0.546
0.232
0.228
0.249
0.239
0.227
0.226
0.231
0.233
0.267
0.228
0.23
0.235
0.234
0.234
0.233
0.227
0.225
0.228
0.23
0.232
0.259
0.226
0.227
0.23
0.241
0.231
0.232
0.235
0.232
0.24
0.307
0.277
0.242
0.232
0.235
0.234
0.23
0.251
0.233
0.314
0.254
0.291
0.233
0.242
0.239
0.254
0.241
0.227
0.232
0.231
0.232
0.24
0.253
0.232
0.233
0.315
0.229
0.226
0.237
0.228
0.228
0.228
0.235
0.228
0.296
0.235
0.234
0.228
0.302
0.23
0.233
0.227
0.297
0.231
0.228
0.446
0.24
0.237
0.249
0.232
0.228
0.247
0.227
0.234
0.228
0.229
0.226
0.299
0.231
0.23
0.307
0.331
0.229
0.245
0.226
0.226
0.229
0.229
0.229
0.296
0.297
0.233
0.229
0.231
0.227
0.225
0.228
0.251
0.233
0.228
0.227
0.225
0.637
0.406
0.232
0.252
0.226
0.225
0.228
0.225
0.228
0.225
0.449
0.227
0.229
0.226
0.226
0.236
0.228
0.225
0.226
0.227
0.306
0.234
0.228
0.227
0.23
0.228
0.228
0.226
0.228
0.228
0.228
0.227
0.229
0.237
0.227
0.254
0.232
0.23
0.229
0.23
0.227
0.329
0.229
0.225
0.226
0.24
0.482
0.291
0.28
0.421
0.323
0.315
0.305
0.234
0.297
0.229
0.306
0.233
0.25
0.232
0.233
0.23
0.232
0.27
0.238
0.239
0.31
0.242
0.232
0.288
0.225
0.229
0.221
0.284
0.229
0.227
0.222
0.226
0.224
0.227
0.29
0.332
0.295
0.23
0.226
0.225
0.296
0.228
0.229
0.228
0.292
0.293
0.229
0.294
0.229
0.228
0.227
0.254
0.229
0.231
0.322
1.531
0.314
0.235
0.244
0.235
0.296
0.242
0.231
0.298
0.235
0.231
0.299
0.234
0.228
0.303
0.232
0.294
0.292
0.229
0.394
0.285
0.233
0.232
0.245
0.293
0.236
0.23
0.58
0.294
0.229
0.236
0.3
0.304
0.287
0.238
0.231
0.289
0.234
0.231
0.228
0.254
0.293
0.294
0.868
0.289
0.279
0.282
0.294
0.23
0.286
0.284
0.281
0.228
0.364
0.225
0.277
0.284
0.287
0.227
0.279
0.286
0.287
0.275
0.313
0.281
0.277
0.228
0.281
0.282
0.228
0.226
0.228
0.284
0.281
0.228
0.278
0.306
0.281
0.285
0.281
0.283
0.227
0.284
0.295
0.234
0.229
0.6
0.312
0.301
0.294
0.297
0.293
0.289
0.289
0.276
0.285
0.295
0.356
0.24
0.291
0.299
0.295
0.328
0.286
0.288
0.273
0.283
0.3
0.284
0.289
0.231
0.286
0.293
0.283
0.231
0.287
0.234
0.299
0.23
0.289
0.3
0.285
0.291
0.23
0.227
0.295
0.703
0.395
0.315
0.294
0.307
0.291
0.304
0.29
0.229
0.31
0.287
0.29
0.311
0.285
0.287
0.229
0.292
0.248
0.229
0.301
0.231
0.319
0.231
0.284
0.284
0.284
0.231
0.288
0.305
0.302
0.315
0.279
0.286
0.286
0.284
0.304
0.32
0.309
0.299
0.24
0.289
0.285
0.229
0.305
0.603
0.648
0.331
0.232
0.288
0.325
0.295
0.284
0.304
0.288
0.284
0.286
0.289
0.284
0.284
0.234
0.292
0.285
0.228
0.286
0.229
0.228
0.284
0.285
0.287
0.296
0.299
0.292
0.294
0.231
0.289
0.288
0.29
0.288
0.284
0.289
0.296
0.294
0.289
0.347
0.294
0.777
0.901
0.289
0.286
0.225
0.291
0.287
0.227
0.291
0.286
0.225
0.289
0.285
0.285
0.287
0.227
0.225
0.224
0.57
0.318
0.294
0.315
0.297
0.231
0.345
0.288
0.23
0.294
0.291
0.288
0.294
0.286
0.288
0.319
0.286
0.288
0.29
0.289
0.285
0.284
0.286
0.574
0.287
0.54
0.363
0.946
0.269
0.298
0.289
0.289
0.292
0.293
0.287
0.287
0.284
0.228
0.336
0.288
0.292
0.287
0.302
0.291
0.291
0.292
0.23
0.228
0.292
0.292
0.29
0.289
0.24
0.231
0.296
0.294
0.297
0.291
0.291
0.23
0.292
0.295
0.29
0.293
0.291
0.293
0.228
0.231
0.313
0.287
0.305
0.29
0.518
0.363
0.739
0.293
0.301
0.319
0.292
0.293
0.288
0.289
0.29
0.245
0.298
0.291
0.233
0.618
0.292
0.226
0.289
0.287
0.229
0.292
0.292
0.229
0.227
0.58
0.294
0.226
0.293
0.252
0.292
0.319
0.237
0.287
0.228
0.294
0.297
0.23
0.29
0.293
0.292
0.227
0.287
0.291
0.312
0.231
0.347
0.386
0.46
0.371
0.661
0.301
0.293
0.296
0.231
0.23
0.262
0.297
0.291
0.301
0.297
0.303
0.293
0.229
0.299
0.293
0.23
0.301
0.294
0.295
0.298
0.292
0.236
0.292
0.292
0.302
0.291
0.23
0.299
0.227
0.232
0.301
0.29
0.33
0.292
0.29
0.341
0.293
0.291
0.287
0.293
0.286
0.227
0.33
0.316
0.293
0.434
0.376
0.857
0.299
0.307
0.228
0.585
0.29
0.291
0.228
0.291
0.257
0.227
0.291
0.224
0.29
0.291
0.225
0.287
0.288
0.293
0.23
0.292
0.318
0.289
0.291
0.288
0.286
0.286
0.284
0.324
0.28
0.284
0.229
0.227
0.29
0.338
0.231
0.226
0.225
0.225
0.307
0.231
0.252
0.227
0.342
0.373
1.134
0.298
0.23
0.288
0.286
0.289
0.29
0.292
0.228
0.289
0.226
0.227
0.291
0.301
0.291
0.288
0.29
0.293
0.285
0.225
0.226
0.292
0.288
0.229
0.289
0.227
0.227
0.326
0.23
0.292
0.286
0.286
0.289
0.294
0.285
0.286
0.286
0.228
0.238
0.311
0.288
0.421
0.287
0.68
0.243
0.301
0.295
0.309
0.294
0.235
0.303
0.228
0.324
0.237
0.229
0.229
0.296
0.234
0.301
0.301
0.255
0.228
0.367
0.295
0.352
0.309
0.292
0.231
0.231
0.298
0.229
0.293
0.322
0.295
0.306
0.237
0.298
0.299
0.241
0.23
0.232
0.295
0.293
0.257
0.301
0.319
0.299
0.232
0.229
0.302
0.449
0.868
0.296
0.294
0.234
0.295
0.3
0.23
0.229
0.502
0.288
0.3
0.294
0.347
0.233
0.296
0.23
0.232
0.229
0.235
0.232
0.295
0.303
0.234
0.228
0.3
0.232
0.232
0.299
0.291
0.251
0.3
0.299
0.297
0.297
0.23
0.3
0.289
0.295
0.296
0.233
0.352
0.302
0.295
0.296
0.23
0.302
0.553
0.508
0.308
0.581
0.297
0.289
0.289
0.298
0.228
0.291
0.297
0.232
0.231
0.297
0.288
0.311
0.288
0.232
0.293
0.228
0.293
0.293
0.23
0.291
0.229
0.29
0.288
0.297
0.288
0.29
0.231
0.233
0.23
0.289
0.289
0.291
0.23
0.227
0.298
0.29
0.286
0.292
0.291
0.252
0.291
0.293
0.527
0.33
0.441
0.288
0.294
0.227
0.327
0.228
0.292
0.292
0.227
0.289
0.227
0.576
0.291
0.29
0.29
0.255
0.294
0.587
0.296
0.227
0.23
0.293
0.287
0.226
0.227
0.285
0.289
0.281
0.291
0.226
0.29
0.293
0.287
0.289
0.329
0.228
0.291
0.291
0.23
0.249
0.469
0.472
0.645
0.319
0.229
0.297
0.286
0.296
0.232
0.296
0.299
0.233
0.295
0.294
0.294
0.291
0.294
0.226
0.29
0.23
0.294
0.291
0.32
0.292
0.291
0.296
0.231
0.23
0.296
0.233
0.239
0.587
0.229
0.225
0.295
0.292
0.588
0.297
0.296
0.233
0.385
0.465
0.495
0.29
0.293
0.23
0.6
0.291
0.293
0.292
0.227
0.294
0.289
0.226
0.226
0.281
0.225
0.228
0.321
0.289
0.293
0.29
0.228
0.292
0.316
0.232
0.296
0.31
0.297
0.289
0.228
0.286
0.292
0.289
0.233
0.287
0.23
0.228
0.289
0.228
0.316
0.244
0.618
0.295
0.289
0.948
0.434
0.3
0.328
0.232
0.39
0.232
0.356
0.295
0.294
0.231
0.288
0.291
0.295
0.227
0.69
0.259
0.292
0.261
0.293
0.295
0.295
0.292
0.29
0.289
0.299
0.294
0.315
0.297
0.321
0.308
0.302
0.3
0.328
0.229
0.299
0.23
0.229
0.33
0.245
0.314
0.306
0.294
0.301
0.235
0.311
0.602
0.232
0.228
0.292
0.31
0.292
0.348
0.298
0.295
0.229
0.297
0.299
0.3
0.295
0.296
0.294
0.23
0.289
0.321
0.318
0.229
0.227
0.294
0.23
0.293
0.295
0.315
0.291
0.298
0.228
0.294
0.228
0.296
0.291
0.29
0.289
0.288
0.313
0.294
0.312
0.287
0.235
0.23
0.298
1.564
0.291
0.29
0.228
0.289
0.288
0.286
0.294
0.315
0.584
0.292
0.291
0.227
0.291
0.289
0.285
0.288
0.226
0.226
0.226
0.302
0.226
0.287
0.291
0.289
0.229
0.291
0.291
0.325
0.288
0.294
0.293
0.292
0.286
0.295
0.337
0.302
0.295
0.772
0.584
0.295
0.328
0.296
0.293
0.295
0.287
0.292
0.294
0.229
0.293
0.229
0.228
0.225
0.225
0.225
0.225
0.289
0.293
0.229
0.227
0.292
0.226
0.299
0.23
0.295
0.292
0.3
0.229
0.295
0.227
0.293
0.286
0.23
0.229
0.229
0.295
0.292
0.229
0.623
0.252
0.229
0.293
0.289
0.296
0.231
0.291
0.296
0.232
0.293
0.326
0.295
0.229
0.226
0.58
0.29
0.288
0.287
0.29
0.298
0.292
0.23
0.228
0.292
0.226
0.293
0.292
0.292
0.335
0.29
0.288
0.288
0.285
0.298
0.285
0.286
0.285
0.226
0.43
0.287
0.372
0.566
0.34
0.231
0.226
0.229
0.228
0.242
0.294
0.29
0.229
0.292
0.227
0.295
0.23
0.227
0.302
0.294
0.289
0.581
0.609
0.228
0.232
0.228
0.232
0.297
0.288
0.296
0.229
0.29
0.229
0.291
0.232
0.294
0.31
0.292
0.291
0.296
0.225
0.292
0.288
0.291
0.624
0.289
0.856
0.3
0.298
0.29
0.235
0.24
0.296
0.293
0.291
0.297
0.292
0.306
0.295
0.228
0.303
0.23
0.299
0.29
0.233
0.293
0.296
0.292
0.229
0.229
0.297
0.229
0.294
0.341
0.295
0.325
0.304
0.292
0.292
0.289
0.295
0.296
0.289
0.283
0.374
0.731
0.243
0.295
0.288
0.292
0.23
0.298
0.295
0.235
0.294
0.641
0.287
0.291
0.234
0.289
0.226
0.23
0.227
0.294
0.228
0.323
0.583
0.23
0.292
0.603
0.306
0.23
0.23
0.229
0.296
0.305
0.289
0.236
0.252
0.293
0.299
0.294
0.227
0.3
0.296
0.251
0.327
0.292
0.318
0.231
0.303
0.24
0.237
0.249
0.226
0.357
0.233
0.326
0.291
0.23
0.237
0.29
0.324
0.302
0.308
0.233
0.306
0.314
0.294
0.308
0.241
0.296
0.295
0.316
0.292
0.296
0.609
0.292
0.229
0.227
0.309
0.233
0.26
0.251
0.296
0.246
0.315
0.245
0.761
0.501
0.322
0.333
0.305
0.297
0.297
0.293
0.229
0.297
0.232
0.308
0.298
0.303
0.305
0.294
0.294
0.23
0.335
0.298
0.239
0.299
0.252
0.291
0.297
0.243
0.294
0.236
0.298
0.233
0.233
0.297
0.303
0.235
0.258
0.333
0.3
0.233
0.303
0.294
0.784
0.23
0.226
0.225
0.293
0.289
0.293
0.227
0.288
0.293
0.294
0.231
0.226
0.229
0.291
0.287
0.227
0.224
0.306
0.232
0.301
0.275
0.229
0.227
0.29
0.29
0.229
0.255
0.227
0.291
0.313
0.232
0.231
0.307
0.229
0.228
0.288
0.287
0.226
0.294
0.286
0.242
0.319
0.298
0.326
0.49
0.764
0.313
0.297
0.293
0.228
0.291
0.227
0.292
0.582
0.298
0.234
0.27
0.295
0.285
0.23
0.293
0.227
0.34
0.302
0.23
0.228
0.294
0.291
0.293
0.292
0.636
0.294
0.33
0.291
0.289
0.289
0.23
0.229
0.234
0.301
0.299
0.294
0.293
0.298
0.301
0.311
0.222
0.701
0.306
0.223
0.285
0.221
0.219
0.292
0.286
0.224
0.223
0.291
0.293
0.647
0.228
0.292
0.287
0.287
0.224
0.227
0.311
0.235
0.311
0.226
0.287
0.298
0.281
0.278
0.294
0.234
0.243
0.291
0.287
0.243
0.229
0.294
0.234
0.23
0.229
0.302
0.45
0.376
0.291
0.701
0.304
0.245
0.311
0.362
0.244
0.228
0.291
0.291
0.296
0.312
0.333
0.305
0.307
0.269
0.307
0.295
0.321
0.299
0.235
0.351
0.313
0.326
0.243
0.317
0.294
0.34
0.319
0.234
0.259
0.296
0.326
0.245
0.234
0.228
0.311
0.264
0.311
0.252
0.295
0.234
0.53
0.285
0.615
0.28
0.294
0.282
0.306
0.286
0.298
0.227
0.308
0.283
0.223
0.284
0.242
0.281
0.278
0.221
0.242
0.284
0.304
0.26
0.221
0.307
0.283
0.224
0.22
0.285
0.388
0.282
0.336
0.286
0.223
0.225
0.284
0.224
0.306
0.224
0.285
0.313
0.738
0.223
0.604
0.3
0.28
0.712
0.778
0.288
0.295
0.287
0.284
0.28
0.284
0.285
0.287
0.227
0.286
0.281
0.285
0.29
0.221
0.284
0.226
0.286
0.282
0.284
0.286
0.223
0.283
0.285
0.286
0.284
0.225
0.436
0.288
0.222
0.288
0.287
0.287
0.28
0.251
0.226
0.223
0.309
0.591
0.366
0.701
0.23
0.279
0.28
0.282
0.221
0.221
0.284
0.222
0.281
0.283
0.284
0.219
0.22
0.328
0.221
0.282
0.283
0.286
0.281
0.287
0.286
0.318
0.247
0.284
0.284
0.296
0.292
0.292
0.287
0.288
0.286
0.287
0.23
0.225
0.228
0.288
0.29
0.288
0.292
0.291
0.287
0.292
0.316
0.244
0.302
0.233
0.232
0.307
0.427
0.284
0.287
0.301
0.299
0.287
0.289
0.227
0.293
0.288
0.248
0.306
0.323
0.314
0.302
0.232
0.294
0.258
0.295
0.296
0.3
0.232
0.3
0.295
0.297
0.231
0.3
0.303
0.298
0.311
0.236
0.604
0.231
0.318
0.24
0.309
0.238
0.304
0.253
0.302
0.317
0.233
0.302
0.234
0.242
0.239
0.391
0.457
0.403
0.557
0.266
0.403
0.403
0.439
0.514
0.284
0.276
0.288
0.224
0.222
0.221
0.23
0.226
0.294
0.224
0.287
0.223
0.288
0.304
0.224
0.287
0.286
0.287
0.222
0.289
0.225
0.29
0.223
0.228
0.286
0.285
0.225
0.226
0.225
0.292
0.284
0.287
0.286
0.285
0.319
0.29
0.284
0.663
0.852
0.232
0.29
0.287
0.227
0.289
0.286
0.223
0.221
0.222
0.222
0.222
0.224
0.287
0.222
0.285
0.288
0.283
0.286
0.287
0.288
0.31
0.224
0.284
0.222
0.278
0.276
0.286
0.223
0.409
0.29
0.295
0.285
0.225
0.29
0.227
0.223
0.288
0.221
0.222
0.285
0.288
0.285
0.286
0.29
0.834
0.223
0.29
0.223
0.285
0.284
0.228
0.223
0.289
0.29
0.222
0.222
0.223
0.299
0.345
0.289
0.29
0.224
0.289
0.225
0.223
0.283
0.225
0.285
0.287
0.309
0.298
0.303
0.608
0.286
0.224
0.283
0.31
0.301
0.234
0.247
0.234
0.229
0.287
1.073
0.228
0.229
0.296
0.223
0.281
0.223
0.29
0.227
0.227
0.284
0.289
0.227
0.283
0.583
0.283
0.223
0.305
0.257
0.228
0.304
0.285
0.29
0.282
0.222
0.225
0.286
0.223
0.223
0.228
0.324
0.284
0.223
0.222
0.291
0.304
0.257
0.469
0.346
0.365
0.344
0.224
0.566
0.533
0.356
0.289
0.288
0.425
0.559
0.411
0.407
0.289
0.396
0.37
0.281
0.282
0.28
0.222
0.284
0.282
0.301
0.223
0.282
0.263
0.244
0.226
0.223
0.293
0.271
0.299
0.295
0.291
0.229
0.228
0.229
0.297
0.321
0.434
0.599
0.3
0.292
0.29
0.299
0.29
0.297
0.293
0.341
0.386
0.457
0.297
0.297
0.292
0.232
0.228
0.227
0.232
0.27
0.293
0.255
0.295
0.293
0.29
0.231
0.296
0.29
0.293
0.296
0.355
0.315
0.237
0.234
0.236
0.236
0.235
0.235
0.308
0.306
0.242
0.255
0.237
0.299
0.306
0.298
0.653
0.783
0.271
0.272
0.377
0.305
0.369
0.445
0.464
0.494
0.327
0.426
0.341
0.405
0.292
0.293
0.339
0.295
0.294
0.29
0.258
0.229
0.291
0.297
0.34
0.292
0.306
0.346
0.329
0.249
0.354
0.252
0.323
0.278
0.236
0.325
0.302
0.316
0.304
0.303
0.311
0.232
0.228
1.54
0.594
0.541
0.464
0.468
0.723
0.605
0.618
0.349
0.231
0.295
0.33
0.227
0.295
0.293
0.291
0.244
0.294
0.296
0.3
0.293
0.228
0.297
0.324
0.292
0.308
0.232
0.287
0.289
0.25
0.289
0.227
0.293
0.291
0.292
0.23
0.292
0.295
0.288
0.617
0.422
0.371
0.435
0.299
0.294
0.23
0.294
0.292
0.301
0.294
0.308
0.227
0.227
0.229
0.228
0.29
0.29
0.29
0.293
0.292
0.264
0.229
0.228
0.29
0.376
0.316
0.292
0.233
0.23
0.297
0.29
0.228
0.291
0.294
0.294
0.229
0.265
0.293
0.229
0.484
0.435
0.457
0.228
0.293
1.53
0.57
0.305
0.234
0.319
0.293
0.692
0.285
0.3
0.275
0.295
0.299
0.231
0.297
0.296
0.23
0.297
0.233
0.229
0.236
0.297
0.292
0.388
0.228
0.291
0.228
0.289
0.312
0.298
0.235
0.298
0.298
0.236
0.619
0.302
0.298
0.234
0.304
0.3
0.598
0.234
0.43
0.289
0.289
0.506
0.312
0.299
0.298
0.243
0.327
0.312
0.235
0.304
0.298
0.298
0.233
0.301
0.298
0.324
0.621
0.304
0.239
0.299
0.304
0.255
0.239
0.236
0.235
0.233
0.304
0.246
0.236
0.3
0.308
0.239
0.234
0.307
0.232
0.246
0.271
0.238
0.264
0.315
0.233
0.238
0.234
0.256
0.311
0.256
0.338
0.466
0.236
0.233
0.233
0.233
0.233
0.344
0.236
0.232
0.234
0.235
0.232
0.233
0.232
0.356
0.236
0.236
0.234
0.235
0.234
0.264
0.232
0.306
0.233
0.308
0.297
0.234
0.243
0.238
0.234
0.235
0.395
0.233
0.234
0.234
0.23
0.231
0.231
0.232
0.23
0.243
0.589
0.232
0.298
0.288
0.298
0.298
0.289
0.232
0.232
0.232
0.302
0.293
0.3
0.23
0.327
0.233
0.298
0.231
0.24
0.298
0.302
0.313
0.296
0.249
0.234
0.233
0.234
0.24
0.233
0.257
0.301
0.234
0.23
0.238
0.231
0.245
0.232
0.302
0.239
0.231
0.231
0.302
0.263
0.231
0.233
0.236
0.241
0.233
0.233
0.237
0.234
0.235
0.238
0.231
0.232
0.236
0.232
0.237
0.263
0.258
0.232
0.271
0.297
0.232
0.435
0.381
0.378
0.647
0.232
0.226
0.248
0.23
0.226
0.247
0.231
0.228
0.247
0.226
0.297
0.302
0.256
0.228
0.249
0.23
0.226
0.317
0.252
0.293
0.278
0.312
0.293
0.227
0.311
0.288
0.226
0.308
0.289
0.266
0.228
0.227
0.229
0.248
0.578
0.248
0.245
0.229
0.228
0.252
0.225
0.226
0.248
0.23
0.248
0.231
0.227
0.308
0.301
0.668
0.248
0.231
0.229
0.228
0.235
0.23
0.335
0.227
0.313
0.288
0.225
0.242
0.286
0.284
0.304
0.288
0.232
0.567
0.233
0.228
0.291
0.327
0.289
0.228
0.223
0.226
0.287
0.412
0.294
0.315
0.288
0.287
0.301
0.287
0.289
0.232
0.228
0.248
0.318
0.282
0.227
0.248
0.227
0.227
0.225
0.229
0.231
0.228
0.296
0.229
0.292
0.227
0.226
0.225
0.228
0.229
0.231
0.23
0.256
0.229
0.569
0.287
0.293
0.32
0.293
0.232
0.232
0.232
0.297
0.298
0.232
0.233
0.232
0.235
0.231
0.231
0.227
0.229
0.229
0.23
0.234
0.23
0.229
0.228
0.298
0.286
0.297
0.297
0.292
0.229
0.446
0.489
0.687
0.29
0.291
0.301
0.296
0.291
0.291
0.229
0.226
0.227
0.228
0.224
0.223
0.284
0.229
0.223
0.224
0.338
0.236
0.299
0.289
0.292
0.227
0.291
0.227
0.29
0.287
0.254
0.285
0.228
0.229
0.226
0.227
0.227
0.296
0.226
0.227
0.226
0.225
0.263
0.264
0.228
0.227
0.232
0.229
0.225
0.227
0.23
0.311
0.229
0.236
0.29
0.317
0.227
0.295
0.291
0.291
0.227
0.29
0.29
0.226
0.286
0.228
0.245
0.233
0.224
0.227
0.226
0.227
0.229
0.226
0.229
0.226
0.227
0.227
0.298
0.313
0.294
0.307
0.308
0.23
0.232
0.233
0.254
0.228
0.228
0.227
0.229
0.258
0.299
0.318
0.294
0.602
0.349
0.372
0.504
0.289
0.298
0.298
0.344
0.298
0.234
0.297
0.297
0.296
0.294
0.233
0.295
0.627
0.311
0.235
0.298
0.3
0.297
0.269
0.315
0.33
0.24
0.238
0.248
0.238
0.306
0.308
0.311
0.307
0.314
0.307
0.292
0.234
0.235
0.302
0.297
0.24
0.323
0.333
0.302
0.321
0.292
0.296
0.23
0.295
0.295
0.31
0.296
0.235
0.635
0.58
0.234
0.231
0.296
0.318
0.231
0.234
0.229
0.23
0.228
0.23
0.233
0.298
0.231
0.233
0.295
0.29
0.231
0.229
0.23
0.229
0.29
0.316
0.233
0.23
0.304
0.297
0.297
0.287
0.23
0.316
0.587
0.603
0.302
0.288
0.228
0.316
0.231
0.226
0.246
0.229
0.225
0.288
0.298
0.245
0.229
0.225
0.233
0.228
0.226
0.246
0.225
0.29
0.369
0.229
0.288
0.231
0.25
0.26
0.229
0.225
0.246
0.29
0.223
0.248
0.252
0.228
0.23
0.597
0.227
0.226
0.316
0.225
0.38
0.317
0.842
0.548
0.293
0.286
0.281
0.286
0.29
0.291
0.252
0.23
0.228
0.234
0.229
0.224
0.289
0.351
0.23
0.229
0.227
0.228
0.228
0.295
0.318
0.298
0.291
0.229
0.29
0.226
0.227
0.288
0.228
0.239
0.291
0.229
0.225
0.261
0.23
0.298
0.228
0.282
0.228
0.227
0.227
0.228
0.572
0.296
0.293
0.232
0.23
0.23
0.31
0.29
0.294
0.233
0.228
0.229
0.413
0.361
0.299
0.702
0.231
0.23
0.232
0.231
0.301
0.316
0.297
0.23
0.229
0.328
0.296
0.229
0.234
0.232
0.228
0.236
0.23
0.298
0.341
0.232
0.299
0.3
0.229
0.593
0.228
0.226
0.317
0.233
0.298
0.292
0.262
0.295
0.293
0.295
0.291
0.228
0.292
0.228
0.298
0.292
0.232
0.353
0.228
0.309
0.238
0.308
0.23
0.62
0.569
0.292
0.23
0.34
0.231
0.29
0.289
0.282
0.28
0.291
0.226
0.225
0.296
0.293
0.288
0.285
0.296
0.289
0.289
0.286
0.331
0.298
0.29
0.29
0.287
0.227
0.298
0.221
0.22
0.28
0.28
0.221
0.281
0.219
0.33
0.288
0.291
0.221
0.275
0.221
0.268
0.222
0.283
0.222
0.22
0.273
0.249
0.277
0.277
0.917
0.285
0.293
0.227
0.225
0.241
0.281
0.278
0.276
0.281
0.284
0.28
0.278
0.303
0.224
0.284
0.279
0.222
0.28
0.308
0.424
0.274
0.28
0.271
0.278
0.224
0.275
0.224
0.224
0.311
0.277
0.287
0.565
0.282
0.221
0.239
0.225
0.288
0.277
0.308
0.283
0.283
0.699
0.281
0.295
0.282
0.301
0.284
0.273
0.274
0.28
0.27
0.284
0.283
0.418
0.275
0.282
0.281
0.286
0.283
0.281
0.307
0.28
0.281
0.279
0.219
0.293
0.279
0.284
0.285
0.287
0.224
0.283
0.284
0.284
0.219
0.293
0.28
0.271
0.28
0.223
0.274
0.269
0.221
0.248
0.281
0.277
0.272
0.289
0.281
0.286
0.221
0.286
0.305
0.283
0.224
0.318
0.299
0.296
0.281
0.282
0.302
0.282
0.28
0.302
0.224
0.283
0.304
0.281
0.221
0.282
0.282
0.303
0.289
0.223
0.279
0.253
0.295
0.279
0.279
0.24
0.286
0.22
0.279
0.286
0.283
0.223
0.303
0.279
0.283
0.284
0.223
0.22
0.291
0.281
0.371
0.288
0.222
0.676
0.438
0.818
0.282
0.303
0.279
0.221
0.309
0.286
0.284
0.284
0.222
0.242
0.283
0.281
0.318
0.223
0.283
0.301
0.287
0.225
0.305
0.28
0.219
0.304
0.281
0.282
0.304
0.29
0.286
0.28
0.307
0.382
0.291
0.223
0.245
0.286
0.223
0.255
0.285
0.28
0.298
0.286
0.285
0.276
0.221
0.251
0.299
0.22
0.303
0.283
0.281
0.241
1.202
0.31
0.291
0.323
0.283
0.289
0.281
0.227
0.286
0.282
0.302
0.223
0.286
0.282
0.284
0.291
0.225
0.281
0.279
0.314
0.225
0.3
0.288
0.278
0.283
0.281
0.299
0.288
0.277
0.288
0.286
0.247
0.224
0.223
0.317
0.288
0.286
0.285
0.289
0.287
0.285
0.285
0.291
0.315
0.284
0.285
0.72
0.615
0.23
0.32
0.222
0.286
0.224
0.221
0.221
0.22
0.219
0.281
0.286
0.561
0.291
0.285
0.224
0.287
0.287
0.284
0.222
0.305
0.223
0.222
0.222
0.589
0.284
0.222
0.287
0.289
0.294
0.283
0.22
0.224
0.223
0.221
0.289
0.226
0.222
0.275
0.285
0.331
0.289
0.223
0.434
0.308
0.279
0.287
0.225
0.287
0.56
0.363
0.652
0.264
0.286
0.601
0.224
0.289
0.225
0.222
0.284
0.221
0.223
0.221
0.57
0.281
0.284
0.283
0.28
0.282
0.284
0.285
0.305
0.222
0.283
0.285
0.224
0.284
0.282
0.283
0.222
0.226
0.285
0.284
0.224
0.283
0.287
0.283
0.28
0.285
0.233
0.288
0.281
0.274
0.282
0.456
0.227
0.287
0.222
0.286
0.279
0.279
0.284
0.559
0.316
0.241
0.294
0.287
0.285
0.296
0.293
0.285
0.24
0.285
0.282
0.282
0.284
0.222
0.224
0.285
0.303
0.284
0.285
0.287
0.272
0.223
0.283
0.281
0.274
0.282
0.274
0.249
0.275
0.225
0.281
0.315
0.229
0.224
0.283
0.283
0.285
0.287
0.282
0.292
0.288
0.226
0.304
0.282
0.304
0.303
0.224
0.301
0.412
0.365
0.282
0.722
0.293
0.312
0.297
0.298
0.309
0.294
0.302
0.286
0.281
0.305
0.285
0.223
0.308
0.278
0.32
0.287
0.279
0.242
0.286
0.282
0.316
0.284
0.283
0.247
0.286
0.288
0.284
0.311
0.285
0.24
0.285
0.221
0.287
0.291
0.223
0.225
0.284
0.221
0.287
0.223
0.294
0.285
0.278
0.305
0.287
0.287
0.289
0.41
0.493
0.637
0.291
0.302
0.285
0.595
0.287
0.28
0.3
0.281
0.38
0.228
0.221
0.394
0.221
0.309
0.286
0.307
0.331
0.222
0.304
0.221
0.283
0.225
0.224
0.283
0.282
0.303
0.293
0.282
0.297
0.226
0.284
0.282
0.227
0.284
0.281
0.435
0.362
0.311
0.294
0.295
0.297
0.62
0.303
0.936
0.737
0.786
0.861
0.442
0.289
0.302
0.297
0.287
0.309
0.226
0.311
0.291
0.291
0.292
0.227
0.307
0.286
0.287
0.276
0.294
0.226
0.25
0.225
0.248
0.226
0.29
0.254
0.303
0.297
0.307
0.287
0.294
0.256
0.227
0.23
0.31
0.292
0.291
0.226
0.225
0.246
0.293
0.282
0.285
0.313
0.289
0.281
0.31
0.305
0.234
0.29
0.379
0.304
0.591
0.282
0.228
0.228
0.295
0.227
0.32
0.233
0.294
0.291
0.226
0.309
0.283
0.227
0.229
0.226
0.23
0.287
0.32
0.292
0.228
0.309
0.299
0.231
0.293
0.238
0.294
0.229
0.281
0.23
0.319
0.228
0.291
0.289
0.287
0.286
0.293
0.227
0.23
0.295
0.31
0.293
0.225
0.567
0.86
0.332
0.348
0.296
0.316
0.23
0.23
0.298
0.303
0.229
0.231
0.228
0.23
0.241
0.23
0.228
0.292
0.293
0.287
0.289
0.288
0.288
0.3
0.288
0.299
0.346
0.294
0.292
0.306
0.239
0.587
0.294
0.3
0.289
0.227
0.301
0.289
0.33
0.293
0.228
0.238
0.291
0.228
0.3
0.314
0.319
0.332
0.238
0.3
0.231
0.295
0.359
0.292
0.228
0.293
0.296
0.233
0.296
0.294
0.295
0.294
0.23
0.307
0.234
0.315
0.293
0.291
0.258
0.302
0.301
0.301
0.301
0.307
0.242
0.301
0.301
0.311
0.297
0.298
0.234
0.3
0.299
0.304
0.3
0.237
0.298
0.299
0.235
0.3
0.619
0.673
0.304
0.348
0.236
0.61
0.231
0.231
0.31
0.229
0.226
0.229
0.294
0.31
0.23
0.227
0.262
0.292
0.226
0.297
0.294
0.291
0.25
0.321
0.315
0.323
0.293
0.296
0.228
0.316
0.23
0.616
0.231
0.292
0.248
0.228
0.294
0.307
0.23
0.232
0.247
0.228
0.245
0.231
0.295
0.3
0.297
0.313
0.232
0.501
0.881
0.296
0.232
0.228
0.227
0.647
0.29
0.293
0.231
0.296
0.292
0.294
0.293
0.29
0.288
0.291
0.224
0.293
0.314
0.317
0.384
0.286
0.227
0.228
0.287
0.288
0.289
0.23
0.294
0.365
0.346
0.296
0.297
0.241
0.297
0.327
0.237
0.232
0.297
0.326
0.273
0.233
0.3
0.301
0.233
0.688
0.382
0.891
0.3
0.292
0.231
0.306
0.296
0.296
0.295
0.296
0.295
0.319
0.291
0.442
0.296
0.229
0.305
0.294
0.332
0.295
0.301
0.292
0.23
0.295
0.239
0.297
0.298
0.297
0.314
0.304
0.286
0.297
0.232
0.3
0.299
0.229
0.294
0.325
0.3
0.231
0.233
0.232
0.311
0.234
0.521
0.621
0.382
0.231
0.3
0.312
0.296
0.294
0.302
0.293
0.229
0.295
0.299
0.23
0.244
0.268
0.285
0.294
0.293
0.296
0.294
0.294
0.292
0.23
0.3
0.228
0.253
0.594
0.229
0.304
0.296
0.293
0.229
0.293
0.23
0.229
0.293
0.292
0.293
0.294
0.288
0.707
0.296
0.23
0.228
0.23
0.229
0.489
1.022
0.288
0.289
0.236
0.228
0.291
0.226
0.285
0.289
0.226
0.226
0.283
0.286
0.226
0.292
0.29
0.286
0.227
0.314
0.285
0.283
0.284
0.288
0.285
0.285
0.226
0.225
0.236
0.227
0.227
0.293
0.287
0.288
0.291
0.291
0.229
0.245
0.247
0.296
0.569
0.301
0.227
0.228
0.299
0.225
0.285
0.297
0.289
0.291
0.305
0.226
0.226
0.228
0.226
0.225
0.224
0.291
0.223
0.23
0.293
0.225
0.297
0.44
0.294
0.227
0.29
0.291
0.293
0.293
0.294
0.291
0.296
0.226
0.228
0.297
0.314
0.297
0.227
0.254
0.228
0.227
0.229
0.293
0.611
0.737
0.301
0.286
0.293
0.249
0.287
0.229
0.227
0.29
0.29
0.292
0.292
0.228
0.315
0.227
0.294
0.329
0.225
0.286
0.288
0.288
0.287
0.286
0.294
0.275
0.29
0.225
0.289
0.226
0.225
0.225
0.285
0.284
0.25
0.295
0.291
0.229
0.227
0.291
0.289
0.29
0.291
0.292
0.288
0.315
0.29
0.288
0.288
0.282
0.29
0.225
0.226
0.488
0.236
0.297
0.333
0.224
0.229
0.279
0.286
0.288
0.288
0.322
0.334
0.291
0.587
0.291
0.228
0.289
0.288
0.226
0.287
0.284
0.286
0.286
0.289
0.29
0.227
0.289
0.316
0.225
0.225
0.228
0.289
0.224
0.29
0.227
0.28
0.227
0.289
0.291
0.227
0.309
0.322
0.227
0.426
0.633
0.228
0.289
0.291
0.228
0.582
0.572
0.29
0.307
0.289
0.288
0.291
0.226
0.295
0.289
0.226
0.229
0.231
0.231
0.297
0.292
0.293
0.29
0.301
0.301
0.235
0.3
0.298
0.237
0.231
0.3
0.237
0.299
0.238
0.306
0.341
0.31
0.322
0.342
0.369
0.241
0.304
0.317
0.721
1.028
0.23
0.294
0.227
0.229
0.225
0.225
0.224
0.291
0.28
0.287
0.229
0.223
0.227
0.289
0.246
0.291
0.29
0.29
0.289
0.296
0.229
0.252
0.291
0.293
0.293
0.289
0.228
0.291
0.295
0.225
0.283
0.291
0.226
0.29
0.289
0.292
0.23
0.29
0.286
0.277
0.294
0.31
0.288
0.226
0.226
0.259
0.227
0.291
0.29
0.891
0.288
0.287
0.286
0.29
0.289
0.289
0.284
0.3
0.289
0.283
0.291
0.294
0.292
0.226
0.292
0.286
0.287
0.297
0.226
0.224
0.225
0.289
0.286
0.225
0.249
0.229
0.292
0.29
0.29
0.29
0.29
0.224
0.29
0.224
0.286
0.288
0.297
0.314
0.226
0.287
0.287
0.315
0.23
0.639
0.298
0.236
0.296
0.292
0.235
0.227
0.291
0.298
0.29
0.294
0.234
0.298
0.296
0.235
0.303
0.353
0.294
0.398
0.401
0.41
0.313
0.407
0.27
0.296
0.233
0.33
0.227
0.294
0.293
0.294
0.299
0.227
0.348
0.25
0.233
0.293
0.309
0.295
0.261
0.296
0.292
0.418
0.374
0.591
0.23
0.296
0.29
0.227
0.296
0.297
0.296
0.23
0.226
0.287
0.288
0.291
0.251
0.292
0.23
0.292
0.227
0.619
0.227
0.23
0.227
0.293
0.292
0.288
0.292
0.289
0.227
0.228
0.229
0.294
0.292
0.292
0.289
0.291
0.245
0.227
0.288
0.288
0.288
0.284
0.31
0.311
0.297
0.232
0.232
0.531
0.906
0.292
0.305
0.298
0.291
0.289
0.287
0.228
0.29
0.29
0.225
0.223
0.291
0.227
0.299
0.325
0.288
0.248
0.284
0.289
0.29
0.33
0.307
0.226
0.29
0.229
0.326
0.257
0.296
0.23
0.227
0.249
0.228
0.298
0.288
0.289
0.291
0.234
0.226
0.247
0.228
0.295
0.291
0.293
0.249
0.294
0.337
0.295
0.291
0.287
0.232
0.229
0.294
0.292
0.229
0.247
0.228
0.228
0.231
0.289
0.238
0.294
0.298
0.229
0.296
0.295
0.229
0.29
0.229
0.229
0.293
0.228
0.234
0.293
0.294
0.227
0.289
0.29
0.285
0.291
0.29
0.29
0.225
0.252
0.229
0.302
0.292
0.292
1.989
0.299
0.482
0.412
0.413
0.234
0.226
0.29
0.293
0.293
0.294
0.227
0.291
0.293
0.291
0.29
0.288
0.297
0.295
0.231
0.233
0.352
0.584
0.265
0.232
0.36
0.227
0.227
0.292
0.227
0.292
0.296
0.288
0.291
0.228
0.296
0.343
0.292
0.286
0.23
0.23
0.288
0.45
0.286
0.315
0.303
0.292
0.292
0.228
0.296
0.292
0.228
0.227
0.229
0.228
0.29
0.227
0.614
0.292
0.229
0.228
0.289
0.297
0.29
0.264
0.292
0.23
0.291
0.228
0.23
0.317
0.289
0.291
0.227
0.227
0.293
0.229
0.293
0.228
0.291
0.227
0.227
0.293
0.231
0.291
0.295
0.292
0.328
0.231
0.302
0.489
0.295
0.974
0.293
0.296
0.59
0.332
0.226
0.293
0.228
0.293
0.227
0.294
0.228
0.227
0.227
0.328
0.324
0.591
0.298
0.229
0.231
0.227
0.253
0.237
0.229
0.227
0.227
0.295
0.313
0.228
0.228
0.289
0.229
0.29
0.288
0.247
0.295
0.232
0.228
0.292
0.291
0.227
0.322
0.295
0.42
0.351
0.233
0.226
0.578
0.292
0.232
0.29
0.225
0.287
0.29
0.226
0.29
0.288
0.31
0.292
0.292
0.228
0.286
0.317
0.302
0.291
0.291
0.281
0.291
0.29
0.298
0.23
0.292
0.227
0.29
0.298
0.293
0.29
0.232
0.228
0.229
0.227
0.291
0.292
0.301
0.295
0.292
0.293
0.233
0.583
0.8
0.269
0.301
0.236
0.298
0.297
0.295
0.239
0.229
0.227
0.314
0.292
0.297
0.589
0.293
0.289
0.231
0.229
0.29
0.296
0.287
0.283
0.294
0.228
0.293
0.235
0.293
0.231
0.255
0.282
0.304
0.303
0.291
0.295
0.239
0.293
0.287
0.292
0.292
0.238
0.292
0.227
0.255
0.292
0.237
0.29
0.299
0.238
0.585
1.31
0.293
0.229
0.227
0.287
0.225
0.264
0.293
0.229
0.228
0.295
0.29
0.289
0.307
0.226
0.225
0.225
0.29
0.294
0.226
0.29
0.292
0.291
0.228
0.291
0.289
0.289
0.418
0.312
0.296
0.234
0.296
0.29
0.319
0.23
0.229
0.225
0.291
0.294
0.289
0.228
0.314
0.293
0.294
0.291
0.389
0.372
0.292
0.294
0.292
0.229
0.293
0.293
0.29
0.231
0.29
0.325
0.291
0.29
0.291
0.29
0.227
0.446
0.254
0.231
0.23
0.295
0.231
0.294
0.228
0.263
0.291
0.295
0.602
0.228
0.327
0.295
0.229
0.227
0.225
0.291
0.299
0.377
0.462
0.317
0.232
0.84
0.382
0.831
0.297
0.297
0.251
0.292
0.293
0.295
0.291
0.291
0.283
0.227
0.292
0.289
0.234
0.228
0.294
0.292
0.291
0.228
0.233
0.605
0.229
0.228
0.229
0.231
0.226
0.294
0.287
0.29
0.294
0.287
0.225
0.29
0.288
0.289
0.228
0.309
0.29
0.287
0.226
0.307
0.227
0.227
0.29
0.288
0.337
0.581
0.299
0.312
0.298
0.296
0.229
0.293
0.293
0.348
0.294
0.231
0.294
0.31
0.592
0.228
0.296
0.235
0.23
0.291
0.294
0.243
0.29
0.342
0.292
0.291
0.302
0.29
0.229
0.299
0.292
0.312
0.228
0.293
0.301
0.248
0.295
0.228
0.288
0.649
0.304
0.3
0.23
0.3
0.225
0.428
0.469
0.313
0.293
0.227
0.294
0.229
0.23
0.226
0.293
0.226
0.289
0.291
0.231
0.226
0.317
0.583
0.291
0.229
0.227
0.318
0.293
0.251
0.226
0.227
0.292
0.29
0.288
0.291
0.29
0.285
0.255
0.228
0.299
0.229
0.227
0.224
0.294
0.226
0.223
0.227
0.232
0.294
0.288
0.225
0.296
0.291
0.475
0.295
0.227
0.257
0.579
0.227
0.226
0.224
0.228
0.224
0.232
0.227
0.293
0.284
0.481
0.228
0.228
0.225
0.228
0.305
0.285
0.23
0.226
0.227
0.227
0.226
0.228
0.222
0.257
0.23
0.228
0.227
0.224
0.223
0.229
0.25
0.228
0.226
0.226
0.23
0.227
0.225
0.227
0.228
0.566
0.231
0.222
0.224
0.225
0.224
0.228
0.225
0.228
0.235
0.227
0.269
0.227
0.319
0.228
0.227
0.227
0.224
0.235
0.407
0.307
0.741
0.235
0.231
0.252
0.226
0.226
0.229
0.227
0.228
0.227
0.227
0.299
0.26
0.231
0.3
0.234
0.227
0.231
0.246
0.228
0.229
0.23
0.228
0.229
0.624
0.299
0.231
0.292
0.228
0.226
0.23
0.23
0.23
0.256
0.227
0.233
0.259
0.225
0.223
0.224
0.246
0.293
0.294
0.228
0.226
0.227
0.229
0.223
0.65
0.544
0.299
0.251
0.222
0.227
0.294
0.226
0.226
0.229
0.228
0.227
0.224
0.228
0.223
0.229
0.224
0.327
0.225
0.291
0.341
0.292
0.228
0.228
0.226
0.233
0.229
0.228
0.226
0.227
0.232
0.249
0.228
0.273
0.229
0.259
0.232
0.316
0.233
0.228
0.226
0.23
0.228
0.29
0.228
0.225
0.228
0.291
0.291
0.245
0.23
0.227
0.593
0.248
0.229
0.287
0.288
0.226
0.227
0.292
0.286
0.227
0.226
0.558
0.308
0.417
0.235
0.232
0.309
0.229
0.235
0.236
0.231
0.292
0.332
0.294
0.236
0.296
0.294
0.23
0.291
0.295
0.231
0.228
0.591
0.232
0.297
0.33
0.29
0.304
0.23
0.291
0.283
0.284
0.239
0.28
0.296
0.228
0.232
0.288
0.225
0.294
0.285
0.227
0.328
0.288
0.227
0.229
0.34
0.295
0.228
0.227
0.232
0.228
0.599
0.362
0.735
0.287
0.287
0.299
0.288
0.228
0.285
0.227
0.228
0.288
0.28
0.282
0.28
0.284
0.289
0.228
0.286
0.23
0.23
0.23
0.231
0.286
0.601
0.228
0.228
0.282
0.285
0.325
0.286
0.286
0.226
0.283
0.281
0.288
0.281
0.285
0.226
0.285
0.298
0.231
0.28
0.288
0.284
0.282
0.288
0.284
0.638
0.82
0.35
0.289
0.29
0.281
0.281
0.279
0.228
0.282
0.272
0.229
0.283
0.278
0.293
0.226
0.289
0.252
0.294
0.291
0.287
0.291
0.289
0.293
0.281
0.227
0.338
0.292
0.23
0.288
0.57
0.29
0.224
0.225
0.29
0.288
0.228
0.23
0.308
0.287
0.309
0.567
0.287
0.227
0.286
0.295
0.29
0.293
0.292
0.238
0.303
0.288
0.227
0.291
0.228
0.315
0.292
0.586
0.228
0.226
0.226
0.291
0.287
0.282
0.281
0.227
0.284
0.279
0.283
0.229
0.227
0.283
0.282
0.354
0.277
0.286
0.282
0.283
0.285
0.285
0.323
0.297
0.229
0.416
0.292
0.304
0.317
0.291
0.289
0.288
0.292
0.288
0.285
0.285
0.695
0.302
0.296
0.305
0.304
0.282
0.287
0.294
0.225
0.223
0.225
0.226
0.288
0.288
0.284
0.289
0.286
0.227
0.29
0.286
0.285
0.29
0.288
0.307
0.23
0.284
0.283
0.281
0.272
0.227
0.293
0.283
0.222
0.285
0.289
0.286
0.285
0.285
0.284
0.224
0.225
0.287
0.289
0.285
0.248
0.307
0.227
0.289
0.225
0.287
0.637
0.382
0.306
0.297
0.291
0.294
0.298
0.293
0.293
0.23
0.291
0.32
0.288
0.29
0.288
0.284
0.364
0.228
0.289
0.228
0.289
0.312
0.295
0.289
0.289
0.291
0.285
0.285
0.289
0.292
0.289
0.289
0.293
0.289
0.228
0.244
0.293
0.291
0.291
0.291
0.295
0.228
0.291
0.317
0.292
0.289
0.293
0.29
0.293
0.289
0.304
0.294
1.279
0.303
0.226
0.573
0.287
0.244
0.226
0.291
0.29
0.228
0.284
0.286
0.282
0.284
0.293
0.224
0.285
0.278
0.224
0.29
0.288
0.293
0.316
0.575
0.29
0.29
0.288
0.303
0.289
0.285
0.228
0.291
0.288
0.284
0.23
0.284
0.281
0.225
0.291
0.31
0.29
0.295
0.35
0.317
0.29
0.291
0.292
0.742
0.752
0.23
0.297
0.292
0.322
0.294
0.23
0.291
0.293
0.291
0.29
0.228
0.295
0.292
0.293
0.294
0.318
0.298
0.3
0.235
0.297
0.298
0.233
0.299
0.303
0.289
0.291
0.293
0.228
0.311
0.308
0.31
0.285
0.228
0.227
0.228
0.614
0.295
0.226
0.293
0.342
0.275
0.306
0.235
0.234
0.306
0.298
0.303
0.301
0.237
0.448
0.389
0.377
0.594
0.332
0.297
0.329
0.292
0.308
0.254
0.298
0.234
0.302
0.302
0.267
0.299
0.298
0.233
0.273
0.3
0.234
0.232
0.327
0.299
0.324
0.234
0.305
0.298
0.297
0.324
0.331
0.235
0.274
0.328
0.306
0.255
0.296
0.302
0.31
0.228
0.307
0.227
0.344
0.227
0.292
0.23
0.332
0.253
0.619
0.265
0.612
0.32
0.32
0.306
0.339
0.31
0.447
0.606
0.234
0.23
0.246
0.296
0.29
0.312
0.23
0.294
0.249
0.294
0.229
0.314
0.313
0.291
0.314
0.292
0.289
0.293
0.289
0.306
0.29
0.23
0.294
0.29
0.306
0.302
0.286
0.305
0.226
0.292
0.312
0.291
0.293
0.262
0.261
0.286
0.291
0.292
0.312
0.31
0.294
0.295
0.299
0.294
0.292
0.288
0.254
0.227
0.231
0.313
0.314
0.313
0.496
0.607
0.297
0.295
0.291
0.24
0.229
0.292
0.307
0.291
0.29
0.294
0.283
0.301
0.294
0.29
0.293
0.29
0.23
0.293
0.289
0.289
0.291
0.233
0.29
0.288
0.329
0.229
0.301
0.291
0.3
0.315
0.23
0.225
0.298
0.224
0.224
0.226
0.294
0.294
0.234
0.227
0.246
0.302
0.303
0.316
0.232
0.289
1.204
0.227
0.29
0.258
0.283
0.22
0.221
0.302
0.23
0.228
0.29
0.29
0.288
0.226
0.23
0.29
0.228
0.226
0.341
0.227
0.293
0.295
0.298
0.293
0.575
0.282
0.247
0.299
0.299
0.297
0.233
0.297
0.234
0.327
0.297
0.239
0.244
0.291
0.228
0.311
0.233
0.317
0.303
0.233
0.229
0.301
0.3
0.227
0.229
0.546
0.676
0.58
0.93
0.224
0.293
0.282
0.303
0.297
0.283
0.222
0.295
0.226
0.315
0.226
0.227
0.238
0.298
0.226
0.227
0.318
0.296
0.3
0.291
0.293
0.335
0.572
0.337
0.293
0.241
0.291
0.288
0.227
0.292
0.298
0.286
0.313
0.296
0.231
0.375
0.227
0.297
0.292
0.248
0.294
0.287
0.288
0.228
0.291
0.294
0.287
0.292
0.296
0.37
0.93
0.245
0.288
0.222
0.223
0.284
0.296
0.23
0.292
0.284
0.299
0.288
0.29
0.227
0.225
0.289
0.287
0.306
0.227
0.284
0.299
0.588
0.235
0.295
0.3
0.233
0.298
0.245
0.286
0.227
0.31
0.229
0.295
0.228
0.291
0.299
0.251
0.288
0.284
0.284
0.307
0.255
0.299
0.298
0.298
0.296
0.299
0.304
0.303
0.835
0.297
0.23
0.303
0.222
0.298
0.595
0.297
0.295
0.232
0.302
0.293
0.299
0.297
0.22
0.284
0.285
0.221
0.285
0.221
0.305
0.283
0.284
0.283
0.371
0.243
0.222
0.287
0.284
0.222
0.258
0.286
0.287
0.326
0.242
0.327
0.221
0.284
0.257
0.29
0.284
0.284
0.281
0.565
0.375
0.366
0.286
0.222
0.28
0.245
0.285
0.219
0.281
0.284
0.304
0.28
0.293
0.289
0.327
0.285
0.282
0.284
0.222
0.282
0.222
0.281
0.261
0.287
0.225
0.273
0.323
0.224
0.222
0.278
0.226
0.222
0.285
0.22
0.222
0.22
0.284
0.287
0.224
0.288
0.226
0.222
0.308
0.324
0.228
0.266
0.228
0.289
0.297
0.538
0.316
0.233
0.581
0.225
0.289
0.291
0.253
0.312
0.288
0.305
0.292
0.311
0.287
0.286
0.228
0.227
0.322
0.225
0.301
0.286
0.286
0.314
0.286
0.226
0.297
0.314
0.367
0.288
0.307
0.291
0.292
0.227
0.225
0.317
0.285
0.244
0.289
0.226
0.29
0.226
0.359
0.271
0.23
0.243
0.606
0.642
0.229
0.227
0.314
0.355
0.315
0.295
0.332
0.242
0.318
0.229
0.227
0.599
0.331
0.292
0.286
0.29
0.242
0.29
0.313
0.252
0.226
0.225
0.297
0.225
0.248
0.289
0.289
0.299
0.29
0.246
0.294
0.309
0.309
0.225
0.247
0.291
0.227
0.313
0.579
0.249
0.578
0.293
0.251
0.295
0.829
0.54
0.23
0.376
0.299
0.292
0.292
0.288
0.287
0.231
0.295
0.229
0.289
0.225
0.332
0.281
0.582
0.226
0.289
0.253
0.226
0.226
0.226
0.292
0.296
0.225
0.293
0.288
0.225
0.289
0.301
0.231
0.293
0.28
0.225
0.228
0.29
0.224
0.224
0.23
0.291
0.226
0.314
0.34
0.227
0.294
0.29
0.225
0.292
0.293
0.783
0.609
0.232
0.293
0.393
0.296
0.228
0.297
0.294
0.29
0.231
0.587
0.582
0.229
0.297
0.229
0.295
0.294
0.293
0.29
0.29
0.229
0.292
0.295
0.293
0.296
0.287
0.335
0.62
0.229
0.296
0.294
0.234
0.318
0.341
0.232
0.229
0.294
0.294
0.297
0.294
0.291
0.231
0.379
0.367
0.555
0.239
0.23
0.296
0.227
0.287
0.283
0.293
0.287
0.228
0.226
0.226
0.226
0.295
0.291
0.228
0.226
0.23
0.288
0.345
0.297
0.228
0.291
0.226
0.287
0.227
0.228
0.293
0.228
0.228
0.226
0.316
0.291
0.225
0.289
0.293
0.263
0.229
0.295
0.288
0.229
0.313
0.295
0.289
0.289
0.29
0.294
0.293
0.509
0.286
0.614
0.234
0.284
0.228
0.232
0.225
0.224
0.297
0.233
0.293
0.296
0.296
0.231
0.29
0.293
0.288
0.291
0.233
0.227
0.301
0.225
0.225
0.301
0.232
0.292
0.29
0.293
0.223
0.291
0.225
0.295
0.287
0.286
0.299
0.292
0.288
0.29
0.249
0.3
0.294
0.236
0.229
0.292
0.336
0.231
0.293
0.679
0.782
0.303
0.293
0.301
0.293
0.297
0.33
0.249
0.293
0.294
0.229
0.227
0.229
0.228
0.295
0.301
0.292
0.235
0.228
0.291
0.297
0.292
0.259
0.235
0.294
0.333
0.296
0.228
0.289
0.296
0.229
0.233
0.577
0.3
0.295
0.292
0.341
0.345
0.302
0.298
0.232
0.324
0.291
0.292
0.296
0.288
0.293
0.294
0.244
0.297
1.037
0.297
0.294
0.29
0.295
0.291
0.227
0.293
0.292
0.318
0.231
0.227
0.295
0.23
0.227
0.292
0.319
0.23
0.226
0.292
0.293
0.292
0.3
0.294
0.289
0.292
0.29
0.231
0.294
0.293
0.293
0.293
0.288
0.291
0.228
0.23
0.226
0.294
0.333
0.295
0.231
0.591
0.289
0.295
0.29
0.29
0.652
0.236
0.296
0.298
0.289
0.289
0.289
0.277
0.287
0.224
0.231
0.293
0.226
0.281
0.249
0.29
0.287
0.229
0.226
0.29
0.29
0.286
0.288
0.289
0.23
0.291
0.291
0.293
0.229
0.291
0.227
0.291
0.291
0.29
0.226
0.228
0.227
0.283
0.287
0.291
0.281
0.307
0.231
0.293
0.293
0.292
0.29
0.515
0.368
0.23
0.315
0.57
0.289
0.577
0.225
0.324
0.225
0.288
0.286
0.29
0.292
0.224
0.224
0.224
0.289
0.224
0.287
0.249
0.567
0.226
0.288
0.322
0.287
0.287
0.563
0.31
0.28
0.279
0.28
0.285
0.342
0.481
0.28
0.285
0.218
0.282
0.218
0.219
0.218
0.284
0.346
0.282
0.444
0.365
1.175
0.223
0.224
0.224
0.558
0.221
0.221
0.282
0.292
0.224
0.284
0.284
0.284
0.22
0.22
0.283
0.28
0.281
0.281
0.307
0.282
0.286
0.256
0.332
0.285
0.222
0.285
0.56
0.222
0.219
0.221
0.289
0.223
0.282
0.22
0.304
0.284
0.284
0.285
0.223
0.22
0.281
0.285
0.221
0.286
0.286
0.28
0.286
0.627
0.76
0.281
0.224
0.219
0.221
0.284
0.284
0.286
0.32
0.225
0.283
0.281
0.283
0.223
0.285
0.287
0.277
0.22
0.221
0.287
0.221
0.219
0.22
0.344
0.28
0.284
0.282
0.29
0.305
0.28
0.279
0.221
0.281
0.278
0.221
0.284
0.557
0.219
0.224
0.24
0.285
0.222
0.293
0.574
0.277
1.035
0.226
0.222
0.223
0.22
0.223
0.22
0.288
0.308
0.249
0.292
0.223
0.223
0.229
0.285
0.291
0.286
0.23
0.286
0.284
0.222
0.221
0.289
0.287
0.311
0.314
0.221
0.285
0.229
0.221
0.282
0.227
0.286
0.296
0.283
0.329
0.223
0.58
0.273
0.283
0.305
0.297
0.336
0.263
0.282
0.226
0.289
0.285
0.863
0.232
0.292
0.224
0.283
0.286
0.22
0.223
0.288
0.22
0.283
0.283
0.282
0.221
0.283
0.223
0.22
0.283
0.25
0.227
0.222
0.221
0.285
0.281
0.282
0.222
0.231
0.288
0.221
0.223
0.289
0.29
0.219
0.286
0.22
0.221
0.281
0.22
0.342
0.225
0.287
0.28
0.295
0.224
0.22
0.713
1.271
0.226
0.289
0.285
0.281
0.282
0.283
0.285
0.222
0.317
0.284
0.22
0.28
0.28
0.283
0.284
0.284
0.283
0.282
0.28
0.221
0.561
0.375
0.355
0.283
0.283
0.223
0.22
0.222
0.298
0.295
0.291
0.225
0.228
0.292
0.225
0.29
0.226
0.227
0.288
0.311
0.229
0.247
0.292
0.227
0.228
0.294
0.655
0.534
0.226
0.226
0.286
0.284
0.228
0.289
0.227
0.226
0.293
0.575
0.31
0.569
0.226
0.567
0.292
0.601
0.297
0.228
0.228
0.291
0.29
0.324
0.227
0.293
0.228
0.225
0.231
0.23
0.226
0.23
0.291
0.292
0.311
0.296
0.292
0.31
0.282
0.289
0.228
0.228
0.282
0.228
0.614
0.297
0.228
0.227
0.229
0.246
0.226
0.291
0.225
0.294
0.227
0.296
0.227
0.226
0.288
0.229
0.226
0.287
0.288
0.226
0.29
0.288
0.291
0.286
0.287
0.251
0.295
0.293
0.291
0.293
0.29
0.291
0.289
0.291
0.286
0.225
0.291
0.292
0.291
0.29
0.318
0.55
0.391
0.636
0.228
0.291
0.29
0.246
0.228
0.294
0.292
0.286
0.228
0.226
0.292
0.228
0.227
0.226
0.572
0.325
0.29
0.224
0.288
0.227
0.229
0.295
0.288
0.228
0.285
0.289
0.291
0.286
0.29
0.354
0.229
0.292
0.576
0.23
0.226
0.288
0.289
0.293
0.29
0.29
0.576
0.289
0.294
0.294
0.227
0.23
0.928
0.29
0.296
0.295
0.227
0.355
0.287
0.296
0.294
0.294
0.292
0.23
0.291
0.233
0.291
0.291
0.227
0.287
0.225
0.293
0.29
0.289
0.281
0.228
0.241
0.299
0.227
0.292
0.288
0.298
0.255
0.296
0.295
0.225
0.23
0.291
0.295
0.227
0.313
0.265
0.294
0.228
0.291
0.229
0.294
0.231
0.413
0.65
0.29
0.227
0.296
0.32
0.227
0.288
0.291
0.289
0.287
0.227
0.228
0.29
0.228
0.289
0.226
0.225
0.292
0.227
0.226
0.287
0.286
0.249
0.225
0.292
0.225
0.223
0.223
0.227
0.226
0.289
0.29
0.357
0.225
0.29
0.29
0.225
0.286
0.288
0.279
0.228
0.223
0.23
0.312
0.287
0.288
0.26
0.29
0.287
0.291
0.398
0.29
0.492
0.315
0.241
0.293
0.29
0.227
0.292
0.292
0.225
0.295
0.577
0.29
0.33
0.293
0.307
0.296
0.25
0.29
0.29
0.293
0.242
0.299
0.23
0.312
0.293
0.292
0.326
0.227
0.302
0.289
0.233
0.301
0.303
0.295
0.232
0.298
0.317
0.298
0.235
0.259
0.326
0.298
0.243
0.227
0.285
0.281
0.284
0.226
0.227
0.293
0.732
0.805
0.225
0.23
0.294
0.225
0.28
0.226
0.289
0.283
0.287
0.225
0.227
0.289
0.223
0.26
0.227
0.29
0.288
0.262
0.284
0.307
0.279
0.223
0.224
0.283
0.29
0.225
0.283
0.285
0.224
0.289
0.225
0.288
0.321
0.229
0.29
0.283
0.285
0.225
0.29
0.29
0.29
0.284
0.29
0.283
0.285
0.287
0.287
0.434
0.296
0.291
0.228
0.294
0.229
0.224
0.579
0.227
0.226
0.292
0.573
0.288
0.244
0.307
0.296
0.229
0.575
0.295
0.295
0.29
0.384
0.292
0.295
0.576
0.227
0.324
0.309
0.295
0.289
0.315
0.228
0.635
0.411
0.298
0.232
0.319
0.295
0.23
0.227
0.247
0.227
0.23
0.352
0.228
0.295
0.733
0.29
0.287
0.3
0.294
0.297
0.233
0.292
0.311
0.23
0.297
0.292
0.296
0.297
0.29
0.288
0.292
0.292
0.357
0.292
0.29
0.293
0.291
0.258
0.296
0.23
0.295
0.227
0.298
0.383
0.23
0.229
0.586
0.23
0.264
0.293
0.227
0.228
0.23
0.234
0.62
0.234
0.229
0.272
0.227
0.227
0.291
0.228
0.292
0.228
0.229
0.293
0.231
0.296
0.291
0.71
0.909
0.301
0.23
0.328
0.298
0.293
0.227
0.292
0.245
0.292
0.227
0.595
0.293
0.229
0.227
0.226
0.226
0.294
0.292
0.288
0.228
0.345
0.29
0.23
0.288
0.227
0.321
0.309
0.342
0.238
0.235
0.233
0.3
0.298
0.33
0.236
0.252
0.238
0.309
0.306
0.312
0.307
0.24
0.252
0.299
0.233
0.235
0.303
0.24
0.273
0.703
0.309
0.318
0.302
0.635
0.31
0.238
0.246
0.298
0.295
0.25
0.301
0.299
0.3
0.234
0.301
0.234
0.237
0.307
0.307
0.307
0.314
0.242
0.239
0.241
0.274
0.313
0.308
0.239
0.311
0.308
0.618
0.31
0.242
0.303
0.313
0.298
0.296
0.299
0.256
0.303
0.299
0.323
0.236
0.235
0.304
0.231
0.301
0.236
0.233
0.339
0.305
0.236
0.302
0.315
0.301
0.239
1.08
0.293
0.312
0.286
0.31
0.292
0.229
0.315
0.295
0.292
0.301
0.266
0.23
0.379
0.229
0.294
0.308
0.307
0.25
0.327
0.299
0.312
0.298
0.301
0.303
0.295
0.333
0.291
0.225
0.248
0.291
0.286
0.227
0.227
0.226
0.248
0.31
0.24
0.247
0.236
0.238
0.238
0.266
0.232
0.301
0.264
0.246
0.573
0.681
0.319
0.228
0.309
0.294
0.298
0.301
0.275
0.234
0.304
0.3
0.301
0.233
0.298
0.3
0.233
0.296
0.295
0.232
0.231
0.306
0.233
0.317
0.305
0.251
0.234
0.296
0.296
0.326
0.234
0.234
0.244
0.309
0.237
0.313
0.235
0.292
0.23
0.23
0.297
0.34
0.299
0.3
0.299
0.293
0.302
0.232
0.296
0.298
0.24
0.305
0.238
0.666
0.387
0.426
0.292
0.229
0.249
0.293
0.294
0.286
0.249
0.292
0.225
0.291
0.29
0.601
0.291
0.273
0.295
0.309
0.287
0.229
0.293
0.293
0.322
0.294
0.285
0.263
0.296
0.315
0.229
0.289
0.296
0.229
0.318
0.306
0.288
0.29
0.252
0.291
0.346
0.294
0.317
0.248
0.229
0.577
0.295
0.292
0.246
0.234
0.229
0.312
0.578
0.239
0.305
0.234
0.246
0.293
0.295
0.228
0.293
0.23
0.295
0.291
0.228
0.23
0.227
0.289
0.291
0.227
0.293
0.229
0.294
0.228
0.315
0.29
0.227
0.231
0.227
0.295
0.295
0.228
0.229
0.578
0.228
0.294
0.293
0.294
0.277
0.228
0.228
0.313
0.229
0.317
0.296
0.227
0.288
0.621
0.367
0.296
0.229
0.323
0.561
0.308
0.293
0.319
0.248
0.293
0.25
0.228
0.289
0.354
0.288
0.227
0.289
0.224
0.227
0.293
0.243
0.246
0.291
0.225
0.305
0.289
0.311
0.227
0.31
0.287
0.28
0.247
0.287
0.226
0.254
0.248
0.319
0.325
0.29
0.311
0.291
0.295
0.227
0.286
0.289
0.312
0.287
0.28
0.287
0.289
0.295
0.229
0.247
0.409
0.385
0.295
0.25
0.293
0.254
0.295
0.367
0.288
0.29
0.292
0.291
0.303
0.234
0.226
0.246
0.288
0.23
0.295
0.295
0.416
0.23
0.299
0.316
0.229
0.254
0.29
0.293
0.251
0.317
0.34
0.264
0.231
0.292
0.294
0.25
0.23
0.23
0.309
0.227
0.293
0.252
0.292
0.301
0.298
0.256
0.301
0.291
0.231
0.668
0.228
0.295
0.227
0.228
0.226
0.224
0.297
0.224
0.288
0.312
0.288
0.29
0.287
0.226
0.286
0.29
0.29
0.287
0.226
0.286
0.291
0.585
0.227
0.226
0.227
0.285
0.224
0.296
0.294
0.228
0.227
0.293
0.294
0.226
0.29
0.328
0.292
0.229
0.288
0.25
0.293
0.609
0.559
0.228
0.294
0.288
0.227
0.287
0.226
0.311
0.226
0.227
0.228
0.223
0.222
0.289
0.287
0.287
0.227
0.289
0.223
0.29
0.289
0.31
0.225
0.227
0.287
0.284
0.28
0.287
0.283
0.251
0.322
0.229
0.298
0.227
0.224
0.288
0.224
0.582
0.287
0.29
0.286
0.247
0.293
0.227
0.288
0.287
0.294
0.307
0.314
0.776
0.236
0.228
0.294
0.295
0.597
0.299
0.295
0.229
0.295
0.594
0.229
0.292
0.295
0.293
0.341
0.293
0.238
0.295
0.229
0.3
0.227
0.292
0.285
0.292
0.23
0.247
0.294
0.301
0.229
0.289
0.293
0.228
0.296
0.235
0.23
0.226
0.299
0.228
0.295
0.351
0.392
0.253
0.294
0.255
0.226
0.268
0.228
0.293
0.3
0.297
0.303
0.992
0.292
0.295
0.3
0.288
0.296
0.261
0.295
0.296
0.31
0.226
0.228
0.234
0.297
0.586
0.292
0.287
0.233
0.285
0.228
0.263
0.305
0.295
0.297
0.596
0.292
0.229
0.236
0.29
0.336
0.294
0.229
0.228
0.298
0.291
0.321
0.261
0.229
0.305
0.585
0.231
0.229
0.295
0.228
0.287
0.943
0.447
0.23
0.226
0.298
0.224
0.226
0.224
0.293
0.225
0.29
0.29
0.226
0.225
0.245
0.225
0.228
0.283
0.291
0.29
0.293
0.289
0.292
0.293
0.294
0.29
0.227
0.225
0.29
0.229
0.293
0.29
0.228
0.318
0.294
0.288
0.246
0.228
0.226
0.29
0.225
0.224
0.286
0.249
0.226
0.293
0.287
0.283
0.233
0.227
0.292
0.749
0.233
0.227
0.234
0.298
0.323
0.298
0.3
0.237
0.235
0.328
0.236
0.308
0.234
0.235
0.309
0.233
0.303
0.227
0.329
0.231
0.253
0.358
0.298
0.295
0.292
0.229
0.247
0.23
0.296
0.228
0.23
0.295
0.293
0.228
0.292
0.326
0.588
0.319
0.235
0.235
0.296
0.232
0.248
0.297
0.23
0.231
0.297
0.378
0.296
0.303
0.281
0.227
0.236
0.325
0.233
0.337
0.305
0.253
0.245
0.234
0.236
0.32
0.307
0.269
0.242
0.234
0.301
0.314
0.237
0.3
0.237
0.328
0.28
0.233
0.295
0.241
0.233
0.237
0.235
0.305
0.354
0.246
0.31
0.31
0.323
0.339
0.308
0.238
0.234
0.622
0.253
0.31
0.237
0.263
0.301
0.322
0.336
0.425
0.831
0.341
0.403
0.242
0.239
0.306
0.233
0.23
0.299
0.415
0.295
0.296
0.227
0.295
0.293
0.297
0.295
0.228
0.29
0.227
0.294
0.291
0.295
0.291
0.226
0.29
0.287
0.249
0.235
0.298
0.277
0.299
0.23
0.329
0.296
0.295
0.229
0.295
0.231
0.292
0.294
0.294
0.282
0.584
0.294
0.393
0.342
0.226
0.285
0.228
0.224
0.224
0.292
0.224
0.228
0.258
0.295
0.229
0.316
0.765
0.44
0.492
0.587
0.302
0.227
0.295
0.292
0.227
0.29
0.29
0.292
0.291
0.26
0.225
0.235
0.229
0.228
0.227
0.226
0.271
0.227
0.291
0.227
0.589
0.293
0.297
0.229
0.292
0.295
0.247
0.23
0.303
0.228
0.614
0.575
0.292
0.293
0.227
0.339
0.36
0.231
0.303
0.321
0.234
0.295
0.296
0.297
0.231
0.229
0.326
0.229
0.228
0.299
0.232
0.297
0.23
0.293
0.297
0.295
0.229
0.298
0.295
0.322
0.299
0.233
0.237
0.231
0.297
0.297
0.229
0.29
0.232
0.294
0.229
0.252
0.234
0.301
0.374
0.318
0.314
0.291
0.231
0.233
0.231
0.297
0.295
0.526
0.873
0.298
0.316
0.291
0.295
0.291
0.292
0.228
0.294
0.227
0.225
0.292
0.295
0.292
0.292
0.289
0.291
0.287
0.226
0.292
0.316
0.283
0.292
0.291
0.316
0.296
0.293
0.29
0.226
0.226
0.291
0.287
0.229
0.225
0.29
0.329
0.234
0.295
0.29
0.296
0.288
0.295
0.295
0.232
0.228
0.295
0.763
0.575
0.297
0.227
0.229
0.296
0.297
0.295
0.296
0.587
0.227
0.289
0.578
0.227
0.29
0.227
0.29
0.288
0.292
0.292
0.293
0.228
0.32
0.23
0.294
0.227
0.291
0.294
0.23
0.225
0.292
0.287
0.231
0.296
0.226
0.227
0.226
0.578
0.247
0.581
0.228
0.227
0.291
0.289
0.226
0.291
0.277
0.518
0.389
0.78
0.334
0.238
0.291
0.318
0.227
0.295
0.289
0.23
0.29
0.296
0.294
0.293
0.289
0.293
0.292
0.294
0.226
0.228
0.291
0.226
0.281
0.296
0.579
0.295
0.228
0.229
0.226
0.294
0.226
0.229
0.296
0.228
0.584
0.285
0.294
0.292
0.292
0.296
0.263
0.308
0.413
0.23
0.298
0.232
0.295
0.241
0.292
0.292
0.229
0.23
0.298
0.251
0.299
0.292
0.741
0.506
0.231
0.226
0.296
0.295
0.295
0.289
0.228
0.226
0.236
0.295
0.295
0.232
0.322
0.229
0.236
0.23
0.228
0.306
0.292
0.228
0.229
0.23
0.317
0.229
0.23
0.229
0.296
0.234
0.296
0.293
0.292
0.292
0.248
0.289
0.298
0.245
0.227
0.313
0.294
0.228
0.292
0.231
0.293
0.237
0.329
0.292
0.554
0.772
0.235
0.298
0.228
0.29
0.295
0.304
0.227
0.232
0.229
0.362
0.3
0.228
0.241
0.229
0.297
0.293
0.296
0.228
0.238
0.227
0.317
0.232
0.289
0.237
0.296
0.228
0.302
0.292
0.232
0.3
0.287
0.302
0.229
0.289
0.313
0.237
0.229
0.314
0.29
0.291
0.29
0.302
0.291
0.272
0.297
0.231
0.386
0.454
1.277
0.295
0.288
0.286
0.288
0.29
0.224
0.284
0.226
0.287
0.292
0.286
0.29
0.226
0.291
0.227
0.226
0.289
0.311
0.224
0.294
0.286
0.289
0.291
0.223
0.248
0.226
0.227
0.291
0.225
0.229
0.288
0.227
0.291
0.288
0.288
0.236
0.368
0.228
0.244
0.293
0.225
0.3
0.595
0.282
0.289
0.286
0.221
0.288
0.759
0.367
0.83
0.286
0.223
0.217
0.284
0.285
0.278
0.219
0.219
0.286
0.282
0.222
0.219
0.282
0.22
0.284
0.277
0.221
0.221
0.219
0.285
0.366
0.278
0.278
0.299
0.279
0.283
0.283
0.28
0.28
0.275
0.281
0.29
0.283
0.222
0.222
0.282
0.287
0.22
0.287
0.243
0.22
0.235
0.279
0.283
0.283
0.287
0.282
0.219
0.22
0.587
0.57
0.683
0.659
0.221
0.285
0.284
0.28
0.276
0.271
0.218
0.284
0.284
0.218
0.28
0.281
0.285
0.286
0.219
0.283
0.218
0.225
0.281
0.219
0.221
0.221
0.283
0.283
0.38
0.238
0.284
0.287
0.33
0.393
0.57
0.285
0.31
0.288
0.221
0.219
0.587
0.222
0.297
0.292
0.354
0.281
0.565
0.287
0.226
0.279
0.281
0.756
0.367
0.679
0.225
0.285
0.221
0.289
0.283
0.283
0.285
0.238
0.286
0.284
0.221
0.286
0.288
0.283
0.285
0.283
0.219
0.221
0.221
0.384
0.378
0.309
0.29
0.223
0.22
0.571
0.222
0.354
0.289
0.289
0.223
0.283
0.288
0.224
0.289
0.285
0.22
0.219
0.287
0.285
0.219
0.284
0.22
0.285
0.285
0.283
0.286
0.226
0.221
0.283
0.22
0.563
0.29
0.223
0.32
0.284
0.307
0.286
0.223
0.59
0.222
0.31
0.306
0.3
0.281
0.284
0.484
0.286
0.224
0.376
0.249
0.286
0.225
0.299
0.308
0.297
0.293
0.232
0.239
0.306
0.228
0.271
0.229
0.243
0.254
0.306
0.251
0.295
0.297
0.249
0.296
0.316
0.231
0.226
0.325
0.299
0.323
0.229
0.227
0.258
0.552
0.694
0.226
0.324
0.283
0.305
0.228
0.249
0.229
0.293
0.247
0.296
0.294
0.244
0.334
0.331
0.352
0.335
0.357
0.38
0.368
0.648
0.39
0.265
0.232
0.335
0.302
0.233
0.262
0.293
0.327
0.308
0.29
0.23
0.326
0.32
0.319
0.314
0.295
0.319
0.315
0.247
0.316
0.324
0.3
0.256
0.307
0.289
0.232
0.238
0.307
0.314
0.889
0.301
0.23
0.229
0.229
0.226
0.228
0.297
0.226
0.226
0.234
0.295
0.29
0.229
0.29
0.249
0.225
0.293
0.228
0.293
0.292
0.293
0.291
0.228
0.582
0.23
0.294
0.232
0.324
0.227
0.291
0.29
0.288
0.323
0.293
0.3
0.579
0.229
0.588
0.297
0.292
0.288
0.261
0.29
0.226
0.289
0.293
0.228
0.758
0.639
0.322
0.227
0.294
0.295
0.229
0.257
0.231
0.229
0.305
0.229
0.325
0.295
0.225
0.315
0.29
0.311
0.292
0.246
0.23
0.227
0.317
0.292
0.313
0.297
0.603
0.227
0.23
0.227
0.226
0.244
0.225
0.226
0.245
0.228
0.295
0.29
0.248
0.291
0.228
0.296
0.227
0.226
0.293
0.228
0.29
0.292
0.291
0.322
0.8
0.228
0.227
0.292
0.33
0.316
0.285
0.229
0.229
0.292
0.307
0.618
0.228
0.258
0.294
0.293
0.313
0.226
0.247
0.291
0.227
0.312
0.252
0.23
0.316
0.289
0.315
0.292
0.228
0.276
0.227
0.226
0.293
0.23
0.311
0.227
0.225
0.439
0.299
0.231
0.23
0.315
0.294
0.298
0.287
0.229
0.315
0.227
0.273
0.294
0.253
0.229
0.517
0.368
0.638
0.223
0.224
0.311
0.287
0.304
0.226
0.292
0.31
0.225
0.288
0.287
0.223
0.228
0.319
0.288
0.307
0.287
0.393
0.29
0.311
0.226
0.322
0.294
0.32
0.246
0.297
0.319
0.227
0.229
0.227
0.324
0.29
0.288
0.35
0.346
0.271
0.276
0.394
0.265
0.229
0.403
0.269
0.306
0.33
0.336
0.349
0.372
0.347
0.364
0.306
0.263
0.224
0.604
0.551
0.853
0.284
0.378
0.572
0.226
0.424
0.306
0.294
0.226
0.338
0.225
0.29
0.302
0.227
0.301
