0.262
0.242
0.23
0.243
0.228
0.315
0.228
0.239
0.235
0.231
0.232
0.265
0.231
0.232
0.23
0.233
0.227
0.229
0.227
0.228
0.43
0.782
0.282
0.334
0.23
0.249
0.235
0.231
0.23
0.236
0.295
0.234
0.253
0.246
0.231
0.232
0.233
0.232
0.228
0.23
0.579
0.235
0.577
0.233
0.23
0.23
0.233
0.228
0.229
0.233
0.271
0.274
0.235
0.232
0.234
0.227
0.232
0.237
0.229
0.292
0.232
0.236
0.234
0.231
0.438
0.822
0.636
0.315
0.229
0.234
0.243
0.267
0.241
0.246
0.295
0.241
0.23
0.228
0.228
0.23
0.234
0.25
0.228
0.296
0.232
0.229
0.229
0.227
0.297
0.227
0.315
0.336
0.228
0.227
0.222
0.243
0.231
0.229
0.234
0.23
0.236
0.23
1.12
0.237
0.234
0.228
0.228
0.229
0.231
0.248
0.229
0.228
0.236
0.231
0.228
0.227
0.225
0.229
0.226
0.227
0.228
0.232
0.227
0.227
0.227
0.226
0.225
0.225
0.226
0.225
0.226
0.228
0.307
0.226
0.225
0.227
0.291
0.574
0.227
0.229
0.229
0.404
0.781
0.23
0.23
0.227
0.232
0.296
0.232
0.229
0.558
0.228
0.228
0.23
0.225
0.229
0.228
0.223
0.228
0.227
0.595
0.231
0.227
0.228
0.236
0.227
0.23
0.232
0.23
0.229
0.228
0.289
0.231
0.311
0.228
0.263
0.232
0.226
0.587
0.228
0.291
0.225
0.228
0.275
0.344
0.275
0.941
0.229
0.262
0.253
0.231
0.228
0.252
0.226
0.272
0.228
0.235
0.233
0.228
0.509
0.289
0.253
0.593
0.23
0.296
0.234
0.231
0.229
0.249
0.289
0.232
0.25
0.232
0.299
0.322
0.294
0.231
0.231
0.257
0.627
0.296
0.296
0.231
0.229
0.319
0.295
0.294
0.29
0.293
0.258
0.348
0.303
0.232
0.311
0.291
0.291
0.295
0.253
0.229
0.273
0.293
0.286
0.231
0.228
0.229
0.363
0.298
0.282
0.23
0.288
0.31
0.325
0.288
0.285
0.23
0.287
0.228
0.284
0.292
0.592
0.285
0.23
0.571
0.283
0.851
0.243
0.277
0.275
0.283
0.289
0.282
0.248
0.294
0.292
0.286
0.227
0.226
0.229
0.227
0.227
0.226
0.224
0.292
0.294
0.289
0.228
0.226
0.227
0.292
0.227
0.293
0.292
0.238
0.295
0.318
0.297
0.23
0.23
0.838
0.376
0.444
0.577
0.225
0.3
0.286
0.227
0.226
0.227
0.283
0.227
0.28
0.28
0.289
0.287
0.286
0.282
0.287
0.573
0.23
0.586
0.228
0.225
0.627
0.295
0.289
0.288
0.288
0.291
0.287
0.226
0.226
0.286
0.29
0.589
0.3
0.228
0.288
0.226
0.255
0.234
0.294
0.291
0.292
0.232
0.236
0.297
0.323
0.238
0.297
0.229
0.271
0.431
0.231
0.323
0.354
0.292
0.234
0.293
0.291
0.28
0.23
0.229
0.228
0.292
0.293
0.609
0.229
0.23
0.296
0.98
0.301
0.231
0.283
0.318
0.231
0.295
0.288
0.29
0.288
0.229
0.227
0.294
0.285
0.284
0.232
0.295
0.293
0.296
0.227
0.339
0.235
0.251
0.227
0.288
0.291
0.294
0.289
0.319
0.291
0.282
0.281
0.228
0.234
0.291
0.227
0.368
0.8
0.29
0.229
0.29
0.234
0.292
0.231
0.296
0.288
0.281
0.283
0.227
0.287
0.294
0.231
0.603
0.292
0.322
0.226
0.228
0.226
0.293
0.296
0.231
0.292
0.227
0.583
0.225
0.226
0.293
0.227
0.25
0.436
0.3
0.287
0.288
0.289
0.298
0.228
0.285
0.295
0.289
0.248
0.231
0.3
0.295
0.228
0.23
0.229
0.237
0.23
0.229
0.229
0.31
0.23
0.229
0.293
0.354
0.268
0.316
0.296
0.29
0.325
0.228
0.231
0.286
0.294
0.227
0.615
0.295
0.296
0.297
0.296
0.291
0.233
0.238
0.236
0.238
0.286
0.229
0.57
0.233
0.228
0.228
0.228
0.227
0.231
0.286
0.296
0.29
0.288
0.288
0.288
0.228
0.316
0.23
0.771
0.237
0.261
0.283
0.231
0.293
0.227
0.233
0.229
0.295
0.231
0.229
0.227
0.294
0.226
0.298
0.231
0.227
0.233
0.296
0.228
0.576
0.602
0.232
0.232
0.326
0.297
0.294
0.295
0.229
0.287
0.463
0.473
0.236
0.232
0.311
0.229
0.231
0.293
0.229
0.293
0.229
0.229
0.23
0.289
0.228
0.282
0.292
0.283
0.227
0.3
0.229
0.231
0.292
0.292
0.29
0.237
0.23
0.232
0.294
0.228
0.293
0.294
0.235
0.288
0.233
0.293
0.29
0.23
0.284
0.308
0.323
0.29
0.228
0.28
0.225
0.224
0.278
0.283
0.29
0.286
0.228
0.229
0.226
0.225
0.226
0.226
0.227
0.226
0.285
0.225
0.579
0.802
0.437
0.453
0.595
0.293
0.229
0.575
0.231
0.288
0.294
0.231
0.228
0.227
0.23
0.228
0.23
0.289
0.288
0.23
0.292
0.229
0.321
0.306
0.296
0.228
0.286
0.291
0.23
0.228
0.228
0.226
0.229
0.813
0.583
0.298
0.23
0.225
0.226
0.566
0.231
0.296
0.234
0.293
0.234
0.27
0.256
0.244
0.244
0.301
0.232
0.595
0.288
0.292
0.577
0.29
0.229
0.226
0.227
0.292
0.227
0.25
0.225
0.225
0.226
0.227
0.811
0.242
0.285
0.227
0.248
0.291
0.247
0.228
0.278
0.289
0.226
0.291
0.304
0.305
0.225
0.226
0.293
0.225
0.226
0.23
0.285
0.232
0.228
0.228
0.245
0.289
0.226
0.227
0.301
0.222
0.287
0.28
0.271
0.223
0.303
0.281
0.285
0.462
0.678
0.342
0.282
0.301
0.283
0.222
0.283
0.709
0.283
0.285
0.282
0.222
0.22
0.221
0.224
0.223
0.62
0.287
0.224
0.226
0.223
0.222
0.221
0.221
0.281
0.287
0.283
0.224
0.22
0.221
0.221
0.663
1.134
0.224
0.281
0.281
0.285
0.284
0.314
0.229
0.28
0.278
0.281
0.222
0.224
0.22
0.276
0.325
0.281
0.273
0.291
0.279
0.558
0.222
0.286
0.223
0.287
0.222
0.281
0.224
0.292
0.433
0.758
0.287
0.578
0.222
0.223
0.226
0.281
0.22
0.29
0.56
0.573
0.222
0.223
0.279
0.285
0.223
0.231
0.562
0.222
0.224
0.255
0.224
0.231
0.29
0.285
0.224
0.312
0.225
0.381
1.311
0.246
0.567
0.242
0.224
0.237
0.303
0.283
0.243
0.264
0.224
0.302
0.286
0.285
0.302
0.244
0.285
0.245
0.303
0.559
0.222
0.276
0.239
0.562
0.304
0.228
0.278
0.225
0.223
0.671
0.286
0.515
0.287
0.308
0.235
0.225
0.301
0.269
0.223
0.239
0.292
0.22
0.28
0.281
0.298
0.222
0.279
0.297
0.295
0.588
0.224
0.275
0.592
0.585
0.25
0.276
0.281
0.274
0.3
0.288
0.301
0.609
0.894
1.091
0.286
0.226
0.341
0.285
0.227
0.271
0.284
0.275
0.304
0.228
0.225
0.403
0.248
0.312
0.289
0.351
0.339
0.224
0.222
0.282
0.223
0.287
0.244
0.228
0.247
0.366
0.228
0.263
0.281
0.231
0.228
0.292
0.395
0.243
0.467
0.379
0.289
0.224
0.348
0.428
0.684
0.423
0.546
0.223
0.564
0.466
1.18
0.302
0.298
0.232
0.288
0.395
0.307
0.294
0.292
0.228
0.293
0.316
0.571
0.228
0.319
0.232
0.387
0.744
0.868
0.283
0.227
0.23
0.229
0.293
0.294
0.23
0.29
0.295
0.296
0.259
0.233
0.227
0.229
0.23
0.321
0.229
0.231
0.3
0.23
0.295
0.501
0.611
0.327
0.229
0.231
0.241
0.245
0.227
0.288
0.241
0.23
0.227
0.246
0.229
0.246
0.232
0.227
0.404
0.399
0.228
0.258
0.23
0.231
0.256
0.229
0.228
0.246
0.227
0.298
0.758
0.669
0.382
0.38
0.378
0.376
0.388
0.388
0.428
0.398
0.391
0.521
0.387
0.493
0.486
0.388
0.464
0.415
0.38
0.423
0.383
0.403
0.399
0.375
0.376
0.379
0.38
0.256
0.232
0.233
0.232
0.287
0.23
0.291
0.227
0.229
0.227
0.228
0.229
0.306
0.297
0.23
0.292
0.279
0.285
0.293
0.285
0.228
0.283
0.284
0.226
0.283
0.229
0.229
0.225
0.225
0.23
0.569
0.316
0.228
0.223
0.225
0.251
0.226
0.23
0.228
0.245
0.227
0.291
0.33
0.225
0.225
0.224
0.246
0.227
0.226
0.228
0.243
0.226
0.24
0.222
0.222
0.23
0.307
0.592
0.291
0.287
0.304
0.233
0.291
0.227
0.245
0.278
0.226
0.884
0.293
0.282
0.227
0.23
0.227
0.229
0.243
0.23
0.227
0.246
0.229
0.232
0.291
0.286
0.228
0.227
0.228
0.227
0.227
0.295
0.292
0.226
0.283
0.317
0.294
0.293
0.233
0.29
0.225
0.295
0.229
0.268
0.3
0.23
0.292
1.309
0.227
0.348
0.245
0.229
0.226
0.23
0.227
0.578
0.283
0.23
0.284
0.23
0.617
0.284
0.283
0.225
0.256
0.227
0.226
0.226
0.228
0.227
0.291
0.292
0.226
0.226
0.289
0.298
0.294
0.292
0.288
0.229
0.229
0.537
0.334
0.499
0.296
0.291
0.286
0.223
0.25
0.291
0.285
0.284
0.284
0.283
0.31
0.287
0.286
0.289
0.228
0.227
0.229
0.228
0.227
0.258
0.298
0.232
0.569
0.232
0.228
0.231
0.234
0.233
0.229
0.228
0.297
1.212
0.239
0.229
0.23
0.229
0.226
0.227
0.226
0.358
0.234
0.302
0.301
0.296
0.323
0.286
0.309
0.297
0.23
0.227
0.227
0.228
0.226
0.226
0.227
0.224
0.224
0.23
0.228
0.229
0.225
0.226
0.226
0.285
0.292
0.292
0.935
0.302
0.292
0.289
0.286
0.241
0.285
0.329
0.282
0.285
0.293
0.284
0.224
0.226
0.225
0.227
0.231
0.226
0.23
0.227
0.23
0.293
0.251
0.28
0.227
0.296
0.231
0.29
0.29
0.225
0.287
0.291
0.223
0.393
0.239
0.23
0.23
0.243
0.231
0.229
0.231
0.226
0.231
0.228
0.226
0.228
0.226
0.226
0.264
0.228
0.227
0.226
0.227
0.267
0.296
0.227
0.293
0.245
0.229
0.294
0.282
0.326
0.285
0.227
0.229
0.285
0.293
0.253
0.234
0.238
0.227
0.227
0.227
0.227
0.228
0.227
0.226
0.261
0.298
0.238
0.298
0.234
0.234
0.3
0.237
0.225
0.251
0.229
0.227
0.227
0.231
0.226
0.226
0.289
0.228
0.225
0.293
0.262
0.289
0.225
0.288
0.29
0.588
0.292
0.308
0.293
0.29
0.289
0.29
0.29
0.292
0.293
0.295
0.575
0.293
0.294
0.23
0.291
0.575
0.231
0.318
0.294
0.231
0.283
0.282
0.293
0.288
0.33
0.29
0.289
0.23
0.288
0.615
0.679
0.295
0.293
0.285
0.29
0.294
0.294
0.292
0.296
0.288
0.292
0.23
0.282
0.28
0.285
0.285
0.23
0.229
0.227
0.227
0.226
0.226
0.293
0.226
0.228
0.228
0.227
0.293
0.35
0.826
0.231
0.63
0.228
0.285
0.225
0.247
0.228
0.226
0.315
0.229
0.569
0.362
0.288
0.315
0.287
0.313
0.226
0.288
0.297
0.288
0.226
0.299
0.277
0.255
0.571
0.226
0.229
0.29
0.226
0.383
0.561
0.384
0.855
0.23
0.226
0.227
0.228
0.227
0.293
0.225
0.29
0.229
0.226
0.285
0.228
0.227
0.31
0.28
0.285
0.569
0.305
0.222
0.227
0.228
0.231
0.226
0.56
0.258
0.292
0.285
0.226
0.29
0.719
0.293
0.287
0.278
0.285
0.28
0.309
0.287
0.286
0.23
0.226
0.225
0.286
0.226
0.227
0.235
0.288
0.224
0.227
0.229
0.229
0.23
0.227
0.225
0.227
0.226
0.226
0.225
0.566
0.227
0.293
0.227
0.32
0.227
0.288
0.227
0.227
0.235
0.227
0.291
0.226
0.321
0.304
0.243
0.23
0.259
0.229
0.226
0.229
0.293
0.289
0.225
0.289
0.588
0.226
0.225
0.225
0.56
0.281
0.227
0.223
0.286
0.227
0.223
0.293
0.289
0.29
0.29
0.572
0.289
0.244
0.288
0.225
0.225
0.225
0.226
0.225
0.281
1
0.295
0.232
0.288
0.291
0.228
0.232
0.228
0.237
0.238
0.23
2.042
0.292
0.313
0.287
0.293
0.287
0.307
0.287
0.587
0.29
0.287
0.372
0.273
0.309
0.585
0.228
0.292
0.247
0.228
0.228
0.616
0.492
0.489
0.228
0.298
0.313
0.29
0.287
0.285
0.287
0.289
0.29
0.229
0.226
0.226
0.291
0.291
0.23
0.286
0.225
0.254
0.569
0.289
0.36
0.29
0.246
0.23
0.291
0.231
0.226
0.231
0.231
0.295
0.285
0.224
0.291
0.773
0.231
0.248
0.296
0.226
0.251
0.228
0.246
0.296
0.293
0.383
0.226
0.227
0.255
0.29
0.226
0.342
0.227
0.311
0.291
0.294
0.292
0.225
0.225
0.59
0.291
0.29
0.312
0.293
0.307
0.293
0.284
0.312
0.291
0.597
0.641
0.291
0.592
0.326
0.235
0.25
0.228
0.331
0.227
0.291
0.384
0.238
0.613
0.228
0.575
0.316
0.232
0.229
0.247
0.231
0.292
0.315
0.291
0.23
0.4
0.232
0.228
0.233
0.289
0.31
0.423
0.237
0.233
0.288
0.291
0.226
0.29
0.229
0.287
0.287
0.228
0.29
0.292
0.58
0.581
0.292
0.294
0.287
0.228
0.291
0.297
0.58
0.578
0.292
0.294
0.291
0.291
0.232
0.292
0.319
0.229
0.473
0.727
0.229
0.29
0.235
0.295
0.292
0.237
0.305
0.585
0.23
0.291
0.62
0.294
0.233
0.296
0.229
0.227
0.23
0.23
0.294
0.291
0.228
0.227
0.23
0.26
0.292
0.229
0.227
0.234
0.226
0.231
0.227
0.226
0.288
0.282
0.289
0.292
0.294
0.23
0.233
0.291
0.228
0.23
0.228
0.29
0.23
0.579
0.29
0.601
0.228
0.23
0.295
0.23
0.292
0.291
0.229
0.231
0.29
0.388
0.703
0.231
0.238
0.602
0.286
0.303
0.58
0.297
0.23
0.293
0.289
0.231
0.291
0.232
0.29
0.259
0.232
0.293
0.238
0.295
0.287
0.235
0.347
0.227
0.237
0.292
0.288
0.292
0.301
0.293
0.295
0.228
0.228
0.301
0.234
0.233
0.243
0.301
0.281
0.239
0.299
0.237
0.227
0.226
0.23
0.237
0.227
0.225
0.289
0.227
0.227
0.299
0.23
0.293
0.225
0.228
0.23
0.3
0.294
0.574
0.783
0.335
0.296
0.287
0.245
0.293
0.23
0.353
0.286
0.282
0.28
0.289
0.283
0.233
0.228
0.228
0.575
0.298
0.228
0.234
0.293
0.245
0.229
0.242
0.228
0.227
0.296
0.23
0.86
0.236
0.297
0.227
0.294
0.295
0.29
0.229
0.286
0.231
0.229
0.228
0.231
0.228
0.23
0.229
0.228
0.227
0.287
0.292
0.613
0.233
0.462
0.29
0.229
0.227
0.23
0.569
0.292
0.229
0.287
0.565
0.513
0.235
0.23
0.229
0.226
0.284
0.282
0.232
0.293
0.285
0.227
0.23
0.23
0.319
0.282
0.283
0.289
0.23
0.293
0.58
0.229
0.296
0.288
0.293
0.296
0.293
0.291
0.234
0.292
0.632
0.235
0.229
0.229
0.293
0.289
0.231
0.324
0.294
0.229
0.231
0.316
0.231
0.228
0.577
0.227
0.297
0.292
0.227
0.229
0.289
0.23
0.228
0.229
0.226
0.229
0.289
0.255
0.296
0.23
0.27
0.247
0.229
0.57
0.229
0.232
0.249
0.23
0.234
0.227
0.329
0.297
0.23
0.297
0.295
0.295
0.294
0.232
0.229
0.578
0.228
0.229
0.26
0.232
0.613
0.29
0.23
0.283
0.836
0.331
0.589
0.228
0.244
0.287
0.233
0.29
0.291
0.296
0.233
0.227
0.227
0.233
0.23
0.228
0.26
0.231
0.289
0.599
0.296
0.291
0.236
0.316
0.292
0.228
0.229
0.295
0.229
0.231
0.234
0.231
0.232
0.404
0.616
0.235
0.233
0.231
0.234
0.228
0.227
0.231
0.226
0.226
0.286
0.39
0.227
0.294
0.23
0.227
0.314
0.227
0.231
0.286
0.289
0.231
0.295
0.293
0.285
0.231
0.231
0.228
0.311
0.232
0.231
0.227
0.558
0.286
0.735
0.291
0.225
0.292
0.292
0.262
0.295
0.294
0.227
0.29
0.286
0.231
0.228
0.227
0.228
0.227
0.296
0.229
0.313
0.295
0.231
0.226
0.228
0.299
0.584
0.23
0.228
0.229
0.267
0.292
0.4
0.401
0.43
0.227
0.226
0.287
0.227
0.294
0.232
0.292
0.229
0.228
0.245
0.576
0.232
0.295
0.29
0.287
0.29
0.23
0.409
0.528
0.346
0.317
0.372
0.295
0.29
0.233
0.229
0.234
0.228
0.229
1.221
0.235
0.232
0.231
0.233
0.303
0.295
0.229
0.296
0.231
0.233
0.296
0.23
0.593
0.232
0.299
0.23
0.231
0.229
0.58
0.23
0.23
0.234
0.231
0.231
0.3
0.229
0.232
0.23
0.229
0.297
0.225
0.227
0.225
0.291
0.226
0.585
0.228
0.23
0.226
0.225
0.291
0.286
0.287
0.252
0.229
0.228
0.229
0.238
0.232
0.26
0.231
0.276
0.227
0.232
0.232
0.23
0.301
0.233
0.228
0.227
0.579
0.23
0.29
0.231
0.232
0.362
0.366
0.441
0.231
0.223
0.231
0.258
0.293
0.232
0.225
0.227
0.229
0.23
0.595
0.227
0.228
0.229
0.23
0.228
0.227
0.228
0.23
0.228
0.225
0.229
0.226
0.227
0.353
0.372
0.309
0.23
0.234
0.238
0.296
0.23
0.291
0.233
0.225
0.227
0.225
0.245
0.23
0.229
0.226
0.327
0.251
0.228
0.227
0.247
0.23
0.231
0.243
0.249
0.23
0.261
0.317
0.563
0.247
0.565
0.314
0.573
0.594
0.229
0.496
0.229
0.224
0.225
0.228
0.296
0.288
0.226
0.229
0.224
0.259
0.228
0.227
0.576
0.251
0.226
0.268
0.246
0.228
0.223
0.297
0.228
0.222
0.227
0.226
0.227
0.226
0.224
0.23
0.226
0.228
0.226
0.226
0.226
0.224
0.507
0.288
0.5
0.26
0.23
0.275
0.23
0.314
0.233
0.23
0.231
0.229
0.307
0.632
0.285
0.228
0.23
0.23
0.229
0.227
0.228
0.281
0.228
0.225
0.228
0.227
0.291
0.234
0.233
0.23
0.297
0.258
0.229
0.286
0.286
0.228
0.302
0.57
0.289
0.228
0.919
0.231
0.252
0.228
0.571
0.292
0.228
0.225
0.307
0.251
0.228
0.31
0.314
0.229
0.228
0.226
0.589
0.226
0.307
0.29
0.368
0.229
0.316
0.228
0.229
0.304
0.328
0.292
0.224
0.228
0.312
0.229
1.338
0.258
0.245
0.292
0.228
0.225
0.229
0.226
0.226
0.226
0.226
0.283
0.293
0.291
0.227
0.292
0.225
0.223
0.225
0.282
0.295
0.283
0.29
0.292
0.229
0.291
0.288
0.282
0.288
0.288
0.228
0.283
0.289
0.29
0.536
0.726
0.297
0.23
0.231
0.261
0.313
0.292
0.294
0.227
0.226
0.598
0.231
0.333
0.291
0.308
0.229
0.575
0.25
0.292
0.314
0.227
0.293
0.248
0.275
0.291
0.291
0.228
0.246
0.317
0.29
0.256
0.294
0.23
0.61
0.297
0.297
0.262
0.226
0.227
0.266
0.228
0.29
0.228
0.228
0.228
0.292
0.228
0.231
0.285
0.292
0.224
0.286
0.23
0.291
0.226
0.226
0.229
0.288
0.226
0.294
0.294
0.288
0.309
0.29
0.332
0.231
0.837
0.684
0.231
0.299
0.231
0.289
0.227
0.293
0.227
0.227
0.287
0.387
0.295
0.291
0.227
0.227
0.287
0.29
0.288
0.226
0.227
0.227
0.571
0.229
0.291
0.311
0.574
0.231
0.228
0.296
0.295
0.232
0.296
0.638
0.228
0.23
0.296
0.314
0.289
0.236
0.232
0.236
0.235
0.305
0.229
0.292
0.233
0.293
0.569
0.229
0.224
0.294
0.227
0.292
0.227
0.228
0.294
0.228
0.227
0.225
0.496
0.231
0.302
0.226
0.292
0.227
0.226
0.569
0.226
0.293
0.292
0.572
0.231
0.292
0.291
0.295
0.573
0.226
0.294
0.287
0.234
0.227
0.448
0.287
0.289
0.226
0.229
0.226
0.87
0.323
0.233
0.229
0.244
0.232
0.231
0.294
0.231
0.247
0.258
0.291
0.253
0.284
0.228
0.249
0.229
0.291
0.292
0.263
0.291
0.229
0.231
0.226
0.227
0.25
0.232
0.231
0.229
0.233
0.23
0.717
0.238
0.298
0.233
0.25
0.233
0.231
0.309
0.295
0.253
0.232
0.225
0.227
0.251
0.229
0.294
0.294
0.253
0.264
0.231
0.228
0.232
0.288
0.247
0.286
0.293
0.248
0.286
0.233
0.258
0.261
0.507
0.769
0.228
0.228
0.296
0.228
0.232
0.228
0.228
0.23
0.227
0.251
0.296
0.29
0.226
0.227
0.289
0.228
0.226
0.226
0.227
0.231
0.23
0.602
0.31
0.576
0.227
0.288
0.266
0.229
0.296
0.293
0.291
0.228
0.226
0.244
0.227
0.23
0.228
0.227
0.225
0.295
0.292
0.235
0.231
0.23
0.262
0.23
0.23
0.227
0.297
0.227
0.564
0.228
0.229
0.227
0.292
0.286
0.58
0.231
0.227
0.225
0.291
0.496
0.232
0.292
0.238
0.23
0.296
0.235
0.262
0.231
0.256
0.298
0.304
0.232
0.251
0.309
0.24
0.297
0.296
0.24
0.294
0.232
0.323
0.598
0.285
0.232
0.295
0.242
0.23
0.298
0.299
0.298
0.354
0.23
0.304
0.229
0.232
0.231
0.232
0.299
0.238
0.229
0.23
0.229
0.302
0.23
0.237
0.229
0.289
0.229
0.229
0.23
0.589
0.574
0.228
0.248
0.288
1.09
0.235
0.229
0.229
0.294
0.229
0.227
0.228
0.227
0.293
0.227
0.228
0.227
0.226
0.293
0.294
0.225
0.227
0.227
0.226
0.227
0.289
0.312
0.233
0.292
0.292
0.227
0.351
0.237
0.226
0.227
0.227
0.247
0.289
0.225
0.671
0.227
0.249
0.292
0.323
0.227
0.293
0.291
0.232
0.225
0.25
0.251
0.227
0.319
0.29
0.243
0.228
0.226
0.237
0.225
0.512
0.852
0.231
0.226
0.227
0.226
0.224
0.222
0.288
0.282
0.219
0.252
0.283
0.287
0.223
0.223
0.219
0.277
0.292
0.221
0.246
0.22
0.284
0.22
0.22
0.224
0.223
0.221
0.285
0.221
0.287
0.223
1.176
0.225
0.223
0.24
0.286
0.293
0.24
0.22
0.284
0.277
0.284
0.222
0.305
0.221
0.241
0.225
0.281
0.314
0.281
0.285
0.221
0.225
0.278
0.222
0.239
0.22
0.219
0.314
0.22
0.284
0.222
0.221
0.304
0.599
0.389
0.25
0.29
0.255
0.225
0.222
0.241
0.221
0.219
0.244
0.224
0.574
0.284
0.222
0.301
0.221
0.281
0.302
0.223
0.223
0.318
0.223
0.223
0.285
0.281
0.317
0.24
0.221
0.286
0.218
0.228
0.288
0.288
0.292
0.285
0.291
0.227
0.233
0.23
0.223
0.22
0.22
0.22
0.283
0.289
0.223
0.279
0.288
0.221
0.222
0.22
0.22
0.222
0.223
0.22
0.218
0.283
0.221
0.765
0.285
0.281
0.222
0.218
0.226
0.221
0.22
0.283
0.22
0.308
0.228
0.221
0.236
0.283
0.222
0.222
0.219
0.29
0.316
0.287
0.222
0.285
0.223
0.284
0.22
0.223
0.562
0.22
0.22
0.221
0.368
0.531
0.235
0.223
0.582
0.315
0.225
0.221
0.238
0.555
0.233
0.222
0.291
0.221
0.224
0.223
0.286
0.221
0.231
0.222
0.318
0.224
0.284
0.286
0.289
0.252
0.246
0.296
0.29
0.289
0.23
0.243
0.328
0.573
0.239
0.572
0.22
0.285
0.221
0.219
0.283
0.223
0.226
0.291
0.226
0.229
0.227
0.225
0.29
0.246
0.225
0.578
0.23
0.225
0.329
0.291
0.23
0.236
0.232
0.23
0.606
0.476
0.913
0.23
0.302
0.226
0.229
0.229
0.565
0.33
0.233
0.233
0.239
0.227
0.238
0.232
0.299
0.238
0.232
0.231
0.235
0.298
0.31
0.289
0.231
0.242
0.254
0.237
0.234
0.233
0.577
0.263
0.229
0.228
0.328
0.225
0.603
0.574
0.235
0.228
0.226
0.577
0.229
0.293
0.31
0.227
0.313
0.229
0.227
0.615
0.228
0.245
0.229
0.249
0.228
0.228
0.232
0.228
0.682
0.549
0.231
0.253
0.228
0.292
0.432
0.303
0.314
0.307
0.23
0.23
0.292
0.226
0.229
0.231
0.291
0.229
0.233
0.228
0.295
0.228
0.23
0.228
0.603
0.234
0.629
0.243
0.245
0.237
0.232
0.228
0.235
0.3
0.228
0.299
0.293
0.237
0.582
0.228
0.286
0.285
0.227
0.299
0.256
0.303
0.229
0.303
0.236
0.297
0.297
0.232
0.584
0.291
0.591
0.288
0.229
0.228
0.244
0.23
0.293
0.3
0.226
0.23
0.237
0.228
0.228
0.264
0.234
0.228
0.3
0.229
0.293
0.227
0.327
0.232
0.295
0.237
0.23
0.291
0.239
0.23
0.228
0.853
0.629
0.23
0.226
0.289
0.229
0.226
0.224
0.319
0.23
0.579
0.23
0.229
0.289
0.229
0.311
0.228
0.225
0.288
0.226
0.226
0.224
0.23
0.288
0.228
0.228
0.226
0.225
0.291
1.049
0.329
0.23
0.23
0.294
0.318
0.229
0.608
0.228
0.322
0.296
0.23
0.246
0.231
0.227
0.247
0.227
0.229
0.227
0.232
0.246
0.293
0.252
0.228
0.227
0.336
0.294
0.249
0.312
0.292
0.229
0.313
0.47
0.729
0.232
0.311
0.308
0.328
0.229
0.228
0.271
0.54
0.294
0.229
0.23
0.227
0.229
0.227
0.227
0.228
0.628
0.231
0.231
0.228
0.297
0.228
0.294
0.227
0.262
0.228
0.231
0.538
0.549
0.252
0.23
0.231
0.25
0.248
0.228
0.225
0.321
0.624
0.297
0.58
0.321
0.231
0.228
0.293
0.23
0.229
0.31
0.228
0.229
0.248
0.227
0.228
0.317
0.317
0.23
0.231
0.229
0.289
0.232
0.448
0.46
0.306
0.29
0.811
0.344
0.395
0.397
0.316
0.311
0.228
0.29
0.231
0.295
0.297
0.314
0.227
0.291
0.295
0.228
0.228
0.227
0.291
0.227
0.228
0.289
0.235
0.234
0.228
0.342
0.303
0.311
0.674
0.842
0.229
0.291
0.287
0.288
0.229
0.402
0.228
0.229
0.226
0.224
0.291
0.227
0.226
0.228
0.291
0.289
0.227
0.376
0.227
0.225
0.227
0.226
0.295
0.226
0.227
0.295
0.228
0.264
0.288
0.224
0.231
0.227
0.495
0.3
0.228
0.231
0.226
0.229
0.225
0.295
0.334
0.229
0.23
0.239
0.224
0.299
0.227
0.304
0.29
0.265
0.228
0.225
0.225
0.226
0.294
0.227
0.225
0.294
0.228
0.269
0.293
0.231
0.291
0.293
0.333
0.687
0.592
0.228
0.244
0.229
0.232
0.568
0.296
0.227
0.228
0.228
0.229
0.228
0.227
0.295
0.228
0.228
0.229
0.232
0.227
0.232
0.292
0.227
0.294
0.229
0.239
0.685
0.302
0.607
0.229
0.246
0.227
0.244
0.249
0.228
0.23
0.25
0.225
0.228
0.228
0.245
0.23
0.294
0.359
0.234
0.572
0.291
