8.481
45.75
83.019
93.548
128.856
170.856
133.587
125.106
162.375
170.856
135.548
93.548
56.279
45.75
81.058
123.058
160.327
170.856
172.933
188.856
198.817
268.971
233.663
225.183
214.654
177.385
140.115
98.115
108.644
150.644
187.913
196.394
233.663
268.971
302.048
375.433
389.163
398.106
506.337
516.865
708.884
676.098
641.491
602.491
592.714
631.714
664.5
699.107
708.884
674.277
666.402
701.009
708.884
699.107
660.107
627.321
592.714
602.491
641.491
674.277
708.884
738.884
739.384
825.767
845.017
814.417
805.292
772.992
736.592
768.892
778.017
808.617
845.017
812.717
805.367
768.967
738.367
706.067
696.942
727.542
738.475
810.342
841.592
1055.267
1069.067
1116.4
1124.15
1157.75
1413.516
1430.469
1452.891
1459.289
1504.789
1510.039
1493.272
1561.831
1579.831
1626.301
1542.076
1591.16
1704.222
1705.347
1688.347
1644.458
1531.396
1530.271
1524.146
1561.831
1588.125
1632.014
1649.014
1568.026
1614.526
1615.592
1574.013
1572.947
1567.145
1551.039
1524.146
1561.831
1681.544
1699.544
1611.25
1655.139
1704.222
1705.347
1733.603
1727.581
1722.64
1701.537
1632.978
1590.154
1543.684
1612.243
1633.346
1513.632
1556.456
1555.265
1537.265
1530.779
1513.792
1518.458
1524.146
1561.831
1613.801
1637.208
1638.333
1655.333
1699.222
1456.476
1650.139
1606.25
1605.125
1605.125
1588.125
1561.831
1579.831
1586.316
1632.787
1655.139
1656.264
1705.347
1496.838
1480.882
1451.235
1467.191
1677.347
1615.592
1784.283
1834.493
1796.669
1811.106
1709.35
1669.85
1625.675
1710.171
1704.368
1688.263
1694.066
1719.566
1694.066
1688.263
1713.763
1633.588
1597.188
1592.988
1531.738
1513.8
1532.132
1526.743
1588.086
1569.931
1587.869
1624.269
1629.388
1633.588
1713.763
1688.263
1694.066
1719.566
1721.283
1758.651
1765.855
1782.829
1757.329
1751.526
1757.329
1782.829
1760.724
1653.612
1653.243
1729.049
1745.09
1745.479
1858.542
1881.875
1854.958
1848.833
1832.792
1779.792
1821.074
1632.537
1688.654
1877.191
1894.176
1957.588
1962.551
1998.438
1807.169
1888.617
1871.664
2199.789
2100.037
2115.993
2169.64
2225.757
2272.228
2278.713
2272.431
2277.931
2285.535
2306.785
2260.112
2261.533
2318.27
2310.638
2312.269
2377.631
2514.411
2519.411
2539.411
2535.411
2500.744
2445.244
2440.369
2501.138
2613.895
2519.6
2580.85
2585.05
2602.988
2608.106
2539.411
2562.482
2565.423
2491.994
2524.926
2568.29
2584.597
2604.142
2610.364
2646.273
2627.467
2627.772
2628.076
2700.663
2726.761
2735.37
2725.667
2792.276
2810.151
2701.185
2706.365
2741.515
2768.795
2785.955
2790.155
2796.715
2807.565
2826.315
2848.155
2862.855
2753.755
2757.793
2472.504
2240.707
2247.41
2250.035
2272.785
2300.395
2343.52
2373.941
2381.049
2430.606
2438.826
2487.917
2553.542
2559.542
2573.451
2503.011
2550.029
2566.088
2569
2498.057
2502.057
2304.526
2318.382
2321.145
2325.461
2367.53
2391.53
2392.388
2372.583
2439.468
2265.22
2267.577
2282.113
2251.297
2256.965
2270.924
2296.331
2146.571
2147.913
2217.59
2220.633
2227.193
2182.152
2151.857
2161.951
2181.826
2140.995
2145.077
2152.398
2167.184
2190.969
2234.51
2237.31
2110.67
2123.538
2132.198
2133.708
2136.745
2143.389
2138.782
2148.355
2155.309
2179.077
2196.423
2201.877
2221.741
2199.031
2208.835
2218.585
2234.277
2236.152
2241.509
2257.201
2286.129
2299.129
2311.808
2313.315
2315.815
2198.061
2205.333
2210.447
2174.056
2177.39
2073.704
2074.121
2081.562
2051.867
2052.289
2052.699
1960.787
1876.754
1885.475
1895.618
1817.716
1817.812
1830.921
1842.017
1846.435
1868.627
1871.108
1873.82
1799.854
1803.423
1803.852
1735.351
1736.991
1748.174
1684.216
1692.802
1633.056
1577.384
1577.463
1608.817
1556.356
1507.208
1514.834
1524.434
1528.242
1538.383
1541.508
1555.727
1567.867
1568.51
1572.729
1578.214
1530.389
1485.377
1486.205
1443.742
1459.317
1471.767
1472.077
1496.92
1455.339
1456.635
1417.267
1418.5
1381.171
1345.756
1349.679
1355.872
1321.975
1323.488
1291.207
1260.464
1264.643
1263.862
1272.465
1243.1
1243.1
1243.1
1243.1
1243.1
1243.908
1256.205
1261.778
1263.999
1269.461
1274.157
1274.157
1278.853
1278.853
1279.499
1283.226
1283.734
1284.383
1285.19
1291.006
1293.36
1293.36
1293.36
3907.855
3909.817
3654.829
3656.655
3665.459
3441.043
3242.522
3065.657
3890.788
3637.041
3414.365
3434.232
3236.103
3246.661
3069.57
2910.8
2912.248
2769.023
2784.982
2786.66
2656.035
2663.605
2675.418
2675.734
2555.925
2557.858
2559.901
2561.379
2568.375
2458.302
2458.402
2471.739
2370.161
2276.602
2190.149
2191.478
2111.302
2116.241
2041.55
1971.952
1906.942
1846.082
1788.987
1795.281
4049.209
4059.209
3794.478
3562.163
3569.969
3364.01
3180.518
3182.318
3017.716
2869.303
2870.713
2873.689
2738.984
2616.343
2619.052
4043.672
4044.369
3780.606
3797.041
3564.569
3358.921
3359.31
3176.075
3011.795
2863.674
2729.439
2607.226
2612.039
4031.096
4035.91
3772.698
4033.91
3770.829
3539.962
4012.701
4026.66
4028.613
4026.233
4009.302
3982.198
3953.709
3945.366
3943.413
3686.234
3460.546
3462.635
3262.868
3269.767
3271.382
3951.485
3693.78
3929.392
3908.846
3890.474
3876.515
3878.049
3886.945
3895.84
3902.555
3648.041
3650.856
3669.959
3672.935
3674.277
3449.321
3490.855
3500.742
3298.776
3118.843
2957.524
2962.502
2816.805
2839.053
2705.973
2706.482
2706.811
2585.61
2474.798
2475.088
2373.372
3997.119
3992.968
3994.503
3944.14
3949.808
3951.762
3955.576
3977.831
3718.408
3725.418
3497.332
3295.563
3321.813
3996.64
3735.989
3507.255
3994.337
3733.837
3985.994
3726.038
3982.738
3964.366
3986.552
3726.56
3498.403
3296.572
3949.375
3949.985
3692.378
3466.314
3949.358
3967.73
3970.913
3967.73
3988.939
4000.206
4020.265
4029.474
4043.433
4045.875
4054.77
4054.77
4051.515
3787.285
3791.785
3559.635
4043.631
4045.631
4007.956
4040.049
4039.291
4038.663
3775.272
4000.988
3740.054
3511.071
3516.046
3313.197
4005.221
3744.011
3514.786
4005.221
4005.98
3744.72
3746.155
3776.155
3789.204
3793.149
3800.948
3568.237
3568.849
3570.196
3364.224
3378.156
3396.56
3211.293
3045.192
4107.468
3839.59
3604.513
3396.56
3398.464
3213.093
3046.899
2897.051
2761.252
2637.614
2524.573
4076.747
4026.384
4028.686
4045.198
4047.901
3946.32
3688.951
3700.821
3474.24
3915.064
3933.436
3676.908
3680.853
3931.988
3934.291
3931.035
3931.035
3674.663
3856.497
3831.427
3824.712
3802.526
3809.241
3806.799
3832.206
3825.189
3899.727
3892.709
3914.895
3659.576
3435.52
3453.122
3933
3933
3933
3901.256
3897.442
3897.442
3875.186
3867.686
3869.64
3877.14
3624.283
3402.388
3206.096
3031.218
2874.431
2877.259
2879.069
2879.19
3878.57
3865.872
3857.529
3857.529
3861.343
3861.814
3858.558
3858.721
3836.628
3839.884
3851.151
3599.989
3602.386
3606.69
3608.973
3643.726
3897.939
3875.683
3622.921
3868.706
3872.919
3620.337
3626.989
3880.035
3626.989
3404.929
3880.035
3902.674
3912.674
3890.035
3898.93
3889.163
3876.395
3850.988
3599.837
3850.826
3867.674
3858.779
3862.593
3610.685
3389.622
3851.326
3850.567
3599.443
3833.718
3831.765
3831.765
3833.727
3834.424
3866.169
3844.959
3594.201
3650.908
3905.622
3903.18
3648.625
3425.24
3901.218
3905.439
3891.241
3881.241
3891.241
3874.73
3877.172
3854.532
3603.149
3382.548
3847.817
3596.872
3376.656
3384.921
3843.276
3592.628
3372.671
3377.645
3182.781
3838.27
3587.948
3716.177
3709.869
3698.148
3456.965
3245.314
3250.849
3251.515
3704.456
3462.861
3481.965
3687.715
3696.61
3635.948
3642.924
3649.233
3679.634
3705.041
3684.605
3692.948
3718.151
3713.5
3688.093
3686.14
3697.407
3748.89
3774.297
3528.147
3312.138
3313.893
3751.227
3713.552
3722.448
3721.75
3729.25
3730.686
3730.686
3734.898
3731.084
3735.689
3492.057
3731.875
3488.492
3721.898
3747.305
3502.916
3528.253
3771.846
3771.846
3771.846
3768.032
3768.032
3768.032
3768.032
3766.078
3758.578
3790.323
3543.128
3546.693
3329.548
3336.13
3337.844
3145.276
3163.68
2991.116
3008.461
3010.323
2854.616
2869.849
2881.608
2886.284
2744.336
3855.096
3855.096
3857.398
3605.829
3857.398
3857.398
3782.86
3536.152
3731.378
3733.331
3733.331
3733.331
3489.853
3276.189
3087.178
2918.786
2767.815
2769.297
3712.692
3725.39
3756.951
3511.932
3754.509
3755.267
3757.648
3767.067
3763.884
3753.907
3786
3539.087
3322.408
3786
3797.267
3793.055
3545.682
3550.182
3562.052
3806.355
3798.855
3776.599
3757.762
3753.157
3715.483
3473.168
3480.179
3267.107
3078.62
2910.695
2760.142
2763.265
3722.544
3724.846
3783.044
3772.142
3784.387
3537.579
3320.992
3783.776
3783.305
3774.41
3774.41
3528.253
3545.427
3670.689
3431.296
3643.584
3646.596
3635.328
3639.142
3401.807
3193.533
3009.291
3021.031
3036.608
3043.675
3049.56
2883.22
2899.802
3688.503
3661.398
3629.654
3629.654
3631.189
3631.189
3628.887
3627.352
3622.538
3520.956
3527.974
3530.985
3521.567
3523.52
3527.741
3564.919
3602.096
3367.177
3161.023
3172.227
2989.214
2826.166
2679.985
2681.795
3603.108
3605.811
3618.509
3586.416
3592.724
3596.945
3362.361
3596.945
3588.602
3586.648
3586.648
3586.648
3584.267
3586.648
3352.736
3147.467
3149.181
2967.498
2805.634
2660.515
2667.756
3596.407
3361.859
3364.674
3366.899
3551.436
3319.821
3548.424
3548.262
3517.86
3559.43
3560.041
3557.477
3556.718
3553.706
3531.52
3527.308
3541.506
3310.538
3525.645
3542.494
3521.285
3504.913
3504.424
3504.424
3496.924
3494.971
3472.715
3440.971
3440.971
3437.157
3437.157
3445.703
3467.959
3475.459
3248.799
3249.239
3453.744
3485.488
3489.302
3261.739
3263.965
3265.791
3065.844
2888.969
3493.637
3495.599
3500.587
3525.791
3295.848
3503.605
3504.302
3517
3500.151
3271.88
3484.291
3486.672
3469.823
3447.183
3447.183
3447.183
3438.288
3425.59
3420.985
3404.055
3423.468
3423.468
3423.468
3428.456
3417.189
3194.329
3417.189
3419.189
3424.003
3426.003
3424.049
3200.742
3004.778
3013.043
3017.084
3434.817
3210.807
3014.227
3024.115
3387.887
3399.154
3397.192
3397.192
3386.291
3383.849
3369.651
3407.683
3401.375
3401.375
3412.642
3405.666
3402.483
3405.494
3423.076
3199.832
3213.103
3435.837
3453.419
3453.419
3439.459
3457.041
3439.459
3431.116
3414.186
3431.035
3431.035
3207.272
3418.791
3445.895
3385.233
3164.457
3168.761
3389.837
3389.674
3408.512
3186.217
2991.143
3019.857
3440.762
3450.529
3225.495
3434.017
3442.913
3442.913
3442.913
3480.09
3484.311
3483.683
3471.439
3478.416
3495.265
3495.753
3547.235
3547.235
3521.828
3292.144
3090.584
3099.952
3520.259
3520.956
3525.945
3523.983
3538.18
3307.429
3533.959
3535.922
3535.922
3558.177
3558.177
3602.131
3564.953
3571.669
3561.692
3329.408
3560.157
3546.198
3541.977
3557.837
3560.279
3542.698
3537.029
3547.029
3547.029
3530.18
3546.552
3546.552
3315.255
3544.599
3544.599
3540.785
3540.785
3518.529
3518.529
3511.029
3479.285
3252.375
3254.201
3054.964
3058.311
2881.87
2724.677
2583.746
2589.306
3470.366
3481.267
3501.814
3504.116
3275.587
3501.735
3273.361
3501.125
3501.125
3272.791
3275.606
3296.41
3094.589
3095.125
3466.34
3440.933
3441.561
3217.111
3020.145
3441.561
3217.111
3439.119
3407.558
3404.547
3405.017
3402.576
3403.047
3181.109
3390.279
3409.116
3403.448
3386.936
3372.738
3152.777
3372.738
3376.951
3428.433
3427.962
3427.962
3427.799
3434.776
3210.769
3434.776
3387.448
3429.017
3427.483
3427.483
3407.047
3407.047
3406.288
3406.288
3184.139
3397.741
3404.718
3372.974
3374.41
3360.212
3323.035
3106.315
2916.133
3320.471
3320.471
3334.43
3339.244
3121.467
3122.81
3132.788
3351.355
3354.058
3135.315
3141.212
3348.122
3330.541
3113.332
3326.727
3109.766
3324.773
3313.506
3311.506
3301.506
3240.843
3029.484
3041.418
2855.209
3247.302
3035.522
3240.186
3278.218
3303.288
3087.856
3301.288
3279.102
3290.369
3288.067
3279.172
3065.313
3279.172
3330.654
3338.997
3351.765
3346.951
3346.951
3346.951
3340.235
3313.131
3303.712
3088.253
2899.176
3278.305
3278.305
3278.305
3267.631
3054.524
3065.97
3257.235
3274.166
3274.166
3279.154
3279.154
3281.718
3251.317
3240.049
3271.61
3254.762
3042.495
3254.762
3256.297
3276.843
3272.631
3059.198
3078.405
2889.931
2899.497
2917.099
2926.987
2959.612
3372.581
3365.081
3365.081
3365.081
3363.128
3359.314
3359.314
3359.314
3359.314
3140.228
3142.054
3145.62
2953.031
2782.663
2630.882
2494.802
2500.362
2502.776
3375.837
3372.654
3152.698
3372.654
3419.983
3416.727
3416.727
3372.773
3152.81
3187.563
3409.951
3409.951
3423.91
3415.567
3415.567
3415.567
3415.567
3419.779
3422.16
3422.16
3422.16
3439.09
3460.802
3460.044
3474.241
3483.451
3505.706
3277.073
3498.73
3516.311
3538.023
3538.023
3307.283
3538.023
3538.023
3545.523
3544.913
3313.723
3544.913
3552.029
3552.029
3542.262
3547.076
3547.076
3315.745
3538.18
3486.698
3259.304
3267.913
3488.791
3261.261
3061.592
3079.622
2901.952
2920.673
3526.308
3296.332
3523.866
3521.163
3517.349
3531.547
3549.128
3549.128
3551.09
3544.782
3564.84
3504.177
3495.282
3267.329
3495.282
3495.282
3495.282
3495.282
3495.445
3490.84
3495.828
3497.265
3497.265
3507.939
3522.137
3547.544
3522.34
3522.34
3529.055
3529.544
3554.951
3538.02
3538.02
3521.509
3521.509
3291.845
3300.649
3098.569
3100.658
3531.872
3530.436
3530.436
3300.19
3493.259
3509.119
3489.061
3501.828
3489.131
3477.863
3487.631
3495.131
3499.735
3490.317
3487.134
3498.401
3517.238
3517.238
3517.238
3287.853
3504.541
3502.578
3505.02
3504.41
3504.41
3508.622
3525.471
3295.549
3525.471
3527.471
3527.471
3537.471
3518.058
3527.826
3297.75
3486.256
3491.244
3513.5
3513.5
3284.359
3492.291
3529.468
3531.849
3519.151
3544.558
3542.116
3542.116
3535.401
3513.215
3438.677
3463.747
3470.462
3244.128
3264.867
3282.476
3289.486
3088.089
3088.64
3515.392
3517.834
3288.41
3303.845
3534.346
3550.718
3550.718
3319.149
3550.718
3533.869
3303.399
3522.602
3522.602
3522.602
3522.602
3520.221
3520.221
3518.267
3518.267
3514.453
3514.453
3512.5
3512.5
3512.5
3505
3505
3276.413
3075.816
2898.365
2899.981
2903.135
2744.782
2602.81
2608.371
2613.647
2615.412
2618.239
3531.578
3530.044
3530.206
3534.427
3537.61
3306.897
3330.647
3546.169
3546.169
3583.843
3601.424
3638.602
3641.305
3642.84
3622.782
3386.514
3620.34
3620.34
3622.782
3623.253
3630.27
3627.828
3625.526
3622.515
3622.515
3622.515
3584.483
3603.32
3603.32
3590.622
3588.241
3593.91
3593.91
3593.91
3593.212
3596.395
3596.395
3594.093
3592.14
3592.14
3357.87
3377.696
3602.674
3613.576
3377.908
3613.576
3614.064
3615.599
3379.799
3615.128
3379.359
3563.645
3563.645
3567.866
3567.866
3335.179
3130.985
3132.699
2951.966
3569.82
3591.532
3594.544
3598.695
3363.997
3158.038
2975.844
2813.525
3594.483
3615.692
3615.692
3617.692
3622.506
3622.506
3622.506
3611.605
3611.605
3611.605
3611.605
3611.605
3604.105
3604.105
3611.605
3376.065
3169.367
2986.519
2823.618
2677.569
3611.605
3611.605
3579.512
3579.512
3618.337
3618.337
3609.442
3587.186
3580.169
3580.169
3580.169
3601.378
3621.924
3621.924
3621.924
3640.762
3650.18
3641.285
3638.843
3629.634
3392.918
3627.253
3629.555
3618.288
3614.067
3612.105
3620.448
3612.105
3612.105
3580.012
3582.392
3583.828
3350.101
3370.84
3588.433
3577.166
3607.567
3617.334
3623.003
3386.72
3613.003
3606.695
3604.695
3602.253
3612.02
3376.454
3384.253
3388.753
3624.689
3620.084
3588.523
3588.523
3592.337
3592.337
3592.337
3574.756
3574.756
3571.573
3562.677
3576.875
3343.601
3138.89
3576.875
3343.601
3570.567
3570.567
3570.567
3337.704
3343.601
3138.89
3576.875
3576.875
3573.061
3573.061
3573.061
3571.108
3563.608
3563.608
3331.198
3338.209
3367.883
3161.686
2979.281
2980.897
2818.302
2821.284
2837.866
3610.991
3611.619
3611.619
3611.619
3611.619
3611.619
3611.619
3612.317
3612.317
3612.317
3602.317
3601.619
3604.631
3637.352
3645.695
3649.907
3645.093
3662.674
3423.804
3653.256
3660.273
3657.831
3640.983
3403.527
3409.424
3647.291
3609.259
3622.026
3622.026
3621.863
3628.578
3631.59
3624.875
3624.875
3604.439
3593.172
3593.172
3574.799
3569.811
3567.108
3597.509
3595.974
3361.454
3595.974
3595.974
3573.718
3573.718
3573.718
3574.189
3572.189
3572.189
3572.189
3572.189
3567.968
3565.666
3565.666
3566.294
3550.433
3548.48
3561.177
3542.34
3509.619
3492.689
3483.27
3480.259
3483.515
3256.329
3483.515
3476.015
3476.015
3476.015
3475.544
3475.544
3475.544
3512.721
3512.721
3520.221
3520.221
3501.849
3501.849
3533.942
3526.965
3542.826
3524.453
3524.453
3531.169
3531.169
3529.634
3529.634
3299.44
3300.027
3530.262
3538.605
3538.605
3533.616
3543.616
3312.511
3542.18
3542.18
3561.593
3561.593
3524.416
3562.448
3548.25
3545.869
3314.617
3534.602
3536.555
3305.91
3314.226
3545.451
3545.451
3559.648
3558.113
3326.063
3558.113
3558.113
3326.063
3558.113
3326.063
3326.772
3330.337
3553.791
3590.968
3356.774
3151.258
3153.63
3591.672
3584.956
3589.608
3594.259
3607.026
3371.785
3585.817
3351.959
3355.897
3576.07
3585.279
3602.128
3602.128
3614.826
3623.169
3623.169
3623.169
3615.669
3583.924
3581.971
3581.971
3581.971
3578.157
3557.61
3553.797
3322.027
3541.029
3527.07
3531.721
3531.721
3536.709
3306.054
3536.709
3597.372
3362.761
3156.878
3168.082
3598.872
3364.163
3598.872
3603.477
3603.477
3603.477
3368.467
3602.779
3565.602
3565.602
3576.503
3343.253
3343.823
3572.892
3568.288
3566.326
3568.279
3335.565
3564.058
3331.62
3549.86
3531.023
3531.023
3531.023
3530.265
3531.799
3531.799
3517.602
3519.904
3520.067
3520.067
3290.497
3515.078
3463.596
3446.747
3446.747
3446.747
3446.747
3426.689
3203.209
3233.209
3035.258
2860.147
3450.235
3425.032
3442.613
3432.846
3433.009
3430.706
3482.189
3482.189
3255.09
3055.798
3456.782
3439.201
3446.317
3451.985
3452.456
3452.456
3475.096
3472.084
3472.084
3467.27
3487.328
3486.57
3482.358
3481.887
3482.515
3471.613
3444.509
3219.867
3444.346
3427.834
3450.474
3472.66
3472.66
3465.544
3465.544
3474.753
3474.753
3506.314
3506.314
3499.198
3497.198
3480.349
3497.198
3466.797
3471.448
3493.703
3493.703
3493.703
3503.703
3275.201
3496.203
3268.19
3068.097
2891.091
2899.341
2900.611
3480.61
3483.052
3462.616
3462.616
3472.035
3482.936
3499.448
3497.448
3269.353
3497.448
3501.599
3273.234
3501.599
3273.234
3293.973
3323.973
3120.464
3555.878
3556.576
3557.047
3577.105
3577.105
3580.36
3580.36
3346.859
3580.36
3542.328
3551.224
3319.622
3537.026
3533.843
3515.006
3512.625
3533.172
3302.747
3522.497
3292.769
3303.302
3531.061
3493.387
3265.557
3482.485
3481.997
3438.044
3440.346
3441.782
3441.782
3435.474
3442.189
3442.189
3421.642
3426.456
3443.305
3218.742
3239.905
3244.253
3470.596
3470.596
3481.497
3509.985
3520.887
3291.264
3308.438
3327.541
3346.644
3521.933
3517.328
3547.73
3316.356
3113.314
3117.01
2937.183
2948.726
2965.716
2972.615
2986.269
2823.382
2840.727
3633.488
3631.535
3631.535
3631.535
3629.573
3612.724
3612.724
3575.547
3342.359
3137.724
3142.102
2960.827
3543.358
3521.102
3526.09
3526.09
3296.128
3522.276
3524.23
3526.672
3296.671
3504.959
3504.959
3483.247
3480.805
3460.259
3234.59
3446.061
3427.224
3414.98
3401.02
3396.206
3378.625
3411.346
3359.863
3350.445
3325.038
3325.648
3318.672
3316.709
3275.14
3265.93
3266.401
3255.134
3245.715
3247.669
3035.864
3245.669
3283.701
3283.701
3279.488
3278.052
3064.266
3278.052
3281.235
3295.195
3295.195
3332.372
3334.814
3339.465
3332.488
3332.488
3332.488
3115.152
3330.108
3282.779
3299.291
3310.558
3303.541
3303.703
3088.245
3095.255
3095.408
3099.353
3315.587
3099.353
3103.701
3112.505
3329.657
3112.505
3131.712
3138.364
3155.538
2962.342
2962.755
2791.827
3376
3155.826
3363.233
3363.233
3365.195
3353.927
3349.706
3347.404
3129.095
3159.965
3380.427
3389.323
3389.323
3168.28
3389.323
3363.916
3363.916
3333.515
3331.561
3342.828
3374.573
3154.492
2961.36
2790.512
2792.481
3368.61
3367.174
3147.576
3171.326
3392.581
3376.209
3376.209
3380.814
3385.628
3365.081
3350.884
3132.348
3141.674
3146.337
3365.849
3362.837
3362.14
3355.424
3308.096
3307.933
3298.166
3083.068
2894.309
2727.329
2727.464
2578.693
3289.782
3311.494
3311.965
3321.384
3368.712
3352.34
3355.044
3353.044
3353.206
3361.753
3142.508
3151.313
2958.375
3369.218
3369.218
3394.288
3397.471
3407.448
3410.151
3410.151
3413.407
3413.407
3416.11
3193.321
3197.668
3001.893
3005.597
2832.197
3412.215
3189.679
3193.245
3203.435
3419.43
3196.424
3405.233
3397.733
3379.36
3358.814
3358.814
3358.814
3358.343
3351.227
3369.599
3370.07
3150.283
2957.408
2786.788
2634.782
3367.767
3370.779
3150.946
3170.772
3182.641
3402.305
3423.515
3200.242
3209.372
3228.122
3453.34
3433.282
3432.672
3425.555
3430.16
3426.346
3437.02
3455.392
3450.578
3447.395
3436.721
3212.587
3216.891
3389.843
3389.843
3168.766
3197.185
3215.935
3440.302
3215.935
3219.196
3441.349
3216.913
3019.959
3437.535
3437.535
3439.497
3514.035
3518.247
3505.48
3493.235
3493.235
3474.398
3247.807
3048.962
3468.73
3466.288
3466.288
3466.288
3475.183
3485.858
3485.858
3494.753
3494.753
3494.753
3494.753
3494.753
3494.753
3494.753
3487.253
3480.538
3480.538
3458.352
3433.282
3455.468
3230.111
3236.389
3038.242
3459.172
3233.573
3035.599
3459.172
3427.61
3204.071
3427.61
3429.145
3435.86
3211.783
3435.86
3441.529
3431.529
3207.734
3210.549
3434.541
3429.89
3455.297
3454.826
3467.523
3471.744
3459.047
3459.047
3475.558
3476.186
3493.035
3536.988
3537.459
3547.459
3547.459
3510.282
3514.503
3528.701
3503.631
3492.363
3491.892
3473.52
3473.52
3473.52
3473.52
3473.52
3473.991
3494.538
3512.91
3283.807
3082.758
2904.906
2746.457
2604.399
2606.813
2612.998
2613.56
3522.887
3293.133
3300.932
3530.759
3543.456
3562.869
3541.66
3528.892
3543.09
3543.578
3312.476
3109.671
3111.018
3545.113
3556.015
3324.101
3120.584
3553.003
3321.285
3542.102
3554.799
3556.235
3553.672
3553.201
3321.47
3546.183
3541.369
3538.113
3541.369
3310.41
3325.845
3326.554
3551.924
3556.576
3552.355
3584.448
3350.679
3584.448
3350.679
3371.418
3574.541
3557.61
3549.267
3531.686
3301.359
3099.235
3107.5
3108.166
2928.849
2929.238
2769.461
2769.952
2782.861
2638.92
3559.474
3559.474
3546.776
3555.119
3323.264
3323.72
3545.84
3529.98
3299.764
3529.98
3529.98
3523.003
3518.015
3506.747
3484.108
3493.875
3266.014
3066.054
3493.875
3266.014
3267.448
3067.401
3069.49
3497.791
3497.791
3476.581
3476.581
3478.962
3472.654
3470.701
3457.933
3457.462
3459.462
3453.794
3463.003
3480.584
3461.747
3461.747
3459.305
3453.637
3444.427
3444.916
3448.099
3473.302
3454.93
3454.93
3454.459
3433.913
3433.913
3433.913
3441.029
3216.614
3217.054
3020.092
3038.122
3054.245
3479.791
3462.942
3237.098
3038.908
3460.5
3451.291
3226.207
3433.709
3413.273
3411.837
3409.535
3411.497
3412.195
3433.907
3452.744
3227.565
3452.116
3459.233
3473.192
3453.134
3227.929
3235.728
3460.041
3458.506
3458.506
3462.727
3480.308
3458.052
3232.527
3458.052
3473.913
3477.096
3250.329
3477.096
3486.305
3486.305
3486.794
3484.84
3489.052
3261.505
3479.634
3484.622
3477.907
3495.488
3490.674
3541.038
3549.381
3317.899
3362.141
3595.174
3595.174
3360.707
3590.57
3592.006
3357.745
3592.006
3591.843
3582.076
3582.076
3585.087
3351.277
3374.712
3605.506
3605.506
3611.174
3610.547
3606.326
3371.13
3599.61
3579.552
3579.552
3584.157
3568.297
3577.506
3577.506
3585.006
3580.017
3346.538
3577.576
3344.255
3577.576
3559.994
3327.821
3549.32
3600.802
3598.422
3587.52
3609.233
3620.5
3657.677
3635.422
3646.096
3646.096
3658.794
3641.212
3666.416
3658.073
3635.887
3635.887
3631.674
3611.128
3615.942
3606.174
3568.997
3550.625
3550.625
3543.509
3543.509
3543.038
3522.491
3543.038
3561.41
3329.144
3335.796
3131.564
3131.977
3568.997
3568.997
3564.009
3564.009
3557.701
3605.029
3605.029
3598.721
3598.721
3364.022
3598.721
3559.895
3529.494
3545.866
3314.614
3320.511
3117.214
3124.536
3127.883
3542.076
3552.076
3547.471
3547.471
3316.114
3324.918
3327.071
3361.823
3596.369
3596.369
3606.137
3606.137
3370.954
3606.137
3607.672
3585.032
3585.52
3588.224
3567.677
3335.003
3567.677
3567.515
3564.811
3565.422
3578.119
3615.297
3379.516
3615.297
3647.39
3655.733
3417.315
3208.092
3652.477
3652.314
3656.465
3656.465
3658.419
3658.419
3649
3650.953
3412.848
3650.953
3670.366
3647.727
3409.832
3647.727
3651.948
3651.948
3653.901
3653.413
3631.227
3394.408
3631.227
3394.408
3631.227
3631.064
3593.887
3359.503
3589.674
3591.628
3589.247
3589.247
3557.154
3561.375
3577.235
3560.387
3558.852
3326.753
3558.852
3540.48
3540.48
3540.009
3519.462
3512.346
3502.346
3498.532
3498.532
3498.532
3497.096
3492.445
3264.677
3462.044
3470.939
3438.218
3417.009
3412.358
3432.904
3209.019
3229.315
3249.141
3050.214
3068.148
2891.139
2892.327
3479.326
3488.221
3260.728
3488.221
3485.038
3505.584
3505.584
3509.073
3541.794
3541.794
3310.807
3516.387
3516.997
3516.997
3484.276
3483.648
3488.299
3469.927
3465.323
3465.323
3473.666
3504.067
3275.541
3482.858
3482.23
3479.218
3474.404
3457.892
3232.378
3034.477
2859.411
3457.892
3462.544
3236.726
3452.544
3449.84
3454.654
3454.654
3444.887
3482.064
3473.169
3505.262
3505.262
3473.701
3448.294
3469.503
3461.16
3435.753
3211.682
3217.579
3224.101
3224.541
3027.12
3444.52
3433.846
3450.695
3413.517
3414.215
3411.203
3432.413
3208.56
3215.212
3439.041
3442.297
3217.799
3020.791
2846.514
2858.255
2702.35
2708.214
2721.959
3474.076
3466.576
3240.495
3466.576
3516.939
3516.939
3513.683
3284.53
3287.573
3479.762
3505.169
3505.169
3276.571
3294.717
3093
2914.558
2920.76
2761.445
2618.612
2489.828
2504.779
2506.684
2514.627
2396.754
2289.437
2191.318
2195.193
2195.659
3571.317
3557.119
3557.119
3559.073
3326.959
3331.622
3338.633
3349.166
3582.828
3582.828
3566.317
3574.66
3591.172
3356.965
3586.52
3352.617
3579.805
3598.177
3597.549
3597.549
3362.927
3157.033
3597.549
3577.491
3344.177
3139.431
2958.31
3577.491
3574.48
3553.27
3321.535
3549.049
3549.049
3544.445
3313.285
3541.433
3537.221
3306.533
3104.092
3530.105
3534.326
3534.326
3303.826
3529.674
3508.465
3508.465
3499.57
3271.337
3498.134
3510.831
3508.529
3510.064
3505.852
3505.224
3502.843
3471.099
3423.77
3423.77
3437.73
3440.032
3477.706
3486.916
3259.508
3059.946
3079.416
3509.102
3280.247
3079.416
3509.102
3514.77
3500.573
3272.274
3500.573
3500.573
3497.869
3487.869
3475.172
3452.985
3490.163
3499.372
3499.372
3490.477
3485.826
3485.826
3485.826
3476.93
3481.919
3254.837
3479.956
3490.858
3490.858
3491.328
3491.328
3532.898
3535.279
3531.058
3549.43
3317.946
3319.78
3531.98
3531.98
3301.633
3099.492
3121.61
3131.497
3145.865
3576.48
3595.317
3620.52
3607.823
3597.846
3592.858
3358.541
3369.073
3591.358
3605.317
3596.77
3605.98
3618.677
3639.887
3402.503
3630.677
3668.709
3694.116
3691.814
3691.814
3683.471
3684.23
3443.954
3662.517
3662.517
3651.616
3650.919
3634.07
3655.279
3416.891
3418.761
3646.012
3643.308
3643.145
3643.773
3643.015
3665.201
3681.712
3681.712
3441.601
3449.399
3676.096
3671.945
3671.945
3671.945
3671.945
3671.945
3672.703
3672.703
3655.122
3617.09
3616.331
3616.331
3616.331
3616.331
3615.86
3599.349
3589.93
3589.302
3355.217
3149.796
3158.061
3158.727
2976.493
2977.012
2977.401
2991.055
3004.171
3005.44
2841.507
2842.707
2860.052
3653.985
3653.985
3650.73
3650.73
3650.73
3650.73
3683.451
3683.451
3682.98
3682.98
3687.794
3447.285
3453.182
3684.683
3444.378
3459.682
3247.865
3060.488
3700.567
3722.279
3700.567
3690.59
3449.899
3690.59
3449.899
3690.59
3689.055
3686.674
3679.174
3680.61
3696.471
3703.186
3651.703
3413.549
3204.556
3614.526
3613.916
3553.253
3543.253
3537.584
3306.872
3309.024
3530.468
3530.468
3532.43
3302.054
3524.087
3294.255
3486.91
3494.026
3495.462
3495.462
3533.494
3524.076
3536.32
3536.93
3528.587
3565.765
3545.328
3541.177
3541.177
3310.231
3107.564
3117.13
3547.427
3538.532
3538.532
3538.532
3534.32
3526.82
3530.634
3530.634
3300.375
3302.658
3529.262
3518.36
3516.826
3507.058
3507.058
3507.669
3502
3502
3504.703
3537.424
3520.913
3291.288
3311.114
3510.029
3508.067
3506.113
3277.454
3076.793
3506.113
3277.454
3296.204
3331.755
3563.445
3613.808
3615.77
3617.305
3620.317
3384.209
3618.317
3382.34
3618.317
3617.558
3381.63
3606.657
3603.645
3616.413
3380.56
3605.738
3606.497
3603.794
3368.764
3592.526
3567.323
3568.759
3612.712
3632.77
3657.974
3419.41
3627.573
3646.41
3624.224
3624.224
3617.509
3617.509
3620.212
3615.608
3653.64
3675.826
3436.098
3441.995
3231.26
3253.26
3065.572
3678.715
3699.924
3458.625
3460.495
3248.628
3701.924
3709.424
3709.424
3467.505
3255.209
3704.82
3702.439
3686.578
3684.616
3674.64
3674.64
3693.012
3688.791
3697.134
3692.145
3692.843
3699.151
3698.453
3704.762
3704.762
3705.233
3682.593
3682.105
3698.616
3666.523
3667.282
3666.811
3666.811
3673.828
3635.797
3624.895
3624.895
3388.489
3623.36
3623.36
3623.36
3387.054
3387.511
3394.071
3624.151
3623.392
3626.648
3626.648
3684.846
3688.66
3667.451
3428.269
3667.451
3670.462
3661.044
3422.28
3661.044
3681.48
3681.48
3681.48
3681.48
3441.383
3230.686
3237.268
3239.911
3257.941
3259.696
3259.839
3071.772
2904.22
2912.566
2926.93
3743.747
3759.608
3514.416
3759.608
3514.416
3524.948
3770.875
3791.311
3791.311
3544.052
3327.069
3335.151
3800.032
3800.032
3800.032
3799.334
3799.334
3781.753
3781.282
3767.323
3767.323
3745.137
3741.881
3737.23
3736.759
3689.43
3672.581
3672.581
3672.581
3667.593
3665.151
3664.663
3659.849
3651.506
3651.506
3629.32
3629.32
3629.157
3624.169
3624.169
3624.169
3599.099
3555.145
3557.709
3568.977
3543.57
3543.57
3543.57
3529.372
3529.372
3524.721
3524.721
3524.721
3513.453
3471.884
3471.884
3455.372
3455.372
3448.256
3444.035
3441.331
3430.43
3426.209
3426.209
3413.512
3413.512
3411.977
3399.279
3399.279
3399.279
3374.209
3371.026
3370.416
3370.416
3370.416
3365.602
3364.067
3342.355
3340.401
3307.378
3307.378
3307.378
3291.517
3291.517
3290.89
3290.89
3286.677
3286.677
3270.305
3270.305
3270.305
3261.962
3252.195
3237.997
3200.82
3195.831
3195.831
3178.25
3153.047
3150.483
3139.215
3150.483
2945.016
3075.945
3073.983
3073.983
3064.773
3017.445
3017.445
3017.445
3015.445
3015.445
3015.445
3009.137
3009.137
3015.445
3004.177
2999.363
2998.892
2803.313
2989.683
2794.704
2976.985
2939.808
2939.808
2932.831
2982.786
2975.107
2966
2956
2956
2946.571
2933.571
2911.857
2860.295
2860.295
2860.295
2838.065
2838.065
2812.262
2802.024
2798.69
2779.405
2778.923
2778.923
2739.985
2739.985
2687.277
2687.277
2665.563
2626.625
2626.625
2624.625
2586.563
2560.551
2560.551
2508.988
2501.31
2504.568
2515.497
2528.497
2540.033
2536.461
2536.461
2497.524
2497.524
2492.417
2492.583
2552.167
2531.631
2531.631
2509.917
2498.756
2490.214
2473.31
2472.533
2472.533
2462.89
2462.408
2462.408
2462.408
2461.765
2498.526
2507.945
2546.77
2563.282
2563.753
2564.512
2565.14
2592.244
2580.977
2580.977
2580.977
2572.634
2572.634
2572.634
2569.451
2547.265
2542.613
2509.892
2506.881
2506.881
2481.474
2468.776
2452.265
2452.265
2440.997
2452.265
2454.828
2446.485
2443.474
2443.474
2441.52
2441.52
2441.52
2434.404
2434.404
2423.503
2423.503
2422.892
2416.584
2415.956
2415.956
2415.956
2412.142
2403.799
2393.125
2381.858
2369.16
2365.977
2369.16
2381.858
2393.125
2403.799
2394.59
2394.59
2394.59
2374.154
2374.154
2341.433
2325.061
2322.619
2315.503
2299.131
2296.427
2264.334
2264.334
2248.474
2229.637
2207.451
2189.078
2189.078
2179.869
2179.869
2164.009
2152.741
2130.555
2127.372
2052.834
2020.113
2015.962
2005.962
2003.259
2013.259
2015.962
2020.113
2023.297
2056.017
2130.555
2152.741
2141.474
2130.799
2127.616
2114.919
2089.715
2089.715
2089.715
2102.413
2102.413
2113.68
2124.355
2110.395
2108.442
2111.625
2111.625
2108.442
2078.041
2057.494
2046.227
2046.227
2046.227
2045.529
2045.529
2034.855
2032.855
2030.552
2030.552
2027.988
2016.721
2027.988
2027.988
2005.802
2008.366
2006.93
1998.035
1996.599
1994.645
1990.424
1988.122
1950.945
1948.241
1948.241
1948.241
1944.985
1940.765
1940.765
1940.067
1929.392
1929.392
1973.283
1952.247
1952.08
1944.402
1941.318
1922.509
1922.509
1925.592
1944.402
1955.33
1963.009
2059.259
2110.821
2131.857
2133.905
2134.071
2123.143
2111.607
2108.348
2095.348
2108.348
2119.277
2122.536
2134.071
2134.071
2134.071
2125.53
2105.655
2100.726
2088.19
2066.476
2053.476
2036.226
2003.369
2003.369
2003.369
2003.369
2003.369
2000.601
2027.152
2015.335
2015.335
2049.97
2052.805
2130.979
2142.796
2186.393
2226.28
2248.524
2095.216
2248.524
2241.909
2241.909
2241.909
2221.549
2221.549
2200
2200
2200
2198.39
2198.39
2198.39
2198.39
2181.756
2181.756
2160.207
2157.71
2157.71
2194.603
2194.603
2187.822
2163.972
2163.972
2159.434
2158.778
2212.548
2212.548
2212.548
2200.125
2186.125
2174.356
2170.846
2184.846
2196.615
2209.038
2212.548
2210.965
2240.398
2240.398
2240.398
2277.639
2277.639
2277.639
2276.929
2273.949
2260.855
2252.139
2249.463
2247.182
2247.182
2247.182
2243.128
2304.708
2304.708
2304.708
2279.375
2274.819
2274.819
2244.875
2244.875
2218.375
2244.875
2333.906
2341.927
2371.872
2371.872
2371.872
2371.872
2370.156
2367.313
2352.146
2336.979
2323.521
2319.719
2306.969
2322.135
2334.885
2348.344
2352.146
2351.24
2348.896
2288.74
2288.74
2258.635
2236.135
2235.229
2231.34
2231.34
2210.34
2210.34
2210.34
2206.451
2189.493
2180.535
2180.535
2180.535
2189.493
2210.493
2214.382
2253.465
2313.622
2330.58
2403.038
2407.997
2407.997
2398.031
2403.99
2448.396
2498.049
2511.507
2318.314
2345.955
2352.205
2362.359
2542.549
2542.549
2497.549
2497.549
2497.549
2497.549
2475.604
2538.586
2534.675
2521.561
2505.961
2492.118
2491.539
2481.289
2469.975
2462.225
2457.539
2457.539
2457.539
2446.225
2446.225
2445.454
2397.754
2397.175
2396.243
2375.957
2342.657
2331.086
2215.586
2263.286
2263.864
2264.636
2265.568
2086.707
1934.021
1943.899
1961.216
2290.461
2243.736
2243.736
2236.125
2210.279
2210.279
2210.279
2210.279
2201.787
2193.809
2187.721
2171.574
2171.574
2170.614
2170.614
2235.402
2233.402
2236.742
2265.034
2292.67
2292.67
2292.67
2283.527
2283.527
2255.235
2212.598
2184.962
2184.962
2158.333
2136.818
2136.818
2134.818
2134.818
2134.818
2134.606
2123.109
2189.468
2270.194
2270.419
2270.419
2270.419
2242.597
2217.113
2207.379
2198.629
2198.629
2189.879
2189.879
2137.195
2145.672
1961.757
2145.672
2117.172
1990.844
1976.5
1951.813
2014.548
1986.048
1981.871
1912.012
1909.238
1898.835
1837.867
1837.867
1875.463
1874.763
1874.763
1874.763
1874.529
1874.529
1874.529
1874.529
1942.367
1951.992
1965.992
1966.225
1910.575
1886.908
1886.008
1886.008
1872.508
1871.833
1870.746
1870.746
1847.996
1848.649
1871.552
1884.617
1952.051
2004.223
2005.242
2006.086
1999.617
1995.984
1981.336
1881.176
1866.832
1833.145
1810.957
1805.832
1812.301
1845.988
1946.148
1951.273
1965.922
1988.109
2002.453
2006.086
1972.398
1872.238
1842.426
1833.402
1863.215
1896.902
1905.926
2006.086
2000.508
2000.508
2000.508
1996.461
1967.285
1967.285
1982.426
2009.887
2015.465
2019.512
2035.965
2065.141
2020.766
1992.266
2003.778
1946.117
1942.367
1990.963
1990.963
1949.095
2059.616
2091.065
2107.772
2172.263
2226.775
2024.341
2027.864
1858.875
1867.375
1872.931
1895.431
1903.451
1908.007
1929.951
1974.358
2364.634
2364.392
2364.634
2450.927
2441.573
2510.772
2510.772
2528.772
2538.46
2631.961
2605.892
2599.737
2588.616
2583.789
2582.906
2655.958
2703.995
2620.702
2530.25
2582.361
2587.546
2615.546
2599.478
2621.281
2632.799
2725.96
2684.335
2658.978
2658.254
2513.879
2454.254
2530.153
2529.153
2625.173
2652.481
2616.074
2617.282
2355.554
2394.404
2407.904
2408.579
2409.479
2642.62
2642.361
2642.361
2642.361
2642.361
2642.361
2671.62
2711.546
2440.392
2471.513
2471.746
2481.746
2488.346
2515.346
2437.762
2453.391
2455.383
2473.093
2476.649
2486.383
2493.302
2494.173
2496.895
2497.573
2502.411
2753.223
2851.111
2566
2582.15
2829.13
2793.796
2783.102
2766.87
2890.144
2931.606
2942.712
2869.056
2851.111
2851.111
2869.056
2770.527
2681.152
2680.902
2674.75
2674.991
2673.866
2673.866
2659.901
2635.418
2634.487
2576.918
2576.22
2626.603
2372.415
2373.468
2164.044
2164.64
2165.434
2177.346
2000.804
2019.993
2636.705
2636.705
2632.554
2632.554
2615.25
2556.844
2442.375
2383.111
2532.833
2566.611
2538.786
2542.938
2657.406
2614.737
2671.129
2687.836
2671.129
2762.589
2779.893
2783.83
2817.902
2545.202
2320.625
2380.482
2187.47
2023.409
2063.909
2078.916
1933.875
2936.536
2903.964
2900.027
2933.371
2965.942
2867.47
2850.763
2846.961
2837.608
2656.573
2639.194
2628.073
2623.353
2622.228
2597.746
2598.871
2603.591
2359.504
2381.691
2382.512
2458.314
2471.042
2474.966
2615.625
2579.692
2547.892
2538.267
2514.6
2513.925
2512.838
2499.338
2499.338
2498.438
2498.438
2498.438
2499.525
2513.025
2513.7
2569.35
2608.2
2609.1
2655.339
2678.242
2594.097
2548.71
2478.851
2468.448
2462.69
2438.302
2514.913
2494.563
2581.513
2606.713
2617.463
2537.544
2543.302
2588.69
2608.383
2594.547
2516.344
2597.29
2466.887
2451.258
2347.867
2295.113
2265.694
2208.032
2162.226
2158.476
2217.352
2273.211
2078.364
1914.283
1957.319
1960.378
1816.936
1693.054
1700.656
1707.456
1727.089
1744.644
1709.114
1709.554
2311.967
2300.055
2247.254
2225.739
2190.42
2189.807
2188.989
2138.398
2139.386
2140.205
2175.523
2176.136
2188.409
2209.924
2263.824
2246.843
2256.057
2077.947
1925.902
1794.591
1813
1817.116
2226.229
2226.229
2209.079
2226.404
2264.962
2264.962
2264.962
2264.962
2264.962
2326.633
2335.777
2353.966
2349.842
2159.314
2207.625
2042.053
2065.903
2106.403
2474.879
2448.893
2425.658
2425.063
2365.206
2356.206
2359.449
2382.684
2391.684
2417.669
2418.265
2407.318
2395.318
2395.118
2336.971
2397.213
2457.07
2465.563
2465.768
2478.121
2477.526
2490.932
2481.659
2457.72
2430.947
2427.606
2454.379
2516.049
2445.29
2454.29
2454.886
2478.121
2478.121
2478.121
2478.121
2475.21
2499.761
2502.673
2299.753
2127.272
2491.026
2491.026
2483.857
2477.548
2424.974
2393.268
2379.018
2402.667
2451.11
2465.792
2477.792
2531.958
2489.195
2496.364
2502.673
2466.168
2457.425
2399.279
2396.129
2395.55
2370.307
2347.736
2350.886
2359.629
2382.2
2382.779
2440.925
2466.168
2457.425
2434.854
2429.139
2424.454
2401.311
2393.061
2347.386
2353.1
2375.671
2398.814
2444.489
2452.739
2457.425
2466.168
2395.055
2382.702
2381.93
2378.121
2369.121
2309.265
2306.022
2280.037
2256.801
2256.206
2279.441
2288.441
2314.426
2374.283
2309.596
2310.175
2284.932
2226.786
2204.214
2201.064
2265.206
2256.206
2235.324
2201.044
2217.152
2216.333
2159.266
2158.246
2157.613
2144.957
1961.104
1981.389
1992.961
1835.622
1836.48
1702.104
1586.051
1586.511
2248.266
2218.847
2188.73
2123.777
2152.953
2181.453
2219.734
2221.797
2233.75
2301.426
2285.852
2291.913
2296.883
2318.216
2366.659
2366.659
2366.659
2342.114
2336.625
2336.625
2326.852
2355.852
2361.852
2371.625
2377.114
2401.659
2450.75
2459.66
2378.145
2359.066
2335.441
2329.863
2285.895
2355.117
2344.714
2348.101
2393.907
2417.278
2286.875
2286.875
2229.214
2176.46
2172.71
2172.71
2172.71
2172.71
2225.464
2328.855
2382.406
2397.547
2401.18
2371.447
2354.272
2381.096
2355.25
2339.765
2405.258
2476.375
2447.199
2432.059
2461.234
2488.695
2505.148
2509.195
2524.336
2307.964
2523.703
2522.684
2522.684
2503.926
2448.066
2448.066
2448.066
2378.887
2356.699
2419.657
2419.657
2409.923
2409.923
2344.274
2292.016
2261.242
2261.242
2270.976
2323.234
2118.243
1946.493
1800.506
1851.384
1866.391
1736.177
1622.948
1640.557
1658.704
1689.573
1707.72
1723.024
1772.375
1825.62
1848.556
2708.879
2698.801
2693.141
2663.234
2637.922
2587.297
2637.922
2648
2673.313
2703.219
2709.406
2715.066
2693.066
2625.391
2613.438
2607.188
2551.328
2513.047
2510.984
2505.859
2535.125
2547.464
2570.173
2343.393
2345.335
2350.158
2356.04
2165.01
2002.634
1862.916
2572.472
2572.472
2543.972
2521.069
2521.069
2515.226
2579.058
2591.017
2591.581
2362.912
2383.794
2409.779
2415.107
2432.761
2615.435
2611.685
2582.266
2536.46
2478.798
2463.169
2359.778
2229.375
2259.867
2066.164
2112.889
2116.211
1949.141
1961.891
1818.338
1840.582
1848.448
1850.497
1873.838
1908.473
1941.765
1945.765
1974.192
2031.188
2556.148
2531.602
2526.114
2520.114
2471.023
2461.25
2458.705
2399.039
2356.383
2326.477
2290.055
2284.93
2274.852
2230.477
2235.602
2245.68
2248.305
2278.211
2322.586
2365.242
2328.886
2134.813
2172.51
2175.573
2189.031
2388.034
2369.845
2369.845
2320.754
2320.754
2320.754
2311.61
2311.61
2249.939
2243.621
2319.061
2400.476
2417.149
2443.649
2452.031
2501.684
2309.247
2350.785
2527.128
2522.573
2522.573
2522.573
2520.74
2515.184
2576.118
2576.118
2576.118
2372.74
2199.125
2203.125
2208.003
2057.457
2058.957
1927.535
1811.883
1825.963
2599.304
2599.304
2641.474
2613.327
2571.563
2569.092
2528.945
2524.121
2552.268
2604.146
2613.361
2615.761
2649.061
2688.061
2692.746
2480.161
2678.904
2675.754
2678.904
2692.746
2666.071
2662.921
2714.419
2741.243
2768.702
2771.945
2771.739
2763.246
2750.893
2691.037
2681.551
2553.081
2550.61
2522.463
2488.184
2522.22
2522.22
2517.25
2522.22
2565.25
2567.795
2577.568
2362.771
2181.019
2205.558
2240.558
2639.182
2590.739
2566.193
2560.133
2615.449
2605.887
2600.762
2625.449
2634.473
2644.035
2669.348
2674.473
2445.232
2450.946
2665.582
2662.137
2677.277
2680.723
2636.348
2631.223
2631.223
2631.223
2588.566
2578.488
2575.863
2545.957
2601.17
2606.14
2563.768
2573.254
2613.401
2579.304
2606.646
2609.046
2605.896
2592.054
2387.418
2400.168
2578.554
2453.754
2484.158
2474.673
2544.693
2503.33
2500.784
2542.512
2324.582
2141.063
1984.399
1849.099
1731.072
1734.561
1630.488
1538.196
1540.127
1570.983
1571.366
1487.185
1488.953
1518.766
1522.301
1547.426
1550.661
1471.814
1483.847
1491.119
1535.331
1461.04
1466.827
2826.836
2826.836
2584.536
2609.643
2629.929
2663.229
2665.686
2669.386
2672.386
2675.214
2706.179
2714.8
2725.729
2728.186
2730.643
2741.571
2954.219
2928.133
2954.219
2907.727
2920.727
2934.636
2900.897
2942.662
2704.068
2715.419
2511.763
2517.856
2583.069
2585.178
2594.366
2601.584
2619.334
2653.834
2656.459
2656.634
2661.997
2675.722
2681.816
2494.712
2332.014
2386.311
2388.785
2389.479
2246.11
2248.848
2252.47
2271.55
2273.27
2291.542
2164.234
2169.581
2169.711
3251.337
3251.337
3251.337
3226.003
3136.972
3123.514
3166.032
3166.032
3212.757
3173.167
2929.077
2719.857
2796.17
2817.884
2820.652
2832.188
2845.259
2862.164
2880.164
2912.476
2718.311
2731.65
3414.563
3410.007
3410.007
3410.007
3410.007
3410.007
3410.007
3410.007
3356.223
3393.115
3418.98
3427.696
3368.164
3372.48
3125.713
3127.762
3132.811
3140.128
2926.028
2872.206
2872.361
2692.839
2726.589
2728.651
2761.956
2763.747
2769.997
2607.056
2462.22
2332.629
2215.998
2110.474
2151.879
2054.066
1964.759
1977.495
1983.038
1995.774
1912.616
1912.898
1918.731
1928.509
1937.824
1861.331
1863.035
1869.074
1871.423
1800.356
1734.489
1745.206
1749.581
1687.831
1697.978
1640.092
1645.419
1646.74
1648.295
1593.956
1596.132
1592.992
1542.687
1550.097
1555.197
1507.589
1462.809
1476.74
1479.153
1480.95
1481.151
1438.425
1439.019
1441.627
1452.048
1452.683
1411.953
1373.445
1381.736
1385.645
1385.83
1387.102
1395.393
3743.738
3743.738
3743.738
3726.567
3724.957
3720.079
3720.079
3720.079
3716.079
3733.25
3738.128
3739.738
3743.738
3753.067
3692.875
3730.938
3482.208
3264.57
3708.152
3706.152
3672.342
3639.842
3720.753
3716.753
3688.326
3688.326
3696.192
3444.179
3224.338
3030.878
2859.318
2860.903
2707.641
2569.964
2445.611
2448.95
2456.764
2343.375
2358.352
2402.165
2408.165
2303.462
2311.418
2215.109
2215.401
2215.776
2216.229
2127.58
2181.48
2182.845
2183.725
2099.736
2128.117
2148.612
2149.689
2167.381
2168.463
2191.38
2110.218
2113.995
2122.415
4082.991
4080.223
4046.723
4024.009
3947.696
3943.446
3940.188
3942.955
3680.092
3683.133
3452.938
3461.896
3258.255
3077.241
3077.37
2915.404
2929.263
2782.8
2650.286
2655.405
2534.705
2424.5
2438.326
2336.729
2346.201
2354.681
2364.153
2269.587
2273.203
2185.772
2186.032
2105.068
2144.637
2068.043
1996.731
1995.518
1996.643
1997.807
4078.558
3812.565
3579.143
3372.654
3376.779
3192.591
3208.273
3042.328
3043.776
2894.082
4067.526
3802.253
3822.079
3830.688
3596.156
3597.87
3390.3
3205.375
3215.357
3216.557
3222.043
3055.386
3055.735
3056.252
3061.528
4120.608
4125.259
3856.22
4122.878
4141.715
3871.603
3634.566
3646.816
3436.423
3445.25
3257.327
3088.845
3091.205
2939.178
2941.473
2803.592
4154.416
4129.346
4129.183
4129.183
4107.471
4100.494
4105.483
3837.734
3861.168
3881.465
3881.617
3882.269
3644.579
3650.702
3440.084
3457.623
3472.815
3486.469
3296.298
4216.195
4216.195
4216.195
4216.195
4216.195
4216.195
4214.241
4206.741
4211.73
3937.052
3696.008
3699.355
3705.477
3725.008
3510.103
3510.68
3319.189
3147.506
2992.711
2994.834
3007.227
2866.264
2737.924
2620.584
2512.889
2413.696
4261.855
3983.908
3984.348
3996.217
4273.023
3994.348
3996.217
3751.551
3779.714
3789.082
3570.481
3591.322
3593.813
3397.786
3222.039
3063.578
4314.445
4033.068
4297.933
4319.645
4311.302
4030.13
4030.783
4037.304
4054.913
4055.353
4335.273
4052.538
3804.423
4221.692
4184.017
4161.831
4147.872
4025.779
4025.779
3984.209
3977.192
3929.863
3673.568
3708.785
3481.717
3280.849
3101.893
2941.45
2796.789
2665.689
2546.33
2437.202
2337.043
2244.791
3956.863
3966.073
3707.416
3480.431
3279.637
3282.269
3103.236
3106.218
3106.345
3108.145
2947.379
2802.426
3959.023
3981.279
3721.63
3493.776
3292.212
3112.636
3976.291
3947.802
3906.233
3869.055
3843.985
3838.317
3827.049
3817.84
3855.017
3880.087
3891.355
3896.343
3924.831
3966.401
3972.07
3981.279
3721.63
3729.946
3732.921
3736.867
3741.367
3760.47
3530.237
3326.57
3329.06
4025.84
4034.183
4028.515
4046.887
4027.474
4008.637
4025.148
4015.172
4034.009
4056.648
3792.084
3840.209
3605.094
3397.108
3404.464
3408.31
3421.425
3423.041
3437.041
4134.235
4135.77
4139.922
4139.922
3869.927
3889.03
3650.926
3440.296
3252.643
3256.543
3088.101
2936.227
4144.91
3874.59
3637.37
4137.892
3868.03
4099.067
3831.736
3597.14
3389.613
3204.725
3038.963
2889.506
2891.227
2892.949
2757.342
2633.879
2634.8
2521.88
2523.08
2419.392
2323.89
2235.641
4107.34
4096.073
4096.073
3828.938
3594.513
3387.137
4035.41
4043.753
4057.712
4084.817
4087.52
4026.858
4036.276
4045.695
3781.845
3550.304
3345.478
3347.498
4047.666
3783.688
4038.77
4037.334
4067.735
3802.448
4067.735
4073.404
3807.747
3574.62
4068.799
4065.788
4098.509
4087.834
3821.236
3836.541
3837.883
3846.198
3848.481
4116.98
3848.481
3852.981
3617.084
3408.406
3411.56
3423.103
3430.459
3432.695
3447.887
4168.779
4157.058
3885.946
3888.228
3650.173
3439.587
4159.5
4143.64
3873.402
3636.255
4122.43
3853.576
4101.994
3834.473
4101.523
3834.033
4007.512
4028.721
4019.512
3757.37
3770.641
3539.786
3335.567
3362.625
3376.558
4080.023
4087.523
3820.946
4026.86
4033.878
3770.799
4033.878
3770.799
3539.934
3543.281
4005.599
4005.599
4006.358
3745.073
3749.378
3751.212
4012.297
4012.297
3992.238
3996.89
3999.901
3981.529
3956.326
3958.288
3952.619
3694.84
3927.416
3908.578
3653.671
3908.578
3924.439
3920.227
3920.227
3664.56
3920.227
3920.227
3920.715
3936.576
3943.692
3964.901
3955.134
3697.19
3700.755
3474.179
3958.948
3971.715
3712.69
3721.005
3980.61
3972.267
3972.267
3972.965
3713.859
3729.609
3735.505
3935.459
3936.07
3936.07
3938.372
3951.07
3951.07
3913.892
3913.892
3914.651
3900.453
3902.407
3906.628
3933.733
3677.185
3452.051
3933.733
3931.029
3928.587
3939.855
3930.087
3941.355
3938.172
3954.032
3953.561
3695.72
3469.452
3934.724
3912.084
3918.799
3928.567
3933.555
3677.019
3927.887
3911.375
3656.285
3909.375
3913.189
3657.981
3434.023
3235.906
3244.156
3920.863
3920.166
3920.166
3920.166
3664.503
3920.166
3664.503
3440.145
3918.631
3898.195
3643.965
3420.865
3426.401
3228.724
3052.611
3829.965
3825.314
3575.837
3818.337
3569.315
3572.359
3821.593
3859.267
3607.576
3852.25
3872.686
3620.12
3622.935
3875.698
3873.744
3857.884
3857.884
3857.884
3852.895
3852.895
3844.349
3593.63
3844.349
3839.698
3589.283
3369.531
3175.135
3175.538
3837.483
3837.483
3587.212
3591.149
3595.497
3846.346
3859.113
3859.113
3857.113
3856.416
3856.416
3854.113
3602.758
3853.951
3854.709
3780.172
3728.689
3485.514
3492.524
3520.943
3766.59
3766.119
3749.608
3505.068
3747.227
3502.842
3715.666
3716.363
3718.666
3476.144
3263.319
3685.642
3655.241
3657.544
3664.259
3425.285
3431.182
3221.11
3035.276
3670.567
3663.067
3710.395
3707.14
3706.977
3465.217
3253.061
3065.385
3067
3708.93
3713.535
3713.535
3736.174
3736.174
3736.174
3694.605
3702.105
3699.093
3699.093
3721.733
3721.733
3721.733
3721.733
3731.709
3488.337
3731.709
3488.337
3704.605
3463
3464.834
3706.567
3708.869
3708.869
3719.544
3719.544
3719.544
3719.544
3720.98
3731.654
3488.285
3504.72
3742.119
3773.68
3784.948
3784.948
3784.948
3789.169
3756.448
3756.448
3511.462
3756.448
3511.462
3751.797
3723.308
3719.494
3717.959
3709.064
3671.887
3671.887
3671.887
3655.515
3417.111
3207.901
3211.247
3215.329
3029.829
2864.566
2865.766
2717.537
2583.887
3665.515
3426.459
3435.807
3672.331
3672.331
3675.035
3435.359
3673.035
3675.416
3675.578
3677.015
3681.666
3681.666
3713.41
3724.311
3740.823
3496.856
3497.008
3740.985
3738.282
3717.073
3675.503
3675.503
3637.471
3626.203
3551.666
3572.875
3575.578
3613.61
3377.94
3171.128
2988.178
2825.186
2833.995
3587.701
3574.933
3622.262
3622.89
3636.849
3634.547
3397.511
3607.442
3620.209
3384.109
3606.25
3606.25
3622.762
3674.244
3715.814
3715.814
3473.478
3715.814
3473.478
3711.663
3698.895
3698.895
3700.858
3459.497
3247.691
3587.276
3353.323
3355.149
3357.965
3152.375
3592.078
3592.241
3357.965
3574.66
3606.753
3602.939
3602.939
3600.497
3365.682
3159.62
3597.314
3592.326
3602.093
3601.605
3594.628
3613.465
3611.93
3613.93
3378.239
3171.408
3185.776
3630.302
3393.543
3185.776
3192.02
3637.419
3400.196
3410.386
3648.32
3648.32
3410.386
3645.878
3655.087
3646.192
3667.904
3667.904
3428.693
3667.433
3667.433
3660.718
3665.532
3665.532
3663.57
3663.57
3424.641
3214.969
3642.36
3642.198
3642.198
3600.628
3610.047
3613.86
3613.86
3613.86
3618.012
3618.012
3618.012
3382.054
3174.99
3610.895
3610.895
3610.895
3375.402
3606.081
3609.895
3609.895
3374.467
3167.867
3602.919
3607.07
3607.07
3371.826
3585.358
3579.049
3579.049
3601.235
3580.799
3564.427
3543.991
3538.323
3516.61
3514.047
3492.837
3514.047
3284.87
3083.755
3085.51
3483.953
3483.953
3484.712
3503.549
3513.317
3284.188
3500.549
3521.096
3489.003
3489.003
3261.459
3467.794
3465.352
3239.351
3240.003
3041.635
3457.154
3453.34
3453.34
3471.712
3475.933
3463.166
3483.224
3256.057
3480.041
3471.145
3473.587
3482.483
3504.195
3275.66
3492.927
3492.927
3471.215
3468.203
3447.767
3435.523
3446.791
3222
3024.735
2850.231
3429.209
3451.395
3471.831
3469.529
3467.529
3470.541
3463.826
3463.826
3468.814
3242.587
3468.814
3468.814
3471.116
3244.739
3250.636
3477.424
3486.843
3491.055
3491.055
3492.59
3493.218
3504.119
3275.59
3452.637
3443.427
3423.369
3423.369
3423.84
3425.802
3202.38
3006.316
3025.786
3426.779
3426.779
3428.733
3407.523
3407.523
3407.523
3414.64
3414.64
3405.744
3403.744
3424.953
3424.953
3420.14
3197.087
3409.465
3409.465
3187.109
3192.408
3198.685
3200.027
3004.107
3022.041
3026.418
3448.709
3496.038
3493.026
3509.538
3280.655
3509.538
3280.655
3509.538
3523.735
3532.631
3529.375
3527.422
3297.372
3095.492
3525.041
3524.282
3524.282
3524.282
3525.041
3502.855
3496.547
3495.012
3513.384
3513.384
3284.25
3488.18
3260.69
3061.056
3466.971
3240.864
3250.212
3250.921
3477.73
3445.009
3445.009
3440.788
3432.445
3432.445
3394.77
3173.372
3177.677
3399.375
3399.375
3409.352
3409.352
3386.712
3382.898
3405.084
3183.014
3193.204
3415.375
3415.212
3448.235
3450.677
3225.633
3234.764
3251.198
3478.026
3251.198
3478.026
3503.23
3503.23
3502.759
3502.759
3509.474
3502.497
3513.172
3517.384
3517.384
3517.384
3517.384
3516.686
3534.267
3538.081
3507.68
3496.413
3268.386
3485.145
3472.448
3245.984
3047.25
3047.393
2871.582
2883.125
2890.192
2904.731
3512.698
3512.698
3283.609
3285.834
3514.59
3512.637
3283.552
3082.518
3512.637
3508.823
3508.823
3569.485
3336.693
3569.015
3585.387
3583.433
3349.731
3578.445
3574.224
3341.122
3558.363
3544.166
3542.203
3540.767
3545.372
3562.953
3562.953
3562.953
3552.052
3562.953
3570.07
3572.512
3569.5
3567.058
3550.209
3517.186
3519.628
3536.477
3305.837
3536.477
3536.477
3305.837
3311.734
3330.837
3558.616
3548.616
3317.185
3352.402
3375.962
3387.897
3624.262
3646.448
3646.448
3639.331
3643.145
3650.645
3659.192
3667.535
3428.348
3667.535
3666.837
3650.465
3651.224
3642.328
3640.375
3642.337
3404.793
3196.337
3203.658
3645.692
3641.48
3641.48
3403.992
3195.584
3609.919
3607.616
3607.453
3616.349
3613.166
3613.166
3613.166
3377.524
3603.398
3570.375
3550.962
3551.66
3553.622
3562.517
3560.215
3560.378
3592.122
3587.308
3353.353
3371.5
3165.082
3176.224
3619.419
3624.023
3387.674
3398.207
3415.38
3206.276
3531.57
3499.826
3271.576
3071.276
2894.087
2897.933
3500.326
3272.043
3500.326
3527.43
3532.081
3513.709
3557.663
3535.407
3533.026
3532.267
3301.902
3532.267
3534.267
3534.267
3532.831
3520.064
3517.5
3516.872
3511.884
3509.922
3506.433
3505.945
3498.927
3511.695
3518.712
3519.201
3519.828
3290.274
3292.109
3293.451
3091.811
3096.189
3511.703
3495.192
3485.773
3483.07
3472.395
3245.935
3472.395
3447.326
3443.512
3438.698
3438.698
3427.797
3422.808
3348.27
3348.898
3344.084
3346.788
3363.299
3143.954
3154.144
3158.644
3162.209
2968.605
2977.972
3391.968
3391.27
3390.799
3390.799
3390.799
3399.695
3399.695
3401.695
3402.392
3402.392
3180.497
2985.773
2813.517
3402.392
3398.172
3398.172
3176.552
3393.567
3393.567
3377.706
3380.89
3160.397
3380.89
3380.89
3380.89
3385.11
3385.11
3406.32
3406.32
3417.221
3539.314
3539.477
3528.802
3496.081
3496.081
3496.081
3487.738
3443.785
3537.797
3525.029
3525.64
3295.707
3093.929
3523.337
3523.337
3541.709
3541.709
3541.709
3524.86
3524.86
3524.86
3524.86
3524.86
3524.86
3524.86
3487.186
3487.186
3487.186
3483.372
3478.384
3478.384
3464.424
3464.424
3464.587
3464.099
3472.442
3465.424
3465.895
3469.078
3450.706
3455.311
3475.747
3477.747
3477.747
3485.247
3496.515
3500.003
3500.003
3500.003
3271.742
3071.431
3484.142
3482.18
3480.218
3432.89
3493.552
3493.552
3265.712
3266.299
3270.179
3283.228
3291.543
3504.674
3494.698
3505.965
3493.267
3492.57
3492.57
3492.57
3498.878
3496.436
3502.744
3502.744
3505.047
3494.372
3494.372
3494.372
3266.478
3268.304
3068.204
3496.326
3496.326
3494.372
3501.488
3273.13
3292.337
3522.035
3508.076
3508.076
3508.076
3279.288
3078.515
3087.27
3518.052
3495.797
3500.61
3272.31
3500.61
3484.238
3485.773
3502.622
3522.035
3525.218
3524.459
3294.603
3524.459
3538.419
3538.419
3545.919
3564.756
3577.523
3591.721
3613.433
3613.433
3627.392
3616.491
3623.468
3623.468
3623.468
3626.172
3626.172
3389.682
3399.872
3408.188
3409.622
3200.87
3016.204
3647.503
3647.503
3409.622
3412.438
3203.513
3206.37
3021.387
3653.77
3642.503
3404.948
3440.166
3680.177
3440.166
3461.329
3702.817
3702.817
3461.329
3683.98
3443.72
3683.98
3443.72
3683.98
3694.881
3678.509
3677.073
3660.561
3659.125
3638.578
3647.788
3647.788
3645.834
3645.834
3649.648
3629.212
3629.212
3629.212
3612.282
3619.259
3633.456
3658.66
3660.66
3421.921
3212.416
3640.224
3645.892
3645.892
3649.076
3669.512
3674.326
3434.696
3671.622
3662.413
3423.56
3427.125
3217.301
3031.688
3661.576
3678.087
3438.212
3440.438
3229.798
3231.145
3677.015
3675.578
3707.672
3718.346
3725.323
3728.506
3726.552
3483.516
3719.436
3744.843
3740.238
3740.238
3740.238
3496.31
3740.238
3496.31
3525.813
3771.799
3764.299
3518.802
3521.329
3523.163
3768.965
3764.744
3762.442
3755.727
3755.727
3748.61
3504.136
3508.082
3531.641
3551.467
3799.244
3777.058
3793.57
3777.709
3763.75
3757.035
3756.407
3756.407
3753.703
3508.897
3747.395
3503
3512.326
3542.913
3729.43
3687.86
3685.419
3685.419
3681.605
3441.5
3465.25
3684.372
3684.372
3677.657
3630.328
3625.677
3618.561
3618.561
3611.846
3593.009
3574.637
3570.823
3575.474
3579.288
3616.465
3623.581
3630.297
3649.134
3667.506
3650.994
3650.235
3412.177
3639.334
3401.986
3410.302
3414.247
3205.212
3020.296
3025.512
3026.139
3659.517
3656.506
3674.087
3674.25
3676.25
3696.686
3680.826
3691.5
3450.75
3691.5
3691.5
3689.965
3689.965
3689.965
3689.965
3685.314
3685.314
3681.5
3681.5
3441.402
3230.704
3232.051
3236.133
3239.48
3052.587
2886.082
2736.802
2602.205
3691.5
3693.5
3689.686
3699.105
3690.209
3449.543
3673.36
3669.547
3659.779
3637.593
3637.593
3659.305
3660.003
3667.503
3672.154
3677.142
3674.701
3669.712
3430.383
3433.359
3453.185
3455.712
3244.138
3056.976
3687.041
3654.32
3691.497
3692.125
3692.125
3692.125
3714.311
3700.352
3700.515
3686.317
3699.015
3711.712
3711.712
3712.183
3709.741
3708.983
3714.651
3714.651
3705.233
3705.233
3463.587
3251.531
3705.233
3698.517
3700.898
3459.535
3698.456
3707.666
3724.038
3481.166
3485.103
3486.929
3730.203
3748.576
3726.39
3726.39
3731.378
3734.39
3734.39
3744.157
3724.099
3746.285
3741.634
3741.634
3738.622
3729.203
3728.506
3739.18
3495.321
3739.18
3495.321
3530.872
3777.212
3783.52
3536.769
3783.52
3536.769
3783.52
3783.52
3536.769
3783.52
3536.769
3783.52
3773.544
3769.392
3769.392
3767.43
3784.36
3771.593
3771.593
3784.291
3781.587
3785.076
3783.113
3805.299
3805.299
3805.299
3794.032
3794.032
3794.032
3793.869
3824.27
3574.861
3797.166
3549.524
3797.166
3797.166
3791.497
3786.892
3794.009
3790.997
3790.997
3757.974
3757.974
3512.889
3517.552
3541.302
3549.101
3562.372
3773.235
3810.91
3562.372
3583.535
3829.337
3829.337
3849.773
3829.337
3826.895
3577.315
3826.733
3817.523
3568.554
3817.523
3842.93
3820.744
3820.744
3822.18
3572.908
3354.158
3160.649
3728.169
3728.169
3485.027
3728.169
3723.517
3480.679
3721.564
3721.564
3719.262
3718.503
3750.064
3505.495
3750.064
3749.593
3738.326
3743.14
3499.022
3501.247
3286.885
3097.257
3098.873
3104.425
3138.8
3793.797
3786.82
3786.82
3775.919
3775.919
3775.919
3797.128
3797.128
3822.198
3822.198
3822.198
3819.494
3570.397
3818.884
3569.826
3351.265
3157.923
3814.663
3814.663
3817.674
3821.826
3572.576
3821.826
3819.826
3819.826
3819.663
3840.209
3840.209
3840.209
3840.209
3819
3819
3816.297
3816.297
3816.297
3816.297
3778.265
3766.997
3785.834
3538.932
3322.263
3323.985
3333.872
3790.169
3790.169
3778.901
3775.718
3775.718
3529.476
3766.823
3521.16
3754.055
3772.427
3772.427
3526.399
3527.109
3765.686
3748.105
3748.105
3762.302
3763.837
3756.337
3765.233
3777.93
3777.767
3775.767
3775.767
3779.023
3779.023
3769.047
3769.047
3523.239
3769.047
3791.302
3791.302
3807.674
3797.907
3797.907
3750.578
3767.09
3756.416
3765.625
3781.997
3777.183
3530.845
3539.454
3322.753
3131.055
3772.433
3781.642
3535.014
3554.117
3554.769
3571.204
3352.559
3818.055
3569.052
3586.226
3588.508
3832.561
3844.805
3823.596
3823.596
3834.863
3834.863
3809.66
3809.66
3813.872
3813.872
3565.141
3813.872
3565.141
3805.529
3808.712
3812.933
3564.264
3576.198
3584.807
3834.151
3834.151
3848.349
3848.349
3597.37
3845.093
3827.512
3577.891
3358.837
3827.512
3825.549
3839.747
3839.747
3833.439
3583.432
3364.038
3373.406
3178.786
3825.741
3576.236
3596.063
3603.861
3824.892
3833.788
3833.788
3829.974
3580.193
3581.535
3362.258
3823.91
3821.91
3821.91
3821.91
3829.41
3811.038
3811.038
3843.131
3851.474
3860.369
3860.369
3860.369
3871.044
3843.939
3821.299
3851.701
3600.503
3851.701
3861.701
3810.218
3805.567
3799.259
3797.259
3793.445
3546.046
3565.149
3782.32
3789.035
3789.035
3780.14
3533.609
3763.628
3518.174
3743.192
3738.378
3789.86
3785.709
3769.198
3771.151
3812.721
3791.512
3791.512
3791.512
3791.512
3790.076
3827.75
3827.75
3846.122
3595.288
3375.168
3839.006
3839.006
3836.625
3911.163
3656.087
3904.186
3896.686
3642.554
3896.058
3903.558
3881.846
3881.148
3864.637
3612.595
3853.735
3865.98
3868.991
3616.666
3859.782
3859.782
3881.968
3881.968
3881.968
3875.66
3622.899
3843.567
3805.892
3816.567
3806.567
3858.049
3862.701
3860.701
3870.119
3865.907
3865.907
3613.783
3845.36
3832.593
3835.297
3837.677
3847.096
3847.096
3853.811
3836.23
3818.648
3818.648
3812.34
3793.503
3786.387
3824.061
3826.503
3837.77
3837.77
3835.468
3835.468
3585.329
3830.863
3830.863
3832.817
3582.851
3363.492
3811.105
3793.523
3801.023
3801.023
3809.919
3807.215
3802.61
3815.308
3810.32
3807.137
3558.845
3781.933
3535.285
3537.111
3783.887
3783.887
3783.887
3796.131
3796.131
3796.131
3548.557
3795.66
3795.66
3548.117
3554.677
3802.677
3802.677
3802.677
3822.735
3818.131
3818.131
3821.945
3843.657
3843.82
3864.256
3845.884
3845.721
3843.017
3839.203
3588.821
3369.097
3377.852
3399.969
3203.817
3874.384
3885.651
3885.651
3885.651
3872.953
3872.953
3620.37
3635.674
3889.326
3903.285
3903.285
3920.134
3664.473
3664.929
3685.226
3693.834
3951.544
3962.218
3955.102
3955.102
3697.16
3470.804
3953.567
3695.726
3952.032
3942.613
3685.486
3924.241
3668.313
3677.117
3933.66
3951.241
3951.241
3693.552
3951.241
3940.567
3943.009
3685.856
3460.191
3260.565
3942.846
3944.799
3687.53
3697.72
3471.329
3950.032
3950.791
3953.802
3953.802
3956.105
3981.512
3721.848
3731.826
3987.198
3978.855
3719.364
3491.648
3290.207
3110.741
3977.32
3717.929
3951.913
3926.506
3908.924
3908.924
3908.924
3901.424
3646.984
3651.332
3653.484
3904.89
3904.89
3650.223
3904.89
3904.89
3904.89
3888.517
3906.89
3911.11
3911.11
3922.378
3933.052
3933.052
3939.767
3936.584
3911.381
3916.195
3916.892
3916.195
3660.791
3676.226
3932.706
3943.608
3943.608
3686.416
3460.717
3475.503
3951.561
3934.712
3934.712
3924.735
3922.773
3911.872
3934.128
3934.128
3911.942
3949.119
3949.119
3963.317
3704.84
3953.317
3949.096
3949.096
3691.546
3917.003
3917.474
3917.474
3917.474
3906.799
3938.892
3935.404
3678.747
3453.518
3455.24
3924.669
3924.669
3915.25
3659.908
3911.038
3918.154
3920.456
3664.774
3688.334
3945.032
3946.468
3952.776
3959.491
3961.491
3952.596
3694.818
3705.351
3963.863
3994.265
3973.055
3973.753
3964.858
3706.28
3479.365
3961.674
3961.512
3703.152
3958.5
3963.488
3964.924
3960.273
3960.273
3966.581
3966.581
3922.628
3919.372
3919.372
3919.372
3919.372
3919.372
3936.953
3933.14
3921.872
3921.872
3919.919
3921.355
3896.151
3896.151
3902.459
3647.951
3901.701
3647.242
3423.941
3452.656
3933.663
3954.099
3954.099
3972.936
3972.936
3972.936
3974.898
3991.41
3731.101
3502.666
3504.013
3526.013
4016.578
4037.015
3773.731
4036.852
4014.596
4014.596
4012.215
4015.398
3983.654
3963.218
3950.52
3950.52
3950.52
3692.878
3950.52
3692.878
3928.334
3672.139
3909.962
3909.962
3909.962
3905.148
3907.529
3907.529
3909.483
3912.666
3908.445
3906.445
3651.677
3906.445
3897.898
3893.677
3861.584
3840.375
3840.375
3842.817
3831.916
3831.916
3854.172
3863.381
3840.741
3590.258
3609.465
3861.288
3861.288
3852.078
3843.532
3829.573
3829.573
3829.573
3579.818
3822.073
3572.807
3590.954
3608.128
3854.189
3847.881
3847.881
3852.093
3850.558
3850.558
3850.558
3845.907
3845.907
3842.093
3842.093
3842.093
3842.093
3858.465
3862.279
3871.174
3618.707
3397.153
3201.163
3231.906
3233.175
3237.022
3900.578
3937.756
3969.5
3969.5
3931.826
3933.788
3930.776
3947.625
3938.73
3950.974
3958.09
3960.044
3948.776
3942.468
3980.142
3965.945
3968.387
4006.061
4012.369
4022.346
4005.834
4002.651
4001.892
4001.892
3989.125
3956.404
3956.875
3966.294
3966.294
3957.951
3956.416
3956.416
3969.183
3710.323
3733.883
3505.278
3994.387
3994.387
3733.883
3994.387
3985.491
3969.119
3978.328
3718.872
3726.671
3743.106
3746.671
3977.666
4003.073
4001.119
3996.968
3999.41
3996.227
3996.227
3735.603
3994.791
3995.488
3734.913
3995.488
3734.913
3741.924
3744.451
3995.017
3734.473
3736.698
3994.215
3994.974
3734.432
3743.041
3996.683
3976.247
3967.038
3967.038
3708.318
3481.278
3280.435
3285.123
3105.934
3953.869
3970.381
3950.968
3693.296
3467.176
3467.712
3475.212
3949.224
3949.387
3935.189
3956.398
3942.201
3967.27
3964.259
3966.962
3708.247
3966.962
3976.73
3717.378
3966.962
3968.497
3950.125
3933.753
3941.253
3951.253
3942.91
3922.474
3666.66
3670.606
3673.582
3917.11
3856.448
3856.448
3856.448
3863.424
3842.215
3848.93
3850.465
3882.026
3882.515
3629.307
3407.105
3210.541
3882.515
3860.802
3861.273
3609.451
3388.464
3839.087
3855.459
3844.192
3848.404
3850.706
3599.573
3379.191
3850.706
3728.613
3728.613
3728.613
3731.797
3488.418
3489.071
3722.517
3760.549
3760.549
3515.296
3758.549
3774.41
3756.038
3756.038
3751.887
3741.212
3741.212
3758.794
3513.655
3758.794
3758.166
3789.727
3789.727
3542.571
3325.679
3779.052
3532.592
3769.843
3769.843
3523.984
3760.634
3770.401
3756.442
3763.459
3779.32
3777.785
3752.378
3755.561
3751.34
3749.387
3504.861
3290.278
3100.454
3727.201
3484.122
3727.201
3731.422
3742.096
3741.337
3751.314
3751.314
3751.314
3742.419
3723.581
3730.698
3708.058
3724.57
3724.57
3713.895
3688.488
3705.337
3705.337
3702.154
3702.154
3693.259
3656.081
3656.081
3659.265
3697.297
3456.168
3697.297
3714.227
3713.738
3713.738
3713.267
3692.058
3692.058
3692.058
3713.267
3471.098
3258.582
3696.756
3455.663
3472.837
3483.37
3719.68
3729.68
3729.68
3727.68
3725.68
3688.006
3688.006
3688.006
3708.442
3699.233
3699.991
3710.892
3685.823
3685.823
3685.823
3647.791
3409.891
3647.093
3640.116
3402.717
3426.152
3436.342
3451.647
3671.913
3661.012
3683.198
3683.36
3443.141
3232.337
3683.36
3443.141
3683.36
3675.86
3670.872
3670.872
3431.467
3442
3231.265
3681.512
3441.413
3230.714
3681.512
3662.099
3423.266
3213.679
3228.536
3666.331
3635.93
3610.727
3627.576
3607.14
3645.172
3640.951
3640.951
3636.299
3627.956
3617.055
3602.858
3367.889
3602.858
3603.328
3612.747
3590.561
3611.77
3601.77
3599.39
3586.692
3586.855
3603.785
3634.186
3634.657
3635.416
3398.323
3190.263
3208.875
3209.288
3229.156
3679.735
3439.753
3679.735
3439.753
3668.468
3690.654
3690.654
3693.91
3453.003
3693.91
3691.206
3688.904
3689.532
3707.904
3701.596
3684.666
3444.361
3450.921
3690.247
3690.247
3449.579
3687.866
3673.669
3434.082
3434.234
3671.39
3676.041
3676.041
3436.299
3650.837
3663.535
3424.609
3214.939
3223.02
3651.032
3651.032
3651.032
3412.921
3434.084
3223.834
3225.556
3227.577
3673.724
3671.762
3432.299
3434.696
3672.363
3630.794
3630.794
3394.003
3186.207
3630.794
3394.003
3186.207
3002.387
3614.282
3597.91
3597.91
3585.212
3351.394
3582.91
3583.669
3349.951
3561.956
3572.631
3603.032
3586.183
3595.602
3593.648
3593.648
3591.686
3581.012
3576.198
3608.291
3372.967
3608.291
3608.291
3601.273
3366.408
3160.301
3601.273
3563.599
3595.692
3586.273
3576.855
3576.855
3602.262
3583.424
3571.18
3338.277
3342.223
3568.285
3578.959
3574.145
3565.25
3565.25
3574.145
3341.049
3352.918
3147.638
3580.535
3641.198
3643.901
3569.363
3569.363
3567.41
3578.311
3577.552
3578.988
3600.198
3600.895
3598.453
3601.465
3366.587
3390.147
3426.44
3665.494
3666.105
3645.558
3666.105
3666.733
3666.733
3669.436
3671.817
3432.351
3222.207
3222.819
3229.064
3679.631
3690.305
3669.869
3430.53
3657.625
3627.224
3617.247
3621.061
3599.852
3365.079
3159.054
3598.416
3363.736
3598.416
3597.718
3597.718
3593.067
3593.067
3593.067
3593.067
3561.506
3560.808
3560.808
3560.808
3560.645
3540.209
3540.209
3537.198
3520.349
3513.634
3497.122
3471.715
3471.715
3460.448
3418.878
3387.317
3387.317
3387.317
3350.14
3346.326
3337.983
3320.401
3320.401
3282.727
3261.517
3239.805
3239.642
3232.666
3232.666
3212.23
3212.23
3201.555
3201.555
3185.044
3166.672
3166.672
3146.235
3145.538
3127.166
3127.166
3127.166
3127.166
3116.491
3104.247
3104.247
3101.544
3094.828
3083.561
3083.561
3083.09
3083.09
3071.823
3034.645
3034.645
3034.645
3034.645
3030.831
3028.39
3028.39
3019.18
3015.997
3015.997
2998.416
2998.416
2998.416
2992.108
2983.212
2983.212
2962.776
2962.776
2930.055
2930.055
2930.055
2930.055
2930.055
2920.055
2920.055
2920.055
2917.613
2917.613
2905.369
2903.067
2884.695
2874.718
2870.506
2856.547
2849.831
2844.843
2844.843
2844.843
2824.407
2824.407
2799.337
2785.14
2775.372
2768.256
2761.948
2754.448
2744.448
2739.797
2739.797
2739.326
2739.326
2721.744
2763.762
2711.054
2711.054
2701.625
2700.848
2700.848
2700.848
2700.848
2698.848
2695.589
2675.054
2675.054
2675.054
2675.054
2675.054
2661.982
2659.625
2643.387
2624.101
2622.631
2620.131
2594.119
2594.119
2587.244
2587.244
2587.244
2582.482
2578.577
2561.815
2560.244
2560.244
2522.182
2513.074
2514.646
2543.813
2595.375
2422.35
2457.875
2461.519
2470.019
2485.664
2490.108
2667.973
2661.515
2661.515
2661.515
2641.64
2630.479
2623.604
2605.604
2603.167
2599.908
2599.908
2596.649
2596.649
2596.649
2594.211
2588.408
2588.408
2587.926
2535.217
2535.217
2496.646
2496.646
2496.021
2496.021
2479.259
2471.58
2457.045
2454.545
2437.211
2435.64
2414.604
2403.676
2403.676
2403.176
2385.926
2385.301
2375.658
2342.801
2342.318
2337.997
2337.997
2337.997
2337.997
2337.997
2336.426
2332.521
2332.521
2306.717
2275.592
2272.509
2272.509
2210.402
2208.402
2197.473
2193.152
2244.595
2226.155
2216.277
2216.277
2215.546
2171.948
2160.131
2133.838
2128.607
2098.729
2059.738
2050.079
2044.134
2074.012
2085.829
2095.488
1952.614
1977.114
1850.915
1855.479
1744.15
2127.012
2127.012
2127.012
2124.515
2124.515
2124.515
2122.466
2122.466
2122.466
2122.466
2112.223
2112.223
2092.954
2092.954
2092.954
2085.595
2073.777
2071.363
2071.363
2051.003
2051.003
2071.363
2073.777
2127.771
2162.405
2162.405
2159.991
2159.991
2148.558
2148.558
2145.22
2144.561
2111.268
2077.61
2068.86
2068.86
2060.994
2049.177
2017.293
2016.561
1990.268
1989.473
1989.473
1989.473
1989.473
1989.473
1989.473
1979.814
1966.497
1926.61
1902.866
1885.695
1862.354
1860.296
1860.296
1860.296
1860.296
1857.799
1854.963
1832.72
1832.72
1861.488
1834.538
1832.994
1825.344
1825.344
1825.344
1824.528
1816.878
1816.878
1816.878
1803.228
1801.119
1801.119
1796.581
1778.469
1778.469
1778.469
1773.941
1809.042
1809.042
1808.862
1797.093
1776.837
1758.26
1758.26
1746.49
1746.49
1704.952
1704.952
1704.952
1701.631
1666.247
1666.247
1638.234
1619.567
1619.048
1616.067
1614.375
1606.638
1606.638
1606.638
1606.638
1605.946
1582.561
1573.138
1573.138
1531.205
1513
1512.231
1541.605
1541.605
1541.605
1523.079
1519.395
1519.395
1494.289
1494.289
1494.289
1494.289
1452.22
1444.168
1422.852
1417.589
1409.99
1405.674
1384.885
1405.674
1413.273
1434.589
1442.641
1447.905
1452.22
1494.289
1490.476
1494.181
1494.181
1491.118
1478.097
1478.097
1474.295
1505.104
1505.104
1537.46
1523.673
1556.845
1556.633
1555.644
1549.583
1549.583
1549.583
1549.583
1516.742
1516.742
1560.508
1560.508
1560.289
1560.289
1508.117
1508.117
1508.117
1508.117
1505.48
1482.73
1452.918
1446.668
1480.996
1477.075
1436.242
1430.775
1430.775
1428.575
1403.159
1378.884
1453.56
1495.802
1520.078
1575.203
1580.858
1587.746
1594.413
1607.163
1609.363
1664.159
1630.591
1630.591
1599.142
1639.862
1626.201
1626.201
1626.201
1626.201
1626.201
1594.817
1577.513
1577.513
1577.513
1634.829
1630.032
1630.032
1662.579
1667.375
1673.986
1708.565
1726.509
1683.652
1683.652
1683.652
1683.652
1713.464
1764.179
1725.679
1696.907
1735.096
1579.615
1579.615
1544.538
1544.538
1579.615
1525.194
1559.773
1552.44
1522.44
1522.44
1522.44
1553.356
1583.356
1583.356
1579.468
1552.634
1605.227
1609.116
1635.949
1633.505
1626.097
1611.931
1585.856
1526.648
1520.574
1440.366
1394.995
1379.899
1394.611
1394.611
1371.524
1374.063
1340.082
1312.774
1212.447
1259.563
1267.255
1286.523
1292.597
1351.806
1338.519
1368.058
1412.019
1438.093
1444.801
1477.523
1499.755
1480.121
1573.281
1598.638
1611.451
1583.237
1583.237
1572.522
1630.505
1657.308
1615.846
1657.308
1664.173
1694.558
1730.466
1730.736
1742.274
1727.563
1680.447
1677.909
1594.615
1588.308
1526.822
1559.735
1550.245
1541.911
1507.13
1447.964
1482.745
1480.235
1447.835
1416.235
1409.675
1401.675
1389.435
1325.49
1313.94
1377.885
1410.285
1422.525
1429.085
1440.635
1448.635
1480.235
1475.825
1438.48
1402
1402
1402
1384.8
1379.325
1379.325
1374.675
1374.675
1380.15
1418.31
1422.96
1479.24
1607.445
1552.486
1569.024
1553.793
1553.793
1512.332
1493.697
1493.697
1493.697
1446.582
1438.332
1485.447
1496.634
1555.843
1595.769
1603.713
1612.741
1627.407
1645.352
1614.435
1584.435
1615.352
1645.352
1644.574
1644.574
1643.574
1643.574
1641.287
1692.808
1751.94
1802.063
1798.547
1739.38
1704.599
1739.38
1798.547
1793.151
1848.223
1827.158
1788.951
1781.19
1740.598
1778.804
1726.625
1765.526
1772.964
1778.359
1798.547
1768.964
1768.964
1764.12
1820.864
1882.324
1874.869
1865.46
1865.46
1792.795
1783.705
1769.795
1756.67
1719.852
1683.943
1676.489
1713.307
1785.972
1799.881
1808.972
1844.881
1858.006
1865.46
1832.528
1827.756
1763.21
1827.756
1860.688
1865.46
1827.517
1762.972
1827.517
1865.46
1828.642
1790.699
1783.946
1853.451
1869.429
1911.755
1951.408
1998.527
1966.297
2025.464
2041.401
2098.901
2267.339
2283.839
2288.682
2308.87
2317.495
2325.057
2344.589
2344.88
2345.755
2268.725
2280.795
2285.445
2040.576
2051.504
2062.219
2141.728
2106.271
2122.421
2125.221
2150.421
2170.771
2186.396
2146.738
2216.597
2288.008
2318.125
2346.625
2353.012
2356.762
2388.165
2177.445
2202.813
2208.063
2255.71
2260.121
2261.938
2224.568
2244.054
2317.385
2139.125
2142.635
2107.181
2107.706
2119.819
2154.319
2158.419
2166.481
2168.591
2209.091
2214.453
2219.628
2226.527
2237.015
2248.448
2257.777
2261.116
2270.445
2282.262
2302.622
2287.548
2289.905
2299.548
2299.714
2300.214
2273.826
2275.262
2296.974
2247.276
2257.929
2258.389
2260.307
2274.182
2276.568
2286.318
2294.67
2352.211
2354.411
2207.26
2181.684
2183.827
2057.837
2070.952
2086.144
2095.462
2095.851
2098.087
2118.928
2122.418
2135.957
2138.649
2152.303
2230.043
2261.197
2276.774
2293.764
2318.904
2337.308
2345.577
2353.846
2318.943
2281.667
2292.782
2300.727
2306.394
2320.394
2326.06
2203.636
2235.341
2250.491
2257.888
2264.716
2288.25
2320.836
2327.172
2339.724
2224.656
2226.334
2121.975
2116.829
2122.921
2136.19
2104.222
2106.343
2014.763
2015.98
1931.981
1940.318
1940.771
1941.052
1956.226
1877.977
1805.747
1812.785
1826.679
3366.738
3337.571
3331.768
3293.705
3251.146
3239.61
3230.182
3225.074
3230.182
3196.631
3205.84
3211.509
3222.776
3012.595
2828.151
2664.988
2673.257
2675.493
2676.012
2684.089
2537.684
2541.284
2409.838
2413.407
2444.226
2482.394
2485.472
2363.236
2378.186
2382.633
2384.043
2390.535
2393.51
2405.15
2406.871
2407.215
2294.377
2301.549
2198.494
2222.903
2231.052
2233.761
2236
2238.709
2246.903
2249.993
2251.276
2253.011
2254.539
2270.715
2173.398
2084.08
2001.814
1925.796
1855.34
1860.584
1873.8
1807.666
1818.89
1756.882
1757.121
1758.098
3595.666
3562.642
3511.16
3491.747
3502.422
3516.619
3524.119
3294.285
3092.594
2914.175
2922.252
2929.151
2769.38
2778.952
2635.213
2643.295
2667.554
2695.75
2563.172
2443.023
3633.424
3636.608
3399.438
3191.309
3007.195
3020.31
3648.317
3641.34
3616.27
3616.108
3597.735
3576.023
3576.186
3583.163
3587.314
3605.686
3370.533
3390.829
3421.416
3436.851
3226.431
3236.319
3049.608
2883.266
3655.805
3417.383
3419.666
3621.07
3384.913
3177.673
2994.346
2831.018
2841
2844.9
2697.75
2700.11
2718.946
2585.227
2464.045
2467.17
2356.7
2361.513
2260.305
2167.416
2169.19
3660.323
3421.606
3212.12
3217.656
3628.599
3391.951
3611.017
3606.866
3569.192
3336.418
3132.148
3133.495
3161.352
3161.765
2979.356
2995.409
2832.023
2685.539
2553.463
2433.77
2324.795
2225.161
2230.625
2138.955
2152.065
2157.955
2166.318
2080.806
2087.181
3684.75
3444.44
3446.266
3235.27
3048.62
3049.197
3686.913
3446.462
3235.454
3240.429
3053.481
3055.385
3066.928
2899.641
2910.741
2911.286
2760.703
3715.192
3722.209
3747.413
3745.11
3755.785
3758.797
3749.587
3505.049
3506.883
3292.176
3102.243
2933.03
2781.321
2793.813
2795.295
3768.436
3770.39
3782.634
3782.163
3785.977
3793.477
3784.581
3537.761
3567.264
3348.86
3155.656
3159.147
3179.877
3822.794
3838.654
3588.307
3604.742
3384.043
3188.81
3851.247
3871.794
3619.285
3623.948
3642.698
3889.724
3636.046
3868.515
3877.933
3625.024
3648.774
3651.057
3427.523
3429.237
3432.094
3889.279
3635.63
3413.041
3216.135
3040.709
3882.163
3628.978
3629.418
3630.853
3408.556
3211.909
3861.983
3610.114
3389.087
3391.459
3398.781
3202.697
3028.005
3863.029
3611.092
3619.408
3834.25
3817.401
3795.689
3548.144
3330.911
3331.523
3787.491
3778.596
3532.166
3727.113
3787.776
3785.073
3805.131
3789.27
3799.247
3551.47
3334.033
3141.685
2970.32
3767.154
3792.358
3805.125
3805.125
3556.965
3573.399
3592.606
3593.258
3840.695
3841.183
3850.602
3859.811
3845.852
3595.035
3845.093
3594.326
3374.265
3379.24
3817.738
3798.326
3804.634
3813.18
3820.68
3571.505
3806.483
3558.234
3340.383
3804.102
3804.573
3556.448
3338.707
3146.089
3162.142
2989.661
2835.024
3823.497
3824.195
3574.791
3355.926
3162.315
3164.334
2991.734
3826.637
3827.108
3577.514
3358.482
3164.724
3820.131
3831.032
3844.991
3861.84
3864.544
3865.172
3860.951
3609.149
3610.984
3842.855
3592.234
3833.645
3583.625
3833.645
3813.099
3564.418
3346.189
3153.139
3791.89
3544.592
3327.577
3327.719
3343.148
3793.262
3773.849
3776.23
3784.573
3786.526
3790.34
3790.968
3543.731
3546.258
3569.818
3774.922
3783.817
3781.817
3781.817
3786.805
3794.305
3795.741
3784.02
3690.009
3449.356
3678.741
3696.323
3680.462
3717.64
3769.122
3765.634
3740.227
3754.186
3766.884
3788.093
3541.043
3788.093
3788.256
3541.196
3783.442
3536.696
3320.163
3128.615
3146.154
3162.74
3164.76
2992.136
2837.371
3827.151
3829.453
3845.314
3594.533
3374.459
3179.779
3196.365
3840.169
3589.723
3618.141
3396.622
3848.384
3838.407
3588.076
3368.398
3377.765
3182.894
3183.522
3187.005
3190.986
3016.932
3024.75
3025.343
3828.055
3578.399
3581.66
3590.986
3611.726
3863.706
3865.706
3882.555
3852.154
3852.154
3750.573
3771.119
3803.212
3800.509
3762.477
3765.18
3519.625
3760.529
3515.277
3300.056
3732.041
3750.413
3745.599
3742.416
3498.345
3742.416
3753.683
3770.055
3772.497
3790.869
3790.869
3543.639
3326.681
3789.433
3778.166
3777.538
3775.096
3772.715
3526.668
3534.984
3318.556
3771.61
3525.636
3771.122
3745.919
3501.62
3287.235
3735.017
3491.429
3504.478
3745.794
3501.503
3536.72
3773.468
3783.468
3536.72
3554.329
3562.644
3344.523
3347.87
3800.817
3788.049
3788.808
3789.506
3799.483
3783.622
3783.622
3793.622
3801.122
3801.122
3801.122
3791.122
3791.881
3788.869
3784.718
3763.006
3751.738
3739.494
3719.058
3723.663
3716.645
3730.843
3720.843
3478.179
3265.23
3076.851
2909.023
2758.556
2622.889
3720.843
3725.831
3703.192
3703.68
3462.136
3250.168
3696.564
3696.564
3696.564
3455.484
3463.799
3687.087
3446.625
3666.541
3668.922
3672.177
3672.936
3662.936
3682.994
3676.279
3669.163
3631.985
3628.172
3609.334
3604.683
3586.311
3352.421
3355.986
3150.518
2968.757
2972.603
2810.461
2665.093
2534.023
3594.776
3597.157
3362.56
3586.483
3352.582
3586.483
3577.273
3574.57
3569.756
3569.756
3590.192
3611.904
3609.602
3589.544
3587.59
3353.617
3587.119
3353.177
3493.108
3493.108
3493.578
3511.951
3513.387
3514.922
3514.922
3547.015
3557.689
3546.788
3549.971
3318.451
3322.951
3554.314
3512.744
3492.686
3491.25
3486.436
3486.436
3482.215
3255.114
3290.332
3302.266
3332.266
3336.212
3555.012
3555.012
3540.814
3309.891
3490.451
3489.753
3491.288
3505.485
3276.867
3278.693
3077.957
3493.48
3493.48
3489.259
3489.259
3494.073
3526.166
3514.898
3516.898
3514.596
3285.383
3084.237
2906.3
2747.775
2748.143
3515.067
3515.067
3285.823
3286.394
3505.003
3484.945
3484.945
3482.945
3255.796
3478.34
3552.878
3544.331
3544.331
3591.66
3598.375
3598.375
3363.698
3372.307
3165.839
3187.839
3630.212
3393.459
3605.009
3593.741
3593.27
3610.201
3608.238
3630.494
3637.994
3650.762
3648.808
3651.82
3651.82
3651.82
3663.087
3663.087
3424.19
3434.168
3673.762
3669.541
3702.262
3460.81
3702.262
3460.81
3470.158
3695.75
3702.727
3716.686
3735.523
3725.756
3725.756
3482.772
3612.174
3612.174
3610.212
3374.764
3610.212
3596.015
3361.492
3368.144
3161.931
3601.169
3366.31
3569.424
3588.837
3614.244
3610.093
3610.093
3612.535
3616.756
3616.756
3616.145
3620.366
3384.255
3582.692
3557.622
3325.603
3338.652
3134.245
3562.686
3562.849
3573.75
3563.773
3570.89
3561.471
3536.267
3536.267
3610.805
3608.852
3373.492
3608.852
3640.596
3635.991
3636.154
3399.014
3407.329
3418.774
3652.305
3652.933
3619.91
3609.009
3616.509
3603.811
3603.811
3655.294
3597.096
3362.503
3590.788
3607.16
3608.596
3596.352
3361.807
3585.084
3351.274
3583.549
3349.84
3144.747
3577.881
3588.782
3586.078
3586.078
3576.311
3556.253
3553.549
3553.387
3321.644
3553.387
3553.875
3542.608
3539.352
3548.77
3548.77
3531.189
3527.375
3558.936
3570.203
3567.02
3571.834
3477.823
3251.008
3051.967
3059.773
3066.018
3493.834
3380.253
3397.102
3386.201
3374.933
3407.654
3418.922
3435.77
3211.698
3224.97
3027.523
3418.224
3438.77
3421.189
3198.068
3002.268
3411.77
3421.77
3426.584
3203.111
3424.631
3419.642
3419.642
3411.299
3408.858
3408.858
3391.276
3391.765
3389.323
3378.055
3381.067
3395.026
3173.611
3175.438
3394.276
3394.276
3404.044
3385.206
3378.189
3363.991
3356.875
3358.311
3139.291
3326.218
3109.291
3323.837
3107.065
3107.717
3109.06
3120.995
3338.738
3120.995
3313.331
3313.331
3305.831
3316.733
3316.733
3100.424
3289.628
3075.087
3267.372
3280.14
3317.814
3323.483
3344.029
3347.843
3322.64
3325.343
3325.343
3108.473
3152.715
3155.242
3159.122
3378.09
3157.78
2964.446
3365.846
3146.334
2953.702
2955.791
2785.264
2806.274
3382.733
3384.695
3384.695
3363.485
3410.814
3410.814
3430.227
3440.203
3440.203
3439.445
3500.108
3520.166
3290.59
3511.619
3501.852
3517.712
3517.712
3517.712
3517.712
3514.701
3531.073
3533.776
3515.404
3505.427
3505.427
3513.974
3501.206
3501.206
3272.867
3273.323
3481.259
3460.049
3460.049
3468.596
3452.084
3226.948
3443.538
3443.375
3443.375
3218.807
3222.745
3447.587
3455.087
3435.674
3433.721
3443.488
3447.701
3430.119
3446.631
3221.851
3426.084
3434.427
3395.602
3388.102
3388.102
3167.139
3197.139
3244.217
3470.558
3461.663
3235.902
3450.762
3450.762
3433.18
3430.477
3206.75
3430.477
3206.75
3010.418
3424.169
3420.355
3418.401
3415.837
3415.674
3415.674
3192.913
3415.674
3415.674
3415.674
3415.674
3448.395
3471.035
3479.378
3476.674
3478.674
3478.047
3484.355
3484.355
3506.541
3553.869
3322.095
3553.869
3591.544
3591.544
3582.648
3620.323
3620.323
3620.323
3611.427
3608.985
3618.753
3618.753
3627.648
3626.89
3390.353
3182.781
3604.703
3615.378
3631.89
3631.89
3631.419
3631.419
3593.387
3590.945
3610.358
3601.148
3584.218
3593.427
3593.427
3359.073
3593.427
3626.148
3628.11
3391.495
3408.668
3646.483
3664.064
3645.692
3643.25
3650.227
3650.227
3650.227
3649.529
3648.831
3649.59
3649.59
3651.026
3662.294
3662.294
3662.294
3674.991
3684.201
3684.201
3443.927
3682.201
3442.057
3677.988
3438.12
3668.012
3635.291
3657.003
3658.965
3657.43
3661.642
3422.84
3661.172
3661.172
3638.916
3638.427
3638.427
3401.139
3192.906
3577.765
3503.227
3492.552
3491.794
3491.794
3484.294
3478.625
3499.172
3499.172
3499.172
3492.863
3489.608
3488.073
3496.416
3496.416
3496.416
3482.456
3482.456
3482.456
3469.689
3418.206
3413.985
3429.846
3429.846
3404.642
3182.601
3404.154
3407.968
3407.968
3398.759
3394.538
3426.099
3400.692
3378.506
3158.168
3164.69
3377.983
3352.913
3354.875
3136.079
3354.875
3136.079
3354.875
3136.079
3152.514
3176.264
3394.608
3444.971
3470.041
3468.041
3476.936
3476.936
3480.192
3483.203
3494.471
3492.169
3512.227
3516.448
3518.828
3518.828
3502.317
3506.538
3508.5
3513.314
3513.314
3284.185
3083.112
3509.826
3509.067
3508.369
3508.369
3500.869
3511.544
3282.53
3081.559
3508.36
3515.076
3515.076
3515.076
3498.227
3488.227
3471.378
3244.984
3446.308
3451.122
3454.378
3456.34
3452.119
3447.305
3449.259
3452.442
3452.279
3463.547
3463.547
3463.547
3237.663
3247.853
3474.448
3474.448
3441.727
3463.439
3458.451
3457.98
3495.157
3499.308
3499.308
3500.067
3499.578
3499.578
3501.532
3504.544
3523.381
3293.595
3091.946
3106.436
2927.219
3525.695
3295.758
3525.695
3542.544
3542.544
3468.006
3449.169
3224.223
3449.169
3447.215
3461.413
3235.668
3245.859
3464.814
3471.529
3492.738
3264.951
3276.821
3285.429
3298.478
3322.038
3553.808
3322.038
3553.808
3541.11
3541.11
3509.549
3570.212
3337.372
3566.398
3568.701
3577.596
3344.274
3570.096
3570.096
3588.933
3588.933
3557.189
3559.151
3558.392
3326.323
3556.392
3556.392
3324.454
3551.404
3544.288
3547.299
3546.672
3532.712
3553.922
3553.922
3628.459
3628.459
3626.924
3626.924
3390.386
3394.323
3631.137
3611.078
3573.404
3552.858
3575.044
3587.741
3590.997
3356.802
3151.283
3160.849
2978.493
3601.898
3596.23
3596.23
3596.23
3361.693
3362.133
3596.701
3633.878
3633.878
3643.855
3643.366
3643.366
3645.808
3645.808
3645.11
3407.386
3628.262
3607.715
3588.302
3555.581
3545.605
3545.605
3544.169
3544.169
3544.169
3541.465
3552.733
3545.756
3545.756
3550.57
3319.011
3548.616
3551.32
3568.25
3573.064
3340.038
3135.546
2954.649
2972.918
2989.505
2997.293
3599.43
3574.227
3341.125
3356.875
3151.352
3179.048
3186.37
3002.541
3570.317
3572.619
3604.712
3587.782
3600.48
3625.549
3624.852
3388.448
3592.759
3589.747
3598.09
3598.09
3595.709
3586.814
3586.814
3586.814
3591.465
3591.465
3591.465
3593.767
3359.391
3593.767
3585.424
3577.081
3574.701
3566.358
3566.358
3566.195
3552.235
3538.276
3540.276
3523.765
3501.672
3501.672
3526.741
3522.529
3509.762
3525.622
3505.076
3444.413
3428.552
3433.203
3209.299
3419.244
3414.64
3414.64
3414.64
3384.238
3384.401
3403.814
3383.756
3383.756
3405.468
3410.456
3410.456
3409.846
3405.634
3406.105
3406.105
3406.105
3183.967
2989.031
3011.327
3399.951
3178.215
2983.63
3379.404
3386.381
3386.381
3406.927
3404.965
3435.366
3211.321
3214.364
3222.679
3438.622
3400.948
3404.131
3404.131
3387.282
3401.241
3353.913
3353.913
3353.913
3353.913
3366.157
3146.625
3366.157
3352.198
3354.198
3352.235
3362.212
3374.91
3374.91
3358.061
3356.625
3356.625
3352.811
3352.811
3411.009
3188.552
3411.009
3414.02
3414.02
3439.224
3441.224
3216.796
3232.101
3235.076
3241.636
3458.587
3458.587
3456.587
3456.587
3477.797
3250.984
3426.314
3426.314
3416.895
3406.919
3184.728
3399.419
3177.717
3398.791
3398.791
3177.13
2982.612
3377.078
3339.404
3336.701
3336.701
3339.404
3340.84
3340.84
3340.84
3339.404
3332.288
3336.939
3119.313
3314.753
3300.555
3085.302
3290.578
3294.791
3294.791
3388.802
3388.802
3414.209
3417.465
3417.465
3423.134
3423.134
3423.134
3423.134
3455.227
3469.186
3469.186
3469.186
3473.837
3473.349
3470.337
3470.337
3438.244
3214.011
3438.244
3438.407
3438.407
3427.506
3203.973
3427.506
3417.738
3417.738
3430.436
3504.974
3276.389
3282.91
3081.916
3511.951
3523.218
3530.195
3299.965
3313.236
3334.399
3567.032
3567.032
3515.549
3506.131
3528.77
3519.875
3541.084
3541.084
3522.247
3521.759
3522.517
3504.936
3504.936
3526.145
3296.179
3316.005
3318.981
3324.878
3327.103
3342.408
3528.27
3535.387
3535.387
3535.387
3573.419
3562.151
3562.779
3565.791
3575.209
3575.209
3567.709
3335.033
3130.847
3567.709
3578.977
3587.872
3592.084
3588.596
3589.084
3355.014
3363.329
3371.644
3603.863
3596.887
3609.584
3607.142
3619.91
3641.622
3645.834
3668.09
3428.867
3663.878
3665.831
3669.645
3669.645
3430.321
3432.603
3447.429
3687.948
3687.189
3676.515
3680.735
3690.712
3703.48
3461.948
3703.48
3703.48
3703.48
3703.48
3703.48
3690.712
3727.89
3725.509
3709.648
3701.305
3731.706
3488.334
3681.343
3670.076
3695.279
3701.587
3701.587
3676.18
3692.692
3451.864
3481.538
3724.436
3734.436
3729.622
3740.297
3718.041
3718.041
3709.145
3671.968
3670.532
3659.858
3679.916
3439.921
3642.241
3404.704
3421.878
3212.375
3222.263
3670.445
3672.445
3432.938
3222.758
3247.758
3252.732
3260.232
3274.722
3085.796
3103.75
3118.288
3120.779
3124.269
3129.486
3773.593
3527.489
3311.52
3315.898
3768.581
3760.238
3760.238
3744.378
3724.32
3724.32
3744.756
3761.267
3515.967
3735.86
3725.86
3748.116
3737.442
3737.442
3740.625
3715.555
3697.183
3706.078
3703.375
3461.851
3490.269
3494.769
3738.119
3733.305
3738.119
3738.119
3494.329
3738.119
3494.329
3717.573
3697.026
3697.026
3664.305
3654.305
3415.981
3643.631
3643.631
3645.593
3646.291
3639.576
3639.576
3639.576
3641.538
3641.538
3404.046
3195.635
3641.538
3652.805
3414.579
3652.805
3652.805
3640.108
3642.108
3637.294
3654.224
3660.939
3663.32
3424.408
3439.234
3460.038
3462.321
3463.03
3471.639
3498.269
3507.073
3732.916
3739.224
3495.361
3504.492
3508.992
3522.041
3767.765
3767.765
3768.462
3766.02
3520.41
3523.454
3718.913
3719.076
3751.169
3506.527
3518.397
3753.866
3734.453
3718.081
3717.593
3717.593
3719.974
3477.367
3482.03
3720.741
3720.741
3478.084
3720.741
3721.23
3699.137
3696.756
3696.756
3696.756
3675.547
3678.25
3683.919
3706.174
3706.174
3706.174
3464.467
3697.831
3713.692
3681.599
3681.599
3681.599
3687.267
3674.57
3434.924
3654.023
3415.717
3642.756
3646.968
3645.006
3619.802
3619.802
3619.044
3615.788
3632.637
3653.073
3661.968
3661.968
3651.991
3651.991
3413.818
3641.09
3636.939
3636.939
3624.172
3602.459
3602.459
3625.099
3625.099
3613.831
3617.015
3617.015
3625.91
3636.811
3636.811
3649.055
3656.555
3656.555
3656.555
3653.372
3678.576
3438.668
3604.038
3368.992
3604.038
3611.538
3611.538
3622.805
3622.108
3649.212
3649.212
3658.422
3660.863
3672.131
3682.805
3680.852
3682.814
3442.63
3231.857
3678
3678.488
3678.488
3679.186
3701.372
3701.372
3459.978
3466.63
3706.526
3706.526
3717.427
3715.427
3740.631
3715.224
3689.817
3669.381
3663.073
3424.177
3648.875
3641.898
3616.695
3626.672
3631.276
3639.823
3402.443
3403.095
3633.404
3633.404
3633.404
3646.172
3646.172
3646.009
3646.009
3646.009
3656.009
3630.602
3639.497
3642.509
3610.416
3601.869
3626.939
3390.399
3568.741
3335.997
3351.302
3582.102
3565.73
3333.182
3562.718
3330.367
3562.718
3563.206
3469.195
3475.91
3249.22
3415.247
3417.549
3417.549
3417.549
3417.549
3194.666
3399.968
3412.666
3412.666
3398.706
3419.142
3408.241
3406.241
3412.549
3398.352
3176.72
2982.227
3398.352
3405.468
3409.689
3409.218
3409.218
3401.718
3402.477
3180.576
3386.105
3165.272
3195.272
3418.198
3413.985
3418.206
3195.28
3239.522
3462.352
3452.584
3227.416
3431.375
3421.956
3421.956
3409.712
3410.201
3420.875
3437.247
3213.079
3437.247
3417.189
3404.422
3395.526
3397.526
3415.898
3412.642
3412.642
3401.375
3408.875
3361.547
3388.651
3384.439
3377.422
3157.155
2963.86
3360.91
3346.951
3334.253
3116.802
3121.149
3139.296
3351.602
3348.419
3343.767
3356.535
3357.294
3335.581
3335.581
3335.581
3335.581
3360.785
3363.488
3363.488
3354.279
3354.279
3337.43
3304.407
3301.965
3304.407
3088.902
3104.652
3312.36
3330.733
3308.547
3345.724
3356.991
3370.951
3348.311
3339.416
3341.416
3341.416
3123.497
3341.416
3358.265
3358.265
3348.288
3129.921
3348.288
3348.288
3368.724
3369.422
3365.209
3352.442
3333.029
3333.029
3300.308
3300.308
3289.634
3308.006
3304.823
3302.381
3298.16
3317.573
3307.805
3305.102
3305.102
3089.552
3305.102
3309.323
3336.427
3333.724
3327.009
3329.39
3112.255
3141.929
3352.587
3352.587
3352.587
3362.355
3340.099
3335.948
3335.948
3338.25
3360.506
3366.814
3147.239
2954.551
3348.442
3346.48
3342.666
3338.445
3338.445
3120.72
2929.656
3334.233
3336.674
3314.962
3302.265
3304.218
3304.055
3341.233
3329.965
3313.116
3335.302
3362.407
3392.808
3397.622
3176.038
2981.587
3394.439
3394.439
3412.811
3403.916
3395.02
3382.323
3382.323
3161.736
3166.236
2972.385
3387.137
3399.381
3419.927
3382.75
3373.331
3373.331
3373.802
3362.901
3363.372
3382.209
3389.709
3168.641
3389.709
3168.641
3189.446
3410.012
3410.012
3422.256
3433.523
3429.709
3429.709
3466.887
3450.515
3467.026
3487.084
3482.433
3482.433
3255.318
3257.47
3465.898
3478.666
3489.34
3261.774
3264.302
3266.128
3066.161
3493.997
3494.485
3461.765
3235.997
3461.765
3414.436
3414.436
3411.253
3390.044
3390.044
3427.718
3427.718
3427.718
3431.206
3431.206
3445.404
3442.392
3404.718
3400.067
3401.503
3401.666
3401.666
3401.666
3327.128
3305.416
3305.253
3330.66
3353.299
3134.606
3315.267
3099.054
3310.453
3094.554
3095.989
3310.552
3304.244
3306.244
3274.683
3267.567
3317.93
3286.369
3286.369
3302.741
3087.345
3100.617
3300.567
3085.313
3085.883
3088.927
3285.02
3292.038
3292.526
3290.224
3279.549
3282.253
3260.541
3260.541
3047.897
3244.68
3242.718
3246.869
3246.869
3035.117
3226.433
3196.032
3188.532
2980.584
3174.573
3235.235
3024.242
3033.046
3048.351
3054.872
2867.839
2882.207
2715.925
3267.863
3245.608
3245.137
3261.648
3274.346
3276.788
3276.788
3063.084
3265.887
3266.049
3278.294
3294.666
3315.212
3322.328
3320.366
3311.471
3311.471
3300.203
3295.983
3291.169
3300.587
3085.332
3263.41
3050.579
2863.809
3254.863
3232.608
3258.015
3258.015
3235.375
3239.98
3239.98
3028.677
3238.017
3238.017
3221.087
3011.016
3080.693
3084.997
2896.12
3287.532
3262.328
3259.317
3261.317
3264.5
3282.081
3279.701
3279.701
3275.48
3279.294
3279.294
3274.48
3274.48
3276.48
3297.689
3297.689
3281.828
3270.927
3270.927
3249.718
3249.02
3251.401
3039.353
3047.668
3254.628
3042.37
3061.576
3258.663
3263.477
3272.686
3286.645
3259.541
3273.738
3275.701
3275.212
3294.625
3302.968
3302.968
3310.084
3305.096
3305.096
3305.096
3302.392
3311.288
3306.299
3090.671
3304.299
3292.055
3282.055
3270.788
3261.578
3279.951
3274.282
3274.282
3251.642
3254.654
3251.951
3345.962
3353.462
3134.758
3316.285
3316.285
3316.285
3318.666
3330.91
3321.701
3321.701
3319.32
3305.36
3305.36
3306.895
3309.198
3329.256
3348.669
3341.552
3123.625
3126.152
3343.767
3332.5
3339.517
3319.459
3337.041
3324.343
3310.145
3337.25
3337.25
3337.25
3337.25
3332.436
3343.337
3125.293
3340.895
3340.895
3123.011
2931.806
2950.86
3362.608
3362.608
3368.276
3343.073
3354.34
3374.776
3377.218
3383.933
3383.933
3390.91
3387.727
3377.959
3377.959
3388.634
3405.483
3428.122
3428.122
3450.378
3449.89
3449.89
3468.262
3468.262
3468.262
3469.698
3461.355
3235.614
3461.355
3235.614
3461.355
3440.919
3434.203
3409.134
3411.134
3188.668
2993.444
2820.745
2836.322
2681.614
3426.715
3426.715
3203.234
3007.117
3426.715
3428.669
3205.06
3419.773
3196.745
3416.762
3447.163
3222.348
3447.163
3449.163
3486.837
3486.837
3486.14
3494.483
3481.715
3472.506
3456.645
3477.855
3483.523
3504.733
3506.695
3277.997
3481.625
3499.206
3492.898
3503.573
3275.079
3283.688
3298.992
3097.013
3529.154
3529.154
3534.142
3531.701
3301.372
3099.247
3531.538
3548.468
3537.201
3548.468
3548.468
3545.456
3524.247
3534.922
3532.922
3535.302
3562.407
3551.14
3546.326
3543.314
3312.228
3543.314
3511.221
3507.965
3507.267
3512.936
3535.576
3537.012
3306.337
3527.012
3516.11
3286.799
3515.483
3531.343
3535.555
3513.299
3500.532
3493.555
3472.346
3479.462
3490.73
3263.073
3490.73
3492.73
3484.183
3495.451
3495.451
3458.273
3232.734
3242.712
3441.843
3425.331
3427.331
3422.517
3422.988
3199.75
3422.988
3425.43
3408.581
3418.558
3431.256
3431.256
3435.907
3433.953
3434.581
3210.587
3420.622
3395.419
3404.314
3402.012
3397.198
3434.375
3397.198
3396.727
3396.727
3384.483
3382.483
3161.886
3376.174
3376.174
3378.128
3369.233
3355.273
3355.273
3362.25
3142.973
3357.599
3335.413
3342.128
3350.471
3342.128
3353.395
3360.11
3140.973
3342.529
3331.855
3333.817
3116.394
3116.851
3140.41
2948.14
2967.194
3368.453
3336.36
3336.36
3333.105
3115.728
3117.554
3315.645
3295.587
3320.791
3371.154
3364.846
3145.399
3352.148
3389.823
3389.125
3376.881
3376.881
3414.913
3437.552
3439.506
3435.285
3432.983
3426.267
3422.055
3419.352
3430.253
3428.253
3425.951
3202.519
3208.796
3012.339
3410.48
3409.721
3409.721
3409.721
3399.744
3383.884
3394.785
3395.273
3411.645
3411.645
3411.645
3391.209
3170.043
3384.901
3395.802
3405.779
3398.279
3381.767
3369.523
3337.43
3340.134
3340.605
3358.186
3342.326
3356.523
3354.523
3355.221
3375.279
3375.279
3379.93
3357.674
3357.674
3138.696
3154
3159.897
3160.049
3176.484
3396.099
3174.614
3189.44
3193.386
2997.872
3001.577
3403.89
3386.959
3386.959
3356.558
3374.93
3363.663
3331.57
3334.826
3354.884
3329.477
3324.663
3324.663
3322.663
3290.919
3272.547
3256.174
3259.988
3259.988
3282.174
3319.849
3338.686
3338.686
3338.686
3333.872
3116.446
3333.872
3365.616
3366.087
3388.273
3387.785
3373.587
3377.401
3368.506
3368.343
3368.343
3370.297
3370.297
3370.459
3370.459
3369.701
3149.938
3165.688
2971.87
2975.566
3008.628
3030.745
3034.827
2859.74
3458.128
3232.598
3256.158
3256.867
3474.672
3474.672
3467.555
3447.119
3447.119
3222.307
3443.305
3218.742
3437.637
3213.443
3436.201
3212.101
3015.441
3424.933
3433.828
3431.866
3441.076
3434.099
3409.029
3400.134
3393.419
3172.109
3176.457
3388.093
3407.506
3407.506
3400.006
3407.506
3427.564
3204.027
3427.564
3429.945
3428.41
3410.038
3406.782
3406.782
3424.363
3417.387
3417.387
3435.759
3211.688
3435.759
3415.212
3419.817
3415.166
3448.189
3425.933
3473.262
3473.262
3246.745
3473.262
3246.745
3263.918
3264.375
3488.308
3488.308
3488.308
3488.308
3483.657
3483.657
3483.657
3488.308
3506.68
3513.395
3520.512
3524.326
3294.478
3092.776
3524.326
3523.837
3524
3525.535
3550.942
3567.453
3567.453
3577.221
3577.98
3573.767
3340.696
3548.36
3316.946
3528.302
3535.017
3304.473
3306.698
3308.533
3536.919
3548.186
3544.93
3538.622
3580.192
3612.285
3612.285
3593.448
3359.092
3366.891
3599.837
3599.837
3595.023
3595.023
3584.349
3585.785
3595.203
3600.017
3600.506
3591.61
3357.375
3357.962
3589.858
3592.561
3600.061
3599.302
3599.302
3602.314
3554.985
3554.985
3526.497
3496.096
3268.09
3068.003
3495.625
3500.613
3498.651
3482.279
3459.64
3234.011
3036.01
3041.546
2866.072
2709.741
2722.977
3473.669
3473.831
3471.831
3478.948
3468.273
3445.634
3220.918
3426.221
3426.221
3425.75
3425.14
3425.14
3201.761
3396.651
3392.439
3171.193
2977.038
3381.172
3385.323
3401.834
3390.567
3422.311
3435.009
3465.41
3427.735
3409.363
3418.259
3418.259
3415.555
3415.555
3404.881
3182.823
3404.881
3400.276
3400.276
3416.137
3418.09
3418.701
3427.91
3427.91
3459.654
3462.096
3460.096
3470.073
3243.764
3259.198
3271.133
3276.432
3504.532
3491.765
3516.834
3506.16
3506.16
3501.939
3501.939
3494.922
3266.992
3491.738
3264.016
3454.561
3464.538
3486.794
3518.887
3502.038
3510.381
3517.096
3517.096
3287.72
3086.431
3102.962
3513.677
3517.828
3517.828
3517.828
3519.828
3540.265
3539.776
3537.474
3537.474
3537.474
3538.172
3525.927
3520.259
3290.677
3298.992
3097.013
3123.691
3127.773
3564.206
3561.503
3557.352
3554.169
3544.169
3511.448
3489.262
3414.724
3417.026
3421.247
3419.811
3359.148
3140.073
3340.776
3365.98
3387.692
3389.994
3440.358
3215.986
3437.916
3213.704
3016.946
3425.218
3423.265
3420.884
3197.783
3201.728
3420.5
3197.424
3404.128
3413.023
3413.023
3407.355
3407.355
3365.785
3365.785
3356.576
3356.576
3345.308
3340.32
3328.076
3296.331
3081.353
2892.699
2725.813
2577.132
2581.032
2447.53
3298.616
3285.919
3071.62
3080.228
2891.643
3292.686
3077.946
3287.698
3073.283
3083.815
3092.13
3108.565
3325.442
3231.43
3206.227
3189.855
3173.343
2966.386
3173.343
3175.645
3176.256
3158.674
3150.331
3164.291
3180.151
3182.151
3185.334
3210.404
3206.916
3213.224
3211.689
3213.224
3207.555
3210.567
3215.172
3164.808
3182.39
3182.552
3184.994
3184.523
3195.198
3185.221
3175.244
3187.942
2980.033
2984.533
3188.605
3188.605
3190.041
3206.552
3207.023
3186.477
3186.477
3197.744
3214.256
3265.738
3052.755
3073.918
3287.68
3287.68
3268.267
3258.849
3274.709
3275.468
3261.27
3263.573
3050.731
3249.375
3037.459
3236.608
3261.811
3274.055
3274.055
3290.567
3284.898
3273.631
3060.133
3060.842
2873.444
3272.427
3285.125
3070.878
3282.744
3282.744
3265.895
3275.895
3062.25
3254.183
3041.954
3042.106
3237.834
3210.73
3192.358
3188.544
3190.078
3172.497
3172.985
3189.916
3189.916
3212.555
3003.041
3207.567
3207.567
3210.27
3241.831
3225.459
3223.497
3230.474
3229.038
3229.038
3228.279
3017.739
3209.442
3209.442
3207
2997.848
3004.859
3214.5
3210.279
3000.913
3004.859
3201.802
3223.515
3228.119
3288.782
3291.965
3292.436
3077.712
3290.134
3285.922
3255.52
3277.776
3064.008
3259.404
3266.904
3271.116
3263.616
3300.794
3291.026
3309.398
3315.706
3316.404
3100.117
3101.552
3301.567
3282.154
3284.596
3291.712
3291.712
3310.549
3310.549
3310.549
3308.108
3308.108
3299.765
3281.392
3279.439
3065.563
3257.253
3209.924
3247.956
3264.805
3308.759
3310.721
3310.721
3316.39
3334.762
3117.277
3128.234
3137.56
3356.459
3357.994
3358.753
3395.93
3396.689
3396.689
3380.317
3385.131
3164.361
3203.22
3218.97
3238.073
3463.985
3463.358
3237.486
3238.921
3464.892
3448.52
3437.253
3437.253
3445.596
3440.782
3462.968
3237.122
3455.852
3456.549
3231.122
3033.298
3456.549
3418.875
3416.875
3194.035
3196.318
3410.422
3188.003
3399.52
3177.813
3399.52
3399.52
3446.849
3439.349
3423.488
3423.488
3424.116
3424.116
3200.804
3004.837
2831.481
3412.849
3412.849
3412.36
3404.86
3388.012
3388.012
3378.802
3411.523
3397.564
3388.145
3167.179
3378.727
3383.541
3400.471
3178.701
3179.41
3394.253
3389.602
3371.23
3371.23
3151.367
3368.526
3368.055
3368.055
3148.399
2955.64
3368.055
3405.73
3431.137
3435.741
3415.305
3192.568
3198.845
3422.02
3391.619
3391.619
3170.427
3179.557
3397.573
3422.776
3199.552
3003.661
3036.286
3050.653
3476.326
3477.762
3250.951
3253.103
3480.064
3480.552
3481.25
3458.61
3451.494
3226.397
3444.779
3435.884
3410.68
3405.012
3412.512
3412.512
3437.919
3438.081
3433.86
3427.552
3418.343
3422.564
3395.459
3174.016
3370.256
3387.105
3389.485
3407.858
3414.875
3403.608
3414.875
3414.712
3431.224
3431.983
3457.186
3231.717
3033.857
3051.459
3071.327
3495.733
3267.75
3279.685
3281.027
3484.529
3482.567
3478.753
3461.823
3536.36
3538.314
3487.951
3506.323
3277.649
3506.323
3514.666
3553.491
3552.881
3533.468
3501.724
3501.724
3498.712
3508.48
3541.201
3545.852
3314.601
3335.34
3565.657
3565.657
3563.276
3590.381
3589.892
3355.769
3357.639
3591.892
3517.355
3479.68
3483.892
3469.695
3469.695
3491.951
3491.951
3489.247
3509.683
3280.791
3299.894
3523.102
3500.462
3499.765
3499.765
3461.733
3235.967
3251.793
3467.762
3468.25
3499.994
3516.366
3516.366
3287.038
3295.027
3517.936
3517.936
3517.773
3528.674
3528.674
3526.372
3489.195
3501.892
3511.66
3282.639
3081.661
3493.288
3515.544
3518.555
3550.299
3550.77
3540.096
3540.096
3309.22
3315.117
3112.151
3526.991
3530.247
3509.038
3504.433
3504.433
3499.828
3499.828
3492.712
3506.91
3474.817
3474.817
3500.224
3271.948
3478.038
3490.805
3490.334
3501.602
3523.788
3536.555
3515.346
3286.084
3084.895
3499.485
3517.067
3518.602
3289.128
3293.432
3308.867
3106.283
3537.416
3588.898
3588.27
3588.27
3582.602
3562.055
3587.259
3587.259
3589.221
3556.198
3549.483
3317.995
3329.44
3364.658
3594.75
3594.75
3587.773
3587.773
3587.773
3353.788
3571.262
3573.564
3578.215
3578.215
3561.703
3329.418
3542.866
3580.898
3578.898
3567.631
3540.526
3547.241
3545.241
3543.241
3536.933
3306.264
3536.933
3499.259
3472.154
3474.116
3469.465
3243.196
3253.728
3279.065
3496.936
3496.936
3497.407
3496.709
3517.919
3517.919
3549.48
3549.48
3555.148
3564.358
3539.288
3541.25
3532.355
3301.984
3509.715
3507.413
3508.948
3569.61
3578.506
3345.125
3570.163
3570.163
3337.326
3570.163
3571.599
3338.668
3340.503
3343.318
3576.573
3560.712
3560.712
3560.712
3562.674
3562.674
3562.674
3569.651
3571.186
3571.186
3591.733
3357.489
3359.359
3153.684
3156.477
3175.531
3195.398
3619.555
3621.509
3589.765
3572.834
3572.834
3572.076
3579.052
3583.265
3583.265
3583.265
3558.061
3538.003
3544.311
3546.753
3315.443
3328.492
3551.503
3553.805
3322.035
3553.805
3605.288
3583.576
3570.878
3337.995
3133.628
3570.878
3566.666
3515.183
3515.183
3508.206
3525.055
3508.544
3506.241
3513.218
3512.52
3512.991
3523.892
3294.073
3310.508
3518.834
3519.323
3289.802
3310.541
3541.509
3310.541
3541.509
3520.299
3516.078
3506.311
3497.102
3269.03
3492.451
3492.451
3492.451
3490.148
3490.148
3487.445
3260.003
3264.307
3272.106
3280.421
3281.856
3284.139
3513.265
3509.044
3516.02
3518.724
3527.933
3526.398
3296.416
3488.366
3492.587
3513.023
3511.07
3508.628
3508.628
3485.988
3479.68
3479.68
3469.006
3242.766
3246.712
3442.826
3218.293
3219.636
3267.761
3270.043
3285.478
3512.744
3516.956
3520.212
3290.633
3089.166
2910.945
2919.772
3521.119
3514.003
3284.829
3512.049
3505.334
3505.334
3487.753
3469.381
3469.381
3478.799
3461.218
3461.218
3470.427
3469.939
3488.776
3471.195
3473.148
3246.639
3463.148
3450.451
3466.311
3465.552
3440.349
3436.128
3404.035
3387.663
3393.331
3393.959
3385.064
3384.901
3385.372
3394.267
3441.596
3400.026
3400.026
3409.794
3418.689
3418.689
3416.689
3412.468
3392.41
3372.352
3372.352
3152.416
3158.693
3179.432
3183.313
3403.023
3400.012
3178.272
3399.523
3392.023
3402.023
3180.152
3391.122
3390.363
3395.015
3356.189
3351.375
3326.172
3321.567
3325.788
3308.939
3305.756
3295.779
3302.797
3320.378
3350.779
3352.215
3373.927
3373.927
3373.927
3357.416
3375.788
3375.788
3427.27
3203.753
3411.41
3403.067
3403.067
3404.503
3402.549
3434.642
3210.644
3434.642
3434.642
3422.398
3433.666
3455.378
3455.378
3488.099
3486.564
3486.093
3463.837
3447.326
3425.613
3439.811
3439.323
3407.578
3414.555
3425.23
3422.849
3199.62
3413.081
3417.302
3425.849
3434.744
3438.233
3214
3431.215
3436.884
3436.884
3212.739
3217.239
3223.136
3246.571
3460.308
3452.808
3459.785
3459.785
3442.936
3430.238
3432.68
3432.68
3423.785
3415.442
3420.256
3197.196
3420.256
3422.256
3444.895
3447.337
3453.645
3464.547
3478.506
3515.683
3286.399
3483.939
3483.939
3476.439
3477.067
3495.439
3267.476
3278.921
3470.009
3461.113
3454.398
3448.09
3223.215
3425.904
3457.648
3447.672
3416.11
3416.11
3404.843
3404.843
3182.788
2987.923
3003.352
3005.074
3007.163
3426.279
3401.076
3401.076
3179.266
3370.674
3359.407
3140.315
3142.541
3344.206
3344.206
3344.206
3325.834
3314.567
3301.799
3318.73
3318.73
3102.291
3318.73
3339.276
3121.497
3130.106
3345.23
3270.692
3057.386
3064.397
3067.372
3103.666
3116.938
3147.524
3175.943
3396.762
3406.529
3415.424
3401.465
3383.884
3383.186
3397.145
3397.145
3397.145
3390.43
3407.36
3407.36
3389.779
3382.279
3161.696
3357.076
3356.913
3377.349
3377.959
3381.215
3378.512
3378.512
3379
3379
3158.63
3178.457
3187.804
3192.304
2996.857
3007.602
3425.831
3425.831
3432.14
3416.279
3428.977
3444.837
3449.488
3455.797
3230.418
3446.901
3446.901
3465.738
3433.994
3210.038
3210.19
3220.723
3443.424
3423.366
3412.099
3412.099
3412.099
3414.052
3414.052
3445.797
3445.797
3445.326
3425.267
3424.509
3427.52
3430.776
3435.765
3211.693
3435.765
3435.294
3446.561
3408.887
3413.701
3430.549
3430.549
3436.218
3446.892
3445.358
3445.358
3445.358
3220.66
3241.823
3467.997
3430.82
3207.071
3216.397
3237.136
3456.006
3454.006
3228.745
3031.066
2856.197
3431.75
3207.94
3215.739
3431.198
3207.424
3419.477
3421.439
3421.439
3396.369
3401.183
3405.404
3438.125
3438.125
3400.451
3378.738
3385.047
3380.058
3394.256
3172.891
3375.419
3378.43
3378.43
3376.895
3371.227
3392.436
3397.25
3345.767
3127.565
3127.717
3128.304
3128.761
3133.424
3339.267
3339.267
3338.797
3338.797
3338.797
3357.634
3138.658
3154.092
3372.61
3335.433
3117.905
3125.704
3141.008
3359.66
3358.901
3139.842
3146.853
3366.401
3365.703
3365.541
3378.238
3361.308
3344.459
3336.116
3329.14
3334.808
3330.657
3113.44
3133.266
2941.434
3351.866
3133.266
3351.866
3291.203
3291.203
3076.56
3270.767
3268.805
3267.369
3250.858
3257.166
3257.166
3240.317
3238.363
3227.462
3227.462
3235.805
3233.503
3228.689
3219.48
3219.48
3217.517
3208.099
3233.169
3172.506
3193.052
2984.81
3192.424
3180.18
3178.744
3195.116
3205.791
3207.744
2998.543
3006.859
2822.765
3216.64
3220.453
3220.616
3217.605
3217.442
3215.907
3232.419
3293.081
3078.315
3270.826
3268.523
3055.359
3268.523
3273.337
3290.186
3285.535
3071.261
3092.065
3103.511
3109.408
3113.353
3123.332
3127.269
3338.334
3286.852
3286.852
3286.852
3289.863
3289.863
3280.096
3066.177
3279.485
3266.718
3225.148
3222.706
3225.087
3241.459
3252.134
3237.936
3275.113
3273.677
3275.677
3298.317
3298.317
3309.218
3318.427
3322.648
3314.305
3098.155
2908.472
2908.615
3314.468
3311.212
3301.235
3298.794
3294.189
3303.084
3087.666
3282.648
3305.288
3089.726
3298.573
3298.573
3309.247
3306.235
3325.073
3325.073
3362.25
3358.029
3362.843
3346.331
3355.227
3136.408
3346.331
3128.092
3327.959
3388.622
3426.297
3423.855
3424.017
3433.436
3415.064
3192.342
3415.064
3192.342
3413.064
3396.692
3175.168
3175.321
3188.37
3410.814
3410.814
3188.37
3405.145
3412.645
3393.808
3400.116
3409.884
3359.52
3359.52
3361.823
3142.573
3151.921
3156.269
3168.139
3377.904
3157.606
3377.904
3340.727
3349.936
3332.355
3115.027
3124.375
3340.82
3363.459
3381.831
3383.267
3377.599
3379.599
3388.494
3430.064
3429.901
3409.465
3441.558
3460.395
3427.674
3418.465
3435.314
3429.645
3428.11
3430.552
3430.552
3409.343
3409.343
3410.779
3447.956
3223.09
3415.235
3192.503
2997.043
3413.799
3388.392
3388.392
3371.462
3372.997
3368.346
3148.671
3154.568
3170.394
3179.524
2984.86
3382.98
3376.265
3372.052
3363.157
3342.721
3380.753
3363.172
3346.241
3368.497
3371.509
3371.509
3369.067
3368.439
3346.253
3328.672
3344.532
3344.044
3348.256
3361.023
3350.349
3372.535
3393.081
3389.898
3168.818
3373.049
3392.462
3385.747
3164.938
3384.212
3384.212
3381.029
3390.238
3390.238
3412.424
3408.203
3407.445
3363.491
3361.529
3378.378
3378.378
3375.936
3375.936
3379.192
3389.192
3389.192
3391.895
3395.078
3405.753
3407.753
3415.253
3418.436
3418.436
3439.645
3425.686
3423.733
3423.733
3385.701
3406.247
3385.701
3385.701
3384.265
3347.087
3350.27
3350.898
3353.279
3353.279
3332.843
3322.169
3359.843
3355.029
3355.029
3357.41
3359.712
3334.509
3331.253
3331.253
3113.997
3330.494
3328.113
3337.009
3328.666
3337.875
3333.061
3300.34
3253.012
3246.703
3243.692
3236.715
3237.203
3237.203
3232.599
3254.311
3243.41
3271.898
3269.945
3269.945
3284.142
3287.326
3276.651
3289.349
3074.826
3289.349
3074.826
3285.198
3285.198
3070.946
2882.929
2892.495
2725.62
3296.099
3300.75
3301.509
3284.997
3285.468
3071.198
3090.405
3144.807
3364.212
3369.881
3382.578
3161.976
3380.137
3378.174
3415.849
3425.058
3416.512
3428.756
3424.544
3424.544
3428.756
3416.058
3453.235
3455.235
3450.584
3225.546
3450.584
3471.794
3509.826
3280.924
3509.826
3488.113
3486.16
3506.596
3488.224
3494.939
3488.631
3261.111
3488.631
3261.111
3486.669
3483.965
3256.75
3257.459
3484.724
3257.459
3058.023
3482.343
3482.343
3486.994
3486.994
3507.43
3507.43
3496.756
3496.756
3496.756
3268.707
3288.533
3087.194
3492.558
3264.783
3431.895
3415.384
3415.384
3404.116
3395.773
3364.212
3362.25
3335.145
3312.506
3312.506
3096.473
3312.506
3096.473
3132.024
3348.538
3364.398
3347.887
3356.433
3340.573
3349.468
3131.024
3135.329
3170.082
3391.25
3379.983
3378.448
3380.828
3160.34
3176.166
3393.154
3376.224
3370.555
3379.974
3388.317
3362.91
3143.59
3362.91
3379.759
3357.119
3363.834
3144.454
3363.834
3379.695
3389.113
3356.392
3137.497
3153.323
2960.263
2789.478
2793.325
2640.961
3377.974
3391.933
3170.72
3181.253
3381.991
3394.235
3393.608
3393.77
3368.567
3372.788
3375.799
3363.102
3358.288
3358.288
3358.288
3377.125
3379.427
3379.427
3383.648
3378.834
3371.817
3373.253
3380.23
3410.631
3410.631
3405.817
3393.573
3391.131
3368.945
3365.933
3333.212
3332.741
3332.741
3370.773
3360.099
3359.471
3359.471
3359.471
3366.186
3369.369
3352.997
3360.497
3365.485
3358.509
3362.66
3400.692
3400.692
3426.099
3438.797
3432.488
3208.63
3428.276
3448.823
3417.078
3394.892
3391.078
3395.23
3388.922
3388.922
3167.905
3177.883
3372.491
3372.491
3382.491
3382.491
3360.235
3374.433
3342.34
3281.677
3279.375
3269.608
3289.02
3299.695
3302.398
3334.142
3336.445
3345.34
3345.34
3340.689
3122.818
3123.527
3318.808
3344.012
3355.279
3364.698
3145.261
3364.698
3366.651
3147.087
3359.674
3366.791
3366.791
3366.791
3375.337
3155.207
3337.663
3317.227
3337.773
3120.092
3325.076
3347.262
3345.299
3293.817
3296.52
3313.451
3276.273
3062.603
3265.372
3263.419
3240.779
3226.581
3222.36
3200.174
3207.291
3205.291
3206.049
3228.305
3238.305
3219.933
3219.933
3217.491
3234.34
3246.584
3245.148
3245.148
3230.951
3246.811
3246.974
3246.974
3257.648
3045.193
3257.648
3245.404
3198.076
3200.076
3225.279
3225.116
3256.86
3256.86
3254.898
3254.898
3254.898
3254.898
3042.622
3050.611
3263.445
3254.549
3042.296
3252.247
3289.922
3289.922
3289.922
3268.712
3268.712
3270.712
3261.503
3255.195
3259.407
3268.302
3055.152
3259.407
3240.57
3240.57
3265.773
3253.529
3269.39
3260.18
3263.436
3261.055
3261.055
3261.055
3261.055
3251.055
3244.747
3033.133
3244.276
3281.453
3303.709
3088.25
2899.173
2731.913
2582.9
2449.302
3294.814
3280.855
3271.959
3058.571
3249.32
3037.408
3245.099
3033.462
3037.399
3249.311
3249.311
3240.765
3189.282
3249.945
3269.358
3244.288
3244.288
3282.32
3304.576
3313.471
3097.375
2907.74
3313.471
3315.006
3315.616
3310.802
3094.88
3310.64
3296.442
3295.006
3080.114
3090.647
3092.481
3100.47
3306.108
3298.608
3315.456
3340.526
3335.922
3336.392
3118.802
3327.183
3319.683
3328.23
3328.23
3325.849
3325.849
3108.946
3325.849
3316.953
3333.326
3340.041
3329.366
3350.576
3132.06
2940.301
3350.576
3352.529
3346.221
3127.989
3130.141
3346.142
3341.491
3342.102
3124.139
3127.704
3343.916
3125.834
3343.916
3125.834
3343.916
3360.765
3358.765
3379.311
3381.311
3359.055
3346.811
3128.541
2936.997
3343.555
3334.66
3353.032
3353.032
3360.009
3140.878
3359.538
3384.608
3416.352
3412.131
3412.131
3395.282
3379.422
3453.959
3440
3440
3446.308
3448.75
3448.75
3430.378
3430.215
3423.238
3401.526
3397.375
3393.163
3388.942
3376.244
3374.291
3421.619
3439.991
3215.644
3414.922
3393.712
3400.689
3396.477
3394.096
3419.166
3444.573
3433.672
3433.672
3209.736
3225.041
3027.589
3450.044
3432.462
3208.606
3216.921
3438.346
3470.09
3447.904
3223.041
3447.904
3437.904
3455.485
3505.849
3277.207
3076.561
3485.302
3491.61
3486.797
3487.285
3259.853
3060.27
3066.852
2889.918
3473.576
3247.038
3048.24
3473.576
3454.163
3228.891
3264.443
3064.579
3492.195
3492.953
3514.163
3522.506
3292.777
3519.25
3515.762
3518.465
3520.427
3504.567
3511.683
3282.66
3511.683
3479.939
3470.73
3244.378
3252.693
3255.736
3475.904
3249.215
3475.904
3454.192
3463.087
3432.686
3443.587
3434.692
3461.797
3471.215
3503.936
3500.68
3502.642
3274.209
3073.747
3472.241
3476.462
3439.285
3441.247
3450.456
3445.805
3426.968
3418.073
3195.155
3410.573
3403.858
3415.125
3410.137
3187.736
3400.137
3178.389
3398.701
3381.852
3384.863
3397.631
3377.084
3367.317
3369.27
3348.724
3355.439
3344.765
3322.125
3105.465
3135.139
3352.433
3374.145
3376.587
3371.599
3391.657
3414.297
3404.529
3403.77
3423.183
3423.183
3423.183
3199.932
3406.811
3422.672
3435.439
3436.198
3419.267
3433.465
3437.686
3450.384
3450.384
3418.291
3411.576
3407.762
3402.093
3395.785
3405.785
3405.785
3398.669
3398.669
3380.297
3382.738
3378.087
3381.901
3381.901
3365.529
3364.093
3414.456
3375.631
3375.631
3389.59
3386.407
3349.23
3351.192
3132.636
2940.842
3337.233
3119.587
3135.413
3141.973
3361.18
3141.973
3151.321
3363.68
3385.392
3382.209
3161.63
2968.061
3382.209
3382.209
3161.63
3363.837
3372.733
3366.424
3349.913
3332.983
3115.614
3124.223
2932.944
3333.297
3322.622
3345.262
3345.262
3346.797
3346.797
3347.267
3343.047
3343.047
3331.779
3344.023
3323.587
3323.587
3106.832
3323.587
3323.587
3323.587
3323.099
3321.137
3104.541
3321.137
3329.48
3334.084
3317.235
3306.334
3306.334
3302.122
3307.11
3318.378
3312.07
3274.892
3262.125
3254.625
3292.299
3314.485
3098.323
3314.485
3316.02
3337.733
3345.233
3332.988
3323.012
3328
3318.581
3329.256
3329.727
3336.703
3337.462
3347.439
3384.616
3384.616
3388.43
3330.233
3329.622
3361.366
3391.767
3391.767
3372.93
3383.831
3383.831
3383.831
3392.174
3170.946
3181.478
3403.442
3414.343
3191.668
3376.311
3397.52
3398.956
3390.613
3382.067
3377.078
3367.078
3367.549
3358.654
3355.471
3360.285
3367.401
3386.814
3365.102
3356.206
3361.875
3366.863
3366.701
3427.363
3431.515
3431.026
3392.994
3171.712
3180.321
3186.842
3195.973
3418.189
3422.401
3426.215
3416.797
3193.962
3199.859
3003.949
2830.644
3422.942
3422.942
3199.707
3003.806
3422.942
3413.174
3407.506
3410.689
3188.253
3410.689
3406.084
3403.073
3428.276
3204.693
3008.487
3009.153
3042.214
2866.702
3466.709
3458.366
3457.895
3232.38
3034.48
3457.895
3468.797
3469.494
3450.657
3461.331
3458.951
3465.927
3463.485
3459.265
3459.265
3476.113
3471.962
3245.53
3253.519
3256.046
3257.481
3267.459
3271.807
3487.375
3259.938
3449.701
3449.701
3449.701
3478.189
3488.863
3489.561
3492.573
3503.84
3275.329
3345.005
3578.378
3611.099
3608.087
3591.715
3581.041
3580.878
3618.055
3580.381
3580.381
3617.558
3617.558
3617.558
3669.041
3670.994
3648.808
3649.506
3628.959
3392.288
3603.756
3594.547
3592.593
3584.047
3565.209
3572.709
3562.709
3569.686
3569.686
3561.14
3559.605
3572.372
3571.762
3608.939
3611.32
3636.523
3399.359
3636.36
3636.36
3674.035
3434.424
3674.035
3676.477
3676.477
3659.628
3691.721
3691.721
3450.957
3239.673
3247.939
3060.558
3084.115
2915.891
2765.069
2629.082
2505.844
3729.628
3486.391
3272.939
3726.616
3740.814
3741.442
3741.442
3759.814
3752.698
3740
3714.593
3724.012
3707.163
3694.919
3453.946
3684.919
3444.598
3464.424
3466.576
3702.122
3711.017
3688.762
3685.506
3671.308
3690.145
3690.145
3690.145
3678.878
3680.84
3676.026
3692.398
3753.061
3764.328
3764.328
3763.701
3762.166
3516.807
3753.27
3753.27
3753.968
3768.166
3777.375
3774.672
3737.494
3734.791
3726.244
3483.228
3707.407
3707.407
3707.407
3696.14
3727.884
3727.884
3723.233
3723.233
3719.081
3476.533
3719.081
3723.895
3481.033
3693.494
3723.895
3723.895
3709.698
3723.657
3691.913
3451.136
3239.842
3684.936
3690.605
3449.913
3452.889
3691.826
3705.785
3716.686
3714.244
3709.43
3709.43
3709.43
3467.511
3476.315
3677.279
3654.64
3663.849
3647
3644.698
3651.413
3413.277
3642.517
3642.517
3628.32
3611.39
3627.762
3613.802
3613.802
3607.494
3609.029
3629.576
3630.203
3630.203
3630.203
3617.506
3618.265
3382.291
3392.823
3185.099
3001.344
3629.532
3633.744
3651.326
3413.196
3431.342
3447.092
3495.217
3515.514
3760.782
3769.677
3779.096
3532.633
3758.549
3760.549
3760.549
3760.549
3751.131
3767.503
3521.796
3756.235
3742.276
3498.215
3500.742
3741.797
3763.509
3763.509
3518.063
3750.741
3757.456
3748.247
3746.247
3501.927
3511.274
3747.038
3726.602
3731.59
3488.226
3731.102
3722.206
3684.174
3692.517
3690.564
3449.875
3673.634
3434.049
3651.448
3676.855
3437.06
3645.11
3407.386
3407.826
3411.764
3427.59
3440.639
3229.987
3043.642
3058.834
3670.567
3670.567
3670.567
3681.468
3441.372
3441.959
3231.227
3682.096
3699.677
3669.276
3664.625
3669.276
3672.532
3433.019
3669.349
3658.674
3663.279
3662.52
3660.52
3665.509
3426.454
3432.976
3655.555
3655.555
3655.555
3671.927
3650.718
3654.939
3664.939
3425.921
3216.171
3664.939
3425.921
3430.584
3220.548
3034.748
3665.715
3627.683
3391.095
3607.137
3590.206
3590.965
3593.977
3359.587
3593.977
3632.009
3634.712
3632.75
3649.262
3411.266
3649.262
3649.262
3687.294
3446.818
3235.788
3049.108
3680.578
3694.538
3453.59
3694.538
3686.195
3685.724
3678.224
3700.48
3699.869
3703.683
3709.991
3468.035
3255.707
3709.991
3707.549
3690.701
3693.142
3709.991
3468.035
3709.991
3721.259
3721.259
3722.017
3684.343
3668.483
3429.234
3663.669
3663.669
3660.485
3421.758
3642.113
3651.009
3651.48
3413.34
3576.942
3539.765
3535.544
3544.439
3554.416
3538.044
3575.221
3575.058
3574.299
3341.193
3343.027
3576.262
3580.913
3347.375
3530.549
3517.852
3520.863
3515.875
3516.485
3455.823
3460.811
3474.77
3469.782
3469.023
3242.783
3044.245
3466.721
3491.924
3460.18
3453.203
3455.166
3448.451
3448.451
3450.892
3442.549
3462.985
3462.985
3453.567
3461.067
3461.067
3235.345
3450.166
3456.881
3446.881
3465.718
3444.509
3219.867
3022.732
2848.344
3437.794
3441.608
3416.404
3378.372
3452.91
3442.235
3463.948
3482.32
3482.32
3495.017
3517.273
3534.855
3524.18
3517.872
3521.686
3292.011
3090.459
3098.724
3101.367
3534.116
3303.63
3101.367
2922.442
2933
3542.233
3549.349
3553.561
3556.003
3581.206
3583.16
3583.16
3585.122
3583.122
3583.122
3349.44
3364.266
3158.291
3566.89
3568.89
3588.948
3589.576
3567.32
3604.497
3620.869
3630.288
3608.102
3633.509
3636.692
3619.11
3597.901
3597.901
3593.68
3593.68
3597.901
3588.483
3581.506
3534.177
3518.317
3501.468
3505.282
3544.108
3312.97
3314.804
3318.37
3326.685
3526.058
3546.494
3546.494
3553.61
3321.853
3528.407
3520.907
3291.283
3295.163
3093.418
2914.952
2924.269
3536.326
3535.567
3540.218
3538.218
3543.206
3520.951
3513.834
3513.834
3520.142
3290.568
3503.294
3501.331
3272.984
3282.114
3488.913
3488.913
3486.61
3483.599
3451.855
3526.392
3519.677
3487.933
3487.933
3462.526
3434.038
3210.079
3220.269
3444.939
3482.971
3476.663
3481.314
3500.151
3271.88
3274.696
3304.696
3530.442
3530.442
3519.767
3481.735
3481.735
3461.677
3443.305
3452.201
3227.057
3029.482
3447.98
3223.111
3436.712
3441.317
3419.605
3419.605
3494.142
3532.174
3537.163
3539.605
3540.093
3540.093
3537.791
3536.256
3305.63
3535.558
3548.326
3565.907
3565.907
3550.047
3524.977
3547.233
3524.977
3524.977
3536.244
3511.174
3514.988
3514.988
3285.75
3483.244
3481.282
3495.48
3267.514
3458.302
3475.151
3492
3479.233
3516.41
3516.898
3287.535
3509.922
3507.968
3505.265
3507.227
3507.064
3514.18
3514.18
3493.634
3503.634
3487.773
3487.773
3508.32
3508.32
3508.32
3503.669
3500.965
3503.346
3442.683
3458.544
3458.544
3458.544
3468.544
3476.887
3493.398
3265.568
3065.635
3493.398
3482.724
3445.547
3435.779
3433.076
3440.192
3215.832
3439.433
3439.433
3448.328
3448.328
3462.288
3424.256
3404.843
3404.843
3401.029
3397.215
3397.215
3419.401
3196.397
3202.957
3218.261
3238.087
3450.041
3452.744
3452.744
3433.331
3428.727
3429.424
3391.75
3387.529
3387.529
3394.506
3419.709
3196.685
3416.698
3193.87
3415.939
3438.578
3437.82
3438.291
3448.267
3448.267
3450.221
3225.207
3233.815
3235.158
3254.364
3464.564
3413.081
3424.349
3440.721
3431.512
3406.442
3406.442
3412.11
3393.273
3398.942
3408.942
3414.61
3353.948
3353.948
3353.948
3351.985
3361.962
3361.962
3142.704
3151.019
3370.858
3371.555
3362.137
3368.445
3148.764
3360.102
3360.102
3362.483
3362.483
3360.529
3353.029
3353.029
3360.006
3360.006
3360.006
3364.994
3364.994
3145.538
3165.834
3183.443
3402.288
3406.939
3410.753
3188.313
3389.041
3383.372
3162.717
3171.522
3376.93
3367.512
3368.14
3368.898
3149.188
3360.003
3340.59
3360.648
3371.549
3378.567
3378.096
3387.863
3399.131
3390.235
3390.235
3169.133
2975.105
2978.747
3393.689
3172.361
3393.689
3393.689
3172.361
3191.465
3402.858
3381.648
3381.648
3359.009
3355.826
3346.93
3346.93
3350.113
3345.901
3366.337
3146.793
2954.133
3339.233
3339.233
3350.134
3388.166
3374.206
3154.149
3174.446
2980.092
2988.357
2815.952
3405.337
3402.895
3409.203
3425.064
3407.483
3185.255
3193.571
3416.378
3428.622
3437.517
3426.616
3203.141
3404.36
3411.378
3402.831
3400.39
3178.625
3190.071
3190.511
3191.22
3193.046
3415.817
3422.834
3432.253
3395.076
3411.448
3436.651
3425.75
3412.983
3412.983
3425.75
3425.75
3403.11
3391.843
3400.39
3390.413
3390.413
3369.866
3362.89
3362.89
3332.488
3327.837
3317.837
3317.837
3313.625
3291.913
3291.442
3254.265
3235.427
3219.055
3219.055
3219.055
3212.078
3199.311
3199.311
3178.102
3158.689
3158.689
3148.689
3148.689
3143.701
3132.799
3132.799
3132.799
3125.683
3118.567
3107.666
3103.852
3103.852
3078.648
3074.834
3074.834
3074.346
3074.346
3057.974
3051.259
2999.776
2999.148
2994.936
2980.738
2966.779
2959.663
2959.663
2959.663
2959.663
2957.221
2955.686
2944.785
2939.797
2930.901
2911.488
2878.767
2866.523
2857.977
2857.977
2857.977
2857.977
2807.613
2807.613
2807.613
2807.613
2798.404
2793.416
2793.416
2793.416
2782.148
2782.148
2787.817
2829.387
2838.596
2843.584
2854.852
2668.666
2692.101
2726.853
2917.099
2910.791
2904.076
2902.541
2880.828
2880.358
2842.683
2841.985
2841.985
2841.985
2841.985
2837.834
2837.834
2837.206
2827.997
2811.625
2811.625
2797.427
2781.055
2748.962
2732.113
2727.462
2702.055
2702.055
2702.055
2700.52
2700.52
2696.308
2692.494
2685.517
2678.5
2674.279
2664.302
2664.302
2645.93
2635.93
2633.977
2631.535
2622.116
2612.116
2600.849
2589.581
2573.07
2564.727
2556.384
2556.384
2552.57
2546.901
2536.901
2536.901
2536.901
2525.634
2525.634
2505.087
2505.087
2505.087
2505.087
2494.413
2486.07
2486.07
2486.07
2486.07
2468.949
2468.449
2446.22
2428.22
2426.75
2426.75
2423.982
2418.875
2407.339
2403.027
2395.884
2395.884
2374.17
2363.955
2354.527
2352.518
2351.741
2351.741
2340.205
2330.563
2330.563
2330.563
2330.08
2328.033
2328.033
2322.229
2322.229
2322.229
2303.42
2227.107
2217.679
2217.679
2217.679
2208.571
2208.571
2199.464
2189.464
2150.527
2150.527
2149.057
2132.295
2115.533
2115.533
2113.524
2111.167
2111.167
2071.417
2071.417
2071.417
2042.25
2042.25
2042.25
2042.25
2042.25
2003.313
2003.313
1986.063
1986.063
1964.348
1960.027
1950.027
1942.884
1937.777
1935.339
1929.536
1929.536
1903.732
1903.732
1901.723
1901.723
1825.411
1825.411
1820.649
1820.649
1817.315
1817.315
1810.857
1788.628
1777.467
1775.458
1775.458
1775.458
1771.208
1762.101
1736.298
1735.521
1733.512
1712.476
1636.164
1597.592
1592.485
1592.485
1576.247
1567.497
1567.497
1567.497
1565.06
1548.821
1548.179
1544.274
1544.274
1542.274
1503.336
1482.414
1461.491
1439.262
1437.262
1437.262
1434.762
1402.262
1402.262
1364.199
1326.137
1325.423
1323.414
1323.414
1306.08
1305.598
1300.884
1293.699
1293.699
1276.795
1273.711
1264.068
1253.854
1253.854
1242.693
1228.402
1219.295
1216.036
1208.75
1203.643
1177.839
1152.036
1152.036
1147.321
1171.305
1164.262
1145.823
1145.823
1145.823
1145.823
1145.823
1138.36
1132.415
1129.579
1128.784
1128.784
1128.784
1128.052
1118.393
1118.393
1114.393
1111.832
1108.997
1086.226
1086.069
1111.712
1111.712
1126.599
1127.757
1111.534
1105.736
1081.858
1081.858
1037.659
1017.226
1017.226
1008.51
1008.51
1008.51
1008.51
1007.801
1034.889
1012.944
1012.944
1012.944
1012.944
990.444
984.486
1007.929
980.586
980.586
980.586
960.471
956.771
956.771
956.771
943.379
931.093
931.093
918.807
907.493
882.85
877.136
830.411
829.467
829.467
821.489
838.163
809.254
788.587
779.314
779.314
791.012
786.734
782.688
770.031
770.031
770.031
770.031
758.078
778.355
791.55
771.2
761.2
760.5
786.026
772.06
772.06
739.06
739.06
759.08
758.116
760.12
745.954
769.38
769.38
748.264
725.178
691.38
691.38
691.38
683.688
682.875
682.875
670.766
678.864
676.79
670.446
594.321
594.321
608.95
588.7
580.5
580.5
590.921
606.986
605.486
635.081
635.081
617.331
654.039
654.039
654.039
654.039
662.542
625.942
600.442
568.142
568.142
568.142
535.842
535.842
477.258
442.158
442.158
393.858
393.858
386.858
314.992
298.742
285.473
157.795
46.962
46.962
30.462
0
