6.125
33.042
59.958
67.563
93.063
123.396
96.479
90.354
117.271
123.396
97.896
67.563
40.646
33.042
58.542
88.875
115.792
123.396
124.896
136.396
143.59
194.257
168.757
162.632
155.028
128.111
101.194
70.861
78.465
108.799
135.715
141.84
168.757
194.257
218.146
271.146
281.063
287.521
365.688
373.292
551.354
525.854
498.938
468.604
461
491.333
516.833
543.75
551.354
524.438
518.313
545.229
551.354
543.75
513.417
487.917
461
468.604
498.938
524.438
551.354
574.688
575.076
635.205
650.013
626.474
619.455
594.609
566.609
591.455
598.474
622.013
650.013
625.167
619.513
591.513
567.974
543.128
536.109
559.647
568.058
623.34
647.378
811.744
822.359
858.769
864.731
890.577
1076.964
1089.881
1106.964
1111.839
1146.506
1150.506
1208.839
1264.339
1278.911
1316.53
1233.661
1272.928
1363.378
1364.278
1350.678
1315.567
1225.117
1224.217
1219.317
1264.339
1270.5
1305.611
1319.211
1324.111
1363.378
1364.278
1329.167
1328.267
1323.367
1309.767
1219.317
1264.339
1361.25
1375.821
1381.071
1418.69
1363.378
1364.278
1309.833
1305.283
1301.55
1285.606
1233.806
1201.45
1166.339
1218.139
1234.083
1143.633
1175.989
1175.089
1161.489
1156.589
1211.033
1214.767
1219.317
1264.339
1306.411
1403.321
1404.286
1418.857
1456.476
1364.278
1325.011
1289.9
1289
1375.821
1361.25
1264.339
1278.911
1284.161
1321.78
1418.69
1419.655
1461.726
1304.936
1291.026
1265.179
1279.09
1437.726
1364.278
1506.728
1549.128
1597.039
1609.872
1519.422
1484.311
1445.044
1444.144
1439.244
1425.644
1430.544
1452.078
1430.544
1425.644
1447.178
1361.323
1330.99
1327.49
1276.448
1261.5
1212.938
1208.672
1257.234
1308.276
1323.224
1353.557
1357.823
1361.323
1447.178
1425.644
1430.544
1452.078
1453.528
1485.083
1491.167
1505.5
1483.967
1479.067
1483.967
1505.5
1486.833
1396.383
1396.072
1482.042
1495.792
1496.125
1593.036
1613.036
1589.964
1584.714
1570.964
1525.536
1474.202
1321.577
1367.006
1519.631
1533.381
1584.714
1588.732
1712.946
1575.481
1678.771
1663.701
1955.368
1830.801
1844.712
1891.481
1940.404
1980.917
1986.571
1947.798
1952.512
1959.03
1845.428
1908.539
1909.739
1957.65
2053.9
2055.35
1981.359
2200.109
2204.484
2221.984
2218.484
2188.151
2139.589
2135.323
2084.281
2207.289
2239.644
2150.708
2154.208
2169.156
2173.422
2221.984
2242.172
2244.745
2284.328
2314.516
2215.779
2229.848
2246.711
2252.078
2283.059
2369.873
2370.147
2370.422
2435.892
2459.431
2467.196
2422.815
2482.023
2497.912
2501.097
2505.894
2538.44
2563.699
2579.588
2583.477
2589.551
2599.597
2616.958
2637.181
2650.792
2651.764
2655.653
2700.092
2743.075
2750.601
2753.548
2640.138
2669.588
2715.588
2748.038
2699.988
2751.905
2760.516
2811.944
2880.694
2886.98
2901.552
2907.218
2957.968
2975.302
2978.444
2981.175
2985.619
3022.619
3039.333
3042.667
3047.873
3098.623
3127.575
3128.611
3180.04
3262.849
3246.902
3249.902
3268.402
3297.402
3304.788
3322.977
3356.083
3258.558
3260.348
3353.25
3357.308
3225.802
3228.865
3249.087
3262.545
3289.045
3162.313
3167.647
3177.213
3196.533
3227.613
3215.474
3219.064
3161.63
3178.469
3189.802
3244.463
3248.512
3257.37
3186.036
3198.571
3207.679
3238.804
3261.518
3268.661
3294.673
3202.902
3215.523
3228.075
3248.276
3250.69
3257.586
3277.787
3315.029
3331.764
3348.086
3350.026
3353.244
3426.925
3436.787
3443.724
3444.345
3448.943
3455.977
3341.361
3351.778
3355.803
3356.403
3356.986
3388.253
3372.89
3386.019
3401.288
3420.288
3420.438
3441.019
3458.438
3465.374
3500.212
3504.108
3508.366
3482.948
3488.599
3489.279
3514.799
3517.497
3428.755
3455.164
3469.386
3519.942
3465.483
3465.62
3449.802
3483.85
3490.85
3504.65
3522.021
3558.021
3576.564
3582.279
3608.279
3630.479
3631.655
3639.369
3649.398
3669.931
3585.581
3587.144
3603.505
3535.579
3559.133
3559.721
3606.721
3513.741
3516.197
3530.842
3533.243
3561.934
3472.996
3480.842
3493.226
3528.015
3531.118
3553.464
3585.771
3594.771
3614.694
3633.37
3642.754
3670.447
3692.793
3696.177
3698.741
3700.536
3727.863
3740.248
3745.184
3757.321
3767.756
3709.656
3719.831
3751.331
3752.731
3760.806
3761.906
3763.313
3765.063
3777.663
3782.763
3796.675
3819.294
3817.644
3819.05
3852.969
3854.369
3861.119
3868.119
3891.119
3914.569
3892.781
3922.573
3940.635
3956.86
3983.86
3895.62
3902.449
3905.669
3907.035
3925.986
3941.815
3943.48
3947.443
3955.321
3967.614
3967.943
3976.504
3978.61
3980.835
3982.445
3990.067
4007.596
4007.709
4022.89
4035.736
4040.614
4043.516
4045.224
4054.984
4061.569
3977.722
3890.915
3840.402
3844.777
3806.82
3815.865
3815.476
3821.846
3846.074
3850.093
3855.759
3875.981
3891.952
3893.419
3914.263
3928.396
3929.67
3932.359
3952.465
3965.554
3968.243
3944.559
3945.004
3953.137
3964.337
3967.948
3970.593
3970.893
3903.514
3935.598
3939.529
3941.127
3943.301
3947.975
3923.779
3926.779
3939.996
3938.75
3940.348
3960.739
3947.522
3956.221
3957.438
3955.955
3945.404
3928.513
3910.759
3905.56
3904.342
3837.803
3848.129
3849.582
3866.957
3872.046
3873.238
3870.429
3877.897
3864.422
3851.89
3840.684
3832.17
3833.106
3838.532
3843.957
3848.053
3870.729
3872.566
3885.03
3886.972
3887.848
3813.851
3842.116
3770.298
3775.502
3753.892
3823.892
3827.742
3842.115
3860.21
3817.232
3817.658
3817.933
3820.521
3848.83
3849.095
3807.157
3789.465
3787.176
3788.022
3760.258
3763.383
3764.46
3766.563
3778.832
3793.774
3797.909
3781.193
3799.055
3816.225
3805.171
3810.945
3814.794
3813.549
3824.398
3819.885
3809.443
3807.715
3797.961
3809.739
3811.1
3794.753
3804.571
3785.194
3785.512
3723.914
3730.182
3729.86
3739.265
3740.894
3739.265
3750.122
3755.89
3766.158
3770.872
3778.018
3779.268
3783.821
3780.179
3778.512
3733.129
3735.55
3741.216
3734.83
3735.836
3716.889
3733.029
3732.648
3732.332
3737.244
3718.297
3655.455
3674.076
3676.878
3663.914
3663.216
3669.165
3677.188
3627.832
3628.201
3580.681
3581.414
3596.747
3603.417
3605.433
3609.419
3612.628
3612.961
3613.694
3555.658
3563.577
3574.036
3581.954
3589.713
3554.684
3515.302
3530.571
3554.375
3555.44
3564.415
3567.036
3570.281
3587.7
3587.983
3593.886
3578.617
3555.331
3556.395
3564.03
3565.28
3518.312
3476.827
3482.604
3505.521
3485.521
3493.881
3536.659
3538.579
3536
3537.048
3535.566
3521.733
3549.336
3515.419
3504.012
3500.956
3490.861
3493.917
3492.806
3504.366
3501.173
3535.09
3531.897
3541.992
3513.82
3525.049
3534.034
3533.159
3487.659
3475.518
3461.299
3459.591
3444.799
3434.831
3431.471
3432.346
3435.706
3445.674
3407.228
3419.182
3411.497
3425.285
3426.942
3428.003
3428.073
3425.907
3420.391
3416.768
3404.995
3406.652
3406.856
3405.442
3405.513
3395.917
3397.331
3402.225
3405.316
3406.429
3408.429
3409.49
3425.638
3417.206
3407.539
3410.587
3407.557
3409.386
3423.095
3426.186
3400.908
3453.938
3463.771
3447.253
3457.086
3461.429
3451.596
3455.46
3451.217
3445.672
3434.636
3444.273
3444.202
3451.52
3447.657
3449.313
3451.116
3452.919
3448.025
3447.696
3466.787
3459.468
3458.62
3456.62
3457.472
3457.775
3471.563
3462.351
3484.226
3510.574
3494.211
3493.15
3501.582
3533.957
3533.105
3534.938
3528.771
3524.428
3528.771
3521.6
3522.66
3512.827
3521.259
3528.612
3525.696
3534.128
3546.501
3550.592
3544.529
3535.088
3544.611
3547.036
3551.857
3547.29
3573.245
3521.006
3518.307
3513.292
3466.567
3467.052
3469.673
3469.988
3469.673
3471.397
3479.888
3464.442
3468.138
3442.935
3445.833
3448.454
3461.085
3471.64
3463.15
3466.616
3477.087
3475.155
3464.599
3463.787
3468.469
3489.857
3500.413
3511.674
3524.862
3525.693
3515.278
3499.626
3503.321
3503.031
3506.147
3506.744
3497.565
3499.315
3497.731
3499.644
3502.559
3500.975
3506.774
3502.629
3513.185
3526.779
3538.04
3536.975
3494.772
3481.583
3479.999
3470.752
3457.033
3445.772
3444.96
3441.844
3455.033
3468.752
3470.337
3462.361
3465.432
3466.232
3477.332
3486.446
3501.875
3510.961
3511.936
3561.936
3570.35
3576.845
3579.429
3585.145
3569.57
3566.07
3567.013
3562.633
3549.89
3526.392
3496.297
3513.081
3492.295
3493.083
3479.872
3466.661
3479.478
3479.731
3504.224
3516.967
3527.911
3528.718
3519.577
3524.704
3537.447
3533.538
3532.566
3532.868
3533.816
3537.566
3536.299
3532.326
3545.104
3536.432
3573.349
3565.281
3569.705
3568.051
3559.186
3561.051
3565.97
3564.338
3561.432
3552.811
3545.514
3543.73
3529.135
3530.919
3533.824
3488.317
3495.517
3504.023
3518.423
3520.033
3518.256
3519.136
3541.38
3537.213
3541.893
3553.513
3554.278
3554.044
3553.864
3550.464
3539.576
3542.296
3549.318
3502.651
3505.918
3495.558
3496.709
3492.402
3493.86
3494.093
3500.564
3492.82
3498.175
3505.281
3508.504
3511.189
3554.031
3562.031
3554.281
3544.057
3532.083
3529.399
3529.978
3521.978
3521.11
3520.531
3518.715
3480.399
3483.046
3484.182
3480.629
3481.366
3482.958
3496.981
3511.004
3553.846
3518.299
3523.052
3565.338
3566.883
3585.633
3586.542
3581.256
3582.263
3586.99
3575.042
3577.391
3578.962
3545.215
3538.993
3535.926
3535.208
3525.247
3514.777
3513.902
3514.777
3520.999
3524.065
3524.783
3535.253
3545.215
3501.269
3504.813
3504.101
3511.146
3512.238
3513.102
3494.827
3521.874
3520.782
3520.723
3509.691
3480.716
3480.934
3480.016
3479.744
3478.665
3470.715
3469.205
3474.293
3514.993
3509.309
3515.347
3507.747
3501.88
3501.705
3465.305
3462.618
3461.918
3453.943
3442.568
3432.855
3431.489
3419.655
3422.718
3430.693
3433.38
3426.943
3427.11
3419.258
3430.493
3431.843
3443.53
3444.372
3445.064
3454.656
3416.624
3413.209
3413.895
3415.639
3424.45
3457.316
3449.56
3449.804
3454.243
3448.353
3454.938
3449.393
3450.226
3444.335
3436.421
3400.909
3398.927
3395.817
3391.378
3389.768
3383.85
3349.785
3333.439
3291.27
3292.993
3289.101
3314.845
3279.761
3280.452
3282.114
3282.805
3282.131
3289.761
3293.99
3297.243
3298.833
3297.709
3303.556
3306.508
3310.4
3290.299
3294.191
3293.513
3280.378
3276.612
3275.769
3270.865
3284.001
3281.822
3270.922
3274.813
3272.404
3271.304
3272.344
3278.417
3240.263
3245.108
3244.618
3250.618
3235.618
3230.854
3236.854
3230.854
3228.007
3222.229
3227.979
3225.688
3228.915
3224.785
3233.926
3213.468
3221.923
3223.475
3216.546
3216.491
3222.844
3242.472
3243.872
3254.907
3254.748
3258.042
3270.748
3265.179
3268.179
3259.038
3256.672
3269.21
3270.633
3270.422
3266.292
3268.645
3274.327
3274.492
3291.855
3288.055
3279.486
3299.945
3301.043
3304.643
3300.514
3300.749
3302.431
3301.77
3306.558
3319.652
3318.228
3318.89
3309.282
3316.788
3308.288
3323.112
3310.574
3312.838
3309.474
3319.081
3318.564
3313.856
3312.432
3317.781
3318.605
3312.675
3310.764
3314.136
3312.736
3307.054
3312.575
3280.87
3295.693
3295.034
3260.775
3259.489
3248.352
3240.846
3231.705
3229.175
3256.785
3264.38
3265.047
3299.713
3301.015
3312.285
3321.535
3332.368
3334.928
3327.356
3331.076
3338.088
3338.874
3314.417
3313.614
3314.478
3314.273
3304.02
3306.386
3307.402
3314.908
3356.084
3356.29
3335.831
3327.263
3327.475
3327.68
3328.545
3326.992
3352.13
3351.307
3340.663
3339.647
3339.806
3338.982
3339.141
3348.749
3344.443
3350.796
3348.884
3343.316
3338.527
3354.489
3353.625
3355.045
3372.408
3372.249
3357.425
3357.371
3359.724
3376.709
3372.403
3356.441
3370.461
3369.943
3369.078
3362.186
3321.01
3320.754
3301.126
3308.577
3305.695
3308.048
3297.342
3297.826
3293.038
3280.5
3287.047
3300.141
3299.276
3295.147
3299.855
3301.478
3312.123
3312.607
3316.207
3311.499
3312.411
3324.949
3327.076
3322.947
3317.018
3337.476
3336.19
3346.896
3346.237
3342.437
3341.763
3338.39
3317.931
3328.575
3332.881
3334.302
3332.175
3349.16
3346.76
3359.586
3368.041
3381.135
3380.461
3372.978
3376.778
3376.002
3373.002
3383.646
3380.352
3397.715
3400.528
3404.834
3403.211
3396.664
3395.264
3392.999
3383.858
3380.681
3345.278
3346.441
3337.972
3324.115
3304.716
3301.158
3310.654
3314.735
3307.189
3312.832
3311.67
3313.332
3299.476
3300.33
3290.197
3286.441
3296.961
3291.345
3311.566
3310.711
3311.223
3318.072
3316.668
3323.139
3329.987
3344.639
3348.272
3354.958
3358.714
3371.107
3367.2
3364.7
3330.839
3321.804
3321.153
3319.882
3312.463
3301.882
3290.874
3298.293
3298.944
3300.215
3273.163
3306.634
3317.094
3326.025
3328.496
3329.569
3317.155
3316.106
3321.685
3315.478
3331.073
3330
3317.207
3302.724
3312.741
3324.991
3323.474
3321.606
3326.206
3323.457
3298.897
3278.908
3268.126
3269.514
3270.299
3236.828
3232.621
3238.199
3245.353
3245.103
3249.782
3252.816
3260.149
3270.931
3268.632
3274.425
3281.58
3274.269
3270.152
3259.493
3228.868
3231.312
3231.113
3247.884
3242.505
3244.823
3244.618
3241.437
3243.005
3241.652
3261.414
3258.516
3241.745
3238.04
3241.007
3238.714
3248.507
3249.332
3255.95
3275.49
3282.782
3280.956
3293.462
3292.675
3291.804
3290.576
3295.149
3300.812
3294.194
3294.826
3292.794
3299.255
3279.715
3276.85
3287.075
3267.536
3267.339
3262.021
3225.436
3225.489
3224.006
3225.612
3226.075
3206.536
3209.974
3214.547
3222.73
3214.612
3212.352
3214.515
3214.672
3222.856
3217.403
3205.428
3200.11
3189.885
3197.001
3200.035
3200.231
3200.998
3200.536
3200.073
3190.281
3191.618
3179.643
3184.752
3178.291
3182.404
3178.314
3174.684
3177.831
3180.246
3181.729
3178.696
3177.67
3181.3
3187.367
3183.929
3182.592
3221.918
3217.828
3217.196
3217.982
3217.786
3209.711
3211.067
3216.494
3255.82
3254.994
3255.639
3251.142
3254.363
3248.11
3251.257
3253.082
3239.693
3241.3
3248.468
3228.929
3238.105
3231.273
3243.248
3244.015
3239.925
3248.109
3247.322
3239.247
3237.084
3229.938
3205.93
3214.005
3216.168
3240.176
3247.322
3253.39
3255.805
3271.05
3271.252
3269.892
3270.679
3277.825
3283.143
3276.89
3282.164
3275.911
3299.919
3289.754
3284.327
3284.523
3280.894
3271.718
3266.265
3257.535
3256.768
3254.081
3253.451
3220.732
3219.504
3208.867
3208.238
3234.354
3227.104
3224.661
3215.831
3223.081
3219.586
3229.811
3230.44
3231.669
3240.399
3251.036
3253.451
3255.743
3256.51
3257.739
3254.986
3254.492
3254.544
3255.904
3256.929
3265.659
3273.843
3268.416
3255.91
3268.045
3273.708
3285.683
3286.553
3287.048
3280.587
3284.531
3283.744
3271.61
3272.396
3272.548
3274.808
3274.022
3273.28
3272.31
3239.591
3239.394
3227.144
3233.212
3231.386
3227.296
3226.529
3228.355
3227.306
3220.014
3219.789
3220.815
3202.069
3201.328
3200.699
3195.245
3211.467
3218.299
3214.86
3218.372
3231.761
3215.539
3215.697
3216.191
3229.581
3229.429
3253.437
3236.855
3234.563
3235.922
3235.278
3247.784
3247.98
3248.61
3251.362
3247.419
3254.412
3255.382
3256.719
3263.301
3266.931
3270.875
3271.7
3270.344
3277.175
3269.1
3269.744
3271.295
3261.129
3259.097
3255.586
3243.451
3242.095
3234.926
3233.443
3231.027
3224.96
3227.375
3233.443
3245.578
3252.746
3254.103
3255.586
3254.249
3243.912
3233.575
3218.331
3230.836
3206.828
3203.963
3196.794
3194.534
3182.399
3178.287
3185.118
3191.736
3189.573
3185.629
3191.697
3194.73
3191.865
3191.079
3188.112
3190.275
3189.508
3190.25
3186.621
3185.261
3184.629
3187.316
3184.629
3171.24
3160.903
3161.669
3162.132
3163.489
3170.635
3164.972
3161.343
3171.135
3174.281
3176.107
3185.283
3182.062
3180.03
3179.386
3178.599
3181.745
3212.026
3214.713
3216.264
3216.107
3214.624
3204.458
3197.997
3199.226
3185.068
3181.125
3175.462
3145.181
3144.155
3141.29
3145.863
3165.403
3189.411
3173.189
3174.313
3172.281
3168.506
3129.18
3098.144
3100.154
3104.548
3097.537
3087.134
3085.932
3075.932
3077.754
3077.131
3074.743
3066.109
3098.465
3100.854
3110.965
3121.483
3130.117
3130.739
3137.828
3139.043
3145.798
3139.798
3139.998
3127.998
3095.643
3085.59
3084.773
3066.236
3066.458
3060.458
3051.825
3048.64
3048.418
3049.377
3059.799
3062.456
3063.798
3062.265
3067.865
3069.932
3066.965
3069.176
3068.407
3063.099
3082.209
3084.196
3074.619
3062.638
3066.66
3052.814
3052.763
3054.878
3055.827
3053.712
3052.904
3046.466
3042.917
3040.224
3034.437
3032.865
3032.014
3041.591
3041.107
3056.973
3049.075
3048.267
3041.256
3071.937
3065.754
3065.904
3065.267
3055.156
3048.089
3037.667
3036.322
3035.589
3027.604
3027.804
3022.752
3022.13
3026.174
3020.174
3009.752
3004.359
3001.359
3000.4
3001.437
3005.481
3004.37
3001.981
2985.583
2984.767
2984.617
2974.933
3006.328
3018.302
3008.078
3010.493
3001.317
2995.4
2994.574
3004.911
3002.664
3007.772
3001.855
2998.99
3001.153
2995.085
2994.591
2990.647
3003.153
3003.355
2994.179
2996.866
2991.413
2989.806
2993.027
2993.853
2993.39
2977.169
2983.421
2979.646
2967.671
2979.921
2975.348
2974.581
2978.211
2974.581
2975.211
2988.6
2991.465
2991.269
2981.044
2985.617
2985.123
2995.288
2985.123
2945.797
2952.05
2937.892
2940.184
2940.429
2941.657
2938.792
2950.767
2952.25
2976.258
2977.129
2976.485
2974.322
2975.82
2977.318
2981.431
2993.405
2986.574
3006.113
3007.47
3002.974
3005.94
3011.367
2996.123
3000.213
3002.9
2994.169
2983.533
2981.117
2970.892
2970.263
2937.544
2930.375
2929.147
2922.529
2921.301
2933.806
2929.694
2925.198
2926.696
2914.721
2916.328
2920.103
2916.286
2936.047
2937.184
2947.941
2952.1
2948.43
2949.782
2947.496
2948.996
2943.508
2924.549
2935.208
2934.981
2922.87
2906.099
2909.651
2918.931
2919.13
2917.755
2916.255
2915.616
2916.252
2918.098
2916.723
2922.86
2918.235
2912.098
2895.692
2890.177
2889.93
2890.43
2853.43
2848.805
2849.555
2849.608
2840.778
2846.915
2845.29
2828.519
2823.03
2821.184
2814.86
2781.769
2775.235
2787.346
2797.8
2834.8
2837.118
2834.334
2826.124
2831.851
2828.67
2828.723
2827.973
2844.743
2841.959
2852.241
2856.059
2847.782
2842.055
2844.373
2846.22
2846.373
2836.092
2843.467
2842.486
2840.2
2838.632
2845.166
2844.919
2843.546
2843.393
2843.598
2840.046
2831.217
2837.541
2837.488
2832.109
2839.484
2846.711
2809.711
2807.393
2783.112
2786.112
2782.294
2792.575
2755.575
2753.257
2752.605
2747.116
2752.605
2742.702
2744.217
2751.467
2737.925
2727.266
2730.524
2741.183
2738.74
2771.83
2772.666
2780.041
2783.291
2783.791
2774.961
2775.757
2769.099
2752.693
2755.761
2759.313
2764.691
2764.04
2779.457
2739.685
2741.037
2749.866
2712.866
2720.116
2727.344
2737.798
2750.446
2710.673
2710.901
2711.054
2717.588
2710.338
2711.399
2709.08
2713.069
2709.399
2697.009
2699.907
2706.6
2701.975
2700.938
2694.802
2694.027
2700.72
2715.038
2711.561
2719.771
2723.441
2722.561
2710.288
2711.424
2707.873
2707.714
2693.396
2694.146
2694.614
2661.523
2659.468
2661.655
2657.837
2651.144
2652.712
2658.201
2667.481
2674.856
2676.371
2662.83
2643.068
2646.619
2655.9
2659.451
2699.223
2705.208
2711.866
2718.523
2699.564
2698.064
2707.968
2711.15
2712.522
2713.894
2721.091
2725.638
2732.331
2735.049
2740.428
2760.189
2767.417
2760.22
2759.583
2758.748
2748.467
2747.828
2742.339
2766.58
2754.33
2730.228
2730.433
2732.058
2733.41
2721.299
2714.049
2715.674
2685.049
2688.72
2687.477
2688.114
2688.909
2719.534
2712.461
2675.461
2699.059
2698.255
2691.485
2716.045
2711.367
2705.16
2701.125
2696.526
2694.94
2689.147
2699.928
2682.965
2679.861
2671.489
2671.691
2669.392
2668.745
2655.048
2652.013
2652.169
2648.456
2645.352
2645.996
2647.069
2646.41
2658.942
2638.953
2637.565
2637.092
2642.67
2633.739
2634.788
2639.388
2626.595
2638.845
2639.649
2641.182
2638.883
2636.67
2623.877
2657.349
2656.564
2640.969
2646.41
2650.123
2678.599
2678.653
2719.351
2721.851
2721.905
2723.312
2708.661
2724.437
2725.987
2729.127
2697.79
2706.825
2713.673
2716.046
2722.17
2737.946
2738.103
2738.957
2738.903
2779.601
2775.345
2766.31
2766.964
2763.208
2761.801
2761.034
2778.195
2789.203
2779.706
2782.672
2744.811
2752.175
2751.972
2743.503
2742.34
2732.206
2731.555
2735.311
2745.892
2747.276
2757.858
2766.892
2767.686
2764.905
2764.426
2789.272
2797.741
2786.734
2781.276
2775.633
2777.168
2778.772
2771.923
2767.191
2769.53
2772.856
2774.518
2761.577
2760.573
2760.34
2758.102
2742.326
2742.271
2739.016
2741.254
2744.51
2760.286
2760.34
2762.083
2759.267
2766.421
2766.577
2769.68
2785.275
2779.88
2780.771
2780.112
2780.166
2782.982
2799.945
2803.049
2804.198
2803.555
2763.325
2771.585
2772.634
2775.921
2776.812
2760.217
2761.29
2760.445
2761.336
2781.325
2782.857
2823.087
2824.478
2834.938
2830.731
2833.043
2834.3
2837.892
2835.42
2838.237
2833.558
2831.087
2825.034
2818.263
2817.419
2801.824
2801.669
2799.324
2805.377
2805.533
2807.877
2808.722
2815.492
2831.087
2830.329
2831.321
2868.746
2875.735
2879.919
2879.134
2886.123
2891.701
2894.92
2901.529
2894.218
2887.609
2887.408
2885.063
2886.58
2885.324
2888.841
2894.895
2893.308
2892.26
2888.742
2902.44
2903.957
2886.993
2882.959
2902.135
2912.152
2918.761
2917.689
2951.16
2952.309
2951.505
2967.1
2944.14
2942.898
2932.994
2933.634
2957.915
2959.287
2955.128
2951.139
2926.858
2920.722
2931.381
2942.04
2940.193
2939.398
2929.494
2928.358
2931.256
2934.733
2922.622
2925.52
2912.872
2911.372
2899.099
2892.963
2891.591
2884.341
2881.898
2879.71
2855.429
2848.202
2840.035
2847.262
2871.544
2873.731
2881.898
2880.917
2882.763
2889.836
2870.075
2859.794
2861.64
2855.316
2855.816
2858.004
2864.697
2844.936
2846.782
2843.525
2860.295
2861.277
2860.441
2858.926
2867.203
2867.049
2871.186
2872.561
2868.424
2859.144
2864.523
2864.727
2870.216
2884.534
2884.688
2887.945
2886.593
2874.482
2875.857
2880.482
2872.315
2868.645
2868.491
2862.507
2855.813
2854.978
2852.66
2837.242
2837.396
2844.089
2850.074
2850.909
2853.227
2868.645
2875.739
2882.57
2883.619
2886.306
2886.551
2885.784
2888.537
2891.224
2891.072
2895.162
2901.415
2894.583
2890.471
2895.044
2895.201
2902.493
2932.774
2933.269
2927.016
2930.527
2942.777
2955.283
2954.313
2955.541
2952.03
2956.12
2956.582
2955.757
2955.605
2992.189
2989.929
2988.378
2987.33
2988.378
3018.659
3023.978
3024.222
3022.059
3023.557
3022.198
3032.535
3042.327
3022.787
3029.248
3036.394
3026.057
3020.604
3017.917
3012.254
3025.643
3038.149
3041.183
3041.427
3037.578
3037.728
3046.361
3046.561
3051.82
3061.931
3052.857
3036.816
3032.771
3035.429
3039.018
3039.173
3036.062
3031.01
3044.251
3020.509
3008.143
3005.92
3004.331
3000.743
2993.531
2996.643
3003.731
3010.943
3000.52
3030.465
3030.954
3032.276
3033.034
3024.401
3018.218
3011.462
3001.409
3002.168
3000.158
2999.536
2995.469
2995.319
2995.956
2994.151
2997.084
3002.684
2996.684
2986.573
2985.795
2983.99
2981.056
2981.212
2982.226
2990.254
2984.402
2982.135
2981.985
2975.441
2974.624
2959.549
2961.816
2962.632
2962.782
2977.857
2984.402
2990.254
2990.054
2984.687
3008.429
3021.669
3020.892
3017.958
3034.356
3028.756
3022.247
3021.79
3021.056
3021.681
3021.904
3028.819
3034.819
3041.364
3041.164
3043.431
3047.877
3041.488
3054.729
3057.386
3056.929
3056.44
3055.118
3056.462
3062.062
3054.973
3022.71
3021.383
3026.379
3027.382
3030.931
2998.931
3001.832
2978.352
2978.505
2977.89
2979.217
2983.074
2980.107
2981.679
2979.563
2985.102
2983.585
2999.451
3002.079
3003.864
3018.774
3018.29
2999.18
3015.046
3013.595
3014.048
3029.913
2991.451
2991.4
2988.323
2985.631
2986.58
2957.769
2965.581
2964.131
2963.941
2965.707
2965.512
2964.197
2966.383
2964.291
2958.041
2958.547
2959.997
2955.001
2957.902
2954.21
2956.572
2955.001
2958.55
2957.781
2959.897
2958.798
2953.259
2991.721
2988.358
3004.576
3003.826
3000.392
3007.232
3010.781
3022.493
3015.482
3018.844
3045.35
3049.394
3043.794
3051.822
3049.165
3042.098
3040.776
3039.434
3032.89
3034.423
3031.312
3019.47
3013.619
2998.544
2996.277
2995.46
2995.31
2988.766
2995.31
3001.162
3016.237
3018.504
3019.32
3019.47
3004.395
2992.029
2990.44
2979.921
2977.912
2992.987
2989.254
2987.244
2948.356
2978.3
2969.226
2956.859
2947.176
2952.391
2991.28
2993.289
2997.022
2999.68
3000.894
2993.806
2996.991
2995.524
2982.283
2985.394
2988.394
2989.128
3000.969
2998.703
2983.628
2986.739
2977.665
2984.702
2983.885
2984.374
2977.163
2977.319
2978.18
2971.635
2973.441
2964.367
2964.315
2963.454
2963.648
2967.693
2979.534
2989.587
2989.393
2999.615
3002.272
3006.006
3035.95
3034.913
3034.861
3036.183
3016.861
3017.483
3001.442
2998.442
2999.064
3015.462
3003.62
3009.804
3002.593
3012.704
3006.159
3007.504
3006.162
3006.784
3006.629
2999.562
3011.929
2992.606
2994.073
2990.029
2989.977
2978.135
3017.024
3015.682
3016.305
3015.546
3013.311
3003.089
3004.433
3009.485
3004.119
3003.63
3019.671
3018.855
3013.003
2997.928
2997.778
2991.233
2988.967
2985.781
2984.567
2960.825
2954.642
2954.184
2952.703
2965.944
2956.26
2959.094
2948.671
2941.916
2940.434
2946.979
2948.016
2954.931
2961.687
2976.762
2983.271
3007.013
3007.47
3001.619
3004.452
3009.844
2970.956
2969.942
2976.486
2944.131
2945.242
2955.664
2931.922
2935.656
2927.563
2927.757
2917.335
2906.913
2906.713
2908.194
2902.343
2900.876
2899.409
2902.067
2911.75
2915.817
2909.061
2908.861
2907.902
2906.369
2901.109
2906.709
2913.798
2949.976
2948.939
2950.42
2968.957
2965.772
2964.911
2966.444
2965.122
2962.011
2973.853
2971.019
2981.242
2971.131
2961.078
2952.985
2959.741
2957.083
2948.991
2959.413
2961.422
2963.644
2963.794
2980.193
2978.604
2975.204
2980.57
2968.729
2968.951
2967.992
2974.747
2983.821
2986.088
2985.932
2986.969
2988.292
2998.714
3018.036
3022.558
3038.6
3040.989
3046.589
3044.2
3041.811
3051.494
3044.283
3060.325
3036.583
3035.546
3036.657
3037.694
3025.853
3033.945
3020.705
3022.027
3028.21
3067.099
3067.294
3069.682
3080.201
3093.442
3089.063
3095.745
3096.596
3100.146
3112.126
3135.607
3141.723
3143.71
3143.949
3143
3138.527
3126.297
3126.912
3134.81
3136.381
3138.744
3142.293
3130.312
3114.094
3108.893
3111.521
3116.723
3118.03
3116.565
3123.003
3120.887
3126.675
3126.477
3125.038
3134.112
3141.149
3133.938
3127.549
3130.66
3149.982
3160.035
3149.517
3148.557
3141.802
3157.844
3156.499
3140.457
3138.991
3146.976
3146.017
3144.675
3151.886
3181.831
3179.564
3180.908
3178.642
3208.586
3207.105
3200.349
3193.96
3191.127
3201.549
3201.092
3205.136
3204.403
3204.892
3203.55
3203.35
3202.592
3192.481
3177.406
3147.461
3151.907
3152.641
3164.641
3167.574
3164.766
3166.551
3173.54
3157.322
3161.179
3196.96
3183.114
3184.899
3180.427
3192.408
3182.408
3181.1
3180.248
3177.098
3173.098
3166.109
3177.821
3180.722
3177.029
3174.227
3172.762
3159.667
3155.81
3153.007
3154.579
3155.681
3155.07
3158.466
3158.271
3158.418
3145.465
3158.418
3159.159
3157.844
3163.569
3166.612
3167.224
3161.175
3157.664
3159.851
3168.727
3176.581
3180.091
3185.193
3182.593
3188.463
3196.316
3192.36
3189.251
3187.697
3191.349
3194.86
3190.881
3195.231
3192.568
3195.438
3199.394
3206.003
3208.666
3205.796
3217.647
3225.563
3224.846
3218.976
3216.377
3216.613
3224.425
3217.659
3207.464
3204.067
3203.85
3198.6
3205.208
3206.007
3206.63
3203.12
3202.277
3202.226
3202.422
3202.186
3209.099
3214.244
3207.309
3209.972
3212.572
3208.222
3206.928
3198.483
3175.257
3145.964
3144.877
3145.113
3107.07
3101.591
3089.741
3089.505
3077.407
3068.961
3039.668
3039.521
3034.376
3031.441
3031.245
3043.343
3051.789
3054.724
3054.96
3084.254
3084.449
3084.596
3089.741
3094.683
3095.161
3111.203
3111.681
3118.594
3117.279
3111.409
3110.395
3105.12
3093.022
3086.256
3096.452
3083.499
3083.352
3081.586
3083.086
3093.282
3095.247
3092.313
3097.563
3102.664
3106.175
3118.273
3118.12
3124.886
3118.12
3115.012
3126.596
3123.553
3161.596
3132.303
3131.824
3131.082
3128.745
3129.193
3134.135
3136.227
3120.186
3132.284
3132.474
3120.889
3120.699
3101.797
3098.681
3096.915
3115.049
3115.766
3112.832
3106.429
3107.041
3117.331
3114.731
3123.177
3111.592
3113.81
3114.257
3112.822
3124.673
3121.738
3125.553
3125.744
3123.144
3134.728
3128.361
3127.067
3125.301
3135.135
3141.537
3144.934
3143.485
3140.713
3138.947
3135.436
3134.123
3131.786
3132.975
3125.121
3141.163
3141.924
3140.736
3137.339
3136.861
3133.817
3130.002
3130.192
3128.426
3121.371
3122.214
3132.409
3127.264
3131.272
3137.81
3127.918
3127.313
3126.711
3130.646
3137.184
3135.885
3147.853
3154.036
3165.759
3165.525
3181.049
3181.654
3182.127
3183.056
3184.131
3183.514
3193.694
3190.081
3189.847
3218.825
3215.465
3214.537
3218.472
3253.483
3250.193
3250.427
3249.593
3251.341
3247.867
3240.099
3240.541
3254.09
3260.272
3268.041
3305.676
3296.305
3302.111
3295.272
3272.297
3305.773
3297.961
3298.803
3297.369
3309.219
3316.132
3339.358
3341.323
3340.406
3348.134
3351.908
3343.126
3349.664
3351.734
3352.35
3358.888
3327.576
3329.888
3315.299
3317.047
3318.122
3316.703
3315.969
3311.08
3310.475
3307.4
3297.671
3303.334
3302.033
3304.605
3303.067
3303.282
3305.227
3305.012
3306.956
3292.367
3292.513
3285.534
3285.384
3290.473
3280.581
3280.815
3280.669
3271.888
3274.051
3262.328
3258.968
3257.688
3257.67
3257.202
3247.577
3246.795
3264.543
3264.692
3266.832
3264.785
3264.553
3265.546
3228.312
3246.06
3247.223
3240.755
3242.16
3226.459
3227.378
3224.505
3238.939
3232.152
3238.384
3235.777
3234.512
3232.371
3247.73
3270.462
3272.749
3273.668
3279.934
3280.543
3280.593
3295.952
3324.622
3327.878
3333.48
3314.98
3319.817
3322.424
3312.445
3347.083
3350.52
3327.788
3334.02
3316.272
3322.192
3333.791
3336.599
3336.45
3330.218
3329.055
3328.842
3327.849
3322.488
3322.344
3318.087
3315.947
3309.181
3308.188
3306.77
3306.626
3292.192
3287.054
3274.377
3267.59
3266.068
3265.324
3265.175
3263.707
3261.162
3257.269
3250.503
3221.832
3221.783
3220.262
3191.591
3160.613
3152.967
3139.563
3140.345
3143.781
3136.033
3098.799
3061.565
3057.235
3050.969
3049.551
3051.03
3044.22
3040.746
3027.933
3018.148
3013.058
3010.047
3007.854
3006.553
3005.72
3002.359
3001.058
2995.84
2991.926
2962.947
2962.474
2958.56
2943.971
2934.6
2926.873
2925.892
2925.703
2920.284
2888.972
2887.488
2887.015
2880.323
2879.72
2869.541
2859.455
2851.1
2846.211
2823.236
2823.042
2788.031
2786.733
2781.632
2776.531
2773.02
2772.221
2769.621
2766.578
2762.154
2750.57
2749.015
2742.131
2736.653
2728.8
2728.001
2724.49
2728.001
2728.8
2705.574
2704.963
2675.669
2672.8
2658.053
2657.862
2645.764
2645.141
2642.478
2638.826
2636.861
2598.817
2600.783
2597.272
2595.772
2595.625
2633.668
2630.799
2606.124
2602.21
2590.75
2578.782
2576.632
2570.648
2568.336
2593.481
2590.438
2574.745
2571.875
2567.918
2561.31
2545.617
2510.226
2499.936
2493.17
2492.083
2484.23
2481.114
2480.1
2474.23
2474.083
2455.949
2444.099
2428.406
2412.364
2408.712
2402.103
2390.253
2380.418
2379.81
2368.226
2360.309
2356.798
2341.105
2338.768
2339.76
2343.086
2347.043
2350.553
2349.466
2342.582
2330.732
2295.341
2293.786
2293.837
2311.971
2305.721
2303.955
2297.346
2293.949
2291.35
2286.205
2285.968
2273.87
2270.936
2270.789
2241.495
2233.05
2232.854
2262.148
2265.082
2277.18
2282.325
2282.472
2282.708
2282.904
2291.35
2287.839
2271.797
2265.188
2262.589
2258.774
2246.676
2245.684
2238.771
2237.322
2227.126
2226.188
2215.898
2207.981
2204.024
2198.88
2198.081
2194.57
2198.081
2198.88
2196.28
2219.466
2214.133
2213.517
2200.422
2161.961
2159.719
2121.257
2117.823
2115.708
2115.516
2113.528
2113.331
2126.39
2146.507
2145.278
2142.591
2139.153
2135.523
2131.434
2130.408
2131.434
2135.523
2139.153
2142.591
2139.625
2123.042
2110.792
2104.21
2102.727
2092.187
2086.914
2086.127
2083.835
2078.562
2077.691
2090.847
2087.176
2082.009
2075.873
2092.423
2110.63
2100.496
2097.426
2094.171
2088.884
2085.128
2077.733
2076.672
2051.826
2040.919
2039.535
2036.202
2059.245
2062.618
2063.529
2064.929
2066.003
2077.038
2102.176
2109.659
2105.859
2102.259
2101.185
2096.903
2088.403
2106.64
2096.918
2101.251
2108.786
2112.678
2116.364
2111.543
2136.611
2137.724
2111.666
2110.553
2099.925
2092.742
2088.803
2084.522
2080.425
2080.181
2078.199
2100.078
2099.37
2098.556
2080.335
2079.428
2075.44
2079.428
2071.922
2089.871
2090.79
2090.275
2087.088
2086.573
2085.873
2084.36
2083.535
2070.214
2095.438
2111.832
2110.307
2136.501
2134.93
2089.475
2089.215
2085.241
2050.241
2049.497
2041.847
2041.787
2038.995
2037.873
2057.758
2065.944
2067.096
2074.118
2078.198
2081.064
2116.998
2136.248
2144.101
2144.866
2144.928
2140.848
2136.541
2135.324
2130.471
2135.324
2139.404
2140.621
2144.928
2132.794
2116.906
2113.717
2106.297
2104.457
2099.777
2091.67
2086.817
2080.377
2068.11
2055.488
2019.554
2005.018
1976.528
1975.494
1967.388
1989.609
2000.54
2013.508
2014.57
2043.84
2048.265
2064.589
2079.524
2087.853
2124.771
2109.524
2107.047
2062.444
2042.478
2034.749
2032.492
2024.311
2022.922
2022.679
2022.068
2019.811
2010.302
1995.291
1988.887
1973.676
1993.457
1992.482
1942.482
1935.987
1930.27
1955.624
1946.407
1915.44
1913.686
1913.432
1912.836
1931.652
1956.826
1952.005
1946.572
1942.005
1940.643
1946.076
1950.643
1955.464
1956.826
1956.211
1974.816
1963.736
1954.674
1945.828
1923.617
1920.522
1950.257
1949.108
1974.919
1971.507
1970.459
1969.566
1967.677
1956.27
1954.683
1954.405
1936.738
1944.69
1934.883
1933.12
1929.781
1918
1914.844
1904.418
1914.844
1949.873
1953.029
1964.81
1952.072
1929.831
1919.191
1918.516
1917.398
1911.43
1905.463
1900.168
1898.672
1893.656
1899.623
1904.639
1909.934
1911.43
1911.074
1910.152
1917.925
1907.792
1895.75
1886.75
1886.388
1884.832
1887.304
1878.761
1849.287
1824.816
1823.234
1847.652
1843.945
1841.894
1857.751
1861.523
1870.365
1872.003
1888.459
1913.788
1920.928
1951.437
1953.525
1924.256
1920.06
1922.569
1941.266
1962.173
1967.839
1982.167
1994.775
1997.626
2002.257
2030.866
2025.866
2043.064
2016.083
2007.139
1980.403
1970.65
2004.42
2002.698
1996.925
1990.057
1983.962
1983.708
1979.195
1974.214
1970.802
1968.739
1943.984
1928.279
1960.912
1946.82
1946.467
1924.644
1924.379
1923.953
1914.672
1899.436
1894.142
1841.299
1863.123
1863.387
1863.74
1864.167
1879.402
1932.245
1937.539
1946.82
1943.634
1960.702
1890.702
1895.24
1883.284
1868.617
1851.401
1832.552
1867.447
1863.599
1860.663
1852.876
1783.599
1783.137
1751.736
1751.273
1750.337
1751.901
1765.144
1778.08
1775.952
1706.676
1702.395
1734.078
1720.547
1737.937
1724.426
1742.299
1769.194
1758.186
1755.86
1796.619
1761.024
1753.146
1753.033
1755.15
1799.026
1841.803
1841.923
1832.538
1789.761
1775.017
1761.513
1756.355
1751.718
1788.974
1784.215
1692.11
1700.952
1705.711
1751.718
1747.551
1731.962
1662.859
1655.013
1641.509
1641.389
1669.083
1666.811
1628.818
1627.309
1665.48
1631.426
1616.385
1648.137
1647.748
1617.463
1656.676
1705.265
1699.603
1691.368
1701.508
1742.621
1748.455
1756.939
1757.081
1723.354
1709.01
1708.465
1684.919
1676.737
1676.328
1728.034
1696.841
1721.906
1722.341
1737.61
1746.32
1833.255
1810.747
1811.427
1811.99
1807.677
1805.255
1795.49
1728.716
1719.154
1696.695
1681.904
1678.487
1682.799
1705.258
1772.031
1775.448
1785.214
1800.005
1809.568
1811.99
1789.531
1722.758
1702.883
1696.867
1716.742
1739.201
1745.216
1811.99
1808.271
1797.302
1778.995
1776.297
1756.846
1746.753
1756.846
1775.154
1778.872
1781.57
1792.539
1811.99
1839.903
1820.29
1785.121
1746.68
1744.18
1791.553
1760.399
1746.958
1823.271
1844.985
1856.521
1952.771
1991.708
2034.268
2037.036
2070.845
2078.131
2082.893
2102.179
2109.054
2112.958
2131.768
2169.83
2110.247
2110.08
2110.247
2169.83
2163.372
2231.052
2182.247
2113.867
2120.565
2250.194
2231.528
2227.12
2219.157
2300.92
2234.035
2218.381
2269.597
2211.847
2216.607
2254.127
2171.019
2190.404
2245.933
2261.587
2269.856
2336.74
2306.856
2288.651
2288.131
2184.478
2141.67
2216.537
2215.817
2307.236
2326.958
2278.4
2279.27
2387.07
2418.15
2428.95
2429.49
2430.21
2405.313
2405.127
2376.38
2371.62
2350.553
2440.16
2462.104
2492.049
2497.007
2522.941
2523.135
2531.469
2536.969
2559.469
2562.531
2575.99
2577.705
2592.955
2596.017
2604.399
2610.358
2611.108
2613.451
2614.035
2618.201
2604.743
2601.681
2604.743
2618.201
2588.257
2561.757
2553.736
2464.705
2553.736
2583.681
2591.701
2618.201
2604.743
2601.681
2615.139
2618.201
2548.688
2548.493
2513.287
2513.473
2512.603
2404.803
2394.003
2375.07
2374.35
2329.83
2329.29
2393.969
2406.01
2406.88
2437.96
2438.5
2439.22
2450.02
2494.54
2513.473
2489.153
2451.287
2448.187
2400.52
2387.6
2343.99
2258.52
2150.72
2171.654
2195.038
2240.872
2243.853
2326.035
2274.948
2315.327
2327.29
2315.327
2312.605
2324.568
2327.29
2350.846
2394.981
2425.732
2474.188
2481.372
2516.497
2553.739
2567.537
2618.428
2596.966
2576
2665.375
2687.604
2709.318
2711.943
2700.408
2697.783
2691.324
2566.324
2554.324
2546.646
2543.387
2542.61
2525.705
2526.482
2529.741
2537.42
2554.324
2554.949
2579.124
2588.779
2591.756
2518.075
2493.293
2471.362
2464.724
2448.402
2447.937
2447.187
2437.876
2344.945
2344.325
2317.532
2360.551
2361.327
2370.97
2371.452
2411.202
2438.952
2439.595
2535.845
2552.75
2490.643
2457.143
2405.58
2397.902
2482.306
2463.639
2460.182
2445.108
2509.515
2528.182
2536.145
2539.602
2544.009
2486.652
2501.188
2552.75
2493.167
2585.333
2485.519
2473.556
2486.51
2444.577
2421.192
2375.359
2338.949
2429.407
2439.622
2485.455
2428.463
2507.602
2547.981
2550.852
2573.37
2585.333
2635.583
2643.139
2664.954
2684.46
2591.211
2591.693
2590.917
2581.274
2485.024
2468.119
2440.369
2439.887
2439.244
2399.494
2400.271
2400.914
2428.664
2429.146
2438.789
2455.693
2463.945
2502.325
2509.739
2546.98
2483.347
2487.747
2505.747
2509.772
2464.547
2356.014
2342.675
2306.675
2285.475
2168.808
2129.086
2195.566
2221.271
2269.726
2276.911
2291.202
2343.911
2375.362
2416.454
2452.572
2473.772
2509.772
2507.322
2487.689
2470.133
2469.683
2424.458
2417.658
2420.108
2437.664
2444.464
2464.097
2464.547
2428.812
2419.78
2419.629
2375.863
2448.642
2493.867
2500.283
2500.439
2509.772
2509.322
2549.066
2542.032
2523.871
2503.56
2501.026
2521.336
2568.121
2570.655
2577.69
2578.155
2596.316
2577.126
2526.236
2493.592
2491.316
2510.506
2512.782
2545.425
2596.316
2587.213
2650.446
2644.643
2639.536
2596.976
2571.31
2559.774
2615.108
2654.58
2666.543
2676.321
2720.457
2747.074
2753.093
2758.389
2689.042
2681.756
2633.301
2630.676
2630.193
2609.158
2590.348
2592.973
2600.259
2619.068
2619.551
2576.006
2596.316
2589.282
2571.121
2566.523
2562.753
2544.132
2537.494
2500.744
2505.342
2523.503
2542.124
2578.874
2585.511
2589.282
2596.316
2484.04
2474.385
2473.782
2559.048
2551.762
2596.022
2593.299
2571.485
2551.978
2551.478
2570.985
2578.54
2600.355
2650.605
2558.565
2559.048
2538.012
2489.557
2470.747
2468.122
2559.034
2551.478
2533.948
2505.17
2463.948
2463.281
2454.369
2453.532
2453.013
2442.628
2485.436
2503.641
2514.026
2543.91
2544.747
2550.312
2550.978
2551.478
2548.756
2526.238
2503.185
2416.411
2438.64
2460.354
2489.521
2491.092
2500.199
2551.762
2504.862
2509.46
2513.23
2529.414
2566.164
2544.164
2539.612
2520.991
2516.828
2479.586
2472.172
2494.172
2498.724
2506.138
2510.302
2528.922
2566.164
2516.379
2456.414
2442.379
2425
2420.897
2473.857
2470.524
2462.845
2465.345
2499.155
2516.405
2420.155
2398.44
2355.881
2316.943
2314.176
2280.366
2268.83
2273.722
2314.102
2393.241
2493.056
2415.554
2418.321
2452.131
2494.69
2516.405
2495.482
2482.946
2478.696
2475.613
2544.25
2532.287
2555.34
2577.037
2590.037
2593.235
2512.155
2516.405
2515.923
2515.146
2398.86
2384.568
2342.009
2245.759
2328.269
2273.608
2342.849
2332.465
2197.849
2190.112
2160.228
2108.045
2066.506
2042.045
2079.207
2087.253
2130.453
2178.12
2228.962
2354.192
2317.25
2332.071
2355.627
2410.287
2430.287
2363.366
2397.176
2417.051
2433.813
2530.063
2500.348
2525.129
2520.578
2513.164
2509
2487
2468.379
2431.138
2468.379
2475.793
2494.414
2516.414
2520.966
2525.129
2508.945
2459.161
2450.368
2445.77
2404.678
2376.517
2375
2371.23
2334.48
2343.273
2359.457
2400.549
2402.066
2405.836
2410.434
2447.184
2413.736
2440.958
2432.986
2375.019
2355.386
2339.608
2318.497
2394.282
2465.5
2474.042
2536.149
2558.768
2575.673
2596.708
2511.33
2525.129
2487.534
2484.862
2463.897
2431.253
2390.161
2379.023
2305.342
2212.411
2209.889
2241.444
2277.786
2280.369
2293.745
2304.164
2342.605
2362.218
2369.153
2370.96
2391.54
2422.078
2451.433
2454.96
2480.024
2493.523
2473.586
2456.711
2452.938
2448.813
2415.063
2408.344
2406.594
2390.29
2360.935
2340.355
2315.29
2311.763
2304.828
2274.29
2277.817
2284.753
2286.559
2307.14
2337.677
2367.032
2392.097
2486.032
2515.218
2517.589
2528.008
2489.567
2476.659
2429.051
2394.212
2289.18
2268.664
2262.175
2220.914
2250.713
2297.497
2329.447
2446.114
2459.453
2480.653
2487.358
2445.562
2493.169
2528.008
2512.868
2509.341
2482.997
2444.556
2443.137
2438.836
2430.61
2396.231
2427.981
2476.106
2484.606
2488.25
2492.694
2532.417
2533.883
2569.408
2512.868
2528.008
2521.073
2427.137
2402.073
2381.492
2350.954
2349.148
2319.793
2316.266
2336.847
2430.782
2437.718
2439.524
2464.589
2493.944
2497.47
2528.008
2517.589
2515.218
2517.589
2528.008
2507.93
2505.559
2568.811
2589.078
2609.825
2612.275
2612.119
2605.703
2596.369
2551.144
2543.978
2446.911
2445.044
2423.778
2397.878
2367.544
2335.989
2332.344
2335.989
2367.544
2369.411
2376.578
2402.478
2418.914
2439.495
2468.849
2462.64
2428.261
2410.841
2406.54
2389.551
2382.97
2458.758
2476.314
2482.731
2489.531
2507.531
2511.175
2546.7
2551.144
2540.378
2537.928
2548.694
2551.144
2519.589
2515.944
2490.044
2392.978
2362.644
2355.478
2353.611
2412.77
2429.411
2433.056
2458.956
2466.122
2496.456
2528.011
2467.043
2468.849
2466.478
2456.059
2458.43
2468.849
2448.269
2354.333
2323.796
2316.86
2313.333
2360.111
2439.563
2412.77
2513.184
2455.311
2457.178
2488.733
2429.032
2432.559
2461.914
2468.849
2471.051
2506.22
2506.656
2508.505
2510.634
2546.538
2550.796
2581.054
2584.949
2592.852
2608.121
2617.347
2673.444
2684.282
2691.997
2681.578
2679.207
2682.433
2701.331
2716.599
2741.664
2743.513
2746.298
2748.556
2750.685
2773.992
2780.481
2788.707
2790.556
2792.406
2800.632
2862.431
2843.881
2862.431
2893.986
2903.519
2913.719
2953.442
2984.997
3020.522
3029.856
3065.381
3070.797
3128.764
3130.639
3138.806
3145.222
3161
3191.667
3194
3194.156
3198.922
3211.122
3216.539
3245.589
3253.756
3362.289
3364.872
3365.597
3386.344
3389.386
3393.411
3414.611
3416.522
3487.747
3395.669
3401.879
3402.03
3399.53
3361.089
3330.551
3310.938
3242.011
3231.591
3196.422
3109.487
3144.656
3083.625
3113.208
3100.535
3165.285
3183.71
3186.058
3195.846
3206.937
3221.28
3236.553
3263.97
3194.581
3206.35
3183.498
3180.282
3152.439
3125.674
3119.35
3117.703
3098.939
3013.292
2954.245
2980.245
2998.474
3004.617
2942.738
2945.775
2944.863
2946.376
2950.106
2955.511
2972.333
2981.414
2981.541
2987.054
3016.243
3018.027
3046.831
3048.381
3053.786
3074.786
3082.516
3102.2
3066.327
3137.248
3101.395
3120.071
3138.596
3153.618
3160.156
3175.177
3189.447
3189.793
3196.972
3209.006
3253.596
3259.878
3262.092
3269.938
3272.989
3303.545
3229.356
3164.88
3170.713
3173.616
3187.64
3146.883
3154.323
3156.169
3158.341
3160.091
3163.234
3183.984
3202.484
3213.659
3221.349
3222.683
3231.349
3253.683
3257.552
3260.433
3260.754
3283.087
3284.067
3288.373
3305.575
3306.623
3231.434
3262.986
3277.126
3283.793
3284.107
3286.277
3300.417
3275.632
3247.919
3214.343
3203.428
3202.405
3199.304
3193.374
3174.382
3171.839
3182.754
3185.855
3186.878
3189.421
3195.351
3141.29
3165.511
3192.595
3153.731
3139.554
3138.309
3117.272
3097.05
3162.551
3160.066
3142.407
3147.766
3152.766
3147.294
3094.62
3114.843
3117.272
3118.517
3139.554
3153.731
3161.531
3164.598
3171.776
3173.409
3187.831
3265.609
3271.476
3291.698
3299.831
3319.937
3320.248
3320.648
3321.131
3335.309
3395.198
3396.715
3397.693
3401.711
3434.507
3458.191
3459.435
3479.88
3481.13
3507.611
3520.389
3524.922
3535.026
3528.656
3526.933
3506.089
3491.956
3444.472
3441.828
3439.8
3441.522
3462.367
3464.394
3435.533
3441.764
3455.591
3458.178
3458.279
3415.417
3426.622
3458.023
3459.587
3464.161
3479.534
3524.996
3538.528
3563.883
3573.557
3582.216
3591.89
3577.726
3581.493
3594.743
3595.024
3523.156
3566.764
3585.539
3602.206
3555.362
3556.682
3558.047
3552.327
3554.707
3569.273
3590.873
3593.733
3601.053
3612.553
3630.953
3632.073
3649.503
3627.698
3575.129
3587.051
3592.227
3546.063
3547.139
3496.656
3500.505
3507.41
3508.241
3446.998
3455.986
3456.236
3456.606
3460.384
3455.662
3458.131
3478.131
3476.867
3486.867
3425.288
3370.122
3377.268
3408.321
3413.786
3415.098
3421.098
3422.728
3439.632
3441.299
3443.251
3433.847
3421.013
3420.93
3418.805
3407.69
3404.119
3406.673
3408.458
3421.292
3432.406
3432.49
3432.847
3434.972
3438.543
3449.9
3460.757
3470.162
3478.615
3498.083
3481.833
3464.929
3451.054
3449.101
3437.708
3385.708
3384.708
3380.869
3383.423
3340.673
3351.592
3353.51
3357.019
3368.212
3397.481
3397.832
3408.11
3355.142
3373.763
3375.251
3383.941
3402.316
3410.684
3412.198
3437.212
3455.275
3453.229
3471.534
3471.763
3477.932
3476.96
3483.13
3484.102
3485.684
3501.277
3506.463
3506.76
3519.006
3520.469
3526.164
3528.401
3542.243
3526.908
3542.243
3534.22
3544.77
3540.716
3550.462
3550.801
3554.191
3563.343
3563.572
3562.109
3566.855
3580.696
3525.51
3507.205
3496.425
3489.643
3430.321
3405.306
3385.109
3381.699
3358.703
3383.718
3402.023
3399.589
3457.922
3464.592
3475.192
3437.757
3459.999
3463.296
3454.405
3463.114
3422.505
3417.648
3421.839
3425.886
3427.044
3437.013
3438.439
3443.486
3445.194
3445.267
3446.298
3451.986
3461.189
3453.793
3463.762
3490.934
3492.996
3509.648
3515.133
3512.898
3500.138
3481.518
3464.866
3453.637
3451.098
3446.051
3441.926
3458.578
3469.807
3474.854
3477.089
3489.849
3508.469
3511.008
3515.133
3464.823
3468.746
3470.15
3472.012
3474.135
3483.147
3479.706
3482.622
3483.931
3443.097
3446.721
3444.259
3452.239
3443.807
3435.625
3442.797
3438.463
3446.645
3456.479
3464.91
3487.271
3488.787
3498.383
3502.246
3504.266
3511.155
3512.004
3519.357
3509.721
3510.388
3512.191
3509.1
3512.13
3521.006
3528.36
3497.246
3510.828
3512.963
3523.689
3533.211
3524.468
3525.565
3526.662
3523.659
3540.271
3523.659
3539.566
3530.337
3535.719
3543.464
3552.618
3554.393
3555.423
3556.452
3557.533
3557.79
3558.396
3554.013
3554.825
3563.845
3551.433
3566.862
3563.362
3558.748
3549.856
3555.67
3514.731
3521.342
3496.849
3500.217
3505.853
3516.797
3517.888
3493.396
3497.198
3501.001
3503.29
3512.276
3525.093
3526.079
3525.888
3482.001
3478.459
3477.888
3489.992
3498.172
3494.2
3496.457
3500.429
3508.159
3506.325
3505.126
3518.154
3513.904
3523.939
3530.457
3531.029
3534.571
3535.543
3534.522
3536.779
3538.696
3547.529
3550.203
3551.721
3557.279
3560.821
3561.897
3569.212
3568.91
3564.243
3567.565
3568.537
3583.339
3591.476
3588.073
3581.758
3600.602
3608.331
3599.887
3610.678
3602.542
3606.514
3606.326
3619.354
3581.924
3590.368
3586.701
3548.756
3554.331
3574.108
3581.732
3594.581
3601.197
3599.919
3602.864
3615.258
3591.436
3594.192
3558.414
3545.622
3560.355
3564.72
3566.197
3553.765
3543.922
3544.216
3553.928
3555.712
3556.472
3556.229
3555.235
3547.465
3549.267
3550.434
3543.316
3533.553
3534.313
3532.117
3543.894
3534.131
3526.833
3533.392
3528.473
3534.617
3532.985
3513.042
3513.285
3501.508
3496.765
3496.954
3503.098
3505.855
3514.071
3510.287
3529.797
3531.275
3539.869
3538.608
3543.554
3546.257
3549.703
3538.667
3535.435
3534.083
3534.354
3542.765
3549.292
3551.735
3528.235
3528.472
3516.245
3517.137
3522.056
3502.113
3487.711
3485.927
3486.221
3480.721
3481.477
3483.113
3493.613
3497.396
3507.16
3505.552
3504.505
3503.559
3507.923
3504.14
3508.505
3507.271
3513.416
3513.233
3520.044
3534.446
3527.149
3518.378
3520.98
3524.764
3526.696
3490.033
3487.867
3481.556
3483.722
3482.958
3484.416
3488.149
3489.482
3495.953
3499.767
3498.887
3498.62
3490.14
3488.807
3496.007
3480.118
3499.368
3508.021
3507.434
3499.623
3499.628
3518.625
3521.004
3524.151
3531.717
3503.602
3501.848
3513.315
3510.683
3486.756
3487.969
3484.787
3498.813
3508.196
3505.583
3513.192
3476.27
3477.377
3469.257
3468.54
3462.71
3450.916
3440.954
3439.121
3428.651
3425.51
3439.487
3438.545
3436.835
3445.156
3456.823
3458.906
3459.085
3458.092
3454.823
3463.002
3464.55
3466.26
3464.734
3469.426
3455.763
3455.028
3454.771
3440.925
3440.079
3441.361
3441.301
3441.58
3414.186
3395.265
3406.932
3409.688
3420.861
3418.543
3418.37
3412.301
3370.038
3369.174
3378.271
3366.819
3367.072
3367.907
3372.973
3373.194
3361.211
3350.179
3351.015
3353.451
3367.252
3369.541
3369.763
3374.828
3365.682
3362.961
3380.135
3378.954
3378.895
3392.983
3384.258
3399.154
3399.854
3399.635
3401.285
3387.657
3395.77
3394.52
3382.686
3367.791
3370.478
3369.399
3347.661
3355.774
3342.452
3320.715
3309.34
3312.915
3326.827
3325.908
3337.742
3328.029
3332.604
3333.307
3325.945
3326.77
3315.395
3319.22
3312.264
3308.764
3275.076
3275.591
3279.416
3280.666
3286.966
3284.416
3295.725
3299.763
3297.356
3278.908
3280.421
3268.696
3260.779
3264.979
3262.479
3264.979
3263.313
3253.104
3251.738
3251.188
3248
3234.678
3216.631
3201.735
3195.869
3213.916
3217.103
3218.47
3220.136
3190.464
3205.176
3205.719
3218.877
3224.671
3211.337
3225.078
3228.617
3227.491
3209.667
3210.623
3231.22
3230.512
3231.355
3231.413
3231.921
3233.567
3225.883
3237.117
3240.975
3246.819
3252.613
3252.671
3219.399
3218.442
3210.936
3196.224
3184.537
3171.077
3167.09
3140.71
3148.216
3149.173
3162.633
3177.345
3189.032
3222.303
3248.683
3252.671
3239.513
3234.995
3251.745
3251.967
3256.907
3256.093
3261.706
3252.113
3256.632
3267.801
3262.861
3259.908
3265.752
3283.972
3298.684
3295.659
3290.981
3248.298
3220.567
3219.134
3214.724
3207.061
3207.739
3210.811
3211.349
3172.587
3189.775
3190.441
3191.469
3191.684
3191.628
3191.684
3205.87
3199.87
3210.822
3209.521
3196.664
3195.83
3201.465
3203.4
3202.313
3200.611
3203.944
3203.778
3201.397
3207.825
3207.302
3207.984
3214.996
3218.401
3223.988
3219.988
3225.766
3207.443
3209.843
3168.667
3176.149
3179.825
3170.684
3168.284
3169.461
3168.637
3171.743
3168.743
3176.066
3169.301
3207.607
3207.448
3194.91
3192.645
3194.269
3174.641
3173.979
3159.96
3198.266
3211.36
3204.207
3204.152
3193.508
3179.488
3182.665
3183.951
3173.698
3160.604
3162.004
3155.457
3146.888
3153.435
3159.145
3156.745
3156.071
3151.788
3183.494
3181.871
3183.157
3176.61
3184.092
3209.23
3206.877
3208.277
3207.413
3209.779
3202.457
3200.329
3199.465
3206.947
3200.055
3194.533
3187.641
3185.729
3178.407
3177.542
3170.389
3177.542
3184.865
3185.729
3186.404
3175.58
3137.275
3137.53
3143.883
3147.177
3157.822
3153.516
3160.445
3149.622
3140.014
3142.896
3135.743
3134.92
3151.905
3152.14
3166.16
3163.16
3161.874
3147.854
3154.05
3155.474
3151.168
3157.932
3171.952
3170.878
3167.878
3168.702
3171.702
3179.025
3181.391
3177.591
3176.191
3168.869
3167.853
3160.961
3156.831
3160.631
3167.954
3172.662
3174.062
3168.132
3175.615
3182.507
3181.73
3181.056
3182.072
3179.807
3179.148
3180.83
3184.96
3178.764
3166.225
3167.002
3186.629
3188.757
3180.188
3183.365
3184.785
3177.893
3178.411
3178.623
3182.299
3183.156
3165.995
3162.925
3156.239
3146.106
3146.263
3146.917
3163.704
3166.03
3173.425
3166.356
3157.954
3158.606
3151.536
3144.298
3133.391
3135.764
3129.484
3126.519
3125.853
3132.922
3122.402
3120.797
3126.255
3122.697
3122.493
3126.249
3128.139
3130.377
3130.856
3147.643
3154.455
3156.118
3152.037
3167.813
3166.809
3172.313
3178.437
3177.582
3160.235
3156.373
3161.051
3163.982
3162.909
3162.265
3163.338
3165.683
3164.898
3164.648
3159.07
3155.852
3156.102
3148.791
3146.713
3146.207
3152.261
3141.686
3172.663
3164.358
3167.174
3168.542
3161.554
3186.114
3189.409
3189.659
3184.981
3174.199
3168.406
3167.015
3164.266
3152.016
3139.602
3114.683
3116.183
3108.933
3108.098
3111.348
3110.105
3102.73
3101.488
3108.715
3141.806
3145.357
3145.158
3145.105
3120.404
3121.19
3151.471
3154.617
3160.28
3158.117
3163.57
3162.087
3170.205
3163.744
3163.593
3144.053
3146.216
3143.969
3147.407
3148.764
3141.472
3137.36
3133.584
3133.36
3139.022
3140.251
3130.459
3126.83
3133.998
3130.369
3126.279
3133.425
3163.706
3163.758
3177.916
3182.412
3185.165
3190.828
3183.682
3175.607
3185.772
3186.539
3186.382
3185.753
3192.921
3202.097
3185.875
3184.647
3174.855
3194.394
3204.934
3204.782
3210.055
3209.426
3212.113
3210.507
3209.147
3211.31
3206.201
3201.628
3200.996
3200.534
3202.017
3207.68
3202.227
3195.233
3191.722
3195.233
3197.525
3198.312
3197.342
3196.555
3191.128
3180.492
3181.278
3186.705
3197.342
3197.14
3180.918
3181.114
3183.146
3189.728
3188.245
3185.024
3192.316
3204.451
3212.569
3216.682
3200.46
3207.606
3203.831
3201.538
3202.767
3205.183
3207.935
3210.623
3220.788
3205.544
3205.319
3200.046
3200.29
3197.425
3196.796
3197.428
3198.785
3199.61
3202.298
3200.691
3199.334
3192.166
3202.705
3213.342
3203.176
3202.434
3202.382
3205.247
3204.222
3200.447
3189.81
3193.585
3190.439
3179.802
3173.55
3173.774
3174.406
3177.272
3176.53
3176.582
3186.807
3185.257
3195.893
3202.146
3211.322
3215.412
3214.288
3215.772
3215.968
3219.597
3225.515
3229.459
3190.133
3179.908
3190.545
3197.163
3207.702
3209.2
3207.863
3218.029
3205.894
3214.625
3216.123
3210.205
3224.362
3217.194
3216.427
3216.183
3226.819
3218.744
3219.389
3215.276
3214.814
3210.701
3209.875
3209.673
3208.066
3207.434
3206.311
3206.154
3203.893
3208.006
3210.266
3210.423
3210.625
3211.749
3212.381
3212.844
3213.669
3215.276
3209.958
3204.64
3201.606
3200.735
3197.297
3211.454
3209.207
3201.132
3199.904
3198.353
3197.229
3193.718
3192.111
3168.103
3168.305
3166.755
3167.625
3172.944
3196.952
3200.463
3202.014
3203.243
3211.317
3214.756
3214.261
3214.037
3213.885
3210.11
3173.525
3176.39
3169.222
3169.866
3170.091
3165.978
3178.484
3190.459
3173.546
3149.805
3148.46
3116.105
3124.738
3123.271
3112.753
3107.701
3108.715
3124.756
3119.364
3117.558
3109.531
3110.875
3078.519
3085.275
3081.686
3085.158
3124.047
3124.099
3120.699
3110.277
3109.46
3107.655
3104.997
3090.997
3120.942
3116.875
3117.069
3149.425
3150.767
3150.033
3146.856
3152.707
3148.974
3137.132
3131.766
3118.525
3082.347
3065.949
3063.714
3059.268
3044.193
3032.193
3025.126
2986.237
2985.022
2983.433
2978.174
2973.728
2966.661
2966.713
2966.557
2969.215
2966.98
2967.13
2968.144
2962.292
2963.758
2970.268
2970.905
2970.088
2972.477
2976.066
2977.177
2970.261
2963.05
2971.683
2974.808
2969.811
2969.193
2968.575
2953.666
2972.776
2960.795
2963.005
2963.203
2964.511
2968.908
2971.711
2966.509
2963.366
2966.916
2962.916
2962.696
2952.696
2942.754
2944.741
2943.972
2945.959
2941.561
2942.287
2938.924
2932.084
2913.751
2926.846
2927.462
2959.462
2956.769
2944.901
2944.286
2946.527
2982.308
2988.78
2977.069
2972.671
2967.514
2937.898
2944.858
2956.726
2959.869
2954.712
2947.701
2949.217
2950.525
2950.332
2945.175
2945.658
2950.966
2957.082
2958.084
2957.845
2993.625
2985.728
2990.125
2977.895
2980.257
2986.191
2990.213
2994.686
3001.526
2997.976
3002.374
2998.94
3001.137
2969.137
2962.665
2963.516
2959.516
2982.997
2986.431
2989.234
2989.717
2993.08
2998.867
2992.752
2981.04
2985.062
2986.011
2991.945
2992.971
2967.322
2955.472
2951.961
2975.187
2986.926
2978.48
2996.614
3003.668
3002.582
2992.747
3003.037
2997.168
3001.146
2965.755
2968.354
2956.504
2959.9
2954.799
2954.351
2949.207
2948.759
2942.357
2945.226
2942.627
2942.018
2906.627
2907.815
2901.447
2891.975
2887.996
2882.721
2884.895
2889.319
2897.172
2897.795
2898.594
2904.996
2898.629
2900.395
2885.648
2886.639
2893.007
2894.507
2900.909
2900.067
2897.197
2916.1
2917.288
2923.69
2930.745
2929.295
2934.44
2952.574
2953.316
2963.512
2963.99
2962.436
2961.988
2971.988
2975.314
2977.488
2978.48
2977.871
2980.643
2978.426
2986.342
2984.908
2972.81
2959.114
2959.304
2952.391
2975.617
2985.451
2975.161
2972.824
2990.958
2991.801
2992.412
2987.47
2986.155
2985.438
2983.345
2976.41
2974.193
2974.992
2976.307
2984.16
2990.769
2980.935
2974.022
2979.167
2974.225
2969.875
2967.783
2967.587
2957.696
2956.853
2957.652
2955.687
2964.563
2967.672
2977.868
2958.966
2946.013
2945.252
2940.15
2938.962
2945.846
2953.763
2946.708
2931.015
2928.923
2914.176
2912.726
2910.509
2898.925
2896.832
2890.963
2885.238
2884.05
2885.499
2886.688
2898.272
2900.489
2902.582
2908.451
2914.176
2909.031
2908.794
2917.24
2913.843
2932.745
2935.517
2936.832
2950.528
2954.343
2956.309
2956.545
2955.233
2954.294
2959.773
2959.823
2960.447
2966.814
2961.872
2965.198
2983.332
2978.983
2963.29
2962.812
2949.859
2944.757
2935.88
2934.431
2922.847
2921.659
2918.887
2896.282
2899.024
2899.497
2900.931
2902.107
2913.566
2929.091
2934.137
2946.951
2929.012
2929.628
2928.453
2931.356
2928.614
2934.42
2929.227
2928.051
2925.04
2918.202
2911.223
2917.916
2918.131
2920.443
2921.876
2923.414
2922.661
2921.124
2922.199
2923.18
2929.718
2930.551
2968.185
2971.196
2968.185
2958.099
2969.559
2969.753
2966.28
2956.194
2963.032
2958.729
2958.78
2954.403
2958.317
2962.231
2952.503
2952.648
2951.895
2951.661
2953.409
2924.43
2921.527
2908.713
2926.652
2933.462
2928.244
2926.174
2926.908
2935.689
2934.936
2937.775
2942.822
2951.177
2952.475
2953.077
2942.991
2948.654
2941.815
2940.068
2941.606
2942.534
2933.753
2936.763
2930.581
2937.419
2935.986
2929.686
2928.758
2925.855
2925.64
2928.93
2932.403
2926.74
2964.375
2976.098
2969.119
2971.064
2971.854
2964.085
2964.875
2935.897
2960.925
2970.759
2955.066
2968.762
2953.069
2949.96
2948.667
2925.441
2924.83
2930.105
2926.127
2919.877
2923.833
2922.991
2924.078
2923.466
2930.38
2920.488
2915.213
2911.702
2909.485
2899.195
2899.144
2908.617
2944.008
2935.563
2942.447
2940.68
2932.235
2930.468
2929.034
2931.251
2930.313
2927.649
2917.36
2914.251
2927.947
2929.501
2937.418
2940.017
2944.441
2932.702
2944.441
2960.134
2967.188
2965.876
2965.686
2972.053
2965.686
2964.925
2967.968
2967.918
2965.048
2988.274
2988.078
2995.995
2989.082
2977.497
2977.945
2988.14
2994.01
3032.053
3002.76
3000.573
3007.628
3003.278
3001.829
3004.492
3003.883
2994.049
2993.332
2993.095
3002.929
3011.806
2999.708
2999.562
2996.051
2997.551
2998.863
2999.605
3002.268
3018.31
3018.918
3021.011
3033.964
3033.352
3031.178
3028.135
3024.738
3015.861
3013.262
3019.87
3016.218
3024.03
3012.291
3011.492
3010.649
3012.836
3012.646
3028.339
3036.784
3038.078
3036.763
3034.996
3035.935
3037.228
3038.522
3030.668
3030.045
3024.321
3024.27
3030.672
3017.719
3015.533
3010.257
3003.649
2990.696
2989.853
2960.56
2950.27
2927.044
2915.194
2911.683
2917.553
2952.944
2956.9
2957.512
2961.023
2958.251
2920.207
2916.697
2915.705
2908.821
2912.332
2909.56
2913.071
2909.092
2914.817
2896.683
2906.156
2906.392
2904.055
2898.577
2898.387
2902.811
2903.289
2900.952
2903.724
2907.68
2907.63
2907.006
2901.137
2902.151
2896.876
2893.767
2878.074
2886.52
2915.097
2922.108
2915.636
2920.793
2917.716
2916.69
2901.781
2906.983
2903.62
2906.521
2911.679
2910.162
2911.188
2914.089
2928.998
2935.114
2930.716
2933.617
2939.936
2946.374
2946.593
2952.132
2981.747
2981.022
2983.22
2989.007
2989.777
2987.789
2991.647
2984.965
2974.562
2978.112
2977.013
2969.073
2966.863
2968.19
2954.343
2956.459
2955.36
2984.975
2982.347
2983.35
2984.679
2986.89
2990.912
2993.813
2993.574
2985.036
2989.508
2977.277
2978.085
2977.06
2971.521
2989.854
2996.986
2961.206
2960.588
2965.06
2963.753
2961.766
2963.551
2967.573
2970.936
2981.339
2975.551
2991.417
2998.098
3000.726
2991.149
2993.951
2961.951
2960.75
2971.058
2971.51
2973.625
2971.263
2970.633
2964.517
2946.184
2948.547
2942.759
2935.748
2945.858
2948.486
2951.288
2935.423
2933.225
2936.588
2928.049
2920.918
2930.495
2932.736
2931.929
2935.079
2918.861
2917.396
2915.408
2914.778
2913.577
2917.974
2924.412
2914.47
2916.585
2911.252
2908.45
2938.065
2932.864
2938.651
2932.213
2930.697
2946.915
2978.336
2973.077
2973.699
2986.94
2980.184
2979.073
2946.718
2939.651
2939.194
2951.194
2942.56
2948.412
2955.328
2994.217
2991.95
2989.728
2988.969
3012.711
3022.822
3020.6
3018.211
3023.426
3023.226
3025.615
3018.699
3018.477
3013.218
3016.951
3013.479
3017.379
3018.338
3024.727
3021.794
3005.752
3012.819
2989.077
2979.024
2977.015
2985.648
2975.426
2963.426
2966.826
2963.641
2980.039
2981.52
2980.883
2983.883
2982.542
2979.708
2985.101
2978.556
2974.49
2975.351
2976.109
2979.109
2959.787
2961.926
2956.326
2950.726
2941.652
2939.643
2933.643
2931.376
2943.376
2944.154
2947.743
2937.32
2936.587
2917.265
2926.948
2925.481
2895.537
2896.159
2910.159
2942.515
2935.599
2929.999
2932.388
2902.444
2905.277
2904.416
2902.949
2906.994
2905.405
2904.391
2906.626
2898.598
2922.34
2922.962
2916.962
2880.784
2844.606
2848.506
2841.418
2866.228
2880.385
2880.233
2843.649
2851.724
2853.984
2817.4
2816.043
2802.654
2809.114
2807.631
2771.047
2772.275
2779.269
2779.321
2785.904
2779.986
2779.934
2779.063
2777.834
2788.471
2788.668
2791.881
2799.999
2810.165
2806.536
2810.165
2799.528
2796.663
2792.573
2789.427
2798.157
2803.431
2794.255
2798.751
2798.554
2803.981
2818.139
2818.296
2825.289
2828.256
2809.51
2812.949
2810.656
2786.648
2791.863
2793.396
2792.907
2816.649
2816.16
2813.16
2819.705
2813.853
2819.453
2822.453
2815.416
2821.016
2816.949
2823.986
2785.097
2781.697
2782.475
2789.512
2801.879
2802.99
2802.938
2803.56
2806.282
2809.755
2821.869
2820.063
2820.305
2821.264
2814.719
2815.453
2823.545
2853.49
2856.89
2855.301
2852.644
2863.162
2867.608
2868.931
2872.997
2872.508
2876.242
2868.149
2860.056
2854.456
2853.134
2852.318
2849.929
2850.966
2852.447
2853.181
2852.069
2841.551
2851.973
2813.084
2780.729
2767.488
2762.273
2768.125
2769.469
2762.381
2765.969
2769.369
2762.303
2764.442
2763.428
2755.4
2756.933
2757.156
2756.933
2762.326
2767.585
2761.585
2765.057
2762.335
2765.169
2771.557
2776.924
2774.091
2768.724
2761.687
2758.509
2757.884
2754.412
2761.501
2773.784
2766.638
2778.612
2762.39
2766.963
2777.129
2773.908
2772.549
2769.403
2793.411
2783.074
2783.226
2764.48
2755.75
2752.312
2762.649
2761.525
2778.108
2788.332
2788.964
2784.875
2774.709
2771.675
2775.45
2774.094
2776.386
2777.127
2784.419
2792.537
2792.335
2792.798
2794.83
2796.993
2797.637
2794.772
2795.82
2799.449
2766.73
2776.522
2769.691
2769.916
2767.051
2774.044
2777.988
2776.963
2776.91
2777.736
2776.766
2778.373
2778.835
2777.337
2770.719
2772.751
2756.169
2742.011
2740.963
2730.797
2727.359
2725.196
2722.949
2728.611
2727.383
2723.754
2719.641
2719.012
2719.475
2711.357
2710.02
2712.051
2715.085
2714.841
2727.346
2734.639
2745.178
2744.934
2751.516
2744.898
2750.965
2711.64
2707.696
2708.328
2713.646
2720.264
2739.009
2739.504
2747.579
2747.116
2753.699
2762.875
2762.822
2755.654
2752.966
2752.199
2753.225
2743
2736.418
2732.328
2721.788
2720.74
2730.964
2706.956
2725.701
2718.555
2718.752
2712.834
2709.205
2690.46
2688.909
2689.676
2679.039
2679.669
2680.694
2679.334
2678.69
2686.874
2662.865
2660.112
2658.753
2648.416
2641.584
2639.758
2640.545
2637.034
2626.397
2633.566
2636.532
2629.24
2636.532
2643.15
2639.037
2638.212
2635.245
2632.493
2627.996
2617.36
2601.138
2619.883
2617.467
2650.186
2656.439
2662.357
2660.531
2658.499
2647.96
2649.316
2648.822
2645.957
2636.781
2635.283
2621.893
2620.665
2604.443
2621.928
2616.595
2621.928
2623.17
2626.068
2639.61
2656.016
2665.296
2677.407
2677.907
2679.422
2674.875
2686.986
2697.327
2687.423
2675.151
2675.79
2674.809
2680.297
2677.4
2681.388
2683.706
2684.343
2680.672
2678.617
2690.89
2686.265
2687.061
2699.333
2701.388
2704.638
2699.259
2698.223
2697.975
2695.532
2691.373
2680.714
2680.867
2683.936
2677.242
2674.525
2674.025
2672.652
2676.812
2679.098
2687.308
2703.714
2691.066
2690.231
2691.066
2688.78
2685.883
2680.549
2683.549
2687.367
2690.085
2695.813
2697.055
2687.152
2695.428
2694.792
2693.439
2694.235
2693.198
2656.198
2672.969
2672.501
2672.728
2674.08
2659.762
2673.304
2675.747
2676.628
2673.151
2673.986
2674.761
2673.724
2673.972
2682.801
2685.801
2683.358
2676.701
2673.701
2667.377
2680.025
2684.572
2693.852
2695.699
2705.602
2699.466
2704.845
2698.521
2704.657
2710.981
2711.18
2713.964
2710.413
2710.466
2705.841
2712.75
2708.125
2716.292
2715.311
2716.191
2717.328
2711.191
2714.373
2715.208
2712.027
2712.527
2706.542
2701.208
2703.652
2706.909
2704.191
2697.534
2734.534
2735.909
2736.946
2732.787
2713.026
2702.366
2671.741
2674.014
2667.105
2669.293
2669.793
2680.074
2680.233
2680.432
2700.193
2724.474
2705.516
2698.443
2698.597
2709.051
2712.869
2705.642
2710.975
2707.305
2708.677
2709.427
2724.845
2728.663
2715.121
2675.348
2662.959
2662.76
2663.797
2680.568
2680.795
2677.545
2689.935
2681.768
2684.355
2683.711
2688.819
2682.902
2675.61
2674.272
2670.834
2669.284
2674.947
2688.336
2708.128
2707.923
2718.205
2717.369
2757.142
2761.689
2758.212
2760.53
2757.53
2753.542
2769.948
2766.948
2770.13
2765.582
2767.868
2773.035
2772.535
2764.259
2765.295
2763.92
2763.284
2765.57
2768.354
2772.172
2764.945
2777.334
2768.505
2769.88
2773.357
2773.11
2776.36
2739.36
2730.08
2727.182
2721.045
2723.364
2715.989
2721.367
2714.17
2710.693
2702.417
2707.905
2705.121
2704.084
2693.425
2690.527
2678.417
2677.064
2678.101
2690.491
2694.479
2663.854
2669.369
2669.21
2668.375
2668.222
2661.313
2660.477
2653.404
2660.313
2667.386
2668.222
2662.843
2666.661
2672.646
2676.316
2674.129
2677.386
2658.428
2657.777
2657.125
2644.852
2630.534
2658.458
2665.192
2662.157
2662.407
2665.999
2657.739
2656.666
2637.489
2624.958
2638.655
2638.425
2636.126
2667.103
2675.364
2678.956
2684.351
2677.58
2673.989
2681.299
2681.352
2682.502
2683.651
2659.091
2660.959
2636.398
2633.927
2632.284
2592.054
2597.605
2601.318
2620.494
2620.287
2636.882
2649.296
2638.415
2632.018
2638.415
2649.296
2654.875
2650.691
2640.673
2632.369
2637.92
2631.187
2643.718
2642.328
2627.845
2626.312
2623.563
2619.971
2615.293
2627.825
2608.648
2608.804
2611.907
2604.597
2611.585
2608.29
2607.506
2603.322
2603.375
2608.954
2618.971
2619.126
2619.376
2652.848
2662.474
2669.384
2669.537
2676.912
2664.264
2681.035
2678.848
2695.254
2691.583
2698.811
2692.826
2693.886
2695.239
2695.04
2694.159
2693.409
2693.614
2699.598
2697.544
2692.028
2699.278
2701.564
2701.097
2700.898
2713.009
2712.233
2707.608
2720.256
2720.309
2719.513
2721.028
2714.705
2717.602
2709.392
2713.528
2729.935
2735.846
2738.812
2731.818
2724.526
2717.234
2718.571
2725.863
2727.346
2727.978
2728.72
2727.363
2726.731
2703.471
2704.288
2703.663
2690.422
2684.033
2688.48
2727.369
2715.002
2725.113
2726.435
2727.472
2722.213
2716.998
2708.365
2704.32
2707.043
2706.309
2706.551
2713.64
2706.724
2710.124
2719.807
2714.441
2717.441
2716.819
2710.43
2709.805
2706.405
2704.871
2715.094
2718.205
2716.863
2709.652
2707.417
2719.783
2743.525
2739.936
2727.936
2738.158
2735.158
2732.158
2713.621
2721.714
2715.714
2711.814
2731.136
2732.481
2730.214
2733.614
2732.081
2729.247
2745.756
2748.621
2749.958
2754.048
2770.63
2768.598
2788.138
2789.008
2765
2754.775
2754.146
2757.657
2757.413
2757.875
2764.707
2764.932
2764.145
2765.115
2771.183
2779.301
2791.806
2790.98
2791.177
2784.559
2791.177
2791.379
2784.263
2785.134
2785.901
2796.125
2806.665
2806.89
2809.182
2792.96
2796.398
2789.816
2796.932
2792.988
2783.196
2779.982
2781.211
2774.379
2775.716
2795.256
2794.793
2803.969
2787.747
2787.522
2773.365
2771.867
2770.53
2767.777
2765.517
2755.351
2755.126
2749.673
2734.429
2734.376
2727.794
2724.019
2723.049
2717.622
2715.459
2710.14
2701.957
2694.665
2691.036
2677.646
2667.48
2647.941
2644.166
2632.191
2630.963
2628.275
2622.612
2621.564
2609.429
2602.597
2595.604
2595.551
2593.304
2584.574
2577.992
2565.486
2562.048
2559.885
2554.566
2548.649
2539.919
2533.336
2533.111
2527.194
2518.463
2485.744
2476.568
2473.13
2469.186
2464.69
2463.819
2461.656
2458.027
2447.861
2447.71
2431.488
2455.448
2443.337
2439.519
2435.701
2427.424
2426.182
2425.386
2415.105
2412.105
2411.068
2392.11
2386.383
2379.689
2375.553
2373.498
2370.6
2353.83
2347.172
2343.354
2332.695
2313.737
2301.348
2293.973
2293.137
2289.88
2288.527
2257.902
2257.107
2232.826
2228.837
2228.087
2222.102
2218.852
2217.48
2212.933
2210.745
2209.12
2206.802
2191.384
2184.727
2183.892
2175.725
2171.1
2167.919
2165.6
2163.545
2161.102
2157.845
2156.33
2155.193
2155.04
2152.256
2146.528
2139.278
2122.508
2108.966
2105.966
2105.719
2081.438
2090.879
2057.408
2056.764
2055.716
2049.106
2039.089
2034.489
2030.627
2028.315
2024.108
2023.35
2018.124
2011.917
2011.443
2010.639
2002.267
1991.807
1989.595
1975.898
1966.511
1964.978
1963.721
1958.327
1957.821
1941.226
1928.976
1926.045
1926.551
1935.938
1952.533
1966.23
1978.48
1979.737
1982.668
1988.062
1989.595
1982.441
1980.362
1978.017
1944.546
1938.149
1934.557
1954.814
1948.953
1948.16
1947.099
1944.76
1943.699
1937.838
1932.381
1931.587
1929.698
1922.46
1922.303
1905.142
1901.061
1888.503
1884.596
1884.392
1878.776
1873.319
1870.819
1866.086
1865.272
1859.629
1859.117
1852.268
1848.71
1844.057
1843.894
1838.278
1838.075
1834.935
1824.237
1824.08
1822.673
1818.766
1811.918
1806.274
1798.91
1798.398
1797.127
1786.119
1777.718
1767.584
1766.58
1755.658
1735.199
1734.54
1730.94
1729.517
1749.439
1743.439
1740.225
1723.038
1722.8
1708.613
1704.768
1696.212
1694.51
1684.788
1672.1
1668.957
1667.023
1676.745
1680.59
1683.733
1697.92
1706.475
1708.41
1710.112
1722.8
1708.613
1691.044
1690.169
1689.356
1680.106
1678.916
1678.249
1667.874
1656.922
1650.076
1666.583
1649.189
1642.843
1625.062
1621.99
1639.317
1635.378
1634.573
1616.575
1609.789
1617.975
1624.846
1625.66
1643.881
1655.568
1664.538
1663.713
1662.225
1658.319
1644.819
1643.678
1643.453
1632.078
1620.578
1617.589
1613.014
1630.71
1626.621
1615.59
1636.046
1626.832
1626.553
1623.092
1633.565
1621.747
1621.134
1593.019
1589.545
1584.755
1570.41
1561.871
1555.695
1547.3
1546.56
1508.245
1504.56
1499.295
1498.397
1497.377
1489.377
1487.64
1481.658
1472.202
1471.66
1468.976
1445.149
1439.813
1439.523
1436.803
1422.593
1411.704
1406.851
1406.101
1401.421
1399.808
1393.368
1381.234
1352.602
1350.971
1347.322
1332.589
1332.526
1328.391
1321.274
1314.747
1267.449
1280.62
1277.127
1279.865
1276.462
1227.851
1226.652
1213.874
1229.562
1219.304
1212.468
1212.278
1211.187
1227.861
1224.987
1230.905
1205.702
1196.455
1196.194
1204.844
1219.17
1201.384
1203.068
1195.896
1195.593
1209.926
1187.714
1185.883
1178.663
1195.621
1195.348
1185.41
1183.551
1150.655
1167.601
1169.27
1165.926
1157.074
1154.888
1151.732
1149.94
1141.306
1149.94
1153.096
1161.948
1165.292
1167.478
1169.27
1186.742
1168.869
1154.037
1162.715
1181.177
1175.88
1173.126
1191.779
1187.227
1157.244
1172.81
1167.327
1183.065
1182.982
1182.594
1180.213
1191.853
1171.617
1165.983
1174.351
1162.313
1183.175
1181.38
1181.29
1152.909
1131.505
1125.382
1105.155
1051.255
1071.561
1083.774
1093.301
1090.465
1085.039
1062.363
1044.988
1042.661
1039.422
1061.543
1052.856
1066.426
1100.002
1118.994
1129.909
1154.694
1157.236
1184.95
1188.05
1193.981
1195.004
1223.135
1207.683
1234.236
1249.892
1274.094
1267.556
1243.504
1227.265
1198.726
1206.325
1190.908
1182.408
1197.543
1188.056
1187.516
1185.182
1181.966
1197.8
1200.133
1203.349
1220.171
1228.901
1238.387
1235.171
1220.131
1227.727
1243.185
1269.481
1249.519
1237.552
1224.143
1147.143
1129.36
1111.988
1109.888
1127.26
1129.36
1147.143
1143.371
1161.118
1144.75
1128.868
1145.235
1161.118
1133.275
1131.216
1117.01
1144.853
1146.912
1161.118
1159.824
1155.902
1148.402
1134.598
1103.252
1100.037
1089.621
1098.151
1095.134
1103.36
1082.93
1070.022
1071.441
1052.441
1037.172
981.075
1007.419
1011.72
1050.161
1053.688
1088.067
1116.364
1126.925
1123.03
1138.169
1142.065
1161.065
1173.973
1194.403
1250.5
1265.769
1273.484
1256.495
1252.656
1287.744
1287.589
1310.526
1285.744
1310.526
1314.629
1332.79
1354.253
1354.414
1361.31
1352.517
1324.356
1322.839
1273.055
1269.284
1232.534
1259.792
1217.232
1212.47
1192.595
1158.786
1178.661
1212.47
1193.185
1174.375
1170.47
1165.708
1158.423
1120.36
1154.725
1194.198
1214.198
1221.753
1225.802
1232.932
1237.87
1257.377
1254.654
1231.602
1209.083
1174.343
1150.787
1140.17
1180.513
1175.936
1219.873
1181.67
1185.472
1211.972
1215.201
1254.285
1343.316
1348.274
1360.219
1349.219
1342.448
1312.503
1299.045
1249.392
1204.986
1170.958
1165
1151.067
1198.733
1241.363
1270.11
1275.83
1282.33
1292.89
1305.81
1283.55
1261.95
1284.21
1305.81
1305.25
1356.573
1355.823
1351.656
1349.941
1399.888
1393.67
1440.383
1437.826
1394.795
1369.5
1394.795
1437.826
1433.902
1485.468
1470.087
1442.19
1508.35
1477.229
1506.521
1451.496
1481.135
1486.802
1490.913
1506.294
1483.754
1382.004
1378.313
1431.929
1490.846
1485.092
1477.829
1440.004
1383.912
1376.895
1366.158
1356.026
1327.605
1299.886
1294.132
1322.553
1378.645
1389.382
1396.399
1424.118
1434.25
1440.004
1414.583
1410.899
1361.075
1410.899
1436.32
1440.004
1410.715
1360.89
1410.715
1440.004
1411.583
1382.294
1439.675
1495.768
1508.662
1465.679
1496.079
1532.204
1573.038
1620.371
1633.121
1679.121
1813.871
1827.071
1830.946
1847.096
1853.996
1860.046
1875.671
1875.904
1876.604
1890.604
1810.155
1813.845
1829.845
1839.56
1849.083
1897.398
1930.064
1860.192
1862.627
1884.54
1902.236
1915.822
1943.562
2006.333
2070.5
2097.562
2123.17
2128.909
2132.279
2160.496
2177.895
2202.895
2208.069
2255.025
2259.373
2261.163
2288.815
2308.583
2348.059
2279.47
2283.12
2302.44
2303
2315.92
2352.72
2357.093
2365.693
2367.943
2411.143
2416.863
2422.383
2489.117
2500.583
2513.083
2523.283
2526.933
2537.133
2550.053
2572.313
2616.833
2619.473
2630.273
2630.46
2631.02
2662.1
2663.747
2688.643
2588.061
2600.08
2600.599
2602.763
2618.417
2621.109
2632.109
2641.532
2664.29
2666.735
2679.735
2703.29
2705.883
2705.494
2721.732
2740.542
2752.077
2752.56
2755.327
2781.131
2785.452
2802.214
2805.548
2822.452
2918.702
2957.274
2976.56
2997.595
3028.72
3051.506
3061.744
3071.982
2977.638
2984.672
2998.471
3008.333
3015.368
3032.747
3039.782
3072.126
3165.057
3185.259
3195.121
3204.224
3235.603
3279.052
3287.5
3304.236
3323.425
3325.779
3363.374
3404.466
3413.569
3318.95
3319.533
3322.644
3342.911
3344.778
3243.371
3256.28
3256.981
3257.417
3280.911
3220.781
3223.906
3137.303
3159.197
3137.419
3112.672
3107.747
3075.452
3039.341
3029.553
3021.553
3017.22
3021.553
2967.733
2975.498
2980.277
2989.777
3013.797
3034.934
2978.671
2986.862
2989.076
2989.59
2997.59
3023.44
3027.212
3017.984
3021.817
3054.919
3095.914
3099.22
3120.803
3137.692
3142.715
3144.308
3151.641
3155.002
3168.15
3170.095
3170.484
3195.616
3204.116
3221.782
3252.067
3262.178
3265.539
3268.317
3271.678
3281.845
3285.678
3287.271
3289.424
3291.319
3311.389
3321.139
3323.917
3337.398
3279.405
3282.669
3290.417
3309.944
3348.964
3366.153
3294.237
3294.605
3296.114
3294.377
3269.465
3230.627
3215.982
3224.035
3234.746
3240.404
3249.64
3256.088
3247.265
3254.444
3260.577
3280.5
3289.5
3230.013
3237.825
3261.275
3288.531
3223.77
3165.514
3163.669
3165.841
3177.397
3191.421
3144.915
3155.488
3152.721
3148.07
3131.357
3131.248
3119
3104.525
3104.634
3109.285
3112.052
3124.3
3141.014
3155.488
3177.302
3188.31
3142.932
3150.273
3156.636
3093.956
3073.511
3099.993
3101.548
3077.865
3105.865
3183.643
3186.326
3119.087
3127.043
3130.152
3132.739
3134.723
3150.556
3168.31
3114.374
3117.211
3123.168
3127.743
3164.743
3168.998
3170.835
3157.261
3159.388
3186.197
3190.044
3166.848
3186.098
3175.374
3172.842
3149.863
3153.321
3143.773
3144.689
3163.648
3163.929
3220.075
3231.668
3244.335
3251.335
3261.446
3198.991
3204.196
3205.094
3210.298
3229.44
3242.461
3248.311
3256.617
3275.189
3281.781
3279.311
3313.359
3314.502
3273.412
3279.012
3279.412
3279.132
3288.838
3249.057
3252.243
3320.871
3322.165
3330.011
3333.786
3341.766
3342.158
3347.766
3342.962
3346.907
3361.074
3359.779
3365.779
3367.472
3362.296
3299.559
3300.641
3301.744
3304.066
3319.771
3344.002
3353.29
3354.393
3353.311
3354.388
3361.138
3360.878
3362.981
3367.115
3362.212
3367.288
3384.688
3387.226
3396.329
3398.655
3412.476
3399.995
3408.739
3371.664
3381.173
3421.489
3433.734
3431.036
3442.149
3464.634
3467.332
3478.181
3474.332
3488.992
3477.52
3482.615
3494.615
3508.357
3509.678
3459.807
3460.844
3462.573
3451.046
3490.616
3444.362
3455.962
3414.124
3410.481
3420.999
3421.24
3422.025
3441.9
3458.805
3447.448
3461.323
3467.823
3469.207
3473.478
3489.04
3501.942
3496.823
3472.962
3477.436
3458.488
3450.015
3439.095
3439.402
3449.735
3450.086
3445.613
3441.139
3402.355
3376.909
3406.892
3405.556
3415.47
3407.631
3412.562
3417.389
3370.202
3372.219
3397.233
3381.64
3393.886
3400.089
3384.754
3386.771
3395.314
3405.297
3405.636
3404.054
3404.291
3408.867
3413.342
3406.559
3408.576
3408.208
3374.017
3336.951
3339.615
3324.096
3314.973
3317.937
3321.954
3325.478
3327.458
3320.786
3334.173
3344.813
3343.694
3343.915
3350.475
3350.762
3361.145
3370.268
3387.739
3338.517
3338.292
3338.614
3344.276
3346.747
3359.081
3360.192
3365.319
3362.126
3362.34
3376.701
3379.28
3389.376
3386.201
3391.161
3397.513
3405.18
3406.41
3406.696
3404.775
3356.826
3357.704
3348.72
3352.548
3348.423
3362.798
3357.548
3348.345
3371.405
3329.281
3334.25
3324.896
3286.292
3302.439
3302.51
3310.146
3303.035
3294.604
3295.638
3299.261
3300.11
3301.766
3302.039
3311.706
3312.88
3323.827
3304.736
3308.6
3307.731
3302.413
3304.58
3307.837
3308.461
3303.37
3262.537
3270.718
3265.824
3273.461
3266.572
3282.72
3305.081
3303.566
3292.53
3298.593
3304.109
3313.321
3327.029
3286.196
3286.266
3294.698
3292.607
3294.41
3308.754
3322.966
3332.178
3340.89
3341.951
3362.508
3384.869
3366.813
3367.813
3374.702
3379.596
3383.838
3391.192
3399.904
3388.957
3378.6
3391.607
3396.428
3386.935
3382.667
3342.235
3354.245
3358.745
3321.903
3322.219
3323.969
3325.969
3329.664
3333.819
3334.134
3316.864
3318.588
3320.037
3324.182
3333.4
3331.675
3332.506
3339.506
3326.876
3307.213
3265.01
3273.546
3286.879
3285.756
3269.955
3271.079
3237.873
3235.968
3240.768
3253.218
3241.551
3249.075
3247.104
3245.8
3250.414
3241.367
3245.981
3252.686
3253.686
3261.21
3252.162
3259.095
3262.595
3262.007
3257.393
3257.136
3256.136
3255.161
3258.609
3262.201
3274.944
3270.906
3295.399
3295.202
3285.026
3297.769
3318.555
3314.154
3324.33
3329.966
3328.681
3328.927
3344.138
3340.101
3344.138
3348.54
3356.146
3359.737
3369.859
3371.399
3365.667
3360.512
3360.818
3361.1
3365.128
3358.724
3357.316
3361.353
3364.381
3355.424
3344.48
3340.442
3340.749
3339.533
3337.857
3329.09
3324.541
3319.597
3311.346
3313.205
3310.372
3316.104
3312.067
3320.318
3323.769
3347.266
3348.675
3358.851
3362.219
3338.722
3340.736
3331.595
3331.792
3338.196
3342.224
3339.351
3330.431
3328.73
3341.005
3344.596
3337.178
3352.39
3344.094
3345.055
3346.37
3346.676
3342.638
3350.737
3348.026
3345.153
3330.142
3328.602
3320.996
3319.119
3311.701
3319.119
3320.658
3328.264
3331.137
3333.015
3289.397
3304.199
3306.456
3305.067
3306.015
3314.811
3310.561
3313.355
3304.494
3300.828
3299.751
3297.834
3281.284
3289.42
3298.065
3297.148
3289.162
3288.384
3311.556
3311.368
3313.952
3277.034
3260.71
3260.895
3268.11
3268.674
3269.276
3265.441
3278.043
3282.235
3277.954
3279.204
3291.598
3293.489
3293.304
3276.979
3269.103
3268.539
3266.648
3218.703
3217.046
3217.292
3232.087
3237.1
3249.703
3251.361
3245.879
3241.961
3236.386
3240.304
3220.526
3220.252
3220.855
3226.43
3226.83
3227.587
3234.884
3229.476
3214.743
3213.108
3176.689
3178.554
3190.986
3186.622
3187.396
3186.505
3192.649
3205.081
3217.874
3218.649
3218.831
3215.52
3205.02
3224.964
3225.2
3221.065
3213.295
3202.795
3202.02
3208.579
3206.795
3235.67
3232.359
3228.575
3246.91
3249.511
3246.809
3250.184
3253.704
3275.949
3285.531
3284.598
3252.125
3242.618
3238.368
3238.191
3244.577
3243.837
3252.231
3255.06
3259.876
3259.139
3260.275
3258.959
3252.573
3256.823
3248.49
3267.909
3271.935
3243.82
3242.228
3254.57
3227.779
3219.883
3242.468
3246.19
3240.043
3242.641
3247.838
3254.851
3251.214
3234.851
3235.805
3193.519
3191.409
3190.679
3197.906
3189.646
3184.36
3186.471
3189.12
3201.068
3200.338
3202.987
3191.169
3198.396
3207.855
3206.31
3190.833
3191.742
3193.314
3192.015
3191.788
3193.359
3195.972
3181.946
3172.613
3180.509
3185.706
3157
3153.731
3153.791
3157.797
3154.13
3156.746
3153.284
3144.021
3127.868
3155.262
3154.544
3158.851
3139.931
3151.597
3149.905
3149.965
3154.106
3157.375
3161.875
3160.042
3160.272
3148.136
3144.129
3146.886
3142.219
3127.95
3146.871
3125.482
3144.403
3142.084
3148.101
3148.629
3144.129
3147.27
3143.129
3143.864
3143.3
3145.384
3190.255
3188.172
3192.178
3191.185
3186.685
3183.095
3175.723
3174.73
3174.67
3188.939
3185.349
3185.529
3181.388
3180.191
3183.653
3172.053
3165.592
3164.19
3175.79
3179.931
3178.761
3180.53
3145.979
3149.12
3166.514
3169.783
3172.399
3165.264
3123.52
3129.713
3125.706
3121.565
3133.591
3137.732
3143.924
3155.95
3161.168
3162.716
3151.049
3158.6
3152.139
3174.434
3188.097
3184.636
3188.311
3190.08
3203.744
3203.026
3201.192
3193.038
3189.972
3189.075
3182.853
3176.391
3176.571
3175.673
3171.532
3172.639
3177.769
3178
3178.718
3177.724
3167.254
3170.844
3163.921
3161.342
3156.124
3153.509
3154.036
3170.19
3158.395
3159.631
3158.767
3169.104
3169.358
3169.879
3174.512
3170.258
3180.094
3170.874
3152.599
3149.878
3153.833
3148.768
3182.882
3173.046
3207.16
3199.084
3203.717
3217.388
3219.445
3226.901
3228.285
3219.139
3220.12
3210.285
3214.918
3232.092
3233.073
3234.579
3234.058
3249.142
3251.689
3247.246
3250.405
3258.322
3259.175
3266.538
3275.642
3271.735
3272.439
3270.929
3263.329
3280.289
3268.564
3275.52
3279.095
3260.647
3260.375
3282.113
3289.3
3325.7
3322.638
3319.138
3324.821
3323.311
3305.265
3283.527
3282.448
3288.315
3289.283
3282.7
3279.125
3274.738
3277.8
3273.225
3261.916
3275.828
3276.003
3268.68
3261.08
3250.186
3253.249
3247.332
3247.551
3244.489
3244.43
3236.514
3239.766
3241.257
3225.702
3228.356
3221.486
3220.794
3224.251
3225.742
3219.52
3225.363
3233.376
3226.104
3229.057
3215.316
3212.662
3205.429
3214.301
3225.659
3243.484
3242.014
3238.866
3254.422
3250.564
3242.745
3236.523
3235.566
3256.163
3255.947
3269.687
3272.712
3270.479
3269.13
3268.438
3267.531
3267.473
3256.303
3267.991
3259.071
3249.478
3216.207
3213.059
3224.639
3232.651
3235.604
3234.647
3235.355
3235.133
3237.365
3233.217
3241.069
3257.819
3268.578
3261.307
3274.64
3274.097
3270.949
3284.282
3251.01
3249.004
3245.856
3244.992
3248.449
3222.069
3225.217
3224.949
3236.636
3236.852
3229
3232.778
3238.621
3228.539
3228.372
3218.78
3205.32
3204.456
3211.326
3208.067
3202.075
3205.334
3199.343
3242.552
3239.404
3250.985
3251.679
3263.259
3269.761
3261.885
3268.107
3261.605
3260.741
3263.21
3251.975
3238.818
3238.571
3238.324
3238.593
3237.102
3237.61
3241.598
3237.45
3226.28
3230.774
3234.033
3226.214
3234.066
3233.358
3241.21
3239.719
3256.469
3252.938
3241.358
3249.042
3249.737
3249.193
3250.684
3253.709
3253.542
3217.592
3209.715
3209.542
3202.876
3224.345
3225.497
3204.028
3177.648
3173.87
3173.602
3161.915
3159.26
3157.254
3164.526
3146.306
3145.071
3142.838
3141.686
3141.143
3144.096
3141.071
3129.901
3124.961
3118.969
3115.944
3111.426
3093.206
3091.712
3097.325
3089.506
3080.586
3094.327
3094.154
3095.504
3080.792
3077.533
3076.039
3087.209
3078.217
3070.365
3082.052
3084.522
3081.867
3072.995
3073.689
3080.961
3079.492
3097.712
3087.63
3089.099
3095.321
3104.313
3103.16
3120.985
3129.857
3129.149
3132.297
3124.791
3125.943
3127.009
3130.997
3130.182
3137.281
3138.775
3139.617
3133.626
3127.782
3129.276
3129.97
3131.674
3098.402
3111.56
3117.551
3116.317
3116.048
3115.801
3112.345
3109.69
3113.468
3129.024
3135.894
3134.767
3137.144
3110.764
3109.295
3103.332
3099.793
3093.83
3097.978
3089.106
3090.81
3091.962
3092.656
3091.163
3089.459
3090.15
3091.277
3091.219
3095.207
3090.266
3074.711
3092.535
3096.393
3092.245
3089.868
3078.288
3085.972
3084.207
3084.04
3097.198
3098.667
3090.654
3090.923
3090.75
3090.042
3090.734
3091.799
3098.466
3141.676
3163.145
3168.989
3185.739
3180.714
3183.667
3172.086
3178.049
3170.778
3144.398
3137.731
3137.948
3126.713
3126.022
3131.046
3144.787
3148.645
3145.991
3148.367
3155.873
3165.466
3169.96
3173.219
3178.159
3187.079
3182.931
3194.511
3176.291
3171.797
3169.314
3158.144
3179.613
3183.601
3182.251
3183.066
3186.214
3195.807
3193.152
3174.932
3181.599
3138.389
3127.154
3127.849
3127.58
3130.533
3129.825
3118.245
3126.097
3124.331
3121.813
3122.879
3122.656
3117.716
3125.222
3119.23
3145.61
3144.458
3143.915
3132.745
3149.495
3150.986
3129.516
3122.418
3109.084
3101.813
3109.665
3114.158
3115.311
3117.78
3119.249
3123.107
3132.7
3131.23
3129.224
3113.669
3109.681
3123.014
3123.181
3109.44
3122.598
3118.264
3121.795
3121.622
3112.75
3113.614
3103.532
3103.285
3073.164
3067.273
3060.09
3053.304
3041.865
3038.377
3034.438
3033.936
3033.716
2991.034
2990.088
2994.027
2991.588
2988.174
2989.857
2992.345
2991.662
2992.607
2998.525
3000.208
3026.266
3047.474
3050.583
3058.307
3065.319
3068.612
3059.801
3050.99
3052.209
3058.1
3062.197
3073.231
3076.147
3091.513
3070.306
3071.111
3082.33
3076.412
3080.851
3089.615
3089.371
3102.944
3091.725
3090.672
3093.588
3058.076
3057.244
3054.134
3037.588
3034.601
3036.227
3024.682
3011.511
3012.316
3013.015
3012.119
3009.202
3006.286
3005.453
3002.537
3000.083
3000.026
2995.146
2990.266
2990.965
2985.193
2977.47
2934.787
2943.551
2942.078
2937.615
2943.16
2935.977
2950.754
2945.141
2946.787
2968.256
2963.316
2961.686
2952.766
2944.754
2933.995
2934.052
2940.923
2933.824
2920.083
2927.767
2929.533
2923.689
2923.473
2921.983
2922.149
2920.52
2920.297
2931.532
2948.282
2957.274
2946.104
2956.186
2974.406
2967.135
2969.604
2962.734
2970.005
2969.311
2980.07
2983.601
2984.753
2987.901
2984.753
2971.42
2972.546
2968.052
2962.09
2967.03
2987.158
2983.252
2968.356
2958.148
2962.535
2969.492
2957.658
2952.656
2953.373
2952.67
2956.245
2960.795
2957.495
2951.457
2950.943
2935.193
2933.826
2900.139
2920.993
2942.73
2939.741
2940.82
2927.498
2936.529
2937.246
2905.132
2910.926
2912.052
2914.536
2911.277
2899.919
2899.211
2889.618
2897.124
2910.865
2892.645
2859.373
2856.04
2852.509
2853.978
2851.324
2860.917
2860.694
2853.423
2854.33
2855.565
2847.881
2834.547
2833.591
2820.433
2821.39
2821.898
2810.728
2808.245
2807.737
2805.218
2806.864
2812.341
2804.585
2799.622
2803.72
2800.232
2801.704
2759.021
2791.887
2791.674
2800.556
2801.694
2787.162
2789.143
2786.155
2782.216
2776.672
2787.891
2792.771
2815.563
2814.855
2816.501
2816.328
2815.262
2804.503
2793.145
2798.79
2787.245
2787.302
2769.304
2765.493
2753.126
2710.957
2707.583
2703.692
2708.077
2733.821
2736.773
2739.183
2748.544
2737.46
2741.351
2743.761
2761.156
2766.059
2773.879
2764.039
2762.081
2744.3
2741.047
2748.866
2745.794
2753.119
2736.773
2730.267
2730.098
2730.36
2724.288
2722.854
2730.18
2743.02
2750.345
2751.445
2753.623
2754.446
2760.1
2743.754
2746.212
2738.549
2729.844
2742.98
2739.088
2739.305
2740.345
2743.598
2730.189
2727.598
2735.229
2770.313
2766.422
2770.313
2773.386
2774.84
2773.636
2773.804
2776.756
2779.828
2782.901
2781.86
2779.451
2783.836
2782.993
2787.403
2794.902
2796.356
2804.043
2805.634
2804.179
2804.853
2806.171
2800.323
2801.209
2802.052
2807.53
2797.691
2797.429
2793.742
2795.2
2798.646
2803.055
2806.007
2785.907
2778.276
2766.87
2746.77
2704.601
2700.192
2713.032
2712.21
2706.732
2703.85
2714.35
2715.805
2698.411
2694.519
2703.224
2705.403
2701.957
2693.182
2698.885
2716.279
2727.243
2719.918
2723.371
2721.709
2725.396
2717.709
2678.48
2675.408
2662.567
2662.071
2658.385
2665.312
2665.523
2652.511
2660.198
2666.543
2669.917
2673.808
2673.312
2674.003
2691.398
2704.41
2714.249
2716.207
2719.159
2724.861
2735.762
2743.261
2749.333
2750.373
2751.831
2754.01
2750.245
2756.092
2777.044
2778.767
2775.313
2772.432
2769.48
2764.002
2757.074
2753.183
2760.241
2765.944
2766.829
2758.054
2754.6
2762.287
2758.6
2716.432
2717.531
2708.872
2702.527
2705.599
2704.666
2707.547
2718.047
2719.71
2719.547
2717.885
2719.547
2708.142
2747.37
2708.142
2715.2
2708.103
2701.007
2685.826
2674.525
2671.071
2673.029
2669.342
2669.132
2669.809
2670.05
2667.731
2664.285
2652.984
2653.662
2632.71
2638.557
2644.377
2635.015
2638.907
2644.754
2637.658
2616.706
2612.32
2613.011
2611.348
2617.196
2619.515
2620.337
2624.229
2629.707
2637.394
2638.237
2638.499
2641.68
2651.519
2654.772
2648.266
2650.445
2660.284
2663.658
2665.32
2670.142
2657.301
2650.596
2650.837
2649.994
2653.886
2655.01
2637.615
2637.672
2648.756
2665.102
2669.488
2666.034
2659.329
2653.675
2653.506
2653.295
2654.117
2660.822
2662.545
2661.087
2650.587
2663.997
2643.897
2644.065
2636.435
2635.612
2626.251
2620.773
2613.448
2614.382
2616.339
2624.026
2617.321
2610.815
2625.996
2623.114
2628.592
2617.508
2614.556
2604.056
2606.014
2601.629
2603.083
2595.987
2598.939
2595.047
2596.502
2595.824
2587.119
2544.951
2544.689
2543.564
2549.384
2556.442
2559.514
2558.059
2554.613
2539.433
2555.779
2552.014
2550.58
2539.279
2534.869
2527.37
2511.024
2518.843
2517.41
2513.518
2514.617
2472.449
2475.521
2479.286
2471.623
2475.852
2478.443
2460.662
2456.613
2455.514
2464.219
2471.849
2446.105
2455.467
2442.057
2444.648
2444.437
2448.328
2448.087
2457.449
2455.025
2458.206
2459.049
2462.941
2466.628
2465.953
2466.631
2474.293
2487.429
2485.766
2485.935
2484.73
2484.971
2492.634
2474.852
2478.226
2480.684
2480.006
2489.904
2493.715
2493.016
2501.827
2492.945
2484.063
2476.919
2474.713
2478.128
2473.165
2470.726
2461.915
2465.402
2467.012
2470
2472.453
2472.697
2470.209
2467.1
2459.376
2463.839
2463.14
2463.083
2450.282
2440.2
2443.739
2434.747
2437.895
2438.961
2427.603
2424.578
2433.451
2476.66
2456.064
2457.216
2463.01
2461.944
2456.15
2463.422
2462.356
2463.591
2460.566
2460.739
2427.467
2429.844
2438.716
2417.247
2418.062
2416.593
2413.568
2409.049
2425.799
2419.577
2424.071
2402.602
2397.662
2404.894
2401.036
2400.328
2402.561
2397.536
2433.487
2443.517
2441.536
2444.023
2445.499
2445.334
2428.789
2426.167
2426.432
2437.871
2432.147
2445.721
2456.94
2440.394
2438.922
2440.397
2445.277
2461.823
2460.71
2457.296
2457.995
2450.58
2447.288
2437.812
2433.532
2433.702
2437.434
2443.158
2454.377
2451.889
2444.877
2470.542
2467.394
2468.102
2474.604
2473.452
2470.933
2466.945
2469.6
2452.85
2462.442
2460.952
2458.468
2464.46
2471.127
2465.283
2460.343
2455.849
2456.065
2457.711
2464.581
2462.205
2461.078
2459.432
2463.951
2464.219
2456.535
2438.315
2436.685
2425.327
2434.247
2435.204
2418.454
2415.194
2411.046
2405.083
2393.396
2422.439
2423.314
2435.147
2441.184
2437.997
2444.58
2436.63
2449.952
2453.99
2458.992
2450.879
2447.692
2448.408
2446.377
2447.865
2439.752
2445.79
2437.815
2434.24
2444.448
2428.698
2420.781
2428.104
2428.354
2426.845
2422.27
2415.314
2403.48
2391.755
2384.799
2380.974
2387.557
2386.417
2385.542
2384.029
2390.985
2387.485
2386.517
2385.267
2392.454
2380.621
2382.133
2391.846
2390.877
2388.471
2389.324
2390.243
2401.618
2398.555
2385.055
2370.159
2373.659
2365.684
2364.197
2346.15
2346.975
2354.95
2357.21
2361.41
2364.473
2357.89
2357.186
2355.82
2354.307
2332.57
2351.018
2369.065
2367.555
2368.43
2360.65
2356.1
2356.8
2356.742
2370.064
2366.026
2359.989
2367.939
2377.651
2388.545
2390.27
2401.995
2402.914
2401.773
2380.035
2386.619
2383.431
2380.244
2375.694
2365.981
2399.669
2401.394
2402.644
2389.322
2393.709
2401.072
2387.75
2384.375
2400.468
2400.639
2396.684
2396.854
2403.69
2406.411
2417.864
2413.775
2429.725
2437.801
2437.092
2410.044
2414.487
2418.576
2417.192
2409.141
2422.632
2416.691
2422.682
2429.961
2428.273
2406.261
2407.191
2408.026
2401.191
2405.824
2409.697
2412.799
2413.78
2414.488
2423.708
2423.486
2423.664
2411.79
2418.834
2400.559
2383.385
2373.047
2371.892
2364.196
2352.763
2366.609
2357.395
2354.831
2356.113
2314.37
2319.588
2318.481
2304.635
2302.925
2303.453
2303.513
2289.244
2266.949
2239.554
2231.575
2231.515
2240.853
2249.173
2257.153
2243.175
2288.047
2286.278
2289.419
2289.983
2289.455
2287.137
2287.872
2276.272
2273.657
2292.167
2280.567
2279.832
2285.849
2320.401
2325.619
2319.601
2346.996
2347.22
2348.417
2341.282
2343.861
2344.041
2343.194
2339.271
2340.265
2332.285
2314.891
2315.833
2310.004
2309.283
2310.809
2308.725
2318.687
2311.176
2300.003
2297.247
2338.99
2333.86
2356.155
2366.116
2369.578
2375.595
2378.159
2394.313
2400.33
2403.471
2397.403
2389.223
2389.05
2395.119
2399.785
2400.683
2386.413
2387.939
2383.933
2383.993
2388.493
2394.51
2402.061
2404.676
2403.955
2400.686
2390.724
2386.583
2385.032
2383.263
2386.724
2400.994
2387.33
2396.544
2401.044
2397.903
2389.723
2399.061
2397.535
2389.215
2390.907
2380.946
2382.471
2381.75
2374.199
2367.976
2369.502
2396.896
2398.589
2420.884
2416.217
2406.954
2405.847
2406.582
2407.752
2414.214
2413.339
2407.116
2405.565
2406.967
2402.659
2400.89
2386.621
2387.356
2395.151
2391.01
2385.181
2381.174
2369.507
2361.713
2361.456
2362.331
2373.643
2376.871
2374.814
2390.764
2398.219
2392.228
2393.975
2397.316
2402.382
2392.546
2397.698
2398.41
2398.233
2405.277
2408.305
2406.776
2409.359
2407.549
2406.367
2392.278
2391.297
2394.525
2392.715
2404.234
2403.508
2399.065
2395.437
2391.348
2388.006
2394.673
2392.616
2391.435
2383.219
2384.312
2383.331
2417.445
2420.167
2421.838
2408.347
2396.474
2392.929
2393.793
2398.236
2394.895
2391.867
2391.003
2385.938
2379.794
2380.351
2381.187
2388.465
2395.509
2392.927
2408.012
2408.993
2408.815
2404.727
2407.273
2399.995
2406.374
2401.767
2396.615
2406.45
2402.197
2401.267
2387.776
2386.03
2389.985
2394.428
2393.542
2390.441
2412.454
2431.135
2439.014
2432.178
2429.077
2431.134
2421.988
2426.077
2433.493
2434.379
2436.815
2418.54
2421.072
2419.917
2416.372
2402.701
2406.575
2412.689
2420.904
2417.877
2425.953
2425.775
2422.155
2428.822
2420.771
2414.657
2415.178
2412.151
2420.227
2379.012
2394.961
2353.746
2346.33
2343.893
2334.796
2335.522
2336.453
2363.5
2375.483
2382.319
2423.534
2422.352
2410.479
2454.783
2469.867
2469.141
2469.85
2477.129
2473.901
2475.407
2474.314
2485.346
2497.219
2483.131
2483.857
2497.527
2521.427
2521.171
2524.237
2519.545
2516.16
2510.331
2518.126
2520.209
2528.004
2528.725
2540.325
2531.111
2537.573
2535.254
2539.177
2549.647
2553.032
2559.049
2568.263
2565.684
2561.376
2563.209
2562.312
2580.822
2590.783
2590.723
2596.946
2592.804
2596.946
2579.551
2578.444
2570.65
2574.573
2573.838
2574.713
2584.674
2580.533
2578.764
2577.657
2581.965
2563.455
2551.66
2550.464
2550.207
2552.291
2560.611
2561.139
2595.69
2592.015
2588.009
2615.403
2615.172
2621.001
2622.549
2614.37
2609.677
2607.113
2599.318
2601.934
2606.075
2622.229
2614.109
2614.844
2611.703
2615.844
2614.902
2601.238
2613.264
2617.187
2607.225
2601.157
2601.892
2600.123
2600.296
2614.274
2579.722
2580.62
2574.427
2578.094
2582.761
2576.538
2578.248
2577.53
2577.761
2589.36
2584.23
2574.967
2578.236
2577.39
2575.621
2589.284
2575.621
2575.448
2553.153
2548.653
2547.918
2550.497
2548.178
2536.579
2537.297
2534.028
2528.897
2525.308
2527.872
2565.205
2563.496
2555.342
2557.81
2560.876
2557.81
2561.951
2564.419
2606.162
2599.701
2595.778
2596.499
2608.098
2608.278
2617.541
2638.929
2646.909
2642.217
2630.422
2627.356
2626.159
2635.373
2636.091
2628.956
2621.584
2630.847
2649.357
2647.038
2665.548
2660.881
2674.728
2674.471
2669.971
2665.83
2679.808
2688.128
2688.846
2687.295
2686.449
2683.981
2682.433
2681.439
2685.446
2684.71
2683.864
2692.044
2694.512
2708.175
2700.021
2699.743
2692.608
2682.646
2678.98
2673.151
2677.157
2677.337
2683.354
2646.02
2644.738
2637.228
2682.099
2679.781
2683.787
2687.454
2684.698
2678.629
2674.129
2662.334
2663.328
2663.501
2669.963
2664.134
2669.351
2668.616
2668.873
2676.245
2664.219
2665.928
2657.749
2635.454
2656.843
2662.86
2665.178
2665.238
2671.7
2670.965
2675.106
2680.935
2682.486
2686.153
2687.704
2681.636
2675.413
2674.131
2662.958
2669.71
2665.569
2653.775
2654.971
2662.343
2653.005
2651.236
2649.71
2648.975
2637.309
2630.557
2624.54
2625.941
2622.8
2630.954
2644.8
2651.723
2647.223
2639.851
2638.082
2659.471
2644.193
2655.86
2656.033
2664.187
2664.007
2658.79
2660.191
2656.922
2656.862
2647.525
2648.243
2633.973
2634.033
2633.091
2632.812
2640.966
2647.158
2681.709
2683.257
2697.104
2706.366
2708.076
2718.037
2717.978
2734.131
2743.394
2743.673
2740.212
2732.701
2730.085
2722.575
2688.024
2692.331
2690.929
2708.324
2706.24
2709.381
2708.854
2746.187
2767.576
2763.435
2766.704
2765.983
2769.368
2766.803
2757.59
2754.321
2751.853
2760.006
2761.716
2758.049
2765.184
2754.714
2751.957
2754.714
2762.085
2772.047
2753.126
2754.001
2753.437
2746.685
2745.488
2740.988
2747.45
2744.886
2733.091
2739.843
2774.394
2770.087
2762.535
2764.228
2762.518
2774.655
2766.475
2783.87
2782.322
2793.921
2776.527
2780.193
2786.946
2787.125
2785.723
2778.971
2772.048
2769.58
2767.871
2765.255
2751.592
2753.301
2760.053
2762.521
2765.137
2766.538
2780.202
2787.125
2780.903
2780.723
2780.783
2781.347
2790.685
2796.753
2796.529
2800.119
2800.397
2798.849
2801.99
2792.653
2811.574
2804.202
2806.67
2807.866
2808.741
2809.463
2808.565
2812.706
2811.51
2809.191
2824.469
2836.264
2835.322
2828.399
2835.95
2839.016
2838.298
2828.337
2826.567
2810.413
2806.49
2807.018
2810.48
2812.249
2812.428
2809.159
2825.313
2825.544
2824.669
2825.662
2828.419
2828.14
2811.986
2813.093
2795.699
2786.485
2776.015
2764.842
2780.996
2789.175
2789.002
2790.835
2790.114
2784.097
2775.777
2798.072
2805.623
2807.941
2812.441
2824.108
2830.33
2826.946
2827.005
2826.27
2828.886
2824.963
2816.642
2838.937
2831.802
2830.86
2830.687
2830.463
2821.249
2839.759
2829.288
2827.74
2855.135
2877.429
2873.288
2874.814
2880.882
2876.741
2888.408
2893.075
2904.248
2890.402
2883.65
2886.919
2885.393
2884.4
2872.8
2868.877
2870.569
2854.416
2852.723
2851.781
2857.61
2858.328
2858.552
2861.937
2858.796
2870.463
2871.36
2870.625
2874.292
2878.958
2885.027
2889.719
2891.802
2891.623
2886.931
2896.144
2892.221
2880.554
2879.003
2867.404
2864.825
2868.415
2867.245
2871.552
2857.889
2861.556
2869.735
2881.53
2875.338
2878.404
2880.872
2846.321
2814.544
2848.658
2855.494
2847.418
2848.924
2835.123
2813.111
2813.836
2821.252
2821.075
2820.239
2808.256
2805.155
2805.408
2800.965
2798.908
2807.672
2810.859
2818.776
2829.67
2831.336
2814.377
2813.408
2811.921
2810.78
2807.197
2795.472
2787.522
2795.759
2796.595
2798.127
2797.605
2775.593
2775.814
2769.148
2778.293
2786.172
2787.007
2805.283
2819.371
2818.485
2859.7
2877.976
2873.368
2872.659
2871.795
2883.778
2885.31
2883.639
2891.715
2885.774
2889.002
2852.141
2850.084
2840.987
2825.903
2812.412
2809.071
2798.733
2830.473
2828.64
2824.14
2812.473
2814.557
2825.027
2840.304
2858.814
2860.647
2874.311
2873.317
2868.651
2883.928
2887.313
2896.527
2895.629
2898.208
2896.375
2933.708
2937.849
2941.119
2947.58
2902.708
2868.157
2858.894
2852.877
2846.809
2862.087
2845.933
2846.779
2847.003
2840.542
2837.475
2842.606
2848.435
2849.17
2850.34
2859.553
2858.271
2860.59
2860.026
2860.59
2858.506
2859.613
2861.306
2842.796
2849.257
2849.317
2850.215
2850.042
2853.965
2850.298
2846.631
2851.298
2865.276
2867.045
2865.519
2846.598
2847.126
2853.194
2853.368
2845.816
2842.226
2846.368
2852.436
2871.357
2882.956
2891.277
2891.02
2887.879
2880.745
2877.283
2883.112
2883.391
2878.173
2879.019
2883.327
2878.109
2889.708
2885.016
2894.279
2898.779
2888.817
2894.886
2892.802
2888.661
2903.939
2904.218
2914.179
2913.458
2918.125
2945.519
2944.644
2944.42
2938.228
2941.903
2943.185
2935.205
2945.675
2945.735
2939.667
2929.705
2922.953
2921.551
2922.115
2915.654
2915.833
2922.056
2877.184
2885.504
2887.03
2885.197
2877.645
2878.639
2890.238
2884.221
2883.5
2886.064
2885.536
2843.793
2843.514
2847.104
2840.181
2798.437
2797.54
2814.934
2817.69
2806.091
2804.54
2831.934
2833.485
2828.818
2836.798
2838.49
2860.785
2861.955
2862.128
2903.872
2903.026
2901.478
2890.304
2898.484
2899.766
2893.014
2895.77
2897.318
2894.562
2908.225
2904.636
2911.388
2913.706
2913.963
2915.511
2916.075
2910.058
2902.923
2903.821
2906.436
2900.214
2907.137
2893.473
2885.294
2884.396
2863.007
2859.941
2853.189
2852.471
2859.843
2851.689
2834.295
2848.272
2854.465
2870.619
2871.34
2866.209
2868.293
2875.045
2897.34
2901.647
2905.314
2896.1
2896.665
2896.943
2910.607
2910.886
2896.616
2890.599
2892.369
2900.522
2915.8
2921.993
2929.503
2919.033
2918.802
2937.312
2937.876
2921.722
2915.705
2911.564
2910.622
2913.688
2911.919
2920.073
2938.994
2936.378
2936.635
2936.859
2939.423
2935.115
2921.269
2920.534
2927.869
2928.755
2925.527
2925.358
2921.452
2926.027
2924.54
2897.83
2914.79
2912.102
2906.419
2889.459
2889.684
2862.975
2870.755
2889.203
2893.241
2889.203
2881.841
2881.666
2878.978
2872.941
2869.878
2866.578
2878.303
2873.301
2869.926
2874.692
2871.359
2873.063
2879.055
2889.137
2889.405
2886.936
2885.29
2878.788
2877.636
2878.055
2877.11
2876.945
2869.355
2909.062
2912.05
2890.842
2904.013
2912.895
2914.505
2907.361
2876.381
2878.7
2861.305
2850.805
2843.143
2850.773
2854.147
2852.829
2861.534
2869.353
2880.655
2893.495
2899.15
2898.264
2898.76
2899.965
2900.76
2889.459
2889.628
2889.868
2882.049
2879.591
2914.676
2912.356
2909.284
2900.579
2898.621
2901.212
2897.32
2906.095
2906.152
2904.694
2902.515
2899.334
2900.792
2891.431
2902.331
2893.627
2899.446
2900.268
2906.613
2909.037
2905.146
2909.037
2908.981
2914.684
2914.946
2923.651
2943.751
2946.823
2953.751
2961.57
2960.137
2981.088
2985.498
2985.994
2977.219
2976.541
2975.224
2969.377
2995.12
2995.795
2978.401
2984.746
2989.132
2956.662
2959.543
2972.953
2972.742
2966.037
2955.073
2948.368
2947.328
2950.702
2962.003
2963.609
2969.995
2977.566
2976.754
2956.893
2956.08
2965.33
2965.164
2969.009
2969.691
2948.989
2923.552
2910.694
2912.132
2907.287
2886.584
2894.18
2891.263
2890.34
2897.314
2899.606
2906.58
2904.186
2896.459
2896.221
2894.65
2881.671
2883.087
2888.865
2885.145
2885.312
2896.145
2901.732
2862.97
2865.887
2868.804
2866.423
2864.028
2863.972
2867.692
2850.505
2849.719
2837.032
2841.365
2844.698
2859.698
2863.698
2857.429
2865.024
2866.052
2876.885
2877.046
2873.403
2856.215
2859.549
2861.701
2903.368
2896.743
2897.854
2890.616
2889.045
2854.378
2852.807
2811.14
2808.711
2813.557
2802.604
2799.199
2807.87
2812.227
2804.656
2809.013
2808.852
2812.697
2820.269
2824.626
2817.388
2819.783
2831.053
2825.64
2831.64
2832.164
2842.997
2844.568
2850.203
2859.453
2858.668
2876.237
2876.023
2871.445
2869.487
2862.391
2871.095
2845.351
2846.029
2834.623
2832.304
2833.895
2838.123
2851.136
2849.529
2807.36
2804.951
2784.85
2781.405
2816.489
2810.786
2811.581
2813.188
2795.793
2790.09
2797.721
2791.215
2804.35
2803.66
2799.768
2790.407
2792.726
2792.035
2791.344
2789.166
2797.824
2780.43
2767.418
2758.056
2758.734
2757.128
2760.079
2763.971
2773.332
2769.567
2768.134
2768.296
2768.055
2775.381
2766.019
2776.92
2741.835
2743.793
2746.974
2738.315
2738.993
2735.921
2747.326
2739.507
2738.712
2739.242
2760.194
2763.266
2776.676
2773.794
2763.955
2784.055
2766.661
2767.157
2769.114
2769.792
2770.832
2794.664
2789.119
2746.436
2738.655
2739.341
2729.866
2714.5
2716.939
2717.476
2702.943
2710.126
2742.992
2743.691
2751.447
2752.56
2760.15
2768.065
2760.475
2761.158
2750.06
2744.141
2737.129
2736.864
2739.303
2740.775
2720.43
2718.979
2710.168
2703.155
2705.361
2706.214
2741.727
2746.607
2743.387
2744.192
2757.765
2749.985
2767.983
2760.392
2755.953
2769.249
2775.113
2764.213
2762.758
2744.977
2734.076
2731.667
2737.486
2731.783
2730.988
2733.398
2733.157
2733.319
2737.084
2738.675
2744.747
2736.928
2737.096
2757.197
2764.859
2757.197
2764.859
2755.894
2748.48
2747.004
2743.589
2740.37
2741.98
2740.354
2725.821
2717.057
2716.252
2713.264
2712.319
2716.258
2717.868
2720.785
2723.894
2724.431
2725.285
2717.528
2716.053
2718.492
2719.437
2722.657
2722.12
2731.596
2718.3
2719.775
2726.92
2726.237
2725.383
2723.773
2715.859
2713.653
2680.788
2677.056
2681.519
2682.995
2672.367
2676.306
2676.808
2694.806
2695.66
2701.432
2700.749
2702.222
2703.36
2704.256
2705.866
2741.378
2745.11
2741.695
2739.207
2748.683
2748
2745.652
2734.213
2728.067
2721.644
2721.431
2724.724
2718.577
2692.519
2695.739
2695.568
2702.153
2696.007
2696.69
2698.3
2694.804
2690.365
2695.91
2695.644
2686.833
2685.358
2674.138
2668.415
2670.396
2670.616
2667.506
2667.449
2667.614
2670.724
2687.269
2672.737
2658.204
2661.619
2664.729
2653.631
2652.932
2651.456
2644.444
2637.432
2619.434
2632.431
2634.778
2642.535
2643.986
2643.153
2642.101
2684.784
2684.613
2681.991
2685.487
2694.251
2690.44
2690.175
2691.801
2678.228
2676.545
2667.734
2666.124
2667.6
2661.709
2660.597
2657.109
2659.562
2665.708
2676.336
2676.838
2684.429
2670.856
2669.404
2663.632
2670.055
2663.043
2681.041
2720.748
2715.203
2712.287
2672.579
2673.081
2672.398
2683.618
2685.069
2671.773
2667.676
2663.395
2667.334
2674.925
2667.742
2679.181
2678.644
2678.48
2670.699
2664.927
2657.336
2662.3
2662.129
2651.032
2653.471
2657.202
2656.37
2667.403
2663.989
2665.464
2668.452
2671.562
2672.782
2680.505
2678.052
2680.034
2679.82
2687.735
2689.418
2691.623
2700.387
2729.207
2726.552
2729.022
2724.873
2718.91
2714.417
2715.281
2699.725
2696.577
2693.624
2695.328
2704.921
2668.97
2669.678
2677.69
2678.555
2680.787
2684.645
2689.585
2702.743
2704.234
2692.999
2689.011
2686.357
2686.579
2693.081
2697.069
2701.402
2688.069
2684.921
2682.544
2680.312
2683.769
2675.917
2687.151
2683.62
2672.451
2654.23
2650.243
2640.65
2643.959
2658.492
2664.638
2665.324
2666.157
2665.986
2657.175
2643.879
2676.745
2666.117
2662.178
2634.152
2634.974
2628.902
2624.673
2617.042
2610.697
2606.805
2602.396
2608.243
2591.897
2608.243
2637.063
2644.246
2655.343
2658.563
2657.425
2631.367
2640.131
2642.753
2643.866
2657.439
2662.402
2673.841
2684.47
2684.204
2687.619
2690.729
2685.849
2679.702
2679.458
2684.338
2680.924
2676.46
2674.113
2680.032
2658.824
2652.678
2650.056
2660.015
2651.204
2651.147
2658.292
2658.505
2659.643
2658.698
2623.186
2623.357
2613.397
2617.495
2624.91
2628.405
2630.088
2672.771
2677.052
2676.55
2705.1
2707.332
2701.719
2706.213
2711.826
2713.472
2715.705
2726.874
2723.726
2709.014
2715.681
2704.447
2704.663
2704.72
2708.708
2708
2700.901
2696.914
2656.716
2620.765
2621.457
2588.185
2599.42
2583.864
2583.698
2576.599
2576.33
2577.396
2578.548
2580.314
2598.534
2590.682
2590.515
2594.503
2581.17
2582.873
2588.836
2552.886
2554.892
2558.67
2558.127
2554.139
2552.904
2558.896
2566.908
2562.76
2549.603
2550.953
2554.484
2562.335
2559.866
2559.158
2565.15
2569.138
2578.01
2570.134
2571.041
2573.994
2570.846
2575.179
2571.031
2571.725
2538.454
2529.581
2531.285
2532.779
2544.359
2543.124
2529.791
2522.107
2524.34
2522.574
2527.599
2529.228
2522.562
2523.628
2508.072
2507.529
2505.523
2513.029
2514.733
2496.512
2532.463
2532.521
2532.743
2532.916
2534.681
2530.163
2518.475
2518.309
2508.716
2501.032
2507.699
2525.523
2531.366
2530.823
2517.666
2550.937
2553.89
2559.684
2559.511
2559.243
2570.002
2572.656
2570.173
2569.926
2569.868
2574.362
2568.37
2562.407
2559.455
2556.986
2558.992
2557.523
2590.794
2598.3
2624.68
2621.532
2624.68
2613.51
2592.041
2580.871
2584.02
2576.787
2576.093
2575.584
2569.741
2571.973
2568.516
2562.553
2561.862
2558.004
2550.128
2553.08
2552.265
2550.562
2547.302
2525.833
2525.139
2521.806
2530.678
2509.209
2516.48
2519.629
2519.406
2515.073
2514.565
2520.359
2524.137
2524.828
2527.312
2530.46
2540.052
2537.676
2539.026
2539.083
2538.017
2537.96
2537.417
2543.26
2564.729
2604.927
2597.05
2596.236
2607.594
2605.11
2606.814
2612.777
2611.131
2654.341
2662.217
2666.55
2668.783
2670.277
2674.055
2675.545
2673.027
2654.807
2628.427
2616.847
2617.913
2613.764
2610.308
2616.974
2616.758
2612.24
2597.528
2596.664
2597.506
2603.3
2607.078
2602.053
2615.211
2614.703
2615.41
2623.423
2587.472
2591.33
2594.59
2596.083
2593.131
2607.843
2618.602
2618.659
2614.511
2613.359
2609.828
2608.964
2607.334
2610.483
2627.233
2620
2628.012
2637.605
2635.228
2627.469
2631.294
2630.215
2636.965
2628.852
2642.174
2640.661
2642.386
2636.47
2639.657
2661.395
2658.207
2667.92
2661.336
2683.074
2696.574
2695.699
2695.757
2699.132
2692.549
2694.036
2689.836
2697.753
2697.036
2691.17
2704.67
2704.728
2709.73
2708.48
2706.993
2715.976
2713.945
2716.632
2709.882
2712.143
2715.643
2697.596
2679.549
2680.374
2698.421
2702.004
2703.671
2708.221
2704.183
2710.996
2699.826
2686.669
2689.928
2683.706
2723.903
2727.442
2726.899
2734.912
2741.414
2741.922
2739.916
2740.623
2743.772
2758.484
2758.426
2751.193
2762.551
2769.218
2757.638
2754.379
2760.342
2758.335
2757.792
2758.656
2755.632
2748.126
2743.607
2744.115
2757.273
2765.092
2753.511
2756.464
2792.415
2791.906
2782.915
2775.096
2769.104
2769.647
2768.001
2768.223
2770.456
2776.448
2779.904
2788.824
2782.322
2779.945
2778.455
2775.307
2768.074
2781.534
2775.312
2769.32
2777.197
2778.262
2765.105
2764.241
2764.019
2756.167
2749.944
2755.558
2755.385
2756.876
2761.394
2757.616
2765.468
2772.74
2771.613
2771.829
2765.866
2772.737
2770.36
2776.352
2775.809
2760.253
2759.127
2762.386
2726.435
2734.287
2732.793
2732.525
2716.969
2716.275
2722.238
2711.003
2710.139
2700.546
2701.699
2705.238
2703.608
2704.565
2705.691
2709.469
2710.177
2712.831
2713.958
2705.085
2712.592
2707.651
2706.96
2704.491
2691.031
2698.302
2691.031
2677.29
2676.782
2663.624
2664.751
2664.973
2665.816
2654.129
2646.896
2643.118
2656.452
2654.748
2643.061
2643.903
2644.718
2635.798
2634.646
2608.266
2609.736
2609.467
2608.624
2611.773
2608.82
2612.079
2610.376
2598.795
2582.045
2579.813
2578.747
2576.278
2576.451
2533.241
2531.611
2539.295
2535.437
2545.52
2544.828
2508.878
2513.902
2515.029
2511.251
2515.745
2515.961
2475.763
2509.035
2507.566
2506.658
2480.187
2495.553
2499.364
2505.283
2503.81
2505.436
2505.701
2499.929
2500.093
2501.313
2508.496
2528.841
2495.976
2497.957
2502.396
2505.384
2504.53
2503.845
2517.015
2520.235
2517.247
2521.527
2551.167
2529.698
2531.188
2526.694
2539.852
2540.56
2538.914
2548.996
2545.848
2553.354
2566.814
2567.721
2567.505
2559.821
2559.13
2566.362
2559.86
2562.237
2560.004
2603.214
2582.617
2593.377
2592.682
2591.725
2603.413
2603.681
2588.969
2615.349
2616.583
2615.741
2613.735
2615.381
2605.788
2613.021
2596.271
2592.493
2589.036
2584.888
2595.647
2603.153
2613.236
2604.244
2612.256
2590.787
2584.943
2583.453
2579.465
2608.719
2597.409
2596.706
2586.994
2578.881
2570.965
2578.881
2560.433
2575.329
2588.957
2588.241
2593.924
2588.007
2591.07
2585.386
2588.574
2588.793
2590.443
2603.765
2599.215
2595.177
2594.627
2595.48
2636.18
2642.247
2640.597
2634.53
2632.499
2635.874
2638.864
2629.759
2629.978
2628.491
2634.528
2626.416
2628.822
2629.047
2610.599
2616.282
2619.657
2607.932
2609.182
2615.249
2615.468
2616.718
2618.384
2621.959
2615.893
2620.895
2625.095
2629.132
2621.532
2625.92
2625.695
2625.753
2616.722
2618.234
2619.314
2614.764
2613.039
2592.184
2578.556
2585.306
2586.131
2577.652
2579.184
2577.437
2574.89
2575.411
2577.943
2588.975
2584.532
2582.785
2578.342
2577.456
2569.405
2568.312
2556.439
2556.268
2539.094
2552.895
2549.021
2548.793
2569.871
2565.73
2568.198
2569.368
2563.35
2566.107
2567.94
2565.376
2566.902
2580.879
2569.28
2578.618
2583.284
2580.966
2592.565
2591.017
2598.568
2586.902
2578.748
2577.346
2578.872
2576.553
2573.412
2600.807
2604.73
2594.768
2549.896
2553.572
2550.302
2542.123
2547.341
2535.546
2513.251
2512.405
2508.815
2515.95
2519.873
2520.866
2532.533
2533.379
2536.649
2530.426
2528.717
2530.243
2530.521
2522.201
2531.464
2535.605
2539.066
2561.361
2552.147
2552.865
2557.365
2554.801
2557.417
2555.724
2554.032
2557.173
2568.84
2554.994
2547.483
2555.034
2569.303
2564.637
2572.791
2572.069
2586.306
2587.313
2593.616
2579.775
2607.525
2603.466
2602.739
2594.311
2589.025
2587.453
2579.194
2581.843
2581.098
2581.381
2589.667
2593.39
2586.55
2574.732
2573.823
2580.095
2584.654
2584.119
2583.885
2578.6
2584.504
2584.565
2539.11
2543.084
2544.383
2498.929
2494.37
2476.75
2477.495
2486.878
2486.817
2498.635
2490.376
2489.645
2487.931
2473.476
2468.723
2474.818
2478
2432.545
2429.234
2450.9
2450.043
2464.069
2442.403
2433.974
2426.078
2410.602
2411.346
2407.918
2405.569
2407.137
2410.449
2422.267
2418.956
2411.943
2410.228
2419.611
2415.053
2420.958
2417.529
2418.741
2417.855
2413.491
2410.385
2368.1
2364.377
2362.028
2366.392
2366.216
2380.057
2388.343
2423.343
2461.161
2506.616
2548.902
2565.265
2561.953
2556.756
2553.445
2561.731
2553.302
2561.527
2559.956
2579.122
2580.69
2571.357
2561.266
2558.084
2538.918
2561.502
2568.729
2559.396
2548.078
2562.237
2570.523
2573.834
2591.455
2602.061
2591.97
2592.541
2592.768
2590.976
2602.63
2602.571
2597.353
2596.825
2624.219
2628.36
2629.081
2632.222
2628.299
2625.543
2631.735
2640.949
2639.256
2639.429
2651.029
2647.644
2644.888
2648.029
2629.519
2628.644
2624.964
2633.189
2624.964
2621.653
2627.748
2630.248
2626.274
2634.17
2642.43
2656.884
2649.871
2650.598
2648.25
2651.886
2652.744
2651.857
2650.126
2650.353
2651.565
2652.985
2652.24
2652.468
2649.855
2656.002
2652.634
2658.989
2658.235
2665.985
2666.739
2658.344
2653.726
2672.723
2694.674
2693.446
2690.091
2697.021
2695.705
2698.337
2701.56
2701.383
2710.839
2722.813
2721.22
2716.97
2710.615
2704.633
2732.748
2727.482
2725.746
2728.125
2729.046
2719.59
2712.66
2712.599
2709.967
2701.777
2736.214
2734.604
2732.991
2728.138
2727.391
2745.481
2752.503
2765.126
2755.543
2747.437
2750.103
2748.493
2747.583
2757.166
2766.877
2762.71
2753.128
2761.634
2767.892
2780.514
2776.781
2770.061
2788.151
2791.551
2790.4
2802.533
2794.053
2806.676
2760.009
2756.187
2762.907
2782.157
2800.247
2836.18
2828.327
2830.738
2828.898
2829.084
2832.898
2841.342
2844.209
2849.062
2840.956
2850.538
2864.748
2856.303
2848.883
2895.55
2910.087
2910.327
2936.863
2937.157
2945.373
2948.605
2958.316
2957.055
2955.704
2956.751
2957.511
2951.367
2954.124
2971.151
2942.276
2929.979
2926.411
2936.123
2939.569
2940.83
2938.127
2939.389
2934.848
2926.437
2929.883
2918.106
2922.329
2918.883
2929.383
2933.032
2945.707
2944.446
2945.206
2955.048
2967.346
2955.569
2957.204
2942.802
2943.562
2947.13
2945.328
2938.03
2934.584
2943.206
2940.301
2937.699
2942.064
2940.132
2987.429
2983.555
2996.231
2995.675
2989.148
2990.314
2995.26
2987.301
2983.517
2984.274
2976.314
2978.916
2974.78
2966.01
2978.803
2991.1
2990.544
2998.955
2999.901
2997.968
3005.739
3014.509
3010.725
3010.431
3017.952
3013.587
3013.35
3052.702
3046.359
3052.503
3057.449
3057.743
3051.185
3056.685
3058.32
3063.239
3019.239
3006.806
3004.205
3002.727
3000.532
2998.088
3001.962
2987.56
2984.803
2977.506
2970.389
2971.334
2969.533
2971.01
2960.51
2954.168
2953.611
2973.122
2958.081
2954.635
2960.043
2958.81
2944.408
2945.168
2949.033
2953.398
2947.99
2965.017
2971.575
2974.294
2972.943
2934.637
2938.459
2935.592
2943.891
2942.674
2945.394
2953.839
2950.572
2946.266
2965.943
2958.921
2962.321
2959.91
2953.599
2947.128
2948.108
2951.628
2966.028
2962.628
2958.548
2967.201
2938.711
2939.298
2930.644
2930.824
2929.211
2900.721
2896.414
2901.094
2893.283
2857.35
2877.028
2875.441
2852.254
2808.841
2808.654
2807.904
2827.582
2821.111
2824.3
2826.06
2819.62
2815.453
2804.564
2802.954
2804.861
2809.168
2806.757
2792.547
2787.667
2784.8
2799.2
2807.68
2818.569
2803.729
2804.316
2812.614
2815.481
2810.801
2806.988
2808.894
2805.294
2809.374
2809.554
2812.221
2812.511
2816.324
2830.534
2829.201
2830.659
2808.414
2808.181
2820.314
2831.934
2830.954
2823.754
2827.921
2808.671
2792.782
2795.971
2839.384
2843.691
2842.711
2846.878
2863.678
2849.141
2857.248
2857.797
2854.608
2851.341
2849.434
2845.612
2845.792
2842.392
2841.176
2843.016
2845.736
2853.156
2844.857
2841.457
2843.623
2845.53
2845.468
2868.654
2870.241
2870.054
2855.518
2872.318
2875.838
2878.504
2882.238
2881.948
2883.558
2885.016
2881.416
2924.829
2927.24
2943.129
2955.192
2955.13
2950.65
2968.74
2983.277
2971.657
2967.923
2965.757
2966.973
3010.387
3000.753
2998.993
2997.842
3007.476
3015.92
3044.41
3044.7
3059.1
3067.607
3055.543
3052.354
3052.174
3058.646
3087.136
3075.072
3079.239
3079.506
3072.306
3076.386
3075.476
3078.142
3077.209
3075.596
3074.138
3080.578
3078.991
3081.158
3084.424
3085.458
3086.044
3090.124
3091.902
3087.049
3090.862
3076.462
3076.229
3040.296
3051.184
3055.264
3055.531
3056.682
3060.989
3075.199
3103.689
3064.862
3077.369
3076.218
3069.96
3065.88
3065.818
3080.028
3065.628
3026.801
3041.011
3032.504
3050.939
3070.883
3071.64
3063.045
3063.315
3055.356
3057.957
3048.194
3044.626
3043.869
3040.559
3033.261
3036.167
3032.293
3034.995
3011.495
3008.185
3007.59
3012.536
3012.3
3026.702
3027.624
3037.387
3051.982
3051.919
3039.126
3053.721
3076.266
3063.833
3064.779
3020.779
3014.252
3026.685
2982.685
2982.928
2985.646
2989.295
3002.088
3013.124
3032.634
3040.593
3060.104
3062.3
3015.002
3013.629
3022.136
3020.984
3026.411
3026.651
2990.718
2997.74
2995.02
2990.167
2980.456
2984.056
2977.616
2972.936
2980.136
2976.313
3022.98
3031.087
3031.967
3029.556
3032.956
3024.449
3023.204
3017.778
3024.978
3015.396
3003.776
2999.469
3000.219
2998.379
3004.637
3027.823
3032.13
3021.77
3021.53
3020.943
3027.414
3024.014
3007.214
3007.481
3012.908
3016.428
3015.394
3001.184
3000.151
2996.884
2999.567
2992.367
2981.478
2970.589
2966.282
2978.416
2966.282
2964.504
2964.271
2962.684
2976.894
2967.312
2969.152
2973.832
2962.212
2973.832
2970.019
2964.592
2969.928
2957.794
2958.774
2966.628
2963.961
2966.128
2973.548
2974.764
2974.014
2979.35
2983.517
2982.583
2980.743
2972.299
2972.059
2982.948
2986.548
2970.659
2962.006
2965.526
2959.086
2958.206
2960.772
2975.612
2972.212
2928.799
2923.372
2916.901
2923.159
2917.823
2907.463
2905.052
2905.639
2913.492
2913.732
2899.332
2863.399
2858.546
2858.836
2859.069
2863.376
2865.216
2888.402
2878.691
2880.301
2887.021
2897.91
2905.33
2911.77
2931.448
2939.747
2936.013
2939.413
2943.013
2943.247
2935.393
2936.158
2927.713
2909.623
2906.023
2912.281
2918.752
2914.446
2909.11
2947.937
2948.97
2947.753
2956.052
2944.432
2966.677
2961.797
2964.363
2960.843
2960.079
2963.346
2967.168
2963.648
2955.837
2957.743
2966.188
2966.001
2962.601
2948.064
2951.253
2950.507
2957.927
2951.456
2951.689
2943.209
2952.92
2957.4
2945.267
2963.357
2963.537
2965.147
2971.618
2976.953
2981.433
2980.52
2987.45
3016.393
3015.06
3010.753
3014.92
3018.092
3018.329
3032.539
3026.154
3032.785
3021.318
3019.564
3021.318
3022.546
3025.77
3024.569
3020.543
3022.28
3021.993
3021.239
3023.121
3051.236
3053.867
3047.481
3030.902
3028.218
3034.394
3026.394
3027.986
3031.758
3002.475
3014.657
3004.051
3022.801
3024.658
3036.408
3037.363
3035.794
3021.635
3023.181
3015.531
3009.228
3009.511
3010.632
3016.935
3015.39
3029.549
3030.555
3029.825
3035.972
3049.813
3049.585
3048.287
3062.446
3074.74
3072.654
3107.205
3104.737
3109.868
3119.829
3109.359
3106.293
3106.12
3103.363
3111.543
3111.318
3112.72
3115.038
3127.175
3133.397
3121.261
3120.363
3114.171
3115.068
3121.261
3093.734
3052.519
3056.608
3037.926
3038.201
3024.531
3018.775
3026.231
3024.484
3009.4
3008.245
3022.333
3015.667
3018.895
3019.065
3032.556
3005.508
2992.018
2990.486
2993.714
2997.334
2991.393
3004.884
3004.825
3004.55
3019.634
3020.346
3018.84
3020.527
3047.575
3029.3
3024.692
3025.785
3023.975
3024.196
3002.184
3003.994
3009.059
3007.249
3006.974
3014.018
3018.271
3017.436
3026.581
3015.062
3012.531
3013.243
3010.806
3009.54
3010.426
3007.399
3014.814
3014.586
3011.169
3013.89
3007.899
3012.342
3008.386
3010.823
3007.194
3014.03
3006.333
3016.671
3020.924
3022.981
3020.544
3021.928
3012.783
2998.982
3026.03
3022.156
3030.035
3036.701
3035.52
3040.128
3048.204
3054.583
3050.71
3048.421
3049.805
3070.923
3074.467
3077.885
3078.978
3070.961
3044.407
3052.324
3059.28
3063.855
3062.189
3064.739
3066.248
3067.123
3076.154
3076.854
3040.454
3041.157
3040.441
3023.481
3024.4
3030.083
3073.833
3062.333
3063.05
3070.238
3070.463
3062.488
3075.809
3081.676
3085.051
3077.101
3086.205
3087.346
3081.046
3073.446
3029.696
3028.183
3014.861
3016.374
3012.999
3010.499
2993.54
2987.856
2981.819
2983.185
2997.098
3008.407
3009.11
3010.477
3013.665
3001.94
3009.263
3009.044
3011.594
3013.625
3004.594
3001.906
3016.802
3018.29
3032.202
3050.249
3054.286
3038.536
3038.265
3039.931
3039.215
3041.002
3033.027
3030.477
3027.415
3029.675
3040.984
3034.947
3034.244
3077.994
3081.494
3073.544
3052.69
3051.865
3050.785
3039.41
3066.12
3063.714
3052.339
3048.764
3039.659
3029.451
3034.026
3037.932
3022.182
3035.81
3033.55
3035.217
3041.967
3055.879
3056.958
3068.458
3066.733
3066.515
3062.69
3049.061
3032.102
3024.915
3018.331
3021.519
2994.298
3005.879
3004.385
3009.325
3005.337
3006.967
2999.283
2987.596
3013.975
3027.435
3029.201
3030.065
3030.238
3012.414
3011.599
3011.056
3015.996
3015.749
3020.267
3026.49
3008.666
3003.052
2994.18
3002.057
2994.18
2986.361
2990.349
2981.476
2982.826
2975.007
2982.859
2971.624
2970.93
2975.955
2978.979
2965.822
2971.785
2977.748
2973.229
2986.387
2986.56
2987.794
2985.325
2984.634
2983.677
2984.371
2984.314
2986.832
2960.453
2953.181
2956.72
2951.107
2946.959
2954.23
2946.379
2903.169
2901.523
2900.566
2901.408
2879.939
2885.552
2881.219
2880.312
2883.851
2886.803
2892.647
2894.653
2900.645
2897.114
2893.336
2880.179
2876.722
2875.765
2878.284
2880.767
2880.499
2868.812
2871.96
2860.725
2865.666
2852.206
2845.335
2834.166
2832.816
2831.466
2819.779
2827.631
2834.501
2836.985
2842.779
2850.285
2845.345
2846.301
2832.968
2826.098
2824.468
2824.715
2811.382
2809.888
2802.069
2804.538
2813.458
2822.378
2821.312
2823.795
2823.527
2831.539
2831.271
2831.437
2834.968
2818.218
2818.909
2827.782
2831.041
2831.549
2838.821
2832.858
2814.638
2818.626
2824.42
2821.16
2812.288
2807.794
2809.8
2803.134
2805.14
2808.679
2810.685
2789.216
2749.019
2741.142
2740.448
2743.978
2738.184
2774.135
2777.283
2764.126
2764.372
2761.039
2763.272
2770.142
2767.189
2745.72
2746.563
2733.405
2732.714
2730.06
2721.187
2723.656
2710.197
2696.863
2698.629
2690.81
2700.402
2708.086
2714.753
2713.601
2715.247
2716.597
2729.93
2722.246
2720.24
2728.059
2731.392
2725.779
2722.445
2722.668
2722.936
2736.677
2733.529
2726.658
2733.757
2737.615
2740.099
2739.932
2743.389
2747.377
2744.228
2717.849
2729.019
2736.837
2738.307
2738.06
2742.578
2728.837
2719.965
2690.892
2698.037
2694.098
2686.683
2668.685
2660.77
2659.658
2656.548
2642.975
2644.087
2642.615
2649.759
2662.93
2663.143
2653.668
2642.123
2645.934
2659.23
2654.35
2671.956
2679.547
2682.535
2685.827
2725.535
2717.754
2716.9
2719.106
2724.65
2718.504
2720.957
2724.067
2681.384
2685.665
2688.774
2684.963
2672.715
2665.028
2667.452
2664.5
2663.657
2651.808
2655.986
2656.147
2656.406
2657.072
2646.239
2648.634
2651.848
2639.161
2644.748
2653.349
2649.629
2645.272
2644.161
2648.518
2640.923
2633.196
2629.351
2632.268
2628.863
2594.196
2587.185
2584.804
2581.399
2571.024
2569.437
2566.024
2551.024
2549.586
2542.177
2542.016
2529.328
2522.9
2517.313
2491.875
2486.097
2483.716
2479.359
2468.089
2460.851
2454.226
2453.351
2449.938
2448.004
2446.302
2442.581
2435.569
2422.712
2420.284
2417.855
2414.135
2412.833
2412.619
2404.018
2402.716
2368.05
2367.883
2362.105
2356.518
2354.226
2336.657
2336.442
2335.005
2330.16
2325.396
2322.967
2315.372
2311.372
2304.747
2303.914
2303.39
2299.67
2297.967
2294.932
2288.307
2277.14
2272.961
2270.045
2228.378
2211.19
2200.024
2182.836
2167.836
2153.65
2151.715
2148.572
2146.87
2134.183
2124.46
2120.615
2112.06
2113.994
2128.181
2131.323
2133.026
2136.871
2146.593
2155.149
2167.836
2163.836
2161.684
2159.392
2158.868
2151.458
2151.298
2138.44
2138.202
2124.735
2118.888
2086.418
2084.984
2084.773
2084.556
2081.376
2075.721
2049.977
2045.073
2039.419
2028.334
2022.515
2020.909
2012.134
1986.39
1979.685
1979.155
1961.373
1959.919
1958.601
1956.192
1953.768
1952.31
1948.864
1931.47
1925.124
1921.671
1920.996
1920.153
1916.9
1913.446
1909.554
1905.663
1899.96
1897.078
1894.197
1887.1
1885.783
1883.825
1880.371
1860.271
1854.424
1850.532
1839.127
1854.372
1814.665
1834.584
1832.578
1828.8
1825.848
1789.897
1783.905
1798.288
1771.578
1793.826
1785.947
1779.568
1779.046
1757.928
1756.947
1755.137
1751.049
1749.52
1746.988
1731.904
1746.313
1742.646
1739.262
1738.541
1738.262
1716.873
1712.732
1709.27
1690.349
1694.682
1694.506
1693.762
1685.502
1683.392
1671.097
1660.491
1653.652
1647.295
1643.821
1640.598
1602.282
1598.927
1591.604
1588.249
1605.692
1591.156
1576.946
1576.397
1570.139
1563.881
1561.199
1560.449
1559.569
1576.104
1561.063
1575.05
1565.205
1575.602
1586.291
1579.455
1567.953
1552.277
1536.921
1556.556
1549.656
1536.256
1527.57
1525.842
1521.842
1518.985
1516.942
1515.967
1513.645
1507.929
1497.607
1495.907
1495.104
1478.08
1447.555
1446.505
1444.6
1431.675
1430.342
1449.071
1446.45
1437.43
1432.901
1432.086
1450.315
1445.374
1443.624
1439.874
1429.249
1428.929
1428.102
1419.44
1408.734
1392.614
1390.48
1390.219
1383.433
1379.776
1363.657
1354.866
1353.847
1347.061
1346.792
1345.16
1323.612
1322.776
1306.504
1297.76
1289.016
1279.726
1278.891
1288.672
1287.611
1273.823
1268.505
1252.357
1236.21
1235.907
1235.054
1220.842
1213.489
1231.95
1229.919
1226.824
1193.951
1186.669
1203.862
1199.643
1195.174
1178.522
1173.639
1167.387
1163.402
1161.977
1158.789
1156.555
1145.266
1133.977
1130.148
1128.086
1126.378
1123.37
1115.495
1101.358
1101.085
1088.944
1102.34
1116.829
1114.208
1112.958
1112.608
1127.549
1114.161
1113.833
1109.505
1094.673
1092.881
1091.734
1090.463
1080.26
1086.125
1085.169
1079.319
1073.253
1061.211
1072.415
1088.44
1078.284
1064.888
1064.443
1055.601
1054.311
1050.539
1046.241
1036.478
1016.952
1034.799
1034.411
1025.006
1011.131
1019.397
1013.288
1022.052
1038.638
1036.575
1024.538
992.413
985.375
976.349
993.801
1008.077
985.817
979.567
973.833
973.483
967.75
982.112
970.378
967.656
945.406
953.123
951.04
967.427
963.58
950.048
940.374
936.034
932.576
926.832
944.996
943.12
958.078
955.307
950.735
958.116
952.186
972.802
990.309
1004.892
999.892
999.542
999.204
992.454
1008.517
992.158
926.162
947.977
947.491
960.773
980.938
1007.105
974.37
992.806
980.679
993.018
883.643
871.138
866.971
852.305
847.227
853.621
843.202
827.621
810.202
801.683
794.978
815.454
806.144
831.03
841.198
863.744
856.006
889.527
923.747
788.08
813.598
849.67
821.381
716.85
716.553
736.861
716.528
702.361
724.676
626.539
626.115
646.322
586.006
546.95
523.55
412.328
380.128
339.661
334.661
283.327
271.72
248.649
163.53
94.128
33.917
22
0
