2856
3672
3717
4293
4737
7845
9605
14213
14789
15233
33881
29273
33881
34289
34334
36094
36910
33802
32042
31598
31022
30977
30161
27305
27881
28325
30085
48733
49141
49186
53794
54610
53794
49186
47426
28778
28334
27758
27713
27305
27350
28166
27758
25998
25953
25509
24933
24117
24693
6045
6489
1881
3641
8249
11105
14213
32861
33305
33881
34697
35105
39713
41473
41518
36910
36865
36049
33193
31433
28325
27881
27305
45953
46769
49625
49670
54278
54389
53981
62781
62736
62160
62736
62292
57684
39036
38220
36460
55108
55552
56128
56944
57352
61960
62005
70805
67949
67904
67088
62480
53680
35032
34921
34345
25545
26361
25953
21345
30145
33253
33364
33940
15292
14716
14671
13855
18463
18508
18916
18472
36861
62529
67065
70137
73233
73809
74745
81065
82790
84550
89086
89576
92696
93614
93908
99788
101738
103523
103967
104012
122660
118052
119812
120628
120220
120796
111996
108888
113496
113451
113340
112764
113172
112356
111780
107172
105412
86764
86320
86275
85459
85051
89611
99697
104521
107017
107151
107439
119871
127063
127903
139373
143862
145686
173868
174714
175464
176280
182600
181664
185942
188569
186844
189940
194476
193900
195625
192529
193105
196177
193105
188569
182249
163860
164796
139128
134304
134170
163114
166476
166188
166322
168818
169106
159020
156524
157700
158981
160581
172051
172771
175271
174425
146243
145427
144677
145493
173675
174425
175271
178703
184415
185591
187931
188987
189923
191683
192091
192295
193075
193535
207299
210179
211235
238169
238356
238068
238872
242234
242100
239604
244428
215484
215772
212410
214906
210417
198947
186515
199283
198443
191251
195395
193571
205041
209530
210370
212168
213224
216344
243278
246393
247515
246459
247199
251807
253067
252880
250000
250816
223882
249550
251335
252055
255215
250679
254957
257584
256648
254923
250645
247573
246997
247285
248221
241901
243437
240810
262482
267018
263922
265647
267471
269187
276831
277953
278226
280799
282399
283250
285544
288659
317603
320099
315275
318637
318925
316429
317233
316945
316141
312779
312029
311183
310367
282185
283307
286187
290676
291732
290610
289890
288834
261900
261049
258476
258203
255088
266558
265436
263142
265053
265904
267026
268626
271741
270141
272714
275570
276386
285186
285762
304410
304521
304566
309174
311514
312330
315084
321404
324260
336950
337801
338983
327513
326662
325540
323940
320825
318914
316341
319456
320307
321429
324002
335472
335872
336145
328501
331933
344701
342985
350629
348805
347989
347944
329296
329185
330945
326337
317537
316961
317405
317981
315125
315941
316349
334997
335042
339650
335161
336283
339163
343652
344708
343586
342530
339650
310706
311510
310706
320792
349736
350024
352520
349158
346662
346374
346818
347394
347439
350547
359347
359302
340654
341470
341026
340450
340042
341953
337345
335585
340193
328723
331296
328181
327908
326786
327908
327508
338978
338127
338978
338162
338570
340170
337597
340712
343832
348440
348680
349580
351530
354103
353287
344487
349095
348687
348798
348354
351462
352278
352854
348246
348654
348609
348654
357454
354346
353770
365240
364118
367233
368833
369955
370806
372092
369519
367608
366757
365157
365430
362315
350845
376513
388293
394437
397211
399707
405419
413399
414521
417401
420411
421467
416978
415922
414800
411920
416528
421017
419219
421017
433785
429641
416873
404105
400673
389203
390043
389203
416137
411648
415792
418086
425730
429162
441930
434286
433878
433833
425033
420425
419609
419033
419849
416741
417185
421793
421682
424538
426298
444946
444991
445567
442407
438129
444449
447076
472744
474469
471842
470906
471482
474554
496226
494501
499037
497501
498437
476765
472229
471941
472792
475907
478480
480391
480118
479267
480389
478789
480389
477274
465804
464518
463396
474866
478259
481101
481905
481461
482037
482853
479997
480042
475434
473674
455026
454981
463781
462965
467573
466997
467108
470216
470624
468128
467324
457238
428294
428006
428193
428913
427857
424977
451911
450789
446300
447356
435886
436159
433044
433895
434082
432171
429598
431198
430076
432370
431519
432805
431205
432762
432651
432243
431427
431382
426774
426198
423090
414290
414698
414743
414854
417962
426762
427578
432186
432762
425118
412350
408918
404310
395510
395399
396215
396260
396836
397280
396872
396827
396251
399107
398291
402899
421547
423307
420199
418913
418062
415768
415581
413981
412424
412151
414905
417245
418061
430751
433116
430260
429409
435729
436580
435764
436172
433418
431078
418388
412068
410886
410997
419797
419842
419655
417895
415039
415855
411247
411202
405058
408166
409222
390574
391150
390430
389854
362920
362476
367084
366268
369124
364516
352736
353858
328190
355124
361268
358772
364484
372464
377072
402740
405620
402610
405620
399908
397134
416552
415496
427276
429772
421792
423328
422068
418948
444616
447189
448005
422337
424297
425683
427468
430540
435148
435638
438753
438013
439273
438457
439197
436082
471632
493208
497008
495223
498343
493735
491975
491515
490579
490375
491311
490531
504295
507151
507355
510475
496711
499931
499523
508323
507747
507702
506886
498086
495230
492122
492011
487403
486347
483467
456533
483467
484523
483401
486281
486468
486958
487798
488716
497516
500636
502421
525101
524611
525787
521251
515371
517321
517027
515077
514159
511039
509254
507494
508780
509270
505470
506163
527739
533883
537683
545523
581073
585681
584295
581722
579762
576690
541140
540650
539114
517538
514911
493239
492663
493239
496311
489991
485455
498223
495151
496087
494362
496087
495151
469483
467189
492857
492017
503487
525159
526957
545346
543548
539404
545724
532956
537492
541981
515047
519191
520031
524639
516659
513649
512593
512406
509526
512166
485232
465814
461206
458710
433042
435220
443200
447478
450488
452984
447272
452984
441204
443978
447050
440906
443262
444858
480408
472568
468768
447192
453336
474912
474219
476669
479242
473098
437548
442156
449996
451382
446774
446284
444998
448798
447994
448798
445405
448798
451640
448798
446298
444698
447578
446858
445577
434107
446607
447888
459358
460958
459782
460958
463073
463481
461141
463895
466260
467111
473431
472615
474955
475771
473406
460716
457962
457554
451234
450383
448997
427421
462971
466567
460423
457850
422300
426100
418260
420833
426977
429427
434035
435421
432971
440811
436203
432403
441678
460326
461448
463626
471606
468966
466788
469428
461448
463788
486468
494308
496219
514867
505592
504470
505592
506917
488269
492877
499021
502031
507743
510239
507743
533411
528803
526447
524851
532831
544611
541837
538827
534549
553967
548255
545183
545228
548824
549400
552060
552171
560011
564619
568215
562071
564521
570665
568215
560375
561761
526211
521603
520217
517644
514048
516621
512821
519931
523731
524631
525447
526059
528813
533373
532251
513603
514725
533373
542648
541323
536787
518398
515326
519604
493936
494512
493936
493000
486680
509360
527749
534069
535794
536730
515058
536730
539802
538077
543957
531189
529391
525247
513777
509288
511086
522556
526700
531189
543957
543117
561765
563090
561968
562155
552880
534232
542212
544852
542674
540034
532054
534232
528088
520978
518405
526245
527781
525331
526281
527667
523059
544635
580185
586329
588779
580939
577343
575957
572157
574730
574685
574574
577234
576658
573998
574442
570846
570891
592467
593043
589928
585320
584060
583320
601968
603090
601765
598645
607920
606135
605319
608434
610219
584551
610219
611479
612295
616903
616716
619836
620021
601373
603713
607145
606089
607145
612857
611681
612857
610517
607085
601373
603869
609581
604973
599261
591281
565613
571757
568747
549329
550925
553699
551203
553559
547415
552023
555033
543253
547531
545191
546313
549421
547306
550060
552916
553767
552951
534303
535628
526353
527169
533489
546179
543814
537494
536372
535521
537886
537478
539818
537064
558640
559130
563738
569882
568932
533382
537182
545022
546408
543835
546408
544872
542422
534582
528438
527052
505476
512586
508026
510906
512506
515362
514558
511165
508323
522087
508323
517123
514267
505467
506079
505875
509095
508159
509095
505975
509095
511951
508731
510061
507421
510061
507883
510061
502081
500959
519607
528882
527557
524449
525571
524671
521917
522733
527293
530047
530947
530335
529519
524959
525571
525127
522467
522512
500936
500891
500315
521891
522335
524995
525571
517731
515158
509014
507628
503020
495910
474334
481444
480954
488794
490180
492753
496349
499421
504029
504519
508319
504519
503397
484749
475474
501142
494822
513211
535891
557563
558499
560224
563296
569616
551227
551803
547525
546949
524269
523333
501661
499936
496864
490720
486442
484086
481590
478816
477220
471508
466900
463890
468498
474210
475806
487586
490082
493092
496164
500442
503216
530150
542918
538429
549899
550739
537971
550403
557595
555797
544327
540183
534303
536253
540279
542061
545493
547253
548873
541033
540543
536743
529633
528247
531001
528428
536408
533336
528728
525132
533112
530472
533112
531782
529604
531782
534878
534923
535331
544131
544947
549555
549666
552774
553350
553305
552729
552285
552861
550201
552861
553305
531729
531774
553350
571998
572043
571635
567027
567603
568047
568863
568287
568242
568131
559331
558515
567315
564207
564615
569223
578498
586142
587078
591638
588884
589735
592591
579901
586221
588586
586246
589000
601690
600839
597983
600323
597958
597142
590822
591638
587030
587606
568958
569774
569729
569285
568877
568061
586709
588469
593077
595933
596377
587577
587001
587046
586230
583476
586230
586842
582282
583182
587742
587130
587946
587046
589386
566706
564795
556955
554615
562455
585135
587046
589402
588586
589162
581182
578686
574078
572482
569472
550824
548184
546424
546469
542191
540013
544621
541847
541403
541358
541802
542618
550598
550022
538242
541016
546728
549800
546944
543872
546728
549224
544616
548894
551904
546192
547952
566600
571208
571616
574276
595852
595408
594964
590356
590311
587651
569003
567243
568059
565203
565248
567008
567584
546008
546119
546164
550772
551216
551171
550355
549779
550355
549779
552887
561617
564117
571957
585721
588836
600306
600351
603471
605091
583419
577099
576523
577099
574027
574963
578035
577099
577674
559285
565605
539937
561609
579998
578273
603941
626621
603941
604385
623033
623849
632649
632694
633270
631510
626902
626494
623386
622570
622459
621883
621838
626446
626854
623734
620619
616011
614751
612966
612781
587113
586297
586705
583609
583033
587641
589401
589446
611118
611694
614802
615618
615573
606773
602165
601349
600941
600497
600608
581960
569192
556760
529826
522634
511164
510324
507570
515550
507570
510324
513180
511420
511996
530644
535252
537012
537456
537048
536232
535656
532548
527940
528756
528711
528600
528645
531655
525943
522871
525645
517665
521943
526551
523541
531521
534017
531243
536955
532677
535749
538105
535749
533253
528645
507069
507024
506448
503788
503344
490844
502314
511281
523781
524957
526557
525276
524100
526980
524100
522500
511030
492382
491566
490990
493846
490990
490546
490501
492261
492705
495813
494053
489445
490261
490306
490882
495490
492634
495490
498370
496770
498370
495490
496390
495490
496306
495694
492940
495694
496306
495490
490930
495490
493125
492274
489520
486664
484324
483508
470818
464498
464453
462693
459837
459021
455913
451305
450729
450285
464327
465307
479071
482191
479071
470271
469335
468723
465503
465911
452147
453083
454843
455455
452599
455819
458269
459109
457324
456148
455230
454390
451270
442470
447006
424326
422376
431176
432352
434137
436087
438841
438351
441471
442451
441471
427429
441471
439851
437351
445191
442076
453546
439782
431052
444816
446436
438596
438551
439291
451791
440321
440366
443481
452211
453333
453777
450657
452257
453097
456107
459227
463925
464415
478457
477477
463435
464011
467083
489763
483443
485168
462488
488156
509828
510764
509828
528217
509828
516148
515573
514997
489329
467657
464585
467595
464585
469283
469727
448055
448795
470467
472067
472907
471307
466609
465487
464747
465869
465425
464585
461513
459017
456243
453887
449609
446599
441991
434011
428299
427809
413767
427809
428789
429769
415727
429769
428789
431799
431355
431799
430959
426261
425139
422129
423695
422955
421355
421540
423140
423980
425102
427856
435836
427856
425102
439144
440124
426082
425102
423502
420492
419370
424068
424512
422946
424068
427078
426634
426449
428049
428889
429629
428789
427973
432533
435287
430727
431627
432239
429485
428873
429689
428789
430795
431285
430305
416263
415819
412809
411687
411798
409792
405094
403494
404334
403844
404966
406566
405826
404986
407996
408736
413434
414414
428456
447104
448864
453472
456328
456373
456817
457393
458209
450369
448458
425778
423438
420318
429048
430668
443168
454638
462478
465598
468713
468758
468713
456213
463095
461475
452745
444905
441790
428026
416556
402514
403494
417536
416556
414956
415696
417296
418418
424298
428996
429440
426430
421732
421621
424631
423891
423051
421929
426537
429393
429348
428772
424164
442812
443628
424980
424536
423720
432520
429664
427904
428480
428924
428969
427989
413947
415953
416443
394771
395347
408037
389389
393997
394042
397435
394579
397435
392827
401627
420275
419699
418883
419327
419282
422138
421694
430494
431310
422510
420910
420466
414586
416186
413176
412436
407738
408182
409304
412314
417012
415890
416630
417470
415464
414974
393302
367634
361314
342925
341200
338128
315448
314872
313936
313120
313696
310840
310885
311701
320501
339149
330349
329773
334381
334336
315688
316132
318988
314380
313936
312814
309804
305106
304662
303922
302322
301482
292682
311330
311285
306677
306101
287453
286637
286193
289049
289625
290069
287213
288029
288074
289834
294442
295258
295870
298624
303184
298624
297808
298708
297808
295054
294442
292102
297814
296638
297814
296758
299098
302530
296818
297874
294442
291688
283708
291688
294442
303242
303818
308426
327074
327029
329885
329069
329513
329069
329114
329930
328170
327594
322986
304338
301482
302418
304014
306768
320532
321857
333327
336183
339063
340663
337783
336183
333327
342127
346735
345799
348907
341263
340687
336127
343771
353046
353454
344179
348739
349315
350131
350575
350530
349714
350650
350695
347839
339039
338595
333987
315339
312224
305342
292842
281372
273532
273487
271867
263137
260017
259573
250773
247665
243057
243012
242604
241788
241212
259860
261620
264476
269084
269900
270476
270521
270965
270389
270833
269073
250425
249981
252837
252021
251976
252792
248184
245328
245373
245949
247709
266357
270965
269205
272425
273037
272425
269205
269613
283377
292177
295297
294361
295297
294889
281125
278005
286972
268324
303874
325450
320842
317986
319372
328647
327831
327786
326026
329141
333419
337979
338719
338275
337699
340272
340459
345343
323767
328327
319052
314774
314034
315420
315605
351155
342188
346466
350062
346947
355914
357239
355853
351293
315743
318858
316104
315492
314592
313776
309216
312331
323801
325401
326523
329096
329947
330220
334780
370330
373445
382412
383798
409466
431042
440317
435757
435572
434186
429908
430648
421681
418085
414970
413645
378095
381215
406883
416969
418025
410045
407291
410045
418025
418876
415761
413188
404221
391721
388841
377371
375771
364301
363125
374595
372995
374117
375717
375990
375717
378832
377710
380283
379432
380757
380017
401593
427261
391711
392451
395566
394180
389620
380653
359077
368044
364929
366315
401865
406425
397150
371482
368909
370509
369658
372231
369116
357646
357373
368843
367721
370836
372747
373869
374720
373120
379264
382379
386939
387679
391275
365607
401157
402543
428211
437178
415602
380052
375492
374106
373366
370251
368926
370251
361284
363734
366230
366674
367850
375830
384630
385434
386010
389118
377648
375737
373164
374286
371171
370049
371649
383119
382268
383119
385692
388807
387207
389118
392233
396793
406068
407454
406068
427644
436611
437351
472901
469786
469046
467721
464125
428575
424015
415048
440716
415048
414197
415048
413448
410875
413990
412079
410957
399487
401398
398283
400856
402456
403578
415048
416434
442102
445217
466793
445217
409667
408927
405812
404426
408986
404426
395151
404426
439976
431009
405341
406081
407362
398562
411252
414645
423445
426301
413611
410218
407362
404247
406820
405220
406820
407671
409582
410704
413819
411246
422716
421594
420743
418832
407362
398087
394972
390412
368836
333286
332546
331265
329879
304211
305333
307244
309817
321287
324402
323280
324880
325731
314261
311146
309235
306662
305811
304211
296231
293477
295077
293477
290597
287741
290621
293477
291566
290715
288142
276672
275550
272435
270835
275533
278106
305040
307700
310580
323270
358820
360016
362656
364567
355767
353317
362117
364567
370447
372232
373408
371623
370447
373201
372361
395041
391921
389167
387217
389167
384631
387751
393895
397327
418999
427799
439579
434971
431851
430951
428378
426428
426188
423068
409304
408896
407960
399160
398548
395328
396048
399058
399502
435052
437002
448472
462236
460640
449170
457150
455825
458579
459904
460840
459904
457150
443386
445882
448724
453213
450763
451339
453250
455615
477191
477325
480079
483175
494955
495445
496381
495577
503417
505595
506171
505727
510287
513395
514571
523371
523482
515502
506702
506126
503630
500522
502118
500942
501793
505225
530893
552565
554185
572833
576781
581479
582221
583067
601715
604375
607015
625663
626643
628554
629130
640600
641656
650152
654712
645437
654712
655648
648004
643444
651088
650152
675820
677731
706675
709429
717409
719369
720269
729236
731196
750614
753470
761310
796860
799614
805758
818258
826754
833946
835068
838500
844380
850260
850704
853458
855078
864353
865523
866909
874553
878018
879978
880218
901890
902940
904326
907080
911028
909832
922264
943840
908290
912238
914149
921341
927101
925190
922550
923486
910796
907916
910556
946106
948986
961676
962872
953597
961241
970516
971686
968221
971686
970300
962656
964276
962656
964042
962872
982408
983794
985394
986330
988115
990889
995449
997049
1000024
1013788
1017588
1019208
1023816
1036506
1038186
1039572
1040958
1033314
1034934
1025659
1022194
1025659
1026829
1036104
1034718
1033098
1040742
1039572
1041912
1036200
1035144
1031712
1030536
1031712
1035144
1036200
1041912
1039572
1030772
1034165
1030772
1018082
1030772
1033628
1042428
1039572
1041354
1043136
1055636
1081304
1089800
1090922
1083278
1079813
1089088
1079813
1080983
1082603
1090247
1089077
1090463
1093928
1092542
1090922
1089322
1086466
1083586
1085951
1086755
1095555
1098987
1100898
1103394
1094594
1093658
1093082
1101062
1101998
1100822
1098326
1110106
1131778
1128682
1127086
1127662
1124554
1124443
1124309
1122398
1123574
1121209
1139857
1128077
1128521
1130971
1130481
1138125
1141557
1143381
1145001
1146326
1153970
1152800
1154186
1152566
1153736
1152350
1155815
1146540
1143075
1135431
1135565
1136687
1135565
1148065
1135565
1137689
1129849
1110431
1129849
1137689
1134935
1137689
1129193
1128023
1131488
1132874
1125230
1132874
1131549
1128084
1129254
1127868
1126248
1127573
1129193
1130243
1139518
1142528
1153998
1163273
1164077
1166704
1167454
1172062
1172913
1178673
1171481
1159049
1171481
1149905
1150841
1146893
1141133
1140197
1161773
1168965
1172913
1176713
1177157
1178939
1179515
1198933
1200055
1235605
1249647
1252143
1254897
1251432
1249812
1259087
1260257
1267901
1266576
1258932
1262397
1261227
1262613
1264233
1262847
1261023
1262847
1259415
1267059
1259415
1262847
1268991
1287639
1290614
1298594
1302394
1304014
1306129
1306980
1300836
1302006
1300386
1292742
1291572
1288107
1289493
1288107
1289727
1293192
1302467
1310111
1300836
1297404
1295784
1291758
1289808
1288026
1286266
1288762
1289578
1292798
1295640
1295685
1298800
1300560
1302285
1305165
1313005
1314127
1315303
1325389
1325677
1328687
1334399
1337519
1339643
1341425
1342361
1348505
1345040
1343420
1335776
1334606
1325331
1323945
1325001
1327574
1335554
1336044
1337955
1339215
1342057
1344397
1350109
1353229
1356109
1320559
1317919
1288975
1289248
1276558
1275658
1273698
1309248
1311159
1303179
1277511
1285491
1314435
1317075
1342743
1339863
1337952
1339912
1341108
1339912
1337158
1349848
1347937
1348837
1351591
1361677
1362733
1337065
1362733
1359613
1362733
1361677
1351591
1343947
1342123
1345555
1358323
1365967
1362535
1398085
1399996
1401256
1403596
1406350
1415150
1427918
1429868
1433816
1435496
1442688
1430188
1410770
1413544
1419304
1438722
1438962
1436838
1441374
1449870
1478814
1487310
1484556
1497056
1504896
1506018
1512338
1515092
1507252
1506130
1506574
1508398
1535332
1546802
1550022
1552864
1539100
1537775
1536839
1525369
1522615
1514635
1520395
1524343
1517151
1495575
1517151
1524343
1520395
1514635
1513699
1514635
1502203
1514635
1533283
1533727
1536583
1537399
1537444
1542052
1542628
1551428
1556252
1555448
1557898
1560652
1561228
1579876
1558204
1556293
1558789
1560700
1561876
1562320
1563256
1562080
1553280
1565060
1546412
1547216
1568792
1560812
1582484
1584434
1586394
1589826
1591022
1590446
1587996
1585500
1585056
1593036
1592100
1580320
1582685
1591485
1589120
1576352
1572920
1565276
1565852
1562996
1563812
1563236
1581884
1581839
1563191
1571991
1574847
1570239
1570683
1575291
1574475
1574520
1574076
1565276
1567936
1570792
1571542
1571782
1572762
1568154
1568970
1569546
1568730
1568685
1568241
1559441
1556585
1561193
1579841
1580285
1561637
1561061
1561106
1563962
1572762
1574673
1575249
1578105
1579041
1582051
1590851
1587841
1591061
1590125
1600211
1594067
1583981
1590125
1589003
1587243
1588365
1585145
1589634
1591999
1592287
1589431
1608079
1607263
1606819
1611427
1615987
1597339
1598155
1601011
1601455
1602271
1611071
1611647
1607039
1606994
1607039
1606463
1597663
1597219
1600061
1588591
1585749
1588969
1585749
1558815
1585749
1598517
1598961
1597137
1608607
1620077
1621757
1648691
1650311
1650422
1651238
1651283
1632635
1632590
1635446
1640054
1639610
1648410
1667058
1664202
1655402
1655978
1651370
1650794
1649978
1651889
1659869
1659581
1664465
1666190
1667366
1666550
1664825
1661983
1673763
1668051
1676851
1682563
1682851
1685693
1686509
1687085
1689035
1692150
1693935
1698819
1699395
1698579
1698624
1695768
1691160
1691976
1710624
1719424
1718848
1723456
1704808
1704763
1704652
1707508
1698708
1699152
1695759
1683069
1683477
1674677
1683477
1686870
1699560
1696704
1699458
1700358
1702931
1708643
1708883
1717683
1719468
1718272
1716361
1712413
1699981
1697341
1691581
1670005
1667125
1666189
1653499
1617949
1610757
1609941
1610757
1611333
1602533
1621181
1618325
1627125
1627170
1626594
1621986
1621542
1626150
1626594
1629450
1629405
1610757
1608003
1616499
1603999
1616499
1619253
1638671
1646511
1627093
1628215
1619719
1618597
1610757
1613253
1620445
1623301
1625261
1620701
1613057
1603782
1602846
1599726
1602480
1604430
1581750
1579800
1571000
1568550
1569726
1578526
1601206
1598452
1592572
1595692
1601572
1603357
1605807
1604631
1602846
1605600
1605840
1632774
1635414
1636134
1636980
1655369
1657049
1638401
1638356
1647156
1646340
1646916
1649772
1649817
1641017
1641461
1636853
1655501
1656317
1655741
1660349
1659905
1657049
1630115
1630559
1630115
1627273
1614505
1617725
1629195
1641963
1668897
1657427
1654207
1657049
1659803
1660619
1661195
1679843
1675235
1674791
1674215
1671359
1674215
1674659
1673843
1665043
1646395
1655195
1655240
1655195
1659803
1662557
1633613
1659281
1688225
1696205
1695932
1670264
1667510
1666610
1664650
1666610
1658630
1659530
1661441
1663061
1667621
1670375
1676519
1679739
1661091
1652291
1647683
1644827
1644782
1644338
1643762
1642946
1656710
1659416
1661781
1662585
1660135
1659331
1673095
1670730
1662750
1663194
1671994
1673954
1655306
1663286
1664462
1669346
1657566
1648766
1667414
1669325
1669901
1673016
1671840
1669344
1680814
1679878
1682374
1694154
1693710
1696825
1697995
1700875
1701811
1723483
1725933
1739697
1718025
1717449
1715538
1714687
1708543
1699743
1698621
1699743
1696733
1702877
1703813
1707033
1696947
1707033
1706097
1702877
1711677
1714687
1733335
1735015
1738963
1752727
1758607
1760389
1761193
1763558
1765343
1765955
1768451
1770362
1792034
1827584
1847002
1844342
1845084
1857774
1860784
1863124
1875892
1879285
1866517
1855047
1854603
1827669
1840437
1840881
1843723
1840503
1837661
1849131
1876065
1879285
1876789
1879285
1881245
1874053
1871197
1878389
1881245
1879285
1881235
1859659
1860505
1866217
1870915
1858415
1838997
1840119
1859537
1862291
1871021
1869899
1872559
1880399
1881245
1872749
1881245
1893745
1885905
1883151
1890991
1893331
1895242
1917922
1926652
1928437
1892887
1900867
1901683
1923355
1920513
1918788
1914090
1916932
1917674
1917386
1919111
1918295
1918583
1924295
1925345
1919633
1921415
1922315
1916171
1917221
1920614
1923734
1905086
1910846
1913688
1926456
1914986
1918206
1945140
1932372
1931928
1943398
1943842
1916908
1913688
1910846
1912042
1916602
1926688
1935184
1932611
1936559
1955977
1956697
1959451
1956595
1959091
1966283
1968243
1965747
1963787
1966643
1959451
1961901
1983573
1980819
1982601
1978801
1979971
1982631
1983531
1983975
2019525
2019813
2025957
2029177
2032187
2028967
2029903
2039989
2039053
2030253
2024109
2014023
2011013
2019813
2018691
2019813
2017473
2014041
2015097
2016273
2015217
2014041
2016381
2010669
2016381
2019813
2020793
2014649
2022489
2050671
2052291
2055301
2055745
2058499
2066995
2070067
2068107
2069043
2073927
2055279
2076951
2074501
2076101
2084901
2086812
2075032
2077397
2076953
2076017
2067217
2066641
2085289
2077309
2055637
2067417
2068593
2066097
2066673
2065497
2066301
2068751
2076731
2079227
2076862
2076058
2074147
2070927
2059457
2070927
2068085
2055317
2028383
2041151
2068085
2067641
2070483
2070927
2074147
2079907
2080627
2084020
2086360
2092240
2093920
2094208
2065264
2057284
2086228
2111896
2109142
2108242
2110153
2108193
2116173
2118133
2119033
2093365
2091454
2094208
2091454
2103954
2112450
2093032
2100872
2092376
2084536
2103954
2106708
2094208
2095330
2094208
2105988
2112132
2112420
2114145
2116987
2118769
2106079
2105671
2108527
2105134
2107249
2110642
2119442
2110642
2114035
2116877
2117681
2118497
2121203
2122399
2118967
2120752
2126896
2131780
2132020
2124828
2121972
2124828
2126788
2124292
2131484
2129524
2132020
2134774
2132992
2131392
2157060
2153112
2154168
2156533
2162293
2163109
2164834
2165890
2168770
2169892
2196826
2184058
2172588
2175808
2172588
2145654
2172588
2172144
2183614
2196382
2193540
2196382
2196826
2197642
2195917
2196461
2199215
2199503
2202345
2196633
2193791
2199503
2206695
2212839
2232375
2234100
2236011
2236751
2235935
2248625
2251379
2251091
2263523
2264273
2299823
2302679
2303495
2294695
2302535
2310375
2324417
2325593
2329541
2318071
2318359
2317423
2307337
2304117
2295317
2298537
2301547
2302483
2299473
2300595
2310681
2304537
2303415
2312215
2318359
2317303
2307217
2304097
2278429
2292193
2286049
2278857
2278115
2281235
2280745
2292215
2292965
2299285
2298163
2299219
2302099
2301043
2302165
2275231
2302165
2299285
2311975
2313151
2322426
2336190
2340888
2346768
2354608
2355350
2355926
2347946
2369618
2366776
2364652
2361677
2359181
2351989
2353787
2350931
2352891
2350931
2353427
2356283
2356043
2359163
2362595
2365349
2368123
2365369
2352869
2353609
2350855
2359351
2385019
2397519
2378101
2380466
2371970
2376578
2377700
2376578
2384418
2370376
2362536
2365196
2353726
2353282
2350062
2347220
2334452
2307518
2315358
2307518
2330198
2307518
2309429
2307518
2309858
2307518
2334452
2333396
2336276
2333396
2332274
2333396
2334452
2307518
2308454
2305958
2307154
2318934
2316484
2308504
2306593
2302033
2290253
2289677
2287312
2286736
2308408
2309530
2287858
2285002
2297770
2279122
2278678
2269878
2269074
2242140
2244051
2243115
2240105
2221457
2231543
2233908
2232732
2233344
2234160
2236914
2241474
2242374
2239878
2242758
2249078
2249690
2252055
2253837
2254579
2253457
2254843
2236195
2237795
2225105
2217265
2211385
2212561
2207863
2215703
2214527
2227217
2240981
2240239
2246119
2250817
2241542
2227778
2237053
2237795
2245439
2246179
2250739
2251999
2266041
2267991
2256211
2257267
2256211
2229277
2230399
2227519
2254453
2253331
2256211
2259604
2258800
2255407
2256211
2253369
2256211
2251722
2252334
2257032
2259482
2248012
2252038
2264806
2260858
2252878
2250918
2248164
2247264
2221596
2192652
2190741
2193961
2195083
2186283
2180139
2181075
2170989
2167979
2170989
2169867
2179953
2176733
2185533
2191677
2190741
2212413
2215053
2217933
2236322
2255740
2256796
2259161
2260337
2252357
2253107
2255963
2255723
2255963
2253303
2252553
2249697
2252357
2254317
2261509
2259711
2257215
2260071
2258111
2260607
2257751
2258873
2259929
2258807
2263296
2262240
2259360
2262240
2235306
2237756
2240598
2236798
2236510
2239006
2237281
2224513
2235983
2230271
2231087
2230271
2235983
2237708
2237753
2210819
2229467
2226625
2226913
2232793
2231617
2232793
2245483
2244741
2254016
2240252
2254016
2241326
2235446
2226171
2230869
2223029
2230869
2226171
2226913
2245561
2254361
2255177
2259785
2259830
2260274
2260850
2263706
2270898
2273652
2272266
2265946
2268286
2280066
2267566
2270320
2267546
2275386
2287886
2286764
2306182
2307304
2298808
2307304
2299464
2296710
2297154
2300010
2297154
2297109
2278461
2277885
2278461
2297109
2301717
2301762
2301318
2300502
2291702
2292518
2301318
2296710
2295534
2304334
2301580
2302756
2280076
2283196
2281411
2278961
2273081
2295761
2297546
2303426
2306180
2308630
2310580
2301780
2299830
2296710
2299464
2300364
2299752
2300568
2296008
2307478
2304724
2305336
2304520
2298760
2303320
2302420
2304380
2305436
2300947
2299891
2304380
2307260
2304380
2303258
2304380
2304824
2307680
2307635
2307191
2302583
2307191
2288543
2285687
2294487
2295063
2294247
2294292
2295108
2294532
2285732
2304380
2301500
2304073
2303257
2298373
2296462
2297632
2298208
2302816
2321464
2330264
2330840
2331284
2327891
2325776
2324960
2325005
2333805
2336661
2336217
2339073
2336217
2337033
2336988
2334132
2315484
2306684
2310077
2301277
2300701
2296093
2308783
2317279
2320394
2348576
2370152
2370728
2375336
2373716
2374766
2375702
2372948
2386712
2374022
2379902
2384600
2376760
2362996
2365111
2374386
2375128
2376304
2370424
2369248
2359973
2359231
2367071
2362373
2363429
2364551
2361671
2364551
2360062
2359006
2357884
2362373
2360413
2367605
2369565
2372421
2369565
2372061
2369565
2362373
2363113
2362669
2371469
2393141
2371469
2370893
2359113
2360163
2362803
2361867
2362275
2363091
2374871
2366071
2366116
2361508
2363873
2368433
2369629
2374189
2396869
2396824
2397400
2388125
2389061
2386696
2387140
2385229
2384053
2381197
2380381
2382292
2394792
2399400
2402515
2414295
2415111
2433759
2415111
2393535
2375146
2353474
2356354
2375772
2376948
2375772
2356354
2353474
2361454
2362624
2365284
2372928
2408478
2407218
2436162
2434542
2454078
2453022
2451240
2457384
2463264
2481653
2484663
2487417
2513085
2515263
2519211
2521851
2503203
2502759
2503575
2522223
2513423
2512607
2512562
2511986
2516594
2516186
2516231
2519087
2519531
2528331
2528907
2524299
2530443
2540529
2530443
2521643
2515499
2518719
2517783
2518905
2527705
2530715
2531651
2528641
2525421
2524299
2525150
2525726
2527508
2532392
2533514
2534710
2554128
2540364
2544924
2543802
2540922
2542044
2540988
2542044
2537555
2540435
2544924
2544348
2547204
2556004
2556049
2559157
2563765
2560909
2561353
2562169
2557561
2548761
2549337
2548521
2548077
2529429
2529384
2530580
2527738
2524345
2527005
2534985
2535529
2534725
2520961
2525569
2520745
2522923
2523903
2536593
2555241
2552487
2575167
2576363
2575463
2575223
2581103
2592573
2593629
2594073
2591217
2591793
2591349
2591394
2586786
2586210
2586165
2586981
2586165
2577365
2596013
2597773
2600629
2597521
2602129
2600014
2601190
2605888
2613728
2612552
2626316
2639006
2634308
2640188
2632348
2623073
2609309
2608567
2609309
2610634
2604754
2609314
2609926
2610742
2609842
2609026
2609926
2605366
2604754
2607508
2604754
2605804
2603050
2598561
2592681
2590731
2578231
2577055
2580170
2578220
2577098
2579954
2560536
2557782
2545092
2536596
2528756
2526416
2518576
2516665
2493985
2495585
2498441
2501321
2500877
2519525
2524133
2522373
2525229
2522373
2522817
2522001
2523761
2519153
2519729
2519153
2519198
2500550
2501366
2501321
2500265
2495776
2492896
2491774
2489596
2495308
2497881
2497437
2499615
2491635
2492805
2493621
2487909
2488197
2487381
2484539
2492519
2491799
2491511
2488871
2491713
2489988
2492628
2494353
2496849
2493993
2501185
2499225
2496729
2498689
2491497
2494353
2489745
2489700
2486844
2486028
2484268
2465620
2465044
2464600
2467480
2458984
2459596
2459730
2457090
2456546
2448566
2449110
2457090
2454430
2455626
2458286
2457090
2478666
2481420
2500838
2503592
2499032
2497121
2497166
2505662
2508782
2506028
2502596
2506396
2509276
2528694
2529870
2510452
2507572
2506396
2498556
2501129
2502251
2501509
2504624
2506535
2518005
2516829
2510949
2498259
2493561
2479797
2481397
2482248
2480923
2479873
2480995
2445445
2451765
2450715
2447941
2449222
2449962
2451138
2448798
2445366
2446422
2445246
2439534
2441874
2440818
2444250
2449962
2450096
2457206
2457782
2479358
2479403
2482063
2482507
2480907
2478996
2480596
2481447
2482569
2481447
2484020
2487135
2486284
2497754
2499665
2488195
2485080
2482507
2480722
2479102
2497491
2498342
2499672
2503620
2498736
2496096
2498274
2500914
2514956
2527646
2525468
2517488
2519168
2513024
2513960
2516970
2506884
2510104
2507094
2517180
2516244
2513024
2519168
2527968
2526846
2518046
2519168
2519712
2522372
2521176
2529156
2521176
2520632
2517972
2519168
2520104
2517444
2505664
2508029
2507093
2500949
2498107
2476435
2498107
2496196
2460646
2472426
2474766
2487534
2486784
2495280
2497191
2499556
2500492
2501308
2523988
2521623
2521011
2522922
2525676
2528791
2526880
2527492
2538962
2538062
2540635
2537881
2533321
2534443
2531328
2529728
2527155
2526339
2514869
2519429
2518307
2519158
2520758
2519907
2520807
2521623
2519663
2517167
2511455
2514161
2523128
2520272
2507504
2509464
2516656
2513224
2506032
2518464
2521320
2533752
2535012
2537508
2535548
2516130
2514219
2511104
2510253
2508653
2509504
2511104
2513677
2525147
2522574
2511104
2512226
2515341
2517252
2516130
2512182
2513907
2515867
2518207
2518819
2512939
2513515
2522315
2525387
2527960
2528200
2529820
2558764
2560444
2560888
2573388
2574128
2586628
2600392
2609122
2612242
2615357
2623197
2624817
2636287
2636332
2638992
2639568
2617992
2617416
2616972
2614312
2635888
2635933
2636377
2636332
2638992
2631012
2632208
2632752
2640732
2640188
2637528
2636332
2638992
2636814
2641422
2639802
2639514
2638184
2639084
2630588
2627948
2635928
2638106
2635928
2638568
2639112
2640168
2641019
2642619
2643741
2642141
2640230
2639379
2636806
2633691
2622221
2624794
2626705
2625583
2637053
2640168
2639112
2640288
2637534
2637978
2650478
2631060
2629674
2632554
2633130
2630250
2638230
2635890
2624110
2626864
2646282
2645106
2640222
2640035
2637462
2639062
2650532
2649410
2651983
2651132
2649221
2637751
2635178
2636029
2634429
2637544
2634429
2636340
2637462
2639187
2637462
2640304
2612122
2606410
2607226
2602342
2608054
2607766
2603206
2602390
2604150
2623686
2623974
2625699
2622857
2614057
2611201
2607808
2595118
2594218
2594794
2597674
2595892
2598532
2562982
2555142
2552569
2549996
2551907
2550785
2539315
2538464
2549934
2551056
2554171
2552260
2554833
2555684
2552569
2554169
2552569
2552025
2549365
2548169
2556149
2548169
2550829
2551373
2552569
2550073
2548113
2545257
2538065
2538110
2538065
2535405
2513829
2535405
2535849
2535405
2538065
2537489
2538065
2538677
2536037
2536853
2541413
2533433
2535611
2535035
2533310
2532698
2534648
2532470
2496920
2494166
2495342
2494526
2502506
2505260
2500700
2501600
2500700
2503340
2508224
2511444
2521530
2522466
2525476
2526598
2520454
2519518
2525662
2515576
2512356
2521156
2520034
2511234
2508224
2507373
2504258
2503136
2501536
2490066
2487493
2485582
2486302
2484622
2486222
2485242
2490126
2490414
2504178
2503374
2503986
2503244
2507044
2509798
2501302
2493462
2491347
2492607
2484767
2485343
2481911
2479031
2491531
2483691
2490573
2490528
2488908
2485793
2488908
2480178
2466414
2474254
2482984
2479864
2467364
2468984
2472104
2460634
2460679
2462973
2464573
2467453
2465853
2468709
2465829
2462973
2464169
2466829
2465633
2457653
2457109
2457653
2454993
2462973
2464933
2486605
2488783
2486998
2484633
2506209
2507145
2518925
2517989
2519165
2518925
2517014
2517590
2530280
2521480
2523845
2525756
2523391
2521480
2520904
2509124
2487452
2488502
2493110
2494286
2497166
2477748
2476572
2473692
2493110
2492666
2492621
2489961
2489385
2489430
2467854
2468430
2490006
2490450
2493110
2495770
2501482
2493502
2529052
2539138
2536498
2532698
2534648
2537768
2564702
2566662
2568387
2542719
2540541
2543613
2546367
2555334
2573723
2578331
2592373
2595348
2592574
2593960
2596410
2598195
2600560
2604025
2603283
2581611
2580561
2578601
2581821
2580625
2581821
2573841
2576501
2575957
2573297
2581277
2581821
2584941
2583030
2582184
2585159
2588039
2588890
2593498
2592652
2594612
2597727
2595021
2594577
2597237
2597849
2597237
2601797
2602613
2598053
2597153
2599907
2597153
2598053
2597237
2601797
2599043
2579507
2607689
2617775
2619395
2619155
2618304
2615329
2628097
2627251
2631811
2633771
2630651
2603717
2597837
2606333
2624722
2627942
2631335
2631623
2634119
2638817
2643515
2644059
2644503
2644548
2643972
2644548
2644104
2641444
2644104
2665680
2665635
2644059
2643243
2644629
2646579
2640867
2630781
2636493
2638404
2637348
2634128
2625328
2625040
2632684
2626540
2625604
2628446
2625436
2625724
2622882
2624607
2625423
2623698
2622576
2610076
2610121
2611741
2608621
2622385
2620765
2612035
2615150
2623880
2616040
2619160
2612278
2612233
2609939
2617779
2629249
2626134
2638634
2638190
2639090
2639936
2641536
2635216
2639016
2635901
2624431
2626771
2627491
2628337
2625677
2626873
2629533
2628337
2627793
2619813
2627793
2628337
2625764
2627444
2629064
2629804
2632876
2632636
2629564
2617064
2619637
2619193
2590249
2602749
2601069
2600329
2598709
2598949
2603773
2604217
2604083
2604217
2639767
2632657
2634442
2636892
2641428
2650228
2652982
2656102
2658052
2654932
2653147
2651197
2652037
2649587
2643707
2640953
2639777
2640953
2632153
2609473
2605447
2611591
2609680
2613112
2615023
2616079
2616925
2620521
2628165
2608747
2607571
2604691
2624109
2626989
2628165
2628981
2635301
2638157
2640911
2641762
2654452
2656792
2659157
2658917
2659667
2659907
2657051
2659711
2658961
2656301
2659157
2654459
2653739
2661719
2650249
2659049
2650553
2656433
2657609
2658329
2660694
2657684
2670374
2679174
2680296
2681276
2682326
2687024
2689389
2688945
2667369
2667324
2664664
2664088
2668972
2695906
2704706
2705606
2699846
2698724
2694164
2692564
2714236
2713385
2711603
2724035
2722085
2725478
2722085
2724581
2721361
2721073
2712577
2707879
2705383
2708603
2726992
2731690
2740186
2740474
2722085
2721541
2713561
2714105
2711445
2714105
2722085
2720889
2722085
2721149
2723514
2735294
2729582
2710934
2712845
2691173
2690237
2688452
2710124
2717964
2715304
2721448
2724913
2725849
2723095
2726215
2714435
2712524
2723994
2721629
2741165
2719493
2718593
2717777
2715023
2714411
2709851
2714459
2723259
2724075
2742723
2745579
2745624
2746200
2746644
2732602
2713066
2715244
2689576
2683864
2664446
2650404
2645844
2617662
2618832
2614224
2610792
2611368
2615976
2620674
2623039
2610349
2611471
2602671
2603721
2601356
2602336
2611136
2610086
2609106
2607984
2603286
2615976
2620584
2634626
2653015
2655769
2652794
2638752
2629785
2627031
2630006
2611617
2620584
2615976
2616792
2615976
2634624
2639232
2639277
2638833
2635977
2636553
2645353
2626705
2626660
2629516
2624908
2624332
2624776
2615976
2616696
2619036
2619324
2621284
2621828
2622632
2620850
2620805
2607041
2594541
2591421
2583581
2580466
2571736
2570116
2558646
2558202
2576850
2579706
2580150
2588950
2589526
2588950
2570302
2570257
2570302
2561502
2558646
2557830
2562438
2563254
2558646
2550666
2550122
2547462
2546266
2532502
2513084
2514866
2515766
2516342
2493662
2494382
2494248
2516928
2522808
2523528
2521617
2522061
2529901
2549319
2553927
2553972
2557092
2557908
2560918
2563798
2563753
2542081
2539741
2541526
2541970
2541394
2532594
2535450
2532594
2529714
2530290
2525682
2544330
2525682
2524866
2523690
2504272
2503828
2493742
2494918
2503718
2506214
2510912
2513036
2513324
2509931
2512558
2510062
2501566
2501278
2482889
2486109
2482889
2478191
2481584
2480604
2482969
2487667
2488717
2501407
2502529
2511329
2506631
2505509
2503144
2502094
2489404
2490384
2481584
2478704
2480304
2477448
2475848
2478728
2481584
2479859
2499395
2498579
2494043
2502023
2498908
2500693
2501539
2505135
2469585
2472035
2466323
2485859
2483017
2482441
2482153
2482393
2483209
2487817
2506465
2507041
2507485
2507893
2489245
2489200
2488624
2497424
2497469
2497025
2496209
2493353
2484553
2479945
2487925
2492485
2495705
2497665
2498469
2499189
2500089
2497233
2499598
2497233
2494479
2497335
2496519
2509209
2510060
2512400
2513216
2506896
2504556
2507310
2506459
2512779
2500089
2486325
2485479
2485191
2484903
2493633
2494375
2481685
2485117
2486842
2484502
2482552
2481810
2485030
2480332
2489062
2486220
2477420
2482028
2482472
2463824
2464640
2464196
2459588
2459633
2460209
2469009
2471865
2471820
2471004
2470596
2470020
2488668
2493228
2490218
2493333
2492613
2493057
2490201
2502891
2510731
2512117
2512405
2513601
2522401
2523217
2522773
2519917
2511117
2510137
2509015
2508439
2527087
2527132
2524767
2506119
2497319
2484629
2493429
2498037
2500893
2505591
2506641
2507085
2506269
2505219
2505174
2506296
2501598
2502174
2503154
2498546
2500911
2509711
2522401
2526961
2528921
2529821
2533041
2541021
2541741
2539781
2538977
2539781
2531801
2530901
2527681
2526961
2522401
2518453
2516542
2515346
2523186
2520071
2511271
2503431
2504151
2498391
2472723
2471673
2474333
2475233
2479841
2498489
2499065
2498489
2501345
2500529
2501345
2496737
2478089
2478533
2475677
2484477
2484432
2484477
2475677
2475233
2476289
2475113
2471681
2475113
2476289
2470577
2476289
2473949
2476289
2475233
2475777
2480475
2475777
2475233
2453561
2451611
2442644
2439529
2427029
2424402
2426975
2427875
2428625
2429795
2426363
2423736
2419038
2416914
2435303
2435591
2432198
2435591
2433095
2441591
2438371
2438083
2440579
2443799
2448497
2448452
2443844
2443268
2424620
2424176
2428784
2428829
2429273
2447921
2448497
2449313
2452169
2451353
2448497
2439697
2448497
2445277
2446177
2438197
2440562
2441282
2444502
2452482
2457042
2455082
2455216
2454412
2449852
2449132
2451092
2452877
2451977
2458297
2460637
2462548
2460183
2464743
2465547
2453767
2465547
2467887
2467083
2445411
2446257
2448963
2448027
2447127
2475309
2476059
2476875
2476059
2476799
2474888
2479586
2480708
2468018
2466896
2475696
2466896
2469261
2466896
2465846
2461148
2473838
2474888
2473908
2474888
2466088
2465512
2465467
2465023
2464207
2445559
2442703
2438095
2439271
2436391
2455809
2436391
2439271
2438095
2437355
2449855
2449615
2450355
2451975
2450295
2437795
2466739
2461915
2464488
2464728
2463108
2460535
2460091
2457019
2458699
2461771
2462215
2463337
2472067
2479907
2488637
2492102
2489348
2487962
2490716
2492336
2490554
2486754
2487810
2493570
2490560
2493675
2482205
2485801
2482826
2480072
2466030
2469005
2477972
2480726
2462337
2457729
2448762
2467151
2471759
2485801
2487761
2488661
2486701
2486567
2489787
2497767
2496867
2501475
2500305
2500439
2492459
2489239
2484679
2486590
2491150
2490430
2485822
2489042
2469506
2467826
2469002
2472802
2500984
2501704
2523280
2526352
2528848
2527066
2528452
2526087
2523591
2520837
2514517
2533935
2532675
2533725
2527581
2522973
2524593
2523613
2527078
2518348
2517226
2526026
2513336
2514316
2511951
2516649
2517699
2520064
2515366
2516488
2515508
2506708
2505658
2518348
2515983
2517768
2515983
2513618
2519938
2519087
2521841
2534531
2532191
2534556
2533740
2536080
2536896
2539261
2542117
2542968
2536648
2533792
2521102
2518348
2510368
2497600
2496000
2493635
2482165
2479045
2476705
2473312
2471692
2469196
2450807
2447587
2447299
2443906
2439208
2430712
2431432
2428212
2436192
2439412
2438692
2439496
2440396
2444956
2440396
2432416
2434376
2432416
2431516
2431382
2395832
2395698
2395832
2431382
2432102
2450750
2451730
2453116
2454841
2460601
2463355
2461675
2462491
2461645
2442997
2442247
2446273
2418091
2414143
2414989
2393317
2392741
2373323
2374073
2373257
2370551
2365853
2365808
2365232
2356736
2355885
2343195
2340830
2345528
2358218
2357168
2344478
2345458
2344478
2335678
2344478
2343356
2344406
2346771
2347893
2343195
2342295
2350275
2353495
2354299
2349739
2354299
2346319
2345599
2342379
2343279
2342475
2340515
2341235
2343195
2342455
2342215
2339100
2338360
2340145
2337780
2335995
2338360
2337184
2340064
2359482
2356602
2357778
2338360
2352402
2353382
2353094
2331422
2325542
2339584
2340564
2326522
2325542
2326346
2323126
2327686
2319706
2321666
2322386
2325606
2324802
2320242
2328222
2329122
2327162
2326262
2325542
2325408
2323623
2322643
2320003
2318807
2306117
2310815
2319615
2318565
2316200
2311502
2310522
2311572
2324262
2323140
2324262
2311572
2302772
2303752
2306117
2303261
2306141
2303261
2304861
2307717
2306117
2307097
2293055
2307097
2306117
2303045
2301875
2301029
2300279
2277599
2273573
2260883
2258543
2257727
2251847
2230175
2229599
2220324
2219344
2220324
2234366
2220324
2217104
2218004
2210024
2205464
2203504
2202784
2205149
2204249
2203445
2206665
2211225
2219205
2220990
2218625
2218759
2220719
2221439
2219654
2218484
2213600
2211640
2185972
2184292
2181172
2178418
2164654
2167408
2180098
2180914
2183254
2180398
2174078
2174929
2162239
2159874
2166194
2168559
2167743
2170599
2167845
2165505
2164654
2150612
2144852
2163241
2166216
2180258
2181983
2200631
2201351
2198376
2212418
2215172
2206205
2207486
2193444
2190690
2196450
2197836
2179447
2180427
2185035
2186015
2183261
2164613
2163893
2162913
2161527
2156919
2155939
2158693
2156968
2155792
2150908
2147788
2144668
2142172
2139599
2139311
2136557
2134192
2135172
2139870
2138748
2129948
2117258
2119623
2120673
2133363
2132313
2133435
2128737
2137537
2136557
2122515
2121535
2135577
2136557
2137101
2132403
2137101
2136557
2129365
2126705
2117905
2117461
2116265
2115525
2114403
2106423
2105703
2108923
2108023
2104803
2105607
2110167
2111067
2109107
2109827
2105267
2105133
2107093
2115073
2114093
2100051
2101031
2115073
2109313
2108137
2106177
2086759
2083879
2084859
2083879
2069837
2083879
2086244
2083879
2085664
2083879
2081125
2080837
2078472
2076022
2076466
2088966
2087346
2089919
2090159
2089419
2087739
2085166
2085906
2090730
2087658
2090730
2090286
2091966
2091726
2079226
2080846
2051902
2049942
2048892
2049942
2045382
2050080
2051202
2048837
2040037
2052727
2051747
2060547
2055849
2047869
2035179
2034375
2033253
2030033
2029313
2028413
2030778
2031758
2017716
2016736
2030778
2031758
2032334
2032379
2041179
2045787
2046231
2047047
2065695
2068551
2067355
2064695
2063075
2060735
2053543
2040775
2030689
2032471
2035225
2035270
2035814
2036630
2037350
2056768
2057818
2059438
2058458
2059438
2045396
2059438
2068238
2070188
2092868
2095622
2094446
2092661
2088125
2087285
2084835
2076035
2078485
2076535
2079655
2085535
2087320
2084200
2085376
2082622
2082577
2087185
2086741
2085545
2085989
2085413
2086229
2087989
2106637
2107213
2088565
2087509
2065933
2068789
2064181
2064226
2055426
2054610
2051754
2050774
2036732
2032124
2003180
2002200
2003586
2012386
1993738
1994554
1993168
1991408
1988552
1983944
1983899
1984343
1978583
1975829
1976809
1976365
1995013
1995058
1994338
2012986
2012170
2017930
2019655
2020231
2018506
2017930
2018650
2023258
2004610
2007364
2010220
2007855
2006733
1997933
1985243
1984193
1979495
1978515
1980300
1977935
1980300
1978515
1977699
1977087
1973139
1972563
1970883
1959103
1957717
1956901
1948921
1946065
1943569
1934769
1934724
1937580
1918932
1918977
1923585
1932385
1929529
1929085
1924477
1925293
1925869
1925293
1943941
1943125
1943569
1941204
1938450
1932130
1934884
1922194
1924559
1925375
1938065
1940405
1939589
1942445
1941594
1938738
1945058
1945909
1943569
1940929
1940209
1938484
1937548
1940404
1937548
1938124
1937548
1942156
1950956
1942156
1960804
1956196
1956151
1956196
1957012
1957456
1956640
1956196
1937548
1934692
1932032
1931792
1931042
1929257
1927475
1925795
1924195
1923145
1921975
1896307
1892359
1910748
1912508
1907900
1926548
1917748
1917172
1917127
1920102
1919658
1924266
1923450
1920696
1921272
1921317
1920036
1905994
1914961
1919569
1916594
1917410
1899021
1913063
1913507
1916363
1919117
1916261
1897613
1893005
1890251
1888991
1884383
1879775
1877990
1875625
1877990
1879775
1879820
1876964
1876520
1875704
1911254
1909494
1908918
1890270
1891074
1892834
1888226
1852676
1852631
1853207
1853651
1872299
1873115
1877723
1877589
1880445
1877785
1877241
1870921
1868743
1868698
1869274
1870090
1871850
1871406
1869646
1869070
1869514
1868698
1864090
1845442
1864090
1868698
1871554
1871599
1868743
1866958
1858158
1853598
1850938
1848082
1846482
1843602
1842882
1824234
1833034
1833478
1831753
1828897
1824289
1823473
1842121
1842076
1846684
1846240
1847056
1846076
1840316
1838556
1835802
1834416
1834992
1834416
1837272
1837317
1818669
1815554
1809674
1788098
1784978
1782098
1774258
1770865
1758433
1760798
1760753
1756145
1755329
1757114
1754749
1752964
1744164
1743588
1724940
1724496
1721640
1718420
1716660
1715060
1714209
1706229
1687840
1686160
1683150
1682400
1681014
1680438
1679502
1673358
1670604
1668822
1656390
1655268
1651672
1646974
1651672
1652216
1651672
1650856
1650005
1637315
1634975
1628655
1625799
1623434
1620680
1621224
1619604
1620420
1623174
1622630
1622585
1642003
1639249
1640869
1642651
1623233
1622183
1622228
1622948
1622132
1621412
1619630
1620680
1619780
1597100
1588370
1587758
1584878
1584158
1580210
1579088
1566320
1565144
1560260
1556828
1562540
1561484
1564916
1567256
1568312
1567136
1564796
1559084
1560260
1578908
1580030
1589305
1588135
1585562
1584986
1578842
1575727
1561963
1560913
1556305
1550161
1542517
1542277
1543957
1542277
1541833
1554333
1549509
1578453
1578693
1581765
1584338
1585958
1573458
1574198
1571126
1569506
1566933
1566193
1566637
1564852
1562487
1581135
1571860
1569682
1566928
1565203
1564081
1560861
1561983
1571258
1552610
1551759
1543779
1541329
1542451
1561099
1570374
1561099
1542451
1541329
1522940
1508898
1504290
1507265
1510019
1501052
1498298
1516687
1513712
1527754
1536721
1541329
1539369
1538825
1537629
1525197
1522857
1522413
1503765
1502643
1503765
1513040
1503765
1522413
1521357
1518907
1515514
1514318
1513058
1505218
1493438
1489638
1479552
1478832
1475032
1471600
1490248
1480973
1482095
1480973
1490248
1471600
1469640
1442706
1431236
1432358
1423083
1404435
1413710
1412588
1431236
1409564
1408760
1406800
1404160
1401406
1400146
1391346
1390606
1387946
1382066
1363418
1364540
1373815
1364540
1363418
1344770
1363418
1365329
1368209
1380899
1383539
1419089
1420285
1419235
1418691
1419507
1416753
1419507
1418691
1416909
1415289
1416339
1416883
1416928
1416208
1416928
1415806
1435224
1434174
1414756
1396108
1397728
1388453
1387909
1387864
1389646
1387196
1386446
1374666
1368522
1365768
1362648
1360698
1386366
1395333
1398448
1399188
1408463
1409849
1414409
1435985
1443095
1440730
1438948
1431756
1430706
1429860
1422216
1421316
1420260
1407760
1400116
1398166
1397554
1396750
1395946
1360396
1361200
1396750
1396174
1395434
1383964
1372494
1369274
1360474
1357009
1356397
1360957
1369924
1405474
1427050
1428436
1425321
1416354
1407079
1410194
1410934
1385266
1410934
1389358
1398633
1394073
1392687
1385577
1384837
1384293
1384837
1380139
1384837
1366448
1363473
1354506
1340464
1335856
1333102
1329637
1326041
1323161
1322421
1319761
1318375
1309408
1306293
1307679
1306939
1316214
1341882
1346442
1324866
1346442
1320774
1285224
1283838
1274563
1277678
1273118
1308668
1309408
1318375
1318087
1317511
1346455
1343383
1346455
1346695
1348375
1348135
1345562
1346006
1347626
1346006
1348579
1346899
1334399
1335139
1306195
1305751
1305011
1317511
1316769
1313549
1304819
1300259
1274591
1253015
1249900
1258867
1254307
1245340
1280890
1282276
1273001
1282276
1307944
1308684
1273134
1276249
1274863
1279423
1283019
1282279
1283665
1286115
1289915
1294523
1300667
1336217
1344057
1365633
1368206
1368161
1367315
1366499
1364714
1329164
1328424
1350000
1385550
1411218
1375668
1374282
1375668
1380228
1383343
1374376
1370780
1345112
1345852
1355127
1350567
1351848
1348733
1339458
1352226
1359870
1363302
1361577
1359977
1358066
1349099
1348119
1347831
1350946
1353519
1364989
1365840
1367751
1368873
1370473
1347793
1353673
1356793
1357969
1360419
1362369
1365123
1366883
1361003
1358553
1355799
1346999
1369679
1366559
1364774
1362824
1361648
1363433
1364173
1359613
1338037
1328762
1303094
1338644
1340030
1338749
1360325
1363440
1327890
1332450
1358118
1355003
1354263
1352877
1362152
1371119
1366511
1364891
1362526
1357966
1353406
1349974
1372654
1374565
1382405
1384745
1380945
1345395
1348275
1360965
1364765
1367338
1366142
1372286
1374197
1371747
1369836
1372476
1373672
1367528
1331978
1327370
1324730
1327180
1305604
1297764
1295191
1303031
1304417
1291727
1327277
1348853
1347467
1344587
1349195
1384745
1383145
1386260
1387860
1385949
1382834
1380261
1391731
1392853
1393704
1395615
1398188
1386718
1385596
1384745
1372055
1370095
1351706
1348634
1329986
1318206
1319592
1318206
1309239
1287663
1292223
1266555
1231005
1266555
1263440
1289108
1298383
1297643
1319219
1322334
1313059
1313799
1322766
1318206
1316246
1311686
1311074
1307609
1293567
1292847
1273311
1246377
1218195
1196619
1204263
1217031
1220463
1207695
1204263
1196619
1195497
1192924
1194835
1196435
1199008
1197408
1185938
1187060
1190175
1201645
1199734
1196619
1197470
1196619
1196574
1195854
1195038
1193988
1195038
1193418
1196172
1196716
1193962
1195744
1193962
1194682
1194138
1194183
1174765
1176385
1177201
1196619
1218195
1210355
1204211
1206784
1242334
1240948
1231981
1196431
1195045
1196431
1193316
1197116
1171448
1179288
1178548
1176098
1173525
1137975
1140425
1136625
1132017
1138161
1133601
1124326
1128934
1107358
1085782
1085206
1082633
1047083
1044108
1032638
1034549
1032638
1031516
1032367
1029794
1030916
1030065
1041535
1044650
1046250
1043135
1041535
1044108
1043496
1042326
1041426
1035666
1034815
1031700
1030950
1028377
1016907
1018818
1017696
1017120
1028590
1026679
1024106
1022506
1023628
1026201
1027801
1028652
1031767
1025623
1033463
1030890
1034690
1026850
1025464
1031608
1036216
1014640
1012190
1007582
1014692
1016078
980528
983101
1004677
1000877
1003327
999895
1007539
1010971
1023739
1010971
1003327
1000987
982598
981548
983459
980886
983459
982608
984208
982608
971138
971989
983459
984581
982670
981548
984663
981548
979208
977248
976402
971794
970513
965953
965053
956557
992107
984997
991141
987341
984768
980160
978774
981347
959771
953627
951177
954977
976553
979003
971163
979003
983611
984997
987570
990685
979215
977615
976764
973649
972527
969954
970805
972405
983875
984997
986908
984997
982632
979622
971978
936428
931544
926846
926302
926846
931544
918776
915344
907700
878756
878036
876980
869000
866427
864516
863394
862543
851073
847958
846358
844573
841819
829387
828487
825847
823397
858947
837371
824681
827131
828327
830900
866450
830900
843590
838982
841862
849702
847062
839222
843022
839222
860798
859602
857691
860331
866475
863595
828045
829956
834564
831991
830605
824461
825847
823274
822534
820914
820674
833174
834794
831722
834295
821795
850739
851183
822239
822479
822035
822775
825847
824167
825847
817351
814986
811186
829834
829879
838679
841535
842111
842555
843371
847979
842267
847979
849035
847979
846803
850235
846803
847979
850319
847979
847175
811625
805305
804249
801134
798428
797612
793004
792560
793004
811652
820452
821028
812228
815084
819692
819737
816881
816305
797657
798473
798428
806268
808718
844268
848068
850641
829065
824457
821884
823270
817126
838702
843310
849454
813904
810104
802264
799814
798428
795572
791976
783480
763944
750180
737490
735540
716122
710410
707290
710755
712375
713761
721405
730680
731850
731274
712626
708018
707973
726621
727437
729197
728753
719953
717097
717541
722149
722194
725050
725626
724810
726430
726385
724765
723949
723405
720651
701233
701953
704707
706489
707305
726723
726768
727312
726592
725542
726592
724810
705392
695306
697484
705464
708104
717379
725023
723637
720172
721792
722962
715318
713698
715084
705809
704639
708104
689456
689411
684803
684359
683783
682967
691767
691812
696420
697236
694380
694956
713604
711844
712288
715144
715099
713188
712066
710341
707587
684907
682996
684907
692747
690407
682567
705247
707587
705014
712854
717462
681912
717462
718848
697272
718848
711008
709622
712072
707464
703664
701214
695070
701214
705014
707587
705967
709432
711052
720327
727971
729141
730527
727062
717787
716617
715231
707587
708031
708076
708892
708847
708403
689755
698555
693947
694523
691667
691091
690275
693131
711779
716387
707587
698857
686357
685181
676381
657733
657778
657733
654877
655453
658309
676957
676141
684941
689549
690365
685757
685181
684737
685181
686351
678707
677537
676361
667086
674730
678195
676809
675189
676809
678195
687470
684005
681555
678982
657406
656020
649876
645268
641468
633628
598078
585310
585265
585841
586285
585841
588697
580857
589657
590473
581673
600321
597465
596649
596073
600681
582033
582078
577470
569490
566850
569490
571668
569490
577470
569826
568440
559165
568440
570060
571230
569610
573075
569610
570996
578640
577470
603138
605634
611346
614356
622336
626944
646362
658142
664286
655486
674134
674950
674374
677230
672622
677230
676786
676741
676786
685586
686030
685214
666566
667142
664286
667296
668036
668480
669602
675482
677082
681780
672505
681780
680610
684075
685461
683841
685011
692655
689190
681546
680160
681780
679415
677465
675287
675731
694379
694334
703134
700278
699702
690902
690458
685850
690458
693314
694130
694706
693890
693935
675287
673376
670736
635186
632306
619616
618420
621430
622170
623770
622170
622614
621874
622996
617116
614106
618804
617682
612984
618864
618420
617034
626309
617034
615864
614244
621888
614244
617709
619095
615630
616800
618420
617700
616854
615072
613347
608739
607923
599123
580475
580031
579455
576599
576554
575168
565893
565153
564709
566329
558685
557085
554205
557215
557955
554945
564220
565820
559940
567584
566414
566858
568028
566408
569873
565175
571055
575753
577139
576017
572552
550976
550160
545276
546398
543758
546398
548576
546398
554378
546398
551096
547976
547532
548076
547356
546812
542114
540944
533300
524025
522405
521019
517554
522114
521670
515790
516234
517834
522532
521410
524420
519722
520462
518862
515852
515112
520992
522114
517506
520516
539934
520516
546184
540472
537462
543174
545670
533890
533314
527434
501766
493786
499930
504538
512518
506374
518154
515658
512648
513388
507508
513388
512944
511822
516520
518120
519242
522252
522696
517998
517258
515658
517278
509438
510488
529906
529090
529906
530450
530405
531125
531170
532952
535706
531098
528344
527800
508382
506600
504980
503930
503210
474266
461766
460086
459846
456774
456330
455590
453017
451397
453893
461873
480521
482971
491771
492575
493751
494327
494771
497651
524585
525707
526763
524009
515279
514379
516557
513917
521897
524537
516557
514379
519077
516067
510187
509447
509891
508769
508325
506725
508325
511335
512457
507759
508499
514379
511719
503879
503159
502583
483047
484647
486987
492867
492423
497121
499875
502581
501459
498449
512491
513613
515978
516422
510542
511086
514096
513356
511756
507058
507798
479616
480738
507672
506616
505494
508374
481440
478560
479616
482626
480130
454462
466242
491910
472492
478636
484348
486844
491452
483472
477760
473152
470142
489560
497540
485760
479616
478876
477754
476154
473144
467264
462566
462122
463907
472707
495387
498507
495387
493437
492261
469581
467131
461251
462427
464877
466827
465067
463282
460528
466408
469162
460362
457290
455112
447132
449310
451950
459930
457290
434610
426770
424859
422519
423641
420761
447695
448751
447629
446573
449453
422519
420899
398219
396308
394688
391573
399553
402307
382771
382327
382087
381031
354097
355219
382153
381031
378151
381031
382087
388231
393943
396439
390295
387285
361617
387285
375505
380113
377617
373009
353591
365371
359659
367639
359659
362669
382087
379447
371467
369289
365824
367000
358200
360696
368676
367500
366924
364474
383122
380626
389426
388982
391432
383452
364804
365608
364804
365248
365824
362944
364000
365122
364066
362944
389878
392758
365824
367606
368422
369142
368598
369648
371268
390686
389066
386312
385262
388016
368598
369142
367360
366544
366589
366544
365824
363070
365410
367775
365435
364891
362526
365232
351190
351734
354488
368530
365824
360940
359770
359226
354528
357168
361116
390060
388864
387808
384928
386050
387106
360172
363052
361930
388864
377084
371372
368362
365656
371368
366760
378540
381550
379054
353386
345406
350014
348838
351334
370752
378732
372588
370803
368463
374607
355189
380857
379801
380857
377977
351043
353923
380857
379735
380857
383611
375631
372877
380857
378517
376067
373727
372671
366959
372671
371495
372671
375011
371579
375011
376067
372947
366803
362243
359747
358361
355481
358361
359483
386417
387473
386417
359483
358361
370141
362161
387829
395809
398819
379401
385545
380937
385545
382535
380039
373895
368183
373895
393313
395809
370141
358361
366341
347693
346889
345713
345269
363917
363341
365837
363387
360891
361335
353355
355805
364605
355805
356381
357557
358361
372403
374768
372403
370063
372403
369649
366943
352901
355607
358361
357817
358361
331427
328547
327425
326369
329009
332957
330317
326369
355313
326369
324458
323072
318512
310672
311488
308734
309454
312208
311664
310044
311664
331082
332132
332676
331956
331911
330861
311443
313225
312409
310627
310672
311414
317294
318464
330244
352924
356020
374668
375844
383824
381070
383824
375844
350176
338396
332252
334748
337758
318340
315330
327110
331718
326006
321398
329378
335522
361190
366902
386320
383824
375844
367114
368284
365169
362159
366767
347349
344853
347863
343255
337111
356529
350817
342837
345333
371001
376713
364933
339265
347245
353389
365169
362463
365169
367923
370263
384305
381551
381007
383372
383916
369874
367534
365169
367809
363861
392805
363861
361221
365169
365613
346965
354945
357441
354945
354369
355545
355101
363901
364705
355905
354729
346749
349199
346749
345945
364593
365169
363993
382641
381471
403143
404313
426993
404313
398433
399609
398867
380219
368439
374319
371223
383003
383745
375765
378519
375765
383745
386499
388119
387575
386525
367107
367062
365280
364464
365280
384698
386480
387200
388250
388295
388839
388119
385365
383745
378033
375023
372527
364547
358403
353795
328127
316347
296929
297745
306545
325193
328049
328493
333101
333677
333722
334892
333722
336842
335057
337811
331931
329177
351857
349907
346787
324107
326057
328507
319707
321492
327372
324922
323746
332546
333722
334538
329930
332786
329930
329354
348002
348446
348491
357291
361899
362475
362430
343782
343338
334538
333722
329114
329159
320359
324967
324922
325366
328222
337022
336206
335762
335186
335762
317114
317930
315074
333722
329114
347762
347807
348623
349067
353675
355435
358291
349491
348915
349491
346635
346590
345774
327126
326682
327226
329980
327226
329591
325031
322691
320326
317620
317076
331118
333824
336164
322122
343698
344274
345450
322770
323940
322770
345450
345495
344319
347415
328767
328025
346673
347415
335635
336079
341959
336079
314407
317067
328847
328403
347051
349907
350483
355091
354275
351419
360219
359643
355035
354990
355035
353275
334627
335443
335887
306943
302995
306943
304303
333247
335887
338743
335887
335311
336127
335311
326511
321903
303255
302811
302766
303210
321858
330658
335266
335842
335887
343867
335887
333133
335887
336691
335515
334939
335383
354031
353587
351091
359071
361567
352767
353943
362743
354763
336115
335311
335887
333437
335887
335443
338299
335443
335398
316750
307950
307374
302766
303582
303627
302811
307419
326067
334867
335443
335887
345162
346284
364932
364977
373777
374221
392869
384069
383253
382809
364161
361305
362121
357513
360369
360945
360900
360324
364932
370692
392268
396216
408648
415840
416776
417946
416776
417220
417265
414605
414560
415136
414560
418156
396580
396136
398796
398841
398265
389465
370817
370373
370949
371393
366785
365969
384617
381761
381716
384572
393372
397980
398796
389521
390643
389521
398796
380148
398796
380148
375540
372684
372639
372063
363263
362447
362003
360221
359501
340083
337329
336785
335165
334115
334070
333254
314606
333254
323979
333254
332132
333254
314606
313484
304209
305331
314606
333254
329822
328766
331106
325394
324218
327650
328826
326486
332198
333254
332084
326204
325462
325417
324973
336753
337197
339857
336261
335085
316437
339117
339162
340338
339762
317082
335730
336900
358572
364452
365194
353414
350754
347658
348234
369810
372150
369396
369940
383982
369940
372646
369940
369396
367031
369396
372150
369810
368688
397632
406907
397632
400272
404220
385572
404220
400272
397632
398754
369810
361830
359076
340428
318852
337500
331740
330804
321529
322651
329843
317411
338987
339923
349198
345250
338058
336936
342696
355128
359076
360246
359076
359364
362374
365014
373814
379526
380102
392602
373954
375130
367150
367954
386602
377802
375352
377848
376726
377170
385970
383474
364826
364250
373525
392173
394623
395745
395301
386026
385222
385798
384622
392602
392158
392602
392557
391981
394641
416217
416793
416838
414178
392602
412020
413196
416076
414954
396306
387031
399531
407511
409876
413341
415252
417430
420823
421627
424469
446045
457825
460485
438909
440079
439635
417963
418539
399891
399936
399360
399315
400491
394611
395353
395797
384017
389897
388727
386067
363387
382035
380859
383955
383213
405893
401945
423521
422585
415393
409633
388057
400489
401425
388993
392941
398701
405893
403139
417181
417725
403683
406023
408729
411483
410939
408599
405893
403528
405893
401945
404585
408533
405893
434837
405893
418393
432157
440887
444007
455477
458592
458637
466477
468097
469267
468097
466921
486339
483459
464041
465217
468097
446521
446476
446032
445456
442796
441992
441416
438966
430986
430542
429366
426870
418070
399422
398486
394538
387346
381586
360010
347578
366226
347578
348320
347144
345974
340094
339352
351132
339352
340528
317848
340528
346408
347578
350674
347578
375760
377380
379162
387962
389912
393344
396186
399579
396737
395933
396737
393344
384614
384569
373099
384569
370805
362965
366085
367705
375545
372430
359930
358310
361425
361470
358350
367080
380844
393344
389879
387968
389879
377379
379557
392057
389692
397672
395494
387514
390979
393344
394195
396768
398368
409838
410960
414075
415986
417771
414651
411897
406017
407193
406017
404232
381552
379102
381552
390352
393472
391522
393472
399352
402106
393306
415986
418326
398908
401788
398908
396543
382501
380161
377407
396825
399531
413573
415938
413232
415986
415442
414266
415442
415986
387042
383094
385734
414678
418626
415986
417156
415986
417586
415675
414553
413702
425172
428287
430860
431711
428596
426996
424423
426334
427456
415986
417586
415013
416135
415284
412169
400699
399577
397977
398828
401401
404516
415986
417897
415986
404516
406427
407549
406427
404516
407089
406238
403123
400550
401401
412871
411271
414386
415986
412871
411271
422741
425856
427456
429367
431940
430029
430880
432002
430880
428307
427456
415986
414810
414068
414810
437490
449270
470942
472112
470942
467846
445166
426518
445166
446342
434562
428682
434562
420798
422418
413688
426188
426233
423118
434588
423118
423073
431803
423963
427078
440842
437722
436102
439222
447062
434562
433386
436266
433386
434562
415144
434562
435413
436535
434624
433502
436075
447545
449145
447545
444430
447545
446694
435224
432651
434562
435732
458412
464556
466176
467027
478497
481612
483523
486096
484496
481381
480259
481381
478808
476897
478497
477646
466176
465372
462530
459137
457967
459137
463085
477127
474487
472122
471578
474332
476972
479312
450368
447662
445322
447687
433645
430891
431435
427487
456431
459137
457537
456415
453842
442372
441521
439610
436495
433030
435395
437306
434941
422441
425906
433886
431975
429797
421817
434317
436495
437551
436375
430663
434095
430663
429607
427267
432979
434155
436495
455143
455587
458443
467243
467819
467864
472472
473288
460788
457668
446198
437468
437423
435803
432688
424848
411084
419884
415276
415852
415807
434455
425655
430263
430707
429891
429315
430131
430176
433032
430176
411528
411084
413964
412788
432206
433382
413964
411084
411826
390154
412834
411664
430312
429136
410488
398708
392828
393998
395174
394432
400312
421984
399304
411084
406476
405900
424548
423732
424308
427164
427608
436408
417760
408960
406104
410712
410757
410712
411528
411084
429732
432588
431772
432216
423416
423461
432261
432837
432792
432348
433164
432588
429732
425124
429732
411084
418728
420688
421858
420688
420112
420556
439204
448004
452612
455468
454652
454607
454652
445852
445408
440800
422152
419296
420112
420688
422866
425506
433486
430846
431422
436030
435214
434638
430030
430474
430030
421230
417282
418098
420954
420999
439647
436791
418143
389199
390959
390914
388549
374507
373963
371257
368503
366163
368803
371813
369173
366163
378663
384375
378663
378375
378951
381807
384687
384111
392911
393199
380699
382299
373499
374315
372555
369699
378499
378454
383062
382618
401266
400690
403546
403990
404566
404611
400003
399187
380539
380983
381028
380212
398860
403468
384820
385636
394436
393860
396716
397292
392684
383884
383839
380983
380539
381715
378835
359417
358241
361121
380539
399187
398743
398167
389367
389412
394020
394596
397452
392844
401644
400828
401644
398788
398743
380095
380539
378361
370381
367741
370381
372559
380539
406207
417677
420519
422469
421299
402651
380979
382155
393935
393193
394363
393187
414859
420739
421481
444161
438281
426501
445149
422469
423285
437327
440399
440975
449705
457685
466181
468092
460112
447612
460112
468092
464627
468092
470457
468279
466368
464003
466181
457381
456565
456121
456076
451468
450892
432244
429388
406708
407878
401734
424414
422794
428938
430558
429388
438188
451952
452888
453500
456356
459576
462696
461526
462696
460518
452538
454716
452076
460056
462696
475464
478896
486540
491100
492780
496728
516264
519239
522095
524849
537539
538390
540755
541571
544427
550747
553087
561067
558187
570687
572865
592283
595163
596339
576921
575745
576189
588621
591117
593959
595009
604284
605264
619306
622060
622960
623776
628336
628948
614906
628948
625516
638284
639264
646908
634140
626496
625516
628948
631126
633766
631588
639568
631588
628948
650620
631972
633142
610462
609286
608116
602236
624916
625658
644306
656086
657262
635590
641470
640728
628948
642990
641814
640029
648829
651949
643149
641199
635319
636299
637475
660155
661940
639260
636506
622464
621484
624238
626188
623738
626188
623068
628948
655882
658636
661209
673977
674828
673848
659806
660786
674828
663358
689026
700496
674828
677803
680168
689135
692567
705257
705801
707401
719901
728397
742439
739367
730871
716829
716013
723993
724569
725385
734115
733539
724809
716829
719901
728397
714355
728397
729377
728397
727227
739995
727227
730659
727227
719583
727227
725049
717069
725049
712549
714727
727227
728207
742249
728207
727227
723279
726254
724574
726254
723398
742934
723398
727346
724371
727227
722667
727227
729405
727227
719247
727227
724587
727227
725316
717336
720801
722712
735212
731747
734112
736290
734112
721612
719247
727227
746645
727227
724347
723171
726051
727227
724371
725971
724371
721491
724347
727227
728207
742249
728207
727227
730083
736403
734063
736817
739182
726492
728832
741522
739157
739973
737117
734363
733512
734363
728043
727227
713185
714165
728207
727227
726615
723861
719301
718401
719301
719913
724473
723657
726411
727227
719583
716151
703383
689341
703383
702403
703383
717425
718405
704363
703383
701205
698565
690585
696729
674049
672429
671259
665115
687795
688965
690585
667905
666735
660855
660113
638441
637265
625485
606837
592795
591815
599795
591815
593993
606493
593993
591815
582540
582984
570552
574696
571854
574350
573906
576748
577798
587073
586023
583527
584463
587583
573819
574431
577651
591415
588559
585339
588195
596995
596383
587583
586647
583527
580647
561229
580647
581823
580647
583527
610461
623229
625802
628556
625802
613034
586100
583527
585207
604743
608691
611547
608691
611666
616226
611666
609986
590450
587475
583527
586383
586428
587244
587688
596488
615136
615712
620320
631790
606122
610400
598930
593218
594394
590962
588208
587392
586492
587548
592108
594862
594250
595150
595966
599398
598342
596002
594826
600538
601150
603490
598930
607660
593618
590546
604588
605404
608476
599980
608476
607660
599680
600256
608236
607660
598930
596565
594225
593374
599694
598878
599729
593409
580719
577965
580330
577474
590164
592918
595774
598114
598930
601786
600970
600526
605134
586486
581878
579022
587822
606470
597670
597094
597049
597094
597910
598354
598930
611620
611076
608711
596211
597811
594379
585883
598383
600748
599148
590181
598677
599221
602196
605628
614595
601905
598930
594322
591466
591022
599822
600398
603254
584606
575806
580414
579598
579022
579067
579883
579838
598486
598930
611430
619410
611430
613608
611430
598930
590950
589039
591404
589226
576726
573261
575439
573074
574985
578450
586430
598930
598486
597910
597865
589065
589509
589554
590370
589554
608202
612810
594162
594738
591882
594738
590130
598930
601786
601342
619990
619414
618598
619174
619990
601342
610142
607286
598486
593878
593833
594277
598885
598930
597754
578336
575456
575501
594149
594104
589496
589052
570404
579204
583812
584256
587112
578312
575456
574880
575456
574640
575456
571508
551972
555920
575456
573776
569216
572191
573871
571015
568040
570896
575456
575012
579620
579575
580151
580196
580640
599288
594680
594104
593288
590432
591248
594104
585304
566656
575456
572702
573314
577874
578774
577958
578774
577874
577262
580016
575456
578312
581192
582792
579912
577056
575456
574640
574685
575129
572273
572228
572804
554156
554972
557828
553220
544420
549028
548452
567100
568860
568416
567972
568416
570912
573754
569610
582042
580992
578150
568875
566379
575654
576704
578664
571020
569060
576704
574526
587026
589204
597184
589204
576704
558056
556296
559050
559005
532071
532116
531300
526692
531300
531876
534449
531593
558527
567327
568143
570999
583767
583323
582747
580174
598822
586054
583300
583744
580888
583228
586084
583330
584181
586935
586084
588449
594769
582079
579714
578898
579714
577374
590064
583744
583789
586449
586893
587469
609045
610956
622426
623548
625148
628263
629114
631687
628831
610183
605575
604759
604183
595383
594939
594894
583424
579146
587126
587942
587366
578870
570140
567068
575564
574748
588790
591862
583882
592612
593188
579146
579722
582732
585372
594172
606672
600960
588460
579660
577020
576732
577020
574010
579722
579146
581057
583630
595100
598215
599815
588345
586434
585583
583010
584132
581017
581868
580746
579146
601826
595682
604649
610793
611963
589283
590543
592163
601438
600268
603364
611344
646894
647874
650754
649134
650304
651155
650033
647460
644345
646918
648829
637359
640474
638874
640474
651944
651093
652215
650304
651904
651360
642864
641264
638289
625599
627964
630939
643629
647061
659561
660105
668601
656101
652669
650304
641337
650304
649860
650304
671880
671835
672411
669751
669796
669220
671880
650304
648624
651480
647532
627996
647532
652092
655067
652211
653891
657839
654864
650304
653524
654136
662936
663872
662936
654136
656992
670756
670144
656380
659500
656644
653524
650304
651204
652020
651204
648450
647550
648162
652722
648162
650916
650304
638834
637712
634597
632686
634286
635408
632835
635408
636259
638170
636570
648040
651155
650304
652482
650304
662804
654824
662804
650304
648393
650571
652482
654847
662827
650327
653792
666292
663927
655947
652482
650304
661774
659863
658741
657890
655940
658513
660424
661546
659946
663061
665903
667853
665011
661896
650426
651277
648704
650304
672984
674895
682735
685075
684224
681651
670181
671032
667917
671032
669121
671694
670094
668972
670883
672005
683475
685075
681979
683149
718699
726679
735646
732766
724786
725766
716491
715321
724596
725856
724876
715909
680359
683239
681979
685075
685891
686742
674052
676417
678757
685077
687933
681613
694303
691938
691122
693876
691020
688266
687415
685075
683455
680023
671223
643041
641259
639309
639264
641924
639264
639840
618264
617820
617244
638820
639264
639309
638458
635343
634221
632310
634883
637998
635425
633825
634676
646146
647268
648868
637398
639309
633429
631644
633429
635879
633429
631479
654159
656109
647309
644189
645365
647125
653005
651829
649075
652195
629515
632269
645037
632269
605335
608089
605335
632269
634842
632269
629773
632269
644701
644257
644701
643651
642800
643850
641008
643850
631418
622143
631418
629507
626392
623819
622219
610749
609898
608776
606598
594098
586118
598618
600796
608776
604828
605644
601084
605644
625180
622324
623224
627784
608248
605273
600713
600101
603076
607024
609778
612634
613246
612346
609592
611272
610456
608776
622818
614322
622302
608260
600280
597208
596632
605128
613858
613042
613858
616930
617506
608776
609526
610372
611188
639370
639814
642474
646070
646646
643986
644031
643587
643542
642966
621390
618510
616910
619790
621390
618534
621390
630665
622685
621515
618635
621731
628841
629821
630991
629731
631012
595462
594482
595742
586467
594447
591351
582384
585264
587629
590604
578104
578648
577048
589548
580581
577149
578749
575774
584741
597431
605927
593237
596669
594304
593760
585264
584448
571758
569393
568542
562222
559468
556612
554272
554716
555292
552632
555292
555337
554761
554317
575893
572297
572252
572696
582782
585792
589592
587414
574914
566934
564756
561291
563202
571182
568817
571182
573360
565380
563469
566934
579434
566934
566118
565368
566184
566934
538752
542778
541932
542778
520098
513954
512334
511164
511608
512184
513000
515856
515901
520509
539157
547957
543397
540643
540031
539131
538315
538360
541216
522568
541216
542976
542160
542115
542931
540075
540651
536043
540651
540207
539631
530831
531275
511739
513419
510563
513419
516394
513419
509471
504911
508859
507179
512063
516623
515643
516903
518025
526992
517717
520597
539245
560917
562087
554977
590527
582547
581266
578386
575290
584565
592545
591375
590115
591440
592420
592375
593191
593767
575119
574675
571819
571864
571288
570472
565864
570472
568712
571568
580368
580812
599460
626394
613626
610872
583938
586511
589265
586692
599460
577884
577440
577395
576819
574159
573547
570691
571303
568083
564963
568083
576883
577819
569019
555255
554319
568083
571303
574159
574114
571258
566650
569506
568690
550042
541242
541818
546426
546870
555670
555715
556531
556087
555511
574159
573037
582312
583434
564786
583434
582109
579613
570338
582770
583214
584264
586760
585710
573278
570436
579711
579267
582109
576397
578737
579793
578737
577561
575221
578653
584365
580933
582109
573613
565633
566449
552407
543677
552407
560903
574945
571873
571057
571633
574705
582685
582109
581665
572865
570009
569193
577993
559345
559921
560365
559789
578437
581293
581248
585856
585901
581293
582109
574269
596949
594609
593793
592947
591036
592947
588921
566241
565491
573331
575671
576793
567518
548870
567518
576793
575671
576115
573259
577867
578683
578107
578683
569883
551235
569883
572739
581539
576931
576487
576532
575716
575671
576793
595441
576793
575671
566396
575671
576247
576202
571594
572038
569182
572038
563238
563283
567891
568707
587355
586779
588539
587723
569075
568631
569753
579028
560380
551105
569753
568631
571511
572792
579902
581227
580247
578987
571007
571987
563020
564190
561310
539638
542734
533459
532289
496739
504719
505979
524627
521771
521726
521150
524006
528614
526854
527430
527475
522867
522423
521607
522423
524183
524627
505979
501095
498239
496559
491999
489024
485076
485121
485076
484632
503280
500424
481776
480016
480460
485068
485644
488500
497300
496484
497300
492692
492116
504806
501831
501287
502887
515387
523883
527315
514815
512450
521417
521961
524936
521504
512537
510937
498247
489751
492116
482841
501489
482841
481719
490994
492116
491300
488444
488000
469352
460552
460507
459931
455323
454201
444926
451070
432422
441697
460345
461467
459556
456091
443591
441226
433246
431068
429468
426612
423732
405084
395809
394687
403962
405348
406098
408671
406098
408671
395903
422837
395903
408671
411425
408671
409931
431603
430322
431302
424192
416212
414952
411856
413026
411856
419836
418856
415976
451526
454406
463373
472648
471323
479819
465777
466353
465777
457797
466527
469599
466527
474507
488549
487733
479237
470507
471323
477467
480040
481216
482896
481846
481402
483898
481402
493834
494278
497120
484688
493963
491121
481846
482896
490540
482896
484856
482896
495396
496212
497192
510956
517276
520132
523204
526669
529644
533592
541572
543750
546870
548470
549666
563430
569310
570486
579761
592451
597149
604989
605731
609531
614229
619113
621478
633910
638470
650902
663670
664570
668035
670400
667760
667472
661760
658750
658174
645674
636874
637624
640480
643140
652415
616865
624845
660395
657515
656345
647378
669050
670030
671200
674080
664805
673772
675032
674052
652380
644400
643140
629376
629988
638788
638176
629376
628440
629376
643140
646260
649116
646260
643040
646260
643140
645051
645096
647938
650598
652963
667005
644325
636485
634574
632234
634599
622099
609409
609953
622643
614147
612547
610182
618678
615246
614702
616302
628802
637769
628802
625827
629259
632234
633356
634172
636926
639936
648432
649172
650558
652923
654119
689669
691580
694460
697100
709790
710532
701257
688567
701257
705955
713795
712619
711877
725641
719761
720937
713097
699333
708608
714488
709790
711515
720245
720965
721409
723089
725843
738611
747886
748430
748974
751614
760414
763168
764953
787633
781753
779303
777353
780473
778713
775593
752913
750159
751335
757215
755430
754254
756704
758654
745886
743132
744892
757660
770160
743226
770160
774768
777522
780095
777522
778262
778838
780563
783783
786639
788817
815751
851301
855861
877437
878177
887144
890259
915927
925202
926588
924638
921796
918724
910744
919240
910744
902014
901438
909418
895376
904106
907178
906362
920404
921220
921796
931882
936160
939280
957669
965313
964333
956353
920803
911528
908648
907388
906218
884546
875579
879857
876742
881302
882688
885803
881243
888353
891949
893230
884263
883523
884263
885588
859920
850645
829069
793519
792133
779443
770168
778008
782706
768942
769684
763804
773079
785769
786945
800709
796011
794835
786995
792875
792133
801408
800022
801408
802158
801408
792133
794706
792133
793189
795639
796485
808917
810699
813453
818061
822550
841198
841810
845242
846222
874404
880548
881724
889368
908016
909798
911079
913257
911079
912679
904699
905895
913875
916995
915799
919747
921925
920325
916377
913257
913302
931950
932766
941566
942010
946618
947194
950050
951100
953942
952892
950050
952546
943271
952546
964978
965422
964978
962482
950050
946935
966471
975746
997322
995997
999390
995112
998227
991117
992503
991117
1009765
1018732
1019472
1045140
1041544
1036984
1044094
1042813
1047373
1046633
1073567
1073123
1091771
1096379
1087579
1096379
1096334
1096778
1097354
1098170
1097594
1092986
1095842
1095887
1095071
1076423
1073567
1076787
1086873
1087449
1089789
1101569
1105369
1107151
1134085
1136941
1142653
1133378
1107710
1100600
1101340
1100600
1105160
1103774
1113049
1109934
1117044
1118325
1096749
1100345
1104623
1100063
1103178
1104564
1095597
1096041
1095996
1096041
1093185
1094001
1093185
1097793
1106593
1109449
1100649
1100073
1081425
1082001
1081557
1076949
1095597
1096413
1096957
1100029
1107673
1113385
1116850
1124690
1112000
1112444
1121719
1112444
1126208
1125764
1126940
1135740
1121976
1134666
1130058
1129316
1129361
1128785
1147433
1128785
1129601
1120801
1114921
1114876
1119484
1111644
1110468
1111044
1110228
1105530
1111410
1114266
1118964
1119706
1116850
1113735
1112995
1108717
1107436
1111996
1113277
1111891
1115006
1110446
1101171
1110446
1136114
1139710
1136114
1129004
1136114
1137500
1138240
1141096
1169278
1172743
1176175
1177795
1180435
1180879
1180303
1198951
1199527
1199572
1200016
1181368
1180924
1180108
1177252
1180108
1188908
1193516
1184716
1184671
1180063
1180879
1183519
1187797
1192357
1193743
1194583
1207351
1209716
1212596
1214711
1212071
1209191
1244741
1247381
1234691
1235887
1237798
1235887
1234691
1199141
1189866
1185306
1194581
1197696
1172028
1170747
1206297
1205557
1227133
1228519
1237486
1234371
1230775
1223665
1224405
1228965
1227579
1253247
1240815
1241661
1244111
1246865
1245809
1250417
1247663
1266311
1263861
1265643
1246995
1248051
1243443
1238954
1238108
1236326
1248758
1275692
1257044
1256600
1259456
1258640
1255784
1256228
1257044
1248244
1243636
1243060
1247668
1266316
1266892
1268652
1268697
1268652
1256152
1264648
1255681
1264648
1277338
1274973
1275819
1288319
1296815
1296271
1293296
1293840
1285344
1272654
1276086
1279061
1280786
1283151
1295841
1297441
1294009
1292409
1296969
1275393
1276133
1274747
1283714
1274439
1283714
1280599
1281985
1246435
1245695
1271363
1266803
1269918
1244250
1251360
1242393
1263969
1264014
1264458
1264413
1262653
1281301
1276693
1285493
1286069
1283213
1286069
1286885
1286069
1290677
1290101
1271453
1271009
1285051
1288483
1261549
1266085
1293019
1280251
1282824
1280251
1293019
1290265
1293730
1296484
1282720
1290560
1285862
1279982
1281158
1279982
1280724
1272884
1260194
1259452
1250177
1256057
1260755
1273445
1282720
1296484
1304128
1315598
1315553
1315997
1317757
1320613
1311813
1307205
1306761
1306185
1306761
1313953
1319665
1301017
1304449
1305300
1318068
1321868
1340516
1343948
1341092
1341908
1341953
1354643
1353827
1358387
1370819
1375427
1368317
1367577
1358610
1357224
1354109
1332533
1327973
1302305
1293030
1298742
1295310
1297650
1298826
1297770
1301202
1302258
1299918
1298742
1293030
1296102
1288122
1296102
1304598
1290556
1299286
1296214
1297030
1296454
1287724
1286908
1300950
1301526
1293030
1289082
1285962
1284766
1286944
1290892
1292492
1293688
1296808
1304788
1302610
1294630
1293030
1295784
1298280
1309750
1312592
1315346
1315391
1327171
1329536
1331447
1326839
1325079
1306431
1305615
1305570
1306386
1305942
1303086
1307694
1307118
1309974
1310550
1312310
1312754
1312799
1331447
1328327
1325471
1324859
1316059
1312839
1311903
1298139
1300504
1306648
1300504
1304452
1306817
1308013
1314333
1318941
1329027
1310379
1309563
1309119
1304511
1304466
1301610
1299850
1299274
1326208
1329323
1332333
1329883
1328101
1301167
1305775
1301167
1288735
1291577
1292423
1311071
1313825
1311071
1310225
1311347
1313129
1315883
1314827
1317277
1319617
1320673
1324817
1306169
1310658
1318302
1321734
1334502
1335046
1343026
1345686
1346882
1341002
1331727
1319037
1314339
1313597
1312421
1298657
1290817
1289767
1286925
1284429
1284873
1287369
1290211
1291536
1279104
1269829
1270879
1283311
1282867
1283847
1287312
1290705
1293680
1296130
1298041
1298783
1334333
1339031
1339773
1337200
1337950
1347225
1346475
1345089
1346145
1373079
1374465
1377038
1367763
1368885
1371765
1379745
1401321
1403232
1411728
1419708
1420608
1421544
1433324
1451713
1454467
1456417
1443649
1451293
1454725
1456549
1448905
1445473
1444277
1445473
1453453
1456113
1456657
1453997
1446017
1445473
1447838
1447883
1455863
1469627
1471352
1497020
1508490
1510215
1538397
1547197
1547809
1545694
1546750
1543870
1570804
1569608
1566728
1569608
1570804
1583494
1582372
1581316
1579405
1581316
1616866
1617988
1615348
1617988
1591054
1593934
1558384
1564704
1568097
1571107
1579907
1581167
1582337
1577729
1575279
1602213
1598069
1600823
1599041
1580393
1577639
1580089
1579243
1591675
1592521
1611169
1610113
1614721
1615777
1611288
1613070
1600302
1605000
1606620
1603866
1601293
1602489
1602534
1607232
1609356
1582422
1583164
1592131
1583164
1581564
1573068
1572524
1585214
1588189
1597156
1584656
1586256
1589688
1587323
1583891
1592387
1594752
1591777
1592321
1579631
1592131
1589011
1590611
1589415
1592535
1593731
1620665
1616717
1615117
1623097
1622041
1619863
1620985
1613005
1615885
1618063
1615183
1588249
1589305
1588183
1592131
1584487
1593762
1601406
1602306
1603926
1602102
1603782
1607214
1603782
1616550
1635198
1635742
1633082
1632538
1633734
1632538
1640518
1632538
1635198
1626702
1635432
1638504
1639320
1639896
1631916
1631340
1622610
1619538
1618722
1626702
1612660
1621156
1635198
1635438
1636158
1648658
1660438
1672218
1680198
1684146
1685046
1686996
1687896
1695736
1700014
1703134
1717176
1716054
1717176
1720056
1693122
1720056
1717176
1716120
1717176
1719087
1719531
1722603
1726403
1747979
1749239
1750139
1751335
1753015
1754191
1757306
1758906
1770376
1771227
1772349
1774260
1776833
1764065
1760633
1752989
1750329
1752989
1745009
1746205
1745661
1744465
1745009
1752989
1753739
1756581
1758201
1760907
1765515
1763733
1759125
1740477
1739421
1741203
1753635
1754481
1781415
1754481
1742049
1743105
1745555
1742801
1741955
1760603
1763357
1760907
1762077
1763463
1764788
1766408
1774052
1777517
1780397
1781519
1808453
1805573
1806629
1805507
1804451
1777517
1775606
1776457
1779030
1780941
1782063
1793533
1796648
1793533
1790960
1789838
1788238
1776768
1775917
1777517
1774675
1762243
1760918
1759868
1762364
1774796
1775846
1785121
1784677
1787519
1785023
1785467
1799509
1801420
1793776
1796891
1794931
1817611
1824803
1828196
1833020
1841000
1844465
1842845
1841520
1840350
1841970
1843295
1844681
1852325
1844681
1841216
1842386
1841000
1842056
1844936
1864354
1862443
1873913
1872313
1871191
1874306
1862836
1859721
1857148
1858748
1859870
1862443
1861592
1863503
1864354
1871998
1873384
1865740
1866910
1874890
1877550
1874890
1876086
1874761
1871296
1874761
1874217
1874761
1876381
1874761
1873591
1872205
1864225
1873500
1872304
1884994
1891138
1919320
1948264
1959734
1961334
1972804
1978564
1977368
2004302
2002391
2003447
2000567
1999445
1998389
1985699
1986821
1989701
1987061
1984181
1957247
1921697
1919124
1918273
1919023
1920145
1920996
1922907
1925480
1914010
1915610
1914010
1915396
1912281
1910370
1908984
1911557
1902282
1903607
1901034
1904149
1903399
1902277
1913747
1910993
1913358
1899316
1900252
1903132
1905092
1906148
1902683
1895039
1893869
1892483
1901758
1892483
1895948
1897118
1898504
1900124
1898504
1906148
1902200
1899080
1900276
1899080
1896902
1895302
1887322
1890442
1898422
1900600
1904548
1906148
1912028
1903228
1880548
1874668
1876618
1874833
1872079
1894759
1897209
1894089
1902889
1905643
1903193
1904978
1903028
1906148
1904972
1906148
1905026
1907599
1919069
1919920
1918009
1915436
1918551
1915436
1917347
1916496
1918096
1922980
1911510
1923290
1950224
1953820
1954942
1953342
1964812
1978576
1991076
1994191
2002921
2002966
2010806
2012426
2015546
2013926
2012756
2013926
2012540
2016005
2012540
2004896
1995621
1997241
2006516
2014160
2015546
2016668
2013788
2040722
2013788
2016668
2015612
2014490
2015546
2016392
2017448
2019230
2037878
2035124
2037878
2036822
2063756
2059148
2058302
2039654
2052086
2056694
2054244
2041812
2040030
2013096
2015546
2016806
2023126
2024176
2023632
2024176
2016196
2013536
2014732
2013536
2016196
2024176
2022576
2034046
2034897
2032986
2032135
2034708
2037823
2039423
2036308
2037430
2034857
2036768
2025298
2024176
2011676
2002709
1999277
1996302
1993937
1992337
1991793
1983297
1970607
1979882
1972238
1973624
1975244
1965969
1967139
1965753
1962288
1961118
1964583
1972227
1970607
1969791
1961295
1953315
1944585
1930543
1929967
1926895
1927183
1928353
1929529
1935289
1935865
1934185
1938133
1966315
1968888
1970010
1968099
1969699
1981169
1983080
1979965
1978365
1977243
1978094
1966624
1964051
1963200
1966315
1964695
1963309
1964479
1966099
1958455
1967730
1966560
1970025
1960750
1968394
1969780
1966315
1966759
1969879
1970423
1967669
1970789
1971959
1979939
1998587
1995122
1998194
1997072
1970138
1997072
1996016
1993136
1994258
1997138
1998194
2019866
2028362
2029213
2029168
2031922
2037682
2041630
2035310
2036990
2046265
2053909
2055079
2051614
2050228
2042584
2046049
2047435
2038160
2036990
2035370
2036990
2035390
2032275
2029702
2027791
2026669
2015199
2014348
2022328
2021132
2020588
2023248
2020588
2012608
2013152
2014348
2021540
2019362
2021144
2022744
2025109
2034076
2035126
2008192
2008932
2016576
2019216
2019760
2039296
2047276
2045890
2036615
2028971
2027351
2026181
2022716
2021594
2020538
2017658
1990724
1990769
1993625
2002425
2002869
2007477
2026125
2026701
2027517
2028903
2030073
2032523
2041490
2042102
2042390
2050230
2037462
2056998
2044566
2043510
2016576
2014126
2016576
2014794
1996146
1995300
1996356
1998138
1998984
2011416
2030064
2027310
2054244
2058852
2061606
2056998
2068468
2065353
2053883
2046043
2059807
2062927
2059807
2059852
2067692
2067647
2058917
2062032
2063652
2062032
2049532
2035768
2044498
2056998
2059638
2067618
2069796
2071476
2072292
2086056
2085006
2120556
2125116
2127972
2146620
2146176
2175120
2162688
2165530
2156255
2168035
2172643
2173219
2168611
2168035
2165193
2162337
2161521
2161566
2152766
2152721
2152277
2149781
2158581
2139933
2140377
2139833
2141029
2142625
2134645
2137305
2137849
2135189
2133993
2128281
2140781
2134637
2142617
2136473
2138838
2147638
2157724
2171488
2173448
2199116
2195168
2199116
2197920
2197344
2205324
2204880
2202702
2199582
2180934
2179334
2180934
2183112
2178504
2170524
2173644
2178252
2187052
2188248
2188692
2188647
2187831
2179031
2179076
2179892
2177036
2195684
2198540
2199116
2204828
2201396
2199671
2201057
2200317
2203389
2210581
2210005
2206573
2208751
2209195
2213803
2213758
2195110
2197966
2198542
2217190
2216374
2211766
2220566
2219990
2219546
2220362
2217506
2208706
2208751
2209602
2235270
2207088
2208258
2208546
2216190
2207390
2208206
2205350
2205926
2206370
2225018
2224973
2233773
2238381
2237565
2236989
2232381
2232426
2231982
2213334
2216190
2214012
2211372
2213550
2216190
2224170
2216190
2219046
2213334
2219478
2220674
2224139
2232119
2232663
2235323
2234779
2233583
2234779
2232119
2230523
2233096
2232346
2233732
2243007
2243757
2242432
2239859
2238473
2229673
2229229
2229673
2230489
2230534
2249182
2249758
2246902
2249758
2249182
2249137
2248321
2243713
2248321
2257121
2238473
2239529
2242961
2248673
2251013
2249957
2247617
2241905
2238473
2239649
2238473
2239319
2212385
2207777
2220209
2207777
2205995
2203545
2222193
2226801
2224047
2223201
2222145
2224899
2251833
2252889
2255339
2236691
2238473
2240153
2236353
2233497
2235097
2254633
2243163
2224774
2227347
2226367
2234347
2236258
2239012
2239912
2241872
2246150
2275094
2272238
2272682
2281482
2284338
2284293
2283849
2265201
2269809
2270625
2289273
2288697
2287881
2283273
2274473
2274518
2275094
2270486
2272436
2276236
2295654
2307434
2329010
2326370
2332130
2337890
2349360
2346240
2332476
2341206
2352676
2340176
2332336
2333956
2332336
2346100
2346145
2346100
2349215
2337745
2345585
2342470
2333740
2336860
2349360
2349804
2368452
2368008
2349360
2346504
2345928
2345883
2345067
2345883
2345928
2348784
2357584
2358160
2362768
2358160
2349360
2347020
2349470
2375138
2366642
2385031
2413975
2414519
2413133
2403858
2410178
2407518
2406974
2405778
2397798
2406598
2407174
2406598
2406154
2410762
2409946
2409901
2410717
2413573
2413618
2404818
2405262
2402406
2383758
2402406
2397798
2395620
2403600
2406240
2408418
2400438
2397798
2398410
2419986
2439522
2442095
2450895
2450850
2432202
2431626
2422826
2418218
2417402
2414546
2414102
2415702
2418677
2419613
2427593
2463143
2453057
2449257
2448813
2445803
2447403
2448599
2450777
2453897
2449949
2446829
2445633
2449581
2457561
2455961
2447981
2445803
2453447
2454623
2456009
2484953
2482199
2501735
2501291
2489511
2492367
2511903
2513853
2514789
2510181
2522613
2523669
2496735
2484303
2465655
2468105
2486753
2484971
2482521
2485275
2484219
2483373
2487981
2514915
2516697
2513943
2514789
2515401
2515446
2512014
2515814
2513154
2494506
2499204
2500380
2498202
2506182
2508822
2506182
2508360
2500380
2504940
2507513
2494823
2495543
2501423
2524103
2531943
2527665
2531130
2529219
2526579
2529435
2541935
2539570
2541352
2544106
2534020
2538556
2550336
2568984
2566488
2552724
2540224
2531494
2523654
2520534
2518914
2518869
2507399
2504284
2504728
2505778
2508418
2517693
2531457
2541543
2542713
2548473
2550153
2551053
2563743
2566815
2569930
2582620
2570120
2567048
2567624
2587042
2589002
2589982
2579896
2586216
2582784
2592870
2592258
2591714
2583734
2602123
2605098
2607104
2611712
2620679
2623433
2596499
2598677
2590697
2588247
2586069
2585013
2566365
2561757
2559975
2562615
2550183
2547429
2555409
2554563
2551923
2571341
2568485
2581253
2600671
2603681
2605641
2608483
2609605
2610409
2612774
2625206
2620646
2617214
2619854
2641526
2641814
2645246
2646442
2649196
2648446
2649832
2652405
2643130
2641744
2651019
2651769
2649196
2651950
2649990
2651901
2647623
2644869
2673813
2644869
2652849
2651949
2650038
2654316
2655216
2647236
2649196
2649151
2637371
2639711
2644595
2667275
2688947
2691721
2688746
2682602
2690582
2688404
2692352
2690752
2692352
2693548
2692352
2688404
2690582
2687462
2690582
2682602
2683778
2681828
2680928
2683424
2682980
2680802
2681924
2679746
2677106
2669126
2682890
2685962
2688302
2689498
2687374
2688634
2687783
2696513
2694148
2697541
2693741
2696583
2695737
2697522
2705502
2706827
2715323
2706593
2725241
2727995
2723459
2722073
2724251
2733218
2733794
2734406
2726426
2749106
2751602
2756162
2753090
2756162
2757062
2755382
2749622
2748722
2751837
2739147
2740827
2746587
2743472
2756162
2760722
2761334
2752059
2751309
2749584
2748388
2755580
2756905
2762785
2765425
2768179
2772787
2771005
2790541
2777773
2768973
2746293
2743173
2741388
2750188
2747434
2744984
2746160
2747945
2750395
2756275
2750395
2752345
2755465
2778145
2776969
2779723
2777773
2773075
2759311
2758135
2793685
2790613
2799109
2808384
2806764
2805504
2827176
2805504
2802648
2808528
2808573
2800077
2812845
2814231
2825701
2844090
2845710
2847492
2856292
2859724
2861674
2889856
2891641
2900137
2903569
2904373
2915843
2921987
2919012
2914404
2905437
2923826
2921072
2930039
2934647
2937401
2935395
2917006
2919981
2934023
2934635
2933015
2935857
2933946
2937746
2940626
2946946
2943481
2951125
2953765
2954616
2950338
2948658
2954370
2964456
2958136
2960992
2959796
2955848
2952728
2951128
2943148
2940970
2948950
2950735
2955619
2941577
2954345
2945849
2944229
2941009
2940259
2921611
2922155
2924909
2925760
2928616
2930956
2931772
2934137
2940457
2953147
2960987
2964083
2965865
2964689
2965265
2966945
2967845
2970917
2965157
2970917
2974032
2970917
2973032
2972132
2970452
2967380
2954690
2977370
2979281
2981621
2989461
2992034
2993420
2993708
2988824
2986070
2984684
2983934
2981361
2982111
2972836
2968138
2972698
2981973
2953029
2961009
2961909
2990853
2982873
2978595
2976684
2979438
3001110
3000210
2971266
2975544
2977504
2955832
2953872
2955783
2953029
2951979
2949406
2958136
2964280
2965020
2965762
2961064
2960488
2947988
2947444
2944804
2925268
2925812
2933792
2925812
2945348
2947988
2950166
2952826
2924644
2916664
2917515
2912955
2915797
2916853
2917593
2915228
2914684
2937364
2936548
2934183
2935968
2923278
2896344
2897540
2894698
2914116
2912835
2913651
2912835
2910175
2912135
2908742
2881808
2878688
2886668
2892428
2873780
2882276
2879636
2878460
2880800
2877368
2878544
2877488
2878544
2876204
2881916
2885348
2879636
2871796
2872966
2861186
2873618
2845436
2846048
2848904
2850854
2853734
2853779
2851414
2863914
2856270
2858976
2863584
2864865
2846476
2864865
2850823
2846215
2860257
2863232
2854265
2857019
2854265
2851290
2854146
2855928
2857713
2856113
2855262
2857044
2854069
2852389
2846629
2843514
2840442
2843557
2845237
2850997
2848882
2861572
2862472
2865544
2864644
2866984
2864619
2865470
2862614
2864979
2867835
2855145
2857899
2858715
2857864
2855524
2868214
2861894
2859140
2865460
2864644
2863793
2876293
2877097
2855425
2857336
2854886
2873275
2875615
2856079
2868511
2867899
2862139
2855819
2858891
2860277
2872777
2908327
2907271
2909844
2912598
2900166
2894406
2893284
2892088
2889723
2870187
2869207
2870887
2871703
2868823
2890399
2887327
2888307
2875807
2878303
2881057
2895099
2903899
2915679
2909535
2923577
2929721
2936913
2929269
2907693
2910808
2913664
2914240
2917355
2952905
2927237
2914805
2912440
2914060
2909362
2908382
2909122
2908222
2907480
2910600
2911770
2930418
2939693
2940815
2932835
2930081
2931992
2933952
2929674
2927763
2956707
2954747
2953847
2958125
2929181
2930081
2938061
2940815
2939429
2938679
2929404
2926831
2925655
2924755
2936535
2938260
2919612
2932302
2937000
2917464
2914584
2915400
2943582
2944332
2945178
2964714
2963974
2999524
3000694
3002644
3005217
3007002
3006390
3007326
3009051
2989633
2989345
2966665
2963823
2958063
2963943
2966953
2957678
2956556
2957678
2966953
2948305
2966953
2968633
2969533
2975293
2977408
2971648
2969968
2966853
2969925
2973040
2960350
2959450
2956378
2958289
2950449
2958289
2955949
2978629
2980969
2979058
2956378
2956822
2956867
2959527
2960103
2981679
2968989
2966624
2979314
2976560
2974220
2975036
2977376
2976560
2970240
2972605
2978925
2981679
2978823
2981679
2980828
2981679
2994447
2999055
2999100
2999676
2996820
2999676
3000120
3008920
3006742
3009192
3027840
3028656
3029232
3024624
3025680
3034176
3037151
3039905
3038624
3024582
3021607
3035649
3031041
3032322
3050711
3055319
3052565
3034176
3015528
3034176
3033054
3042329
3033054
3034176
3069726
3070466
3068786
3076766
3089534
3098334
3100059
3098889
3097164
3108944
3108899
3083231
3083186
3083762
3084206
3102854
3107462
3104606
3085958
3086003
3085187
3084611
3084167
3075367
3076183
3071575
3080375
3083231
3084035
3087255
3088155
3096135
3100695
3101415
3103375
3093289
3095074
3092709
3074061
3072939
3063664
3072939
3077637
3074795
3075917
3074867
3080747
3099395
3096275
3084495
3096995
3096551
3096596
3105396
3106212
3106167
3124815
3106167
3103311
3102735
3103311
3098703
3099147
3098331
3101187
3092387
3096995
3096551
3108331
3112279
3140461
3130375
3104707
3103027
3100662
3098212
3099112
3094576
3093760
3094576
3093760
3121942
3093760
3094510
3093760
3092914
3093760
3094336
3094780
3097636
3106436
3105860
3124508
3121652
3126260
3126215
3125399
3124955
3106307
3101699
3092899
3093715
3093760
3092638
3073990
3092638
3093760
3095085
3085810
3085234
3106810
3085234
3085678
3088338
3088383
3088959
3088914
3088470
3085810
3089030
3087070
3089030
3097010
3092450
3089230
3090034
3082054
3082954
3082234
3081430
3082150
3086710
3085810
3086860
3088771
3089671
3108319
3107743
3094975
3092119
3092563
3097171
3100027
3100072
3100648
3100204
3081556
3100204
3100159
3108959
3108383
3099583
3100399
3095791
3094975
3120643
3140061
3142011
3145021
3155107
3157963
3160303
3161499
3142851
3143973
3142648
3151923
3150801
3169449
3143781
3140316
3104766
3092986
3092542
3092254
3093070
3095030
3094094
3096734
3116270
3114884
3115784
3116504
3119384
3119960
3122816
3104168
3095368
3095812
3096628
3105428
3110036
3128684
3127868
3123260
3122684
3119828
3119384
3119339
3119384
3120104
3112124
3113024
3114984
3119544
3114984
3114264
3115068
3114168
3110948
3118928
3118124
3116164
3119384
3107914
3088496
3081304
3073660
3070195
3051806
3059786
3051290
3050094
3050836
3047826
3036046
3017398
3020408
3013216
3015970
3044152
3041579
3040457
3059105
3060227
3041579
3032304
3041579
3038723
3038147
3029347
3029392
3048040
3052648
3051832
3051787
3060587
3060143
3060719
3042071
3037463
3037907
3040763
3041579
3044694
3041622
3038507
3039407
3042479
3040364
3039464
3037784
3032024
3033704
3046394
3052154
3055269
3052259
3049553
3046799
3046057
3045817
3050095
3047730
3045090
3049698
3059784
3056391
3052443
3055103
3055679
3053019
3053064
3052488
3052044
3030468
3030423
3051999
3052443
3043168
3042046
3023398
3026254
3032134
3032089
3028969
3029785
3023905
3032705
3034655
3032205
3009525
3018325
3036973
3037549
3040303
3021655
3019705
3018889
3014281
3017401
3017446
3018622
3020407
3022857
3014057
3011303
3011747
3002947
3001162
3005770
3005194
3027874
3027430
3024574
3023398
3025738
3023398
3026152
3025336
3022971
3023787
3020931
3014611
3015462
3017827
3005137
3002383
3001532
3004388
3017078
3023398
3020178
3022089
3014109
3017502
3011742
3013128
2984184
2979906
2976513
2968533
2967921
2956451
2959293
2951649
2952093
2947533
2952093
2961060
2961960
2961156
2960436
2962396
2961550
2933368
2932468
2927908
2925948
2933928
2925948
2925132
2924382
2928942
2929662
2929796
2933016
2929796
2926940
2926895
2931503
2930687
2930111
2929667
2911019
2902219
2903035
2903479
2912279
2915387
2910779
2911355
2911400
2914256
2908544
2895854
2896700
2895980
2909744
2909984
2897552
2900212
2900257
2892613
2901109
2899349
2920925
2913281
2914457
2915069
2917823
2922383
2923283
2924099
2921243
2919563
2918987
2924747
2923931
2927027
2927571
2928422
2928377
2926466
2922666
2919201
2905437
2906049
2897249
2896805
2892197
2889089
2889809
2894369
2902349
2901449
2902253
2900293
2892313
2887753
2883475
2885435
2882681
2882547
2881647
2880927
2851983
2850072
2842092
2840132
2836912
2837812
2841032
2839751
2836776
2839751
2844359
2830317
2827563
2830317
2831598
2813209
2827251
2822643
2841032
2833388
2832488
2833339
2827019
2827865
2822981
2820139
2819419
2813099
2813675
2813099
2812655
2812610
2815270
2815315
2812655
2791079
2791523
2795119
2776471
2795889
2798067
2806563
2828139
2828979
2828435
2827259
2826455
2827355
2822795
2830775
2827555
2826655
2827459
2828179
2826219
2818239
2822799
2824759
2824039
2827259
2829599
2824991
2826773
2825173
2811131
2799351
2793591
2784791
2786051
2782103
2785078
2791222
2778454
2783152
2778592
2783290
2783530
2786962
2788222
2789038
2790823
2816491
2819606
2824214
2827334
2828074
2836874
2836430
2835254
2832889
2833869
2830404
2843094
2843994
2838234
2841306
2840406
2827716
2829396
2832511
2829396
2827716
2833476
2830404
2822564
2799884
2797973
2795633
2791073
2793033
2791073
2790353
2791157
2783177
2783897
2783093
2787653
2784433
2792413
2791513
2794733
2795633
2793722
2793110
2794710
2797416
2799376
2799331
2798527
2779109
2766677
2767727
2767772
2765112
2764668
2786244
2786820
2786775
2783179
2783623
2786283
2785707
2779387
2778571
2781427
2782278
2781427
2783767
2786132
2786948
2774258
2771504
2784194
2781829
2784583
2790903
2788563
2785707
2797487
2809987
2805163
2805883
2818651
2818696
2822128
2819008
2822123
2824877
2823095
2824877
2820317
2819417
2818601
2823161
2824061
2819501
2816747
2817563
2816951
2819705
2820317
2823537
2824341
2821121
2819336
2814776
2822756
2811286
2814128
2822108
2819266
2837914
2829934
2832640
2832096
2832816
2834776
2853424
2852684
2853584
2852684
2850724
2848999
2853559
2861399
2853419
2851079
2850359
2849555
2871227
2873867
2866675
2869790
2876110
2876860
2849926
2849314
2846864
2842916
2842076
2844649
2845771
2865307
2857327
2855602
2854860
2853924
2824980
2822226
2826786
2822226
2821506
2822310
2823210
2822406
2810626
2812586
2824366
2821146
2813166
2816386
2814426
2822406
2821506
2822226
2818794
2813082
2810742
2816454
2815278
2814222
2817654
2818710
2819886
2822226
2819566
2819122
2818546
2796970
2796925
2795869
2787889
2786269
2758087
2766067
2765523
2736579
2708397
2705757
2706301
2708941
2707745
2727281
2707745
2695055
2696336
2693361
2690607
2676565
2675284
2670676
2675284
2689326
2707715
2710690
2713444
2695055
2686255
2683501
2683213
2681533
2645983
2644383
2636403
2635503
2634783
2631563
2629603
2628799
2624239
2625919
2622804
2621904
2618832
2624592
2625492
2638182
2641254
2639574
2642689
2636929
2624239
2624959
2622103
2621203
2622589
2624314
2619754
2616322
2615126
2579576
2580556
2578645
2584405
2603053
2601271
2600727
2603481
2604603
2613099
2620939
2633439
2636193
2655611
2658365
2657753
2656937
2621387
2618633
2610653
2611553
2606993
2607809
2608421
2607605
2606705
2611265
2611025
2607593
2602895
2603135
2606567
2611265
2608511
2607695
2606844
2600524
2587834
2585494
2583129
2580273
2578323
2577779
2570587
2568676
2562916
2553949
2549065
2539790
2538008
2535254
2533469
2532083
2512665
2508865
2473315
2478013
2481023
2476463
2473823
2465093
2463308
2441636
2442080
2441100
2442222
2442962
2439890
2438630
2436265
2433925
2431965
2433565
2439445
2442877
2450521
2463289
2462353
2461093
2457628
2460748
2458963
2460748
2462008
2462748
2458140
2457400
2454280
2455096
2454280
2458888
2433220
2431960
2435075
2431960
2436238
2433228
2428530
2428086
2429208
2428086
2429686
2430526
2433536
2433980
2438678
2437938
2438678
2432798
2431198
2430028
2423708
2422808
2409044
2396276
2390132
2389010
2377230
2375052
2372874
2374599
2373619
2374599
2372874
2354226
2351472
2352858
2353578
2347818
2346432
2352192
2354946
2373594
2372874
2373318
2372578
2367880
2369480
2370602
2373612
2370602
2375300
2381180
2380058
2379614
2378774
2377174
2377914
2355234
2335698
2332944
2330088
2317398
2315718
2309958
2309058
2305986
2302871
2306303
2313947
2326715
2313947
2306303
2302871
2302259
2306819
2307431
2304677
2307431
2306615
2307431
2306531
2307431
2302871
2295031
2275613
2295031
2303527
2295031
2307531
2304777
2305899
2304777
2292277
2295031
2302871
2301611
2274677
2272312
2266432
2263859
2250095
2238625
2227155
2224401
2230281
2224401
2224845
2223723
2225323
2224583
2222983
2222539
2217841
2220851
2217841
2218581
2219703
2224401
2221426
2216818
2198429
2197148
2183106
2180352
2172512
2169397
2151008
2142512
2140832
2140090
2136970
2115298
2111702
2107004
2107448
2107004
2108126
2105116
2103994
2105594
2099714
2098974
2097374
2102072
2107952
2110962
2111702
2110532
2109920
2109875
2088299
2086339
2077372
2074257
2064171
2076939
2069295
2072727
2080371
2067603
2064171
2061161
2055449
2043017
2042573
2048453
2051463
2052203
2049193
2048071
2043373
2037493
2039093
2043791
2044235
2042635
2041895
2043017
2038319
2038364
2038940
2057588
2058404
2054972
2059580
2063012
2065868
2065628
2074428
2074872
2079570
2079810
2071830
2050254
2047244
2048366
2047626
2048366
2047244
2047688
2041808
2043408
2038710
2041720
2041276
2045974
2044374
2050254
2041454
2031368
2033318
2036174
2055592
2064392
2061536
2062352
2042934
2044130
2041274
2041718
2044574
2041564
2039614
2058262
2058217
2058262
2061272
2056664
2030996
2032118
2029778
2032118
2034998
2039487
2020839
2019643
2020219
2030305
2029489
2029045
2028469
2033077
2034133
2038411
2033713
2031217
2019437
2017487
2014781
2002281
1996521
1993767
1975119
1973394
1975119
1974399
1975785
1981545
1984299
1985019
1983633
2002281
2003261
2002281
1983633
1979025
1976169
1976214
1976790
1977234
1995882
1984102
1983658
1988266
1997066
1988266
1987690
1986874
1987690
1987645
1999425
2002281
2001159
2000715
1994835
1990137
1988537
1985527
1982517
1979507
1978767
1975335
1967691
1954923
1959483
1960095
1959195
1958379
1959195
1956441
1957341
1960095
1955535
1954923
1957779
1958595
1958550
1958994
1959570
1978218
1969418
1968842
1968887
1968071
1949423
1948979
1946123
1954923
1959531
1954923
1953753
1953708
1952512
1955392
1956568
1944788
1938908
1931264
1950682
1936640
1935660
1931171
1930115
1931171
1939151
1938029
1935149
1939638
1942392
1945272
1946394
1945272
1936776
1939530
1920112
1907612
1920112
1927952
1925198
1933694
1934816
1954234
1946394
1937594
1914914
1916090
1919210
1917260
1916084
1921964
1930764
1953444
1950690
1953140
1950690
1953444
1950324
1952274
1946394
1948179
1946394
1955194
1955770
1955725
1955770
1944300
1925652
1926096
1928952
1929768
1920801
1925409
1924233
1921783
1912983
1912539
1931187
1926579
1926003
1925187
1924611
1921755
1922735
1936777
1935841
1933891
1933151
1930309
1929505
1928689
1931545
1931101
1931545
1922745
1904097
1908705
1908750
1908174
1908129
1903521
1875339
1875915
1867115
1865165
1861733
1880381
1878761
1879577
1877795
1886595
1883739
1884719
1898761
1884719
1883739
1880859
1907793
1908849
1904360
1905482
1904426
1903304
1906184
1909064
1916904
1928684
1930862
1932812
1933554
1934750
1942730
1956494
1955372
1947532
1944139
1944094
1943278
1938670
1935814
1944614
1947470
1938670
1938715
1943323
1942747
1943563
1944139
1943695
1943650
1962298
1962742
1944094
1944834
1970502
1969762
1965154
1962039
1965159
1969767
1972882
1974142
1973326
1972066
1973851
1970731
1984773
1983793
1984609
1985589
1981311
1979526
1965484
1959340
1958015
1936439
1950481
1945873
1964521
1964566
1963586
1963142
1963718
1945070
1949678
1950658
1941858
1943618
1940762
1940186
1940141
1940957
1926915
1929771
1928955
1929399
1931739
1954419
1962259
1964170
1958410
1952266
1949512
1948532
1947146
1945421
1926773
1926053
1899119
1898063
1896941
1923875
1924931
1927811
1928933
1926053
1927033
1912991
1912011
1926053
1925477
1930085
1925477
1923717
1924533
1924488
1925064
1925109
1924293
1905645
1908501
1910261
1907405
1907849
1907405
1926053
1924857
1922679
1921863
1907821
1907776
1903216
1904032
1906786
1911346
1910446
1911346
1910734
1907980
1908592
1894550
1893570
1907612
1908592
1912024
1892606
1890846
1887414
1884558
1884318
1879620
1879860
1881036
1876428
1895846
1898726
1903424
1902848
1902803
1902359
1883711
1882535
1879655
1878839
1874891
1873166
1854777
1868819
1854777
1853797
1854777
1851897
1878831
1879887
1882767
1881645
1854711
1853655
1854777
1842277
1833781
1836535
1837657
1836535
1855953
1864449
1861695
1869535
1850117
1842277
1854777
1853607
1845111
1843851
1841901
1806351
1803255
1795275
1792521
1795275
1803255
1795275
1797225
1796483
1793603
1794345
1797225
1798421
1797441
1805421
1791379
1792359
1784519
1798283
1806123
1803945
1802749
1788985
1787035
1775255
1787035
1789213
1803255
1791475
1788500
1786718
1783325
1774595
1755059
1752203
1751591
1732055
1723255
1722275
1708233
1722275
1723255
1722535
1719103
1710607
1675057
1662289
1656145
1654759
1627825
1628947
1627891
1628947
1631827
1628947
1627825
1654759
1655739
1669781
1655739
1654759
1632079
1630909
1627837
1625341
1622485
1614645
1611180
1613753
1615664
1616515
1627985
1629107
1630707
1633822
1619780
1618800
1612480
1609984
1602792
1594812
1593212
1587500
1588622
1590533
1593965
1596538
1585068
1596538
1599653
1597742
1599342
1600518
1599462
1601802
1598370
1597248
1596072
1596923
1602635
1603691
1601351
1600500
1597385
1594812
1567878
1566756
1567878
1568934
1564374
1563558
1562658
1559778
1562658
1589592
1588536
1587924
1585170
1582416
1579560
1560912
1559130
1556250
1555074
1535656
1555074
1557954
1559130
1557934
1571698
1573648
1576528
1588308
1589504
1588762
1590940
1579160
1565396
1563446
1561268
1569108
1561268
1558388
1559130
1551150
1559130
1556015
1557615
1545115
1542542
1540631
1529161
1540631
1539780
1542895
1541295
1542146
1540186
1541308
1540186
1542759
1544670
1541555
1540813
1539637
1536997
1534117
1520353
1517473
1544407
1547287
1546231
1519297
1518175
1519231
1520353
1519502
1522075
1514235
1515086
1526556
1529671
1521175
1522297
1530137
1528226
1529348
1541848
1539094
1541848
1543448
1551944
1550822
1570240
1567125
1566003
1546585
1534085
1532485
1529912
1531823
1520353
1508573
1520353
1511553
1510737
1509681
1508295
1507315
1505365
1513345
1505365
1508119
1505365
1497385
1477849
1477305
1474665
1474905
1474665
1471233
1474665
1479363
1474665
1470057
1469206
1467295
1464722
1476192
1475452
1472337
1446669
1447520
1444405
1447520
1448642
1450242
1448982
1447382
1449955
1451866
1440396
1439580
1436460
1434675
1433553
1423467
1422417
1419777
1418655
1415775
1414719
1387785
1385125
1380847
1380107
1377353
1374780
1373455
1354807
1343337
1341737
1344852
1342941
1344063
1355533
1354682
1357255
1354682
1351567
1350445
1352045
1352896
1354807
1358200
1359004
1361846
1361126
1360406
1357334
1334654
1332704
1331962
1339942
1337062
1339240
1337062
1348842
1362606
1350826
1342846
1345726
1331962
1339802
1338606
1340556
1341298
1342494
1334654
1342494
1344834
1367514
1365174
1367085
1344405
1342494
1334654
1336254
1338827
1341942
1343853
1342731
1343582
1332112
1331261
1332383
1329810
1326695
1324784
1323184
1334654
1325687
1328567
1327631
1326780
1326236
1313468
1310588
1291052
1292228
1311646
1310470
1291052
1288479
1285504
1281704
1278694
1270714
1267858
1264058
1259360
1256245
1255394
1254272
1242802
1240891
1239291
1236718
1236106
1222342
1220956
1229452
1248870
1240374
1248214
1250968
1238468
1230628
1229506
1226752
1227874
1240374
1220956
1201538
1198898
1189623
1188023
1186853
1187669
1206317
1206362
1206938
1215738
1220346
1220790
1223646
1222470
1220130
1214250
1213674
1210818
1210530
1190994
1189034
1197014
1189034
1186280
1189034
1193642
1192826
1193402
1188794
1188350
1169702
1169657
1170101
1169525
1166669
1169525
1169570
1178370
1197018
1188218
1189034
1187434
1179594
1193358
1185378
1186574
1198354
1200532
1208512
1196732
1198682
1197782
1194902
1202742
1200792
1198614
1197228
1200108
1199366
1198244
1198986
1185222
1184026
1186882
1168234
1168810
1169254
1164646
1161790
1160974
1169774
1169330
1169375
1168799
1169615
1169570
1174178
1165378
1184026
1182066
1181316
1178743
1176403
1163903
1160103
1152123
1160923
1158067
1157623
1157047
1157863
1153255
1153831
1153876
1158484
1161340
1160524
1160479
1141831
1142275
1160923
1152123
1153299
1133881
1131001
1126303
1129183
1128943
1132375
1137073
1156491
1156731
1155555
1152123
1151547
1152597
1153719
1154699
1157064
1158824
1171514
1176212
1178552
1177736
1175786
1171508
1152860
1155870
1175288
1177238
1177193
1180049
1181245
1181689
1179349
1178153
1203821
1213907
1213463
1210453
1210498
1229146
1220346
1217490
1214634
1217490
1198072
1187986
1196786
1197362
1201970
1197362
1198178
1197602
1194828
1182328
1181477
1180901
1168469
1165627
1156827
1149635
1148831
1145989
1146793
1150186
1153028
1149635
1152477
1152921
1179855
1192623
1204093
1207313
1202705
1203281
1204097
1212897
1217505
1217550
1208750
1208174
1211030
1192382
1191938
1191893
1189037
1207685
1206869
1207313
1197227
1194385
1181617
1180777
1180732
1179007
1168921
1168876
1164268
1145620
1164268
1164712
1164757
1155957
1155141
1152285
1151709
1156317
1159173
1167973
1167529
1168105
1168921
1156153
1155913
1154863
1150165
1137475
1139840
1148640
1146880
1147930
1146950
1147930
1152628
1165318
1166440
1165318
1162953
1164075
1162953
1155113
1174531
1171777
1184277
1171777
1179617
1160199
1151703
1154457
1162953
1155113
1147133
1149083
1135319
1133141
1131191
1129995
1129253
1126373
1138153
1140331
1154095
1155291
1156033
1158913
1147133
1154973
1162953
1160199
1162953
1140273
1138488
1137312
1143192
1137312
1139097
1130297
1127847
1129797
1130973
1129023
1131473
1154153
1151033
1154153
1155913
1155097
1136449
1139305
1139017
1137397
1136546
1131938
1128818
1133426
1142226
1142181
1139339
1140155
1140731
1140287
1140332
1158980
1156124
1156568
1147768
1147192
1145281
1143496
1131716
1129931
1127971
1129731
1126875
1145523
1148379
1143771
1143816
1135016
1135592
1116944
1117388
1116812
1116767
1116323
1115507
1116323
1120931
1128911
1131665
1119885
1131665
1128911
1120931
1120976
1123636
1145212
1145656
1146232
1134762
1137982
1125214
1121994
1148928
1161696
1162140
1161696
1173166
1146232
1149074
1146232
1140520
1139716
1136284
1135433
1112753
1111697
1108943
1106087
1087439
1086623
1084863
1084419
1084374
1079766
1079190
1091880
1111298
1120098
1115400
1116450
1113570
1111205
1112327
1111205
1102405
1103385
1108083
1107103
1109468
1112348
1111298
1098608
1099784
1080366
1079190
1057614
1056444
1033764
1031424
1023584
1021673
1013177
1010471
1007591
986015
985273
983095
983837
991817
993767
985787
997567
989727
991905
993101
990221
998061
996865
999745
987965
986015
999779
986015
984965
986087
973397
982197
973397
968699
981389
979024
977902
978952
981317
982297
981317
986015
982583
982343
977645
977885
981317
986015
988675
988099
987655
988099
988054
985394
985970
986015
964439
986015
972251
967367
961487
960587
958805
958229
955157
952315
949095
949539
961009
963851
936917
949685
952905
952461
979395
966627
955157
957911
956789
964629
956789
937371
945867
933367
934489
946989
944235
935739
955157
954257
951142
948262
943702
941742
930272
917772
916968
914126
910733
909887
891498
890328
889348
890398
891520
890470
877780
882478
873678
868980
871345
872325
871203
868838
877638
890328
893208
890328
909746
908570
907830
904988
906164
886746
883992
876012
878672
857096
856520
856076
856031
853371
853815
875391
875436
876012
867516
894450
881682
893152
881682
878462
881304
854370
854814
851972
864740
867960
867516
870396
872574
870624
871820
868940
876780
884760
872980
874930
875672
887452
886710
878870
877674
875496
867516
881280
867516
865731
863949
835767
817119
797701
798823
797701
802399
803449
802399
797701
798681
801046
798681
811371
810391
819191
806501
797701
798757
801097
795385
794209
795385
801097
798757
795325
798757
797701
794586
793740
793000
771424
768764
771424
771868
793444
793000
771424
771379
771955
772000
771424
768764
760268
757426
744736
747101
751799
764489
763509
754709
752344
753466
752344
753324
748626
757426
758476
757426
738008
729512
721672
709172
706418
705296
716766
717210
713990
713546
716388
719608
732376
719608
708138
735072
708138
705296
700598
691631
690815
689765
686333
685157
686333
666915
664035
683453
686333
681635
681395
667353
664497
650733
651475
643495
635655
633477
641317
643267
631487
630745
628795
627599
630479
632657
640637
652417
649537
663301
664497
651997
654362
659060
646370
647350
644985
653785
666475
667597
668647
659847
655149
654099
652977
651997
653597
656477
659333
659909
681485
681929
681353
684013
662437
659777
659822
659378
659333
671113
659333
656579
653186
644690
653965
655087
673735
674179
672454
683924
681082
679300
682142
694910
683440
670672
670228
673448
646514
643294
641614
613432
640366
631566
609894
619169
637817
628542
629664
611016
609894
610874
618714
616349
615227
637907
629107
631018
630038
631160
633525
634575
647265
656065
655015
650317
652657
639967
644665
642754
636874
655522
664797
665919
647271
637996
636874
636298
633638
633593
612017
611573
609623
607445
604565
590801
582821
582079
574239
573043
561263
556565
559445
578863
575983
574807
555389
556565
568035
576015
576951
586226
588980
602744
603866
594591
575943
574821
593469
602744
594764
592010
590099
587003
583055
556121
557101
556051
560749
551949
550969
577903
581123
578281
579331
566563
563343
563787
561422
560300
563142
558444
559566
571036
583726
586091
594891
582201
594969
583499
583055
584177
583055
564407
583055
573780
583055
584655
587770
590343
592254
593105
604575
605697
602582
597974
579326
580448
579326
597974
607249
597974
596189
595745
560195
547505
546383
545403
548518
546918
543803
539105
541016
552486
553337
541867
539956
527266
526144
525293
526893
525843
528416
519616
517043
514678
515800
496382
493372
492176
490226
487370
461702
459362
449276
443132
444254
453529
452407
471055
452407
443132
439912
427144
400210
399766
396924
385454
387365
384250
387365
386514
383941
382819
394289
392689
394289
396862
397713
395802
384332
385454
365918
357938
356816
347541
328893
327717
308299
305419
304568
305419
302304
304215
306788
304215
302304
303904
307019
305897
294427
305897
304297
305419
304243
306193
303743
300623
298838
297078
298863
276183
282063
304743
298863
300039
303159
300405
302855
311655
314409
312459
311409
308836
311409
313320
324790
321675
320075
321197
320346
321197
319286
322401
310931
309809
311409
314069
314819
317675
317915
315575
327045
340809
342594
339888
338288
341403
343976
342854
354324
356235
357086
358208
355093
343623
341712
343312
342461
339888
342744
344344
342744
339864
337008
339888
334128
333516
332665
333787
331876
328761
331334
333245
331645
329072
327950
331065
319595
320446
322046
333516
334367
322587
310807
309207
306634
295164
293253
290138
289016
288165
286254
278414
276074
298754
306594
308505
285825
288165
289765
298732
310202
311378
314258
326758
322198
315878
313238
305398
292630
273212
264412
266908
274888
276064
294712
296472
296916
297720
300170
300746
298173
297051
277515
279465
289551
290727
293842
292786
287074
289414
288238
285898
289330
285898
291610
292666
293842
305312
313292
314228
313292
310538
319813
308343
311097
303117
289353
280078
293842
306610
310042
317686
305186
306382
319072
320983
323623
326503
362053
362629
362674
363118
367726
376526
395174
398030
398846
395731
403375
416143
412711
416143
403375
395731
400339
401155
404011
403567
402991
402946
398338
395482
395926
404726
404771
386123
404771
405347
396547
395731
397331
400211
398611
395731
392875
395731
398587
397771
397195
398011
402619
403063
402619
393819
389211
389166
389742
371094
371139
389787
398587
395731
386931
384075
379467
379512
379956
361308
362124
361680
366288
369144
369099
369675
388323
387747
386931
395731
408499
416143
403375
406807
403375
395731
386931
391539
372891
373467
409017
409461
431037
449685
454293
454338
451482
451437
459277
460093
459649
459073
465217
464401
459793
461179
463752
472552
476352
478802
481658
473818
471478
448798
446887
445711
446287
448783
430135
428375
427931
425481
417501
418305
426285
444933
444129
444573
443997
445173
442677
451477
453927
472575
471759
467151
466575
457775
458219
462827
471627
472443
469587
469542
469098
469674
451026
453882
453927
464013
492957
495453
496257
496545
495969
491361
490545
490989
509637
509682
491034
490590
499390
502246
503062
500206
491406
491982
496590
496545
488705
487319
483519
461943
464393
461943
457335
421785
415641
423481
420908
427052
428438
450014
452587
456387
460995
496545
483777
476133
472701
473757
483843
486963
512631
531279
540079
535471
540079
542935
540079
521431
520615
521059
521635
522451
522496
513696
513651
513207
512631
515271
479721
477810
490500
489304
491215
498325
499521
496641
494001
481311
484191
481076
479900
483015
484191
486141
484191
494277
484191
483375
483819
483864
465216
464640
460032
459987
460563
479211
476355
477171
481779
490579
493435
492991
484191
478047
473439
495015
491215
493788
485948
488398
523948
522562
530402
534202
540346
537773
535323
499773
478197
482805
484191
484146
483570
483126
478518
469718
468902
466046
447398
449894
450698
449894
439808
468752
439808
440096
439808
449894
447398
444825
446211
467787
463179
427629
432237
436037
414461
412011
414584
413198
405358
401558
409398
411848
418958
425102
418958
421838
418958
409991
398521
396921
398521
397345
406312
417782
430282
417782
418958
417173
414053
416503
418288
409488
403608
409488
406734
407910
411030
419830
397150
395974
398728
421408
423358
421408
418958
445892
445088
445892
446948
448070
447782
450278
447782
476726
486812
476726
479606
450662
450950
457094
464204
458060
455610
451810
430234
423124
430964
423124
426924
428310
423702
428310
426924
429497
451073
453523
450950
450506
458486
460936
463432
472232
469736
488384
469736
460936
458486
457910
457106
455930
456734
448754
449330
450506
450950
449350
476284
479140
480262
477382
480262
479140
480196
479140
476284
479164
452230
453830
450950
439480
430205
422225
419471
418535
404771
440321
441707
445507
467083
474923
479531
478145
473537
451961
449388
442278
438478
430638
433211
435661
429517
427067
433211
432360
432648
403704
400848
398352
399156
398406
398646
427590
430086
429846
429558
426898
429754
419668
429754
430504
433164
432360
433556
430916
418226
417030
414150
407040
408951
411591
414471
412560
425250
460800
433866
434922
437802
434922
461856
460800
459678
460800
463460
464036
464480
464525
486101
478261
480711
459135
456685
478261
480834
482220
486828
492972
488364
485791
521341
529181
532981
526837
525451
521651
486101
472337
470552
459082
460867
472337
486101
513035
510155
509099
510155
511277
510155
483221
486101
507677
509063
505263
502813
510653
513103
516903
512295
490719
488146
523696
522310
526918
529491
521651
527795
492245
486101
489216
491166
492342
490392
500478
499302
496187
486101
515045
504959
505763
515849
515561
486617
489113
488309
488597
486101
486389
489782
493002
497700
506196
524585
527081
526637
526682
526106
504530
501870
501825
502269
523845
526505
527081
554015
552959
551837
552959
526025
523145
526025
527081
522473
518673
497097
489257
486807
485421
479277
443727
441154
443332
451312
453952
445152
446328
445884
444708
447204
465852
466428
458448
458892
467692
449044
448468
447664
445214
447664
445168
453148
453952
450520
451696
449356
448300
451732
457444
456268
457324
451612
453952
443866
443062
414118
413830
411334
412456
385522
388402
387280
386224
383344
384400
411334
411379
410803
410758
410314
412974
391398
391974
413550
410890
411334
414554
414266
411046
419542
419830
416437
411739
409243
390854
394247
396743
388247
392945
411334
398644
396004
394808
392897
357347
354467
380135
401711
403097
412064
416624
419739
429014
436124
436864
439042
447022
449662
447022
439042
436864
438589
438877
441719
442535
448247
449303
452183
451127
478061
475181
474059
475181
448247
450032
452397
452841
454441
460321
461061
462183
466881
469891
466776
476051
477437
499013
534563
508895
499620
495060
499620
500360
509327
534995
533609
526499
517532
516792
519907
498331
498286
500946
479370
500946
501390
498730
499306
498730
498286
498331
499951
503066
516830
519950
531420
540150
547990
560490
560535
555837
552827
551705
550965
545085
543485
544225
548923
550523
553533
559413
558969
559413
560535
557420
530486
552062
516512
515456
551006
577940
576554
575814
576554
573674
582949
557281
548314
552874
555754
558869
567836
568958
567358
593026
590146
580871
582257
583313
578753
577631
556055
553199
571847
574703
575519
575564
576008
576584
581192
582952
601341
596643
599863
581474
578254
578542
587038
591736
595129
597625
595129
586633
586345
582952
588832
586654
587098
585976
581278
580538
578938
580538
581660
582400
585410
584966
589664
597644
600284
597274
591394
588754
580774
582952
583692
548142
538867
534307
531192
540467
531500
530114
529374
532489
541456
577006
578392
556816
561376
582952
557284
582952
585808
585763
567115
564259
559651
559207
559252
558436
559252
559696
557936
555571
564371
566736
568521
573129
572553
570768
589416
589992
588870
585990
559056
558000
553302
556312
555868
554746
551736
553336
559216
553336
554458
553718
554458
559156
559600
558000
522450
544026
553301
557861
559247
533579
534319
531204
530464
529078
507502
543052
533777
536892
527925
553593
562560
558000
576648
575832
575256
556608
557424
554568
555144
555588
555144
550536
555144
555099
555144
563944
566800
558000
557424
556620
557196
556020
537372
529392
520592
523088
520592
520148
528128
525678
526122
544770
547220
548396
557196
558000
557424
556248
534672
531557
534672
556248
556692
546606
543946
545896
545851
543901
546561
547137
547182
546738
547914
558000
559600
558478
553780
553040
579974
579530
576520
581218
592688
598568
596968
598090
598534
592654
605086
608096
613976
626744
627484
634676
633860
633416
633371
642171
623523
623568
626424
621816
613016
617624
618440
618884
616028
616604
635252
634676
670226
644558
635283
639843
630876
609300
610040
608654
573104
582071
577511
580626
582012
607680
616955
613840
635416
634676
632036
634214
636854
634676
626696
634676
635252
616604
616559
617003
618603
613995
613419
612975
613020
604220
613020
610164
614772
633420
642387
630917
629741
630917
628037
640537
641353
652823
651223
654079
645112
647992
635492
634676
633620
636740
611072
600986
597866
623534
633620
634676
635120
633998
633258
631658
636218
633208
634330
635070
630372
629928
634626
628746
631756
633356
639236
613568
612828
638496
636711
635325
639885
635325
636065
638430
660006
663121
664507
673782
709332
706217
715184
712819
691243
655693
646726
648511
639236
641732
633236
628538
631931
636629
633236
651625
651913
651625
660121
657625
654405
636016
639236
639680
628210
609562
608986
616826
619946
619502
616646
616601
616646
608806
608761
609577
608761
599961
591231
595839
582075
600723
614487
611367
620167
617052
625782
627402
622794
625650
624030
624075
636575
648045
648621
651736
639236
639680
634982
634242
638940
641950
642690
648570
649692
648092
649692
649248
646238
645116
639236
638496
616920
612360
586692
583577
574302
565335
529785
528399
525557
531269
532085
531797
532085
531269
532994
535836
530124
528399
537199
537775
537730
537775
537331
534475
534031
531371
522571
523015
522439
521623
502975
481399
480823
485431
486247
504895
504850
500242
503098
500088
495390
493790
492668
491928
486048
485604
485028
487884
506532
506088
487440
487395
486579
486624
482016
490816
487960
488536
493144
493960
494404
485604
488244
490422
482442
479802
487782
485604
483819
486184
487969
485604
485160
476360
476405
477221
474365
474941
470333
469517
474125
482925
464277
464232
467088
485736
486180
485604
466956
466512
465936
465120
465075
460467
451667
448811
446315
437819
434599
429901
411512
411224
407831
405881
397081
409849
406729
429409
426959
421079
408647
385967
384791
357857
363737
364913
357721
369191
376383
382263
385017
386802
380922
379137
367667
369427
372547
359779
357025
358975
361425
373857
400791
400746
413246
410131
407011
393247
396367
383867
376027
384757
373287
381127
384242
375512
373892
373937
385407
387027
400791
392811
390446
388268
386483
383843
385628
387993
388437
397237
394741
385941
384765
387215
379235
376785
377961
377157
358509
358065
358869
359445
361941
380589
380013
387993
390333
392244
400084
422764
425879
427829
437915
434800
424714
423538
421588
422764
420399
418614
420399
422764
424489
424777
424489
418777
415935
418777
424489
423673
424489
422764
432039
450687
451809
450189
447074
433310
425470
412970
401500
392770
392725
389605
388855
391711
394371
391515
391755
389095
388855
389605
380330
398978
408253
389605
388483
389605
392359
405049
405865
406716
413036
415401
418257
420597
426477
433669
445139
439259
426491
438923
451691
478625
466193
459001
447531
420597
418232
420017
418232
420597
439245
420597
411322
412444
421719
420597
411322
412444
421719
440367
439245
420597
418101
417525
416349
407549
399569
397119
396315
395871
377223
363459
351989
350204
353636
350204
351260
353600
352424
358136
357080
358256
352544
350204
340929
339807
340929
322281
340929
350204
351989
350204
347839
350204
351326
360601
359479
378127
359479
350204
351050
351866
380048
380798
362150
363272
372547
391195
381920
380798
381086
380270
374558
376283
374558
375374
378216
383928
381086
380798
379013
376648
375797
376613
373859
371519
384209
386574
389328
395648
397988
398839
392519
391703
394559
392194
389338
376648
358000
356878
347603
336133
333253
324286
311786
310186
309010
296578
289386
296578
285108
279228
285108
296578
323512
310744
323176
335944
309010
318285
322845
323781
331425
321339
318224
319400
322515
324465
323289
321339
331425
332271
331455
332271
304089
304839
303993
303243
331425
339265
316585
308745
310656
308745
311085
308745
331425
305757
302637
292551
291495
294068
295979
296830
297952
309422
311022
314137
313291
312541
311725
283543
286297
288662
287811
288662
301352
299012
299828
287138
286322
289178
286813
284059
290379
284059
281203
283543
270775
271063
269152
280622
273430
261960
249528
222594
223716
250650
252561
249988
249172
251745
248903
247781
250623
263055
270247
258777
264489
258777
257177
256889
258489
256764
262644
264369
267484
261604
262420
263271
260156
272924
272073
283543
284359
287215
287260
296060
300668
301112
301688
320336
319214
330684
333799
332199
331348
328233
325660
323749
324871
326471
327322
315852
317763
320336
301688
301643
306251
324899
333699
330843
333699
332883
332928
333744
333168
333612
334188
329580
329136
320336
321722
322892
330536
334001
335621
344896
348011
347160
346038
344127
341554
344127
345727
347638
348489
359959
356844
355244
343774
344896
349504
330856
331432
331387
330571
329995
329551
320751
320796
323652
342300
342744
338136
338952
347752
344896
343726
342340
338875
348150
349320
356964
347689
351154
349534
350920
352540
344896
342040
360688
360244
360289
359473
359428
340780
341356
336748
341356
341800
333000
334760
334184
335000
337856
340429
337314
338436
335863
337463
335863
347333
349244
348393
351508
340038
338916
339767
337856
336071
333317
355997
353547
354723
356508
358958
357008
358958
355838
364638
367392
366216
360336
358576
361696
339016
344896
337252
346527
349992
348372
356016
357636
358806
357636
356250
352785
354171
344896
344851
347707
347752
348196
352804
371452
370876
379676
375068
356420
355976
355160
352304
352880
351120
351936
352787
341317
338202
335629
333718
332118
335233
337144
338266
337144
336293
338866
340466
351936
348821
346871
345695
335609
331001
330557
329981
331151
331106
312458
312503
311687
312503
312947
331595
322795
321625
318769
317383
320848
325456
328312
319037
311393
307928
317203
317779
326579
328199
335843
334223
335609
341929
340807
328117
321797
334487
332147
329032
328216
325462
327062
327878
330632
331483
328627
327027
329392
331303
334159
336732
348202
349324
350175
349324
346959
344386
332916
336031
334120
336460
335609
331001
330557
333413
314765
314720
305920
310528
311344
311788
311833
311017
329665
329089
329665
326809
335609
344884
346504
354148
350683
349063
347677
346507
347893
340249
341419
344884
335609
331049
343481
370415
357647
330713
318281
311089
305209
312401
318281
329751
342519
331049
328476
326565
325714
322599
320999
309529
308407
327055
329911
311263
302463
302019
301203
301779
302595
299739
300183
299607
304215
313015
313060
313015
308407
309793
308407
299132
306776
305606
302141
303311
295667
304942
308407
310027
308407
285727
283816
275976
273636
274080
276936
277752
277176
281784
300432
309232
300432
299616
296760
296715
296760
278112
277668
273060
273636
281280
284712
297480
299205
298917
304629
301787
304629
304917
305733
300021
299205
297480
294015
284740
286360
287530
295174
304449
303063
295419
296805
300270
299100
297480
296904
292296
289440
280640
280196
279380
279335
260687
269962
277606
268331
269717
270887
269267
268097
271562
270176
271796
264152
260687
259301
250026
248856
247236
239592
236127
243771
247203
239559
226791
239559
236127
242271
241455
238599
241353
242204
248524
249340
243020
240680
243536
245901
243147
245487
258177
257326
254961
242271
243171
268839
270750
299694
307674
309634
312388
309728
306872
306122
305882
301322
305882
306818
314462
313526
305882
296607
305882
313526
326294
322862
326294
318650
305882
293114
287402
286346
282914
285254
258320
255980
254804
255860
259292
252100
246220
251932
253108
241638
229206
225774
213006
205362
199650
199362
202204
199362
200178
205890
205074
205362
207087
205362
214162
215782
219214
247396
249178
251128
251572
273148
273193
273769
276429
275578
262888
260032
257667
254913
252573
246253
245437
264085
268693
269269
270085
270130
278930
279374
282230
292316
295536
296658
305458
308468
314612
315548
314972
315548
315104
323904
323088
327696
323088
323904
324348
342996
340140
331340
331385
331340
334196
315548
316124
315680
315725
316169
316124
294548
293972
315548
312888
315548
320156
315548
296900
299756
299711
308511
309087
308271
308715
327363
324507
323931
323487
314687
314732
315548
289880
287969
285215
314159
285215
287175
285215
310883
318863
321617
323528
324428
323528
315548
318404
318359
318935
318119
315263
333911
334727
343527
348135
329487
328911
329355
324747
324303
315503
315548
316364
316409
319265
300617
296009
304809
305385
302529
307137
307581
298781
317429
316613
316568
316124
315548
312706
310981
310693
310981
305269
308111
308927
314639
316364
315548
344492
347132
351080
350504
328928
328883
329459
329015
329060
350636
347976
348420
351080
355688
355112
355928
347128
347083
347659
344803
345247
340639
349439
348995
367643
366827
348179
348224
351080
351125
351569
370217
351569
356177
353321
356177
364977
365793
365748
364932
364488
355688
356264
351656
351080
351035
332387
327779
330635
335243
344043
341187
341631
342207
341391
360039
360855
360900
360324
359880
351080
349958
352968
354090
360234
361170
364390
361380
371466
365322
356522
346436
355236
352016
351080
346472
345656
350264
341464
338608
339184
338608
339424
338980
339424
320776
320821
339469
348269
351125
351080
351524
350948
350993
351569
373145
373100
375760
375316
353740
351080
354090
362070
381488
387632
392240
417908
420404
432184
437896
436720
439840
442290
445044
443094
445044
446220
468900
467115
472995
481795
483580
474780
468900
466450
443770
441016
437896
437080
432472
432427
431851
413203
412759
403959
401103
422775
425140
426076
437856
439767
439722
437062
437506
459082
458506
461166
439590
439635
440211
439767
442407
413463
442407
438459
435819
439767
445911
439767
447411
439767
438831
429556
438831
443391
444327
439767
437271
431127
411709
399929
419347
413635
439303
442313
448025
445015
456795
464775
470919
462939
467547
470043
444375
439767
434055
433767
432951
431226
428384
429200
429812
430712
433466
438026
435272
434372
463316
465227
439559
437599
439559
447539
418595
410615
413369
411458
412358
438026
434806
433870
432748
429738
430860
433870
427726
433870
442670
443606
434806
424720
427940
438026
416450
413790
413214
413169
412725
438393
432681
444461
463879
469591
474199
482179
485189
482693
476549
450881
446273
434493
431483
433979
414561
420705
412725
413901
408189
407013
405957
407013
404673
401241
406953
409293
412725
409971
409155
413715
411804
412620
400840
400228
395668
398422
399322
398422
420094
431874
429509
407837
409748
408812
409748
410360
412725
408777
412725
383781
381141
410085
412725
402639
405649
415735
406935
403925
402989
404111
397967
401187
400065
406209
402989
411789
412725
406581
409077
415221
403441
384023
388631
386135
383125
394905
397915
389935
384223
389935
364267
383685
391665
417333
412725
415581
417201
419955
428685
429621
430437
430981
433621
447385
453529
466297
469762
470566
472526
490915
491203
492253
506295
514275
516725
517576
536994
538380
544140
551784
565826
594770
600914
602825
605579
603619
603859
632803
633703
604759
606719
607699
606799
604888
596908
602788
609980
613373
610619
618599
627566
635546
609878
635546
634646
635462
630902
635462
634850
634034
634646
637400
634646
635546
640244
642422
643164
643904
647852
641708
667376
655596
629928
621948
626556
632268
626556
624060
619452
616442
619452
627432
639212
619794
622290
641708
647852
655832
657512
659297
671797
679441
683389
685114
686839
689179
696371
698096
700756
704704
707344
703396
700756
729700
700756
703121
701210
679538
667758
668694
680474
678109
680020
701692
700756
719404
721189
732659
729439
719353
710553
711609
720409
739057
741017
740081
750167
751103
751853
750731
753741
756961
753951
765421
766543
772687
808237
802093
802637
803897
804639
812619
814959
817599
823919
829631
849049
844441
841945
849925
875593
867613
861901
873681
861901
864911
869519
863375
860365
840947
847091
821423
823919
826673
827573
824819
825635
824819
825431
824819
820259
819359
823919
825519
825963
848643
850983
852894
860734
861310
863950
866656
867502
889078
890338
898834
899638
900378
902828
895184
894248
889688
880413
882373
883309
883921
919471
945139
948149
951542
953142
967184
968969
970694
974494
976094
969950
991526
991571
992015
992591
995251
989539
1008957
1002813
1014593
1040261
1032281
1037993
1040489
1035881
1016463
990795
996939
1001547
999051
1007031
1004021
1007031
995251
996871
999321
1001106
1004116
1005238
1006054
1008004
1008548
999818
997064
1000284
997428
1003572
1009452
1006232
1005296
1002656
1005776
1003991
997847
998783
1001537
1011623
1010687
1019487
1028287
1018201
1009401
1012257
1009137
1007517
1005567
1008321
1009257
986577
995307
992553
991377
988367
987551
990191
989069
986619
986075
987251
978451
1001131
995251
996102
997827
1001775
1021311
1050255
1051980
1078914
1076274
1078914
1081924
1085356
1056412
1059532
1055584
1026640
1018660
1015906
1013946
988278
987378
985467
991787
997667
1010357
1022137
1028281
1031137
1031581
1050229
1050805
1051621
1056229
1056274
1065074
1067439
1064685
1067781
1065416
1066232
1068143
1066232
1068986
1069598
1068698
1068086
1063526
1068086
1056306
1068086
1046414
1045478
1046378
1045562
1046498
1047758
1053638
1062605
1076647
1086733
1087345
1092043
1092979
1096094
1114742
1115593
1120201
1119625
1110825
1111641
1120441
1115833
1118689
1123297
1123342
1141990
1142566
1141750
1141705
1141261
1138405
1138849
1120201
1127845
1135037
1137215
1138997
1117421
1117865
1115205
1114629
1114674
1136250
1138910
1138865
1139441
1138997
1138421
1133813
1125013
1129621
1132477
1134237
1152885
1134237
1134681
1134237
1134192
1131336
1131912
1131957
1132773
1131957
1150605
1158445
1184113
1185283
1191043
1216711
1221319
1223815
1243233
1238625
1250405
1244693
1242197
1248341
1222673
1203255
1208967
1216947
1208967
1197187
1194177
1188033
1191043
1190998
1189238
1193846
1189238
1186382
1187198
1190054
1190099
1190543
1191119
1172471
1171655
1190303
1189859
1189283
1198083
1200033
1201633
1202479
1205335
1196535
1199391
1198575
1199019
1199595
1204203
1185555
1184979
1182123
1177515
1177470
1177515
1179275
1180091
1198739
1198295
1200955
1204027
1206869
1215599
1216349
1251899
1270288
1270333
1267477
1269388
1270239
1273095
1273539
1292187
1299831
1299015
1298571
1300331
1304939
1300331
1300376
1300331
1298571
1297995
1308081
1308897
1309473
1290825
1269249
1268673
1268628
1269072
1268628
1290204
1287544
1287589
1290249
1290825
1287815
1288751
1291761
1282961
1289105
1299191
1300313
1303533
1312333
1306189
1305067
1301847
1291761
1290825
1294257
1296917
1298039
1316687
1318447
1318891
1318936
1318120
1319100
1319055
1318479
1313871
1327913
1326153
1326729
1329585
1329141
1326285
1330893
1331709
1313061
1315815
1316427
1315815
1311255
1312071
1312971
1317531
1316715
1313961
1313061
1315701
1311753
1315701
1313061
1284117
1313061
1313865
1325645
1331357
1345399
1346379
1345399
1331357
1331402
1340202
1340778
1359426
1362282
1360522
1355914
1360522
1359706
1359262
1340614
1337758
1338574
1337998
1337953
1338397
1332685
1329675
1317895
1292227
1284247
1281751
1275607
1270999
1251581
1252331
1255724
1256474
1257670
1262230
1264012
1268572
1268617
1260777
1238097
1240437
1248277
1234235
1261169
1275211
1297891
1299013
1296673
1297729
1298709
1300620
1303500
1302520
1300609
1301185
1305793
1305217
1304401
1304446
1301590
1301545
1304401
1299793
1290993
1290549
1309197
1290549
1291365
1291809
1293569
1296019
1297195
1309627
1323391
1330501
1329521
1343563
1329521
1330501
1329925
1330501
1352077
1352122
1352077
1354737
1333161
1332717
1333161
1330501
1330057
1311409
1310593
1312933
1310077
1310032
1308272
1311704
1310648
1309472
1307132
1308308
1304876
1305932
1300220
1295612
1295036
1300748
1302659
1300294
1297198
1295287
1294351
1282571
1294351
1297447
1298383
1300748
1301924
1315966
1301924
1302904
1301924
1300802
1301858
1302980
1305860
1332794
1305860
1302980
1301924
1314614
1318562
1321268
1333958
1334402
1335524
1336694
1341392
1347272
1348952
1349694
1351294
1355992
1356732
1364572
1365748
1375023
1378033
1406215
1412095
1425859
1411817
1412797
1426839
1425859
1428613
1428853
1429465
1432219
1446261
1445281
1446261
1432219
1433819
1429121
1429861
1430983
1433993
1433253
1439133
1433253
1432131
1429121
1427521
1432219
1431775
1432219
1429579
1426825
1429681
1429137
1429681
1438411
1441165
1441981
1441045
1443685
1442869
1444489
1442869
1443805
1440949
1432219
1429465
1428649
1427749
1427137
1422577
1440966
1443941
1440476
1441526
1450801
1452421
1458565
1463125
1462003
1435069
1434013
1419971
1422851
1419971
1421093
1422149
1436191
1437171
1436191
1463125
1473211
1463125
1462003
1465223
1443647
1440637
1446781
1447225
1448985
1451995
1453117
1452673
1450013
1449437
1453033
1449813
1441013
1434869
1435445
1435490
1434554
1434509
1435445
1438105
1433407
1433851
1432729
1438609
1439349
1438609
1440209
1437199
1436755
1441453
1442575
1445585
1439705
1438105
1434673
1432723
1436671
1434889
1406707
1407427
1415267
1413647
1419359
1410559
1418399
1417419
1431461
1417419
1418399
1412519
1413269
1400579
1413269
1414109
1415285
1444229
1457993
1465833
1466409
1471107
1472283
1458519
1459261
1460986
1460244
1459068
1451228
1441953
1443278
1438580
1452622
1451642
1452622
1438580
1439024
1438580
1435570
1440268
1441108
1441848
1440248
1443258
1444858
1443736
1444858
1440160
1434280
1433540
1462484
1466432
1463792
1434848
1430900
1433540
1406606
1407728
1404848
1403726
1406606
1407662
1434596
1433540
1455116
1446149
1448060
1434018
1433038
1433778
1436788
1436344
1431646
1432090
1431250
1428240
1429840
1428240
1427500
1426378
1431076
1432198
1438078
1459654
1467634
1470388
1473048
1469452
1469008
1468963
1468387
1465727
1470611
1476323
1485123
1488195
1496175
1496619
1497359
1497803
1511567
1524257
1526963
1553897
1554953
1528019
1526897
1528019
1525139
1528019
1526963
1528085
1527345
1521465
1520343
1521943
1521499
1522239
1526937
1527381
1522683
1519673
1518073
1521083
1526963
1532843
1520153
1512313
1517011
1526286
1512522
1511346
1510604
1516924
1519264
1518424
1527699
1528243
1529863
1530605
1534037
1547801
1548997
1552093
1564783
1560085
1588267
1588987
1575223
1583063
1581738
1582914
1582172
1583342
1582220
1583820
1586185
1583175
1582435
1577737
1571857
1576555
1575619
1578715
1580626
1592406
1598286
1595921
1594010
1594946
1593346
1594086
1595208
1594764
1597774
1585994
1582898
1583342
1586735
1589577
1590381
1588656
1582776
1581390
1580334
1553400
1552278
1579212
1580268
1583148
1580268
1581390
1581966
1590766
1593622
1612270
1616878
1617694
1617739
1618183
1619968
1614088
1611078
1610338
1608738
1607616
1607172
1602474
1620863
1621307
1648241
1654385
1651165
1652287
1655297
1657057
1654047
1652925
1646781
1656867
1660087
1659151
1660087
1658327
1648241
1651356
1642556
1642112
1646720
1646675
1665323
1665368
1684016
1679408
1681168
1685116
1685932
1685356
1682500
1663852
1659904
1660348
1659532
1662388
1662964
1665670
1684059
1696827
1700292
1704852
1706028
1718718
1723207
1731047
1726349
1726637
1712873
1700183
1694303
1723247
1737011
1739765
1749040
1749782
1749040
1753738
1759618
1750343
1749287
1751927
1744087
1742911
1745251
1757941
1770709
1770754
1771876
1776484
1779364
1777453
1758805
1755949
1755505
1755460
1753700
1753124
1730444
1727564
1728380
1727564
1728140
1755074
1755518
1756574
1754234
1757090
1749250
1722316
1740964
1739842
1735234
1736994
1735938
1739534
1746726
1747662
1751610
1757370
1769802
1797984
1797180
1803324
1824900
1837668
1839618
1838638
1841518
1836910
1836334
1835890
1836334
1817686
1826486
1845134
1845179
1845134
1847990
1848806
1847046
1851654
1848798
1847982
1848558
1845918
1816974
1819614
1824438
1828386
1824438
1846110
1847892
1855084
1841042
1842238
1847122
1852882
1862968
1863013
1881661
1872861
1872417
1873233
1876089
1871481
1852833
1852257
1849401
1854009
1862809
1862764
1863340
1863784
1862968
1860088
1858966
1860022
1886956
1888078
1887022
1860088
1862968
1876732
1877452
1878388
1879558
1880404
1879960
1871160
1852512
1857120
1857165
1857741
1858185
1855329
1850721
1851537
1850721
1859521
1862377
1861801
1861756
1880404
1867714
1881478
1882654
1888974
1893672
1884397
1885139
1877299
1872601
1885291
1879411
1878669
1884549
1878405
1877229
1877979
1880685
1888525
1874761
1875373
1884648
1883478
1884648
1884693
1885509
1882653
1882077
1882521
1881705
1886313
1904961
1886313
1889169
1889745
1885137
1884693
1893493
1884693
1884648
1882863
1885617
1887237
1890357
1892142
1889022
1889958
1887204
1864524
1865340
1874140
1876780
1873924
1875874
1878628
1876178
1898858
1901714
1892914
1890274
1899004
1901454
1892724
1891548
1889928
1891104
1891648
1897528
1896712
1895776
1895232
1893282
1890528
1884648
1885584
1886706
1888666
1887610
1860676
1857796
1856674
1838026
1838602
1838026
1842634
1842589
1843405
1838797
1838842
1847642
1846826
1846382
1837582
1840438
1859086
1856230
1856674
1850530
1848770
1838684
1837562
1834552
1833616
1830396
1827736
1825951
1828524
1856706
1848726
1867374
1875018
1875864
1876614
1877594
1878410
1877559
1889029
1889845
1892941
1904721
1907086
1905175
1902079
1899714
1887934
1886998
1888909
1889845
1889979
1889175
1892017
1888624
1885782
1889175
1892031
1892076
1883276
1883852
1884296
1883480
1883036
1883852
1879244
1879199
1878623
1897271
1878623
1875767
1884567
1889175
1901943
1905375
1913019
1920211
1925971
1938403
1925971
1933163
1930713
1929777
1930713
1924953
1926129
1930077
1926129
1922533
1923703
1927299
1928103
1930443
1923251
1921526
1943102
1944488
1945228
1980778
1985338
1994613
1995894
2021562
2024677
2020069
2019625
2018809
2010009
1991361
1991316
1990740
1987884
1999354
1998178
1988903
2000683
1999941
2000921
2001971
1997273
1984583
1970819
1964939
1957099
1976635
1995283
2016955
2007680
1972130
1946462
1941902
1940621
1943736
1944476
1945757
1950317
1949577
1971153
1996821
1995435
1973859
1983134
2018684
2015569
2016955
2016715
2019595
2021215
2024647
2026597
2044986
2045802
2072736
2074416
2071776
2071026
2067078
2067820
2062996
2070106
2069530
2072962
2065318
2061886
2049118
2056762
2069530
2060255
2060995
2060255
2058869
2060150
2024600
2060150
2063265
2041689
2040408
2035848
2010180
2014740
2018336
2044004
2040889
2050164
2051550
2057870
2079446
2078630
2079074
2085394
2093374
2105154
2106000
2109432
2110248
2114196
2142378
2141532
2144997
2116815
2117565
2116815
2091147
2092533
2089418
2098693
2101808
2137358
2128083
2126802
2131362
2130622
2126062
2124676
2121080
2124676
2128954
2093404
2094144
2103111
2104161
2106111
2105369
2105081
2102741
2105597
2113437
2116097
2118462
2119632
2118462
2127737
2123789
2126645
2125794
2147370
2148970
2159056
2178474
2187749
2187009
2212677
2177127
2186094
2182979
2178419
2181534
2177938
2168663
2167277
2168663
2169403
2160436
2164996
2168592
2164314
2199864
2203296
2199864
2207508
2199864
2187096
2199864
2195916
2194980
2207412
2194980
2191384
2198576
2202524
2206120
2198928
2204688
2205624
2199864
2200800
2203915
2201275
2188507
2187457
2209129
2210179
2211301
2215249
2223979
2227444
2245833
2247453
2253213
2265713
2266453
2269568
2266453
2257178
2266453
2262857
2284433
2258765
2294315
2298875
2298135
2293575
2294856
2299134
2290167
2254617
2253231
2254617
2274153
2272368
2270643
2273653
2287417
2290297
2289493
2297473
2296657
2295487
2294737
2295541
2299006
2298160
2269978
2264218
2267650
2266846
2302396
2280820
2279539
2275261
2270701
2273816
2275202
2296778
2287503
2286117
2250567
2251307
2248192
2273860
2282827
2282087
2291362
2295922
2296978
2294638
2300350
2303782
2300350
2302690
2301634
2295922
2294746
2295922
2296858
2294947
2291851
2280071
2277706
2280802
2282713
2294493
2293557
2295922
2293080
2292946
2289553
2281909
2269141
2265709
2271853
2253205
2265895
2267575
2270695
2283127
2297169
2291025
2282058
2260482
2234814
2231699
2230313
2194763
2190203
2189463
2180188
2182528
2185643
2192835
2198979
2200739
2213171
2209371
2218338
2217078
2215118
2250668
2251568
2254322
2262302
2259548
2262620
2263600
2264986
2256019
2256835
2248105
2245465
2244529
2241673
2238919
2237299
2238469
2237925
2236755
2235939
2236383
2237433
2240006
2248502
2250102
2242458
2241198
2242923
2245995
2246607
2249722
2250844
2252755
2255395
2273784
2267640
2279110
2279830
2282945
2283796
2276604
2275668
2271720
2259288
2253528
2249932
2262622
2263903
2267851
2266126
2268786
2272006
2284438
2290318
2291440
2310088
2319363
2330833
2331684
2329773
2326658
2324085
2325685
2324834
2327949
2316479
2319052
2317930
2316330
2317452
2319363
2329449
2348867
2350817
2351993
2373665
2381309
2378669
2371477
2372737
2373487
2374467
2374911
2365636
2366758
2385406
2384284
2385609
2366961
2367812
2365901
2365050
2363450
2351980
2363450
2365050
2368165
2365592
2368165
2370076
2366961
2365839
2366961
2371521
2372337
2373141
2374337
2378285
2405219
2407584
2419054
2426246
2429088
2430210
2411562
2412887
2411562
2430210
2429088
2430688
2433760
2445230
2452874
2457758
2458880
2470350
2469228
2467628
2469539
2471139
2474254
2471681
2469770
2468919
2465804
2468377
2469228
2457758
2461190
2462036
2465256
2473986
2445042
2445486
2435400
2445486
2447936
2449847
2452507
2453629
2452507
2461782
2443134
2461782
2460457
2462057
2462908
2464030
2465941
2464819
2476289
2473174
2475747
2478862
2476951
2465481
2464630
2463030
2460457
2461627
2453787
2456152
2456392
2458303
2460943
2463283
2457571
2458311
2455557
2463537
2466291
2458311
2460676
2458765
2456400
2478072
2466292
2468203
2467267
2468203
2465107
2476887
2458239
2459361
2458239
2467514
2458239
2476887
2478847
2487577
2491603
2503383
2506503
2488114
2490774
2490819
2489219
2488368
2489219
2491130
2479660
2476545
2488015
2491130
2488557
2487435
2488557
2490157
2492730
2490819
2489649
2490819
2490207
2498703
2497103
2495981
2497103
2478455
2469180
2487828
2489153
2487242
2489815
2488693
2500163
2488693
2487093
2487944
2489855
2492970
2494570
2495692
2493119
2490004
2489153
2491603
2493943
2494183
2500063
2509030
2510980
2508274
2533942
2525212
2527123
2549803
2552143
2559983
2572673
2554025
2555221
2557132
2558254
2593804
2603079
2601754
2604394
2623042
2625922
2624800
2647480
2650595
2648022
2646297
2660061
2658461
2657339
2654224
2658832
2663110
2657398
2663542
2652072
2652792
2651941
2650030
2646915
2654755
2666225
2669345
2683109
2695609
2704339
2705959
2709074
2709119
2711999
2712044
2714004
2720148
2701759
2674825
2677485
2679435
2677650
2676390
2675268
2656620
2647345
2646409
2647159
2645479
2645923
2667499
2677585
2679370
2674881
2673281
2671331
2674037
2676917
2648735
2643851
2644463
2650783
2651634
2655230
2658086
2655908
2677484
2678096
2681316
2683494
2681534
2679809
2681987
2683183
2682061
2684401
2677209
2679849
2682859
2683795
2687260
2681548
2681593
2689573
2686819
2689573
2681593
2689573
2686453
2688403
2690188
2692638
2669958
2672712
2670927
2674047
2696727
2705527
2703577
2694777
2695953
2694777
2692023
2689573
2683693
2689573
2690769
2672380
2671836
2663340
2664510
2663340
2665518
2657538
2659716
2652606
2661406
2669902
2670753
2658973
2659819
2664379
2672219
2660439
2659503
2662599
2660234
2658323
2670103
2672468
2673404
2651732
2653643
2654699
2653763
2651981
2654735
2677415
2667329
2655859
2641817
2639244
2642364
2640744
2629274
2621434
2618319
2630819
2633675
2647439
2650554
2650599
2636835
2637411
2638227
2638671
2646511
2646556
2658026
2666756
2668376
2672984
2660484
2660439
2679087
2670357
2667237
2676037
2673859
2686627
2680483
2683237
2675257
2649589
2646196
2681746
2684602
2686780
2684140
2681800
2684440
2672008
2675808
2680692
2679496
2682352
2690332
2697976
2697160
2678512
2677936
2677981
2669181
2669136
2687784
2688600
2683992
2683548
2684124
2681268
2681712
2686320
2695120
2697976
2699152
2686652
2685806
2688379
2686201
2684416
2656234
2659666
2662006
2664346
2670666
2673522
2686212
2687028
2687879
2690633
2692998
2688438
2701128
2736678
2733798
2731887
2729247
2732127
2734767
2735963
2700413
2699217
2686527
2688438
2697238
2678590
2669790
2668974
2669418
2669994
2674602
2671746
2671701
2671125
2689773
2689329
2684721
2685537
2685582
2688438
2686098
2686642
2680322
2705990
2705010
2733192
2735532
2737257
2729613
2726498
2736584
2737028
2741912
2744552
2763200
2744552
2744507
2741651
2750451
2750496
2741696
2742272
2737664
2740520
2740964
2740520
2745128
2744312
2743736
2744552
2773496
2809046
2809850
2810090
2788514
2790239
2811911
2813297
2804022
2802846
2800140
2799400
2795452
2798112
2798157
2798733
2820309
2820753
2821329
2820885
2825493
2825937
2807289
2802681
2821329
2821374
2820558
2821374
2820798
2823654
2820798
2811998
2811953
2820753
2802105
2799465
2802585
2803971
2801793
2804908
2812888
2804908
2804158
2791468
2793646
2796286
2799040
2807020
2804266
2796286
2798946
2801956
2806654
2798674
2797074
2792514
2791698
2790882
2791326
2782526
2787134
2787089
2795889
2798745
2795889
2796705
2796129
2796174
2777526
2778102
2773494
2792142
2791698
2792868
2791698
2788688
2794400
2787290
2791898
2795018
2799507
2800323
2803395
2803107
2802357
2804997
2796197
2797013
2808483
2811598
2820398
2829128
2829173
2828357
2819627
2824235
2823659
2836159
2828319
2828274
2823666
2824110
2842758
2842803
2824155
2825775
2825331
2822211
2825331
2822216
2808452
2806832
2814672
2815248
2802748
2799892
2788422
2788377
2791233
2804997
2797157
2795246
2803086
2805426
2828106
2825766
2827677
2804997
2805977
2799657
2798937
2794329
2780287
2785171
2786071
2797851
2797896
2798712
2798268
2797692
2788892
2770244
2774852
2771996
2771180
2789828
2785220
2788076
2788520
2797320
2797275
2797851
2823519
2834989
2835034
2835478
2832818
2832773
2854349
2853905
2854481
2857141
2835565
2834989
2842969
2855401
2857766
2870266
2884030
2881852
2881112
2888952
2892072
2894712
2893962
2885982
2888160
2896140
2893500
2898108
2906908
2904052
2904628
2885980
2886025
2877225
2878041
2877465
2872857
2891505
2891949
2894805
2893989
2893545
2893500
2894676
2891244
2892300
2891124
2896836
2891124
2888784
2887728
2891160
2893500
2892564
2890199
2888288
2885192
2873412
2837862
2841082
2833102
2832052
2829346
2828150
2829130
2830186
2818716
2819616
2820552
2814672
2812712
2809319
2806979
2804614
2803798
2806138
2806954
2819644
2822500
2819746
2820597
2823351
2820495
2826815
2820495
2807805
2806954
2809319
2808503
2808458
2807882
2799082
2780434
2777578
2777134
2772526
2780506
2786386
2785535
2777555
2776505
2768665
2771238
2758470
2758914
2753154
2749722
2762222
2764400
2770544
2771360
2773085
2774281
2775881
2780579
2788559
2789103
2794815
2785540
2805076
2804140
2802520
2800609
2802520
2809630
2806990
2809870
2811066
2798376
2801016
2813706
2810826
2809630
2774080
2752504
2752459
2753035
2753479
2752903
2774479
2774524
2774080
2771420
2774080
2761390
2758940
2733272
2730632
2733128
2744598
2742687
2743299
2751279
2753919
2745939
2747559
2759991
2765751
2763573
2782991
2785169
2777525
2780279
2788259
2785505
2777525
2765025
2761910
2753180
2750060
2738590
2724826
2723206
2715366
2715321
2715765
2719713
2712069
2714949
2715885
2716689
2715519
2723499
2724669
2750337
2747265
2743800
2765472
2762630
2768950
2767690
2766874
2747338
2745718
2748472
2742328
2745208
2742093
2740897
2767831
2774151
2772426
2773272
2774468
2773856
2781696
2804376
2807448
2797362
2777944
2776324
2778664
2776004
2778664
2779108
2757532
2757088
2778664
2778088
2778133
2778709
2778664
2780842
2778202
2770362
2767912
2765734
2766310
2765410
2762750
2754770
2757612
2758332
2760510
2746468
2758900
2759512
2759800
2762920
2769240
2770056
2767716
2770056
2767302
2769667
2782357
2776037
2775221
2776072
2773216
2776072
2775221
2777975
2775610
2762920
2770900
2773078
2785578
2811246
2785578
2774108
2785578
2791458
2794338
2791584
2790834
2789658
2791443
2790273
2788992
2781012
2772212
2768780
2764082
2766032
2764862
2737928
2744072
2756762
2758043
2779619
2780195
2780240
2779664
2782324
2781880
2779220
2779175
2757599
2758043
2754578
2760290
2758379
2754431
2759129
2737553
2734433
2731679
2723699
2722529
2723699
2694755
2697870
2696190
2684720
2689604
2686172
2704820
2707940
2709725
2708675
2718761
2718185
2695505
2687665
2685325
2683414
2670724
2663614
2662418
2659538
2657627
2654987
2657997
2649267
2655587
2654975
2652315
2638551
2636640
2634690
2642530
2639650
2632458
2640102
2644710
2632020
2619520
2632020
2630844
2595294
2587314
2589274
2590444
2592622
2573974
2571796
2579776
2592544
2615224
2596576
2577158
2568662
2568218
2567642
2546066
2543406
2543361
2541579
2543944
2544388
2545108
2546833
2552545
2553667
2552917
2550257
2550869
2553725
2555485
2583667
2586307
2564635
2566585
2566141
2559997
2556565
2534893
2536089
2538729
2548004
2550369
2563059
2569379
2570195
2572949
2560259
2557894
2560750
2557894
2555554
2552800
2553651
2552835
2546515
2545664
2548004
2512454
2512742
2510831
2510091
2496327
2495347
2492337
2493317
2499077
2521757
2520587
2518137
2516187
2519307
2496627
2493873
2495823
2496999
2488199
2494079
2490959
2493713
2496163
2494378
2488498
2497298
2496122
2497907
2520587
2523467
2520035
2521211
2508521
2508077
2512685
2526449
2520129
2517119
2495543
2500427
2488957
2463289
2474759
2500427
2535977
2544777
2548209
2545549
2542889
2538329
2547059
2550179
2548983
2550603
2572275
2573445
2572275
2564295
2576795
2578973
2586953
2584775
2572275
2570315
2578295
2559647
2560397
2553205
2550325
2549275
2537495
2527409
2528389
2522509
2526309
2523089
2522243
2502707
2516749
2510429
2513183
2477633
2473685
2482960
2484346
2479648
2461259
2448491
2445059
2445503
2445263
2440703
2438063
2440769
2440724
2439744
2440486
2440726
2441476
2442672
2446065
2458565
2457953
2456353
2452075
2449415
2452271
2455127
2448807
2470479
2469633
2457853
2458669
2467165
2470597
2473439
2475059
2473673
2478557
2479403
2470128
2488776
2491116
2488362
2490727
2493481
2506171
2503806
2497486
2496635
2497451
2498302
2495446
2501766
2499426
2498610
2501466
2488776
2490558
2485674
2493318
2490612
2487219
2487264
2485314
2493294
2491614
2495414
2498120
2500070
2502435
2500257
2512757
2504777
2492277
2494455
2502435
2504613
2513413
2516485
2517097
2518717
2520667
2519731
2531511
2533461
2561643
2569623
2582055
2584505
2585225
2580617
2581357
2573377
2575288
2578263
2577447
2580087
2592777
2595657
2587817
2568281
2560637
2559467
2556035
2558400
2552256
2559900
2559288
2568018
2569929
2582697
2582457
2570987
2545319
2547959
2544887
2542522
2534878
2563060
2575828
2578803
2574105
2576678
2570798
2568158
2568900
2559933
2560784
2560829
2582405
2580445
2583105
2581505
2587649
2589989
2598789
2604501
2604789
2617289
2616113
2621825
2623001
2625641
2623301
2626311
2622879
2621823
2622879
2626311
2626887
2621175
2619450
2613690
2585508
2563932
2561076
2553884
2549000
2574668
2576054
2576858
2564426
2561570
2564324
2561664
2569504
2570404
2552015
2553191
2555945
2558825
2557649
2554793
2552453
2540673
2541249
2544259
2545645
2546701
2546157
2554137
2553157
2554279
2556457
2568957
2566779
2554279
2562259
2554279
2554039
2546199
2543127
2539662
2548462
2547526
2537440
2572990
2569042
2572157
2569817
2551169
2556053
2559853
2554093
2572482
2573418
2571078
2568324
2555634
2554783
2552418
2549562
2548746
2542426
2544337
2552177
2574857
2577197
2574537
2576902
2579782
2578931
2583539
2583494
2584244
2605916
2584340
2581460
2595224
2592774
2574126
2572740
2571924
2574497
2575247
2578103
2581078
2583920
2585705
2581757
2578685
2591453
2590602
2583410
2570978
2568638
2571392
2567592
2564932
2566612
2568394
2564929
2566529
2563554
2568438
2590014
2586894
2590694
2590250
2590992
2616660
2609468
2591079
2555529
2554479
2565949
2566800
2568711
2571826
2572948
2574548
2577121
2585101
2597601
2585101
2582923
2574943
2577121
2577967
2573407
2576522
2577644
2577932
2576876
2573996
2581836
2571750
2569572
2572965
2575305
2570421
2573536
2570421
2568821
2580291
2579440
2567970
2566059
2567970
2569092
2571665
2572516
2574116
2572994
2570421
2566956
2566152
2568492
2549074
2546434
2545534
2548288
2557563
2556507
2555331
2556612
2554662
2574198
2576952
2574992
2577442
2575102
2574382
2568062
2570402
2578898
2575778
2604722
2602016
2604589
2606500
2605649
2603738
2601165
2598050
2599650
2598528
2599650
2598050
2598901
2610371
2598901
2602016
2597132
2599705
2599261
2598817
2612581
2613751
2611573
2637241
2637685
2635345
2616956
2612348
2604368
2601662
2602642
2607250
2610106
2610151
2618951
2619527
2619971
2638619
2639435
2642550
2639977
2651447
2652569
2655142
2654291
2653169
2641699
2638584
2640184
2642095
2642946
2641346
2639435
2642291
2641571
2630101
2627347
2625397
2612629
2615849
2614653
2612288
2611437
2620237
2606473
2607193
2604828
2617260
2617836
2620692
2617836
2617881
2617836
2613228
2604428
2609036
2609480
2628128
2609480
2608664
2609480
2608904
2608460
2617260
2614418
2615234
2617574
2603532
2604582
2598870
2595990
2595750
2592678
2591078
2588505
2589356
2590478
2593593
2595504
2592389
2590478
2589356
2600826
2603399
2591929
2591078
2592678
2595534
2590926
2593104
2597712
2616360
2616936
2604436
2616936
2616492
2608512
2608557
2608512
2599712
2600528
2599712
2581064
2578208
2586188
2585612
2586056
2594856
2592678
2606720
2608320
2606595
2607771
2616267
2617443
2620299
2613979
2625759
2619439
2638857
2641035
2643915
2651895
2680839
2678661
2676321
2664851
2662940
2663791
2665702
2668817
2667966
2666844
2678314
2680887
2678314
2679914
2678314
2675199
2676321
2677137
2685937
2685892
2685448
2680840
2683696
2684272
2688880
2689324
2707972
2705116
2704540
2695740
2694924
2694969
2676321
2675777
2678849
2680235
2681411
2685437
2659769
2679305
2674697
2675141
2675096
2675912
2694560
2675912
2673056
2673632
2673056
2675912
2667112
2666296
2665852
2674652
2679260
2679305
2680205
2677109
2677154
2674082
2693500
2696932
2688436
2676004
2684734
2686120
2683005
2684201
2674115
2675311
2683151
2682539
2671069
2673642
2674493
2675615
2672500
2671649
2673249
2672127
2683597
2681024
2684139
2682228
2684139
2682539
2681723
2681768
2682584
2682008
2679152
2679728
2681488
2700136
2700091
2699647
2702503
2693703
2689095
2689539
2670891
2675499
2680059
2676111
2684911
2683129
2682193
2693663
2716343
2713487
2701707
2698953
2700129
2687629
2693949
2691999
2673610
2670490
2643556
2641956
2638841
2627371
2626520
2624609
2623487
2620914
2620338
2617973
2617529
2616809
2617385
2616569
2619065
2627865
2628309
2624361
2624316
2622366
2621244
2623998
2627430
2629880
2634488
2637608
2638424
2636664
2636709
2639565
2638761
2634153
2636649
2618001
2636649
2639309
2603759
2600903
2599727
2590927
2588173
2585723
2577883
2575972
2570092
2577932
2576147
2578487
2576537
2582417
2605097
2607851
2609027
2606687
2608637
2585957
2587742
2589653
2586533
2609213
2586533
2588983
2590743
2593863
2566929
2564751
2562966
2565626
2578126
2577004
2564314
2565034
2564314
2561194
2575236
2556588
2554638
2555214
2554770
2554194
2557050
2561658
2561703
2552903
2561703
2562147
2561331
2561286
2579934
2575326
2576142
2573286
2554638
2546658
2534158
2531980
2530195
2508619
2502475
2502520
2507128
2510560
2511406
2513006
2513810
2535386
2538458
2538902
2530102
2530918
2526310
2523454
2522638
2503990
2522638
2525494
2524918
2525494
2525050
2529658
2538458
2538503
2538458
2541678
2549658
2550378
2551278
2555838
2556642
2558602
2539184
2542064
2561482
2560306
2561482
2558602
2555848
2556568
2556124
2557180
2559358
2586292
2577492
2600172
2608152
2619622
2631402
2632152
2613504
2613060
2604260
2603444
2600588
2600543
2599967
2595359
2596175
2596787
2601347
2604101
2605001
2605545
2627217
2622609
2613879
2614929
2643111
2642667
2613723
2607579
2599599
2599155
2597959
2596763
2602907
2600729
2596031
2597227
2605207
2606023
2605207
2607385
2605785
2599641
2587141
2588741
2590466
2602966
2601241
2593261
2597959
2595999
2603979
2599419
2598699
2590719
2589915
2586695
2587499
2588399
2589119
2588219
2591439
2595999
2597959
2586489
2582541
2584326
2605902
2606958
2605338
2608194
2582526
2579684
2580734
2585432
2594232
2596597
2597577
2598699
2611389
2608169
2581235
2578595
2591027
2599994
2600736
2601478
2623054
2623630
2623675
2624119
2626779
2623559
2624459
2623559
2624279
2625083
2620523
2623743
2623023
2627583
2629543
2628739
2636719
2628739
2626779
2632659
2630934
2629738
2630478
2635176
2634434
2633822
2612150
2615125
2607481
2609081
2610701
2604821
2604017
2604767
2609651
2607011
2614991
2602301
2599728
2604336
2582664
2582220
2579210
2583010
2608678
2609254
2621944
2620894
2623259
2624239
2623117
2620752
2621874
2622924
2631724
2627026
2614336
2619034
2610234
2609254
2612008
2614648
2614036
2614648
2614888
2622868
2621268
2623764
2613678
2614482
2609598
2610794
2602064
2602868
2610848
2610044
2610944
2612904
2604924
2604024
2599464
2596244
2595524
2593564
2598124
2598844
2602064
2600888
2602064
2599184
2618602
2599184
2602064
2602915
2603359
2603314
2600458
2597238
2600670
2607862
2605522
2604352
2626024
2645442
2644866
2644821
2642161
2641717
2620141
2620585
2620630
2623290
2623866
2645442
2646054
2650614
2653368
2650614
2651514
2652330
2651718
2650902
2650002
2645442
2646422
2643668
2642864
2641184
2640572
2639822
2628042
2621722
2644402
2648350
2651325
2638893
2633133
2639013
2638113
2646093
2642873
2638313
2637509
2636789
2634829
2638049
2638769
2630789
2632749
2633553
2634453
2639013
2640063
2639013
2641378
2636680
2635558
2648248
2657048
2656068
2657190
2658170
2649370
2654068
2641378
2639013
2645333
2654133
2625951
2633931
2634375
2635095
2636715
2635519
2644794
2638914
2657303
2656457
2658953
2655521
2658953
2664665
2663609
2657897
2656721
2654381
2655437
2656613
2658953
2670423
2675307
2672192
2674370
2661870
2663820
2666460
2667846
2668697
2671917
2671197
2670297
2678277
2670297
2669493
2667533
2668253
2672813
2674773
2671553
2666993
2667797
2668697
2678783
2679071
2708015
2708819
2711315
2714069
2711704
2689024
2691778
2692066
2693977
2692591
2695601
2694665
2668997
2695931
2698941
2698986
2701692
2713472
2716587
2725083
2726808
2727420
2724760
2724805
2727465
2727909
2749485
2749041
2727465
2727420
2726844
2727420
2732118
2733098
2735463
2734413
2733291
2734341
2731976
2730996
2726298
2738988
2730188
2738988
2740110
2727420
2739200
2739812
2738876
2751566
2747970
2726298
2723288
2723422
2719396
2720518
2722478
2721578
2698898
2698094
2697374
2698094
2706074
2706974
2710194
2705634
2703723
2701383
2699423
2699557
2696337
2688497
2680517
2685077
2697577
2706377
2712089
2703289
2703865
2706875
2703865
2704153
2703865
2706505
2705929
2693429
2687717
2685077
2685032
2672264
2670644
2696312
2708744
2712176
2711426
2708546
2730218
2729042
2728466
2727662
2708244
2700404
2713094
2732512
2735392
2734546
2723076
2721316
2722492
2725132
2725852
2727637
2735281
2748049
2776231
2795649
2799597
2798617
2801689
2801113
2800309
2801431
2802627
2799921
2800209
2799597
2800413
2797659
2798559
2793999
2798559
2797743
2800497
2801109
2800209
2801189
2805887
2804907
2796107
2808797
2809847
2797157
2796107
2794985
2797350
2799110
2800232
2795534
2793169
2792881
2793169
2803255
2832199
2822113
2793169
2795665
2796469
2793973
2793169
2792449
2792404
2784424
2785324
2782104
2778984
2778234
2781627
2783587
2761915
2773385
2774189
2782169
2781269
2783229
2783949
2780517
2778557
2773997
2773863
2778423
2779748
2780599
2783819
2783864
2783288
2782844
2785504
2785459
2785903
2764327
2764903
2762243
2783819
2782643
2756975
2771017
2778661
2776211
2773096
2760406
2757526
2758330
2760010
2757000
2748270
2757545
2777081
2755505
2751705
2748273
2755917
2768685
2772117
2759349
2751705
2748849
2770425
2789843
2776079
2772959
2776031
2773666
2781646
2782816
2782076
2781356
2782076
2782880
2782076
2777516
2785496
2788716
2789616
2781636
2779676
2778776
2783336
2780116
2782076
2784441
2785563
2780865
2785563
2798253
2799303
2796938
2795888
2794908
2795888
2794128
2795888
2783198
2782076
2778856
2781712
2779372
2776492
2770780
2762800
2765810
2766560
2763704
2763092
2753006
2756806
2757862
2760568
2763018
2752932
2763018
2763822
2763018
2791962
2791674
2791962
2763018
2760522
2763018
2757138
2737602
2742210
2733714
2738274
2752038
2723094
2723670
2717958
2716008
2717688
2717112
2738688
2738244
2740904
2738244
2738820
2738100
2737200
2735240
2735684
2734880
2734925
2726945
2726900
2705324
2700764
2697544
2698720
2711488
2692070
2690894
2710312
2706880
2709760
2706880
2714524
2717956
2710312
2697544
2674864
2653192
2654368
2657378
2643614
2635970
2634774
2642418
2641482
2642222
2648542
2670214
2671264
2675962
2677084
2674719
2683519
2678821
2677061
2678041
2677061
2689751
2688629
2675939
2674889
2677254
2674500
2673600
2674500
2677254
2681814
2682426
2681610
2680998
2676438
2677254
2674681
2671825
2674485
2669601
2674485
2678629
2679565
2688840
2690226
2693298
2694474
2713122
2721922
2722738
2727346
2727790
2728366
2728411
2731267
2732017
2744449
2742499
2760888
2762568
2763419
2763179
2788847
2789897
2793845
2812493
2815349
2806549
2803693
2803117
2803693
2804509
2804953
2809561
2809117
2790469
2799269
2799314
2794706
2794661
2793845
2803931
2801435
2801723
2772779
2762693
2763497
2765993
2794937
2794649
2793845
2785045
2784325
2796825
2793393
2785749
2807421
2802861
2803677
2802501
2794661
2796446
2805721
2808577
2821009
2813169
2811549
2798781
2796121
2795677
2795101
2773525
2773480
2773036
2772991
2773567
2770711
2770135
2778935
2779379
2778563
2769763
2774371
2775187
2756539
2759395
2754787
2754832
2773480
2772430
2767732
2765367
2778057
2786857
2787979
2790344
2791324
2790344
2789222
2776532
2777582
2782280
2773480
2781320
2768630
2770016
2769404
2764915
2766675
2766720
2766144
2766720
2769576
2769531
2750883
2751699
2751255
2750439
2747583
2738783
2734175
2734619
2753267
2757875
2757431
2763575
2785151
2771387
2790805
2792001
2790825
2812401
2790729
2792329
2789756
2794640
2814058
2814346
2814922
2814106
2809498
2807738
2807162
2788514
2791370
2791325
2795933
2795978
2793122
2794882
2795698
2814346
2814790
2814346
2813902
2813162
2809730
2803970
2830904
2823260
2821640
2818886
2826078
2831958
2829078
2848496
2829078
2827902
2829078
2831958
2833080
2835445
2822755
2821705
2820583
2833273
2832293
2833343
2838041
2846841
2842143
2839778
2830978
2831958
2831670
2841756
2842044
2841240
2831154
2833650
2831154
2831958
2860902
2831958
2819190
2820450
2806408
2818188
2816238
2815338
2827770
2806194
2805144
2807640
2807928
2829600
2843364
2821692
2819514
2818764
2847708
2847663
2848479
2849055
2849499
2848683
2844075
2844120
2843544
2824896
2829504
2826648
2845296
2843536
2843092
2845948
2847708
2846892
2846280
2846892
2849646
2854206
2849646
2850546
2851362
2848608
2847708
2850158
2827478
2825028
2827782
2825028
2821908
2825028
2830908
2853588
2847708
2849658
2847708
2846532
2847708
2845923
2854723
2856508
2854748
2854988
2857353
2854233
2855355
2857805
2860255
2864863
2870623
2870179
2871301
2863321
2875821
2875377
2870769
2870814
2871630
2868774
2867014
2871622
2890270
2889694
2892550
2873902
2873086
2873662
2875422
2875866
2875821
2877146
2879486
2881271
2877878
2877833
2875337
2866370
2878802
2876162
2879277
2882133
2882577
2901225
2900781
2897925
2897880
2897064
2905864
2905909
2906485
2907301
2888653
2886893
2886317
2890925
2886317
2887297
2889057
2876367
2878732
2876367
2889057
2890179
2881379
2880329
2885027
2886077
2881379
2880257
2879277
2897925
2899121
2900317
2922997
2930977
2937121
2944961
2943361
2943316
2945766
2944786
2926138
2934938
2934983
2934938
2934362
2937218
2937794
2934938
2935382
2930774
2931590
2936198
2954846
2946046
2945602
2944786
2954061
2989611
2990591
2999558
3021230
3022400
3025280
3026540
3034520
3033716
3023630
3023342
3020846
2991902
2993072
2989957
2961775
2942357
2945789
2946531
2943099
2930599
2928234
2919738
2923170
2922726
2922150
2921334
2918478
2899830
2895222
2895177
2886377
2888555
2890466
2892831
2896296
2904276
2916776
2914598
2922242
2921500
2920654
2921824
2927968
2919988
2921158
2909378
2904494
2907200
2904835
2903713
2891023
2886325
2885275
2883515
2882535
2905215
2892783
2894694
2893518
2874100
2876980
2874100
2874676
2877518
2904452
2890688
2882708
2883884
2903302
2900729
2907839
2905879
2908759
2911615
2913215
2934887
2913215
2912399
2921129
2921933
2918861
2919405
2918663
2905895
2912039
2914379
2911499
2914474
2922454
2923434
2922534
2921922
2919168
2919780
2920596
2921496
2920680
2925240
2927994
2923434
2904016
2901566
2903516
2904236
2904524
2907097
2910317
2931893
2919125
2919669
2924367
2921247
2949429
2950245
2950995
2951841
2951297
2950317
2950929
2953502
2958110
2963870
2964926
2966606
2969616
2934066
2969616
2947944
2949114
2951994
2944014
2952981
2962256
2961086
2951811
2942844
2950824
2951804
2973476
2970596
2969336
2970596
2969616
2968765
2966315
2966027
2968205
2965090
2967663
2973423
2972037
2990685
2993757
2994499
2980735
2981931
2959251
2956911
2954031
2934495
2937888
2935032
2936088
2950130
2951180
2953130
2955972
2965247
2962132
2960746
2957866
2961086
2958446
2953748
2958356
2950376
2962808
2961527
2959907
2948437
2947261
2950693
2953033
2954209
2959921
2957581
2956525
2953093
2947381
2948437
2929019
2948437
2951317
2948437
2949613
2948437
2956081
2957467
2959087
2960412
2963877
2965047
2960439
2946397
2946109
2965527
2966378
2972258
2974208
3003152
3001202
3000482
3006362
3007262
3010382
3013262
3010287
3038469
3039665
3042325
3043141
3014959
3015709
3014959
2993287
2994133
2993287
2993831
3001811
3000995
3000095
2999483
2996729
2995913
2991353
2992613
2995833
2992033
2990647
2989322
2996966
2996522
2994902
2965958
2958314
2959700
2961320
2964200
2966650
2970115
2968945
2956445
2947949
2949119
2945319
2941854
2943179
2962715
2961095
2959313
2962019
2962919
2960063
2938391
2929661
2928911
2933609
2946109
2948749
2949729
2937297
2901747
2880075
2877735
2878279
2876497
2875517
2884484
2883224
2882054
2872779
2894451
2885484
2893464
2894634
2886654
2864982
2867862
2864982
2865962
2830412
2831672
2867222
2868547
2872012
2868547
2866927
2868097
2860453
2861839
2863459
2862134
2871409
2870239
2868853
2876497
2877343
2877887
2874455
2871575
2871530
2848850
2845875
2858375
2850731
2847659
2854851
2848707
2849449
2813899
2826399
2829864
2832229
2819729
2811749
2808284
2806373
2808284
2810462
2808284
2816264
2813899
2810434
2813899
2812729
2822004
2823390
2814115
2812729
2811109
2818753
2819923
2821543
2813899
2815224
2836800
2838186
2841301
2842041
2846601
2882151
2891118
2916786
2916242
2915046
2917706
2918902
2910922
2918902
2919446
2916786
2908806
2927195
2919551
2918809
2919559
2918809
2917189
2925169
2922991
2920651
2928295
2924830
2923444
2932719
2931099
2938743
2942208
2943378
2934103
2926459
2925289
2926909
2928295
2926909
2955853
2977429
2955853
2944073
2932603
2935718
2934393
2933653
2921873
2918758
2944426
2945751
2920083
2955633
2957019
2948052
2952612
2951632
2979814
2975254
2989018
2953468
2962435
2963175
2959227
2967207
2955427
2927245
2926399
2925583
2924833
2926453
2925067
2923447
2926457
2930405
2931017
2933357
2932187
2913798
2923073
2915429
2906154
2902689
2925369
2927319
2929815
2931201
2928447
2954115
2961759
2962935
2967543
2971008
2948328
2951793
2951349
2960624
2968604
2967482
2968652
2971292
2962492
2971292
2977004
2977580
2990080
2989792
2977292
2976716
2973706
2973994
2971354
2974364
2968652
2965772
2966948
2969828
2968652
2949234
2968652
3004202
2995235
2995975
2970307
2948731
2947345
2951905
2953291
2917741
2914626
2940294
2949569
2958536
2957796
2956471
2951911
2955026
2976602
2977146
2985126
2988136
2990086
2992746
2991690
2989350
2990950
2982970
2980310
2979766
2980702
2983582
2984778
2983582
3012526
3003726
3007191
3016466
3014846
3016466
3015080
3022724
3013449
3014619
3011154
3009984
3011370
3003726
3008286
3006961
3006221
3007546
2971996
2971016
2969846
2960571
2938995
2913327
2910447
2888775
2889755
2888495
2910167
2874617
2900285
2901025
2897910
2905890
2914857
2950407
2953287
2945307
2946477
2955444
2954058
2955444
2977020
2968053
2963493
2966608
2967868
2958901
2960226
2995776
2983344
2985255
2977415
2976611
2977351
2981911
3000300
2997960
3016608
3025883
3022451
3031418
3033758
3030878
3027868
3030748
3027892
3029492
3027892
3025012
3027868
3026482
3035757
3036927
3027652
3026482
3034126
3037591
3029947
3028327
3029947
3026482
3027868
3029064
3032179
3031891
3029251
3001069
3002854
2996534
2999649
2999937
3035487
3034311
3061245
3060075
3061695
3070191
3048615
3050001
3046886
3055853
3065128
3069688
3091264
3093760
3096602
3095862
3121530
3116970
3081420
3072453
3108003
3111951
3113211
3087543
3090658
3089272
3090952
3089627
3091409
3093134
3093874
3084599
3083429
3075785
3074165
3072779
3069314
3070934
3072894
3044712
3046437
3045717
3047397
3046647
3055922
3063566
3064010
3066866
3073186
3066866
3067712
3068882
3060082
3062742
3060082
3058886
3066866
3066322
3058342
3059538
3060082
3055522
3064489
3100039
3074371
3072985
3073725
3083000
3082260
3083646
3074371
3038821
3035706
3061374
3064489
3055522
3077098
3081658
3060082
3057328
3063208
3062596
3054616
3053765
3060085
3062725
3060940
3060136
3059416
3055984
3051286
3050470
3042490
3040765
3039165
3036987
3024487
3023291
3017147
3020612
3018827
3017441
3014868
3028910
3029714
3051386
3050264
3049214
3046849
3068425
3077392
3086667
3077392
3074277
3075017
3110567
3113682
3112942
3087274
3088660
3087274
3091834
3082867
3047317
3025741
3051409
3046849
3047905
3050785
3051907
3078841
3070345
3073810
3065970
3068420
3067844
3048426
3047250
3044370
3050514
3050559
3056271
3057467
3048192
3039225
3060897
3039225
3031245
2995695
2998575
2989300
2998267
2995387
2994647
3002627
2999512
2973844
2952268
2951288
2952458
2951288
2946728
2982278
2983538
2992813
2993793
2992533
2991208
2989822
2954272
2945305
2945849
2945305
2944109
2952089
2954749
2955945
2947965
2945305
2945065
2941950
2934306
2931552
2932292
2944982
2943860
2969528
2967350
2965750
2967710
2961390
2969370
2967420
2963955
2961777
2949277
2951188
2949277
2951642
2943662
2941297
2944762
2952742
2954920
2967420
2970640
2976400
2975680
2975104
2996680
3003790
2998078
2985388
2991100
2995708
3004983
3003383
3004363
3006274
3015549
3016395
3017517
3016395
3019275
3016395
2989461
3016395
3015339
3016395
3015951
3014971
3016921
3013849
3014785
3018733
3019309
3011469
3003489
2985100
2982460
2981740
2982284
2978852
2978308
2984452
2982852
2963434
2964630
2993574
2990914
2993889
2996549
2997125
2996991
2997733
3000487
2999291
3000891
2997498
2996756
2988776
2963108
2971088
2983856
2981945
3008879
3007757
3010637
3011759
2984825
2985881
2984825
2981945
2983730
2992530
2990745
2992695
2995815
3018495
3024375
3027129
3024375
3001695
3002871
2996991
2995815
2993365
2991415
2988295
2979495
2981945
2981045
2982431
2960855
2952055
2939623
2940373
2938987
2944867
2956647
2955927
2954751
2955555
2967025
2962141
2964506
2958626
2957430
2960136
2958225
2956900
2953890
2952130
2952175
2943679
2946559
2911009
2908129
2911225
2920192
2919212
2920192
2927302
2905630
2896663
2895493
2886218
2887388
2886128
2878148
2886128
2887388
2888713
2892178
2890000
2897980
2890000
2889556
2892310
2892598
2895478
2903458
2890958
2904722
2885304
2862624
2865844
2866824
2862216
2863338
2866218
2865096
2838162
2835282
2836338
2863272
2862216
2859556
2860752
2852772
2860752
2863412
2862216
2862760
2862216
2866164
2862216
2864712
2863032
2864712
2862930
2860434
2862159
2860434
2862216
2865058
2862216
2860956
2862216
2864666
2860718
2857708
2858448
2846016
2843160
2847858
2828440
2825430
2824579
2832419
2846183
2854679
2857433
2865273
2866395
2878895
2898313
2916961
2925761
2930369
2931185
2931629
2934485
2934530
2935106
2933381
2930261
2916497
2915885
2917845
2906375
2903303
2907103
2909281
2905481
2896206
2869272
2872152
2899086
2897964
2899020
2900142
2899086
2896206
2905006
2886358
2890966
2888110
2888554
2879754
2880330
2879886
2879841
2879265
2874657
2873841
2873886
2874702
2893350
2896206
2914595
2901827
2901539
2907683
2910658
2929047
2930433
2929311
2936955
2936109
2938605
2966787
2968407
2965551
2967151
2964271
2967127
2965527
2968407
2976387
2976931
2975735
2967755
2965095
2966291
2968951
2968407
2977207
2974351
2973775
2976631
2972023
2971207
2971162
2952514
2953090
2957698
2958514
2977162
2976718
2977162
2968362
2968407
2960427
2940891
2936283
2944263
2941923
2943183
2947743
2951543
2959523
2972023
2965879
2966619
2966664
2985312
2966664
2966220
2957420
2966220
2970828
2970012
2970828
2966220
2966175
2969031
2969607
2966751
2967195
2966619
2968404
2969664
2967024
2988600
2969952
2968692
2967522
2944842
2947722
2948702
2951582
2950412
2958392
2953694
2947550
2941406
2942386
2941000
2933890
2935215
2927235
2928215
2949887
2948562
2955672
2964639
2955672
2952240
2951796
2947236
2944356
2953631
2950535
2941568
2944018
2945188
2944208
2941328
2940272
2939150
2940272
2944761
2958803
2961683
2962739
2963719
2936785
2938963
2942428
2940250
2952750
2944770
2942859
2930359
2932724
2940704
2942615
2940250
2936785
2955433
2963929
2964745
2965189
2965234
2962392
2962347
2965203
2964759
2965335
2964519
2973319
2977927
2969127
2968551
2966871
2964029
2959421
2958605
2939957
2937101
2933708
2934688
2920646
2919666
2933708
2934284
2934329
2955905
2958565
2959009
2957953
2956757
2931089
2934064
2933248
2934444
2933900
2924625
2921871
2924531
2912099
2909439
2909983
2917963
2909983
2910799
2911375
2892727
2897335
2897290
2896310
2895494
2898350
2884308
2883732
2902380
2903360
2903804
2917846
2918662
2918218
2915362
2910754
2910799
2919599
2910799
2937733
2936611
2935555
2936611
2932122
2929242
2930364
2933244
2935740
2930856
2929256
2928060
2950740
2945856
2943014
2941844
2939138
2936384
2934704
2927512
2926762
2901094
2903754
2904734
2918776
2904734
2903754
2885106
2903754
2899146
2899590
2900406
2899830
2902686
2907294
2907249
2906433
2908193
2907749
2907794
2898994
2896138
2896714
2916132
2928632
2920792
2908292
2916788
2908292
2888874
2896714
2895592
2898346
2895592
2896714
2882950
2882406
2893876
2891020
2871484
2873849
2872869
2870373
2867301
2875797
2876341
2880949
2885557
2893397
2905829
2906809
2905829
2891787
2905829
2906405
2887757
2885997
2886042
2885466
2885022
2882166
2885022
2889630
2908278
2903670
2902854
2903670
2903625
2905385
2905829
2911541
2908109
2911541
2912597
2906885
2909225
2908049
2906993
2904653
2905829
2907779
2909399
2937581
2939363
2948163
2951595
2922651
2919676
2913532
2916964
2918564
2906132
2904746
2903360
2906580
2903826
2906276
2906996
2902112
2903234
2904214
2907094
2934028
2932972
2931992
2917950
2919006
2933048
2930168
2903234
2902112
2899452
2898908
2890928
2889732
2871084
2868228
2869044
2867284
2876084
2876129
2876084
2880692
2881136
2883992
2902640
2902064
2901248
2901824
2897216
2896772
2875196
2872536
2875196
2875640
2875196
2878792
2878216
2878261
2878216
2878792
2869825
2862715
2841043
2839783
2838803
2830823
2829498
2826618
2825448
2803776
2806141
2806891
2819581
2821261
2822986
2820536
2823290
2818682
2824826
2828258
2826473
2818493
2819233
2821893
2821143
2807101
2806121
2807101
2821143
2818301
2821143
2817195
2821143
2823639
2825319
2822823
2821563
2812763
2814545
2813969
2813924
2812142
2813402
2810546
2810102
2808422
2810147
2805539
2804723
2802998
2784350
2785406
2785950
2788523
2788967
2789207
2801707
2804461
2807581
2812189
2814139
2806947
2807847
2820537
2817783
2822391
2799711
2770767
2761492
2747450
2746470
2760512
2761492
2760370
2757490
2756434
2729500
2728304
2732793
2727909
2756091
2754915
2768679
2767699
2753657
2754637
2768679
2765837
2768679
2770629
2768679
2762799
2767335
2767779
2773539
2778099
2776419
2781027
2795069
2796049
2795069
2781027
2782149
2793619
2796192
2797043
2798954
2800554
2803669
2804113
2804689
2826265
2828925
2828481
2827905
2825245
2825200
2821604
2821649
2834339
2820297
2829572
2807996
2811068
2813018
2814188
2818677
2817741
2808941
2813549
2811599
2808845
2818931
2820729
2828569
2826784
2854966
2857720
2843678
2842698
2845813
2844962
2843051
2840478
2841600
2840000
2841600
2840478
2841329
2843902
2845813
2834343
2831228
2842698
2845708
2849508
2858004
2860664
2858004
2855554
2852334
2852289
2855361
2847381
2848431
2842551
2843937
2845617
2846739
2827321
2819481
2827977
2830731
2838571
2826071
2845489
2842735
2855235
2854113
2845617
2833117
2835482
2847982
2850160
2847795
2855775
2847795
2849706
2846241
2844330
2847795
2845617
2858049
2855169
2852463
2852703
2866467
2844891
2823315
2824161
2821407
2818834
2791900
2799544
2799256
2798514
2801634
2802450
2803626
2804238
2781558
2788750
2759806
2762379
2760779
2762379
2773849
2774700
2773849
2776964
2774391
2775513
2773602
2775513
2772398
2760928
2759806
2767646
2769557
2771897
2794577
2793191
2794127
2800271
2791541
2794201
2813737
2812891
2814151
2817271
2827357
2820165
2820777
2818071
2825263
2828143
2826543
2829399
2826543
2828143
2825263
2824819
2824864
2824288
2826948
2805372
2805327
2805903
2803243
2824819
2825263
2813793
2812671
2810098
2806983
2807834
2808956
2820426
2822026
2820115
2823230
2821630
2820779
2822690
2825263
2813483
2808785
2803025
2801855
2801311
2798861
2794835
2794547
2793971
2781471
2778831
2775821
2767021
2761309
2759524
2758624
2736952
2714272
2712592
2711741
2710895
2710091
2698621
2694821
2687177
2686733
2684073
2682473
2680562
2683135
2686250
2685128
2696598
2694025
2693174
2695085
2696685
2693570
2694421
2682951
2684073
2681217
2678102
2673218
2670512
2669576
2664968
2662088
2653288
2662088
2680736
2681312
2681756
2684612
2685428
2685473
2690081
2686966
2688088
2687237
2688837
2690748
2679278
2680129
2677556
2680671
2679071
2677949
2680522
2678611
2690081
2682101
2681045
2678189
2651255
2645375
2642715
2642139
2641695
2650495
2631847
2623047
2641695
2638839
2638023
2640879
2640834
2636226
2636802
2636847
2637291
2641899
2642715
2664291
2662611
2662566
2659906
2659951
2657455
2655730
2656306
2657986
2657410
2635834
2638676
2641172
2639912
2643860
2642078
2641634
2643416
2645141
2642299
2642743
2638795
2641455
2642715
2639495
2635547
2632475
2604293
2601653
2582117
2569617
2568766
2557296
2554181
2555781
2554659
2566129
2563556
2566671
2569244
2567333
2568184
2566584
2568495
2569617
2572473
2591121
2595729
2596305
2587505
2582897
2591697
2592513
2591697
2591652
2591076
2590632
2591076
2588220
2569572
2569617
2561777
2564531
2552031
2549277
2548155
2539659
2559077
2560199
2540781
2553281
2561777
2569617
2540673
2537601
2537057
2536317
2535501
2524031
2521175
2521751
2517143
2508343
2507899
2507854
2489206
2498006
2495433
2500041
2498130
2497554
2495954
2498810
2499626
2498775
2497653
2498097
2516745
2516790
2513675
2512479
2512191
2511375
2510325
2505717
2502861
2505717
2506533
2487885
2488461
2488416
2487972
2487396
2496196
2500804
2499988
2500432
2500477
2491677
2510325
2496561
2495280
2488960
2487010
2480866
2477751
2456175
2455425
2446150
2445574
2442914
2421338
2420894
2420849
2416241
2416817
2417633
2417057
2421665
2424521
2424476
2424521
2405873
2405057
2405501
2402645
2402201
2393401
2402201
2420849
2417729
2395049
2391829
2387221
2359039
2357917
2350077
2347627
2341483
2323094
2322114
2321298
2325906
2331786
2334906
2334861
2343661
2343706
2340952
2340376
2343232
2361880
2353080
2348472
2329824
2330268
2331084
2328634
2351314
2353764
2354940
2352990
2354775
2332095
2332671
2326791
2326347
2328297
2325441
2334241
2331121
2329336
2320536
2323290
2322114
2303466
2274522
2271666
2257902
2239513
2245657
2239513
2236503
2235243
2222743
2224921
2228386
2230751
2228573
2236553
2238464
2250964
2249053
2245588
2237608
2235243
2234427
2225627
2221019
2220974
2223830
2223254
2224070
2224115
2242763
2242319
2223671
2220815
2229615
2230059
2230635
2235243
2225968
2224792
2223616
2220910
2219585
2210785
2229433
2210785
2210830
2210785
2211601
2206993
2209849
2210425
2209849
2214457
2214901
2212045
2213805
2213361
2212545
2210585
2209843
2208647
2203763
2200788
2188356
2185500
2184924
2180316
2179500
2160852
2159092
2158648
2158603
2159725
2151229
2143389
2151229
2148475
2147353
2159853
2179271
2182025
2169525
2178021
2158603
2153995
2151655
2143815
2146155
2123475
2125386
2123475
2121135
2143815
2151655
2144011
2142100
2139650
2132540
2130860
2128520
2126024
2099090
2096234
2094634
2091754
2088912
2087232
2083284
2086126
2084344
2082619
2084401
2088349
2090845
2088349
2090029
2088769
2090029
2091754
2090578
2086018
2084233
2057299
2051155
2031737
2030997
2025285
2024115
2022495
2009995
2012875
2010121
2012761
1987093
1989004
1986148
1987344
1965768
1963272
1975962
1983072
2018622
2044290
2047044
2066580
2069334
2075214
2080974
2087294
2099984
2098788
2084746
2084134
2064716
2083364
2084486
2093761
2086117
2076842
2075117
2055699
2052724
2050084
2049280
2052034
2053156
2072574
2053926
2044651
2045773
2037933
2029437
2048085
2056581
2065856
2046438
2054278
2041778
2040656
2053156
2052034
2049280
2048300
2046680
2045624
2039864
2021475
2029455
2032920
2031009
2028644
2016144
2018509
2016331
2028831
2030742
2032920
2024940
2021475
2027187
2029527
2032959
2031903
2026191
2027367
2026191
2023851
2024907
2021475
2013495
1994847
1994043
1992657
1966989
1966249
1964289
1982937
1981815
1991090
1972442
1973564
1964289
1959729
1958673
1957923
1945233
1919565
1920687
1939335
1948610
1929962
1928840
1919565
1918395
1917339
1916143
1915903
1913330
1912886
1910708
1898276
1892396
1889900
1889288
1887377
1906025
1896750
1895628
1904903
1886255
1887377
1874945
1874099
1874054
1873478
1874600
1879298
1879742
1880482
1882082
1885092
1885932
1895207
1885932
1904580
1885932
1884810
1885932
1888428
1890108
1887612
1885887
1887147
1891095
1887147
1884305
1882625
1880843
1879583
1881308
1883090
1885932
1875846
1862082
1861342
1849872
1847961
1845388
1844572
1822900
1822060
1817362
1818102
1823982
1826992
1828114
1826514
1825774
1824652
1824208
1821198
1822798
1823242
1827940
1826029
1828669
1831549
1844239
1843117
1861765
1860569
1862480
1849790
1840515
1837875
1833386
1829921
1839196
1836556
1872106
1853458
1848850
1841740
1838860
1840056
1839316
1836656
1837778
1842338
1850178
1852932
1861428
1848928
1840432
1821014
1813174
1825674
1826796
1846214
1845092
1842338
1839842
1838672
1832792
1833914
1831464
1829014
1816324
1813314
1812574
1804734
1803134
1803874
1801234
1796536
1794576
1800456
1805154
1804710
1803588
1804032
1807042
1808642
1806692
1805841
1796566
1777918
1776796
1774885
1767045
1744365
1742025
1741125
1727361
1721481
1718985
1720585
1720141
1717131
1718253
1717131
1717871
1711991
1715001
1715445
1721325
1716627
1721325
1719725
1718985
1716143
1714193
1713143
1703868
1689826
1688704
1688416
1684951
1686551
1681853
1680731
1686611
1683601
1684341
1687351
1686907
1686167
1687289
1687733
1681853
1686551
1684951
1684663
1681957
1680761
1679957
1658381
1657185
1656465
1653245
1665745
1653245
1656710
1658888
1661253
1663164
1660986
1657521
1665501
1663136
1661225
1653245
1650749
1648299
1644867
1632367
1630002
1631124
1625244
1622234
1623834
1622712
1622268
1628148
1628592
1633290
1628592
1627852
1630862
1629262
1630002
1625466
1621322
1618102
1610122
1574572
1576172
1571474
1576172
1573162
1579042
1577442
1580452
1581574
1575694
1574954
1575694
1574572
1574128
1574572
1573522
1573078
1572502
1570137
1566337
1565793
1559649
1551153
1570571
1569449
1561609
1570105
1572859
1553441
1550687
1558527
1546027
1547149
1559649
1546881
1545201
1543521
1539032
1536692
1535570
1534830
1534386
1532786
1526906
1523896
1519198
1516748
1515812
1513852
1510842
1510298
1502318
1501598
1500752
1488062
1485566
1521116
1522376
1524287
1525967
1529915
1527275
1524433
1523311
1521529
1520333
1521529
1519804
1517893
1520735
1512239
1514879
1527569
1514879
1517375
1516115
1513235
1477685
1480565
1476617
1478399
1476719
1478444
1477184
1474064
1470944
1448264
1445814
1444638
1441884
1464564
1465740
1471620
1465740
1456940
1459390
1462510
1464460
1467214
1468999
1477799
1476014
1474064
1468304
1467692
1466846
1465061
1464210
1461714
1455834
1458588
1432920
1458588
1471278
1490814
1496574
1461024
1458270
1464590
1458830
1494380
1491626
1472090
1474844
1468524
1474404
1461714
1452439
1444795
1443625
1442569
1415635
1412975
1411025
1410449
1397949
1390109
1381613
1380491
1361073
1358319
1354854
1352943
1350765
1342785
1330285
1327920
1318645
1315670
1314690
1305960
1305348
1298238
1276662
1274712
1273452
1270572
1270028
1269128
1267932
1246356
1234576
1231356
1230636
1217946
1213998
1185816
1173126
1171215
1171170
1168098
1163490
1160610
1159010
1157814
1155174
1119624
1117713
1114248
1092672
1091412
1086804
1085824
1060156
1057402
1054009
1055269
1057051
1055326
1053544
1057492
1054996
1057492
1056232
1057957
1059637
1062479
1060799
1057957
1054009
1050999
1044679
1036699
1027424
1024414
1018702
1015270
1014094
1013038
1010698
982516
980734
979114
975682
973732
964932
946543
934111
930996
918306
917564
916952
913004
905812
897316
891436
872788
868180
859213
851373
837331
835711
827215
825417
819657
818915
818175
815295
806799
802101
801359
798349
786879
786591
774091
772366
768934
768118
766518
754018
750898
742918
714736
707092
705142
700444
697784
699464
697739
700235
698975
696133
697858
701806
699310
695362
693682
696524
697784
696002
697784
692072
690686
682846
673571
670911
667691
632141
625821
631581
625701
628455
654123
673659
670905
683595
657927
655173
635637
641517
644271
638511
625821
661371
667691
665118
664218
663978
659370
656250
654300
647980
644180
625791
625746
616471
614021
610906
599436
596776
596026
593146
592210
580430
572450
568985
568697
567957
563397
560422
557668
555303
553518
552342
550392
547272
544822
538942
516262
507462
504708
492276
484632
462960
456816
448976
446134
442186
439690
438010
436285
434503
433243
428635
399691
390416
387344
382784
378984
375912
374232
373482
372502
370717
369737
363977
359369
356615
353861
345881
337901
337055
334877
331902
330516
322536
319782
316807
288625
260443
246679
243247
237103
236559
231951
222676
215484
210876
198444
196079
160529
157775
163535
176225
201893
221429
227309
207773
210527
213281
207521
204767
198887
173219
166899
173219
160529
196079
173399
171799
170623
168898
164338
144802
131038
127238
126998
116912
114158
101468
98714
92394
72858
67098
61218
35550
0
