0.443
0.598
0.2
0.192
0.189
0.188
0.192
0.189
0.186
0.212
0.189
0.19
0.218
0.194
0.191
0.188
0.184
0.183
0.186
0.187
0.189
0.187
0.191
0.186
0.19
0.196
0.191
0.189
0.309
0.185
0.187
0.184
0.195
0.184
0.188
0.188
0.188
0.189
0.188
0.241
0.396
0.292
0.304
0.189
0.187
0.185
0.194
0.207
0.186
0.187
0.191
0.187
0.184
0.233
0.187
0.207
0.339
0.292
0.249
0.372
0.262
0.242
0.26
0.243
0.318
0.246
0.401
0.296
0.296
0.289
0.291
0.246
0.244
0.396
0.291
0.296
0.191
0.188
0.19
0.188
0.308
0.401
0.182
0.185
0.185
0.192
0.184
0.675
0.363
0.537
0.346
0.357
0.364
0.62
0.19
0.277
0.205
0.287
0.239
0.244
0.311
0.408
0.3
0.202
0.194
0.287
0.242
0.192
0.191
0.242
0.396
0.184
0.187
0.284
0.25
0.244
0.242
0.191
0.187
0.188
0.236
0.191
0.19
0.185
0.187
0.192
0.189
0.29
0.255
0.531
0.237
0.237
0.349
0.228
0.888
0.189
0.29
0.24
0.19
0.325
0.396
0.187
0.241
0.189
0.447
0.56
0.194
0.295
0.29
0.291
0.24
0.293
0.243
0.526
0.3
0.185
0.344
0.283
0.239
0.241
0.238
0.239
0.39
0.295
0.45
0.244
0.389
0.298
0.239
0.283
0.295
0.296
0.239
0.506
0.241
0.191
0.19
0.358
0.314
0.397
0.343
0.188
0.295
0.24
0.237
0.291
0.291
0.572
0.438
0.702
0.254
0.515
0.19
0.654
0.782
0.295
0.244
0.453
0.297
0.293
0.191
0.245
0.294
0.264
0.296
0.24
0.296
0.506
0.186
0.239
0.189
0.395
0.344
0.188
0.502
0.24
0.203
0.19
0.283
0.294
0.342
0.24
0.398
0.617
0.24
0.345
0.294
0.328
0.425
0.294
0.31
0.244
0.898
0.248
0.309
0.351
0.241
0.241
0.301
0.928
0.763
0.75
0.247
0.248
0.406
0.301
0.296
0.399
0.53
0.512
0.512
0.516
0.513
0.512
0.301
0.242
0.408
0.737
0.403
0.407
0.298
0.346
0.631
0.349
0.454
0.576
0.707
0.487
0.668
0.914
0.627
1.02
0.651
0.741
0.568
0.848
0.842
0.569
0.724
0.578
0.394
0.573
0.578
0.578
1.024
0.662
0.827
1.114
0.505
0.407
0.403
0.399
0.293
0.464
0.351
0.45
0.403
0.4
0.729
0.346
0.397
0.393
0.394
0.392
0.388
0.718
0.369
0.45
0.448
0.295
1.181
0.483
0.806
0.653
1.526
0.862
0.478
0.454
0.454
0.299
0.451
0.616
0.422
0.517
0.497
0.4
0.953
0.849
0.514
1.206
0.671
0.512
0.507
0.404
0.655
0.416
0.418
0.31
0.472
0.587
0.457
0.44
0.885
0.437
0.468
0.536
1.006
0.42
0.351
0.409
0.745
0.469
0.412
0.897
0.412
0.434
0.578
0.463
0.77
0.523
0.409
0.589
0.766
0.365
0.466
0.469
1.027
0.972
0.876
0.524
0.466
0.464
0.465
0.409
0.528
0.565
0.469
0.898
0.359
0.55
0.569
0.528
0.525
1.004
0.522
0.536
0.516
1.106
0.522
0.512
0.466
0.437
0.57
0.467
0.571
0.461
0.643
0.571
0.573
0.52
0.813
1.13
0.534
1.121
0.572
0.462
0.456
0.458
0.477
0.348
0.973
0.662
0.516
0.642
0.464
0.51
0.566
0.56
0.626
0.57
0.569
0.566
1.217
0.645
0.654
0.635
0.524
0.879
0.988
0.521
0.648
0.525
1.1
0.584
0.525
0.631
0.633
1.236
0.692
0.655
0.658
0.655
0.657
0.715
0.606
0.552
0.582
0.606
0.499
0.458
0.509
0.5
0.437
0.406
0.758
0.45
0.477
0.842
0.501
0.642
0.709
0.668
0.653
0.843
1.092
0.537
1.041
0.625
1.205
0.65
0.67
0.665
0.692
0.565
0.605
0.4
0.563
1.073
0.401
0.493
0.547
0.694
0.457
0.563
0.536
0.769
0.665
0.46
1.15
1.741
0.857
0.67
0.66
0.656
0.502
0.456
0.956
0.669
0.502
1.201
0.971
1.429
1.308
0.458
0.643
0.863
0.71
1.361
0.722
0.776
1.457
0.863
1.398
1.627
0.779
0.687
0.614
0.599
1.221
0.711
1.138
0.628
1.074
0.793
0.688
0.702
0.651
0.7
1.171
0.633
0.714
0.663
0.677
0.659
0.704
0.632
0.59
1.69
1.096
0.685
0.829
0.807
0.683
0.892
0.505
0.83
1.367
0.477
1.1
0.893
0.736
0.808
0.69
0.68
0.727
0.697
0.865
1.222
0.683
0.677
2.036
2.306
0.859
1.134
1.029
1.144
2.537
1.432
1.384
2.755
1.487
1.646
1.023
1.123
1.083
0.721
0.731
0.701
1.174
0.661
0.654
0.66
0.692
0.661
1.991
0.685
0.657
0.665
0.717
0.694
1.28
0.715
0.709
0.766
0.712
0.681
0.717
0.68
0.74
1.401
0.797
1.291
2.882
1.354
1.369
1.374
1.221
1.115
1.102
1.084
1.095
1.297
1.086
1.093
1.167
1.122
0.949
1.094
1.292
1.081
2.184
1.119
1.085
1.37
2.139
0.725
0.567
0.66
0.66
0.754
1.43
0.724
0.734
0.718
0.726
0.723
0.712
1.224
1.327
1.144
1.439
2.062
1.222
1.352
0.813
1.559
0.678
0.818
1.454
0.68
1.574
0.794
0.845
0.759
1.459
0.841
2.119
2.214
0.834
2.144
0.774
0.855
0.849
0.79
0.789
0.947
0.837
0.857
0.858
0.851
0.753
0.685
0.742
1.766
0.705
0.897
0.912
1.997
1.301
0.925
1.392
1.262
0.799
0.794
0.851
0.798
0.989
0.797
1.033
0.946
0.905
1.062
1.888
0.633
0.683
0.654
1.306
1.373
2.063
0.917
0.926
0.904
0.946
0.909
0.883
1.677
1.852
0.831
0.682
0.782
0.778
1.638
1.528
1.132
1.254
1.265
1.815
1.56
0.919
0.836
0.995
0.802
0.849
1.79
0.684
0.735
1.919
2.047
0.766
0.848
0.851
0.872
2.055
0.847
0.828
0.701
0.781
0.788
0.799
0.838
0.789
0.796
0.823
0.736
0.878
0.838
0.829
0.879
0.683
0.676
0.744
1.482
0.678
3.155
0.794
0.83
0.872
0.943
0.784
0.888
0.863
0.83
1.658
0.679
1.474
1.12
0.82
0.917
0.953
3.082
1.099
3.756
0.946
0.816
0.636
0.627
1.343
1.177
1.551
1.983
1.897
1.999
1.928
1.582
1.285
1.969
0.946
0.807
1.243
0.834
0.692
0.68
0.791
1.58
0.853
0.845
0.98
2.117
1.236
1.271
2.062
0.948
0.846
1.761
0.992
0.948
0.924
1.89
1.002
1.045
0.683
1.025
1.04
0.796
1.887
0.861
0.86
0.982
0.791
1.404
0.808
0.908
0.995
0.85
1.685
0.822
0.773
0.643
0.821
0.872
0.819
1.235
0.613
0.983
0.87
0.82
1.174
0.847
0.867
1.034
0.885
1.724
0.874
0.812
0.914
0.621
1.022
0.887
0.614
0.64
2.358
0.991
0.768
1.547
0.986
0.971
1.947
0.986
0.877
1.025
1.196
1.088
0.688
1.181
0.866
0.903
0.892
1.072
3.059
0.877
1.756
1.428
1.553
1.119
0.727
1.049
0.66
0.882
1.085
1.029
1.826
0.631
1.059
1.619
0.686
1.606
1.423
1.564
1.492
2.98
1.706
1.651
1.57
1.601
1.644
1.839
1.534
1.936
3.456
1.559
2.207
1.854
1.141
1.151
1.658
1.192
0.929
2.266
1.173
0.707
0.99
1.112
0.665
0.87
0.982
0.945
1.455
1.035
0.974
0.699
1.029
1.729
1.109
0.957
0.662
0.975
2.081
0.956
0.924
1.045
0.929
1.488
0.875
0.919
0.922
0.915
0.922
0.929
0.986
0.662
0.606
1.116
1.03
1.099
2.181
1.01
2.155
1.089
0.93
0.915
0.717
1.466
0.61
1.911
1.125
2.359
0.714
0.639
0.99
0.923
1.971
1.184
0.9
0.975
0.719
1.249
1.073
1.082
0.982
0.871
0.989
1.079
0.751
1.263
0.88
0.631
1.329
0.739
0.749
0.717
1.462
0.791
1.599
0.839
0.864
0.84
1.156
0.83
0.998
0.845
0.844
0.846
1.044
0.631
0.843
1.302
0.843
1.267
0.857
0.633
1.226
0.95
1.251
1.714
2.239
0.935
1.177
1.006
0.959
0.953
0.918
2.003
0.9
0.935
1.209
0.627
0.685
1.167
0.92
0.896
0.904
0.928
1.075
1.015
0.854
0.953
1.782
0.684
1.023
0.954
0.854
0.838
1.137
1.06
0.652
2.387
0.954
1.086
0.623
0.846
1.058
1.7
0.853
1.232
0.996
1.254
1.747
1.027
0.612
1.177
0.967
1.683
0.832
1.001
0.981
0.829
1.376
1.273
1.716
1.208
1.058
0.98
0.917
0.914
0.945
0.939
1.172
1.075
1.026
1.179
0.937
1.046
1.66
1.878
1.396
1.566
1.532
1.589
1.562
1.56
1.524
3.152
1.626
1.656
1.759
1.484
1.879
1.884
1.008
1.184
0.603
0.866
1.196
0.997
0.955
0.922
1.179
1.185
0.999
0.917
1.242
1.187
0.876
1.218
2.111
0.624
0.787
1.027
1.019
0.966
0.878
0.614
0.702
0.885
1.017
1.173
0.657
0.77
2.496
1.048
1.031
1.162
0.989
1
0.973
0.981
1.019
0.98
1.141
0.802
0.903
1.284
1.074
1.381
1.016
1.062
1.014
1.064
1.02
0.863
0.942
0.608
1.135
0.846
0.769
1.184
0.916
1.196
0.931
1.052
1.966
0.975
1.25
1.218
1.186
1.059
0.615
1.102
0.62
1.5
0.975
1.061
1.044
1.02
3.325
1.74
3.488
2.119
1.974
2.012
2.337
2.479
1.993
3.98
2.099
1.702
1.782
1.71
1.318
1.72
1.755
1.622
1.366
2.152
2.027
1.188
1.164
1.301
1.62
1.61
1.594
1.643
1.694
0.999
1.736
1.525
1.648
2.025
1.024
1.216
0.599
1.168
0.944
0.697
0.695
0.895
0.988
0.75
0.939
1.48
0.693
0.585
0.745
0.884
1.218
0.592
1.344
0.774
0.598
0.988
0.902
1.142
0.887
0.703
0.703
1.049
0.947
2.006
1.725
1.183
1.58
0.971
0.976
1.75
1.278
0.99
1.65
1.578
1.79
1.754
1.188
1.5
1.568
1.854
1.253
1.784
1.622
1.697
1.809
1.581
1.192
1.015
1.024
1.631
1.928
1.936
1.121
1.326
1.131
0.725
1.076
0.981
0.716
1.079
0.722
1.089
0.655
0.71
0.997
1.007
1.036
2.263
0.664
1.949
1.028
1.036
1.029
0.702
1.148
1.097
0.652
1.083
1.031
1.412
2.559
0.937
1.034
1.154
0.926
0.66
1.088
1.149
1.641
1.802
0.778
0.691
0.919
1.019
0.928
0.929
1.08
0.664
0.71
1.07
1.134
1.401
0.944
0.898
0.674
0.89
1.168
0.977
0.733
0.736
0.958
0.848
0.682
0.696
0.743
1.128
1.177
0.98
1.898
0.678
0.765
1.186
0.783
1.12
0.68
0.666
1.008
1.059
0.748
1.17
1.056
1.052
1.081
0.727
1.023
0.682
0.938
3.225
1.151
0.997
1.22
0.76
1.019
0.992
0.971
1.041
1.027
0.952
0.948
0.724
1.337
0.693
1.205
1.067
1.047
2.095
0.908
1.808
1.058
0.776
0.896
1.772
1.11
1.062
1.15
1.124
1.167
0.831
1.237
1.353
0.988
1.096
1.015
1.141
0.974
0.699
0.906
1.128
0.708
1.168
1.009
1.183
1.103
0.839
0.814
1.704
1.085
1.165
0.686
1.078
1.926
1.121
1.16
0.851
0.873
0.932
0.885
0.869
0.842
1.076
1.1
2.031
1.394
1.041
2.175
0.731
1.14
1.188
1.067
1.105
1.076
1.008
1.168
1.208
0.803
0.748
1.812
1.037
0.675
1.237
0.889
1.155
1.01
0.741
0.737
0.748
0.73
1.43
1.373
0.995
1.025
0.835
2.067
1.745
0.898
0.663
1.027
0.739
0.916
1.078
0.999
0.996
0.802
0.733
0.994
0.75
1.595
0.724
1.013
1.014
1.005
1.466
1.946
1.148
0.837
1.013
1.075
0.971
0.989
1.006
0.985
0.973
1.001
0.946
0.836
0.7
1.034
1.067
1.068
0.885
1.327
0.721
1.118
0.701
0.958
0.814
1.302
1.384
1.007
2.402
0.757
1.102
1.03
1.089
1.572
0.71
1.074
0.704
1.038
1.019
1.01
0.713
0.985
1.219
1.202
1.178
1.222
1.418
3.055
1.635
1.037
0.84
0.964
0.984
0.95
0.915
1.162
0.933
0.721
1.04
0.928
0.86
0.725
0.766
0.991
1.057
1.348
0.72
1.863
0.883
0.971
0.983
0.996
0.97
0.974
0.98
0.977
0.954
0.742
0.733
0.711
0.719
1.089
2.853
1.07
1.013
1.019
0.999
1.007
0.777
1.053
0.993
0.949
1.09
1.01
0.788
1.71
1.006
2.024
0.831
0.793
0.951
4.286
1.425
2.606
1.408
1.76
1.389
1.588
1.569
1.701
1.679
1.722
1.769
1.713
1.662
3.719
1.736
1.726
1.753
3.402
1.853
1.796
1.729
1.747
1.387
1.685
1.801
1.53
1.41
1.807
1.52
1.043
1.09
0.747
0.967
1.056
1.497
1.026
1.105
0.811
0.917
1.055
0.825
0.984
1.616
1.619
1.696
1.689
1.624
1.709
1.613
1.72
1.451
1.51
1.808
1.32
1.619
1.718
1.388
1.265
1.104
1.105
1.066
1.021
0.984
0.863
0.822
1.025
0.842
0.978
1.078
0.938
0.863
1.057
0.851
1.037
2.228
0.826
1.004
1.012
0.974
0.951
1.064
0.968
0.974
1.018
0.849
0.814
0.831
0.927
1.506
1.221
0.949
0.827
0.926
0.819
0.967
0.986
0.974
1.149
1.06
2.552
2.627
2.321
0.981
0.99
1.004
0.978
0.963
0.929
1.04
1.064
0.857
0.873
1.435
1.372
1.55
1.64
2.187
1.892
1.523
1.515
1.45
1.551
1.588
1.48
1.577
1.997
1.982
1.565
1.57
1.963
1.746
1.441
1.452
1.81
1.76
1.13
0.979
1.046
0.902
0.917
1.021
0.869
0.992
0.966
0.967
0.97
0.976
1.189
1.187
0.921
1.282
2.045
1.554
1.315
0.963
0.933
1.06
0.817
0.924
1.216
0.852
0.927
0.928
0.932
1.027
0.887
1.505
1.335
0.866
0.872
1.025
1.071
1.008
0.918
0.901
0.87
0.916
0.793
1.21
1.679
0.839
4.007
1.226
0.987
0.905
0.906
1.226
0.96
0.973
0.938
1.029
0.973
1.02
1.102
0.853
0.92
2.122
1.894
0.904
0.944
0.799
0.961
1.203
0.895
0.857
0.866
1.801
0.916
0.906
1.114
0.91
0.904
0.922
0.89
1.043
0.943
2.754
0.992
1.849
0.927
0.92
0.93
0.919
0.924
1.833
1.064
1.037
0.898
0.94
0.988
0.937
0.815
1.035
1.034
1.169
1.757
2.537
1.675
1.666
1.746
1.546
1.04
1.112
0.875
1.001
0.812
1.095
1.09
0.962
1.233
1.353
1.732
0.97
0.971
1.09
0.983
1.062
2.023
1.048
1.211
0.968
1.314
1.564
1.539
1.597
1.839
1.818
1.653
0.974
1.992
1.059
0.95
0.955
1.177
0.965
1.176
0.92
0.96
2.408
0.82
0.786
1.064
0.972
1.132
1.066
0.95
1.222
0.851
0.954
0.99
0.846
1.083
0.937
0.834
0.973
0.993
1.068
1.174
1.624
1.609
1.91
0.956
0.947
1.046
1.19
0.972
0.963
1.678
0.947
0.896
0.959
2.152
1.636
1.775
1.982
1.583
1.547
1.651
1.708
1.62
3.372
1.799
1.767
1.733
2.18
0.958
0.859
1.191
1.051
0.962
1.113
0.834
1.217
1.184
0.967
0.954
1.032
1.046
1.166
2.176
1.025
1.62
0.871
0.92
0.921
1.215
0.981
1.875
0.956
0.942
0.991
1.073
1.033
0.941
1.536
1.699
1.989
1.529
1.712
1.529
1.8
1.074
0.964
0.907
1.003
1.121
0.899
1.241
1.797
1.627
1.592
1.884
1.841
1.403
1.808
1.993
2.036
1.622
1.818
1.624
1.83
1.452
1.808
1.602
1.115
3.286
1.72
1.769
1.666
1.715
1.47
3.111
1.473
1.058
0.944
0.975
1.089
2.041
1.11
2.244
1.116
1.081
1.035
1.092
1.241
1.114
1.084
1.706
1.452
1.308
1.019
1.116
1.003
2.09
1.906
1.059
1.092
1.097
0.981
0.959
1.081
1.098
1.133
1.303
2.255
2.279
0.977
1.193
1.077
0.949
1.119
0.894
1.041
1.114
0.948
1.154
1.067
1.082
1.128
2.144
1.303
1.111
1.147
1.119
1.117
1.441
0.998
0.965
0.975
0.915
0.906
1.162
1.004
1.129
1.134
1.639
1.705
1.529
3.052
1.113
0.907
1.385
1.332
0.872
0.909
0.859
1.633
1.731
1.813
1.693
1.057
1.073
1.03
1.01
0.805
0.749
0.91
1.075
0.926
0.918
0.692
1.587
1.139
1.118
1.139
1.164
1.143
1.489
1.491
1.493
1.567
1.525
1.503
0.922
0.899
0.911
0.907
0.906
0.901
0.902
0.892
0.903
0.678
0.692
0.763
0.632
0.64
0.636
0.992
1.833
0.65
0.659
0.657
0.64
0.637
0.644
0.656
0.625
0.849
1.896
0.809
0.806
0.359
0.359
0.394
0.355
0.746
0.76
0.737
0.855
0.985
0.778
0.74
0.786
0.694
0.697
0.677
0.851
1.166
0.693
0.678
0.729
1.176
1.189
1.139
1.132
1.16
1.128
1.114
1.28
0.398
0.363
0.413
0.243
0.24
0.404
0.408
0.488
0.191
0.286
0.242
0.241
0.27
0.254
0.249
0.245
0.407
0.507
0.345
0.347
0.356
0.352
0.719
0.794
0.351
0.348
0.348
0.354
0.182
0.187
0.186
0.186
0.669
0.601
0.608
0.607
0.611
0.606
0.351
0.649
0.4
0.399
0.398
0.397
0.399
0.732
0.583
0.507
0.555
0.502
0.507
0.767
0.51
0.191
0.273
0.53
0.518
0.497
0.224
0.29
0.244
0.24
0.398
0.293
0.295
0.291
0.292
0.294
0.507
0.342
0.346
0.351
0.622
0.431
0.507
0.549
0.503
0.504
0.506
0.503
0.194
0.186
0.241
0.392
0.344
0.345
0.368
0.377
0.351
0.342
0.341
0.348
0.342
0.453
0.448
0.188
0.189
0.191
0.282
0.189
0.606
0.431
0.649
0.834
0.872
1.625
0.915
0.926
0.923
1.818
1.02
0.401
0.405
0.691
0.525
0.879
1.018
0.666
0.665
0.31
0.32
0.676
0.709
0.694
0.665
1.223
1.467
1.61
0.921
0.917
0.487
0.4
0.398
1.464
0.924
0.557
0.576
0.295
0.242
0.398
0.29
0.386
0.348
0.343
0.337
0.401
0.35
0.347
0.346
0.215
0.193
0.189
0.19
0.285
0.244
0.243
0.399
0.646
0.759
0.449
0.453
0.451
0.526
0.457
0.456
0.263
0.244
0.397
0.305
0.28
0.285
0.257
0.183
0.179
0.181
0.303
0.234
0.232
0.397
0.441
0.441
0.437
0.539
0.443
0.437
0.505
0.342
0.39
0.62
0.398
0.399
0.402
0.73
0.841
0.192
0.191
0.188
0.19
0.305
0.277
0.397
0.359
0.359
0.36
0.352
0.345
0.351
0.353
0.388
0.634
1.107
0.42
0.429
0.397
0.19
0.189
0.188
0.189
0.188
0.293
0.243
0.24
0.244
0.242
0.275
0.242
0.239
0.24
0.496
0.479
0.462
0.457
0.462
0.458
0.457
0.3
0.294
0.297
0.522
0.664
0.413
0.5
0.473
1.017
1.498
0.639
0.553
0.556
0.554
0.888
0.508
0.509
0.243
0.243
0.24
0.242
0.241
0.29
0.401
0.289
0.292
0.443
0.399
0.398
0.399
0.401
0.397
0.188
0.189
0.188
0.191
0.188
0.288
0.241
0.248
0.452
0.298
0.544
0.351
0.381
0.361
0.354
0.345
0.441
0.447
0.398
0.394
0.727
0.836
0.498
0.518
0.495
0.948
0.352
0.418
0.295
0.295
0.291
0.513
0.752
0.397
0.398
0.289
0.296
0.296
0.296
0.292
0.351
0.351
0.628
0.404
0.401
0.401
0.426
0.73
0.838
0.641
1.29
2.023
1.613
0.723
0.686
0.718
1.02
1.041
0.713
0.674
1.307
0.931
1.492
0.857
0.6
0.608
0.59
0.631
0.58
0.593
0.592
1.052
0.685
0.75
0.672
0.714
0.683
0.684
0.707
0.672
0.922
0.871
0.598
0.523
0.698
0.862
0.62
0.976
0.443
0.754
1.11
0.463
0.786
0.485
0.57
0.512
1.043
0.54
0.527
0.552
1.019
0.355
0.633
0.408
0.559
0.424
0.409
0.408
0.405
0.444
0.418
0.196
0.199
0.199
0.409
0.408
0.903
0.867
0.514
1.445
0.531
0.513
0.465
0.465
0.862
0.793
0.784
0.782
0.774
0.316
0.331
0.499
0.4
0.701
0.49
0.497
0.914
0.574
0.579
0.677
1.228
0.927
0.931
0.9
0.895
1.798
1.091
2.043
2.739
1.04
0.421
0.42
0.761
0.355
0.352
0.352
0.191
0.404
0.877
0.408
1.461
0.838
0.25
0.469
0.409
0.236
0.408
0.426
0.793
0.518
0.193
0.362
0.193
0.46
0.412
0.49
0.444
0.389
0.415
0.462
0.353
0.247
0.278
0.36
0.354
0.518
0.296
0.246
0.358
0.406
0.519
0.51
0.835
0.475
0.812
0.358
0.41
0.249
0.424
0.53
0.564
0.294
0.903
0.283
0.411
0.251
0.452
0.355
0.352
1.012
0.446
0.416
0.446
0.85
0.448
0.823
0.494
0.243
0.363
0.432
0.255
0.532
0.447
0.414
0.356
0.357
0.639
0.41
1.028
0.799
0.758
2.093
2.669
0.417
0.417
0.955
0.977
0.682
1.457
0.685
0.696
0.505
0.514
0.507
0.926
0.611
1.091
0.687
0.636
0.845
0.799
0.42
0.805
0.578
0.674
0.469
0.411
0.422
0.253
0.854
0.416
1.009
0.596
1.3
1.2
0.909
0.247
0.406
0.248
0.789
0.247
0.57
0.245
0.623
0.563
0.607
0.78
0.299
0.247
0.575
0.566
0.3
0.248
0.985
0.248
0.437
0.407
0.418
0.471
0.405
0.578
0.46
0.681
0.806
0.623
0.597
0.415
0.58
1.102
0.415
0.807
0.561
0.467
0.636
0.359
2.169
0.81
0.353
0.428
0.576
0.635
0.62
0.299
0.468
0.353
0.628
0.415
0.625
0.394
0.355
0.64
0.464
0.752
0.874
0.616
0.516
0.528
1.263
0.681
0.683
0.681
1.828
1.323
0.73
0.739
0.518
0.463
0.459
0.567
0.734
0.528
0.52
0.747
0.412
0.411
0.872
0.642
0.439
0.58
1.444
0.739
0.352
0.462
0.64
0.641
0.418
0.309
0.735
0.411
0.678
0.3
0.515
0.519
0.793
1.326
0.785
0.779
0.783
1.543
0.868
0.827
0.972
0.517
0.681
0.975
0.588
0.568
1.163
0.756
0.754
0.573
0.897
0.568
0.564
0.779
0.408
1.699
1.05
1.006
0.742
0.774
0.923
0.565
0.518
0.915
0.617
0.468
0.571
1.213
0.621
0.616
0.622
0.688
0.433
0.746
0.361
0.887
1.086
0.781
0.746
0.408
0.461
0.622
0.702
0.631
1.05
1.052
0.353
0.922
0.839
0.937
0.743
0.916
1.129
0.518
0.644
0.988
0.475
0.683
0.467
0.746
0.61
1.101
1.225
0.715
0.919
0.463
0.75
0.68
2.702
0.645
0.465
0.462
0.459
0.868
0.543
0.663
0.682
0.569
0.69
0.626
0.793
0.68
0.466
0.782
0.684
0.638
0.464
0.711
0.459
0.607
0.609
1.524
0.691
0.61
0.882
0.771
1.29
1.037
1.198
0.657
0.518
0.684
0.694
0.726
0.768
0.933
0.74
0.893
0.586
0.69
1.587
0.642
0.618
0.707
0.737
0.805
0.689
0.67
0.662
0.625
1.491
1.277
1.747
0.503
0.885
0.516
1.032
0.6
0.627
1.104
1.239
0.699
0.708
1.363
0.762
1.244
0.76
0.652
0.731
1.349
1.913
0.534
0.7
0.741
0.543
0.795
0.677
0.822
0.725
0.723
0.727
0.676
0.758
0.731
1.317
1.335
1.303
1.312
1.377
1.308
1.31
1.43
1.326
1.607
1.836
0.944
1.331
1.285
0.922
1.087
1.293
1.183
2.416
0.829
1.247
0.825
0.931
0.925
2.182
1.114
1.307
1.491
1.089
1.304
1.176
1.169
1.126
1.33
1.675
1.214
1.064
1.291
0.762
0.615
0.723
0.968
0.61
0.769
1.405
0.565
0.719
0.741
1.797
1.403
1.046
0.591
0.906
0.752
0.67
1.62
0.788
0.953
0.7
0.794
0.649
0.765
1.498
0.84
0.751
0.538
1.214
0.757
0.652
0.816
0.736
0.931
0.748
0.648
0.832
0.785
0.947
0.717
0.769
0.848
1.226
0.739
0.759
0.705
1.039
0.997
0.738
0.762
0.978
0.779
0.669
0.824
0.691
0.668
0.944
0.561
0.73
0.751
0.77
0.706
0.851
0.824
0.76
0.672
0.566
0.867
0.783
1.119
1.214
0.759
0.552
0.776
0.745
0.766
0.704
0.815
0.767
0.821
0.751
0.548
0.656
0.907
1.272
0.821
0.803
1.053
0.796
0.852
0.833
0.772
0.704
0.851
1.131
0.612
0.763
0.821
0.63
1.843
0.717
0.707
0.615
0.641
0.825
0.962
0.738
0.607
0.663
0.693
0.949
0.738
0.951
0.693
0.771
0.808
0.758
0.651
0.969
1.514
1.293
1.08
1.325
1.055
1.058
1.186
1.334
1.147
1.138
1.332
1.149
1.316
1.104
1.318
1.354
1.545
0.936
0.681
0.66
0.812
0.752
0.706
0.716
0.815
0.923
0.769
0.918
0.739
1.386
0.791
0.663
0.874
0.716
0.778
0.921
1.503
0.677
0.656
0.761
0.691
0.756
1.501
0.813
0.953
0.839
0.755
2.063
0.772
1.009
1.174
2.067
0.768
0.86
1.722
0.91
0.77
0.769
0.708
0.807
0.715
0.737
0.768
1.604
0.964
0.952
1.909
1.771
1.207
1.202
1.388
1.307
1.55
1.637
0.883
1.495
0.898
1.001
0.829
0.672
0.975
0.878
0.667
0.708
0.778
0.816
1.082
0.81
0.988
0.778
1.769
2.392
0.663
0.734
0.757
0.767
1.114
0.853
0.741
0.824
0.992
0.851
1.002
0.975
0.836
0.798
0.849
1.762
0.72
1.458
0.696
0.982
0.794
0.834
0.681
0.685
0.678
0.674
0.686
0.683
0.674
1.344
0.742
0.784
0.86
0.898
0.829
0.943
0.928
0.801
1.42
1.204
0.85
0.689
0.803
0.931
1.01
0.841
0.837
0.761
0.757
0.766
0.737
0.731
0.725
0.751
0.751
0.9
0.732
1.073
0.682
3.104
1.361
0.731
0.903
1.131
0.735
1.681
0.869
0.959
1.067
1.427
1.584
0.953
0.74
0.842
0.79
0.823
1.964
0.906
0.791
0.742
1.592
0.844
0.957
0.843
0.854
0.849
2.076
0.913
1.051
1.005
0.855
1.656
1.188
0.904
0.92
0.887
0.893
0.904
0.766
1.447
1.062
0.992
0.836
0.925
0.969
0.896
0.892
1.987
1.504
0.853
0.898
0.889
0.893
0.79
0.877
0.932
0.787
1.147
1.444
1.78
0.856
1.07
1.007
1.091
0.847
2.735
1.089
0.802
0.791
0.886
0.787
0.928
0.9
0.839
1.083
0.913
0.909
1.285
1.466
1.492
1.14
1.771
1.39
0.823
1.392
1.05
2.867
1.266
1.297
1.427
1.249
1.279
3.086
1.3
1.691
1.264
1.537
1.503
1.463
1.257
1.277
1.741
0.776
0.824
0.99
0.863
0.889
0.822
0.88
0.884
0.824
0.863
1.532
2.824
2.907
1.253
1.351
2.623
0.959
0.9
0.802
1.285
0.896
1.095
0.812
0.78
0.771
1.055
0.766
0.768
1.131
1.157
1.842
0.993
1.472
0.803
1.698
0.978
1.041
0.773
0.77
1.056
0.899
1.088
1.209
0.887
0.849
0.785
0.785
0.932
1.054
1.929
1.713
1.297
1.311
1.341
1.823
1.514
1.698
1.838
1.702
1.353
1.585
1.593
1.451
0.804
0.89
2.562
1.019
1.021
1.032
0.977
0.874
0.972
1.133
0.971
0.934
1.067
0.801
1.306
2.473
1.924
1.663
1.849
1.408
1.896
1.445
1.304
1.523
1.635
1.332
1.023
0.963
0.809
1.964
1.025
1.192
1.724
1.992
1.052
0.796
2.037
0.901
1.101
1.4
1.612
2.106
2.043
1.635
2.138
1.63
2.242
1.157
1.115
0.862
1.056
0.829
1.16
1.154
1.108
1.101
0.941
1.04
1.192
1.173
1.522
1.359
1.524
1.563
1.252
1.111
2.225
1.173
1.171
1.156
1.147
1.211
1.127
0.968
0.862
1.822
1.516
2.917
1.638
1.594
1.614
1.697
1.579
1.598
1.807
1.572
1.98
2.449
0.909
0.837
0.966
3.027
0.847
1.078
0.826
1.109
0.944
1.153
1.076
0.887
1.213
2.677
1.511
1.064
1.088
1.149
1.539
1.702
1.43
1.454
1.664
1.673
1.954
1.837
1.506
1.615
1.414
1.508
1.311
2.704
1.8
1.973
2.149
1.004
1.46
1.122
1.137
1.122
1.086
1.048
1.01
0.945
0.971
1.016
0.902
1.211
1.135
1.249
1.127
1.987
1.884
0.944
0.924
0.875
0.972
1.023
0.884
1.006
0.995
0.905
1.036
0.998
0.928
0.957
0.93
1.322
0.908
1.62
1.878
0.9
0.971
0.948
1.113
1.075
0.967
1.222
0.968
0.905
1.002
1.118
1.08
1.592
1.574
1.384
3.908
1.476
1.932
0.954
0.896
0.892
0.966
0.959
1.074
1.06
0.902
0.994
1.018
1.884
1.12
1.276
0.909
0.905
1.812
0.862
1.123
0.908
0.906
0.891
1.054
0.955
1.107
0.961
1.013
0.851
0.899
0.986
0.855
0.862
0.87
1.047
0.961
0.849
1.767
0.918
0.859
0.865
0.843
0.864
0.881
0.962
1.199
0.881
0.893
1.056
0.83
0.887
1.151
0.998
1.606
3.433
1.438
1.46
1.712
1.626
1.654
1.702
1.667
1.7
1.663
2.01
1.511
2.094
1.706
1.418
1.609
1.181
1.183
0.977
0.877
1.049
1.358
1.449
1.548
2.038
1.961
1.994
1.985
2.011
1.992
3.095
2.42
1.255
3.745
1.54
1.329
0.888
0.91
0.89
0.927
0.933
0.907
0.902
1.814
0.851
1.271
1.394
0.93
0.872
0.975
0.88
0.853
1.272
1.399
1.835
1.667
1.865
1.404
1.425
2.118
1.407
1.7
3.103
1.397
1.517
2.189
1.63
1.427
1.858
1.489
1.726
1.431
1.41
3.193
1.866
1.639
1.459
2.053
1.443
1.937
1.229
1.088
0.89
0.833
1.088
0.826
0.882
0.932
0.852
0.935
0.842
1.013
1.045
1.044
0.902
2.337
0.951
1.304
0.862
1.005
0.867
0.961
0.845
1.038
0.912
1.134
1.012
1.119
1.023
0.875
0.919
2.298
0.919
0.848
0.847
0.905
1.018
1.312
1.278
0.855
1.296
1.269
0.885
0.854
0.871
1.276
0.842
1.048
0.913
0.983
0.85
0.998
1.017
1.211
1.127
0.884
0.976
1.113
1.327
0.857
0.847
0.907
1.026
1.213
0.857
0.995
1.289
0.856
1.186
1.129
0.991
0.919
0.902
0.87
1.13
1.378
0.848
0.864
1.151
0.793
0.851
0.879
0.964
1.022
1.346
0.926
0.866
0.926
0.849
0.851
1.267
1.787
1.396
1.397
2.563
0.925
1.027
0.857
0.855
1.908
1.278
1.025
0.851
1.309
1.31
1.134
1.057
0.815
1.592
0.869
1.329
1.313
1.692
0.901
0.924
0.88
1.306
0.905
1.027
1.081
1.12
1.324
2.183
1.132
1.523
0.849
0.832
0.801
0.897
0.866
0.88
1.025
0.83
0.885
0.785
1.134
0.882
1.244
1.058
0.945
0.845
0.813
0.927
0.858
0.958
2.119
0.842
0.85
0.763
0.876
0.894
1.651
1.321
0.897
1.119
2.197
1.28
0.883
0.825
0.785
1.173
1.062
0.865
1.489
0.884
0.868
0.848
2.315
0.906
0.839
0.9
0.84
1.381
1.116
0.909
1.103
1.786
1.709
0.822
1.301
0.866
1.075
1.11
0.905
0.815
0.892
1.114
1.107
1.319
0.894
1.037
0.806
0.92
0.899
0.791
0.881
0.798
1.392
1.429
0.823
0.831
1.048
0.804
1.132
0.842
0.935
0.924
1.311
0.834
1.352
0.994
1.167
2.722
2.407
0.994
1
0.788
1.354
1.021
0.78
2.261
0.903
4.339
1.752
1.145
0.809
0.936
0.775
0.966
1.305
1.597
1.271
0.872
0.761
0.811
0.803
0.812
0.867
0.816
0.819
1.067
0.997
1.965
1.019
1.159
0.842
1.638
1.01
0.916
0.903
0.768
0.802
0.926
0.803
0.94
1.019
1.432
0.974
0.741
1.412
0.841
0.895
0.848
1.206
1.316
1.627
1.006
0.935
0.761
1.204
0.846
0.787
0.78
1.66
0.734
0.881
0.925
0.679
0.867
0.924
0.772
1.426
0.705
0.794
0.977
1.195
1.095
0.857
0.966
0.755
2.854
0.696
0.936
0.878
1.127
1.521
0.876
0.91
0.754
1.271
2.141
0.977
0.763
1.296
0.757
1.021
0.844
0.743
0.774
0.911
1.248
0.97
0.749
1.497
1.062
1.177
0.757
1.458
1.477
0.802
0.751
0.954
1.524
0.744
1.066
0.959
0.701
1.182
0.911
2.283
3.154
0.902
0.744
0.864
0.894
0.928
0.972
1.082
1.267
0.949
0.882
0.849
1.194
0.913
1.775
0.744
0.747
0.933
0.941
0.859
1.02
0.731
0.873
0.692
0.928
0.853
0.915
1.206
0.914
0.854
0.748
0.896
0.972
2.389
0.893
0.87
0.689
1.054
0.852
0.776
1.484
0.851
0.739
0.757
1.305
1.351
1.498
1.268
0.747
0.87
0.764
0.687
0.748
1.771
0.983
0.805
0.873
0.748
0.751
0.777
0.853
1.005
0.908
0.729
1.224
0.737
0.749
0.685
1.003
0.863
0.91
1.189
0.862
0.853
0.77
1.237
1.525
2.61
0.698
0.877
0.711
0.883
1.403
0.855
1.26
0.908
1.03
0.761
0.882
1.226
0.882
1.913
1.217
0.784
1.245
0.933
1.956
2.075
1.272
2.066
3.461
1.662
2.197
3.073
1.464
1.042
1.514
1.956
0.798
0.763
1.475
0.856
1.469
3.357
0.861
1.472
1.473
1.019
0.781
0.782
0.99
0.821
0.767
0.853
0.887
2.336
1.445
1.08
1.094
2.03
1.162
0.902
1.014
1.085
0.752
0.788
1.072
1.23
1.42
0.792
0.798
0.802
1.564
0.856
1.068
0.747
1.692
1.351
2.43
1.783
1.918
1.439
1.134
1.146
1.11
1.539
1.367
1.755
1.163
1.565
1.104
1.363
1.229
0.834
1.697
1.227
1.774
1.336
0.921
0.852
0.738
0.883
0.671
1.05
1.154
0.782
1.46
1.443
0.939
1.005
0.843
1.073
0.724
0.958
0.787
0.873
0.949
0.801
0.974
0.815
1.062
1.049
1.423
0.853
0.789
1.248
0.836
0.684
1.416
0.847
0.881
1.198
0.775
0.838
1.216
1.995
0.996
0.826
0.866
2.031
0.8
2.677
1.207
1.345
1.326
2.363
1.39
1.29
1.421
1.784
1.267
0.799
0.688
1.083
1.058
1.018
1.275
1.361
1.088
0.895
0.881
0.795
0.857
1.063
0.824
1.419
0.855
1.202
1.151
0.856
0.802
1.249
1.331
0.86
1.451
0.916
0.854
0.799
0.789
0.739
0.788
0.836
0.746
0.835
0.761
1.207
0.906
1.19
1.224
1.082
2.264
1.604
0.755
1.191
0.834
0.837
0.814
0.852
0.792
0.798
0.807
0.828
0.874
0.738
0.736
0.931
1.187
2.127
1.055
0.962
0.935
0.97
1.183
0.75
0.846
0.728
0.824
1.772
0.715
0.665
0.891
0.872
0.876
0.885
0.93
0.968
0.922
1.054
0.888
0.886
1.06
0.829
1.111
0.354
0.532
0.508
0.441
0.469
0.48
0.318
0.21
0.85
0.726
0.629
0.201
0.242
0.335
0.34
0.32
0.2
0.212
0.296
0.205
0.419
0.263
0.298
0.505
0.317
0.203
0.302
0.295
0.257
0.257
0.375
0.418
0.541
0.776
0.489
0.735
0.566
0.828
0.24
0.319
0.213
0.328
0.333
0.231
0.21
0.248
0.583
0.261
0.291
0.341
0.324
0.327
0.376
0.5
0.479
0.447
0.742
0.45
0.503
0.437
0.94
0.676
0.614
0.322
0.266
0.456
0.33
0.336
0.756
0.399
0.484
0.423
0.406
0.327
0.32
0.323
0.372
0.356
0.324
0.252
0.209
0.294
0.205
0.214
0.201
0.543
0.534
0.392
0.706
0.433
0.436
0.348
0.269
0.369
0.965
0.543
0.471
1.019
0.417
0.473
0.271
0.288
0.559
0.411
0.359
0.244
0.399
0.364
0.487
0.544
0.27
0.378
0.301
0.637
0.402
0.337
0.328
0.356
0.305
0.316
0.282
0.333
0.251
0.361
0.375
1.26
0.352
0.47
0.284
0.604
0.266
0.481
0.244
0.51
0.311
0.218
0.393
0.48
0.539
0.324
0.321
0.391
0.571
0.617
0.26
0.395
0.344
0.29
0.34
0.559
0.348
0.631
0.894
0.701
0.576
1.007
0.508
0.485
0.859
0.565
0.869
1.536
0.566
0.435
0.416
0.754
0.3
0.547
0.578
0.605
0.971
1.163
0.751
0.519
1.467
0.743
0.663
0.598
0.904
0.481
0.67
0.939
0.433
0.562
0.645
0.723
0.607
0.814
0.554
0.517
0.886
0.672
1.49
0.735
0.884
0.652
0.413
0.342
0.765
0.383
0.57
0.9
0.58
0.589
0.712
0.419
0.44
0.795
0.423
0.386
0.687
0.379
0.587
1.257
0.299
0.822
0.634
1.16
0.75
0.668
0.666
0.735
0.831
0.532
0.939
1.261
0.534
0.534
0.688
0.928
0.726
0.744
0.95
0.982
0.542
1.797
1.165
0.762
1.132
0.921
0.697
1.108
0.881
0.808
0.842
1.185
0.857
0.862
0.685
1.109
0.745
0.764
0.812
1.716
1.46
1.09
0.646
0.633
2.094
0.951
0.825
0.462
1.776
0.886
0.509
0.499
0.571
0.503
0.82
1.023
0.842
0.867
0.555
0.843
0.575
1.354
0.976
0.528
0.587
0.602
0.901
0.621
0.569
0.662
0.933
0.753
0.646
0.611
0.706
0.585
0.637
0.82
1.942
0.737
0.979
0.585
0.52
0.771
1.001
0.518
0.543
1.607
1.189
1.749
0.801
0.869
1.19
1.022
2.383
1.314
1.043
1.522
1.239
1.054
1.043
0.91
0.741
0.912
0.876
1.169
0.442
0.767
0.495
0.766
0.683
0.589
0.768
0.494
1.516
1.814
1.456
1.268
0.57
0.708
1.175
0.927
1.756
0.694
1.346
0.998
0.507
0.573
0.579
1.21
0.502
0.848
0.547
0.571
0.838
0.72
1.029
0.658
0.766
0.69
1.135
0.745
1.341
0.644
0.541
0.618
0.629
0.562
0.629
0.667
1.211
0.736
1.823
0.736
1.802
1.088
0.934
0.961
0.913
1.072
1.083
1.019
1.139
1.763
0.617
1.649
2.218
0.791
1.371
0.875
1.817
1.323
0.773
1.5
1.107
1.199
2.523
1.212
1.039
1.806
1.294
1.288
1.632
1.503
1.16
1.216
1.089
1.327
1.037
1.2
2.881
1.167
1.314
1.634
1.41
1.375
1.639
0.789
1.775
0.723
0.718
0.718
0.631
0.533
0.767
0.709
1.352
1.34
2.642
0.96
1.001
0.598
0.819
0.928
0.776
0.679
0.881
1.692
1.774
0.571
1.101
1.019
0.77
0.765
1.258
0.815
1.463
1.21
1.118
1.14
1.024
1.026
1.739
1.206
2.148
2.418
1.14
1.258
1.249
1.319
1.079
1.003
1.152
0.891
1.612
0.622
0.646
1.018
2.666
0.857
1.139
1.37
1.15
1.37
1.59
1.38
2.563
1.88
0.958
1.007
0.745
0.881
1.473
0.639
0.771
0.916
0.93
1.286
1.046
1.351
1.17
1.043
0.858
1.881
0.713
1.929
0.613
0.682
0.763
1.429
0.731
3.278
1.456
1.467
0.993
1.534
1.378
1.05
0.991
1.268
1.614
1.116
1.022
0.969
1.074
0.783
0.703
0.92
2.243
2.88
1.322
1.224
2.232
2.278
1.706
1.338
0.966
1.099
2.094
1.068
0.7
0.95
0.95
0.782
0.734
1.353
0.995
2.833
1.303
2.665
0.86
0.754
0.812
2.16
1.089
1.111
0.772
2.07
1.781
1.31
1.144
1.128
1.714
1.316
2.373
1.607
1.417
1.531
1.227
1.333
1.727
1.722
1.831
1.708
1.324
1.293
1.35
3.416
1.359
1.352
1.771
1.294
3.356
1.269
1.181
1.549
2.108
0.946
1.182
1.459
1.979
1.44
1.139
2.393
1.152
1.57
0.858
1.206
1.147
1.747
0.975
1.726
1.295
0.868
1.1
1.377
1.375
1.698
1.045
1.393
2.684
1.553
0.838
1.268
1.205
0.804
1.173
1.433
0.913
1.921
0.875
0.795
1.168
3.066
1.615
1.11
0.91
0.704
1.246
2.123
1.687
1.063
0.995
1.534
0.982
1.814
1.082
2.609
2.017
1.588
1.975
1.552
1.083
1.183
1.003
1.082
2.403
2.431
1.388
0.882
0.959
1.099
1.062
1.083
1.741
1.865
0.965
1.055
0.719
0.931
1.071
0.762
1.084
1.459
1.404
2.688
1.374
1.496
1.551
1.494
1.75
1.48
2.684
1.212
1.222
1.035
0.779
0.703
0.808
0.975
0.788
0.979
0.871
0.852
0.917
0.819
0.81
0.821
0.84
0.884
2.492
0.71
2.053
2.51
1.981
1.412
3.55
1.793
1.414
2.169
1.427
1.291
1.683
1.283
1.487
2.231
1.858
2.133
1.395
1.788
1.737
1.75
3.003
1.211
1.723
1.306
1.664
1.645
1.341
1.275
2.737
1.61
1.651
1.686
1.28
1.651
1.49
1.323
1.356
1.163
3.332
1.801
3.09
1.064
0.953
1.177
1.83
1.64
1.615
1.706
1.48
1.651
2.623
2.988
2.676
0.991
1.825
1.494
1.699
2.066
1.436
1.771
1.718
1.304
1.939
1.379
1.296
1.611
1.796
1.987
2.428
1.621
1.704
1.561
1.426
3.212
1.801
1.381
2.044
1.551
2.102
1.678
1.388
1.364
1.208
1.416
1.024
1.183
0.959
0.879
0.917
1.983
0.767
0.881
1.799
1.471
0.77
1.093
1.101
1.359
1.833
1.705
1.331
1.301
1.304
1.877
1.547
3.149
1.33
1.557
1.656
1.599
1.911
1.688
1.034
0.83
1.098
1.909
0.926
1.041
0.794
0.92
0.865
1.322
1.692
2.601
1.652
1.523
1.905
1.423
2.23
1.559
1.424
1.546
1.529
2.244
2.061
1.184
0.938
0.943
0.966
1.107
1.529
1.334
1.983
1.081
1.809
0.991
1.037
0.893
1.009
0.991
1.085
1.962
1.639
1.959
1.049
1.055
1.97
2.033
1.094
1.445
0.863
1.836
2.347
2.312
1.024
1.903
1.796
3.226
1.475
1.191
0.919
1.01
1.03
1.216
0.891
1.025
1.046
2.101
0.985
1.025
0.945
0.981
1.433
1.806
1.571
1.132
2.228
1.353
1.896
1.931
1.185
0.878
1.035
1.196
1.227
0.902
0.881
1.596
2.742
1.068
2.624
1.1
1.089
1.613
0.958
1.099
1.01
1.064
0.957
1.02
0.96
1.061
1.194
1.026
2.293
2.444
2.335
1.391
1.221
1.017
1.032
0.988
1.101
0.996
0.865
1.404
1.401
1.559
1.183
1.65
1.41
2.855
3.618
1.548
1.533
1.388
1.618
1.614
1.652
1.554
1.576
1.634
1.716
1.59
2.061
1.505
1.485
3.359
1.985
1.686
1.657
1.607
1.688
1.04
1.276
1.088
0.958
0.889
1.016
1.515
0.9
0.913
0.909
0.881
0.935
0.841
1.014
1.304
1.066
1.171
1.051
1.07
1.429
1.626
1.745
1.587
1.672
1.651
1.612
2.821
1.511
1.281
1.559
1.239
2.498
1.723
1.574
1.094
1.016
1.029
0.965
1.199
1.896
2.198
2.239
2.187
2.137
3.166
1.761
2.207
1.26
1.389
1.426
1.332
1.514
1.346
1.411
1.406
1.305
1.18
1.044
1.029
1.228
1.125
1.221
2.154
1.186
1.298
1.647
1.698
1.726
1.631
1.604
1.553
1.699
1.54
1.446
1.972
2.204
1.64
1.636
2.114
1.788
2.153
2.217
2.037
2.083
1.952
0.956
1.636
1.655
1.388
1.095
0.965
2.203
1.554
1.085
1.126
1.009
0.928
1.946
1.438
1.191
0.98
1.157
0.963
1.071
0.99
1.07
0.912
1.01
1.02
1.041
1.259
1.569
1.505
1.8
1.467
1.931
1.701
3.613
2.324
1.789
1.091
1.078
1.147
1.309
1.092
1.047
1.011
1.111
1.09
1.053
0.961
1.161
1.117
1.03
1.165
1.237
0.963
0.867
1.064
1.083
1.031
1.664
1.639
1.493
1.781
1.757
1.421
1.838
1.772
1.559
1.546
1.751
1.427
1.765
1.053
0.825
1.08
0.894
1.118
0.824
0.896
0.916
0.879
0.991
1.556
1.282
1.004
0.96
1.087
1.066
0.924
1.062
1.712
3.513
1.087
0.911
1.03
0.841
0.898
1.122
1.139
0.9
1.1
0.847
0.896
1.08
1.888
2.108
1.064
1.238
1.118
1.796
1.636
1.076
1.634
1.499
1.44
1.338
1.756
1.454
1.488
1.718
1.6
1.356
1.524
1.443
1.925
1.134
1.276
1.142
2.035
1.515
1.702
1.058
1.157
1.064
1.111
1.062
1.005
0.932
0.877
1.226
1.347
2.618
3.645
1.391
1.356
1.393
1.608
1.671
1.51
1.489
1.522
1.388
1.306
1.458
1.139
1.061
0.933
1.044
0.939
0.82
0.921
1.304
2.044
0.972
1.299
1.497
1.501
1.66
1.068
1.039
1.049
1.054
2.185
2.57
2.154
2.163
2.784
1.751
1.468
1.743
2.45
1.021
0.89
1.009
0.89
0.998
2.151
1.247
1.058
1.276
1.089
0.943
1.064
1.086
1.268
1.083
1.735
1.948
1.961
1.676
1.963
2.511
1.759
1.842
1.3
1.212
0.997
1.074
1.923
1.243
1.161
1.159
1.01
1.079
0.978
1.116
1.335
1.14
1.233
1.723
0.838
0.905
0.871
1.189
0.988
1.907
1.552
1.953
1.381
1.249
0.972
1.03
1.302
0.962
1.074
1.048
0.95
1.194
1.244
0.872
0.991
0.966
1.112
0.974
1.347
1.2
1.181
1.049
1.166
1.111
0.92
1.681
0.935
1.019
0.967
1.034
1.136
1.174
1.338
1.228
1.003
1.598
1.102
0.972
1.505
1.596
0.947
0.975
1.05
0.974
1.051
1.038
0.928
0.941
0.91
1.152
1.004
1.075
1.903
1.286
1.281
1.562
1.54
1.106
0.87
0.742
0.891
1.117
1.181
0.95
1.043
1.231
0.946
1.067
1.118
1.117
0.972
0.811
0.778
1.143
0.907
1.821
0.898
0.976
0.987
0.903
0.956
0.817
0.875
1.171
0.998
1.191
1.294
1.085
0.948
0.962
1.338
1.788
0.777
0.832
0.86
2.471
0.943
0.961
3.097
2.708
0.862
0.786
0.909
1.574
1.362
1.819
1.325
1.762
1.33
1.523
1.328
2.232
1.389
0.829
0.81
0.685
0.813
0.787
0.757
1.05
0.763
0.911
0.903
0.925
0.701
0.95
0.919
1.194
1.041
0.906
0.973
1.835
1.558
1.218
1.882
1.692
1.405
1.727
1.442
1.246
1.781
1.428
1.358
1.26
1.604
1.604
1.409
1.375
1.171
1.4
1.431
1.185
1.057
1.109
0.849
1.091
2.227
1.003
0.95
0.783
1.152
0.735
0.956
0.752
1.018
0.983
1.115
0.745
0.987
1.123
1.129
1.914
0.717
0.907
0.806
0.782
1.122
0.84
0.818
0.893
1.391
1.346
1.543
1.197
1.15
0.956
0.758
1.174
1.203
0.725
1.175
1.181
1.182
1.587
0.777
1.013
0.905
0.835
0.883
0.752
0.786
1.198
0.754
0.832
1.044
0.979
0.734
0.867
1.149
0.769
0.698
0.89
0.649
0.724
0.784
1.368
0.77
0.606
0.945
0.7
0.726
1.792
0.721
0.887
0.857
1.034
1.218
0.796
0.796
0.654
0.781
0.711
1.087
1.029
0.748
0.745
0.741
1.787
0.977
0.897
1.197
0.851
1.206
0.827
1.07
1.164
1.067
0.721
1.285
0.887
0.802
0.727
1.074
1.079
0.736
0.861
0.723
0.832
1.213
1.061
0.989
0.797
0.649
0.751
0.989
0.803
1.072
2.043
1.031
0.824
0.748
0.815
1.286
1.085
1.199
1.151
0.843
1.074
0.93
1.473
0.795
0.827
0.742
0.648
0.895
0.844
0.782
0.791
0.707
0.596
0.748
1.479
0.719
1.128
1.106
0.966
0.817
0.706
0.837
1.292
0.732
0.861
0.633
0.596
0.654
0.65
0.883
0.999
0.781
1.07
0.686
0.872
0.996
0.878
1.154
1.085
0.973
0.819
0.83
0.983
0.675
0.671
0.873
0.833
0.659
0.906
1.618
0.943
1.46
1.808
0.826
0.897
1.319
0.665
0.822
0.888
0.913
1.236
0.773
0.816
1.592
1.16
0.784
0.799
0.721
0.843
0.713
0.68
1.162
0.818
1.002
1.107
0.838
0.83
1.044
0.973
0.798
1.097
0.643
1.001
0.846
0.847
1.349
1.006
0.859
1.153
1.115
1.335
1.055
0.751
1.426
1.608
1.67
1.654
1.42
1.115
1.33
1.688
2.131
1.115
1.323
3.867
1.087
0.949
1.102
1.079
1.146
0.855
0.815
1.292
1.296
1.209
1.087
1.333
0.777
0.809
1.166
1.278
0.788
3.784
1.611
0.752
0.824
0.841
0.718
1.711
1.488
1.342
1.524
1.21
0.777
1.05
0.863
0.732
1.47
0.822
1.579
1.46
0.846
1.966
1.554
2.033
1.648
3.177
1.425
1.828
1.412
1.284
1.07
1.61
1.67
1.314
1.863
1.349
1.348
1.728
2.792
1.452
1.65
1.372
2.171
0.985
0.964
0.669
1.08
0.89
1.083
0.842
0.835
1.398
0.833
0.899
0.975
0.737
0.85
0.976
0.67
1.091
1.119
1.18
0.969
1.129
1.03
0.914
1.681
1.405
1.524
1.542
2.777
1.741
1.357
2.946
1.795
1.001
1.506
1.761
7.679
1.9
1.602
2.463
1.735
2.02
1.573
1.578
1.556
1.418
1.41
1.59
4.837
1.871
1.833
1.859
4.08
1.136
1.543
1.694
1.86
1.171
1.106
1.902
1.366
2.002
2.147
0.904
0.894
0.902
0.914
0.94
0.903
0.892
0.96
0.672
0.916
0.901
0.672
0.701
0.9
1.044
0.883
1.156
1.642
1.537
1.743
1.591
1.723
1.468
0.893
0.884
0.982
0.79
0.96
0.973
0.909
1.06
1.595
0.874
0.911
0.846
0.94
0.809
0.948
1.074
1.03
0.812
0.881
1.805
1.005
1.038
0.958
0.706
1.171
1.425
1.22
1.582
2.466
0.995
1.254
0.972
1.556
1.091
1.56
1.021
1.311
2.486
1.01
0.858
1.022
0.679
1.003
0.993
0.882
1.027
0.915
0.79
0.91
1.07
0.863
0.83
0.847
0.975
0.802
1.769
1.01
1.169
1.032
0.844
0.784
2.1
0.622
0.681
0.901
1.087
1.714
0.686
1.776
0.812
0.79
0.791
0.946
0.997
0.694
2.567
1.011
0.811
0.73
1.014
0.792
0.642
0.625
0.745
0.678
0.791
0.817
1.841
0.849
0.648
1.007
0.78
1.81
0.667
0.808
0.793
1.391
1.236
0.804
1.555
0.854
0.85
0.825
0.82
0.971
0.757
0.938
0.671
0.774
0.704
0.851
0.87
0.784
0.675
0.981
0.984
0.985
1.24
1.355
0.984
0.879
1.016
0.859
0.756
1.075
0.8
0.785
0.804
1.028
0.635
1.286
0.831
0.759
0.873
1.092
0.869
0.909
0.792
1.105
1.756
1.529
1.287
2.065
0.695
1.053
0.875
1.32
0.788
0.83
0.687
0.766
1.577
1.042
1.714
0.833
0.839
0.954
0.821
1.413
0.787
0.803
0.967
0.825
0.946
0.803
0.835
0.841
0.782
0.807
0.9
0.906
0.928
1.564
0.847
1.001
0.746
0.791
1.863
1.41
0.916
0.792
1.202
1.019
0.997
0.972
0.812
0.838
0.844
0.743
1.027
1.107
0.851
0.745
0.872
1.107
0.931
0.95
1.47
0.804
1.005
0.794
1.072
0.861
1.045
0.955
1.319
0.696
0.964
1.702
1.108
1.077
0.681
0.969
0.704
0.799
0.92
0.946
0.855
0.746
1.283
1.479
0.966
0.829
0.805
0.684
1.07
1.067
0.939
1.071
0.894
1
0.996
0.844
1.026
1.326
0.939
0.728
0.805
2.807
0.675
0.78
1.786
1.194
1.054
0.923
2.111
1.403
0.66
0.83
0.661
0.984
0.878
0.759
0.981
0.825
0.889
0.793
0.805
1.019
0.826
0.826
1.023
0.801
0.859
0.685
0.935
1.034
0.8
0.932
1.152
1.095
1.094
1.121
0.791
0.782
0.98
1.006
1.779
1.149
1.378
1.405
0.8
1.013
1
1.085
0.692
1.129
1.274
0.938
1.002
0.791
1.023
0.991
0.908
2.195
0.837
2.347
1.053
0.782
1.159
0.867
0.789
0.824
0.775
0.978
0.781
0.674
0.928
0.784
0.783
0.853
0.991
0.996
0.885
1.118
0.832
1.65
0.944
0.966
0.682
1.128
0.82
1.036
0.803
1.469
0.772
0.808
0.737
0.763
1.203
1.453
0.792
0.924
1.018
1.043
0.8
0.76
1.018
1.184
0.986
0.88
0.985
0.974
1.656
0.917
0.862
0.787
0.953
0.996
0.974
0.906
1.448
1.27
0.983
0.794
0.74
1.93
1.073
1.177
1.202
1.159
0.793
0.972
0.809
0.875
0.903
1.07
0.734
0.803
1.176
1.621
0.852
0.945
0.849
0.887
0.918
1.452
2.824
0.893
1.109
1.81
1.173
1.247
1.157
0.779
1.188
0.806
1.483
0.733
1.169
0.916
2.349
1.883
1.802
1.497
1.984
1.666
1.598
1.268
1.825
1.624
1.273
2.541
1.553
0.746
0.997
0.889
0.739
1.436
1.545
1.743
1.799
1.39
1.482
1.325
1.4
1.327
0.928
0.75
1.823
0.996
0.848
0.862
0.948
0.787
0.907
0.766
0.903
0.851
1.169
1.342
0.743
1.466
0.945
0.849
1.137
1.104
0.879
0.815
1.026
1.151
0.923
0.998
0.964
0.867
0.807
0.903
1.914
0.957
1.065
0.812
1.625
0.814
1.07
0.794
0.747
0.812
0.812
0.922
1.232
0.792
1.277
0.979
1.039
1.01
0.985
1.133
0.834
0.955
1.36
0.992
0.768
1.083
1.033
0.809
0.806
0.756
0.933
0.893
0.737
0.788
0.836
0.847
0.806
1.07
0.824
0.795
1.174
1.508
1.338
1.604
1.385
1.338
1.279
1.797
1.439
1.418
1.091
1.045
1.644
1.307
1.249
1.368
1.672
2.725
1.331
1.7
1.661
1.263
1.308
1.626
1.56
1.326
1.374
1.319
1.787
2.097
1.653
1.183
1.341
1.327
1.272
1.822
1.313
1.618
1.895
0.981
1.067
0.779
0.984
0.779
0.807
1.618
1.186
1.148
1
1.003
0.848
1.446
1.193
1.234
2.934
1.327
1.359
1.001
1.435
1.167
0.842
1.016
0.863
1.035
0.811
1.052
1.02
0.751
1.112
1.958
1.422
1.855
1.823
2.371
1.274
1.404
1.856
1.385
1.922
1.75
2.778
2.497
2.423
2.281
2.792
2.847
2.184
2.514
2.577
2.157
1.773
2.083
2.304
2.094
1.017
1.927
2.799
2.507
1.98
2.082
1.84
2.517
1.207
1.655
1.843
1.016
1.087
1.813
1.261
1.583
1.158
1.645
1.615
2.088
2.619
2.576
2.131
2.143
3.861
3.57
2.372
1.756
1.51
1.122
1.132
2.893
2.021
1.265
1.348
1.607
1.612
1.589
1.489
1.697
1.749
2.401
1.678
2.549
1.946
2.737
1.334
1.317
1.484
1.841
1.887
1.485
1.831
1.615
1.834
0.899
1.758
1.126
0.815
0.757
1.093
1.186
0.728
0.719
1.161
1.149
0.773
1.136
1.148
0.912
1.142
0.902
0.82
1.051
1.502
0.871
0.758
1.85
0.848
0.749
1.295
1.272
1.199
1.714
0.882
0.803
0.919
1.13
1.147
0.943
0.806
1.12
1.159
0.867
0.91
1.096
0.805
1.25
1.264
1.008
1.054
0.898
0.851
1.156
0.782
0.959
0.765
0.82
0.851
0.743
0.862
0.834
0.778
0.796
0.876
0.755
0.812
1.277
1.901
0.973
0.807
0.97
1.073
0.86
0.823
0.842
1.241
1.699
1.038
0.956
0.735
1.547
0.948
0.84
0.788
0.828
0.806
0.751
0.816
0.914
1.976
0.874
0.788
0.768
0.929
0.77
1.06
0.977
0.833
1.013
1.352
0.796
1.608
0.953
0.743
0.815
0.782
0.75
1.424
0.854
0.746
0.893
0.947
0.754
0.828
1.005
0.952
1.123
0.906
0.843
0.734
0.856
0.956
0.911
0.854
0.959
1.065
1.476
0.923
0.912
0.961
0.978
0.906
0.97
0.701
0.81
0.801
0.881
0.812
1.001
0.775
1.069
0.933
0.716
0.897
0.906
2.751
0.895
0.802
0.882
0.898
0.85
0.687
0.888
0.987
0.759
0.964
0.803
1.806
0.772
0.75
0.933
0.795
0.788
1.521
0.936
0.786
0.805
0.88
0.859
0.926
0.75
0.745
0.8
0.958
1.018
0.85
0.798
0.789
0.788
1.129
0.893
0.843
1.006
0.923
2.365
1.047
0.764
0.66
0.969
1.326
0.775
1.08
1.091
1.282
1.169
1.065
0.924
0.954
0.989
0.841
0.993
1.77
1.333
1.115
0.992
0.82
0.899
0.955
0.857
0.667
0.891
0.973
0.976
0.813
0.969
0.832
0.771
0.824
0.655
0.909
0.908
0.917
0.98
0.979
0.7
1.347
0.793
0.846
1.042
0.817
0.726
0.947
0.769
1.576
0.905
0.862
0.806
1
0.847
0.755
0.644
0.865
0.79
0.794
0.818
1.513
1.416
0.802
0.882
0.917
0.813
0.99
0.951
0.97
1.015
1.054
0.785
0.849
0.864
0.964
0.907
0.781
0.779
0.918
1.325
1.339
0.791
0.993
1.014
0.866
0.995
0.768
0.661
0.715
0.978
0.919
0.913
0.876
0.903
0.897
0.728
0.937
0.898
0.816
0.663
0.814
0.981
1.75
0.792
0.811
0.962
0.659
2.069
0.936
0.848
0.885
0.923
1.157
0.709
0.971
0.945
0.935
0.908
0.83
0.924
0.602
1.145
0.877
1.018
0.597
0.861
0.92
0.617
0.88
0.78
0.787
0.59
0.825
0.842
0.727
0.78
0.732
0.795
1.48
1.13
0.842
3.207
1.588
1.454
1.968
1.933
1.459
1.694
1.399
1.333
1.099
1.323
1.472
1.239
1.596
1.445
1.39
1.731
1.092
1.644
4.047
3.263
1.349
1.29
1.322
1.359
1.238
1.408
1.29
1.697
1.557
1.36
1.649
1.617
1.436
1.237
1.598
1.25
1.154
1.604
1.34
1.351
0.721
0.658
0.626
0.734
0.782
1.072
0.711
0.748
0.832
0.732
0.679
0.632
0.637
0.769
0.949
0.69
0.87
0.683
0.833
0.658
1.086
0.87
0.649
0.703
1.004
0.789
0.693
0.976
0.844
0.695
0.792
1.381
0.996
1.043
0.913
0.721
0.836
0.991
0.674
0.836
0.851
0.904
0.777
1.429
0.878
0.714
0.758
0.752
0.826
0.734
0.76
0.773
0.856
0.912
0.702
0.729
0.826
0.932
0.925
0.713
0.928
0.76
0.864
0.846
1.312
1.37
0.8
0.65
0.696
0.643
0.756
0.747
0.703
0.694
1.352
0.791
1.676
0.75
1.101
0.749
1.485
0.841
0.742
0.911
0.648
0.821
1.039
1.532
1.284
1.288
1.804
1.445
1.128
1.54
1.246
1.786
1.356
1.497
1.35
1.438
1.453
1.35
1.452
1.34
1.457
1.42
2.178
0.805
0.685
0.905
0.737
0.872
0.658
0.634
1
0.864
0.998
0.81
1.017
0.886
0.89
0.928
0.703
0.75
0.807
0.827
0.921
1.452
0.794
1.101
1.015
1.034
1.016
0.897
0.645
0.792
1.024
0.736
0.698
0.637
0.872
0.797
0.742
0.87
0.685
0.762
0.594
0.685
1.965
0.75
0.698
0.642
0.876
0.653
0.797
0.641
0.697
0.866
0.636
0.727
0.796
0.691
0.82
1.034
0.699
0.642
1.125
2.317
1.279
1.339
1.205
1.424
1.203
0.643
0.648
1.253
0.999
2.015
0.899
0.846
0.816
0.772
1.058
0.845
0.794
1.052
0.771
1.035
1.477
0.797
0.709
0.8
1.235
1.329
0.795
0.864
0.795
1.088
0.836
1.072
0.85
0.853
1.071
0.852
0.637
0.839
0.796
0.843
0.845
0.739
0.788
0.847
1.086
0.565
0.538
1.342
1.057
0.568
0.799
0.704
0.793
0.688
0.741
0.782
0.788
0.795
0.814
0.845
1.061
1.064
0.842
0.882
0.692
1.385
0.789
1.302
0.8
0.834
0.763
0.824
0.558
0.568
0.795
0.746
0.689
0.83
1.047
1.475
0.543
0.696
0.795
0.696
0.847
0.794
1.494
0.798
0.805
0.818
0.743
1.055
0.799
0.796
0.537
0.813
0.787
0.923
0.865
0.764
1.148
0.805
1.039
0.772
0.746
1.335
1.26
0.863
0.543
0.853
0.819
0.798
0.9
0.789
0.742
1.354
0.737
0.744
1.073
0.947
0.801
0.591
0.777
0.943
1.647
0.879
0.872
0.801
0.818
0.859
0.552
0.812
0.759
0.815
0.861
1.086
0.825
0.823
0.823
0.762
0.827
0.849
1.612
0.772
0.896
0.769
0.827
1.473
1.248
0.849
0.971
1.068
1.537
1.157
0.858
1.16
0.846
1.154
0.834
0.81
0.817
2.222
0.586
0.838
0.851
1.227
0.809
0.917
1.531
1.69
0.888
0.831
0.906
0.835
0.74
0.892
0.884
0.556
0.846
0.741
0.866
0.834
0.934
0.771
0.796
0.582
0.798
1.651
1.507
1.435
1.388
1.322
0.917
1.216
1.726
1.262
1.024
1.316
1.186
1.399
1.332
2.915
1.342
1.212
0.77
0.874
0.864
0.736
1.423
0.748
0.743
0.926
0.825
0.805
1.578
0.798
0.902
0.906
0.996
0.701
0.935
0.727
0.71
0.808
0.753
1.223
0.902
0.839
1.683
0.597
0.839
1.153
0.8
0.767
0.884
0.74
1.139
0.743
1.264
1.441
1.4
1.172
1.334
2.424
1.302
1.156
1.26
1.523
0.994
0.926
0.912
0.925
0.895
0.897
0.953
2.025
0.83
0.663
0.929
1.704
0.823
0.895
1.514
1.82
0.902
0.872
0.872
1.878
0.733
0.821
0.894
0.828
0.83
1.008
0.827
2.095
0.925
0.823
0.664
1.041
0.757
1.061
1.078
0.825
0.881
1.106
1.648
1.08
1.911
2.807
1.535
1.727
1.392
1.277
1.331
1.325
1.478
1.167
1.378
0.869
0.651
0.897
0.903
0.687
0.809
1.023
2.512
0.887
0.792
1.119
0.785
0.938
0.848
0.958
0.79
0.837
0.809
1.062
0.809
0.931
0.841
0.886
1.173
2.781
0.735
0.643
0.73
0.697
0.957
0.964
0.854
0.831
0.801
1.119
0.951
0.672
0.83
0.913
1.003
0.917
1.094
0.776
1.404
1.07
0.973
0.896
0.87
0.745
0.913
0.903
0.957
0.817
0.697
0.773
0.967
0.85
0.814
0.86
1.103
1.003
0.69
0.739
2.775
0.945
1.083
0.638
0.974
0.993
0.982
0.67
0.994
0.754
0.886
0.802
0.77
0.908
1.079
1.101
1.099
0.979
0.644
0.899
0.976
1.813
0.774
0.65
1.119
1.104
0.691
0.85
0.872
1.153
0.856
0.714
1.042
0.828
1.006
1
0.733
0.816
0.728
1.082
0.75
0.756
0.851
1.256
1.939
0.752
1.046
0.65
0.769
0.879
0.936
0.812
0.785
0.92
0.691
0.851
0.822
0.99
0.847
0.866
0.802
0.898
1.096
1.075
1.593
0.9
0.792
1.102
1.054
0.681
0.786
0.879
1.091
0.73
0.878
1.178
0.709
0.884
0.96
1.387
0.778
1.146
0.718
1.089
0.999
0.767
2.213
1.161
0.961
1.051
0.837
0.865
1.9
1.306
1.133
0.914
0.948
0.846
1.061
1.038
0.706
0.654
0.671
0.646
0.685
0.638
0.648
0.651
