2856
3672
3717
4293
4737
23385
25145
29753
28937
28892
28316
27872
26112
7464
8280
5424
5469
8325
12933
8325
26973
27417
27993
29753
33937
33892
33316
32872
14224
5424
816
0
816
861
3717
22365
24125
24569
25145
29753
18145
21001
25609
34409
29801
30245
30821
49469
48893
48938
49754
46898
46082
46037
45593
36793
33937
33121
33076
32500
32056
23256
18648
0
816
1392
1836
20484
29284
33892
36748
36793
32185
31369
31324
30748
30304
11656
2856
3432
576
1020
19668
28468
31324
35932
36748
36793
32185
31369
31324
30748
30304
11656
2856
0
816
1392
1836
20484
29284
33892
36748
36793
39649
38833
38788
38212
19564
19120
23728
23773
20917
16309
17125
8325
8901
9345
27993
29753
36073
37009
37585
39310
42382
65062
90730
109119
112215
115335
117095
119545
120721
125257
126097
128047
129832
132586
113938
118546
117730
117685
120541
119965
124561
122801
123377
138665
139481
139526
158174
159934
160378
155770
159954
159138
159093
158649
149849
145241
144665
126017
130577
159521
160325
170411
170699
173195
185627
192819
198699
203188
215956
227426
228242
228992
257174
258020
239631
233311
233887
234823
237895
233791
208123
186451
183379
182443
184168
182443
204115
210435
228824
254492
259028
258452
255956
256244
258740
259544
249458
249170
266510
276596
305540
276596
278196
279372
288339
299809
302689
315189
314439
313593
285411
284595
285411
313593
314439
315189
318621
324333
325509
327849
328905
332025
332961
339843
340251
340455
349255
352475
355355
356411
383345
384467
374789
352727
355223
355511
360335
370421
372065
369569
369281
369415
370255
374744
386214
388012
375244
387676
381246
374208
389461
383581
396349
369415
370675
371491
397159
398944
401824
400702
397822
395008
395748
398868
425802
426858
429973
431095
435703
435317
438413
441485
435165
436101
414429
415005
396616
401152
402877
405504
411824
389144
363476
361751
358679
358103
357167
361445
374213
375929
379751
381662
382784
384384
386957
398427
401542
402393
401589
399093
398805
388719
388853
393677
396173
396461
399823
370879
370129
369283
368467
340285
331495
332155
333097
347737
348793
353282
356162
357284
354711
356311
357433
355833
356684
358595
361168
360317
348847
360317
363432
362310
360399
357284
357329
360185
361001
361577
380225
381985
386593
387037
389402
402092
402943
405799
412119
414459
415275
418029
429499
430350
433465
435376
437949
439549
440671
439549
438698
436787
434214
422744
419629
418029
410385
423153
426585
423153
431775
439419
444027
444072
462720
463296
466152
467912
468356
465500
472096
453448
452632
452587
452011
443211
438603
439419
438297
437241
437505
434625
437505
433016
459950
461072
464750
460718
460852
460718
470804
475628
475916
478412
475916
475628
478201
479052
476479
478079
480373
481495
484610
502370
510424
509573
506458
494988
493077
491477
494333
494288
493712
498320
500231
518879
519323
519899
519944
528744
525888
521280
512480
493832
517508
518324
521444
526052
526292
527192
529142
531715
531760
533520
532944
533388
532572
533148
533103
533919
533475
536583
517935
509135
504527
501671
502079
506687
503572
505483
503883
503032
516661
514088
502618
514088
517203
516081
518654
519505
520627
522227
523283
527772
530652
530839
530387
503453
502397
499517
504125
509837
515981
523961
526457
552125
571543
573899
576909
572420
583890
576246
583890
587322
600090
604579
608723
625288
631168
643936
641439
628671
615903
604433
592001
584809
586607
587051
605699
607459
608035
608443
608488
613096
615100
615055
612199
607591
605831
587183
586607
585791
586607
583535
561863
561287
583967
587039
590135
567455
568391
566666
570944
570008
588397
590122
564454
546065
539745
540321
546641
544068
540953
539831
528361
526761
538231
539831
540682
542593
545166
544315
547430
545519
546641
547445
550838
553680
554124
556980
561588
561633
580281
582041
581225
580649
581225
580781
579021
562821
558213
555357
556173
556128
553632
552828
542742
513798
513510
510630
511752
514632
513576
514632
519121
517999
498105
496983
495383
497956
509426
512541
514141
522714
524625
525476
526598
524025
512555
510644
507529
508345
508921
509329
518129
536777
537221
537266
541874
560408
562840
554040
553224
553179
534531
533955
533511
525867
515547
512115
516723
519579
519534
521294
539942
539126
520478
519902
519947
520763
517907
513299
523075
523651
524095
523651
521740
519167
516052
504582
503460
502609
501009
494689
492324
495180
496031
493277
480587
479771
477431
476580
478920
479736
492426
494791
501111
503865
501009
507153
515133
519741
517245
491577
479797
499215
504927
503871
522519
517911
520267
522763
514783
517793
512081
492663
489653
490775
516443
519323
528171
527049
528809
525953
521345
519585
519993
520038
520614
521058
502410
503226
530160
530115
529299
530835
524691
525747
524330
521450
521006
524126
521006
520266
515658
512543
516343
515527
537103
535318
536058
534798
539406
544014
545274
519606
526716
529831
532903
533393
535966
537352
545192
546977
572645
573461
559697
556841
559961
561721
562333
565553
565961
562841
561905
553105
552493
549273
550209
557091
556275
555699
555654
553894
549286
548878
548434
529786
530908
533788
534844
533722
539548
519654
546588
546156
544980
546930
524250
515450
512330
510545
504665
501911
499961
502411
504171
507291
509076
509916
512670
513846
511396
515932
515442
512370
519234
517848
482298
486906
484333
476493
471885
478995
481568
487712
489098
491548
499388
503188
524764
549404
555724
567194
579626
586818
592698
585324
601889
597745
590553
608942
630614
635103
608169
630849
635127
636852
637788
650556
644236
625847
600179
578507
567037
570109
569173
568597
569173
567448
544768
541696
553476
547764
550774
553270
557548
559144
560474
563546
569258
561278
564052
559444
553300
527632
508214
507092
480158
479102
476606
473596
475774
478414
479950
474820
493330
497130
504970
506356
470806
468233
465783
459639
455031
459639
451799
430223
426423
461973
464423
466996
473140
476736
475350
472508
475350
478743
477939
474546
474680
487180
496147
494971
496571
497747
509217
497747
488780
487180
474680
471800
474680
477020
477836
475082
468762
466397
471851
471035
468179
470544
473704
476458
474118
474969
477825
479940
479089
480211
501787
517317
525157
526543
531151
533601
536673
539246
534638
570188
551684
555484
547644
546258
510708
508135
501991
498191
507466
508588
527236
529414
537394
534754
532576
535216
527236
535076
557756
559667
562007
563129
553854
535206
534084
543359
562007
568151
573863
571311
571373
579452
581558
578784
570804
562096
557488
560498
562994
574774
600442
619860
624468
626064
619920
620031
620411
620456
642032
642608
639141
618235
620808
620515
584965
580357
584157
582771
618321
620911
623361
627969
620129
621515
629355
632951
626807
629879
634439
635255
636155
638909
639521
638399
619751
629026
630148
648796
639521
642148
645244
643519
645244
648316
670996
677316
702984
715674
697285
671617
648937
649873
628201
627625
626689
627265
620945
615065
627833
632322
643792
656224
667199
673079
668590
674734
667542
654774
656572
657897
661005
662127
643479
634204
633082
628174
625534
627712
630352
634558
642538
651268
654864
651064
651554
654626
657199
692749
687981
702365
668775
679707
684297
678153
679539
683339
680766
688606
693214
691828
670252
670828
671272
692848
692272
694932
692272
692227
691783
691828
671554
674674
675414
678529
679789
680605
684883
686668
691276
690154
694762
693437
694559
713207
722482
720697
717577
716761
713646
709038
707778
707038
688390
687214
681502
678070
679246
680302
679246
682678
688390
690730
688390
714058
711562
714058
722038
726646
729420
741200
744210
741200
721782
696114
691506
683526
671746
665602
659890
665602
668674
671014
668649
681339
675019
675835
674984
681304
678448
675694
678059
680813
668123
667001
668123
686771
688096
678821
660173
657833
660689
661540
660724
658274
660847
639271
646381
643808
637664
633056
637664
629824
633624
629824
594274
600418
602868
606464
605078
606464
614304
609744
612600
615480
617080
613687
610845
613113
609893
623657
609893
623681
623069
623681
622745
619625
620561
629361
632217
635337
638557
629757
627579
619599
621777
629757
632397
629757
630879
632204
613556
632204
631082
629757
629145
629757
628941
624381
623481
620727
623481
628041
628857
629757
630333
630777
652353
651777
651822
630246
627586
630246
630201
629757
631542
635342
643182
646778
648164
644364
646814
651422
653995
646155
681705
697235
692627
689031
687645
689451
695595
693022
685912
676637
675515
656867
658148
657572
658148
639759
636687
634962
634026
612354
616890
591222
584902
587974
588910
592006
593731
600051
618440
622718
600038
604316
610028
611624
616232
619006
621362
624372
630516
631188
614944
633838
643448
640438
621020
616412
608432
602288
604784
611976
604784
598904
625838
613406
614246
627014
638484
625716
629860
618390
591456
594888
596508
605308
607258
609040
637222
639366
647346
644896
609346
587770
579930
575322
572749
575503
571703
570317
567677
565499
557519
559697
562337
570317
573413
573458
574034
574478
593126
601926
606534
609390
610206
615232
593656
594232
594676
597336
600932
600356
599912
599867
599912
599096
599051
590251
594859
594415
589807
590215
590260
571612
572188
571612
568756
571864
580664
581108
581924
591199
595759
596695
604339
605936
608276
609092
621776
637987
650677
649861
652226
658546
661300
662151
665007
662667
659913
647223
640903
632103
634959
636719
655367
655412
656948
657059
656615
637967
635111
630503
629927
629882
630458
631274
630458
629642
625082
625286
626204
628484
629384
628772
627872
625118
625934
627845
650525
648185
643485
635645
633734
636074
643914
644730
650874
655058
659666
653966
649658
648842
660622
663118
667396
663196
682614
684210
687066
690076
694684
708688
727336
736136
736712
728732
726554
726509
725693
713913
713337
693919
690909
678645
670178
665570
658478
659294
659339
659915
659471
659915
664523
664967
664151
664106
642530
643106
646214
647974
647398
647443
644587
644011
665587
656787
638139
638547
638103
638214
638169
633561
634377
634422
637082
634422
634998
634554
642394
656158
657778
657823
660117
672617
681347
684462
687582
709254
704718
700440
682051
686587
690865
697185
695460
697185
697761
716150
719222
718286
719222
718646
715574
693902
687582
692190
695262
695151
698007
697599
696783
695023
694447
691339
693099
688491
707139
707583
708159
708204
709020
708975
708235
689607
688791
687531
684416
679808
676688
674903
674858
675674
674858
670250
669806
666950
667394
670250
674858
683658
665010
665586
687258
705906
705951
693455
714269
705469
698277
676383
663615
651183
645303
633833
625853
633833
636587
633833
633257
632441
632396
632441
627833
627389
608741
599941
597085
605885
606329
624977
629585
630161
633017
633833
614415
620127
626271
621663
624159
635939
624159
621663
618653
610673
604529
598817
603425
622843
627121
601453
609433
612443
590867
588207
587763
587718
587142
585542
588422
585542
594509
593333
602510
604110
614030
615206
627706
615206
626676
622068
640716
640761
641577
642021
646629
649485
646629
648389
647573
660163
660739
660694
660118
659674
641026
643882
641026
638146
639746
642626
641026
640210
642964
643780
639220
640120
639508
636754
637366
636466
641026
638661
635805
634954
632200
631384
618694
616354
610034
609458
609413
590765
597361
588561
583953
581097
580281
594323
594813
603613
604549
590785
594005
594617
591761
594617
601499
598379
597443
596831
593611
584811
587931
590685
592470
595590
597350
595400
597350
594900
593115
591939
589185
566505
563385
554585
548705
553241
555691
556531
557707
571749
557707
557217
558197
559319
562229
564189
564969
564984
570864
572464
575579
580277
571577
572021
575031
586501
599001
600621
614385
620160
623927
621967
621187
621927
608163
606543
594043
582573
583063
582083
568041
570047
569111
575431
573706
592095
589023
588447
562779
541107
566775
589455
592551
593127
570447
572172
553783
547463
550535
551471
529799
551471
546081
547681
559273
558533
559655
558055
556933
562813
567511
564501
567511
568251
568695
563997
561501
549721
548447
543839
535859
535187
532177
506509
500365
486323
485343
499385
500365
501345
515387
514407
500365
495667
495223
496345
497085
495963
496407
495667
498677
497077
491197
488187
489027
493725
495325
487345
484591
492571
495325
494345
495325
509367
495325
496065
495225
496825
499835
500957
499835
499095
498651
504531
501521
506219
506663
501965
500365
499465
504025
503413
506167
505351
505963
506779
507679
504925
500365
486323
487303
486323
500365
501205
501695
503295
504861
505601
506045
504923
506929
505329
499449
498469
484427
481417
480973
481160
480420
475722
478732
481588
490388
509036
509480
510056
510101
510917
515525
513185
490505
488594
480754
470219
483983
487098
478368
465868
458028
458040
456420
456465
464305
475775
488275
485160
486780
495510
498630
498585
484821
482815
483795
497837
497347
500787
500343
499603
496593
495471
489591
494289
500169
501769
502891
503335
504075
507085
502387
501943
502387
502432
503008
506116
497316
494460
499068
499884
499308
499716
495108
503908
503836
503791
502975
517017
517997
517017
502975
481303
481258
480682
481126
474774
471666
470850
470406
489054
491910
500710
504103
504148
504964
517654
519414
524022
526878
524022
519414
519990
521590
524600
525722
527288
528028
528868
527746
523048
522308
521864
518854
512974
513085
511485
520452
506410
505430
502358
500633
500057
477377
471057
445389
444453
426064
404392
404347
386032
390640
390064
390880
393736
394012
393196
393241
393817
394261
393817
412465
421265
421697
419937
410970
410526
409786
408186
402306
401184
396486
393476
398084
406884
404028
406884
398084
398660
398705
399521
380873
380429
379853
379808
378992
379436
398084
393476
394376
391622
390722
389906
385346
385958
388712
389528
394088
393476
399188
398132
395792
394616
396956
398012
401444
398012
392300
393476
401456
404210
401456
393476
393032
393077
392501
373853
374669
370061
369245
372101
376709
378469
397117
397561
398137
389337
389292
386436
387372
396647
408117
416097
422979
425733
422853
419997
422853
425733
424133
425733
432171
427563
428379
432563
413915
405115
405691
405115
397471
396655
397591
397636
406911
408671
407735
412343
430991
431435
434291
434246
441890
446450
437175
432615
418851
415731
414111
414066
410951
402221
390751
378251
370411
372171
376779
379635
398283
379635
380211
380256
381072
378216
373608
371848
371404
370588
370012
369967
370411
370456
371032
371848
368992
368947
377747
382355
377747
396395
399251
380603
380159
379583
377823
377007
377451
374595
360831
352031
351095
347975
351095
350483
359283
359895
363115
365971
372853
369633
370569
369753
351105
342305
342260
345375
344931
340323
337467
342027
343413
352380
351804
352544
388094
409670
418945
423223
422101
423223
425796
430680
439647
443414
429254
442520
433245
437523
438909
434349
438909
438169
416593
390925
381958
417508
420623
442199
443524
444264
443448
438888
438276
437376
434622
435744
436595
438506
441079
452549
455664
457264
456247
451969
442694
421118
424714
423974
425255
460805
465365
468480
477755
473195
477473
478859
475744
476484
475098
439548
440604
466272
469392
479478
471498
486724
494704
497458
485988
484812
483212
480332
477759
466289
457322
444822
443971
444822
446422
448333
447211
449784
461254
464369
462769
463891
460776
458865
455750
451190
455468
456793
478369
481484
482224
502228
501488
487328
491888
493274
528824
510842
509517
487941
489222
480255
481855
482977
483828
486401
483286
471816
469243
467332
466481
465359
468474
470385
468785
480255
486399
481791
517341
543009
552284
555880
558995
563555
564836
560276
558890
557609
522059
523445
520330
498754
489479
490219
464551
463811
463945
482593
490573
493023
495519
495630
496806
505606
506182
510107
509318
511891
518401
516801
519916
521827
522678
534148
532237
533359
534959
532386
531535
528420
492870
471294
478240
452572
444275
439715
465383
469943
471329
469943
478910
486020
486760
489875
493471
494796
485521
482406
493876
495476
497387
499960
488490
485917
484006
483155
482033
480433
483548
484399
485521
494488
499048
500434
535984
535244
556820
561098
556538
549428
550753
547638
550753
547157
545832
546572
545186
519518
510551
513944
522744
525600
522744
519351
510551
523241
510551
501821
500221
499099
510569
516608
519723
518872
519994
521594
518479
519330
507860
509771
512344
509771
508385
520808
485258
484518
475243
449575
445015
423439
420324
418724
419575
421486
422608
419493
408023
405450
404599
403477
406592
404681
416151
418724
420324
417570
409590
406734
409614
412470
414070
412470
409590
407805
406954
405354
404232
402321
399206
396633
385163
386783
377816
379727
392417
395057
396253
399133
434683
431563
429613
452293
455413
458167
459007
460792
463242
465002
466178
464393
458513
455759
454583
452133
429453
431403
422603
420653
418080
414960
414060
413820
409212
408600
394836
386036
383180
379960
376840
375904
387374
379394
376640
362876
370856
372181
365751
379515
377280
376344
377280
380034
379458
381823
383734
395514
396690
387890
388826
380846
388826
391934
392510
395006
395117
394673
392223
392357
401157
403607
425279
424773
422610
403962
403158
404009
413284
420928
425488
424552
423227
415583
411023
411959
413919
439587
447567
449478
454302
457056
457956
466452
479220
491720
499560
500682
520100
522854
524678
521606
525071
526241
527861
535505
544780
546166
571834
570638
573518
577466
583226
585137
620687
607997
610637
632213
639405
640341
638430
602880
615312
612672
609792
610988
623678
616034
606759
603294
610938
612324
610704
609534
618809
619979
618593
622058
623678
632953
634123
641767
645232
646618
648238
644773
643153
641983
632708
631322
623678
622502
620162
619106
621446
623162
623978
625154
625418
621986
616274
628964
632357
628964
637764
628964
626108
613418
616274
606999
605613
597969
607244
608864
616508
617678
619064
622529
621359
617894
616274
618314
617150
616342
631078
630142
621342
623253
625618
647290
648226
645861
647037
647841
637113
637557
656205
658701
646921
644471
666680
658700
658256
658832
656336
668116
666940
674920
677370
686170
667522
666946
674590
678022
690790
689404
681760
680590
681760
672485
674105
677570
674105
675491
683135
681515
690790
712462
693044
701540
709380
728798
729920
742420
739666
727166
729920
722080
713584
712462
713848
712678
713848
723123
721737
725202
726822
734466
726822
717547
715927
712462
719654
720590
708158
720590
713398
734974
731026
709450
703690
709450
708514
712462
708997
701353
699967
703432
704017
705342
706728
708348
699073
706717
705097
703927
700495
708139
711571
724339
716695
703927
710071
703927
700462
699137
691493
693113
694283
703558
704944
712588
716053
714433
713047
712462
710512
701712
673530
671748
668316
666696
667512
673224
673512
676584
678309
681151
682273
692359
701159
704169
707389
708325
703753
700288
698668
697498
688223
686837
688748
701438
700242
725910
723030
725670
726570
728530
757474
728530
730441
765991
768745
771625
772821
770910
758220
766200
763446
762546
760635
752655
726987
725027
722387
686837
685781
690059
700145
703265
693179
690059
691115
665447
678215
670571
667139
654371
662015
665447
666298
667420
675916
678576
670736
667982
670736
658236
666076
646658
645536
637040
656458
668958
672178
672622
677111
689879
692173
695015
687035
686099
674629
671875
658111
648836
644888
643952
649712
662144
656384
660332
661268
648836
656028
634452
627260
648836
649412
649457
649901
652757
657365
666165
684813
685629
683133
691113
693563
694739
676091
674915
674111
666131
668627
669071
668627
669203
671114
670178
648506
646595
634815
635751
657423
676071
678436
679240
691020
697831
706631
704181
703605
694805
691373
678605
670961
670517
651869
651053
642253
637645
638089
635233
634657
634702
653350
662150
666758
669614
670190
671006
670961
673817
674057
674807
677467
677512
676936
674080
665280
646632
646188
646143
646959
646143
646719
647163
665811
674611
679219
682075
677467
674457
668313
674457
684543
683607
684543
683421
686641
689651
698451
695231
686431
687553
677467
690057
690012
689568
708216
707640
709400
709844
710420
710465
711281
708425
689777
694385
694961
690353
689537
692393
691949
695169
706144
693376
693820
666886
663666
660824
672294
685062
689551
692393
718061
718877
721733
726341
735141
753789
754233
754809
753993
751137
746529
744769
744724
744280
743704
743749
725101
725917
724192
729904
730192
731917
734759
733943
728231
725389
725101
725917
725341
724525
719917
733562
738170
737726
756374
756818
756863
757439
759199
756343
737695
737650
740506
727816
719016
715623
728313
731169
728313
737113
740506
704956
692524
688576
686665
680905
659329
646639
645703
644507
641627
634435
631795
636403
635959
635143
635098
634522
631666
632482
627874
626114
628970
630730
649378
649822
650398
650443
631795
612377
603881
596041
615459
612705
615459
602959
610799
619295
631795
632917
631795
638987
641483
644339
646299
641739
632464
624820
623884
618004
615250
613465
611515
620315
622100
613300
616420
619174
616724
594044
599924
601874
598754
597578
598754
601204
605740
606184
606229
605653
606061
606877
611485
612061
600453
591653
587045
584189
584144
587252
586808
585992
594792
606262
609104
608332
621100
648034
651254
651698
657074
645680
642838
642394
630924
634044
633468
633024
614376
605576
600968
598112
598157
597341
597917
598361
617009
618769
618724
619132
619948
624556
653500
679168
681128
682028
660124
660661
634993
637747
635787
634887
632133
640113
642024
634044
652692
649836
645228
636428
617780
617204
617159
616343
615899
607099
604649
607099
606295
608791
607615
607171
604675
604099
585451
594251
602231
594251
595427
594491
594935
573263
571352
559572
560508
563604
565969
566773
578553
580464
599112
599688
597323
596472
599692
596472
586386
587508
584498
578354
577418
568618
571628
577772
578708
587508
604962
608324
611544
611100
584166
572696
572807
575649
572807
575101
602035
589600
602368
608324
615516
619384
622240
615048
613088
610592
612552
615048
616244
615122
616244
624084
626838
646256
658756
646256
643502
651998
643502
624084
616244
618155
625995
648675
651015
653857
648145
647857
649582
646740
645015
645831
651543
651831
651015
649395
648951
645731
642889
630121
618651
621871
622315
625157
652091
664859
676329
649395
636627
638587
631395
634251
632291
629795
632291
639483
636627
640427
637207
631063
634073
632951
622865
614065
613129
614065
624151
621141
624361
625483
631627
640427
639371
642803
643859
646199
647375
653087
647375
646199
643859
640427
634283
646063
646999
638199
637023
618375
627175
629625
637605
638409
639585
640029
642525
643101
661749
659384
656888
635216
634280
633836
625856
625280
624476
622565
624476
626841
648513
636733
634283
631063
643831
670765
670321
667479
670321
643387
654857
643387
630619
633839
634283
633383
631423
605755
576811
605755
607715
608615
611369
609458
601478
609458
606704
632372
634283
614865
607025
619525
622299
613803
616557
615435
602935
604057
611897
620393
634283
637139
649829
653222
640532
637676
628876
625483
634283
635087
638480
641322
646020
648876
641684
644180
651372
653332
650476
647980
646020
647076
648198
651078
655567
656011
652791
665559
692493
689651
685162
672394
660924
664144
666986
678456
678012
676287
681999
683724
684012
683196
677484
678300
675458
676634
679476
679188
680124
670038
667028
663808
657664
656728
647928
650938
659738
660860
670946
677090
680310
679188
669102
643434
640314
639258
626490
600822
599766
572832
569952
568830
569886
596820
599700
600822
614586
627276
635116
635956
637281
641979
643155
643897
652627
659819
662675
660715
653523
651027
648171
650131
652627
659819
658697
671197
662701
643283
635443
643939
649135
668553
669675
657175
665015
667769
656299
629365
626523
613755
610535
610091
617931
622467
599787
597447
595536
587696
590036
591947
594827
595949
569015
567893
565013
591947
590891
591947
603727
602876
584228
583652
581287
583198
579438
582534
570754
568843
547171
546235
548600
546150
543654
553818
553014
551838
551394
552330
553230
555984
560544
561360
561972
571247
563407
557527
571291
583981
588679
579404
580146
581322
587202
595042
594300
593124
579360
574662
561972
540300
543180
544236
543114
540234
513300
512244
513366
540300
539496
536654
537458
540851
543693
540300
538389
537489
511821
509067
501087
499127
470183
469247
466237
463017
456873
448073
437987
436865
439875
446019
446955
455755
458975
460097
470183
489601
492481
493657
492907
492667
489811
487151
490007
492667
492907
493657
491697
494193
487001
484505
481649
483609
490801
493657
466723
467779
466723
469603
466723
465601
466723
493657
495382
498224
515075
515891
521603
521891
521075
518233
517945
512233
514018
527782
528524
529700
528958
519683
505919
501221
488531
490646
498486
499326
508601
518000
522698
516818
508978
509794
512650
512695
517303
517879
520987
521098
529898
538394
557812
565652
578152
579274
593692
591271
571853
574607
562107
554267
545771
544955
536155
554803
554758
550150
531502
530926
530482
531058
539858
542714
543158
543974
544019
548627
545771
554571
553395
555845
557021
562901
564686
567806
565856
543176
540422
539582
537797
534677
525877
548557
550507
553261
550811
549995
549095
553655
554471
553859
556613
557225
552665
553565
550811
549689
522755
519875
520931
523811
550745
549689
550811
550856
550040
552896
561696
580344
580920
585528
566880
567324
566748
566304
567120
558320
555464
550856
550811
525143
537833
534440
525640
512950
510094
507238
506662
502054
502009
501193
492393
473745
476601
476157
484957
488350
492958
493003
493579
494023
496879
515527
516343
525143
538907
525143
520445
514565
506725
507467
508643
499368
498192
485502
484760
489458
498733
506573
519263
520103
521159
522281
495347
494291
491411
494291
521225
520103
522959
525455
523495
516303
513807
520999
518143
520103
528903
524295
521439
520623
521439
521484
522060
522504
541152
544008
548616
548040
547596
547551
538751
536386
548166
547230
528582
550254
551190
553555
551644
529972
531883
534739
522959
542377
539497
540673
521255
524135
522959
525599
533579
535757
544557
525909
525465
525909
526725
526770
517970
517394
517970
536618
535802
540410
543266
540410
540365
535757
534821
528677
525457
522447
531247
534467
540611
535565
538575
537453
538575
539511
530711
540797
541919
544799
545855
544733
541853
514919
513863
518352
521208
525816
517016
517061
517637
518081
536729
545529
546345
543489
543444
542628
523980
523536
522960
518352
514959
514155
515351
515895
518555
515713
523693
520837
520882
516274
507474
488826
488382
489198
488382
487806
488250
506898
515698
515653
520261
523117
523693
532968
519204
514506
528270
527528
526352
518512
524392
532232
536930
549620
550362
563532
557652
544962
546138
541578
540762
541662
542274
541374
538620
539436
538824
541578
546138
526720
525598
517758
509262
506508
503848
491348
483508
481597
479257
456577
458177
461033
463913
445265
463913
463469
462893
463709
463754
464330
464285
455485
450877
450061
450505
459305
456449
461057
463913
462791
459911
432977
431921
431345
432965
430123
430411
428233
420253
417613
419791
427771
430411
431227
436939
438664
441506
440690
434978
434690
432965
435461
442653
435461
432965
431005
428149
430109
432965
430109
429665
411017
402217
397609
397564
396748
396172
396716
404696
396716
394056
396716
396172
394976
396172
393052
390172
393052
412470
411294
391876
393052
380362
383477
378779
365015
363839
354564
353822
347942
359412
361985
363896
364747
365869
358029
359629
363577
361237
357805
358861
353149
351973
350917
356629
357805
360145
363577
364381
399931
400375
403035
403080
424656
425232
424381
421266
418693
407223
408823
409945
410796
412707
415280
413680
412558
424028
422117
425232
427872
425694
417714
415074
417252
425232
422012
432098
433220
442020
442956
449100
452320
455330
454208
444122
437978
434968
434032
425232
417252
414592
422572
422028
420832
422028
422572
425232
424296
427392
405720
406656
425045
426956
424591
422680
434460
436825
425045
425896
427807
430380
428780
440250
443365
442753
431283
428529
425414
422841
420930
425490
426390
429144
429960
429144
428244
429844
430966
430115
425555
424433
425045
427541
429501
432357
439549
436693
429501
427541
425045
426956
428556
425441
424590
422017
423139
421228
423801
435271
438386
436786
435664
424194
425045
426167
424971
425211
437711
439391
442463
445036
445480
447100
476044
476784
478404
489874
503638
512368
520208
523323
523368
535868
538988
539564
561140
563800
564244
564289
563713
561053
561008
560564
538988
537792
537248
529268
526608
527804
535784
538444
538988
546968
549608
551786
549146
541166
538988
520340
522251
519678
531148
532748
533870
534721
537294
540409
539287
538436
536525
525055
521940
520340
519164
522044
523220
503802
500922
520340
519218
516645
497109
485639
487550
485639
486761
483646
481073
481924
493394
495967
495116
493994
497109
495509
497109
498834
498546
499362
505074
505362
508204
506479
503637
497925
497109
493716
481026
472226
469370
480840
477725
466255
463682
461771
460171
459320
458198
460771
461622
463533
465133
466255
469370
461390
458730
466710
465514
468174
468718
469914
469370
467410
460218
457362
454866
452206
430630
430054
430099
430675
433335
454911
454467
454422
454866
450168
450888
453642
461622
462438
466998
464820
456840
457740
458352
455712
454896
452142
454320
453420
456060
455448
450888
442088
445308
435222
436158
435036
450392
451514
454524
460668
457658
456722
466808
475608
469464
467864
464749
453279
452428
450517
449395
446822
443022
446142
459906
461526
474026
470906
479636
476521
468681
459951
459906
447406
445786
432022
439862
439907
443022
454492
443022
445878
443022
440142
441742
440142
443022
442478
443022
445682
443022
441826
433846
435042
443022
442086
463758
466123
468034
479814
477903
478839
457167
445387
443022
443310
446190
465608
466784
463904
444486
443310
440650
440074
440119
440563
441139
441094
462670
462226
464886
443310
440670
432690
430512
448901
453509
462476
476518
479272
482247
474267
471607
472803
480783
481327
480783
483443
482247
481347
478593
477777
482337
483153
484053
479493
482247
481635
482247
473517
482013
482301
484797
488190
491410
509799
514497
519195
519739
541315
541360
538700
538655
539099
517523
516947
519607
520183
519739
516897
519739
509653
503509
500499
491699
489974
489038
488222
493934
494222
495947
490235
489947
486727
487543
486421
484801
484756
470992
467877
470997
472617
485117
476387
464917
478681
470841
458341
461456
469296
469341
478071
489541
486421
483761
484957
484413
483217
491197
491741
494401
486421
488041
488485
490165
494989
495729
498801
511301
510561
508941
508701
507021
494521
497094
468150
465078
464634
462061
462301
497851
462301
463105
462301
456421
433741
431791
433741
424941
421821
420036
417282
418458
416008
419128
420913
423667
432467
434917
440797
439621
462301
455109
453933
455109
457989
438571
435691
455109
455925
458265
460630
473320
476074
482394
485250
486101
486341
489197
489947
487287
484431
487091
486851
486101
487223
489338
490318
492683
493733
502533
507231
515146
517690
517114
517069
516625
514840
506344
509737
512233
512521
494132
497352
502050
510546
507153
503933
501437
501149
496451
514840
517500
518044
526024
524828
516848
514188
515384
514840
516440
504660
516440
494768
493832
491467
493378
491467
493832
494768
516440
511880
511064
510164
507410
506798
507374
507818
526466
535266
538122
538167
538983
543591
542415
533615
532635
531513
536211
548901
544203
553003
553983
555105
557470
544780
542415
541365
542415
560804
563779
549737
546983
544008
548616
562658
565412
560804
551837
533448
542415
537807
546607
551215
569863
567007
567823
567868
559068
559644
560088
559512
559467
558651
561507
542859
542415
540795
532955
519191
516071
507341
495871
483371
480256
480211
461563
461608
470408
465800
465356
456556
459412
456556
457132
475780
474964
474388
475204
475648
480256
480211
477551
469571
469027
467831
469001
471857
473033
475913
456495
475913
473033
473849
473273
473228
472412
463612
462436
443788
440932
436324
436369
436945
437389
456037
464837
469445
469001
470171
466778
463558
466054
469447
469735
467239
475735
480433
475735
475447
478667
470171
451782
470171
470661
471783
469418
468296
467316
458516
445826
441128
449928
450978
455676
458041
457481
470171
471771
474627
477507
475907
473051
470171
469355
463643
463355
460513
458788
457972
455116
454540
454495
445695
427047
422439
422484
423060
441708
450508
455116
457972
457528
458344
458788
462008
466568
468528
469428
470232
478212
478932
476178
477029
479885
482639
480274
473954
476319
463629
469949
467609
466758
463902
466242
467058
479748
478932
470132
467276
466832
466016
465971
465395
446747
446792
465440
474240
478848
481704
477096
477672
478116
478932
478887
478071
476949
464259
463209
454409
445609
426961
445609
441001
438145
438961
439006
439582
439006
439450
448250
452858
455714
454734
450036
462726
463776
472576
473556
474678
477043
481741
479376
478932
474372
478932
478032
477228
476508
473288
465308
466208
467012
467732
475712
473752
475712
478932
478977
460329
459885
460701
460656
461232
460656
469456
474064
474508
465708
462852
458244
457428
460284
478932
473220
474396
477828
476652
478992
476652
475596
476652
482364
478932
479476
474778
474234
478932
483630
465241
461848
458628
456132
464628
467124
470517
473737
492126
491838
492126
483630
478932
470132
470087
465479
464903
462047
461603
442955
443531
448139
450995
451811
460611
461055
479703
479748
478932
482152
482872
484832
489392
490722
491526
492426
494791
496576
495246
492026
491306
490502
489602
487642
483082
483898
481533
482283
486309
487155
465483
464547
452767
449911
448000
449050
457850
456728
455748
446948
459638
458588
445898
450596
452961
454083
455063
450365
448000
447955
447139
444283
425635
416835
416391
415815
411207
410031
390613
387733
407151
408327
411207
423707
424447
427519
425839
413339
412599
410979
410535
407463
407223
402435
405008
405248
406928
435872
433299
433743
435363
456939
454185
440143
454185
451210
454185
463152
467760
470514
488903
479936
475328
456939
457743
449763
449043
448239
447339
445379
442159
444119
439559
444119
452099
455319
456219
456939
457989
453291
455656
446856
459546
468346
467366
468488
467366
472064
469699
468649
455959
456939
456123
453783
456537
462857
450167
451018
453874
452089
454454
455270
457055
459395
456539
455688
452934
446614
459304
461669
459304
456939
457483
452785
450289
447069
428680
428392
424999
416503
413283
412563
411759
410859
408899
410859
415419
423399
426619
422059
422779
423583
424483
416503
380953
380149
415699
416503
422263
425017
425997
444645
446370
447756
448476
476658
479730
478884
450702
449886
450732
449982
450732
451548
452808
451828
443028
430338
435036
437401
436351
437331
438453
439503
452193
449828
448706
457506
452808
451908
451188
449228
453788
457008
457728
458532
459432
461392
456832
448852
448048
444828
452808
455173
452808
454593
452808
453984
456864
437446
436270
433390
436164
437144
451186
466850
452808
466850
467830
466930
467830
463270
461310
460506
459786
456566
458526
450546
455106
455826
459046
467026
467160
468140
455450
460148
459098
467898
466918
465796
466918
458118
453420
451055
452105
454470
467160
470016
471616
474496
471640
468760
467160
453118
467160
468140
467160
466314
438132
437382
436566
450608
451588
437546
436566
433346
441326
444546
442586
441686
441552
440832
438467
440427
435867
440427
442792
442926
443826
445611
446331
438351
436566
418177
419777
419057
416201
417052
419806
418990
416650
403960
406300
409156
408305
409121
402801
400436
413126
419446
421811
419727
419007
421761
422741
424466
415499
434147
434867
440627
443381
446356
464745
469353
455311
452557
449582
448602
430213
444255
445536
439776
438390
419742
415134
416520
402478
400753
414795
412041
411061
412041
410991
415689
402999
404121
405101
413901
426591
424226
423104
414304
416669
415689
416739
412041
426083
427063
413021
412041
412585
417283
412585
412041
410421
418401
417501
422061
420101
423321
424221
426181
426901
418921
415701
414981
414177
409617
410421
424463
410421
409441
410421
407541
406365
415165
411217
391799
405841
391799
390819
391799
390014
392379
394164
391799
379299
379743
381363
379683
382755
384435
381862
382602
395102
392030
392270
394843
365899
365659
365215
394159
392539
391799
394164
398862
394302
393582
392778
393828
406518
401820
400840
399718
390918
389868
377178
376278
373058
371098
379898
385219
377239
378219
379341
380321
366279
380321
379341
382197
386805
386850
387426
387870
406518
407334
416134
435670
444470
445520
446064
446784
466202
467822
467867
470621
472403
473219
487261
486281
472239
472729
474514
472729
475849
473095
467215
444535
441415
432615
441415
442591
445041
467721
469671
468495
474375
471925
469975
472729
481529
484385
488993
489809
489854
508502
503894
495094
492238
491794
491218
491173
490357
490801
491377
472729
458687
458197
458773
454165
454210
454654
436006
444806
449414
452270
449414
468062
459262
456508
456064
454339
435691
434971
440731
441451
460099
461824
463210
457450
456064
455084
456064
456880
456064
456019
455443
458197
449397
436707
435727
431029
428664
427614
426492
424707
427072
428857
426492
407844
403236
421884
422328
422904
422949
420093
422949
414149
414965
414389
414344
413528
418136
426936
426492
420172
417832
420688
417832
418683
405993
403628
402777
405142
407482
408298
420988
427308
430062
429246
426492
426936
427512
446160
443304
447912
448728
448773
457573
452965
452389
433741
433297
424497
424452
423636
426492
423636
420976
420226
419986
418864
432906
428298
419498
400850
400406
400451
397595
397550
396734
399488
385446
403835
408443
417410
414656
411681
393292
388684
388108
388924
391899
382932
383508
386364
386808
405456
414256
418864
416499
418864
417079
418864
419680
415072
423872
415072
414268
378718
377902
359254
359209
359785
360589
379237
378793
379237
378661
414211
411355
411400
414256
418864
418576
419392
416536
417112
417157
425957
426401
445049
447905
447089
447044
446600
427952
419152
423760
423184
418576
416976
431018
428162
426562
423682
422866
423442
423397
422821
422377
403729
399121
396265
397081
397126
397570
378922
387722
392330
386570
385850
384464
403112
401387
398633
397653
388853
391709
377667
377091
368291
365926
361318
363683
361898
361853
361037
362822
359966
341318
340874
350960
350416
350960
355658
350960
350109
347355
341035
338670
325980
325164
322824
319968
300550
301270
304024
302404
321822
319068
319023
318207
316425
316969
315919
315199
316249
317869
317914
318730
320512
319968
316536
318876
320052
325764
326820
325764
329196
328020
325680
319968
321090
339738
349013
347843
350915
353488
353728
355408
367908
368648
370268
369528
340584
369528
366456
364836
365280
352780
350207
349967
349523
347843
345478
343693
344815
363463
372738
371616
352968
343693
344269
353544
372192
353544
344269
345391
344269
362658
365633
356666
338277
333669
336423
341031
349998
347023
332981
330227
344269
345391
344269
325621
316346
325621
344269
351461
350339
331691
322416
341064
350339
351461
354576
335928
326653
327775
346423
355698
354576
355698
374346
365071
346423
345301
354576
357456
393006
395646
408336
410247
411443
430861
431405
432125
433907
434723
433103
430349
410931
410387
409667
407885
407840
410594
409544
408728
410348
410393
391745
392795
391673
382398
408066
406806
442356
443096
446211
447597
456872
482540
487100
488381
509957
545507
517643
516839
517643
516473
513401
548951
544391
508841
513401
514787
523754
524494
523754
545330
554605
558883
557497
548530
545415
523839
498171
501286
492011
492555
487857
487313
492011
483044
469002
466248
463273
444884
440276
444836
470504
471890
480857
516407
517147
520262
515984
525259
546835
542275
533000
529885
529145
507569
498602
497216
461666
432722
435295
433615
421115
420375
418755
418311
415239
444183
445803
447483
459983
460723
461167
464239
463999
461426
461666
460926
461666
460280
451313
476981
486256
483141
478581
487548
490663
495223
469555
460280
438704
440090
461666
426116
461666
497216
501824
507968
510418
514218
535794
538367
539753
547593
552153
547593
538318
516742
552292
526624
527364
548940
552055
561330
562611
561225
552258
516708
515968
512853
538521
539907
547551
550983
563751
566457
568057
571172
573745
585215
586337
588248
589099
595609
593824
595609
586809
584359
561679
558925
561375
570175
592855
586975
587815
590569
591745
589795
586675
589795
591745
627295
625909
626649
629764
631150
640425
666093
661533
670500
675060
644550
643810
640695
619119
609844
584176
575209
578805
557229
555629
557969
580649
582560
590400
589014
590400
592973
594884
598684
620260
628100
632708
635158
641302
653992
689542
725092
721292
713452
708844
687268
681124
678551
677355
679995
644445
647325
648521
645641
643001
640551
627861
625950
590400
588489
585916
587038
583923
582801
581950
583550
581950
570480
581950
584523
586434
587285
590400
590844
626394
625008
620448
621188
624303
645879
655154
637584
628617
654285
651170
629594
620319
594651
595932
597318
601878
601138
600594
597162
609930
613362
621006
613362
600594
603167
602045
601194
602794
603916
604767
606678
603563
615033
612460
610549
613664
612064
600594
602376
602421
604041
605091
602337
601521
599739
602493
621911
622727
621677
620057
620012
600594
600050
599330
599874
600594
597479
619055
622855
618295
610455
609069
607683
606094
584518
585904
585164
559496
564104
599654
605798
608371
572821
569021
547445
511895
509322
503178
500728
496120
503960
506410
497443
496592
493477
496050
497650
498772
500683
512153
500683
501534
499623
498501
496901
500016
497443
477907
475996
473423
461953
458838
457716
460289
461889
462740
461140
462262
465377
476847
478758
477907
480480
485088
483702
479094
482894
447344
444771
438627
436177
428337
431933
428133
463683
469827
472277
473663
481503
477907
481339
494107
486463
494107
481339
477907
475996
474874
474023
472423
475538
477449
474876
476476
473361
475934
476785
477907
489377
477907
486403
477603
481403
459827
461213
465821
468271
474415
476988
474415
482255
474415
469807
491383
487583
523133
521747
515603
513153
477603
466133
463018
465591
477061
475939
475088
473488
471577
472428
473550
475150
472577
475692
477603
482301
482845
482301
477603
474171
466527
453759
451186
449586
447675
436205
433090
431968
431117
429921
427041
391491
388851
376161
411711
409800
406000
384424
383038
375198
377771
383915
381465
383376
391216
412792
416592
419472
432162
429589
465139
429589
430785
432171
426027
430635
426027
428667
431117
460061
463133
463577
465197
465937
478437
480117
480357
451413
448341
450914
448341
448101
446481
433981
433241
432797
431117
431162
431606
450254
459054
463662
466518
467334
467910
464478
466818
464478
463302
464358
465534
459822
463254
468966
467910
432360
431556
431511
430935
412287
413103
412287
430935
433791
438399
437955
438399
438975
430175
425567
422711
422756
431556
426948
424498
418354
426194
423621
422235
424685
416845
413045
416845
395269
430819
433392
454968
461112
462498
426948
431556
435021
436641
445916
453560
454946
456116
456071
455495
455540
455096
454280
457136
461744
470544
461744
462188
462764
481412
462764
463580
460724
456116
457898
438480
439024
458442
461196
461241
462861
463911
461157
461877
461333
462149
460367
459551
459506
457886
456836
456116
455540
457718
465698
468338
466718
463253
461867
452592
460236
452592
461867
463037
464657
463487
466952
468338
486986
487562
468914
460114
468914
466058
466874
466919
471527
471083
471038
473894
473318
468710
467894
468338
460498
458587
435907
433567
441407
464087
466427
468338
462194
457586
455136
458936
457550
449710
445910
481460
484033
490177
494785
502625
524201
502625
500052
464502
466952
468338
469508
471128
469508
478783
482248
481078
477613
485257
486643
477368
475982
468338
467522
466946
466991
467567
468011
486659
491267
494123
502923
498315
489515
470867
470423
470378
471194
468338
463730
454930
454885
454309
453865
435217
435661
432805
433381
436237
436282
454930
463730
468338
467522
468338
469958
477602
478187
481652
483038
475394
478054
479379
477759
474294
473124
463849
462463
427498
413872
406032
401424
400038
397588
391444
388871
385071
385116
385932
377132
395780
396224
395648
394832
395408
394964
392108
383308
387916
383308
392108
392063
394919
376271
378449
375809
378449
386429
384251
376271
368627
365162
366548
375823
374203
381847
380677
371402
370016
373481
374651
376271
401939
409919
414527
433945
440089
451869
454365
457375
463087
467695
468271
471127
479927
498575
499019
496163
496118
495302
496118
477470
468670
464062
464107
463663
463087
463827
464949
469647
471247
474257
480137
480581
472937
476402
485677
486847
485461
476186
475016
473396
469931
477575
478961
480581
470495
470450
469634
465026
483674
465026
464582
469190
477990
478434
479010
481866
482682
479826
471026
471071
470495
467615
432065
430869
418179
416268
413628
410618
413628
412888
407008
406564
407008
407748
406148
407748
403050
407748
406626
412506
413628
412008
410622
401347
400177
396712
398098
407373
408543
410163
413628
421272
413628
413583
404783
403967
385319
384875
384299
379691
376835
378005
379127
380513
388157
389777
393242
385598
376323
374937
376537
377862
376692
378762
381772
380172
384870
384426
384870
383250
389130
388008
388748
385738
384998
380300
376835
379475
387455
389633
381653
379013
376835
372137
372681
377379
376835
375665
374045
372659
365015
361550
352275
356835
356391
355651
354051
354791
355913
357513
362211
357513
351633
348623
349067
354947
353825
356835
353825
350710
356422
358918
366898
369908
376052
369908
344240
348848
323180
318572
306792
304296
296316
297056
308836
328254
308836
334504
328792
328348
334228
335828
332818
326938
322240
320640
319518
322528
322972
323712
328410
327670
328792
331546
330826
330781
329965
349383
351165
351885
350103
350919
350964
352584
353634
350880
331462
330918
329868
328248
328792
327112
314612
312992
312252
283308
283068
282624
280051
276979
285779
293759
294563
295739
298235
298679
317327
319777
320353
321475
322531
349465
352345
350167
342187
339547
341725
344365
352345
357043
356599
353589
347709
349309
350431
349691
350431
353441
359321
358199
356599
351901
352345
349335
348213
346613
341915
342359
344699
343959
343515
346269
347009
352889
366931
361051
363416
368114
369714
370836
371380
374086
377096
374216
373094
372038
345104
346226
349106
376040
377096
380106
374394
366414
361806
364302
358158
369938
367442
386860
391468
388458
396438
377020
379876
384154
372374
346706
352418
358562
379508
373628
372506
370906
366208
365468
362458
353658
347778
345993
344817
341697
350497
348047
346097
323417
320663
343343
345793
346969
349723
355603
357388
360508
362458
359602
357424
349444
351622
348982
351622
359602
336922
334582
332671
324831
321951
295017
297897
324831
325887
327009
325887
324831
332811
335565
336621
335565
308631
305751
308631
335565
336687
335565
328373
332981
326837
352505
364285
367295
361583
356975
348995
355139
357635
331967
320187
317691
323403
331383
328373
347791
328373
325733
317753
315575
313079
315575
324375
316395
315591
314415
313971
305171
304595
323243
320793
323243
324047
325223
325799
333779
334223
315575
288641
285761
284639
285695
312629
315509
316631
315575
317357
314603
295185
294465
292683
291867
291822
292872
292328
293948
292328
293048
293592
313010
315764
314714
315530
315575
329617
315575
313210
310456
313210
312666
315006
317371
315031
317737
318281
315575
310877
310333
314281
343225
345865
348745
345865
372799
373855
372733
345799
344743
345865
320197
300779
297769
293161
298873
287093
280949
275237
278309
270329
267833
293501
295997
303977
308585
328003
331013
342793
315859
314737
313681
314737
317617
318739
315859
342793
350773
353527
348619
345865
345421
346597
343165
344221
349933
352273
351217
348877
347701
341989
345421
346543
345487
348367
321433
322489
321367
318487
345421
348431
351546
345402
333622
327910
319930
331710
339690
320272
294604
297100
301708
321126
325404
320796
317786
315290
321002
327146
347732
339752
330952
330376
327880
327436
326260
323810
305162
323810
326260
334240
335044
336220
336664
339160
339736
348536
362578
362034
364740
362400
359694
360238
357873
355119
357459
359824
345782
348536
345656
344534
317600
316544
313838
317786
320426
316478
345422
342782
313838
313793
333211
332395
331345
329725
331345
329563
328843
309425
309969
310689
312471
313287
313332
316086
317136
314382
313838
332486
344266
345106
366778
367954
369124
369866
392546
384566
392546
389792
392546
386402
372024
366312
363302
351522
325854
321246
313266
310770
313780
339448
358866
363474
371454
377598
380094
385806
397586
398756
390260
402040
407752
412360
415370
423350
418742
424886
444304
438592
412924
401144
403640
415420
396002
389858
381878
378868
376372
402040
404746
401992
387950
387406
389771
392111
389405
387065
401107
401651
399286
402040
430984
427036
430984
428344
399400
396740
399380
408180
405730
408226
408802
409606
428254
427450
419470
400822
399646
407626
410076
409632
409743
407247
406671
407847
399047
376367
380903
381645
382815
383991
402639
424311
441713
453493
452323
451147
432499
420719
414839
415679
394007
419675
416921
424901
416921
419675
422429
421379
421334
420518
418736
417116
416572
397154
397199
398249
399869
400685
402467
403187
403731
423149
422429
419675
420425
414713
408569
382901
378293
375283
363503
344085
336105
333609
333654
334098
334914
335490
354138
362938
367546
370402
369232
370402
361602
363552
361767
355887
353133
351957
349507
358307
355187
356363
362243
364028
367148
365198
342518
365198
367952
370402
370946
373802
382602
401250
405858
406434
387786
386970
386925
386481
385905
377105
372497
369641
370457
370901
370946
362146
361702
362518
361702
361657
361081
342433
337825
334969
335545
335989
354637
363437
368045
370901
370946
370901
379701
380145
384753
384270
388734
389310
389718
392826
384026
379418
379463
376607
357959
358775
358331
361037
363402
358842
372884
375638
377978
377434
374680
372340
369634
358040
358584
356219
356961
350829
353489
376169
376745
398321
398765
386985
381105
379929
378759
378017
355337
367117
372997
394669
413317
414493
415663
415708
397060
405860
405416
404600
404555
423203
423647
423692
424268
427124
418324
419140
423748
419140
418564
399916
397060
394420
365476
361528
390472
394420
397060
396484
391876
383076
364428
363984
363168
363984
361128
361704
362148
380796
389596
394204
397060
397015
397060
405040
407794
399814
397060
396320
404300
403124
402680
384032
383228
375248
372798
381598
372798
375248
374672
375848
373352
375848
376292
377096
377672
396320
395876
395831
395255
386455
367807
363199
367807
368383
368428
369244
368428
371284
380084
398732
399176
396320
397442
416090
417415
414559
433207
433651
434227
434272
435088
434272
425472
406824
406380
405804
405759
410367
410775
419575
417415
438991
442939
448699
449635
462067
469259
470429
469259
490835
493495
493540
493495
471919
469259
468815
468239
468815
469259
469835
470279
479079
497727
497682
500538
505146
505962
505146
500538
491738
473090
472646
472070
472115
469259
470381
479656
478331
496979
495857
477209
476393
476348
473492
468884
460084
441436
440860
440416
420998
419948
419132
419087
416333
415789
415069
413449
411667
420942
439590
440712
431437
412789
411667
419647
410372
391724
390602
409250
410372
419647
418471
420811
417379
416323
410611
416323
417499
415159
416215
419647
398071
379423
373543
372367
394039
382259
381683
381638
382808
380148
386028
385286
386028
387204
405852
404682
404238
404283
381603
403179
403623
415403
393731
396391
396967
419647
405605
405061
402696
400356
397650
398194
412236
409482
412236
414942
417282
419647
448591
445951
442003
444643
415699
424974
423852
405204
395929
397051
415699
419647
416893
408913
414673
410725
398293
402241
403363
410555
411491
405731
424379
417187
416251
406976
388328
409904
422336
421214
430489
408913
428331
429501
428331
434043
436683
439693
452193
460993
461569
461857
460681
460237
461359
480007
489282
480007
478885
476389
475813
457165
459615
468415
469591
470035
472531
473107
454459
473107
481087
472287
469837
461857
461053
461187
461142
439566
461142
458482
459058
459502
459058
459103
461763
461187
480605
481781
484661
483539
474264
455616
457527
460992
463357
464687
477187
479365
482758
485600
486404
463724
463280
475060
480940
499588
499543
496883
475307
476477
475901
475946
474776
473600
454952
433280
427400
427976
449552
452212
473884
473142
474318
474762
475504
498184
486404
487340
481580
474388
473452
461020
468212
464264
470024
473972
486404
464828
486404
489110
489654
486948
484194
470152
469608
483650
485990
488355
486015
488769
486404
508076
510716
539660
536382
533742
504798
508746
511866
525630
527250
539750
539795
542910
550750
559480
570950
567835
566665
567835
566659
569539
556771
557947
577365
574485
574440
573996
571336
549760
549184
548380
539580
531600
512952
510502
508006
507562
506986
505810
493378
489430
483670
476478
454902
453966
475638
494286
516966
518136
518878
524758
525934
537714
516042
515300
514124
495476
489596
477816
476646
453966
465436
474236
476186
477806
505988
507770
511202
514044
517437
516633
513240
510398
511202
498702
495582
484112
484157
470393
484157
484112
487232
484117
496617
494997
496617
508087
516817
524657
527772
519042
511202
519182
521547
523725
511225
513136
511225
503245
500880
497415
509915
507737
511202
522672
524272
527387
528238
530149
532722
533844
531894
535014
557694
559644
562398
568278
570063
578863
575743
553063
550613
549437
546683
540803
539018
541468
542644
533844
531479
529139
526433
523679
509637
512002
514756
528798
531504
528624
527448
508030
510910
510366
512706
513882
514426
533844
537792
566736
569376
540432
537792
533844
535014
533844
533094
532243
533365
531765
528650
529501
518031
516909
514998
518113
529583
532156
534067
535667
533094
534216
545686
548259
550170
551021
549421
548299
549899
553014
549899
547988
547137
544564
533094
521624
519051
517929
519529
520651
521502
523413
520298
518698
521813
520962
519051
521624
533094
521314
518199
519321
520172
521772
523683
526256
537726
536126
535004
534153
532242
520772
518199
521314
527194
504514
505684
506426
509522
521302
520560
519390
518214
496542
490662
478882
480058
498706
521386
502738
491268
482538
470038
477878
464114
456274
454654
451539
454659
468423
470043
482543
494013
502743
502788
499668
499623
502738
522156
519276
520452
523332
503914
502738
499623
498772
496199
497799
498921
499772
501683
490213
492786
504256
507371
505771
503860
502738
525418
526588
528208
534352
536134
539249
541822
543733
544584
546184
547306
545706
543133
541222
540371
539249
536134
524664
536134
532741
550513
547671
548841
547671
550011
552376
555082
557836
571878
569124
566418
564053
550011
547671
550311
555135
526191
523551
523007
526955
527499
523551
512081
510170
508570
505455
504604
502031
500909
475241
467261
469439
477419
479330
491830
495295
493117
491206
488841
491206
487741
475241
474065
468353
471785
468353
469529
475241
474185
471845
472901
475241
493889
496745
505545
506265
506841
507285
507330
508146
512754
509634
500904
500859
497744
489904
488284
476814
463050
450550
449830
449785
445177
436377
417729
414873
415689
415245
415290
415866
416310
434958
443758
448366
451222
450406
449830
452710
433292
434468
433292
452710
449830
468478
445798
445056
466728
489408
490578
491754
494202
488322
487152
498932
487152
468504
467328
468070
473950
473134
475990
476434
495082
503882
504458
504503
503927
503483
508091
508907
506051
501443
492643
473995
473950
473905
473461
454813
453997
445197
453997
458605
461461
456853
453997
454813
454858
455434
455878
474526
473950
454532
462176
464136
462966
463551
460695
459879
455271
455715
455670
456486
456042
447242
446666
455466
456042
474690
474735
479343
482199
463551
471531
473709
476349
475805
467005
463057
434113
433297
433252
436108
435664
417016
417832
413224
417832
417256
417301
426101
426677
424622
425066
443714
440858
440314
437608
423566
421201
418861
416107
416849
413839
401339
402939
405795
408675
408387
408675
402963
402387
405397
408037
416837
429337
426697
427273
432985
424185
424761
427617
426801
431409
440209
458857
459301
459346
460162
459586
459142
459097
440449
435841
427041
424185
425165
428021
432629
441429
460077
460122
457266
457710
448910
444302
425654
426230
425414
426230
425654
425210
425165
423989
425165
444583
425165
422285
425165
425276
424460
433260
451908
454764
452241
453057
457665
453057
453012
452436
452481
452037
433389
424589
425165
427805
435785
437963
435323
427343
425165
436635
462303
464253
467095
488767
494647
493905
492735
491559
472911
491559
485679
486855
488025
488767
466087
454307
432635
455315
467095
467911
470983
485025
493521
494097
502077
510807
513172
505192
507370
515350
517261
520726
518815
531315
528950
525485
512985
510807
506199
505623
504807
504363
504318
495518
492662
474014
480158
481778
482948
505628
504458
502838
480158
474014
482814
483426
484362
487582
501346
504466
507322
514966
516136
514966
517144
514966
517606
525586
517606
514966
522610
526042
538810
558346
560026
562882
567442
571390
574365
566385
569241
570057
582747
585501
587841
594161
595012
597377
600257
601433
582015
580839
577959
580137
588117
607535
620035
624595
627091
628141
637416
640258
652690
653134
667176
668156
672716
673616
674228
675044
677798
663756
671400
672380
668948
681716
695758
682990
682010
685442
677798
675620
667640
670280
672458
680438
677798
678974
660326
659150
657980
657238
634558
640438
662110
680758
681928
682670
670890
665010
643338
655118
677798
671918
674672
688714
679914
678129
676953
673833
679713
681498
684618
693418
693908
679866
678886
680836
703516
705966
707142
704388
701938
699988
677308
680062
706996
719764
722337
723188
722698
723678
709636
723678
735148
709480
713758
702288
711255
713620
717052
729552
738048
739648
740192
743167
755857
755041
754465
757537
771579
757537
749557
750133
741637
738565
747061
738331
746311
755041
755857
754877
740835
741815
755857
754687
747043
759811
763243
750475
747043
754687
742187
744365
756865
764845
756865
754687
768729
767749
753707
754687
757662
761610
758635
739099
736243
740803
736243
737923
757459
760315
758635
754687
757327
759505
767485
765307
762667
754687
743217
755717
753352
740852
737387
756866
748886
746708
750173
752538
754449
756627
764607
784025
782849
785729
782849
784025
764607
763007
765887
768743
770343
767463
764607
765587
751545
750565
764607
765729
762975
775665
776516
774176
780496
783352
785717
786533
780213
779397
766707
764342
761486
763826
766580
765729
764749
765729
751687
765729
768483
769095
769911
770811
775371
774759
772005
771105
770289
765729
752961
749529
741885
755927
756907
755927
741885
755927
754947
740905
741885
739707
737067
729087
751767
757911
756741
758361
752217
753387
751767
729087
717307
711427
710257
691609
690433
668761
646081
645339
644359
630317
634117
612445
610267
618247
620425
632925
620425
612445
614941
617783
616733
618058
605626
606070
618502
619552
618227
617783
614941
612445
598681
595825
587025
583805
582869
579749
593513
596369
599589
600201
609001
609937
613057
612445
631863
633039
635919
616501
615325
612445
599677
596923
569989
596923
609691
612445
609872
612445
610765
607909
612469
592933
589958
586010
589958
592814
612350
614030
617005
612445
621245
639893
642749
643193
647801
647846
648662
649238
660708
635040
639318
627848
629024
626684
630116
635828
634772
633596
627884
624452
625268
627608
626996
627608
623048
622232
626792
625892
623138
624038
626792
627848
636578
650620
651436
659416
658600
659176
666524
665948
657218
649238
657734
660806
657734
649238
649782
651564
649199
636509
637325
640079
652769
655625
657965
657149
654293
655144
648824
646070
645219
647584
645244
651564
650748
651324
632676
632721
633537
633981
652629
649773
649329
640529
649329
648753
648708
653316
656172
651564
648132
656628
669128
668584
665609
656642
643952
642352
655042
658017
659617
660161
669128
671493
669128
660632
648132
651564
670212
669636
668820
668775
659975
659531
660107
662963
663008
667616
668060
649412
650228
647372
642764
651564
653742
666242
674222
672044
659544
651564
653475
661455
663633
665998
653498
650033
647855
660355
652375
650464
648099
651564
652380
643580
662228
643580
643535
638927
636071
636116
640724
641168
649968
649392
648576
649152
652008
651564
652140
670788
679588
684196
684640
683824
684640
684685
680077
671277
652629
652185
651609
648753
651609
651564
671100
669924
650506
647626
666274
675074
679682
682538
681722
681146
672346
673162
670306
665698
666274
666319
666274
647626
647182
647626
644651
642971
623435
620579
616631
621191
622871
618311
621167
640703
643678
647626
648070
645214
654014
672662
671846
671270
670826
652178
652754
643954
643999
646855
646810
647626
643018
647626
660316
664876
665692
666592
669346
669958
665398
664582
663682
660928
660316
657460
655860
657460
660316
657436
660316
664924
665740
656940
656985
675633
684433
679825
679780
676924
677368
676924
679780
679204
678388
678964
660316
663158
663602
676034
685309
686359
685309
676034
675590
663158
665654
662812
660316
662276
660316
667960
660316
652336
639836
647816
645638
647816
660316
660361
673129
675883
678456
705390
702636
699780
672846
670273
657505
638857
639673
639097
638653
637673
646473
651081
669729
670173
661373
660557
660512
655904
658760
659336
660152
657812
656996
659336
656480
653726
641036
638671
651361
653726
652875
646555
652875
653726
656480
659336
659381
659825
662485
684061
684637
687210
689121
689972
691572
694687
695809
707279
706463
706019
705443
696643
677995
673387
670531
670486
659016
633348
632772
635844
649886
650462
636420
627924
619194
627924
627108
624036
632016
632832
641328
633348
627636
628212
628500
631140
618640
616000
615424
615136
612126
603326
609038
621538
624548
633348
634470
635321
634199
631084
619614
617041
615130
613530
616645
628115
630688
632599
634199
633348
641328
676878
678159
699831
700811
701981
703241
680561
683441
682271
691546
685402
708082
709252
710872
717016
715396
721156
723729
725329
726180
737650
735739
734139
733017
734139
736050
732935
721465
718892
722007
721156
719374
722806
710116
697616
706112
718612
717012
713580
715180
706684
719374
722349
731316
733681
731316
730772
727797
718830
719374
718930
716270
715694
715649
716225
694649
697309
697354
697798
719374
724204
704668
702988
699040
694480
697336
716872
719847
721527
725475
722500
727060
713296
704496
701376
715140
712284
715404
712184
715040
715976
715364
718584
717648
718260
727060
729814
730714
731530
728776
733336
732436
731824
731008
726448
727060
729633
728033
731148
742618
744218
745069
744218
743096
745007
743096
739981
728511
729633
727060
719080
716902
724882
737382
739560
727060
739560
731580
729402
731580
739560
737649
725149
721684
724049
727514
725149
727060
728660
740130
742703
739588
736746
734796
737638
738760
727290
729201
728079
726479
725628
723717
721144
724259
725110
727060
734900
736811
759491
761831
762953
763804
765404
764553
761438
749968
747395
746273
748184
750757
762227
765342
763742
761831
771106
792778
784798
783628
782648
785528
794495
795755
831305
832285
833455
830575
821608
829588
794038
792778
771106
761831
762647
765012
771332
772183
774937
787627
789967
789116
786362
780042
777677
764987
764171
761831
758975
761831
753031
751081
749299
745867
744247
716065
737641
740301
740745
740790
740214
718638
715978
716554
716110
716065
704595
702684
700111
701233
700382
699260
696145
694545
706015
706866
708777
711350
714465
716065
718515
719691
722445
745125
748245
725565
727515
736315
742195
736315
738100
735650
734474
731720
729935
726815
718015
716065
713311
686377
683804
671036
683804
686558
713492
716065
706790
709632
712128
711277
710227
707385
704889
705939
715214
715658
728090
727646
715214
712099
709526
707615
706764
705642
694172
692572
680072
682250
690230
702730
694750
692572
688012
687112
684137
682457
677897
680753
700289
703264
704944
708892
704944
705556
708310
709210
706456
705844
710404
711220
691684
690868
688012
692572
706614
692572
693148
684652
681580
680764
672784
675856
684586
692566
693382
684652
693148
692572
693418
721600
722416
723166
723610
723565
723121
720461
698885
698309
719885
720461
723121
723166
721566
724446
727302
724422
721566
723166
721996
729976
720701
699029
663479
660599
659339
658359
649392
652488
661763
663023
665903
667073
677669
678649
679930
715480
722044
714400
725870
717374
708407
717374
720349
720893
722493
719518
717153
729843
729299
737795
725105
727470
725870
713370
709938
713370
725870
725128
718808
715952
715101
712347
711531
698841
696476
694136
696796
694136
694580
694535
694091
694136
697732
676156
675580
676156
679166
679610
689696
693496
680996
678818
670838
668473
666562
654062
646082
643904
646082
649547
651912
648447
650358
662858
670838
670022
659820
660666
661482
662232
661386
689568
688818
666138
664518
658374
657204
666004
684652
685228
685273
686089
690697
693553
693997
689437
686683
685867
681307
680695
679795
680239
677383
686183
686228
686804
687620
687575
686999
691607
710255
709439
708995
690347
681547
676939
679795
675847
674167
671192
672872
653336
656192
651632
654607
658555
663115
660259
679795
687775
678808
677638
696286
697408
675736
640186
630911
629651
626771
625791
617811
618791
640463
676013
684980
694255
695515
698395
699565
708840
705984
706029
706845
707421
688773
707421
710277
705669
706113
714913
714469
713893
705093
704277
704232
708840
713329
710756
713329
716083
728851
716083
713329
686395
686350
685906
683246
661670
661094
674858
677714
674594
675530
684330
687550
686614
687226
686614
683394
686514
683658
669894
661094
660650
660074
641426
642242
645098
649706
658506
677154
668354
665498
665453
665498
666074
666518
661910
661094
659972
678620
679742
670467
679742
661094
658252
670684
668188
668632
656200
655756
654706
663981
666823
669319
660044
661094
658754
661094
662270
667982
671414
670358
669182
665750
660038
661094
669074
660578
646536
643464
642648
634668
625938
625362
625938
629010
637740
638556
652598
661094
661670
666278
684926
685370
685415
688271
669623
668807
668762
669578
666722
662114
653314
662114
684115
683539
682723
654541
652201
660041
661952
684632
682721
681875
681125
673285
650605
652945
634297
633175
651823
652945
643670
652945
649145
652001
651185
650609
650165
631517
622717
619861
615253
615298
615874
616318
634966
643766
648374
648329
649145
639870
621222
630497
649145
648023
649145
653753
656609
657185
656369
656324
655748
637100
645900
646344
637544
632936
630080
630896
630941
630497
649145
651899
642624
641502
622854
632129
650777
651899
630227
633107
634367
643642
644923
680473
652609
644629
652609
651349
648469
647489
646319
637352
628077
628567
629737
651409
651083
651038
650462
653318
657926
639278
630478
625870
623014
623830
632630
651278
651854
651899
652343
651899
632363
630683
627708
623148
619200
616344
615768
634416
634860
635436
635481
636297
645097
649705
652561
649705
649660
631012
630568
629752
620952
616344
629034
620067
620611
623586
623042
621442
629938
633370
634970
647470
644495
646860
644495
635999
623499
620067
607377
608658
617933
636581
635459
616811
607536
608658
621348
629328
627546
626730
626685
608037
603429
600573
599997
591197
590753
581478
582600
563952
562830
581478
590753
596897
588917
587006
574506
571041
568676
566498
563618
562018
559162
558040
548765
530117
539392
541965
542715
544101
517167
544101
531333
528579
526006
528579
531333
544101
508551
499584
498324
506304
503424
481752
472477
471497
507047
499067
520739
529706
530966
533846
534826
535996
534826
544101
546441
537945
538761
541833
555875
564605
561533
547491
546675
537945
529965
530541
538521
547017
546441
552761
540329
540773
539723
538134
535292
532796
532352
544784
554059
556901
559397
560447
558487
566131
568091
560447
540911
544304
550016
537326
539504
547484
549084
552204
556152
557348
563228
571068
583758
593033
594209
594951
608715
613413
612869
607109
606821
606245
600533
588033
585023
582383
573583
574399
575379
578259
586239
576964
567997
532447
533728
569278
555292
556617
578289
583359
582189
583359
582099
581119
582379
574399
571543
572155
575275
576211
589975
593195
596051
604851
601631
601019
592219
591283
588163
574399
575521
573181
550501
548590
540750
543115
544715
553211
544715
542350
554850
551418
538918
551608
550008
547033
556000
558975
559519
562951
562407
549717
540750
542661
543857
546737
582287
594977
597617
611381
612123
621398
627278
635118
647808
648984
648242
652940
643665
637785
629945
617255
612557
598793
597617
594863
593687
616367
617543
614423
616373
619127
617342
614892
617342
615392
624192
625977
631857
634977
626177
620297
597617
594863
567929
555161
552588
555161
557915
570683
575172
576018
585293
610961
614076
635652
671202
680169
681555
686115
686855
684905
682063
682639
697104
696288
693216
679174
687154
678658
679474
682546
696588
705084
696354
695778
704508
703248
667698
658731
649456
646576
645406
637426
636446
614774
615514
614128
609568
635236
644511
666087
630537
666087
640419
641805
646365
637398
640513
639773
618197
608922
605807
614774
605499
599619
586929
587671
582973
569209
578484
570644
569902
571078
584842
589540
602230
610070
615950
614774
624049
625435
626185
616910
615524
614774
617347
614774
633422
635204
636260
640868
653300
655750
658504
659350
686284
687884
686688
694668
698616
690636
688458
691578
689978
686030
688208
689404
686284
687100
687676
688120
696920
701528
704384
704429
723077
720235
722731
721681
712406
699974
697478
698528
698084
698528
707803
710645
723077
724463
721348
720608
685058
663482
672757
677317
651649
655927
651367
642400
645515
646255
681805
690772
712348
724463
723077
723893
723317
722501
717893
720749
725357
725312
724868
724913
716113
713257
694609
703409
722057
722501
723077
732352
767902
768642
733092
732352
735467
757043
752483
749368
747982
773650
774931
753355
744080
748640
750026
741059
715391
719999
722855
722900
723476
720620
720176
738824
738779
729979
729403
729847
725239
734039
733223
734039
715391
714215
701525
696827
683063
682247
682823
682081
682036
682852
679996
675388
666588
647940
666588
666633
658793
664673
678437
677861
671981
672425
681700
686308
677033
677775
677331
682029
694719
703519
706375
707551
715391
687527
684412
662836
653561
627893
618926
617540
622100
625215
620655
622041
647709
646969
647709
656676
660272
669547
705097
705913
719285
716429
735077
734501
734456
739064
741920
742496
742541
751341
742541
723893
723449
723893
723077
725717
722837
724748
689198
691313
694193
692997
680307
677667
675756
711306
712502
748052
751167
751907
760874
770149
774709
780724
779338
780724
755056
733480
724513
688963
688223
709799
706684
697409
723077
704429
705485
707935
726583
724133
722351
719597
721379
694445
695291
690683
689627
688781
691535
718469
730901
735509
723077
720221
721037
721082
720266
720710
716102
734750
725950
734750
716102
715658
715082
715037
715613
718469
723077
726052
738552
747048
749413
736723
745690
749122
750722
742226
740626
753316
752772
749797
740830
737398
724898
725442
723077
718517
717131
708164
682496
681756
678641
700217
664667
673942
678220
668945
669685
705235
714202
715588
720148
698572
701687
702263
705119
709727
718527
717711
718155
718200
736848
737664
734808
726008
707360
706916
706340
701732
701687
714455
711701
714455
687521
674753
677326
704260
701687
693847
687967
693847
693105
680415
689690
675926
674750
687440
682742
673467
674209
675385
689149
693847
701687
701111
696503
699359
698543
689743
689299
670651
675259
672403
673219
673264
673708
692356
701156
701111
701687
698572
694012
706127
684551
675584
649916
614366
612980
612240
608808
614520
613464
616896
618072
620412
621468
620292
614580
612240
611664
620160
634202
620160
612180
615252
612180
611364
619344
628074
628890
620394
620970
612240
608292
606114
604514
608462
600482
608462
610640
613760
615360
614164
615360
612240
611424
611379
606771
606327
587679
578879
576023
576839
576884
577460
582068
600716
609516
609960
609384
612240
603440
600584
586820
583600
580480
579544
578932
585076
578932
578116
578071
577627
558979
550179
545571
542715
542139
530669
538509
511575
508821
507975
505525
493093
488485
487429
499861
481213
479431
481881
486489
505137
506919
533853
536607
537453
538509
551277
554709
562353
570333
571529
572073
574733
570035
569293
568117
562237
552962
540272
526508
518668
531100
518668
516172
513330
512280
512724
503449
504499
513774
513330
516172
518668
521241
520491
529766
531152
521877
522627
523683
522297
525177
526299
523726
550660
551272
538504
535072
527428
530860
538504
551272
548612
540632
543292
551272
551816
553012
551816
551272
552208
551086
553966
580900
581956
579076
578020
576824
573944
538394
535754
508820
506909
508105
510985
546535
549175
561865
563776
564898
552208
539518
538672
557320
555538
558292
585226
597658
602266
603322
605772
607554
588906
589752
587302
586246
581638
569206
542272
539518
512584
499816
497062
494489
507179
508779
517746
505246
505790
497294
509794
512769
521265
508575
508031
505056
496089
493724
490292
488692
491057
494489
493293
490173
486225
478245
476067
474467
471587
470531
473411
500345
501401
505349
478415
479537
481137
484257
486435
494415
495611
494489
486845
483413
496181
483413
491057
494489
486509
483849
482653
485313
484769
485313
486509
494489
502985
511715
514787
528829
529645
537625
538201
529705
515663
512591
503861
495881
495065
494489
493367
494423
491543
494423
493367
520301
521423
494489
505959
507559
508681
509532
512647
515220
517131
504363
500931
493287
493831
491171
492367
500347
492367
491171
490627
493287
485307
489915
488133
489915
492669
519603
518547
519393
520449
532881
551529
549079
530431
525823
498889
496135
495289
482857
485307
488772
490392
491562
492948
500592
509867
508811
509867
482933
509867
508745
511625
512747
509867
512982
510409
508498
507647
506525
509098
507498
509409
510260
511382
512982
501512
498397
509867
509423
506581
504085
491653
492703
505135
507977
508421
510917
501642
500592
509867
507907
500263
492619
501894
503514
506979
505593
513237
512067
513453
509988
508368
509538
500263
502836
504436
505558
507469
510584
522054
522905
521783
520932
519021
516448
504978
501863
500263
507907
499927
490652
489482
490652
494117
495737
505012
506398
504778
504234
503038
505698
513678
514222
515418
514032
506388
503728
500263
487573
486377
483497
447947
445307
443396
440516
443396
442340
415406
414284
441218
442274
443396
444518
446118
447504
448254
445681
444931
443545
446118
455393
446118
446969
435499
434377
445847
448962
447362
446511
444600
442027
438912
441485
443396
442010
438545
439931
430656
434121
432951
440595
449870
451040
452660
451040
443396
445574
453554
445574
444378
441258
437310
441258
442454
440276
441876
444996
443396
446516
437716
436540
434090
432140
440940
438186
432306
409626
415506
412386
414171
416925
418101
420551
443231
445181
443396
445969
457439
460554
459432
456859
454948
443478
442627
443478
440363
439547
440669
437276
435676
437587
439187
452951
456071
467541
476271
479386
479431
487271
488891
501391
502777
510421
506956
505336
506956
510421
519696
518526
509251
501607
500221
501391
502513
505393
532327
533383
530503
503569
502513
501391
474457
462025
488959
486509
485663
486509
489263
484655
497087
495305
496361
498811
500593
481945
500593
497839
496783
501391
495679
498433
497237
505217
505761
505217
497237
494577
497237
498433
486963
487814
489414
486299
483726
495196
496318
494407
496318
498891
502006
500406
499555
498433
496068
495524
482834
481234
477802
465302
456335
447839
444864
435589
437209
436039
434419
430954
438598
439984
449259
450429
442785
446250
444864
444288
435792
421750
418678
417862
409882
401152
398398
395283
393683
391772
380302
377729
376878
378478
377356
378207
380118
382691
394161
397276
398398
401863
392588
391418
389798
386333
387719
396994
398164
399784
392140
399784
398398
392078
419012
417890
390956
388076
389132
388076
389198
392078
393464
396929
398549
399719
408994
416638
415468
413848
404573
403187
395543
392078
389505
378035
376124
375002
371887
370287
369436
372096
370900
362920
360260
361456
362000
369980
369436
368314
376294
378934
398470
399014
397628
388353
380709
379089
375624
374454
373398
346464
343584
342462
343278
343323
343767
344343
353143
357751
360607
379255
376915
377761
382369
394801
421735
424489
405841
408291
406509
405453
400845
388413
361479
362535
381183
382965
382119
379365
376915
368185
360345
357230
357185
368655
370275
373390
382120
382165
379045
382165
369665
358195
344431
342811
355311
363151
376915
379555
387535
389713
371065
362265
357657
354801
355617
364417
364993
365437
384085
384130
388738
391594
391150
391105
390055
380780
377938
375442
363010
362194
361750
361174
362370
359710
362370
361826
360630
368610
369154
361174
355030
354985
354169
345369
340761
337905
338349
338394
338970
347770
366418
371026
371842
367894
371842
370646
373502
375680
367700
365522
362402
363598
361998
365118
366718
366142
365698
347050
355030
352174
347566
338766
320118
319674
319098
319053
327853
328669
328714
331570
336178
354826
355270
355846
355030
355075
355891
358747
363355
372155
372731
391379
391823
388967
388151
388106
383498
382922
364274
355474
355030
352852
350212
352390
360370
363010
355030
353834
361814
362358
359698
351718
351174
353834
355030
357603
366878
366128
364742
365492
366878
357603
355030
336382
336427
337243
334387
329779
320979
325587
325143
325719
325674
324858
333658
352306
352750
352174
355030
360742
357310
351598
350422
352762
351706
355138
356314
357370
355030
353248
357856
376504
378954
380010
361362
373794
369186
370968
368214
395148
397902
398748
397902
396846
369912
357480
355030
356990
364970
365870
368624
394292
423236
425147
425591
425546
424970
424526
405878
408734
413342
422142
440790
440835
432035
427427
426611
427427
424571
425147
433877
445347
433877
420113
416998
420113
427953
424833
433563
421063
419443
431943
433563
447327
438597
430757
430802
433922
433877
434321
452969
455825
464625
465201
465246
466062
466017
461409
442761
433961
438569
438125
437549
436733
433877
425897
424701
424157
421497
422313
422358
422934
420078
415470
396822
396378
395802
395757
394941
386141
386585
389441
408089
416889
421497
418857
410877
413055
415695
423675
421497
412697
394049
393605
393029
392984
392168
389312
384704
380904
380460
370374
367364
368560
371680
367732
366536
368136
365958
362838
366786
374766
376944
368964
367364
368344
377144
350210
345602
326954
325172
322722
325476
313044
310290
309444
310290
337224
341832
340776
343226
345008
363656
376088
377144
368344
390016
392194
384214
381574
384214
382036
390016
368344
367498
369283
369238
356738
353623
352003
344163
330399
318929
310199
307079
312839
314519
327209
330324
331224
334296
348338
351092
354067
372456
377064
386031
388671
385917
383277
385455
384609
382431
390411
363477
351045
346437
345381
342931
341149
322501
314521
306681
328353
329739
339014
341587
342337
340951
331676
330926
328353
326393
327293
298349
297449
271781
269027
261047
263007
288675
291429
299409
297498
326442
328353
331425
332271
331335
339315
331335
327387
325787
323609
324805
323609
325209
329157
326037
329157
331335
338979
330999
328359
326181
330207
334767
336447
342207
345279
348394
361084
359404
360304
359404
356289
343599
340527
334767
337887
346687
344737
338857
336407
338192
344072
345248
322568
325018
323842
322057
318937
310137
332817
334767
337521
334767
313095
334767
334155
337275
339057
340677
344109
352909
381091
383041
380287
398676
401430
404405
418447
423055
438244
435490
421448
430415
425807
422832
404443
402843
399723
391743
387795
386599
384421
386761
387577
393897
396753
399507
400358
402723
415413
418053
426033
429105
441795
440895
428205
429885
430785
433900
428140
433900
430785
427713
426033
427944
430284
438124
460804
451529
450779
448206
446820
448206
448956
458231
460804
468784
470744
499688
525356
528110
526150
528061
528961
520981
519070
490126
487372
461704
460804
482476
460804
458164
458708
458164
438628
441268
449248
468784
460804
468784
472216
477928
472216
469876
470932
473272
474448
471016
469960
468784
450395
436353
427386
441428
436820
433845
431091
433845
442812
445787
450395
468784
474544
471429
474501
487191
490306
477616
471856
473536
474436
472756
471856
468784
471124
458434
457618
454864
452524
449668
450484
444164
446529
444164
443313
449633
452489
455243
467933
468784
447112
449608
458883
460005
478653
477753
475793
450125
421181
418427
420338
421238
423198
452142
477810
475899
467919
475899
478653
477903
475330
473944
464669
492851
493601
494417
495263
514681
515803
534451
525176
524054
533329
514681
527371
521611
518539
505849
508921
507241
513001
512101
508986
510666
511566
514681
516592
518932
541612
549452
547112
539272
537361
514681
514726
517386
538962
539538
539982
539166
539982
542322
541471
544327
541987
529297
541987
535667
532913
530057
532811
533662
539982
537617
539982
544590
547446
556246
556690
557266
557311
558127
576775
585742
599784
602538
620927
625535
611493
608739
605764
587375
578408
573800
576775
586050
584928
575653
557005
575653
576775
567975
576775
575959
575515
575959
576535
595183
594607
599215
599170
599986
597130
592522
573874
573919
576775
579995
581955
582855
583575
588135
588939
596919
615567
596919
595797
605072
595797
596919
601527
604383
599775
590975
609623
609047
590399
587543
587099
587054
587870
587915
588491
588935
588119
596919
608699
605627
606443
607193
606443
605597
577415
578261
577445
605627
614427
617283
621891
622467
621651
640299
640743
641559
638703
638748
638703
634095
625295
606647
606203
605627
596352
577704
596352
595230
596352
597677
595017
594573
594528
597188
575612
575036
575081
575525
597101
597677
602237
594257
596217
595317
594513
593793
590573
586013
584053
584953
585757
586477
589697
597677
579029
578585
578009
577964
575108
566308
565492
560884
561328
570128
588776
591632
592208
596816
596861
597677
600687
610773
611969
631387
634243
659911
662251
664201
682849
681524
680402
661754
671029
672151
671305
663661
654861
652005
651189
651144
650700
632052
627444
632052
632868
632913
633489
633933
652581
661381
664237
663661
662941
670921
675481
674581
673777
670557
671457
669497
661517
662237
665457
667417
662857
662991
681639
690914
681639
662991
661869
662991
663807
666663
675463
694111
694555
695131
695176
699784
695176
692320
683520
683076
682500
682455
681639
662991
650301
653373
666063
669178
670078
675838
672723
674403
673503
671823
666063
662991
654261
675837
675792
676368
676413
675837
654261
651601
651157
651601
654261
644986
626338
625216
625792
628648
630598
611950
603150
598542
595788
596604
596160
595584
595539
594723
591603
589818
583938
581082
579906
571106
548426
553034
571682
572126
580926
578476
580261
586141
589261
590437
592887
615567
615612
624412
622462
625216
627331
629671
632527
633378
639698
642063
642879
645633
642777
640437
639586
626896
626080
623715
617395
614641
613795
615125
619685
620405
623625
616315
615499
614749
586567
588527
583967
584867
581647
580927
580123
579223
577263
578067
581861
581906
582482
588449
588893
592001
600801
603657
610397
591749
591305
590729
590684
589868
590684
595292
596228
598982
603542
604154
605054
605870
605054
605009
604565
603585
601800
601224
582576
577968
575112
566312
564401
556421
557321
559281
554721
559281
556061
554101
554821
546841
544087
544891
544171
547391
518447
526427
500759
499955
497995
497095
496195
477806
480560
477806
463764
454797
450189
468578
465603
479645
482620
487228
496195
517771
518347
521007
499431
499476
499431
496771
497215
496771
496195
493075
501055
504275
508835
505615
503655
502755
504715
503995
496015
491455
492175
493075
493879
493075
493315
496747
501445
506053
506869
532537
535657
536397
538182
541297
542557
541657
535897
541657
538585
536905
533790
521100
524215
525895
526795
529867
542557
519877
512037
510126
507786
508686
510646
518626
523186
523990
519430
518626
515406
514686
517906
518626
517726
515766
507786
510151
510727
510682
532258
534918
535362
534786
513210
510550
510106
510151
511002
508637
506297
508662
507846
510702
513456
512605
525295
526111
528451
525595
512905
510151
503831
510151
481969
477409
478309
481063
476503
477115
476299
475399
472645
473461
472849
477409
480629
485189
487149
482589
481785
481065
480165
488145
480165
478205
474985
475789
476689
477409
478531
481104
500640
512420
509200
508300
507496
506776
504816
496836
485056
485956
486760
487480
490700
498680
494120
498680
500640
502980
506412
504072
502896
499464
500520
494808
493752
499464
500640
500595
500151
497491
475915
475339
455803
463783
483319
475339
475883
478523
475883
475339
472364
463397
458789
440400
437646
442254
451221
469610
472585
475339
489381
475339
474535
472575
471855
467295
466395
463175
455195
454295
457367
455687
452572
439882
436810
431050
436810
449500
452615
454295
455195
456175
461935
480583
482308
483694
484414
487168
487984
507402
508524
517020
524860
527614
540114
539214
536460
537072
532512
531696
532596
533412
536166
535554
540114
535416
538848
539088
538848
535416
540114
527424
526608
523752
521387
520536
517782
515442
509122
506626
507748
513628
514072
517082
521780
523380
515400
516140
528908
532340
539984
543104
547712
573380
572640
573456
568848
570108
571893
572633
569518
566398
564613
538945
538129
536869
539984
534104
535226
536826
541524
542264
542708
548588
547466
545866
541168
540428
539984
536974
539984
541709
542429
543409
549169
567817
569203
568483
571237
570257
568871
567146
564392
558632
539984
541106
542706
541584
539984
535286
534546
528666
533364
530354
529910
530650
531094
534104
539984
539084
533324
531644
518954
515839
512767
509335
496567
509335
512767
520411
512767
515521
510961
510349
510961
511777
516337
513583
512683
511867
512767
532185
529431
516931
518053
525893
517397
520151
519029
499611
508107
500267
512767
510127
511249
511989
516687
518287
515277
518287
517165
515565
510867
510127
509683
510127
504247
510127
507152
493110
488502
470113
467359
458392
450412
453422
453866
453126
450116
449672
448550
454430
452830
448132
448872
449994
451594
456292
450412
453844
446200
453844
441076
437644
450412
451534
453134
457832
458572
459016
457416
463296
462174
457476
456736
456292
453282
447402
450412
446980
447220
442522
442282
445138
449836
458636
477284
477728
478304
478349
479165
482597
487205
467787
470797
476677
475555
474815
470117
469673
466663
460783
462383
462827
463567
468265
469387
467787
476587
478927
478111
479233
479809
479233
478789
460141
451341
446733
443877
444693
444738
445182
463830
468438
471294
496962
494622
495818
498674
498629
495619
496675
523609
525559
506141
504945
507825
482157
472071
469215
479301
482311
501729
499779
500759
501479
520127
522881
524606
530366
531752
530027
528641
527921
525167
524187
505539
499779
496923
492315
491499
491454
490878
490434
502214
483566
486422
491030
499830
518478
518922
519498
519543
520359
511559
499779
498179
493481
492359
491915
486035
485295
482285
469517
466085
458441
457625
453065
452165
454919
452165
452777
453593
458153
457541
458441
461297
442649
447257
456057
474705
475149
475725
476541
473685
469077
468633
468057
468012
467196
467241
458441
477859
478710
481590
482766
481644
484398
492378
493500
492444
519378
492444
489564
492444
493500
494622
486782
506200
518700
506200
505078
507832
516328
524168
504750
496254
493500
490746
481946
484700
485876
508556
510506
513626
515411
524211
501531
499081
497905
500355
494475
492525
489405
487620
493500
474852
493500
492684
492240
501040
492240
487632
487587
488403
485547
490155
493011
492435
493011
493056
493500
494480
508522
506902
511510
512326
512902
531550
540350
538400
541256
532456
529024
524416
521560
521605
519823
491641
490825
491269
490693
490249
471601
471556
462756
461776
447734
448714
462756
463878
462756
489690
462756
463812
466692
463812
462756
470596
471792
474672
482652
494432
508196
508938
511116
513066
513786
514362
533010
533454
538062
537618
537042
536997
536181
544981
545026
545842
542986
538378
529578
510930
513786
512806
498764
496979
497959
497219
494099
508141
511261
512521
511705
516313
490645
516313
511705
512521
511261
512001
513786
510671
513786
514766
515342
515387
496739
492131
492575
478533
497181
501789
515831
524631
524187
525003
522147
525003
524958
523978
523402
522586
513786
516126
518037
525877
548557
545803
540043
539063
537338
535952
517304
516584
517706
516650
519530
546464
547520
546398
543518
516584
515604
501562
502542
516584
511976
512552
503752
500896
501712
501667
506275
515075
533723
534167
537023
536207
536252
535676
535232
516584
517196
519950
519338
520154
515594
520154
519254
516500
517400
516584
517564
503522
502542
516584
497166
500046
499602
500778
520196
519380
519335
500687
499511
490711
487831
484399
489097
489337
492769
488071
487831
483223
480367
479791
480771
494813
480771
479791
478735
451801
452923
450043
448921
449977
476911
479791
492291
500787
520205
528045
526923
507505
499009
486509
483755
484877
477037
479791
477426
485406
477426
480180
477426
479376
480118
472138
474316
488080
499860
502740
510580
511776
519756
511916
509738
507788
507046
506066
507046
493004
479240
493282
481502
480306
477426
463384
464364
463384
477426
474546
475602
474546
473424
446490
473424
474546
477426
478406
492448
478406
477426
479026
480937
481788
482910
494380
497495
500068
486026
485046
486102
487278
492990
492139
489024
486684
484111
486451
487302
490734
487302
486246
484335
487450
475980
474858
486328
487928
486328
488239
490812
491934
486222
485046
484434
483312
484368
485490
484674
457740
456840
452280
451224
478158
481038
478284
475404
494822
491942
493118
473700
476580
475404
483384
485562
483612
481434
473594
459830
448050
440070
442020
440824
454588
466368
469248
469990
477830
479026
476146
475404
472289
473411
484881
487996
486396
485274
487847
489447
477977
475404
473493
472642
474553
475404
474468
473412
470532
469410
442476
445356
446478
447534
474468
477583
486079
505497
513337
514937
527437
530191
531313
532164
534075
545545
537049
535927
528087
530660
511242
499772
497199
495288
482788
481937
480815
478061
476461
477583
474468
486248
474468
466488
474468
477222
474468
454932
452292
451748
443768
447200
442502
447200
447440
444008
443768
439160
436040
437640
435855
410187
409371
408111
404996
401881
400281
397708
395797
394946
393824
393084
396199
407669
410242
412153
413275
401805
402656
401600
374666
373544
370664
369542
366427
354957
352384
350473
361943
360343
359492
361092
361943
363065
366180
368091
370664
373506
376899
377703
365923
365181
357341
356145
348165
351045
359025
366865
364915
366111
368289
354525
351645
363425
377189
377931
375753
377703
379614
387454
410134
387454
385543
377703
380043
377703
379303
380425
378514
377663
374548
373426
371826
369253
371826
360356
371826
374941
376852
377703
376527
373647
374823
394241
374823
377703
376103
374981
371866
369293
367382
366531
355061
363557
355061
374479
382319
374479
377233
378355
375601
356183
343683
342561
355061
357917
362525
363341
381989
382433
383009
383054
391854
383874
381120
383874
391854
387246
387822
390678
409326
409770
409815
418615
415759
397111
396295
396250
397066
396622
387822
392430
391854
380074
379332
393096
395046
387206
386010
383130
394910
397790
395612
381848
384026
392006
390056
391252
399092
391112
391854
394710
393894
393450
384650
384605
385421
366773
366818
366242
370850
367994
386642
395442
395886
396462
391854
391410
391455
391899
410547
419347
423955
426811
408163
408979
404371
404947
404371
404326
401470
400654
391854
387156
383724
382548
363130
362890
360010
361186
364618
364858
367738
372436
391854
391038
393403
394453
403253
404375
409073
421763
422743
427351
430207
430252
420166
422506
422062
430862
422062
422506
423082
423898
421042
418032
417456
436104
416686
391018
389068
388252
369604
369559
368363
363755
389423
391373
394229
413647
416657
426743
424403
421547
422743
426136
426940
429782
428978
425585
422743
434213
446981
473915
474359
477579
480421
461773
480421
479605
479560
478984
478540
469740
465132
462276
463092
463137
463713
464157
472957
477565
480421
461773
460957
456349
447549
448365
448410
445554
445110
463758
463713
464157
464733
473533
476389
480997
480421
485119
487484
488606
487484
488464
475774
474724
465924
463559
458861
471551
472601
481401
480421
488917
476417
475295
472541
473663
476437
467941
470695
483195
491035
483195
463777
464973
472953
475131
478011
478753
490533
478753
480703
494467
486487
494327
492149
478385
477189
475239
474497
466657
463777
466227
460347
457593
455808
454632
452182
429502
427552
430672
421872
427752
430506
431682
440482
463162
465112
461992
463777
464353
461497
460921
460105
460060
460876
460432
460876
479524
488324
492932
495788
491180
482380
463732
463777
468385
468961
477761
496409
496853
496898
497714
511502
506894
498094
479446
479002
478957
478141
477565
477973
475219
477973
485953
497733
485953
477973
499549
499594
502254
502830
503274
500432
490112
486892
459958
462800
462356
475124
463654
466874
478344
478788
505722
510330
509514
509469
508893
508449
499649
481001
478145
473537
474659
473609
478307
479357
492047
500847
501827
500705
499725
490925
510343
507978
510858
513223
508525
495835
476417
473537
472361
473537
472817
470906
463066
440386
438046
437304
440184
442362
450202
461982
475746
477696
469856
467906
468648
460668
461864
469844
468648
465768
453988
440224
438046
439096
436731
445531
446511
447633
449998
437308
442006
440884
439904
431104
430054
442744
438046
442744
442504
442744
446176
441478
438046
438622
438178
435518
434942
413366
413810
416470
438046
438001
438046
437195
433975
431133
404199
407419
406975
394207
394651
397493
424427
437195
448665
437195
438317
441071
460489
468985
481485
468985
461145
468985
460489
441071
438317
437195
434353
430960
430156
431136
432816
435181
439879
448679
449659
450781
451831
439141
438091
437111
428311
427189
424824
420126
432816
431640
412222
415102
434520
431640
432816
430062
422082
421638
421062
421017
421461
422037
400461
400506
397846
400506
422082
421638
418418
421260
421704
410234
407392
420160
423380
434850
422082
395148
422082
421340
435104
437054
423290
411510
408630
400790
412570
404590
402412
405292
406034
413874
416052
424032
422082
420886
422082
422626
423606
421241
420119
411319
410339
423029
421979
409289
410339
405641
408006
412704
421504
422626
428338
429394
430570
434002
436342
432910
427198
424858
423802
422626
444202
446862
447438
446994
447438
447483
446907
425331
425286
422626
423748
436438
438803
437753
442451
443431
452231
453281
448583
446218
445096
444116
431426
422626
403208
400454
392614
380114
378992
370496
367276
370496
359026
385960
386404
389246
388802
401570
413040
386106
373338
370496
367616
368792
349374
352254
371672
371432
366734
365558
362126
375890
387670
390550
378770
379966
387946
390124
387244
389194
387016
387758
386562
378722
377980
376030
362266
370106
362126
357428
358408
357358
348558
347578
346456
344091
356781
357831
358953
361318
366016
353326
362126
364982
367862
369462
370038
369993
369549
366889
366313
366757
345181
366757
366802
369462
381242
369462
392142
401417
420065
421187
432657
445425
472359
472803
461333
458491
461711
448943
451785
451341
448121
421187
430462
429340
420065
401417
420065
421187
412387
411407
410357
409235
413933
421773
424113
446793
448704
451069
459869
460849
461899
474589
469891
467526
454836
455958
458598
459720
468995
459720
478368
477246
458598
437022
436446
433786
433342
433297
431119
423139
421943
414103
413361
410481
408531
394767
382987
395677
376259
373379
376259
375083
394501
395677
409441
412195
423665
432940
433876
441856
451131
450009
440734
441856
460504
441856
438636
441478
440428
439448
426680
425558
425114
416314
417436
418416
427216
428266
440956
429486
429930
427565
424723
397789
400154
403374
390684
395382
406852
419620
446554
441856
451131
452253
442978
424330
442978
441856
453326
455237
458352
459474
461074
463647
464498
472994
491642
500917
519565
510290
491642
490520
491642
503112
504712
503590
502739
499624
488154
486554
489669
492242
490331
491453
488880
480080
475382
462692
461642
460662
459540
457175
459086
459937
440519
437663
427577
424567
422227
420277
394609
393413
374765
373643
382918
373643
392291
393413
366479
363637
363193
359973
348503
335735
324265
321692
323603
326176
337646
340761
339161
338039
337188
338310
339910
340761
337646
335735
317087
315965
306690
305514
302634
283216
282365
283965
272495
273617
271706
274279
277394
279305
290775
289175
286602
285480
286331
283216
274416
271296
268542
274422
272472
281272
284392
286842
289596
291381
290205
312885
314835
292155
289705
283825
282040
283216
284476
282876
281754
293224
295797
297708
300823
301674
300823
298250
286780
283665
284787
282876
284476
287136
289992
290742
290982
302452
316216
318001
319601
318001
319912
320763
321885
324458
312988
324458
323336
322485
320574
318001
321116
318001
319601
318001
315145
312265
315121
318001
320755
327075
333219
330646
333761
335672
334821
333699
331788
320318
331788
330188
332761
333612
335212
332097
333219
334070
327926
316146
315295
313384
301914
300314
299192
296619
293504
295844
318524
316184
324024
316184
314273
291593
293504
306004
307180
308780
317747
320627
332097
339937
335329
336133
338583
339159
341655
342099
350079
351255
360055
378703
377581
375008
355472
358587
360537
361713
371799
372975
369543
371883
370707
368367
371799
370743
376455
370743
371799
372549
384019
391999
392935
402210
404964
418728
415974
407994
396524
395588
381824
372549
380193
383625
396393
399786
435336
448026
450906
452817
455457
456653
456698
457142
457958
458003
458579
477227
486027
490635
493491
485847
473079
469647
482415
485847
493491
484691
493491
498099
498054
497478
496662
492054
492870
474222
477078
476634
477210
477654
496302
493446
493491
496371
493515
495115
497971
496371
493491
494067
496923
501531
501975
520623
520047
519231
519186
518742
500094
491294
486686
483830
484646
484691
493491
492947
492371
492326
491510
491555
492371
501171
519819
520263
520839
517983
522591
525447
520839
502191
501747
492947
485303
472535
485303
488735
496379
492947
495397
501541
506149
541699
523051
525624
527010
529866
529050
529095
536935
537511
542119
539263
534655
525855
526299
544947
566523
575323
576139
576094
575650
575074
578874
571034
569123
566783
544103
546553
544057
552037
560837
559661
559085
558281
557837
549857
547407
538607
539411
540587
541031
559679
562175
562751
544103
544954
545770
544954
544510
544465
539857
539281
520633
511833
508977
511833
512409
512454
512898
521698
526306
544954
573898
574702
577198
587284
587572
587617
606265
605449
602593
602149
606757
609613
618413
599765
600341
599765
600581
601025
600980
592180
587572
583772
605348
613188
614574
619182
621632
627776
630349
665899
658059
656673
652065
649615
643471
640898
605348
583772
587572
584140
576496
563728
564784
590452
593572
603658
603082
603526
594726
594681
590073
587217
587262
591870
610518
619318
620134
622990
622174
621730
622306
603658
601978
614746
613550
610670
608030
595340
596536
599416
634966
647656
649567
614017
616657
614746
617861
616685
606599
604649
605825
615911
617861
614746
610138
612994
610138
609322
608746
613354
594706
594661
594217
595033
595078
595654
596098
614746
623546
614746
617818
613210
648760
647374
649947
646147
624571
616731
614281
620425
617852
622460
586910
590710
612286
620126
621512
615368
617818
613210
613165
604365
601509
601065
582417
581841
581025
580221
590307
561363
551277
552081
552369
581313
578817
578529
581025
580045
581431
545881
544495
547068
582618
578818
584962
563386
560936
556328
564168
567968
589544
591994
596602
590458
587885
580045
571549
574429
575605
574005
565038
563862
551362
539892
548859
550459
547579
560079
571549
594229
603029
605479
603529
605479
606655
609409
600609
598159
596983
594229
588349
586564
583444
586564
588349
594229
571549
548869
551749
561835
590779
593275
593563
583477
554533
554245
551749
550945
577879
579001
580057
580861
574717
572144
570758
562918
541342
537542
573092
575665
573215
575665
580273
581659
589499
611075
575525
570917
577061
580861
599509
597013
604993
607443
616243
597595
598399
597955
600451
600895
600319
601495
600691
598241
598817
597641
589661
580861
578221
581077
583957
581101
579501
581101
580045
581101
583981
585103
582223
579343
578221
551287
578221
575467
567487
566551
557276
545806
532042
533428
555004
548860
556700
554250
551677
547069
545683
537843
516267
512467
548017
550590
515040
521184
523634
528242
532042
525722
524462
523611
526467
526755
529251
530055
519969
520209
520959
523619
523331
552275
549779
549029
548789
546129
543273
553359
575031
574227
545283
557973
545283
542643
539763
540959
539048
503498
505409
504213
506853
542403
545283
542403
515469
514413
517293
518415
545349
544227
525579
526635
526680
527124
529784
551360
551936
547328
568904
604454
598310
604454
602004
594164
558614
556041
558614
557228
553428
555878
560486
561872
540296
548136
551936
563406
561621
550151
551936
565700
551936
549182
548060
549182
552062
578996
577940
575060
548126
549182
513632
507488
511288
506680
528256
536096
537482
542090
544540
550684
586234
582434
574594
573208
551632
549182
546609
549182
559268
561218
564333
563157
564333
561218
559268
549182
548894
558980
587924
588212
578126
549182
551678
552482
549986
549182
567571
572269
580765
583985
587378
589874
590162
587502
587457
588033
609609
612269
612713
612137
590561
590117
590162
589040
589280
616214
619094
618038
619094
616214
617336
590402
587829
581685
577885
542335
539885
532045
530659
509083
504475
506653
514633
517273
516697
517273
519723
522219
513419
522219
521775
522219
530199
527703
509055
507879
507075
525723
523273
515293
516469
517273
504583
504343
498631
499687
503119
502063
503239
502063
504403
510115
506683
504343
494257
465313
465025
464221
461725
460669
433735
434857
433735
460669
457789
458845
461725
461680
461236
463896
463941
464385
442809
440149
461725
462301
461725
453229
455725
458945
440556
443949
444237
440844
449340
467729
463031
462743
460247
457027
461725
460529
457649
455009
442319
440408
404858
414133
418693
421808
457358
458744
484412
493379
494119
515695
513517
505537
502897
505075
513055
515695
517420
517708
520550
526262
527078
519238
492304
489424
490480
517414
520294
521416
520294
519238
521023
523388
526398
527520
529120
535000
535740
536184
540882
537767
536381
535641
536381
571931
580898
555230
545955
510405
501438
504553
526129
527515
536790
562458
540882
545442
540882
559271
556611
556167
534591
534015
534060
534504
537164
537119
558695
559271
559316
562436
576200
577820
590320
601790
610520
618360
621475
627355
628095
629695
630817
635515
638525
632645
631523
629923
626913
622215
621475
621031
621475
630442
635002
599452
596596
593716
620650
623530
659080
660136
655576
653976
655098
653712
655098
658213
649246
674914
649246
658521
680097
679357
680097
653163
650283
649161
639886
618310
615195
614139
614955
615399
615444
624244
642892
647500
650356
650932
659428
650932
653428
658126
658414
661807
680196
661807
657109
660329
657833
657545
654152
650932
647922
642042
639864
639124
631144
635842
633202
635380
643360
646000
645556
648566
649010
647410
649010
649750
650872
649750
645052
650932
655492
664459
663719
660604
651329
629753
604085
605471
604085
639635
640375
661951
687619
683059
692334
683367
647817
650932
651508
654628
655072
657437
659222
656857
657433
666233
666278
669134
687782
685997
690605
671957
671141
671096
670520
670076
667220
662612
653812
654628
627694
633454
630061
629005
626125
625003
624559
622959
623699
622959
617079
612381
615391
614269
620149
620593
625291
626891
628013
625003
626389
635356
613780
610665
609925
574375
565408
564022
559462
533794
543069
564645
567760
568500
604050
594775
599335
625003
633803
638411
641267
659915
659339
658523
658478
658922
654314
655130
652274
643474
624826
624382
624958
625003
633803
636253
644233
645037
645481
626833
627409
618609
617805
609825
608649
608205
605709
605133
607629
626277
623827
625003
624253
623809
626924
624264
624219
622269
632355
632931
632976
632400
633576
634020
612444
634020
636680
626594
625418
627368
624253
618373
617251
624443
636875
663809
675279
681159
693927
695049
700929
701669
703269
702825
702085
697387
695787
700485
703495
703939
700929
701745
683097
678489
683097
682653
682077
679221
670421
670466
671042
671486
690134
698934
698118
700974
700929
704044
729712
725152
726538
735813
744780
780330
781070
771795
746127
724551
721436
720696
685146
676179
674793
696369
700929
713361
715539
723519
715539
712899
710721
713361
716217
727687
726087
735054
747554
749154
750330
749154
736654
725184
722304
723120
714153
714108
713292
717900
726700
745348
745792
746368
749248
740448
737592
732984
714336
713892
713937
713361
712305
709185
683517
684573
687693
713361
723447
713361
710351
710795
711917
711473
710733
715293
714171
712571
718451
721461
722201
726899
721019
716321
717921
719307
721092
721832
724197
721832
720047
729014
732129
706461
697186
694071
693331
671755
662788
627238
631798
627238
625852
661402
670677
692253
717921
722619
719226
721722
718502
718214
736603
745099
742603
724214
719516
711020
714240
717633
717921
729391
728815
729391
741891
745006
744190
744145
743701
744517
744961
748081
743473
740617
759265
759310
750510
731862
739702
728232
725117
733847
742647
747255
747210
748830
745710
731946
731991
734847
722347
713617
705777
719541
717921
720931
722053
723653
724393
724837
729535
727935
727195
721315
718305
724185
723063
718365
717921
692253
682978
647428
625852
622737
621997
620611
611644
607084
609926
604214
602489
602201
601385
603110
603926
609638
606796
607084
616051
597403
592795
595651
600259
609059
627707
627662
627086
627530
627575
628391
619591
618775
619351
616495
613835
613259
591683
591638
591194
590750
590010
588888
587288
582590
576710
573700
573256
573211
573166
581966
586574
583718
584534
584579
585023
603671
604247
599639
598823
598247
601103
582455
573655
573211
575851
573211
575389
573211
581191
573211
574996
572631
570846
573211
572635
571819
571774
590422
590998
591043
599843
604451
604895
605711
602855
598247
589447
570799
570355
573211
572395
569539
560739
560694
560250
559674
555066
536418
533025
514636
506140
501442
498946
495726
495438
488246
482366
469934
464054
462269
461093
449623
462391
449623
476557
488989
494869
467935
479405
486597
477797
475043
476993
454313
476993
474543
472593
481393
484513
481393
487273
490027
491203
493653
495438
486708
495438
506908
514748
517863
517908
519528
516413
530177
518707
506207
504587
496747
482983
479863
492363
492318
495438
493653
491013
483033
484818
482453
484818
482640
483816
484260
481810
484306
484882
503530
484882
485686
477706
486506
488956
487780
486976
486532
484036
483460
491440
482640
511584
519424
521335
544015
546355
536269
539384
537434
539384
540560
537445
536269
546355
543990
545775
548140
546355
549197
547472
544630
550342
544630
545446
545734
547459
547171
546355
565003
574278
575400
572328
593904
593859
581359
579739
571009
567889
556419
553304
545464
531700
534360
537216
537456
537216
534360
533610
534360
531700
540975
559623
550348
531700
530578
531700
534556
535407
538161
544481
546846
559536
560352
562692
575460
563028
589962
601432
594240
567306
574498
580378
567610
556140
550260
562692
560327
562692
560907
562692
581340
582462
573187
554539
553417
562692
541020
540169
527401
508753
509875
500600
509875
508753
527401
518601
518157
517581
509601
508797
507621
505125
486477
484027
482242
468478
457008
455832
453492
447780
444348
443292
446724
452436
453612
455952
457008
438360
437238
427963
429085
447733
457008
455223
457588
455223
457008
466283
467405
448757
439482
438360
457008
485190
485940
486756
487602
489780
471132
480407
479285
470010
488658
489780
488055
485213
484397
484109
478397
481239
481527
487239
488055
489780
487415
485630
488486
475796
472940
470575
473329
475694
488384
489235
491575
492391
491540
488786
482466
488786
486446
485630
476355
475233
456585
447618
446018
443138
430638
429462
417992
444926
452118
457998
450806
462276
449508
462276
450806
438374
450806
444926
417992
418928
423488
431132
440407
441583
439633
442748
439633
441583
440407
450493
440407
441223
440377
412195
411379
410629
411475
439657
440407
448247
440407
442318
440407
463087
460747
463087
440407
422018
424591
423535
420415
394747
384661
385512
386634
388234
390807
392718
395833
407303
406457
405641
377459
376709
374369
373553
360863
358498
352178
349424
351789
352605
354945
361265
358409
357558
360312
361163
364019
376709
364277
365257
367168
368019
367731
368853
367253
368853
370578
371394
365514
359802
358986
356144
367614
373326
375899
379014
379302
392070
390159
389308
392150
389577
378107
374992
362560
389494
400964
374030
361262
367142
374334
386766
385041
377849
376727
365257
365302
383950
384394
384970
387826
392434
401234
402050
402901
391431
392553
395126
397037
400152
398552
397701
399301
398179
395606
393695
405165
402050
402494
393694
392878
392302
373654
373210
368602
365746
374546
374591
375167
379775
382631
382586
383402
402050
398930
400550
409825
411211
418855
422320
423490
434960
423490
425090
421975
422826
424737
427852
426252
424341
421768
420917
423490
424612
423490
424306
442954
445810
442954
451754
456362
456806
457382
452774
443974
443530
442954
442909
442093
442138
423490
415846
406571
405401
407021
403556
411200
409814
411200
420475
421645
425110
423490
417730
422338
423154
426010
434810
426010
426454
426499
407851
404995
405571
405127
404551
404506
403690
399082
417730
406260
403687
400572
399721
402294
400694
402294
403416
404267
406178
404267
415737
418852
417730
419515
425395
428149
429325
420525
419349
422469
431269
425389
423439
400759
398309
400259
422939
425389
422269
420484
417730
408455
407285
410750
420025
418639
420259
416794
409150
407530
408916
410086
417730
413122
413938
413122
412678
394030
385230
382374
382329
382374
381798
386406
389262
407910
408354
408930
417730
406260
417730
416879
415757
418872
421445
422567
424478
425329
422214
423814
421903
420303
417730
416554
413439
411489
401403
406011
406587
405201
412845
409380
407760
410616
401341
404806
413606
422881
424267
423097
424267
416623
418243
419059
419503
400855
396247
387447
387003
405651
405606
404790
401934
401979
401403
404518
407374
408974
410096
410947
422417
424990
423390
422268
425022
424171
426082
438772
426082
423717
417397
414643
413792
410936
413276
414092
416457
422777
421961
419621
417048
417899
406429
404518
401403
392436
391860
391416
386808
385992
404640
404595
401739
401163
401979
402423
411223
415831
418687
409887
391239
391815
391860
401135
402755
410399
411569
415034
411569
409949
408779
401135
399749
390474
391860
387300
394492
381724
370254
357822
350630
323696
336464
363398
374868
380748
393180
387300
385700
382585
381734
379161
367691
366569
364658
360050
360095
359651
358835
358790
355934
360542
361118
342470
341894
344750
335950
344750
345194
346010
364658
368123
366953
363488
361868
352593
353979
355599
356769
364413
373688
366044
364658
362747
340067
337727
329887
311239
306631
306586
306010
305566
306382
306826
306871
298071
295215
294399
303199
307807
326455
327031
329887
342655
346087
353731
348019
346294
345478
345190
346915
349757
355469
355757
352915
353731
355351
358816
359986
352342
350956
341681
340511
338891
335426
343070
344456
353731
324787
325687
324871
324826
324250
323806
305158
296358
291750
288894
290280
299555
298385
296765
289121
279846
281016
282636
281250
277785
285429
288894
281250
277785
276165
274779
265504
264334
242758
229990
226558
218914
226558
229990
242758
248902
248086
235396
234545
232180
229426
227086
229942
223622
226376
239066
241406
238550
239366
241731
248051
248902
250862
258842
284510
286421
315365
316265
319019
316163
313503
313263
312513
311577
302302
294658
290098
297742
307017
307953
312513
299745
303177
310821
303177
299745
312513
299745
298689
292809
285617
273185
261715
265147
266203
271915
273091
269659
263947
262771
260431
233497
235837
223069
219637
211993
211177
216889
218614
221456
221744
221456
222272
220547
217705
211993
230641
258823
260443
263875
272675
274625
276407
278857
279301
281961
303537
304113
304158
303342
300486
299635
293315
290950
278260
275920
273166
273610
282410
285266
289874
308522
309098
309143
309959
313179
319323
320445
323455
332255
333191
343277
352077
349221
348777
330129
321329
316721
317537
316961
317537
317981
336629
335813
335768
340376
343232
343277
343721
344297
344252
346912
346468
346513
345937
324361
321701
343277
343721
342905
342860
342284
341840
323192
314392
317248
314392
315208
315253
315829
320437
329237
347885
343277
335297
333386
307718
278774
277874
275914
273160
302104
304015
306769
307669
315649
317609
343277
347885
356685
375333
375777
375732
375288
366488
365912
366488
365672
362816
365672
365717
366533
361925
343277
334477
334522
333706
333661
333085
332641
313993
314437
315253
315829
334477
337333
346133
350741
346133
343277
341552
341264
340448
343290
344106
344394
338682
335840
341552
343277
341099
343739
372683
376631
376586
377162
398738
401398
400822
398162
376586
376631
376187
376631
377447
377003
374147
374591
374636
375212
393860
398468
401324
382676
378068
386868
386052
386007
385431
376631
376055
375611
375566
356918
357734
348934
348118
345262
340654
340699
341143
359791
368591
373199
376055
376631
372023
371579
362779
344131
344575
343999
343954
344770
344815
341959
346567
365215
374015
376871
377447
376631
385431
382421
383357
384479
390623
389501
392721
383921
394007
383921
386931
385995
379851
376631
381191
380375
389175
392031
391986
391410
390966
372318
363518
360662
361478
361523
362099
362543
381191
385799
381191
359615
359171
359126
356466
357042
357087
359747
360191
359615
381191
400609
426277
438057
441067
443563
448171
454315
460027
468007
466057
464881
462431
459677
461462
464582
470462
447782
448958
451408
474088
476038
472918
464118
472918
467038
465253
468007
468247
474567
469959
461159
442511
441695
441650
441074
440630
437774
449554
471226
473591
474527
476438
477014
476570
476525
498101
497525
500185
500629
500674
479098
476438
472490
443546
472490
475130
472490
476438
470294
476438
471878
479522
484082
476438
477374
468099
467163
476438
473942
467798
487216
491824
497968
494958
500670
508650
500670
494958
520626
516018
519028
499610
487830
490326
464658
476438
476150
473308
471583
470767
465055
465667
466567
467383
471943
474697
477451
474697
482677
480766
479866
481777
452833
427165
425205
426105
428065
453733
445753
474697
482537
483473
486693
485571
476771
479781
480903
487047
495847
494911
491901
488681
482537
492623
482537
479877
479433
479388
457812
457236
454663
459271
467251
462643
436975
434479
426499
423489
417345
420355
422851
448519
460299
454587
459195
464907
471051
459271
439853
459271
460327
462667
463843
462787
466219
471931
466219
463879
462703
459271
458455
453895
456649
457261
458161
436489
441049
429269
426515
427331
425420
424808
423872
425783
423418
435198
437563
459235
460171
459271
430327
426379
455323
457963
461911
459271
458291
470071
471007
470071
461271
455127
456249
466335
475135
465049
468269
471279
477423
476301
473291
470071
465463
457483
460493
479911
477415
483559
477415
483127
487735
495715
498211
492499
518167
498749
473081
461301
473081
470071
470615
479345
482201
483821
484637
485573
488213
490967
490067
487617
490371
488411
514079
488411
459467
458567
455813
447833
449744
478688
480648
481548
479637
487617
487005
487821
486921
491481
492381
489627
490239
485679
484863
487617
485121
479409
474801
455383
429715
423571
411791
414287
411277
414287
426067
431779
437923
429943
434551
453969
479637
487617
458673
454725
457365
461313
458673
487617
465945
465009
466920
488592
500372
502737
490957
488592
489528
487617
490732
493952
483866
482744
488888
497688
498624
501634
492834
491898
485754
486876
483866
480646
490732
488236
513904
516400
519410
513698
507554
504544
485126
473346
465366
460758
435090
446870
452582
457190
465170
484588
490732
489916
485356
486172
490732
491344
490732
487978
488878
487978
490732
472084
493756
500076
522756
525096
532936
534847
525572
524636
516992
512432
513368
507224
528800
531460
531505
531949
532525
524545
536325
539335
533191
552609
558321
583989
579381
585525
590133
598113
578695
553027
541247
535535
532525
530029
532525
529305
523161
525915
524979
516179
507379
506257
509377
508201
505191
482511
480061
482917
480163
474283
472498
469378
467428
457342
466142
465326
474056
482856
488736
490521
491457
493907
495083
497033
519713
522467
528611
525971
528981
529797
528861
531501
534721
535657
526927
524071
525691
524071
523527
533613
530859
531981
532525
536473
539113
535165
506221
535165
532525
529771
504103
502143
494163
465219
464319
462408
462984
463800
466656
471264
480064
498712
499156
499201
500101
511881
514635
515247
514347
513531
508971
506606
484934
483998
483386
487946
489857
487103
485192
473412
474348
475164
496836
499201
508001
510857
515465
496817
497261
497837
497882
516530
513674
504874
504430
503854
503809
502993
498385
499201
499777
521353
521308
520864
518204
496628
496052
496097
496541
499201
490401
487545
468897
468081
468657
468702
469518
464910
467766
486414
495214
499822
499777
499333
498757
499201
498961
524629
527125
538905
533193
552611
546467
554447
560591
534923
540635
538139
535129
538139
518721
514113
506133
510741
498961
499537
499981
481333
485941
485125
485080
484504
503152
511952
511508
512324
509468
509513
500713
503569
498961
499777
481129
481084
472284
467676
464820
464376
463560
464136
464580
483228
492028
491452
494308
498916
498961
498916
507716
498916
517564
516748
516172
520780
520336
501688
502132
502708
505564
506380
503524
503569
498961
477385
477829
477874
499450
498874
499450
499405
498961
501621
498961
500083
501019
509819
503675
513761
510751
516895
519905
518969
510169
500083
498961
495741
498961
480313
477457
477412
472804
464004
464820
465396
464580
465560
479602
479647
482503
482059
486667
495467
514115
514559
513983
516737
517553
522113
522725
523625
522809
518249
517349
514595
513983
516623
487679
485039
488987
517931
513983
513003
498961
499941
513983
513407
510551
505943
497143
478495
478051
478006
477190
478006
480862
481438
481882
500530
509330
513938
513983
510973
508477
500497
495889
476471
470759
445091
438947
427167
429507
452187
455067
441025
438685
440596
439616
447456
461498
462554
460643
452803
453925
480859
458179
459159
459735
459780
468580
469396
488044
490900
491344
488488
488443
487867
487423
468775
473383
464583
459975
459159
452839
466881
467861
466881
452839
452884
474460
477120
477564
455988
455412
452752
452707
452263
452839
449407
452839
451783
451207
448867
447691
441979
441535
442711
442666
424018
425074
427414
433126
428518
419718
418902
416046
417957
396285
393920
392009
380229
381165
392945
414617
416982
416046
415066
401024
402004
416046
417168
420048
418992
420048
418926
416046
389112
416046
411486
412226
424916
429614
431214
431658
432834
433576
447340
452038
455048
462888
464010
469890
479165
485045
486025
471983
486025
485045
486025
485045
499087
485045
484601
483001
478303
472423
471683
470561
467551
470561
471683
473283
477981
478721
479165
485045
485981
483341
480587
479651
479107
487837
490693
491509
492053
494693
497447
488717
485861
487481
486665
485045
482291
477731
476831
476219
475403
502337
488295
485415
458481
459603
460659
459679
460659
474701
473579
472523
475403
474827
472167
480967
481411
480967
502543
503119
504055
506715
506670
506715
503495
481919
478909
485053
488273
487151
490161
481361
482483
472397
471461
465317
475403
475847
476969
477709
482407
485417
487017
484007
483563
489443
488703
484005
482405
476525
475403
473621
445439
442007
440387
431587
429637
443679
442699
428657
429637
423757
414482
415224
419922
433686
434862
427022
425846
431726
427028
414338
427028
436303
444143
443401
429637
428657
414615
428657
429637
430081
431203
432803
437501
438241
441251
440129
438529
433831
433091
432647
429637
423757
424597
453541
424597
428545
424597
421957
424597
425719
452653
451531
448651
421717
422773
425653
424597
419989
419009
404967
410847
406149
407749
404739
404295
403555
402715
401115
401559
406257
405135
405875
408885
410007
402167
401723
401678
401102
379526
376866
377988
376932
374052
372930
373986
400920
403800
376866
377310
374300
375422
377022
381720
382460
382016
376136
382016
380894
379294
378554
373856
376866
363102
368982
378257
379433
393197
385357
376082
371384
372126
370950
375648
374906
387596
395436
389556
376866
378036
372156
350484
348119
348859
349795
338015
335005
356677
354766
357131
357575
360585
372365
371921
373043
372107
376805
378716
374018
372418
371296
372896
378776
378036
378840
382233
385075
382195
381073
380017
406951
409831
410953
384019
385075
393875
398483
401339
401783
402359
421007
421823
421868
418753
424513
418633
417033
414023
413579
412839
408141
407019
417105
418227
421447
418227
417105
414095
422895
421959
413159
414095
420239
423249
417105
407019
409875
401075
419723
420167
420743
417887
418703
414095
395447
400055
399611
399566
398750
407550
407595
407019
411579
412321
398557
393859
381169
390444
396324
404164
416854
421552
435316
434574
435750
434574
425299
419419
411579
410523
413379
386445
385323
386379
383499
375659
373319
377927
386727
405375
382695
380784
381228
381273
380457
377601
372993
364193
345545
345101
344525
344480
371414
371990
373112
373928
376808
382568
386516
408092
409028
421460
428652
416872
419728
416872
421480
416872
408072
416872
435520
435475
436291
435715
434899
434455
415807
416383
416428
416872
419512
416872
445816
449764
420820
416872
417448
426248
425672
426488
421880
422324
419468
419513
438161
438116
437672
440528
421880
413080
412264
416872
415816
388882
386002
384880
385936
388816
389938
416872
416056
420664
429464
448112
448556
449132
449177
449993
452849
449993
441193
422545
422101
421525
421480
416872
404182
416872
407597
412295
426059
427235
421355
407591
402893
402151
400975
393135
399015
399757
407597
416872
418042
416872
416827
419683
424291
423475
442123
442567
443143
440287
441103
449903
445295
436495
417847
417403
417448
416872
418822
441502
443952
442002
444756
446541
443421
440667
431867
430082
424202
401522
399072
407872
410992
416872
418048
418984
417808
418352
419972
420788
423428
426182
417452
420308
418688
417872
417328
414688
411934
420664
419728
416872
415750
388816
387760
384880
384064
365416
362560
357952
349152
348708
349524
358324
361180
360604
360559
360604
361180
361624
380272
384880
381660
372860
366716
365780
364658
361648
351562
345242
346058
374240
375086
375836
397508
396572
374900
372535
360755
363120
374900
372989
373925
375836
372443
371639
374481
377874
378678
375836
376280
379136
387936
406584
407160
407205
406389
401781
402597
402552
401976
399120
403728
403284
384636
375836
388604
392036
399680
400580
393388
371812
370876
383308
387256
408832
416024
416960
413012
407252
413012
400580
401966
427634
463184
467744
489320
498595
499335
502450
511417
510973
508117
507301
488653
488608
484000
475200
474624
460860
456162
443472
435632
429752
428576
427834
418559
421674
420288
411321
406761
432429
441704
463280
437612
446579
482129
482869
484255
488815
485700
464124
463384
427834
418559
414611
411971
383027
386459
373691
381335
394103
386459
383027
392302
391562
390176
390916
394031
415607
416993
442661
451628
425960
461510
439934
430659
427544
432104
396554
387587
383027
383777
384593
412775
412025
383843
382997
383843
382907
382091
381351
355683
346408
367984
364869
343293
338733
303183
294216
329766
330506
333621
359289
368564
367178
368564
377531
382091
380921
382091
384731
363155
358595
357209
321659
320919
322305
296637
332187
341154
345714
348829
374497
365222
374497
371382
372122
363155
384731
371963
364319
360887
368531
381299
384731
397163
402923
424499
431691
435639
423207
419259
418323
411131
405371
383795
384731
375456
349788
375456
366489
330939
330199
327084
305508
314475
309915
310655
319930
323045
327605
349181
384731
383345
384731
385781
385031
356849
356033
355187
353801
344834
347949
326373
325633
316358
290690
312266
337934
347209
344094
308544
309930
318897
354447
355187
350627
355187
352847
351671
350615
354047
356387
362099
363155
357443
358619
355187
333515
331150
330214
318434
340106
342471
340560
352340
353276
355187
354383
350990
348148
344716
337072
324304
302632
298072
289105
287719
266143
263028
227478
218203
217463
191795
199775
202529
201713
198857
190127
189583
187963
185323
184153
183217
184387
181633
193103
194225
195076
198191
200102
202675
204275
197083
191323
169747
157315
156379
152431
161706
180354
181476
178903
180025
181936
182787
181665
180814
178903
167433
169033
180503
177388
175788
178903
181476
184451
183329
164681
173956
192604
193726
184451
185573
188146
190057
191657
203127
206242
204642
205493
204642
202731
200158
199036
187566
184451
193726
212374
213496
204221
203099
184451
187566
188417
190328
187213
198683
187213
184640
183789
184911
183311
185884
187484
185573
184451
185621
166973
165851
156576
157698
176346
185621
188736
200206
198606
197755
199355
201266
202117
199002
200124
198213
195640
184170
186743
185621
193601
196355
193601
185621
197401
196465
194554
192189
180409
202081
204446
206357
184685
185621
194896
185621
184499
203147
204269
185621
182506
193976
192065
189492
178022
176422
177273
176151
178724
180635
181757
183357
182506
185621
184451
185621
166973
157698
158820
168095
166973
185621
183048
181137
182259
170789
167674
166552
165701
166552
169667
181137
183710
185621
187221
185621
193461
216141
218052
220392
233082
234993
225718
234993
253641
234993
270543
269421
272301
273423
276063
277259
274144
262674
260101
258501
257650
256528
258313
256402
259517
262637
270477
270522
279252
290722
303222
304842
318606
309331
308209
289561
295321
295897
303877
306055
308695
316675
313921
305941
308695
311815
313600
319480
322234
324684
347364
349314
347364
324684
322899
321723
318969
320145
317695
308895
305775
314575
308695
307525
308695
287023
284658
282747
281811
282747
304419
316199
304419
306330
308695
308740
307120
309976
296212
293092
293668
293713
294529
297644
298088
305928
317398
326128
339892
327392
315922
307192
299352
296237
314885
318005
317960
322568
331368
332988
345488
343310
351290
353468
350828
342848
345488
354288
335640
354288
354864
354909
355725
352869
344069
343625
344069
339461
339416
344024
343208
346064
345488
347828
348679
349495
362185
364550
367304
373624
376480
371920
370724
367844
332294
319604
317693
315053
316964
352514
355394
368084
370724
371920
353272
356128
360736
356128
355312
355267
354691
345891
346707
346263
346308
346884
347328
365976
374776
371920
381195
384627
385071
387927
406575
415375
415951
411343
411298
415906
415462
396814
395998
395422
396238
396283
393427
384627
385071
387731
387776
409352
409928
409484
404876
396076
393220
393265
392689
392644
391828
392644
401444
406052
408908
390260
390704
409352
409928
412568
420548
422726
420548
412568
409928
407174
399194
401948
409928
414536
417392
414536
413720
422520
423336
422760
423204
423159
418551
409751
409796
409352
390704
391280
409928
408758
409928
404168
395368
392248
389133
381293
372563
361093
348593
346973
333209
333164
332588
335708
349472
351092
363592
375062
383792
365144
369752
370568
370613
371189
371633
390281
399081
394473
397329
394473
394029
393213
393168
393213
396328
404168
406508
398668
421348
398668
396757
404597
406508
404168
405014
405756
405180
404736
404691
386043
377243
374387
369779
369824
369008
373616
374192
374636
393284
402084
404940
405756
417226
442894
464470
461810
440234
440189
440633
441209
440633
440678
443338
442894
440254
442432
450412
448234
440254
442894
434094
429486
430302
429726
429282
410634
411078
411033
411078
411654
410838
429486
438286
442894
445750
442894
443950
445126
450838
453178
452122
449782
448606
442894
439462
442894
421222
420286
418375
406595
404230
406595
419285
421625
422441
423292
426046
432366
429612
428761
425905
419585
417220
404530
403714
401374
404230
403654
385006
380398
380353
371553
370737
370293
367437
366537
367353
375333
376529
378707
391207
392932
399076
400676
405374
369824
371735
407285
409925
412805
425495
426691
424780
412090
409210
406570
405374
404930
404354
382778
383222
383267
385927
407503
408079
405419
405374
407552
405374
397394
394754
397394
405374
402620
394640
402620
405374
396644
393524
382054
369554
355790
352675
352630
351010
343170
342000
343170
345120
358884
380460
358884
358308
358353
361013
361589
358929
358485
358440
358884
356706
348726
346086
345036
342696
345061
347917
345552
344736
338416
335662
334811
331955
338275
340615
341466
354156
356910
357726
345036
347214
355194
367694
356224
330556
342026
367694
369080
368636
369212
366552
366507
369167
369611
348035
348080
369656
369080
361100
358346
359516
358346
361321
358346
356006
348166
325486
323575
288025
286829
284918
272228
269588
266708
269368
271279
268639
266461
258481
245981
253961
266461
268639
265979
265403
243827
243383
243338
242168
243019
242203
244543
241687
244543
242203
248523
250888
251704
239014
236649
230329
227575
240265
243019
242168
240383
237629
236453
234003
232053
240853
242638
248518
251272
252448
254898
277578
271698
273648
270528
247848
250968
242168
230698
205030
230698
242168
236408
234623
233453
241433
228933
220953
233453
231275
233453
235793
242113
242964
242113
244969
245785
239465
226775
224021
223205
225959
223103
225468
223128
220763
233453
241433
253933
241433
233453
231275
233453
207785
196315
195573
192141
197853
198429
200769
206481
209913
208857
206517
206805
207981
220481
229281
231921
234931
235987
234811
229099
228523
227677
235657
233479
245979
248157
235657
227677
226826
224072
217752
215387
212531
210191
197501
196685
219365
221705
229545
231456
249845
246413
249528
251128
252250
253101
255012
257585
269055
261075
248575
256555
254377
256555
269055
272065
268950
257480
258331
259453
258331
260242
262815
260904
272374
275489
272916
272065
270465
272065
273121
259357
260479
257364
245894
246745
244172
242261
241410
243010
241888
240288
243403
254873
257446
259357
250082
268730
277530
277575
278019
278595
279411
282267
286875
287997
284882
296352
297952
295379
297290
299863
302978
301378
300256
299405
297494
286024
286875
295675
291067
293923
298531
317179
316603
316648
317464
314608
305808
306384
305568
305523
305079
305523
286875
285489
284638
282727
280154
283269
281669
284242
286153
287004
288126
276656
273541
285011
283889
285489
304137
301281
302097
302142
302718
303162
298554
298110
306910
298110
300288
312788
320768
318590
317774
309794
297294
297249
296673
278025
280881
285489
288243
291123
292299
311717
308602
307002
295532
292959
291048
289926
292499
291648
303118
305029
305880
307002
308602
311717
312161
320961
312161
311345
312161
312116
314972
315548
296900
315548
312692
317300
316856
316280
311672
311717
293069
284269
287125
286309
286264
285688
285244
294044
298652
317300
317744
318320
318365
319181
316325
311717
300247
297132
298254
299105
301016
303589
315059
318174
316574
315452
314601
312028
310117
311717
293069
284269
279661
276805
276850
277426
286226
286670
289526
288950
293558
293114
293930
293885
293069
311717
308602
297132
294559
292648
291797
290197
289075
289120
270472
267497
267053
258253
253645
250789
251605
252181
251605
256213
259069
259513
259468
258652
277300
286100
284315
278435
275681
274505
272055
275175
273225
270105
271890
277770
255090
246290
247466
256266
258216
260970
262881
285561
293401
291061
293401
291490
283650
306330
308780
286100
284150
287006
282398
287006
286190
286145
285569
285125
276325
273469
274285
274330
274906
275350
293998
302798
284150
281972
269472
261492
259581
268381
267937
268381
268426
267610
248962
249538
244930
236130
236085
238941
243549
262197
263013
260157
259581
267561
270781
271501
272401
274361
275165
279725
282605
263187
260307
259131
260307
279725
276869
272261
271685
271241
252593
243793
242977
242932
243832
244444
249004
249820
252574
240074
233930
229232
230048
227870
219890
218290
217094
218819
231319
233497
232681
233877
238575
236850
242994
250974
252574
253294
254098
254998
258218
266198
270758
267538
262978
261018
260298
262258
261454
260554
252574
249914
254612
256977
258099
266899
267949
280639
281619
282195
282639
282684
285344
306920
306116
301556
298336
300296
298336
297436
296716
288736
289456
297436
301996
302800
303700
306920
309560
310756
311736
312858
311808
299118
307918
312616
313666
316031
311333
308968
307988
299188
298066
310756
313510
312790
308230
306270
305370
304566
301346
305906
306710
314690
317910
318630
319530
311550
313510
332928
335808
316390
315214
316390
313510
314361
292785
290125
289681
311257
311833
312277
312322
312277
311701
314361
315177
316077
318831
319443
314883
313983
311229
310617
315177
314361
313641
310421
309617
310517
308557
300577
305137
304237
305041
305761
308981
316961
312401
314361
315483
313118
321918
317220
321918
324283
325263
324141
323161
314361
313311
314361
301671
314361
313305
314361
312021
310845
313185
307473
304041
309753
310929
314361
311141
311861
309901
309097
308377
303817
304621
305521
297541
300761
308741
313301
315261
314361
324447
325251
327747
328035
356979
335403
334959
335535
335979
336024
335448
332788
332743
354319
356979
359344
360466
365164
366214
353524
362324
359959
360939
359889
351089
350109
345411
358101
356979
355019
354215
356175
357075
357879
358599
361819
369799
361819
366379
365659
361099
360199
357859
335179
333268
325428
322208
322496
319856
319280
310480
307470
308046
307758
320258
314546
302046
307758
310398
319198
322208
341626
344506
345682
326264
329696
326816
334460
347228
346052
341492
340676
337922
337310
337922
342482
343298
344198
343298
346052
343687
348385
350750
351872
352852
361652
356954
348154
360844
359722
358742
357692
345002
346052
374996
385082
387578
388382
378296
349352
348548
348836
346340
346052
345248
344528
341308
333328
335288
336188
339408
347388
348192
348912
346952
342392
346952
346052
346007
345563
345608
324032
323456
320796
342372
345032
345476
346052
358820
362252
358820
346052
353696
346052
346664
349884
357864
362424
360464
359564
358760
350780
350060
345500
347460
348360
349164
349884
346664
345542
350240
349190
336500
337550
346350
348715
349695
340895
339915
341037
338672
351362
346664
348614
358700
387644
390140
390944
380858
381146
380858
378362
377558
348614
345604
337624
316048
314088
313188
312384
311664
307104
306528
306084
303424
300204
302864
302909
303485
325061
325016
325460
338228
341660
342836
323418
326298
345716
342836
330068
337712
330068
326636
325460
347132
349497
340697
341747
340697
341677
342799
351599
338909
351599
350477
349497
347132
342434
347132
344378
345194
344582
345194
344294
343478
338918
341672
342572
347132
348812
353420
372068
372644
373460
382260
382704
382749
385605
384789
384744
385188
385764
386580
391188
394044
412692
421492
421537
416929
408129
389481
389037
388461
385605
383109
393195
422139
424635
425439
415353
414549
414261
414549
385605
382173
374529
361761
361185
339609
336949
336505
336460
317812
326612
345260
348116
352724
353300
353345
353789
354605
354161
353585
352769
343969
339361
336505
336460
337440
346240
358930
354232
351867
352989
355354
360052
351252
350272
351322
350272
337582
336460
333604
336460
341068
349868
350684
351128
351704
351749
350933
350888
350444
331796
322996
318388
337036
336460
336505
317857
318301
322909
325765
326341
321733
312933
312489
311673
311628
330276
339076
338500
339316
336460
317042
319922
339340
336460
337636
336460
345260
332570
331520
322720
335410
334430
333308
330943
331993
332973
335338
340036
341158
336460
326374
328870
329674
339760
340048
368992
366496
366208
337264
336460
358132
385066
385610
363938
345290
340682
343538
348146
348191
345335
346151
337351
337795
356443
365243
364799
364223
364178
363362
363938
364754
369314
364754
364142
361388
360488
359672
360284
363038
363938
365723
366899
389579
391529
394283
400163
403283
412083
410133
408348
405898
404722
401968
396088
392968
384168
386618
363938
376628
379743
376887
376071
384871
403519
403963
404539
404584
405400
400792
391992
373344
376200
375756
375180
375135
379743
376989
376173
376128
375552
366752
369608
365000
346352
347168
347213
347789
366437
375237
379845
379401
379845
376989
389679
380879
379899
378777
376412
371714
359024
363722
366087
367209
376009
374959
375939
376989
358341
349541
349586
346730
346685
346241
341633
342077
341501
344357
348965
357765
358581
359157
358341
376989
398661
406641
407621
408791
410051
419326
428293
463843
466723
465919
463423
463135
434191
424105
405716
405272
386624
386048
385232
382376
373576
368968
368923
381423
384888
387253
389431
397411
399322
424990
416190
415140
410442
409320
408340
395650
393285
392109
389229
408647
389229
390405
393285
367617
369217
372073
374953
396625
374953
370393
367639
372199
371383
372199
371299
372199
374953
375565
374953
375769
403951
404797
405547
404491
426067
424807
421927
443599
479149
488116
497391
498651
489684
490854
481579
484459
485439
477459
455787
420237
419257
418087
426067
425216
428609
425969
428811
430761
433101
438813
437637
438813
433101
429669
433101
432045
429705
430761
429585
449003
450179
453059
433641
430761
438405
440025
441411
450686
451856
455321
454125
453375
431703
430857
438837
439381
440577
443237
444053
472235
473081
444899
445649
444833
440273
437519
436907
436007
435191
436577
433112
436577
437747
447022
454666
453046
443771
445391
444005
436361
435191
413519
422486
414506
378956
377976
399648
396768
387801
386631
385371
420921
428901
430071
431051
433931
443206
444466
435191
436811
444455
453730
454900
458365
459751
456286
448642
447472
438197
436811
435191
453839
451661
453572
445592
453572
455937
468437
471902
469991
467626
455126
457304
453839
455459
458924
460310
461480
458015
456845
466120
464734
463114
455470
463114
453839
479507
488782
493342
514918
523885
524625
527740
529126
564676
556696
559356
560552
559356
558812
556152
556696
564676
565798
566968
568588
560944
570219
571605
575070
582714
573439
571819
570433
569263
565798
556523
578099
556523
553408
548848
553408
517858
508891
508151
482483
491450
517118
526393
525007
528122
528862
564412
565798
565048
564232
563386
535204
533584
532198
533818
524543
523373
515729
525004
526174
527560
535204
538669
535204
522704
523280
517568
520578
526290
525714
528354
519554
532054
531766
532054
529044
526404
535204
532324
551742
550566
553446
554622
535204
513628
535204
530644
521369
530644
504976
508091
508831
544381
570049
579016
580402
584962
549412
548672
539705
538319
535204
543184
545844
544648
544104
544648
541988
543184
535204
542848
539383
530108
528722
521078
522464
520844
530119
531289
532909
536374
535204
556780
559895
560635
596185
605152
609712
612592
613762
612782
609902
600627
591660
590400
568728
533178
542453
550433
524765
546437
524861
489311
488141
478866
514416
523383
532658
533918
525938
516971
518357
517617
516231
511671
537339
534224
535204
538084
539684
536804
539660
538060
535204
533818
543093
544713
548178
538903
540073
532429
533815
541459
537994
536374
535204
533254
542221
506671
507411
510526
546076
544690
540130
541516
563092
562352
571627
562352
553385
557945
583613
580498
554830
557672
558932
562880
564662
567158
568838
547262
548987
539712
536247
535077
527433
526047
524427
532407
532951
535611
536807
536263
533603
532407
524427
498759
477183
467908
489484
486369
495336
521004
530279
525719
524979
516012
519127
483577
484317
488877
490263
525813
524427
518283
510303
497803
496203
494025
493209
492013
487315
485590
482836
482096
486656
488042
523592
522206
513239
538907
517331
491663
482388
446838
456113
477689
473129
470014
478981
479721
482836
485716
512650
513706
514828
513652
510772
491354
502824
505704
506684
507854
516821
495149
516821
481271
490546
526096
517129
509149
499874
474206
438656
429689
426809
425639
424659
420099
410824
407709
386133
387393
386653
385393
384007
391987
392531
389871
397851
389871
389327
388131
390791
391987
394352
397817
385317
381852
389832
402332
400421
398243
395878
387898
390076
391987
391375
392431
391309
364375
363319
390253
393133
390253
391375
389695
392355
400335
399139
396479
397675
398219
397675
389695
388639
389761
392641
419575
420631
393697
390817
389695
398495
401615
403400
406154
408604
385924
408604
406654
407830
405076
410956
408506
399706
396586
394801
388921
390871
389695
388525
410197
418177
427144
428404
463954
462974
472249
473419
470539
434989
425714
416747
395075
387095
389975
390955
389695
388573
389695
386815
387871
390751
417685
416629
389695
392355
384375
385571
386115
385571
384375
381715
389695
390955
388113
386853
388635
390360
393202
397150
395470
393745
396241
397921
395425
393643
389695
390415
402915
405669
414165
433583
441423
442545
447153
447198
450054
450630
451446
470094
478894
479338
486530
513464
514520
515642
518522
517466
490532
487652
486530
477730
496378
496423
497239
494383
489775
489331
488755
488710
489286
488470
469822
472678
477286
486086
486530
492674
489794
486938
485338
486938
489794
492674
491478
490934
493594
494138
491478
492674
484694
492674
493118
484318
483874
465226
465271
460663
457807
457231
458047
466847
471455
490103
490058
489242
489818
492674
492230
492806
492230
492185
473537
473582
472766
473582
474026
469418
478218
469418
466562
471170
474026
492674
483707
492674
483399
482139
479259
478089
470109
491781
527331
526351
490801
493681
494941
504216
505196
506366
514346
492674
465740
464684
463562
460682
463562
477604
478584
505518
506574
507696
495196
493018
485038
483127
480762
477297
489797
492162
494073
502053
504231
507696
512304
511728
493080
484280
487136
486320
495120
513768
514344
513900
513945
514761
511905
511860
512304
507696
506716
520758
506716
507696
507741
510401
531977
532553
532997
535657
534461
531801
523821
523277
531257
531801
532997
520307
519491
522347
522392
531192
517150
521758
512958
508350
508305
507325
507769
508585
527233
527809
528789
525933
507285
521327
520751
520307
521363
548297
547241
544361
547241
548363
521429
520307
521287
507245
506265
520307
538955
536099
536915
536099
536144
531536
522736
523180
504532
507388
511996
520796
520352
520307
520883
520307
523061
503643
504765
513261
512139
499639
491799
489045
508463
516303
528803
520307
519763
516648
530690
531670
517628
516648
513792
513837
514413
517269
521877
513077
494429
493613
493568
492992
488384
488828
507476
516276
517092
516648
515592
516648
518988
520164
514452
517884
514452
512112
510936
516648
520080
522030
523650
551832
553614
562414
563394
562414
563470
536536
550578
549522
548400
545520
531478
534358
535480
562414
559754
558558
558014
550034
545426
536626
536581
536005
535561
516913
514057
514501
514546
515122
533770
542570
547178
550034
549218
550034
571610
568950
547374
546930
547506
550166
550610
550655
550079
550034
542054
540884
539904
537024
528057
526797
517522
495850
460300
474342
475322
461280
460300
464248
465973
467653
470149
471931
473191
470349
473191
469243
467518
462910
460414
457558
448758
430110
429666
427986
427170
427125
426549
425289
423507
423747
424647
427767
429717
432290
436898
422856
421876
435918
436898
409964
407084
406028
404906
403926
417968
418948
404906
406856
409698
407748
404906
390864
404906
403926
404906
408021
409143
410743
422213
424786
425637
427548
428124
449700
449745
449169
427593
424933
424489
424444
424888
427548
426568
412526
410926
412526
413648
415559
412986
401516
404631
401516
400665
399543
400394
411864
414437
412526
385592
393432
401928
399174
418592
419714
432214
424374
404956
396460
399214
398092
385592
387770
389681
397661
400026
398115
410615
408437
400457
398092
385592
382127
385592
387503
390076
386961
375491
372918
373769
372918
371796
370196
381666
384781
385903
383992
385592
393432
395772
418452
420363
418763
415907
418763
420363
423243
420363
420408
398832
399276
398700
420276
420852
418192
418147
417703
420363
418763
416190
414279
413428
414550
416461
419034
430504
433619
430504
432104
430982
419512
420363
414651
414363
411723
399223
396213
395637
386837
384926
383804
380689
379838
377265
375665
376787
377638
379549
382122
393592
395192
383722
386837
383444
388052
390908
391352
391928
391973
392789
411437
420237
419386
416271
404801
402228
400317
411787
410187
413302
415875
417786
418637
419759
421359
420237
401589
401145
400569
400524
399708
395100
395916
395961
387161
390017
387161
395961
396537
396981
415629
420237
398661
400443
401019
398177
396917
395192
393410
390914
389234
393182
394442
396167
395723
395147
391199
412775
415435
415879
415924
415879
417559
414899
417741
420237
417664
416064
416915
418515
419637
421548
424121
435591
438706
435591
434469
433618
431707
420237
421053
416445
415629
416073
416028
415452
415008
412152
412197
412773
403973
412773
417381
420237
401589
420237
400819
388319
400819
409315
428733
436573
437695
429855
421359
420237
422991
420237
420813
418902
419346
437994
446794
451402
454258
452658
451536
450685
448112
447536
448352
445237
426589
415119
414303
411447
406839
398039
397994
398039
397595
376019
376595
385395
390003
392859
411507
411951
411906
411951
411507
410691
410115
405507
386859
378059
375203
376019
374897
356249
355673
353013
352569
352524
330948
328092
346740
347184
346368
347184
338384
338960
320312
315704
315128
323928
328536
331392
330948
330903
330948
331524
340324
343444
348052
356852
362732
363176
362360
361784
380432
378482
369682
365074
362218
362263
361819
361774
343126
320446
321622
322438
320653
323407
314607
311487
313272
316128
313374
312198
309748
311698
334378
336828
330948
337092
330948
333126
320626
318261
330761
322781
320870
318692
320603
317138
319503
322968
330948
331524
331968
350616
359416
364024
366880
364024
355224
350616
350172
350217
349401
350217
349641
349596
330948
326340
307692
307248
306672
306627
305811
306255
297455
294599
303399
303975
304791
323439
326295
330903
330948
330228
311580
310764
310719
310275
301475
296867
294011
293435
294557
297311
309811
329229
337725
318307
315553
307713
315553
314431
301931
293435
285595
283684
261004
258664
261004
262915
285595
293435
291835
288979
286099
287881
285385
287065
283117
280275
279015
277290
278550
281046
279366
283314
285039
287881
286099
298789
300700
303340
338890
341770
342966
355656
361976
364730
400280
406040
408794
428330
453998
459878
469153
487801
488923
477453
476331
456913
447638
444884
432384
424544
443962
445084
453580
454702
462542
475042
466546
469300
468178
477453
458805
477453
469473
471838
469660
471838
479818
481729
469229
466864
464953
468418
480918
477453
478509
484221
483165
480825
479649
473937
470505
473937
476277
477453
458805
449530
458805
477453
478575
477453
478575
487850
506498
487850
478575
477453
496101
497223
496101
477453
468178
477453
478575
481585
487465
487909
488649
493347
494947
513595
512473
493825
503100
493825
494947
496627
498409
500134
501394
504236
502556
499714
497932
496207
494947
490999
493495
490999
494947
493825
494269
497279
503159
502715
501115
496417
498017
498757
498017
495007
489127
490249
494947
493825
512473
514384
515506
518146
530836
521561
557111
538463
547738
548934
547023
534333
533137
530257
494707
492067
494947
499507
491667
488913
476413
479167
480289
471793
479633
492133
511551
492133
500629
499507
500629
499507
493627
488929
485919
487519
487075
487815
493695
494139
497149
496409
501107
499507
490232
471584
470462
462622
460282
458371
435691
440389
439945
441067
438057
439657
438917
437795
438535
438979
441989
447869
441989
440389
435691
433741
430899
423707
424151
427161
428283
429883
429143
435023
433423
432301
431857
428847
422967
427665
428405
423707
421796
419431
421609
418144
410164
397664
410164
413629
421609
423974
425885
423707
424151
423707
429587
428465
426865
422167
421427
418417
412537
417235
418835
419957
422967
423707
422967
424089
422489
424089
423645
418947
415937
421817
424827
418947
419391
420131
424829
423707
417563
426059
445477
432977
434099
414681
411927
403431
402309
405063
417563
425403
417563
415963
411265
410525
409403
408959
405949
400069
397429
384739
380791
382702
385198
420748
423628
424824
437514
439296
441936
439056
437145
438825
437629
434787
433107
431382
429600
427104
391554
392814
395656
399604
398344
400069
402019
424699
415899
410019
412469
413645
416399
418184
426984
425034
402354
399904
397150
403030
401245
398125
401245
400069
402823
390133
364465
358585
339049
351739
377407
396943
390623
355073
390623
396503
402263
405017
402263
399509
393749
400069
380651
372155
371033
358533
350693
347939
344474
342109
340198
332218
330040
317540
316344
314433
311553
308913
273363
260673
263169
264429
261587
260327
258602
256820
254324
252644
256592
259434
255486
257211
258993
260673
257241
251529
250473
248133
246957
243525
241905
240123
231323
229373
201191
199511
197729
194887
193627
191902
189406
185458
186718
188443
190225
192721
194401
197243
201191
203945
168395
181085
206753
226289
232169
234923
228603
234363
228483
234803
232049
226289
223535
203999
178331
165641
201191
200291
197171
196931
194358
189750
187800
183240
174440
171320
165440
163655
162479
160529
157775
155325
132645
130965
129183
126341
122393
120668
119408
116912
91244
55694
52940
50186
44426
38546
19010
6320
41870
44624
47378
53138
59018
78554
104222
116912
110592
116912
104222
101468
95148
59598
53838
47958
28422
25668
0
