0.086
0.072
0.08
0.072
0.073
0.074
0.071
0.071
0.076
0.072
0.078
0.071
0.072
0.075
0.072
0.071
0.074
0.17
0.074
0.073
0.072
0.074
0.072
0.071
0.073
0.203
0.072
0.131
0.095
0.074
0.075
0.071
0.072
0.074
0.071
0.166
0.075
0.071
0.073
0.071
0.075
0.072
0.071
0.074
0.07
0.073
0.071
0.091
0.077
0.087
0.07
0.071
0.072
0.071
0.073
0.07
0.071
0.072
0.07
0.076
0.071
0.07
0.071
0.071
0.071
0.076
0.071
0.071
0.071
0.074
0.073
0.071
0.071
0.074
0.07
0.073
0.071
0.07
0.075
0.071
0.071
0.073
0.071
0.074
0.088
0.075
0.071
0.07
0.073
0.07
0.071
0.167
0.071
0.167
0.072
0.071
0.071
0.07
0.078
0.072
0.073
0.071
0.073
0.071
0.071
0.073
0.072
0.071
0.075
0.07
0.072
0.205
0.073
0.169
0.206
0.103
0.098
0.129
0.099
0.1
0.102
0.099
0.103
0.071
0.07
0.073
0.071
0.073
0.073
0.071
0.085
0.07
0.071
0.072
0.073
0.07
0.072
0.073
0.07
0.071
0.074
0.077
0.074
0.07
0.072
0.074
0.071
0.165
0.069
0.073
0.071
0.074
0.072
0.071
0.073
0.07
0.071
0.203
0.202
0.071
0.071
0.072
0.071
0.107
0.077
0.072
0.073
0.072
0.202
0.071
0.076
0.071
0.074
0.071
0.071
0.074
0.072
0.073
0.163
0.071
0.07
0.072
0.07
0.072
0.072
0.072
0.075
0.161
0.07
0.07
0.074
0.069
0.071
0.074
0.357
0.109
0.204
0.075
0.074
0.071
0.074
0.071
0.071
0.071
0.086
0.076
0.071
0.071
0.185
0.185
0.098
0.07
0.068
0.074
0.105
0.071
0.074
0.07
0.07
0.076
0.071
0.07
0.071
0.202
0.164
0.102
0.099
0.103
0.099
0.101
0.101
0.24
0.259
0.131
0.072
0.071
0.07
0.073
0.102
0.072
0.077
0.07
0.07
0.074
0.13
0.126
0.13
0.129
0.174
0.275
0.137
0.126
0.128
0.126
0.127
0.126
0.15
0.132
0.126
0.315
0.291
0.072
0.07
0.073
0.071
0.072
0.072
0.07
0.165
0.235
0.165
0.07
0.086
0.073
0.074
0.071
0.07
0.072
0.082
0.071
0.182
0.112
0.098
0.099
0.108
0.073
0.07
0.072
0.07
0.07
0.069
0.069
0.071
0.069
0.07
0.071
0.071
0.071
0.07
0.072
0.196
0.074
0.07
0.07
0.072
0.072
0.083
0.076
0.071
0.071
0.073
0.07
0.07
0.07
0.071
0.071
0.071
0.072
0.071
0.071
0.202
0.076
0.07
0.07
0.071
0.07
0.069
0.163
0.069
0.07
0.165
0.07
0.172
0.165
0.18
0.101
0.1
0.098
0.072
0.07
0.163
0.165
0.183
0.185
0.098
0.07
0.069
0.07
0.07
0.072
0.074
0.071
0.072
0.069
0.07
0.071
0.071
0.069
0.073
0.07
0.1
0.098
0.099
0.097
0.098
0.099
0.098
0.179
0.1
0.099
0.097
0.098
0.075
0.071
0.072
0.078
0.172
0.103
0.097
0.099
0.097
0.096
0.101
0.114
0.102
0.098
0.098
0.102
0.249
0.235
0.276
0.126
0.128
0.069
0.072
0.07
0.071
0.073
0.07
0.072
0.1
0.098
0.096
0.099
0.098
0.1
0.116
0.102
0.097
0.07
0.07
0.072
0.103
0.072
0.165
0.07
0.164
0.072
0.072
0.07
0.069
0.072
0.07
0.071
0.074
0.161
0.072
0.07
0.069
0.078
0.07
0.069
0.072
0.069
0.162
0.07
0.07
0.073
0.092
0.071
0.074
0.07
0.074
0.071
0.073
0.07
0.072
0.07
0.07
0.074
0.07
0.073
0.097
0.099
0.16
0.169
0.097
0.108
0.097
0.1
0.097
0.101
0.098
0.072
0.069
0.071
0.07
0.073
0.164
0.115
0.115
0.098
0.074
0.07
0.087
0.073
0.07
0.069
0.072
0.099
0.096
0.145
0.072
0.07
0.076
0.092
0.072
0.072
0.104
0.101
0.074
0.073
0.072
0.072
0.071
0.091
0.204
0.073
0.071
0.071
0.071
0.076
0.071
0.073
0.075
0.082
0.072
0.246
0.08
0.071
0.114
0.073
0.077
0.074
0.188
0.103
0.073
0.074
0.07
0.071
0.073
0.071
0.073
0.07
0.07
0.073
0.072
0.071
0.075
0.071
0.07
0.23
0.078
0.099
0.103
0.099
0.173
0.173
0.207
0.208
0.211
0.209
0.201
0.174
0.099
0.07
0.088
0.072
0.094
0.071
0.077
0.074
0.073
0.075
0.071
0.074
0.071
0.072
0.071
0.075
0.071
0.07
0.07
0.071
0.072
0.072
0.073
0.181
0.103
0.136
0.107
0.101
0.101
0.105
0.099
0.104
0.074
0.076
0.174
0.1
0.102
0.099
0.127
0.1
0.105
0.075
0.073
0.071
0.076
0.071
0.071
0.073
0.185
0.099
0.1
0.101
0.075
0.07
0.074
0.165
0.081
0.071
0.168
0.169
0.171
0.165
0.181
0.073
0.198
0.103
0.106
0.101
0.102
0.1
0.102
0.073
0.072
0.072
0.073
0.072
0.182
0.075
0.104
0.075
0.072
0.076
0.1
0.109
0.113
0.074
0.071
0.072
0.172
0.164
0.076
0.071
0.186
0.101
0.1
0.104
0.1
0.104
0.071
0.071
0.072
0.074
0.072
0.076
0.071
0.075
0.071
0.07
0.073
0.071
0.075
0.074
0.073
0.074
0.165
0.073
0.207
0.171
0.102
0.1
0.073
0.07
0.073
0.072
0.072
0.071
0.071
0.102
0.098
0.106
0.098
0.102
0.116
0.137
0.101
0.071
0.071
0.071
0.072
0.1
0.101
0.101
0.099
0.1
0.103
0.072
0.076
0.09
0.073
0.072
0.074
0.073
0.224
0.071
0.075
0.104
0.245
0.257
0.127
0.129
0.126
0.132
0.128
0.101
0.072
0.071
0.099
0.118
0.102
0.098
0.104
0.103
0.124
0.075
0.073
0.071
0.071
0.072
0.075
0.07
0.071
0.071
0.07
0.072
0.071
0.07
0.074
0.071
0.071
0.072
0.177
0.165
0.167
0.078
0.183
0.074
0.071
0.103
0.166
0.19
0.154
0.153
0.112
0.131
0.115
0.075
0.073
0.097
0.084
0.197
0.105
0.105
0.103
0.131
0.13
0.078
0.075
0.076
0.072
0.072
0.074
0.078
0.072
0.073
0.074
0.073
0.076
0.073
0.074
0.073
0.074
0.077
0.074
0.075
0.077
0.091
0.133
0.075
0.072
0.076
0.075
0.077
0.073
0.193
0.103
0.106
0.078
0.074
0.073
0.074
0.072
0.073
0.073
0.074
0.077
0.074
0.074
0.077
0.073
0.073
0.076
0.074
0.086
0.076
0.074
0.072
0.077
0.074
0.188
0.077
0.175
0.076
0.073
0.226
0.114
0.104
0.107
0.119
0.104
0.101
0.106
0.076
0.074
0.136
0.107
0.102
0.106
0.102
0.113
0.103
0.107
0.105
0.074
0.076
0.077
0.074
0.079
0.076
0.078
0.077
0.075
0.199
0.106
0.105
0.107
0.103
0.108
0.191
0.196
0.152
0.162
0.161
0.158
0.12
0.152
0.079
0.074
0.076
0.102
0.102
0.174
0.073
0.076
0.077
0.073
0.105
0.102
0.104
0.101
0.104
0.074
0.077
0.073
0.077
0.074
0.073
0.076
0.073
0.073
0.077
0.102
0.102
0.104
0.102
0.102
0.075
0.076
0.073
0.074
0.173
0.179
0.217
0.073
0.078
0.17
0.2
0.129
0.075
0.076
0.094
0.2
0.103
0.075
0.077
0.097
0.115
0.076
0.1
0.08
0.076
0.075
0.107
0.106
0.108
0.105
0.104
0.106
0.105
0.106
0.11
0.077
0.079
0.076
0.074
0.254
0.132
0.155
0.145
0.154
0.249
0.178
0.189
0.191
0.188
0.079
0.076
0.078
0.095
0.105
0.093
0.089
0.094
0.076
0.075
0.079
0.076
0.075
0.08
0.077
0.076
0.082
0.079
0.081
0.192
0.117
0.114
0.117
0.11
0.119
0.115
0.105
0.107
0.11
0.077
0.075
0.076
0.079
0.075
0.077
0.08
0.079
0.082
0.076
0.078
0.206
0.106
0.107
0.105
0.11
0.104
0.107
0.104
0.079
0.108
0.133
0.124
0.083
0.078
0.076
0.111
0.11
0.076
0.075
0.084
0.223
0.078
0.097
0.083
0.077
0.181
0.192
0.11
0.103
0.11
0.106
0.109
0.105
0.106
0.106
0.107
0.104
0.106
0.107
0.108
0.106
0.107
0.103
0.104
0.104
0.105
0.294
0.261
0.26
0.269
0.109
0.105
0.111
0.105
0.107
0.109
0.104
0.075
0.076
0.196
0.104
0.105
0.105
0.077
0.079
0.104
0.107
0.105
0.107
0.106
0.104
0.105
0.139
0.077
0.076
0.079
0.1
0.08
0.075
0.078
0.076
0.077
0.079
0.075
0.079
0.075
0.076
0.105
0.11
0.105
0.108
0.103
0.107
0.287
0.099
0.08
0.078
0.082
0.108
0.079
0.078
0.078
0.076
0.075
0.086
0.188
0.109
0.11
0.108
0.108
0.111
0.108
0.112
0.114
0.112
0.124
0.11
0.105
0.107
0.087
0.08
0.186
0.141
0.108
0.109
0.106
0.108
0.111
0.107
0.105
0.109
0.283
0.135
0.153
0.137
0.142
0.137
0.137
0.141
0.078
0.077
0.079
0.077
0.078
0.081
0.077
0.081
0.077
0.08
0.077
0.077
0.141
0.14
0.138
0.082
0.183
0.38
0.137
0.144
0.464
0.119
0.108
0.11
0.082
0.078
0.077
0.078
0.077
0.079
0.107
0.078
0.111
0.142
0.108
0.109
0.107
0.111
0.109
0.081
0.185
0.181
0.177
0.082
0.184
0.108
0.11
0.109
0.11
0.108
0.112
0.111
0.111
0.108
0.111
0.107
0.112
0.107
0.111
0.107
0.113
0.077
0.081
0.077
0.11
0.077
0.078
0.077
0.079
0.11
0.11
0.108
0.078
0.11
0.112
0.107
0.11
0.079
0.201
0.183
0.178
0.184
0.185
0.11
0.142
0.113
0.107
0.079
0.08
0.077
0.077
0.079
0.077
0.076
0.08
0.077
0.078
0.081
0.076
0.079
0.077
0.076
0.079
0.077
0.078
0.076
0.08
0.077
0.076
0.077
0.076
0.082
0.078
0.077
0.111
0.107
0.129
0.113
0.108
0.111
0.107
0.111
0.077
0.079
0.076
0.182
0.181
0.078
0.111
0.107
0.081
0.077
0.076
0.082
0.08
0.078
0.081
0.077
0.08
0.119
0.106
0.107
0.104
0.116
0.106
0.105
0.103
0.112
0.105
0.109
0.108
0.104
0.106
0.105
0.107
0.105
0.109
0.178
0.172
0.076
0.074
0.078
0.075
0.075
0.076
0.075
0.106
0.106
0.105
0.106
0.106
0.108
0.074
0.075
0.08
0.076
0.076
0.08
0.075
0.075
0.181
0.081
0.173
0.193
0.079
0.172
0.175
0.188
0.171
0.176
0.175
0.2
0.105
0.105
0.099
0.08
0.078
0.174
0.176
0.181
0.105
0.108
0.105
0.078
0.075
0.108
0.105
0.105
0.104
0.107
0.11
0.105
0.104
0.104
0.105
0.107
0.104
0.108
0.078
0.076
0.076
0.082
0.074
0.074
0.078
0.075
0.179
0.074
0.075
0.176
0.191
0.107
0.076
0.08
0.076
0.076
0.078
0.076
0.223
0.188
0.105
0.105
0.109
0.074
0.078
0.084
0.076
0.076
0.075
0.078
0.075
0.076
0.075
0.106
0.114
0.105
0.104
0.105
0.096
0.191
0.105
0.104
0.109
0.104
0.107
0.104
0.109
0.106
0.106
0.106
0.109
0.074
0.075
0.076
0.075
0.087
0.106
0.105
0.108
0.12
0.105
0.107
0.104
0.104
0.106
0.102
0.108
0.105
0.107
0.103
0.075
0.075
0.08
0.074
0.075
0.078
0.075
0.077
0.075
0.104
0.075
0.078
0.078
0.074
0.079
0.075
0.177
0.083
0.079
0.075
0.074
0.079
0.106
0.108
0.105
0.107
0.075
0.077
0.075
0.738
0.114
0.112
0.106
0.108
0.106
0.105
0.107
0.105
0.074
0.079
0.075
0.075
0.077
0.075
0.075
0.078
0.074
0.074
0.075
0.093
0.199
0.103
0.129
0.11
0.104
0.107
0.106
0.104
0.107
0.076
0.108
0.104
0.119
0.116
0.104
0.106
0.104
0.077
0.075
0.077
0.079
0.076
0.074
0.077
0.074
0.074
0.076
0.078
0.078
0.076
0.201
0.075
0.076
0.227
0.104
0.121
0.105
0.11
0.104
0.107
0.103
0.107
0.103
0.107
0.104
0.078
0.076
0.075
0.077
0.074
0.074
0.078
0.077
0.076
0.103
0.108
0.078
0.174
0.103
0.11
0.103
0.106
0.116
0.104
0.077
0.075
0.111
0.103
0.106
0.106
0.107
0.193
0.109
0.104
0.107
0.187
0.114
0.106
0.097
0.076
0.079
0.076
0.076
0.079
0.074
0.075
0.076
0.078
0.109
0.09
0.081
0.074
0.076
0.106
0.105
0.107
0.107
0.107
0.104
0.137
0.13
0.106
0.109
0.138
0.077
0.075
0.076
0.081
0.249
0.075
0.081
0.077
0.177
0.192
0.18
0.176
0.075
0.076
0.078
0.078
0.075
0.076
0.077
0.077
0.075
0.078
0.217
0.182
0.076
0.22
0.341
0.078
0.079
0.081
0.075
0.076
0.083
0.077
0.22
0.219
0.078
0.078
0.075
0.076
0.079
0.076
0.075
0.125
0.109
0.107
0.105
0.106
0.105
0.107
0.105
0.103
0.11
0.104
0.137
0.104
0.107
0.105
0.108
0.105
0.107
0.106
0.107
0.112
0.106
0.079
0.081
0.076
0.075
0.073
0.074
0.078
0.098
0.076
0.081
0.08
0.109
0.104
0.079
0.074
0.078
0.074
0.074
0.105
0.076
0.108
0.103
0.106
0.105
0.107
0.103
0.107
0.103
0.104
0.074
0.075
0.079
0.074
0.107
0.104
0.108
0.103
0.078
0.103
0.107
0.105
0.114
0.104
0.107
0.077
0.106
0.106
0.104
0.106
0.103
0.106
0.258
0.255
0.259
0.131
0.135
0.136
0.076
0.078
0.09
0.073
0.107
0.104
0.105
0.123
0.111
0.105
0.103
0.106
0.104
0.133
0.117
0.111
0.108
0.117
0.11
0.074
0.08
0.078
0.074
0.073
0.138
0.102
0.104
0.075
0.075
0.074
0.106
0.103
0.106
0.122
0.112
0.074
0.073
0.075
0.093
0.075
0.075
0.084
0.076
0.176
0.076
0.074
0.075
0.078
0.074
0.105
0.079
0.108
0.191
0.106
0.109
0.107
0.106
0.104
0.108
0.108
0.103
0.075
0.079
0.078
0.075
0.075
0.077
0.368
0.399
0.089
0.076
0.08
0.075
0.076
0.078
0.09
0.085
0.08
0.089
0.083
0.088
0.087
0.137
0.205
0.111
0.121
0.112
0.163
0.123
0.178
0.115
0.112
0.118
0.116
0.111
0.115
0.146
0.079
0.106
0.094
0.08
0.078
0.077
0.079
0.078
0.108
0.108
0.112
0.077
0.091
0.089
0.077
0.078
0.081
0.109
0.076
0.08
0.077
0.076
0.182
0.181
0.112
0.106
0.116
0.181
0.137
0.112
0.081
0.183
0.187
0.106
0.115
0.082
0.077
0.078
0.08
0.078
0.25
0.107
0.11
0.112
0.107
0.111
0.108
0.078
0.076
0.079
0.112
0.115
0.15
0.113
0.107
0.146
0.108
0.109
0.105
0.109
0.111
0.105
0.111
0.105
0.11
0.255
0.108
0.077
0.077
0.083
0.083
0.076
0.08
0.111
0.106
0.111
0.111
0.111
0.108
0.109
0.109
0.158
0.077
0.08
0.083
0.115
0.138
0.149
0.122
0.109
0.113
0.111
0.11
0.112
0.109
0.08
0.093
0.08
0.079
0.084
0.078
0.236
0.23
0.239
0.085
0.08
0.082
0.083
0.078
0.085
0.083
0.096
0.261
0.193
0.085
0.184
0.11
0.111
0.113
0.116
0.197
0.128
0.167
0.109
0.11
0.111
0.125
0.113
0.108
0.115
0.136
0.111
0.109
0.11
0.114
0.11
0.112
0.089
0.081
0.08
0.118
0.08
0.115
0.086
0.079
0.23
0.082
0.078
0.085
0.079
0.082
0.115
0.111
0.112
0.109
0.119
0.108
0.11
0.114
0.117
0.083
0.081
0.211
0.117
0.116
0.124
0.08
0.081
0.08
0.091
0.081
0.114
0.099
0.239
0.083
0.08
0.086
0.085
0.089
0.083
0.085
0.084
0.121
0.176
0.128
0.118
0.121
0.112
0.112
0.13
0.121
0.09
0.083
0.222
0.11
0.154
0.114
0.12
0.112
0.083
0.079
0.083
0.081
0.081
0.082
0.087
0.084
0.079
0.08
0.084
0.079
0.082
0.079
0.343
0.111
0.293
0.142
0.147
0.229
0.244
0.224
0.235
0.184
0.221
0.236
0.114
0.111
0.112
0.11
0.114
0.109
0.111
0.109
0.078
0.08
0.081
0.109
0.11
0.11
0.112
0.111
0.112
0.109
0.112
0.108
0.109
0.152
0.111
0.109
0.144
0.141
0.155
0.17
0.17
0.3
0.142
0.377
0.185
0.109
0.115
0.114
0.118
0.116
0.113
0.116
0.09
0.084
0.081
0.112
0.09
0.079
0.082
0.083
0.093
0.179
0.176
0.187
0.185
0.193
0.184
0.184
0.186
0.184
0.621
0.197
0.212
0.113
0.11
0.111
0.112
0.11
0.114
0.113
0.097
0.079
0.08
0.079
0.081
0.08
0.079
0.084
0.079
0.078
0.086
0.079
0.078
0.079
0.083
0.077
0.109
0.111
0.08
0.08
0.078
0.08
0.082
0.097
0.078
0.083
0.078
0.08
0.08
0.079
0.082
0.079
0.084
0.079
0.228
0.078
0.079
0.079
0.078
0.078
0.082
0.08
0.079
0.122
0.185
0.228
0.237
0.082
0.081
0.079
0.077
0.081
0.084
0.08
0.082
0.188
0.08
0.082
0.186
0.207
0.109
0.192
0.179
0.113
0.168
0.11
0.131
0.117
0.11
0.11
0.11
0.109
0.082
0.185
0.185
0.079
0.184
0.184
0.212
0.114
0.08
0.082
0.08
0.078
0.079
0.078
0.081
0.238
0.078
0.191
0.11
0.097
0.081
0.082
0.081
0.079
0.084
0.083
0.194
0.192
0.079
0.08
0.082
0.079
0.08
0.082
0.085
0.08
0.082
0.078
0.078
0.186
0.114
0.11
0.11
0.13
0.155
0.111
0.114
0.119
0.083
0.079
0.079
0.085
0.082
0.11
0.107
0.077
0.08
0.077
0.078
0.08
0.218
0.077
0.104
0.184
0.08
0.078
0.082
0.078
0.22
0.077
0.186
0.18
0.202
0.077
0.076
0.079
0.076
0.083
0.079
0.076
0.222
0.084
0.078
0.077
0.079
0.075
0.077
0.08
0.094
0.183
0.11
0.106
0.111
0.109
0.115
0.106
0.113
0.107
0.108
0.107
0.144
0.136
0.139
0.138
0.141
0.113
0.109
0.11
0.116
0.11
0.106
0.111
0.108
0.11
0.105
0.11
0.137
0.157
0.138
0.14
0.137
0.138
0.156
0.142
0.082
0.075
0.077
0.08
0.097
0.078
0.078
0.079
0.077
0.076
0.08
0.078
0.078
0.081
0.076
0.077
0.083
0.077
0.08
0.08
0.076
0.077
0.08
0.077
0.08
0.104
0.282
0.079
0.081
0.236
0.078
0.078
0.23
0.08
0.08
0.077
0.076
0.083
0.08
0.078
0.227
0.077
0.076
0.078
0.08
0.077
0.079
0.079
0.08
0.078
0.079
0.076
0.077
0.08
0.211
0.081
0.077
0.185
0.077
0.22
0.11
0.107
0.106
0.11
0.107
0.108
0.106
0.198
0.211
0.105
0.276
0.192
0.398
0.115
0.107
0.106
0.108
0.107
0.105
0.106
0.108
0.106
0.078
0.077
0.106
0.106
0.11
0.076
0.077
0.076
0.078
0.075
0.076
0.077
0.076
0.18
0.083
0.175
0.184
0.104
0.107
0.108
0.118
0.076
0.076
0.078
0.076
0.08
0.075
0.075
0.208
0.08
0.136
0.137
0.133
0.135
0.137
0.135
0.136
0.134
0.138
0.105
0.107
0.105
0.111
0.108
0.106
0.076
0.076
0.078
0.076
0.076
0.108
0.106
0.108
0.107
0.107
0.105
0.109
0.106
0.124
0.076
0.074
0.073
0.074
0.074
0.077
0.108
0.223
0.196
0.113
0.11
0.105
0.125
0.104
0.103
0.079
0.074
0.075
0.075
0.179
0.227
0.107
0.105
0.125
0.127
0.112
0.105
0.121
0.105
0.075
0.076
0.074
0.075
0.074
0.075
0.075
0.22
0.077
0.174
0.183
0.103
0.102
0.108
0.185
0.175
0.193
0.192
0.2
0.317
0.281
0.214
0.127
0.147
0.086
0.132
0.143
0.131
0.08
0.076
0.081
0.077
0.076
0.08
0.078
0.076
0.184
0.075
0.077
0.179
0.198
0.107
0.108
0.108
0.109
0.108
0.172
0.174
0.172
0.169
0.166
0.171
0.174
0.219
0.214
0.223
0.165
0.171
0.163
0.161
0.198
0.119
0.12
0.12
0.122
0.123
0.122
0.12
0.136
0.163
0.121
0.167
0.169
0.158
0.177
0.165
0.17
0.168
0.167
0.167
0.211
0.217
0.174
0.173
0.185
0.17
0.171
0.593
0.217
0.118
0.117
0.124
0.122
0.127
0.363
0.275
0.215
0.212
0.125
0.213
0.168
0.263
0.162
0.171
0.166
0.12
0.12
0.12
0.124
0.116
0.121
0.118
0.277
0.141
0.126
0.121
0.123
0.12
0.12
0.124
0.121
0.122
0.376
0.12
0.124
0.13
0.126
0.119
0.117
0.118
0.352
0.122
0.13
0.12
0.117
0.123
0.151
0.127
0.117
0.169
0.163
0.172
0.163
0.168
0.122
0.117
0.12
0.122
0.143
0.135
0.124
0.234
0.149
0.081
0.078
0.079
0.086
0.076
0.223
0.077
0.08
0.081
0.076
0.184
0.2
0.109
0.109
0.11
0.106
0.107
0.201
0.108
0.109
0.078
0.077
0.081
0.076
0.076
0.084
0.22
0.077
0.076
0.139
0.107
0.161
0.199
0.135
0.171
0.114
0.109
0.105
0.11
0.137
0.137
0.141
0.137
0.141
0.116
0.145
0.08
0.077
0.083
0.077
0.078
0.08
0.078
0.186
0.081
0.112
0.131
0.11
0.109
0.11
0.11
0.2
0.193
0.18
0.112
0.106
0.106
0.109
0.112
0.112
0.106
0.106
0.28
0.077
0.076
0.077
0.078
0.076
0.076
0.092
0.082
0.08
0.121
0.143
0.078
0.116
0.08
0.08
0.077
0.076
0.079
0.075
0.077
0.179
0.176
0.078
0.076
0.078
0.076
0.076
0.081
0.076
0.078
0.076
0.08
0.077
0.08
0.216
0.206
0.08
0.188
0.078
0.134
0.109
0.139
0.162
0.141
0.136
0.109
0.14
0.125
0.106
0.106
0.115
0.11
0.11
0.276
0.246
0.261
0.077
0.082
0.077
0.077
0.079
0.076
0.077
0.084
0.189
0.11
0.109
0.106
0.109
0.108
0.105
0.105
0.111
0.076
0.078
0.079
0.109
0.099
0.077
0.078
0.076
0.077
0.096
0.078
0.077
0.077
0.078
0.079
0.077
0.077
0.082
0.076
0.076
0.108
0.111
0.077
0.256
0.08
0.106
0.109
0.109
0.106
0.137
0.137
0.14
0.14
0.14
0.135
0.14
0.135
0.136
0.138
0.135
0.138
0.078
0.077
0.109
0.078
0.079
0.099
0.081
0.078
0.076
0.139
0.137
0.139
0.136
0.14
0.077
0.107
0.111
0.077
0.075
0.077
0.078
0.082
0.076
0.075
0.224
0.267
0.109
0.106
0.108
0.107
0.108
0.105
0.108
0.107
0.108
0.138
0.141
0.136
0.14
0.136
0.138
0.139
0.137
0.139
0.182
0.108
0.109
0.077
0.13
0.08
0.076
0.078
0.075
0.076
0.081
0.106
0.109
0.11
0.107
0.108
0.27
0.108
0.076
0.08
0.076
0.076
0.082
0.076
0.076
0.216
0.08
0.094
0.077
0.077
0.077
0.223
0.08
0.186
0.11
0.106
0.104
0.106
0.076
0.079
0.077
0.076
0.075
0.105
0.107
0.107
0.119
0.107
0.108
0.075
0.1
0.079
0.076
0.077
0.077
0.083
0.136
0.139
0.138
0.139
0.137
0.077
0.076
0.081
0.076
0.084
0.077
0.11
0.081
0.079
0.08
0.185
0.08
0.076
0.18
0.079
0.077
0.078
0.177
0.205
0.106
0.106
0.095
0.11
0.105
0.108
0.119
0.111
0.107
0.111
0.269
0.14
0.136
0.138
0.162
0.076
0.077
0.077
0.243
0.181
0.282
0.081
0.139
0.106
0.109
0.106
0.108
0.083
0.076
0.088
0.076
0.079
0.078
0.078
0.08
0.077
0.076
0.075
0.08
0.076
0.076
0.077
0.076
0.078
0.075
0.081
0.22
0.076
0.079
0.077
0.18
0.187
0.077
0.076
0.079
0.078
0.075
0.141
0.138
0.134
0.139
0.135
0.114
0.117
0.106
0.082
0.076
0.076
0.079
0.178
0.186
0.18
0.199
0.108
0.111
0.107
0.234
0.174
0.175
0.163
0.172
0.179
0.222
0.15
0.08
0.076
0.082
0.078
0.078
0.077
0.077
0.077
0.077
0.079
0.076
0.075
0.077
0.077
0.076
0.08
0.11
0.107
0.11
0.104
0.106
0.077
0.075
0.076
0.077
0.079
0.077
0.079
0.089
0.082
0.077
0.076
0.078
0.076
0.079
0.079
0.222
0.178
0.108
0.109
0.105
0.11
0.106
0.109
0.162
0.114
0.079
0.183
0.182
0.176
0.205
0.106
0.108
0.107
0.077
0.079
0.075
0.076
0.079
0.076
0.076
0.08
0.109
0.107
0.109
0.108
0.11
0.09
0.078
0.119
0.083
0.078
0.077
0.086
0.116
0.349
0.196
0.152
0.131
0.145
0.107
0.212
0.11
0.115
0.277
0.148
0.114
0.106
0.105
0.11
0.106
0.106
0.11
0.08
0.08
0.087
0.082
0.085
0.086
0.195
0.08
0.186
0.117
0.12
0.109
0.111
0.078
0.091
0.085
0.078
0.081
0.083
0.083
0.185
0.179
0.139
0.142
0.136
0.136
0.134
0.134
0.138
0.137
0.079
0.076
0.077
0.079
0.076
0.077
0.077
0.081
0.077
0.08
0.075
0.08
0.076
0.079
0.078
0.077
0.08
0.078
0.081
0.221
0.102
0.08
0.077
0.181
0.214
0.109
0.23
0.08
0.096
0.214
0.202
0.109
0.105
0.107
0.078
0.08
0.077
0.116
0.081
0.081
0.076
0.077
0.076
0.077
0.08
0.076
0.186
0.182
0.222
0.184
0.077
0.08
0.076
0.103
0.077
0.077
0.078
0.121
0.138
0.138
0.081
0.076
0.076
0.176
0.075
0.203
0.106
0.109
0.079
0.076
0.078
0.08
0.075
0.08
0.076
0.076
0.078
0.079
0.077
0.077
0.08
0.078
0.077
0.078
0.106
0.109
0.093
0.08
0.075
0.076
0.107
0.106
0.104
0.107
0.109
0.107
0.106
0.108
0.106
0.109
0.107
0.106
0.077
0.079
0.076
0.325
0.365
0.249
0.097
0.085
0.078
0.113
0.108
0.112
0.14
0.109
0.111
0.188
0.118
0.108
0.114
0.112
0.111
0.108
0.11
0.108
0.11
0.107
0.08
0.08
0.078
0.077
0.075
0.081
0.078
0.077
0.147
0.079
0.151
0.111
0.106
0.079
0.079
0.079
0.078
0.077
0.18
0.178
0.082
0.076
0.076
0.077
0.078
0.076
0.077
0.075
0.077
0.076
0.08
0.077
0.079
0.088
0.078
0.08
0.076
0.078
0.081
0.079
0.08
0.076
0.076
0.077
0.079
0.077
0.076
0.079
0.179
0.321
0.185
0.208
0.108
0.109
0.106
0.106
0.11
0.111
0.11
0.108
0.109
0.107
0.111
0.106
0.107
0.106
0.076
0.077
0.077
0.08
0.076
0.081
0.077
0.078
0.077
0.076
0.078
0.078
0.181
0.178
0.183
0.107
0.106
0.11
0.107
0.11
0.106
0.11
0.127
0.108
0.112
0.109
0.079
0.075
0.075
0.077
0.077
0.08
0.078
0.077
0.079
0.078
0.08
0.076
0.224
0.077
0.224
0.179
0.185
0.11
0.112
0.108
0.078
0.077
0.079
0.075
0.079
0.075
0.075
0.078
0.181
0.078
0.08
0.076
0.079
0.077
0.106
0.08
0.076
0.076
0.223
0.082
0.077
0.077
0.084
0.183
0.109
0.107
0.109
0.142
0.191
0.182
0.27
0.227
0.19
0.108
0.111
0.108
0.109
0.11
0.081
0.199
0.108
0.124
0.079
0.181
0.078
0.179
0.198
0.079
0.077
0.077
0.079
0.077
0.078
0.127
0.144
0.144
0.139
0.134
0.157
0.107
0.106
0.106
0.111
0.106
0.109
0.106
0.109
0.078
0.142
0.136
0.151
0.136
0.11
0.108
0.107
0.107
0.108
0.107
0.076
0.081
0.077
0.105
0.079
0.076
0.081
0.077
0.08
0.077
0.083
0.083
0.079
0.078
0.079
0.078
0.077
0.077
0.077
0.079
0.077
0.083
0.077
0.076
0.079
0.077
0.084
0.203
0.108
0.11
0.106
0.076
0.077
0.082
0.076
0.08
0.077
0.263
0.08
0.079
0.078
0.078
0.137
0.078
0.076
0.078
0.077
0.081
0.081
0.077
0.081
0.076
0.081
0.077
0.076
0.077
0.081
0.225
0.225
0.078
0.188
0.078
0.077
0.093
0.083
0.077
0.191
0.077
0.11
0.144
0.078
0.11
0.077
0.08
0.203
0.109
0.11
0.105
0.279
0.138
0.154
0.14
0.137
0.141
0.11
0.111
0.108
0.139
0.134
0.138
0.138
0.151
0.142
0.227
0.213
0.18
0.185
0.106
0.106
0.104
0.119
0.107
0.077
0.08
0.077
0.076
0.079
0.079
0.078
0.105
0.11
0.106
0.107
0.261
0.26
0.268
0.135
0.136
0.082
0.077
0.079
0.077
0.079
0.076
0.09
0.076
0.172
0.078
0.074
0.132
0.134
0.134
0.103
0.104
0.105
0.103
0.102
0.104
0.104
0.107
0.103
0.105
0.102
0.256
0.105
0.254
0.116
0.077
0.075
0.084
0.075
0.077
0.074
0.073
0.076
0.076
0.093
0.076
0.075
0.075
0.077
0.075
0.075
0.078
0.074
0.074
0.175
0.075
0.107
0.108
0.104
0.103
0.107
0.106
0.089
0.079
0.073
0.075
0.077
0.075
0.074
0.078
0.117
0.183
0.171
0.176
0.176
0.177
0.173
0.197
0.174
0.173
0.174
0.19
0.106
0.077
0.075
0.076
0.078
0.074
0.074
0.078
0.104
0.107
0.103
0.109
0.107
0.107
0.075
0.074
0.135
0.133
0.131
0.135
0.133
0.136
0.148
0.104
0.104
0.106
0.074
0.079
0.074
0.078
0.172
0.176
0.19
0.134
0.131
0.106
0.106
0.103
0.105
0.103
0.103
0.11
0.104
0.108
0.104
0.104
0.251
0.257
0.108
0.246
0.104
0.108
0.106
0.103
0.105
0.106
0.103
0.121
0.103
0.104
0.102
0.12
0.105
0.106
0.132
0.136
0.143
0.109
0.109
0.106
0.108
0.075
0.078
0.078
0.074
0.074
0.074
0.077
0.104
0.175
0.249
0.117
0.108
0.104
0.109
0.105
0.249
0.256
0.258
0.131
0.135
0.073
0.077
0.075
0.076
0.078
0.074
0.074
0.076
0.074
0.078
0.077
0.075
0.08
0.074
0.079
0.157
0.138
0.077
0.076
0.075
0.078
0.074
0.076
0.075
0.102
0.078
0.195
0.175
0.075
0.175
0.18
0.103
0.074
0.079
0.076
0.077
0.075
0.179
0.104
0.107
0.075
0.077
0.075
0.078
0.074
0.076
0.077
0.089
0.223
0.181
0.074
0.078
0.137
0.134
0.131
0.136
0.132
0.136
0.134
0.135
0.135
0.135
0.132
0.108
0.107
0.103
0.096
0.111
0.096
0.147
0.137
0.075
0.134
0.152
0.135
0.134
0.076
0.078
0.074
0.074
0.076
0.103
0.106
0.077
0.074
0.077
0.079
0.074
0.075
0.077
0.075
0.078
0.074
0.077
0.176
0.074
0.191
0.192
0.102
0.106
0.102
0.103
0.121
0.118
0.109
0.106
0.105
0.074
0.073
0.08
0.073
0.103
0.105
0.074
0.179
0.228
0.159
0.134
0.134
0.133
0.137
0.133
0.153
0.14
0.131
0.106
0.118
0.105
0.102
0.103
0.105
0.16
0.111
0.103
0.105
0.103
0.134
0.156
0.135
0.146
0.135
0.16
0.138
0.135
0.13
0.15
0.109
0.105
0.107
0.104
0.105
0.104
0.103
0.103
0.118
0.075
0.073
0.076
0.08
0.073
0.077
0.075
0.075
0.078
0.074
0.074
0.075
0.073
0.076
0.075
0.086
0.097
0.075
0.076
0.074
0.074
0.077
0.238
0.074
0.074
0.074
0.075
0.076
0.073
0.075
0.074
0.075
0.112
0.119
0.107
0.105
0.105
0.102
0.103
0.107
0.103
0.078
0.075
0.219
0.078
0.074
0.074
0.077
0.076
0.076
0.076
0.075
0.077
0.075
0.177
0.174
0.17
0.171
0.179
0.103
0.102
0.107
0.102
0.105
0.124
0.108
0.105
0.312
0.136
0.073
0.216
0.261
0.183
0.173
0.181
0.127
0.106
0.245
0.109
0.279
0.107
0.248
0.103
0.107
0.107
0.107
0.102
0.077
0.075
0.074
0.077
0.136
0.174
0.107
0.171
0.076
0.189
0.19
0.106
0.106
0.106
0.155
0.137
0.133
0.134
0.136
0.132
0.156
0.132
0.135
0.102
0.105
0.104
0.106
0.102
0.111
0.102
0.104
0.105
0.121
0.105
0.134
0.151
0.132
0.108
0.103
0.13
0.101
0.101
0.1
0.249
0.277
0.132
0.132
0.13
0.132
0.148
0.159
0.134
0.129
0.31
0.135
0.364
0.159
0.155
0.157
0.218
0.073
0.072
0.075
0.073
0.173
0.211
0.181
0.076
0.073
0.077
0.071
0.079
0.2
0.099
0.102
0.101
0.125
0.101
0.103
0.103
0.102
0.102
0.101
0.131
0.102
0.104
0.101
0.104
0.103
0.123
0.129
0.133
0.129
0.077
0.073
0.072
0.071
0.073
0.074
0.207
0.072
0.09
0.271
0.246
0.105
0.264
0.243
0.252
0.101
0.103
0.102
0.104
0.132
0.101
0.104
0.1
0.408
0.221
0.583
0.075
0.109
0.105
0.072
0.102
0.104
0.102
0.14
0.073
0.117
0.119
0.11
0.104
0.1
0.103
0.099
0.11
0.102
0.101
0.131
0.133
0.128
0.137
0.132
0.131
0.128
0.13
0.195
0.1
0.13
0.101
0.105
0.104
0.1
0.102
0.101
0.129
0.127
0.131
0.129
0.137
0.131
0.128
0.13
0.134
0.072
0.073
0.075
0.13
0.13
0.132
0.129
0.143
0.101
0.103
0.101
0.103
0.101
0.111
0.1
0.1
0.102
0.145
0.129
0.076
0.08
0.101
0.101
0.102
0.1
0.105
0.101
0.073
0.072
0.083
0.075
0.208
0.072
0.075
0.073
0.168
0.104
0.101
0.108
0.1
0.103
0.101
0.101
0.11
0.1
0.1
0.099
0.116
0.105
0.105
0.1
0.102
0.1
0.109
0.102
0.099
0.102
0.136
0.105
0.101
0.104
0.106
0.101
0.134
0.129
0.144
0.072
0.078
0.103
0.101
0.1
0.1
0.136
0.106
0.295
0.271
0.073
0.187
0.11
0.106
0.103
0.072
0.075
0.129
0.132
0.107
0.1
0.101
0.101
0.103
0.103
0.076
0.103
0.101
0.103
0.107
0.105
0.101
0.103
0.1
0.073
0.072
0.072
0.073
0.076
0.202
0.206
0.104
0.1
0.103
0.099
0.1
0.101
0.107
0.103
0.103
0.102
0.105
0.103
0.1
0.102
0.1
0.103
0.1
0.102
0.192
0.104
0.101
0.123
0.104
0.106
0.101
0.101
0.101
0.103
0.106
0.106
0.101
0.254
0.252
0.104
0.101
0.102
0.103
0.101
0.105
0.1
0.072
0.102
0.1
0.072
0.072
0.075
0.072
0.072
0.071
0.173
0.104
0.078
0.078
0.072
0.071
0.075
0.073
0.101
0.104
0.113
0.104
0.102
0.099
0.103
0.107
0.262
0.103
0.074
0.071
0.071
0.186
0.104
0.103
0.102
0.103
0.106
0.1
0.103
0.105
0.102
0.105
0.103
0.1
0.104
0.1
0.103
0.105
0.074
0.179
0.102
0.103
0.101
0.102
0.106
0.101
0.102
0.072
0.079
0.077
0.101
0.104
0.119
0.103
0.251
0.244
0.248
0.128
0.148
0.131
0.129
0.103
0.102
0.105
0.1
0.103
0.103
0.106
0.101
0.102
0.074
0.073
0.072
0.116
0.072
0.189
0.171
0.073
0.253
0.417
0.109
0.103
0.1
0.107
0.1
0.1
0.102
0.102
0.074
0.071
0.073
0.078
0.072
0.075
0.072
0.073
0.171
0.165
0.074
0.182
0.132
0.131
0.128
0.128
0.142
0.129
0.131
0.131
0.128
0.099
0.1
0.103
0.072
0.072
0.102
0.105
0.101
0.103
0.101
0.075
0.072
0.072
0.076
0.073
0.073
0.076
0.168
0.075
0.166
0.17
0.169
0.173
0.072
0.101
0.101
0.101
0.101
0.104
0.101
0.102
0.103
0.101
0.1
0.104
0.1
0.101
0.102
0.102
0.105
0.104
0.102
0.103
0.101
0.104
0.102
0.1
0.103
0.102
0.106
0.101
0.1
0.1
0.102
0.101
0.105
0.107
0.101
0.102
0.1
0.101
0.072
0.076
0.073
0.073
0.074
0.072
0.072
0.072
0.073
0.103
0.101
0.102
0.102
0.104
0.1
0.103
0.101
0.117
0.133
0.13
0.13
0.13
0.13
0.104
0.103
0.102
0.289
0.254
0.253
0.105
0.105
0.104
0.104
0.1
0.104
0.127
0.117
0.101
0.115
0.163
0.134
0.102
0.1
0.102
0.106
0.1
0.077
0.072
0.076
0.072
0.074
0.102
0.101
0.104
0.103
0.105
0.124
0.107
0.106
0.103
0.105
0.102
0.101
0.105
0.237
0.102
0.105
0.073
0.073
0.075
0.076
0.208
0.073
0.172
0.169
0.182
0.169
0.072
0.17
0.167
0.168
0.101
0.099
0.103
0.102
0.103
0.1
0.1
0.1
0.118
0.102
0.105
0.101
0.101
0.106
0.101
0.101
0.104
0.073
0.076
0.073
0.073
0.073
0.073
0.074
0.073
0.075
0.072
0.074
0.072
0.072
0.195
0.101
0.1
0.103
0.103
0.115
0.109
0.1
0.103
0.1
0.101
0.102
0.102
0.103
0.099
0.1
0.1
0.115
0.101
0.099
0.102
0.1
0.102
0.103
0.1
0.104
0.101
0.236
0.103
0.102
0.1
0.132
0.129
0.127
0.103
0.101
0.102
0.11
0.103
0.099
0.099
0.144
0.105
0.102
0.104
0.101
0.103
0.101
0.102
0.131
0.126
0.101
0.101
0.099
0.099
0.103
0.099
0.103
0.104
0.099
0.102
0.099
0.108
0.102
0.102
0.101
0.1
0.103
0.099
0.105
0.101
0.104
0.101
0.101
0.099
0.101
0.27
0.13
0.099
0.101
0.072
0.072
0.114
0.102
0.101
0.111
0.103
0.1
0.102
0.101
0.103
0.1
0.073
0.075
0.072
0.092
0.079
0.077
0.103
0.101
0.1
0.101
0.101
0.103
0.119
0.104
0.101
0.103
0.099
0.105
0.101
0.103
0.101
0.102
0.103
0.072
0.073
0.073
0.074
0.075
0.073
0.075
0.074
0.075
0.17
0.076
0.169
0.169
0.187
0.1
0.103
0.101
0.101
0.103
0.104
0.1
0.103
0.103
0.101
0.1
0.142
0.1
0.104
0.099
0.102
0.101
0.102
0.077
0.105
0.1
0.104
0.1
0.101
0.101
0.102
0.101
0.1
0.1
0.103
0.102
0.103
0.104
0.103
0.1
0.101
0.101
0.1
0.099
0.073
0.074
0.104
0.077
0.073
0.073
0.102
0.103
0.103
0.103
0.105
0.101
0.105
0.101
0.105
0.113
0.103
0.1
0.104
0.101
0.102
0.099
0.103
0.1
0.104
0.104
0.1
0.103
0.099
0.103
0.13
0.131
0.127
0.131
0.13
0.169
0.128
0.131
0.128
0.129
0.102
0.1
0.103
0.101
0.104
0.102
0.115
0.102
0.132
0.129
0.075
0.073
0.077
0.072
0.072
0.073
0.099
0.103
0.072
0.075
0.071
0.074
0.077
0.072
0.073
0.074
0.1
0.1
0.102
0.1
0.102
0.101
0.099
0.188
0.102
0.103
0.102
0.099
0.072
0.072
0.075
0.073
0.073
0.212
0.207
0.1
0.102
0.101
0.125
0.101
0.101
0.102
0.072
0.074
0.167
0.192
0.171
0.071
0.188
0.103
0.131
0.131
0.13
0.129
0.102
0.1
0.1
0.102
0.1
0.102
0.102
0.1
0.105
0.128
0.13
0.127
0.132
0.131
0.127
0.131
0.1
0.102
0.105
0.137
0.104
0.099
0.102
0.107
0.1
0.103
0.1
0.1
0.101
0.1
0.072
0.072
0.073
0.072
0.074
0.072
0.083
0.101
0.101
0.102
0.1
0.102
0.099
0.104
0.105
0.099
0.1
0.1
0.101
0.102
0.098
0.104
0.113
0.103
0.102
0.101
0.1
0.118
0.101
0.099
0.099
0.101
0.099
0.102
0.1
0.102
0.1
0.1
0.099
0.101
0.1
0.103
0.101
0.1
0.1
0.104
0.101
0.099
0.129
0.131
0.128
0.127
0.153
0.102
0.102
0.123
0.104
0.099
0.072
0.076
0.071
0.071
0.074
0.072
0.076
0.099
0.1
0.102
0.099
0.102
0.099
0.103
0.101
0.104
0.099
0.1
0.099
0.103
0.113
0.103
0.1
0.103
0.099
0.102
0.101
0.103
0.104
0.1
0.071
0.074
0.072
0.075
0.132
0.127
0.128
0.126
0.131
0.31
0.109
0.102
0.103
0.101
0.102
0.099
0.122
0.102
0.102
0.1
0.264
0.13
0.126
0.131
0.126
0.104
0.103
0.133
0.101
0.104
0.099
0.102
0.1
0.103
0.1
0.102
0.101
0.102
0.075
0.072
0.077
0.25
0.173
0.101
0.1
0.098
0.102
0.1
0.099
0.1
0.104
0.104
0.1
0.103
0.101
0.104
0.1
0.238
0.103
0.129
0.132
0.127
0.13
0.147
0.133
0.132
0.127
0.129
0.128
0.129
0.131
0.129
0.13
0.126
0.13
0.099
0.1
0.1
0.105
0.099
0.103
0.101
0.102
0.099
0.103
0.101
0.102
0.1
0.1
0.072
0.072
0.076
0.071
0.092
0.074
0.076
0.104
0.101
0.102
0.101
0.102
0.1
0.104
0.101
0.103
0.1
0.104
0.119
0.105
0.1
0.106
0.1
0.102
0.101
0.1
0.103
0.101
0.072
0.101
0.076
0.151
0.092
0.199
0.13
0.131
0.128
0.142
0.13
0.153
0.133
0.127
0.131
0.1
0.102
0.1
0.102
0.1
0.105
0.1
0.1
0.102
0.103
0.099
0.102
0.101
0.101
0.246
0.25
0.075
0.073
0.072
0.072
0.073
0.073
0.071
0.104
0.104
0.104
0.103
0.105
0.1
0.102
0.113
0.103
0.1
0.1
0.1
0.099
0.103
0.243
0.241
0.13
0.13
0.13
0.131
0.132
0.133
0.132
0.129
0.072
0.074
0.227
0.189
0.166
0.175
0.102
0.103
0.1
0.102
0.1
0.102
0.101
0.099
0.072
0.076
0.1
0.103
0.101
0.103
0.101
0.075
0.092
0.075
0.076
0.073
0.103
0.075
0.071
0.172
0.1
0.103
0.118
0.106
0.1
0.102
0.101
0.101
0.102
0.103
0.1
0.266
0.132
0.13
0.13
0.129
0.13
0.129
0.128
0.13
0.103
0.103
0.102
0.103
0.1
0.099
0.104
0.1
0.24
0.076
0.075
0.073
0.072
0.072
0.073
0.076
0.074
0.132
0.131
0.129
0.128
0.132
0.134
0.127
0.128
0.104
0.101
0.252
0.257
0.099
0.255
0.112
0.104
0.101
0.104
0.1
0.102
0.1
0.104
0.1
0.106
0.104
0.101
0.102
0.099
0.24
0.102
0.105
0.1
0.099
0.103
0.493
0.142
0.184
0.215
0.177
0.073
0.136
0.13
0.128
0.103
0.103
0.102
0.099
0.103
0.099
0.103
0.098
0.102
0.128
0.13
0.127
0.147
0.128
0.132
0.128
0.104
0.102
0.101
0.1
0.099
0.098
0.104
0.099
0.102
0.099
0.104
0.099
0.101
0.111
0.13
0.129
0.132
0.19
0.099
0.103
0.098
0.1
0.072
0.073
0.1
0.104
0.1
0.103
0.237
0.243
0.099
0.107
0.101
0.253
0.241
0.239
0.247
0.101
0.103
0.099
0.103
0.101
0.098
0.1
0.105
0.102
0.101
0.1
0.099
0.103
0.264
0.126
0.134
0.138
0.118
0.112
0.111
0.115
0.114
0.202
0.155
0.206
0.184
0.133
0.13
0.129
0.132
0.101
0.102
0.101
0.104
0.1
0.099
0.1
0.1
0.103
0.127
0.13
0.127
0.13
0.128
0.128
0.131
0.126
0.131
0.126
0.128
0.127
0.126
0.129
0.125
0.129
0.072
0.21
0.071
0.209
0.173
0.174
0.218
0.129
0.13
0.126
0.13
0.132
0.129
0.074
0.072
0.072
0.073
0.176
0.101
0.104
0.1
0.101
0.103
0.101
0.101
0.242
0.104
0.099
0.244
0.243
0.075
0.071
0.073
0.077
0.072
0.072
0.074
0.103
0.1
0.1
0.103
0.101
0.104
0.099
0.103
0.103
0.1
0.1
0.1
0.105
0.099
0.1
0.099
0.099
0.102
0.101
0.13
0.126
0.129
0.099
0.13
0.136
0.136
0.135
0.128
0.132
0.128
0.102
0.1
0.117
0.131
0.099
0.131
0.128
0.128
0.102
0.1
0.131
0.099
0.072
0.074
0.072
0.072
0.075
0.204
0.072
0.104
0.099
0.102
0.1
0.102
0.1
0.13
0.128
0.282
0.253
0.146
0.102
0.099
0.099
0.103
0.099
0.105
0.1
0.103
0.102
0.103
0.103
0.099
0.1
0.104
0.1
0.247
0.1
0.102
0.103
0.098
0.103
0.1
0.123
0.1
0.102
0.099
0.072
0.075
0.072
0.07
0.073
0.101
0.1
0.102
0.072
0.168
0.071
0.072
0.072
0.074
0.071
0.129
0.132
0.131
0.128
0.131
0.073
0.074
0.103
0.1
0.183
0.127
0.127
0.181
0.191
0.074
0.074
0.165
0.171
0.099
0.098
0.098
0.102
0.099
0.102
0.099
0.102
0.1
0.073
0.071
0.175
0.1
0.102
0.099
0.102
0.099
0.102
0.099
0.102
0.099
0.105
0.1
0.101
0.099
0.103
0.135
0.114
0.141
0.1
0.105
0.1
0.102
0.099
0.101
0.101
0.101
0.099
0.106
0.099
0.102
0.1
0.102
0.101
0.101
0.099
0.104
0.1
0.1
0.1
0.104
0.099
0.102
0.131
0.128
0.131
0.127
0.13
0.128
0.129
0.127
0.128
0.071
0.074
0.072
0.075
0.072
0.072
0.072
0.074
0.072
0.072
0.074
0.209
0.074
0.071
0.099
0.102
0.101
0.102
0.099
0.104
0.099
0.11
0.165
0.074
0.22
0.1
0.1
0.101
0.098
0.099
0.103
0.099
0.103
0.102
0.099
0.1
0.101
0.101
0.075
0.17
0.192
0.17
0.168
0.174
0.102
0.101
0.105
0.102
0.104
0.099
0.102
0.099
0.103
0.115
0.101
0.103
0.104
0.1
0.103
0.1
0.105
0.099
0.1
0.102
0.103
0.1
0.1
0.105
0.101
0.102
0.101
0.1
0.104
0.1
0.115
0.101
0.102
0.1
0.101
0.101
0.102
0.103
0.119
0.1
0.099
0.102
0.098
0.103
0.099
0.101
0.1
0.098
0.1
0.071
0.075
0.071
0.071
0.205
0.072
0.076
0.071
0.071
0.072
0.075
0.072
0.072
0.103
0.103
0.1
0.102
0.104
0.1
0.1
0.126
0.101
0.103
0.098
0.102
0.099
0.099
0.099
0.102
0.101
0.099
0.1
0.101
0.1
0.102
0.141
0.152
0.139
0.103
0.101
0.101
0.099
0.263
0.13
0.158
0.128
0.131
0.127
0.101
0.098
0.103
0.105
0.1
0.103
0.099
0.102
0.101
0.1
0.1
0.099
0.1
0.101
0.098
0.103
0.101
0.104
0.099
0.134
0.127
0.099
0.1
0.102
0.099
0.101
0.132
0.13
0.135
0.127
0.129
0.143
0.128
0.131
0.072
0.073
0.071
0.072
0.073
0.093
0.073
0.073
0.077
0.075
0.074
0.078
0.073
0.074
0.079
0.074
0.218
0.216
0.179
0.2
0.181
0.074
0.217
0.217
0.077
0.131
0.201
0.105
0.108
0.103
0.102
0.132
0.105
0.107
0.103
0.105
0.105
0.102
0.104
0.102
0.101
0.106
0.104
0.135
0.131
0.134
0.104
0.103
0.106
0.104
0.123
0.152
0.096
0.18
0.077
0.219
0.073
0.218
0.11
0.102
0.089
0.076
0.134
0.347
0.142
0.133
0.137
0.132
0.154
0.08
0.074
0.134
0.154
0.135
0.135
0.13
0.134
0.152
0.105
0.106
0.102
0.105
0.101
0.076
0.077
0.074
0.077
0.073
0.078
0.077
0.216
0.216
0.073
0.212
0.104
0.103
0.104
0.101
0.119
0.107
0.103
0.108
0.102
0.286
0.258
0.242
0.244
0.076
0.075
0.078
0.074
0.077
0.076
0.21
0.107
0.104
0.106
0.103
0.134
0.15
0.105
0.102
0.099
0.075
0.21
0.074
0.074
0.096
0.076
0.077
0.213
0.096
0.075
0.074
0.173
0.17
0.209
0.104
0.106
0.17
0.192
0.174
0.104
0.103
0.103
0.123
0.121
0.103
0.103
0.152
0.136
0.141
0.133
0.131
0.133
0.149
0.131
0.105
0.102
0.106
0.106
0.104
0.106
0.136
0.119
0.102
0.117
0.264
0.275
0.236
0.26
0.273
0.131
0.074
0.075
0.077
0.075
0.076
0.073
0.18
0.153
0.134
0.132
0.135
0.131
0.133
0.15
0.148
0.132
0.133
0.154
0.131
0.134
0.132
0.171
0.102
0.104
0.221
0.206
0.136
0.131
0.135
0.135
0.136
0.104
0.103
0.103
0.13
0.104
0.108
0.104
0.103
0.105
0.104
0.105
0.108
0.102
0.128
0.109
0.136
0.161
0.131
0.13
0.134
0.132
0.133
0.133
0.135
0.096
0.075
0.075
0.074
0.078
0.236
0.107
0.103
0.077
0.101
0.106
0.103
0.295
0.107
0.268
0.267
0.121
0.259
0.271
0.258
0.074
0.074
0.074
0.077
0.078
0.21
0.074
0.135
0.133
0.13
0.134
0.131
0.131
0.134
0.103
0.203
0.104
0.108
0.101
0.107
0.126
0.102
0.131
0.133
0.151
0.08
0.074
0.074
0.074
0.074
0.073
0.179
0.077
0.217
0.074
0.075
0.075
0.074
0.075
0.076
0.26
0.117
0.105
0.104
0.103
0.138
0.107
0.254
0.137
0.154
0.13
0.135
0.13
0.168
0.135
0.131
0.254
0.104
0.25
0.269
0.154
0.133
0.135
0.129
0.13
0.102
0.105
0.101
0.107
0.102
0.105
0.104
0.105
0.146
0.147
0.426
0.105
0.104
0.103
0.102
0.223
0.131
0.106
0.108
0.103
0.257
0.107
0.135
0.135
0.133
0.103
0.103
0.103
0.103
0.102
0.108
0.103
0.106
0.103
0.106
0.103
0.106
0.103
0.106
0.104
0.106
0.103
0.103
0.101
0.102
0.102
0.103
0.132
0.131
0.136
0.132
0.132
0.134
0.135
0.131
0.131
0.074
0.074
0.075
0.13
0.105
0.105
0.103
0.105
0.104
0.106
0.102
0.106
0.102
0.106
0.103
0.105
0.102
0.104
0.103
0.105
0.103
0.107
0.102
0.105
0.103
0.107
0.115
0.106
0.106
0.103
0.106
0.103
0.266
0.133
0.103
0.131
0.105
0.106
0.104
0.103
0.201
0.134
0.133
0.136
0.381
0.103
0.104
0.102
0.101
0.103
0.118
0.245
0.104
0.102
0.103
0.103
0.114
0.103
0.109
0.103
0.105
0.103
0.105
0.103
0.106
0.135
0.135
0.13
0.076
0.081
0.078
0.214
0.074
0.074
0.083
0.074
0.174
0.103
0.105
0.102
0.106
0.103
0.108
0.103
0.105
0.103
0.107
0.102
0.106
0.103
0.105
0.103
0.105
0.074
0.105
0.103
0.103
0.131
0.13
0.135
0.105
0.104
0.106
0.103
0.106
0.102
0.102
0.106
0.108
0.129
0.104
0.107
0.104
0.104
0.102
0.103
0.103
0.102
0.101
0.103
0.142
0.115
0.078
0.286
0.104
0.254
0.253
0.253
0.248
0.077
0.092
0.08
0.074
0.182
0.074
0.178
0.216
0.17
0.107
0.108
0.106
0.11
0.103
0.106
0.264
0.246
0.245
0.193
0.102
0.104
0.106
0.102
0.105
0.104
0.144
0.104
0.105
0.106
0.103
0.103
0.105
0.103
0.106
0.104
0.105
0.247
0.133
0.249
0.277
0.132
0.134
0.132
0.134
0.132
0.134
0.134
0.134
0.154
0.131
0.134
0.131
0.13
0.135
0.077
0.077
0.074
0.073
0.078
0.074
0.076
0.215
0.201
0.137
0.135
0.15
0.136
0.132
0.13
0.076
0.073
0.075
0.076
0.08
0.075
0.218
0.074
0.134
0.132
0.134
0.134
0.158
0.132
0.108
0.336
0.136
0.18
0.137
0.173
0.132
0.135
0.131
0.151
0.131
0.132
0.13
0.133
0.138
0.078
0.169
0.172
0.192
0.102
0.105
0.103
0.255
0.136
0.127
0.106
0.106
0.104
0.104
0.103
0.104
0.106
0.103
0.102
0.105
0.103
0.106
0.105
0.102
0.103
0.074
0.076
0.074
0.076
0.077
0.074
0.073
0.137
0.105
0.117
0.11
0.103
0.107
0.102
0.105
0.103
0.092
0.078
0.077
0.074
0.078
0.073
0.072
0.076
0.073
0.172
0.173
0.189
0.074
0.075
0.076
0.074
0.074
0.075
0.073
0.106
0.103
0.103
0.106
0.103
0.105
0.107
0.099
0.101
0.104
0.1
0.103
0.106
0.102
0.101
0.103
0.099
0.121
0.101
0.101
0.1
0.1
0.1
0.102
0.099
0.104
0.103
0.1
0.103
0.1
0.102
0.257
0.229
0.25
0.246
0.244
0.103
0.1
0.102
0.1
0.103
0.1
0.104
0.102
0.102
0.101
0.077
0.072
0.072
0.075
0.072
0.072
0.074
0.074
0.072
0.075
0.074
0.075
0.073
0.073
0.076
0.1
0.104
0.072
0.101
0.101
0.099
0.101
0.101
0.103
0.1
0.101
0.1
0.1
0.073
0.209
0.104
0.1
0.101
0.104
0.099
0.103
0.1
0.103
0.099
0.071
0.073
0.076
0.071
0.075
0.072
0.072
0.207
0.071
0.208
0.189
0.103
0.1
0.1
0.13
0.127
0.129
0.129
0.127
0.13
0.119
0.104
0.1
0.103
0.1
0.101
0.103
0.099
0.1
0.103
0.131
0.128
0.129
0.144
0.131
0.074
0.072
0.071
0.073
0.169
