27.462
35.308
35.74
41.279
45.548
75.433
92.356
136.663
142.202
146.471
325.779
281.471
325.779
329.702
330.135
347.058
354.904
325.019
308.096
303.827
298.288
297.856
290.01
262.548
268.087
272.356
289.279
468.587
472.51
472.942
517.25
525.096
517.25
472.942
456.019
276.712
272.442
266.904
266.471
262.548
262.981
270.827
266.904
249.981
249.548
245.279
239.74
231.894
237.433
58.125
62.394
18.087
35.01
79.317
106.779
136.663
164.125
208.433
225.356
404.663
405.731
411.269
419.115
419.548
375.24
358.317
328.433
324.163
318.625
318.192
310.346
282.885
290.731
335.038
362.5
379.423
558.731
559.798
560.231
532.769
538.308
521.385
342.077
341.01
335.471
335.038
327.192
282.885
310.346
354.654
371.577
550.885
551.952
557.49
557.923
565.769
538.308
521.385
342.077
341.01
335.471
335.038
327.192
282.885
367.5
397.385
398.452
403.99
387.067
394.913
367.452
323.144
367.452
367.885
371.808
370.74
191.433
185.894
185.462
177.615
354.433
601.24
644.856
674.625
691.212
646.982
655.339
711.768
739.196
755.134
772.545
770.042
792.992
802.792
823.208
861.008
875.945
900.32
903.789
917.539
1063.227
1067.727
1068.078
1074.453
1071.266
1035.266
966.516
942.234
941.367
936.867
936.516
930.141
966.141
969.328
964.828
928.828
915.078
769.391
765.922
765.57
759.195
756.008
791.633
1017.758
1018.805
1045.07
1047.32
1066.82
1166.57
1376.992
1394.914
1401.477
1415.523
1447.898
1454.273
1460.133
1680.305
1686.914
1722.352
1755.773
1776.297
1800.984
1854.397
1841.713
1854.397
1850.162
1843.279
1820.691
1797.926
1609.191
1575.838
1598.426
1605.309
1609.544
1660.766
1517.102
1743.227
1769.492
1768.445
1766.195
1540.07
1513.805
1514.852
1534.352
1536.602
1517.102
1529.602
1538.789
1608.844
1626.766
1632.391
1651.922
1658.531
1878.703
1885.078
1890.938
1884.563
1664.391
1657.781
1651.922
1678.734
1723.359
1732.547
1750.828
1759.078
1762.266
1723.309
1727.809
1751.485
1802.088
1825.029
1831.912
1853.088
1860.853
2058.897
2060.272
2058.154
2039.801
2038.816
2063.537
2064.522
2150.826
2152.826
2170.16
1969.16
1945.813
2034.479
2028.646
2016.16
1987.382
1971.451
1784.41
1695.743
1736.576
1749.063
1835.396
1851.326
1882.5
1914.5
1922.292
1943.924
1951.257
2138.299
2159.965
2165.104
2157.771
1970.729
1950.729
1949.431
1954.431
1966.826
1996.535
2002.201
2010.951
2004.451
2000.451
1979.118
1967.139
1937.431
1905.931
1927.875
1946.118
2012.559
2042.401
2062.77
2074.118
2077.908
1935.329
1941.487
1920.697
1940.908
1923.625
2007.625
2018.914
1965.744
1985.213
1999.55
2004.869
2020.95
2030.95
2032.119
2033.825
2032.988
2017.388
2015.588
1994.575
1904.381
1933.095
1947.952
1949.667
1969.679
1887.263
1882.163
1706.025
1700.738
1696.05
1527.713
1521.113
1516.613
1509.6
1516.2
1604.321
1621.464
1628.143
1626.518
1625.405
1620.339
1688.613
1673.298
1659.643
1641.101
1656.417
1667.792
1672.857
1663.333
1670.012
1679.536
1698.077
1725.506
1777.887
1796.387
1797.048
1800.476
1800.744
1805.601
1808.03
1812.887
1826.815
1864.435
1880.827
1885.893
1902.893
1888.5
1901.938
1884.239
1819.068
1804.449
1793.591
1788.756
1782.381
1773.29
1782.381
1847.551
1862.17
1873.028
1890.727
1895.563
1901.938
1829.392
1819.642
1863.074
1882.574
1955.119
2002.72
1975.292
1922.911
1922.25
1918.821
1918.554
1913.696
1895.196
1900.054
1897.625
1925.054
1927.696
1890.074
1892.392
1910.051
1910.307
1913.58
1760.545
1766.92
1771.011
1840.391
1846.13
1840.033
1834.293
1901.307
1873.898
1874.659
1870.091
1927.398
2000.902
2002.467
2016.033
1997.761
2074.386
2072.75
2083.608
2040.842
2057.734
2060.147
2063.277
2063.522
2067.957
2065.739
2040.696
1992.87
1975.978
1973.565
1970.435
1995.478
1995.234
1984.848
1993.543
1999.641
2004.266
2018.25
2080.587
2097.516
2088.821
2082.723
2078.098
2061.168
1998.832
1994.397
1996.614
1982.63
1999.587
2024.63
2025.935
2030.826
2041.424
2055.408
2070.929
2068.712
2043.668
2086.563
2068.903
2086.563
2084.04
2092.767
2097.403
2008.625
1970.766
1971
1968
1967.766
1963.516
1966.516
1974.849
1980.693
1985.125
1998.526
2010.474
2004.63
2012.74
1996.516
1936.776
1923.375
1913.422
1908.99
1900.656
1902.078
1963.432
1987.432
2088.568
2133.365
2145.845
2185.745
2216.465
2220.545
2235.595
2231.995
2232.93
2098.26
2147.048
2152.125
2165.971
2160.894
2155.5
2146.856
2087.087
2076.058
2014.673
1953.288
1936.788
1998.173
2026.442
2035.087
2017.269
2070.37
2116.67
2173.67
2188.991
2223.116
2188.991
2162.741
2142.701
2139.058
2138.857
2136.286
2122.411
2160.278
2153.167
2139.944
2143.722
2141.667
2144.333
2146.389
2232.722
2240.87
2262.204
2264.093
2264.301
2266.968
2252.338
2240.176
2121.343
2129.329
2141.491
2137.157
2156.963
2186.222
2190.556
2169.556
2188.821
2202.536
2222.786
2220.214
2212.513
2280.125
2265.903
2264.639
2279.06
2275.12
2287.032
2295.88
2299.819
2305.014
2312.421
2365.523
2358.116
2347.495
2342.301
2335.093
2323.181
2326.903
2342.611
2355.769
2353.713
2356.38
2360.157
2358.269
2336.935
2250.602
2242.454
2242.662
2242.454
2239.787
2280.528
2281.042
2282.931
2304.264
2300.486
2314.875
2303.319
2302.699
2256.005
2203.62
2202.236
2201.337
2206.413
2227.995
2098.505
2093.428
2107.274
2108.173
2094.327
2095.639
2086.452
2031.308
2018.938
2019.837
2023.928
2008.952
2085.055
2079.445
2087.445
2095.23
2106.7
2038.043
2030.351
2029.817
2027.048
2026.832
2022.909
1980.601
1958.447
1956.486
1941.543
1941.76
1945.683
1946.216
1961.159
1929.264
1950.597
1952.486
1955.153
1896.042
1880.153
1844.764
1846.819
1849.486
1878.313
1856.159
1854.197
1858.12
1858.337
1857.803
1855.034
1840.091
1836.168
1925.822
1895.236
1895.028
1896.917
1918.25
1914.31
1913.444
1906.037
1898.829
1888.208
1948.462
1947.149
1960.389
1990.774
2002.144
2063.154
2067.077
2078.327
2064.596
2060.505
2049.255
2045.332
2063.695
2049.925
2054.18
2056.22
2044.395
2012.795
1977.688
1975.726
1953.572
1987.715
1991.795
1993.835
1994.06
1996.94
1997.495
1904.255
1902.035
1899.155
1898.93
1894.85
1917.89
1933.43
1902.71
1907.99
1885.545
1871.145
1870.21
2004.88
2019.28
2020.215
2007.735
1948.835
1820.495
1849.055
1879.775
1919.675
1942.715
2039.805
2034.525
2162.865
2139.825
2198.725
2211.205
2171.305
2186.355
2273.203
2172.068
2156.391
2134.109
2171.141
2184.542
2200.542
2203.094
2211.094
2214.703
2224.911
2234.208
2367.896
2372.146
2378.708
2394.932
2418.932
2422.786
2439.036
2422.786
2418.932
2394.932
2378.708
2372.146
2367.896
2381.06
2400.06
2391.135
2395.815
2379.715
2376.655
2332.655
2327.975
2312.375
2289.611
2218.032
2232.94
2235.773
2276.514
2290.958
2289.069
2344.024
2341.255
2341.038
2337.115
2386.6
2363.56
2361.52
2360.965
2345.425
2480.095
2474.815
2340.145
2325.745
2324.81
2330.09
2335.7
2339.3
2327.05
2329.5
2335.38
2349.15
2287.067
2295.649
2310.649
2265.81
2286.138
2277.433
2272.183
2259.888
2233.638
2225.67
2211.741
2172.455
2231.917
2240.944
2257.232
2274.196
2309.196
2311.384
2317.571
2264.138
2275.228
2428.461
2412.082
2403.634
2400.647
2394.026
2391.914
2381.018
2369.531
2337.79
2358.362
2344.647
2348.826
2362.54
2334.326
2322.598
2303.5
2206.75
2155.545
2141.83
2137.652
2135.08
2137.652
2129.951
2187.838
2195.824
2254.935
2359.935
2478.769
2563.903
2593.162
2646.264
2665.449
2673.773
2677.662
2618.551
2493.856
2530.005
2521.361
2493.091
2507.976
2539.782
2534.588
2520.653
2395.958
2391.069
2379.514
2376.181
2386.264
2398.486
2419.819
2365.282
2246.449
2156.551
2135.218
2098.273
2069.829
2043.384
2057.319
2068.875
2088.681
2178.579
2184.736
2192.125
2141.263
2166.763
2219.353
2315.674
2343.103
2354.589
2365.527
2437.19
2420.81
2327.81
2294.017
2288.043
2268.181
2284.56
2258.078
2255.966
2244.875
2166.344
2186.915
2193.103
2228.103
2212.955
2209.366
2212.955
2228.103
2240.79
2228.103
2224.888
2214.647
2203.487
2196.344
2156.313
2169.17
2220.375
2276.179
2281.429
2288.571
2328.603
2323.353
2336.103
2339.902
2329.455
2341.75
2355.857
2366.415
2375.857
2372.214
2382.661
2326.009
2315.451
2287.237
2274.942
2278.585
2276.763
2272.964
2347.819
2363.319
2336.836
2325.746
2172.513
2166.539
2132.746
2149.125
2056.125
2039.746
2092.022
2103.509
2130.938
2133.125
2153.696
2159.884
2194.884
2183.946
2267.196
2272.205
2313.612
2323.335
2358.96
2347.174
2337.451
2349.237
2343.299
2351.83
2453.08
2463.527
2498.527
2499.362
2457.955
2374.705
2369.696
2327.961
2408.341
2442.737
2462.599
2546.297
2568.371
2617.454
2627.854
2640.396
2621.196
2595.596
2588.946
2614.546
2533.638
2515.813
2505.413
2492.871
2469.071
2472.471
2506.953
2509.435
2524.935
2525.129
2536.595
2537.073
2510.591
2603.591
2637.384
2643.358
2609.565
2629.427
2639.987
2637.875
2664.358
2658.384
2674.763
2654.901
2714.529
2566.404
2643.81
2654.901
2639.401
2623.022
2642.677
2646.194
2650.073
2661.944
2662.823
2668.534
2681.931
2686.767
2646.789
2658.067
2657.232
2659.804
2646.089
2641.911
2639.339
2625.518
2629.696
2528.446
2413.857
2331.763
2303.549
2322.647
2334.375
2362.589
2378.879
2392.121
2399.556
2392.121
2402.683
2349.483
2341.992
2324.725
2276.933
2164.708
2189.208
2196.7
2213.967
2223.525
2260.403
2311.887
2308.5
2309.254
2303.911
2291.379
2286.855
2299.387
2263.762
2232.59
2222.277
2230.785
2241.098
2232.59
2237.785
2255.785
2286.41
2276.359
2206.444
2221.766
2227.355
2202.581
2192.702
2174.121
2168.532
2081.532
2066.21
2140.508
2150.559
2174.559
2176.473
2192.246
2162.549
2162.129
2161.958
2151.883
2161.958
2159.777
2159.947
2161.629
2243.356
2245.538
2231.917
2227.144
2224.341
2206.886
2195.087
2191.996
2180.178
2173.417
2208.549
2279.186
2283.436
2248.303
2236.53
2235.822
2138.595
2156.049
2162.811
2260.038
2263.129
2267.902
2279.701
2282.504
2294.322
2303.186
2324.822
2337.822
2333.822
2334.822
2339.277
2330.413
2317.413
2295.777
2291.322
2314.595
2217.367
2143.814
2126.36
2096.133
2072.86
2069.769
2091.405
2080.004
2035.383
2044.307
2060.511
2071.019
2088.473
2094.519
2105.92
2115.375
2105.92
2097.909
2062.777
2067.027
2137.663
2142.682
2139.591
2068.955
2060.091
2070.909
2074.133
2084.564
2080.314
2089.273
2098.136
2087.318
2111.258
2108.034
2111.125
2099.155
2147.223
2138.265
2127.833
2209.561
2239.258
2244.508
2261.962
2271.242
2294.515
2159.856
2145.462
2159.856
2130.159
2124.909
2107.455
2105.598
2147.398
2137.348
2276.215
2262.641
2273.016
2254.629
2261.081
2272.694
2284.21
2280.968
2267.286
2255.827
2268.407
2281.391
2292.907
2328.391
2332.165
2319.585
2315.81
2280.327
2277.859
2264.875
2253.359
2197.859
2253.359
2255.827
2247.044
2241.681
2250.464
2282.641
2293.286
2358.729
2371.679
2367.004
2289.304
2283.783
2288.458
2293.979
2297.379
2316.379
2320.204
2308.729
2304.979
2308.729
2305.329
2286.329
2287.179
2286.329
2284.479
2284.292
2273.208
2183.308
2183.496
2181.096
2192.179
2282.079
2284.479
2284.942
2252.275
2242.067
2216.467
2205.746
2057.621
2051.846
1961.946
1942.746
2023.423
2033.798
2058.573
2068.452
2087.032
2071.71
2087.032
2092.621
2111.508
2142.133
2137.75
2132.574
2120.434
2137.145
2208.977
2226.695
2251.383
2258.121
2271.784
2275.33
2286.966
2263.027
2253.076
2236.871
2150.962
2133.523
2195.391
2193.069
2195.391
2191.617
2179.23
2154.456
2148.02
2129.44
2118.254
2176.321
2166.504
2230.453
2212.013
2187.392
2200.634
2211.392
2221.547
2239.987
2251.944
2271.806
2278.685
2303.306
2316.28
2365.72
2399.088
2452.288
2476.788
2423.588
2311.363
2301.804
2284.538
2301.804
2277.304
2284.796
2277.304
2285.429
2292.854
2309.629
2323.929
2330.679
2290.98
2302.085
2291.71
2273.129
2267.54
2235.927
2220.558
2072.433
2056.6
2046.392
2012.556
1987.782
1979
1946.823
1955.605
1987.782
1998.427
1987.782
2075.169
2075.351
2077.673
2079.464
2087.324
2057.405
2074.86
2085.678
2088.769
2088.598
2088.178
2085.996
2088.178
2106.085
2115.864
2116.272
2116.438
2037.114
2027.335
2030.335
2030.5
2032.618
2030.5
2020
2088.559
2060.314
2061.9
2045.443
2046.9
1980.3
1978.714
1978.554
1975.639
1992.096
2018.335
2046.438
2080.537
2097.301
2100.743
2054.088
2043.963
2035.36
2045.86
2048.989
2059.114
2082.349
2091.044
2137.699
2134.699
2111.463
2102.768
2099.64
2089.14
2092.14
2100.743
2102.86
2085.919
2084.419
2015.86
2014.228
2014.063
2017.063
2014.063
2015.695
2013.577
2013.743
2041.432
2049.949
2022.807
2039.264
2049.464
2046.186
2043.271
2026.986
2029.171
2039.007
2041.921
2058.207
2061.421
2060.693
2057.479
2065.836
2059.011
2031.011
1950.011
1941.654
1969.654
2050.654
2057.479
2046.729
2046.568
2038.789
2010.289
2001.375
1991.946
1989.032
1980.618
1978.561
1968.654
1967.068
1900.468
1924.011
1907.07
1891.342
1894.342
1894.507
1896.625
1898.257
1966.816
1999.169
2016.11
2026.61
2047.61
2070.199
2059.699
2076.64
2070.772
2059.478
2038.478
2049.544
2058.721
2102.029
2196.397
2179.456
2189.654
2195.522
2274.846
2242.493
2173.934
2175.434
2173.801
2173.636
2173.228
2156.287
2145.787
2148.787
2148.952
2158.732
2148.952
2151.07
2148.952
2149.36
2149.526
2119.539
2135.996
2137.582
2134.668
2134.507
2132.45
2134.507
2117.963
2129.39
2109.514
2115.3
2159.943
2191.121
2202.246
2202.407
2213.55
2199.854
2227.076
2233.066
2235.066
2238.316
2248.983
2245.733
2223.788
2221.788
2211.122
2196.896
2190.736
2256.411
2348.082
2361.608
2383.552
2319.701
2304.847
2289.097
2299.847
2267.419
2330.419
2330.794
2332.74
2332.892
2335.649
2320.081
2353.972
2343.181
2341.181
2341.024
2338.191
2354.191
2352.774
2354.191
2353.806
2342.972
2326.972
2316.156
2311.781
2308.948
2219.823
2213.625
2211.056
2213.056
2223.806
2233.722
2249.722
2218.649
2281.649
2281.801
2208.584
2206.639
2237.378
2237.764
2173.014
2172.628
2169.795
2153.795
2152.378
2155.212
2155.056
2134.639
2128.396
2088.569
1995.049
1950.715
1936.326
1908.618
1918.181
1945.889
1936.326
1937.868
2002.618
2018.618
2020.618
2030.535
2036.646
2026.729
1996.174
1931.424
1986.211
1989.125
1989.286
1987.229
1987.068
1984.154
1967.696
1984.154
1994.061
2009.339
2037.839
2048.589
2028.189
2006.246
2000.546
1989.796
1980.882
1938.811
1847.139
1855.554
1857.782
1841.325
1811.51
1831.344
1821.712
1821.556
1820.014
1810.778
1735.861
1733.861
1764.997
1770.552
1774.635
1818.038
1826.003
1782.601
1751.465
1747.382
1707.556
1697.556
1700.056
1694.5
1704.417
1694.5
1725.056
1722.222
1722.066
1720.066
1718.524
1653.774
1669.774
1663.663
1666.497
1666.653
1668.653
1670.194
1680.986
1664.986
1655.069
1665.069
1674.986
1669.431
1659.431
1664.986
1668.111
1713.586
1703.75
1700.536
1703.45
1719.736
1716.821
1700.536
1702.721
1712.557
1704.111
1693.911
1690.871
1681.036
1678.121
1632.8
1624.443
1601.871
1591.671
1575.214
1543.786
1543.625
1542.039
1530.939
1528.025
1525.968
1576.118
1579.618
1590.761
1559.332
1547.832
1545.646
1542.304
1531.161
1580.318
1581.775
1571.575
1573.761
1585.261
1588.604
1594.889
1545.732
1539.357
1535.157
1525.321
1504.321
1493.179
1461.75
1542.75
1551.5
1528.819
1532.903
1531.201
1452.451
1445.681
1476.236
1487.069
1493.267
1500.038
1509.601
1506.198
1509.601
1558.358
1509.601
1498.767
1450.976
1445.351
1401.948
1362.122
1331.809
1304.587
1293.771
1330.575
1379.732
1385.518
1430.161
1438.354
1449.104
1450.689
1453.332
1470.111
1475.825
1479.832
1490.225
1497.225
1466.451
1466.608
1446.834
1457.375
1504.814
1508.125
1460.686
1457.375
1463.203
1425.097
1514.222
1592.972
1668.222
1670.222
1673.472
1684.139
1662.194
1598.344
1509.219
1498.469
1492.479
1490.479
1487.229
1509.174
1498.507
1562.358
1567.913
1598.753
1632.413
1648.726
1638.274
1640.844
1642.385
1652.837
1673.253
1669.358
1663.802
1647.49
1644.92
1643.378
1647.274
1626.858
1616.406
1596.573
1575.24
1547.531
1531.531
1521.899
1507.045
1498.865
1496.698
1489.311
1485.811
1535.961
1539.461
1542.961
1492.811
1489.311
1539.461
1535.454
1541.168
1539.582
1522.804
1525.804
1515.054
1494.054
1488.339
1499.089
1496.446
1502.039
1502.436
1503.096
1507.104
1516.939
1545.439
1535.604
1507.104
1557.254
1560.754
1510.604
1507.104
1523.882
1525.468
1529.475
1528.814
1528.418
1517.668
1512.075
1506.361
1502.354
1523.354
1534.104
1536.746
1542.461
1539.461
1542.675
1545.589
1543.404
1533.568
1530.354
1546.639
1530.354
1540.189
1537.275
1539.461
1535.961
1485.811
1487.561
1494.725
1483.975
1482.389
1486.396
1483.754
1466.975
1459.811
1458.061
1437.061
1431.346
1438.511
1434.504
1445.254
1446.839
1449.482
1455.075
1460.789
1423.615
1426.531
1429.365
1429.521
1431.521
1433.063
1497.813
1528.368
1544.368
1554.285
1546.16
1467.41
1460.774
1433.552
1422.719
1422.875
1433.691
1460.913
1500.74
1544.142
1549.767
1580.08
1590.913
1590.757
1542.965
1537.34
1526.524
1519.719
1509.615
1501.649
1549.441
1506.038
1554.795
1595.718
1588.554
1592.054
1602.804
1605.446
1607.032
1611.039
1616.754
1637.754
1654.532
1650.525
1647.525
1641.932
1631.182
1625.468
1622.825
1668.923
1670.423
1667.423
1667.257
1598.699
1566.346
1549.404
1547.287
1550.287
1567.228
1556.728
1563.199
1574.625
1572.993
1575.11
1575.276
1575.684
1583.059
1586.662
1583.059
1531.434
1495.75
1494.205
1542.273
1553.091
1586.424
1599.277
1599.447
1601.629
1584.174
1594.992
1612.447
1645.78
1716.417
1719.508
1716.417
1716.837
1716.667
1714.485
1714.064
1702.292
1695.625
1701.686
1679.413
1668.011
1666.33
1663.527
1645.731
1639.67
1635.42
1638.602
1639.023
1639.723
1645.655
1649.905
1661.307
1653.708
1649.996
1580.341
1576.795
1479.568
1455.629
1369.72
1287.629
1275.992
1269.458
1267.277
1256.458
1259.549
1256.458
1256.629
1258.811
1260.492
1331.129
1364.462
1347.008
1313.674
1324.492
1324.072
1321.89
1321.72
1339.174
1268.538
1262.606
1258.356
1255.174
1243.773
1243.352
1242.652
1236.591
1307.227
1304.136
1303.966
1301.784
1300.102
1229.466
1196.133
1178.678
1181.769
1181.939
1184.121
1185.803
1196.621
1214.076
1203.258
1209.924
1227.197
1230.288
1240.72
1243.038
1225.765
1222.674
1219.265
1208.833
1206.515
1209.924
1188.288
1175.288
1188.288
1192.288
1201.152
1196.697
1195.697
1186.833
1191.288
1212.924
1243.152
1253.583
1243.152
1212.924
1209.833
1220.652
1238.106
1271.439
1342.076
1343.758
1345.939
1345.769
1348.86
1338.042
1320.587
1313.92
1243.284
1241.602
1239.42
1239.591
1243.136
1278.269
1286.958
1290.436
1342.572
1348.617
1337.708
1326.89
1320.83
1331.739
1333.284
1339.345
1322.072
1293.117
1257.985
1275.258
1304.212
1315.03
1316.712
1328.485
1345.939
1342.394
1335.265
1369.364
1369.529
1372.971
1369.971
1369.805
1367.688
1366.055
1368.173
1335.82
1267.261
1256.761
1259.761
1242.82
1196.864
1154.695
1122.599
1111.147
1110.982
1105.026
1054.423
1042.952
1014.129
1013.963
1011.846
1008.846
1007.213
995.787
992.629
975.174
964.356
967.447
967.617
969.799
971.481
1042.117
1043.82
1045.32
1062.261
1063.893
1060.893
1060.728
1058.61
1056.978
988.419
998.919
995.856
978.402
995.856
1029.189
1099.826
1098.28
1100.462
1100.633
1103.723
1091.527
1110.026
1111.526
1123.364
1125.614
1124.882
1122.696
1133.839
1122.696
1119.354
1122.696
1116.411
1067.254
1065.796
1049.339
1039.139
1055.425
1060.375
1092.4
1219.364
1222.007
1233.132
1310.189
1314.921
1330.2
1328.614
1326.557
1326.396
1323.482
1292.054
1225.454
1242.896
1252.086
1256.093
1224.068
1208.789
1204.057
1127
1124.357
1140.643
1145.593
1170.986
1173.629
1184.754
1197.596
1196.535
1250.912
1235.507
1230.824
1110.723
1100.199
1100.743
1097.783
1095.77
1080.77
1107.223
1097.919
1108.443
1147.193
1155.885
1162.341
1165.216
1169.007
1174.412
1261.128
1258.451
1295.337
1305.321
1319.936
1398.031
1391.271
1395.497
1381.595
1383.851
1379.625
1357.948
1355.692
1346.195
1335.232
1307.893
1311.606
1231.394
1241.144
1321.356
1331.863
1335.163
1326.556
1301.619
1326.556
1335.163
1331.488
1326.488
1324.238
1317.069
1289.047
1249.984
1222.091
1214.247
1179.277
1199.025
1202.531
1197.531
1207.266
1243.109
1251.15
1257.122
1253.616
1258.616
1252.644
1249.984
1235.734
1249.103
1253.244
1288.457
1297.954
1300.21
1295.985
1217.291
1214.978
1205.244
1166.994
1167.194
1082.76
1081.73
1170.204
1174.763
1189.763
1187.997
1178.013
1141.25
1133.003
1126.878
1124.151
1120.554
1115.426
1125.41
1162.173
1170.42
1176.545
1179.272
1184.401
1187.997
1207.689
1257.709
1286.694
1321.091
1330.588
1344.491
1348.716
1343.292
1415.395
1417.547
1413.695
1350.974
1341.919
1339.767
1265.863
1269.399
1265.174
1252.131
1238.229
1295.082
1296.838
1297.247
1292.551
1296.051
1297.372
1304.801
1312.092
1316.842
1313.503
1304.232
1270.095
1262.438
1267.199
1270.539
1264.851
1298.988
1301.521
1307.208
1316.479
1311.717
1309.185
1316.842
1330.414
1334.539
1330.414
1357.101
1462.905
1465.107
1474.378
1538.592
1542.536
1581.279
1568.023
1541.956
1467.34
1440.378
1377.657
1368.602
1366.451
1293.182
1295.714
1304.985
1300.223
1296.884
1294.351
1288.664
1281.006
1246.869
1254.527
1260.214
1263.554
1268.315
1302.452
1293.182
1289.057
1365.449
1351.878
1246.074
1244.058
1241.907
1232.852
1241.907
1179.186
1175.334
1126.926
1100.238
1137.372
1139.523
1214.619
1212.536
1216.386
1229.053
1264.303
1239.858
1230.433
1238.367
1262.811
1272.236
1236.986
1229.053
1225.936
1233.083
1238.392
1206.531
1208.894
1200.242
1204.686
1207.803
1205.439
1214.092
1208.783
1240.644
1233.497
1229.053
1220.4
1160.467
1147.8
1076.5
1074.616
1072.514
994.113
991.095
986.97
990.31
981.039
946.902
939.244
936.711
941.473
938.134
947.405
981.542
989.199
994.887
997.42
991.732
986.97
963.22
955.024
946.452
941.69
946.452
954.952
963.524
962.31
957.548
954.208
948.521
939.25
931.592
897.455
894.923
900.61
938.378
946.235
949.795
958.366
1064.17
1131.67
1139.866
1157.366
1162.679
1169.97
1173.47
1168.158
1150.658
1142.461
1138.961
1131.67
1064.17
1037.979
1064.17
1073.455
1079.259
1073.455
1064.17
1050.455
1049.741
1047.063
1037.777
1031.973
1024.315
1014.732
1013.518
987.327
946.363
944.542
935.256
932.47
935.256
930.506
927.72
900.116
941.08
949.277
983.414
987.357
1011.107
1004.28
963.315
960.583
967.622
973.31
1008.369
1011.155
1075.655
1077.113
1082.351
1082.75
1081.429
1081.759
1089.188
1090.902
1100.152
1097.765
1090.509
1036.299
1032.881
1032.491
1052.324
1070.521
1069.784
1067.984
1071.659
1074.319
1077.244
1062.994
1039.106
1010.122
1007.197
1021.447
1045.334
1074.319
1099.256
1105.228
1118.597
1133.672
1139.797
1142.666
1145.478
1184.541
1209.041
1235.591
1239.097
1299.778
1308.384
1313.447
1317.103
1327.931
1351.819
1356.15
1351.351
1347.704
1338.924
1330.875
1368.777
1260.393
1254.567
1257.421
1279.348
1313.101
1320.958
1358.726
1320.958
1426.762
1432.449
1449.592
1461.342
1464.902
1473.473
1463.161
1485.911
1490.036
1485.214
1481.732
1509.336
1512.818
1521.439
1517.213
1527.777
1532.716
1509.412
1519.976
1524.915
1528.482
1556.759
1560.985
1584.29
1573.726
1568.787
1565.22
1536.942
1532.716
1509.412
1505.826
1498.692
1495.473
1502.607
1513.07
1530.485
1534.07
1537.29
1526.826
1509.412
1519.756
1509.412
1536.241
1544.948
1583.637
1556.808
1548.101
1509.412
1481.134
1476.909
1453.604
1448.665
1438.101
1443.04
1466.345
1469.912
1474.137
1484.701
1481.134
1509.412
1500.704
1491.924
1487.046
1494.655
1551.509
1552.863
1486.79
1489.241
1482.03
1476.204
1440.29
1443.143
1473.283
1480.321
1486.009
1480.771
1477.985
1481.485
1480.027
1479.628
1476.128
1475.798
1468.369
1466.655
1457.405
1483.595
1490.887
1514.637
1527.25
1563.165
1564.921
1603.848
1614.311
1637.616
1614.311
1617.878
1614.311
1586.034
1581.808
1586.747
1597.311
1586.747
1590.973
1614.277
1609.338
1613.378
1619.854
1643.756
1702.957
1706.378
1714
1705.604
1667.494
1675.89
1651.988
1592.787
1566.884
1563.463
1567.03
1571.07
1566.845
1577.409
1582.348
1605.652
1582.348
1578.308
1574.741
1569.802
1559.238
1563.463
1541.537
1529.5
1491.598
1494.451
1516.378
1582.159
1599.72
1572.288
1611.138
1593.138
1590.213
1602.55
1578.663
1574.331
1570.191
1566.534
1561.472
1585.359
1574.531
1579.594
1583.925
1612.909
1616.566
1627.394
1651.281
1662.006
1701.906
1678.019
1667.294
1627.394
1608.194
1627.394
1603.506
1592.678
1603.506
1574.522
1570.866
1575.928
1579.584
1608.569
1612.9
1636.788
1631.725
1627.394
1621.3
1593.8
1581.219
1575.65
1564.925
1559.863
1562.413
1580.263
1581.163
1586.553
1595.434
1596.019
1627.538
1614.671
1617.524
1636.256
1646.073
1655.25
1644.686
1639.747
1636.18
1607.902
1603.677
1580.372
1588.768
1596.817
1599.561
1605.537
1693.78
1772.037
1777.863
1886.247
1895.027
1870.698
1874.345
1868.518
1829.829
1854.159
1851.36
1848.616
1842.79
1829.747
1815.04
1806.991
1698.607
1689.826
1683.851
1680.204
1718.893
1724.72
1715.207
1711.988
1790.244
1800.494
1810.006
1813.226
1802.976
1724.72
1735.183
1774.11
1750.805
1740.341
1701.415
1724.72
1700.817
1726.72
1718.323
1721.744
1780.945
1819.055
1827.451
1819.829
1843.732
1784.53
1781.11
1774.634
1809.604
1848.53
1930.646
1939.311
1940.665
1950.482
1946.442
1943.588
1908.619
1900.223
1858.259
1833.93
1821.893
1819.04
1856.942
1839.381
1851.418
1854.271
1816.369
1838.296
1772.515
1790.076
1855.857
1833.93
1834.067
1835.421
1844.128
1858.177
1885.006
1941.86
1944.348
1946.104
1953.287
1955.738
1962.948
2019.802
2029.241
2032.095
1996.18
1990.354
1983.143
1917.07
1917.902
1919.659
1918.305
1919.659
1927.268
1919.799
1895.47
1893.018
1889.433
1886.579
1859.75
1857.994
1801.14
1827.97
1835.439
1859.768
1863.354
1855.744
1845.28
1821.976
1783.049
1781.695
1724.841
1722.354
1695.524
1681.476
1672.768
1675.256
1675.119
1673.363
1673.5
1730.354
1757.183
1771.232
1772.476
1774.232
1775.585
1784.293
1792.402
1793.134
1795.421
1796.665
1810.713
1816.079
1825.555
1825.893
1827.649
1813.601
1811.113
1810.976
1809.22
1807.866
1751.012
1724.183
1722.939
1725.427
1725.564
1722.71
1703.979
1694.802
1725.552
1752.381
1755.235
1773.966
1783.784
1792.96
1792.39
1782.573
1799.638
1803.144
1771.625
1771.278
1780.991
1779.191
1762.625
1762.963
1764.72
1764.857
1767.345
1766.101
1780.149
1766.101
1763.613
1763.476
1754
1748.634
1749.878
1748.524
1758.341
1723.372
1684.445
1685.799
1603.683
1593.866
1585.201
1620.171
1659.098
1741.213
1749.878
1751.122
1765.171
1749.333
1758.583
1759.905
1761.619
1759.19
1759.057
1759.19
1761.619
1759.905
1759.574
1750.324
1766.186
1752.137
1750.893
1745.634
1763.049
1763.927
1769.186
1777.851
1775.363
1757.948
1749.284
1751.771
1750.893
1749.54
1749.677
1751.03
1807.884
1813.25
1827.299
1845.481
1831.081
1828.531
1828.391
1826.591
1828.391
1818.678
1817.403
1819.953
1828.878
1789.222
1761.722
1751.119
1757.728
1759.003
1750.078
1734.223
1744.567
1736.518
1698.616
1686.579
1680.753
1663.192
1597.412
1558.723
1555.869
1552.223
1543.442
1435.058
1413.131
1413.268
1415.024
1416.378
1473.232
1464.345
1478.06
1486.56
1431.06
1425.821
1412.107
1414.536
1413.214
1404.714
1403
1402.866
1400.438
1392.241
1355.039
1331.705
1273.914
1248.628
1256.824
1294.027
1317.36
1375.152
1400.438
1403.777
1400.438
1421.842
1429.271
1437.771
1443.604
1430.033
1402.429
1379.679
1376.893
1394.393
1399.705
1408.991
1382.801
1408.991
1403.188
1397.875
1389.679
1372.179
1380.375
1373.083
1305.583
1311.387
1378.887
1386.179
1389.679
1386.179
1410.476
1411.829
1417.195
1474.049
1473.912
1474.049
1472.293
1473.537
1476.024
1474.671
1472.183
1463.476
1449.427
1458.163
1399.888
1401.688
1416.088
1451.931
1491.831
1455.988
1454.6
1445.719
1361.55
1321.65
1323.038
1333.1
1417.269
1407.206
1416.088
1425.013
1424.872
1439.272
1466.772
1476.484
1476.831
1478.631
1476.081
1476.222
1474.947
1460.547
1455.047
1396.772
1395.384
1393.584
1396.134
1402.259
1405.072
1314.622
1308.65
1228.438
1237.044
1230.919
1228.106
1219.5
1244.438
1250.409
1263.778
1278.853
1253.916
1244.991
1230.591
1203.091
1193.378
1191.578
1191.438
1188.888
1188.541
1161.041
1153.384
1161.041
1158.528
1154.853
1153.466
1145.666
1143.866
1085.591
1113.091
1138.028
1113.091
1116.766
1113.841
1104.166
1096.775
1095.922
1088.559
1091.484
1101.159
1108.55
1108.969
1145.781
1151.753
1161.466
1163.266
1171.066
1171.413
1168.753
1165.247
1163.655
1166.509
1185.241
1195.058
1204.235
1234.985
1232.131
1205.302
1186.57
1177.393
1180.814
1170.997
1140.247
1193.259
1200.086
1208.545
1200.086
1238.086
1238.417
1239.786
1205.649
1125.488
1124.167
1086.167
1076.583
1097.988
1090.56
1084.726
1063.321
1054.821
1060.655
1068.083
1076.583
1079.923
1103.256
1140.458
1148.655
1206.446
1148.655
1125.321
1088.119
1106.262
1132.165
1106.262
1102.841
1108.668
1132.57
1201.716
1208.851
1191.436
1200.101
1199.223
1204.482
1195.817
1190.558
1193.046
1210.46
1211.338
1208.851
1207.448
1198.784
1116.668
1104.684
1097.516
1107.578
1108.966
1117.847
1202.016
1241.916
1277.759
1277.413
1254.938
1256.213
1250.088
1242.288
1244.238
1235.817
1227.11
1233.085
1214.354
1223.53
1220.11
1189.36
1191.594
1188.669
1191.594
1181.531
1172.125
1182.188
1185.694
1204.894
1236.413
1263.913
1260.613
1271.338
1274.638
1281.95
1285.625
1303.475
1296.163
1285.438
1281.763
1263.913
1244.713
1207.9
1210.825
1278.55
1285.941
1291.913
1285.941
1322.753
1322.334
1320.534
1295.597
1295.25
1292.325
1282.65
1274.85
1267.194
1259.803
1318.078
1319.878
1327.678
1329.066
1332.741
1335.253
1360.191
1361.722
1367.222
1357.509
1353.834
1326.334
1316.272
1356.172
1440.341
1449.222
1459.284
1457.897
1458.244
1449.363
1365.194
1372.363
1336.519
1296.619
1293.806
1287.681
1272.606
1259.238
1339.45
1345.422
1435.872
1441.997
1444.809
1453.416
1447.444
1422.506
1447.444
1438.838
1477.9
1486.569
1495.175
1491.669
1465.119
1404.438
1379.938
1340.875
1332.269
1332.853
1338.978
1332.223
1340.93
1347.378
1357.723
1351.274
1350.03
1323.201
1312.857
1307.789
1310.182
1320.28
1328.738
1337.238
1347.927
1355.537
1377.463
1383.439
1382.195
1380.293
1408.675
1412.181
1414.431
1462.049
1465.268
1466.622
1456.805
1456.466
1447.802
1365.686
1326.759
1319.765
1329.582
1338.247
1373.216
1412.143
1494.259
1489
1506.415
1507.293
1512.552
1521.216
1518.729
1501.314
1500.436
1502.924
1494.259
1463.509
1454.332
1444.515
1425.784
1422.93
1396.101
1405.277
1408.698
1439.448
1444.814
1447.668
1466.399
1476.216
1472.796
1462.546
1384.29
1374.777
1371.558
1374.979
1371.759
1289.643
1287.448
1284.027
1287.247
1369.363
1378.143
1420.107
1458.796
1461.058
1484.96
1502.887
1506.927
1511.701
1515.287
1509.311
1487.384
1479.774
1471.067
1477.043
1498.97
1506.579
1515.287
1514.716
1538.619
1576.729
1585.125
1559.223
1550.765
1544.79
1551.265
1542.869
1551.326
1554.747
1516.637
1481.668
1399.552
1390.887
1351.96
1342.143
1340.79
1341.622
1365.524
1400.512
1333.012
1326.048
1320.36
1297.027
1303.991
1312.563
1315.902
1235.741
1232.402
1223.83
1303.991
1300.848
1303.991
1302.277
1246.777
1281.836
1280.515
1277.015
1274.622
1250.872
1243.443
1241.985
1244.771
1241.985
1177.485
1170.446
1164.759
1129.699
1194.199
1188.961
1194.649
1201.688
1204.366
1206.188
1208.616
1222.188
1224.92
1201.586
1184.086
1225.051
1262.818
1276.801
1272.857
1275.065
1278.565
1296.065
1319.399
1317.19
1313.69
1272.726
1300.33
1295.67
1257.902
1266.473
1269.616
1266.277
1257.705
1177.545
1174.402
1177.741
1257.902
1255.509
1247.051
1249.443
1259.542
1268
1257.902
1252.214
1175.821
1167.625
1164.946
1141.196
1055.054
1049.22
1040.262
1030.679
1012.393
1007.155
977.137
973.798
982.756
979.97
998.256
1001.042
1027.232
1036.815
1040.155
1070.173
1078.744
1082.244
1140.036
1139.321
1130.821
1122.905
1120.673
1129.173
1137.089
1137.804
1140.036
1147.464
1141.631
1120.226
1112.798
1104.298
1110.131
1131.536
1140.036
1143.375
1140.036
1131.464
1132.25
1184.215
1192.587
1189.517
1111.221
1119.483
1114.468
1116.84
1133.445
1134.282
1139.297
1136.924
1128.663
1127.826
1111.221
1113.378
1116.797
1156.808
1154.651
1127.689
1087.677
1074.02
1061.824
1068.119
1091.452
1093.952
1097.896
1094.396
1082.602
1065.509
1042.718
1044.009
1098.218
1123.799
1137.195
1138.869
1139
1141.372
1142.558
1119.767
1083.43
1091.436
1083.372
1075.366
1069.192
1065.93
1069.192
1105.529
1128.32
1184.767
1209.465
1196.07
1170.488
1168.116
1167.985
1166.311
1165.02
1110.811
1165.02
1178.416
1178.547
1180.919
1179.733
1188.035
1213.616
1215.291
1216.581
1213.163
1220.285
1223.703
1240.797
1245.985
1255.055
1280.637
1274.968
1209.038
1201.916
1193.91
1176.817
1171.628
1162.558
1136.977
1202.907
1208.576
1216.581
1214.802
1201.547
1203.326
1211.331
1213.948
1216.32
1229.576
1226.959
1224.291
1221.919
1143.622
1135.25
1131.988
1135.058
1143.43
1221.727
1220.959
1224.221
1210.826
1202.523
1176.942
1179.314
1178.023
1176.349
1176.218
1122.009
1135.404
1135.535
1137.209
1138.5
1192.709
1197.826
1199.012
1196.64
1142.43
1137.314
1134.942
1133.267
1133.137
1119.741
1118.451
1117.265
1108.962
1102.814
1102.881
1092.783
1130.551
1139.051
1165.241
1175.339
1177.768
1177.902
1179.616
1180.938
1236.438
1262.628
1276.342
1284.842
1280.899
1284.399
1286.607
1284.107
1260.774
1257.274
1273.616
1231.652
1273.616
1271.354
1296.528
1336.184
1350.866
1353.491
1382.475
1406.975
1410.275
1413.781
1329.613
1326.313
1317.313
1326.313
1340.341
1336.834
1330.709
1308.234
1300.434
1291.509
1297.634
1320.109
1327.909
1336.834
1329.444
1366.256
1363.331
1370.722
1438.447
1441.372
1404.559
1398.588
1330.863
1336.834
1338.109
1310.609
1252.334
1250.947
1249.147
1249.006
1263.406
1259.421
1268.896
1269.235
1270.991
1271.128
1273.616
1271.128
1262.421
1248.372
1239.591
1243.177
1183.976
1192.756
1251.957
1248.372
1255.012
1279.341
1287.39
1277.915
1277.576
1282.016
1267.616
1263.527
1262.284
1270.991
1285.04
1282.552
1339.405
1339.268
1337.512
1339.268
1339.405
1341.893
1342.232
1339.378
1320.646
1310.829
1301.652
1298.232
1293.512
1311.798
1321.381
1295.19
1297.976
1301.315
1331.333
1340.292
1310.274
1310.83
1324.19
1326.333
1327.119
1323.78
1315.208
1301.848
1298.705
1296.991
1296.661
1241.161
1238.732
1238.598
1230.098
1216.384
1218.813
1245.003
1300.503
1301.824
1303.539
1303.673
1312.173
1325.887
1331.396
1322.732
1330.841
1355.171
1356.829
1360.476
1350.131
1347.68
1356.387
1370.436
1370.299
1397.128
1453.982
1455.335
1457.091
1454.604
1454.741
1457.229
1455.473
1454.119
1397.265
1370.436
1356.387
1347.68
1375.957
1333.994
1319.671
1280.982
1278.421
1250.143
1252.405
1255.991
1270.314
1309.003
1332.905
1335.466
1311.564
1353.527
1349.942
1347.68
1345.814
1348.302
1362.204
1364.948
1356.552
1353.808
1362.204
1348.302
1350.168
1347.68
1344.259
1318.357
1259.155
1235.253
1197.143
1188.747
1164.845
1164.012
1156.878
1087.732
1092.61
1101.317
1110.098
1166.951
1158.244
1144.195
1117.366
1060.512
1059.159
1057.402
1059.89
1060.027
1061.784
1061.646
1059.159
1067.866
1081.915
1083.268
1110.098
1109.527
1107.332
1093.646
1092.841
1086.201
1061.872
1053.823
1060.463
1084.793
1092.841
1084.177
1086.665
1104.079
1104.957
1110.216
1118.881
1116.393
1098.979
1098.101
1092.841
1098.817
1090.11
1098.817
1091.207
1069.28
1074.762
1068.787
1070.689
1088.531
1087.144
1028.869
1001.369
986.969
986.828
984.278
982.478
990.791
987.053
985.353
989.091
980.778
955.841
980.778
982.478
991.478
1052.159
1043.159
1039.484
978.803
982.478
987.478
990.984
993.644
999.616
1007.656
1043.5
1019
1016.681
987.697
985.072
981.397
938.384
923.703
933.438
893.781
883.056
883.881
866.031
862.356
855.044
851.744
862.469
880.319
883.994
891.306
893.819
1004.913
1006.713
1074.138
1082.45
1083.838
1083.978
1081.319
1071.584
1035.741
1040.741
1044.247
1046.906
1052.878
1060.919
1096.763
1088.722
1083.722
1080.216
1074.244
1083.978
1092.228
1117.166
1123.972
1117.166
1092.228
1083.978
1115.497
1119.003
1146.503
1149.428
1168.628
1178.691
1188.097
1184.591
1153.072
1133.872
1124.466
1114.403
1111.478
1111.772
1120.298
1111.772
1137.349
1135.606
1131.772
1135.606
1137.349
1111.772
1104.192
1110.317
1117.897
1120.897
1083.141
1077.016
1114.772
1045.311
1114.772
1111.772
1117.897
1126.144
1162.907
1172.891
1167.763
1170.49
1166.894
1152.279
1149.551
1153.147
1158.276
1155.391
1152.776
1154.737
1163.564
1166.179
1169.064
1183.679
1177.554
1169.308
1167.346
1157.362
1148.535
1111.772
1105.49
1099.728
1090.574
1088.574
1111.625
1119.625
1128.779
1135.061
1131.465
1126.337
1136.321
1173.083
1181.33
1184.058
1187.654
1192.782
1184.535
1181.808
1171.824
1172.699
1135.936
1129.811
1169.875
1175.26
1177.631
1182.824
1184.247
1194.093
1194.862
1210.324
1218.571
1218.715
1228.699
1253.827
1281.808
1321.872
1331.872
1368.635
1412.75
1417.942
1419.788
1488.942
1497.468
1498.891
1499.035
1497.189
1428.035
1419.51
1418.087
1417.942
1423.058
1431.583
1427.75
1426.006
1400.429
1391.904
1395.737
1397.481
1401.744
1410.205
1417.186
1408.724
1383.147
1376.167
1412.929
1418.058
1421.654
1424.381
1425.256
1433.503
1443.487
1439.891
1437.163
1436.288
1428.042
1391.279
1381.295
1376.167
1313.929
1376.167
1379.936
1389.167
1385.397
1376.167
1360.513
1352.266
1348.67
1343.542
1353.526
1349.929
1347.202
1383.965
1392.212
1397.34
1400.067
1363.304
1353.321
1356.917
1356.042
1362.167
1353.92
1352.997
1355.612
1373.92
1374.843
1380.372
1374.843
1383.952
1381.337
1372.228
1353.92
1344.766
1316.561
1305.686
1265.013
1268.609
1273.737
1279.862
1282.59
1290.837
1287.24
1297.224
1292.096
1289.369
1283.244
1274.997
1238.234
1228.25
1235.603
1230.487
1221.962
1247.538
1245.795
1241.962
1250.487
1252.231
1256.064
1249.782
1226.731
1217.577
1209.577
1209.433
1208.01
1209.856
1279.01
1287.535
1287.679
1285.833
1216.679
1208.154
1209.577
1207.615
1216.077
1213.192
1220.173
1211.346
1208.731
1194.115
1194.769
1203.596
1206.481
1198.019
1193.756
1186.776
1201.391
1204.006
1229.583
1257.788
1290.115
1287.115
1277.468
1287.314
1267.622
1271.218
1243.013
1232.692
1242.34
1238.744
1241.744
1209.417
1210.891
1207.295
1204.567
1198.442
1190.196
1182.843
1172.859
1167.731
1162.538
1122.474
1122.33
1094.349
1069.221
1094.349
1084.365
1093.692
1083.692
1091.705
1096.897
1112.488
1122.238
1079.225
1079.366
1089.1
1124.944
1089.1
1098.1
1107.025
1098.1
1089.1
1094.1
1089.1
1064.163
1060.425
1052.113
1055.85
1057.55
1082.488
1090.8
1089.1
1128.61
1135.82
1141.646
1148.829
1143.003
1145.857
1079.784
1043.869
1041.015
1033.805
1042.585
1046.171
1042.585
1033.805
974.604
983.061
981.707
1047.488
1047.351
1049.107
1057.216
1057.354
1055.598
989.817
981.707
983.061
975.012
950.683
944.043
958.091
985.43
1028.241
1036.637
1045.707
1101.771
1077.442
1069.332
1072.979
1097.308
1098.966
1097.308
1105.418
1101.771
1093.375
1090.887
1104.79
1107.277
1110.021
1107.277
1115.674
1115.052
1116.918
1103.015
1128.918
1129.796
1137.405
1147.75
1157.567
1213.631
1227.954
1242.277
1243.936
1242.582
1242.72
1234.61
1234.473
1235.826
1170.046
1168.29
1176.399
1242.18
1243.936
1242.534
1241.655
1224.241
1221.753
1227.012
1227.89
1245.305
1247.793
1244.939
1218.11
1209.445
1218.11
1212.851
1203.485
1194.308
1190.887
1160.137
1160.274
1169.771
1193.674
1220.29
1255.259
1245.747
1221.845
1216.905
1209.284
1174.314
1165.442
1203.552
1208.491
1250.454
1259.966
1259.829
1250.332
1208.369
1200.259
1203.905
1202.247
1198.601
1222.93
1224.588
1232.698
1208.369
1296.613
1305.979
1307.332
1312.271
1314.527
1352.637
1357.759
1355.503
1350.564
1349.832
1344.71
1306.601
1314.445
1299.738
1290.372
1289.018
1281.174
1281.905
1284.357
1281.905
1173.521
1281.905
1299.832
1307.302
1310.887
1319.284
1324.726
1334.238
1361.067
1430.213
1361.067
1355.122
1361.067
1334.238
1324.726
1319.284
1301.357
1292.96
1289.375
1281.905
1285.491
1294.271
1285.814
1282.229
1273.448
1332.649
1351.918
1360.625
1363.22
1371.616
1374.104
1412.793
1420.003
1427.137
1426.405
1424.119
1415.412
1416.655
1424.765
1425.497
1427.784
1419.674
1425.04
1439.363
1446.573
1449.994
1456.442
1459.643
1427.807
1419.89
1355.676
1353.961
1353.827
1352.506
1338.524
1337.667
1330.238
1320.655
1310.557
1365.286
1390.571
1404.554
1414.137
1359.408
1360.265
1367.693
1377.792
1352.506
1354.125
1377.875
1374.315
1350.565
1342.649
1346.208
1354.125
1352.506
1345.494
1348.28
1412.78
1419.818
1425.506
1460.565
1454.878
1447.839
1383.339
1380.554
1366.982
1364.554
1361.875
1386.695
1384.829
1387.317
1387.454
1396.162
1410.21
1437.04
1493.893
1495.247
1497.003
1491.637
1525.866
1522.359
1537.041
1522.359
1562.016
1565.297
1570.797
1573.859
1577.366
1584.756
1578.147
1570.756
1567.475
1539.453
1525.053
1539.453
1548.059
1591.941
1534.475
1525.178
1516.572
1472.691
1481.988
1539.453
1543.456
1557.856
1567.569
1558.644
1561.194
1561.334
1563.134
1563.481
1549.081
1521.581
1511.299
1509.945
1508.189
1508.052
1505.564
1506.808
1449.954
1449.817
1440.32
1405.351
1367.241
1362.302
1335.686
1326.174
1284.21
1260.308
1261.662
1264.149
1262.905
1260.418
1317.271
1319.027
1333.076
1341.784
1341.646
1339.89
1325.841
1331.488
1331.628
1325.979
1316.503
1316.165
1312.518
1310.86
1286.53
1278.421
1277.067
1285.774
1299.823
1305.189
1362.043
1363.396
1365.152
1365.29
1351.241
1342.534
1285.68
1290.322
1287.772
1287.631
1285.831
1288.381
1279.381
1288.05
1227.369
1236.369
1240.044
1236.369
1225.766
1215.703
1201.022
1174.472
1117.006
1127.069
1137.672
1145.472
1146.372
1145.472
1202.938
1217.619
1244.169
1236.369
1243.759
1248.653
1251.934
1248.229
1254.677
1240.354
1201.665
1198.463
1193.098
1190.11
1186.689
1179.479
1182.899
1185.887
1190.765
1199.473
1208.253
1199.546
1194.668
1185.887
1206.653
1201.263
1198.713
1180.863
1179.963
1178.575
1179.85
1194.25
1191.951
1201.427
1201.765
1203.521
1203.659
1206.146
1192.098
1135.244
1129.878
1129.741
1127.985
1119.277
1116.79
1122.765
1125.509
1127.96
1130.155
1139.973
1164.302
1178.204
1169.808
1176.256
1178.744
1185.878
1177.171
1174.576
1167.442
1164.954
1126.265
1133.476
1152.744
1133.476
1126.265
1134.662
1135.905
1138.5
1124.451
1125.695
1139.744
1138.798
1166.523
1167.814
1158.779
1160.179
1158.464
1158.33
1155.902
1155.571
1158
1158.134
1159.848
1158.634
1156.205
1170.188
1177.226
1180.565
1183.482
1209.673
1212.798
1250.565
1245.905
1242.988
1251.488
1265.202
1270.44
1263.402
1263.732
1265.446
1265.58
1268.009
1266.795
1253.08
1262.33
1206.83
1209.436
1182.607
1179.405
1172.957
1169.537
1167.78
1195.588
1195.447
1192.634
1190.122
1187.872
1177.809
1152.872
1138.622
1141.434
1143.947
1146.197
1171.134
1185.384
1179.259
1185.384
1195.447
1204.372
1218.772
1204.372
1206.922
1197.997
1192.497
1193.884
1252.159
1257.659
1259.459
1259.6
1249.888
1249.541
1247.741
1247.6
1245.05
1252.363
1256.038
1238.188
1234.513
1227.2
1226.375
1237.1
1226.375
1229.675
1247.525
1249.225
1234.544
1232.844
1247.525
1232.844
1206.294
1207.194
1206.294
1263.759
1273.822
1284.425
1292.225
1318.775
1310.975
1300.913
1315.594
1304.991
1247.525
1305.8
1307.188
1308.988
1306.438
1300.938
1300.797
1286.397
1284.597
1275.672
1274.284
1216.009
1216.15
1230.55
1239.475
1242.025
1269.525
1263.4
1260.588
1258.075
1255.825
1245.763
1220.825
1206.575
1213.966
1219.544
1222.356
1222.775
1232.838
1257.775
1272.025
1278.15
1280.4
1243.588
1240.663
1172.938
1166.966
1169.609
1182.191
1184.741
1187.084
1179.694
1165.013
1168.075
1171.581
1178.972
1193.653
1153.997
1146.606
1143.325
1182.981
1155.481
1152.419
1148.913
1147.72
1150.921
1149.165
1147.811
1090.957
1064.128
1050.079
1041.372
1041.235
1038.747
1042.332
1101.534
1110.314
1101.857
1098.271
1089.491
1127.601
1129.857
1139.223
1134.101
1095.991
1093.735
1088.796
1087.442
1078.076
989.832
997.677
998.409
1003.53
1091.774
1083.93
1085.284
1084.552
1089.491
1132.302
1089.491
1098.561
1125.899
1139.948
1148.345
1204.409
1190.36
1134.296
1125.226
1116.829
1112.924
1088.595
1086.399
1085.991
1083.247
1077.271
1067.454
1073.43
1059.527
1061.723
1064.174
1078.076
1102.405
1112.223
1114.966
1111.765
1073.076
1069.655
1062.445
1076.768
1073.78
1077.201
1080.189
1107.018
1110.22
1116.668
1102.345
1109.555
1109.794
1107.244
1099.931
1108.538
1101.147
1093.756
1088.178
1097.103
1099.763
1093.153
1112.903
1118.481
1125.872
1128.422
1135.734
1134.459
1131.8
1123.194
1103.444
1110.053
1117.444
1109.644
1099.581
1042.116
1041.216
1030.613
1004.063
989.381
979.319
977.069
974.556
971.744
965.619
971.744
974.556
977.069
952.131
937.881
947.944
972.881
987.131
989.381
1100.475
1102.988
991.894
989.381
1007.381
1015.988
1019.05
1077.325
1082.716
1087.047
1089.297
1086.653
1074.072
1071.522
1074.166
1071.822
1074.166
1076.716
1164.784
1161.503
1158.441
1154.934
1147.544
1132.863
1172.519
1175.8
1203.3
1206.363
1209.869
1217.259
1222.153
1215.544
1188.044
1185.794
1179.669
1176.856
1191.106
1216.044
1226.106
1228.356
1228.775
1231.588
1237.713
1223.463
1198.525
1196.013
1185.95
1191.528
1185.95
1178.559
1185.95
1194.619
1198.294
1200.544
1139.863
1136.188
1127.188
1102.683
1108.799
1133.456
1127.188
1171.069
1174.131
1199.069
1209.131
1211.381
1211.8
1186.863
1192.988
1200.113
1190.05
1187.8
1187.381
1184.569
1178.444
1179.85
1165.6
1158.209
1153.316
1125.816
1129.509
1133.016
1108.369
1104.948
1101.96
1098.759
1060.07
1074.393
1075.003
1078.128
1084.423
1079.661
1062.855
1054.483
1059.134
1067.506
1059.203
1062.052
1021.233
1018.384
1059.203
1056.744
1054.372
972.448
970.267
1011.087
1013.936
973.116
970.267
972.884
953.057
959.776
965.344
958.866
936.196
927.048
925.003
924.622
923.344
917.776
926.923
949.594
962.548
957.477
950.759
955.83
957.875
949.761
952.179
960.003
977.957
984.676
1020.727
1023.045
1016.398
1014.08
1008.071
1001.352
983.398
975.574
973.156
981.27
987.918
935.676
932.892
924.44
916.616
876.724
902.199
915.29
967.531
975.983
983.807
1023.699
1040.063
1042.108
1095.085
1069.611
1074.511
1077.295
1085.119
1068.756
1066.71
1013.733
1008.832
1004.895
1002.111
994.287
1034.179
1036.963
997.071
1001.009
987.918
985.134
991.852
966.852
963.665
960.307
946.96
983.011
985.994
1010.994
1013.778
1016.966
1010.957
1024.304
1021.321
1061.213
1063.997
1024.105
1021.321
1034.668
1021.321
1019.776
1021.321
1015.753
1013.196
1035.866
1048.821
1051.105
1060.253
1062.81
1068.378
1070.423
1047.753
1038.605
1036.56
1058.328
1045.073
1004.253
1007.102
1047.922
1045.073
1037.009
1033.59
1031.497
1072.317
1031.497
1028.648
1031.497
1026.308
1033.183
1038.372
1031.497
1031.82
1036.529
1037.067
1073.404
1071.253
1071.951
1079.43
995.291
986.36
985.07
980.36
994.384
958.047
953.163
952.465
944.985
949.869
958.799
984.381
978.683
969.323
966.706
943.509
906.619
903.567
877.985
875.137
871.875
865
851.343
857.491
860.544
863.392
866.654
873.529
878.081
864.826
862.733
860.395
819.576
860.395
857.547
860.395
862.767
888.349
896.651
910.047
910.177
911.852
913.142
967.352
968.933
969.631
977.695
979.221
981.576
981.619
967.134
972.196
974.514
977.298
994.586
991.864
952.858
949.592
955.008
1018.008
1024.814
1028.081
1035.731
1052.064
1045.258
1050.217
1074.661
1069.244
1044.8
1036.133
973.133
956.8
949.15
957.817
952.858
954.458
955.692
953.425
953.3
951.7
950.467
898.667
874.222
861.422
853.489
905.289
929.733
929.858
937.792
940.058
952.858
934.622
931.838
939.952
953.043
978.043
1031.02
1032.281
1033.918
1034.045
1020.955
1012.841
987.841
934.864
933.602
931.966
931.838
929.52
931.838
934.622
931.838
927.901
935.724
939.662
944.563
997.54
999.585
1015.949
999.585
997.54
944.563
936.739
931.838
928.855
924.406
917.688
914.5
911.716
905.707
880.707
887.426
892.497
885.778
880.707
905.707
918.798
916.48
916.352
914.716
913.455
860.477
835.477
843.591
835.477
837.795
837.923
839.56
840.821
893.798
880.707
888.531
906.486
913.205
949.256
951.574
958.222
950.398
947.98
930.026
923.307
887.256
889.673
881.56
889.673
883.026
880.707
888.821
886.503
886.375
884.739
883.477
830.5
805.5
792.409
784.295
786.614
788.25
789.511
842.489
867.489
880.58
880.707
880.026
872.469
871.31
869.179
867.543
854.452
802.21
793.759
785.935
746.043
771.517
784.608
836.849
845.301
853.125
893.017
890.699
890.571
890.699
889.438
836.46
811.46
798.369
790.256
792.574
767.099
768.736
769.997
822.974
829.131
841.931
843.064
838.106
843.064
849.633
843.064
843.189
851.122
863.922
915.722
916.956
918.556
918.431
920.697
919.564
906.764
902.372
849.395
848.134
846.497
947.491
949.776
953.114
950.881
852.131
849.864
844.179
791.202
789.94
789.813
787.494
785.858
793.972
807.063
860.04
861.301
886.301
886.429
888.065
879.952
882.27
869.179
864.634
856.52
868.067
865.218
857.212
852.198
906.407
902.378
900.285
883.541
891.843
905.238
930.82
876.61
877.901
852.32
852.451
854.823
846.52
833.125
778.916
777.625
775.951
775.82
777.494
775.122
749.541
695.331
694.041
692.366
685.491
672.096
678.971
673.782
673.651
671.279
676.468
668.166
666.584
680.241
681.823
668.166
665.692
657.686
639.314
632.439
595.549
593.177
586.375
578.073
580.166
578.64
583.82
586.192
586.323
591.032
594.084
593.387
585.323
583.741
585.323
580.142
577.77
577.727
569.721
626.169
623.814
631.82
628.401
611.797
604.994
601.924
611.901
628.506
631.924
634.994
641.797
631.82
635.081
689.291
716.253
702.23
709.709
710.407
715.291
751.628
753.779
758.488
757.951
766.881
851.02
843.541
834.61
834.288
833.59
828.706
792.369
793.66
788.951
782.076
776.887
780.148
834.358
861.32
858.058
803.849
776.887
780.148
753.186
698.977
695.715
749.924
776.887
768.881
728.061
719.413
745.48
758.875
766.881
807.701
754.244
740.849
714.782
723.43
776.887
773.625
719.416
692.453
695.715
749.924
776.887
773.625
719.416
692.453
746.663
773.625
776.887
773.625
719.416
692.453
695.715
749.924
753.776
757.038
811.247
807.395
753.186
749.924
776.887
780.363
817.253
822.808
926.151
933.826
942.198
950.203
1006.651
1008.233
1010.326
1015.506
1017.878
1014.826
1006.82
950.372
948.791
946.698
941.517
939.145
939.015
934.305
937.358
937.488
942.198
938.936
911.974
857.765
883.831
897.087
971.703
975.555
986.009
995.064
999.093
1001.244
1104.587
1125.256
1125.645
1022.302
1019.965
945.349
941.497
931.044
928.892
919.837
893.77
889.741
964.358
991.32
1054.041
1063.096
1065.247
1168.59
1172.314
1176.343
1189.599
1086.256
1073
1059.343
1057.762
1071.419
1073
1046.933
1006.113
998.108
989.459
936.003
922.608
859.887
850.831
848.68
745.337
741.613
737.584
724.328
697.366
724.328
649.712
712.433
721.488
723.64
826.983
853.049
857.078
870.334
944.951
937.471
942.18
941.483
950.413
951.703
953.855
990.192
995.076
995.773
1079.913
1087.392
1078.462
1077.172
1072.462
1070.311
1033.974
1029.09
944.951
841.608
815.541
918.884
856.163
829.201
754.584
767.84
771.869
797.936
788.881
786.73
795.785
858.506
885.468
897.904
884.648
880.619
882.77
986.113
999.509
1022.299
1040.16
1047.282
1058.328
1121.049
1128.529
1132.558
1136.587
1149.843
1158.898
1145.642
1136.587
1134.436
1031.093
1005.026
1000.997
1027.064
1101.68
1128.642
1139.096
1141.247
1128.811
1149.48
1086.759
1059.797
1096.913
1106.89
1129.11
1134.666
1137.14
1141.791
1150.846
1158.326
1191.669
1194.93
1198.349
1206.355
1208.797
1191.703
1182.634
1220.188
1227.148
1224.322
1218.906
1211.256
1148.256
1141.45
1117.006
1121.964
1117.006
1113.739
1119.156
1127.822
1131.672
1156.581
1085.281
1059.517
1049.528
1040.875
1038.819
1019.069
1031.736
1006.828
994.161
1065.461
1091.225
1151.158
1159.811
1161.867
1158.017
1177.767
1184.267
1247.267
1252.575
1274.353
1175.603
1170.294
1135.044
1127.711
1119.711
1123.033
1131.033
1032.283
1039.617
1036.294
1029.147
1012.081
1005.275
992.475
988.625
966.847
906.914
896.358
995.108
1093.858
1129.108
1146.175
1152.981
1165.781
1169.631
1191.408
1251.342
1261.897
1267.206
1274.353
1276.717
1282.025
1289.172
1321.033
1329.686
1325.242
1293.381
1291.017
1285.708
1278.561
1281.678
1273.025
1269.908
1274.353
1287.019
1290.869
1294.428
1223.128
1197.364
1137.431
1128.778
1126.722
1101.814
1097.964
1078.214
1149.514
1175.278
1185.267
1193.919
1195.975
1266.579
1254.188
1233.416
1198.72
1219.492
1228.818
1263.514
1254.188
1251.139
1248.826
1253.174
1256.223
1258.535
1263.728
1270.72
1301.889
1293.424
1262.255
1255.264
1250.071
1258.535
1254.188
1251.334
1246.932
1246.81
1194.043
1192.565
1190.609
1192.087
1194.043
1198.886
1201.103
1201.226
1205.628
1208.481
1200.997
1198.78
1193.938
1201.421
1254.188
1275.492
1262.97
1256.313
1239.617
1232.625
1136.022
1077.391
1067.065
1163.668
1170.66
1187.356
1194.014
1206.535
1210.302
1268.932
1279.258
1266.867
1263.101
1259.62
1163.016
1161.005
1152.541
1142.769
1117.565
1047.815
1044.049
1022.745
1014.28
1011.967
1020.432
1016.084
1013.035
1007.842
1000.851
969.682
1000.851
1006.043
1009.092
1013.44
1015.753
1022.745
1025.793
1021.446
1025.793
1028.106
1033.299
1040.291
1037.242
1028.777
997.609
990.617
985.424
983.111
1014.28
1022.745
1035.266
1045.038
1066.342
1070.109
1076.766
1093.462
1100.454
1171.588
1161.481
1104.098
1083.247
1076.731
1060.391
1053.548
959
969.106
956.851
953.165
919.207
910.08
889.75
923.707
932.835
953.165
983.67
986.654
988.918
995.761
987.476
956.971
950.128
955.21
963.495
959.239
963.495
961.231
958.247
953.165
963.271
984.122
987.809
1000.064
1006.58
1022.92
1029.763
1022.92
1013.356
992.505
988.819
976.564
970.048
953.707
859.16
953.707
943.601
1000.984
994.141
998.396
1001.38
1003.644
1008.726
1003.644
999.388
1007.673
1005.41
1002.426
1032.931
1039.774
1053.913
1022.745
1021.266
1022.745
1009.978
1022.745
1013.418
992.647
957.951
954.902
946.438
915.269
912.957
908.609
901.617
896.424
893.174
885.348
788.745
781.571
747.087
843.69
838.497
828.171
769.541
748.236
744.47
761.166
748.644
741.986
748.978
741.986
748.644
761.166
744.47
748.236
751.486
654.883
751.486
758.66
793.144
800.97
811.296
869.927
891.231
896.424
888.076
881.084
880.432
875.867
841.899
839.889
835.486
834.28
755.628
762.62
763.272
767.837
801.804
803.815
808.217
809.424
817.772
896.424
896.546
898.111
899.318
949.992
973.905
986.427
994.188
996.405
1002.764
993.438
977.916
974.72
968.361
965.492
974.818
990.34
993.535
996.405
977.084
976.72
976.842
969.082
956.56
932.647
934.212
935.418
934.212
946.734
970.647
1021.321
1019.103
1021.321
970.647
978.408
976.842
976.72
989.242
993.008
1009.704
1019.476
1026.467
1045.788
1035.462
976.832
987.158
890.554
869.25
865.484
852.962
846.304
852.962
874.266
867.274
850.579
854.981
875.753
879.519
904.723
914.139
915.728
891.815
879.293
871.533
873.75
823.076
824.641
824.943
833.389
839.061
851.316
852.402
850.231
849.051
849.17
847.638
847.519
849.434
846.641
842.332
842.213
840.043
835.303
837.473
836.027
834.112
826.787
829.58
833.888
834.008
841.332
892.976
894.423
842.779
847.519
853.311
874.535
881.556
890.771
889.215
893.524
896.636
921.303
924.989
945.319
936.104
931.795
911.465
886.798
883.112
884.293
882.122
894.378
892.846
900.441
900.322
900.027
887.771
887.891
890.061
888.976
912.38
908.302
899.856
901.421
952.095
958.454
1020.084
1025.277
1046.582
1040.223
978.592
973.399
952.095
932.774
925.783
929.549
919.777
978.408
999.712
1012.234
1018.891
1035.587
1042.579
1139.182
1128.856
1107.552
1103.785
1114.111
1107.454
1094.932
1078.236
1073.834
1078.236
1081.416
1106.62
1110.386
1131.158
1121.742
1131.158
1127.978
1107.207
1082.003
1078.236
1080.454
1080.332
1079.125
1028.451
1004.538
992.016
984.255
992.016
1004.538
1028.451
1079.125
1080.332
1081.897
1082.019
1080.454
1078.236
1090.758
1114.671
1116.236
1124.682
1124.804
1125.913
1128.13
1120.37
1107.848
1108.149
1057.476
1056.269
1054.704
1054.582
1030.668
1028.451
1032.217
1057.421
1059.011
1063.413
1072.829
1093.601
1072.829
1068.427
1059.011
1055.832
1030.628
1026.861
1019.87
1003.174
992.848
989.082
976.56
969.902
948.598
889.967
793.364
801.125
801.003
824.916
812.394
824.916
801.003
792.557
792.255
792.378
791.269
792.834
790.617
789.052
790.258
840.932
843.149
837.231
815.546
822.72
815.546
837.231
843.149
833.734
837.5
862.704
865.883
870.285
879.701
875.299
896.071
894.481
869.277
865.511
844.739
914.489
936.174
948.696
1001.462
1018.158
1050.168
1056.951
1065.13
1080.652
1079.446
1079.568
1067.046
1043.133
992.459
994.677
993.111
992.989
985.228
986.435
1037.109
1061.022
1058.804
1071.326
1079.087
1080.652
1096.63
1104.81
1106.016
1118.783
1123.13
1126.179
1128.19
1153.394
1154.984
1151.217
1126.014
1122.834
1118.432
1109.016
1129.788
1133.554
1142.97
1147.372
1126.601
1126.478
1124.261
1122.696
1173.37
1122.696
1121.489
1134.011
1157.924
1159.13
1160.696
1168.457
1170.674
1162.913
1139
1139.122
1126.601
1121.408
1086.924
1079.75
1004.994
996.994
993.672
1010.006
1006.889
1002.444
1015.494
1002.444
1006.889
1010.006
1012.061
995.728
996.961
995.728
993.672
1002.033
993.672
1003.297
1007.797
1011.047
1036.811
1058.044
1048.419
1043.919
1042.294
1016.531
1012.681
991.447
995.297
970.853
968.586
916.786
915.553
913.953
913.828
901.028
893.094
906.144
908.2
909.433
904.933
921.267
918.15
908.525
900.164
898.108
885.058
880.614
879.381
863.047
867.492
875.853
878.969
882.219
886.069
907.303
911.803
921.428
918.178
892.414
888.564
867.331
893.094
900.428
922.594
928.644
906.478
899.144
893.094
894.606
907.656
906.144
893.094
883.469
878.969
875.719
849.956
846.106
824.872
837.539
835.483
832.367
831.133
833.467
834.7
826.339
810.006
818.367
831.417
835.861
838.978
825.928
826.442
821.997
809.197
802.264
780.097
764.231
796.953
850.892
922.192
868.253
796.953
764.231
777.031
768.669
751.603
768.669
777.031
799.197
806.131
808.397
821.447
823.503
824.736
833.097
836.214
833.097
828.653
815.603
815.089
812.756
804.394
808.839
825.172
823.939
821.022
819.511
765.572
757.922
760.839
765.339
765.464
767.731
765.731
767.731
772.681
826.619
834.269
832.003
831.878
827.378
828.889
823.939
816.792
816.125
814.892
806.358
725.958
723.903
719.236
684.514
680.014
686.819
738.619
740.219
747.153
748.386
751.653
753.886
776.053
800.497
803.431
878.247
886.247
889.364
896.697
918.864
911.531
889.364
883.314
889.364
876.314
871.869
868.753
885.086
893.447
894.681
896.736
909.786
907.731
910.847
915.292
898.958
890.597
889.364
896.881
898.392
901.508
905.953
919.003
925.572
909.239
948.244
956.606
958.661
974.994
982.644
974.283
973.05
970.994
977.494
978.728
965.678
961.233
958.117
966.117
969.05
894.233
891.3
888.183
880.183
955
958.117
980.283
971.922
984.722
1038.661
1109.961
1142.683
1149.617
1157.978
1155.711
1138.644
1116.478
1103.678
1049.739
978.439
945.717
938.783
954.65
971.717
955.383
952.267
947.822
934.772
932.717
931.483
923.122
931.789
936.747
953.081
960.731
963.997
970.803
1033.803
1039.219
976.219
969.414
944.969
937.319
934.986
930.028
924.611
915.944
912.678
917.567
924.9
947.067
953.117
945.783
923.617
917.567
854.567
848.067
842.758
820.981
828.981
903.797
906.731
909.847
906.731
831.914
828.981
820.981
843.147
850.797
925.614
933.614
930.497
922.497
847.681
844.747
847.681
850.797
863.597
917.536
909.175
931.342
947.208
940.275
907.553
836.253
782.314
799.381
777.214
764.414
748.547
756.908
763.842
796.564
867.864
850.797
844.747
822.581
815.247
816.481
838.647
890.447
892.047
895.314
897.547
904.353
897.547
845.747
844.147
837.214
812.769
811.536
826.639
824.355
801.685
826.685
833.776
825.594
822.406
825.406
901.923
910.105
913.293
910.293
833.776
836.094
833.111
840.935
896.099
897.645
899.69
904.753
900.151
900.278
904.881
907.864
900.04
899.912
897.594
892.531
890.486
835.321
833.776
826.088
827.634
835.321
828.673
835.321
842.04
840.494
833.776
825.952
831.651
791.759
799.582
786.236
784.69
792.19
874.418
885.634
877.452
953.969
956.969
953.781
877.264
874.264
877.452
885.634
919.099
927.651
935.531
948.622
953.156
960.247
953.156
965.31
982.764
965.31
942.639
929.548
874.384
801.463
792.912
776.685
792.912
759.446
751.264
754.452
756.497
814.503
817.436
814.503
811.386
736.569
758.736
766.386
744.219
736.569
720.703
717.436
710.936
708.003
717.536
733.403
736.669
743.169
746.103
736.569
734.569
731.453
734.386
809.203
817.203
742.386
756.259
759.446
832.366
840.247
862.918
876.009
883.099
870.946
863.065
849.974
856.668
865.219
860.685
844.457
810.991
793.537
784.986
777.895
780.213
779.942
781.542
788.475
789.708
792.975
795.208
817.375
824.181
848.625
796.825
848.625
841.819
838.553
837.319
830.386
828.786
826.553
802.108
779.942
774.369
766.719
773.289
779.789
787.439
780.869
819.875
821.386
813.869
807.369
805.858
813.375
805.375
802.258
727.442
724.508
717.175
636.775
625.808
633.142
713.542
724.508
732.214
729.947
729.822
725.322
722.406
720.894
725.394
717.744
720.661
728.311
728.436
733.386
735.386
736.897
682.958
685.225
683.225
678.275
710.997
713.331
756.715
759.91
763.09
765.106
773.552
817.412
824.737
845.96
838.636
817.412
832.604
839.242
855.582
876.806
889.061
940.705
1008.971
1040.301
1048.306
1041.668
1025.327
1004.104
991.848
923.582
917.316
909.311
907.141
899.763
902.875
851.231
834.891
826.886
820.247
788.918
720.652
705.46
684.237
700.577
721.801
734.056
749.247
736.992
744.997
751.636
782.965
834.609
902.875
896.585
898.032
935.378
942.702
949.899
956.122
962.412
960.965
923.62
916.295
909.098
902.875
979.854
969.354
892.375
885.354
895.854
902.875
879.471
882.598
881.066
874.428
875.609
874.428
880.944
902.168
899.04
849.444
828.221
826.082
875.678
877.816
879.348
885.987
879.471
884.065
827.628
825.44
794.763
786.669
783.607
781.674
778.628
809.305
811.492
850.217
858.145
861.145
864.13
866.023
877.594
819.737
840.094
833.069
829.643
836.815
843.987
842.112
892.68
894.096
895.971
900.612
902.737
902.854
907.073
909.807
902.635
895.411
893.995
889.776
885.135
883.01
882.893
880.159
829.591
798.914
792.414
784.576
772.576
751.794
735.794
668.951
654.076
654.193
655.349
657.474
658.974
707.536
730.453
742.453
749.891
746.844
749.891
754.969
814.031
754.969
749.891
758.016
762.664
777.977
785.148
788.211
811.128
804.747
801.685
794.513
779.201
774.552
766.427
761.844
768.224
770.349
762.911
750.911
727.995
726.495
725.339
725.221
723.096
723.214
674.651
676.151
688.151
736.714
759.63
767.068
767.357
774.794
786.794
809.711
858.273
859.43
860.93
861.047
853.609
841.609
818.693
770.13
769.841
768.341
768.224
766.099
768.224
770.349
721.786
729.88
722.443
722.56
710.56
687.643
686.487
687.549
686.049
698.049
702.633
702.516
703.672
705.172
703.047
704.464
667.896
660.724
653.677
647.583
641.424
640.008
646.167
652.26
659.432
696
684.125
691.172
691.289
694.336
697.398
745.961
802.398
817.711
848.388
836.576
834.643
826.549
823.487
783.37
781.136
749.806
750.987
808.37
809.902
870.221
867.109
874.184
876.157
874.976
872.806
872.686
896.09
945.686
945.981
946.101
947.633
948.718
944.037
946.207
958.463
946.207
944.676
936.41
935.324
945.824
1022.803
1029.824
1019.324
942.346
935.324
934.239
941.835
954.09
977.495
1027.09
1028.271
1029.803
1029.923
1032.093
1030.561
1028.391
1028.096
978.5
955.096
942.84
942.721
921.497
914.173
935.396
942.721
936.082
942.721
943.902
944.258
945.79
995.386
998.513
996.981
1018.205
1015.077
1013.896
964.301
962.162
940.939
934.423
939.104
935.606
936.938
938.144
925.622
938.144
939.709
939.832
942.049
934.288
942.049
965.962
1016.636
1015.429
991.516
989.299
938.625
937.06
936.938
939.986
948.432
952.033
959.793
972.315
972.193
970.628
969.421
918.747
894.834
892.617
884.856
887.073
887.196
888.761
889.967
940.641
944.032
931.777
964.84
980.16
990.66
993.149
1012.277
1069.66
1072.771
1069.66
1076.734
1076.854
1076.734
1019.351
1012.277
1011.096
1020.66
1019.128
1020.66
1021.84
1021.96
1020.428
1019.247
969.652
966.818
954.296
946.535
948.753
948.63
950.196
951.402
949.185
973.098
985.62
993.38
1044.054
1041.005
1032.56
1028.959
1032.008
1082.682
1107.886
1105.668
1105.546
1097.785
1085.264
1061.351
1010.677
1009.111
1007.905
1003.503
1001.546
1000.068
947.302
942.459
934.976
934.853
932.636
929.783
954.986
1005.66
1008.709
983.505
932.832
929.783
932.832
983.505
1008.709
1005.66
954.986
929.783
932.652
926.293
929.489
945.011
954.337
951.467
942.141
926.62
932.978
929.783
980.457
983.652
986.832
988.848
986.832
1002.81
995.582
994.375
994.253
984.481
982.916
950.905
988.311
972.673
923.077
919.949
916.838
916.957
856.638
887.968
830.33
831.511
891.83
949.213
950.745
957.819
964.109
970.332
977.529
984.854
977.529
1014.875
1016.322
1009.125
1002.902
996.612
995.165
957.819
968.319
971.303
946.636
897.04
894.056
918.723
968.319
975.34
964.84
957.819
880.84
957.819
950.495
929.271
953.939
950.955
984.019
1041.402
991.806
967.138
964.649
945.521
995.117
937.734
922.415
937.734
927.234
894.17
896.66
899.644
910.144
929.271
932.383
929.271
944.463
952.468
959.489
982.894
1016.138
1017.67
1018.436
1017.255
1014.128
1013.771
992.548
991.245
986.564
1007.787
1057.383
1007.787
1009.319
1015.957
1017.138
1020.266
1022.404
1028.92
1052.324
1002.729
1001.197
994.559
991.574
966.907
970.431
978.697
981.681
981.801
983.332
981.801
988.875
990.056
988.875
981.801
981.681
1039.064
981.681
989.059
992.186
999.846
996.862
993.338
985.072
990.864
994.402
1000.691
1033.936
1043.152
1048.234
1057.258
1064.816
1066.955
1098.285
1113.923
1163.519
1156.444
1099.061
1097.88
1097.761
1037.441
1040.553
1042.527
1102.846
1104.027
1107.154
1105.181
1162.819
1169.894
1138.564
1140.096
1197.479
1181.84
1148.641
1097.967
1094.772
1091.592
1091.715
1090.149
1031.519
1065.302
1076.03
1091.682
1150.313
1169.856
1172.399
1138.617
1136.073
1116.53
1100.878
1090.149
1097.633
1091.274
1097.701
1104.06
1097.633
1096.155
1057.997
1050.514
1043.16
1044.639
1051.992
1090.149
1011.497
1004.323
1015.052
1028.16
1035.334
1024.606
1033.084
1070.486
1074.889
1108.856
1108.978
1117.443
1138.747
1162.47
1193.639
1190.459
1192.049
1188.853
1181.027
1188.853
1181.315
1184.511
1237.277
1237.155
1235.948
1228.72
1170.09
1168.524
1165.329
1164.122
1157.34
1155.774
1105.101
1083.416
1076.758
1052.845
1050.66
1039.932
1024.28
1004.736
946.106
912.323
909.78
906.601
874.59
858.611
799.72
749.046
745.851
743.834
682.204
714.215
730.193
738.606
789.28
792.476
795.655
797.671
809.997
814.84
891.421
900.747
905.149
910.448
934.361
942.084
951.304
949.12
939.899
932.177
934.361
925.883
888.481
854.514
823.345
823.467
831.932
853.236
876.959
908.128
903.726
908.128
942.095
933.63
942.109
941.986
918.264
955.666
934.361
930.747
924.829
958.796
949.38
942.954
937.761
947.177
913.209
918.402
940.087
946.005
952.432
959.424
964.617
966.929
969.978
974.326
982.791
1013.959
1017.155
1023.813
1015.334
1010.484
994.505
987.022
983.826
977.168
915.538
891.625
915.538
924.016
928.867
944.845
952.329
957.628
1019.258
1013.959
1021.785
969.019
965.823
957.997
965.481
972.834
1010.992
1009.514
1015.94
977.783
970.299
962.946
956.587
950.16
953.356
959.715
1012.481
1013.959
1006.785
993.677
982.948
990.122
1068.774
1079.503
1082.682
1081.092
1078.78
1083.973
1090.965
1122.133
1130.598
1125.405
1122.356
1126.704
1129.016
1122.024
1090.856
1082.391
1078.043
1081.092
1085.44
1076.976
1045.807
1038.815
1033.622
1031.31
1028.261
1023.913
1032.378
1035.427
1037.739
1042.932
1049.924
1081.092
1049.924
1044.731
1042.418
1050.883
1046.535
1038.071
1069.239
1076.231
1081.424
1083.736
1086.785
1091.133
1088.084
1081.092
1084.141
1077.149
1068.685
1037.516
1032.323
1030.011
1026.962
1022.614
1031.079
1062.247
1069.239
1074.432
1078.78
1081.092
1142.723
1193.397
1196.592
1164.582
1148.603
1140.19
1089.516
1086.321
1083.141
1081.125
1068.799
1100.81
1109.223
1111.239
1112.829
1115.111
1123.59
1144.894
1168.617
1199.785
1233.753
1238.155
1275.557
1275.435
1266.97
1245.666
1221.943
1190.774
1156.807
1152.405
1115.003
1106.524
1114.989
1115.111
1111.916
1059.149
1066.976
1070.171
1122.938
1115.111
1109.918
1105.571
1114.035
1145.204
1152.196
1149.147
1154.34
1156.652
1159.701
1164.049
1157.057
1154.745
1146.28
1115.111
1131.807
1136.209
1139.389
1201.019
1196.671
1193.622
1191.31
1186.117
1179.125
1147.957
1151.005
1155.353
1157.666
1162.859
1171.323
1178.315
1169.851
1201.019
1193.296
1184.076
1181.891
1185.071
1181.891
1188.318
1194.677
1202.03
1209.514
1247.671
1249.149
1259.878
1258.399
1251.226
1172.573
1161.845
1169.019
1247.671
1241.313
1203.155
1196.728
1189.375
1181.891
1174.899
1172.587
1169.538
1165.19
1156.726
1125.557
1120.364
1126.283
1147.967
1153.16
1187.128
1196.543
1190.625
1168.94
1163.747
1157.321
1163.747
1154.332
1120.364
1117.495
1120.364
1126.723
1129.918
1145.44
1154.766
1145.44
1129.918
1126.723
1120.364
1122.582
1122.704
1123.91
1125.476
1137.997
1161.91
1169.671
1220.345
1182.943
1159.22
1159.098
1150.633
1129.329
1124.927
1093.758
1085.28
1051.313
1050.106
1048.541
1048.418
1056.179
1068.701
1069.367
1118.963
1119.258
1120.79
1118.62
1118.739
1120.91
1113.314
1063.718
1040.314
1028.059
976.415
984.074
987.202
984.074
1035.718
1028.059
1024.931
975.335
944.005
942.449
944.423
942.189
991.785
983.551
986.678
989.79
1050.109
1107.747
1105.774
1045.455
1076.785
1092.423
1092.303
1042.707
1041.462
1028.94
1021.179
1023.397
1035.918
1035.617
1059.53
1110.204
1111.41
1119.171
1116.954
1118.519
1118.641
1117.076
1115.511
1166.185
1167.391
1168.957
1169.079
1171.296
1163.535
1151.014
1158.774
1171.296
1195.209
1171.296
1169.079
1118.405
1117.198
1117.076
1137.848
1143.174
1139.995
1143.174
1092.5
1093.707
1101.467
1113.989
1118.772
1127.217
1128.783
1128.905
1127.34
1127.217
1119.457
1117.239
1104.717
1080.804
1083.022
1081.815
1087.734
1094.908
1116.592
1125.038
1126.245
1119.071
1120.636
1133.158
1132.452
1132.572
1131.04
1123.444
1111.189
1106.508
1098.242
1097.061
1096.941
1094.771
1017.793
1007.293
1009.463
1010.548
1004.258
998.035
990.71
953.364
951.918
944.721
959.912
961.444
954.423
987.668
1011.072
1018.093
1026.098
1002.694
987.503
988.269
986.737
985.971
993.63
1001.226
1005.481
972.237
964.231
971.827
969.657
981.912
1005.316
1054.912
1056.093
1057.625
1057.745
1059.915
1058.83
1046.574
1045.413
1036.967
1035.402
1035.28
1034.073
983.399
984.965
982.747
982.625
981.06
979.853
955.94
943.418
935.658
937.875
937.997
939.204
989.878
1013.791
1026.313
1034.073
1030.878
1038.704
1041.899
1094.666
1041.899
1034.073
1035.182
1032.965
1037.747
1046.193
1047.399
1047.522
1049.739
1041.978
1043.543
1019.63
968.957
967.75
966.185
966.063
953.541
966.063
973.236
994.921
1000.84
993.666
971.981
966.063
1035.813
1066.981
1072.28
1080.003
1047.992
1109.622
1111.639
1114.818
1118.014
1102.035
1152.709
1093.818
1043.144
1039.948
1036.769
1034.753
1050.731
1109.622
1141.633
1080.003
1082.22
1090.568
1128.726
1151.813
1153.378
1175.063
1198.785
1164.818
1155.402
1148.976
1143.783
1177.75
1171.832
1181.247
1187.674
1192.867
1214.552
1220.47
1198.785
1198.663
1197.554
1192.772
1184.326
1183.12
1181.554
1179.337
1166.815
1105.185
1102.005
1097.603
1080.908
1142.538
1146.94
1150.12
1166.815
1169.359
1178.109
1215.511
1223.989
1225.652
1226.761
1231.543
1234.723
1231.543
1237.462
1231.543
1238.717
1260.402
1238.717
1231.543
1252.315
1261.641
1296.337
1349.424
1353.989
1361.75
1372.478
1384.87
1392.954
1427.438
1433.864
1451.038
1458.522
1466.283
1468.5
1470.813
1477.171
1498.856
1551.622
1585.59
1593.416
1596.611
1543.845
1540.649
1532.823
1538.742
1539.948
1551.209
1552.313
1555.913
1558.766
1560.462
1563.125
1601.283
1613.674
1616.12
1617.783
1620
1627.484
1665.641
1630.946
1610.174
1619.5
1654.196
1651.533
1642.207
1644.87
1665.641
1627.484
1620.31
1626.228
1647.913
1641.995
1620.31
1627.484
1568.592
1552.614
1520.603
1522.62
1525.799
1587.429
1638.103
1696.995
1712.973
1744.984
1683.353
1681.337
1678.158
1674.962
1624.288
1627.484
1632.783
1694.413
1701.071
1704.266
1711.75
1687.837
1682.538
1666.56
1659.076
1652.418
1590.788
1552.63
1549.967
1573.88
1582.359
1587.209
1603.188
1594.709
1591.514
1586.663
1555.511
1560.846
1594.803
1666.436
1673.279
1680.604
1682.867
1716.788
1722.239
1688.202
1682.867
1688.968
1620.702
1653.781
1623.911
1647.263
1653.422
1685.974
1694.911
1699.078
1732.125
1733.542
1741.289
1763.414
1755.414
1777.539
1779.664
1800.445
1823.18
1824.68
1802.555
1765.987
1802.555
1810.555
1787.82
1786.32
1765.539
1763.414
1798.327
1792.992
1795.598
1832.944
1829.832
1809.503
1843.46
1852.588
1818.63
1809.503
1829.832
1835.625
1868.87
1890.093
1884.301
1851.056
1829.832
1827.226
1789.88
1827.226
1829.832
1840.332
1832.42
1780.463
1772.867
1773.997
1761.87
1762.987
1777.133
1784.57
1780.195
1769.914
1781.789
1787.461
1781.789
1802.57
1781.789
1788.664
1781.789
1775.63
1743.078
1734.055
1729.078
1708.297
1702.625
1735.177
1744.201
1750.359
1755.336
1776.117
1781.789
1832.357
1835.419
1784.852
1792.352
1784.852
1781.789
1777.622
1785.122
1792.56
1796.727
1789.227
1781.789
1818.357
1815.805
1779.237
1781.789
1788.961
1795.055
1787.617
1771.159
1765
1731.953
1729.828
1727.612
1729.737
1722.565
1728.724
1736.161
1752.62
1746.526
1748.742
1781.789
1779.237
1781.789
1818.357
1781.789
1788.961
1790.555
1792.68
1795.023
1806.898
1805.305
1798.133
1795.789
1793.664
1781.789
1761.883
1752.945
1719.695
1756.263
1758.815
1756.263
1719.695
1756.263
1753.711
1717.143
1719.695
1712.82
1692.039
1686.367
1627.305
1643.305
1647.523
1650.57
1709.633
1693.633
1689.414
1686.367
1627.305
1625.372
1622.326
1619.263
1570.701
1514.263
1498.951
1468.273
1465.721
1429.154
1396.602
1429.154
1434.826
1455.607
1449.935
1429.154
1427.529
1426.372
1422.922
1425.656
1429.107
1431.656
1432.788
1422.217
1421.181
1418.503
1424.87
1432.12
1397.008
1395.967
1387.753
1386.191
1381.702
1379.314
1371.355
1406.467
1413.753
1421.967
1423.528
1445.977
1448.365
1456.324
1505.86
1508.86
1516.207
1466.671
1463.671
1456.324
1449.76
1456.786
1489.357
1495.921
1507.372
1438.663
1431.638
1399.066
1406.656
1410.941
1460.778
1470.849
1478.135
1466.503
1456.431
1455.36
1454.276
1404.439
1416.071
1408.786
1410.867
1410.982
1412.452
1413.584
1461.156
1468.441
1490.89
1502.645
1437.166
1448.079
1477.339
1471.487
1474.487
1477.181
1479.477
1472.452
1470.156
1481.788
1479.707
1468.074
1469.635
1476.661
1482.63
1484.712
1483.151
1474.395
1459.824
1456.824
1450.855
1448.161
1462.732
1471.487
1493.161
1472.804
1450.533
1449.064
1441.227
1405.406
1427.676
1429.145
1427.064
1447.421
1449.503
1485.324
1493.161
1471.487
1465.518
1459.485
1427.112
1429.194
1436.219
1452.342
1458.375
1490.747
1491.788
1497.758
1495.676
1488.39
1490.561
1474.439
1467.413
1465.242
1466.712
1473.997
1485.753
1483.671
1483.556
1482.087
1474.445
1452.445
1440.925
1433.785
1441.555
1441.833
1440.723
1442.763
1442.875
1396.255
1365.005
1343.765
1337.853
1343.765
1366.183
1373.62
1374.98
1378.98
1387.56
1419.285
1410.705
1406.705
1374.98
1352.563
1345.125
1343.765
1375.015
1396.255
1418.255
1406.735
1399.595
1401.635
1401.748
1402.025
1413.545
1405.775
1406.795
1424.917
1426.328
1426.056
1432.578
1432.465
1430.425
1428.985
1409.035
1377.785
1372.34
1392.29
1423.54
1428.985
1423.073
1418.295
1398.345
1392.9
1424.15
1432.813
1424.15
1392.9
1398.345
1418.295
1423.073
1428.985
1428.708
1435.848
1447.368
1445.328
1443.888
1465.888
1466.998
1468.438
1468.55
1470.59
1469.57
1458.05
1457.938
1440.12
1487.691
1465.242
1472.528
1465.242
1463.773
1462.64
1415.069
1392.62
1380.865
1380.75
1382.832
1382.946
1380.865
1381.997
1393.753
1387.878
1434.498
1435.938
1428.738
1380.193
1377.253
1376.143
1329.523
1329.41
1329.523
1330.963
1333.003
1321.483
1314.343
1315.453
1319.849
1318.38
1316.298
1323.584
1335.339
1357.788
1405.36
1412.949
1462.786
1470.071
1458.439
1462.724
1472.796
1484.429
1474.357
1467.071
1417.235
1412.949
1405.36
1398.074
1420.523
1468.094
1466.013
1464.543
1463.411
1415.839
1393.39
1394.523
1395.992
1396.107
1398.189
1386.434
1398.189
1398.074
1405.36
1416.992
1419.074
1421.37
1428.395
1429.957
1418.324
1416.242
1413.946
1406.921
1405.36
1398.013
1402.094
1409.38
1416.727
1412.645
1405.36
1406.829
1404.747
1404.633
1403.163
1410.449
1409.316
1410.449
1403.163
1355.592
1343.837
1355.592
1378.041
1425.612
1425.727
1403.278
1405.36
1398.11
1391.742
1360.028
1358.895
1355.515
1352.837
1359.204
1382.865
1390.115
1421.829
1422.962
1425.64
1406.14
1401.14
1420.64
1425.64
1405.283
1373.395
1393.753
1388.196
1393.753
1425.64
1448.089
1459.844
1467.773
1468.906
1470.375
1468.293
1468.179
1456.423
1457.464
1435.015
1433.546
1432.413
1384.842
1377.556
1379.638
1379.753
1412.324
1419.349
1425.913
1393.342
1386.316
1455.026
1443.574
1466.948
1450.49
1455.997
1449.839
1416.792
1409.62
1407.404
1406.341
1412.435
1410.31
1404.216
1406.341
1412.5
1428.958
1436.13
1438.346
1439.409
1439.526
1440.682
1447.609
1456.974
1458.474
1465.174
1470.151
1472.367
1476.534
1484.646
1487.568
1517.438
1516.375
1504.375
1481.458
1473.365
1473.247
1471.747
1470.591
1468.466
1469.205
1457.827
1481.045
1503.641
1505.811
1527.035
1518.864
1516.694
1495.471
1472.253
1470.721
1448.125
1410.779
1412.311
1449.657
1457.827
1465.832
1489.237
1465.832
1499.077
1514.269
1515.801
1516.566
1523.588
1490.343
1483.322
1481.79
1481.024
1473.019
1457.827
1462.082
1467.165
1474.008
1504.513
1512.798
1508.543
1506.279
1501.197
1494.354
1463.848
1455.564
1458.548
1455.564
1457.827
1479.051
1573.598
1597.447
1605.681
1622.021
1626.33
1629.441
1689.761
1673.42
1669.112
1666
1669.524
1677.184
1616.864
1620.215
1621.771
1590.536
1595.513
1587.401
1557.531
1550.831
1545.854
1543.638
1546.56
1543.638
1539.471
1547.583
1577.453
1584.154
1588.32
1590.536
1567.185
1559.438
1558.021
1551.862
1558.021
1581.372
1589.12
1590.536
1623.583
1627.75
1636.688
1627.75
1623.583
1656.135
1644.01
1612.122
1579.75
1558.077
1613.117
1619.903
1621.036
1621.151
1619.681
1610.508
1610.393
1609.26
1602.474
1603.944
1596.355
1606.426
1610.712
1618.301
1668.138
1669.179
1657.546
1647.474
1643.189
1593.352
1586.066
1597.699
1604.985
1613.199
1614.76
1604.465
1606.805
1605.275
1597.225
1590.085
1555.675
1533.675
1541.475
1539.135
1531.335
1565.745
1572.63
1574.16
1562.76
1560.72
1559.19
1556.94
1550.055
1561.455
1563.495
1565.745
1537.07
1529.283
1522.85
1518.073
1515.945
1520.723
1517.918
1520.723
1522.85
1529.283
1557.958
1565.745
1561.745
1565.745
1560.3
1580.25
1611.5
1616.945
1585.695
1565.745
1596.995
1591.55
1571.6
1565.688
1574.35
1580.263
1571.6
1576.378
1571.6
1591.55
1596.995
1565.745
1573.533
1567.1
1562.323
1560.195
1556.195
1553.39
1524.715
1529.493
1531.62
1534.425
1538.425
1545.53
1540.655
1533.55
1525.763
1530.638
1537.07
1542.805
1562.405
1567.183
1623.883
1629.733
1631.86
1627.86
1635.648
1664.323
1670.755
1675.533
1670.755
1664.323
1658.588
1650.8
1647.995
1645.868
1646.335
1650.335
1643.135
1620.718
1531.843
1528.693
1520.953
1540.903
1543.828
1546.278
1542.965
1546.115
1569.303
1591.72
1680.595
1688.335
1668.385
1666.923
1664.473
1671.673
1673.713
1679.625
1695.425
1697.553
1704.438
1709.725
1715.575
1716.595
1714.468
1707.583
1691.783
1685.87
1680.583
1678.543
1672.693
1671.673
1649.673
1644.798
1640.343
1569.888
1561.308
1557.258
1558.368
1558.48
1612.42
1610.98
1557.04
1550.39
1551.83
1550.72
1557.37
1557.258
1565.045
1571.478
1600.153
1604.93
1607.058
1609.863
1613.863
1609.863
1609.395
1580.72
1575.943
1569.51
1593.594
1591.423
1568.974
1561.015
1556.462
1541.462
1534.436
1531.436
1525.186
1529.74
1524.765
1526.908
1531.883
1589.74
1595.99
1598.99
1606.015
1595.895
1603.695
1546.995
1614.33
1646.25
1653.135
1659.568
1627.648
1621.215
1553.88
1546.995
1545.885
1556.245
1526.819
1549.551
1552.125
1521.654
1515.537
1508.571
1485.838
1483.265
1481.179
1487.297
1494.262
1486.627
1480.321
1475.637
1473.551
1470.801
1442.689
1438.767
1419.208
1413.87
1433.429
1464.066
1469.404
1438.767
1440.973
1452.15
1445.4
1443.9
1455.076
1457.076
1409.194
1407.194
1406.194
1407.694
1414.444
1424.12
1428.238
1435.529
1483.412
1490.412
1479.235
1469.559
1465.441
1458.15
1455.944
1444.767
1465.591
1444.194
1451.723
1453.723
1473.282
1494.679
1493.267
1473.708
1508.125
1506.125
1498.596
1477.772
1479.184
1444.767
1446.841
1515.914
1517.914
1519.752
1519.642
1518.554
1512.034
1459.152
1457.74
1510.623
1512.034
1518.554
1519.642
1519.752
1512.752
1505.694
1509.615
1510.615
1512.38
1508.458
1482.262
1489.185
1491.541
1494.57
1488.245
1481.442
1535.302
1556.261
1538.449
1536.261
1529.833
1527.221
1506.518
1486.502
1407.15
1400.239
1397.426
1415.239
1422.9
1415.239
1387.337
1383.766
1389.045
1360.719
1379.683
1378.469
1406.371
1401.092
1382.127
1375.487
1379.058
1407.384
1408.598
1415.239
1435.254
1415.239
1409.96
1405.239
1403.417
1398.194
1392.047
1390.147
1389.237
1375.129
1381.067
1375.129
1376.121
1376.02
1375.029
1375.129
1326.969
1325.683
1326.969
1375.129
1383.612
1384.603
1391.321
1413.835
1385.933
1381.071
1363.259
1381.071
1385.337
1377.603
1382.882
1390.616
1418.518
1413.656
1395.844
1400.705
1372.804
1368.538
1363.259
1361.585
1359.696
1361.371
1363.192
1426.098
1427.987
1365.08
1363.259
1349.545
1345.929
1343.317
1292.692
1312.335
1353.96
1354.951
1356.237
1356.337
1358.158
1368.444
1374.819
1372.998
1362.819
1361.453
1359.444
1353.297
1359.672
1349.386
1329.743
1288.118
1287.127
1297.413
1339.038
1340.029
1338.743
1338.643
1340.464
1341.75
1341.85
1361.493
1355.118
1353.297
1346.922
1357.1
1365.913
1372.554
1416.161
1417.071
1420.821
1410.643
1401.83
1398.08
1391.44
1347.833
1350.444
1356.873
1359.685
1380.388
1383.248
1462.6
1484.467
1486.616
1469.116
1463.776
1461.664
1455.457
1452.741
1432.752
1379.928
1332.401
1334.862
1375.757
1373.191
1353.526
1371.026
1377.289
1418.184
1419.158
1420.421
1420.52
1422.309
1441.333
1431.047
1450.69
1409.065
1408.074
1406.788
1387.145
1385.324
1385.223
1395.509
1335.388
1329.241
1300.741
1329.241
1335.388
1341.132
1401.252
1395.509
1395.408
1394.417
1388.48
1340.319
1339.033
1332.658
1301.935
1308.9
1301.712
1300.346
1280.703
1278.614
1271.65
1302.373
1308.748
1315.935
1317.301
1336.944
1339.033
1338.042
1336.757
1295.132
1296.953
1303.328
1313.614
1333.257
1374.882
1373.06
1353.417
1343.132
1336.757
1336.656
1336.757
1338.042
1339.033
1336.529
1378.154
1380.658
1384.682
1405.761
1388.627
1417.405
1395.935
1401.713
1408.292
1429.762
1432.192
1431.164
1421.572
1415.794
1409.215
1406.785
1407.813
1413.229
1415.951
1429.174
1437.118
1434.674
1429.257
1426.535
1418.59
1405.368
1407.813
1426.285
1427.618
1407.951
1375.447
1368.336
1366.447
1347.975
1327.766
1326.433
1333.544
1353.752
1355.641
1388.146
1407.813
1406.479
1405.451
1399.898
1379.898
1369.425
1362.934
1364.789
1364.686
1362.832
1320.45
1321.377
1321.48
1322.789
1323.798
1330.861
1341.334
1289.789
1285.445
1267.627
1265.923
1264
1269.318
1320.864
1325.207
1343.025
1337.707
1273.657
1271.802
1274.352
1253.273
1274.352
1316.734
1314.184
1271.802
1271.7
1282.173
1302.173
1344.555
1345.564
1346.873
1346.975
1348.83
1347.902
1354.393
1343.92
1348.438
1341.243
1340.215
1338.882
1336.993
1334.396
1336.993
1380.16
1401.63
1358.463
1336.993
1335.965
1336.069
1337.958
1331.347
1320.681
1300.31
1301.338
1308.532
1304.741
1262.359
1263.668
1262.359
1262.257
1260.402
1261.33
1271.802
1292.882
1335.264
1337.814
1295.432
1292.882
1271.802
1274.03
1276.689
1302.266
1284.453
1281.842
1279.654
1273.225
1270.413
1273.382
1252.679
1173.326
1145.405
1204.304
1202.84
1202.091
1204.806
1211.013
1208.252
1208.155
1206.914
1205.155
1211.31
1221.241
1214.543
1195.578
1185.647
1184.767
1186.526
1205.491
1245.681
1246.922
1247.019
1247.259
1246.302
1245.422
1236.914
1252.09
1248.406
1227.092
1216.913
1197.27
1197.17
1195.348
1195.1
1153.475
1143.19
1136.815
1143.19
1153.475
1173.118
1174.94
1175.04
1176.326
1177.317
1184.254
1182.969
1162.953
1156.313
1161.592
1133.266
1125.605
1097.703
1078.739
1073.46
1093.475
1100.116
1101.33
1129.656
1133.228
1140.888
1168.79
1173.531
1169.96
1168.746
1189.449
1186.944
1145.319
1124.616
1127.121
1168.746
1158.46
1157.469
1156.183
1149.808
1130.165
1123.228
1123.127
1121.306
1100.603
1103.107
1061.482
1058.978
1100.603
1103.56
1117.275
1089.373
1081.638
1076.359
1072.094
1054.281
1049.42
1047.813
1046.902
1043.33
1040.826
999.201
996.243
999.337
1005.08
1006.754
1027.458
967.337
1027.458
998.958
992.81
987.067
992.81
998.958
1027.458
1030.069
1032.257
1038.685
1041.498
1044.455
1047.315
1106.901
1134.524
1131.657
1148.945
1146.796
1118.9
1058.448
1038.068
1035.822
1038.9
1051.71
1048.738
1050.097
1048.738
1028.149
1009.328
1007.403
987.366
954.248
947.002
967.592
1000.71
1007.955
1009.88
1028.7
1048.738
1058.095
1063.873
1070.451
1073.519
1075.949
1074.921
1046.144
1040.366
1033.787
1034.815
1032.384
1010.914
1028.609
1033.146
1015.451
1010.914
1029.387
1034.428
1041.65
1045.354
1054.493
1057.262
1058.979
1061.701
1093.563
1104.438
1133.813
1151.961
1165.572
1187.042
1186.375
1185.042
1171.819
1142.884
1135.917
1129.806
1109.435
1111.704
1109.435
1106.519
1109.227
1106.519
1099.852
1129.109
1150.189
1121.322
1181.73
1180.643
1121.314
1118.402
1115.391
1133.527
1140.073
1137.05
1139.914
1133.423
1126.332
1124.205
1104.205
1102.814
1095.495
1064.214
1070.705
1078.023
1109.305
1129.305
1131.432
1138.523
1139.914
1134.595
1083.05
1078.707
1060.889
1057.252
1028.411
1027.175
1034.975
1036.211
1042.973
1063.352
1056.591
1036.211
1065.052
1057.252
1060.889
1080.198
1085.573
1057.164
1052.336
1046.961
1075.37
1104.211
1120.37
1126.37
1132.916
1135.634
1139.977
1137.305
1106.023
1095.345
1066.505
1048.686
1035.323
1014.243
1024.92
1023.234
1025.907
1057.189
1086.03
1103.848
1117.211
1138.291
1139.977
1138.068
1118.068
1125.159
1138.523
1142.58
1148.148
1168.148
1163.716
1112.17
1106.602
1103.93
1097.67
1149.216
1145.159
1138.068
1142.5
1148.759
1151.432
1180.45
1186.709
1192.557
1253.77
1224.752
1218.493
1212.645
1151.432
1161.795
1164.945
1185.325
1266.12
1267.802
1274.882
1323.918
1382.255
1403.334
1398.902
1392.443
1391.134
1371.293
1390.602
1422.516
1429.498
1431.352
1451.193
1469.33
1450.02
1418.107
1411.125
1409.27
1391.134
1392.443
1390.216
1372.08
1369.42
1362.875
1337.947
1316.477
1320.167
1260.099
1257.07
1249.582
1187.88
1165.584
1113.719
1111.94
1119.428
1097.873
1108.834
1112.166
1133.721
1219.178
1220.957
1135.5
1144.144
1147.329
1157.613
1146.651
1143.32
1157.454
1176.3
1206.805
1218.099
1251.185
1254.012
1252.228
1233.382
1230.555
1197.469
1186.175
1189.361
1191.144
1160.639
1146.505
1124.209
1130.394
1128.591
1125.26
1102.964
1096.779
1098.582
1101.913
1124.209
1169.036
1173.32
1175.858
1186.935
1216.82
1199.639
1206.134
1208.13
1248.104
1266.576
1273.799
1277.502
1274.734
1279.775
1282.544
1273.405
1269.701
1262.479
1257.438
1238.965
1248.104
1248.208
1254.819
1265.486
1285.856
1329.023
1330.051
1331.384
1333.273
1326.694
1332.472
1330.042
1326.975
1321.197
1292.419
1291.391
1293.822
1315.292
1321.87
1326.091
1327.1
1330.25
1379.286
1382.198
1436.868
1438.52
1445.473
1425.458
1422.364
1412.185
1443.7
1440.794
1431.412
1441.412
1444.318
1436.432
1358.471
1356.849
1350.018
1369.316
1410.211
1411.184
1412.447
1412.546
1414.336
1408.072
1388.774
1347.879
1346.906
1345.643
1345.544
1343.754
1333.649
1339.912
1350.018
1360.018
1379.682
1332.366
1329.461
1295.906
1299
1296.141
1293.047
1302.596
1292.417
1300.444
1307.397
1300.444
1298.792
1241.611
1243.293
1300.444
1303.402
1305.223
1303.402
1299.833
1289.728
1290.702
1289.439
1270.14
1229.246
1229.147
1235.41
1276.305
1275.331
1269.068
1270.331
1270.43
1280.535
1267.64
1268.614
1288.954
1299.059
1296.154
1297.781
1300.36
1310.662
1309.689
1337.518
1356.816
1363.079
1380.272
1410.456
1409.193
1392
1393.842
1366.013
1355.711
1325.526
1323.737
1325
1322.421
1320.794
1320.893
1322.682
1316.419
1306.314
1309.998
1268.373
1268.272
1309.897
1308.246
1309.897
1389.25
1437.411
1440.368
1434.763
1437.803
1468.332
1475.045
1484.873
1475.045
1472.058
1452.733
1443.513
1440.657
1432.907
1426.194
1373.254
1392.553
1433.447
1432.184
1432.086
1442.191
1448.454
1449.717
1449.816
1451.605
1445.342
1435.237
1415.939
1375.044
1374.07
1375.044
1373.254
1388.846
1384.656
1378.866
1351.037
1348.414
1351.037
1357.353
1363.143
1367.781
1352.189
1356.379
1350.064
1347.158
1299.842
1293.011
1340.327
1360.667
1359.044
1281.083
1261.419
1317.708
1283.944
1280.85
1287.804
1289.455
1368.808
1388.824
1391.917
1402.096
1391.917
1402.203
1429.953
1490.074
1491.962
1498.109
1496.221
1493.864
1483.578
1455.828
1421.084
1414.825
1372.443
1414.825
1417.225
1422.793
1426.843
1447.595
1443.47
1450.081
1451.414
1451.31
1449.977
1448.949
1405.782
1416.449
1436.819
1416.449
1459.616
1448.949
1449.977
1448.088
1448.192
1450.081
1443.47
1444.729
1415.794
1407.85
1387.093
1380.206
1378.947
1408.322
1402.847
1383.181
1390.067
1386.363
1390.067
1398.012
1400.977
1371.602
1377.076
1396.743
1425.678
1375.734
1386.289
1389.498
1392.463
1447.941
1449.623
1428.543
1435.623
1438.634
1380.298
1369.934
1366.784
1346.405
1265.609
1263.927
1256.848
1282.565
1316.353
1314.564
1304.458
1303.195
1302.221
1261.327
1242.029
1235.765
1237.555
1237.456
1237.555
1238.529
1279.423
1298.721
1308.827
1315.09
1316.353
1351.705
1357.25
1329.733
1271.685
1266.14
1272.075
1266.14
1293.657
1276.761
1274.95
1254.961
1267.634
1287.623
1260.274
1270.399
1268.8
1298.463
1300.998
1302.597
1319.494
1309.369
1336.718
1334.183
1304.519
1323.485
1363.675
1364.631
1365.873
1365.97
1367.728
1361.573
1371.504
1371.407
1331.218
1330.261
1311.295
1309.537
1315.692
1305.761
1304.519
1294.692
1291.705
1215.088
1180.116
1177.211
1170.379
1168.757
1165.947
1138.607
1125.857
1123.232
1125.589
1130.813
1133.438
1128.214
1125.857
1133.518
1146.268
1138.607
1156.42
1175.906
1177.192
1158.228
1138.741
1131.884
1130.063
1112.25
1110.964
1079.621
1081.442
1112.786
1119.643
1124.384
1121.714
1125.286
1132.25
1137.112
1154.924
1157.594
1166.406
1162.835
1155.871
1151.009
1133.196
1124.384
1122.563
1122.462
1112.176
1111.185
1069.56
1049.917
1043.542
1045.364
1045.464
1046.455
1088.08
1089.366
1099.652
1106.027
1104.741
1124.384
1104.741
1098.366
1067.643
1060.455
1053.491
1051.402
1050.036
1063.75
1050.036
1048.75
1042.375
1032.089
1012.446
970.821
969.83
969.73
967.908
963.931
969.4
1011.025
1015.002
1017.359
1045.109
1105.23
1111.377
1113.266
1071.641
1081.926
1079.569
1069.283
1041.533
1036.065
1034.176
1028.029
967.908
996.408
1004.069
1021.132
1038.944
1041.614
1042.828
1048.766
1047.109
1044.484
1031.359
1010.656
982.33
971.844
941.121
923.621
929.964
928.973
931.317
952.02
957.592
936.888
937.879
935.536
929.192
923.621
912.159
940.414
934.566
937.116
943.661
1004.875
1007.275
1013.123
1014.827
993.748
996.898
995.193
1016.273
1013.123
1030.495
1038.295
1020.923
1013.123
984.105
1013.123
1010.405
1009.168
991.032
984.986
1003.123
1004.359
1007.077
1013.123
1010.723
1008.005
1020.005
1003.546
997.435
992.539
988.116
990.884
997.551
1014.009
1020.12
1049.495
1050.127
1047.53
1050.127
987.78
981.113
983.558
1045.905
1052.572
1050.613
1044.238
981.891
953.113
942.447
940.002
934.331
936.289
893.123
897.248
902.919
905.363
916.03
944.808
1007.155
1013.53
1009.405
1052.572
1046.616
1040.241
1010.685
948.338
944.634
936.69
931.215
928.25
921.363
920.104
890.729
896.204
915.87
944.806
925.139
926.398
897.463
918.22
921.924
951.299
959.243
966.13
968.898
987.37
992.412
999.634
1003.338
1005.935
943.588
952.727
950.13
952.574
962.965
969.632
967.188
960.521
956.817
951.775
933.303
930.535
921.396
914.174
931.868
939.813
969.368
951.674
943.729
914.174
916.942
918.201
936.674
942.831
940.063
938.803
932.646
914.174
912.84
910.951
892.479
872.271
865.16
832.655
827.738
829.072
849.28
867.752
869.641
902.146
909.257
928.924
931.521
993.868
991.424
981.032
987.699
985.102
987.546
980.88
984.583
987.181
989.15
996.361
1022.912
1028.868
1033.292
1015.597
1007.653
978.097
959.625
958.366
955.597
961.755
980.227
981.486
984.255
978.097
949.319
947.361
940.986
878.639
867.972
824.806
819.134
862.301
867.972
870.417
867.972
896.75
907.417
920.335
922.33
928.825
992.349
996.552
1004.724
1008.545
1011.304
1014.573
1032.601
1054.476
1057.123
1063.915
1074.502
1071.856
1065.064
1001.54
999.05
1001.54
994.193
967.142
970.915
973.561
975.568
980.075
1007.127
1013.196
1009.422
1006.776
1004.769
1000.262
994.193
1001.54
999.064
1028.384
1006.509
1012.396
1013.443
1020.146
1042.021
1044.498
1043.45
1014.13
1008.243
1001.54
996.917
978.889
981.649
977.828
969.656
987.684
990.953
988.193
966.318
963.05
945.021
953.193
957.014
978.889
971.542
944.491
938.422
933.915
931.908
929.262
925.488
952.54
959.887
964.394
966.401
969.047
972.821
978.889
982.158
985.283
988.042
991.863
1000.035
996.215
993.455
971.58
952.759
970.788
969.505
966.684
972.958
991.778
993.061
995.882
992.613
974.585
968.311
960.139
962.63
1026.153
1023.507
1012.92
1010.429
1013.075
1006.283
1013.075
1012.432
1006.205
989.436
982.644
979.823
949.894
942.547
915.495
909.427
904.92
902.913
899.139
906.486
933.538
930.892
935.399
937.406
940.052
943.825
947.094
948.863
942.795
920.92
917.651
915.882
921.95
943.825
949.894
931.866
935.686
938.446
960.321
956.5
953.741
950.616
947.347
939.175
957.203
960.472
968.644
976.002
979.776
974.639
977.46
986.771
982.998
975.639
966.328
963.507
944.686
963.507
968.644
973.243
1026.733
1032.512
1035.285
1041.781
1045.991
1038.632
1052.5
1048.29
1034.422
1041.781
1035.285
1056.04
1051.441
997.95
992.172
989.399
968.644
971.29
975.064
971.29
975.797
977.804
970.458
943.406
938.899
936.892
930.823
928.177
935.524
962.575
968.644
1001.106
1008.465
1037.946
1064.998
1085.587
1092.934
1093.04
1111.531
1115.351
1133.38
1125.208
1128.476
1124.656
1127.415
1131.236
1139.408
1161.283
1158.524
1136.649
1118.62
1115.351
1112.705
1110.215
1046.691
1039.899
1042.389
1105.913
1112.705
1115.351
1117.842
1123.62
1127.823
1125.333
1132.663
1126.167
1137.035
1166.356
1162.153
1168.649
1170.644
1126.663
1124.667
1118.889
1108.021
1149.85
1121.072
1058.725
1064.882
1058.725
1040.252
1038.993
1040.252
1043.021
1040.252
1058.725
1056.127
1052.424
1059.634
1086.185
1092.141
1096.565
1092.141
1094.738
1092.769
1086.813
1060.262
1053.051
1056.755
1058.725
1051.838
1050.579
1045.104
1015.729
1012.025
1004.081
975.146
954.389
934.722
931.514
939.535
921.84
924.549
946.019
949.227
966.921
958.9
955.15
952.442
956.192
934.722
933.389
913.722
881.218
874.106
872.218
853.745
833.537
826.326
821.903
819.306
815.602
822.813
849.363
855.319
859.743
861.713
864.31
868.014
866.044
860.088
833.537
815.843
812.634
816.384
819.093
840.563
843.771
861.465
853.444
849.694
846.986
825.516
833.537
835.981
833.537
826.87
824.273
886.62
824.273
826.87
833.537
815.843
812.634
791.164
788.456
784.706
776.685
794.38
815.85
818.558
822.308
830.329
833.537
829.833
827.236
820.025
818.056
813.632
807.676
781.125
799.597
800.856
803.625
802.366
783.894
777.736
774.968
781.125
799.597
805.708
850.931
852.19
844.169
840.419
837.711
816.241
813.032
795.338
792.894
730.546
723.88
721.282
727.894
738.56
758.931
802.097
803.125
804.458
804.563
806.451
800.076
798.118
802.243
845.41
847.854
800.328
771.007
760.139
757.649
751.87
747.667
753.446
746.116
752.611
816.134
845.455
856.323
858.318
850.96
851.066
871.656
898.708
906.054
909.875
917.233
917.127
909.781
891.29
870.7
843.649
814.167
810.347
777.884
807.366
839.828
858.318
864.545
883.366
888.502
886.578
885.531
856.21
850.323
843.62
821.745
819.269
819.163
818.116
824.851
835.719
834.361
878.342
879.389
880.748
901.502
903.427
896.691
885.823
865.068
821.087
821.193
822.476
841.297
838.476
837.193
818.373
812.099
818.373
821.193
806.703
811.84
793.019
787.882
780.524
776.75
786.061
788.882
807.703
815.061
818.835
817.476
816.429
772.448
769.627
776.363
767.052
768.099
767.993
766.068
745.314
734.446
727.71
729.634
729.741
731.099
751.854
795.835
806.703
807.75
851.731
849.807
860.675
867.41
867.517
888.271
890.196
891.554
891.448
890.09
889.042
845.061
824.307
813.439
806.703
808.627
815.363
826.231
846.986
890.967
892.014
893.373
893.479
886.743
885.384
864.63
820.649
819.601
808.733
808.627
806.703
801.566
795.34
800.476
819.297
825.524
806.703
812.976
811.693
792.873
795.693
796.976
815.797
812.976
806.703
784.828
788.097
789.866
783.797
782.028
803.903
800.634
806.703
813.439
814.486
858.467
862.618
860.693
860.587
861.946
860.587
871.455
827.474
806.719
795.851
789.116
791.04
791.146
790.099
792.59
798.108
800.882
808.976
806.486
800.967
798.193
784.722
776.627
790.099
800.686
807.182
809.177
803.399
800.908
737.384
708.064
701.568
699.573
688.705
704.729
661.563
664.007
669.678
673.803
680.998
691.664
687.539
754.539
813.956
820.331
824.755
843.227
847.764
849.847
850.875
850.771
849.438
848.41
805.243
811.854
822.521
827.566
834.63
835.939
836.041
832.041
821.568
819.714
821.568
815.077
822.168
822.27
804.452
784.611
815.893
819.575
847.984
844.302
844.2
864.041
856.95
874.768
881.848
874.768
846.359
815.077
789.009
815.077
813.223
811.914
810.905
821.377
821.275
816.113
808.919
798.252
791.641
793.53
793.634
794.968
815.338
821.949
865.116
866.144
864.884
858.727
840.255
837.486
848.153
868.523
911.69
918.301
919.329
898.958
897.069
896.965
895.632
894.604
851.438
840.771
834.16
835.493
835.597
837.486
855.958
862.069
857.028
838.556
832.444
837.486
817.116
773.949
772.921
771.588
771.484
769.595
762.984
752.317
728.97
722.002
720.975
712.178
714.947
722.169
713.03
710.262
713.965
708.924
701.701
683.229
692.368
710.84
715.882
712.178
740.956
784.123
788.248
793.919
796.363
807.03
869.377
866.933
868.891
866.933
860.558
850.167
836.887
843.382
837.604
833.401
826.071
815.203
810.066
828.887
835.113
828.887
810.066
815.203
788.151
755.689
748.33
744.509
715.028
714.922
707.575
689.085
668.495
670.618
677.863
685.21
715.139
719.101
732.686
765.804
772.3
779.316
822.686
833.554
854.703
835.882
791.901
787.698
781.92
779.429
768.561
739.241
675.717
681.943
700.764
695.627
693.632
698.769
692.542
686.047
737.16
759.035
765.104
766.873
763.604
741.729
739.96
743.229
737.16
743.656
804.193
808.816
789.995
785.488
724.95
656.686
652.064
649.941
643.446
645.568
650.075
668.896
737.16
746.472
749.292
768.113
773.25
780.608
784.382
781.561
774.203
769.066
765.292
755.981
737.16
718.34
712.113
706.976
717.731
710.486
680.557
673.21
671.087
673.21
669.248
655.663
663.009
692.939
700.184
713.769
717.731
711.236
715.835
769.325
762.966
755.466
751.175
748.349
754.238
699.719
702.546
709.166
723.3
727.591
721.702
707.567
702.88
724.034
731.534
679.438
731.534
799.279
803.173
811.423
832.577
836.861
841.548
875.303
881.923
889.075
867.519
911.724
904.572
893.495
915.05
881.296
874.675
830.471
841.548
837.702
830.202
824.966
805.784
796.293
793.418
800.284
806.904
808.95
824.142
829.827
860.332
862.293
867.918
865.755
858.267
872.113
858.267
865.755
867.918
871.957
841.452
834.067
830.029
860.534
867.918
873.543
928.063
932.656
951.502
929.207
923.022
924.825
921.493
919.69
923.022
945.317
951.502
889.8
883.18
813.603
809.01
789.827
841.923
844.087
848.68
846.517
841.805
848.425
858.709
870.305
875.017
894.2
842.103
843.411
849.757
843.411
890.373
909.555
890.373
843.411
842.103
850.353
864.084
850.353
847.526
841.901
844.44
850.065
852.892
844.642
842.103
863.659
870.81
881.887
926.091
919.471
885.716
892.337
885.185
840.981
829.904
808.349
842.103
839.94
835.901
838.065
842.103
828.257
820.873
828.361
797.856
828.361
835.745
828.257
842.103
844.149
850.769
857.635
872.827
870.781
865.096
870.781
901.286
903.248
908.873
893.68
886.815
881.19
874.57
872.608
842.103
790.007
812.303
815
859.827
864.421
883.603
881.44
876.728
866.445
854.849
848.228
854.849
857.012
861.724
931.3
993.002
988.409
969.226
965.894
959.709
937.413
935.611
945.288
947.091
949.053
951.087
973.382
970.685
925.858
903.563
948.389
951.087
964.933
962.769
964.933
968.971
976.459
972.421
964.933
934.428
920.582
913.197
920.582
951.087
955.68
961.305
1015.825
1034.671
1029.046
1010.2
1005.606
951.087
952.471
1004.337
1010.731
1011.798
1011.906
1017.591
1032.784
1063.288
1065.334
1071.954
1065.089
1058.469
1043.276
1037.591
1007.087
1005.125
999.5
1006.365
1004.32
1009.945
1011.906
1013.868
1013.976
1015.361
1016.428
1061.255
1082.409
1093.486
1100.351
1089.274
1067.719
1023.514
1016.363
1009.743
975.988
983.139
994.216
1038.421
1045.041
1078.796
1100.351
1145.178
1100.351
1078.055
1080.752
1103.048
1100.351
1100.459
1055.632
1044.555
1037.69
1039.651
1039.543
1050.62
1057.486
1056.101
1100.928
1102.313
1103.38
1102.313
1100.351
1121.505
1100.351
1105.063
1112.803
1114.966
1116.697
1127.659
1129.591
1148.774
1103.947
1101.25
1123.546
1168.373
1146.077
1148.774
1146.813
1147.88
1149.264
1149.373
1151.334
1151.226
1172.38
1165.514
1164.447
1163.063
1141.909
1152.986
1159.851
1148.774
1103.947
1148.774
1177.091
1175.058
1165.38
1163.418
1161.615
1163.418
1165.38
1167.413
1235.159
1235.05
1233.666
1232.599
1187.772
1166.618
1155.541
1148.675
1148.784
1150.168
1152.13
1196.957
1197.938
1196.09
1206.958
1207.219
1205.295
1207.941
1205.295
1227.17
1234.5
1190.519
1168.644
1219.531
1220.578
1220.684
1219.325
1220.684
1226.958
1176.071
1169.797
1169.691
1168.644
1176.238
1177.936
1179.833
1181.955
1177.333
1166.578
1185.399
1177.804
1176.106
1174.21
1172.087
1176.71
1157.889
1168.644
1175.38
1177.304
1177.41
1178.769
1179.816
1223.797
1244.552
1255.42
1244.552
1247.332
1202.505
1202.238
1200.853
1200.745
1198.784
1197.803
1203.428
1265.13
1271.995
1276.683
1279.558
1303.803
1311.038
1357.716
1380.012
1372.541
1375.238
1352.942
1397.769
1395.072
1401.938
1413.014
1434.168
1478.995
1480.063
1481.447
1481.555
1483.517
1482.132
1471.055
1449.901
1405.075
1404.007
1403.899
1401.938
1395.072
1402.813
1404.543
1404.865
1407.029
1411.74
1400.779
1396.067
1376.885
1369.144
1367.413
1365.481
1363.317
1374.279
1393.462
1390.764
1345.938
1323.642
1326.339
1371.166
1393.462
1348.635
1346.673
1346.565
1345.18
1344.113
1322.959
1311.882
1305.017
1306.978
1307.087
1308.471
1309.538
1354.365
1375.519
1386.596
1393.462
1389.423
1375.577
1368.192
1360.704
1364.743
1362.579
1376.425
1383.81
1414.315
1421.803
1423.966
1393.462
1393.353
1394.738
1395.805
1402.2
1402.308
1400.923
1349.058
1342.663
1341.596
1393.462
1371.166
1326.339
1323.642
1330.507
1341.584
1386.411
1387.478
1408.632
1416.132
1420.423
1434.558
1441.178
1444.005
1449.894
1504.413
1509.101
1510.486
1510.594
1531.748
1527.06
1472.541
1466.651
1463.825
1456.959
1435.805
1421.671
1417.38
1409.88
1407.918
1407.81
1406.425
1405.358
1407.32
1400.7
1389.623
1368.469
1323.642
1293.137
1277.945
1272.26
1270.298
1268.252
1262.627
1255.762
1249.142
1251.103
1281.608
1287.293
1302.486
1309.106
1311.151
1318.017
1323.642
1318.93
1316.767
1316.445
1314.714
1306.974
1309.137
1298.175
1302.887
1280.2
1278.432
1276.507
1257.686
1265.281
1266.979
1277.733
1280.87
1278.875
1212.408
1214.333
1212.408
1212.302
1210.943
1209.896
1165.915
1145.16
1146.123
1156.991
1155.935
1163.13
1163.387
1152.72
1154.053
1154.157
1147.546
1153.921
1155.338
1157.421
1159.31
1169.866
1167.977
1166.644
1166.387
1159.192
1160.309
1149.441
1148.479
1148.373
1129.552
1125.045
1064.507
1062.611
1057.988
1055.866
1074.686
1006.422
1014.017
1012.318
1014.215
1007.719
1005.597
1007.295
1002.672
995.078
1005.833
1014.214
1018.925
1021.089
1017.892
1028.969
1036.12
1069.875
1062.724
1106.928
1085.373
1074.296
1095.851
1062.096
1055.476
1062.096
1017.892
1017.784
1016.716
1010.322
958.457
957.072
957.18
958.248
964.642
1016.507
1017.892
1025.632
1017.892
1028.853
1048.036
1037.075
1038.805
1040.738
1042.901
1023.719
1021.988
1020.055
1017.892
1013.18
1017.892
1029.185
1037.435
1038.012
1042.303
1053.38
1060.868
1063.897
1065.858
1127.56
1135.06
1136.839
1139.002
1143.041
1150.529
1181.034
1188.418
1174.572
1167.188
1159.7
1155.661
1153.498
1167.344
1136.839
1082.32
1063.474
1058.88
1053.255
1048.543
1046.38
1048.111
1055.851
1054.12
1046.38
1027.197
1016.236
1014.303
1016.466
1018.399
1029.361
1048.543
1053.255
1052.188
1045.793
993.928
992.543
992.651
993.719
1000.113
1008.757
1008.649
1010.034
1007.988
992.796
986.175
955.671
948.805
954.43
956.392
986.897
1002.089
1008.709
1010.755
1017.62
1015.659
1021.344
1015.719
1010.034
999.072
997.601
999.563
992.942
990.779
988.817
999.779
988.817
990.288
996.909
999.072
994.361
975.178
994.361
992.197
990.264
988.534
980.793
969.832
974.543
985.505
993.245
995.409
997.341
999.072
1001.769
1007.954
1054.916
1083.233
1054.916
1065.877
1054.916
1074.099
1081.839
1083.57
1085.502
1087.666
1092.377
1073.195
1068.483
1066.752
1064.82
1062.656
1054.916
1052.377
1055.204
1041.474
1044.012
1035.762
1049.493
1046.666
1041.041
1049.291
1054.916
1054.808
1053.74
1047.346
1038.702
1037.317
1036.01
1029.663
1010.481
1016.827
1018.135
1065.096
1084.279
1037.317
1030.166
1008.611
997.534
953.329
946.709
957.786
979.341
1023.546
1030.697
1037.317
1071.072
1037.317
1035.154
1024.192
1005.01
997.269
995.538
990.827
988.894
986.731
994.115
990.077
982.589
952.084
944.7
930.853
944.7
975.204
982.692
986.731
988.894
1002.74
1047.567
1051.714
1055.046
1056.776
1059.132
1065.752
1068.45
1088.873
1135.55
1154.397
1161.017
1191.065
1189.594
1196.214
1198.377
1200.339
1211.3
1209.339
1207.175
1196.214
1197.685
1191.065
1182.815
1194.108
1194.685
1202.935
1191.642
1191.065
1185.44
1183.394
1176.774
1161.582
1155.897
1125.392
1118.526
1116.565
1120.411
1131.704
1133.483
1134.55
1141.786
1155.921
1158.618
1189.31
1197.56
1215.935
1208.447
1205.418
1203.457
1141.755
1137.464
1129.964
1131.743
1139.231
1142.26
1144.221
1148.512
1156.012
1217.714
1228.791
1217.714
1215.935
1208.7
1207.632
1205.853
1194.56
1190.714
1188.017
1202.151
1209.387
1210.454
1212.233
1223.526
1227.373
1230.07
1215.935
1202.089
1195.469
1191.322
1187.99
1186.26
1183.904
1190.524
1145.697
1149.029
1153.175
1198.002
1211.849
1214.204
1215.935
1223.171
1224.238
1226.017
1224.95
1217.714
1203.579
1214.873
1229.007
1227.228
1215.935
1212.089
1209.392
1213.238
1215.935
1208.447
1177.942
1170.558
1156.712
1152.673
1150.51
1168.885
1177.135
1207.827
1189.452
1181.202
1150.51
1148.548
1146.385
1139.764
1150.726
1152.688
1154.851
1153.38
1154.851
1143.889
1150.51
1131.663
1152.087
1105.409
1084.986
1082.288
1088.909
1118.957
1137.803
1184.481
1187.178
1157.13
1150.51
1151.577
1158.813
1144.678
1143.611
1141.832
1130.538
1126.692
1123.995
1138.13
1130.894
1133.591
1137.438
1141.202
1141.647
1135.026
1090.822
1079.745
1058.19
1024.435
1017.284
1019.981
1023.827
1035.12
1036.899
1033.135
1029.288
1043.423
1040.726
1026.591
1019.356
1018.288
1017.844
1018.911
1026.147
1056.839
1048.589
1017.897
1036.272
1017.897
1026.147
1012.012
1004.776
1003.709
1001.93
990.637
986.791
984.094
998.228
1005.464
1006.531
1008.31
1019.603
1023.45
1026.147
1026.255
1028.216
1036.466
1047.76
1049.144
1050.212
1095.038
1116.192
1127.269
1134.135
1125.885
1125.308
1114.014
1114.591
1116.37
1117.438
1121.284
1107.149
1099.913
1098.846
1097.067
1085.774
1097.067
1094.37
1108.505
1115.74
1118.438
1114.591
1121.457
1121.349
1114.113
1116.651
1127.442
1134.365
1087.688
1084.813
1080.125
1018.423
994.178
987.313
1011.558
1018.793
1025.462
1028.337
1033.024
1043.308
1044.288
1049.913
1044.288
1042.327
1045.024
1046.409
1045.024
1043.957
999.13
977.976
966.899
960.034
961.995
962.103
963.171
1007.998
1029.151
1040.228
995.401
991.255
988.899
982.279
980.548
977.216
963.37
966.702
969.058
982.904
987.05
993.671
1038.498
1040.228
1019.075
1021.036
1021.144
1022.529
1023.596
1068.423
1079.5
1079.887
1052.104
1039.231
996.065
1023.333
1022.306
1020.972
1020.868
1018.979
1008.313
1001.701
988.09
985.493
981.789
970.914
969.201
968.174
961.206
931.65
913.956
906.012
907.428
905.539
904.123
914.678
916.567
918.65
912.275
918.65
916.567
906.012
904.123
904.019
902.685
901.657
897.915
887.047
897.24
899.202
899.31
900.695
901.762
946.589
967.743
978.82
933.993
923.106
929.899
932.672
978.469
980.96
974.167
963.58
961.09
971.677
978.469
981.116
999.936
1006.432
1003.785
1023.823
1017.328
971.531
951.493
948.847
955.342
984.823
1003.314
1049.111
1030.62
1001.139
1003.785
983.031
989.526
992.3
998.078
1051.568
1056.167
1063.526
1067.736
1088.491
1035
1029.222
1026.448
1019.953
1006.085
1001.875
997.276
1011.144
1003.785
959.804
970.672
977.408
978.455
979.814
979.92
981.844
975.108
964.241
943.486
964.241
963.193
961.835
961.729
959.804
1003.785
1006.097
1039.215
1039.321
1035.118
968.651
966.726
966.62
965.262
964.215
920.233
899.479
888.611
881.875
873.781
869.96
876.696
872.097
892.851
936.833
937.88
939.238
941.163
952.031
931.276
928.965
895.847
898.158
931.276
938.068
940.559
956.108
945.317
938.394
935.697
1000.442
1003.139
1021.986
1024.861
1031.784
1050.966
1079.284
1112.37
1114.154
1119.389
1124.077
1168.904
1124.077
1102.923
1091.846
1084.981
1086.942
1087.05
1108.204
1109.272
1110.656
1117.522
1115.56
1115.452
1114.067
1113
1124.077
1135.154
1137.115
1198.817
1187.74
1180.252
1177.224
1179.002
1186.49
1190.781
1188.82
1127.118
1130.147
1137.647
1171.401
1163.901
1162.123
1164.478
1160.188
1126.433
1124.077
1125.462
1125.57
1080.743
1069.666
1070.733
1036.978
1039.334
1073.089
1079.954
1091.031
1069.877
1077.349
1075.964
1073.608
1073.5
1071.538
1064.673
1066.635
1065.567
1066.217
1071.736
1076.243
1094.733
1148.224
1144.955
1140.887
1096.906
1095.208
1081.623
1075.127
1072.816
1075.462
1072.972
1079.764
1143.288
1145.778
1143.132
1136.34
1072.816
1070.505
1037.387
1039.698
1044.429
1037.693
1039.618
1039.512
1050.38
1071.134
1115.116
1116.163
1117.521
1115.597
1115.703
1114.344
1113.297
1105.967
1095.099
1101.835
1101.87
1104.034
1101.87
1095.25
1093.288
1104.25
1093.288
1094.76
1101.38
1099.909
1101.87
1099.514
1094.692
1128.447
1130.803
1119.726
1119.149
1107.856
1116.106
1116.683
1127.976
1119.726
1112.861
1091.707
1090.639
1045.813
1045.704
1043.743
1090.421
1093.248
1100.171
1053.493
1050.666
1043.743
1042.358
1044.714
1042.358
1047.18
1013.425
1010.887
946.142
948.839
941.916
939.219
941.757
1006.502
1013.425
993.002
986.382
956.334
937.488
890.81
888.113
918.161
937.007
983.685
1004.108
1006.805
1013.425
1006.805
1013.425
1032.608
1013.425
985.108
1018.863
985.776
980.954
983.31
980.954
979.171
974.483
967.56
948.714
950.498
969.68
972.555
991.401
998.325
1026.642
1059.728
1064.964
1069.651
1050.469
1047.594
1042.358
1076.113
1078.469
1044.714
1042.358
1045.055
1109.8
1116.724
1114.026
1107.103
1042.358
1039.82
1042.358
1044.714
1078.469
1044.714
1042.358
1046.952
1048.998
1051.695
1055.541
1083.113
1090.601
1096.786
1094.43
1060.675
1068.163
1054.433
1057.13
1063.315
1067.909
1064.063
1067.909
1095.481
1092.784
1065.212
1060.618
1057.791
1052.166
1049.627
1057.877
1055.832
1058.659
1072.389
1074.928
1067.44
1059.19
1053.005
1058.63
1060.675
1058.137
993.392
982.43
980.267
973.647
971.685
974.382
976.921
974.224
972.752
1037.498
1030.575
1037.498
1044.421
997.743
994.916
987.993
990.82
1037.498
1030.575
1033.45
1052.296
1054.079
1061.002
1089.32
1122.406
1120.623
1125.31
1106.127
1103.252
1122.435
1094.118
1061.031
1042.185
1036.95
1032.262
1037.498
1042.091
1040.046
1035.452
1029.267
1001.695
1003.74
1007.587
1000.099
997.401
993.555
1001.043
1028.615
1034.8
1037.498
1040.036
1042.733
1049.656
1114.401
1111.704
1104.781
1040.036
1037.498
1057.921
1104.599
1123.445
1127.291
1157.339
1163.959
1166.656
1168.702
1173.296
1200.868
1208.356
1187.933
1185.236
1187.933
1184.087
1190.272
1143.594
1124.748
1094.7
1088.079
1085.382
1083.337
1075.849
1071.255
1065.07
1037.498
1065.815
1037.498
1044.118
1063.3
1056.68
1037.498
990.536
984.19
982.882
963.7
955.45
956.026
944.733
956.026
955.45
963.7
961.921
964.618
966.663
971.257
977.442
1005.014
1012.502
1008.656
1005.959
1003.913
999.32
993.135
965.563
958.075
946.998
939.51
936.481
934.519
872.817
868.526
872.373
864.873
862.175
859.637
794.892
787.969
785.923
788.62
790.666
795.26
801.445
829.017
836.505
832.659
836.505
831.911
825.726
798.154
790.666
787.969
794.8
802.957
804.889
800.202
805.438
772.351
767.115
795.433
828.519
833.207
834.99
853.837
856.712
863.635
844.452
841.577
822.731
820.947
814.024
785.707
804.889
810.514
791.668
787.075
732.555
726.93
745.776
800.296
804.889
808.736
781.163
783.861
779.267
777.221
769.733
767.036
763.19
757.005
784.577
790.762
795.356
797.401
804.889
811.813
765.135
762.308
755.385
758.212
804.889
777.317
775.272
770.678
764.493
757.005
754.308
750.462
703.784
701.087
671.038
664.418
667.115
673.736
703.784
722.63
769.308
748.885
730.038
750.462
750.57
751.954
753.022
797.849
819.002
830.079
836.945
838.906
819.724
813.103
819.724
838.906
794.079
792.118
792.01
790.625
789.558
768.404
779.481
772.615
774.577
774.685
776.07
777.137
821.964
828.829
849.983
838.906
845.829
847.613
866.459
869.334
864.647
883.829
889.065
855.978
850.743
831.56
859.877
831.56
824.637
821.762
802.916
807.603
840.69
838.906
849.983
843.118
832.041
853.195
898.022
899.089
900.474
900.582
899.197
901.159
901.05
879.897
878.829
834.002
832.041
838.906
832.041
831.933
830.548
831.933
820.856
799.702
801.663
756.837
754.875
761.74
772.817
793.971
838.798
839.865
839.974
838.906
836.079
789.401
782.478
785.305
777.055
776.478
765.185
773.435
774.012
780.935
792.228
838.906
841.43
862.584
865.281
870.966
882.26
912.764
913.942
911.981
867.154
867.046
873.911
862.834
924.536
929.224
932.099
978.776
986.012
1010.257
1004.632
1003.651
993.368
988.68
985.805
979.137
971.901
947.656
946.589
953.454
964.531
970.156
991.31
1036.137
1037.204
1038.589
1038.697
1040.659
1033.793
1012.639
1011.255
1019.411
1019.733
1026.565
1024.632
1016.476
1009.644
1017.385
1018.452
1025.284
1069.462
1099.575
1126.627
1133.363
1144.231
1164.986
1166.033
1167.392
1167.498
1169.422
1162.686
1151.818
1131.064
1087.083
1086.035
1084.677
1084.571
1082.646
1126.627
1137.495
1144.231
1164.986
1166.344
1167.392
1211.373
1211.267
1209.908
1208.861
1164.88
1162.955
1152.087
1145.351
1147.276
1147.382
1126.627
1147.382
1149.858
1179.788
1168.708
1163.13
1161.974
1141.219
1138.743
1108.814
1111.125
1108.479
1111.125
1116.703
1127.783
1109.292
1127.783
1157.264
1163.759
1143.722
1097.925
1104.467
1109.476
1112.123
1105.627
1102.981
1073.5
1091.991
1087.392
1054.929
1052.108
1045.316
1043.566
1025.075
1006.255
1001.118
1005.717
1038.179
1010.396
1038.179
1039.929
1046.722
1051.858
1054.679
1073.5
1052.745
1045.387
1049.986
1103.476
1124.231
1127.005
1133.5
1147.368
1151.578
1158.936
1145.068
1140.469
1086.979
1081.2
1078.427
1074.217
1067.722
1073.5
1029.519
1008.764
997.896
1004.632
1015.5
1036.255
1036.361
1035.314
1036.672
1029.936
1031.861
1029.936
1029.83
1028.472
1029.519
1073.5
1074.462
1073.104
1071.179
1071.073
1070.026
1026.045
1005.29
994.422
987.686
989.611
989.717
989.979
1014.813
1016.361
1017.67
1028.143
1021.884
1028.143
1046.28
1073.052
1046.28
1028.143
1028.245
1029.255
1035.3
1036.609
1085.645
1086.655
1112.723
1120.041
1093.973
1122.991
1184.205
1190.664
1129.45
1122.132
1121.123
1092.105
1085.645
1083.791
1083.689
1082.38
1082.127
1081.796
1038.63
1037.685
1027.019
1024.588
995.213
992.491
985.824
940.875
930
940.875
946.35
948.947
955.613
958.336
1003.285
982.914
980.646
978.049
980.317
974.843
977.118
981.925
984.311
932.766
927.448
909.63
905.286
900.855
869.573
842.8
836.255
833.536
851.673
854.391
836.255
837.941
832.991
815.173
813.486
817.918
849.2
875.973
893.791
898.741
905.286
934.127
929.32
926.934
923.729
921.461
918.863
929.738
918.863
924.338
918.863
921.461
923.729
944.1
946.53
935.655
943.6
944.155
936.211
935.655
946.53
946.426
996.37
1002.528
1003.556
1003.66
1002.326
952.382
946.225
945.197
946.53
973.081
1002.637
1064.984
1071.563
1072.59
1043.035
1016.484
1015.456
1022.91
960.563
953.984
946.53
949.127
968.794
1013.743
1031.891
1025.516
1031.891
1029.294
1024.377
1017.956
999.808
970.873
999.808
999.498
992.919
985.065
955.69
953.259
950.991
945.516
934.641
964.016
966.447
946.076
948.345
968.715
979.59
976.993
979.59
985.065
978.398
975.676
930.727
937.394
940.116
985.065
978.69
960.218
961.551
911.606
961.551
967.708
968.736
962.579
962.683
961.655
961.551
960.218
952.764
951.736
945.157
882.81
853.255
879.806
887.259
891.481
901.873
875.322
875.579
876.519
872.005
890.477
895.519
898.287
916.435
918.153
945.421
952.088
947.046
928.574
925.806
907.657
905.94
899.273
872.005
840.144
844.657
876.519
896.889
907.764
913.238
915.836
918.104
920.535
909.66
880.285
877.854
907.229
904.961
899.486
879.116
876.519
874.074
868.657
865.935
852.713
844.769
857.991
860.713
863.157
871.102
876.519
876.414
826.47
820.313
818.979
819.083
825.241
859.273
860.582
859.573
860.582
840.582
811.741
809.514
806.964
801.589
790.911
819.752
822.139
842.139
844.366
846.916
852.291
849.905
860.582
841.273
838.723
810.314
792.495
786.236
742.105
768.173
764.027
753.825
752.902
781.92
843.134
849.593
850.602
850.35
824.282
831.6
824.282
821.609
813.809
813.264
802.586
846.718
853.264
809.132
811.805
805.259
823.077
791.795
787.364
785.677
767.859
765.141
747.005
742.055
715.282
719.714
713.168
718.118
736.255
738.973
740.659
747.205
773.977
805.259
776.418
787.095
792.47
795.02
815.02
817.407
846.248
840.873
838.323
836.095
816.095
813.709
815.936
805.259
811.75
818.295
821.932
822.034
871.07
877.116
878.125
876.816
827.78
821.734
835.924
835.819
837.153
864.421
852.948
874.823
918.804
921.45
913.856
912.809
919.512
889.399
825.875
819.172
792.12
799.715
800.762
864.285
894.399
921.45
965.432
968.078
946.203
902.222
899.575
921.45
891.521
885.943
874.863
904.792
907.269
928.024
930.335
932.981
938.559
936.083
989.573
995.092
1013.583
1024.663
1022.017
1019.705
998.95
1003.458
1025.333
1003.458
1047.439
1044.792
1000.811
1003.458
1002.41
1002.304
996.031
945.144
943.785
938.649
919.828
917.007
898.517
896.767
889.974
885.375
852.913
825.13
818.337
815.564
769.767
776.559
779.333
825.13
841.361
847.856
853.267
856.392
858.599
862.363
906.344
908.991
865.009
862.363
884.238
862.363
925.887
956
983.052
994.132
964.203
971.797
944.745
950.323
886.8
880.097
874.519
875.566
864.486
894.415
886.821
889.297
910.052
912.363
915.009
913.962
911.316
881.203
878.892
876.415
883.118
862.363
859.717
815.736
818.382
862.363
840.488
846.394
872.944
877.368
884.579
887.176
890.88
896.836
898.806
896.208
853.042
847.262
849.908
893.889
915.764
920.271
914.693
912.047
909.736
907.259
877.33
866.25
845.495
839.427
842.073
844.08
839.573
845.642
872.693
880.04
876.267
849.215
841.868
839.861
837.215
840.988
835.469
774.932
770.333
767.512
721.715
714.616
690.828
684.092
705.967
749.948
728.073
730.719
728.073
684.092
657.04
626.927
563.403
556.7
555.653
548.059
541.991
546.498
552.566
579.618
586.965
583.191
580.545
578.538
581.184
584.958
586.965
559.913
552.566
548.059
526.184
482.203
479.557
476.783
469.991
424.193
418.125
414.351
421.698
448.75
453.257
455.264
461.333
465.106
457.759
455.113
453.106
448.599
451.245
424.193
417.698
396.943
389.585
385.375
371.507
365.729
312.238
316.837
370.328
367.554
370.328
376.823
382.601
386.811
394.17
414.925
410.325
424.193
419.686
422.333
414.986
387.934
381.866
379.858
383.632
379.858
387.205
389.212
393.719
399.788
426.84
424.193
425.962
426.528
432.802
439.538
466.59
499.052
503.262
476.21
470.142
465.634
463.627
460.981
488.033
495.38
501.448
505.222
507.868
509.875
514.382
510.608
503.262
499.488
492.752
485.96
489.733
496.469
503.262
499.488
502.134
505.908
507.915
513.983
541.035
513.983
506.637
503.991
501.983
497.476
501.983
509.33
503.262
505.269
477.486
471.417
444.366
441.719
437.946
430.599
426.092
424.085
405.594
401.087
347.597
342.078
360.568
365.075
418.566
424.085
453.566
456.34
460.113
481.262
488.054
515.106
535.861
538.634
557.455
558.502
564.389
565.748
609.729
615.507
605.97
603.373
597.417
552.194
559.405
563.919
566.641
589.988
603.211
600.766
608.711
603.294
608.711
611.155
608.433
595.211
587.266
589.988
584.678
582.512
579.444
563.514
590.065
608.537
610.704
632.174
638.549
670.41
664.035
660.34
689.896
707.59
715.535
719.958
722.727
729.394
735.505
817.796
847.171
849.06
849.164
850.498
851.525
894.692
915.063
925.729
932.34
924.396
894.84
877.146
906.701
914.646
932.34
952.711
963.377
963.273
961.94
960.912
959.023
938.653
981.819
982.847
984.181
984.285
990.896
947.729
949.618
943.007
932.34
925.729
929.433
930.377
937.044
933.34
926.674
933.285
943.951
944.979
988.146
989.479
989.583
991.472
984.861
974.194
953.824
910.657
909.63
909.525
907.637
928.007
926.674
933.285
935.174
955.544
998.711
999.738
1001.072
1001.176
1011.843
1001.176
980.806
937.639
936.611
930
928.111
928.007
926.674
918.729
936.424
944.368
973.924
944.368
926.674
926.778
928.111
938.778
932.167
921.5
901.13
902.157
952.102
995.269
1015.639
1017.528
1017.424
1016.396
1015.063
1023.859
1021.97
1040.118
1043.326
1053.993
1059.664
1073.887
1079.843
1162.134
1168.745
1125.579
1120.162
1115.738
1097.59
1045.09
1046.424
1052.201
1059.396
1060.424
1063.146
1045.643
1025.643
1020.075
1001.939
999.266
998.257
996.43
995.12
952.739
955.368
956.462
960.025
954.453
944.167
942.882
941.891
900.266
880.623
874.248
880.623
881.908
882.9
924.525
944.167
954.453
954.353
954.453
952.632
954.453
955.096
977.609
983.181
967.695
1013.39
1013.487
1053.677
1051.918
1045.763
1044.806
1004.616
985.651
975.72
976.677
978.435
977.194
977.097
978.338
988.269
994.425
1013.39
936.774
931.228
917.987
912.707
902.776
899.789
882.892
836.392
913.009
926.25
931.53
941.461
944.448
961.345
953.155
999.655
1005.2
1013.39
985.873
969.399
962.002
964.278
1019.597
1026.321
1048.058
1046.3
1052.455
1062.386
1081.351
1121.541
1122.782
1122.879
1123.836
1117.681
1107.75
1107.653
1088.688
1087.446
1086.489
1046.3
1048.058
1045.481
1039.274
1033.584
1006.235
1008.813
1015.019
1091.636
1100.019
1104.068
1028.75
1034.343
1030.294
1034.426
1055.794
1058.286
1054.155
1047.555
1026.186
1023.695
1030.294
1048.939
1088.447
1089.388
1090.608
1090.703
1092.432
1091.492
1072.847
1033.339
1043.102
1041.881
1041.786
1040.057
1034.006
1040.057
1030.294
1017.278
1020.214
1036.824
1082.536
1090.587
1015.269
1025.032
1019.581
1032.597
1037.788
1032.597
1022.835
1098.153
1095.216
1078.606
1070.555
1024.843
1030.294
1029.074
989.566
988.625
982.574
980.845
962.201
962.106
952.343
967.03
988.767
942.64
920.522
922.285
922.917
969.384
964.004
963.384
968.763
971.75
966.205
952.963
947.683
957.614
962.894
1009.394
1017.584
1034.481
1024.55
1007.653
961.153
974.394
966.205
1025.146
1030.597
1027.661
952.343
976.644
1003.127
997.025
1000.415
1019.413
995.112
968.629
966.138
947.14
943.75
946.242
952.343
964.801
968.583
975.193
956.549
949.939
946.157
933.699
927.864
925.373
920.182
872.131
877.966
880.458
884.589
880.458
885.648
904.292
952.343
1009.407
1011.644
1014.021
1012.318
1007.03
1006.419
961.392
939.655
925.432
930.72
931.331
976.108
997.121
1003.121
944.805
950.256
940.494
948.544
977.685
994.019
996.906
1006.506
1011.61
1006.506
1019.306
1075.445
1067.658
1023.445
1007.379
1004.539
999.266
986.676
991.791
992.701
995.111
993.363
992.342
989.017
1004.076
1001.585
1002.805
1001.864
1000.644
994.059
1012.703
1017.894
1034.801
1036.504
1031.216
1070.725
1068.347
1062.246
1056.144
1058.521
1064.623
1121.686
1123.924
1121.686
1125.076
1068.013
1064.623
1063.758
1069.86
1075.911
1046.75
1029.843
1027.86
1008.21
983.909
978.074
981.011
988.629
975.612
983.663
1000.273
995.083
989.631
979.869
976.932
960.322
930.379
922.19
998.806
1004.351
944.011
957.485
958.559
968.664
966.798
988.917
982.654
976.82
976.294
974.649
972.886
984.688
984.045
990.42
996.357
998.031
998.567
976.054
977.848
983.42
984.063
1048.67
1001.955
1008.5
1005.782
1086.577
1092.577
1086.032
1090.375
1009.58
1003.58
992.789
1022.164
1024.933
1020.509
1017.912
1020.356
1022.954
1029.62
1072.114
1069.714
1008.5
1001.955
1002.057
1003.066
1009.111
1058.148
1059.457
1068.093
1085.911
1082.761
1085.911
1096.384
1101.952
1115.916
1107.28
1099.107
1104.955
1087.136
1095.309
1084.836
1144.817
1131.103
1125.359
1124.266
1044.913
1019.31
1023.295
1054.018
1023.295
1019.31
1024.431
964.31
957.882
960.239
1020.359
1026.788
1029.292
1026.935
1024.431
1018.688
1013.219
1005.192
1002.098
984.598
976.116
1055.469
1061.212
1074.926
1080.395
1090.681
1093.775
1111.275
1159.435
1149.15
1157.632
1164.716
1103.993
1099.479
1092.269
1068.921
1066.199
1070.713
1077.924
1101.271
1103.993
1127.34
1194.34
1195.007
1194.34
1127.34
1103.993
1105.854
1111.632
1105.854
1124.823
1168.193
1179.274
1199.311
1206.906
1214.908
1220.795
1221.474
1220.427
1169.54
1168.182
1168.288
1169.335
1175.608
1226.495
1227.854
1227.748
1221.474
1284.998
1291.79
1289.144
1286.653
1289.144
1282.351
1284.998
1221.474
1170.587
1152.097
1148.828
1137.96
1132.182
1117.691
1111.623
1027.778
1018.816
1023.953
1042.774
1049
1051.774
1032.953
1027.175
1071.156
1069.259
1066.486
1022.505
1016.618
1018.514
1037.335
1038.382
1037.335
1058.09
1037.335
1043.222
1049
1050.358
1049
1051.774
1043.679
1057.151
1062.67
1059.896
1054.377
1051.887
1038.415
1046.509
1049
1025.212
956.948
956.269
954.373
948.486
950.976
944.184
1007.708
1014.5
1017.146
953.623
951.132
948.486
949.844
1000.731
994.458
943.571
942.212
942.318
943.366
949.639
948.592
948.486
940.892
932.889
927.002
926.323
915.243
958.613
978.651
989.731
990.41
996.297
1004.3
960.929
968.524
948.486
943.979
914.05
907.823
823.979
817.186
814.366
835.514
896.052
899.321
983.165
1034.052
1041.399
1043.144
1065.019
1075.774
1056.953
1050.726
1055.863
1074.684
1080.91
1075.774
1082.476
1086.545
1087.224
1100.696
1102.62
1039.097
1032.304
1034.795
1098.318
1105.111
1107.757
1105.111
1102.62
1106.83
1112.408
1126.276
1127.323
1129.068
1140.149
1143.922
1146.568
1153.667
1164.422
1113.535
1174.073
1195.948
1199.217
1250.104
1257.45
1236.302
1225.547
1141.703
1134.356
1112.481
1051.943
1054.965
1138.809
1140.554
1138.809
1135.54
1144.021
1143.915
1150.189
1151.236
1152.594
1151.236
1151.342
1100.455
1099.408
1093.134
1093.241
1100.599
1133.061
1136.882
1166.363
1193.415
1214.005
1232.495
1239.842
1225.974
1218.875
1217.828
1216.083
1205.002
1201.229
1198.583
1199.63
1206.729
1209.375
1213.149
1215.13
1194.34
1205.215
1264.632
1205.215
1226.685
1253.418
1251.736
1253.418
1251.018
1189.805
1183.259
1180.709
1159.63
1110.593
1103.514
1110.593
1107.682
1104.532
1164.161
1167.02
1170.114
1180.292
1100.94
1094.565
1088.136
1090.641
1097.069
1136.888
1139.204
1129.204
1125.695
1125.252
1131.407
1141.338
1161.502
1162.722
1162.818
1164.547
1165.487
1155.534
1154.924
1149.636
1142.447
1135.625
1096.665
1103.487
1110.676
1115.964
1116.574
1126.528
1144.528
1183.487
1165.487
1167.864
1165.487
1162.097
1152.144
1164.602
1167.992
1174.369
1175.309
1176.877
1195.573
1194.616
1188.129
1186.319
1181.625
1164.427
1158.737
1163.431
1180.629
1186.319
1196.444
1139.474
1136.664
1157.004
1147.004
1203.294
1250.61
1257.441
1259.064
1337.024
1333.985
1343.985
1346.794
1345.171
1338.34
1291.024
1270.684
1214.395
1217.434
1176.539
1177.906
1167.621
1161.246
1181.35
1180.041
1201.789
1199.9
1201.789
1212.456
1213.789
1214.817
1220.292
1224.424
1218.949
1214.817
1235.188
1278.354
1284.965
1285.069
1282.625
1275.958
1273.361
1233.863
1235.608
1221.741
1220.693
1218.948
1207.868
1204.094
1201.448
1215.316
1222.415
1223.462
1234.542
1238.316
1240.962
1233.863
1173.325
1184.08
1162.205
1246.05
1247.795
1255.142
1306.028
1327.903
1388.441
1377.686
1374.417
1371.396
1287.552
1285.807
1278.46
1227.573
1248.722
1251.991
1253.349
1252.302
1208.321
1187.566
1176.698
1169.962
1171.887
1171.993
1173.04
1217.021
1214.854
1225.521
1232.132
1232.028
1230.694
1228.806
1234.583
1233.25
1227.472
1226.444
1223.722
1221.861
1203.389
1197.718
1177.347
1178.681
1135.514
1136.542
1138.403
1156.875
1162.546
1182.917
1185.639
1228.806
1236.016
1240.53
1237.808
1214.461
1220.618
1270.563
1262.238
1263.266
1256.056
1254.722
1248.565
1247.537
1247.641
1248.975
1251.697
1275.044
1270.53
1270.426
1266.722
1265.694
1263.981
1253.106
1246.139
1257.014
1263.981
1265.009
1266.722
1270.426
1273.023
1286.634
1273.023
1270.426
1287.074
1316.63
1378.977
1405.528
1415.12
1417.065
1423.676
1421.787
1442.157
1485.324
1486.352
1487.685
1487.789
1487.685
1481.074
1482.963
1481.63
1480.602
1491.269
1498.651
1487.783
1443.802
1440.533
1419.384
1335.54
1333.795
1326.448
1275.561
1253.686
1193.149
1244.035
1245.781
1329.625
1332.646
1335.915
1346.67
1343.201
1350.412
1384.195
1373.832
1355.695
1349.695
1354.645
1348.268
1354.161
1349.299
1355.674
1365.96
1385.603
1427.228
1428.219
1429.504
1429.605
1409.962
1403.587
1393.301
1351.676
1350.685
1349.4
1349.299
1347.478
1349.299
1342.871
1317.268
1289.366
1286.741
1289.366
1292.938
1320.839
1340.855
1347.283
1343.712
1323.696
1349.299
1371.813
1429.107
1436.071
1438.429
1415.915
1358.621
1351.656
1349.299
1336.174
1339.746
1350.232
1351.884
1358.603
1371.728
1369.223
1365.652
1355.165
1365.344
1363.692
1362.701
1365.205
1366.196
1359.478
1413.588
1423.588
1413.588
1410.548
1441.547
1436.765
1457.769
1455.1
1381.038
1379.496
1373.006
1328.056
1330.915
1298.543
1305.256
1308.244
1311.004
1307.157
1302.06
1305.907
1311.004
1312.599
1319.912
1326.851
1287.22
1268.909
1258.784
1259.405
1254.026
1264.151
1282.461
1322.093
1321.472
1314.159
1319.539
1312.599
1331.414
1350.379
1360.31
1360.407
1363.899
1357.175
1327.511
1324.019
1330.175
1303.235
1278.515
1259.7
1242.804
1272.468
1265.754
1265.657
1282.554
1322.744
1349.683
1350.925
1375.644
1382.358
1380.599
1380.502
1379.261
1378.304
1338.114
1339.071
1345.795
1335.864
1329.709
1331.468
1331.565
1312.599
1302.474
1300.056
1290.479
1278.021
1271.644
1270.703
1269.136
1265.746
1275.699
1276.64
1278.208
1281.597
1283.975
1290.352
1287.638
1284.701
1275.04
1273.472
1266.873
1221.161
1165.599
1165.708
1129.23
1122.886
1124.708
1137.458
1138.1
1141.951
1148.295
1146.473
1133.723
1129.873
1129.23
1128.239
1128.138
1079.978
1078.692
1072.754
1066.379
1067.665
1065.844
1064.853
1066.674
1066.775
1067.766
1066.48
1066.379
1046.737
1088.362
1108.004
1118.29
1124.665
1114.379
1072.754
1066.036
1072.055
1071.045
1060.368
1056.732
1054.182
1052.5
1050.645
1049.336
1048.327
1005.945
985.945
975.473
981.964
1024.345
1044.345
1045.355
1046.664
1046.766
1048.62
1042.13
1052.602
1052.5
1070.636
1065.686
1066.949
1060.838
1065.88
1071.991
1077.465
1081.597
1076.123
1071.991
1070.963
1027.796
1007.426
996.759
990.148
992.037
993.065
999.676
1010.343
1009.009
1029.38
1029.484
1030.817
1073.984
1073.88
1071.991
1061.324
1059.991
1058.963
1015.796
995.426
995.322
988.711
986.822
978.968
936.4
916.734
905.859
900.081
892.627
891.961
878.35
874.218
864.625
847.977
846.032
793.532
790.81
785.139
780.625
800.995
808.218
812.35
825.961
832.336
835.058
840.729
893.229
886.007
890.521
884.146
863.775
880.424
906.975
844.627
858.238
887.016
897.407
867.852
897.407
870.856
878.079
877.975
906.91
899.688
867.826
864.076
835.141
808.59
790.442
783.231
763.023
766.773
798.634
798.738
805.949
824.097
829.407
849.616
855.09
859.222
853.748
848.706
830.234
824.123
819.991
817.269
815.407
814.38
794.009
788.231
786.898
805.37
825.741
831.412
833.273
790.106
771.634
814.801
816.134
821.912
816.241
817.269
819.991
838.139
842.563
895.063
900.479
923.826
916.616
919.338
916.616
921.13
928.34
923.826
900.479
905.954
910.086
904.611
900.479
902.368
903.035
907.028
913.606
911.718
898.495
897.829
893.836
887.257
900.479
903.076
946.243
967.713
962.403
944.255
937.044
929.822
897.961
894.211
865.275
845.067
844.963
851.12
857.731
858.287
857.731
851.12
849.384
851.12
844.963
842.366
799.199
777.729
780.326
823.493
844.963
851.574
853.544
859.919
874.549
880.023
909.398
911.287
916.704
946.259
917.481
900.833
963.181
968.491
979.136
968.934
985.28
987.189
958.17
932.102
918.739
914.682
918.739
913.364
918.739
961.12
963.67
942.591
900.209
897.659
900.67
903.22
924.3
921.75
879.368
876.357
918.739
898.739
893.066
887.498
884.825
882.998
864.861
822.48
821.47
820.161
816.105
784.823
779.609
774.291
771.618
758.636
750.836
748.436
756.236
769.218
771.891
777.209
779.609
800.689
843.07
845.62
824.541
821.991
779.609
775.552
780.927
775.552
779.609
782.159
739.777
718.698
761.08
758.53
779.609
781.314
783.168
785.091
849.141
806.759
827.839
825.289
804.209
846.591
849.141
853.061
854.916
867.898
868.552
875.011
862.03
861.375
859.52
853.061
849.141
843.766
839.709
837.775
831.516
817.152
815.298
809.98
815.298
817.152
845.993
851.368
865.732
871.991
873.925
868.55
862.059
833.218
839.709
818.63
816.08
773.698
771.025
742.616
716.548
710.002
706.366
685.986
684.077
712.332
741.35
713.095
707.882
646.668
617.65
678.864
704.932
701.338
703.282
719.931
730.486
748.181
769.65
771.817
776.331
799.678
796.956
773.609
766.398
761.884
769.095
771.817
773.706
771.748
706.512
704.623
702.887
704.845
770.081
771.817
777.234
829.734
847.882
842.465
789.965
785.542
789.965
771.817
769.373
762.15
702.734
679.387
686.597
713.148
717.572
723.528
727.231
729.829
731.799
729.84
727.951
662.715
660.979
667.59
669.56
675.935
673.965
667.354
681.984
687.4
689.289
718.664
724.139
717.764
703.134
697.66
668.285
666.396
660.979
667.558
665.588
661.164
690.72
753.067
747.111
720.56
713.35
717.343
688.565
715.116
688.565
626.218
596.662
610.273
626.921
655.699
639.051
636.454
637.12
633.127
639.083
665.634
664.968
672.178
668.475
670.444
674.868
677.465
681.169
694.391
696.28
694.336
681.113
679.225
672.646
715.813
736.183
746.85
753.461
754.794
755.822
757.711
757.815
750.604
754.308
751.711
745.755
741.331
739.361
735.657
742.868
769.419
775.375
779.799
781.769
784.366
757.815
768.481
775.093
774.988
818.155
819.488
819.593
839.963
833.352
822.685
824.574
781.407
780.38
779.046
780.074
778.185
757.815
775.509
778.718
800.188
802.896
806.646
814.667
810.243
804.287
802.317
808.273
805.676
801.972
809.183
813.606
815.576
818.174
821.877
848.428
821.877
814.667
771.5
771.604
769.715
769.611
768.278
767.25
746.88
736.213
737.546
738.574
749.241
769.611
763
769.611
812.778
814.667
822.688
826.438
829.146
850.616
853.824
850.616
868.31
860.289
856.539
853.831
832.361
814.667
816
814.972
813.639
813.535
811.646
791.275
780.609
773.998
730.831
730.935
731.192
738.387
744.961
755.434
756.361
758.216
754.58
758.216
760.766
762.7
767.043
793.111
800.191
797.641
803.489
799.145
792.066
790.132
784.284
758.216
760.889
767.148
780.511
784.568
781.895
761.895
768.986
788.986
784.555
733.009
727.441
731.873
783.418
788.986
781.895
777.839
764.475
758.216
737.136
740.818
748.693
751.352
754.502
771.875
754.502
746.627
742.945
739.795
760.875
758.216
758.114
768.586
775.077
795.077
837.459
838.468
839.777
839.88
838.57
837.643
827.17
822.118
814.924
814.667
812.778
814.667
841.218
839.248
836.65
832.947
840.157
846.113
840.157
842.755
847.178
849.148
841.938
845.641
841.218
814.667
811.944
804.734
800.22
776.873
778.762
821.928
778.762
768.095
747.725
746.697
745.363
745.259
743.37
736.759
736.863
740.613
741.641
744.35
752.37
753.704
750.495
732.801
750.495
742.475
738.725
736.016
714.546
721.157
731.824
752.194
773.664
776.873
771.456
769.567
740.192
754.822
760.296
762.185
767.602
760.991
759.021
752.646
738.016
732.542
734.512
763.887
770.262
777.472
784.083
787.787
790.384
792.354
796.778
802.734
829.285
825.581
822.984
821.014
815.058
788.507
784.083
776.873
766.206
764.873
763.845
720.678
700.308
706.919
717.586
737.956
738.984
740.317
740.421
742.31
735.699
735.595
778.762
776.873
773.664
752.194
734.5
731.792
728.042
720.021
723.229
744.699
747.407
765.102
773.123
776.873
766.317
795.095
808.706
835.257
897.604
927.16
913.549
896.9
868.123
841.572
779.225
749.669
766.317
763.72
737.169
731.213
726.789
724.819
717.609
713.905
712.572
732.942
733.97
777.137
779.025
789.692
796.303
789.692
779.025
758.655
715.488
716.822
716.718
714.829
713.801
713.905
721.926
725.676
728.384
749.854
732.16
728.951
732.16
749.854
746.104
738.083
735.375
713.905
695.757
691.333
638.833
633.417
613.046
611.157
617.769
628.435
648.806
691.972
693
694.333
694.438
687.826
689.715
646.549
645.521
644.188
644.083
633.417
662.972
670.917
688.611
675.389
668.81
664.817
662.928
662.262
666.255
668.144
674.722
675.389
688.611
670.917
667.708
646.238
643.53
639.78
631.759
649.454
652.662
674.132
676.84
680.59
688.611
686.722
686.618
685.285
684.257
641.09
620.72
610.053
603.442
595.421
613.116
621.137
624.887
627.595
624.387
627.595
609.9
606.15
603.442
581.972
603.442
595.421
591.671
588.463
566.993
549.299
546.59
564.285
572.229
601.785
584.09
576.146
546.59
560.813
575.442
580.917
582.806
576.194
581.611
610.986
617.361
619.331
625.942
620.525
618.637
589.262
583.787
569.157
562.782
560.813
627.813
646.285
652.66
654.743
659.167
718.583
723.12
716.509
710.352
709.796
708.06
718.616
736.31
757.78
759.947
749.391
731.697
710.227
708.06
700.116
682.421
711.977
719.921
690.366
708.06
645.713
640.296
637.574
624.352
616.407
629.63
632.352
637.769
640.213
610.657
584.106
555.329
538.681
525.069
522.625
530.569
501.014
493.069
475.375
468.796
464.803
466.692
466.025
452.803
459.382
463.375
464.042
477.264
475.375
479.889
500.259
504.384
508.134
516.079
581.315
582.343
588.5
638.444
639.778
639.882
637.993
631.382
629.412
623.037
608.407
602.933
573.558
568.141
569.169
589.539
596.15
606.817
649.984
651.317
651.421
653.31
655.477
662.444
682.815
706.162
708.759
722.981
730.435
737.046
747.713
747.609
745.72
788.887
789.914
791.248
791.352
793.241
813.611
802.944
782.574
739.407
738.38
731.769
730.435
780.38
774.222
724.278
722.944
723.049
722.021
728.178
728.074
729.407
730.435
773.602
793.972
804.639
811.25
812.583
812.688
814.576
807.965
797.299
776.928
733.762
732.734
731.4
731.296
729.407
730.435
736.81
738.894
743.431
810.431
869.847
874.271
892.743
886.368
884.285
879.748
812.748
753.331
748.907
730.435
732.324
732.428
739.039
732.428
730.539
731.873
721.206
700.836
657.669
656.641
655.308
655.204
656.231
699.398
719.769
730.435
719.769
730.435
750.806
751.75
794.917
796.25
798.139
791.528
791.785
771.414
728.248
727.22
725.887
725.782
723.894
723.998
737.22
730.641
717.419
718.086
722.079
728.657
726.769
728.657
727.991
723.998
730.109
797.109
806.248
806.352
805.019
755.074
748.917
747.889
754.046
803.991
805.324
805.22
806.248
804.914
804.81
802.921
823.292
812.625
769.458
749.088
755.699
766.366
809.532
809.275
810.609
810.713
812.602
812.859
811.914
818.525
829.192
849.563
892.729
893.757
893.861
895.194
888.583
877.917
857.546
814.38
814.123
812.789
812.685
810.796
812.685
814.019
820.63
841
884.167
884.271
894.938
888.326
886.438
888.326
888.222
886.889
887.917
844.75
824.38
823.352
812.685
805.231
791.009
788.843
768.472
745.125
768.472
775.44
782.894
797.116
799.282
819.653
812.685
810.088
812.685
823.352
866.519
867.546
868.88
868.984
870.873
864.262
853.595
833.225
790.058
789.03
787.697
787.593
794.204
814.574
812.685
811.352
811.456
812.484
818.641
868.586
869.919
819.975
813.817
812.789
812.685
825.907
840.13
850.796
869.269
876.236
882.014
909.282
968.699
1013.648
1034.019
1013.648
1006.426
1010.94
1063.44
1069.111
1071.833
1078.208
1064.597
1058.222
1055.5
1049.829
997.329
1001.461
1008.683
1004.169
1017.78
1013.648
1007.037
996.37
976
932.833
930.944
930.84
929.507
928.479
930.646
980.813
986.287
990.711
1017.979
1016.646
966.701
966.806
967.833
973.991
967.833
1017.778
1019.111
1019.007
1017.979
1011.868
1078.868
1084.979
1094.118
1027.118
1017.979
1003.757
1017.979
1015.813
994.343
996.509
978.815
1000.285
1017.979
1028.535
1017.979
1004.757
959.808
949.141
956.109
896.692
869.424
875.201
902.47
883.998
943.414
956.637
950.859
943.891
958.113
976.586
987.252
1032.201
1017.979
1017.313
1010.734
1006.741
1004.852
991.63
1002.185
1004.074
1006.157
1012.532
1013.949
946.949
942.412
923.94
928.477
995.477
1054.894
1059.317
999.9
995.477
1001.852
1003.935
1022.407
1016.032
1013.949
999.727
992.273
985.306
983.139
985.264
999.227
1001.777
1024.7
1004.7
981.777
979.227
986.068
993.386
995.514
989.468
988.459
988.357
939.32
938.011
893.88
867.107
881.07
894.052
912.189
922.661
966.793
993.566
1051.902
1057.575
1064.416
1051.434
1037.47
1030.63
1012.493
1002.02
996.348
938.011
932.693
924.893
937.875
945.675
943.275
945.948
951.266
953.666
950.993
938.011
935.966
938.093
945.13
950.505
954.848
981.62
976.245
926.991
924.864
935.227
937.273
935.418
941.677
943.068
932.705
931.314
904.541
898.282
900.136
895.793
904.766
910.766
976.548
967.575
961.575
895.793
881.83
884.38
907.302
927.302
929.43
936.748
943.589
957.552
955.002
948.161
940.843
917.92
915.793
912.382
899.16
892.192
886.414
859.146
799.729
754.78
814.197
841.465
847.243
833.021
839.988
829.322
810.85
855.799
874.271
888.493
901.715
912.382
918.757
924.868
927.035
928.924
932.674
939.285
959.493
960.752
942.28
937.856
939.94
944.477
1011.477
1015.9
1034.373
1027.998
1025.914
958.914
899.498
958.914
954.377
960.752
958.863
952.488
941.933
943.35
949.725
951.808
950.391
948.308
950.197
960.752
1020.169
1026.59
1037.257
1018.785
1033.007
1046.229
1073.498
1077.192
1070.225
1077.192
1078.637
1051.368
1037.146
977.729
932.78
922.113
908.891
903.113
893.975
900.086
909.225
903.113
836.113
903.113
895.947
893.78
921.049
925.472
932.639
934.806
940.28
935.856
930.382
903.113
895.66
888.692
891.289
877.067
874.9
854.53
877.877
880.044
900.414
914.637
921.604
919.007
895.66
903.113
930.382
943.604
957.826
976.299
986.965
1031.914
1028.22
1017.553
958.137
930.868
929.424
922.456
908.234
895.012
901.979
907.757
967.174
960.752
950.197
956.572
958.461
969.016
970.433
969.016
962.641
964.725
962.641
960.752
978.9
983.324
1035.824
1041.241
1019.771
1017.604
999.91
989.354
975.132
976.16
976.264
982.421
990.745
992.079
978.856
971.889
966.111
938.843
879.426
834.477
852.949
863.616
877.838
867.171
872.949
886.171
867.699
912.648
972.065
957.843
964.81
992.079
1005.69
1009.822
1015.493
1018.215
1022.729
1075.229
1081.604
1095.826
1089.715
1096.683
1098.572
1099.831
1105.942
1113.396
1115.563
1095.354
1088.743
1092.493
1088.743
1087.484
1081.109
1078.942
1081.539
1104.887
1104.798
1106.925
1105.07
1111.561
1117.82
1097.82
1095.693
1093.143
1112.984
1099.02
1091.702
1071.702
1078.793
1098.793
1091.952
1040.407
1034.839
1032.166
1025.907
1012.543
1008.486
1001.395
996.964
974.041
965.068
971.068
1036.85
971.068
965.068
974.041
967.782
965.736
961.282
895.5
877.364
873.02
814.684
815.993
817.848
817.95
824.441
834.914
854.914
897.295
898.305
904.564
905.955
932.727
934.773
932.727
937.07
942.445
973.991
976.08
949.786
945.52
939.373
941.194
951.373
950.007
947.917
941.007
935.728
925.549
923.728
913.442
911.621
911.52
910.234
909.243
889.6
883.225
885.047
885.147
886.433
887.424
845.799
856.085
897.71
904.085
923.728
924.719
924.819
923.533
929.471
921.444
915.507
914.516
914.415
962.576
963.862
962.576
961.585
961.484
971.77
978.145
980.283
987.099
987.342
977.237
957.939
959.728
959.827
961.09
959.3
918.406
912.143
922.248
904.748
894.643
852.059
858.66
852.059
846.586
859.112
833.279
776.989
790.463
807.963
794.489
837.072
824.546
850.379
855.853
912.143
912.241
914.031
907.768
897.662
894.049
935.674
942.049
961.692
961.444
960.158
960.058
958.237
968.522
961.585
962.576
963.862
974.147
980.522
979.237
981.355
1022.25
1023.224
1024.487
1024.586
1023.612
1017.349
1015.559
1005.454
986.156
986.057
945.162
946.952
947.925
949.189
949.287
951.077
944.814
934.708
933.735
892.84
891.577
891.478
889.689
895.952
892.308
902.594
922.237
963.862
969.799
968.808
968.708
969.993
964.056
1012.217
1010.931
1011.031
1012.022
963.862
971.049
968.545
946.031
959.746
957.195
955.068
961.909
954.591
947.75
950.3
973.223
993.223
995.35
981.386
974.895
974.793
964.32
944.32
901.939
903.793
910.284
911.593
909.739
911.966
943.88
943.982
942.973
953.445
973.445
1015.827
1016.836
1015.527
1014.136
1007.877
997.514
995.659
993.614
995.005
1005.368
1007.414
1009.268
1015.527
1081.309
1090.282
1081.309
1015.527
1021.527
1015.527
1013.3
981.386
983.614
1015.527
1015.63
1026.102
1046.102
1088.484
1089.493
1090.802
1097.293
1099.148
1097.293
1097.191
1095.882
1094.873
1052.491
1032.491
1022.018
1015.527
1001.564
974.791
916.455
903.473
859.341
848.868
830.732
825.059
818.218
850.132
798.586
859.8
866.345
868.895
851.077
846.734
849.134
851.361
869.18
873.523
925.068
930.386
928.159
896.245
890.927
880.455
860.455
870.927
870.825
828.443
827.434
826.125
824.27
817.78
819.634
819.736
821.045
822.055
864.436
870.927
890.927
922.841
925.068
922.841
890.927
889.918
889.816
883.77
834.734
833.425
834.734
835.743
841.789
890.825
890.927
848.545
850.945
856.264
849.773
839.3
819.3
817.445
817.343
830.325
829.316
821.516
808.534
805.861
800.543
803.216
801.907
799.507
807.307
811.65
809.523
774.347
768.873
764.449
737.181
739.347
766.616
773.782
779.257
781.525
814.03
781.525
779.257
781.854
788.521
786.076
788.521
785.924
779.257
716.91
779.257
782.961
784.678
787.4
819.262
830.137
859.512
866.479
867.507
869.22
880.095
882.692
884.637
906.106
919.718
937.866
935.597
903.093
905.361
910.005
942.509
940.241
935.597
937.866
938.894
940.606
951.481
955.185
957.782
950.815
957.782
971.394
968.796
967.769
966.056
964.111
953.236
949.532
947.644
943.894
937.282
917.074
923.449
929.56
930.819
932.708
936.458
943.069
963.278
965.444
964.185
962.019
955.644
949.532
938.977
936.894
930.519
929.102
927.213
924.769
922.171
924.616
957.12
959.389
926.884
924.616
931.282
933.88
996.227
933.88
927.213
906.843
856.898
871.12
878.574
885.542
882.944
906.292
908.889
885.542
883.375
869.153
861.699
854.731
854.627
853.6
847.442
852.034
850.725
850.827
851.836
857.882
906.918
908.227
910.355
923.718
921.168
917.532
906.855
905.173
904.164
897.323
883.959
890.8
891.809
895.445
906.123
907.805
910.355
906.305
842.255
834.455
830.773
810.773
806.341
804.114
772.2
774.427
806.341
795.664
766.823
795.664
764.382
782.2
779.527
777.841
779.75
782.761
764.943
796.225
798.898
809.575
811.261
790.182
776.818
774.591
742.677
744.905
776.818
763.455
756.614
755.605
753.923
743.245
739.609
737.059
738.968
745.809
746.818
735.134
745.621
749.192
751.696
745.804
736.991
742.884
751.696
687.089
751.696
754.201
814.321
816.679
814.174
807.746
747.625
745.268
751.696
749.509
718.165
716.29
729.415
736.134
737.786
735.281
745.768
746.759
743.188
745.692
744.04
743.049
736.33
739.902
742.677
736.632
687.595
686.286
686.184
685.175
687.725
685.325
624.111
617.566
615.016
617.416
678.63
685.175
683.493
672.816
669.18
666.63
679.993
666.63
665.62
672.461
674.143
684.82
688.457
691.007
684.166
685.175
683.266
701.084
729.925
728.239
738.916
736.243
737.93
727.252
698.411
680.593
711.875
714.548
711.536
714.548
716.457
685.175
687.834
714.607
713.598
716.148
714.02
724.698
723.016
712.339
708.702
706.152
709.789
723.152
729.993
734.336
739.711
740.72
727.357
720.32
714.945
716.627
712.284
685.511
678.67
685.707
687.834
689.661
697.373
703.832
642.618
645.168
651.714
712.927
715.327
712.777
706.232
703.832
723.832
734.305
740.795
741.805
743.114
785.495
787.35
787.452
780.611
779.602
777.92
767.243
763.607
761.057
747.693
749.82
763.784
770.625
768.075
754.111
734.111
731.984
751.984
745.143
722.22
714.902
722.22
724.77
747.693
767.693
765.839
765.736
764.427
763.418
773.891
731.509
721.036
714.545
716.4
716.502
717.811
718.82
761.202
741.202
747.693
758.057
726.775
716.098
687.257
708.336
721.7
739.518
768.359
779.036
810.318
812.991
810.318
808.632
810.318
807.307
805.398
787.58
794.125
795.98
798.53
799.839
797.984
797.882
796.573
795.564
753.182
733.182
722.709
716.218
777.432
778.441
778.543
773.225
779.716
718.502
716.102
713.552
715.952
709.407
705.064
687.245
697.718
717.718
760.1
708.555
736.809
745.782
758.873
807.909
811.995
814.123
812.814
810.959
809.95
810.959
812.268
812.37
814.225
771.843
814.225
834.225
814.225
803.752
814.225
807.734
814.225
814.123
820.123
814.123
864.192
873.004
808.397
799.585
797.763
778.121
736.496
742.871
741.879
741.779
752.065
745.69
787.315
788.306
778.02
778.121
779.942
778.656
798.299
799.585
802.089
808.518
868.638
870.996
868.491
862.063
801.942
799.585
789.299
789.199
787.913
786.922
745.297
725.654
719.279
721.1
721.201
722.487
723.478
765.103
770.978
781.083
781.978
780.189
800.529
802.156
819.349
817.721
815.143
828.037
817.735
789.906
772.713
742.529
722.189
724.768
754.952
765.254
793.083
780.189
782.754
794.121
792.835
791.844
750.219
743.859
733.386
753.386
755.241
755.343
756.652
757.661
800.043
798.189
808.661
815.152
814.225
814.123
815.359
821.85
825.532
827.386
833.386
839.645
819.805
813.314
809.632
807.777
806.541
800.541
794.282
792.155
811.995
814.123
811.45
831.45
835.882
887.427
892.995
895.668
901.927
915.291
919.348
926.439
920.18
900.18
893.089
889.032
875.668
824.123
818.555
814.123
807.577
805.177
743.964
741.414
783.795
784.805
786.114
786.216
792.707
792.605
791.295
801.768
807.094
806.103
807.924
788.281
777.996
771.621
729.996
728.174
721.455
718.951
696.438
694.348
680.634
660.991
653.804
655.625
718.531
720.42
722.094
770.469
768.379
761.469
756.19
751.924
725.629
727.719
731.984
758.279
763.558
755.984
754.19
760.533
768.107
768.406
762.063
761.962
760.676
754.301
753.31
711.685
704.625
694.152
696.007
696.109
697.418
739.8
759.8
770.273
776.764
774.909
775.918
804.936
812.736
830.109
817.018
808.045
779.791
781.918
798.264
847.3
860.391
869.364
897.618
895.491
846.455
842.368
849.448
851.13
872.209
921.245
941.625
951.989
955.139
1035.934
1094.27
1083.798
1081.943
1081.841
1080.532
1038.15
1018.15
1011.659
1010.65
1007.977
1006.291
975.009
964.332
935.491
917.673
904.309
883.23
964.025
967.175
977.539
956.459
907.423
900.343
898.661
817.866
838.245
779.909
781.591
788.67
837.707
840.718
850.441
840.077
819.698
816.548
807.575
801.575
735.793
743.593
714.575
731.948
736.093
718.72
710.92
709.239
628.443
608.064
618.427
611.348
608.336
559.3
628.665
618.487
638.502
648.051
651.145
687.037
693.868
695.491
692.452
700.502
691.282
693.106
691.282
630.545
628.787
627.17
687.907
689.666
691.282
688.295
695.009
750.328
770.317
780.144
760.819
763.806
783.131
859.748
861.343
798.493
796.871
786.871
752.761
745.808
793.969
787.325
777.602
780.261
777.602
784.682
795.045
798.195
818.575
899.37
841.034
819.955
770.918
769.236
688.441
685.291
674.927
684.65
687.661
723.542
725.194
718.241
698.225
705.886
722.949
751.449
734.386
726.725
722.654
674.493
661.636
645.583
643.493
634.681
606.931
609.02
625.074
673.234
686.092
694.904
722.654
802.007
850.167
853.261
863.44
870.393
890.408
911.112
912.763
902.585
899.491
866.809
863.798
856.718
855.036
774.241
753.861
812.198
802.475
800.77
736.72
734.866
732.943
722.58
719.43
721.111
801.907
804.818
807.968
818.332
811.252
832.332
842.055
850.227
791.891
770.811
690.016
688.334
639.298
646.377
625.998
613.016
615.689
607.889
610.289
623.27
628.589
636.389
633.989
631.316
625.998
652.77
657.114
662.489
699.033
650.658
624.364
620.098
618.009
612.73
614.819
619.539
611.827
611.523
582.505
574.705
557.332
555.65
534.57
524.848
517.768
436.973
428.8
425.65
422.739
412.375
430.511
436.77
439.43
436.77
434.643
428.384
422.384
420.53
416.848
410.357
390.516
389.28
391.83
393.764
400.843
405.186
411.034
414.67
440.739
431.766
403.511
354.475
341.384
339.257
322.911
343.991
386.373
388.923
396.002
392.366
385.286
411.355
417.202
391.134
385.286
380.943
379.009
376.459
380.802
384.439
386.989
388.923
367.843
370.393
412.775
433.855
391.473
388.923
381.843
355.775
353.225
347.377
343.034
341.1
343.034
339.398
346.477
372.545
376.182
380.525
383.075
388.923
386.373
343.991
322.911
325.461
367.843
388.923
391.473
387.13
390.766
396.614
392.977
390.427
388.493
395.573
389.725
363.657
389.725
394.068
396.002
388.923
410.002
452.384
454.934
433.855
431.305
388.923
381.843
355.775
349.927
345.584
348.134
345.584
347.518
351.861
355.498
353.564
349.927
357.007
383.075
388.923
370.786
364.527
370.786
388.923
415.695
413.568
409.225
403.85
377.077
384.114
389.489
393.832
350.958
353.125
396.292
398.889
355.722
353.125
374.595
353.125
351.155
354.859
357.456
361.88
367.836
365.238
372.449
368.745
361.535
334.984
329.028
324.604
351.155
353.125
350.417
353.125
374.595
377.192
355.722
312.556
309.958
353.125
356.829
361.252
367.208
393.759
400.97
402.94
399.236
396.639
394.669
387.458
360.907
363.505
359.081
353.125
358.542
362.965
415.465
433.613
436.382
442.493
524.785
531.451
528.854
531.451
488.285
517.66
560.826
582.296
560.826
565.25
562.653
560.683
556.259
550.303
523.752
516.542
512.838
520.049
527.271
545.419
545.523
565.731
592.282
621.218
624.968
656.829
654.231
611.065
589.595
608.067
613.109
619.22
625.595
644.067
637.692
619.22
611.998
591.627
585.956
588.678
582.303
579.581
565.97
561.838
557.324
504.824
525.194
529.708
582.208
587.88
594.255
607.866
611.998
619.22
616.512
619.22
623.644
629.118
621.951
616.477
612.053
609.887
612.053
662.22
689.488
662.22
633.285
665.146
638.595
618.387
600.238
593.028
592.924
600.146
603.896
630.447
659.382
670.049
690.419
710.627
753.794
771.942
779.153
779.257
775.507
782.118
750.257
751.285
752.618
752.722
754.611
747.389
765.861
760.819
742.347
736.236
741.278
747.389
758.056
756.167
762.778
761.444
781.815
781.711
824.877
814.211
815.544
815.648
817.537
810.926
790.556
789.528
790.556
747.389
754
768.63
775.005
780.479
809.854
811.743
813.713
819.13
808.574
815.241
897.532
901.956
908.067
903.644
874.269
868.157
785.866
779.199
776.431
805.806
808.574
819.241
825.852
846.222
889.389
890.417
891.75
891.854
885.243
887.132
866.762
823.595
822.567
821.234
821.13
819.241
808.574
807.241
805.352
805.248
762.081
761.053
762.387
782.757
825.924
826.951
806.581
806.685
808.574
819.241
812.63
801.963
808.574
809.602
815.759
815.863
865.808
867.141
910.308
911.336
868.169
874.78
885.447
905.817
907.15
906.123
908.012
906.123
906.019
904.685
904.789
894.123
887.512
867.141
862.1
843.627
837.516
842.558
848.669
867.141
860.766
842.294
848.669
867.141
910.308
867.141
866.113
866.218
845.847
835.181
836.514
837.542
839.431
850.097
856.708
850.097
848.764
848.66
846.771
851.375
854.034
851.375
846.771
857.438
859.326
859.431
860.764
861.792
904.958
925.329
882.162
888.773
882.162
881.134
870.468
870.363
870.468
877.678
895.826
916.035
942.586
971.521
975.271
1007.132
1014.354
1013.021
1012.917
981.056
977.306
948.37
921.819
901.611
883.463
876.252
869.03
867.141
871.565
867.141
885.289
879.873
827.373
879.873
885.289
867.141
873.752
894.123
937.289
938.317
939.65
950.317
948.428
948.532
950.421
943.81
933.144
912.773
869.606
869.502
868.475
867.141
893.692
953.109
959.266
960.294
960.398
959.065
960.398
959.37
959.266
967.59
917.646
911.488
893.016
887.975
906.447
912.558
906.447
911.488
911.384
917.995
928.662
949.032
992.199
990.31
991.644
991.748
985.137
986.164
965.794
922.627
921.6
920.266
922.155
911.488
903.544
890.322
887.6
882.183
879.738
887.683
900.905
903.627
909.044
911.488
884.22
879.796
874.322
824.155
821.988
816.572
814.683
785.308
779.833
765.204
758.593
756.623
750.248
756.859
763.234
777.863
783.338
785.308
787.197
792.613
821.988
820.1
819.995
818.968
812.356
801.69
781.319
738.153
736.819
755.292
760.333
762.222
766.215
780.438
791.313
820.248
823.951
826.72
820.053
813.942
784.567
780.144
782.912
812.287
818.954
816.185
898.477
904.588
909.012
826.72
826.616
827.949
877.894
884.051
885.079
885.183
879.025
870.701
869.368
868.34
886.813
880.701
862.229
857.188
863.299
868.34
849.868
843.493
861.965
868.34
850.192
846.442
846.338
839.127
807.266
778.331
751.78
744.558
724.35
721.641
724.35
724.245
723.218
717.06
715.727
717.06
723.218
723.322
724.35
674.405
724.35
719.308
700.836
694.725
709.354
711.324
740.699
747.074
748.963
754.38
747.769
745.799
739.424
724.794
722.905
693.53
688.056
694.667
700.141
694.725
723.66
728.701
747.174
720.623
661.206
687.757
747.174
746.146
747.479
747.375
753.532
754.56
804.505
803.171
803.275
797.118
747.174
728.701
722.326
725.035
722.326
717.903
665.403
647.255
641.838
559.546
553.435
524.06
519.637
516.868
510.201
491.729
462.794
457.752
476.225
505.16
510.201
508.868
458.924
452.766
451.738
451.634
458.245
451.634
457.051
455.081
484.456
478.081
463.451
457.977
428.602
430.491
435.965
450.595
445.178
451.553
453.523
451.634
504.134
509.806
512.528
518.903
532.514
536.646
557.016
552.502
546.831
544.109
537.734
524.123
519.991
524.505
517.282
496.912
444.412
451.634
425.083
365.667
425.083
451.634
448.926
453.968
482.903
464.431
435.495
430.454
448.926
442.315
435.94
434.051
428.576
399.201
404.618
389.988
391.877
389.907
404.537
406.507
413.118
418.593
447.968
454.343
448.926
467.398
496.333
501.375
472.44
453.968
448.926
422.375
362.958
355.014
341.792
339.069
341.514
348.481
354.593
374.963
403.898
406.62
407.287
401.87
399.426
407.37
420.593
426.009
427.343
440.565
422.093
393.157
398.199
427.134
422.093
440.565
411.19
405.773
403.884
398.41
383.78
377.405
375.435
368.824
421.324
426.741
444.889
449.313
453.016
455.613
457.583
462.007
467.963
494.514
501.725
483.252
454.317
472.789
467.748
472.789
501.725
498.021
496.051
491.627
498.838
525.389
531.345
535.769
537.738
541.442
535.486
508.935
501.725
504.322
501.725
494.514
467.963
470.56
472.53
466.574
462.15
460.181
463.884
461.287
457.583
464.794
491.345
497.301
501.725
508.336
519.002
539.373
582.539
584.428
585.456
586.789
586.894
589.491
562.94
558.516
556.546
553.949
550.245
557.456
563.412
567.836
569.806
573.509
600.06
594.104
586.894
588.227
586.338
586.234
584.9
583.873
540.706
520.336
513.725
515.613
515.718
516.745
559.912
580.282
590.949
597.56
586.894
579.683
583.387
585.984
587.954
592.377
598.333
624.884
632.095
629.498
625.794
599.243
593.287
588.863
586.894
566.523
571.565
600.5
618.972
613.931
584.995
566.523
566.419
565.086
521.919
528.53
539.197
549.393
547.539
546.53
588.911
589.164
590.473
590.575
592.43
585.939
575.466
582.011
584.684
628.816
621.736
625.373
627.923
629.857
634.2
660.268
667.348
673.195
670.645
668.711
664.368
658.52
632.452
628.816
618.343
617.034
616.782
574.4
584.873
578.382
620.764
620.866
622.175
623.184
629.675
629.573
631.427
629.573
620.861
641.231
634.62
636.509
636.613
637.947
638.975
682.141
671.475
691.845
648.678
647.65
646.317
646.213
644.324
650.935
661.602
641.231
644.935
640.512
634.556
632.586
629.988
626.285
633.495
660.046
666.002
670.426
672.396
674.993
667.782
641.231
639.343
639.238
641.127
640.1
646.711
657.377
656.044
699.211
700.238
720.609
720.713
714.102
703.435
683.065
639.898
641.231
637.528
634.931
632.961
628.537
622.581
596.03
588.819
631.986
630.097
629.993
628.66
629.688
636.299
646.965
667.336
668.669
668.773
670.662
664.051
653.384
633.014
631.986
588.819
594.236
598.66
651.16
669.308
663.891
611.391
606.968
588.819
641.319
646.991
651.505
657.88
660.602
653.38
649.248
635.637
629.262
626.539
620.868
600.498
595.984
616.354
623.576
627.708
641.319
588.819
609.19
652.356
653.384
654.718
654.822
656.711
650.1
606.933
586.563
585.535
584.201
584.097
582.208
592.875
582.208
588.819
570.347
541.412
536.37
536.266
542.877
553.544
573.914
572.581
573.609
574.942
618.109
619.998
613.387
602.72
582.35
539.183
538.155
536.266
536.37
546.926
565.398
572.852
574.519
576.602
581.139
583
585.722
583
627.949
634.616
589.667
583
576.389
565.722
565.618
564.285
563.257
520.09
499.72
497.831
499.248
509.803
511.692
513.775
520.15
549.086
559.961
562.729
564.618
569.66
588.132
592.125
588.421
559.486
545.264
534.389
531.62
526.579
508.106
504.113
507.817
505.928
520.15
501.678
499.595
497.734
496.067
500.604
490.049
485.512
478.058
479.919
481.586
489.039
507.512
518.067
520.15
531.025
536.5
539.097
559.468
561.898
591.273
593.542
643.486
643.59
644.618
645.951
652.109
654.192
654.502
665.058
683.53
690.984
692.65
690.984
689.123
687.039
682.502
687.039
679.586
669.03
650.558
647.961
627.59
625.322
619.847
608.972
638.347
640.778
661.148
663.417
666.014
676.889
647.514
652.988
650.558
632.086
634.169
636.03
637.697
645.15
663.623
668.16
678.715
668.16
660.706
660.396
658.313
653.775
652.109
654.831
648.164
645.442
600.493
607.16
652.109
654.079
652.745
652.641
652.745
653.773
659.931
709.875
711.208
710.181
704.023
654.079
664.634
663.218
656.843
654.759
652.87
642.315
643.731
650.106
652.19
654.079
643.523
661.995
669.449
671.116
672.977
670.894
675.431
685.986
667.514
662.977
665.06
663.199
655.745
654.079
624.704
627.134
624.704
604.333
602.065
599.468
628.843
634.317
645.192
634.317
654.688
656.956
651.481
654.079
656.801
670.023
662.079
670.023
656.801
662.218
659.495
654.079
656.523
654.079
664.634
683.106
690.56
672.088
674.171
678.708
668.153
660.699
659.032
657.171
652.634
654.301
652.218
654.079
655.94
661.718
662.384
729.384
752.731
751.704
753.037
754.065
754.169
752.836
702.891
696.734
696.63
746.574
752.731
782.106
771.231
768.963
748.593
746.162
743.565
738.09
708.715
714.19
716.787
719.056
739.426
741.856
745.481
740.944
722.796
718.373
665.873
660.456
658.373
647.817
646.15
638.697
649.252
630.78
649.252
656.706
658.373
660.234
662.317
666.854
664.993
651.771
651.104
622.169
629.137
635.248
655.618
684.553
697.775
699.109
699.775
692.808
672.438
671.104
664.993
709.942
716.609
719.331
716.609
671.66
679.604
672.938
690.632
720.188
718.104
720.188
722.076
732.632
739.007
740.424
729.868
728.451
722.076
720.188
690.813
688.382
685.785
715.16
711.535
691.164
693.595
713.965
716.234
718.831
724.306
727.931
722.456
720.188
743.535
754.701
760.479
748.48
725.557
659.775
657.948
658.602
652.93
652.275
653.911
649.457
647.411
657.775
675.911
683.23
685.057
687.102
691.557
681.193
663.057
655.739
654.102
652.275
652.173
651.164
651.266
652.575
603.539
602.23
596.184
645.22
651.266
652.275
669.648
640.63
632.83
615.457
644.475
652.275
662.639
680.775
688.093
689.73
691.557
693.602
698.057
687.693
680.375
662.239
660.411
658.366
653.911
652.275
646.9
643.341
645.891
643.664
623.664
629.039
631.266
660.107
680.107
682.493
653.652
651.266
661.943
659.393
725.175
748.098
760.09
754.313
753.646
742.479
719.132
719.442
725.22
725.887
775.831
777.164
777.269
778.296
784.454
783.12
775.667
769.509
768.481
768.377
757.822
739.35
737.683
735.822
733.738
729.201
679.257
681.979
637.03
643.697
650.118
643.451
613.896
621.84
639.535
669.09
651.396
643.451
640.729
678.334
667.657
662.282
659.732
657.505
655.118
665.795
694.636
665.795
671.17
651.17
653.557
655.784
658.334
678.334
676.289
674.434
664.07
670.33
672.375
674.23
684.593
678.334
676.943
678.334
679.343
679.445
685.936
696.409
716.409
718.264
760.645
761.955
760.645
759.636
717.255
697.255
686.782
680.291
700.291
742.673
749.164
759.636
761.491
761.593
762.902
763.911
762.057
761.955
762.609
762.305
761.65
695.868
672.945
674.773
680.445
746.227
769.15
763.477
746.105
738.305
709.286
703.241
654.205
652.895
652.793
651.784
651.682
645.191
634.718
614.718
612.864
611.555
610.545
612.4
618.891
629.364
637.768
596.143
637.768
638.759
640.045
640.145
611.819
609.475
611.819
609.632
607.127
617.614
622.893
625.397
620.118
609.632
637.958
657.6
659.788
640.145
681.77
671.484
663.693
621.311
620.302
618.993
618.891
617.036
617.139
618.448
619.457
621.311
641.311
651.784
658.275
651.784
694.166
714.166
707.675
709.53
707.675
707.573
706.264
705.255
705.357
685.357
674.884
676.193
682.684
693.157
694.166
651.784
649.111
642.807
649.352
693.484
686.939
689.611
692.161
702.839
708.214
710.441
699.764
702.15
730.991
725.616
723.066
720.839
700.839
698.452
669.611
677.297
612.69
612.047
606.475
604.681
669.288
669.931
692.444
694.239
699.81
677.297
640.357
647.393
657.866
664.357
657.866
647.393
627.393
585.011
585.114
586.968
606.968
607.977
650.359
649.35
648.041
647.939
646.084
647.393
649.439
655.698
657.089
655.234
653.189
646.93
645.539
635.175
645.539
647.393
652.961
632.961
625.87
621.814
608.45
602.191
599.518
593.95
542.405
537.973
557.973
565.064
578.427
584.686
589.118
640.664
643.336
647.393
657.866
657.764
656.455
655.445
661.936
619.555
599.555
589.082
590.936
591.039
592.348
593.357
635.739
655.739
653.884
647.393
646.384
647.393
657.866
677.866
720.248
721.557
721.659
723.514
717.023
706.55
713.041
693.041
691.732
691.63
689.775
647.393
649.62
647.234
667.234
669.784
675.159
685.836
688.223
659.382
648.705
643.33
640.78
638.552
630.007
659.382
679.752
686.363
697.03
740.197
742.086
743.419
741.53
742.558
741.225
740.197
740.093
729.426
722.815
722.919
702.549
659.382
741.674
762.431
783.9
786.817
793.484
781.284
799.42
802.08
836.132
834.337
828.766
828.123
763.516
741.002
721.359
711.074
704.699
702.877
702.777
701.491
700.5
658.875
686.777
694.511
699.79
704.652
722.464
726.73
698.404
696.217
693.712
683.225
680.882
675.603
655.96
653.335
646.906
690.25
646.906
649.531
655.96
659.531
665.96
672.335
720.71
713.799
711.978
701.799
703.165
709.313
711.321
709.313
711.134
709.768
719.946
713.799
715.473
717.295
780.201
782.089
775.661
782.571
861.924
881.94
902.643
900.031
902.844
900.031
879.328
893.089
812.293
777.169
758.697
760.965
767.632
786.104
788.813
768.056
766.086
772.664
777.178
790.4
787.678
774.456
766.512
769.234
774.65
777.095
785.039
782.595
777.178
822.127
824.85
831.516
786.567
783.845
777.178
785.199
806.669
809.877
827.572
831.322
834.03
768.794
718.627
716.669
735.141
736.4
739.169
745.326
747.215
812.451
814.41
812.674
814.41
812.521
801.965
795.59
794.174
792.09
790.201
772.507
769.299
747.829
745.12
741.37
744.579
762.273
783.743
786.451
794.472
786.451
790.201
872.493
875.41
896.88
903.546
905.815
908.523
926.995
905.525
902.609
952.775
934.303
955.06
952.792
945.625
863.333
860.625
853.958
833.201
815.507
812.299
790.829
788.12
784.37
776.35
794.044
797.252
805.273
809.023
830.493
833.201
838.243
809.308
803.833
795.813
791.389
799.41
828.345
833.819
852.292
833.819
838.243
833.201
850.896
833.201
829.451
826.243
804.773
802.065
810.086
802.065
804.773
826.243
829.451
833.201
836.41
843.62
845.333
910.759
913.67
916.682
924.855
934.577
944.941
950.986
953.705
950.986
949.75
931.614
925.568
926.805
944.941
923.861
921.202
918.052
900.68
896.998
889.123
906.495
927.575
930.234
933.916
941.791
944.941
948.091
1028.886
1030.568
1037.648
1058.027
1059.837
1097.533
1087.533
1084.493
1075.112
1082.998
1075.112
1072.206
1065.375
1063.752
1073.752
1013.574
1010.714
1008.826
945.92
944.098
942.424
963.127
980.19
983.283
985.895
978.161
961.098
957.482
954.871
934.167
931.074
934.69
942.424
936.531
929.813
930.455
929.813
910.17
938.071
957.714
963.607
976.357
948.455
949.741
948.455
955.174
942.424
985.768
979.339
976.714
933.371
935.996
942.424
934.397
927.444
924.35
904.335
902.683
823.33
833.509
836.603
856.618
919.55
921.173
928.004
887.281
890.239
899.788
895.068
884.705
892.877
895.595
896.832
890.786
872.65
871.414
868.695
874.741
892.877
889.195
897.07
900.752
903.411
924.491
921.832
924.982
917.107
899.734
896.584
875.505
892.877
827.12
824.412
805.94
840.541
921.336
941.716
962.795
965.659
967.886
947.507
950.657
948.975
945.825
935.461
945.184
938.105
929.932
926.92
917.198
920.209
928.382
935.461
937.143
999.761
1002.621
1012.799
1019.228
1021.839
1039.652
1037.464
1031.036
1010.333
990.317
987.504
939.129
859.777
866.152
862.58
856.205
849.777
853.348
859.777
856.161
848.426
865.489
868.583
865.971
848.908
851.52
830.817
838.551
842.167
839.074
859.777
917.071
927.25
917.701
926.513
932.857
935.67
939.52
943.498
949.069
952.819
944.792
937.839
934.882
932.022
935.116
955.132
891.702
893.384
900.464
981.259
984.27
973.907
970.757
978.93
977.248
969.373
966.714
949.341
946.191
925.111
921.43
915.384
897.248
896.011
893.293
899.339
917.475
918.711
921.43
1002.225
1005.375
1015.739
1017.42
936.625
943.705
923.325
920.175
918.493
908.13
929.209
987.545
1007.925
1000.845
992.673
989.661
997.834
939.498
911.089
897.125
886.448
883.73
881.875
876.925
873.289
869.368
851.232
852.914
859.993
909.03
912.041
831.245
810.166
751.83
743.657
753.38
733
729.85
732.761
735.911
746.275
744.593
737.514
818.309
807.945
810.345
812.895
819.441
880.655
836.523
829.977
827.305
876.559
842.625
924.917
927.625
912.986
919.532
922.543
926.085
846.732
843.873
840.779
858.592
856.94
859.752
811.592
804.638
783.935
773.757
771.569
768.958
762.529
742.513
663.161
653.612
650.654
632.842
630.029
624.092
641.904
624.092
622.877
620.208
626.145
628.815
630.029
612.217
606.938
611.203
606.938
602.076
629.978
647.79
640.056
612.154
619.888
625.167
630.029
623.6
626.105
632.533
692.654
695.011
692.507
632.386
630.029
628.815
611.002
613.672
614.886
632.699
638.636
635.967
630.029
632.533
638.962
648.982
651.339
648.982
588.862
582.433
579.929
584.281
571.156
567.172
560.208
540.565
535.096
532.471
526.324
521.971
541.614
548.578
552.563
565.688
571.835
574.46
579.929
630.554
579.929
582.116
588.545
570.732
522.357
443.004
430.68
427.668
424.805
418.259
423.736
421.028
462.627
480.764
483.675
486.334
489.345
492.209
562.772
565.129
571.558
631.679
629.321
619.301
612.873
615.377
612.873
606.935
624.748
623.533
624.748
630.685
628.016
610.203
612.873
608.895
603.324
607.074
612.645
603.833
600.083
608.895
615.239
611.388
615.239
619.217
616.404
610.06
612.873
640.775
646.922
665.886
709.23
726.73
729.234
748.877
790.502
791.493
792.779
792.879
794.701
804.987
811.362
804.933
744.813
742.455
739.951
742.455
748.884
751.241
811.362
852.987
853.087
854.908
848.533
838.248
818.605
817.614
816.328
816.228
817.513
815.692
774.067
780.442
790.728
810.371
811.362
825.076
818.647
812.272
808.701
812.272
818.647
825.076
807.263
809.933
827.746
828.96
834.897
832.228
826.29
825.076
826.362
824.54
824.44
866.065
876.35
880.274
886.537
885.274
887.064
880.8
870.695
870.794
829.899
828.925
809.627
810.601
816.864
826.969
820.706
810.601
805.433
825.076
866.701
867.692
868.978
870.799
868.978
869.078
827.453
827.353
826.067
825.076
828.045
830.656
818.232
821.138
823.901
830.217
765.69
717.315
796.667
830.217
812.717
810.151
808.002
801.686
798.923
796.018
798.827
796.018
798.333
857.399
859.548
862.009
892.803
899.118
892.803
890.342
888.026
828.961
833.737
851.237
855.428
860.614
868.213
895.625
868.213
860.614
855.428
851.237
846.461
828.961
828.862
822.599
824.388
824.487
825.75
826.724
867.618
886.917
885.127
891.39
872.092
831.197
829.934
840.039
839.066
828.961
831.11
800.316
798.167
828.961
829.059
834.893
882.208
883.471
884.445
901.945
903.138
905.761
904.568
887.068
881.235
878.612
884.445
871.308
875.631
873.519
833.33
832.373
831.131
831.034
800.772
799.013
805.168
795.237
776.272
770.116
771.875
773.116
773.213
774.17
814.36
833.325
843.256
845.532
903.58
901.304
895.097
901.304
903.722
845.675
843.256
841.144
836.821
867.084
869.196
909.386
908.144
908.047
907.091
926.056
935.987
942.142
901.953
902.909
904.151
885.185
875.254
875.351
873.593
875.351
869.196
827.347
829.765
848.075
845.657
818.718
801.821
795.886
837.735
854.631
881.571
887.506
869.196
867.084
897.347
899.459
869.196
868.239
869.998
888.963
895.662
896.619
886.688
885.446
885.349
883.591
843.401
824.435
834.366
835.246
836.487
836.584
830.429
827.894
815.584
810.541
803.144
810.541
822.851
825.386
830.429
832.705
830.429
837.825
842.028
845.519
890.896
894.672
913.316
911.078
913.456
919.557
889.807
883.706
881.328
938.392
968.142
970.218
928.899
931.175
929.063
927.89
910.692
904.959
902.381
900.623
906.778
916.709
935.675
975.864
976.821
978.063
978.159
979.918
979.039
969.108
962.409
961.453
960.211
960.114
941.149
941.052
939.81
939.907
940.864
946.597
947.838
946.881
993.381
946.881
941.149
910.134
907.325
904.419
901.656
823.695
817.379
815.23
812.664
809.748
840.542
842.691
811.897
809.748
806.985
805.721
805.623
803.833
800.149
799.175
758.281
738.982
728.877
722.614
717.14
713.232
709.45
715.682
724.34
728.123
731.807
737.281
728.623
731.386
725.154
729.061
739.167
744.809
749.086
755.928
757.901
758.428
789.221
791.371
789.221
758.428
699.362
693.046
690.73
688.27
686.121
716.914
719.064
688.27
692.546
698.779
694.502
688.27
690.419
688.27
719.064
688.27
690.136
715.289
720.932
725.123
728.632
731.092
737.923
739.186
786.502
792.336
792.434
791.171
743.855
738.022
737.048
736.95
737.923
707.129
704.98
701.471
703.932
707.441
713.083
738.237
740.103
737.643
735.776
731.586
738.417
713.263
706.432
700.789
704.98
702.52
708.559
735.971
717.34
674.757
657.564
630.151
632.612
649.805
692.388
686.349
691.007
663.594
655.996
650.809
646.618
629.118
624.342
651.754
659.353
664.539
669.316
686.816
691.007
716.16
718.621
722.129
728.961
725.452
722.991
721.125
716.934
711.292
686.138
679.307
684.95
686.816
691.007
708.2
713.331
763.068
767.259
773.575
767.311
770.82
777.083
770.768
767.259
765.996
765.897
764.923
759.09
760.353
807.669
813.502
814.476
814.575
767.259
742.105
739.645
743.154
736.322
743.154
768.307
773.95
778.14
780.007
782.467
780.601
776.41
770.768
767.259
760.658
754.868
735.57
708.158
706.895
706.263
693.737
668.583
675.414
700.568
706.211
710.401
712.268
714.728
718.237
712.594
710.728
707.219
700.388
697.928
693.737
713.035
753.93
755.719
755.818
757.081
758.055
764.318
774.423
777.932
780.393
782.259
786.45
792.092
817.246
824.077
820.568
818.107
813.917
808.274
783.121
776.289
774.423
755.125
761.388
771.493
790.792
831.686
832.66
833.923
834.022
835.811
829.548
819.443
817.654
817.555
816.292
815.318
774.423
727.107
721.274
724.958
724.86
724.958
725.932
731.765
779.081
770.423
769.16
768.186
773.66
777.443
780.206
786.439
795.096
791.412
785.939
782.031
778.248
775.485
769.252
770.515
774.423
777.932
780.393
784.583
790.226
815.379
822.211
818.702
816.241
814.375
810.184
804.542
779.388
772.557
774.423
755.125
714.23
720.493
730.599
749.897
790.792
792.055
792.154
793.943
794.917
784.811
783.022
782.923
781.66
780.686
774.423
768.384
774.423
771.963
767.305
750.112
722.7
725.16
682.577
709.989
728.621
771.204
788.397
787.423
746.529
746.43
727.132
717.026
710.763
708.974
683.82
683.919
677.088
675.825
677.088
672.897
673.871
714.765
734.064
744.169
750.432
752.221
746.579
744.713
742.252
738.743
732.48
713.182
672.287
662.182
660.919
662.708
660.919
659.945
660.044
659.945
660.919
701.814
703.077
709.92
719.851
726.006
724.765
719.032
718.075
717.978
671.478
690.444
700.375
706.53
706.627
706.53
705.289
704.332
664.142
656.496
646.39
640.127
646.943
647.186
648.45
646.66
648.45
650.239
646.325
652.588
633.289
626.447
630.362
617.467
611.428
608.849
603.476
607.752
657.489
662.862
665.441
671.48
621.743
617.467
636.765
643.607
653.713
673.011
685.906
686.879
685.09
684.991
683.728
724.623
717.807
698.509
688.404
682.14
682.239
681.996
683.259
696.732
683.259
700.759
704.95
710.136
702.537
710.136
705.36
677.947
673.757
656.257
683.669
678.482
683.259
683.16
681.897
683.686
681.897
681.996
681.022
640.127
620.829
610.724
604.461
610.724
620.829
629.091
669.28
670.237
671.478
681.409
687.565
727.754
746.72
748.478
749.72
749.817
743.662
733.731
727.305
725.515
725.417
724.154
683.259
682.285
683.259
676.996
666.89
647.592
646.329
645.355
645.257
643.467
602.572
583.941
556.529
554.068
548.029
530.836
548.029
505.445
511.485
530.116
572.7
600.112
602.572
652.309
656.5
673.693
668.561
618.825
623.956
619.765
602.572
599.064
592.8
586.485
592.717
596.5
605.158
607.921
604.237
609.711
605.803
602.02
605.928
603.164
596.932
588.274
591.958
586.485
614.314
620.103
698.064
704.379
707.002
711.193
767.482
810.325
823.219
835.851
841.89
847.93
861.789
939.75
967.579
987.919
1028.814
1031.274
990.379
1010.719
1008.259
1014.298
995.667
1023.079
1040.272
1081.167
1099.798
1102.259
1144.842
1127.649
1100.237
1094.197
1096.658
1076.318
1033.735
1031.274
1058.686
1066.285
1062.094
1056.908
1029.496
1021.897
1026.088
1043.588
1048.364
1043.588
1048.774
1031.274
1038.8
1043.932
1046.511
1059.037
1056.721
1051.59
1049.011
1036.485
1028.958
1031.274
990.379
970.039
990.379
1031.274
1033.735
1031.274
1010.934
970.039
967.579
970.039
1010.934
1013.84
1016.3
1013.84
972.945
970.039
1010.934
1031.274
1034.783
1045.086
1046.708
1047.682
1054.283
1067.178
1069.638
1110.533
1108.072
1067.178
1087.518
1067.178
1069.638
1075.112
1068.879
1066.116
1062.333
1058.425
1052.952
1049.268
1055.5
1058.263
1062.046
1065.954
1057.296
1065.954
1069.638
1067.178
1068.151
1074.752
1076.594
1080.103
1076.594
1066.292
1067.914
1066.292
1059.691
1046.796
1049.257
1048.283
1051.717
1045.928
967.967
961.651
959.029
931.2
927.009
929.632
935.947
895.053
874.713
872.252
913.147
933.487
937.678
998.127
1003.817
1031.166
1033.584
1043.412
1061.722
1019.873
1061.722
1078.619
1105.558
1103.14
1084.83
1087.248
1093.183
1066.244
1060.308
1043.412
1049.899
1050.856
1063.528
1065.123
1075.248
1078.696
1076.278
1078.696
1075.248
1073.653
1072.696
1066.209
1062.834
1061.024
1041.034
1000.845
998.427
993.384
976.487
972.369
923.489
913.364
909.916
897.244
909.916
916.403
917.36
918.955
916.537
914.942
918.39
911.903
914.321
913.364
923.489
919.287
913.162
919.649
920.606
922.2
932.325
919.653
913.166
912.209
902.084
898.636
911.308
908.89
907.295
910.744
913.162
930.36
934.478
939.575
947.043
952.431
947.737
930.539
926.42
918.953
892.013
896.707
891.61
898.097
900.515
903.963
914.088
901.416
894.929
896.524
894.929
884.804
881.356
878.938
891.61
890.653
891.61
889.192
899.317
900.912
901.869
908.356
921.028
908.356
898.231
896.636
895.679
889.192
892.64
889.192
891.61
878.369
895.265
922.205
928.14
925.722
907.412
901.476
884.58
842.731
845.149
818.209
860.058
878.369
865.696
859.209
858.252
855.834
854.239
844.114
840.666
834.541
830.92
827.203
823.362
817.983
821.7
824.416
830.541
839.05
836.334
773.046
776.73
774.107
767.792
771.7
765.91
738.081
733.89
725.232
729.423
735.213
813.173
819.489
822.112
849.941
855.414
848.572
844.658
857.553
851.513
848.934
843.561
793.825
789.548
808.846
815.689
819.603
825.643
828.221
833.594
820.7
801.401
851.138
855.414
827.586
833.625
777.336
734.493
721.599
708.967
702.928
696.888
702.928
715.559
728.454
742.314
820.274
742.314
728.454
771.296
827.586
832.224
829.763
812.57
785.158
779.118
760.487
717.904
710.305
705.118
700.928
683.428
678.651
673.169
595.208
589.419
561.59
557.399
554.776
548.461
552.145
556.053
559.836
551.178
557.41
566.068
562.384
556.91
553.002
549.219
546.456
540.224
542.987
548.461
546.145
541.013
538.434
525.908
518.382
510.855
507.303
503.395
484.096
479.82
418.018
424.25
427.934
433.408
437.316
441.099
443.862
452.52
447.046
443.138
439.355
436.592
430.36
421.702
418.018
413.379
357.09
314.248
308.208
295.577
289.537
303.397
290.502
368.463
354.603
360.643
373.274
386.169
429.011
485.3
513.129
435.169
441.208
431.103
430.577
424.934
420.658
413.816
411.842
401.842
397.566
347.829
342.456
339.877
333.838
320.943
317.029
310.186
290.888
288.125
284.342
275.684
270.211
266.303
260.07
256.386
242.526
270.355
326.645
369.487
382.382
395.013
401.053
407.092
485.053
498.912
442.623
399.781
386.886
374.254
368.215
362.175
284.215
256.386
178.425
135.583
122.689
110.057
104.018
90.158
84.118
56.289
0
