8.481
45.75
83.019
93.548
128.856
170.856
133.587
125.106
162.375
170.856
160.327
123.058
81.058
45.75
81.058
123.058
160.327
170.856
172.933
188.856
198.817
268.971
231.702
194.433
152.433
143.952
108.644
98.115
135.385
177.385
187.913
223.221
260.49
268.971
279.5
387.731
634.279
648.01
669.866
678.17
708.884
674.277
635.277
625.5
592.714
627.321
660.107
669.884
708.884
674.277
666.402
701.009
708.884
669.884
637.098
627.321
592.714
627.321
666.321
699.107
708.884
738.884
884.25
884.75
905.375
870.768
831.768
798.982
789.205
821.991
860.991
870.768
905.375
897.5
862.893
823.893
791.107
781.33
746.723
779.509
812.991
824.705
901.705
910.009
960.723
1189.661
1204.446
1579.446
1598.821
1525.833
1531.433
1613.1
1585.125
1607.547
1653.047
1659.445
1660.711
1715.93
1734.706
1644.458
1688.347
1705.347
1661.458
1644.458
1621.478
1569.507
1568.316
1659.445
1681.544
1733.515
1734.706
1781.176
1688.347
1705.347
1656.264
1543.201
1542.076
1586.316
1579.831
1659.445
1786.641
1787.906
1843.125
1862.25
1759.191
1805.662
1733.603
1727.581
1722.64
1701.537
1762.383
1689.539
1562.344
1607.844
1558.469
1631.313
1630.047
1652.469
1658.867
1639.742
1584.523
1563.375
1568.316
1659.445
1681.544
1682.735
1734.706
1644.458
1688.347
1705.347
1592.285
1591.16
1542.076
1614.787
1608.301
1659.445
1660.711
1715.93
1843.125
1741.191
1759.191
1805.662
1887.016
1870.063
1541.938
1480.882
1496.838
1705.347
1721.389
1899.451
1849.691
1906.428
1890.322
1989.215
1988.09
1939.007
1895.118
1782.056
1788.181
1815.097
1808.972
1782.056
1788.181
1815.097
1795.167
1730.417
1724.729
1783.36
1711.301
1706.36
1712.382
1755.206
1760.147
1832.206
1795.167
1815.097
1808.972
1782.056
1808.972
1815.097
1833.014
1834.826
1874.271
1881.875
1875.75
1848.833
1854.958
1881.875
1768.813
1745.479
1745.09
1729.049
1729.438
1745.479
1858.542
1881.875
1854.958
1848.833
1832.792
1772.903
1594.84
1632.537
1649.522
1705.64
1894.176
1957.588
1962.551
1757.086
1740.133
1822.542
1856.142
2068.258
2085.211
2220.563
2277.563
2337.188
2338.875
2340.914
2349.469
2375.719
2353.297
2307.797
2302.547
2296.148
2367.558
2289.858
2296.683
2175.563
2248.406
2188.206
2231.029
2235.971
2164.528
2191.444
2235.333
2242.938
2295.938
2319.771
2202.204
2209.02
2223.296
2269.796
2383.776
2398.053
2483.316
2492.711
2576.849
2601.007
2628.717
2633.243
2681.243
2686.77
2691.98
2564.381
2694.806
2778.281
2783.794
2790.794
2951.05
2855.952
2924.682
2957.614
2963.977
2994.977
2961.011
2968.141
3015.641
3038.533
2951.51
2988.125
3007.656
3066.281
3079.031
3086.578
3094.911
3134.786
3142.333
3176.083
3184.333
3251.833
3265.271
3296.36
3348.65
3359.5
3258.154
3269.692
3214.796
3141.607
3143.813
3158.277
3161.29
3192.844
3286.004
3229.086
3254.069
3258.897
3296.569
3315.5
3321.759
3346.241
3351.414
3406.539
3451.616
3455.237
3471.944
3475.565
3501.634
3430.15
3432.95
3478.95
3546.788
3549.6
3563.1
3479.565
3383.953
3434.578
3365.818
3388.727
3296.228
3324.86
3325.456
3328.368
3248.314
3253.414
3280.089
3302.661
3302.861
3333.661
3342.232
3260.642
3263.559
3308.986
3325.944
3363.861
3275.27
3313.297
3315.973
3341.757
3346.662
3375.797
3399.676
3400.486
3415.324
3424.041
3427.02
3340.783
3347.921
3348.454
3319.359
3352.878
3358.186
3334.801
3332.596
3302.712
3293.513
3291.359
3272.692
3270.067
3238.657
3188.316
3190.416
3192.975
3211.175
3161.28
3170.03
3146.86
3125.311
3146.744
3150.082
3151.588
3154.747
3161.79
3162.302
3163.098
3147.369
3173.036
3157.442
3158.977
3154.826
3155.297
3162.797
3189.901
3193.715
3215.971
3247.715
3249.669
3208.085
3233.861
3230.75
3213.194
3212.594
3230.594
3195.069
3188.269
3185.228
3195.994
3216.261
3218.172
3248.839
3258.172
3268.939
3273.539
3272.814
3236.814
3261.405
3194.359
3205.561
3213.194
3225.965
3226.604
3228.008
3234.152
3254.513
3301.614
3103.518
3120.213
3122.193
3133.173
3077.654
3224.891
3239.682
3251.057
3253.479
3255.542
3309.885
3306.969
3279.734
3212.961
3193.086
3170.628
3231.944
3252.242
3251.26
3257.276
3279.734
3273.016
3243.432
3214.995
3213.245
3122.245
3118.828
3094.547
3074.609
3094.547
3118.828
3125.547
3127.297
3130.714
3155.964
2973.889
3000.139
3000.274
3164.577
3174.464
3177.321
3177.464
3177.878
3171.755
3213.32
3219.355
3238.825
3230.425
3249.505
3257.155
3235.305
3238.875
3242.445
3227.955
3229.643
3246.338
3298.508
3307.108
3323.803
3327.433
3325.745
3316.565
3275.554
3262.726
3283.58
3274.071
3175.014
3169.896
3175.014
3125.551
3164.177
3171.132
3176.586
3181.518
3179.991
3199.855
3221.045
3228
3227.455
3230.748
3227.766
3190.94
3216.065
3210.306
3207.377
3129.377
3127.877
3110.788
3086.413
3065.6
3065.6
3088.45
3091.327
3116.239
3117.713
3141.66
3162.107
3167.765
3184.555
3196.52
3288.625
3304.125
3308.884
3310.68
3327.417
3337.947
3366.368
3368.105
3311.875
3335.822
3381.586
3364.507
3390.705
3388.345
3388.907
3390.39
3413.789
3423.203
3430.185
3446.081
3431.106
3428.036
3262.163
3411.816
3408.46
3381.002
3375.536
3361.807
3358.737
3386.195
3345.708
3349.008
3352.027
3365.527
3370.902
3367.569
3348.144
3354.269
3356.427
3356.09
3357.523
3362.623
3367.723
3207.355
3208.688
3365.673
3358.923
3361.081
3359.431
3286.631
3252.834
3279.041
3269.033
3246.41
3255.41
3257.131
3255.453
3236.346
3230.465
3229.088
3209.006
3250.356
3095.577
2954.869
2965.9
2971.335
2972.886
2974.159
2977.606
3268.363
3232.861
3231.053
3216.102
3227.98
3212.34
3210.217
3209.873
3219.881
3246.722
3244.077
3225.652
3203.275
3197.988
3174.709
3155.602
3154.225
3138.537
3110.819
3126.254
3131.456
3134.101
3153.687
3175.353
3175.675
3160.532
3179.032
3180.365
3165.222
3178.079
3179.704
3164.252
3153.427
3149.558
3138.058
3146.724
3159.974
3163.379
3164.744
3157.054
3154.831
3161.26
3164.403
3175.958
3184.315
3182.976
3175.536
3183.226
3157.268
3135.726
3133.554
3141.244
3153.244
3154.994
3150.688
3167.8
3155.8
3188.521
3188.205
3213.518
3219.494
3201.283
3190.189
3185.475
3188.826
3185.99
3220.58
3220.908
3228.08
3220.51
3212.283
3227.236
3220.533
3221.852
3223.492
3234.492
3241.211
3238.422
3233.383
3211.195
3189.867
3174.914
3156.703
3088.453
3085.891
3133.54
3148.73
3150.063
3171.73
3027.561
2895.928
2900.601
2902.978
2782.021
2670.74
2637.049
2638.352
2638.697
2639.043
2672.951
2673.214
3126.6
3141.323
3124.515
3122.9
3135.362
3166.671
3166.36
3199.677
3191.231
3218.731
3252.788
3253.738
3258.354
3257.852
3256.837
3243.317
3246.502
3221.908
3247.592
3239.492
3243.665
3232.035
3223.935
3219.762
3213.146
3211.823
3204.369
3164.238
3171.692
3165.808
3164.485
3162.962
3156.5
3116.311
3110.174
3093.621
3078.871
3076.598
3084.576
3085.576
3082.831
3055.748
3095.271
3084.294
3091.396
3104.044
3102.771
3102.771
3102.771
3102.771
3088.271
3085.786
3080.9
3060.218
3065.104
3067.589
3085.248
3099.748
3120.43
3139.05
3113.77
3115.006
3090.454
3088.395
3076.483
3095.708
3090.432
3091.938
3071.246
3080.224
3093.954
3029.719
3021.645
3000.954
3013.947
3046.502
3052.325
3071.55
3067.05
3078.167
3045.612
3031.583
3045.313
2985.864
2972.871
2968.882
2967.338
2976.316
2990.632
3010.706
2972.346
2972.449
2934.088
2895.728
2898.882
2888.441
2868.368
2867.46
2746.299
2747.741
2748.111
2753.815
2874.399
2855.175
2849.219
2841.189
2833.16
2831.919
2819.643
2830.298
2833.882
2795.522
2779.669
2775.423
2761.393
2754.771
2802.608
2816.847
2832.937
2837.246
2847.843
2835.384
2836.951
2829.72
2817.261
2806.396
2801.041
2799.513
2799.513
2799.513
2798.259
2797.006
2776.632
2755.438
2731.006
2726.119
2708.46
2693.96
2691.475
2665.588
2685.961
2688.409
2693.222
2694.476
2671.991
2696.571
2584.214
2586.491
2590.741
2702.426
2706.799
2707.755
2709.277
2716.908
2693.429
2691.908
2668.207
2679.946
2679.946
2677.917
2641.649
2673.034
2673.991
2680.784
2680.491
2672.861
2640.777
2639.531
2635.096
2648.627
2656.257
2658.134
2670.87
2673.457
2680.478
2664.855
2666.101
2663.232
2658.558
2644.688
2642.063
2669.006
2645.182
2659.256
2662.167
2685.991
2690.733
2702.645
2705.309
2697.235
2710.228
2689.934
2703.346
2727.897
2713.824
2690
2660.072
2657.447
2653.2
2659.156
2671.068
2663.943
2658.318
2656.774
2655.533
2658.197
2651.072
2649.807
2709.256
2715.432
2729.461
2725.472
2729.057
2726.145
2726.145
2715.028
2695.07
2694.761
2687.018
2692.294
2686.669
2688.875
2611.669
2604.257
2600.268
2604.257
2494.218
2568.162
2681.463
2667.39
2603.154
2600.743
2596
2575.926
2574.691
2557.551
2621.787
2642.669
2662.743
2665.154
2669.897
2671.132
2688.272
2702.346
2690.434
2626.199
2589.397
2587.853
2590.517
2587.472
2478.143
2618.86
2605.744
2610.054
2604.569
2600.259
2600.155
2593.886
2579.603
2563.513
2561.778
2560.132
2545.894
2544.416
2524.043
2507.953
2506.67
2485.67
2520.581
2514.445
2522.718
2517.831
2484.29
2464.483
2462.813
2460.54
2460.233
2456.123
2443.85
2425.29
2460.906
2487.982
2514.068
2510.717
2491.576
2491.166
2466.188
2467.5
2475.07
2500.623
2499.592
2417.561
2420.654
2470.734
2473.297
2467.32
2467.83
2492.809
2478.559
2519.316
2522.441
2525.566
2531.754
2534.584
2542.512
2541.179
2519.512
2501.012
2431.679
2409.139
2393.948
2391.345
2386.226
2389.631
2312.107
2302.579
2310.579
2313.754
2322.468
2344.802
2344.325
2344.742
2309.603
2317.044
2314.163
2304.472
2304.583
2306.155
2307.202
2288.702
2284.833
2215.5
2240.875
2239.304
2316.827
2324.827
2324.938
2360.077
2359.56
2356.274
2351.484
2349.429
2353.298
2342.028
2357.48
2357.369
2370.619
2392.161
2380.661
2372.661
2367.804
2316.929
2275.524
2278.75
2301.444
2371.895
2373.589
2354.79
2387.615
2390.494
2389.107
2404.542
2319.865
2235.188
2235.514
2241.683
2234.123
2248.373
2240.97
2271.454
2279.268
2266.204
2264.552
2267.891
2283.593
2283.593
2269.343
2281.028
2295.202
2298.123
2305.683
2390.361
2410.119
2417.679
2459.752
2471.204
2480.885
2483.806
2498.056
2503.843
2519.165
2534.488
2522.802
2508.552
2498.706
2506.52
2504.827
2491.762
2476.704
2528.399
2512.964
2497.905
2462.2
2484.893
2485.317
2478.784
2472.397
2472.724
2466.192
2464.831
2459.992
2431.161
2429.774
2402.847
2473.298
2512.166
2515.445
2527.084
2527.199
2530.174
2536.814
2538.621
2553.105
2553.436
2586.799
2599.75
2604.766
2604.652
2595.652
2594.029
2594.029
2575.093
2597.109
2595.754
2597.405
2600.865
2598.776
2587.421
2590.76
2608.381
2598.534
2565.71
2565.597
2560.94
2554.165
2558.823
2565.597
2557.177
2557.288
2557.609
2557.72
2564.149
2565.994
2580.813
2597.925
2596.591
2598.972
2600.817
2603.04
2604.885
2646.215
2648.777
2670.105
2674.82
2682.145
2677.363
2663.559
2631.76
2631.443
2619.1
2617.377
2578.806
2610.115
2610.427
2622.581
2636.173
2640.881
2654.912
2730.05
2732.042
2743.242
2750.304
2747.781
2747.377
2774.877
2813.377
2833.488
2825.388
2823.773
2821.25
2870.56
2850.448
2842.348
2845.135
2823.542
2829.337
2827.746
2807.939
2814.894
2790.672
2787.928
2783.042
2768.542
2765.542
2740.996
2728.723
2712.39
2708.015
2693.561
2644.998
2693.561
2697.936
2712.39
2728.723
2729.723
2717.076
2730.462
2734.837
2738.53
2752.676
2746.161
2744.491
2704.968
2708.661
2705.631
2713.903
2705.631
2705.938
2716.695
2717.104
2709.763
2697.794
2693.157
2679.771
2648.936
2647.265
2687.681
2689.377
2720.687
2732.84
2733.152
2746.744
2751.452
2764.294
2772.694
2764.248
2764.571
2826.763
2833.975
2859.66
2852.448
2852.137
2847.494
2878.35
2939.6
2960.509
2943.002
2953.599
2948.244
2961.118
2964.103
2964.59
2964.892
2965.295
2971.34
2987.092
2960.692
2984.888
2995.178
2963.792
2955.879
2956.183
2935.792
2931.444
2924.422
2921.313
2922.27
2800.509
2918.339
2919.822
2935.529
2931.996
2971.529
2971.838
2970.294
2981.412
2961.338
2931.41
2919.792
2919.494
2906.502
2902.002
2900.381
2900.678
2913.671
2915.292
2919.792
2949.721
2961.338
2959.882
2958.974
2964.25
2990.537
2989.566
2992.721
2999.846
3000.154
2935.919
2938.544
2932.588
2964.436
2969.711
2969.608
2966.667
2996.596
2992.349
2991.379
3035.634
3039.272
3036.071
3024.787
3017.265
3021.575
3054.616
3052.377
3066.312
3064.784
3071.634
3071.634
3064.638
3051.451
3067.627
3037.252
3035.606
3022.42
3017.853
3017.55
3005.759
3006.062
3017.853
3022.42
3024.065
3037.252
3067.627
3098.002
3019.644
2994.726
2991.524
2987.476
2957.101
2967.608
2967.608
3045.966
3050.015
3057.537
3059.985
3066.403
3071.757
3072.743
3058.213
3059.948
3060.261
3022.669
3082.118
3082.015
3050.167
3026.658
3012.342
3009.678
3010.914
2996.884
3002.681
3027.599
3030.308
3062.631
3061.646
3031.271
3019.479
3006.293
3004.647
3004.345
3045.229
3031.411
3010.093
2997.445
3003.241
2983.434
2965.584
2962.599
2973.465
2970.479
2971.401
2844.055
2968.446
2971.431
2979.625
2999.136
2997.203
2994.114
2993.711
2980.099
2983.084
2986.174
2997.457
2995.722
3010.006
3037.564
3017.607
3041.116
3034.939
3028.189
3032.689
3032.381
3035.006
3037.064
3048.182
3052.925
3061.903
3100.263
3132.11
3152.801
3150.743
3163.018
3029.37
3115.884
3118.09
3122.833
3123.219
3155.066
3168.478
3181.145
3188.167
3211.868
3213.553
3213.432
3188.173
3213.349
3211.525
3223.282
3233.282
3240.106
3243.127
3248.18
3238.18
3249.306
3225.954
3221.829
3234.382
3225.567
3244.681
3224.681
3230.597
3228.046
3247.863
3235.715
3232.898
3213.673
3156.736
3173.559
3171.043
3169.622
3176.934
3190.184
3193.569
3065.827
3167.319
3164.542
3157.542
3179.745
3174.432
3177.411
3200.789
3202.192
3177.705
3171.068
3168.13
3175.034
3187.527
3192.562
3214.964
3213.608
3208.183
3215.663
3228.156
3229.334
3219.409
3234.176
3234.08
3214.807
3208.385
3206.793
3194.003
3191.558
3196.592
3183.483
3161.08
3117.175
3094.305
3121.094
3115.469
3059.323
3059.042
3049.181
3048.806
3091.287
3107.702
3108.162
2982.155
2991.75
2997.223
2997.588
2997.861
2881.062
3124.246
3137.683
3138.613
3115.099
3101.949
3111.555
3108.998
3111.914
3106.21
3093.06
3106.21
3113.033
3109.6
3109.305
3132.819
3101.639
3102.509
3102.509
3101.579
3111.185
3110.815
3130.815
3125.111
3121.678
3109.234
3104.181
3091.805
3089.254
3083.866
3077.042
3070.44
3068.13
2943.747
3064.697
3054.697
3056.521
3079.555
3091.702
3089.151
3112.665
3113.595
3115.708
3102.512
3102.059
3126.469
3124.877
3118.589
3119.435
3104.589
3130.479
3145.325
3157.14
3144.072
3140.116
3125.349
3081.443
3096.211
3109.279
3153.185
3154.363
3166.856
3170.812
3154.031
3166.524
3169.863
3168.461
3127.671
3114.515
3118.593
3099.944
3142.122
3142.399
3018.357
3135.978
3064.06
3059.926
3057.481
3087.147
3088.325
3090.099
3145.476
3149.894
3025.556
3035.951
3041.99
3053.615
3053.707
3060.082
3195.33
3204.802
3204.51
3192.306
3192.024
3189.247
3160.981
3160.7
3160.408
3157.533
3144.241
3119.415
3063.269
3055.644
2994.977
2994.88
2979.908
2976.929
2857.852
2864.312
2910.741
2895.568
2882.373
2878.123
2868.262
2849.304
2842.793
2841.179
2831.068
2830.151
2774.005
2766.422
2755.922
2695.255
2694.891
2692.016
2672.293
2671.377
2651.835
2584.002
2516.168
2529.092
2526.07
2515.423
2515.423
2508.599
2515.423
2516.975
2460.039
2414.896
2420.321
2419.946
2396.096
2394.868
2387.668
2383.793
2308.793
2315.993
2390.993
2390.704
2394.579
2382.654
2358.804
2354.196
2333.911
2362.192
2348.975
2351.671
2279.847
2277.642
2261.704
2289.043
2264.634
2257.112
2243.5
2210.459
2190.203
2182.972
2150.649
2157.881
2164.731
2172.881
2174.924
2174.924
2171.722
2209.073
2209.177
2237.214
2237.214
2226.456
2226.047
2208.388
2208.388
2208.081
2207.587
2201.451
2207.587
2225.246
2236.004
2138.786
2197.373
2197.846
2198.237
2198.531
2291.123
2265.828
2262.797
2248.343
2246.381
2235.623
2261.617
2259.921
2252.467
2259.921
2261.617
2260.325
2249.125
2249.125
2221.625
2217.183
2249.264
2243.658
2243.658
2243.236
2236.064
2233.926
2225.395
2217.824
2224.996
2232.566
2241.098
2243.236
2232.236
2221.58
2244.304
2237.637
2265.913
2254.913
2252.706
2237.319
2235.444
2232.565
2262.115
2239.049
2222.948
2246.398
2253.565
2269.465
2271.746
2273.683
2327.102
2330.077
2327.796
2318.696
2310.621
2302.971
2289.058
2270.996
2278.646
2286.721
2295.821
2298.102
2289.327
2287.894
2280.244
2258.456
2292.604
2284.061
2275.85
2273.981
2257.811
2266.023
2267.892
2266.845
2239.75
2236.674
2228.894
2215.504
2200.53
2200.411
2200.411
2236.866
2234.634
2229.073
2159.375
2164.935
2202.274
2204.506
2218.127
2219.61
2289.308
2289.429
2304.662
2312.575
2303.162
2300.802
2292.888
2284.534
2286.894
2294.808
2304.222
2312.575
2349.515
2318.156
2261.925
2259.886
2283.955
2258.598
2249.946
2217.355
2225.315
2236.446
2296.92
2299.113
2308.255
2325.462
2357.259
2387.544
2376.634
2359.551
2359.551
2344.645
2341.967
2329.788
2236.038
2219.002
2248.434
2236.034
2206.58
2204.718
2229.185
2266.127
2264.962
2258.028
2249.368
2239.066
2236.483
2227.342
2237.644
2240.226
2248.887
2258.028
2300.264
2258.618
2285.993
2283.831
2274.331
2241.596
2223.713
2224.875
2203.315
2184.235
2178.46
2114.358
2120.133
2184.235
2203.315
2224.875
2259.138
2257.048
2247.681
2237.793
2226.651
2223.857
2226.651
2237.793
2247.161
2257.048
2285.07
2239.953
2185.609
2156.297
2149.578
2136.859
2133.943
2130.224
2114.474
2069.357
2015.013
2030.763
2037.482
2040.398
2044.117
2098.461
2084.349
2128.546
2141.005
2178.135
2182.604
2208.125
2230.583
2263.888
2268.966
2306.206
2314.456
2324.549
2313.174
2303.081
2300.229
2290.667
2290.245
2289.682
2205.464
2197.026
2182.234
2182.234
2181.813
2157.531
2156.852
2136.62
2151.11
2188.938
2189.478
2190.13
2223.52
2231.62
2232.025
2199.318
2239.227
2217.227
2117.554
2113.329
2115.579
2112.518
2131.13
2150.184
2150.184
2175.529
2213.997
2194.593
2239.041
2132.867
2178.797
2168.031
2215.804
2209.137
2261.568
2261.735
2321.318
2300.783
2293.598
2287.14
2275.14
2150.14
2156.598
2168.598
2293.598
2290.515
2282.836
2231.274
2212.464
2191.429
2095.179
2084.25
2084.083
2132.817
2086.72
2079.677
2069.433
2070.291
2123.196
2123.375
2080.791
2131.669
2138.888
2037.825
2027.7
2079
2078.481
2048.596
2005.788
1987.583
2039.03
2039.74
2058.424
2102.359
2113.016
2113.549
2163.01
2138.072
2138.888
2058.759
2054.659
2049.484
2037.766
2020.016
2017.109
2005.634
1978.684
1982.784
1985.691
2012.641
2024.359
2104.488
2122.238
2127.413
2138.888
2115.038
2088.088
2080.869
2052.042
2059.446
2083.907
2166.09
2193.731
2181.308
2176.731
2163.231
2139.292
2135.971
2113.439
2126.939
2131.516
2143.939
2166.471
2169.792
2193.731
2151.798
2161.385
2110.544
2085.895
2104.392
2015.361
2012.132
2055.779
2096.35
2143.075
2146.396
2197.468
2211.311
2262.177
2287.51
2376.542
2398.486
2406.507
2411.063
2419.563
2442.063
2447.618
2492.024
2491.83
2422.316
2491.83
2492.024
2346.191
2338.656
2324.656
2332.191
2282.78
2360.865
2303.875
2300.191
2357.534
2287.034
2266.601
2320.604
2281.521
2264.563
2285.563
2302.521
2298.821
2369.321
2373.105
2347.681
2352.378
2360.865
2350.207
2331.523
2287.589
2181.207
2180.497
2179.964
2207.382
2267.792
2287.514
2257.189
2302.311
2348.105
2348.964
2349.674
2350.207
2360.865
2332.497
2332.313
2307.743
2365.291
2357.182
2335.831
2336.02
2344.128
2348.953
2374.186
2403.321
2424.672
2430.024
2451.916
2454.895
2467.99
2482.828
2484.497
2490.294
2493.274
2501.429
2503.709
2507.764
2508.331
2509.061
2506.081
2492.986
2430.283
2443.033
2414.664
2389.559
2381.961
2297.615
2325.984
2333.582
2358.688
2443.033
2430.283
2492.986
2506.081
2443.033
2377.178
2376.993
2377.178
2380.391
2379.554
2379.035
2349.151
2348.458
2366.326
2355.668
2336.984
2290.889
2400.145
2401.027
2401.574
2433.074
2444.02
2463.209
2463.939
2509.061
2422.436
2374.125
2361.03
2316.831
2207.574
2204.432
2240.333
2200.889
2179.784
2192.878
2219.516
2243.516
2246.576
2292.625
2334.558
2320.881
2377.564
2365.141
2377.564
2380.391
2404.853
2389.419
2440.297
2499.899
2507.259
2561.253
2625.271
2663.842
2678.134
2655.905
2717.994
2695.75
2717.994
2655.905
2678.134
2666.598
2663.973
2651.973
2645.515
2520.515
2517.256
2509.577
2492.673
2491.896
2492.673
2495.932
2503.61
2520.515
2530.515
2585.247
2585.858
2588.869
2566.683
2559.968
2534.898
2518.94
2502.036
2492.393
2491.911
2464.161
2424.411
2423.768
2327.518
2326.741
2327.518
2337.161
2376.911
2377.554
2378.036
2416.744
2443.849
2460.36
2442.779
2435.279
2374.616
2324.253
2291.532
2341.842
2384.07
2380.655
2414.973
2419.326
2413.286
2475.393
2489.929
2497.607
2442.779
2460.36
2459.357
2459.19
2416.631
2382.821
2361.107
2264.857
2262.089
2185.777
2174.241
2187.384
2285.982
2329.579
2407.753
2429.997
2441.814
2417.485
2456.423
2459.19
2478
2478.482
2481.107
2529.563
2550.598
2557.884
2461.634
2451.991
2494.479
2493.683
2465.256
2464.598
2464.104
2423.384
2521.982
2539.299
2518.589
2528.232
2528.875
2529.652
2530.134
2557.884
2565.563
2588.348
2592.661
2611.946
2616.661
2655.232
2632.518
2507.518
2464.958
2348.673
2356.32
2374.728
2420.228
2425.661
2483.064
2508.848
2489.865
2532.497
2602.176
2654.359
2710.1
2717.644
2732.65
2719.994
2700.726
2693.262
2671.713
2669.024
2619.387
2618.893
2619.387
2669.024
2608.101
2626.911
2634.196
2655.232
2655.065
2645.065
2702.537
2652.899
2663.143
2663.314
2670.357
2719.994
2712.53
2693.262
2671.713
2671.22
2687.122
2684.366
2706.453
2706.959
2714.609
2651.088
2670.357
2719.994
2717.579
2717.579
2663.585
2643.226
2614.101
2616.458
2636.333
2626.506
2584.936
2559.866
2554.878
2545.669
2517.18
2571.31
2559.774
2521.711
2531.14
2536.247
2565.414
2576.949
2582.753
2547.759
2589.328
2626.506
2619.39
2601.017
2553.689
2533.142
2590.83
2590.348
2590.83
2639.286
2658.095
2665.381
2605.959
2626.506
2622.692
2604.32
2567.142
2560.026
2553.311
2548.66
2529.823
2536.939
2555.776
2560.427
2578.799
2585.515
2589.328
2626.506
2616.738
2503.157
2502.547
2559.048
2510.592
2510.11
2502.824
2481.789
2539.631
2520.363
2539.631
2527.619
2548.655
2491.948
2499.064
2499.535
2499.064
2491.948
2473.576
2529.845
2508.81
2520.363
2503.046
2462.326
2452.448
2353.851
2412.022
2411.206
2382.069
2381.563
2351.902
2361.78
2402.5
2403.159
2403.652
2404.448
2421.765
2460.354
2457.729
2494.902
2472.659
2495.43
2438.64
2460.354
2498.417
2499.988
2516.75
2520.655
2525.417
2495.174
2487.685
2472.125
2480.625
2476.225
2469.058
2447.792
2443.767
2425.767
2389.767
2394.167
2415.433
2422.6
2440.6
2444.625
2480.625
2477.514
2473.547
2415.581
2384.314
2370.747
2322.622
2358.227
2405.57
2438.593
2455.442
2457.884
2446.616
2443.913
2402.343
2381.134
2343.102
2310.078
2216.067
2141.529
2162.738
2145.858
2186.483
2209.119
2219.886
2259.508
2262.035
2297.587
2294.772
2326.239
2375.051
2363.085
2406.773
2385.061
2396.328
2418.041
2367.142
2370.085
2390.057
2402.023
2282.705
2256.216
2215.591
2177.648
2131.395
2143.288
2121.102
2164.42
2154.777
2038.491
2037.714
1985.006
2032.927
2083.075
2032.833
2017.442
1999.237
2056
2055.478
2079.328
2094.334
2171.302
2178.662
2243.074
2093.536
2129.536
2148.086
2166.086
2184.636
2216.192
2222.416
2245.851
2284.077
2299.056
2451.31
2429.56
2422.23
2385.412
2367.003
2362.886
2314.778
2336.044
2340.069
2358.069
2365.236
2401.236
2365.711
2357.211
2309.086
2320.94
2316.395
2300.395
2296.668
2295.168
2267.327
2271.054
2311.679
2313.179
2329.179
2337.872
2342.418
2317.586
2353.111
2349.035
2343.269
2382.884
2366.747
2362.631
2395.483
2431.482
2422.94
2427.253
2448.289
2462.58
2427.404
2435.747
2496.41
2512.922
2491.712
2480.445
2438.875
2400.843
2398.14
2365.116
2290.578
2196.567
2219.489
2201.722
2238.064
2240.647
2260.914
2271.681
2310.177
2299.056
2329.269
2349.63
2351.418
2358.279
2383.077
2386.566
2479.503
2508.545
2501.684
2484.449
2480.596
2446.128
2425.766
2474.196
2444.522
2419.185
2324.228
2293.359
2286.348
2282.783
2280.957
2260.152
2355.109
2380.446
2410.12
2440.989
2448
2468.804
2470.63
2474.196
2503.698
2506.095
2516.628
2510.068
2461.943
2461.943
2417.701
2396.962
2436.889
2328.356
2261.955
2276.884
2290.843
2289.091
2329.716
2375.969
2359.169
2365.875
2482.542
2534.747
2555.486
2516.628
2501.323
2474.693
2494.161
2489.717
2488.25
2484.606
2491.855
2483.162
2455.203
2490.728
2492.194
2476.875
2480.44
2328.577
2332.658
2340.464
2354.832
2501.397
2406.44
2381.103
2360.299
2329.429
2299.755
2297.929
2294.364
2315.168
2410.125
2411.951
2418.962
2444.299
2473.973
2504.842
2508.408
2497.875
2495.478
2497.875
2508.408
2488.111
2468.285
2520.686
2541.433
2543.883
2564.15
2557.733
2557.578
2548.244
2503.019
2499.375
2469.042
2443.142
2435.975
2414.708
2317.642
2286.086
2284.219
2310.119
2311.986
2409.053
2412.697
2391.117
2398.128
2427.802
2448.606
2444.258
2437.981
2403.228
2438.633
2434.989
2417.433
2410.633
2415.078
2421.878
2439.878
2446.294
2463.85
2467.494
2503.019
2500.569
2489.803
2492.253
2503.019
2477.119
2380.053
2358.786
2327.231
2323.586
2321.719
2291.386
2336.134
2305.486
2307.353
2337.686
2369.242
2372.886
2416.258
2389.646
2396.508
2394.162
2383.854
2336.487
2346.581
2326.643
2283.21
2252.997
2228.199
2226.412
2267.802
2264.236
2284.219
2314.553
2335.819
2339.464
2193.247
2194.997
2201.716
2072.203
2095.056
2127.792
2129.799
2133.681
2135.368
2135.765
2167.831
2169.772
2049.229
2075.285
2083.229
2096.377
2144.683
2571.169
2618.594
2645.082
2665.054
2667.997
2670.384
2679.077
2681.327
2688.185
2690.139
2657.866
2638.895
2657.866
2690.139
2700.571
2732.844
2742.389
2778.722
2810.085
2812.472
2812.631
2825.108
2846.327
2848.969
2849.71
2960.71
2982.392
2986.509
2988.463
2993.278
2982.511
2911.286
2891.019
2888.436
2856.881
2820.539
2730.706
2690.983
2780.817
2817.158
2856.881
2928.106
2938.872
2905.853
2925.679
2928.207
2924.641
2924.641
2922.815
2915.804
2915.804
2895
2865.326
2839.989
2799.926
2828.968
2859.181
2883.979
2885.766
2889.255
2920.063
2926.781
2926.927
2946.378
2969.138
2978.076
2941.084
2994.319
3016.436
3034.37
3051.406
3054.048
3071.982
3081.548
3084.342
3111.02
3112.735
3073.79
3077.75
3078.155
3057.703
3059.865
3062.61
3062.61
3058.689
3051.189
3049.895
3018.549
2983.5
2980.284
2956.265
2942.461
2984.924
2992.424
2996.346
2997.64
3011.444
3014.659
2980.243
3010.986
2987.901
2965.91
2962.816
2956.731
2938.675
2937.09
2909.572
2882.264
2912.015
2915.23
2938.083
2964.848
2991.832
2993.447
2999.649
3026.957
2987.901
3029.792
3047.819
3051.653
3052.153
3062.319
3062.924
3064.146
3048.684
3054.248
3055.782
3068.182
3060.364
3057.875
3055.761
3030.18
3012.834
2954.559
2951.314
2953.427
2800.664
2803.741
2806.101
2822.55
2829.963
2854.222
2872.907
2878.468
2878.588
2889.114
2889.463
2905.912
2930.693
2935.29
2793.26
2794.857
2825.341
3120.395
3122.223
3132.027
3147.429
3176.357
3180.188
3196.473
3167.27
3190.614
3196.078
3201.467
3202.645
3200.817
3211.536
3164.035
3209.798
3212.2
3165.506
3149.409
3149.289
3146.211
3132.591
3114.004
3108.832
3122.453
3126.151
3126.668
3142.392
3147.565
3163.662
3182.248
3182.369
3131.456
3130.032
3105.964
3031.93
3008.794
2992.574
2987.108
2967.354
2964.574
3006.989
3031.057
3031.566
3047.786
3060.6
3088.057
3088.4
3115.858
3118.231
3115.161
3113.703
3122.958
3141.326
3149.869
3126.867
3149.869
3163.597
3184.36
3182.165
3147.672
3120.214
3104.044
3093.871
3063.574
2980.794
2994.019
2988.817
2949.147
2965.884
3005.265
3036.084
3064.015
3102.183
3107.386
3137.498
3147.672
3182.165
3145.079
3137.429
3157.602
3165.545
3174.496
3177.742
3203.949
3196.006
3192.01
3188.494
3170.822
3144.615
3138.123
3160.633
3193.441
3211.712
3218.424
3245.519
3275.816
3284.028
3304.79
3308.426
3312.557
3319.04
3322.549
3308.4
3294.672
3308.4
3267.173
3268.273
3279.64
3263.74
3275.873
3270.844
3297.488
3325.081
3399.114
3412.504
3415.574
3417.354
3441.798
3443.198
3449.177
3433.617
3390.142
3409.567
3376.049
3385.049
3378.779
3380.5
3380.168
3373.135
3396.201
3417.631
3415.508
3433.275
3391.363
3388.169
3389.165
3395.335
3399.992
3399.466
3412.929
3445.754
3434.754
3448.927
3434.754
3434.427
3441.347
3461.105
3470.952
3468.694
3490.583
3493.228
3475.607
3453.349
3452.913
3464.655
3465.091
3444.006
3448.942
3457.796
3462.635
3477.694
3483.863
3486.508
3501.895
3499.637
3511.323
3518.097
3516.222
3514.528
3504.681
3507.609
3505.401
3513.216
3506.442
3517.442
3525.256
3529.913
3516.849
3501.147
3503.567
3492.115
3490.518
3503.583
3502.518
3530.256
3516.308
3511.518
3492.073
3488.669
3470.169
3459.343
3462.518
3465.393
3480.583
3429.708
3428.137
3402.423
3401.946
3400.321
3417.433
3419.183
3396.643
3397.06
3401.643
3380.893
3363.69
3392.063
3386.944
3419.248
3377.843
3352.468
3333.968
3356.508
3343.258
3320.925
3323.806
3318.948
3323.71
3289.335
3278.161
3324.865
3323.8
3320.575
3300.817
3275.032
3246.202
3243.556
3249.726
3232.518
3233.565
3236.169
3204.744
3182.94
3207.535
3210.612
3221.442
3228.058
3253.742
3228.819
3227.496
3234.708
3236.283
3186.973
3161.813
3099.621
3077.775
3070.321
3056.29
3028.79
3027.002
3076.312
3103.812
3105.6
3113.054
3127.085
3140.955
3165.733
3139.677
3170.052
3200.424
3210.758
3244.299
3235.981
3235.875
3237.153
3163.153
3161.563
3160.563
3173.949
3186.222
3186.222
3196.888
3203.991
3170.409
3168.841
3171.931
3154.535
3160.446
3162.685
3125.334
3111.722
3117.767
3117.662
3116.379
3127.244
3122.677
3110.218
3106.17
3093.054
3095.718
3094.073
3141.91
3140.265
3126.653
3159.881
3174.027
3187.845
3049.243
3113.845
3100.027
3112.299
3112.794
3114.097
3108.301
3111.051
3112.642
3110.568
3123.636
3129.432
3121.114
3113.773
3111.068
3096.922
3083.608
3081.646
3120.956
3128.41
3142.773
3131.142
3139.242
3137.95
3151.469
3149.946
3152.692
3154.685
3163.919
3153.898
3129.676
3131.176
3119.206
3085.665
2951.505
2951.897
2940.664
2940.954
3056.463
3043.59
3037.881
3023.946
3034.453
3014.198
3027.81
3031.011
3061.386
3073.177
3078.886
3111.209
3096.97
3097.457
3091.188
3075.013
3080.498
2948.477
2954.605
3085.256
3085.151
3082.703
3093.569
3090.614
3051.681
3047.371
3061.655
3075.894
3067.7
3060.468
3040.957
3032.808
3061.017
3046.778
3048.306
3039.194
3037.935
3037.632
3030.636
3032.203
3036.771
3043.767
3042.2
3031.386
3010.192
3021.006
3022.573
3043.767
3043.364
3040.409
3054.938
3055.33
3075.586
3045.211
3039.502
3034.935
3037.382
3034.181
3035.44
3027.918
3025.215
3030.569
3051.763
3039.304
3018.11
3015.021
3033.304
3041.453
3053.912
3075.106
2996.748
3004.606
2980.427
2980.819
2957.866
2960.807
2960.327
2958.822
2986.616
3007.498
3005.292
3004.051
3003.143
2995.07
2993.449
2993.14
2989.985
2989.588
2985.151
2986.392
2986.7
2860.502
2744.535
2747.434
2748.269
2748.633
2756.052
2760.13
2760.495
2786.035
3016.009
3014.3
3007.55
3005.138
3000.726
2997.682
2987.241
2940.107
2937.063
2930.169
2946.022
2952.915
2955.327
2962.077
2965.121
2968.6
2978.889
2980.574
2973.27
2972.976
2972.542
2971.585
2957.716
2957.716
2937.136
2929.179
2926.549
2863.245
2865.875
2879.092
2910.478
2889.044
2953.279
2953.665
2932.974
2944.592
2916.798
2908.724
2944.616
2947.319
2941.965
2937.461
2907.086
2898.127
2865.086
2792.19
2765.511
2687.153
2672.914
2688.867
2688.973
2679.879
2684.765
2687.038
2688.341
2691.341
2700.436
2700.845
2703.549
2743.072
2712.237
2691.674
2677.528
2704.612
2706.112
2738.618
2714.757
2727.944
2713.66
2687.724
2694.033
2717.857
2722.599
2734.875
2743.702
2768.563
2775.56
2784.519
2776.369
2769.138
2773.616
2708.422
2710.354
2711.34
2719.534
2731.325
2718.866
2602.343
2625.486
2627.486
2632.611
2640.454
2758.683
2746.593
2736.086
2741.996
2741.075
2750.187
2739.321
2743.799
2746.246
2759.433
2761.078
2774.265
2743.89
2746.979
2747.965
2744.763
2765.36
2781.666
2786.144
2788.187
2786.933
2787.325
2759.116
2744.877
2734.698
2731.989
2721.81
2737.985
2744.388
2724.015
2607.271
2719.705
2687.382
2676.875
2675.308
2672.86
2642.485
2638.175
2635.728
2631.16
2619.369
2595.509
2583.42
2619.532
2631.805
2634.29
2637.32
2641.956
2666.178
2670.553
2682.523
2659.881
2657.177
2668.461
2667.974
2665.54
2656.713
2669.636
2676.386
2666.033
2642.524
2640.112
2637.171
2619.156
2587.309
2586.338
2580.713
2554.426
2564.779
2456.408
2461.796
2361.993
2364.209
2272.097
2272.955
2293.716
2296.313
2597.825
2583.509
2572.855
2577.597
2583.774
2586.928
2585.384
2624.002
2637.219
2638.904
2528.95
2542.2
2542.297
2646.962
2645.44
2645.734
2635.183
2609.277
2605.092
2496.547
2509.797
2606.418
2588.665
2575.929
2577.147
2578.745
2567.295
2551.589
2558.241
2451.648
2552.024
2549.437
2502.986
2505.159
2484.58
2484.478
2478.261
2481.37
2476.043
2507.429
2507.049
2527.44
2541.549
2553.288
2547.549
2544.65
2549.976
2542.955
2545.58
2547.063
2540.27
2535.922
2518.168
2494.69
2497.277
2499.154
2498.774
2496.143
2513.034
2502.484
2501.237
2489.788
2502.592
2444.005
2423.426
2421.741
2375.29
2362.072
2355.051
2329.145
2305.444
2299.9
2299.9
2223.813
2232.661
2227.987
2227.607
2239.056
2258.002
2246.263
2260.132
2249.582
2236.777
2242.516
2213.022
2223.225
2210.007
2215.746
2214.312
2211.312
2217.051
2196.471
2197.993
2210.493
2239.987
2231.288
2229.114
2226.94
2233.962
2206.571
2210.755
2215.129
2190.933
2205.042
2203.013
2201.79
2201.79
2222.37
2242.761
2247.96
2261.178
2267.83
2231.562
2226.888
2195.502
2202.154
2207.353
2193.484
2191.886
2159.803
2164.237
2161.339
2180.284
2188.984
2188.984
2221.067
2218.067
2216.583
2212.236
2207.888
2283.975
2296.475
2290.736
2290.344
2297.975
2291.181
2293.058
2306.822
2300.498
2307.248
2317.954
2304.961
2306.671
2330.494
2319.377
2307.465
2302.965
2310.09
2308.634
2327.858
2355.653
2353.943
2359.568
2360.803
2365.241
2364.943
2372.686
2300.862
2286.789
2275.171
2288.901
2289.004
2286.092
2292.401
2292.787
2312.744
2313.053
2330.193
2329.807
2343.386
2371.595
2385.53
2384.545
2386.112
2377.918
2392.097
2394.336
2401.332
2402.586
2402.481
2462.817
2457.463
2458.94
2475.246
2472.045
2493.045
2492.06
2493.537
2491.299
2412.94
2408.127
2417.086
2420.071
2422.16
2433.951
2437.041
2371.847
2376.157
2361.918
2360.659
2354.256
2348.771
2361.644
2367.353
2378.218
2371.222
2350.625
2374.485
2342.162
2335.894
2333.185
2353.558
2345.409
2361.584
2359.345
2392.386
2399.909
2399.506
2403.815
2417.75
2412.041
2398.429
2406.287
2398.093
2369.884
2356.698
2367.981
2367.981
2365.534
2380.063
2380.985
2364.81
2385.81
2377.951
2364.765
2376.854
2412.373
2406.938
2302.288
2317.911
2330.647
2366.915
2460.002
2480.684
2479.133
2480.405
2465.951
2468.025
2469.576
2448.061
2440.958
2419.443
2410.348
2425.098
2414.432
2411.402
2405.606
2405.606
2381.384
2378.9
2378.9
2377.9
2377.9
2378.9
2381.93
2384.415
2402.975
2408.771
2435.854
2431.821
2442.328
2466.188
2486.562
2467.05
2442.871
2440.938
2447.341
2446.854
2436.257
2431.444
2429.401
2461.724
2461.724
2459.021
2454.517
2470.692
2481.976
2487.33
2380.73
2396.338
2397.838
2502.539
2504.274
2505.802
2498.951
2493.041
2480.582
2468.123
2456.034
2464.993
2484.504
2488.142
2500.231
2512.69
2514.425
2528.037
2526.104
2542.194
2533.082
2539.5
2541.146
2535.791
2536.776
2538.819
2526.729
2513.614
2501.823
2506.3
2485.3
2446.368
2446.681
2433.069
2435.649
2398.847
2399.233
2399.531
2446.665
2449.329
2450.785
2474.835
2468.526
2442.239
2444.252
2443.866
2471.752
2470.505
2470.114
2463.462
2460.875
2454.223
2462.922
2457.183
2455.966
2447.266
2451.639
2457.857
2464.509
2464.509
2467.139
2450.248
2473.949
2460.123
2446.355
2430.522
2424.978
2422.995
2416.342
2395.951
2395.658
2394.06
2393.755
2393.755
2380.538
2367.007
2380.538
2382.136
2395.353
2402.375
2409.679
2421.129
2415.389
2411.042
2404.248
2404.35
2391.545
2315.458
2346.844
2357.344
2354.236
2361.257
2384.736
2398.923
2386.647
2398.923
2297.56
2307.764
2330.798
2414.403
2386.608
2410.658
2410.956
2424.368
2456.923
2449.798
2448.088
2459.706
2462.331
2460.875
2461.272
2460.886
2463.827
2459.505
2465.049
2449.342
2440.495
2427.995
2413.886
2415.321
2394.388
2397.216
2411.123
2397.216
2387.159
2462.159
2464.159
2469.409
2469.875
2456.538
2455.123
2452.536
2445.979
2465.693
2453.371
2473.086
2468.775
2471.325
2476.789
2483.346
2480.389
2487.086
2487.514
2486.314
2466.814
2467.243
2486.743
2455.805
2457.268
2436.039
2429.996
2429.127
2431.437
2418.592
2391.972
2381.718
2379.894
2379.894
2379.796
2372.972
2357.585
2343.873
2307.134
2305.162
2300.109
2287.264
2274.114
2270.048
2253.632
2241.255
2237.03
2225.903
2218.488
2210.033
2208.396
2185.88
2155.379
2153.9
2143.252
2124.137
2092.958
2086.901
2073.19
2053.373
2030.34
2028.787
2056.27
2048.748
2047.334
2065.556
2059.339
2029.844
2026.946
2011.322
2011.029
1947.725
1945.741
1926.795
1919.491
1915.306
1899.473
1887.734
1884.835
1906.928
1883.419
1882.449
1880.037
1848.189
1837.836
1819.822
1793.535
1819.822
1830.175
1853.684
1885.531
1891.156
1894.097
1896.509
1914.524
1915.494
1910.994
1897.265
1893.018
1891.513
1889.5
1878.382
1845.827
1865.519
1861.881
1837.701
1826.888
1852.977
1852.659
1845.705
1836.61
1822.216
1821.216
1810.186
1807.701
1800.064
1783.644
1722.394
1721.121
1718.371
1685.559
1661.337
1642.777
1639.527
1612.443
1596.11
1590.11
1582.769
1579.076
1597.636
1604.977
1610.977
1614.67
1617.92
1645.004
1661.337
1685.559
1667.9
1666.348
1664.076
1644.269
1642.996
1655.004
1650.362
1644.477
1637.023
1635.5
1613.654
1604.277
1616.492
1639.032
1674.171
1687.421
1688.992
1686.159
1684.587
1689.065
1662.935
1640.919
1640.484
1618.226
1638.873
1630.93
1613.258
1612.723
1590.346
1549.322
1521.725
1494.469
1503.299
1493.125
1491.39
1489.419
1486.064
1470.606
1485.612
1485.612
1482.489
1494.638
1465.947
1483.929
1415.455
1428.25
1421.167
1414.361
1415.009
1414.627
1414.061
1410.693
1410.198
1404.75
1398.976
1368.814
1365.04
1361.946
1346.663
1331.757
1337.531
1342.979
1346.752
1361.658
1391.821
1394.915
1410.198
1379.342
1387.599
1384.966
1376.716
1367.702
1363.856
1387.853
1387.716
1371.195
1354.982
1353.635
1309.439
1305.357
1329.135
1303.615
1323.213
1336.674
1326.656
1291.131
1339.256
1343.7
1370.922
1410.644
1426.289
1461.814
1465.458
1466.925
1475.425
1466.925
1478.673
1467.662
1464.719
1444.747
1423.528
1419.472
1407.506
1376.483
1375.801
1378.744
1399.963
1410.974
1422.94
1442.912
1446.969
1446.969
1461.206
1480.619
1513.642
1490.098
1427.845
1445.941
1418.991
1395.65
1392.894
1370.094
1372.85
1396.191
1418.991
1398.741
1429.529
1408.76
1387.356
1408.76
1429.529
1410.952
1374.542
1371.849
1390.426
1393.119
1429.529
1411.478
1406.349
1365.359
1369.053
1367.316
1363
1352.934
1305.895
1282.659
1277.764
1283.169
1266.946
1257.25
1300.456
1274.78
1204.28
1218.01
1193.469
1195.302
1229.33
1254.635
1259.068
1272.974
1291.5
1301.566
1370.211
1379.651
1398.336
1421.586
1409.494
1424.885
1429.529
1421.837
1394.196
1373.939
1385.526
1422.784
1417.959
1418.149
1426.257
1451.49
1456.314
1477.666
1506.801
1502.368
1500.584
1442.054
1393.743
1421.833
1442.343
1396.668
1390.954
1355.954
1315.382
1291.532
1315.382
1318.288
1309.788
1265.382
1260.826
1274.279
1268.564
1282.051
1273.559
1279.441
1287.934
1311.757
1358.776
1367.776
1391.011
1395.835
1392.592
1365.132
1338.309
1365.833
1360.424
1360.424
1331.515
1369.492
1365.215
1363.867
1369.625
1374.04
1377.79
1391.661
1437.048
1492.301
1522.113
1483.832
1468.691
1509.149
1451.488
1438.714
1403.94
1396.077
1389.325
1402.169
1409.089
1460.657
1453.293
1468.434
1480.809
1488.426
1522.113
1496.801
1470.715
1496.801
1522.113
1504.957
1504.957
1504.957
1504.113
1503.457
1542.222
1591.571
1639.056
1636.147
1587.181
1614.054
1664.768
1694.58
1689.955
1672.652
1715.102
1745.159
1779.815
1772.675
1810.02
1829.4
1834.58
1869.73
1804.683
1824.933
1854.81
1912.563
1893.438
1966.761
2048.705
1903.017
1897.733
1865.46
1856.369
1819.551
1783.642
1776.188
1762.278
1749.153
1676.489
1749.153
1785.972
1793.426
1829.335
1838.426
1852.335
1865.46
1832.528
1767.983
1763.21
1767.983
1832.528
1865.46
1827.517
1762.972
1800.915
1865.46
1827.517
1790.699
1863.364
1907.614
1972.159
1989.545
2045.227
2094.489
2157.216
2179.239
2188.648
2193.932
2215.239
2228.875
2250.898
2199.902
2232.772
2253.152
2279.696
2322.022
2360.435
2386.533
2427.125
2433.647
2436.332
2457.397
2517.397
2521.065
2528.196
2537.196
2546.522
2582.815
2583.728
2584.033
2587.701
2592.495
2593.375
2634.853
2540.38
2459.825
2463.785
2491.945
2496.595
2503.855
2665.555
2700.895
2718.095
2753.245
2701.466
2713.236
2742.313
2743.322
2778.399
2801.486
2708.903
2684.839
2704.446
2616.362
2654.034
2611.793
2604.397
2549.272
2532.565
2495.392
2481.737
2473.332
2411.694
2420.099
2355.579
2391.513
2432.346
2411.544
2463.113
2470.032
2482.806
2531.547
2544.672
2550.859
2606.719
2675.898
2684.375
2726.785
2731.473
2748.535
2751.223
2807.082
2727.508
2740.538
2762.598
2791.508
2792.144
2794.75
2727.667
2702.371
2659.341
2656.341
2706.684
2720.184
2730.735
2746.221
2694.9
2733.9
2747.293
2794.018
2809.061
2780.684
2754.75
2732.806
2732.611
2727.653
2719.319
2689.375
2719.319
2719.514
2724.472
2732.806
2758.74
2780.684
2800.406
2813.865
2879.706
2883.49
2846.193
2849.03
2805.824
2810.649
2805.329
2813.816
2821.711
2832.763
2812.868
2848.582
2852.53
2871.688
2893.655
2929.576
2958.112
2896.759
2860.424
2883.765
2860.104
2862.104
2873.64
2850.765
2905.293
2905.974
2919.849
2911.497
2850.131
2847.931
2849.797
2847.922
2855.089
2871.889
2850.256
2845.489
2822.489
2827.152
2830.196
2832.478
2841.283
2865.033
2858.38
2894.674
2915.478
2985.155
3008.715
3009.155
3037.573
3038.226
3035.698
3027.383
3027.954
3007.658
3011.538
3020.864
2990.864
3002.799
3011.603
3012.255
3017.554
2986.685
2968.538
2972.476
2959.204
2959.644
2994.397
2956.75
2957.309
2968.511
2916.76
2910.474
2912.896
2906.646
2888.24
2898.74
2918.531
2928.625
2911.234
2918.708
2904.042
2923.979
2931.948
2921.854
2928.573
2926.781
2904.021
2819.802
2835.552
2831.24
2848.63
2867.63
2864.505
2878.714
2880.901
2923.299
2942.299
2897.11
2906.997
2884.88
2865.411
2827.103
2834.753
2803.189
2763.284
2766.225
2762.725
2736.904
2713.346
2715.582
2713.346
2739.885
2708.435
2723.627
2732.945
2714.675
2713.488
2728.68
2719.363
2733.363
2783.526
2756.613
2802.787
2794.824
2768.684
2769.161
2776.98
2806.434
2806.052
2811.916
2818.87
2838.47
2828.489
2836.307
2827.498
2817.925
2801.948
2799.593
2796.348
2779.373
2795.35
2787.532
2794.214
2776.514
2784.314
2786.175
2815.63
2799.566
2752.074
2749.145
2735.038
2720.574
2717.002
2711.538
2682.991
2677.835
2680.763
2695.228
2723.775
2737.882
2741.453
2746.609
2752.074
2749.395
2741.199
2724.109
2692.19
2660.27
2658.77
2655.074
2654.712
2678.946
2671.446
2663.076
2664.179
2632.259
2635.5
2645.304
2674.232
2580.482
2577.241
2566.339
2567.839
2608.474
2597.943
2612.154
2636.364
2636.825
2693.055
2705.827
2700.564
2719.476
2717.634
2717.279
2724.226
2745.717
2737.217
2754.007
2751.375
2738.603
2737.123
2749.895
2757.947
2701.717
2711.349
2695.349
2682.893
2707.577
2691.713
2696.886
2711.278
2721.627
2703.041
2721.877
2721.425
2735.817
2733.231
2709.696
2714.972
2739.455
2736.041
2729.446
2704.963
2676.179
2666.765
2658.683
2664.244
2702.412
2792.929
2783.851
2790.188
2781.11
2782.593
2786.795
2778.442
2778.804
2775.976
2762.942
2766.511
2758.429
2750.075
2758.429
2688.731
2701.222
2728.784
2721.802
2732.328
2719.293
2713.108
2700.556
2700.918
2699.108
2706.349
2707.797
2710.03
2720.379
2711.69
2712.754
2722.22
2698.427
2718.522
2733.754
2736.582
2744.664
2734.315
2804.013
2808.216
2817.681
2819.685
2824.888
2809.164
2823.556
2820.433
2796.175
2788.933
2815.697
2859.909
2846.519
2843.449
2855.008
2810.797
2817.025
2801.568
2802.013
2787.119
2764.962
2756.038
2724.004
2718.538
2736.809
2735.386
2720.492
2706.343
2713.462
2713.017
2711.047
2698.233
2726.53
2721.932
2753.966
2778.034
2776.165
2792.335
2769.333
2769.214
2796.672
2824.129
2807.96
2815.739
2856.31
2862.91
2864.317
2887.767
2881.392
2869.258
2856.092
2840.142
2838.392
2839.421
2838.921
2812.277
2810.844
2795.01
2772.392
2699.592
2705.717
2689.767
2689.429
2723.348
2669.929
2667.596
2663.533
2658.158
2634.492
2611.873
2599.74
2593.615
2556.719
2550.119
2561.485
2543.277
2540.252
2539.902
2562.521
2546.688
2549.421
2519.629
2559.309
2556.936
2594.458
2612.975
2627.593
2629.788
2638
2640.373
2571.856
2584.195
2581.653
2595.801
2590.335
2592.708
2574.436
2567.148
2532.763
2548.323
2539.923
2547.735
2548.279
2561.779
2563.938
2579.138
2589.313
2601.388
2578.638
2577.238
2583.838
2627.313
2539.813
2553.313
2549.738
2526.288
2516.283
2518.442
2520.775
2540.498
2538.125
2510.667
2526.837
2494.803
2490.672
2481.748
2473.536
2473.18
2452.417
2434.146
2433.638
2440.909
2433.638
2441.85
2436.765
2440.273
2484.485
2489.672
2488.248
2500.587
2502.557
2508.638
2517.892
2536.163
2537.841
2493.629
2502.172
2489.833
2479.835
2502.454
2501.954
2516.903
2482.409
2476.328
2402.294
2392.121
2376.019
2331.807
2319.773
2321.231
2324.621
2318.54
2355.392
2345.927
2357.685
2267.168
2291.443
2307.822
2288.809
2334.572
2339.836
2325.191
2349.138
2370.629
2389.796
2389.336
2360.914
2368.441
2370.842
2364.132
2370.842
2381.259
2379.752
2381.288
2368.35
2334.6
2353.953
2321.498
2323.007
2315.901
2244.98
2247.382
2267.829
2244.02
2238.726
2237.643
2235.603
2236.686
2240.963
2243.419
2226.682
2226.221
2224.713
2199.8
2224.011
2215.511
2215.143
2218.651
2210.151
2219.73
2275.961
2282.408
2275.039
2292.118
2253.281
2261.781
2278.86
2164.917
2254.649
2265.36
2243.868
2245.664
2248.066
2264.066
2280.066
2274.408
2271.776
2269.504
2279.083
2282.557
2284.031
2285.965
2273.193
2291.911
2295.152
2294.569
2301.132
2291.328
2279.15
2271.489
2284.167
2307.511
2213.761
2194.252
2197.487
2196.384
2109.17
2092.08
2063.152
2080.241
2080.71
2088.21
2126.882
2133.444
2142.096
2140.993
2132.623
2135.864
2140.708
2157.379
2173.071
2165.393
2153.214
2133.705
2125.054
2131.46
2129.384
2128.915
2144.607
2136.411
2111.286
2095.509
2108.509
2061.929
2063.804
2076.804
2088.982
2085.286
2038.705
2046.205
2031.299
2036.143
2021.679
2046.321
2082.663
2092.413
2107.319
2109.395
2094.489
2094.864
2074.051
2103.864
2102.036
2095.473
2129.223
2114.759
2119.112
2110.46
2126.152
2118.491
2125.321
2122.821
2113.018
2119.848
2103.176
2105.621
2096.969
2003.219
2011.589
2028.973
2048.326
2047.857
2056.509
2058.016
2059.891
2077.48
2075.916
2095.62
2084.52
2091.202
2099.002
2079.298
2087.116
2080.434
2033.007
2045.807
2061.87
2157.325
2157.707
2160.434
2158.08
2155.725
2158.27
2151.589
2161.516
2198.518
2187.418
2266.836
2271.768
2318.415
2318.998
2344.123
2338.364
2374.705
2367.205
2350.92
2352.455
2346.991
2371.634
2361.83
2374.402
2367.571
2373.33
2367.866
2365.366
2366.902
2379.902
2389.705
2378.987
2393.893
2390.321
2380.571
2378.127
2380.203
2373.132
2333.6
2366.866
2363.266
2337.448
2324.275
2322.366
2335.539
2361.357
2363.266
2377.63
2360.284
2355.852
2338.152
2303.789
2316.961
2301.784
2284.384
2284.93
2274.948
2266.602
2240.784
2215.202
2212.714
2209.414
2202.732
2227.55
2188.175
2193.107
2200.743
2240.993
2231.066
2232.593
2229.611
2231.616
2260.682
2247.509
2251.273
2265.636
2268.364
2239.298
2191.87
2161.516
2152.993
2153.361
2153.73
2169.793
2166.811
2175.62
2204.686
2206.214
2226.077
2211.35
2219.695
2221.7
2223.814
2253.268
2233.668
2231.18
2208.907
2232.924
2202.924
2199.22
2139.866
2122.576
2121.433
2135.854
2110.248
2117.182
2117.677
2101.927
2113.446
2095.83
2096.226
2083.358
2044.96
2028.38
2036.021
2049.304
2059.66
2061.604
2052.924
2066.072
2066.201
2075.951
2082.757
2113.674
2121.174
2114.368
2111.007
2114.674
2174.028
2152.444
2138.963
2135.13
2137.664
2151.664
2142.331
2139.933
2141.525
2139.63
2129.519
2116.037
2151.037
2125.759
2108.87
2115.954
2113.801
2113.412
2120.056
2116.701
2132.16
2139.493
2136.9
2168.078
2166.455
2161.856
2154.384
2230.658
2240.592
2232.667
2214.3
2212.106
2228.38
2214.644
2205.502
2189.229
2188.833
2191.026
2179.507
2201.498
2210.342
2189.894
2231.663
2248.243
2261.913
2270.573
2262.479
2254.554
2251.972
2235.392
2143.241
2136.472
2154.528
2127.981
2125.34
2183.204
2181.611
2230.745
2223.791
2193.436
2188.505
2176.105
2192.686
2173.086
2186.832
2209.105
2240.681
2260.644
2267.977
2271.949
2270.005
2283.042
2304.625
2303.032
2302.477
2311.81
2311.81
2309.218
2283.662
2278.106
2337.461
2329.498
2332.852
2369.934
2339.771
2350.073
2352.054
2382.91
2362.462
2388.068
2386.2
2384.616
2388.389
2386.767
2427.45
2464.064
2494.226
2500.995
2502.587
2481.375
2474.731
2464.565
2504.669
2499.646
2529.646
2569.75
2559.639
2577.667
2579.222
2563.764
2564.153
2551.523
2546.5
2554.444
2567.481
2564.704
2576.009
2566.259
2568.412
2584.384
2592.329
2595.69
2608.319
2595.171
2581.69
2585.394
2588.755
2591.347
2605.977
2603.199
2578.991
2594.963
2569.407
2560.435
2556.602
2549.796
2567.463
2554.426
2569.426
2615.769
2633.435
2633.81
2602.894
2582.662
2582.532
2657.394
2655.352
2685.352
2670.891
2654.914
2674.618
2681.3
2688.5
2709.691
2725.373
2717.573
2723.436
2683.186
2697.55
2721.949
2796.81
2800.477
2762.789
2800.477
2808.421
2833.553
2833.942
2817.581
2811.914
2797.285
2791.938
2776.938
2773.234
2743.63
2740.593
2755.222
2760.889
2763.926
2769.273
2784.273
2813.877
2817.581
2818.803
2774.234
2794.098
2799.348
2799.475
2798.998
2797.47
2803.993
2805.116
2839.48
2832.525
2836.289
2801.925
2801.557
2805.457
2803.923
2766.92
2814.348
2801.548
2817.611
2827.184
2852.002
2851.634
2843.289
2825.589
2825.111
2823.107
2807.93
2855.357
2913.632
2904.823
2901.53
2881.93
2879.816
2904.634
2890.27
2860.816
2861.293
2826.93
2830.53
2832.057
2831.675
2841.657
2851.584
2864.493
2868.925
2844.25
2835.905
2855.505
2853.016
2811.069
2782.522
2790.183
2807.272
2812.429
2884.616
2891.446
2891.982
2885.42
2849.078
2852.65
2819.27
2802.533
2799.401
2743.171
2718.487
2716.447
2708.904
2706.502
2709.686
2711.423
2665.66
2656.081
2652.607
2640.257
2638.414
2561.783
2586.695
2558.597
2554.899
2533.778
2506.216
2502.013
2495.185
2476.599
2511.548
2524.478
2563.15
2576.65
2580.48
2612.4
2621.051
2640.301
2625.34
2629.616
2657.662
2632.961
2630.957
2636.159
2612.625
2619.453
2610.375
2608.565
2596.323
2505.806
2436.108
2446.457
2446.578
2447.716
2459.474
2464.151
2466.384
2469.797
2482.832
2478.629
2472.444
2473.927
2481.841
2474.444
2436.276
2444.629
2444.978
2457.22
2446.694
2447.256
2440.92
2433.938
2452.623
2462.037
2471.114
2483.356
2470.864
2470.985
2431.646
2433.617
2429.981
2417.167
2402.193
2390.261
2413.263
2412.71
2403.456
2437.949
2482.161
2485.517
2487.837
2488.18
2481.061
2469.129
2482.519
2477.053
2477.561
2464.172
2467.242
2461.161
2418.746
2416.966
2404.627
2403.203
2430.922
2396.428
2380.258
2392.538
2424.572
2437.962
2439.081
2447.623
2448.176
2455.447
2471.617
2469.748
2442.29
2458.46
2449.917
2441.972
2438.464
2475.985
2476.43
2481.515
2512.956
2546.875
2541.5
2529.425
2566.321
2565.971
2569.421
2569.965
2607.9
2601.26
2599.355
2592.863
2579.912
2599.994
2585.588
2590.322
2589.99
2607.9
2613.924
2579.893
2583.087
2584.083
2586.502
2588.099
2610.792
2611.131
2606.474
2609.401
2631.29
2642.976
2643.089
2640.161
2633.774
2651.395
2653.046
2653.573
2645.758
2658.5
2663.367
2671.181
2672.177
2654.556
2653.196
2668.897
2633.968
2620.504
2620.081
2554.879
2563.685
2576.427
2595.226
2610.613
2568.54
2558.694
2561.615
2555.688
2553.813
2502.117
2506.774
2520.948
2404.596
2520.464
2504.762
2425.988
2431.915
2437.843
2451.6
2416.098
2420.545
2405.594
2415.602
2412.357
2340.75
2333.717
2318.078
2327.078
2344.988
2352.93
2368.57
2390.947
2379.766
2398.873
2346.33
2344.707
2346.09
2363.857
2359.861
2386.418
2395.049
2308.984
2305.705
2298.672
2287.033
2290.311
2305.885
2292.607
2289.328
2307
2280.443
2261.336
2279.6
2243.506
2242.073
2237.552
2245.627
2239.252
2245.627
2289.102
2316.927
2305.56
2307.719
2287.302
2288.331
2289.765
2290.865
2306.765
2374.14
2359.765
2341.702
2344.721
2349.721
2349.177
2350.827
2347.808
2349.558
2326.94
2310.99
2347.885
2420.685
2414.085
2419.085
2422.385
2434.985
2434.485
2450.385
2450.735
2447.71
2463.61
2447.71
2451.01
2457.385
2463.365
2433.573
2427.448
2434.048
2435.985
2432.685
2405.429
2420.075
2418.675
2351.3
2354.325
2363.475
2365.225
2367.063
2353.896
2353.458
2353.108
2354.508
2368.008
2355.408
2354.865
2351.84
2358.215
2358.665
2358.548
2335.798
2342.798
2369.442
2355.067
2352.042
2315.146
2300.771
2300.227
2348.584
2346.461
2346.117
2342.723
2339.477
2332.445
2320.805
2323.732
2346.355
2319.545
2319.213
2318.131
2328.139
2316.5
2307.869
2293.385
2308.691
2293.002
2299.027
2305.297
2270.534
2273.462
2268.595
2259.74
2277.127
2281.502
2296.825
2288.018
2276.333
2268.204
2271.542
2271.978
2274.899
2282.46
2260.444
2256.069
2234.179
2242.671
2264.688
2256.873
2241.486
2222.688
2215.768
2222.542
2224.194
2253.024
2286.595
2287.935
2270.732
2292.034
2284.22
2275.728
2263.534
2296.359
2308.101
2275.276
2262.534
2284.55
2282.292
2309.22
2315.607
2320.808
2335.058
2325.377
2319.45
2352.74
2343.74
2339.327
2351.46
2353.794
2351.856
2352.294
2356.815
2355.785
2356.135
2359.585
2350.485
2330.069
2338.469
2265.669
2234.169
2219.794
2218.36
2182.424
2183.801
2175.859
2109.588
2113.105
2112.773
2116.166
2100.527
2112.461
2111.051
2127.01
2134.043
2131.584
2160.735
2142.769
2134.369
2136.206
2068.831
2066.331
2039.331
2035.756
2040.277
2008.777
2023.977
2022.877
2061.322
2064.715
2028.424
2005.145
2005.49
2009.006
2007.924
2074.195
2073.85
2085.391
2085.277
2100.227
2094.346
2072.098
2029.336
2007.088
1995.211
1988.719
1973.031
1971.654
1928.891
1927.508
1918.877
1918.434
1925.959
1930.906
1950.012
1949
1960.541
1963.23
1958.496
1958.381
2001.143
1999.52
2022.143
2017.197
2029.074
2025.795
2030.242
1977.699
1980.674
1990.235
2016.879
2015.85
2027.583
2017.408
2025.058
2031.658
2028.358
2050.146
2041.746
2071.538
2069.788
2067.629
2062.817
2070.467
2089.892
2133.367
2176.842
2183.592
2203.017
2189.85
2183.475
2186.45
2191.825
2209.792
2206.817
2194.217
2201.383
2200.797
2192.855
2192.74
2193.752
2205.629
2218.908
2212.883
2235.506
2247.441
2229.531
2228.518
2225.24
2226.322
2213.371
2207.1
2192.695
2166.488
2154.094
2138.455
2152.939
2161.939
2154.414
2170.053
2167.809
2136.826
2135.744
2132.768
2061.162
2076.801
2054.424
2059.711
2074.662
2076.906
2110.121
2105.121
2119.846
2146.846
2128.783
2122.804
2125.779
2125.235
2091.317
2018.517
2013.517
2023.692
2022.292
2018.992
2031.125
2029.288
1947.888
1979.388
1982.721
1915.346
1919.408
1916.39
1910.265
1916.865
1943.508
1944.942
1929.381
1934.194
1933.756
1920.59
1923.923
1926.423
1924.717
1922.779
1892.988
1916.654
1882.735
1894.892
1850.68
1847.61
1829.093
1791.572
1821.869
1805.767
1786.013
1813.731
1725.97
1731.897
1738.067
1749.067
1828.748
1855.843
1837.326
1824.987
1826.722
1839.061
1841.604
1842.061
1857.037
1857.037
1869.588
1876.571
1889.063
1892.511
1894.744
1896.45
1892.881
1889.313
1885.744
1916.985
1916.511
1908.458
1903.195
1912.774
1920.318
1917.14
1825.035
1881.265
1857.318
1854.441
1862.493
1845.757
1821.546
1814.178
1828.822
1783.059
1781.322
1784.454
1771.682
1773.156
1754.243
1800.007
1807.112
1815.612
1839.559
1846.007
1848.046
1832.629
1815.893
1791.945
1792.518
1784.294
1791.838
1794.469
1785.232
1786.741
1770.004
1740.715
1731.083
1759.504
1728.145
1712.145
1718.855
1714.096
1710.623
1703.912
1727.86
1720.912
1706.702
1697.86
1774.491
1813.329
1810.145
1826.934
1862.638
1856.191
1833.257
1861.947
1862.408
1884.763
1788.928
1881.067
1911.668
1936.343
1955.943
1950.08
1950.448
1933.175
1926.22
1931.47
1948.816
1961.616
1953.27
1969.852
1964.366
1962.802
1964.602
1966.13
1982.193
1902.775
1904.339
1943.714
1956.623
1981.441
2001.041
2007.723
1994.55
2052.825
2052.698
2035.723
2032.477
2018.114
1998.514
2029.968
2010.005
2008.109
1991.22
1998.303
1990.525
2028.213
2053.491
2079.787
2092.824
2072.045
2079.845
2085.709
2122.711
2196.211
2170.393
2170.884
2200.618
2193.418
2231.259
2233.852
2242.532
2254.682
2252.04
2259.682
2254.233
2250.186
2287.257
2270.267
2272.757
2283.315
2274.488
2291.075
2272.353
2299.661
2295.536
2294.349
2266.809
2272.257
2258.521
2245.238
2256.757
2257.373
2254.278
2249.679
2244.561
2252.675
2226.637
2228.618
2215.335
2193.344
2187.571
2190.665
2185.217
2155.054
2139.771
2124.866
2121.092
2089.592
2098.733
2104.507
2101.677
2115.413
2133.028
2141.142
2138.559
2156.483
2142.748
2173.314
2175.394
2193.762
2192.17
2192.552
2192.156
2142.939
2139.571
2181.34
2223.108
2219.684
2213.599
2203.241
2173.078
2167.96
2172.007
2173.252
2177.3
2169.205
2161.564
2167.649
2176.309
2179.403
2176.573
2176.078
2184.922
2151.196
2160.337
2158.257
2117.396
2117.778
2110.561
2146.222
2161.972
2165.34
2164.943
2157.302
2160.719
2155.706
2163.484
2188.616
2226.303
2225.928
2245.998
2220.866
2221.47
2198.352
2183.625
2184.17
2197.343
2195.482
2196.682
2205.027
2175.573
2183.373
2181.018
2101.6
2130.666
2117.866
2088.411
2080.066
2085.316
2077.498
2070.816
2072.343
2070.816
2053.47
2055.332
2084.398
2094.38
2046.952
2021.134
2050.589
2025.498
2032.861
2034.77
2114.189
2114.189
2153.564
2192.939
2197.37
2219.643
2245.461
2259.825
2260.316
2294.211
2301.711
2296.688
2350.384
2366.966
2381.693
2412.382
2392.419
2389.826
2388.604
2367.021
2375.993
2387.299
2380.215
2350.611
2357.944
2351.139
2356.727
2331.449
2327.745
2357.35
2368.465
2357.16
2359.201
2363.715
2338.438
2320.845
2350.965
2350.455
2224.538
2338.936
2316.946
2326.087
2327.333
2330.75
2331.259
2320.958
2337.627
2345.269
2328.599
2320.958
2282.559
2321.178
2313.845
2319.192
2197.129
2209.901
2245.605
2352.694
2339.213
2339.588
2340.074
2343.428
2358.887
2379.118
2377.563
2364.081
2454.525
2445.553
2442.775
2449.581
2445.877
2448.47
2452.137
2456.109
2481.241
2467.759
2480.796
2484.157
2467.269
2461.602
2426.602
2410.241
2406.935
2437.22
2450.701
2437.22
2463.516
2476.664
2506.949
2511.972
2506
2505.625
2508.662
2526.384
2525.898
2523.954
2497.657
2484.241
2497.657
2523.954
2525.898
2484.903
2472.273
2481.245
2510.85
2451.495
2450.891
2483.993
2491.938
2478.9
2508.505
2515.588
2517.986
2519.549
2516.243
2512.271
2523.387
2486.67
2481.42
2496.598
2496.005
2494.205
2510.182
2516.045
2517.955
2517.464
2526.627
2541.355
2536.105
2523.195
2500.013
2492.335
2484.138
2500.81
2514.917
2485.714
2542.949
2550.181
2565.087
2567.4
2567.4
2570.328
2577.828
2579.335
2575.763
2574.228
2496.228
2459.886
2461.761
2463.297
2475.868
2504.415
2552.583
2539.873
2532.768
2535.952
2542.662
2541.154
2534.706
2572.7
2575.831
2605.121
2661.351
2659.079
2651.553
2618.395
2621.904
2636.114
2620.982
2592.292
2613.783
2578.079
2576.921
2575.184
2537.191
2547.721
2551.485
2542.985
2526.318
2509.529
2471.535
2488.325
2469.412
2477.912
2453.965
2470.702
2451.789
2452.158
2450.684
2441.053
2442.533
2386.303
2369.566
2367.632
2365.592
2381.092
2416.112
2421.5
2427.906
2419.71
2425.174
2417.513
2388.31
2362.953
2373.672
2370.743
2346.368
2321.011
2296.777
2281.871
2294.442
2310.728
2293.763
2300.835
2306.223
2269.882
2269.299
2286.683
2302.46
2306.813
2311.165
2319.817
2332.388
2410.388
2403.156
2403.692
2375.145
2390.051
2396.882
2402.239
2396.48
2367.551
2363.199
2346.527
2339.696
2340.179
2357.143
2356.607
2366.411
2366.411
2326.879
2310.594
2293.21
2308.902
2317.272
2319.717
2406.931
2405.056
2414.458
2459.145
2365.395
2363.52
2346.431
2353.663
2345.292
2352.123
2343.471
2353.275
2343.471
2314.924
2321.487
2305.71
2298.049
2285.478
2251.728
2237.263
2211.906
2195.621
2180.714
2178.746
2174.915
2166.545
2163.616
2160.382
2147.382
2146.9
2135.998
2121.092
2119.217
2118.038
2079.366
2060.116
2051.464
2084.864
2077.664
2073.232
2040.732
2011.666
1989.393
1993.825
2001.025
2004.925
2001.042
2022.917
2042.167
2070.714
2079.366
2079.004
2077.826
2061.154
1988.967
1985.779
2021.407
2018.114
2014.814
1975.439
1960.261
1951.452
1942.643
1928.28
1920.461
1913.098
1905.28
1898.757
1882.693
1873.884
1785.084
1705.666
1701.766
1643.491
1610.991
1607.698
1600.498
1598.964
1581.618
1574.255
1534.005
1497.002
1482.639
1478.207
1498.775
1483.317
1481.142
1475.448
1462.165
1448.882
1439.373
1451.476
1455.917
1431.897
1407.877
1375.811
1398.453
1422.018
1432.643
1428.862
1426.729
1420.479
1427.644
1425.848
1424.053
1421.074
1413.255
1378.787
1310.593
1330.769
1340.708
1364.616
1364.003
1344.031
1344.031
1341.645
1335.669
1329.408
1328.926
1343.582
1372.222
1389.202
1415.694
1410.75
1398.081
1381.858
1373.588
1367.791
1359.986
1355.554
1318.875
1347.128
1384.761
1380.075
1377.618
1346.404
1329.254
1320.25
1294.265
1284.779
1298.417
1313.68
1329.129
1356.633
1333.167
1328.85
1296.95
1327.19
1320.293
1306.638
1343.616
1388.31
1383.514
1421.149
1477.155
1461.855
1505.891
1498.453
1279.703
1311.473
1294.842
1264.234
1191.647
1218.528
1247.97
1201.613
1237.469
1286.717
1356.701
1085.368
842.701
812.201
673.174
646.257
593.479
544.66
515.41
462.199
445.805
439.242
425.836
372.558
265.983
146.817
129.018
52.018
37.269
0
