15.522
19.957
20.201
23.332
25.745
127.092
136.658
161.701
164.832
167.245
268.592
243.549
268.592
284.114
284.359
293.924
298.359
197.011
187.446
185.033
181.902
181.658
177.223
161.701
164.832
167.245
215.071
316.418
331.94
332.185
357.228
361.663
357.228
332.185
322.62
221.272
218.859
215.728
215.484
199.962
200.207
204.641
189.12
141.293
141.049
138.636
135.505
131.071
134.201
32.853
35.266
10.223
58.049
83.092
98.614
199.962
215.484
240.527
288.353
389.701
392.114
395.245
399.679
399.924
374.88
327.054
225.707
223.293
220.163
219.918
215.484
199.962
204.397
229.44
244.962
292.788
394.136
396.549
396.793
381.272
384.402
336.576
235.228
232.815
229.685
229.44
225.005
199.962
215.484
240.527
288.353
389.701
392.114
395.245
395.489
399.924
384.402
336.576
235.228
232.815
229.685
229.44
225.005
199.962
247.788
349.136
351.549
354.679
306.853
311.288
295.766
270.723
295.766
296.011
311.533
309.12
207.772
204.641
204.397
199.962
299.902
439.402
562.663
579.489
588.864
591.995
597.082
631.429
648.125
657.826
668.424
672.989
687.957
694.348
697.011
754.65
798.65
814.25
816.47
860.47
953.71
956.59
956.815
960.895
946.615
923.575
879.575
786.335
784.115
781.235
781.01
776.93
799.97
814.25
811.37
788.33
744.33
651.09
648.87
648.645
644.565
630.285
653.085
797.805
801.825
852.255
853.695
866.175
930.015
1064.685
1122.035
1151.435
1160.425
1132.023
1135.801
1139.273
1269.745
1273.662
1294.662
1314.468
1326.63
1341.259
1342.172
1334.737
1342.172
1339.69
1335.655
1322.414
1309.069
1198.431
1100.672
1113.914
1117.948
1120.431
1093.19
1013.927
1138.685
1182.159
1178.694
1177.453
1052.694
1009.22
1012.685
1023.444
1024.685
1013.927
1020.823
1025.892
1064.543
1113.983
1126.397
1180.276
1183.922
1305.397
1308.914
1312.147
1308.629
1187.155
1183.509
1180.276
1195.069
1219.69
1224.759
1234.845
1239.397
1241.155
1248.741
1249.621
1263.5
1237.484
1250.065
1253.839
1265.452
1269.71
1378.315
1382.839
1381.677
1371.613
1368.371
1409.04
1409.581
1429.032
1430.194
1440.258
1323.548
1282.879
1334.363
1310.653
1303.403
1339.707
1290.267
1174.172
1119.138
1144.483
1175.483
1193.345
1242.784
1262.134
1281.996
1286.832
1300.259
1304.81
1420.905
1434.353
1437.543
1432.991
1316.897
1304.483
1299.647
1312.06
1319.754
1430.392
1433.909
1439.341
1435.306
1432.823
1419.582
1412.147
1393.707
1374.155
1401.397
1480.659
1499.099
1518.651
1531.996
1539.431
1541.914
1448.5
1452.534
1438.914
1452.155
1440.832
1448.694
1456.091
1472.565
1485.991
1535.431
1539.099
1550.19
1557.086
1561.922
1570.159
1569.582
1558.823
1557.582
1514.108
1514.685
1535.478
1546.237
1547.478
1590.953
1570.159
1566.642
1445.168
1441.522
1438.289
1322.194
1317.642
1305.228
1300.392
1304.944
1421.039
1433.453
1438.289
1430.052
1425.216
1421.547
1470.987
1459.897
1410.457
1397.03
1408.121
1416.358
1420.026
1413.129
1417.966
1424.862
1438.289
1458.151
1496.082
1576.461
1578.375
1580.858
1581.052
1584.569
1596.879
1600.397
1610.483
1637.724
1649.595
1653.263
1665.573
1720.272
1730.466
1717.039
1667.599
1656.509
1648.272
1644.603
1639.767
1632.871
1639.767
1689.207
1700.297
1708.534
1721.961
1725.629
1730.466
1722.603
1715.207
1748.155
1762.948
1817.983
1801.509
1781.647
1743.716
1741.802
1739.319
1739.125
1735.608
1655.228
1658.746
1646.435
1666.297
1668.211
1706.142
1718.453
1731.849
1732.043
1734.526
1618.431
1623.267
1626.371
1630.048
1634.306
1629.782
1625.524
1613.911
1594.46
1597.702
1597.161
1637.831
1657.282
1658.444
1668.508
1627.839
1617.774
1616.613
1624.319
1659.802
1734.996
1736.786
1739.109
1739.29
1742.581
1731.065
1712.484
1677
1664.468
1662.677
1660.355
1678.935
1678.754
1671.048
1677.5
1682.024
1685.456
1695.831
1742.081
1754.641
1748.19
1743.665
1740.234
1727.673
1681.423
1678.133
1689.649
1679.274
1691.855
1710.435
1711.403
1715.032
1722.895
1733.27
1734.915
1723.399
1704.819
1669.335
1594.141
1606.673
1604.883
1623.464
1626.754
1627.202
1561.917
1562.087
1559.905
1559.735
1556.644
1558.826
1564.886
1569.136
1572.36
1582.106
1625.553
1621.303
1633.102
1621.303
1577.856
1568.11
1560.871
1557.648
1551.587
1558.826
1603.447
1620.902
1694.455
1791.682
1801.136
1831.364
1854.636
1876.273
1887.674
1884.947
1889.197
1787.174
1804.178
1808.178
1819.087
1815.087
1810.837
1783.595
1767.898
1724.451
1676.087
1627.723
1614.723
1663.087
1685.36
1712.602
1759.693
1803.14
1820.144
1868.508
1881.508
1910.462
1881.508
1859.235
1842.231
1839.14
1838.97
1836.788
1825.015
1907.274
1888.694
1887.048
1890.339
1889.891
1892.214
1894.004
1969.198
1976.294
1994.875
1996.52
1996.702
1999.024
1973.54
1899.391
1882.141
1889.097
1963.246
1959.472
2062.972
2088.456
2092.23
2073.94
2086.423
2098.81
2117.101
2114.778
2107.823
2095.339
2082.952
2075.246
2087.806
2084.375
2094.75
2102.456
2105.887
2110.411
2116.863
2163.113
2156.661
2110.411
2105.887
2093.327
2082.952
2086.194
2099.875
2111.335
2109.544
2111.867
2115.157
2113.512
2094.931
2019.738
2012.641
2012.823
2012.641
2010.319
2045.802
2047.593
2059.109
2077.69
2074.399
2149.593
2139.528
2136.286
2095.617
2076.165
2218.108
2213.272
2217.823
2237.172
2217.823
2213.272
2225.685
2226.491
2214.078
2215.254
2207.017
2157.578
2146.487
2147.293
2012.19
1999.629
1996.198
1991.673
1998.125
2010.685
2056.935
2067.31
2060.859
2059.069
2056.746
2056.565
2053.274
2017.79
1999.21
1987.694
1912.5
1912.681
1915.972
1916.419
1928.952
1845.379
1862.833
1873.652
1875.833
1827.47
1814.47
1785.515
1787.197
1789.379
1756.045
1738.591
1727.773
1730.864
1731.034
1730.614
1839.944
1827.411
1824.121
1899.315
1934.798
1934.617
1946.133
1964.714
1961.282
1960.528
1954.077
1941.516
1895.266
2014.884
2013.707
2025.578
2052.819
2063.013
2117.711
2121.228
2131.315
2119.004
2115.336
2105.25
2101.733
2047.034
2035.164
2038.832
2051.142
2040.948
2013.707
1919.274
1907.758
1889.177
1853.694
1856.984
1868.5
1868.681
1871.004
1872.794
1797.601
1795.81
1793.488
1793.306
1790.016
1808.597
1883.79
1859.016
1863.274
1845.173
1833.56
1832.806
1941.411
1953.024
1957.548
1947.484
1899.984
1796.484
1819.516
1844.29
1876.468
1895.048
1973.347
1969.089
1986.339
1967.758
2015.258
2017.774
1985.597
1997.734
1974.702
1896.403
1884.266
1780.766
1924.113
1934.488
1959.262
1961.238
1979.819
1985.407
2017.02
2024.218
2127.718
2131.008
2136.089
2148.649
2167.23
2170.214
2182.794
2170.214
2167.23
2148.649
2136.089
2131.008
2127.718
2142.218
2157.54
2150.343
2154.117
2141.133
2140.31
2133.214
2129.44
2116.859
2172.359
2183.875
2196.859
2197.681
2097.822
2109.64
2108.095
2188.601
2186.278
2186.097
2182.806
2147.323
2128.742
2117.226
2115.435
2180.948
2297.043
2292.491
2176.397
2163.983
2159.147
2163.698
2168.534
2180.948
2178.836
2189.397
2194.466
2206.336
2209.957
2217.651
2231.099
2122.641
2214.093
2206.23
2201.488
2190.383
2186.996
2179.798
2167.218
2131.734
2180.991
2189.397
2282.397
2298.776
2332.569
2334.681
2340.655
2353.897
2364.987
2355.754
2340.431
2308.819
2303.23
2284.649
2282.673
2268.173
2257.798
2114.452
2133.032
2108.258
2112.032
2124.419
2098.935
2024.786
1921.286
1908.802
1862.552
1850.165
1846.391
1844.069
1846.391
1839.435
1821.145
1828.101
1879.585
1971.036
2074.536
2148.685
2174.169
2220.419
2270.548
2299.548
2323.258
2271.774
2253.673
2203.544
2174.544
2150.835
2163.319
2181.419
2176.895
2164.758
2056.153
2051.895
2049.379
2037.766
2046.548
2057.194
2075.774
2028.274
2011.024
1932.726
1914.145
1881.968
1857.194
1834.161
1846.298
1856.363
1873.613
1951.911
1957.274
1963.71
1976.097
1999.129
2008.629
2095.629
2120.403
2130.778
2140.657
2284.004
2268.681
2181.681
2150.069
2144.48
2125.899
2141.222
2128.835
2126.859
2116.484
2109.216
2129.078
2135.052
2168.845
2154.22
2150.754
2154.22
2168.845
2181.095
2168.845
2156.431
2106.991
2053.112
2046.216
2007.565
2019.978
2069.418
2123.297
2128.366
2135.263
2173.914
2168.845
2181.155
2184.823
2174.737
2186.608
2213.849
2218.944
2228.06
2224.543
2234.629
2179.931
2169.737
2142.496
2130.625
2134.142
2121.832
2118.164
2124.855
2211.855
2187.081
2176.706
2033.359
2027.77
1996.157
2011.48
1924.48
1909.157
1890.577
1900.952
1925.726
1935.605
1954.185
1959.774
1991.387
1981.508
2056.702
2061.226
2098.625
2107.407
2139.585
2128.94
2120.157
2130.802
2125.44
2133.145
2224.597
2234.032
2265.645
2266.399
2229
2153.806
2149.282
2054.155
2124.792
2155.019
2172.473
2246.027
2343.254
2387.875
2397.33
2408.731
2391.277
2379.64
2373.595
2385.231
2311.678
2295.473
2286.019
2274.617
2252.981
2274.617
2265.693
2267.875
2349.602
2349.773
2359.848
2361.53
2338.258
2419.985
2449.682
2454.932
2425.235
2442.689
2451.97
2442.689
2454.326
2449.076
2463.47
2446.015
2472.947
2338.288
2328.542
2338.288
2256.561
2386.823
2405.21
2408.5
2412.129
2423.234
2424.056
2461.456
2536.649
2541.173
2503.774
2596.069
2595.263
2597.746
2584.504
2580.47
2577.987
2564.642
2568.677
2470.918
2360.28
2281.017
2253.776
2272.216
2283.539
2297.159
2240.407
2252.794
2259.75
2252.794
2340.181
2288.698
2259.698
2209.569
2163.319
2145.218
2168.927
2176.177
2091.379
2134.826
2236.848
2285.212
2262.939
2267.189
2232.057
2161.42
2157.17
2168.943
2078.129
2049.629
2040.2
2047.979
2057.407
2049.629
2054.379
2070.836
2098.836
2089.646
2064.254
2077.825
2082.775
2071.804
2063.054
2046.596
2041.646
1964.589
1951.018
1976.411
1985.6
2007.543
2016.293
2029.136
2001.136
1999.55
1999.389
1989.889
1999.389
1997.332
1997.493
1999.079
2076.136
2078.193
2001.136
1996.636
1993.993
1977.536
1966.411
1963.496
1952.354
1945.979
1979.104
2045.704
2049.711
2016.586
2005.486
2001.479
1909.807
1926.264
1932.639
2024.311
2027.225
2031.725
2042.85
2045.493
2056.636
2064.993
2085.393
2097.65
2093.879
2097.65
2101.85
2093.493
2081.236
2060.836
2056.636
2078.579
1986.907
1917.557
1901.1
1872.6
1861.629
1841.229
1861.629
1850.879
1808.807
1850.879
1866.157
1935.507
1951.964
1980.464
1991.214
2000.129
1991.214
1983.661
1950.536
1954.543
2021.143
2025.875
2022.961
1956.361
1948.004
1958.204
1961.243
1971.079
1967.071
1975.518
1983.875
1973.675
1996.246
1993.207
1996.121
1973.55
2018.871
2014.65
2004.814
2081.871
2109.871
2114.821
2131.279
2140.029
2161.971
2136.579
2123.007
2136.579
2108.579
2103.629
2087.171
2078.421
2056.479
2047.289
2072.682
2184.678
2194.424
2177.152
2183.212
2194.121
2204.939
2201.894
2189.042
2178.277
2190.095
2202.292
2213.11
2246.443
2249.989
2238.17
2234.625
2201.292
2200.519
2188.322
2177.504
2125.367
2177.504
2179.822
2171.572
2166.534
2174.784
2205.011
2215.011
2205.011
2275.648
2271.398
2200.761
2195.742
2199.992
2205.011
2208.102
2225.375
2235.807
2225.375
2221.966
2225.375
2222.284
2205.011
2207.33
2206.557
2204.875
2204.705
2194.629
2112.902
2113.072
2110.89
2120.966
2202.693
2204.875
2206.557
2176.86
2167.58
2144.307
2134.561
2107.629
2102.379
2020.652
2003.197
2030.129
2039.875
2063.148
2072.428
2089.883
2075.489
2089.883
2095.133
2108.754
2138.451
2134.201
2129.182
2058.545
2155.773
2225.428
2242.61
2266.549
2273.083
2220.593
2223.936
2234.907
2223.621
2214.239
2198.961
2117.961
2040.561
2034.4
2032.343
2034.4
2031.057
2142.515
2119.242
2089.015
2071.561
1998.008
1986.606
1941.985
1932.53
2039.96
2016.927
2041.702
2051.766
2099.266
2116.516
2194.815
2213.395
2219.831
2242.863
2255
2301.25
2409.855
2461.339
2485.048
2433.565
2324.96
2278.71
2228.581
2140.606
2118.333
2145.576
2138.765
2146.152
2152.902
2259.652
2272.652
2278.788
2285.455
2295.886
2286.14
2268.686
2263.436
2233.739
2220.117
2193.186
2178.792
2169.511
2199.739
2176.466
2168.216
2137.989
2146.239
2176.466
2186.466
2176.466
2258.557
2258.727
2260.909
2262.591
2274.364
2281.03
2298.485
2300.03
2303.121
2302.951
2301.269
2299.087
2301.269
2314.89
2324.966
2326.648
2326.818
2245.091
2235.015
2238.106
2238.277
2240.458
2238.277
2236.731
2307.367
2206.946
2208.532
2192.075
2202.275
2191.175
2189.589
2189.429
2186.514
2202.971
2196.686
2223.986
2257.111
2273.396
2276.739
2231.418
2221.582
2213.225
2223.425
2226.464
2236.3
2258.871
2267.318
2312.639
2309.725
2287.154
2278.707
2275.668
2265.468
2268.382
2276.739
2278.796
2262.339
2252.139
2185.539
2183.954
2183.793
2186.707
2183.793
2185.379
2183.321
2183.482
2282.481
2353.117
2359.784
2377.239
2378.784
2368.352
2365.261
2347.989
2348.761
2352.239
2355.33
2363.966
2367.375
2365.057
2361.648
2370.511
2363.273
2333.576
2247.667
2238.803
2268.5
2354.409
2361.648
2350.246
2350.076
2341.826
2311.598
2302.144
2292.144
2289.053
2244.432
2242.25
2168.697
2167.015
2096.379
2089.712
2072.258
2056.053
2059.144
2059.314
2061.496
2063.178
2133.814
2167.148
2184.602
2195.42
2217.057
2228.693
2227.148
2244.602
2238.557
2215.284
2193.648
2205.049
2214.504
2259.125
2275.33
2257.875
2268.383
2274.428
2356.155
2322.822
2252.186
2263.004
2261.322
2261.152
2259.47
2242.015
2231.197
2234.288
2234.458
2244.534
2234.458
2236.64
2234.458
2234.879
2235.049
2138.761
2155.218
2156.804
2153.889
2153.729
2151.671
2153.729
2140.886
2207.486
2215.679
2101.385
2143.615
2173.108
2183.632
2183.784
2194.324
2240.824
2267.311
2273.139
2275.084
2278.247
2288.625
2285.463
2264.111
2262.166
2251.787
2303.061
2296.9
2362.575
2377.854
2325.943
2347.294
2285.169
2198.453
2183.128
2256.345
2286.074
2349.074
2350.574
2352.52
2352.672
2355.429
2339.861
2310.132
2375.539
2373.482
2373.321
2370.407
2375.893
2365.693
2367.15
2366.754
2355.611
2339.154
2328.029
2323.529
2320.614
2228.943
2222.568
2219.925
2221.982
2175.091
2184.74
2200.307
2115.676
2175.446
2175.59
2106.128
2104.282
2076.077
2077.5
2017.731
2016.308
2013.692
2008.769
2007.462
2010.077
2009.933
1991.087
1968.035
1931.272
1844.946
1804.022
1764.176
1738.599
1747.426
1773.003
1764.176
1765.599
1825.369
1840.138
1841.984
1851.138
1856.779
1847.625
1819.42
1759.651
1758.228
1760.843
1760.987
1759.141
1758.997
1851.321
1835.753
1851.321
1860.693
1847.542
1873.119
1882.766
1864.458
1854.612
1849.497
1839.849
1831.849
1794.093
1780.381
1818.138
1826.138
1811.369
1821.215
1839.522
1830.631
1830.487
1829.064
1820.538
1751.385
1749.538
1778.279
1783.407
1787.176
1827.24
1864.003
1823.939
1795.199
1791.429
1754.667
1745.436
1754.667
1749.538
1758.692
1749.538
1777.744
1775.128
1774.984
1773.138
1771.715
1711.946
1726.715
1721.074
1723.689
1723.833
1725.679
1727.103
1786.872
1772.103
1762.949
1772.179
1781.333
1776.205
1766.974
1772.103
1774.987
1774.333
1771.391
1768.506
1771.122
1785.737
1783.122
1775.814
1777.776
1786.603
1779.022
1769.869
1767.141
1758.314
1755.699
1715.026
1707.526
1687.269
1678.115
1663.346
1635.141
1634.997
1633.574
1573.804
1571.189
1569.343
1614.349
1617.49
1627.49
1599.285
1588.965
1587.003
1584.003
1574.003
1618.119
1627.272
1618.119
1620.08
1630.401
1633.401
1580.552
1538.588
1533.146
1529.561
1521.165
1518.604
1509.091
1482.262
1551.409
1558.878
1561.439
1565.024
1557.555
1488.409
1482.463
1487.829
1497.341
1502.784
1508.729
1517.125
1514.137
1517.125
1559.936
1517.125
1507.613
1465.649
1460.71
1422.601
1415.607
1388.991
1365.088
1355.591
1355.454
1397.418
1402.357
1440.466
1475.436
1484.613
1485.966
1488.223
1502.546
1507.424
1510.845
1537.46
1561.363
1570.86
1570.997
1588.924
1598.436
1641.247
1644.235
1601.424
1598.436
1603.695
1534.549
1612.805
1681.951
1691.39
1693.146
1696
1705.366
1686.098
1630.034
1616.991
1630.452
1624.923
1623.077
1620.077
1640.333
1630.487
1689.426
1694.554
1704.478
1723.395
1739.267
1729.098
1731.598
1733.098
1743.267
1763.132
1759.341
1753.936
1738.064
1735.564
1734.064
1737.855
1717.99
1707.821
1688.524
1678.145
1651.186
1635.618
1626.247
1539.53
1499.733
1491.301
1443.861
1440.551
1487.99
1491.301
1494.611
1447.172
1443.861
1491.301
1487.51
1492.916
1491.416
1475.544
1478.382
1468.213
1448.348
1442.943
1453.111
1450.611
1466.483
1466.858
1467.483
1471.274
1480.578
1507.537
1498.233
1471.274
1518.713
1522.024
1474.584
1471.274
1487.145
1488.645
1492.436
1491.811
1491.436
1481.267
1465.395
1459.99
1456.199
1476.064
1486.233
1488.733
1494.139
1491.301
1494.341
1497.098
1495.03
1485.726
1482.686
1498.091
1482.686
1491.99
1489.233
1491.301
1487.99
1440.551
1442.206
1489.645
1479.476
1477.976
1481.767
1479.267
1463.395
1415.956
1414.301
1394.436
1389.03
1436.47
1432.679
1442.848
1443.223
1443.848
1449.139
1454.544
1383.093
1333.552
1336.04
1336.177
1337.933
1339.287
1396.14
1356.785
1370.18
1378.483
1371.68
1305.75
1300.195
1277.404
1268.334
1268.465
1277.52
1300.311
1333.654
1369.991
1374.701
1400.078
1409.148
1409.017
1369.006
1364.297
1355.241
1332.451
1307.073
1273.73
1313.741
1277.404
1318.224
1379.54
1336.729
1339.716
1348.893
1351.149
1352.503
1355.924
1360.802
1378.729
1393.052
1389.631
1442.048
1437.029
1427.381
1422.253
1421.66
1421.304
1430.458
1427.843
1427.699
1367.929
1339.724
1324.955
1323.109
1325.724
1330.647
1392.926
1349.699
1409.468
1408.045
1409.891
1410.035
1411.458
1456.465
1459.606
1456.465
1411.458
1401.535
1392.381
1433.054
1442.208
1398.686
1409.03
1409.168
1410.924
1406.241
1414.948
1428.997
1455.826
1512.68
1515.168
1512.68
1514.034
1513.896
1512.14
1510.787
1453.933
1500.288
1505.417
1486.571
1476.923
1475.5
1473.128
1458.071
1452.942
1449.346
1468.192
1469.615
1471.987
1487.045
1490.641
1500.288
1455.282
1452.141
1393.202
1390.202
1307.933
1287.676
1214.984
1205.061
1195.215
1189.686
1187.84
1178.686
1181.301
1178.686
1178.83
1180.676
1182.099
1241.869
1270.074
1255.304
1227.099
1236.253
1234.83
1232.984
1232.84
1247.609
1187.84
1172.782
1169.186
1150.34
1140.692
1139.269
1136.897
1131.769
1191.538
1188.923
1188.779
1186.933
1185.51
1125.74
1097.535
1082.766
1085.381
1085.526
1087.372
1088.795
1097.949
1112.718
1103.564
1109.205
1123.821
1126.436
1135.263
1137.224
1122.609
1119.994
1117.109
1108.282
1106.321
1109.205
1090.897
1079.897
1090.897
1094.282
1101.782
1098.013
1094.628
1087.128
1090.897
1109.205
1134.782
1143.609
1134.782
1109.205
1106.59
1115.744
1130.513
1158.718
1218.487
1219.91
1221.756
1221.612
1224.228
1215.074
1200.304
1194.663
1134.894
1133.471
1131.625
1131.769
1134.769
1139.016
1175.779
1184.606
1206.663
1211.779
1202.548
1193.394
1188.266
1197.497
1206.651
1211.779
1197.163
1172.663
1142.936
1157.551
1182.051
1191.205
1192.628
1252.397
1267.167
1264.167
1229.329
1257.607
1257.744
1260.598
1258.11
1257.973
1256.216
1254.863
1256.619
1229.79
1172.936
1164.229
1166.716
1152.668
1114.558
1079.588
1052.973
1043.476
1043.338
1038.399
996.436
986.924
963.021
962.884
961.128
958.64
957.287
900.433
918.404
903.635
894.481
897.096
897.24
899.087
900.51
960.279
988.484
997.638
1012.407
1013.83
1011.215
1011.071
1009.224
1007.801
948.032
957.186
928.981
914.212
928.981
957.186
1016.955
1007.801
1009.647
1009.792
1012.407
1002.087
995.168
1003.875
1013.692
1015.558
1042.387
1040.521
1050.034
1040.521
1037.668
1040.521
1013.692
971.729
963.021
948.973
940.265
954.168
958.393
985.732
1094.116
1096.372
1105.869
1117.154
1144.116
1164.567
1163.333
1161.733
1161.608
1159.342
1134.897
1083.097
1137.364
1144.511
1147.628
1122.719
1100.323
1073.36
1010.64
1008.488
1021.744
1025.773
1078.933
1080.989
1089.642
1149.575
1153.256
1172.447
1160.319
1156.633
1062.085
1053.801
1077.649
1075.255
1073.628
1061.5
1059.33
1052.005
1060.29
1090.795
1097.638
1102.721
1104.984
1107.968
1112.223
1180.489
1205.157
1211.008
1218.954
1230.587
1321.276
1291.439
1294.836
1283.659
1285.473
1282.076
1194.944
1193.13
1185.495
1132.613
1110.635
1107.387
1044.475
1052.123
1115.034
1139.755
1142.343
1135.593
1116.034
1135.593
1142.343
1139.461
1135.539
1128.48
1100.368
1078.39
1047.752
1049.838
1043.532
1015.419
1007.784
1010.534
1006.613
1014.248
1042.36
1048.667
1053.35
1050.6
1054.522
1092.689
1090.518
1078.885
1144.365
1168.026
1175.103
1182.738
1184.551
1181.154
1094.022
1092.208
1084.574
1031.691
1008.958
946.047
961.786
1052.474
1056.01
1067.643
1047.752
1040.118
1012.005
1005.699
1001.015
998.929
996.179
992.257
999.892
1028.005
1034.311
1038.995
1041.081
1045.002
1047.752
1062.811
1125.723
1148.456
1201.338
1208.973
1220.15
1223.547
1198.524
1282.368
1284.113
1262.238
1211.351
1204.005
1202.259
1118.415
1140.297
1136.9
1073.988
1062.811
1108.517
1109.929
1069.941
1090.696
1093.469
1094.517
1100.403
1101.559
1105.323
1102.677
1095.33
1068.278
1062.21
1065.983
1068.63
1064.123
1091.175
1093.182
1097.689
1105.035
1101.262
1099.255
1105.323
1116.078
1119.347
1116.078
1137.226
1221.071
1222.816
1230.163
1281.05
1302.925
1313.882
1303.518
1283.139
1224.802
1203.723
1154.686
1147.607
1145.925
1065.13
1067.064
1074.143
1070.507
1067.957
1066.023
1061.68
1055.832
1029.764
1035.611
1039.955
1042.505
1046.141
1072.209
1065.13
1061.98
1120.316
1109.952
1029.157
1050.236
1048.555
1041.475
1048.555
999.518
978.439
954.823
933.675
984.561
986.307
1031.236
1051.616
1054.766
1065.13
1093.97
1073.97
1106.495
1113.231
1133.986
1141.988
1112.059
1105.323
1102.677
1108.745
1113.252
1086.2
1088.208
1080.861
1084.634
1087.281
1085.274
1092.62
1088.113
1115.165
1109.097
1105.323
1097.976
1047.09
1036.335
975.797
953.922
952.177
868.333
847.184
877.01
879.76
872.125
844.012
837.706
835.62
839.542
836.792
844.426
872.539
878.846
883.529
885.615
880.931
877.01
857.451
850.701
843.642
839.721
843.642
850.642
857.701
850.701
846.779
844.029
839.346
831.711
825.404
797.292
795.206
799.89
830.993
837.463
840.395
847.453
934.586
990.174
996.924
1011.336
1015.711
1021.716
1024.598
1020.223
1018.164
1011.414
1008.532
1002.527
946.939
942.625
946.939
954.586
959.365
993.548
985.589
973.834
973.222
970.926
962.967
957.992
951.429
943.214
935.929
913.48
878.367
876.806
868.847
866.459
868.847
864.776
862.388
859.008
894.12
901.145
930.406
954.066
974.423
945.163
927.607
920.582
926.615
931.49
961.541
963.929
1019.214
1025.464
1029.954
1030.296
1029.163
1029.446
1035.814
1037.283
1045.212
1049.283
1042.916
995.344
992.344
990.293
986.222
984.972
1003.481
1001.949
1005.077
1007.34
1009.83
997.702
977.372
952.705
950.215
962.343
982.673
1007.34
1028.564
1033.646
1101.912
1178.891
1184.104
1191.428
1193.822
1227.066
1247.918
1270.513
1273.497
1325.141
1332.465
1336.774
1339.886
1349.101
1369.431
1373.117
1397.785
1394.604
1386.944
1441.253
1475.786
1377.036
1371.728
1374.328
1394.306
1392.356
1399.378
1433.128
1399.378
1493.926
1499.008
1514.327
1524.827
1528.008
1535.668
1526.452
1546.782
1550.468
1546.16
1543.048
1567.715
1570.827
1546.16
1542.473
1551.689
1555.997
1535.668
1544.883
1549.191
1552.303
1576.971
1580.657
1600.987
1591.771
1587.463
1584.351
1559.684
1555.997
1535.668
1532.54
1526.316
1523.508
1529.731
1538.859
1554.051
1557.178
1559.987
1550.859
1535.668
1544.691
1535.668
1495.436
1502.722
1535.094
1512.645
1505.36
1472.987
1449.327
1445.791
1426.291
1422.158
1413.319
1417.452
1436.952
1439.936
1443.472
1452.311
1449.327
1472.987
1465.702
1458.355
1454.273
1460.64
1508.212
1509.344
1454.059
1456.11
1450.077
1445.202
1415.151
1417.538
1415.066
1420.863
1425.547
1421.233
1418.939
1421.821
1415.816
1415.488
1412.605
1412.333
1406.216
1404.804
1397.186
1418.755
1424.76
1444.319
1440.407
1469.279
1470.691
1501.985
1510.397
1529.132
1510.397
1513.265
1510.397
1487.664
1484.267
1488.238
1496.73
1488.238
1491.635
1510.37
1506.4
1529.132
1549.956
1569.172
1616.765
1619.515
1650.152
1643.402
1612.765
1619.515
1600.299
1552.706
1531.882
1529.132
1532
1554.733
1551.336
1559.828
1563.799
1582.534
1563.799
1541.066
1538.199
1534.228
1525.735
1529.132
1511.505
1501.828
1471.358
1473.652
1491.279
1544.162
1558.279
1505.397
1535.868
1521.75
1519.456
1529.132
1510.397
1507
1484.267
1541.865
1537.732
1557.232
1548.393
1552.526
1556.061
1579.722
1582.707
1591.546
1611.046
1619.801
1652.372
1632.872
1624.117
1591.546
1575.872
1591.546
1572.046
1563.207
1572.046
1548.385
1545.401
1549.533
1552.518
1576.179
1579.714
1599.214
1595.082
1591.546
1586.571
1582.082
1510.189
1505.643
1496.888
1492.755
1494.837
1509.408
1510.143
1514.543
1521.793
1524.656
1550.385
1554.875
1557.263
1565.099
1573.314
1580.992
1572.153
1568.02
1565.036
1541.375
1537.839
1518.339
1525.365
1532.099
1534.395
1539.395
1613.232
1678.712
1683.587
1774.276
1781.622
1761.265
1764.316
1759.441
1727.069
1747.426
1740.401
1738.105
1733.23
1667.75
1593.913
1587.179
1496.49
1489.143
1484.143
1481.092
1513.464
1518.339
1510.38
1507.686
1573.166
1598.895
1606.855
1609.548
1583.819
1518.339
1527.094
1559.666
1540.166
1531.411
1498.839
1518.339
1498.339
1520.013
1512.987
1515.849
1565.385
1597.273
1604.298
1572.411
1592.411
1542.875
1540.013
1518.339
1524.191
1528.844
1534.904
1541.87
1542.958
1550.85
1528.118
1525.824
1497.711
1551.816
1516.704
1496.347
1486.276
1483.888
1515.602
1500.908
1510.98
1513.367
1481.653
1500
1444.959
1459.653
1514.694
1496.347
1496.462
1497.594
1504.88
1516.635
1539.084
1586.656
1588.737
1590.207
1620.258
1622.309
1628.342
1675.913
1663.309
1665.603
1636.73
1632.047
1626.25
1573.132
1577.816
1579.228
1578.14
1579.228
1585.346
1579.341
1559.782
1557.811
1554.929
1552.635
1531.066
1529.654
1483.949
1505.517
1511.522
1531.081
1533.963
1527.846
1519.434
1500.699
1469.404
1468.316
1422.61
1420.61
1399.042
1387.748
1380.748
1382.748
1382.637
1381.225
1381.336
1427.042
1448.61
1459.904
1466.904
1468.316
1469.404
1476.404
1482.924
1483.512
1485.35
1492.35
1503.645
1467.658
1511.639
1512.686
1514.045
1503.177
1501.252
1501.146
1499.788
1498.741
1454.759
1434.005
1427.269
1429.193
1429.3
1427.092
1419.847
1412.748
1436.535
1457.29
1459.498
1473.988
1481.583
1488.682
1486.035
1478.441
1474.29
1476.936
1453.149
1452.101
1459.432
1458.073
1462.224
1463.271
1464.63
1464.736
1466.66
1459.925
1470.792
1459.925
1458
1457.894
1413.913
1447.792
1448.792
1447.703
1455.596
1449.973
1445.502
1446.591
1380.576
1372.684
1365.718
1393.831
1425.125
1436.127
1443.093
1450.093
1461.387
1426.995
1470.976
1472.024
1473.382
1471.458
1471.351
1471.458
1473.382
1472.024
1470.976
1463.646
1459.495
1448.627
1447.665
1443.597
1457.068
1457.748
1461.816
1468.519
1466.594
1453.123
1446.42
1448.344
1447.665
1446.618
1446.724
1447.771
1491.752
1495.903
1506.771
1486.017
1475.149
1473.224
1473.118
1471.759
1473.118
1485.181
1478.181
1480.181
1487.181
1456.078
1434.51
1426.194
1457.297
1464.297
1516.778
1521.268
1529.923
1523.189
1491.474
1481.403
1476.528
1461.834
1406.793
1374.421
1372.033
1368.982
1361.635
1270.946
1252.599
1252.714
1254.184
1255.316
1302.888
1325.337
1337.092
1344.378
1296.806
1292.316
1280.561
1282.643
1281.51
1274.224
1272.755
1272.64
1270.559
1263.533
1231.645
1211.645
1162.11
1140.436
1147.462
1179.349
1199.349
1248.885
1270.559
1273.421
1270.559
1288.906
1295.273
1302.559
1307.559
1295.926
1272.265
1252.765
1250.378
1265.378
1269.931
1277.89
1273.401
1295.849
1290.875
1286.321
1279.296
1264.296
1271.321
1265.071
1207.214
1212.189
1270.046
1276.296
1279.296
1276.296
1268.337
1269.469
1273.959
1321.531
1321.416
1321.531
1320.061
1321.102
1323.184
1322.051
1319.969
1312.684
1300.929
1278.48
1230.908
1232.378
1244.133
1273.393
1305.964
1276.704
1275.571
1268.321
1256.87
1224.298
1225.431
1233.645
1302.355
1294.14
1301.39
1308.676
1308.561
1320.316
1342.765
1390.337
1391.469
1392.939
1390.857
1390.972
1389.931
1378.176
1373.686
1326.115
1324.982
1323.513
1325.594
1330.594
1332.89
1259.054
1254.179
1188.699
1195.724
1190.724
1188.429
1181.403
1201.76
1206.635
1217.548
1229.855
1209.497
1202.212
1190.457
1168.008
1120.436
1118.967
1118.852
1116.77
1115.638
1093.189
1086.939
1093.189
1091.138
1088.138
1087.005
1080.638
1079.168
1031.597
1036.087
1056.444
1036.087
1039.087
1036.699
981.413
975.38
1011.803
980.473
982.963
998.128
1004.161
1006.212
1036.263
1041.138
1088.709
1090.179
1096.546
1097.679
1095.508
1092.645
1071.365
1073.659
1088.718
1096.61
1103.988
1128.708
1126.414
1104.846
1089.787
1082.409
1085.159
1077.267
1052.547
1118.561
1146.674
1153.64
1146.674
1177.968
1179.056
1186.949
1158.836
1092.821
1091.733
1060.439
1052.547
1070.174
1064.056
1059.252
1041.625
1034.625
1039.429
1045.547
1052.547
1055.297
1074.512
1105.15
1111.9
1159.493
1111.9
1092.684
1062.047
1055.297
1076.12
1055.297
1095.508
1100.383
1120.383
1178.24
1184.209
1169.638
1176.888
1176.153
1180.554
1173.304
1168.903
1170.985
1185.556
1186.291
1184.209
1175.995
1168.745
1100.036
1067.464
1038.204
1046.418
1047.551
1054.801
1123.51
1156.082
1185.342
1184.209
1165.862
1173.148
1168.148
1161.781
1168.148
1186.495
1179.209
1184.209
1168.536
1176.214
1173.352
1147.622
1125.173
1122.786
1125.173
1116.959
1109.281
1117.495
1120.357
1136.031
1161.76
1184.209
1181.515
1190.27
1192.964
1198.934
1201.934
1216.505
1210.536
1201.781
1198.781
1184.209
1168.536
1138.485
1140.872
1196.158
1202.191
1207.066
1202.191
1232.242
1230.191
1228.722
1208.365
1207.232
1204.844
1149.559
1143.191
1136.941
1130.908
1178.48
1179.949
1186.316
1187.449
1190.449
1192.5
1212.857
1219.107
1192.868
1147.162
1144.279
1139.966
1132.074
1163.368
1229.382
1236.348
1244.24
1243.152
1244.24
1237.275
1171.26
1199.373
1171.26
1139.966
1137.76
1132.956
1121.132
1110.647
1173.559
1178.243
1249.184
1253.988
1256.194
1262.944
1258.26
1238.701
1258.26
1251.51
1282.147
1329.74
1336.49
1333.74
1312.917
1265.324
1246.108
1215.471
1208.721
1211.471
1230.686
1204.283
1211.019
1240.948
1248.95
1219.021
1212.285
1208.134
1200.132
1220.887
1222.783
1230.785
1237.488
1244.224
1227.262
1233.149
1250.111
1254.733
1247.998
1290.821
1286.017
1288.767
1295.826
1310.45
1312.941
1313.988
1306.394
1305.347
1298.644
1235.12
1205.007
1177.955
1185.55
1192.252
1219.304
1249.417
1312.941
1308.873
1322.344
1323.024
1327.092
1333.795
1331.87
1318.399
1317.719
1319.644
1312.941
1289.153
1282.054
1274.46
1259.969
1257.762
1237.007
1244.106
1246.752
1270.54
1274.691
1276.899
1291.389
1298.983
1296.337
1272.55
1212.012
1204.653
1202.163
1204.809
1202.318
1138.795
1132.002
1129.356
1131.847
1142.434
1149.226
1181.689
1211.618
1213.368
1231.858
1245.726
1267.601
1278.682
1281.455
1276.833
1259.87
1253.983
1247.248
1251.87
1268.833
1274.719
1281.455
1278.809
1297.3
1326.781
1333.276
1313.238
1267.441
1248.95
1253.96
1247.465
1254.007
1256.653
1227.172
1200.12
1136.597
1129.894
1099.781
1092.186
1091.139
1095.646
1114.137
1125.168
1073.623
1068.305
1063.961
1046.143
1051.461
1058.007
1060.557
1050.355
1047.805
1041.259
1102.473
1100.073
1102.473
1101.164
1058.782
1085.555
1084.545
1081.873
1080.045
1061.909
1056.236
1050.668
1052.795
1050.668
1001.414
996.039
991.695
964.923
971.959
951.959
956.302
961.677
963.723
964.186
966.041
976.405
978.491
960.673
947.309
978.591
1007.432
1018.109
997.03
998.716
1001.389
1014.752
1032.57
1030.884
1028.211
996.93
1018.009
1007.332
978.491
985.036
987.436
984.886
978.341
917.127
914.727
917.277
978.491
976.664
970.205
972.032
979.743
986.202
978.491
974.148
915.811
909.552
907.507
889.37
823.589
819.134
812.293
804.975
791.011
787.011
764.089
761.539
768.38
766.252
780.216
782.343
786.343
793.661
796.211
819.134
825.68
828.352
872.484
871.939
865.448
859.402
857.698
864.189
870.234
870.78
872.484
878.157
873.702
857.357
851.684
845.193
849.648
865.993
872.484
872.909
870.359
863.814
864.414
893.149
899.465
897.149
838.083
844.316
840.533
842.322
854.849
855.48
859.263
857.474
851.241
850.61
838.083
839.711
842.289
872.474
870.846
850.507
820.322
810.02
782.191
810.02
827.213
811.629
831.28
828.788
838.742
855.276
838.083
839.057
879.952
899.25
909.355
910.618
910.717
912.507
918.77
901.577
874.164
880.204
874.121
868.081
863.423
860.963
863.423
890.836
908.029
950.612
969.243
959.138
939.84
938.05
937.952
936.689
935.715
894.82
935.715
945.82
945.919
947.708
941.445
947.708
967.007
968.27
969.243
966.664
972.037
974.616
987.511
991.425
998.268
1017.566
1013.289
963.553
958.18
952.14
939.246
935.331
928.489
909.191
958.928
963.204
969.243
968.796
958.796
960.138
966.178
968.151
969.941
979.941
977.967
975.954
974.164
915.099
908.783
908.373
910.689
917.004
976.07
975.491
977.952
967.846
961.583
942.285
944.075
943.101
941.838
941.739
900.844
910.95
911.048
912.311
913.285
954.18
973.478
979.741
977.952
937.057
917.759
915.969
914.706
914.607
904.502
903.529
897.265
891.002
863.173
843.875
866.85
895.691
902.182
922.182
929.893
931.748
931.85
933.159
934.168
976.55
996.55
1007.023
1013.514
992.434
995.107
996.793
1020.54
1002.05
999.276
988.196
955.733
988.196
986.446
956.517
986.446
997.526
1011.394
1033.269
1051.759
1054.25
1056.896
993.373
990.882
984.09
985.788
1011.155
1008.605
1004.15
987.805
982.132
975.641
980.095
996.441
1002.114
1008.605
1003.23
1030.002
1027.875
1033.25
1082.505
1084.632
1057.859
1053.516
1046.48
1050.823
1057.314
1037.314
994.932
993.923
992.614
992.511
1002.984
1006.984
1049.366
1050.375
1051.684
1051.786
1053.641
1051.786
1045.295
1034.823
1028.277
1030.95
986.818
993.364
1037.495
1034.823
1039.773
1057.909
1063.909
1021.527
1020.518
1016.518
1006.045
1026.045
1019.555
1026.045
1036.518
1034.664
1077.045
1076.943
1075.634
1076.943
1077.045
1078.9
1079.152
1077.025
1063.061
1055.743
1048.902
1046.352
1050.352
1064.316
1071.634
1067.634
1069.761
1072.311
1095.234
1102.075
1079.152
1081.702
1102.814
1109.129
1111.445
1108.985
1107.406
1086.461
1084.061
1082.752
1082.5
1040.118
1038.264
1038.161
1031.67
1021.198
1023.052
1043.052
1085.434
1086.443
1087.752
1087.855
1094.345
1104.818
1084.818
1078.359
1084.405
1102.541
1103.777
1106.495
1098.784
1096.957
1103.448
1113.92
1113.818
1133.818
1176.2
1177.209
1178.518
1176.664
1176.766
1178.62
1177.311
1176.302
1133.92
1113.92
1103.448
1096.957
1118.036
1086.755
1076.077
1047.236
1033.873
1012.793
1014.48
1017.152
1027.83
1056.67
1074.489
1076.398
1058.58
1051.621
1049.042
1047.414
1046.072
1047.862
1057.862
1059.836
1053.796
1051.822
1057.862
1047.862
1049.204
1047.414
1044.954
1026.322
983.739
966.546
939.134
933.094
915.901
911.711
906.579
856.842
860.351
866.614
872.93
913.825
907.561
897.456
878.158
837.263
836.289
835.026
836.816
836.914
838.178
838.079
836.289
842.553
852.658
853.632
872.93
870.469
864.154
805.088
831.964
827.014
808.877
802.877
807.827
825.964
831.964
825.505
827.359
840.341
840.995
844.916
851.375
849.52
836.539
835.884
831.964
836.418
829.927
836.418
830.745
814.4
830.745
826.291
831.964
825.473
824.464
811.594
790.84
779.972
779.866
777.941
776.583
782.856
780.035
778.752
781.573
775.3
756.479
775.3
776.583
783.375
829.172
822.38
819.606
773.809
776.583
780.356
783.002
785.009
789.517
795.585
822.637
804.146
802.396
780.521
778.54
775.767
743.304
732.224
739.571
709.642
701.547
704.038
690.566
687.792
682.274
679.783
687.877
701.349
704.123
709.642
711.538
795.382
796.741
847.627
853.901
854.948
855.054
853.047
845.7
818.649
822.422
825.068
827.075
831.583
837.651
864.703
858.634
854.861
852.215
847.708
855.054
861.281
880.101
885.238
880.101
861.281
855.054
878.842
881.488
902.243
904.45
918.941
926.535
933.634
930.988
907.2
892.71
885.611
878.017
875.809
871.658
877.932
871.658
890.479
889.196
886.375
889.196
890.479
871.658
866.08
870.587
876.165
878.373
850.59
846.083
873.866
822.752
873.866
871.658
876.165
882.233
909.285
916.632
912.858
914.866
912.219
901.465
899.458
902.104
905.877
903.755
901.83
903.274
909.769
911.693
913.816
924.571
920.064
913.995
912.552
905.205
898.71
871.658
867.035
850.073
843.337
837.45
854.413
860.3
867.035
871.658
869.012
865.238
872.585
899.637
905.705
907.712
910.358
914.132
908.064
906.057
898.71
903.217
876.165
871.658
901.139
905.101
906.847
910.667
911.715
918.96
919.526
930.903
936.972
937.078
944.425
962.915
983.505
1012.986
1020.344
1047.396
1079.858
1083.679
1085.038
1135.925
1142.198
1143.245
1143.351
1141.993
1091.106
1084.833
1083.785
1083.679
1102.5
1108.774
1105.953
1104.67
1085.849
1079.575
1082.396
1083.679
1102.5
1108.726
1113.863
1107.637
1088.816
1083.679
1110.731
1114.505
1117.151
1119.158
1123.665
1129.733
1137.08
1134.434
1132.427
1127.92
1121.851
1094.8
1087.453
1083.679
1037.882
1083.679
1086.453
1093.245
1090.472
1083.679
1037.604
1031.535
1028.889
1025.116
1032.462
1029.816
1027.809
1054.861
1060.929
1064.703
1066.71
1039.658
1032.311
1034.958
1030.45
1034.958
1028.889
1028.21
1030.134
1043.606
1044.285
1048.354
1044.285
1050.988
1049.064
1042.361
1028.889
1022.153
1001.399
993.396
963.467
966.113
969.887
974.394
976.401
982.469
979.823
987.17
983.396
981.389
976.882
970.814
943.762
936.415
963.467
944.646
938.373
957.193
955.91
953.09
959.363
960.646
963.467
958.844
941.882
935.146
929.259
929.153
928.106
929.465
980.351
986.625
986.731
985.373
934.486
928.212
929.259
927.816
934.042
931.92
937.057
930.561
928.637
953.877
955.377
962.127
964.333
957.863
938.304
932.966
944.142
946.142
965.701
987.27
1011.99
1009.696
1002.319
1017.377
1002.319
1005.069
983.5
975.608
982.985
980.235
982.529
957.809
965.701
962.951
960.865
956.181
949.875
921.762
914.127
910.206
906.235
875.598
875.488
854.091
834.875
854.091
846.456
867.853
860.206
890.843
894.814
928.549
936.196
902.461
902.571
910.206
938.319
910.206
917.265
924.265
917.265
947.357
951.439
947.357
927
923.949
917.163
920.214
921.602
941.959
948.745
947.357
955.255
961.288
966.163
996.214
991.339
993.727
938.441
908.39
906.003
899.969
907.316
910.316
907.316
899.969
850.434
857.51
856.378
911.418
911.304
912.773
919.559
919.673
918.204
863.163
856.378
857.51
850.776
830.418
824.862
836.617
859.492
895.314
902.339
909.929
956.839
936.482
929.696
932.747
953.105
954.492
953.105
959.89
956.839
949.814
947.732
959.365
961.446
963.742
961.446
968.472
966.911
968.472
956.839
978.513
979.247
985.615
994.27
1002.485
1049.395
1061.38
1073.365
1074.753
1073.62
1073.735
1066.949
1066.834
1067.967
1012.926
1011.457
1018.242
1073.283
1074.753
1066.538
1065.804
1051.232
1049.151
1053.551
1054.286
1068.857
1070.939
1068.551
1046.102
1038.852
1046.102
1041.702
1026.028
1018.349
1015.487
989.758
989.872
997.819
1017.819
1040.089
1069.349
1061.39
1041.39
1037.258
1005.37
976.11
953.839
985.727
989.86
1024.972
1032.931
1032.816
1024.87
989.758
982.972
986.023
984.635
981.584
1001.941
1003.329
1010.115
989.758
1063.594
1071.431
1072.564
1076.696
1078.584
1110.472
1114.758
1112.87
1108.737
1108.125
1103.839
1071.952
1078.515
1066.209
1058.372
1057.24
1050.676
1051.288
1053.339
1051.288
960.599
1051.288
1066.288
1072.538
1075.538
1082.564
1087.117
1095.077
1099.566
1157.423
1099.566
1094.592
1099.566
1077.117
1069.158
1064.605
1049.605
1042.579
1039.579
1033.329
1036.329
1043.676
1036.599
1033.599
1026.253
1075.788
1091.911
1099.196
1101.367
1108.393
1110.474
1142.847
1148.88
1154.849
1154.237
1152.324
1145.038
1152.324
1159.11
1159.722
1161.635
1154.849
1131.13
1142.645
1148.441
1151.191
1182.294
1184.868
1187.27
1180.75
1127.868
1126.456
1126.346
1125.257
1113.743
1113.037
1106.919
1099.027
1090.711
1135.782
1156.605
1168.12
1176.012
1130.941
1131.647
1137.765
1146.081
1125.257
1126.591
1146.15
1143.218
1123.659
1117.14
1120.071
1126.591
1125.257
1096.385
1098.679
1151.797
1157.593
1162.277
1191.15
1186.466
1180.669
1173.081
1170.787
1159.61
1157.61
1155.404
1148.654
1147.154
1149.154
1149.265
1156.265
1167.559
1144.255
1188.236
1189.283
1190.642
1169.887
1167.575
1164.929
1176.009
1164.929
1194.858
1197.335
1173.795
1176.023
1178.573
1183.948
1155.107
1149.732
1190.642
1169.493
1158.625
1169.493
1175.988
1209.106
1165.736
1158.719
1152.224
1119.106
1126.123
1132.318
1135.34
1146.208
1190.189
1183.453
1185.377
1185.483
1186.842
1187.889
1177.021
1156.267
1134.22
1133.211
1131.902
1131.8
1129.945
1136.436
1135.34
1135.233
1127.887
1100.835
1071.354
1067.533
1046.943
1039.585
1007.123
988.632
989.679
991.604
984.868
982.943
1026.925
1028.283
1039.151
1045.887
1045.781
1044.422
1033.554
1052.517
1052.627
1074.196
1028.49
1027.402
1024.471
1023.137
1003.578
997.059
995.971
1002.971
1014.265
996.745
1040.726
1041.774
1043.132
1043.238
1032.37
1025.634
981.653
960.899
958.974
958.868
957.509
959.434
952.642
998.439
952.642
959.434
962.208
959.434
951.432
943.837
932.757
912.719
869.349
876.943
884.946
890.833
891.512
890.833
897.028
875.086
894.395
888.723
894.098
904.775
907.161
927.161
931.968
921.291
892.45
890.064
870.064
867.836
865.286
859.911
862.461
834.349
837.857
844.121
850.436
844.173
840.664
834.349
828.116
824.333
822.544
810.018
809.386
808.412
814.675
824.781
844.079
884.974
885.947
887.211
887.309
889.099
878.993
838.099
818.8
818.702
817.439
811.175
838.818
843.273
845.318
847.145
848.782
856.1
874.236
884.6
878.341
907.182
909.036
914.355
907.864
905.93
900.611
898.757
869.916
875.291
889.655
875.291
869.916
876.175
877.102
879.036
868.564
869.491
879.964
868.386
909.281
910.254
869.36
850.061
848.798
848.7
846.91
845.936
847.726
847.825
849.088
842.825
841.035
851.338
856.524
858.985
861.134
880.432
882.735
910.564
900.261
930.77
937.261
947.734
967.734
962.359
963.368
964.677
964.78
966.634
965.707
955.234
997.616
955.234
935.234
915.234
912.848
908.041
905.491
904.182
903.173
937.149
935.026
933.13
931.432
923.837
905.017
894.262
896.384
898.281
899.979
918.8
929.554
924.932
929.554
937.149
943.884
954.752
943.884
945.809
939.073
918.318
919.366
963.347
984.101
985.46
985.566
941.585
940.538
939.179
939.073
937.149
942.667
945.441
931.969
929.196
923.677
921.186
929.281
921.186
923.677
937.149
938.432
927.351
926.068
937.149
926.068
941.561
942.267
941.561
986.632
994.525
1002.841
1008.958
1029.782
1023.664
1015.772
1027.287
1018.971
1012.532
1058.238
1059.326
1060.738
1058.738
1037.169
1037.059
1025.765
1024.353
1017.353
1016.265
970.559
970.669
981.963
988.963
990.963
1012.532
1007.728
1005.522
1003.551
1001.787
993.895
974.336
963.159
968.956
973.331
975.537
940.62
948.215
967.035
977.79
982.413
984.111
956.328
954.12
903.007
898.5
900.495
931.8
933.655
935.359
929.984
919.307
921.534
924.084
929.459
940.136
911.295
905.92
903.534
932.375
912.375
910.148
907.598
895.05
897.353
896.09
895.116
854.221
834.923
824.818
818.555
818.456
816.667
819.246
861.829
868.145
825.561
822.982
816.667
844.079
845.702
852.439
848.754
821.342
819.719
816.167
815.193
808.456
744.982
750.625
751.151
754.836
818.309
812.667
813.64
813.114
816.667
847.461
816.667
823.191
842.855
852.961
859
899.327
889.221
883.461
876.936
870.897
868.088
850.588
849.009
847.246
845.272
840.974
833.912
838.211
828.211
829.789
831.553
841.553
859.053
866.114
868.088
865.785
837.956
835.496
830.309
840.612
838.463
840.923
843.072
862.371
864.673
892.502
882.2
887.386
899.655
897.8
892.482
898.741
893.366
887.991
883.934
890.425
892.359
863.518
877.882
881.939
887.314
889.168
894.486
893.559
891.625
885.366
871.002
899.843
905.218
899.545
892.227
850.434
849.78
842.068
822.759
812.082
804.764
803.127
801.3
799.255
794.8
799.255
801.3
803.127
784.991
774.627
781.945
800.082
810.445
812.082
892.877
894.705
813.909
812.082
825.173
831.432
833.659
876.041
879.961
883.111
884.748
882.825
818.775
816.92
818.843
847.974
849.743
851.667
918.134
915.658
913.347
910.7
905.123
894.042
923.972
926.448
947.203
949.514
952.16
957.738
968.818
938.889
918.134
916.436
911.814
909.691
920.446
939.267
946.861
948.559
950.455
952.578
957.2
946.446
927.625
925.729
918.134
922.344
918.134
912.557
918.134
963.932
966.705
973.498
927.7
924.927
918.134
920.446
925.177
922.866
918.134
951.252
953.564
972.384
979.979
981.677
983.573
964.752
969.375
980.13
972.535
970.837
968.941
966.818
962.196
964.318
953.564
947.986
936.906
916.151
921.729
924.375
925.531
922.884
920.573
918.097
888.167
891.861
879.43
881.816
910.657
907.02
913.511
906.966
910.602
917.148
910.657
912.884
880.97
878.743
910.657
908.734
906.88
842.83
841.125
873.039
875.266
843.352
841.125
843.17
815.349
820.535
824.833
814.833
797.333
790.272
788.693
786.93
784.956
780.658
787.719
805.219
815.219
811.305
806.118
810.033
811.612
805.349
807.215
813.254
827.114
832.3
860.129
861.919
856.787
854.998
827.169
821.982
808.123
802.083
800.217
806.48
811.612
771.285
769.136
762.612
756.572
725.779
745.443
755.548
795.875
802.399
808.439
839.232
851.864
853.443
894.338
874.673
878.456
880.605
886.645
874.013
872.434
831.539
827.757
824.717
822.568
816.529
847.322
849.471
818.678
821.717
811.612
810.537
815.724
796.425
793.965
788.779
785.344
813.173
815.476
834.774
836.923
839.384
811.555
821.857
819.555
850.349
852.498
821.704
819.555
829.857
819.555
818.362
819.555
815.257
813.283
830.783
840.783
842.546
849.607
851.581
855.879
857.458
839.958
832.897
831.318
829.555
819.555
788.761
790.91
821.704
819.555
776.971
774.393
768.077
798.871
768.077
765.928
768.077
764.162
769.349
773.263
796.007
797.016
800.698
802.38
830.789
829.107
829.652
835.5
769.718
762.736
761.727
758.045
823.827
795.418
791.6
791.055
785.207
789.025
796.007
787.375
783.077
776.015
774.042
756.542
728.713
726.41
707.112
704.963
702.502
697.316
687.013
714.842
717.145
719.294
721.754
726.941
730.375
720.375
718.796
717.033
686.239
717.033
714.884
717.033
718.822
738.121
744.384
754.489
754.588
755.851
756.825
797.719
798.912
800.491
843.075
845.377
848.93
849.029
855.068
858.976
860.765
862.914
893.708
891.559
860.765
858.186
862.463
912.2
917.572
920.151
926.191
939.086
933.713
937.627
956.925
952.649
948.789
941.947
892.211
879.316
873.276
880.118
876.204
877.467
878.441
876.651
876.553
875.289
874.316
833.421
814.123
804.018
797.754
838.649
857.947
858.046
864.309
866.099
876.204
845.41
843.261
849.524
859.629
878.928
919.822
920.796
922.059
922.158
912.053
905.789
886.491
845.596
844.623
843.36
843.261
841.471
843.261
845.41
843.261
840.221
846.261
849.3
853.083
893.978
895.557
908.189
895.557
893.978
853.083
847.044
843.261
840.958
837.524
832.338
829.877
827.728
799.899
808.986
814.361
818.418
813.043
808.986
828.986
839.459
837.605
837.502
836.193
835.184
792.802
772.802
779.293
772.802
774.657
774.759
776.068
777.077
819.459
808.986
815.245
829.609
834.984
863.825
865.68
870.998
864.739
862.805
848.441
843.066
814.225
816.159
809.668
816.159
810.841
808.986
815.477
813.623
813.52
812.211
811.202
768.82
748.82
738.348
731.857
733.711
735.02
736.03
778.411
782.411
792.884
792.986
792.441
786.395
779.905
778.2
776.891
766.418
724.625
717.864
711.605
679.691
700.07
710.543
752.336
759.098
765.357
797.27
795.416
795.314
795.416
794.407
752.025
748.025
737.552
731.061
732.916
712.536
713.845
714.855
757.236
761.236
771.709
778.2
774.143
778.2
783.575
778.2
778.302
784.793
795.266
837.648
838.657
839.966
839.864
841.718
835.227
824.755
820.755
778.373
777.364
776.055
856.85
858.677
862.677
860.85
780.055
778.2
774.2
731.818
730.809
730.707
728.852
727.543
734.034
744.507
786.889
787.898
807.898
808
809.309
802.818
804.673
794.2
790.564
784.073
777.527
775.3
769.041
765.12
807.502
804.352
802.716
789.625
796.116
806.589
826.589
784.207
785.216
765.216
765.318
767.173
760.682
750.209
707.827
706.818
705.509
705.407
706.716
704.861
684.861
642.48
641.47
640.161
634.786
624.314
629.689
625.632
625.53
623.675
627.732
621.241
620.005
630.682
631.918
621.241
619.307
613.048
598.684
593.309
564.468
562.614
557.295
550.805
552.441
550.055
554.105
555.959
556.061
559.743
562.13
560.493
516.361
515.125
516.361
512.311
510.457
510.355
504.095
548.227
544.545
550.805
548.132
535.15
529.832
527.432
535.232
548.214
550.886
553.286
558.605
571.59
574.236
618.217
640.092
571.828
577.896
578.462
582.425
611.906
613.651
617.472
615.726
622.972
691.236
685.167
677.922
676.875
676.309
672.347
642.866
643.913
640.092
634.514
630.304
632.95
676.932
698.807
696.16
652.179
630.304
632.95
611.075
567.094
564.448
608.429
630.304
623.809
590.691
583.675
604.823
615.691
622.186
655.304
611.934
601.066
579.917
586.934
630.304
627.658
583.677
561.802
564.448
608.429
630.304
627.658
583.677
561.802
605.783
627.658
630.304
627.658
583.677
561.802
564.448
608.429
630.304
632.95
676.932
655.057
611.075
608.429
630.304
633.125
663.054
667.561
684.33
690.557
697.349
703.844
749.642
750.925
752.623
756.825
758.75
756.274
749.778
703.981
702.698
701
696.797
694.873
694.767
690.946
693.422
693.528
697.349
694.703
672.828
628.847
649.995
660.75
721.288
743.163
794.05
801.396
804.665
806.41
857.882
938.677
938.982
858.186
856.359
798.023
776.943
727.907
726.225
719.145
698.766
695.616
753.952
775.032
824.068
831.148
832.83
913.625
934.005
937.155
947.518
899.429
888.675
877.594
876.311
887.392
888.675
867.526
834.408
827.913
820.896
777.526
766.658
715.771
708.425
706.679
622.835
601.686
598.417
587.663
565.788
587.663
527.125
578.012
585.358
587.104
670.948
692.097
695.366
706.12
766.658
760.59
764.41
763.844
771.09
772.137
773.882
803.363
807.325
807.892
844.295
850.143
843.161
842.152
838.47
836.789
808.38
804.561
738.78
657.984
637.605
718.4
669.364
648.284
589.948
600.311
603.461
623.841
616.761
615.08
622.159
671.195
692.275
750.611
740.248
737.098
738.78
819.575
830.048
847.866
861.83
867.398
876.034
925.07
930.918
934.068
937.218
947.582
954.661
944.298
937.218
935.536
854.741
834.361
831.211
851.591
909.927
931.007
980.043
981.725
923.389
1004.184
955.148
934.068
963.086
970.886
988.259
992.602
994.536
998.173
1005.252
1011.1
1037.168
1039.718
1042.391
1048.65
1050.559
1037.195
1030.105
1043.697
1049.07
1068.368
1064.092
1058.053
1008.316
1002.943
983.645
987.559
983.645
981.066
985.342
992.184
995.224
1014.888
958.599
938.259
890.943
884.112
882.489
804.529
814.529
794.864
784.864
841.154
861.493
878.002
884.602
886.169
883.233
958.551
963.508
1011.559
1015.608
1032.218
1017.155
1013.106
986.22
980.627
974.525
977.059
983.161
907.843
913.436
910.903
905.451
892.434
887.244
877.481
874.544
857.934
812.222
804.172
879.489
954.807
981.693
994.71
999.9
1009.663
1012.6
1029.21
1074.922
1082.972
1087.021
1092.472
1094.275
1098.324
1103.775
1128.076
1134.676
1131.286
1106.985
1105.182
1101.133
1095.682
1098.059
1091.46
1089.083
1092.472
1102.133
1105.07
1124.068
1069.686
1050.036
1004.324
997.725
996.157
977.159
974.222
930.445
986.735
1007.075
1054.39
1061.221
1062.844
1140.805
1130.805
1114.042
1086.042
1102.805
1110.331
1138.331
1130.805
1128.344
1126.478
1129.987
1132.447
1134.314
1138.504
1144.147
1169.3
1162.469
1137.316
1131.673
1127.482
1134.314
1130.805
1128.502
1124.95
1124.851
1082.268
1081.075
1079.496
1080.689
1082.268
1086.175
1087.965
1088.064
1091.616
1093.919
1087.879
1086.09
1082.182
1088.221
1130.805
1147.998
1137.893
1132.52
1119.046
1113.404
1035.443
988.127
979.794
1057.754
1063.397
1076.871
1082.243
1092.349
1095.388
1142.704
1151.037
1141.037
1137.998
1118.333
1040.373
1038.75
1031.919
984.603
964.263
907.974
904.934
887.741
880.91
879.044
885.875
882.366
879.906
875.715
870.072
844.919
870.072
874.263
876.724
880.232
882.099
887.741
890.202
886.693
890.202
892.068
896.259
901.901
899.441
892.61
867.456
861.814
857.623
855.757
880.91
887.741
897.846
945.162
962.355
965.395
970.768
984.241
989.884
1005.476
997.143
949.827
932.634
927.261
913.787
908.145
830.184
838.518
828.412
825.373
797.373
789.846
773.083
801.083
808.61
825.373
850.526
852.987
854.853
860.496
853.664
828.511
822.868
827.059
833.89
830.382
833.89
832.024
829.564
825.373
833.706
850.899
853.939
864.044
869.417
882.89
888.533
882.89
835.575
818.382
815.342
805.237
799.864
786.39
770.798
848.759
840.425
887.741
882.099
885.607
888.068
889.934
894.125
889.934
886.425
893.257
891.39
888.93
914.083
919.726
912.895
887.741
886.548
887.741
877.439
887.741
880.215
863.452
835.452
832.991
826.16
801.007
799.14
795.632
789.989
785.798
783.175
776.86
698.899
693.11
665.281
743.241
739.05
730.717
683.401
666.208
663.169
676.643
666.537
661.164
666.807
661.164
666.537
676.643
663.169
666.208
668.831
590.871
668.831
674.621
702.45
708.765
717.099
764.414
781.607
785.798
779.061
773.419
772.893
769.208
741.796
740.173
736.621
735.647
672.173
677.816
678.342
682.026
709.439
711.061
714.614
715.588
722.325
785.798
785.897
787.16
788.134
829.029
848.327
858.432
864.695
866.485
871.616
864.09
851.564
848.985
843.853
841.537
849.064
861.59
864.169
866.485
788.524
788.23
788.329
782.066
771.961
752.662
753.925
754.899
753.925
764.031
783.329
824.224
822.434
824.224
783.329
789.592
788.329
788.23
798.336
801.375
814.849
862.164
867.807
883.399
875.066
827.75
836.083
758.123
740.93
737.89
727.785
722.412
727.785
744.978
739.336
725.862
729.414
746.178
749.217
769.557
777.156
779.721
760.423
750.318
744.055
745.844
704.95
706.213
707.186
748.081
741.367
751.129
757.18
755.451
754.511
754.606
753.386
753.29
754.816
752.591
749.159
749.064
747.335
743.559
745.288
744.136
742.61
736.775
739
742.432
742.528
748.362
789.502
790.655
749.515
753.29
757.905
774.811
780.405
787.746
785.267
788.699
791.178
810.828
813.765
829.96
822.619
819.186
802.992
783.341
780.405
781.345
779.617
789.379
788.159
794.21
794.114
793.174
783.411
783.506
785.235
779.184
797.828
806.524
765.629
766.893
807.787
812.919
862.656
866.846
884.039
878.908
829.171
824.98
807.787
792.195
786.553
789.592
742.276
789.592
806.785
816.89
822.263
835.737
841.379
856.971
848.638
831.445
828.406
836.739
831.366
821.261
807.787
804.235
807.787
810.353
830.693
833.732
850.496
842.897
850.496
847.93
831.167
810.827
807.787
809.577
809.478
808.504
767.61
748.311
738.206
731.943
738.206
748.311
767.61
808.504
809.478
810.741
810.84
809.577
807.787
817.893
808.811
810.032
849.54
849.636
855.686
857.415
851.364
841.602
842.542
803.034
802.093
800.873
800.778
782.133
780.405
783.341
802.992
805.47
808.903
816.244
832.439
816.244
812.811
805.47
802.992
783.341
780.405
774.953
761.936
753.886
750.949
741.186
735.996
719.386
673.674
658.61
664.661
664.566
683.21
673.447
683.21
664.566
625.057
624.117
624.212
618.161
619.381
617.653
638.061
639.035
679.93
681.719
676.943
659.443
665.232
659.443
676.943
681.719
674.121
677.16
697.5
700.066
703.618
711.217
707.664
724.428
721.862
701.522
698.482
681.719
738.009
755.509
765.614
808.197
821.671
847.504
852.978
859.579
872.105
871.132
871.23
861.125
841.827
800.932
802.721
801.458
801.36
795.096
796.07
836.965
856.263
854.474
864.579
870.842
872.105
885
891.601
892.575
902.877
906.386
908.846
910.469
930.809
933.375
930.336
909.996
907.43
903.877
896.279
913.042
916.081
923.68
927.232
910.469
910.371
908.581
907.318
948.213
907.318
906.344
916.45
935.748
936.721
937.985
944.248
946.037
939.774
920.476
920.575
910.469
906.279
878.45
872.66
794.7
788.384
785.761
798.656
796.195
792.686
802.989
792.686
796.195
798.656
800.279
787.384
788.357
787.384
785.761
792.362
785.761
793.36
796.912
799.478
819.818
836.581
828.982
825.43
822.864
802.524
799.485
782.721
785.761
766.463
764.673
723.779
722.805
721.542
721.443
711.338
705.075
715.377
717
717.974
714.421
727.316
724.855
717.257
710.656
709.033
698.73
695.221
694.248
681.353
684.862
691.463
693.923
696.489
699.529
716.292
719.844
727.443
724.877
704.537
701.498
684.735
705.075
710.864
728.364
733.14
715.64
709.851
705.075
706.268
716.57
715.377
730.714
722.839
719.157
716.498
695.418
692.268
674.895
685.259
683.577
681.027
680.018
681.927
682.936
676.095
662.732
669.573
680.25
683.886
686.436
675.759
676.18
672.543
662.07
656.398
638.261
625.28
652.052
696.184
754.52
710.389
652.052
625.28
635.752
628.911
614.948
628.911
635.752
653.889
659.561
672.543
683.22
684.902
685.911
692.752
695.302
692.752
689.116
678.439
678.018
676.109
669.268
672.905
686.268
685.259
682.873
681.636
637.505
631.245
633.632
637.314
637.416
639.27
637.634
639.27
643.32
687.452
693.711
691.857
691.755
688.073
689.309
685.259
679.411
678.866
677.857
670.875
605.093
603.411
599.593
571.184
567.502
573.07
615.452
616.761
622.434
623.443
626.116
627.943
646.08
666.08
668.48
729.693
736.239
738.789
744.789
762.925
756.925
738.789
733.839
738.789
728.111
724.475
721.925
735.289
742.13
743.139
744.82
755.498
753.816
756.366
760.002
746.639
739.798
738.789
744.939
746.175
748.725
752.361
763.039
768.414
755.05
786.964
793.805
795.486
808.85
815.109
808.268
807.259
805.577
810.895
811.905
801.227
797.591
795.041
801.586
803.986
742.773
740.373
737.823
731.277
792.491
795.041
813.177
806.336
816.809
860.941
919.277
946.05
951.723
958.564
945.582
931.618
913.482
903.009
858.877
800.541
773.768
768.095
781.077
795.041
781.677
779.127
775.491
764.814
763.132
762.123
755.282
762.373
766.43
779.793
786.052
788.725
794.293
845.839
850.27
798.725
793.157
773.157
766.898
764.989
760.932
756.5
777.689
774.915
779.066
785.292
804.113
809.25
803.024
784.203
779.066
725.575
720.057
715.55
697.059
703.851
767.375
769.866
772.512
769.866
706.342
703.851
697.059
715.88
722.375
785.899
792.691
790.045
783.252
719.729
717.238
719.729
722.375
733.243
779.04
771.941
790.762
804.233
798.347
770.564
710.026
664.229
678.719
659.899
649.031
635.559
642.658
648.545
676.328
736.866
722.375
717.238
698.417
692.191
693.238
712.059
756.04
757.399
760.172
760.488
766.267
760.488
716.507
715.149
709.262
688.507
687.46
684.686
682.79
663.969
659.825
665.498
658.952
656.402
658.802
720.016
726.561
729.111
726.711
665.498
667.352
664.966
671.225
715.357
716.593
718.23
722.28
718.598
718.7
722.382
724.768
718.509
718.407
716.552
712.502
710.866
666.734
665.498
659.348
660.584
666.734
661.416
666.734
672.109
670.873
665.498
659.239
691.152
659.239
665.498
654.82
653.584
659.584
725.366
734.339
727.793
789.007
791.407
788.857
727.643
725.243
727.793
734.339
761.111
767.952
812.084
822.557
840.693
846.366
840.693
850.416
834.05
820.577
803.077
792.971
750.388
694.099
687.498
674.971
687.498
661.664
655.349
657.809
664.125
723.191
725.507
723.191
720.73
661.664
679.164
685.204
667.704
661.664
649.138
646.559
641.428
639.112
646.638
659.164
661.743
666.875
669.191
661.664
655.349
652.888
655.204
714.27
720.586
661.52
659.204
661.664
693.617
734.756
751.663
761.426
766.714
757.65
716.511
706.748
731.706
738.083
721.176
709.074
684.117
694.647
688.046
682.572
695.099
708.572
709.836
715.309
716.283
718.862
720.625
738.125
743.498
762.796
721.901
762.796
757.423
754.844
753.871
748.397
747.134
746.84
727.542
710.042
679.248
673.208
678.395
683.526
689.566
684.379
715.173
716.366
710.432
705.3
704.107
710.042
703.726
701.265
642.2
639.884
634.094
570.621
561.963
567.752
631.226
639.884
682.467
680.678
680.579
677.026
674.724
673.531
677.083
671.044
673.346
679.386
679.485
683.393
684.971
686.164
643.581
645.371
643.792
639.884
665.717
667.559
690.845
693.337
695.816
697.388
736.896
784.947
790.782
807.689
801.854
784.947
797.049
802.337
815.354
832.261
842.023
883.163
937.544
962.502
968.879
963.591
950.574
933.667
923.905
869.523
844.566
838.189
826.087
784.947
787.426
746.286
733.269
726.892
721.604
696.646
642.265
630.163
613.256
626.273
643.18
652.943
665.044
655.282
661.659
666.947
691.905
733.044
787.426
782.415
783.568
813.318
819.153
824.886
829.843
834.854
833.701
803.951
798.117
792.383
787.426
848.748
840.383
779.061
773.468
781.833
787.426
768.782
771.273
770.053
764.765
765.706
764.765
769.956
786.862
784.371
744.862
727.956
726.252
765.761
767.464
768.684
773.972
768.782
787.426
741.511
739.731
714.773
675.265
672.773
671.201
668.722
693.68
706.138
712.697
752.206
754.697
757.176
758.748
768.358
720.307
737.214
757.042
739.542
745.581
751.621
777.316
821.448
822.684
824.32
828.37
830.225
830.327
834.009
836.395
830.136
786.005
784.768
781.086
777.036
775.182
775.08
772.693
728.561
701.789
696.116
689.275
678.802
660.666
646.702
588.366
575.384
575.486
576.495
578.35
579.659
622.041
642.041
652.514
659.005
656.345
659.005
663.436
714.982
663.436
659.005
666.095
670.152
683.516
689.775
692.448
712.448
706.88
704.207
697.948
684.584
680.527
673.436
669.436
675.005
676.859
670.368
659.895
639.895
638.586
637.577
637.475
635.62
635.723
593.341
594.65
605.123
647.505
667.505
673.995
675.005
681.495
691.968
711.968
754.35
755.359
756.668
756.77
750.28
739.807
719.807
677.425
676.416
675.107
675.005
673.15
675.005
676.859
634.477
676.859
670.368
670.47
659.998
639.998
638.989
645.48
644.17
654.643
658.643
658.541
658.793
660.102
658.248
659.484
627.57
621.311
615.161
609.843
604.468
603.232
608.607
613.925
620.184
652.098
641.734
647.884
647.986
650.645
653.318
695.7
744.955
758.318
785.091
774.782
773.095
730.714
728.041
721.005
707.641
680.868
681.877
730.914
732.223
783.768
781.109
787.155
788.841
788.589
786.734
786.632
778.329
819.224
820.197
820.296
821.559
827.822
823.963
825.752
835.857
825.752
824.489
783.594
777.331
785.989
849.463
855.252
846.594
783.121
777.331
771.068
777.331
787.436
806.735
847.629
848.603
849.866
849.965
851.754
850.491
848.702
847.728
806.833
787.535
777.43
805.598
787.461
781.202
799.339
805.598
799.925
805.598
806.607
808.434
809.743
852.125
854.798
853.489
871.625
868.952
867.943
825.561
823.734
805.598
800.03
804.03
784.03
789.598
790.607
780.134
790.607
791.916
792.018
793.873
787.382
793.873
813.873
856.255
855.245
835.245
833.391
791.009
789.7
789.598
792.148
799.211
802.223
808.714
819.186
819.084
817.775
816.766
774.384
754.384
752.53
746.039
747.893
747.995
749.305
750.314
792.695
784.18
774.075
801.338
813.969
822.627
824.68
840.452
887.768
890.333
887.768
893.601
893.7
893.601
846.285
840.452
839.478
886.794
885.531
886.794
887.768
887.866
886.603
885.629
844.735
825.436
815.331
809.068
810.857
810.759
812.022
812.996
811.206
830.504
840.61
846.873
887.768
885.307
878.491
875.586
878.046
918.941
939.281
937.491
937.393
931.129
921.024
901.726
860.831
859.568
858.594
855.042
853.463
852.27
809.686
805.779
799.739
799.64
797.851
795.548
815.888
856.783
859.243
838.904
798.009
795.548
798.009
838.904
859.243
856.783
815.888
795.548
797.864
792.732
795.311
807.838
815.364
813.048
805.522
792.996
798.127
795.548
836.443
839.022
841.588
843.215
841.588
854.482
848.649
847.675
847.577
800.261
798.998
773.164
820.691
807.796
766.901
764.322
761.757
761.855
712.118
737.952
690.425
691.399
741.136
788.452
789.715
795.548
800.735
805.866
811.8
817.84
811.8
842.594
843.787
837.853
832.721
827.535
826.342
795.548
804.206
806.667
786.327
745.432
742.971
763.311
804.206
809.996
801.338
795.548
732.075
795.548
789.509
772.009
792.349
789.888
817.151
864.467
823.572
803.232
801.18
785.408
826.303
778.987
766.355
778.987
770.329
743.066
745.118
747.579
756.237
772.009
774.575
772.009
784.535
791.136
796.925
816.224
843.636
844.899
845.531
844.557
841.978
840.215
822.715
817.342
813.482
830.982
871.877
830.982
832.246
837.719
838.693
841.272
843.035
848.408
852.268
811.373
810.11
804.636
802.175
781.836
802.175
843.07
845.531
845.629
846.893
845.629
851.463
852.436
851.463
845.629
845.531
892.846
845.531
888.114
890.693
897.009
894.548
874.208
833.314
838.09
855.59
860.776
888.189
895.787
899.978
907.419
913.651
915.414
941.248
954.143
995.037
989.204
941.888
940.914
940.816
891.079
893.645
895.272
945.009
945.982
948.561
946.934
953.724
959.557
933.724
934.987
982.303
969.408
921.882
880.987
878.408
875.842
875.941
874.678
827.362
854.625
863.283
875.914
923.23
939.002
941.055
913.792
911.739
895.967
883.336
874.678
880.717
875.586
880.772
885.904
880.717
879.524
848.73
842.691
836.757
837.95
843.884
874.678
811.204
805.414
814.072
847.799
853.392
845.028
851.638
880.799
884.231
910.714
910.809
917.409
934.019
952.515
976.816
974.337
976.816
974.324
968.222
974.324
933.184
935.676
976.816
976.72
975.78
970.144
924.432
923.212
920.72
919.78
914.492
913.271
873.763
856.856
851.665
847.936
846.233
837.869
825.665
810.428
764.716
738.377
736.394
733.915
708.958
696.5
689.941
650.432
647.941
646.369
598.318
623.275
635.733
681.648
721.157
723.648
726.127
727.699
775.75
779.525
839.233
846.504
849.936
854.068
872.712
878.733
885.922
884.218
877.03
871.008
872.712
866.102
836.941
810.458
786.157
786.252
792.852
809.462
827.958
852.258
848.826
852.258
878.742
872.142
878.752
878.657
860.161
889.322
872.712
855.805
851.191
877.674
870.333
865.322
861.273
868.614
842.131
846.18
863.087
867.701
872.712
878.163
882.212
884.015
886.392
889.782
896.381
920.682
923.174
928.364
921.754
917.972
905.515
899.68
897.189
891.998
843.947
825.303
843.947
850.557
854.339
866.797
872.631
876.763
924.814
920.682
926.784
885.644
883.153
877.051
882.886
888.619
918.369
917.216
922.227
892.477
886.642
880.909
875.951
870.941
873.432
878.39
919.53
920.682
915.089
883.724
875.066
880.855
944.329
952.987
955.553
952.987
951.121
955.311
960.954
986.107
992.939
988.748
986.287
989.796
991.662
986.02
960.866
954.035
950.526
952.987
956.496
949.664
924.511
918.868
914.678
912.811
910.351
906.842
913.673
916.134
918
922.191
927.833
952.987
927.833
923.643
921.776
928.607
925.099
918.268
943.421
949.064
953.254
955.121
957.581
961.09
958.629
952.987
955.447
949.805
942.974
917.82
913.629
911.763
909.303
905.794
912.625
937.779
943.421
947.612
951.121
952.987
1002.724
1043.618
1046.197
1020.364
1007.469
959.943
919.048
916.469
913.904
912.276
862.539
888.373
895.162
896.789
868.869
881.326
887.936
904.547
923.042
947.343
973.826
977.258
1006.419
1006.324
999.725
983.114
964.619
940.318
913.835
910.403
881.242
874.631
881.231
881.326
878.835
837.695
843.797
846.288
887.428
881.326
877.278
873.888
880.487
904.788
910.239
907.862
911.911
913.714
916.091
919.481
914.03
912.227
905.627
881.326
894.343
897.775
900.254
948.305
944.915
942.538
940.735
936.686
931.235
906.934
909.311
912.701
914.504
918.553
925.153
930.604
924.004
948.305
942.284
935.095
933.392
935.871
933.392
938.403
943.36
949.093
954.928
984.678
985.831
994.195
993.042
987.449
926.127
917.763
923.356
984.678
979.72
949.97
944.96
939.227
933.392
927.941
926.138
923.761
920.371
913.771
889.47
885.422
890.036
906.943
910.992
937.475
944.816
940.201
923.294
919.246
914.235
919.246
911.905
885.422
883.184
885.422
890.379
892.871
904.972
908.608
901.337
889.235
886.744
881.786
883.515
883.61
884.551
885.771
895.534
914.178
920.229
959.737
930.576
912.081
911.985
905.386
888.775
885.343
861.042
854.432
827.949
827.008
825.788
825.693
831.744
841.506
831.949
870.162
871.072
872.252
870.58
870.672
872.344
866.492
828.279
810.246
800.803
761.012
762.488
764.898
788.335
794.212
788.11
785.619
746.11
721.153
718.674
720.246
707.788
747.297
740.737
743.229
745.708
793.758
839.674
838.102
790.051
815.008
827.466
827.371
787.862
769.218
759.456
753.405
755.133
764.896
763.956
782.6
822.108
823.049
829.1
827.371
828.591
828.686
856.5
855.237
896.132
897.105
898.368
898.467
900.257
893.993
883.888
890.151
900.257
919.555
900.257
898.467
857.572
856.599
856.5
873.263
877.561
874.996
847.814
808.305
809.246
815.297
825.059
843.703
883.212
884.432
884.528
883.307
883.212
877.161
875.432
865.669
847.025
848.754
847.814
852.428
858.021
874.928
914.436
915.377
909.784
911.004
920.767
939.411
939.506
938.286
932.235
922.472
903.828
864.32
863.379
863.284
861.555
800.233
819.654
821.443
827.706
822.52
817.388
811.349
780.555
779.362
773.428
785.954
787.217
781.428
808.84
828.138
833.928
840.529
821.23
808.704
809.336
808.072
807.441
813.757
820.02
823.529
796.116
789.515
795.779
793.989
804.094
823.393
864.287
865.261
866.524
866.623
868.412
862.149
852.044
832.746
791.851
790.588
790.489
789.515
748.621
749.884
748.094
747.996
746.732
745.759
726.461
716.355
710.092
711.882
711.98
712.954
753.849
773.147
783.252
789.515
786.936
793.252
795.831
838.414
832.331
830.752
831.647
829.857
820.371
859.879
860.82
860.915
862.644
856.593
857.814
839.169
799.661
798.72
797.5
797.405
787.642
797.405
802.998
819.905
824.519
818.926
802.019
797.405
851.786
876.087
880.218
886.239
861.282
909.333
910.905
913.383
915.875
903.417
942.926
897.011
857.502
855.011
852.532
850.96
863.417
909.333
934.29
886.239
887.968
894.477
924.227
942.227
943.447
960.354
978.85
952.367
945.025
940.015
935.966
962.449
957.835
965.176
970.186
974.235
991.142
995.756
978.85
978.754
977.89
959.246
919.737
918.797
917.576
915.847
937.877
888.14
885.575
882.022
868.548
918.285
921.838
924.404
937.877
939.93
946.991
977.175
984.018
985.36
991.623
1010.921
1013.487
1010.921
1015.697
1010.921
1016.711
1034.211
1016.711
1047.682
1065.055
1072.855
1101.873
1146.273
1150.091
1156.582
1165.555
1175.918
1182.68
1211.52
1216.895
1231.259
1237.518
1244.009
1245.864
1247.798
1253.116
1271.252
1315.384
1343.793
1350.339
1353.011
1308.88
1306.207
1299.661
1304.611
1305.62
1333.875
1340.334
1361.414
1363.8
1369.473
1371.7
1403.614
1413.977
1416.023
1417.414
1419.268
1425.527
1457.441
1428.423
1411.05
1418.85
1447.868
1445.641
1437.841
1440.068
1457.441
1425.527
1419.527
1424.477
1442.614
1437.664
1419.527
1425.527
1376.273
1362.909
1336.136
1337.823
1340.482
1392.027
1434.409
1483.664
1497.027
1523.8
1472.255
1470.568
1467.909
1465.236
1422.855
1425.527
1429.959
1481.505
1487.073
1489.745
1496.005
1476.005
1471.573
1458.209
1451.95
1446.382
1394.836
1362.923
1360.695
1332.25
1339.092
1343.007
1355.901
1349.059
1346.48
1342.566
1299.131
1328.881
1355.932
1412.996
1418.447
1424.282
1426.085
1424.008
1453.758
1455.835
1476.123
1481.154
1424.864
1430.945
1406.644
1425.642
1430.653
1457.136
1464.407
1467.797
1494.682
1495.835
1502.138
1520.138
1513.629
1531.629
1533.358
1550.265
1568.761
1569.981
1551.981
1522.231
1551.981
1558.489
1539.994
1538.773
1521.867
1520.138
1518.061
1488.311
1490.388
1520.138
1517.659
1501.464
1528.515
1535.786
1508.735
1501.464
1517.659
1522.273
1548.756
1565.663
1561.049
1534.566
1517.659
1515.583
1485.833
1515.583
1517.659
1526.023
1519.72
1478.331
1472.28
1478.583
1468.922
1472.481
1464.236
1470.088
1466.645
1458.555
1467.9
1472.363
1467.9
1484.252
1467.9
1473.309
1467.9
1463.053
1437.439
1430.338
1426.422
1410.07
1405.607
1431.221
1438.322
1443.168
1447.084
1449.809
1454.273
1494.064
1496.473
1456.682
1462.584
1456.682
1454.273
1450.994
1452.469
1453.305
1456.584
1450.682
1444.83
1473.605
1471.596
1442.822
1444.83
1450.473
1455.268
1449.416
1436.465
1431.619
1405.615
1403.943
1402.199
1403.871
1398.227
1403.074
1403.91
1416.861
1412.066
1413.809
1394.105
1392.161
1394.105
1421.966
1394.105
1399.569
1400.784
1402.403
1404.188
1413.236
1412.022
1406.558
1404.772
1403.153
1394.105
1378.938
1372.129
1346.796
1374.657
1376.601
1374.657
1346.796
1374.657
1372.712
1344.851
1346.796
1341.558
1325.724
1321.403
1276.403
1288.593
1291.808
1294.129
1339.129
1326.938
1323.724
1321.403
1276.403
1274.931
1272.609
1270.276
1233.276
1190.276
1178.609
1155.236
1153.292
1125.431
1100.629
1125.431
1129.752
1145.585
1141.264
1125.431
1120.478
1119.597
1101.194
1103.278
1121.681
1146.347
1147.228
1122.562
1116.923
1114.839
1119.792
1125.431
1098.121
1092.454
1086.065
1084.851
1067.391
1065.534
1059.343
1086.653
1092.319
1098.708
1099.923
1083.002
1084.802
1090.802
1128.144
1130.406
1135.944
1098.602
1096.34
1090.802
1085.854
1091.15
1115.704
1120.652
1172.448
1120.652
1115.356
1090.802
1096.523
1099.754
1137.323
1144.915
1150.408
1141.638
1134.046
1130.815
1125.094
1087.525
1096.294
1125.431
1127.05
1127.139
1128.282
1129.163
1166.163
1171.829
1189.29
1198.433
1147.504
1161.558
1183.615
1179.204
1181.465
1183.496
1185.227
1179.931
1178.2
1186.969
1185.4
1176.631
1177.808
1183.104
1187.604
1189.173
1187.996
1184.696
1173.712
1171.45
1166.95
1164.919
1175.904
1182.504
1198.842
1183.496
1166.708
1165.6
1159.692
1132.688
1149.477
1150.585
1149.015
1164.362
1165.931
1192.935
1198.842
1182.504
1178.004
1173.456
1149.052
1150.621
1155.917
1168.071
1172.619
1197.023
1202.515
1207.015
1205.446
1204.662
1206.298
1194.144
1188.848
1187.212
1188.319
1193.812
1202.673
1201.104
1201.017
1199.91
1180.509
1164.091
1155.494
1150.166
1184.957
1185.785
1184.957
1186.479
1186.563
1151.772
1128.451
1112.601
1108.188
1112.601
1129.33
1134.881
1135.896
1138.881
1145.284
1168.959
1162.556
1159.571
1135.896
1119.166
1113.616
1112.601
1135.922
1151.772
1168.19
1159.593
1154.265
1155.787
1155.871
1156.7
1165.297
1130.506
1135.834
1170.625
1171.7
1170.871
1154.453
1154.369
1188.319
1187.212
1171.865
1147.827
1143.638
1158.985
1183.023
1187.212
1182.663
1178.988
1176.431
1172.242
1196.281
1202.944
1196.281
1172.242
1176.431
1191.777
1195.452
1200
1199.146
1204.638
1213.5
1211.931
1210.823
1227.746
1228.6
1229.708
1229.794
1231.363
1225.871
1217.01
1216.923
1181.062
1216.923
1200
1205.492
1200
1198.892
1198.038
1162.177
1145.254
1136.392
1136.306
1137.875
1137.962
1136.392
1137.246
1146.108
1163.031
1198.892
1200
1194.462
1157.119
1154.858
1154.004
1118.142
1118.056
1118.142
1119.25
1120.819
1111.958
1106.465
1107.319
1090.396
1089.288
1087.719
1093.212
1102.073
1118.996
1154.858
1160.579
1198.148
1203.64
1194.871
1198.102
1205.694
1214.463
1206.871
1201.379
1163.81
1160.579
1154.858
1149.365
1166.288
1202.15
1200.581
1199.473
1198.619
1162.758
1145.835
1146.688
1147.796
1147.883
1149.452
1140.59
1149.452
1149.365
1154.858
1163.627
1165.196
1166.927
1172.223
1173.4
1164.631
1163.062
1161.331
1156.035
1154.858
1153.473
1156.55
1162.042
1167.581
1164.504
1163.719
1164.827
1163.258
1163.171
1162.063
1167.556
1166.702
1167.556
1162.063
1126.202
1117.34
1126.202
1143.125
1178.987
1179.073
1162.15
1163.719
1158.254
1153.454
1129.546
1128.692
1110.856
1108.837
1113.637
1131.473
1136.938
1160.846
1161.7
1163.719
1149.019
1145.25
1159.95
1163.719
1148.373
1124.335
1139.681
1135.492
1139.681
1163.719
1145.399
1153.996
1188.787
1189.616
1190.69
1189.168
1189.084
1180.487
1185.815
1169.397
1168.323
1167.494
1132.703
1127.375
1128.897
1128.981
1152.802
1157.94
1162.741
1138.92
1133.782
1184.032
1133.782
1128.981
1117.19
1140.866
1136.453
1112.778
1107.64
1106.052
1100.724
1105.09
1103.567
1099.201
1100.724
1105.136
1116.927
1122.065
1123.653
1128.981
1129.065
1129.894
1134.856
1175.11
1176.185
1180.985
1184.55
1186.138
1189.123
1194.935
1197.028
1218.427
1213.099
1204.502
1188.084
1153.293
1153.209
1152.134
1151.306
1149.784
1128.384
1113.742
1130.531
1146.869
1148.438
1163.785
1157.877
1156.308
1140.962
1124.173
1123.065
1106.727
1079.723
1080.831
1107.835
1113.742
1119.531
1136.454
1119.531
1143.569
1154.554
1155.662
1156.215
1161.292
1137.254
1132.177
1131.069
1130.515
1124.727
1113.742
1116.819
1120.494
1125.442
1147.5
1153.49
1150.413
1148.777
1145.102
1140.154
1118.096
1112.106
1114.263
1112.106
1113.742
1129.088
1197.454
1214.698
1218.871
1230.334
1233.356
1235.539
1277.853
1266.39
1263.368
1261.185
1278.489
1283.862
1241.549
1243.899
1246.082
1247.91
1251.476
1245.664
1224.265
1219.465
1215.899
1214.312
1216.405
1214.312
1211.326
1217.138
1238.537
1243.338
1246.323
1247.91
1231.181
1225.631
1224.616
1220.203
1224.616
1241.345
1246.896
1247.91
1271.586
1274.571
1280.974
1274.571
1271.586
1294.907
1310.757
1287.437
1263.761
1247.91
1288.164
1293.127
1293.955
1294.039
1292.965
1252.711
1252.627
1251.799
1246.836
1247.91
1242.36
1249.726
1252.86
1258.41
1294.858
1300.187
1291.679
1284.313
1281.179
1244.731
1239.403
1247.91
1253.239
1259.246
1260.388
1239.797
1241.493
1240.384
1234.551
1229.377
1204.442
1188.5
1194.152
1192.457
1186.804
1211.739
1216.728
1217.837
1209.576
1208.098
1206.989
1205.359
1200.37
1208.63
1210.109
1211.739
1190.96
1185.317
1180.656
1177.194
1175.652
1179.114
1177.082
1179.114
1180.656
1185.317
1206.096
1211.739
1208.841
1211.739
1207.793
1222.25
1244.895
1248.841
1226.196
1211.739
1234.384
1230.438
1215.982
1211.697
1217.975
1222.259
1215.982
1219.444
1215.982
1230.438
1234.384
1211.739
1217.382
1212.721
1209.259
1207.717
1204.819
1202.786
1182.007
1185.469
1187.011
1189.043
1191.942
1197.091
1193.558
1188.409
1182.766
1186.299
1190.96
1211.739
1225.942
1229.404
1270.491
1274.73
1276.272
1273.373
1279.016
1299.795
1304.457
1307.918
1304.457
1299.795
1279.016
1273.373
1271.341
1269.799
1271.832
1274.73
1269.513
1253.268
1188.866
1186.583
1147.322
1161.779
1163.899
1165.674
1148.871
1151.154
1167.957
1184.201
1248.603
1251.586
1237.537
1235.477
1233.752
1238.822
1240.259
1244.423
1255.549
1257.048
1261.896
1284.238
1288.357
1293.386
1291.887
1287.039
1275.912
1271.748
1285.621
1284.143
1279.904
1274.73
1258.788
1255.255
1252.027
1200.973
1194.755
1191.821
1192.625
1192.707
1231.793
1230.75
1191.663
1186.844
1187.888
1187.083
1191.902
1191.821
1197.464
1202.125
1222.904
1226.366
1227.908
1229.94
1232.839
1229.94
1227.908
1207.129
1239.597
1234.797
1228.985
1227.397
1210.979
1205.159
1201.828
1227.5
1222.204
1219.942
1215.231
1218.663
1214.913
1226.221
1229.971
1273.587
1278.298
1280.56
1285.856
1263.89
1269.711
1227.397
1277.647
1301.468
1306.606
1311.407
1287.586
1282.785
1232.535
1227.397
1226.569
1249.763
1250.591
1253.063
1255.022
1231.828
1227.172
1221.869
1204.565
1202.606
1201.019
1205.675
1210.978
1205.166
1200.366
1196.8
1195.213
1193.119
1171.72
1168.735
1153.847
1149.784
1164.672
1187.993
1192.056
1168.735
1170.414
1178.922
1173.784
1172.642
1181.149
1182.672
1146.224
1144.701
1139.373
1140.515
1145.653
1153.019
1156.153
1161.703
1198.151
1203.479
1194.972
1187.606
1184.472
1178.922
1177.243
1168.735
1184.586
1168.299
1174.03
1175.552
1190.44
1206.728
1205.653
1190.765
1216.963
1215.44
1209.709
1193.858
1194.933
1168.735
1170.313
1222.892
1224.414
1225.813
1225.729
1224.901
1219.938
1179.685
1178.61
1218.864
1219.938
1224.901
1225.729
1225.813
1220.485
1215.112
1218.097
1218.858
1220.201
1217.216
1184.054
1189.272
1191.047
1193.33
1210.132
1191.831
1254.419
1257.161
1243.497
1241.818
1236.887
1234.884
1219.002
1203.647
1142.774
1105.664
1103.507
1117.171
1123.048
1117.171
1095.767
1093.027
1097.077
1075.348
1089.896
1088.964
1110.368
1106.318
1091.771
1086.676
1089.416
1111.146
1112.077
1117.171
1132.526
1117.171
1113.122
1091.392
1089.995
1085.988
1081.272
1079.815
1074.925
1064.103
1068.658
1064.103
1064.863
1064.786
1064.026
1064.103
1027.158
1026.171
1027.158
1064.103
1070.61
1071.37
1076.524
1093.795
1072.39
1068.661
1054.997
1068.661
1071.933
1066
1070.05
1075.983
1097.387
1093.658
1079.993
1083.723
1062.318
1059.046
1054.997
1053.712
1052.264
1053.548
1054.945
1103.202
1104.651
1056.394
1054.997
1044.476
1041.702
1039.699
1000.863
1015.932
1047.863
1048.623
1049.61
1049.687
1051.084
1058.974
1063.865
1062.467
1054.659
1053.611
1052.07
1047.354
1052.245
1044.354
1029.286
997.354
996.594
1004.485
1036.416
1037.176
1036.19
1036.113
1037.51
1038.497
1038.574
1025.545
1020.785
1019.425
1014.665
1022.265
1028.845
1033.803
1066.363
1071.123
1073.923
1066.323
1059.743
1056.943
1051.985
1019.425
1021.375
1026.175
1028.275
1043.733
1058.678
1117.928
1154.048
1155.682
1142.382
1157.84
1156.207
1151.407
1149.307
1133.848
1074.598
1038.478
1040.348
1071.428
1069.478
1054.533
1067.833
1072.593
1103.673
1104.413
1105.373
1105.448
1106.808
1102.048
1094.368
1109.035
1077.955
1077.215
1076.255
1061.588
1060.228
1060.153
1067.833
1022.943
1018.353
997.073
1018.353
1022.943
1027.232
1044.274
1040.097
1040.024
1039.304
1034.985
999.959
999.024
994.388
972.044
977.109
971.881
970.888
956.602
955.083
950.018
972.362
976.998
982.226
983.219
997.505
999.024
998.304
997.369
967.096
968.42
973.057
980.537
994.823
1025.096
1023.771
1009.485
1002.005
997.369
997.295
997.369
998.304
999.024
997.203
1027.476
1029.297
1041.287
1056.745
1025.665
1046.385
1044.177
1048.337
1053.073
1068.532
1070.282
1069.542
1048.822
1044.662
1039.925
1038.175
1038.915
1042.815
1044.775
1054.295
1060.015
1058.255
1054.355
1052.395
1046.675
1037.155
1038.915
1052.215
1053.175
1039.015
1015.612
1010.492
1009.132
995.832
981.282
980.322
985.442
999.992
1001.352
1024.755
1038.915
1037.955
1037.215
1051.882
1037.215
1029.535
1024.775
1026.135
1026.06
1024.7
993.62
998.38
998.455
999.415
1000.155
1031.235
1038.915
1001.115
997.93
984.863
983.613
982.203
986.103
1023.903
1027.088
1040.155
1036.255
989.285
987.925
989.795
974.337
989.795
1020.875
1019.005
987.925
987.85
995.53
1010.197
1041.277
1042.017
1042.977
1043.052
1044.412
1039.652
1044.412
1036.732
1022.065
990.985
990.245
989.285
987.925
986.055
987.925
1019.005
1034.463
1003.383
987.925
987.185
987.26
988.62
983.86
976.18
961.513
962.253
993.333
1008
976.92
977.88
976.92
976.845
975.485
980.245
987.925
1003.383
1034.463
1036.333
1005.253
1003.383
987.925
989.558
991.508
1000.937
987.982
986.083
984.492
979.817
977.771
990.726
975.669
917.958
882.776
916.677
930.866
945.541
947.535
952.092
937.903
937.832
936.921
935.63
940.149
947.44
917.934
904.009
896.718
892.199
893.491
885.009
913.787
914.676
914.745
915.431
914.745
910.338
904.245
899.654
897.062
866.914
881.646
867.722
867.65
866.359
865.657
836.15
828.859
824.34
828.859
836.15
829.085
830.344
830.414
831.302
831.988
860.765
881.646
867.457
862.75
866.492
846.413
840.983
821.204
807.761
804.019
818.207
822.915
823.775
843.854
846.386
851.816
871.595
885.038
882.506
881.646
896.321
894.546
865.04
850.364
852.139
881.646
874.354
873.652
872.741
868.222
854.297
824.791
824.72
844.817
829.76
831.581
801.308
799.487
829.76
844.817
854.791
834.498
828.873
825.034
821.932
808.977
805.442
825.72
825.04
822.373
820.503
789.423
773.965
776.275
780.563
781.813
797.272
772.995
819.115
797.252
792.536
788.13
792.536
797.252
819.115
821.118
822.796
827.728
829.885
845.767
861.122
921.995
933.528
920.228
918.278
916.645
880.525
821.275
806.33
790.872
804.172
799.372
819.115
820.101
819.115
804.166
790.502
789.104
774.557
750.512
745.252
760.2
784.245
789.505
790.902
804.567
819.115
840.402
844.676
849.543
865.425
867.223
866.462
845.175
840.901
836.034
836.795
834.997
819.115
832.204
835.56
822.471
819.115
832.779
836.509
841.851
844.591
851.351
853.399
854.67
856.683
880.252
888.296
910.026
923.45
933.519
949.401
948.908
947.921
938.14
916.736
911.582
907.062
891.993
893.671
891.993
889.836
891.839
889.836
884.904
922.014
937.896
900.786
936.015
950.96
891.71
876.765
861.307
874.607
879.407
889.836
891.993
887.103
881.76
880.158
865.089
864.041
858.527
834.959
839.849
845.363
868.932
884
885.603
890.945
891.993
887.986
849.151
845.878
832.454
829.714
807.985
807.053
812.93
813.861
818.955
834.31
829.216
813.861
835.591
829.714
832.454
847.002
851.051
829.647
815.099
811.05
832.454
854.183
915.057
919.577
924.509
926.557
929.829
927.815
904.247
896.202
874.473
861.048
850.979
835.098
843.142
841.872
843.885
867.454
889.183
902.608
912.676
928.558
929.829
919.76
904.692
910.034
920.103
923.159
927.354
942.423
939.084
900.248
896.053
894.039
889.324
928.159
925.103
919.76
923.099
927.815
929.829
951.692
956.408
960.813
1006.933
985.07
980.354
975.949
929.829
937.637
940.01
955.365
1016.238
1017.505
1022.839
1059.784
1103.736
1119.618
1116.279
1142.72
1141.706
1126.336
1141.294
1166.016
1171.424
1172.861
1188.231
1202.28
1187.322
1162.6
1157.192
1155.755
1141.706
1142.72
1140.995
1126.945
1124.886
1119.815
1081.66
1065.331
1049.544
1015.563
1013.281
1007.638
961.138
944.335
905.248
903.908
909.551
893.306
901.567
904.078
920.322
984.725
986.065
921.663
960.75
977.553
1024.053
1015.792
1013.281
1023.933
1038.136
1061.125
1069.636
1063.738
1065.808
1064.502
1050.699
1048.629
1024.396
1016.125
1032.454
1033.761
1011.419
1030.083
1043.528
1048.328
1046.929
1044.343
1027.039
1022.239
1023.638
1026.224
1043.528
1078.319
1081.644
1083.614
1092.211
1115.405
1119.976
1125.114
1126.692
1142.828
1157.284
1162.937
1165.835
1163.668
1167.614
1169.781
1162.629
1159.73
1154.078
1150.132
1135.676
1142.828
1142.909
1148.083
1156.431
1172.373
1206.156
1206.96
1208.004
1209.482
1204.333
1208.855
1206.953
1190.15
1185.629
1163.107
1162.303
1164.205
1166.605
1171.754
1160.634
1161.415
1163.856
1201.842
1217.629
1245.142
1246.409
1251.743
1236.389
1234.015
1226.207
1270.159
1254.277
1210.325
1218.134
1234.015
1197.07
1136.197
1134.93
1129.596
1144.664
1176.596
1177.356
1178.342
1178.42
1179.817
1174.926
1159.858
1127.926
1127.166
1126.18
1126.103
1124.705
1116.815
1121.705
1129.596
1137.404
1152.759
1115.813
1099.932
1055.979
1058.353
1042.998
1040.625
1084.577
1076.769
1113.714
1119.048
1113.714
1112.447
1081.195
1082.498
1113.714
1129.596
1130.993
1129.596
1144.664
1136.774
1137.534
1136.548
1121.479
1089.548
1089.471
1094.361
1126.293
1125.533
1120.642
1121.628
1121.705
1129.596
1119.527
1120.288
1136.17
1144.06
1128.178
1129.449
1131.462
1139.507
1138.747
1160.476
1175.545
1180.435
1193.86
1217.428
1216.442
1203.017
1213.086
1191.356
1183.312
1159.743
1158.346
1159.332
1157.318
1188.613
1188.692
1190.129
1185.1
1176.988
1161.495
1128.664
1128.585
1161.415
1160.113
1161.415
1224.004
1261.989
1278.319
1258.651
1261.024
1304.976
1310.31
1318.118
1310.31
1307.937
1292.582
1248.63
1232.748
1195.803
1190.469
1161.415
1176.908
1209.739
1208.725
1208.646
1216.759
1221.787
1222.801
1222.88
1224.317
1219.289
1211.176
1195.683
1162.852
1162.07
1162.852
1161.415
1190.469
1187.197
1182.676
1160.947
1158.899
1160.947
1165.878
1170.399
1192.128
1131.255
1134.527
1129.596
1113.714
1076.769
1071.435
1108.38
1124.262
1122.995
1062.122
1046.767
1090.719
1046.767
1044.394
1049.728
1050.995
1111.868
1127.223
1129.596
1137.404
1129.596
1137.486
1158.774
1204.894
1206.342
1211.058
1209.61
1207.801
1199.911
1178.623
1132.503
1127.788
1095.856
1127.788
1129.596
1133.791
1136.842
1132.647
1129.596
1134.486
1135.473
1135.396
1134.409
1133.649
1101.717
1109.608
1094.685
1080.018
1111.098
1103.418
1104.158
1102.798
1102.873
1104.233
1099.473
1100.38
1079.547
1073.827
1058.882
1053.923
1053.017
1074.167
1070.225
1056.065
1061.023
1058.357
1061.023
1066.743
1081.688
1060.538
1064.48
1078.64
1099.473
1063.513
1071.113
1073.423
1088.368
1147.618
1148.852
1133.393
1138.585
1154.043
1111.263
1103.663
1101.353
1086.408
1027.158
1025.925
1020.733
1029.247
1070.916
1069.591
1062.11
1061.175
1060.455
1030.182
1015.896
1011.26
1012.584
1039.512
1039.587
1040.327
1071.407
1086.073
1093.753
1098.513
1099.473
1144.363
1148.652
1127.372
1082.482
1078.193
1082.783
1078.193
1099.473
1086.407
1076.607
1061.148
1070.948
1086.407
1065.257
1073.087
1071.85
1094.79
1096.75
1097.987
1111.053
1103.223
1124.373
1122.413
1099.473
1114.14
1145.22
1145.96
1146.92
1146.995
1148.355
1143.595
1151.275
1151.2
1120.12
1119.38
1104.713
1103.353
1108.113
1100.433
1099.473
1091.873
1089.563
1030.313
987.533
972.075
966.883
965.65
950.705
939.807
930.026
928.012
929.82
933.827
935.841
931.834
930.026
935.902
945.683
939.807
953.471
968.42
969.406
954.858
939.909
934.649
933.252
919.587
918.601
894.557
895.954
919.998
925.259
939.807
937.759
940.498
945.841
949.57
963.235
965.283
972.043
969.303
963.961
960.231
946.567
939.807
938.409
938.332
930.442
929.682
897.75
882.682
877.791
879.188
879.265
880.026
911.957
912.943
920.834
925.724
924.738
939.807
924.738
919.848
896.279
890.765
885.423
883.82
882.772
893.293
882.772
881.786
876.896
869.005
853.937
822.005
821.245
821.168
819.771
816.719
820.914
852.846
855.897
857.705
878.993
925.113
929.829
931.277
899.346
907.236
905.428
897.538
876.25
872.055
870.606
865.89
819.771
841.634
847.51
860.599
874.264
876.312
877.243
881.798
880.527
878.514
868.445
852.563
830.834
822.789
799.221
785.796
790.663
789.902
791.7
807.582
811.856
809.587
810.348
808.55
803.683
799.409
778.122
799.409
795.003
796.925
801.856
847.976
849.784
854.19
855.474
839.592
841.966
840.682
856.563
854.19
867.279
873.156
860.067
854.19
832.327
854.19
852.142
851.211
837.546
832.991
846.656
847.587
849.635
854.19
852.382
850.334
845.402
784.529
780.009
758.279
776.275
778.38
783.451
846.039
850.687
873.028
876.393
874.417
876.393
828.974
823.903
825.762
873.181
878.252
876.762
871.914
824.495
802.607
794.495
792.636
788.322
789.812
756.981
760.118
764.431
766.29
774.403
796.29
843.71
848.558
845.421
878.252
873.722
868.873
846.394
798.975
796.158
790.116
785.952
770.165
764.928
763.97
741.629
745.792
760.75
782.757
767.799
768.757
746.75
762.537
765.354
787.695
793.738
798.975
801.081
815.13
818.965
824.458
827.275
829.25
781.831
788.782
786.806
788.665
836.085
841.155
839.296
834.225
831.408
827.574
813.525
811.419
804.468
798.975
812.433
818.475
840.954
827.496
821.454
798.975
801.081
802.039
816.088
820.771
818.665
817.708
813.025
798.975
797.961
796.525
782.475
767.106
761.697
736.975
722.018
723.032
738.401
752.451
753.887
778.609
784.018
798.975
800.951
848.37
846.511
799.092
804.162
802.187
804.046
798.975
801.792
803.768
805.266
810.75
830.944
835.474
838.838
825.38
819.338
796.859
782.81
781.852
779.746
784.43
798.479
799.437
801.542
796.859
774.972
773.482
768.634
721.215
713.102
680.271
675.958
708.789
713.102
714.961
713.102
734.989
743.102
739.965
741.454
746.303
793.722
796.859
802.96
805.812
807.871
810.312
823.769
840.099
842.074
847.144
894.563
892.588
887.518
840.099
838.239
840.099
834.614
814.421
817.238
819.213
820.711
824.076
844.269
848.799
845.982
844.007
842.509
839.144
834.614
840.099
838.25
860.137
843.808
848.202
848.984
853.988
870.317
872.165
871.384
849.496
845.102
840.099
836.648
823.19
825.25
822.398
816.298
829.755
832.195
830.136
813.806
811.366
797.908
804.009
806.861
823.19
817.706
797.512
792.982
789.618
788.12
786.144
783.327
803.521
809.005
812.37
813.868
815.843
818.66
823.19
825.63
841.96
844.019
846.871
852.972
850.12
848.06
831.731
817.681
831.139
830.181
828.076
832.759
846.808
847.766
849.871
847.431
833.974
829.29
823.19
825.049
872.468
870.493
823.074
821.215
823.19
818.12
823.19
819.826
815.178
752.59
747.519
745.414
723.072
717.588
697.394
692.864
689.5
688.002
685.185
690.669
710.863
708.887
712.252
713.75
715.725
718.542
720.982
722.303
717.773
701.444
699.004
697.683
702.213
718.542
723.072
709.614
712.467
714.526
730.856
728.004
725.944
709.614
707.174
701.074
714.532
716.972
723.072
728.565
731.382
727.548
729.653
736.604
733.787
728.294
721.343
719.238
705.188
719.238
723.072
726.505
766.435
770.748
772.819
777.667
780.81
775.317
785.669
782.526
772.174
777.667
772.819
788.312
784.879
744.949
740.636
738.565
723.072
725.048
727.864
725.048
728.412
729.91
724.426
704.232
700.868
699.37
694.84
692.864
698.349
718.542
723.072
747.305
752.798
774.805
794.998
810.368
815.852
815.931
829.734
832.586
846.044
839.944
842.384
839.532
841.592
844.444
850.544
866.873
864.813
848.484
835.026
832.586
854.687
852.774
803.98
798.763
800.676
849.469
854.687
856.719
858.632
863.071
866.299
864.386
898.168
893.179
901.527
924.049
920.821
925.81
927.342
893.56
892.027
887.589
879.241
901.893
880.005
832.586
837.269
832.586
818.537
817.579
818.537
820.643
818.537
832.586
830.611
827.794
833.278
853.472
858.002
861.366
858.002
859.977
858.479
853.949
833.755
828.271
831.088
832.586
827.349
826.391
822.227
799.886
797.069
791.026
769.019
753.232
738.275
735.835
741.935
728.477
730.537
746.866
749.306
762.764
756.664
753.812
751.752
754.604
738.275
737.261
722.303
697.581
692.173
690.736
676.687
661.317
655.833
652.468
650.493
647.676
653.16
673.354
677.884
681.248
682.746
684.722
687.539
686.04
681.511
661.317
647.859
645.419
648.271
650.331
666.66
669.1
682.558
676.458
673.606
671.546
655.217
661.317
663.176
661.317
656.246
654.271
701.69
654.271
656.246
661.317
647.859
645.419
629.09
627.03
624.178
618.077
631.535
647.864
649.924
652.776
658.877
661.317
658.5
656.525
651.04
649.542
646.178
641.648
621.454
635.504
636.461
638.567
637.609
623.56
618.877
616.771
621.454
635.504
640.151
674.546
675.504
669.403
666.551
664.491
648.162
645.722
632.264
630.405
582.986
577.915
575.94
580.968
589.081
604.574
637.405
638.187
639.201
639.28
640.717
635.868
634.379
637.516
670.347
672.206
624.787
602.9
594.787
592.928
588.614
585.477
589.79
556.96
561.808
609.227
631.114
639.227
640.717
635.224
635.303
650.673
670.866
676.35
679.202
684.695
684.616
679.132
665.329
649.96
629.766
607.759
604.907
580.674
602.681
626.914
640.717
645.364
659.414
663.248
661.812
661.03
639.143
634.748
629.745
613.415
611.567
611.488
610.706
615.734
623.847
622.833
655.664
656.445
657.46
672.952
674.389
669.361
661.248
645.755
612.924
613.004
613.961
628.011
625.905
624.947
628.605
623.786
628.605
630.772
619.641
623.587
609.13
605.185
599.533
596.634
603.786
605.953
620.409
626.062
628.96
627.917
627.112
593.33
591.163
596.337
589.185
589.989
589.908
588.429
572.487
564.139
558.966
560.444
560.525
561.569
577.511
611.293
619.641
620.446
654.228
652.75
661.098
666.272
666.353
682.295
683.774
684.817
684.736
683.692
682.888
649.105
633.163
624.815
619.641
621.12
626.293
634.641
650.583
684.366
685.17
686.214
686.295
681.121
680.078
664.136
630.353
629.549
621.201
621.12
619.641
615.696
610.913
614.859
629.315
634.098
619.641
624.46
623.475
609.018
611.185
612.17
626.627
624.46
619.641
602.839
605.35
606.708
602.047
600.688
617.491
614.98
619.641
624.815
625.62
631.25
628.961
627.525
627.445
628.46
627.445
635.558
602.727
587.234
579.121
574.093
575.53
575.609
574.827
576.687
580.806
582.877
588.919
587.06
582.94
580.87
570.813
564.771
574.827
622.246
627.095
628.585
624.271
622.412
574.993
553.106
548.257
546.768
538.655
545.185
513.253
515.062
519.257
522.308
554.24
562.13
559.079
608.64
652.592
657.308
660.58
674.245
677.601
679.142
679.902
679.825
678.839
678.079
672.757
677.647
685.538
700.606
732.538
733.524
733.601
718.533
710.642
709.245
710.642
705.752
711.094
711.171
697.747
682.798
706.366
709.14
730.545
727.771
727.693
742.642
737.3
750.724
756.058
750.724
729.32
705.752
686.111
705.752
704.354
703.368
702.608
710.498
710.421
695.353
663.421
655.531
650.64
652.038
652.115
653.101
668.17
673.06
704.991
705.752
704.82
700.265
686.601
684.553
692.443
707.512
739.443
744.334
745.094
730.026
728.628
728.551
727.565
726.805
694.873
686.983
682.092
683.079
683.156
684.553
698.217
702.738
699.009
685.344
680.824
684.553
669.485
637.553
636.793
635.807
635.729
634.332
629.442
621.551
604.281
599.127
598.366
591.86
593.908
599.25
592.49
590.442
593.182
589.452
584.11
570.445
577.205
590.87
594.599
591.86
613.147
645.079
648.13
652.325
654.134
662.024
708.144
706.336
707.784
706.336
701.62
655.5
634.212
638.928
634.733
631.682
599.75
608.532
604.697
618.746
623.394
618.746
604.697
608.532
588.338
564.106
558.613
555.761
533.754
533.674
528.19
514.387
499.018
500.602
506.011
511.495
533.836
536.794
546.935
571.657
576.505
581.743
614.118
622.231
638.018
623.968
591.137
588
583.687
581.827
573.715
551.827
504.408
509.056
523.106
519.271
517.782
521.616
516.968
512.12
550.275
566.604
571.134
572.454
570.014
553.685
552.364
554.805
550.275
555.123
600.313
603.764
589.715
586.35
541.16
490.202
486.752
485.167
480.319
481.903
485.268
499.317
550.275
557.225
559.331
573.38
577.215
582.708
585.525
583.419
577.926
574.092
571.275
564.324
550.275
536.225
531.577
527.743
535.771
530.363
508.021
502.537
500.952
502.537
499.579
489.438
494.923
517.264
522.673
532.813
535.771
530.923
534.356
574.285
558.792
553.299
550.157
548.086
552.4
512.47
514.54
519.389
529.741
532.884
528.57
518.218
514.785
530.278
535.771
497.616
535.771
585.387
588.239
594.282
609.775
612.912
616.345
641.067
645.915
651.153
635.366
667.741
662.504
654.391
670.178
645.456
640.607
608.232
616.345
613.528
608.035
604.201
590.151
583.201
581.095
586.123
590.972
592.47
603.597
607.761
630.102
631.539
635.658
634.074
628.59
638.731
628.59
634.074
635.658
638.616
616.275
610.866
607.908
630.25
635.658
639.778
679.708
683.072
696.875
680.546
676.016
677.336
674.896
673.576
676.016
692.345
696.875
651.685
646.836
595.879
592.514
578.465
616.62
618.204
621.569
619.984
616.533
621.382
666.572
717.53
720.981
735.03
696.875
697.833
702.481
697.833
732.227
746.276
732.227
697.833
696.875
702.917
712.974
702.917
700.847
696.727
698.586
702.706
704.776
698.734
696.875
712.662
717.9
726.012
758.387
753.539
728.817
733.665
728.428
696.053
687.94
672.153
696.875
695.29
692.333
693.917
696.875
686.734
681.326
686.81
664.468
686.81
692.218
686.734
696.875
698.373
703.222
708.25
719.377
717.879
713.715
717.879
740.22
741.657
745.776
734.65
729.621
725.502
720.653
719.217
696.875
658.72
675.049
677.025
709.856
713.22
727.269
725.685
722.234
677.044
626.086
621.238
626.086
627.671
631.121
682.079
727.269
723.905
709.856
707.415
702.886
686.556
685.236
734.852
736.173
737.609
739.099
755.428
753.452
720.621
704.292
737.123
739.099
749.239
747.655
749.239
752.197
757.681
754.724
749.239
726.898
716.757
711.349
716.757
739.099
742.463
746.583
786.512
800.315
796.195
782.393
779.028
739.099
740.113
778.099
782.782
783.563
783.643
787.806
798.933
821.275
822.773
827.621
822.593
817.745
806.618
802.454
780.113
778.676
774.556
779.585
778.086
782.206
783.643
785.079
785.158
786.173
786.954
819.785
835.278
843.391
848.419
840.306
824.519
792.144
786.907
782.058
757.336
762.574
770.687
803.062
807.91
832.632
834.887
867.718
834.887
818.558
820.533
836.863
834.887
834.967
802.136
794.023
788.995
790.431
790.352
798.465
803.493
802.479
835.31
836.324
837.106
836.324
834.887
850.38
834.887
838.338
844.007
845.592
846.859
854.887
856.303
870.352
837.521
835.546
851.875
884.706
868.377
870.352
868.915
869.697
870.711
870.79
872.227
872.148
887.641
882.613
881.831
880.817
865.324
873.437
878.465
870.352
837.521
870.352
891.092
889.602
839.986
838.549
837.229
838.549
839.986
841.475
891.092
891.012
889.998
889.217
856.386
840.893
832.78
827.752
827.831
828.845
830.282
863.113
868.141
859.425
867.315
868.075
866.678
868.599
866.678
882.56
914.491
882.56
866.678
903.623
904.384
904.461
903.474
904.461
909.015
872.07
867.515
867.438
866.678
872.192
873.425
874.801
876.342
872.986
865.178
878.842
873.329
872.096
870.719
869.178
872.534
858.87
866.678
871.568
872.966
873.043
874.029
874.789
906.721
921.789
929.68
921.789
906.721
874.789
898.65
897.636
897.556
896.12
891.092
895.211
940.401
945.43
948.863
950.968
968.725
974.025
1008.211
1024.54
991.71
993.685
977.356
1010.187
1008.211
1013.239
1021.352
1036.845
1069.676
1070.458
1071.472
1071.551
1072.988
1071.974
1063.861
1048.368
1015.537
1014.755
1014.676
1013.239
1008.211
1013.88
1015.148
1016.563
1018.148
1021.599
1013.57
1010.12
996.07
990.401
989.134
987.718
986.134
994.162
1008.211
1006.236
973.405
957.076
959.051
991.882
1008.211
975.38
973.944
973.864
972.85
972.069
956.576
948.463
943.435
944.871
944.951
945.965
946.746
979.577
995.07
1003.183
1008.211
1005.254
995.113
989.704
984.22
987.178
985.593
995.734
1001.143
1023.484
1028.968
1030.553
1008.211
1008.132
1009.146
1009.928
1014.611
1014.69
1013.676
975.69
971.007
970.225
1008.211
991.882
959.051
957.076
962.104
970.217
1003.048
1003.829
1019.322
1024.815
1027.958
1038.31
1043.158
1045.229
1049.542
1089.472
1092.905
1093.919
1093.998
1109.491
1106.058
1066.129
1061.815
1059.745
1054.717
1039.224
1028.871
1025.729
1020.236
1018.799
1018.72
1017.706
1016.924
1018.361
1013.512
1005.4
989.907
957.076
934.734
923.607
919.444
918.007
916.509
912.389
907.361
902.512
903.949
926.29
930.454
941.581
946.43
947.928
952.956
957.076
953.625
952.04
950.625
949.357
943.688
945.273
937.245
940.695
916.3
915.015
913.618
899.954
905.467
906.7
914.509
928.173
926.724
878.467
879.865
878.467
878.39
877.404
876.644
844.712
829.644
834.534
842.425
834.627
865.707
866.447
858.767
859.727
859.802
855.042
859.632
860.652
862.152
863.512
871.112
869.752
868.792
868.052
836.972
822.305
814.625
809.865
831.976
818.312
815.039
771.087
769.711
766.354
764.813
778.478
728.916
734.43
733.197
734.574
729.858
728.317
729.55
726.193
720.68
728.488
720.68
724.036
725.577
711.913
719.803
724.897
748.942
743.848
775.336
773.142
765.252
780.606
756.562
751.846
756.562
725.074
724.997
724.236
719.682
682.736
681.75
681.827
682.587
687.142
724.087
725.074
730.587
725.074
732.882
746.546
738.738
739.971
741.348
742.889
729.224
727.991
726.615
725.074
721.717
725.074
733.118
738.995
739.406
742.462
750.353
755.687
757.844
759.241
803.193
808.536
809.803
811.344
814.221
819.555
841.284
846.545
836.682
831.421
826.087
823.211
821.67
831.533
809.803
770.967
757.543
754.271
750.264
746.908
745.366
746.599
752.113
750.88
745.366
731.702
723.894
722.517
724.058
725.435
733.243
746.908
750.264
749.503
744.949
708.003
707.017
707.094
707.854
712.409
749.354
749.277
750.264
748.807
737.985
733.269
711.539
706.649
710.656
712.053
733.783
744.604
749.32
750.777
755.668
754.271
758.32
754.313
750.264
742.455
741.408
742.805
738.089
736.548
735.151
742.959
735.151
736.199
740.914
742.455
739.099
725.435
739.099
737.558
736.182
734.949
729.435
721.627
724.983
732.791
738.305
739.846
741.223
742.455
744.377
748.783
782.235
802.406
782.235
790.043
782.235
795.899
801.413
802.646
804.022
805.563
808.92
795.255
791.899
790.666
789.289
787.748
782.235
780.426
782.44
772.659
774.467
768.591
778.372
776.358
772.351
778.228
782.235
782.158
781.397
776.842
739.897
738.911
737.979
733.459
719.795
724.315
725.247
758.699
772.363
738.911
733.817
718.462
710.572
679.084
674.368
682.259
697.613
729.101
734.195
738.911
762.955
738.911
737.37
729.562
715.897
710.384
709.151
705.795
704.418
702.877
708.137
705.26
699.926
678.197
672.937
663.074
672.937
694.666
700
702.877
704.418
714.281
746.212
749.166
751.539
752.772
754.45
759.166
761.087
775.635
808.885
822.31
827.026
848.43
847.382
852.098
853.639
855.036
862.844
861.447
859.906
852.098
853.146
848.43
842.553
850.598
851.009
856.885
848.841
848.43
844.423
842.966
838.25
827.428
823.378
801.649
796.759
795.361
798.101
806.146
807.413
808.173
813.327
823.396
825.317
847.18
853.057
866.146
860.812
858.654
857.257
813.305
810.248
804.906
806.173
811.507
813.664
815.062
818.118
823.461
867.413
875.303
867.413
866.146
860.991
860.231
858.964
850.92
848.18
846.259
856.327
861.481
862.241
863.509
871.553
874.293
876.214
866.146
856.283
851.567
848.613
846.24
845.007
843.329
848.045
816.113
818.486
821.44
853.372
863.235
864.913
866.146
871.3
872.06
873.327
872.567
867.413
857.344
865.389
875.457
874.19
866.146
863.406
861.485
864.224
866.146
860.812
839.082
833.822
823.959
821.082
819.541
832.63
838.507
860.37
847.281
841.404
819.541
818.144
816.603
811.887
819.695
821.092
822.634
821.586
822.634
814.825
819.541
806.116
820.664
787.414
772.866
770.945
775.661
797.065
810.49
843.74
845.661
824.257
819.541
820.301
825.455
815.387
814.627
813.36
805.315
802.575
800.654
810.723
805.568
807.49
810.229
818.274
819.541
814.825
783.337
775.447
760.092
736.048
730.954
732.875
735.615
743.659
744.926
736.882
734.142
744.211
742.289
732.221
727.067
726.307
725.039
725.8
730.954
752.817
746.94
725.077
738.166
725.077
730.954
720.885
715.731
714.971
713.704
705.659
702.92
700.998
711.067
716.221
716.981
718.248
726.293
729.033
730.954
731.031
732.428
738.305
746.349
747.336
748.096
780.027
795.096
802.986
807.877
802
801.589
793.545
793.955
795.223
795.983
798.723
788.654
783.5
782.74
781.473
773.428
781.473
779.551
789.62
794.774
796.695
793.955
798.846
798.769
793.615
795.423
841.543
846.474
813.224
811.176
807.837
763.885
746.615
741.724
758.995
764.149
797.399
799.447
802.786
810.111
815.002
819.009
815.002
813.604
815.526
816.512
815.526
814.765
782.834
767.765
759.875
754.985
756.382
756.459
757.219
789.151
804.219
812.11
780.178
777.224
775.546
770.83
769.598
767.224
757.361
759.735
761.413
771.276
774.229
778.945
810.877
812.11
797.041
798.438
798.515
799.502
800.262
832.193
840.084
855.152
834.981
839.872
807.94
828.111
827.351
826.365
826.288
824.89
817
812.11
802.041
800.12
797.38
789.336
788.068
787.308
782.154
760.291
747.202
741.325
742.373
740.976
739.928
747.736
749.134
750.675
745.959
750.675
749.134
741.325
739.928
739.851
738.865
738.104
723.036
715.146
710.255
711.652
711.729
712.716
713.476
745.408
760.476
768.366
736.435
741.325
746.257
748.271
781.521
783.329
778.397
732.277
730.469
776.589
781.521
783.442
797.106
801.822
799.901
814.449
809.733
776.483
761.935
760.014
764.729
786.134
799.558
832.808
819.384
797.979
799.901
784.832
789.548
791.562
795.757
834.592
837.932
843.274
846.33
861.399
822.563
818.368
816.354
811.639
801.57
798.514
795.175
805.243
799.901
767.969
775.86
780.75
781.51
782.497
782.574
783.971
779.08
771.19
756.122
771.19
770.43
769.443
769.366
767.969
799.901
801.579
825.623
825.7
822.649
774.392
772.995
772.918
771.932
771.171
739.24
724.171
716.281
711.39
705.514
702.74
707.63
704.291
719.36
751.291
752.051
753.038
754.435
762.325
747.257
745.579
721.534
723.212
747.257
752.188
753.997
752.188
706.068
701.137
699.216
745.336
747.257
760.682
762.729
767.661
781.325
801.497
825.065
826.336
830.065
833.404
865.336
833.404
818.336
810.445
805.555
806.952
807.029
822.098
822.858
823.844
828.735
827.337
827.26
826.274
825.514
833.404
841.295
842.692
886.644
878.753
873.42
871.262
872.529
877.863
880.92
879.522
835.57
837.728
843.07
867.115
861.772
860.505
862.183
859.127
835.082
833.404
834.39
834.467
802.536
794.646
795.406
771.361
773.039
797.084
801.974
809.865
794.796
826.728
825.741
824.063
823.986
822.589
817.699
819.096
818.336
811.18
815.08
818.265
831.332
869.132
866.822
863.947
832.867
831.667
822.067
817.477
815.843
817.713
815.953
820.753
865.643
867.403
865.533
860.733
815.843
814.21
790.807
792.44
815.843
811.083
812.443
812.368
820.048
834.715
865.795
866.535
867.495
866.135
866.21
865.25
864.51
833.43
825.75
830.51
815.843
817.343
815.843
811.253
809.893
817.493
809.893
810.913
815.503
814.483
815.843
814.21
812.473
836.517
838.195
830.305
829.894
821.849
827.726
828.137
836.182
830.305
825.414
810.346
809.586
777.654
777.577
776.18
809.43
811.443
816.375
783.125
781.111
776.18
775.193
776.872
775.193
799.238
775.193
773.385
727.265
729.187
724.255
722.334
724.142
770.262
775.193
760.646
755.93
734.526
721.101
687.851
685.93
707.334
720.759
754.009
768.557
770.478
775.193
770.478
775.193
788.858
775.193
755.022
779.067
755.498
731.454
733.132
731.454
730.183
726.844
721.913
708.488
709.759
723.423
725.471
738.896
743.827
763.998
787.567
791.296
794.635
780.971
778.923
775.193
799.238
800.916
776.872
775.193
777.115
823.235
828.166
826.245
821.313
775.193
773.385
775.193
776.872
800.916
776.872
775.193
778.466
779.923
781.844
784.584
804.224
809.558
813.964
812.286
788.241
793.575
783.795
785.716
790.122
793.394
790.654
793.394
813.034
811.113
791.473
788.2
786.187
782.18
780.372
786.248
784.791
786.805
796.586
798.394
793.06
787.183
782.777
786.784
788.241
786.433
740.313
732.505
730.964
726.248
724.851
726.772
728.58
726.659
725.611
771.731
766.8
771.731
776.663
743.413
741.399
736.467
738.481
771.731
766.8
768.848
782.272
783.543
788.474
808.646
832.214
830.943
834.283
820.618
818.57
832.235
812.063
788.495
775.07
771.341
768.002
771.731
775.003
773.546
770.274
765.868
746.228
747.685
750.425
745.091
743.17
740.43
745.764
765.404
769.81
771.731
773.539
775.461
780.392
826.512
824.591
819.659
773.539
771.731
786.279
819.529
832.954
835.693
857.098
861.813
863.735
865.192
868.464
888.104
893.438
878.89
876.969
878.89
876.151
880.557
847.307
833.882
812.478
807.762
805.841
804.384
799.05
795.777
791.372
771.731
791.902
771.731
776.447
790.111
785.396
771.731
738.279
733.759
732.827
719.163
713.286
713.697
705.652
713.697
713.286
719.163
717.896
719.817
721.274
724.546
728.952
748.592
753.926
751.187
749.265
747.808
744.536
740.13
720.49
715.156
707.265
701.932
699.774
698.377
654.425
651.368
654.108
648.765
646.844
645.036
598.916
593.985
592.527
594.449
595.906
599.178
603.584
623.224
628.558
625.818
628.558
625.286
620.88
601.24
595.906
593.985
598.851
604.661
606.038
602.699
606.428
582.86
579.13
599.301
622.87
626.209
627.479
640.904
642.952
647.884
634.219
632.171
618.747
617.476
612.545
592.373
606.038
610.045
596.62
593.348
554.512
550.505
563.93
602.765
606.038
608.777
589.137
591.058
587.786
586.329
580.995
579.074
576.334
571.928
591.568
595.974
599.247
600.704
606.038
610.969
577.719
575.705
570.774
572.788
606.038
586.397
584.94
581.668
577.262
571.928
570.007
567.267
534.017
532.096
510.692
505.976
507.897
512.613
534.017
547.442
580.692
566.144
552.719
567.267
567.344
568.33
569.091
601.022
616.091
623.981
628.872
630.269
616.604
611.889
616.604
630.269
598.337
596.94
596.863
595.877
595.116
580.048
587.938
583.048
584.445
584.522
585.509
586.269
618.2
623.091
638.159
630.269
635.2
636.471
649.896
651.943
648.604
662.269
665.998
642.43
638.7
625.036
645.207
625.036
620.104
618.057
604.632
607.971
631.539
630.269
638.159
633.269
625.378
640.447
672.378
673.139
674.125
674.202
673.216
674.613
674.536
659.467
658.707
626.776
625.378
630.269
625.378
625.301
624.315
625.301
617.411
602.342
603.74
571.808
570.411
575.301
583.192
598.26
630.192
630.952
631.029
630.269
628.255
595.005
590.074
592.087
586.211
585.8
577.755
583.632
584.043
588.974
597.019
630.269
632.067
647.135
649.057
653.106
661.151
682.88
684.558
683.161
651.229
651.152
656.043
648.152
692.104
695.443
697.491
730.741
735.896
753.166
749.159
744.269
736.943
733.604
731.557
698.307
693.152
675.882
675.122
680.012
687.902
691.909
706.978
738.909
739.67
740.656
740.733
742.13
737.24
722.171
721.185
726.995
728.372
733.238
731.861
726.051
721.185
726.699
727.459
732.325
778.445
800.308
819.949
824.839
832.729
847.798
848.558
849.545
849.622
851.019
846.128
838.238
823.17
791.238
790.478
789.491
789.414
788.017
819.949
827.839
832.729
847.798
848.784
849.545
881.476
881.399
880.413
879.652
847.721
846.324
838.433
833.543
834.94
835.017
819.949
835.017
836.815
858.545
850.5
846.45
844.772
829.704
827.906
806.176
807.854
805.933
807.854
811.904
819.949
806.524
819.949
841.353
846.068
831.521
798.271
831.521
835.158
837.079
832.363
830.442
809.038
822.462
819.123
795.555
793.507
788.575
787.305
773.88
760.216
756.486
759.825
783.394
763.223
783.394
784.664
789.596
793.325
795.373
809.038
793.969
788.627
791.966
830.801
845.87
847.884
852.599
862.668
865.724
871.067
860.998
857.659
818.824
814.628
812.615
809.558
804.842
809.038
777.106
762.038
754.147
759.038
766.928
781.997
782.074
781.313
782.3
777.409
778.807
777.409
777.332
776.346
777.106
809.038
809.736
808.75
807.353
807.276
806.515
774.584
759.515
751.625
746.735
748.132
748.209
748.399
753.721
748.288
749.248
756.928
752.338
756.928
770.228
789.862
770.228
756.928
757.003
757.743
762.177
763.137
799.097
799.837
818.953
824.32
805.203
826.483
848.74
853.354
809.63
804.403
803.682
782.955
778.341
777.016
776.943
776.008
775.828
761.542
756.497
755.834
748.354
746.649
726.049
724.14
719.464
687.942
680.315
687.942
691.781
693.602
698.278
700.187
731.709
717.424
715.833
714.011
715.602
711.763
707.668
727.747
729.408
693.522
689.82
677.415
674.391
671.305
649.527
630.888
626.331
624.438
637.065
638.957
626.331
627.505
624.059
611.653
610.479
613.565
635.343
653.983
666.388
669.834
674.391
694.47
674.391
672.729
675.917
674.326
672.505
680.131
672.505
676.344
672.505
674.326
675.917
690.203
691.907
684.281
689.852
690.242
684.67
684.281
691.907
691.834
726.86
731.179
731.899
731.972
731.037
696.011
691.693
690.972
691.907
710.528
731.255
774.979
779.593
780.313
759.586
740.966
740.245
745.472
701.748
715.725
710.358
712.228
726.388
758.752
771.818
767.228
771.818
769.948
766.408
734.045
720.978
700.145
720.978
719.638
714.902
709.247
688.097
686.347
684.713
680.772
672.942
694.092
695.842
681.175
682.808
697.475
705.305
703.435
705.305
709.247
704.447
702.487
670.123
674.923
676.883
709.247
704.657
691.357
692.317
656.357
692.317
696.75
697.49
693.057
693.132
692.392
692.317
691.357
685.99
685.25
680.513
635.623
614.343
633.46
638.827
660.107
686.685
668.065
668.786
673.399
670.234
683.188
686.724
688.666
701.393
702.597
721.721
726.396
722.86
709.906
707.964
695.237
694.032
689.357
670.234
647.89
651.055
673.399
687.685
695.312
699.151
700.972
702.563
704.268
696.641
676.041
674.336
694.937
693.346
689.506
675.221
673.399
671.685
667.886
665.977
656.705
651.133
660.406
662.315
664.029
669.601
673.399
673.326
638.3
633.982
633.047
633.12
637.438
672.464
673.399
672.679
673.399
659.114
638.513
636.922
635.101
631.261
623.635
644.235
645.94
660.226
661.817
663.638
667.477
665.773
673.399
659.607
657.786
637.494
624.766
620.295
588.773
607.393
586.666
542.942
538.328
559.055
602.779
607.393
608.114
623.59
604.473
609.84
604.473
602.513
596.793
596.393
588.563
620.927
625.727
593.363
595.323
590.523
603.59
580.65
577.4
576.163
563.097
561.103
547.803
544.173
524.54
527.79
522.99
526.62
539.92
541.913
543.15
547.95
567.583
590.523
569.373
577.203
581.145
583.015
597.682
599.432
620.582
616.64
614.77
613.137
598.47
596.72
598.353
590.523
595.283
600.083
602.75
602.825
638.785
643.218
643.958
642.998
607.038
602.605
601.865
601.79
602.75
622.383
602.75
618.208
649.288
651.158
645.792
645.052
649.788
628.508
583.618
578.882
559.765
565.132
565.872
610.762
632.042
651.158
682.238
684.108
668.65
637.57
635.7
651.158
630.008
626.067
618.237
639.387
641.137
655.803
657.437
659.307
663.248
661.498
699.298
703.198
716.265
724.095
722.225
720.592
705.925
709.11
724.568
709.11
740.19
738.32
707.24
709.11
708.37
708.295
703.862
667.902
666.942
663.312
650.012
648.018
634.952
633.715
628.915
625.665
602.725
583.092
578.292
576.332
543.968
548.768
550.728
583.092
606.032
610.622
629.738
645.197
646.757
660.057
691.137
693.007
661.927
660.057
675.515
660.057
704.947
726.227
745.343
753.173
732.023
737.39
718.273
722.215
677.325
672.588
668.647
669.387
661.557
682.707
677.34
679.09
693.757
695.39
697.26
696.52
694.65
673.37
671.737
669.987
674.723
660.057
658.187
627.107
628.977
660.057
644.598
660.057
679.173
682.358
687.55
689.42
692.087
696.375
697.793
695.923
664.843
649.385
651.255
682.335
697.793
700.978
697.037
695.167
693.533
691.783
670.633
662.803
648.137
643.848
645.718
647.137
643.952
648.24
667.357
672.548
669.882
650.765
645.573
644.155
642.285
644.952
641.052
598.272
595.022
593.028
560.665
555.648
538.838
534.078
549.537
580.617
565.158
567.028
565.158
534.078
514.962
493.682
448.792
444.055
443.315
437.948
433.66
436.845
441.133
460.25
465.442
462.775
460.905
459.487
461.357
464.023
465.442
446.325
441.133
437.948
422.49
391.41
389.54
387.58
382.78
350.417
346.128
343.462
348.653
367.77
370.955
372.373
376.662
379.328
374.137
372.267
370.848
367.663
369.533
350.417
345.827
331.16
325.96
322.985
313.185
309.102
271.302
274.552
312.352
310.392
312.352
316.942
321.025
324
329.2
343.867
340.617
350.417
347.232
349.102
343.91
324.793
320.505
319.087
321.753
319.087
324.278
325.697
328.882
333.17
352.287
350.417
351.667
352.067
356.5
361.26
380.377
403.317
406.292
387.175
382.887
379.702
378.283
376.413
395.53
400.722
405.01
407.677
409.547
410.965
414.15
411.483
406.292
403.625
409.793
404.861
407.601
412.491
417.423
414.683
416.604
419.344
420.801
425.207
444.848
425.207
419.873
417.952
416.495
413.223
416.495
421.829
417.423
418.88
398.709
394.303
374.663
372.741
370.002
364.668
361.396
359.938
346.514
343.241
304.406
300.399
313.824
317.096
355.932
359.938
381.342
383.356
386.096
401.45
406.382
426.022
441.091
443.104
456.769
457.529
461.803
462.789
494.721
498.916
500.293
498.372
493.966
460.514
465.848
469.187
471.2
488.471
498.252
496.443
502.32
498.313
502.32
504.128
502.115
492.334
486.457
488.471
468.83
467.228
451.346
427.777
447.418
461.082
462.685
478.567
483.283
506.851
502.135
488.471
510.334
523.423
529.3
532.572
534.62
539.551
544.072
604.945
626.675
628.072
628.149
629.135
629.896
661.827
676.896
684.786
689.676
683.8
661.937
648.848
670.711
676.587
689.676
704.745
712.635
712.558
711.572
710.812
709.414
694.346
726.277
727.038
728.024
728.101
732.991
701.06
702.457
697.567
689.676
684.786
687.526
692.416
697.348
694.608
689.676
694.567
702.457
703.217
735.149
736.135
736.212
737.61
732.719
724.829
709.76
677.829
677.068
676.991
675.594
690.663
689.676
694.567
695.964
711.033
742.964
743.724
744.711
744.788
752.678
744.788
729.719
697.788
697.027
692.137
690.74
690.663
689.676
683.8
696.889
702.765
724.628
702.765
689.676
689.753
690.74
698.63
693.74
685.849
670.781
671.541
708.486
740.418
755.486
756.884
756.807
756.046
755.06
761.567
760.17
773.594
775.967
783.858
788.053
798.574
802.979
863.853
868.743
836.812
832.805
829.533
816.108
777.272
778.259
782.533
814.464
815.224
817.238
796.785
782.118
778.035
764.735
762.775
762.035
760.695
759.735
728.655
743.322
747.405
760.705
756.545
748.865
747.905
747.165
716.085
701.418
696.658
701.418
702.378
703.118
734.198
748.865
756.545
756.47
756.545
755.185
756.545
757.025
773.835
777.995
779.335
806.08
806.153
836.425
835.101
830.464
829.744
799.471
785.185
777.705
778.425
779.75
778.815
778.742
779.677
787.157
791.794
806.08
748.369
744.192
734.218
730.24
722.76
720.51
707.782
672.756
730.468
740.442
744.419
751.899
754.149
766.877
760.708
795.734
799.911
806.08
785.352
772.943
767.372
769.086
810.755
815.82
832.193
830.869
835.505
842.985
857.271
887.544
888.479
888.552
889.273
884.636
877.156
877.083
862.797
861.862
861.141
830.869
832.193
830.252
825.576
821.291
800.69
802.631
807.307
843.119
863.198
866.222
809.972
814.149
811.125
814.21
830.169
832.03
828.945
824.016
808.057
806.196
811.125
825.049
854.555
855.258
856.169
856.241
857.532
856.829
842.905
813.399
820.69
819.778
819.707
818.416
813.897
818.416
811.125
801.403
803.597
816.002
850.141
856.153
799.903
807.195
803.123
812.845
816.722
812.845
805.554
861.804
859.611
847.206
841.193
807.054
811.125
810.214
780.707
780.005
775.486
774.195
760.271
760.199
752.908
751.636
767.595
740.545
724.172
725.477
725.945
772.932
768.88
768.412
772.464
774.714
770.537
760.563
756.586
764.067
768.044
803.07
809.239
821.966
814.485
801.758
766.732
776.706
770.537
828.248
832.425
830.175
772.464
791.084
811.377
806.701
809.299
823.856
805.235
784.943
783.034
768.477
765.88
767.789
772.464
782.01
784.907
789.972
775.687
770.622
767.724
758.179
753.708
751.799
747.821
711.003
715.474
717.383
720.549
717.383
721.36
735.646
772.464
816.188
817.903
819.724
818.419
814.367
813.899
766.912
750.539
751.844
755.896
756.364
803.351
819.724
824.399
766.688
770.865
763.385
769.554
775.391
788.119
790.369
797.849
801.826
797.849
807.823
843.622
837.609
803.47
791.065
788.872
784.801
775.079
779.028
779.731
781.592
767.668
763.791
751.165
769.37
767.461
768.396
767.675
766.74
736.468
750.753
754.731
767.685
768.99
764.938
795.211
793.39
788.714
784.039
785.86
790.536
834.26
835.974
834.26
836.857
793.133
790.536
785.899
790.575
795.211
772.867
759.912
758.393
743.336
724.716
720.245
722.495
757.521
747.547
753.716
766.443
762.466
758.289
750.808
748.558
735.831
729.994
723.825
781.536
785.713
747.415
757.655
761.738
769.418
768
784.81
780.05
775.617
775.217
773.967
772.627
768.467
767.987
772.747
777.18
778.43
778.83
762.02
763.36
767.52
768
816.24
768
772.8
770.807
830.057
834.457
829.657
832.842
773.592
769.192
748.042
769.192
771.185
789.041
787.12
788.928
790.849
795.781
841.901
840.092
793.973
789.041
789.118
789.878
794.433
831.378
832.365
838.872
852.296
849.923
852.296
860.187
864.382
874.902
868.396
831.45
835.856
822.432
859.377
851.486
888.03
877.79
873.502
869.418
810.168
791.052
794.027
816.967
794.027
791.052
810.168
765.278
760.478
762.238
807.128
811.928
813.798
812.038
810.168
805.88
801.797
765.837
763.527
750.46
744.127
803.377
807.665
817.905
821.988
829.668
831.978
845.045
881.005
873.325
879.658
869.418
832.365
829.026
823.692
806.421
804.408
807.747
813.08
830.351
832.365
849.635
899.197
899.69
899.197
849.635
832.365
833.741
838.015
833.741
832.365
863.853
871.897
886.445
891.959
897.769
902.043
902.536
901.776
864.83
863.844
863.921
864.682
869.236
906.182
907.168
907.091
902.536
948.656
953.587
951.666
949.858
951.666
946.735
948.656
902.536
865.591
852.166
849.793
841.902
837.707
827.187
822.781
761.908
755.401
759.13
772.795
777.315
779.329
765.664
761.469
793.401
792.024
790.01
758.079
753.805
755.182
768.846
769.606
768.846
783.914
768.846
773.12
777.315
778.301
777.315
779.329
773.452
783.233
787.24
785.226
781.219
779.411
769.63
775.507
777.315
760.045
710.483
709.99
708.613
704.339
706.147
701.216
747.336
752.267
754.188
708.068
706.26
704.339
705.325
742.271
737.716
700.771
699.784
699.861
700.622
705.176
704.416
704.339
698.825
693.015
688.741
688.248
680.204
711.692
726.24
734.284
734.777
739.051
744.861
713.373
718.887
704.339
701.067
679.337
674.817
613.943
609.012
606.964
622.318
666.271
668.644
729.517
766.462
771.796
773.063
788.945
796.753
783.089
778.568
782.298
795.962
800.483
796.753
801.62
804.574
805.067
814.848
816.245
770.125
765.193
767.002
813.122
818.053
819.974
818.053
816.245
819.301
823.351
833.42
834.18
835.447
843.491
846.231
848.152
853.307
861.115
824.17
868.122
884.003
886.377
923.322
928.656
913.301
905.493
844.62
839.286
823.404
779.452
794.807
855.68
856.947
855.68
853.307
890.252
890.175
894.729
895.49
896.476
895.49
895.567
858.622
857.861
853.307
853.384
858.726
882.295
885.068
906.473
926.113
941.062
954.486
959.82
949.752
944.598
943.837
942.57
934.526
931.786
929.865
930.625
935.779
937.7
940.44
950.509
951.776
959.82
1003.772
959.82
975.702
1012.647
1011.38
1012.647
1010.839
964.719
959.788
957.866
941.985
905.039
899.705
905.039
889.685
887.312
922.9
937.845
940.155
947.755
888.505
883.745
878.945
880.815
885.615
930.505
932.265
924.665
921.998
912.336
916.972
924.453
954.726
955.661
955.734
957.058
957.779
950.153
949.685
945.633
940.125
934.898
905.045
910.273
915.781
919.833
920.3
927.927
941.719
971.571
957.779
959.601
957.779
955.182
947.555
957.101
959.698
964.584
965.305
966.506
965.305
964.584
959.698
950.153
946.617
933.662
929.377
932.912
945.867
950.153
957.779
900.068
885.511
900.568
893.166
934.834
969.86
974.917
976.119
1033.83
1031.58
1038.982
1053.539
1052.338
1047.281
1012.255
997.198
955.529
957.779
927.506
913.221
905.74
901.104
900.383
899.448
899.375
921.998
923.358
931.038
931.998
932.738
936.68
939.655
935.713
932.738
947.405
978.485
983.245
983.32
981.56
976.76
1001.599
955.479
956.747
946.678
945.918
944.651
936.606
933.866
931.945
942.014
947.168
947.928
955.973
958.712
960.634
955.479
911.527
919.336
903.454
964.327
965.594
970.928
1007.873
1023.755
1067.707
1059.899
1057.526
1042.171
981.298
980.031
974.697
937.752
953.106
955.479
956.466
955.705
923.774
908.705
900.815
895.925
897.322
897.399
898.159
930.091
945.159
953.05
957.94
957.863
956.877
955.479
959.753
958.767
954.493
953.733
951.719
950.342
936.678
932.483
917.414
918.401
886.469
887.229
888.606
902.271
906.466
921.534
923.548
955.479
960.813
964.152
962.139
944.868
949.423
986.368
949.423
950.183
944.849
943.863
939.308
938.548
938.625
939.611
941.625
958.896
955.557
955.479
952.74
951.979
950.712
942.668
937.514
945.558
950.712
951.473
952.74
955.479
957.401
967.469
957.401
955.479
967.795
989.658
1035.777
1055.418
1047.993
1057.793
1062.553
1061.193
1075.86
1106.94
1107.68
1108.64
1108.715
1108.64
1103.88
1105.24
1104.28
1103.54
1111.22
1096.553
1088.873
1057.793
1055.483
1040.538
981.288
980.055
974.863
938.903
923.445
880.665
916.625
917.858
977.108
992.053
994.363
1001.963
1004.172
1009.363
1052.143
1044.543
1031.243
1026.843
1030.473
1043.773
1048.173
1044.543
1049.303
1056.983
1071.65
1102.73
1103.47
1104.43
1104.505
1089.838
1085.078
1077.398
1046.318
1045.578
1044.618
1044.543
1043.183
1044.543
1039.743
1020.627
999.793
997.833
999.793
1002.46
1023.293
1038.238
1043.038
1040.372
1025.427
1044.543
1061.353
1104.133
1109.333
1111.093
1094.283
1051.503
1046.303
1044.543
1034.743
1037.41
1045.24
1046.473
1051.49
1061.29
1059.42
1056.753
1048.923
1056.523
1055.29
1054.55
1056.42
1057.16
1052.143
1111.393
1118.993
1111.393
1109.083
1151.863
1167.322
1203.282
1188.337
1129.087
1127.853
1122.662
1086.702
1084.493
1041.713
1046.905
1049.215
1051.35
1048.375
1044.433
1047.408
1051.35
1052.583
1058.238
1063.605
1032.957
1018.797
1010.967
1011.447
1007.287
1015.117
1029.277
1059.925
1059.445
1053.79
1057.95
1052.583
1067.133
1081.8
1089.48
1089.555
1092.255
1087.055
1064.115
1061.415
1066.175
1045.342
1026.225
1011.675
998.608
1021.548
1016.357
1016.282
1029.348
1060.428
1081.262
1082.222
1101.338
1106.53
1105.17
1105.095
1104.135
1103.395
1072.315
1073.055
1078.255
1070.575
1065.815
1067.175
1067.25
1052.583
1044.753
1042.883
1052.683
1042.883
1037.867
1037.127
1035.893
1033.227
1041.057
1041.797
1043.03
1045.697
1047.567
1052.583
1050.448
1048.138
1040.538
1039.305
1034.113
998.153
938.903
923.445
880.665
875.928
877.288
886.808
887.288
890.163
894.9
893.54
884.02
881.145
880.665
879.925
879.85
843.89
842.93
838.497
833.737
834.697
833.337
832.597
833.957
834.032
834.772
833.812
833.737
819.07
850.15
864.817
872.497
877.257
869.577
838.497
833.48
823.68
822.94
815.11
812.443
810.573
809.34
807.98
807.02
806.28
775.2
760.533
752.853
757.613
788.693
803.36
804.1
805.06
805.135
806.495
801.735
809.415
809.34
822.64
819.01
805.71
801.31
804.94
809.34
813.282
816.257
812.315
809.34
808.6
777.52
762.853
755.173
750.413
751.773
752.513
757.273
764.953
763.993
778.66
778.735
779.695
810.775
810.7
809.34
801.66
800.7
799.96
768.88
754.213
754.138
749.378
748.018
742.363
711.715
697.555
689.725
685.565
680.198
679.718
669.918
666.943
646.223
634.237
641.545
602.709
600.695
596.5
593.161
608.229
613.572
616.628
626.697
631.413
633.426
637.622
676.457
671.115
674.454
669.738
654.67
666.985
686.625
640.505
650.574
671.861
717.981
696.118
717.981
698.341
703.683
703.606
725.01
719.668
696.099
693.325
671.921
652.281
638.856
633.522
618.574
621.348
644.916
644.993
650.327
663.752
683.392
698.341
702.39
705.447
701.397
697.668
684.003
679.483
676.426
674.413
673.036
672.276
657.207
652.933
651.947
665.611
680.68
684.875
686.252
654.32
640.656
672.587
673.574
677.848
673.652
674.413
676.426
689.851
693.123
731.959
735.966
753.236
747.902
749.916
747.902
751.241
756.575
753.236
735.966
740.015
743.072
739.022
735.966
737.363
737.856
740.81
745.676
744.279
734.498
734.005
731.051
726.185
735.966
737.887
769.818
785.7
766.06
752.635
747.301
741.959
718.39
715.616
694.212
679.264
679.187
683.741
688.632
689.043
688.632
683.741
682.457
683.741
679.187
677.265
645.334
629.452
631.373
663.305
679.187
684.077
685.534
690.25
701.072
705.122
726.851
728.248
732.255
754.118
732.83
720.515
766.635
786.276
807.563
761.443
773.759
775.197
753.334
733.693
723.625
720.568
723.625
719.575
723.625
755.557
757.478
741.596
709.664
707.743
723.625
725.546
741.428
739.507
707.575
691.693
723.625
708.557
704.283
700.087
698.074
696.697
683.033
651.101
650.341
649.354
646.298
622.729
603.089
599.082
597.068
587.288
581.411
579.603
585.479
595.26
597.274
601.281
603.089
618.971
650.902
652.824
636.942
635.021
603.089
600.033
604.082
600.033
603.089
605.01
573.079
557.197
589.128
587.207
603.089
604.373
605.771
607.219
655.476
623.545
639.426
637.505
621.623
653.555
655.476
658.43
659.827
669.608
670.101
674.967
665.187
664.693
663.296
658.43
655.476
651.426
648.37
646.913
642.197
631.375
629.978
625.971
629.978
631.375
653.104
657.154
667.976
672.692
674.149
670.099
665.209
643.479
648.37
632.488
630.567
598.635
596.622
575.217
555.577
550.646
547.906
532.551
531.113
552.401
574.264
552.976
533.336
487.216
465.353
511.473
531.113
518.798
528.866
541.182
548.99
562.079
577.961
579.563
582.902
600.173
598.159
580.889
575.555
572.216
577.55
579.563
580.961
579.512
531.255
529.858
528.574
530.022
578.279
579.563
583.57
622.406
635.83
631.824
592.988
589.716
592.988
579.563
577.755
572.413
528.461
511.19
516.524
536.164
539.437
543.842
546.582
548.503
549.961
548.512
547.115
498.858
497.574
502.464
503.921
508.637
507.18
502.289
513.111
517.118
518.515
540.245
544.295
539.579
528.757
524.707
502.978
501.58
497.574
502.44
500.983
497.711
519.574
565.693
561.288
541.647
536.313
539.267
517.979
537.62
517.979
471.86
449.997
460.065
472.38
493.668
481.353
479.432
479.925
476.971
481.377
501.017
500.524
505.858
503.118
504.575
507.848
509.769
512.509
522.289
523.687
513.618
503.837
502.44
497.574
529.505
544.574
552.464
557.354
558.341
559.101
560.498
560.575
555.241
557.981
556.06
551.654
548.382
546.925
544.185
549.519
569.159
573.565
576.837
578.295
580.216
560.575
568.466
573.356
573.279
605.211
606.197
606.274
621.342
616.452
608.562
609.959
578.027
577.267
576.281
577.041
575.644
560.575
573.664
576.038
591.92
593.923
596.697
602.63
599.358
594.952
593.495
597.901
595.979
593.24
598.574
601.846
603.303
605.224
607.964
627.604
607.964
602.63
570.699
570.776
569.378
569.301
568.315
567.555
552.486
544.596
545.582
546.342
554.233
569.301
564.411
569.301
601.233
602.63
608.563
611.337
613.341
629.223
631.596
629.223
642.312
636.378
633.604
631.601
615.719
602.63
603.616
602.856
601.87
601.793
600.396
585.327
577.437
572.546
540.615
540.692
541.452
573.384
572.76
580.44
585.2
586.56
583.893
586.56
588.43
589.848
593.033
612.15
617.342
615.472
619.76
616.575
611.383
609.965
605.677
586.56
588.52
593.11
602.91
605.885
603.925
589.258
594.458
609.125
605.875
568.075
563.992
567.242
605.042
609.125
603.925
600.95
591.15
586.56
571.102
573.802
579.577
581.527
583.837
596.577
583.837
578.062
575.362
573.052
588.51
586.56
586.485
594.165
598.925
613.592
644.672
645.412
646.372
646.447
645.487
640.727
633.047
618.38
587.3
586.56
601.233
602.63
622.271
620.813
618.892
616.152
621.486
625.892
621.486
623.408
626.68
628.137
622.803
625.543
622.271
602.63
600.616
595.283
591.943
574.673
576.07
608.002
576.07
568.18
553.111
552.351
551.365
551.288
549.89
545
545.077
547.851
548.611
550.615
556.548
557.534
555.161
542.072
555.161
549.228
546.454
544.45
528.568
533.459
541.349
541.58
557.038
559.348
555.448
554.088
532.938
543.472
547.413
548.773
552.673
547.913
546.495
541.905
531.372
527.43
528.848
549.998
554.588
559.78
564.54
567.207
569.077
570.495
573.68
577.968
597.085
594.418
592.548
591.13
586.842
567.725
564.54
559.348
551.668
550.708
549.968
518.888
518.036
522.926
530.817
545.885
546.646
547.632
547.709
549.106
544.216
544.139
576.07
574.673
572.3
556.418
543.329
541.325
538.551
532.618
534.991
550.873
552.877
565.966
571.899
574.673
566.865
588.152
598.221
617.861
663.981
685.844
675.776
663.461
642.173
622.533
576.413
554.55
566.865
564.943
545.303
540.897
537.625
536.168
530.834
528.094
527.108
542.176
542.937
574.868
576.265
584.156
589.046
584.156
576.265
561.197
529.265
530.252
530.175
528.777
528.017
528.094
534.027
536.801
538.805
554.687
541.598
539.224
541.598
554.687
551.913
545.979
543.976
528.094
514.67
511.397
472.562
468.555
453.486
452.089
456.979
464.87
479.938
511.87
512.63
513.616
513.693
508.803
510.2
478.269
477.509
476.522
476.445
468.555
490.418
496.295
509.384
499.603
494.736
491.783
490.385
489.892
492.846
494.243
499.11
499.603
509.384
496.295
493.921
478.039
476.036
473.262
467.329
480.418
482.791
498.673
500.676
503.45
509.384
507.986
507.909
506.923
506.163
474.231
459.163
451.272
446.382
440.449
453.538
459.471
462.245
464.248
461.875
464.248
451.159
448.385
446.382
430.5
446.382
440.449
437.675
435.301
419.42
406.33
404.327
417.416
423.293
445.156
432.067
426.19
404.327
414.848
425.67
429.719
431.116
426.226
430.233
451.962
456.678
458.135
463.026
459.019
457.622
435.892
431.842
421.021
416.305
414.848
464.409
478.074
482.789
484.33
487.603
531.555
534.911
530.021
525.466
525.055
523.771
531.579
544.668
560.55
562.152
554.344
541.255
525.373
523.771
517.894
504.805
526.668
532.545
510.682
523.771
477.651
473.644
471.63
461.849
455.973
465.753
467.767
471.774
473.582
451.719
432.079
410.791
398.476
388.408
386.599
392.476
370.613
364.736
351.647
346.781
343.827
345.224
344.731
334.95
339.817
342.771
343.264
353.045
351.647
354.986
370.055
373.106
375.88
381.757
430.014
430.774
435.329
472.274
473.26
473.337
471.94
467.05
465.592
460.877
450.055
446.005
424.276
420.269
421.029
436.098
440.988
448.878
480.81
481.796
481.873
483.271
484.873
490.027
505.096
522.366
524.288
534.808
540.322
545.212
553.103
553.026
551.628
583.56
584.32
585.307
585.384
586.781
601.849
593.959
578.89
546.959
546.199
541.308
540.322
577.267
572.712
535.767
534.781
534.858
534.098
538.652
538.575
539.562
540.322
572.253
587.322
595.212
600.103
601.089
601.166
602.563
597.673
589.783
574.714
542.783
542.022
541.036
540.959
539.562
540.322
545.038
546.579
549.935
599.497
643.449
646.721
660.385
655.67
654.128
650.772
601.211
557.259
553.986
540.322
541.719
541.796
546.687
541.796
540.399
541.385
533.495
518.426
486.495
485.735
484.748
484.671
485.432
517.363
532.432
540.322
532.432
540.322
555.39
560.281
592.212
593.199
594.596
589.705
590.466
575.397
543.466
542.705
541.719
541.642
540.245
540.322
550.103
545.236
535.455
535.949
538.902
543.769
542.372
543.769
543.276
540.322
544.842
594.404
601.164
601.241
600.255
563.31
558.755
557.995
562.55
599.495
600.481
600.404
601.164
600.178
600.101
598.704
613.772
605.882
573.95
558.882
563.772
571.663
603.594
602.834
603.82
603.897
605.295
606.055
601.164
606.055
613.945
629.014
660.945
661.705
661.783
662.769
657.878
649.988
634.92
602.988
602.228
601.241
601.164
599.767
601.164
602.151
607.041
622.11
654.041
654.118
662.009
657.118
655.721
657.118
657.041
656.055
656.815
624.884
609.815
609.055
601.164
595.651
585.13
583.527
568.459
551.188
568.459
573.613
579.127
589.647
591.25
606.318
601.164
599.243
601.164
609.055
640.986
641.747
642.733
642.81
644.207
639.317
631.426
616.358
584.426
583.666
582.68
582.603
587.493
602.562
601.164
600.178
600.255
601.015
605.57
642.515
643.502
606.557
602.002
601.241
601.164
610.945
621.466
629.356
643.021
648.175
652.449
672.62
716.572
749.822
764.89
749.822
744.479
747.818
786.654
790.849
792.863
797.579
787.51
782.795
780.781
776.586
737.75
740.807
746.149
742.81
752.878
749.822
744.932
737.041
721.973
690.041
688.644
688.567
687.58
686.82
688.423
725.533
729.582
732.854
753.026
752.039
715.094
715.171
715.932
720.486
715.932
752.877
753.863
753.786
753.026
748.505
798.067
802.587
809.348
759.786
753.026
742.505
753.026
751.423
735.541
737.144
724.055
739.937
753.026
760.834
753.026
743.245
709.995
702.104
707.259
663.307
643.135
647.409
667.58
653.916
697.868
707.649
703.375
698.221
708.741
722.406
730.296
763.546
753.026
752.533
747.666
744.712
743.315
733.534
741.342
742.74
744.281
748.997
750.045
700.483
697.127
683.462
686.818
736.38
780.332
783.604
739.652
736.38
741.096
742.637
756.301
751.586
750.045
739.524
734.01
728.856
727.253
742.322
752.842
754.764
772.034
756.966
739.695
737.774
742.928
748.442
750.045
745.49
744.729
744.652
707.707
706.721
673.471
653.3
663.82
673.601
687.265
695.156
728.406
748.577
792.529
796.803
801.957
792.176
781.656
776.502
762.837
754.947
750.673
706.721
702.714
696.837
706.618
712.495
710.687
712.7
716.707
718.515
716.502
706.721
705.18
706.783
743.892
747.942
751.214
771.385
767.336
730.226
728.623
736.432
737.973
736.575
741.291
742.339
734.531
733.483
713.312
708.596
709.993
706.721
713.481
718.002
767.563
760.803
756.283
706.721
696.2
698.122
715.392
730.461
732.063
737.577
742.731
753.252
751.33
746.176
740.663
723.392
721.789
706.721
696.94
691.786
687.512
667.341
623.389
590.139
634.091
654.262
658.536
648.015
653.17
645.279
631.615
664.865
678.529
689.05
698.83
706.721
711.437
715.957
717.56
718.957
721.731
726.622
741.57
742.502
728.837
725.565
727.106
730.462
780.024
783.296
796.961
792.245
790.704
741.142
697.19
741.142
737.786
742.502
741.104
736.389
728.58
729.628
734.344
735.885
734.837
733.296
734.693
742.502
786.454
819.704
827.594
813.93
819.19
828.971
833.005
835.738
830.584
835.738
840.012
819.841
809.32
765.368
732.118
724.228
714.447
710.173
703.413
707.933
714.693
710.173
660.611
710.173
673.063
671.461
691.632
694.904
732.014
733.616
737.666
734.394
730.344
710.173
704.659
699.505
701.426
690.906
689.303
674.235
691.505
693.108
708.176
718.697
723.851
721.93
704.659
710.173
730.344
740.125
750.646
764.31
772.2
805.45
802.717
794.827
750.875
746.841
742.567
737.413
732.152
722.372
727.526
731.8
775.752
742.502
734.693
739.409
740.807
748.615
749.663
748.615
743.899
745.44
743.899
742.502
755.926
759.199
798.034
802.041
786.159
784.557
771.467
763.659
753.139
753.899
753.976
758.531
795.476
796.462
786.682
781.527
777.253
757.082
713.13
679.88
693.545
701.435
711.955
704.065
708.339
718.12
704.455
737.705
781.658
771.137
776.291
796.462
806.531
809.587
813.783
815.796
819.135
857.971
862.687
873.207
868.687
873.841
875.238
876.17
880.69
886.204
887.807
872.858
867.967
870.741
867.967
867.036
862.32
860.717
862.639
879.909
871.112
872.672
871.312
876.072
880.662
865.995
864.435
862.565
877.115
866.875
861.508
846.842
852.042
866.708
861.692
823.892
819.808
817.848
813.258
803.458
800.483
795.283
792.033
775.223
768.643
773.043
821.283
773.043
768.643
775.223
770.633
769.133
765.867
717.627
704.327
701.142
658.362
659.322
660.682
660.757
665.517
673.197
687.863
718.943
719.683
724.273
725.293
744.927
746.427
744.927
748.112
752.053
767.701
769.221
750.097
746.995
742.524
743.849
751.252
750.258
748.739
713.557
709.718
702.315
700.99
693.51
692.185
692.112
691.177
690.456
676.17
671.534
672.859
672.932
673.867
674.588
644.315
651.795
682.068
686.705
700.99
701.711
701.784
700.849
705.167
670.141
665.823
665.102
665.029
700.055
700.99
700.055
699.334
699.261
706.742
711.378
707.293
736.799
737.502
730.21
716.286
717.578
717.649
718.56
717.269
687.763
683.244
690.535
677.908
670.617
639.892
644.655
639.892
635.943
644.981
626.342
585.728
595.449
608.076
598.354
629.079
620.041
638.68
642.63
683.244
683.315
684.606
680.087
672.796
658.872
688.378
692.897
706.821
706.119
705.207
705.136
703.845
711.136
699.334
700.055
700.99
708.471
713.107
712.172
726.458
756.731
757.451
758.386
758.459
757.739
753.102
751.778
744.297
730.011
729.938
699.666
700.99
701.711
702.646
702.719
704.044
699.407
691.927
691.206
660.933
659.998
659.925
658.601
663.237
648.951
656.432
670.718
700.99
705.308
704.588
704.515
705.45
701.131
736.157
735.222
735.295
736.016
700.99
706.218
704.396
688.023
697.997
683.711
700.383
705.4
700.033
695.017
696.887
713.697
728.363
729.923
719.683
714.923
714.848
707.168
692.502
661.422
662.782
667.542
668.502
667.142
668.775
692.178
692.253
691.513
699.193
713.86
744.94
745.68
744.72
743.7
739.11
731.51
730.15
728.65
729.67
737.27
738.77
740.13
744.72
792.96
799.54
792.96
744.72
749.12
744.72
743.087
719.683
721.317
744.72
744.795
752.475
767.142
798.222
798.962
799.922
804.682
806.042
804.682
804.607
803.647
802.907
771.827
757.16
749.48
744.72
734.48
714.847
672.067
662.547
630.183
622.503
609.203
605.043
600.027
623.43
585.63
630.52
635.32
637.19
624.123
620.938
622.698
624.332
637.398
640.583
678.383
682.283
680.65
657.247
653.347
645.667
631
638.68
638.605
607.525
606.785
605.825
604.465
599.705
601.065
601.14
602.1
602.84
633.92
638.68
653.347
676.75
678.383
676.75
653.347
652.607
652.532
648.098
612.138
611.178
612.138
612.878
617.312
653.272
653.347
622.267
624.027
627.927
623.167
615.487
600.82
599.46
599.385
608.905
608.165
602.445
592.925
590.965
587.065
589.025
588.065
586.305
592.025
595.21
593.65
572.805
568.755
565.483
545.312
546.914
567.086
588.083
592.025
593.658
617.062
593.658
592.025
593.895
598.695
596.935
598.695
596.825
592.025
547.135
592.025
594.692
595.928
597.888
620.828
628.658
649.808
654.825
655.565
656.798
664.628
666.498
676.298
691.757
701.557
714.623
712.99
689.587
691.22
714.623
738.027
736.393
712.99
714.623
715.363
716.597
724.427
727.093
728.963
723.947
728.963
738.763
736.893
736.153
734.92
725.12
717.29
714.623
713.263
710.563
705.803
691.253
695.843
700.243
701.15
702.51
705.21
709.97
724.52
726.08
725.173
723.613
719.023
714.623
707.023
705.523
700.933
699.913
698.553
696.793
694.923
696.683
720.087
721.72
698.317
696.683
701.483
703.353
748.243
703.353
698.553
683.887
647.927
658.167
663.533
668.55
666.68
683.49
685.36
668.55
666.99
656.75
651.383
646.367
646.292
645.552
641.118
655.785
654.825
654.9
655.64
660.073
696.033
696.993
698.553
708.353
706.483
703.817
695.987
694.753
694.013
688.997
679.197
684.213
684.953
687.62
695.45
696.683
698.553
695.583
648.613
642.893
640.193
625.527
622.277
620.643
597.24
598.873
622.277
614.447
593.297
614.447
591.507
604.573
602.613
601.377
611.177
626.635
613.568
636.508
638.468
646.298
647.535
632.077
622.277
620.643
597.24
598.873
622.277
612.477
607.46
606.72
605.487
597.657
594.99
593.12
602.92
607.937
608.677
609.91
617.74
620.407
622.277
617.877
611.297
615.697
622.277
574.037
622.277
624.147
669.037
670.797
668.927
664.127
619.237
617.477
622.277
620.643
597.24
587.44
597.24
602.257
603.49
601.62
609.45
610.19
607.523
609.393
608.16
607.42
602.403
605.07
597.24
592.807
556.847
555.887
555.812
555.072
556.942
555.182
510.292
505.492
503.622
505.382
550.272
555.072
553.838
546.008
543.342
541.472
551.272
541.472
540.732
545.748
546.982
554.812
557.478
559.348
554.332
555.072
545.272
558.338
579.488
578.252
586.082
584.122
585.358
577.528
556.378
543.312
566.252
568.212
552.753
568.212
578.012
555.072
557.022
576.655
575.915
577.785
576.225
584.055
582.822
574.992
572.325
570.455
573.122
582.922
587.938
591.123
595.065
595.805
586.005
549.885
560.901
562.168
558.896
538.724
533.57
555.462
557.022
558.362
564.017
568.753
523.863
525.733
530.533
575.423
577.183
575.313
570.513
568.753
583.42
591.1
595.86
596.6
597.56
628.64
630
630.075
625.058
624.318
623.085
615.255
612.588
610.718
600.918
602.478
612.718
617.735
615.865
605.625
590.958
589.398
604.065
599.048
582.238
576.872
582.238
584.108
600.918
615.585
614.225
614.15
613.19
612.45
620.13
589.05
581.37
576.61
577.97
578.045
579.005
579.745
610.825
596.158
600.918
608.518
585.578
577.748
556.598
572.057
581.857
594.923
616.073
623.903
646.843
648.803
646.843
645.607
646.843
631.385
621.585
608.518
613.318
614.678
616.548
617.508
616.148
616.073
615.113
614.373
583.293
568.627
560.947
556.187
601.077
601.817
601.892
597.992
602.752
557.862
556.102
554.232
555.992
551.192
548.007
534.94
542.62
557.287
588.367
550.567
571.287
577.867
587.467
623.427
635.413
636.973
636.013
634.653
633.913
634.653
635.613
635.688
637.048
605.968
637.048
651.715
637.048
629.368
637.048
632.288
637.048
636.973
641.373
636.973
685.213
691.793
643.553
636.973
635.613
620.947
589.867
594.627
593.887
593.812
601.492
596.732
627.812
628.552
620.872
620.947
622.307
621.347
619.494
620.429
622.25
626.925
670.649
672.364
670.542
665.867
622.143
620.429
612.948
612.875
611.94
611.219
580.946
581.772
577.012
578.372
578.447
579.407
580.147
611.227
625.893
633.573
638.333
636.973
652.432
653.668
666.735
665.498
663.538
673.338
665.508
644.358
631.292
608.352
592.893
594.853
617.793
625.623
646.773
636.973
638.923
636.973
636.013
635.273
604.193
589.527
581.847
596.513
597.873
597.948
598.908
599.648
630.728
629.368
637.048
641.808
637.048
636.973
637.88
642.64
645.34
646.7
651.1
655.69
641.14
636.38
633.68
632.32
631.413
627.013
622.423
620.863
635.413
636.973
635.013
649.68
652.93
690.73
694.813
696.773
701.363
711.163
714.138
719.338
714.748
700.082
694.882
691.907
682.107
644.307
640.223
636.973
632.173
630.413
585.523
583.653
614.733
615.473
616.433
616.508
621.268
621.193
620.233
627.913
642.58
641.84
643.2
628.533
620.853
616.093
585.013
583.653
578.637
576.767
559.957
558.397
548.157
533.49
528.123
529.483
576.453
577.863
579.113
615.233
613.673
577.553
573.612
570.427
550.793
552.353
555.538
575.172
579.113
573.458
572.118
576.855
582.51
568.685
564.071
563.998
563.063
558.427
557.706
527.433
513.148
505.667
506.992
507.065
508
538.273
552.558
560.039
564.675
563.351
564.071
584.799
590.37
602.779
593.429
587.019
566.838
568.357
580.032
615.058
624.409
630.818
651
649.481
614.455
602.779
607.836
609.037
624.094
659.12
673.677
681.08
683.33
741.041
782.709
775.229
773.904
773.831
772.896
742.623
728.338
723.701
722.981
721.071
719.867
697.523
689.896
669.295
656.568
647.023
631.966
689.677
691.927
699.33
684.273
649.247
644.19
642.989
585.278
599.834
558.166
559.367
564.424
599.45
614.506
656.175
648.773
634.216
631.966
625.557
621.271
574.284
579.856
559.128
571.537
592.265
579.856
574.284
573.083
515.372
500.815
508.218
503.161
488.104
453.078
510.789
503.386
517.943
559.612
561.862
567.7
572.756
573.958
571.708
573.859
532.19
533.563
532.19
486.44
485.115
483.898
529.648
530.972
532.19
529.94
534.997
576.666
591.722
599.125
584.568
586.818
601.375
659.086
660.287
602.576
601.375
593.972
588.135
583.078
618.104
615.953
574.284
576.183
574.284
579.341
586.744
588.994
603.55
661.261
619.593
604.536
569.51
568.308
510.597
508.347
500.945
542.614
557.67
592.696
593.898
588.841
574.284
579.856
592.265
612.992
600.583
595.011
574.284
539.258
529.907
518.232
516.713
510.304
490.122
491.641
503.317
538.343
547.693
554.102
574.284
631.995
667.021
669.271
676.674
681.731
696.287
711.344
712.545
705.143
702.893
667.867
652.81
647.753
646.552
588.841
574.284
615.953
574.284
573.067
527.317
525.992
524.619
517.216
514.966
516.167
573.878
588.435
590.685
598.088
593.031
608.088
649.756
684.782
643.114
628.057
570.346
569.144
534.119
539.175
524.619
515.346
517.255
511.683
513.398
522.67
526.469
532.041
530.326
528.417
524.619
543.742
546.844
550.683
585.865
550.683
531.56
528.458
526.938
523.099
524.619
520.005
514.497
513.192
492.464
486.893
474.484
473.282
458.226
416.557
411.5
353.789
318.763
316.513
301.956
294.554
307.508
311.979
313.878
311.979
310.459
305.989
301.703
300.378
297.748
293.112
278.94
278.057
279.878
281.26
286.317
289.419
293.596
296.193
314.813
308.404
295.908
259.948
250.348
248.788
236.802
252.26
283.34
285.21
290.402
287.735
282.543
301.66
305.948
286.832
282.543
279.358
277.94
276.07
279.255
281.922
283.792
285.21
269.752
271.622
302.702
318.16
287.08
285.21
280.018
260.902
259.032
254.743
251.558
250.14
251.558
248.892
254.083
273.2
275.867
279.052
280.922
285.21
283.34
252.26
236.802
238.672
269.752
285.21
287.08
283.895
286.562
290.85
288.183
286.313
284.895
290.087
285.798
266.682
285.798
288.983
290.402
285.21
300.668
331.748
333.618
318.16
316.29
285.21
280.018
260.902
256.613
253.428
255.298
253.428
254.847
258.032
260.698
259.28
256.613
261.805
280.922
285.21
271.91
267.32
271.91
285.21
304.843
303.283
300.098
296.157
276.523
312.643
316.585
319.77
283.65
285.21
316.29
318.16
287.08
285.21
300.668
285.21
283.792
286.458
288.328
291.513
295.802
293.932
299.123
296.457
291.265
272.148
267.86
264.675
283.792
285.21
283.26
285.21
300.668
302.538
287.08
256
254.13
285.21
287.877
291.062
295.35
314.467
319.658
321.077
318.41
316.54
315.122
309.93
290.813
292.683
289.498
285.21
289.11
292.295
330.095
343.162
345.155
349.555
408.805
413.605
411.735
413.605
382.525
403.675
434.755
450.213
434.755
437.94
436.07
434.652
431.467
427.178
408.062
402.87
400.203
405.395
410.595
423.662
423.737
438.287
457.403
478.237
480.937
503.877
502.007
470.927
455.468
468.768
472.398
476.798
481.388
494.688
490.098
476.798
471.598
456.932
452.848
454.808
450.218
448.258
438.458
435.483
432.233
394.433
409.1
412.35
450.15
454.233
458.823
468.623
471.598
476.798
474.848
476.798
479.983
483.925
447.805
443.863
440.678
439.118
440.678
476.798
496.432
476.798
455.965
478.905
459.788
445.238
432.172
426.98
426.905
432.105
434.805
453.922
474.755
482.435
497.102
511.652
542.732
555.798
560.99
561.065
558.365
563.125
540.185
540.925
541.885
541.96
543.32
538.12
551.42
547.79
534.49
544.613
548.342
552.863
560.753
559.356
564.247
563.26
578.329
578.252
610.183
602.293
603.279
603.356
604.753
599.863
584.795
584.034
584.795
552.863
557.753
568.575
573.291
577.341
599.07
600.467
601.925
605.932
598.123
603.055
663.928
667.2
671.721
668.449
646.719
642.199
581.325
576.394
574.346
596.075
598.123
606.014
610.904
625.973
657.904
658.664
659.651
659.728
654.837
656.235
641.166
609.235
608.474
607.488
607.411
606.014
598.123
597.137
595.74
595.663
563.731
562.971
563.957
579.026
610.957
611.717
596.649
596.726
598.123
606.014
601.123
593.233
598.123
598.884
603.438
603.515
640.461
641.447
673.378
674.139
642.207
647.098
654.988
652.188
653.148
652.408
653.768
652.408
652.333
651.373
651.448
643.768
639.008
624.342
620.712
607.412
603.012
606.642
611.042
624.342
619.752
606.452
611.042
624.342
655.422
624.342
623.602
623.677
609.01
601.33
602.29
603.03
604.39
612.07
616.83
612.07
611.11
611.035
626.378
624.342
626.292
624.342
626.378
634.269
635.666
635.743
636.729
637.49
669.421
684.49
652.558
657.449
652.558
651.798
643.908
643.83
643.908
649.241
662.666
677.615
697.255
718.659
721.433
745.002
750.344
749.358
749.281
725.712
722.938
701.534
681.894
666.945
653.521
648.187
642.844
641.447
644.719
641.447
654.872
650.865
612.029
650.865
654.872
641.447
646.337
643.768
674.848
675.588
676.548
684.228
682.868
682.943
684.303
679.543
671.863
657.197
626.117
626.042
625.302
624.342
643.458
686.238
690.672
691.412
691.487
690.527
691.487
690.747
690.672
726.632
690.672
686.238
672.938
669.308
682.608
687.008
682.608
686.238
686.163
690.923
698.603
713.27
744.35
742.99
743.95
744.025
739.265
740.005
725.338
694.258
693.518
692.558
693.918
686.238
680.518
670.998
669.038
665.138
663.378
669.098
678.618
680.578
684.478
686.238
666.605
663.42
659.478
623.358
621.798
617.898
616.538
595.388
591.447
580.913
576.153
574.735
570.145
574.905
579.495
590.028
593.97
595.388
596.748
600.648
621.798
620.438
620.363
619.623
614.863
607.183
592.517
561.437
560.477
573.777
577.407
578.767
581.642
591.882
599.712
620.545
623.212
625.205
620.405
616.005
594.855
591.67
593.663
614.813
619.613
617.62
676.87
681.27
684.455
625.205
625.13
626.09
662.05
666.483
667.223
667.298
662.865
626.905
643.094
642.334
655.998
651.478
637.813
634.084
638.604
642.334
628.67
623.954
637.618
642.334
628.909
626.135
626.058
620.724
597.156
575.752
556.111
550.769
535.82
533.817
535.82
535.743
534.983
530.428
529.442
530.428
534.983
535.06
535.82
498.875
535.82
532.091
518.426
513.906
524.728
526.185
547.914
552.63
554.027
558.034
553.144
551.687
546.971
536.149
534.752
513.022
508.973
513.863
517.913
513.906
535.31
539.039
552.704
533.063
489.111
508.752
552.704
551.943
552.93
552.853
557.408
558.168
595.113
594.127
594.204
589.649
552.704
539.039
534.324
536.327
534.324
531.051
492.216
478.791
474.784
413.911
409.39
387.661
384.389
382.341
377.409
363.745
342.341
338.611
352.276
373.68
377.409
376.423
339.478
334.923
334.163
334.086
338.976
334.086
338.092
336.635
358.365
353.649
342.827
338.777
317.048
318.445
322.495
333.317
329.31
334.026
335.483
334.086
372.921
377.116
379.13
383.846
393.914
396.971
412.039
408.7
404.505
402.491
397.776
387.707
384.651
387.99
382.647
367.579
328.743
334.086
314.445
270.493
314.445
334.086
332.082
335.812
357.216
343.551
322.147
318.418
332.082
327.192
322.476
321.079
317.029
295.3
299.307
288.485
289.882
288.425
299.247
300.704
305.594
309.644
331.373
336.089
332.082
345.747
367.151
370.88
349.476
335.812
332.082
312.442
268.49
262.613
252.832
250.818
252.627
257.781
262.301
277.37
298.774
300.788
301.281
297.274
295.466
301.342
311.123
315.13
316.116
325.897
312.233
290.829
294.558
315.962
312.233
325.897
304.168
300.161
298.764
294.714
283.892
279.176
277.719
272.829
311.664
315.671
329.096
332.368
335.108
337.029
338.486
341.759
346.164
365.805
371.139
357.474
336.07
349.735
346.005
349.735
371.139
368.399
366.942
363.67
369.003
388.644
393.05
396.322
397.779
400.519
396.113
376.473
371.139
373.06
371.139
365.805
346.164
348.086
349.543
345.137
341.865
340.408
343.147
341.226
338.486
343.82
363.461
367.866
371.139
376.029
383.92
398.988
430.92
432.317
433.077
434.063
434.14
436.062
416.421
413.149
411.692
409.771
407.031
412.365
416.771
420.043
421.5
424.24
443.88
439.474
434.14
435.127
433.729
433.652
432.666
431.906
399.974
384.906
380.015
381.413
381.49
382.25
414.182
429.25
437.14
442.031
434.14
428.807
431.546
433.467
434.925
438.197
442.603
462.243
467.577
465.656
462.916
443.276
438.87
435.598
434.14
419.072
422.801
444.205
457.87
454.14
432.736
419.072
418.995
418.009
386.077
390.967
398.858
402.888
401.528
400.788
431.868
432.608
433.568
433.643
435.003
430.243
422.563
427.363
429.323
461.687
456.495
459.162
461.032
462.45
465.635
484.752
489.943
494.232
492.362
490.943
487.758
483.47
464.353
461.687
454.007
453.047
452.307
421.227
428.907
424.147
455.227
455.302
456.262
457.002
461.762
461.687
463.047
461.687
459.267
474.336
469.445
470.842
470.92
471.906
472.666
504.598
496.707
511.776
479.844
479.084
478.098
478.021
476.623
481.514
489.404
474.336
477.075
473.803
469.397
467.94
466.019
463.279
468.613
488.253
492.659
495.932
497.389
499.31
493.976
474.336
472.938
472.861
474.259
473.498
478.389
486.279
485.293
517.224
517.985
533.053
533.13
528.24
520.349
505.281
473.349
474.336
471.596
469.675
468.217
464.945
460.539
440.899
435.565
467.497
466.099
466.022
465.036
465.796
470.687
478.577
493.646
494.632
494.709
496.106
491.216
483.325
468.257
467.497
435.565
439.572
442.844
481.68
495.104
491.098
452.262
448.99
435.565
474.401
478.596
481.935
486.651
488.664
483.322
480.265
470.197
465.481
463.467
459.272
444.204
440.865
455.933
461.276
464.332
474.401
435.565
450.634
482.565
483.325
484.312
484.389
485.786
480.896
448.964
433.896
433.135
432.149
432.072
430.675
438.565
430.675
435.565
421.901
400.497
396.767
396.69
401.58
409.471
424.539
423.553
424.313
425.3
457.231
458.628
453.738
445.848
430.779
398.848
398.087
396.69
396.767
404.575
418.24
423.753
424.986
426.527
429.884
419.76
421.72
419.76
452.123
456.923
424.56
419.76
415
407.32
407.245
406.285
405.545
374.465
359.798
358.438
359.458
367.058
368.418
369.918
374.508
395.342
403.172
405.165
406.525
410.155
423.455
426.33
423.663
402.83
392.59
384.76
382.767
379.137
365.837
362.962
365.628
364.268
374.508
361.208
359.708
368.187
366.954
370.31
362.502
359.146
353.632
355.009
356.241
361.755
375.42
383.228
384.769
392.813
396.863
398.784
413.853
415.651
437.38
439.058
476.003
476.08
476.841
477.827
482.382
483.923
485.3
493.108
506.772
512.286
513.519
512.286
510.909
509.368
506.012
509.368
503.854
496.046
482.382
480.461
465.392
463.714
459.664
451.62
473.349
475.147
490.216
491.894
493.815
501.86
480.13
484.18
482.382
468.717
470.259
471.635
472.868
478.382
492.046
495.402
503.211
495.402
489.889
488.512
486.971
483.615
482.382
484.396
479.464
477.45
444.2
449.132
482.382
483.839
482.853
482.776
482.853
483.613
488.168
525.113
526.099
525.339
520.784
483.839
491.647
490.599
485.884
484.342
482.945
475.137
476.185
480.901
482.442
483.839
476.031
489.695
495.209
496.442
497.818
496.277
499.634
507.442
493.777
490.421
491.962
490.586
485.072
483.839
462.11
463.908
462.11
447.041
445.363
443.442
465.171
469.221
477.265
469.221
484.289
485.967
481.918
483.839
485.853
495.634
489.757
495.634
485.853
489.86
487.846
483.839
485.647
483.839
491.647
505.312
510.825
497.161
498.702
502.058
494.25
488.736
487.503
486.127
482.771
484.003
482.462
483.839
485.216
489.49
489.983
539.545
556.815
556.055
557.041
557.801
557.878
556.892
519.947
515.392
515.315
552.26
556.815
578.545
570.5
568.822
553.753
551.955
550.034
545.985
524.255
528.305
530.226
531.904
546.973
548.771
556.815
553.459
540.034
536.762
497.926
493.92
492.378
484.57
483.337
477.824
485.632
471.967
485.632
491.146
492.378
493.755
495.296
498.652
497.276
487.495
487.002
465.598
470.752
475.272
490.341
511.745
521.526
522.512
523.005
517.851
502.783
501.796
497.276
530.526
535.457
537.471
535.457
502.207
508.084
503.152
516.241
538.104
536.563
538.104
539.502
547.31
552.026
553.074
545.265
544.217
539.502
538.104
516.375
514.577
512.656
534.385
526.341
511.272
513.07
528.139
529.817
531.738
535.788
543.832
539.783
538.104
555.375
604.937
609.211
610.587
593.317
543.755
542.378
542.872
538.598
538.104
539.337
535.981
534.44
542.248
555.913
561.426
562.803
564.344
567.7
559.892
546.228
540.714
539.481
538.104
538.027
537.267
537.344
538.33
501.385
500.399
495.844
532.789
537.344
538.104
551.193
529.33
523.454
510.365
532.228
538.104
545.913
559.577
565.091
566.324
567.7
569.241
572.598
564.789
559.276
545.611
544.235
542.693
539.337
538.104
534.055
526.01
527.932
526.253
511.185
515.235
516.913
538.642
553.711
555.509
533.779
531.981
540.026
538.104
587.666
604.937
603.56
599.286
598.793
549.231
531.961
519.115
523.275
523.755
559.715
560.675
560.75
561.49
565.923
564.963
559.597
555.163
554.423
554.348
546.748
533.448
532.248
530.908
529.408
526.142
490.182
492.142
459.778
464.578
496.942
492.142
470.862
476.582
489.322
510.602
497.862
492.142
490.182
526.302
518.472
514.53
512.66
511.027
509.277
517.107
538.257
517.107
521.048
506.382
508.132
509.765
511.635
526.302
524.802
523.442
515.842
520.432
521.932
523.292
530.892
526.302
525.282
526.302
527.042
527.117
531.877
539.557
554.223
555.583
586.663
587.623
586.663
585.923
554.843
540.177
532.497
527.737
542.403
573.483
578.243
585.923
587.283
587.358
588.318
589.058
587.698
587.623
588.103
586.763
586.283
538.043
521.233
522.573
526.733
574.973
591.783
587.623
574.883
569.163
547.883
543.45
507.49
506.53
506.455
505.715
505.64
500.88
493.2
478.533
477.173
476.213
475.473
476.833
481.593
489.273
503.94
472.86
503.94
504.68
505.64
505.715
484.565
482.815
484.565
482.932
481.062
488.892
492.833
494.703
490.762
482.932
504.082
518.748
520.382
505.715
536.795
529.115
514.448
483.368
482.628
481.668
481.593
480.233
480.308
481.268
482.008
483.368
498.035
505.715
510.475
505.715
536.795
551.462
546.702
548.062
546.702
546.627
545.667
544.927
545.002
530.335
522.655
523.615
528.375
536.055
536.795
505.715
503.755
471.392
476.192
508.555
517.557
519.57
521.491
529.536
533.586
535.264
527.219
529.017
550.747
546.697
544.776
543.098
528.029
526.231
504.502
519.57
470.009
469.515
465.241
463.865
513.426
513.92
531.19
532.567
536.841
519.57
482.461
505.715
513.395
518.155
513.395
505.715
491.048
459.968
460.043
461.403
476.07
476.81
507.89
507.15
506.19
506.115
504.755
505.715
507.215
511.805
512.825
511.465
509.965
505.375
504.355
496.755
504.355
505.715
509.798
495.132
489.932
486.957
477.157
472.567
470.607
466.523
428.723
425.473
440.14
445.34
455.14
459.73
462.98
500.78
502.74
505.715
513.395
513.32
512.36
511.62
516.38
485.3
470.633
462.953
464.313
464.388
465.348
466.088
497.168
511.835
510.475
505.715
504.975
505.715
513.395
528.062
559.142
560.102
560.177
561.537
556.777
549.097
553.857
539.19
538.23
538.155
536.795
505.715
507.348
505.598
520.265
522.135
526.077
533.907
535.657
514.507
506.677
502.735
500.865
499.232
484.565
505.715
520.382
525.142
532.822
563.902
565.262
566.222
564.862
565.602
564.642
563.902
563.827
556.147
551.387
551.462
536.795
505.715
564.965
579.91
595.368
597.468
602.268
603.902
617.202
619.152
638.252
636.946
632.894
632.427
585.44
569.067
554.781
547.3
542.664
541.339
541.266
540.331
539.61
509.338
529.63
535.255
539.094
542.63
555.584
558.687
538.086
536.495
534.674
527.047
525.343
521.503
507.218
505.308
500.633
532.156
500.633
502.542
507.218
509.815
514.49
519.127
554.308
532.97
531.61
524.01
525.03
529.62
531.12
529.62
530.98
529.96
537.56
532.97
534.22
535.58
582.55
583.96
579.16
615.28
674.53
689.475
704.933
702.983
705.083
702.983
687.525
685.892
626.642
606.7
593.036
594.714
599.646
613.31
615.313
599.959
598.502
603.368
606.707
616.488
614.474
604.693
598.817
600.83
604.837
606.646
612.522
610.714
606.707
639.957
641.971
646.902
613.652
611.639
606.707
612.64
628.522
630.896
643.985
646.759
648.762
600.505
563.396
561.947
575.611
576.543
578.591
583.146
584.543
632.8
634.248
632.964
634.248
632.851
625.043
620.327
619.279
617.738
616.341
603.252
600.878
584.997
582.993
580.219
582.592
595.682
611.563
613.567
619.5
613.567
616.341
677.214
679.372
695.253
700.185
701.863
703.866
717.531
701.649
699.491
736.601
722.937
738.291
736.613
699.503
638.63
636.627
631.695
616.341
603.252
600.878
584.997
582.993
580.219
574.286
587.375
589.748
595.682
598.455
614.337
616.341
620.07
598.666
594.616
588.683
585.411
591.344
612.748
616.798
630.462
616.798
620.07
616.341
629.43
616.341
613.567
611.193
595.312
593.308
599.241
593.308
595.312
611.193
613.567
616.341
618.714
624.048
625.315
686.188
701.543
703.812
721.003
763.783
771.383
775.817
777.81
775.817
774.91
761.61
757.177
758.083
771.383
755.925
753.975
751.665
738.925
736.225
730.45
743.19
758.648
760.598
763.298
769.073
771.383
773.693
832.943
834.177
839.368
854.313
869.772
912.552
904.952
902.642
859.862
872.554
859.862
857.653
852.462
851.228
858.828
799.578
784.633
783.223
736.253
734.893
733.643
749.102
761.842
764.152
766.102
760.327
747.587
744.887
742.937
727.478
725.168
727.868
733.643
729.243
724.227
724.707
724.227
709.56
730.393
745.06
749.46
758.98
738.147
739.107
738.147
743.163
733.643
766.007
761.207
759.247
726.883
728.843
733.643
697.683
692.492
690.182
675.237
674.003
614.753
622.353
624.663
639.608
698.858
700.092
705.283
662.503
677.962
720.742
705.283
716.798
722.955
725.003
725.935
721.38
707.716
706.784
704.736
709.291
722.955
720.182
726.115
728.889
730.892
746.774
744.771
747.144
741.211
728.122
725.748
709.866
722.955
662.082
660.079
646.414
683.524
744.397
759.752
775.634
777.791
779.469
764.115
766.488
765.221
762.848
755.039
798.991
793.658
787.5
771.618
727.666
743.548
780.493
785.827
787.094
847.967
863.322
871.13
876.062
878.065
891.729
890.051
885.12
869.238
853.884
851.726
814.616
753.743
758.634
755.894
751.003
746.072
748.812
753.743
750.969
745.036
758.125
760.498
758.495
745.406
747.409
731.527
737.461
740.235
737.861
753.743
797.695
805.503
761.551
768.312
773.178
775.336
778.289
781.341
785.615
788.491
751.546
746.212
730.33
714.976
717.349
732.704
671.83
673.098
678.432
739.305
755.187
747.378
745.005
781.95
780.683
774.75
772.747
759.658
757.284
741.402
738.628
734.074
720.409
719.478
717.43
721.985
735.649
736.58
738.628
799.502
801.875
809.683
810.95
750.077
755.411
740.057
737.683
736.416
728.608
744.49
788.442
803.796
798.462
761.517
745.635
782.58
738.628
717.224
706.704
698.659
696.611
695.214
691.485
688.745
685.791
672.127
673.394
678.728
715.673
731.555
670.682
654.8
610.848
573.902
617.854
602.5
600.127
615.481
617.854
625.663
624.396
619.062
661.803
654.203
655.963
657.833
662.633
707.523
675.16
670.36
668.4
704.52
668.4
727.65
729.6
731.233
736.033
751.492
766.437
726.562
711.207
708.834
722.498
721.231
723.389
686.443
681.11
665.228
657.42
655.741
653.738
648.807
633.452
572.579
528.627
512.745
499.08
496.923
492.368
506.033
492.368
491.437
489.389
493.943
495.991
496.923
483.259
479.209
482.481
479.209
475.479
496.884
510.548
504.615
483.211
489.144
493.193
496.923
491.991
493.913
498.844
544.964
546.772
544.851
498.731
496.923
495.991
482.327
484.375
485.307
498.971
503.526
501.478
496.923
498.844
503.776
549.896
551.704
549.896
503.776
498.844
496.923
500.262
490.193
487.137
481.795
466.726
462.531
460.517
455.801
452.462
467.531
472.873
475.93
485.998
490.714
492.728
496.923
535.759
496.923
498.601
503.533
489.868
452.759
391.885
376.531
360.649
358.491
353.56
351.882
349.878
386.988
400.652
416.007
418.01
420.279
422.437
470.422
472.182
476.982
521.872
520.112
475.222
470.422
472.292
470.422
465.988
479.288
478.382
479.288
483.722
481.728
468.428
470.422
467.452
463.292
466.092
470.252
463.672
460.872
467.452
472.188
469.313
472.188
475.158
473.058
468.322
470.422
491.255
495.845
510.005
542.368
555.435
557.305
571.972
603.052
603.792
604.752
604.827
606.187
613.867
618.627
613.827
568.937
567.177
565.307
567.177
571.977
573.737
618.627
649.707
649.782
651.142
646.382
638.702
624.035
623.295
622.335
622.26
623.22
621.86
590.78
595.54
603.22
617.887
618.627
628.867
624.067
619.307
616.64
619.307
624.067
628.867
615.567
617.56
630.86
631.767
636.2
634.207
629.773
628.867
629.827
628.467
628.392
659.472
667.152
681.818
686.578
685.618
686.978
682.218
674.538
674.613
643.533
642.793
628.127
628.867
633.627
641.307
636.547
628.867
614.2
628.867
659.947
660.687
661.647
663.007
661.647
661.722
630.642
630.567
629.607
628.867
642.167
644.117
645.75
661.208
663.308
668.108
625.539
588.43
631.988
668.108
654.808
652.858
651.225
646.425
644.325
642.117
657.062
642.117
643.877
688.767
690.4
692.27
715.673
720.473
715.673
713.803
712.043
667.153
670.783
684.083
687.268
691.21
696.985
717.818
696.985
691.21
687.268
684.083
680.453
667.153
667.078
662.318
663.678
663.753
664.713
665.453
696.533
711.2
709.84
714.6
699.933
668.853
667.893
675.573
674.833
667.153
668.787
645.383
643.75
667.153
667.228
671.662
707.622
708.582
709.322
722.622
723.528
725.522
724.615
711.315
706.882
704.888
709.322
710.955
734.358
732.725
701.645
700.905
699.945
699.87
676.467
675.107
679.867
672.187
657.52
652.76
654.12
655.08
655.155
655.895
686.975
701.642
709.322
711.082
755.972
754.212
749.412
754.212
756.082
711.192
709.322
707.688
684.285
707.688
709.322
740.402
739.442
739.367
738.627
753.293
760.973
765.733
734.653
735.393
736.353
721.687
714.007
714.082
712.722
714.082
709.322
676.958
678.828
692.988
691.118
670.285
657.218
652.628
684.992
698.058
718.892
723.482
709.322
707.688
731.092
732.725
709.322
708.582
709.942
724.608
755.688
756.428
748.748
747.788
747.713
746.353
715.273
700.607
708.287
713.047
714.007
714.082
709.322
707.362
697.842
693.942
688.222
693.942
703.462
705.422
709.322
711.082
709.322
715.042
718.292
720.992
748.015
750.907
765.193
763.479
765.3
769.976
747.18
742.505
740.683
784.407
807.203
808.794
765.07
766.784
765.193
764.31
751.356
747.037
745.096
743.771
748.407
755.888
770.174
800.446
801.167
802.102
802.175
803.5
798.864
791.383
761.11
760.39
759.455
759.381
745.096
745.023
744.088
744.161
744.881
749.2
750.135
749.414
784.44
749.414
745.096
709.914
695.357
680.3
678.255
637.092
632.292
630.658
628.708
615.408
638.812
640.445
617.042
615.408
613.308
612.348
612.273
610.913
608.113
607.373
576.293
561.627
553.947
549.187
545.027
542.057
539.182
543.918
550.498
553.373
556.173
560.333
553.753
555.853
551.117
554.087
561.767
566.055
569.305
574.505
576.005
576.405
599.808
601.442
599.808
576.405
531.515
526.715
524.955
523.085
521.452
544.855
546.488
523.085
526.335
531.072
527.822
523.085
524.718
523.085
546.488
523.085
524.503
543.62
547.908
551.093
553.76
555.63
560.822
561.782
597.742
602.175
602.25
601.29
565.33
560.897
560.157
560.082
560.822
537.418
535.785
533.118
534.988
537.655
541.943
561.06
562.478
560.608
559.19
556.005
561.197
542.08
536.888
532.6
535.785
533.915
538.505
559.338
545.178
512.815
499.748
478.915
480.785
493.852
526.215
521.625
535.785
514.952
509.177
505.235
502.05
488.75
485.12
505.953
511.728
515.67
519.3
532.6
535.785
554.902
556.772
559.438
564.63
561.963
560.093
558.675
555.49
551.202
532.085
526.893
531.182
532.6
535.785
548.852
552.752
590.552
593.737
598.537
593.777
596.443
601.203
596.403
593.737
592.777
592.702
591.962
587.528
588.488
624.448
628.882
629.622
629.697
593.737
574.62
572.75
575.417
570.225
575.417
594.533
598.822
602.007
603.425
605.295
603.877
600.692
596.403
593.737
588.72
584.32
569.653
548.82
547.86
547.38
537.86
518.743
523.935
543.052
547.34
550.525
551.943
553.813
556.48
552.192
550.773
548.107
542.915
541.045
537.86
552.527
583.607
584.967
585.042
586.002
586.742
591.502
599.182
601.848
603.718
605.137
608.322
612.61
631.727
636.918
634.252
632.382
629.197
624.908
605.792
600.6
599.182
584.515
589.275
596.955
611.622
642.702
643.442
644.402
644.477
645.837
641.077
633.397
632.037
631.962
631.002
630.262
599.182
563.222
558.788
561.588
561.513
561.588
562.328
566.762
602.722
596.142
595.182
594.442
598.602
601.477
603.577
608.313
614.893
612.093
607.933
604.963
602.088
599.988
595.252
596.212
599.182
601.848
603.718
606.903
611.192
630.308
635.5
632.833
630.963
629.545
626.36
622.072
602.955
597.763
599.182
584.515
553.435
558.195
565.875
580.542
611.622
612.582
612.657
614.017
614.757
607.077
605.717
605.642
604.682
603.942
599.182
594.592
599.182
597.312
583.152
570.085
549.252
551.122
518.758
539.592
553.752
586.115
599.182
598.442
567.362
567.287
552.62
544.94
540.18
538.82
519.703
519.778
514.587
513.627
514.587
511.402
512.142
543.222
557.888
565.568
570.328
571.688
567.4
565.982
564.112
561.445
556.685
542.018
510.938
503.258
502.298
503.658
502.298
501.558
501.633
501.558
502.298
533.378
534.338
534.745
542.226
546.862
545.927
541.609
540.888
540.815
505.789
520.075
527.555
532.192
532.265
532.192
531.256
530.536
500.263
485.977
478.497
486.497
517.577
518.317
519.277
517.917
519.277
520.637
517.662
522.422
507.755
502.555
505.53
495.73
491.14
489.18
485.097
488.347
526.147
530.23
532.19
536.78
498.98
495.73
510.397
515.597
523.277
537.943
547.743
548.483
547.123
547.048
546.088
577.168
546.088
531.422
523.742
518.982
519.057
518.317
519.277
529.517
519.277
532.577
535.762
539.703
533.928
539.703
536.073
515.24
512.055
498.755
519.588
515.647
519.277
519.202
518.242
519.602
518.242
518.317
517.577
486.497
471.83
464.15
459.39
464.15
471.83
486.497
517.577
518.317
519.277
526.957
531.717
562.797
577.463
578.823
579.783
579.858
575.098
567.418
552.752
551.392
551.317
550.357
519.277
518.537
519.277
514.517
506.837
492.17
491.21
490.47
490.395
489.035
457.955
443.795
422.962
421.092
416.502
403.435
416.502
384.138
388.728
402.888
435.252
456.085
457.955
495.755
498.94
512.007
508.107
470.307
474.207
471.022
457.955
455.288
450.528
445.728
450.465
453.34
459.92
462.02
459.22
463.38
460.41
457.535
460.505
458.405
453.668
447.088
449.888
445.728
466.878
471.278
530.528
535.328
537.322
540.507
583.287
615.847
625.647
635.247
639.837
644.427
654.96
714.21
735.36
750.818
781.898
783.768
752.688
768.147
766.277
770.867
756.707
777.54
790.607
821.687
835.847
837.717
870.08
857.013
836.18
831.59
833.46
818.002
785.638
783.768
804.602
810.377
807.192
803.25
782.417
776.642
779.827
793.127
796.757
793.127
797.068
783.768
789.488
793.388
795.348
804.868
803.108
799.208
797.248
787.728
782.008
783.768
752.688
737.23
752.688
783.768
785.638
783.768
768.31
737.23
735.36
737.23
768.31
783.768
785.638
783.768
752.688
737.23
768.31
783.768
786.435
794.265
795.498
796.238
801.255
811.055
812.925
844.005
842.135
811.055
826.513
811.055
812.925
817.085
812.348
810.248
807.373
804.403
800.243
797.443
802.18
804.28
807.155
810.125
803.545
810.125
812.925
811.055
811.795
816.812
826.612
829.278
826.612
818.782
820.015
818.782
813.765
803.965
805.835
805.095
812.925
808.525
749.275
744.475
742.482
721.332
718.147
720.14
724.94
693.86
678.402
676.532
707.612
723.07
726.255
785.505
789.905
811.055
812.925
820.525
834.685
802.322
834.685
847.752
868.585
866.715
852.555
854.425
859.015
838.182
833.592
820.525
825.542
826.282
836.082
837.315
845.145
847.812
845.942
847.812
845.145
843.912
843.172
838.155
830.325
820.525
805.067
773.987
772.117
768.217
755.15
751.965
714.165
706.335
703.668
693.868
703.668
708.685
709.425
710.658
708.788
707.555
710.222
705.205
707.075
706.335
714.165
710.915
706.178
711.195
711.935
713.168
720.998
711.198
706.182
705.442
697.612
694.945
704.745
702.875
701.642
704.308
706.178
719.478
722.663
726.605
732.38
753.213
749.583
736.283
733.098
727.323
706.49
710.12
706.178
711.195
713.065
715.732
723.562
713.762
708.745
709.978
708.745
700.915
698.248
696.378
706.178
705.438
706.178
704.308
712.138
713.372
714.112
719.128
728.928
719.128
711.298
710.065
709.325
704.308
706.975
704.308
706.178
695.938
709.005
729.838
734.428
732.558
718.398
713.808
700.742
668.378
670.248
649.415
681.778
695.938
686.138
681.122
680.382
678.512
677.278
669.448
666.782
662.045
659.245
656.37
653.4
649.24
652.115
654.215
658.952
665.532
663.432
604.182
606.982
604.988
600.188
603.158
598.758
577.608
574.423
567.843
571.028
575.428
634.678
639.478
641.472
662.622
666.782
661.582
658.607
668.407
663.817
661.857
657.773
619.973
616.723
631.39
636.59
639.565
644.155
646.115
650.198
640.398
625.732
663.532
666.782
645.632
650.222
607.442
574.882
565.082
555.482
550.892
546.302
550.892
560.492
570.292
580.825
640.075
580.825
570.292
602.852
645.632
666.782
664.912
651.845
631.012
626.422
612.262
579.898
574.123
570.182
566.997
553.697
550.067
529.233
469.983
465.583
444.433
441.248
439.255
434.455
437.255
440.225
443.1
436.52
441.257
447.837
445.037
440.877
437.907
435.032
432.932
428.195
430.295
434.455
432.695
428.795
426.835
417.315
411.595
405.875
403.175
400.205
385.538
382.288
344.505
349.372
352.248
356.522
359.574
362.527
364.685
371.445
367.171
364.12
361.166
359.009
354.142
347.382
344.505
322.776
278.824
245.372
240.656
230.793
226.077
236.899
226.83
287.704
276.882
281.598
291.461
301.529
334.981
378.933
400.663
339.789
344.505
336.615
336.204
331.798
328.459
323.116
321.575
313.767
310.428
271.592
267.397
265.384
260.668
250.599
247.543
242.2
227.132
224.974
222.021
215.26
210.986
207.935
203.068
200.192
189.37
211.099
255.051
288.503
298.572
308.435
313.151
317.866
378.74
389.562
345.61
312.158
302.089
292.226
287.51
282.795
221.921
200.192
139.318
105.866
95.798
85.935
81.219
70.397
65.682
43.952
0
