0.202
0.663
1.221
1.481
1.673
2.337
2.673
2.75
3.196
3.366
3.7
4.142
4.617
5.3
5.492
6.042
6.583
6.688
7.273
7.758
8.516
9.078
9.273
9.359
9.359
9.766
9.828
9.828
9.844
10.469
10.828
11.25
11.445
12.016
12.672
12.625
13.184
13.191
13.324
13.169
12.816
12.39
12.191
12.044
11.537
11.279
11.059
10.691
10.551
10.059
9.669
9.25
8.647
8.478
7.993
7.515
7.243
7.576
7.979
8.167
8.306
8.785
9.028
9.236
9.079
9.204
9.645
9.993
9.993
9.993
10.145
10.579
11.007
11.007
11.099
11.099
11.099
11.553
11.553
11.553
11.553
12.046
12.046
12.046
12.046
12.046
12.046
12.046
12.046
12.046
12.046
12.118
12.592
12.658
13.112
13.507
14.151
14.421
14.638
15.151
14.888
15.388
15.481
15.488
15.963
16.425
15.857
16.304
15.801
16.335
16.739
17.119
17.33
17.585
17.955
17.516
18.005
18.174
18.625
19.022
18.49
18.797
18.807
19.313
19.552
19.055
19.205
19.45
19.65
19.76
19.885
20.295
20.295
20.45
20.45
20.665
20.83
20.83
21.32
21.32
21.32
21.32
21.215
20.975
20.685
20.55
20.45
20.105
19.93
19.78
19.53
19.435
19.1
18.835
18.835
18.835
18.72
18.39
18.065
18.065
18.065
18.355
18.355
18.355
18.355
18.355
18.355
18.355
18.355
18.355
18.355
18.355
18.355
18.355
18.355
18.68
18.69
18.71
19.11
19.245
18.913
19.375
19.413
19.466
19.481
19.808
20.236
20.5
20.981
21.346
21.538
21.144
20.643
20.732
20.732
21.116
21.554
21.987
22.071
22.076
22.143
22.446
22.594
22.594
22.826
22.826
22.826
22.777
22.455
22.411
22.103
21.835
21.397
21.214
21.067
21.486
21.12
20.75
20.681
20.731
21.065
21.111
21.431
21.708
22.162
22.352
22.505
22.866
22.402
22.759
22.826
22.978
22.978
23.192
23.192
23.192
23.192
23.281
23.281
23.281
23.281
23.281
23.281
23.281
23.545
23.879
23.879
24.29
24.29
24.29
24.29
24.031
24.031
24.031
24.031
24.031
24.031
24.031
24.031
24.031
24.031
24.031
24.031
24.031
24.031
23.741
23.835
24.049
24.308
24.429
24.518
24.826
24.982
24.25
24.466
24.547
24.008
24.229
24.467
24.808
24.904
25.179
25.45
25.263
24.992
24.729
24.354
24.225
24.703
24.388
25.036
24.772
24.763
24.964
25.254
24.655
25.043
25.177
25.534
25.849
25.196
25.442
25.45
25.308
25.308
25.108
25.108
25.108
25.108
25.025
25.025
25.025
25.025
25.025
25.025
25.025
24.779
24.467
24.467
24.083
24.083
24.225
24.246
24.446
23.774
23.94
24.315
24.395
24.625
24.867
25.27
24.836
24.926
24.489
24.712
24.996
25.11
25.458
25.659
25.58
25.398
25.178
25.076
25
24.739
24.606
24.492
24.303
24.231
23.977
24.52
24.297
23.977
24.657
24.391
24.129
24.214
24.407
24.641
24.75
24.831
25.109
25.25
24.578
24.773
24.848
24.348
24.549
24.765
25.076
25.163
25.413
25.659
25.617
25.345
25.307
25.045
24.818
24.447
24.292
24.167
24.617
24.309
23.996
23.938
23.98
24.262
24.301
24.57
24.57
24.953
25.113
25.242
25.547
25.547
25.859
25.859
25.684
25.43
25.184
24.832
24.711
25.173
24.879
25.5
25.254
25.246
25.433
25.704
25.129
25.492
25.617
25.952
26.246
25.621
25.852
25.473
25.48
25.301
25.078
24.961
24.77
24.613
24.527
24.43
24.109
24.109
24.109
24.109
23.988
23.988
23.988
24.277
24.109
24.109
24.754
24.754
24.754
24.754
24.359
24.359
24.359
24.359
24.359
24.359
24.359
24.359
24.359
24.359
24.75
24.75
24.935
24.935
24.379
24.379
24.496
24.496
24.688
24.844
24.93
25.027
25.027
25.039
25.16
25.16
25.16
25.289
25.289
25.289
25.289
25.547
25.547
25.414
25.395
25.207
25.094
24.934
24.57
24.492
24.27
24.035
23.645
23.289
23.199
22.871
22.641
23.069
22.948
22.577
22.363
21.797
21.816
22.004
22.117
22.277
22.277
22.355
22.355
22.355
22.746
22.746
22.836
22.836
23.066
23.359
23.477
23.477
23.477
23.219
23.665
23.415
23.024
22.734
23.388
24.147
24.147
23.922
23.888
23.888
23.797
23.591
23.341
23.625
23.509
23.832
23.746
23.746
23.448
23.448
23.297
23.297
23.168
23.168
22.953
22.953
22.871
22.871
22.582
22.582
23.152
23.188
22.933
22.933
22.567
22.464
22.17
21.879
21.973
22.188
22.446
22.567
22.656
22.964
23.121
22.453
22.668
22.75
22.271
22.492
22.729
23.071
23.167
23.442
23.713
23.35
23.113
23.029
23.029
22.671
22.263
21.858
21.779
21.775
21.713
21.429
22.026
22.026
22.58
22.58
22.58
22.969
23.223
23.313
23.313
23.696
24.134
24.567
24.652
24.656
24.723
24.723
24.871
24.871
25.103
25.103
25.103
25.478
25.491
25.808
26.129
25.418
25.466
25.754
25.914
25.067
25.104
25.458
25.625
25.854
25.109
25.133
25.133
25.133
25.48
25.48
25.423
25.423
25.423
25.145
25.145
25.145
25.145
24.843
24.843
24.843
24.843
24.843
24.843
24.843
24.843
24.843
24.843
25.113
25.169
25.504
24.879
25.148
24.602
24.213
24.39
24.665
24.691
24.864
25.007
24.882
25.169
25.151
25.151
24.974
25.081
24.974
25.125
24.974
24.974
24.974
24.974
24.901
24.901
24.901
24.533
24.533
24.449
24.449
24.966
25.453
25.336
25.336
25.336
25.336
25.336
25.336
25.336
25.496
25.496
25.496
25.496
25.496
25.887
25.887
25.887
25.887
26.117
26.41
26.41
26.77
26.77
26.77
26.77
26.77
27
27.16
27.16
27.277
27.563
27.875
27.875
27.875
27.875
27.875
28.102
27.926
27.672
27.426
27.074
26.953
26.629
26.344
26.148
25.918
25.91
26.086
26.34
26.34
26.34
26.34
26.34
26.336
26.621
26.324
26.324
26.035
26.266
26.968
26.968
26.665
26.496
26.452
26.073
25.782
25.496
25.456
26.025
25.738
25.583
25.583
25.175
25.004
25.008
25.728
25.728
26.299
26.299
26.299
26.299
25.942
26.277
26.277
26.277
26.277
26.594
26.594
26.594
26.594
26.594
26.638
26.638
26.638
26.638
26.821
26.821
26.821
26.821
27.179
27.179
27.179
27.179
27.362
27.362
27.362
27.362
27.362
27.746
27.746
27.746
27.746
27.746
27.746
27.746
27.652
27.438
27.179
27.058
26.969
26.661
26.504
26.371
26.147
26.063
25.763
26.472
26.208
25.829
26.712
26.394
26.082
26.183
26.413
26.692
26.822
26.918
27.25
27.418
26.542
26.773
26.861
26.201
26.438
26.692
27.058
27.161
27.455
27.746
27.746
27.746
27.746
27.746
27.563
27.563
27.563
27.563
27.563
27.116
27.116
27.116
27.116
26.853
26.518
26.518
26.107
26.107
26.259
26.281
26.496
25.707
25.884
26.284
26.371
26.616
26.875
27.306
26.775
26.871
26.343
26.581
26.883
27.004
27.375
27.589
27.589
27.589
27.589
27.29
27.29
27.29
27.29
27.29
27.29
27.29
27.29
27.29
27.29
27.29
27.29
27.29
27.29
27.609
27.734
27.976
28.274
28.415
28.673
28.823
28.242
28.266
27.553
26.915
26.978
27.191
27.537
27.629
27.713
27.938
27.581
27.412
27.202
27.092
26.912
26.765
26.684
26.518
26.426
26.188
26.188
26.188
26.176
26.176
26.063
26.063
26.063
26.063
26.063
25.794
26.451
26.451
26.451
26.227
26.227
26.227
26.227
26.789
26.789
26.789
27.043
27.043
27.422
27.422
27.422
27.422
27.645
27.645
27.645
27.93
28.121
28.121
28.277
28.508
28.508
28.508
28.605
28.605
28.605
28.727
28.727
28.727
28.855
28.855
28.855
28.855
28.855
28.855
28.723
28.641
28.621
28.434
28.246
28.02
27.906
27.801
27.641
27.563
27.199
26.93
26.852
26.715
26.492
26.375
26.141
25.945
26.379
26.302
25.935
25.665
25.573
26.204
25.854
25.617
25.371
25.029
25.569
26.379
26.246
25.951
26.486
26.185
25.94
25.107
25.107
25.321
25.321
25.58
25.795
25.915
25.915
26.004
26.188
26.496
26.496
26.652
26.652
26.786
26.786
26.078
26.078
26.159
26.591
26.879
26.879
27.108
27.108
27.108
27.108
27.108
27.362
27.362
27.685
27.97
27.97
28.25
28.25
28.25
28.496
28.81
29.052
29.241
28.321
28.646
28.871
29.004
29.313
29.65
29.863
30.067
29.117
29.258
29.407
29.472
29.516
29.516
29.516
29.476
29.476
29.476
29.476
29.31
29.31
29.31
29.31
28.988
28.988
28.988
28.988
28.988
28.988
28.988
28.988
28.988
28.988
28.988
28.988
29.31
29.31
29.415
29.714
30.056
30.456
30.665
30.665
30.665
30.726
31.048
31.407
31.52
31.52
31.52
31.52
31.798
31.798
31.798
31.798
32.036
32.036
32.036
32.036
32.202
32.202
32.202
32.202
32.202
32.266
32.266
32.266
32.266
32.347
32.456
32.456
32.456
32.456
32.456
32.456
32.673
32.673
32.673
32.823
32.823
32.823
32.823
32.823
32.823
32.629
32.629
32.464
32.464
32.464
32.464
32.464
32.06
32.06
32.06
32.06
31.823
31.472
31.169
30.94
30.94
30.859
30.859
30.859
30.859
30.512
30.117
29.726
29.863
29.786
29.806
29.802
29.996
29.935
29.113
29.113
29.273
29.145
29.508
29.508
29.586
29.383
29.605
29.605
29.84
29.84
30.23
29.659
29.746
29.746
29.18
29.18
29.397
29.471
29.746
29.746
29.857
30.173
30.511
30.511
30.706
30.706
30.706
30.71
30.71
30.71
30.71
30.71
30.71
30.71
30.71
30.632
30.456
30.243
30.143
30.07
29.816
29.688
29.577
29.393
29.324
29.077
29.758
29.758
29.758
29.758
29.508
29.261
29.261
29.261
29.481
29.481
29.481
29.481
29.481
29.481
29.481
29.481
29.481
29.481
29.481
29.481
29.481
29.481
29.727
29.765
29.989
30.25
30.432
30.458
30.614
30.701
30.761
29.989
30.298
30.665
30.064
30.129
30.246
30.411
30.543
30.543
30.543
30.536
30.536
30.521
30.521
30.236
30.236
30.139
30.139
29.836
29.836
29.493
29.493
29.464
29.464
29.425
29.425
29.414
29.414
29.171
28.854
28.657
28.3
28.853
28.706
28.713
27.907
28.193
28.289
28.593
28.936
28.964
29.004
29.014
29.257
29.575
29.771
30.129
30.129
30.271
30.271
30.039
30.039
30.039
30.039
30.039
29.779
29.779
29.568
29.568
29.568
29.8
29.8
29.8
29.8
29.8
30.061
30.061
30.271
30.271
30.271
30.271
30.271
30.271
30.6
30.6
30.6
30.6
30.6
30.6
30.6
30.6
30.6
30.832
30.55
30.439
30.225
29.961
29.836
29.607
29.475
29.182
29.182
29.161
29.161
29.879
29.879
29.706
29.706
29.643
29.643
29.43
29.43
29.966
29.966
29.871
29.871
30.715
30.715
30.477
30.477
30.164
30.164
30.164
30.164
30.164
30.207
30.496
30.777
30.914
30.953
30.953
31.223
31.223
31.223
31.223
31.605
31.605
31.766
31.766
31.895
31.895
32.199
32.199
32.199
32.426
32.738
32.738
32.738
32.738
32.738
32.738
32.605
32.586
32.398
32.285
32.125
31.762
31.684
31.461
31.227
30.836
30.48
30.391
30.063
29.832
30.492
30.371
30
29.786
29.923
29.944
30.137
30.254
30.419
30.419
30.5
30.73
30.972
31.375
31.375
31.468
31.476
31.476
31.722
31.96
32.044
32.347
32.496
32.496
32.786
33.157
33.238
33.238
32.285
32.469
32.691
32.984
33.141
33.215
33.445
33.469
33.645
33.773
34.148
34.496
34.684
34.938
34.98
34.98
34.75
34.75
34.75
34.75
34.59
34.59
34.59
34.59
34.59
34.785
35.016
35.395
35.43
34.591
34.746
33.864
34.125
34.25
34.268
34.059
33.79
33.585
33.423
33.375
33.088
32.89
32.772
32.5
32.202
32.015
31.835
31.816
31.688
31.551
31.493
31.452
31.452
31.721
31.721
31.721
31.721
31.721
31.721
31.721
31.721
31.721
31.721
31.901
31.901
31.901
31.901
31.901
31.901
31.805
31.533
31.221
30.857
30.665
30.665
30.665
30.61
30.316
30.898
30.792
30.792
30.792
30.792
30.53
30.53
30.53
30.629
30
30.313
30.676
30.868
30.919
31.092
31.147
31.441
31.768
31.871
31.039
31.129
31.136
31.382
31.382
31.657
31.657
31.657
31.45
31.45
31.45
31.45
31.45
31.45
31.45
31.45
31.45
31.45
31.45
31.45
31.45
31.45
31.218
31.218
31.218
31.218
31.218
30.889
30.889
30.889
30.889
30.889
30.889
30.889
30.889
30.889
30.657
29.979
30.326
30.365
30.392
30.712
31.038
31.049
31.271
31.517
30.858
30.949
31.125
31.193
31.412
31.084
31.084
30.892
30.892
30.726
30.591
30.591
30.507
30.507
30.507
30.402
30.402
30.402
30.176
30.064
30.017
30.017
29.736
29.736
29.588
29.588
29.355
29.355
29.162
29.162
28.855
28.693
28.439
28.767
28.743
28.899
28.74
28.932
28.801
28.902
28.639
28.804
28.804
28.939
28.841
28.916
28.777
28.861
28.861
29.139
29.139
29.149
29.253
28.579
28.799
28.941
28.987
29.095
29.095
29.368
29.655
29.441
29.586
29.908
29.908
30.135
30.135
30.135
30.322
30.539
30.539
30.048
30.048
30.048
30.202
29.968
30.208
30.208
30.231
30.042
30.192
30.192
30.317
30.317
30.317
30.317
30.449
30.449
30.449
30.449
30.449
30.449
30.449
30.449
30.449
30.449
30.449
30.449
30.449
30.449
30.449
30.449
30.449
30.481
30.667
30.667
30.667
30.795
30.939
31.196
31.196
31.087
31.103
31.103
31.103
31.266
31.25
31.25
31.25
31.34
31.34
31.34
31.186
31.221
31.221
31.221
31.221
31.353
31.26
31.34
31.34
31.34
31.208
31.337
31.513
31.833
31.833
32.071
32.071
32.135
32.135
32.135
32.135
32.17
32.17
32.17
32.17
32.106
32.337
32.337
32.337
32.494
32.311
32.311
32.311
32.619
32.676
32.484
32.484
32.484
32.676
32.676
32.804
32.804
32.484
32.484
32.484
32.705
32.705
32.631
32.631
32.631
32.635
32.635
32.635
32.635
32.635
32.635
32.446
32.446
32.446
32.446
32.205
32.205
32.205
32.205
32.205
31.91
31.91
31.782
31.721
31.532
31.513
31.369
31.263
30.955
30.67
30.516
30.308
30.272
30.401
30.462
30.651
30.67
30.044
30.147
30.447
30.725
30.875
31.078
31.113
31.063
31.063
31.063
31.063
31
30.916
30.916
30.916
30.916
30.916
30.916
30.747
30.747
30.747
30.631
30.631
30.631
30.631
30.681
30.681
30.681
30.803
30.866
30.95
30.95
30.95
31.144
31.144
31.144
31.313
31.413
31.413
31.413
31.7
31.7
31.7
31.738
31.838
32.063
32.063
32.063
32.063
32.063
32.063
32.266
32.266
32.266
32.266
32.266
32.266
32.447
32.447
32.447
32.447
32.447
32.241
32.006
32.006
32.006
32.006
32.006
32.006
32.006
32.006
31.981
31.981
31.978
31.978
31.978
31.978
31.744
31.744
31.744
31.522
31.522
31.522
31.366
31.181
30.878
30.85
30.656
30.528
30.409
30.188
30.081
30.066
30.222
30.406
30.709
30.738
30.177
30.302
29.693
29.905
30.006
30.021
29.771
29.762
29.551
29.336
29.205
29.173
28.973
28.863
28.714
28.702
28.405
28.378
28.345
28.777
28.753
28.631
28.351
28.888
28.594
28.525
28.516
29.228
29.022
29.022
29.553
29.553
29.365
29.082
28.993
28.822
28.757
29.033
29.598
29.608
29.848
30.091
30.091
30.091
30.091
30.128
30.166
30.392
30.392
30.517
30.517
30.517
30.517
30.547
30.547
30.834
30.834
30.97
30.97
31.155
31.155
31.155
31.155
31.155
31.155
31.155
31.155
31.155
31.375
31.666
31.628
31.385
31.351
31.118
31.118
30.787
30.649
30.537
30.274
30.274
30.003
30.003
30.003
30.041
30.041
30.284
30.145
30.179
30.179
30.412
30.412
30.615
30.615
30.946
30.946
31.084
30.794
30.905
30.905
31.169
31.169
31.436
31.436
31.706
31.706
31.757
31.757
31.757
31.757
31.824
31.963
32.179
32.179
32.351
32.608
32.899
32.936
32.936
32.936
32.936
32.936
32.936
32.936
32.936
32.936
32.936
32.936
32.936
32.993
32.993
32.993
32.993
32.993
32.993
32.986
33.182
33.436
33.645
33.645
33.645
33.645
33.645
33.375
33.375
33.375
33.375
33.375
33.375
33.375
33.22
33.22
33.395
33.395
33.213
33.213
33.24
33.155
33.155
33.155
32.909
32.909
32.909
32.909
32.909
33.047
33.382
33.382
33.098
33.223
33.223
33.223
33.463
33.463
33.463
33.463
33.142
33.236
33.503
33.598
33.341
33.341
33.662
33.659
33.976
33.916
33.78
33.716
33.517
33.497
33.345
33.233
32.909
32.608
32.446
32.226
32.189
32.324
32.389
32.588
32.608
32.76
32.872
33.196
33.497
33.659
33.878
33.916
33.916
33.916
33.848
33.848
33.557
33.557
33.557
33.557
33.554
33.554
33.554
33.554
33.554
33.554
33.554
33.554
33.865
34.166
34.233
34.321
34.443
34.726
34.916
35.125
35.311
35.426
35.5
35.5
35.534
35.868
36.105
36.142
36.189
36.189
36.189
36.182
35.976
35.905
35.78
35.537
35.47
35.395
35.236
35.044
34.791
33.882
34.082
34.151
34.273
34.51
34.576
33.76
33.91
33.827
34.01
33.772
34.013
33.74
33.423
33.256
33.212
33.061
33.061
33.013
32.779
32.522
32.522
32.237
32.237
32.237
32.147
32.147
32.147
32.077
32.077
32.077
31.997
31.76
31.76
31.753
31.641
31.641
31.42
31.42
31.42
31.42
31.42
31.42
31.173
31.173
31.173
31.173
31.016
31.016
31.016
31.099
31.099
31.099
31.337
31.337
31.337
31.609
31.423
31.423
31.74
31.74
31.74
31.907
31.907
31.952
31.952
32.103
32.103
32.285
32.333
32.567
32.824
33.003
33.288
33.542
33.683
33.772
33.872
33.913
33.984
33.984
34.234
34.314
34.314
34.487
34.487
34.599
34.702
34.702
34.907
35.144
35.144
35.144
35.404
35.404
35.404
35.567
35.567
35.724
35.724
35.74
35.74
35.853
35.853
35.971
36.157
36.208
36.208
36.244
36.244
36.244
36.439
36.439
36.542
36.721
36.721
36.721
36.721
36.721
36.721
36.721
36.721
36.721
36.721
36.721
36.84
36.696
36.679
36.679
36.679
36.679
36.551
36.516
36.285
36.285
36.285
36.285
36.285
36.285
36.25
36.25
36.25
36.25
36.25
36.25
36.25
36.25
36.25
36.25
36.25
36.25
36.378
36.378
36.413
36.413
36.413
36.413
36.413
36.413
36.413
36.205
36.205
36.205
36.205
36.205
36.205
36.205
36.205
36.205
36.205
36.205
36.205
36.205
36.205
36.205
36.413
36.375
36.272
36.042
36.042
36.042
36.042
36.042
36.042
35.833
35.833
35.833
35.833
35.833
35.833
35.647
35.647
35.647
35.647
35.647
35.686
35.788
36.019
36.051
36.051
36.17
36.17
36.218
36.426
36.426
36.426
36.426
36.426
36.426
36.612
36.612
36.612
36.612
36.612
36.452
36.263
35.952
35.923
35.724
35.593
36.405
37.149
37.034
37.017
37.017
37.216
37.216
37.216
37.216
37.216
37.216
37.216
37.216
37.216
37.081
37.017
36.818
36.797
36.645
36.534
36.209
35.909
35.747
35.527
35.49
35.49
35.49
35.689
35.689
35.689
35.801
35.801
35.801
35.801
36.02
36.02
36.189
36.412
35.579
35.806
35.176
35.276
34.678
34.991
35.213
35.472
35.684
35.65
35.425
35.394
35.178
34.991
34.684
34.556
34.453
34.209
33.963
33.713
33.666
33.616
33.616
33.616
33.494
33.431
33.347
33.347
33.347
33.153
33.153
33.153
32.984
32.884
32.884
32.884
32.597
32.597
32.597
32.647
32.647
32.647
32.769
32.831
32.916
32.916
32.916
33.109
33.109
33.109
33.278
33.378
33.466
33.581
33.869
34.084
34.084
34.084
34.084
34.084
34.084
34.084
34.084
34.084
34.084
34.084
34.084
34.084
34.084
34.084
33.881
33.881
34.194
34.228
34.253
34.541
34.834
34.834
35.034
35.256
35.256
35.341
35.503
35.566
35.769
35.769
36.019
36.306
36.497
36.497
36.497
36.497
36.497
36.6
36.6
36.6
36.6
36.709
36.709
36.709
36.863
36.863
36.863
36.863
36.559
36.416
36.238
36.144
35.991
35.866
35.797
35.719
35.463
35.453
35.356
35.266
35.131
35.028
34.756
34.45
34.45
34.244
34.244
34.244
34.244
34.059
34.059
34.059
33.956
33.956
33.956
33.956
33.753
33.753
33.913
34.038
34.275
34.334
34.334
34.519
34.519
34.538
34.75
34.891
34.891
34.994
35.294
35.594
35.666
35.944
35.95
36.1
36.1
36.303
36.494
36.528
36.528
36.763
36.931
36.931
37.103
37.166
37.35
37.35
37.25
37.075
37.075
37.075
37.075
37.075
37.075
37.075
37.075
37.075
37.075
37.075
36.959
36.959
37.059
37.234
37.234
37.234
37.266
37.266
37.266
37.266
37.266
37.266
37.266
37.266
37.266
37.266
37.266
37.266
37.266
37.266
37.141
37.106
37.106
37.106
37.106
37.106
37.106
37.122
37.122
37.122
37.122
37.247
37.247
37.247
37.247
37.247
37.247
37.247
37.063
37.063
37.063
37.063
37.063
37.063
37.063
37.063
37.063
37.219
37.403
37.706
37.734
37.928
38.056
38.056
38.278
38.384
38.384
38.347
38.247
38.022
37.991
37.991
37.875
37.875
37.828
37.625
37.625
37.625
37.625
37.625
37.625
37.444
37.444
37.444
37.444
37.444
37.481
37.581
37.581
37.5
37.531
37.3
37.3
37.034
37.15
36.841
36.841
36.678
36.678
36.634
36.838
36.691
36.691
36.644
36.644
36.394
36.394
36.116
36.116
36.028
36.028
35.959
36.141
36.063
36.063
36.063
36.063
36.063
36.063
36.063
36.063
36.063
36.144
36.375
36.641
36.95
37.113
37.156
37.303
36.439
36.683
36.954
37.04
37.107
37.183
37.189
37.399
36.75
36.979
37.077
37.277
37.551
37.661
37.661
37.824
37.884
37.884
37.884
37.884
37.884
37.908
37.908
37.938
37.938
37.768
37.768
37.551
37.551
37.384
37.253
37.214
36.982
36.821
36.726
36.506
36.265
36.113
35.967
35.952
35.848
35.738
35.69
35.658
35.827
36.045
36.211
36.342
36.342
36.574
36.735
36.83
37.051
37.051
37.202
37.348
37.348
37.452
37.563
37.563
37.595
37.595
37.298
37.265
37.241
36.967
36.688
36.688
36.497
36.286
36.286
36.205
36.051
35.991
36.671
36.671
36.976
36.97
36.97
36.784
36.808
36.744
36.744
36.631
36.631
36.412
36.412
36.351
36.351
36.284
36.284
36.14
36.14
35.966
35.966
35.738
35.738
35.738
35.936
35.942
36.128
36.192
36.305
36.524
36.585
36.652
36.796
36.97
37.198
36.918
36.646
36.585
36.506
36.396
36.14
35.97
35.78
35.613
35.509
35.442
35.442
35.412
35.11
34.896
34.863
34.82
34.82
34.82
34.82
34.82
34.82
34.82
34.82
34.82
34.82
34.82
34.82
34.82
34.82
34.82
34.82
34.82
34.82
34.82
34.82
34.82
34.82
34.579
34.485
34.485
34.485
35.238
35.038
35.038
35.038
35.038
35.038
35.038
35.038
34.856
34.856
34.856
34.856
34.666
34.666
34.666
34.666
34.481
34.356
34.228
34.169
34.169
33.984
33.891
33.872
33.644
34.362
34.106
34
34
33.692
33.692
33.407
33.407
33.253
33.253
33.914
33.724
33.688
33.819
33.882
34.076
34.095
34.243
34.352
34.668
34.961
35.118
35.332
35.368
35.368
35.039
35.039
35.013
35.013
35.013
35.013
35.013
35.013
35.013
35.013
35.013
35.013
34.799
34.799
35.128
35.128
35.155
35.457
35.457
35.457
35.457
35.457
35.457
35.546
35.546
35.493
35.493
35.493
35.707
35.707
35.579
35.513
35.424
35.424
35.424
35.22
35.22
35
35
34.954
34.776
34.503
34.398
34.253
34.161
33.934
33.813
33.625
33.322
33.023
32.796
32.638
32.638
32.391
32.368
32.204
32.049
31.855
31.908
31.78
31.461
31.599
31.599
31.569
31.734
31.734
32.382
32.514
32.514
32.375
32.443
32.304
32.304
32.395
32.395
32.155
31.329
31.329
31.217
31.424
31.424
31.628
31.697
31.697
31.862
32.039
32.234
32.339
32.658
32.75
32.78
32.901
33.105
33.408
33.543
33.77
33.895
34.184
34.418
34.53
34.546
34.546
34.441
34.257
34.257
34.257
34.224
34.224
34.224
34.224
34.224
34.224
34.224
34.224
34.224
34.224
34.329
34.513
34.533
34.648
34.681
34.681
34.822
34.822
34.822
35.053
35.053
35.053
35.329
35.313
35.434
35.434
35.434
35.434
35.303
35.303
35.303
35.303
35.303
35.303
35.303
35.303
35.303
35.303
35.303
35.303
35.303
35.303
35.303
35.303
35.303
35.263
35.158
35.158
35.125
35.125
35.003
35.003
35.003
34.789
34.789
34.789
34.789
34.789
34.789
34.599
34.599
34.599
34.599
34.599
34.638
34.743
34.98
35.013
35.013
35.135
35.135
35.184
35.398
35.398
35.398
35.398
35.398
35.398
35.589
35.589
35.589
35.589
35.589
35.908
36.214
35.304
35.551
34.775
34.894
35.047
35.069
35.297
35.438
34.713
34.591
34.534
34.354
34.335
34.198
34.098
33.805
33.534
33.387
33.189
33.155
33.277
33.277
33.457
33.357
33.357
33.152
33.152
32.872
32.973
32.86
33.152
33.152
33.424
33.256
33.256
33.195
33.393
33.393
33.393
33.393
33.393
33.393
33.369
33.369
33.338
33.338
33.338
33.338
33.439
33.439
33.72
33.72
33.72
33.887
33.948
33.948
33.948
33.948
33.948
33.948
33.948
33.948
33.948
33.948
33.948
33.942
33.93
33.686
33.604
33.345
33.052
33.027
32.994
32.985
32.777
33.319
33.147
32.834
32.834
32.709
32.628
32.397
32.131
31.822
31.659
31.616
31.469
31.422
31.172
31.686
31.596
31.526
31.446
31.439
32.039
31.773
31.52
31.52
31.52
31.52
31.52
31.52
31.52
31.52
31.52
31.783
31.783
31.783
31.783
31.783
31.783
31.783
31.783
31.783
31.783
31.717
31.582
31.372
31.372
31.204
30.954
30.671
30.635
30.635
30.635
30.635
30.635
30.635
30.635
30.306
30.306
30.28
29.977
29.977
29.977
29.977
29.977
29.977
30.696
30.696
30.696
30.476
30.476
30.814
30.851
30.878
31.189
31.189
31.189
31.405
31.645
31.645
31.453
31.544
31.297
31.297
31.108
31.108
30.959
31.179
31.179
30.916
30.733
30.625
30.375
30.375
30.203
30.037
30.037
30.75
31.496
31.496
31.457
30.628
30.948
31.059
31.365
31.365
31.365
31.549
31.698
31.976
32.014
32.049
32.049
32.052
32.052
32.052
32.288
32.288
32.427
32.427
32.42
32.208
32.135
32.007
31.757
31.688
31.611
31.448
31.25
30.99
30.99
31.288
31.493
31.493
31.493
31.705
31.705
31.705
31.705
31.705
31.705
31.705
31.705
31.705
31.705
31.705
31.705
31.705
31.705
31.705
31.705
31.965
31.965
31.965
32.191
32.191
32.191
32.104
32.104
32.035
31.861
31.656
32.214
32.182
32.039
31.818
31.818
31.671
31.461
31.325
31.325
31.985
31.985
31.86
31.739
31.721
31.368
31.04
31.04
31.04
30.801
31.018
31.018
31.018
31.018
31.018
31.165
31.316
31.316
31.316
31.533
31.794
31.794
31.794
31.794
31.794
31.915
31.915
32.243
32.243
32.482
32.522
32.522
32.522
32.522
32.522
32.522
32.522
32.522
32.522
32.522
32.522
32.522
32.522
32.522
32.228
32.228
32.228
32.228
32.228
32.228
32.228
32.228
32.228
32.228
32.228
32.228
32.228
32.228
32.566
32.893
32.967
33.063
33.195
32.546
32.746
32.968
33.164
33.286
33.364
33.364
32.59
32.625
32.969
33.212
33.25
33.299
33.556
32.963
33.051
33.051
33.051
33.169
33.169
33.169
33.169
32.885
33.139
33.128
33.466
34.149
34.149
33.899
33.899
33.899
33.899
33.861
33.861
33.861
33.861
33.628
33.628
33.5
33.5
33.5
33.5
33.597
33.566
33.219
33.219
33.864
33.864
34.713
34.511
34.511
34.511
34.511
34.511
34.735
34.419
34.419
34.419
34.555
34.555
34.647
34.426
34.426
34.426
34.518
34.794
34.794
34.794
34.912
34.912
35.118
35.118
35.118
35.118
35.118
35.118
34.915
34.915
34.915
34.915
34.643
34.938
34.938
35.114
35.114
35.114
35.114
35.114
35.114
35.32
35.32
35.32
35.32
35.625
35.886
36.246
36.603
36.945
36.945
36.945
36.945
36.945
37.103
37.301
37.184
37.184
36.396
36.396
36.632
36.982
36.982
36.982
36.782
36.782
36.95
36.95
36.95
37.207
37.207
37.207
37.207
37.186
37.186
37.254
37.254
37.611
37.264
37.264
37.264
37.139
37.139
37.146
37.146
36.814
36.893
36.911
36.875
36.875
37.132
37.132
37.389
37.368
37.636
37.636
37.636
36.642
36.642
36.375
36.535
36.538
36.389
36.389
36.486
36.549
36.424
36.604
36.604
36.604
36.726
36.958
37.16
37.16
37.16
37.16
37.028
37.028
37.306
37.306
37.306
37.264
37.264
37.094
37.094
37.253
37.253
37.253
37.253
37.01
37.01
36.899
36.899
37.094
37.094
37.094
37.069
37.069
36.819
36.566
36.757
36.757
36.764
36.764
36.764
36.764
36.472
36.438
36.281
36.431
36.302
36.458
36.458
36.299
36.299
36.17
36.135
36.135
36.135
35.931
35.931
35.931
35.878
36.215
35.976
35.976
35.976
35.75
35.75
35.583
35.583
35.722
35.722
35.722
35.698
35.698
35.736
35.736
35.736
35.594
35.594
35.594
35.594
35.594
35.514
35.549
35.549
35.549
35.549
35.493
35.493
35.493
35.493
35.663
35.538
35.538
35.538
35.337
35.337
35.045
35.045
35.045
35.299
34.951
34.951
34.951
34.951
34.684
34.684
34.684
34.684
34.622
34.622
34.622
34.507
34.507
34.347
34.347
34.219
34.26
34.26
34.26
34.26
34.295
34.295
34.295
34.295
34.295
34.521
34.521
34.521
34.521
34.521
34.521
34.521
34.722
34.722
34.722
34.722
34.722
34.722
34.583
34.892
34.892
34.892
35.191
35.191
35.191
35.191
35.191
35.191
35.191
34.844
34.806
34.778
34.458
34.458
34.458
34.236
33.99
33.99
33.896
33.896
33.896
33.67
33.844
34.191
34.229
34.257
34.576
33.959
33.959
33.97
34.186
34.426
34.618
34.709
34.885
34.953
35.172
35.172
35.395
35.581
35.581
35.581
35.446
35.334
35.334
35.024
35.024
35.024
34.838
34.838
34.77
34.77
34.77
34.77
34.446
34.446
34.446
34.446
34.446
34.747
34.747
34.747
35.034
35.034
35.034
35.034
35.034
35.145
35.372
35.682
35.807
36.084
36.27
36.338
36.392
36.686
36.791
37.064
37.091
37.402
37.402
37.436
37.436
37.53
37.53
37.53
37.655
37.655
37.655
37.611
37.301
37.193
36.895
36.895
36.895
36.716
36.571
36.301
36.264
36.23
36.416
36.416
36.412
36.412
36.412
36.412
36.182
36.182
36.047
36.047
36.047
36.358
36.466
36.787
36.787
36.949
36.949
37.274
37.274
37.578
37.578
37.601
37.601
37.797
38.068
38.169
38.206
37.47
37.47
37.724
37.724
37.773
37.773
37.888
37.888
38.072
38.072
38.072
38.072
38.072
38.072
38.072
37.789
37.595
37.595
37.595
37.595
37.595
37.595
37.595
37.595
37.595
37.595
37.595
37.595
37.543
37.329
38.196
38.027
37.895
37.895
37.828
38.118
38.027
38.226
38.422
38.402
38.402
38.402
38.189
38.189
37.98
37.98
37.909
37.909
37.909
37.909
37.909
37.726
37.726
37.618
37.618
37.524
37.524
38.438
38.438
38.118
38.118
38.961
38.961
38.646
38.879
38.936
38.936
38.936
38.936
39.075
39.146
39.146
39.146
39.146
39.146
39.146
39.146
39.339
39.339
39.439
39.439
39.768
39.768
39.768
39.768
39.768
39.582
39.439
39.439
39.464
39.254
39.254
39.254
39.593
39.593
39.593
39.554
39.436
39.436
39.436
39.607
39.289
39.607
39.607
39.668
39.436
39.436
39.396
39.396
39.739
39.739
39.911
40.143
40.286
40.286
40.286
40.286
40.25
40.25
40.25
40.043
40.043
40.043
40.35
40.35
40.104
40.1
40
40
40.186
40.186
40.186
40.004
39.975
39.975
39.639
39.764
39.764
39.764
39.764
39.764
39.764
39.807
40.161
40.014
40.014
40.2
40.054
40.054
40.186
40.186
40.186
40.186
40.186
40.186
40.121
40.45
40.45
40.275
40.275
40.582
40.582
40.586
40.836
40.836
40.954
40.954
40.614
40.614
40.614
40.614
40.614
40.614
40.404
40.682
40.682
40.682
40.682
40.682
40.536
40.536
40.536
40.282
40.282
40.282
40.282
40.396
40.575
40.786
40.786
41.132
41.164
41.164
41.386
41.532
41.668
41.668
41.921
42.043
42.043
42.061
42.061
42.061
42.061
42
42
42
42
42
41.714
41.714
41.714
41.714
41.714
41.714
41.714
41.714
41.714
41.714
41.714
41.714
41.857
41.857
41.857
41.857
42.118
42.118
42.118
42.018
42.264
42.264
42.264
42.086
41.729
41.689
41.661
41.332
40.996
40.986
40.757
40.504
40.3
40.204
41.195
41.121
40.882
40.882
41.081
41.081
41.081
41.081
41.081
41.118
41.239
41.239
41.239
41.239
41.239
41.239
41.239
40.949
40.949
40.949
41.096
41.096
41.096
41.412
41.412
41.412
41.412
41.412
41.474
41.474
41.474
41.474
41.596
41.596
41.596
41.279
41.063
41.063
41.063
41.063
41.063
41.063
41.063
41.063
41.063
41.063
41.063
41.063
40.824
40.824
41.14
41.357
41.357
41.357
41.357
41.357
41.357
41.018
41.018
40.901
40.901
40.901
40.901
40.901
40.901
40.901
40.901
40.901
40.901
40.901
40.901
40.901
40.945
40.651
40.89
40.849
40.849
41.066
41.066
40.79
40.79
40.79
40.79
40.79
40.971
40.971
40.971
41.309
41.309
41.309
41.309
41.647
41.765
42.088
42.088
42.088
42.088
42.088
42.088
42.382
42.423
42.46
42.46
42.46
42.46
42.46
42.46
42.46
42.607
42.607
42.607
42.607
42.607
42.607
42.607
42.607
42.824
42.824
42.824
42.824
42.824
42.824
42.824
42.467
42.467
42.467
42.467
42.467
42.603
42.603
42.603
42.603
42.879
43.118
43.118
43.118
43.118
43.118
43.118
43.118
43.118
43.118
43.118
43.118
43.298
43.298
43.511
43.511
43.511
43.511
43.511
43.511
43.331
43.331
43.331
43.331
43.331
43.331
43.063
43.063
43.063
43.063
43.419
43.761
42.532
42.807
41.743
41.743
41.875
41.875
42.045
42.069
42.069
42.323
42.479
41.486
41.166
41.003
40.679
40.375
40.351
40.351
40.155
40.054
39.777
39.517
39.466
39.348
40.247
40.247
40.413
40.372
40.372
40.372
40.372
40.372
40.372
40.337
40.538
40.538
40.538
40.538
40.538
40.538
40.538
40.538
40.538
40.313
40.434
40.434
40.628
40.628
40.628
40.628
40.628
40.427
40.427
40.427
40.427
40.427
40.427
40.427
40.083
40.125
40.236
40.486
40.521
40.667
40.795
39.953
40.003
40.223
39.309
38.567
38.587
38.657
38.917
39.103
39.103
39.147
39.253
39.253
39.163
39.285
39.141
39.141
39.141
39.141
39.141
39.013
38.978
38.978
38.978
38.978
38.978
39.237
39.535
39.535
39.679
39.846
39.862
40.096
40.096
40.096
40.167
40.481
40.481
40.574
40.702
40.974
41.01
41.224
41.455
41.455
41.455
41.635
41.846
41.846
41.846
41.846
41.846
41.846
41.846
41.846
41.846
41.846
41.846
41.846
41.846
41.846
41.846
41.814
41.814
41.814
41.814
41.814
41.814
41.814
41.814
41.814
41.814
41.814
41.814
41.814
41.814
41.814
41.814
41.814
41.814
41.814
41.814
41.837
41.837
41.837
42.09
42.09
42.192
42.349
42.349
42.529
42.715
42.821
42.821
42.923
42.923
43.035
43.349
43.381
43.442
43.442
43.442
43.58
43.67
43.67
43.91
43.91
43.936
43.936
43.936
43.936
43.936
43.936
44.054
44.054
44.054
44.054
44.375
44.375
44.375
44.375
44.375
44.189
44.51
44.51
44.51
44.51
44.51
44.51
44.51
44.314
44.314
44.314
44.442
44.442
44.442
44.442
44.442
44.442
44.442
44.324
44.324
44.083
44.083
44.279
44.279
44.279
44.051
43.785
43.558
43.42
43.42
43.173
43.022
44.092
44.086
43.849
44.983
44.889
44.889
45.128
45.128
45.128
45.128
45.128
45.128
45.128
45.128
45.223
45.223
45.223
45.25
45.25
45.25
45.139
44.912
44.601
44.476
44.199
44.014
43.946
43.892
43.598
43.598
43.598
43.493
43.22
43.22
43.473
43.446
43.446
43.446
43.412
43.412
43.412
43.412
43.412
43.412
43.412
43.412
43.412
43.412
43.412
43.412
43.412
43.412
43.412
43.412
43.412
43.412
43.412
43.412
43.412
43.412
43.412
43.412
43.412
43.203
43.287
43.365
43.365
43.365
43.456
43.456
43.456
43.456
43.456
43.456
43.497
43.497
43.497
43.186
43.186
43.186
43.186
43.186
43.486
43.186
43.186
43.497
43.497
43.534
43.534
43.534
43.466
43.466
43.534
43.534
43.446
43.736
43.736
43.736
43.861
43.861
43.74
43.986
44.125
44.22
43.936
44.247
44.483
44.5
44.787
44.787
44.787
44.824
44.892
44.703
44.703
44.493
44.493
44.517
44.517
44.551
44.74
44.74
44.554
44.75
44.834
44.834
44.834
44.875
44.875
44.875
44.76
44.76
44.76
44.76
44.686
44.824
45.03
45.03
45.25
45.412
45.446
45.446
45.642
45.642
45.841
45.693
45.889
45.99
46.277
46.311
46.615
46.581
46.757
46.953
47.159
46.824
46.861
47.051
47.051
47.24
47.24
47.003
47.003
46.966
46.919
47.03
46.78
47.118
46.804
47.115
47.416
47.416
47.416
47.416
47.416
47.416
47.416
47.416
47.416
47.416
47.416
47.416
47.416
47.416
47.416
47.416
47.416
47.416
47.416
47.125
46.926
46.926
46.926
46.926
46.926
46.926
46.926
46.743
46.743
46.743
46.743
46.743
46.743
46.743
46.743
46.709
46.709
46.709
46.49
46.49
46.49
46.49
46.682
46.682
46.973
46.973
47.172
47.037
47.044
47.044
45.924
45.924
44.888
44.612
44.849
45.029
44.194
44.194
44.5
44.5
44.753
44.753
44.806
44.806
44.934
44.934
45.228
45.228
45.431
45.431
45.431
45.431
45.431
45.431
45.556
45.4
45.416
45.231
45.231
44.928
45.197
45.169
44.975
44.847
44.728
44.506
44.4
44.384
44.384
44.569
44.569
44.569
44.569
44.569
44.569
44.569
44.569
44.569
44.488
44.488
44.488
44.378
44.378
44.378
44.091
44.091
43.991
43.991
43.716
43.481
43.481
43.169
43.169
43.169
43.169
43.169
43.169
43.169
42.919
42.919
42.884
42.884
42.853
42.853
42.853
42.766
42.766
42.766
42.766
42.766
42.766
42.766
42.766
42.847
42.722
42.909
42.909
43.172
43.281
42.479
42.479
42.774
42.774
42.933
42.933
43.162
43.162
43.466
43.466
43.543
43.543
43.61
43.61
42.83
42.83
42.863
43.101
43.259
43.259
43.28
43.28
43.363
43.363
43.452
43.452
43.461
43.461
43.461
43.461
43.461
43.461
43.461
43.414
43.414
43.414
43.298
43.238
43.238
43.238
43.238
43.238
43.238
43.238
43.077
43.077
42.994
42.994
42.72
42.72
42.72
42.72
42.72
42.72
42.72
42.78
42.86
42.86
42.86
42.86
42.86
42.86
43.021
43.021
43.104
43.104
43.378
43.378
43.378
43.235
43.235
43.235
43.235
43.235
43.063
43.063
43.063
43.063
43.063
42.958
42.792
42.792
42.792
42.792
42.792
42.792
42.964
42.964
42.964
42.964
42.964
42.964
42.964
42.964
42.964
42.964
42.964
42.964
42.964
42.964
42.964
42.964
42.964
42.964
42.964
42.964
42.964
42.964
42.964
42.964
42.964
42.964
42.964
42.964
42.964
42.964
42.676
42.676
42.676
42.756
42.756
42.902
42.902
42.902
42.902
42.902
42.902
42.625
42.625
42.777
42.759
42.661
42.827
43.092
42.863
42.92
42.92
43.021
43.021
43.021
43.259
43.497
43.527
43.717
43.61
43.619
43.619
43.619
43.619
43.619
43.619
43.506
43.506
43.36
43.649
43.735
43.714
43.759
43.81
43.863
43.646
43.693
43.869
44.051
44.051
43.917
44.155
44.018
44.018
44.018
44.018
44.307
44.47
43.706
43.706
43.724
43.727
43.727
43.727
43.727
43.727
43.727
43.727
43.869
43.869
43.869
43.869
44.081
44.081
44.081
44.11
44.11
44.11
44.11
44.076
43.983
43.773
43.744
43.622
43.515
43.291
43.247
43.058
42.93
42.689
42.672
42.608
42.372
42.203
42.203
43.167
43.167
44.104
44.32
44.561
44.784
44.979
45.125
45.369
45.671
45.677
45.677
45.677
45.54
45.524
45.524
45.457
45.457
45.335
45.302
45.082
45.082
44.881
44.881
44.707
44.445
44.265
44.259
44.149
44.015
43.79
43.619
43.335
43.037
42.79
42.738
42.613
42.326
43.181
43.359
43.628
43.813
43.819
43.931
43.931
44.163
44.338
44.628
44.934
44.934
44.988
45.116
45.116
45.319
45.319
45.219
45.044
45.044
44.934
44.903
44.903
45.917
45.917
45.917
45.917
45.981
45.981
46.013
46.087
46.087
46.199
46.199
46.417
46.417
46.417
46.548
46.548
46.833
46.833
46.833
46.833
46.673
46.833
46.865
46.865
46.865
46.865
46.865
46.747
46.747
46.535
46.535
46.535
46.535
46.731
46.731
46.609
46.654
46.433
46.587
46.587
46.663
46.939
46.651
46.715
46.869
47.099
47.285
47.388
47.288
47.288
47.288
47.468
47.176
47.237
47.471
47.471
47.574
47.878
47.897
47.897
47.577
47.577
47.798
47.91
47.683
47.801
48.112
48.144
47.878
47.994
47.776
47.913
48.186
47.159
47.159
47.378
47.584
47.728
47.847
48.109
48.325
48.441
48.722
48.819
48.819
49.131
49.353
49.353
49.353
49.353
49.353
49.353
49.353
49.353
49.353
49.353
49.353
49.353
49.353
49.353
49.228
49.213
49.213
48.944
49.113
49.259
49.259
49.259
49.291
49.291
49.291
49.291
49.291
49.291
49.291
49.416
49.416
49.416
49.416
49.684
49.684
49.684
49.684
49.684
49.684
49.684
49.684
49.684
49.684
49.684
49.684
49.684
49.684
49.684
49.684
49.684
49.788
49.997
50.284
50.4
50.656
50.828
50.891
50.891
50.941
50.941
51.213
51.213
51.309
51.309
51.563
51.563
51.588
51.588
51.588
51.588
51.619
51.619
51.619
51.369
51.369
51.369
51.369
51.369
51.369
51.369
51.369
51.369
51.369
51.369
51.369
51.369
51.369
51.656
51.656
51.656
51.656
51.656
51.656
51.656
51.906
51.941
51.972
51.972
51.972
51.972
51.972
51.972
51.972
52.097
52.097
52.097
51.875
51.875
51.875
51.875
51.875
51.875
51.875
51.875
51.788
51.788
52.009
52.009
52.009
52.009
51.825
51.825
51.825
51.825
51.825
51.825
51.825
52.05
52.05
52.097
52.097
52.184
52.184
52.184
52.184
51.931
51.641
51.641
51.478
51.25
51.25
50.944
50.853
50.588
50.631
51.715
51.91
51.91
51.91
51.731
51.731
51.731
51.731
51.731
51.731
51.731
51.731
51.731
51.92
51.92
51.92
51.92
52.144
52.144
52.144
52.144
51.888
51.888
51.962
51.667
51.667
51.471
51.705
51.705
51.705
51.705
51.705
51.705
51.705
51.705
51.705
51.599
51.599
51.599
51.599
51.599
51.779
51.779
51.779
51.667
51.667
51.667
51.667
51.667
51.667
51.51
51.51
51.51
51.51
51.609
51.865
52.16
52.356
52.417
52.609
51.547
50.354
50.454
50.704
50.726
50.863
50.97
51.024
51.22
51.369
51.57
50.36
50.497
50.476
50.241
50.095
49.923
49.827
49.536
49.479
49.479
49.396
49.173
49.149
49.149
49.149
49.149
49.149
49.149
49.149
49.149
49.295
49.295
49.467
49.467
49.563
49.39
49.39
49.39
49.39
49.39
49.39
49.39
49.39
49.39
49.613
49.613
49.613
49.613
49.613
49.613
49.896
50.039
50.324
50.324
50.324
50.497
50.586
50.586
50.586
50.586
50.586
50.753
51.045
51.199
50.262
50.276
50.398
50.625
50.625
50.625
50.628
50.628
50.727
50.939
50.733
50.503
50.291
50.105
49.965
49.733
49.445
49.439
49.439
49.439
49.645
49.875
50.087
50.273
50.413
50.645
50.933
50.939
50.939
50.939
50.939
51.035
50.887
51.154
50.933
50.933
50.933
50.933
50.933
50.933
50.651
50.453
50.453
50.401
50.401
50.634
50.456
50.177
50.177
49.945
49.878
49.91
49.91
49.904
49.904
49.904
49.904
49.904
49.904
49.727
49.727
49.567
49.567
49.73
49.73
49.512
49.512
49.509
49.788
49.631
49.631
49.631
49.75
49.75
49.75
49.75
49.75
49.59
49.59
49.59
49.765
49.706
49.706
49.706
49.535
49.535
49.535
49.535
49.765
49.599
49.57
49.57
49.718
49.468
49.468
49.468
49.468
49.297
49.297
49.297
49.297
49.291
49.291
49.291
49.186
49.186
49.186
49.186
49.186
49.186
49.186
48.971
48.971
49.02
49.02
48.858
48.858
48.858
48.587
48.82
48.82
48.535
48.535
48.535
48.535
48.535
48.712
48.663
48.663
48.663
48.544
48.703
48.922
48.922
48.922
49.078
48.89
48.89
48.89
48.89
49.049
49.049
49.108
49.108
49.108
49.279
49.529
49.529
49.701
49.701
49.701
49.701
49.701
49.701
49.701
49.701
49.701
49.701
49.701
49.701
49.701
49.701
49.701
49.701
49.701
49.89
49.89
49.89
49.89
49.89
49.89
49.89
49.89
49.89
49.89
49.89
49.608
49.608
49.724
49.453
49.628
49.628
49.628
49.61
49.84
50.041
50.041
50.128
50.305
50.305
50.305
50.305
50.477
50.477
50.477
50.477
50.477
50.334
50.523
50.555
50.555
50.837
50.837
51.128
50.916
50.916
50.916
51.198
51.468
51.485
51.709
51.709
51.709
51.852
51.872
52.084
52.084
52.218
52.218
52.509
52.672
52.898
52.898
53.058
53.058
53.116
53.116
53.116
53.116
53.288
53.02
52.762
52.762
52.762
52.762
52.762
52.762
52.762
52.762
52.762
52.762
52.762
52.762
52.762
52.762
52.762
52.762
52.762
52.762
53.029
53.029
53.029
53.029
53.029
53.029
53.029
53.029
53.029
53.029
53.029
53.029
53.029
53.029
53.029
53.029
53.029
53.029
53.029
52.872
52.735
52.735
52.735
52.706
52.706
52.706
52.706
52.706
52.706
52.706
52.706
52.59
52.323
52.323
52.323
52.323
52.323
52.073
52.073
52.073
52.073
52.073
52.073
52.073
51.84
51.84
51.808
51.994
51.965
51.965
51.965
51.965
51.965
51.965
51.965
51.965
51.965
51.965
51.965
51.965
51.965
51.965
51.849
51.965
51.965
51.965
51.965
51.965
51.965
52.233
52.233
52.233
52.233
52.233
52.233
52.233
52.233
52.233
52.233
52.233
52.233
52.233
52.233
52.233
52.233
52.233
52.233
52.401
52.616
52.625
52.695
52.776
53.061
53.09
53.285
53.299
53.337
53.337
53.337
53.567
53.59
53.61
53.782
53.823
53.965
54.18
54.32
54.32
54.334
54.453
54.613
54.613
54.613
54.613
54.672
54.672
54.672
54.672
54.672
54.672
54.672
54.672
54.922
54.922
54.922
54.922
54.922
54.922
54.922
54.863
54.892
54.814
54.814
54.814
54.814
54.814
54.814
54.814
54.814
54.814
54.814
54.814
54.814
54.657
54.657
54.657
54.657
54.576
54.808
54.808
54.808
54.541
54.541
54.541
54.541
54.471
54.378
54.215
54.198
54.096
54.067
53.962
53.837
53.59
53.424
53.221
53.087
52.843
52.735
52.735
52.828
52.991
53.241
53.241
53.241
53.343
53.494
53.523
53.715
53.715
53.715
53.715
53.765
53.765
53.765
53.765
53.843
53.843
53.843
53.843
53.843
53.843
53.843
53.843
53.843
53.843
53.843
53.843
54.102
54.102
54.102
54.102
53.895
53.666
53.453
53.267
53.128
52.895
52.608
52.602
52.602
52.602
52.602
52.602
52.814
52.814
52.814
53.047
53.047
53.047
53.047
53.047
52.77
52.631
52.352
52.352
52.352
52.183
52.096
52.096
52.096
52.096
52.096
51.933
51.933
51.933
51.933
51.933
51.837
51.837
51.642
51.811
51.544
51.544
51.436
51.436
51.198
51.198
51.038
51.038
50.98
50.98
50.933
50.933
50.68
50.59
50.355
50.331
50.331
50.331
50.081
50.052
49.881
49.881
49.881
49.881
49.881
49.881
49.881
49.881
49.881
49.881
49.881
49.881
49.881
49.881
49.881
49.692
49.858
50.108
50.279
50.279
50.279
50.279
50.494
50.657
50.657
50.657
50.657
50.706
50.826
50.826
51.015
50.939
50.765
50.52
50.419
50.177
49.895
49.744
49.526
49.235
49.163
49.099
48.846
48.814
48.66
48.64
48.558
48.471
48.462
48.538
48.712
48.956
49.058
49.299
49.581
49.733
49.951
50.241
50.314
50.378
50.378
50.41
50.41
50.41
50.41
50.41
50.41
50.369
50.192
50.192
50.192
50.192
50.192
50.192
50.02
50.02
50.02
49.817
49.817
49.75
49.75
49.75
49.75
49.75
49.75
49.75
49.75
49.922
49.922
49.922
49.922
49.922
49.922
49.922
49.922
49.922
49.689
49.689
49.689
49.689
49.529
49.529
49.529
49.529
49.529
49.529
49.529
49.529
49.529
49.529
49.529
49.529
49.811
49.863
50.041
50.273
50.509
50.642
50.724
50.884
51.122
51.125
51.32
51.608
51.892
52.09
52.282
52.509
52.538
52.634
52.791
53
53
53
53.081
53.169
53.262
53.422
53.619
53.619
53.907
53.974
53.974
53.974
53.974
53.974
55.048
55.048
55.048
55.048
55.048
55.048
54.833
54.789
54.705
54.705
54.917
55.045
55.045
55.045
55.045
55.051
55.051
55.051
55.134
55.134
55.28
55.28
55.28
55.006
55.149
55.149
55.247
55.247
55.247
55.247
55.357
55.357
55.357
55.357
55.357
55.357
55.357
55.357
55.357
55.357
55.357
55.357
55.357
55.357
55.53
55.53
55.53
55.53
55.53
55.53
55.53
55.53
55.53
55.53
55.53
55.53
55.53
55.804
55.804
55.804
55.804
55.804
55.804
55.804
56.042
56.042
56.042
56.042
56.042
56.042
56.042
56.042
56.042
56.042
56.042
55.851
55.851
55.851
55.97
55.97
55.97
55.97
55.97
55.97
55.97
55.97
55.851
55.851
55.851
55.851
55.851
55.851
55.851
55.851
55.881
55.881
55.881
55.881
55.881
55.881
55.881
56
56
56
56.256
56.399
56.399
56.399
56.399
56.518
56.518
56.518
56.518
56.518
56.518
56.518
56.518
56.518
56.518
56.518
56.518
56.518
56.229
56.229
56.229
56.229
55.952
56.021
56.077
56.11
56.327
56.31
56.598
56.369
56.509
56.509
56.509
56.744
56.982
56.982
57.238
57.402
57.494
57.494
57.494
57.494
57.494
57.494
57.494
57.494
57.348
57.348
57.348
57.348
57.348
57.348
57.327
57.521
57.521
57.521
57.777
57.777
57.777
57.777
57.56
57.56
57.56
57.56
57.56
57.56
57.56
57.423
57.423
57.423
57.423
57.423
57.423
57.423
57.568
57.568
57.786
57.786
57.786
57.786
57.786
57.786
57.786
57.568
57.568
57.568
57.568
57.568
57.568
57.568
57.402
57.402
57.402
57.402
57.402
57.402
57.402
57.402
57.402
57.619
57.619
57.619
57.619
57.619
57.619
57.619
57.619
57.619
57.619
57.619
57.619
57.619
57.619
57.619
57.402
57.402
57.402
57.164
57.164
57.164
57.164
57.164
57.375
57.61
57.827
58.018
58.161
58.399
58.693
58.699
58.815
58.863
58.863
58.789
58.789
58.839
59
59
59
59
59
59
59.217
58.961
58.961
58.961
58.961
58.961
58.932
58.932
58.932
58.932
58.932
58.932
58.932
58.932
58.932
58.932
58.932
58.693
58.693
58.693
58.524
58.268
58.268
58.092
58.092
58.092
58.092
58.092
58.348
58.348
58.348
58.128
58.336
58.17
58.17
58.17
58.17
58.199
58.199
58.199
58.199
58.199
58.149
58.149
58.027
58.027
58.027
58.027
57.833
57.833
57.833
57.833
57.833
57.833
57.833
57.833
58.089
58.089
58.089
57.893
58.068
58.068
58.158
58.015
58.015
58.015
58.015
58.015
58.015
58.015
58.015
58.015
58.015
58.015
57.869
57.869
57.696
57.696
57.601
57.601
57.601
57.601
57.601
57.601
57.601
57.795
57.795
57.571
57.571
57.571
57.571
57.592
57.827
57.973
58.146
57.923
58.018
58.31
58.366
57.27
57.352
57.57
57.593
57.683
57.683
57.488
57.596
57.703
57.852
57.881
57.881
57.881
57.881
58.023
58.116
58.116
58.116
58.009
58.009
58.009
58.18
58.023
58.023
58.02
58.02
58.02
57.738
57.738
57.738
57.738
57.57
57.57
57.57
57.57
57.407
57.407
57.407
57.407
57.407
57.407
57.407
57.407
57.407
57.576
57.576
57.576
57.576
57.576
57.576
57.576
57.747
57.605
57.605
57.39
57.25
57.25
57.235
57.116
56.956
56.956
56.956
56.956
56.898
56.898
56.898
56.898
56.898
56.898
56.898
56.965
56.965
56.965
56.965
56.965
56.965
56.965
56.965
56.965
56.965
57.183
57.215
57.215
57.215
57.215
57.215
57.215
57.215
57.215
57.215
57.215
57.215
57.215
57.244
57.244
57.512
57.512
57.512
57.512
57.512
57.512
57.512
57.512
57.512
57.512
57.512
57.512
57.512
57.512
57.512
57.512
57.512
57.512
57.512
57.221
57.221
57.221
57.244
57.192
57.192
57.177
57.427
57.427
57.427
57.427
57.645
57.933
58.093
58.381
58.381
58.529
58.637
58.637
58.895
58.895
58.788
59.02
59.02
59.052
59.052
59.052
59.212
59.442
59.442
59.442
59.544
59.544
59.544
59.544
59.544
59.544
59.544
59.544
59.544
59.544
59.544
59.544
59.544
59.544
59.544
59.544
59.544
59.544
59.625
59.669
59.422
59.422
59.422
59.422
59.422
59.422
59.422
59.422
59.422
59.422
59.422
59.422
59.689
59.596
59.433
59.433
59.433
59.331
59.302
59.302
59.302
59.302
59.302
59.302
59.302
59.302
59.302
59.302
59.302
59.017
59.017
59.012
59.012
59.012
59.012
59.012
58.73
58.677
58.677
58.5
58.267
58.032
57.898
57.817
57.657
57.419
57.535
57.532
57.337
57.337
57.049
56.765
56.567
56.375
56.148
56.119
56.023
55.866
56.148
56.201
56.378
56.61
56.61
56.61
56.744
56.477
56.558
56.558
56.558
56.718
56.718
56.718
56.718
56.718
56.718
56.718
56.718
56.718
56.718
56.718
56.555
56.84
56.608
56.608
56.608
56.608
56.826
56.826
56.826
56.826
56.826
56.826
56.826
56.922
56.922
57.078
57.078
57.078
57.078
56.962
56.962
56.962
57.195
57.462
57.555
57.52
57.776
57.776
57.776
57.776
57.901
58.134
58.134
58.134
58.134
58.134
58.134
58.134
58.134
58.134
58.25
58.25
58.25
58.25
58.25
58.436
58.218
58.102
58.25
58.541
58.541
58.541
58.808
58.648
58.39
58.39
58.39
58.39
58.39
58.39
58.442
58.172
58.142
58.142
58.142
58.142
58.009
58.009
58.009
58.009
58.009
58.009
57.892
57.892
57.892
57.642
57.642
57.363
57.363
57.244
57.401
57.401
57.538
57.363
57.363
57.363
57.363
57.549
57.549
57.407
57.436
57.206
57.206
57.206
57.206
57.067
57.067
57.067
56.971
57.256
57.256
57.256
57.256
57.256
57.148
57.148
57.148
57.148
57.148
57.148
57.148
57.265
57.215
57.215
57.215
57.215
57.215
57.009
57.009
57.259
57.029
57.029
57.029
56.817
56.817
56.648
56.462
56.462
56.462
56.323
56.323
56.323
56.055
55.823
55.823
55.823
55.823
55.535
55.535
55.535
55.535
55.529
55.529
55.529
55.416
55.416
55.416
55.369
55.369
55.369
55.369
55.369
55.512
55.512
55.512
55.512
55.512
55.718
55.718
55.858
55.858
55.858
55.858
55.858
55.858
56.07
56.07
56.07
56.07
56.07
56.07
56.238
56.238
56.238
56.238
56.378
56.378
56.378
56.61
56.61
56.61
56.898
56.898
56.898
56.898
56.898
56.898
56.898
56.898
56.747
56.747
56.747
56.747
56.747
56.747
56.747
56.747
56.747
56.747
56.747
57.015
57.015
57.273
57.273
57.331
57.407
57.407
57.407
57.57
57.57
57.73
57.73
57.73
57.73
57.73
57.73
57.759
57.759
57.866
57.866
58.154
58.154
58.154
58.358
58.358
58.358
58.358
58.358
58.276
58.276
58.276
58.276
58.105
58.105
58.105
58.105
58.105
58.105
58.105
58.105
58.282
58.509
58.509
58.509
58.509
58.509
58.68
58.68
58.68
58.68
58.68
58.68
58.68
58.43
58.259
58.259
58.259
58.259
58.259
58.259
57.974
57.974
57.974
57.974
57.974
57.974
57.974
57.974
57.974
57.974
57.785
57.785
57.785
57.785
57.785
57.956
57.956
57.956
57.884
57.884
57.884
58.07
58.07
58.07
58.07
58.07
58.07
58.07
58.07
58.07
58.07
58.259
58.259
58.259
58.259
58.259
58.163
58.413
58.413
58.413
58.413
58.413
58.244
58.244
58.012
58.012
58.012
57.895
57.895
57.628
57.451
57.451
57.451
57.451
57.224
57.366
57.366
57.273
57.273
57.337
57.337
57.337
57.087
57.087
57.166
57.166
57.166
57.166
57.166
56.956
56.956
56.956
56.956
56.747
56.747
56.747
56.747
56.747
56.497
56.497
56.294
56.294
56.265
56.265
56.265
56.265
56.265
56.265
56.265
56.265
56.343
56.343
56.343
56.343
56.174
56.174
56.174
56.174
56.174
56.174
56.174
56.174
56.174
56.174
56.407
56.407
56.407
56.407
56.407
56.407
56.657
56.657
56.657
56.657
56.907
56.907
56.907
56.907
57.064
57.099
57.099
57.099
57.099
57.099
57.099
57.099
57.099
57.099
57.099
57.099
57.099
57.206
57.474
57.474
57.474
57.474
57.474
57.474
57.474
57.474
57.474
57.474
57.645
57.645
57.645
57.645
57.645
57.645
57.645
57.645
57.645
57.645
57.645
57.645
57.503
57.503
57.253
57.253
57.253
57.253
57.253
57.253
57.253
57.253
57.253
57.041
57.041
56.849
56.849
56.849
56.849
56.849
56.849
56.849
56.849
57.081
57.081
57.081
57.081
57.081
56.98
57.061
56.936
56.785
56.692
56.939
56.939
56.939
56.706
56.448
56.535
56.724
56.724
56.561
56.561
56.718
56.718
56.718
56.968
56.968
57.087
57.087
57.087
57.087
57.087
57.273
57.302
57.302
57.302
57.302
57.302
57.238
57.468
57.558
57.84
57.997
58.16
58.201
58.276
58.276
58.276
58.276
58.276
58.07
58.27
58.145
58.145
58.145
58.145
58.145
58.145
58.14
58.14
58.14
58.14
58.058
58.058
58.093
58.326
58.326
58.326
58.166
58.166
58.166
58.166
58.451
58.451
58.451
58.593
58.593
58.593
58.593
58.593
58.459
58.459
58.459
58.256
58.256
58.256
58.256
58.256
58.087
58.087
58.346
58.346
58.346
58.346
58.346
58.346
58.346
58.346
58.346
58.346
58.346
58.346
58.39
58.39
58.39
58.39
58.39
58.39
58.39
58.558
58.558
58.558
58.558
58.558
58.558
58.558
58.558
58.558
58.558
58.558
58.291
58.294
58.105
58.105
58.105
58.003
58.218
58.218
58.218
58.468
58.468
58.468
58.468
58.497
58.337
58.605
58.701
58.744
58.744
58.741
58.741
58.741
58.741
58.741
59.009
59.241
59.241
59.241
59.241
59.241
59.241
59.029
58.933
59.166
59.166
59.166
59.166
59.166
59.166
59.166
59.058
59.058
59.058
59.058
59.058
59.058
58.808
58.808
58.808
58.808
58.808
58.808
58.808
58.808
58.541
58.448
58.192
58.192
58.192
58.192
58.192
58.067
58.067
57.834
57.834
57.834
57.834
57.834
57.663
57.663
57.663
57.663
57.663
57.663
57.663
57.663
57.663
57.663
57.663
57.663
57.663
57.663
57.663
57.663
57.663
57.663
57.663
57.663
57.547
57.547
57.547
57.547
57.547
57.547
57.48
57.273
57.273
57.424
57.424
57.424
57.424
57.212
57.163
57.163
57.163
57.305
57.305
57.166
57.166
56.948
56.715
56.855
56.855
56.567
56.567
56.567
56.567
56.567
56.567
56.567
56.686
56.657
56.657
56.817
56.817
56.817
56.817
56.817
56.977
57.183
57.183
57.413
57.413
57.413
57.625
57.625
57.625
57.625
57.625
57.456
57.456
57.456
57.456
57.456
57.456
57.689
57.689
57.689
57.689
57.689
57.689
57.689
57.689
57.689
57.907
57.907
57.907
57.907
57.907
57.698
57.698
57.698
57.698
57.698
57.616
57.529
57.436
57.276
57.078
57.078
56.791
56.724
56.724
56.724
56.724
56.724
56.724
56.724
56.724
56.724
56.724
56.724
56.884
56.884
56.884
56.884
56.884
56.884
56.884
56.884
56.776
56.776
56.701
56.526
56.282
56.18
55.939
55.657
55.506
55.288
54.997
54.924
54.86
54.86
54.828
54.828
54.828
54.828
54.828
54.828
54.828
54.828
54.828
54.657
54.657
54.657
54.657
54.657
54.657
54.657
54.657
54.657
54.657
54.657
54.657
54.468
54.186
54.334
54.282
54.282
54.105
53.872
53.872
53.721
53.587
53.506
53.346
53.128
53.128
53.128
53.128
53.128
52.843
52.686
52.686
52.549
52.549
52.549
52.549
52.549
52.363
52.363
52.334
52.238
52.238
52.081
52.081
51.797
51.797
52.078
52.078
52.078
52.078
52.256
52.14
52.372
52.372
52.372
52.372
52.465
52.465
52.215
52.297
52.456
52.256
52.256
52.413
52.413
52.416
52.552
52.552
52.552
52.552
52.727
52.846
52.846
52.846
53.032
53.032
53.032
53.032
53.061
53.116
53.116
53.116
53.282
53.471
53.471
53.471
53.471
53.471
53.471
53.471
53.756
53.785
53.936
53.936
54.163
54.163
54.163
54.279
54.279
54.279
54.529
54.61
54.61
54.468
54.701
54.701
54.701
54.701
54.701
54.701
54.488
54.488
54.488
54.488
54.488
54.488
54.41
54.41
54.41
54.41
54.41
54.41
54.41
54.41
54.41
54.68
54.68
54.68
54.892
54.892
54.892
54.892
54.892
54.994
55.241
55.241
55.241
55.404
55.404
55.404
55.404
55.404
55.265
55.265
55.265
55.442
55.442
55.442
55.442
55.273
55.273
55.273
55.131
55.131
55.131
55.131
54.991
54.991
54.991
54.991
54.991
54.744
54.744
54.744
54.913
54.913
54.913
54.913
54.913
54.913
54.913
54.913
54.817
54.817
54.817
54.817
54.817
54.817
54.866
54.866
54.866
54.608
54.608
54.608
54.608
54.75
54.791
54.93
54.93
55.026
55.026
55.256
55.256
55.363
55.363
55.523
55.523
55.523
55.715
55.715
55.715
55.547
55.547
55.715
55.715
55.715
55.765
55.474
55.474
55.663
55.869
55.869
55.869
55.834
55.834
55.834
55.547
55.547
55.805
55.805
55.805
55.634
55.634
55.634
55.634
55.634
55.634
55.634
55.634
55.634
55.634
55.634
55.634
55.634
55.634
55.61
55.576
55.576
55.576
55.576
55.576
55.576
55.358
55.358
55.358
55.09
54.913
54.913
54.881
54.712
54.881
54.881
54.86
54.631
54.89
54.747
54.747
55.015
54.846
54.846
54.753
54.468
54.265
54.209
53.948
53.866
53.648
53.625
54.81
54.81
54.83
55.065
55.211
55.211
55.211
55.384
55.384
55.479
55.771
55.827
56.009
55.753
55.693
55.693
55.777
56
56.024
56.116
56.116
56.018
56.077
56.077
56.077
56.077
56.077
55.78
55.613
55.381
55.381
55.217
55.217
55.158
55.158
55.158
55.158
54.982
54.982
54.982
54.982
54.982
55.28
55.024
55.024
55.024
55.024
55.024
55.024
55.024
54.75
54.914
54.914
54.914
54.914
54.914
54.914
54.914
54.914
54.914
54.914
54.914
54.914
54.914
55.149
55.324
55.324
55.324
55.324
55.057
54.818
54.818
54.818
54.818
55.024
55.024
55.024
55.321
55.577
55.435
55.509
55.509
55.717
55.991
56.021
56.193
56.193
56.193
56.161
56.161
56.161
56.161
56.161
56.161
56.161
56.161
55.887
55.887
55.946
55.946
55.946
55.946
56.185
56.185
56.185
56.185
56.185
56.185
56.185
56.185
56.185
56.185
56.185
56.185
56.086
56.086
56.119
56.119
56.051
56.051
56.051
56.324
56.405
56.405
56.405
56.405
56.405
56.405
56.577
56.577
56.577
56.577
56.577
56.786
56.786
56.786
56.938
56.815
56.815
56.786
56.786
56.604
56.372
56.372
56.372
56.372
56.372
56.372
56.196
56.196
56.196
56.196
56.196
56.196
56.196
56.196
56.369
56.369
56.369
56.551
56.551
56.551
56.551
56.551
56.551
56.726
56.726
56.881
56.881
56.881
56.881
56.881
56.881
56.881
56.881
56.881
56.881
56.881
56.881
56.583
56.583
56.583
56.583
56.583
56.583
56.583
56.411
56.137
56.137
56.137
56.137
56.137
56.137
56.137
56.137
56.137
56.137
56.137
55.97
55.97
55.97
55.97
55.86
55.86
55.839
55.839
55.557
55.557
55.557
55.414
55.149
55.098
55.098
55.098
54.813
54.813
54.619
54.619
54.619
54.464
54.464
54.405
54.405
54.405
54.405
54.607
54.607
54.842
54.899
54.905
54.905
54.935
54.935
55.19
55.19
55.176
55.176
55.176
55.176
55.176
55.384
55.464
55.464
55.464
55.318
55.318
55.318
55.196
55.339
55.339
55.339
55.449
55.42
55.208
54.973
54.756
54.756
54.756
54.518
54.518
54.518
54.518
54.518
54.56
54.56
54.601
54.813
54.935
54.914
54.914
54.914
54.914
55.057
55.295
55.295
55.295
55.295
55.295
55.327
55.61
55.61
55.61
55.61
55.577
55.304
55.449
55.658
55.658
55.658
55.658
55.658
55.658
55.464
55.464
55.61
55.61
55.67
55.67
55.67
55.881
55.881
55.881
55.881
55.881
55.881
55.881
55.881
55.714
55.714
55.714
55.714
55.714
55.938
55.938
55.938
55.938
55.938
56.057
56.057
56.021
56.021
56.021
56.021
56.021
56.021
56.021
56.021
56.021
56.196
56.196
56.196
56.196
56.196
56.003
56.003
56.003
55.842
55.842
55.842
55.586
55.464
55.676
55.676
55.676
55.676
55.676
55.557
55.366
55.336
55.336
55.336
55.336
55.336
55.336
55.336
55.571
55.571
55.765
55.765
55.765
55.765
55.765
55.765
55.765
55.765
56.021
56.143
56.143
55.961
55.961
55.961
55.961
55.961
55.961
55.961
55.961
55.961
55.961
55.961
55.961
55.961
55.708
55.708
55.708
55.708
55.661
55.661
55.661
55.661
55.813
55.813
55.813
55.637
55.637
55.637
55.875
55.577
55.405
55.658
55.839
55.756
55.756
55.756
55.756
55.756
55.756
55.92
55.92
55.92
55.92
55.92
55.759
55.619
55.44
55.25
55.22
55.051
55.051
55.051
54.759
54.604
54.604
54.821
54.911
54.679
54.679
54.679
54.56
54.369
54.369
54.369
54.113
54.113
54.113
54.113
54.113
54.113
54.113
54.113
54.113
54.113
54.113
54.113
54.232
54.232
53.94
53.94
53.786
54.042
53.783
53.768
53.643
53.411
53.411
53.411
53.411
53.408
53.408
53.307
53.089
53.089
53.089
53.089
53.25
53.426
53.426
53.426
53.426
53.426
53.426
53.426
53.426
53.426
53.426
53.426
53.426
53.426
53.351
53.063
53.063
52.881
52.881
52.643
52.643
52.643
52.56
53.674
53.503
53.503
53.5
53.5
53.5
53.5
53.5
53.314
53.314
53.314
53.284
53.284
53.284
53.29
53.558
53.558
53.659
53.659
53.659
53.957
53.957
54.213
54.36
54.36
54.36
54.36
54.36
54.36
54.36
54.36
54.36
54.36
54.36
54.36
54.36
54.36
54.36
54.36
54.36
54.36
54.36
54.36
54.36
54.36
54.36
54.36
54.36
54.36
54.36
54.36
54.573
54.573
54.54
54.54
54.756
54.756
54.756
54.756
54.756
54.756
54.756
54.756
54.756
54.756
54.756
54.756
54.756
54.756
54.756
54.756
54.756
54.841
54.841
54.841
54.841
54.841
54.841
54.841
54.841
54.561
54.561
54.561
54.738
54.738
54.738
54.466
54.466
54.466
54.317
54.256
54.363
54.363
54.363
54.284
54.284
54.506
54.506
54.36
54.36
54.36
54.36
54.36
54.299
54.299
54.341
54.171
54.171
54.171
54.046
54.046
54.308
54.14
54.14
53.973
53.973
53.973
53.973
54.073
54.073
54.345
54.515
54.515
54.515
54.515
54.515
54.515
54.515
54.515
54.515
54.744
54.744
54.744
54.713
54.713
54.713
54.774
54.774
54.774
54.774
54.774
54.473
54.473
54.473
54.473
54.473
54.259
54.296
54.296
54.296
54.296
54.296
54.466
54.466
54.466
54.466
54.466
54.466
54.616
54.616
54.841
54.841
54.988
55.098
55.113
55.113
55.021
55.146
55.314
55.387
55.579
55.845
55.845
55.905
55.905
56.034
56.034
56.034
56.034
56.034
56.034
56.034
56.034
56.034
56.034
55.805
55.805
55.805
55.805
55.805
55.805
55.655
55.655
55.613
55.613
55.466
55.466
55.366
55.125
55.125
55.012
55.027
55.027
55.027
55.027
55.027
55.253
55.052
55.122
55.122
55.122
55.122
55.332
55.332
55.332
55.332
55.155
55.369
55.369
55.598
55.598
55.598
55.598
55.546
55.546
55.546
55.546
55.546
55.546
55.546
55.546
55.695
55.738
55.884
55.985
55.985
55.985
55.985
55.985
55.985
55.985
55.985
55.985
55.985
56.162
56.162
56.162
56.131
56.131
56.131
56.131
56.131
56.101
56.101
56.101
56.101
55.893
55.848
55.878
56.009
56.25
56.25
56.25
56.22
56.22
56.22
55.997
55.997
55.921
55.851
55.851
55.851
55.851
55.851
55.851
55.851
55.851
55.744
55.744
55.744
55.744
55.744
55.744
55.744
55.744
55.744
55.744
55.744
55.744
55.744
55.744
55.744
55.744
55.744
55.744
55.869
55.564
55.564
55.302
55.302
55.226
55.226
55.012
55.012
54.732
54.973
54.942
54.942
54.765
54.765
54.765
54.765
54.765
54.765
54.765
54.79
54.79
54.79
54.79
54.79
54.729
54.729
54.485
54.485
54.485
54.646
54.646
54.646
54.677
54.982
55.073
55.335
55.412
55.412
55.625
55.905
55.936
56.113
56.113
56.113
56.183
56.183
56.28
56.341
56.341
56.585
56.585
56.585
56.369
56.369
56.369
56.369
56.223
55.979
55.979
55.979
56.223
56.345
56.345
56.345
56.345
56.561
56.381
56.622
56.845
57.04
57.186
57.43
57.732
57.738
57.857
57.905
57.905
57.905
57.735
57.735
57.692
57.546
57.546
57.546
57.546
57.826
57.869
57.713
57.424
57.61
57.61
57.601
57.826
57.933
58.143
58.329
58.268
58.268
58.268
58.268
58.268
58.116
58.198
58.277
58.558
58.558
58.47
58.698
58.698
58.698
58.698
58.713
58.655
58.878
58.796
58.796
58.552
58.552
58.448
58.238
58.238
58.238
58.018
58.174
58.363
58.363
58.363
58.473
58.348
58.348
58.348
58.201
58.259
58.53
58.53
58.287
58.527
58.527
58.726
58.768
58.985
59.131
59.216
59.216
59.46
59.637
59.78
59.78
59.78
59.851
59.851
59.701
59.701
59.515
59.515
59.515
59.515
59.515
59.515
59.335
59.335
59.335
59.335
59.335
59.335
59.335
59.552
59.329
59.329
59.329
59.515
59.515
59.515
59.515
59.598
59.598
59.598
59.421
59.421
59.421
59.421
59.601
59.601
59.601
59.601
59.317
59.53
59.53
59.622
59.622
59.692
59.47
59.47
59.47
59.47
59.21
59.21
59.21
59.21
59.04
59.04
59.04
59.04
59.04
59.04
59.04
59.04
59.04
59.04
59.04
59.04
58.872
58.872
58.872
58.872
58.872
58.872
58.872
58.872
58.872
58.872
58.774
58.774
58.774
58.994
58.994
58.994
58.994
58.994
58.994
59.079
59.079
59.079
59.079
59.177
59.177
59.345
59.345
59.345
59.223
59.223
59.223
59.223
59.223
59.223
58.96
58.96
58.96
58.96
59.125
59.125
58.829
58.829
58.829
58.829
58.829
58.829
58.829
58.829
58.829
58.829
58.829
58.829
58.976
58.976
58.918
58.918
58.918
58.918
58.918
58.918
58.918
58.918
59.189
59.189
59.207
59.174
59.122
59.122
58.851
57.72
57.857
57.991
57.702
57.702
57.702
57.917
57.917
57.917
58.149
58.342
58.342
58.58
58.58
58.58
58.315
58.315
58.315
58.408
58.378
58.378
58.378
58.196
58.196
58.196
58.196
58.196
58.196
58.196
58.196
58.021
58.021
58.021
58.021
58.021
58.021
58.021
58.021
58.021
58.021
58.021
57.911
57.911
57.911
57.911
57.911
57.911
57.911
58.185
58.185
58.185
58.185
58.324
58.324
58.324
58.324
58.324
58.205
58.205
58.205
58.012
58.012
58.012
58.012
58.012
58.012
58.012
58.012
58.012
57.991
57.991
57.991
57.756
57.756
57.5
57.354
57.354
57.232
57.06
57.06
57.06
56.964
56.964
56.964
56.673
56.673
56.673
56.616
56.616
56.616
56.616
56.616
56.616
56.533
56.533
56.533
56.533
56.31
56.054
56.054
56.054
56.03
56.03
56.03
55.938
55.938
55.938
55.938
55.938
56.131
56.131
56.131
56.131
56.131
56.292
56.438
56.438
56.61
56.61
56.61
56.866
56.866
56.988
56.988
56.988
56.988
56.988
56.988
56.988
56.988
56.988
56.988
56.988
56.988
56.988
56.988
56.988
56.988
56.988
56.988
56.842
56.801
56.658
56.56
56.56
56.56
56.56
56.56
56.56
56.56
56.527
56.527
56.527
56.527
56.527
56.616
56.616
56.616
56.738
56.738
56.565
56.292
56.292
56.485
56.485
56.485
56.405
56.464
56.464
56.464
56.464
56.464
56.464
56.464
56.464
56.464
56.464
56.464
56.464
56.253
56.253
56.018
56.018
55.801
55.801
55.801
55.61
55.756
55.756
55.613
55.818
55.86
55.86
55.622
55.622
55.765
55.765
55.765
56.021
55.726
55.726
55.824
55.818
56.092
56.327
56.327
56.211
56.321
56.321
56.274
56.274
56.274
56.274
56.449
56.449
56.449
56.449
56.449
56.658
56.869
57.089
57.089
57.324
57.324
57.598
57.598
57.815
57.815
57.815
58.006
58.179
58.179
58.321
58.321
58.321
58.56
58.56
58.56
58.56
58.61
58.61
58.61
58.61
58.61
58.61
58.61
58.61
58.61
58.61
58.61
58.61
58.61
58.61
58.61
58.61
58.61
58.833
58.833
58.833
58.833
58.833
58.833
58.833
58.833
58.833
58.833
58.833
58.833
58.833
59.006
59.006
59.006
59.006
58.81
58.81
58.887
58.774
58.568
58.783
58.783
58.515
58.649
58.649
58.649
58.649
58.866
58.774
59.009
59.128
59.128
58.97
59.208
59.208
59.289
59.289
59.289
59.289
59.512
59.512
59.512
59.512
59.214
58.917
58.705
58.56
58.777
58.777
58.521
58.521
58.301
58.301
58.226
58.226
58.226
58.083
57.848
57.64
57.533
57.259
57.244
57.214
57.214
57.092
56.92
56.92
56.756
56.756
56.756
56.685
56.685
56.89
56.702
56.634
56.634
56.375
56.375
56.375
56.315
56.22
56.22
56.095
56.095
56.036
56.036
56.036
56.036
56.247
56.247
56.009
56.009
56.009
56.009
56.009
56.009
56.155
56.155
56.155
56.313
56.313
56.56
56.56
56.857
56.979
57.235
57.235
57.31
57.31
57.518
57.518
57.792
57.792
57.821
57.821
57.994
57.994
58
58
56.735
56.735
56.802
56.817
56.91
56.968
57.256
57.488
57.512
57.512
57.497
57.497
57.282
57.215
57.215
57.015
57.015
56.785
56.581
56.581
56.363
56.174
56.174
56.134
56.134
55.927
55.927
55.788
55.788
55.706
55.706
55.474
55.474
55.305
55.169
55.169
55.169
55.102
55.102
54.901
54.901
54.901
55.131
55.131
55.131
55.131
55.32
55.32
55.32
55.32
55.526
55.526
55.526
55.526
55.526
55.526
55.759
55.759
55.927
55.927
55.927
55.927
55.927
55.927
55.927
55.927
55.927
55.927
55.927
55.927
55.927
55.75
55.75
55.75
55.75
55.75
55.75
55.75
55.75
55.75
55.544
55.544
55.544
55.544
55.544
55.544
55.544
55.544
55.462
55.212
55.212
55.061
54.869
54.869
54.82
54.82
54.741
54.741
54.741
54.741
54.741
54.741
54.741
54.741
54.483
54.483
54.483
54.483
54.733
54.733
54.733
54.642
54.642
54.41
54.41
54.142
54.142
53.965
53.965
53.91
53.91
53.735
53.735
53.5
53.5
53.439
53.439
53.343
53.343
53.105
53.105
53.084
53.084
52.953
52.953
52.852
52.852
52.799
52.799
52.613
52.613
52.471
52.471
52.279
52.262
52.128
52.218
52.451
52.718
52.895
52.951
52.951
52.951
52.951
52.951
53.047
53.047
53.047
53.047
53.047
53.047
53.148
53.148
53.148
53.291
53.291
53.291
53.291
53.102
53.102
53.102
53.102
53.218
53.218
53.131
53.131
53.131
53.131
53.131
53.131
53.131
53.131
53.131
53.131
53.131
53.131
53.131
53.131
53.131
53.131
53.131
53.131
53.131
53.131
53.131
53.131
53.317
53.416
53.596
53.669
53.828
53.869
53.945
54.14
54.14
54.424
54.625
54.733
54.733
54.922
54.922
55.023
55.023
54.817
54.587
54.375
54.189
54.189
54.049
55.098
55.098
55.098
55.098
55.098
55.098
55.098
54.92
56.104
55.863
55.863
55.863
55.863
55.665
55.665
55.665
55.665
55.448
55.448
55.448
55.448
55.448
55.448
55.204
55.204
55.027
55.027
55.027
54.841
54.841
54.841
54.841
54.613
54.448
54.448
54.448
55.638
55.638
57
57.208
57.019
57.019
57.019
57.019
57.019
57.019
57.019
57.019
57.019
57.019
57.019
57.019
57.019
57.019
57.019
57.019
57.019
57.019
57.019
57.019
57.019
57.019
57.019
57.019
57.019
57.019
57.019
57.208
57.24
57.24
57.256
56.936
56.936
56.74
56.74
56.74
56.74
56.74
56.74
56.74
56.74
56.74
56.74
56.74
58.039
58.039
58.039
58.039
58.039
58.039
58.039
57.809
57.809
57.711
57.711
57.711
57.635
57.635
57.635
57.635
57.826
57.872
57.872
58.135
58.336
58.336
58.375
58.632
58.632
58.711
58.711
58.711
58.836
58.836
58.836
58.941
58.941
58.941
58.951
58.951
59.191
59.385
59.563
59.563
59.563
58.196
58.196
58.196
56.759
56.978
57.169
57.169
57.391
57.391
57.641
57.775
57.847
57.847
58.106
58.106
58.3
58.388
58.688
58.859
59.094
59.094
59.097
59.097
59.097
59.097
59.406
59.406
59.406
59.406
59.406
59.406
59.406
59.406
59.509
59.509
59.509
59.509
59.756
59.756
59.756
59.756
59.756
59.756
59.756
59.603
59.559
59.409
59.306
59.059
59.059
58.944
58.944
58.944
58.944
58.944
58.944
58.713
58.713
58.713
58.5
58.319
58.319
58.319
58.072
58.072
58.013
57.959
57.953
57.953
57.953
57.922
57.922
58.213
57.944
58.097
58.097
58.141
58.141
58.291
58.291
58.291
58.394
58.394
58.309
58.556
58.556
58.672
58.672
58.672
57.473
57.473
57.655
57.509
57.71
57.71
57.936
58.223
56.899
56.664
56.866
57.039
56.946
55.858
56.081
55.799
56.029
56.256
56.099
56.154
56.203
56.041
56.047
56.119
56.078
56.078
56.003
56.032
56.032
56.032
56.032
56.282
56.282
56.282
56.081
56.081
56.081
56.081
56.081
56.16
56.16
56.16
56.39
56.39
56.39
56.529
56.529
56.529
56.529
56.692
56.692
56.692
56.692
56.692
56.692
56.692
56.692
56.692
56.692
56.692
56.692
56.692
56.692
56.692
56.692
56.462
56.64
56.64
56.64
56.64
56.89
56.89
56.735
56.494
56.203
56.302
56.39
56.39
56.39
56.14
56.18
56.108
56.108
56.108
55.904
55.637
55.608
55.439
55.433
55.349
55.282
55.267
55.174
55.116
54.828
54.596
54.573
54.573
54.573
54.573
54.863
55.113
55.186
55.39
55.657
55.686
55.855
55.86
55.86
55.86
55.86
55.953
55.953
55.953
56.186
56.186
56.186
56.282
56.282
56.488
56.578
56.645
56.808
56.558
56.773
57
57.233
57.317
57.317
57.523
57.523
57.523
57.672
57.64
57.927
58.009
58.009
58.009
58.038
58.038
58.038
58.038
57.849
57.849
57.849
57.849
57.692
57.692
57.692
57.692
57.692
57.442
57.323
57.323
57.323
57.323
57.323
57.323
57.323
57.323
57.323
57.512
57.512
57.613
57.66
57.66
57.66
57.66
57.66
57.66
57.762
57.762
57.706
57.706
57.616
57.616
57.866
57.985
57.985
57.985
57.985
57.843
57.843
57.843
57.843
57.872
57.872
57.872
57.823
58
58.015
58.233
58.445
58.445
58.445
58.445
58.445
58.445
58.445
58.326
58.183
58.183
58.183
58.183
58.183
58.183
58.183
58.183
58.215
58.215
57.985
57.866
57.866
57.866
57.866
57.866
57.866
57.773
57.773
57.773
57.773
57.75
57.75
57.75
57.75
57.75
57.75
57.75
57.75
57.869
58.012
58.012
58.227
58.227
58.366
58.366
58.471
58.471
58.485
58.485
58.605
58.605
58.765
58.765
58.765
58.765
58.765
58.765
58.765
58.765
58.765
58.823
58.823
58.823
58.823
58.823
58.823
58.541
58.541
58.541
58.773
59.032
58.741
58.741
58.741
58.741
58.741
58.581
58.581
58.581
58.581
58.581
58.581
58.581
58.41
58.41
58.41
58.41
58.41
58.41
58.41
58.41
58.41
58.41
58.381
58.381
58.381
58.093
58.093
58.093
58.093
58.093
58.093
58.093
58.093
58.093
57.904
57.904
57.904
57.904
57.904
57.904
57.904
57.904
57.904
57.904
57.904
57.904
57.904
57.904
57.904
58.096
58.096
58.096
58.096
58.314
58.314
58.227
58.227
58.227
58.227
58.227
58.227
58.416
58.416
58.416
58.416
58.622
58.762
58.762
58.994
59.163
59.163
59.163
59.163
58.875
59.093
59.212
59.212
59
59
59.25
59.017
59.017
59.017
59.017
59.206
59.14
58.93
58.93
58.93
58.849
58.849
58.756
58.596
58.596
58.596
58.596
58.596
58.596
58.596
58.596
58.596
58.596
58.596
58.596
58.596
58.677
58.677
58.677
58.837
58.837
58.837
58.837
58.837
58.837
58.837
58.837
58.837
58.837
58.837
58.837
58.994
59.154
59.297
59.297
59.297
59.297
59.047
58.878
58.663
58.654
58.584
58.503
58.218
58.189
57.994
57.98
57.942
57.942
57.942
57.712
57.689
57.669
57.497
57.456
57.535
57.535
57.535
57.535
57.535
57.535
57.535
57.535
57.535
57.535
57.535
57.392
57.174
57.006
57.006
57.006
57.006
57.006
57.006
57.006
57.006
57.006
56.89
56.89
56.89
56.89
56.89
56.89
56.89
56.89
56.89
56.89
56.89
56.89
56.89
56.89
56.89
56.89
56.89
56.89
56.89
56.622
56.622
56.515
56.515
56.515
56.515
56.515
56.515
56.515
56.515
56.515
56.515
56.515
56.515
56.782
56.782
56.782
56.782
56.782
56.782
56.782
56.782
56.782
56.782
56.782
56.782
56.782
56.782
56.782
56.782
56.622
56.622
56.654
56.654
56.654
56.654
56.654
56.654
56.715
56.983
57.061
57.061
57.061
57.061
57.061
57.061
57.061
57.201
57.201
57.201
57.201
57.201
57.201
57.259
57.445
57.297
57.297
57.297
57.297
57.297
57.297
57.297
57.11
57.11
57.058
57.058
57.058
57.058
57.291
57.291
57.078
57.078
56.846
56.948
56.799
56.799
56.799
56.799
56.799
56.622
56.39
56.39
56.39
56.308
56.148
56.148
56.148
56.148
55.86
55.86
55.86
55.86
55.86
55.86
55.86
55.86
55.86
55.86
55.765
55.765
55.767
55.767
55.767
55.767
55.767
55.974
55.805
55.805
55.805
55.666
55.433
55.433
55.433
55.433
55.433
55.433
55.433
55.52
55.709
55.887
56.16
56.16
56.16
56.16
56.169
56.311
56.419
56.637
56.814
56.814
56.814
57.09
57.09
57.337
57.337
57.337
57.337
57.151
57.401
57.631
57.77
57.77
57.799
58.012
58.012
57.741
57.741
57.741
57.599
57.831
57.791
57.651
57.555
57.326
57.218
56.997
56.823
56.631
56.416
56.142
56.081
55.913
55.689
55.689
55.462
55.413
55.34
55.34
55.34
55.224
55.366
55.407
55.547
55.642
55.872
55.98
55.98
55.98
56.172
56.387
56.387
56.387
56.227
56.395
56.395
56.395
56.259
56.259
56.259
56.366
56.366
56.366
56.366
56.43
56.43
56.43
56.43
56.43
56.43
56.323
56.578
56.578
56.578
56.578
56.578
56.578
56.578
56.578
56.39
56.39
56.183
56.044
56.044
56.044
55.811
55.811
55.811
55.642
55.642
55.642
55.352
55.352
55.102
55.102
55.029
54.826
54.558
54.788
54.759
54.759
54.59
54.779
54.773
54.773
54.773
54.773
54.773
54.773
54.773
54.773
54.773
54.68
54.913
54.913
54.834
55.003
55.003
55.003
54.77
54.77
54.77
54.77
54.77
54.77
54.77
54.77
54.77
54.77
55.061
55.061
55.064
55.064
55.314
55.314
55.387
55.387
55.59
55.59
55.858
55.887
56.055
55.884
55.884
55.956
55.956
55.956
55.956
55.956
55.956
55.956
55.799
55.698
55.791
55.791
55.791
55.791
56.023
56.023
56.023
56.023
55.834
55.834
56.038
56.038
55.869
55.869
55.637
55.602
55.532
55.422
55.328
55.32
55.108
55.122
54.965
54.858
54.712
54.695
54.863
54.863
54.657
54.657
54.532
54.532
54.291
54.11
53.831
53.613
53.61
53.61
53.61
53.779
54.012
54.047
54.047
54.047
54.047
54.015
54.108
54.108
54.32
54.203
54.203
54.203
54.203
54.235
54.442
54.442
54.442
54.442
54.442
54.442
54.442
54.442
54.66
54.66
54.66
54.66
54.66
54.619
54.442
54.215
54.215
54.215
54.215
54.215
54.044
54.044
54.044
53.84
53.84
53.773
53.773
53.951
53.951
53.951
53.951
53.951
53.951
54.122
54.122
54.122
54.122
54.326
54.326
54.326
54.326
54.076
54.076
54.076
53.817
54.032
54.14
54.14
54.14
53.89
53.866
53.866
53.866
53.866
53.709
53.709
53.631
53.788
53.744
53.744
53.744
53.936
53.936
53.689
53.43
53.43
53.43
53.43
53.547
53.387
53.526
53.526
53.526
53.526
53.526
53.526
53.526
53.526
53.378
53.16
53.16
53.16
53.16
53.16
53.16
53.16
53.16
52.892
53.061
53.105
53.105
52.875
52.875
52.875
52.875
52.875
52.875
52.875
52.875
52.875
52.875
53.023
52.927
52.927
52.927
52.927
52.741
52.642
52.471
52.291
52.218
52.058
52.017
51.823
51.538
51.337
51.23
51.041
51.041
50.852
50.75
50.75
50.75
50.75
50.75
50.75
50.75
50.75
50.75
50.75
50.5
50.5
50.381
50.541
50.541
50.541
50.541
50.541
50.541
50.541
50.541
50.541
50.541
50.648
50.619
50.808
50.808
50.808
50.808
50.91
51.099
51.198
51.453
51.61
51.826
51.826
52.076
52.195
52.471
52.381
52.381
52.218
52.218
52.003
52.003
51.776
51.776
51.544
51.573
51.488
51.488
51.488
51.488
51.488
51.488
51.488
51.34
51.052
51.052
50.971
50.971
50.971
50.971
50.942
50.907
50.907
50.907
50.91
50.91
50.91
50.91
50.66
50.66
50.66
50.756
50.756
50.756
50.756
50.756
50.756
50.756
50.756
50.648
50.648
50.648
50.817
50.817
50.817
50.817
50.817
50.817
50.817
50.817
50.817
50.817
50.817
50.817
50.817
50.674
50.459
50.32
50.215
50.215
50.201
50.081
49.922
49.922
49.922
49.922
49.863
49.863
49.994
49.994
50.084
50.084
49.942
50.084
50.299
50.439
50.439
50.453
50.453
50.573
50.573
50.733
50.733
50.733
50.733
50.791
50.791
50.791
50.791
50.791
50.558
50.558
50.715
50.68
50.91
50.933
50.933
50.991
50.991
50.991
50.91
50.828
50.828
50.828
50.828
50.828
50.596
50.596
50.596
50.381
50.189
50.189
50.189
49.971
49.971
49.971
49.971
49.971
49.971
50.23
50.23
50.23
50.23
50.23
50.23
50.23
50.201
50.201
50.201
49.971
49.971
49.971
49.971
49.782
49.782
49.782
49.782
49.782
49.782
49.782
49.782
49.782
49.782
49.782
49.782
49.881
50.067
50.323
50.323
50.323
50.09
50.09
49.922
49.922
49.922
49.922
49.922
49.77
49.77
50
50.221
50.221
50.41
50.506
50.547
50.753
50.892
50.892
50.974
50.974
51.206
51.375
51.512
51.549
51.616
51.616
51.552
51.625
51.625
51.625
51.625
51.625
51.625
51.625
51.625
51.407
51.14
51.14
51.14
51.34
51.529
51.529
51.244
51.462
51.613
51.613
51.613
51.613
51.613
51.613
51.346
51.346
51.346
51.346
51.346
51.346
51.346
51.346
51.343
51.11
51.11
51.253
51.459
51.692
51.692
51.692
51.799
51.799
51.799
51.919
51.919
51.919
51.919
51.919
51.919
52.061
52.061
52.061
52.177
52.177
52.177
52.177
52.273
52.273
52.503
52.503
52.503
52.503
52.503
52.503
52.538
52.538
52.538
52.776
52.82
52.82
52.82
52.82
52.82
52.82
52.82
52.82
52.82
52.962
52.962
52.672
52.672
52.404
52.297
52.297
52.297
52.297
52.297
52.297
52.297
52.297
52.297
52.297
52.297
52.297
52.297
52.297
52.297
52.297
52.297
52.297
52.416
52.416
52.416
52.416
52.416
52.416
52.416
52.416
52.416
52.416
52.416
52.416
52.416
52.416
52.416
52.416
52.416
52.416
52.523
52.523
52.712
52.712
52.712
52.884
53.134
53.134
53.041
52.872
52.872
52.872
52.872
52.872
52.872
52.73
52.689
52.549
52.453
53.467
54.659
54.659
54.659
54.659
54.659
54.457
54.232
54.232
54.232
54.055
54.055
54.055
54.055
54.055
54.055
54.055
54.186
54.006
54.006
54.006
54.006
54.006
54.006
54.006
54.043
53.738
53.476
53.399
53.399
53.186
52.905
52.86
52.829
52.829
52.652
52.652
52.652
52.866
52.68
52.68
52.68
52.982
52.982
52.884
52.884
52.884
52.64
52.64
52.64
52.64
52.64
52.64
52.683
52.72
52.72
52.72
52.72
52.72
52.72
52.982
52.89
52.89
52.93
52.78
52.78
52.78
52.78
52.78
52.78
52.78
52.78
52.78
52.78
52.78
52.78
52.78
52.78
52.68
52.68
52.399
52.399
52.399
52.399
52.399
52.399
52.399
52.399
52.155
52.155
52.155
52.122
52.122
52.122
52.122
51.951
51.951
51.951
51.951
51.951
52.046
52.046
52.046
52.098
52.098
52.098
52.098
52.098
52.098
52.098
52.183
52.183
52.183
52.183
52.488
52.488
52.488
52.488
52.665
52.665
52.726
52.97
52.97
52.97
52.726
52.68
52.68
52.68
52.482
52.482
52.723
52.723
52.723
52.723
52.723
52.509
52.509
52.735
52.735
52.963
53.18
53.18
53.18
53.18
53.357
53.357
53.357
53.357
53.506
53.506
53.506
53.506
53.506
53.704
53.704
53.872
53.872
53.872
53.872
53.585
53.878
53.826
53.826
53.826
53.826
54.012
54.274
54.274
54.274
54.265
54.265
54.265
54.341
54.341
54.229
54.229
54.229
54.229
54.451
54.451
54.162
54.162
54.317
54.317
54.317
54.058
54.317
54.534
54.534
54.646
54.909
55.152
55.152
55.152
55.152
55.152
55.152
55.152
55.152
55.152
55.152
55.152
55.152
55.152
55.152
55.152
54.89
54.89
54.89
54.89
54.89
54.89
54.89
54.89
54.649
54.649
54.649
54.649
54.649
54.503
54.808
54.808
55.07
55.07
55.07
55.07
55.04
55.32
55.32
55.32
55.098
55.098
55.098
55.198
55.198
55.198
55.198
55.198
55.198
55.198
55.198
55.198
55.012
54.768
54.768
54.768
54.768
54.881
54.881
55.14
55.14
55.14
55.14
55.402
55.643
55.79
55.79
55.622
55.652
55.875
55.875
55.875
55.875
55.634
55.39
55.634
55.402
55.402
55.204
55.162
55.162
54.945
54.799
54.799
54.713
54.47
54.293
54.149
54.11
54.04
54.04
54.04
54.238
54.238
54.238
54.238
54.482
54.482
54.482
54.482
54.652
54.829
54.829
54.716
54.716
54.896
54.896
54.896
54.616
54.616
54.616
54.616
54.616
54.616
54.616
54.53
54.268
54.027
53.851
53.607
53.57
53.57
53.57
53.473
53.473
53.473
53.25
53.28
53.28
53.28
53.28
53.28
53.064
52.909
53.055
53.055
53.055
53.088
53.088
52.93
52.732
52.732
52.732
52.503
52.503
52.503
52.68
52.924
52.96
52.96
52.96
53.058
53.058
53.28
53.445
53.445
53.463
53.463
53.68
53.68
53.68
53.68
53.973
54.201
54.204
54.204
54.204
54.204
54.204
54.204
54.204
54.171
54.171
54.171
54.171
54.171
54.171
54.107
53.826
53.546
53.463
53.463
53.463
53.463
53.463
53.463
53.314
53.168
53.168
53.168
53.082
53.082
53.082
53.082
53.082
53.082
53.082
52.915
52.854
52.854
52.659
52.659
52.659
52.659
52.851
52.851
52.884
52.884
52.957
52.957
53.085
53.149
53.43
53.512
53.512
53.512
53.326
53.326
53.326
53.473
53.473
53.68
53.68
53.973
53.973
53.973
53.973
53.973
53.793
53.854
53.854
54.049
54.049
53.835
53.835
53.835
53.878
53.771
53.957
54.195
54.195
54.195
54.195
54.195
54.375
54.375
54.375
54.588
54.68
54.75
54.75
54.625
54.625
54.625
54.625
54.625
54.625
54.625
54.829
54.829
54.829
54.829
54.829
54.829
54.829
54.829
54.829
54.622
54.622
54.375
55.488
55.428
55.466
55.513
55.506
55.506
56.897
56.897
56.897
56.897
56.734
56.734
56.458
56.458
56.458
56.458
56.458
56.372
56.372
56.372
56.372
57.697
57.697
57.921
57.921
57.921
58.181
58.181
58.181
58.181
58.214
58.214
58.497
58.497
58.497
58.497
58.497
58.497
58.336
58.336
58.336
58.102
58.102
57.839
57.839
57.839
57.839
57.717
57.875
57.875
57.875
57.875
57.875
57.875
57.875
57.875
57.875
57.743
57.743
57.743
57.743
57.743
57.743
57.704
57.704
57.865
58.099
58.362
58.362
58.484
58.711
58.813
59.026
59.026
59.026
59.026
59.026
59.026
59.026
59.026
59.158
59.158
59.158
59.263
59.263
59.263
59.263
59.303
59.503
59.276
59.276
59.276
59.276
59.276
59.276
59.276
59.276
59.276
59.276
59.046
59.046
59.046
59.24
58.977
59.138
59.464
59.464
59.464
59.464
59.401
59.24
59.026
58.783
58.671
58.513
58.224
58.224
58.046
58.03
57.786
57.75
57.615
57.615
57.434
57.141
56.859
56.859
56.724
56.724
56.724
56.411
56.595
56.595
56.48
56.48
56.414
56.734
56.734
56.734
56.734
56.734
56.734
56.734
56.734
56.701
56.701
56.701
56.701
56.862
57.105
57.263
57.477
57.595
57.595
57.612
57.612
57.747
57.747
57.928
57.928
58.007
58.007
56.721
56.997
56.865
57.144
57.276
57.34
57.34
56.038
56.038
56.038
56.038
56.038
56.038
56.038
56.038
55.856
55.888
55.888
55.888
55.888
55.888
55.825
55.897
55.959
55.778
55.778
55.606
55.606
55.606
55.606
55.431
55.431
55.719
55.941
55.941
55.941
55.941
56.028
56.028
56.028
56.028
56.169
56.169
56.169
55.95
55.95
55.95
55.95
55.95
55.95
55.95
55.95
55.95
55.95
55.95
55.95
55.95
55.95
55.95
55.95
55.95
55.95
55.95
55.95
55.95
55.95
55.95
55.95
55.95
55.95
55.95
55.95
55.95
55.95
55.95
55.95
55.95
55.95
55.95
55.966
55.966
55.972
55.972
56.203
56.275
56.581
56.581
56.797
56.972
55.784
55.784
55.997
55.997
56.226
56.47
56.598
56.598
55.384
55.384
54.224
54.224
54.224
54.253
54.253
54.253
54.334
54.145
54.145
54.145
54.145
54.433
54.433
54.433
54.433
54.433
54.433
54.433
54.433
54.433
54.462
54.294
54.294
54.294
54.294
54.294
54.294
54.523
54.523
54.247
54.247
54.436
54.727
54.756
54.797
54.797
54.948
55.154
55.154
55.154
55.294
55.294
55.375
55.608
55.776
55.776
55.776
55.843
55.843
55.843
55.919
55.919
56.177
56.445
56.445
56.445
56.445
56.445
56.445
56.445
56.195
56.195
56.195
56.195
56.195
56.195
56.195
56.195
56.195
56.137
56.137
56.137
56.137
56.137
56.137
56.137
56.137
56.137
55.878
55.878
55.878
55.878
55.878
55.672
55.826
56.067
56.358
56.608
56.349
56.422
56.625
56.625
56.892
56.922
57.09
57.096
57.096
57.163
57.163
57.256
57.314
57.314
57.547
57.547
57.547
57.547
57.547
57.547
57.378
57.41
57.41
57.552
57.552
57.308
57.308
57.308
57.308
57.387
57.387
57.468
57.587
57.73
58.017
58.017
58.169
57.997
57.849
57.907
57.948
57.948
58
58.212
58.235
58.235
58.343
58.593
58.43
58.311
58.311
58.311
58.311
58.311
58.311
58.311
58.311
58.497
58.497
58.497
58.497
58.497
58.497
58.497
58.456
58.456
58.288
58.288
58.32
58.32
58.32
58.32
58.32
58.163
58.34
58.34
58.11
58.11
57.855
57.855
57.855
57.855
58.073
58.073
58.073
58.073
58.073
58.073
58.233
58.233
58.108
58.369
58.398
58.195
58.195
57.988
57.988
57.988
57.988
57.988
57.988
57.988
57.988
57.828
57.828
57.828
57.828
57.828
57.828
57.721
57.532
57.532
57.43
57.43
57.616
57.616
57.715
57.613
57.794
57.866
57.866
57.866
57.866
58.026
58.026
58.067
58.067
58.299
58.299
58.584
58.785
58.785
58.892
59.081
58.91
58.91
59.012
59.012
59.119
58.977
58.977
58.977
58.765
58.765
58.765
58.765
58.765
58.942
58.765
58.84
58.84
58.84
58.84
58.84
58.983
58.924
58.718
58.718
58.718
58.576
58.369
58.137
58.137
58.029
58.029
58.029
57.939
57.939
57.939
57.939
57.939
57.939
57.799
57.799
57.799
57.683
57.683
57.59
57.59
57.59
57.59
57.59
57.555
57.555
57.555
57.459
57.666
57.799
57.799
57.799
57.942
57.942
58.148
58.148
58.381
58.131
58.131
58.131
58.238
57.971
58.061
58.241
58.235
58.235
58.515
58.515
58.631
58.631
58.724
58.724
58.724
58.724
58.759
58.718
58.718
58.689
58.689
58.721
58.721
58.721
58.951
58.951
58.951
58.951
58.936
59.195
59.288
59.288
59.288
59.288
59.288
59.288
59.48
59.48
59.48
59.48
59.48
59.48
59.48
59.48
59.48
59.48
59.48
59.48
59.48
59.48
59.599
59.599
59.599
59.599
59.805
59.945
59.945
59.945
59.945
60.041
60.041
59.881
59.881
59.651
59.651
59.462
59.422
59.215
59.174
59.035
58.953
58.721
58.552
58.552
58.552
58.485
58.485
58.485
58.674
58.674
58.674
58.674
58.674
58.39
58.567
58.567
58.567
58.799
58.799
58.799
58.799
58.799
58.799
58.799
58.765
58.922
58.922
58.922
58.922
58.922
58.922
58.922
58.922
58.922
58.922
58.814
58.814
58.567
58.567
58.567
58.317
58.105
57.875
57.875
57.735
57.706
57.494
57.494
57.494
57.494
57.378
57.145
57.201
57.201
57.201
57.201
57.308
57.584
57.584
57.584
57.584
57.834
57.834
58.052
58.052
58.052
58.081
58.294
58.206
58.206
58.206
58.006
58.006
58.006
58.145
58.331
58.331
58.419
58.512
58.471
58.224
58.224
58.381
58.381
58.381
58.294
58.294
58.294
58.294
58.294
58.294
58.125
57.892
57.858
58.017
58.017
58.099
58.099
58.006
58.006
58.006
57.849
57.849
57.637
57.48
57.48
57.48
57.25
57.233
57.233
57.026
57.026
57.026
57.026
57.026
56.863
56.863
56.863
56.584
56.584
56.366
56.366
56.27
56.267
56.267
56.267
56.267
56.267
56.267
56.436
56.436
56.715
56.948
56.948
56.983
56.983
56.983
56.983
56.983
56.983
57.076
57.076
57.288
57.445
57.445
57.445
57.651
57.651
57.651
57.651
57.651
57.869
57.869
57.869
58.049
58.125
58.285
58.573
58.573
58.573
58.573
58.573
58.86
58.86
58.86
58.913
58.985
58.985
58.985
59.105
59.279
59.224
59.224
59.224
59.224
59.224
59.326
59.285
59.285
59.285
59.108
58.881
58.881
58.881
58.881
58.881
58.881
58.776
58.605
58.605
58.799
58.66
58.66
58.456
58.369
58.302
58.302
58.273
58.314
58.491
58.558
58.558
58.558
58.773
58.773
58.773
58.773
58.773
58.773
58.945
58.945
58.945
59.148
59.235
59.235
59.235
59.235
59.343
59.343
59.343
59.084
59.084
59.084
59.343
59.343
59.343
59.343
59.343
59.343
59.343
59.515
59.515
59.515
59.515
59.299
59.299
59.299
59.299
59.032
59.032
59.032
59.032
59.032
59.032
59.032
59.032
59.032
59.067
59.067
59.067
58.89
58.89
58.89
58.89
58.89
58.741
58.552
58.552
58.552
58.552
58.843
58.843
58.843
59.102
59.102
59.102
59.32
59.32
59.32
59.32
59.32
59.32
59.32
59.436
59.436
59.436
59.436
59.436
59.436
59.436
59.436
59.436
59.436
59.436
59.436
59.436
59.436
59.36
59.36
59.573
59.355
59.125
59.328
59.328
59.157
59.157
59.157
59.157
59.003
58.762
58.471
58.221
58.148
58.148
58.352
58.148
58.148
57.881
57.881
57.852
57.683
57.666
57.666
57.66
57.66
57.66
57.593
57.593
57.5
57.442
57.442
57.209
57.209
57.209
57.009
56.866
56.651
56.512
56.407
56.392
56.491
56.491
56.372
56.212
56.142
55.959
55.959
57.033
56.973
58.235
58.235
58.235
58.235
58.235
58.235
58.235
58.384
58.61
58.756
58.756
58.756
58.771
58.896
59.064
59.064
59.064
59.308
59.308
59.369
59.369
59.369
59.369
59.369
59.369
59.588
59.64
59.64
59.64
59.64
59.402
59.402
59.402
59.402
59.402
59.402
59.402
59.265
59.265
59.265
59.067
59.067
59.067
59.067
59.067
59.067
59.067
58.942
58.942
58.942
58.942
58.726
58.463
58.463
58.338
58.338
58.338
58.338
58.338
58.338
58.338
58.338
58.308
58.421
58.421
58.457
58.457
58.238
58.436
58.436
58.54
58.808
58.631
58.796
58.567
58.793
59.027
58.784
59.046
59.171
59.46
59.634
59.649
58.476
58.417
58.607
58.637
58.702
57.381
57.366
57.36
57.145
57.078
56.794
56.593
56.401
56.198
55.98
55.858
56.07
56.07
55.939
55.811
55.782
55.701
55.701
55.701
55.765
55.5
55.5
55.5
55.5
55.5
55.5
55.547
55.547
55.547
55.547
55.654
55.715
55.715
55.715
55.744
55.962
55.962
55.962
55.703
55.703
55.733
55.733
55.733
55.599
55.456
55.456
56.565
56.628
56.39
56.533
56.533
56.705
56.705
57.976
58.058
58.058
57.963
58.024
57.826
57.637
57.848
57.848
57.848
57.954
57.954
57.662
57.753
57.753
57.753
57.753
57.753
59.072
59.072
59.072
59.072
59.072
59.072
58.972
58.972
58.972
58.972
58.972
58.972
58.972
58.972
58.972
58.972
58.972
59.044
59.044
59.006
59.006
59.209
59.209
59.209
58.991
58.991
59.194
59.347
59.347
59.569
59.791
60.041
60.041
60.041
60.128
60.244
60.494
60.494
60.675
60.675
60.675
60.675
60.675
60.675
60.975
60.975
60.975
61.1
61.1
61.1
61.2
61.2
61.2
61.2
61.238
61.488
61.488
61.2
61.003
61.003
60.969
60.766
60.691
60.691
60.547
60.416
60.35
60.063
59.978
59.978
59.978
59.978
59.978
59.978
59.978
59.828
59.828
59.6
59.6
59.388
59.388
59.088
59.088
59.088
59.088
59.088
59.088
59.025
59.025
58.825
58.825
58.825
58.825
58.825
58.825
58.825
58.869
58.869
58.869
58.784
58.784
58.784
58.784
58.534
58.534
58.359
58.359
58.359
58.109
58.109
58.109
58.109
58.109
58.109
57.8
57.8
57.8
57.8
57.769
57.769
57.769
57.769
57.944
57.944
57.944
58.194
58.194
58.194
58.194
58.194
58.194
58.194
58.194
58.194
58.194
58.194
58.194
58.194
58.194
58.5
58.697
58.697
58.766
58.797
59.041
59.041
58.85
58.85
58.703
58.703
58.619
58.716
58.797
59.044
59.075
59.263
59.363
59.134
59.134
58.9
58.653
58.653
58.653
58.828
59.003
58.906
58.906
58.906
58.906
59.088
59.088
59.094
59.094
59.288
59.288
59.288
59.288
59.288
59.203
59.203
59.116
58.988
58.834
58.525
58.331
58.331
58.169
58.106
58.063
58.063
58.063
58.006
57.778
57.753
57.753
58.025
56.866
56.948
56.96
57.046
57.171
57.171
57.32
57.32
57.622
57.622
57.622
57.814
58.012
58.012
58.171
58.171
58.171
58.232
58.232
56.887
56.887
57.131
57.131
57.185
57.185
57.402
57.402
57.426
57.616
57.616
57.616
56.547
56.547
56.547
56.547
56.279
56.279
56.279
56.279
56.279
56.308
56.308
56.192
56.192
56.192
56.192
56.192
55.942
55.942
55.942
55.942
55.942
55.942
55.942
55.942
55.942
55.942
55.942
55.942
55.962
55.962
55.962
55.962
55.962
56.151
55.939
55.939
55.939
55.939
55.939
55.706
55.59
55.648
55.648
55.855
56.015
56.015
56.215
56.215
56.215
56.215
56.384
56.384
56.384
56.547
56.416
56.416
56.416
56.384
56.384
56.154
56.154
56.154
56.154
55.895
55.802
55.802
55.858
55.858
55.858
55.858
55.89
55.89
56.119
56.16
56.16
56.16
56.16
56.419
56.209
56.302
56.302
56.302
56.317
56.317
56.494
56.407
56.407
56.407
56.407
56.218
56.218
56.218
56.218
56.265
56.058
56.058
56.058
55.977
55.744
55.744
55.576
55.576
55.576
55.576
55.576
55.576
55.794
55.814
55.814
55.738
55.738
56.012
56.041
56.041
56.16
56.16
56.445
56.445
56.445
56.445
56.445
56.445
56.602
56.634
56.634
56.846
56.846
56.846
56.846
56.846
56.846
56.846
56.846
56.846
56.846
56.846
56.846
56.846
56.846
56.846
56.846
56.846
57.047
57.047
57.047
57.047
57.047
57.186
57.078
57.078
57
56.724
56.724
56.724
56.724
56.977
56.977
57.076
56.826
56.91
56.91
56.962
56.962
56.962
56.933
56.933
56.721
56.988
56.988
56.988
56.82
56.82
56.82
56.82
56.587
56.587
56.645
56.616
56.581
56.581
56.581
56.581
56.488
56.488
56.488
56.596
56.384
56.384
56.227
56.227
56.227
56.227
56.227
56.227
56.02
56.27
56.27
56.27
56.27
56.41
56.41
56.41
56.485
56.485
56.698
56.698
56.48
56.48
56.48
56.48
56.48
56.48
56.48
56.48
56.648
56.506
56.578
56.578
56.372
56.372
56.154
55.922
55.922
55.922
55.922
55.814
55.814
55.814
55.814
55.814
55.814
55.814
55.814
55.535
55.535
55.535
55.535
55.419
55.419
55.419
55.419
55.326
55.326
55.326
55.326
55.326
55.326
55.326
55.326
55.291
55.291
55.291
55.291
55.433
55.64
55.64
55.872
55.872
55.98
56.07
56.07
56.07
56.349
56.349
56.099
56.215
56.215
56.308
56.308
56.308
56.308
56.308
56.308
56.308
56.343
56.343
56.5
56.5
56.5
56.5
56.5
56.5
56.424
56.424
56.622
56.622
56.436
56.337
56.157
56.084
55.924
55.884
55.884
55.599
55.398
55.291
55.102
55.221
55.221
55.119
55.017
54.956
55.142
55.003
55.003
54.834
54.834
54.756
54.828
54.77
54.93
54.73
54.77
54.669
54.669
54.581
54.581
54.581
54.581
54.581
54.689
54.689
54.878
54.878
54.878
54.878
54.98
54.98
54.913
54.913
55.192
55.483
55.483
55.294
55.253
55.253
55.076
55.076
55.076
55.076
55.137
55.137
55.137
55.276
55.276
55.445
55.445
55.523
55.523
55.581
55.41
55.61
55.61
55.712
55.712
55.712
55.712
55.509
55.509
55.422
55.422
55.422
55.422
55.422
55.422
55.422
55.422
55.488
55.488
55.677
55.677
55.677
55.677
55.48
55.599
55.599
55.369
55.57
55.57
55.57
55.57
55.57
55.57
55.541
55.541
55.291
55.291
55.291
55.291
55.291
55.291
55.291
55.084
55.084
54.945
54.945
54.945
54.945
54.945
54.945
54.945
54.945
54.945
54.945
55.195
55.195
55.195
55.195
55.195
55.195
55.195
55.195
55.291
55.291
55.291
55.291
55.291
55.291
55.48
55.48
55.48
55.48
55.651
55.651
55.474
55.474
55.474
55.474
55.474
55.474
55.474
55.474
55.474
55.474
55.474
55.474
55.474
55.273
55.416
55.416
55.532
55.532
55.532
55.532
55.532
55.532
55.532
55.532
55.532
55.532
55.532
55.532
55.532
55.532
55.532
55.532
55.709
55.709
55.503
55.503
55.503
55.503
55.503
55.503
55.695
55.695
55.895
55.895
55.895
55.895
55.797
56.087
56.294
56.294
56.294
56.151
55.936
55.797
55.797
55.782
55.663
55.503
55.503
55.503
55.503
55.445
55.445
55.445
55.445
55.451
55.451
55.552
55.82
55.82
56.052
56.052
56.131
56.131
56.378
56.657
56.68
56.712
56.453
56.453
56.453
56.712
56.872
56.872
56.872
56.988
56.988
56.988
56.988
56.988
56.988
56.988
56.988
56.988
56.988
56.988
56.988
56.988
56.988
56.77
56.77
56.581
56.581
56.483
56.483
56.227
56.198
56.041
56.041
55.826
55.826
55.602
55.352
55.233
55.247
54.971
54.971
55.18
55.015
55.23
55.215
55.215
54.974
54.974
54.974
54.788
54.988
54.959
54.959
54.895
54.895
54.852
55.07
55.07
55.07
55.07
55.07
55.07
55.07
55.07
55.07
55.07
55.07
55.233
55.52
55.555
55.555
55.555
55.555
55.555
55.555
55.555
55.663
55.663
55.663
55.576
55.576
55.419
55.427
55.177
55.177
55.137
55.137
55.285
55.398
55.384
55.628
55.628
55.485
55.395
55.163
54.895
54.718
54.663
54.663
54.663
54.663
54.567
54.567
54.567
54.567
54.465
54.465
54.465
54.323
54.323
54.323
54.323
54.323
54.555
54.823
54.823
54.823
54.823
54.823
54.823
54.823
54.823
54.823
54.823
54.823
54.823
54.823
54.965
54.965
54.965
54.965
54.965
54.802
54.802
54.802
54.57
54.57
54.57
54.57
54.57
54.57
54.57
54.57
54.57
54.57
54.57
54.57
54.57
54.66
54.823
55.038
55.265
55.265
55.497
55.581
55.802
55.811
55.965
56.113
56.401
56.483
56.483
56.483
56.512
56.512
56.692
56.5
56.5
56.5
56.5
56.5
56.5
56.5
56.5
56.5
56.5
56.5
56.5
56.5
56.5
56.5
56.5
56.5
56.381
56.381
56.573
56.59
56.849
56.971
57.157
57.265
57.285
57.509
57.517
57.517
57.517
57.517
57.802
57.802
57.922
57.922
57.922
57.922
57.779
57.573
57.355
57.122
57.122
57.015
56.924
56.91
56.91
56.733
56.733
56.453
56.453
56.337
56.337
56.244
56.244
56.244
56.244
56.209
56.209
56.352
56.558
56.558
56.558
56.558
56.558
56.558
56.558
56.558
56.558
56.558
56.558
56.558
56.558
56.558
56.558
56.558
56.558
56.645
56.645
56.578
56.366
56.488
56.282
56.282
56.282
56.282
56.282
56.282
56.358
56.616
56.753
56.753
56.779
56.677
56.581
56.794
56.794
56.846
56.846
56.846
56.846
56.846
56.846
56.924
56.924
56.805
56.805
56.805
56.805
56.805
56.805
56.805
56.805
56.805
56.805
56.805
56.805
56.805
56.805
56.805
56.805
56.805
56.634
56.782
56.782
56.782
56.782
56.782
56.98
56.98
57.259
57.326
57.326
57.61
57.788
57.788
58.006
58.006
58.006
58.166
58.224
58.395
58.395
58.142
58.142
57.898
57.82
57.997
58.203
58.192
58.192
58.11
57.881
57.762
57.619
58.696
58.509
58.354
58.295
58.253
58.253
58.009
58.009
57.955
57.955
58.173
57.955
57.932
57.932
57.655
57.399
57.399
57.399
57.399
57.399
57.479
57.479
57.479
57.479
57.479
57.601
57.601
57.747
57.747
57.747
57.801
57.801
57.801
57.801
58.003
58.063
58.229
58.229
58.229
58.229
58.229
58.229
58.229
58.229
58.229
58.229
58.229
58.411
58.411
58.411
58.411
58.586
58.586
58.586
58.685
58.685
58.685
58.685
58.685
58.685
58.717
58.685
58.685
58.685
58.449
58.408
58.408
58.408
58.143
58.048
58.048
58.048
58.048
58.08
58.08
58.315
58.58
58.58
58.58
58.869
58.869
58.869
59.134
59.134
59.134
59.134
59.134
59.134
59.071
58.929
58.756
58.756
58.676
58.616
58.411
58.307
58.307
58.307
58.307
58.307
58.307
58.307
58.307
58.238
58.238
58.045
58.045
58.188
58.36
58.44
58.5
58.705
58.81
58.81
58.81
58.81
58.81
58.81
58.81
58.81
58.81
58.81
59.003
59.003
59.223
59.223
59
58.762
58.762
58.747
58.747
58.747
58.524
58.524
58.351
58.351
58.351
58.351
58.351
58.351
58.351
58.351
58.351
58.351
58.351
58.351
58.351
58.351
58.351
58.351
58.351
58.351
58.351
58.351
58.188
58.188
58.36
58.271
58.271
58.509
58.509
58.509
58.509
58.509
58.509
58.509
58.509
58.509
58.509
58.509
58.509
58.509
58.509
58.509
58.461
58.461
58.461
58.351
58.351
58.351
58.574
58.574
58.574
58.574
58.574
58.464
58.464
58.464
58.688
58.688
58.688
58.688
58.688
58.432
58.432
58.289
58.289
58.289
58.289
58.071
58.071
58.071
58.071
58.071
58.071
58.071
58.071
58.182
58.182
58.182
58.182
58.182
58.182
58.438
58.438
58.438
58.438
58.438
58.438
58.438
58.438
58.438
58.438
58.438
58.405
58.211
58.03
57.955
57.717
57.717
57.717
57.932
57.932
57.932
57.932
57.723
57.542
57.542
57.717
57.717
57.717
57.717
57.717
57.717
57.714
57.61
57.61
57.61
57.476
57.476
57.33
57.119
57.119
57.119
57.119
57.119
57.119
57.119
57.402
57.402
57.402
57.402
57.402
57.402
57.402
57.402
57.402
57.402
57.283
57.283
57.283
57.429
57.429
57.429
57.429
57.429
57.429
57.429
57.429
57.429
57.268
57.268
57.268
57.268
57.268
57.268
57.268
57.268
57.268
57.074
57.313
57.28
57.28
57.28
57.28
57.107
57.027
57.012
57.012
57.012
56.792
56.792
56.792
56.586
56.586
56.586
56.363
56.363
56.363
56.363
56.363
56.363
56.363
56.298
56.298
56.063
56.063
56.063
56.063
56.256
56.521
56.521
56.545
56.545
56.705
56.943
56.801
56.801
57.009
57.119
57.116
57.116
57.116
57.116
57.116
57.313
57.586
57.586
57.586
57.798
57.798
57.798
57.798
57.798
57.798
57.577
57.577
57.577
57.577
57.405
57.238
56.943
56.943
56.943
56.943
56.943
56.943
56.943
56.833
56.833
56.833
56.884
57.176
57.03
57.188
57.446
57.613
57.908
57.958
58.092
58.092
58.092
58.107
58.217
58.217
58.217
58.006
58.006
58.006
57.908
57.756
57.756
57.56
57.485
57.485
57.485
57.485
57.485
57.485
57.625
57.735
57.929
57.929
57.738
57.738
57.738
57.664
57.664
57.5
57.458
57.458
57.527
57.527
57.527
57.527
57.417
57.223
57.051
57.051
57.051
56.946
57.033
57.119
57.119
57.119
57.119
57.119
56.857
56.857
56.857
56.857
56.857
56.857
56.711
56.711
56.711
56.711
56.568
56.396
56.315
56.256
56.351
56.387
56.182
56.182
56.077
56.077
56.077
56.077
55.815
55.815
55.815
55.815
55.815
55.815
55.815
55.815
55.815
55.815
55.622
55.53
55.53
55.673
55.845
55.845
55.905
55.905
55.905
55.905
55.905
55.905
55.905
55.902
55.902
55.902
55.902
55.902
55.902
56.095
56.003
56.003
55.836
55.616
55.384
55.146
55.06
54.833
54.824
54.667
54.515
54.515
54.22
54.22
54.137
54.289
54.289
54.289
54.238
54.208
54.208
54.164
53.979
54.071
54.071
54.238
54.458
54.69
54.69
54.5
54.738
54.738
54.738
54.738
54.89
54.89
54.994
55.146
55.146
55.146
55.146
55.146
55.146
55.176
55.176
55.241
55.241
55.241
55.241
55.182
55.182
55.182
54.884
54.884
54.619
54.619
54.619
54.396
54.396
54.396
54.158
54.158
54.158
54.158
54.039
54.039
54.039
54.039
54.039
54.039
54.039
54.039
54.039
54.039
54.039
54.039
54.039
54.182
54.479
54.479
54.634
54.634
54.732
54.955
54.795
55.03
55.03
55.03
55.241
55.241
55.241
55.241
55.241
55.241
55.452
55.452
55.452
55.452
55.452
55.714
55.714
55.714
55.792
55.824
55.652
55.652
55.652
55.869
55.869
55.869
55.574
55.464
55.464
55.464
55.464
55.464
55.464
55.253
55.077
54.905
54.682
54.682
54.682
54.857
54.857
54.857
54.857
54.693
54.67
54.571
54.607
54.607
54.571
54.417
54.417
54.417
54.417
54.143
54.143
54.354
54.354
54.354
54.354
54.321
54.321
54.086
54.086
54.086
54.086
53.821
53.821
53.821
53.821
53.946
54.116
54.149
54.211
54.446
54.488
54.509
54.509
54.759
54.613
54.878
54.878
54.878
54.973
54.973
54.982
54.982
54.982
54.982
55.176
55.176
55.176
55.176
55.176
55.176
55.176
55.176
55.176
55.176
55.176
55.176
55.176
55.176
55.176
55.176
55.065
55.065
55.065
55.065
55.065
55.211
55.423
55.661
55.661
55.661
55.661
55.661
55.438
55.438
55.438
55.438
55.557
55.557
55.557
55.557
55.557
55.557
55.557
55.557
55.592
55.557
55.702
55.574
55.574
55.339
55.095
55.095
55.393
55.393
55.393
55.351
55.351
55.113
55.113
55.113
55.113
55.113
54.932
54.932
54.932
54.932
54.932
54.932
54.932
54.932
54.932
54.932
54.932
54.932
54.851
54.851
54.851
54.851
54.851
54.851
54.729
54.432
54.286
54.286
54.253
54.253
54.253
54.253
54.253
54.473
54.414
54.446
54.446
54.446
54.446
54.446
54.446
54.589
54.589
54.589
54.589
54.75
54.75
54.75
55.015
55.015
55.015
55.015
55.015
55.015
55.015
55.015
55.015
55.015
55.015
55.095
55.095
55.095
55.095
55.095
55.179
55.179
55.179
55.179
55.301
55.348
55.348
55.494
55.494
55.494
55.494
55.494
55.554
55.554
55.554
55.554
55.554
55.771
55.506
55.506
55.506
55.506
55.506
55.506
55.506
55.506
55.506
55.363
55.19
54.952
54.952
54.952
54.952
54.952
54.952
54.952
54.952
54.952
54.952
55.089
55.089
55.089
55.089
55.089
55.089
55.262
55.262
55.262
55.298
55.06
55.06
55.06
54.804
54.979
54.756
54.756
54.756
54.756
54.664
54.664
54.664
54.366
54.265
54.42
54.31
54.31
54.31
54.31
54.31
54.31
54.31
54.31
54.31
54.134
54.244
54.244
54.244
54.461
54.28
54.086
54.086
54.086
54.086
54.116
54.116
54.193
54.387
54.387
54.542
54.542
54.542
54.542
54.542
54.542
54.592
54.592
54.592
54.592
54.592
54.592
54.592
54.652
54.652
54.652
54.652
54.542
54.708
54.807
54.902
54.902
54.902
54.75
54.75
55.006
55.006
55.006
55.006
55.006
55.17
55.17
55.17
55.17
55.28
55.28
55.497
55.545
55.545
55.545
55.545
55.545
55.545
55.545
55.545
55.545
55.545
55.545
55.545
55.545
55.289
55.289
55.289
55.289
55.289
55.289
55.289
55.289
55.289
55.289
55.289
55.461
55.461
55.685
55.685
55.845
55.845
55.845
55.845
55.845
55.845
55.845
55.845
55.845
55.845
55.845
55.845
55.845
55.845
55.845
55.845
55.845
55.845
55.845
56.027
56.027
56.051
56.33
56.339
56.339
56.449
56.449
56.732
56.985
57.003
57.003
57.14
57.396
57.631
57.726
57.869
57.899
57.899
58.116
56.82
56.82
56.82
57.061
57.294
57.294
57.294
57.044
57.044
57.044
57.044
57.044
57.044
57.044
57.044
57.044
56.855
56.759
56.64
56.828
56.828
56.828
56.581
56.64
56.64
56.64
56.712
56.712
56.712
56.593
56.593
56.593
56.593
56.593
56.593
56.593
56.593
56.593
56.593
56.593
56.593
56.593
56.593
56.593
56.593
56.593
56.593
56.593
56.343
56.201
56.201
56.201
56.201
56.398
56.398
56.398
56.398
56.398
56.398
56.398
56.398
56.398
56.398
56.398
56.192
56.003
56.003
56.003
55.86
55.86
55.86
55.657
55.657
55.657
55.59
55.532
55.459
55.265
55.064
55.064
55.064
55.064
55.064
55.064
55.064
55.064
55.064
55.064
55.064
55.064
55.064
55.267
55.267
55.224
55.084
54.916
54.916
54.858
54.858
54.922
54.922
54.922
54.922
54.922
54.692
54.692
54.692
54.692
54.692
54.692
54.52
54.52
54.52
54.52
54.52
54.52
54.52
54.52
54.52
54.52
54.52
54.267
54.267
54.267
54.267
54.462
54.462
54.674
54.863
54.863
54.863
55.076
54.887
54.887
54.922
54.922
54.922
54.823
54.823
55.026
55.026
55.285
55.285
55.201
55.25
55.25
55.198
55.465
55.465
55.625
55.625
55.625
55.625
55.625
55.625
55.625
55.625
55.625
55.625
55.625
55.625
55.433
55.631
55.799
55.532
55.515
55.529
55.698
55.698
55.698
55.698
55.698
55.439
55.73
55.846
55.846
55.846
55.948
55.826
55.826
55.826
55.767
55.581
55.581
55.474
55.474
55.453
55.453
55.453
55.23
55.23
55.221
55.25
55.25
55.25
55.25
55.25
55.25
55.25
55.25
54.965
54.922
54.922
54.922
54.922
54.802
54.802
54.991
54.84
54.84
54.782
54.782
54.782
54.747
54.747
54.747
54.747
54.747
54.747
54.747
54.843
54.843
54.843
54.843
54.843
54.843
54.843
54.843
54.843
54.843
54.843
54.843
54.843
54.843
54.843
54.843
54.843
55.009
55.009
55.009
54.927
54.927
55.006
55.006
55.279
55.279
55.279
55.279
55.279
55.279
55.137
55.137
55.137
55.137
54.852
54.852
54.698
54.445
54.541
54.378
54.378
54.09
53.994
53.945
53.945
53.814
53.814
53.814
53.814
53.799
53.692
53.692
53.692
53.692
53.692
53.692
53.692
53.692
53.692
53.692
53.692
53.692
53.692
53.692
53.692
53.692
53.692
53.849
54.122
53.863
54.145
54.145
53.895
53.895
53.895
53.605
53.605
53.605
53.605
53.605
53.605
53.462
53.256
53.023
53.023
53.023
53.023
53.023
53.023
53.023
53.023
52.808
52.808
52.808
52.692
52.692
52.692
52.692
52.692
52.692
52.657
52.657
52.799
53.006
53.116
53.349
53.349
53.456
53.456
53.174
53.174
53.174
53.174
53.174
53.291
53.291
53.291
53.291
53.291
53.291
53.291
53.48
53.48
53.48
53.515
53.477
53.619
53.34
53.628
53.628
53.843
53.642
53.642
53.666
53.666
53.666
53.666
53.666
53.666
53.666
53.767
53.767
53.767
53.517
53.552
53.552
53.39
53.529
53.529
53.529
53.529
53.453
53.453
53.311
53.282
53.282
53.282
53.334
53.334
53.334
53.451
53.369
53.637
53.637
53.637
53.637
53.637
53.424
53.424
53.174
53.174
53.174
53.174
52.968
52.968
52.968
52.968
52.968
52.968
52.968
52.968
52.968
53.116
52.927
52.669
52.669
52.669
52.669
52.669
52.512
52.512
52.279
52.279
52.076
51.968
51.968
51.968
51.968
51.776
51.776
51.57
51.57
51.57
51.57
51.576
51.765
51.674
51.933
51.77
51.77
51.555
51.555
51.328
51.485
51.485
51.253
51.485
51.485
51.485
51.485
51.689
51.689
51.689
51.797
51.797
51.797
51.648
51.648
51.648
51.648
51.648
51.84
51.84
51.84
51.84
51.84
52.047
52.047
51.759
51.759
51.73
51.73
51.73
51.73
51.73
51.82
51.983
51.983
51.983
52.215
52.215
52.215
52.215
52.215
52.215
52.215
52.215
52.215
52.215
52.244
52.244
52.244
52.215
52.215
51.953
52.203
52.172
52.172
52.009
52.009
52.009
51.913
51.968
51.968
51.968
52.227
52.038
52.038
52.177
52.02
52.02
52.02
51.863
51.863
51.863
51.811
51.811
51.613
51.451
51.244
51.244
51.244
51.244
51.244
51.058
50.881
50.881
50.709
50.709
50.709
50.677
50.677
50.459
50.459
50.459
50.459
50.622
50.622
50.622
50.622
50.622
50.5
50.5
50.334
50.512
50.48
50.48
50.419
50.59
50.36
50.36
50.253
50.212
50.212
50.192
50.224
49.98
49.721
49.628
49.628
49.619
49.904
49.904
49.762
49.762
49.762
49.762
49.762
49.762
49.762
49.762
49.762
49.762
49.762
49.875
49.744
49.948
49.948
50.052
49.945
49.951
49.744
49.852
49.584
49.584
49.584
49.584
49.352
49.57
49.718
49.718
49.558
49.558
49.558
49.558
49.465
49.465
49.433
49.352
49.352
49.352
49.174
49.174
49.145
49.145
49.145
49.145
49.145
49.145
49.145
49.395
49.395
49.128
49.128
49.128
49.049
49.049
48.968
49.218
49.099
48.956
48.956
48.956
48.956
48.956
48.898
48.898
48.898
48.898
48.898
48.73
48.73
48.73
48.517
48.34
48.34
48.34
48.34
48.34
48.166
48.166
48.166
48.166
48.166
48.166
48.166
48.166
48.166
48.166
48.166
48.166
48.166
48.247
48.247
48.366
48.366
48.509
48.509
48.509
48.509
48.32
48.32
48.177
48.177
47.971
48.029
47.797
47.797
47.797
47.797
47.936
47.936
47.828
47.997
47.997
47.997
47.997
48.209
48.209
48.267
48.267
48.267
48.267
48.267
48.267
48.267
48.369
48.369
48.369
48.253
48.253
48.253
48.253
48.253
48.253
48.253
48.253
47.98
47.98
47.98
47.971
47.971
47.971
47.863
47.828
47.828
47.552
47.552
47.305
47.494
47.477
47.343
47.093
47.093
46.863
46.863
46.724
46.82
46.791
46.578
46.578
46.392
46.337
46.235
45.994
45.791
45.558
45.558
45.567
45.674
45.674
45.922
45.922
45.922
46.172
46.401
46.541
46.57
46.782
46.782
46.782
47.015
47.134
47.25
47.25
47.25
47.11
47.11
47.11
47.11
47.11
47.11
47.11
46.991
46.991
47.108
46.968
46.968
46.677
46.677
46.526
46.526
46.308
46.078
46.078
46.078
45.872
45.872
45.872
45.872
45.872
45.872
45.872
45.872
45.872
46.09
46.09
46.09
46.09
46.09
46.09
46.09
46.09
46.09
46.09
45.991
45.991
45.916
46.203
46.203
46.203
46.407
46.235
46.235
46.235
46.235
46.235
46.235
46.235
46.235
46.235
46.201
46.201
46.201
46.201
46.061
45.901
45.901
45.901
45.901
45.901
45.93
45.93
45.93
45.93
45.645
45.645
45.645
45.57
45.733
45.733
45.733
45.733
45.68
45.733
45.733
45.5
45.5
45.5
45.32
45.32
45.32
45.125
45.078
45.078
45.078
45.078
45.078
45.078
45.078
45.078
45.078
45.078
45.078
45.078
45.078
45.078
44.86
44.86
44.951
44.951
45.235
45.235
45.25
45.404
45.404
45.613
45.858
45.858
46.02
46.105
45.846
46.081
46.369
46.622
46.445
46.494
46.753
46.753
47.041
47.041
47.163
47.18
47.18
47.395
47.41
47.517
47.66
47.66
47.66
47.66
47.66
47.82
47.587
47.532
47.599
47.599
47.372
47.14
47.067
46.98
46.98
47.247
47.247
47.247
47.198
47.198
47.035
47.299
47.299
47.451
47.451
47.451
47.451
47.451
47.456
47.456
47.456
47.456
47.456
47.456
47.456
47.247
47.247
47.346
47.36
47.5
47.584
47.703
47.974
48.032
48.032
48.206
48.206
48.497
48.648
48.648
48.48
48.547
48.547
48.715
48.887
49.105
49.192
49.459
49.459
49.279
49.172
49.375
49.308
49.244
49.244
49.032
49.032
49.099
49.099
49.122
48.834
48.619
48.512
48.512
48.512
48.564
48.285
48.224
48.224
48.224
48.468
48.308
48.308
48.456
48.294
48.294
48.006
48.006
48.006
48.006
47.817
47.817
47.817
47.727
47.564
47.564
47.564
47.331
47.331
47.331
47.331
47.331
47.439
47.439
47.154
47.154
47.154
47.43
47.43
47.416
47.416
47.276
47.276
47.108
47.078
47.078
47.078
47.02
47.02
47.02
47.02
46.919
46.968
46.968
46.968
46.968
46.875
46.875
46.875
46.875
46.875
46.875
46.875
46.686
46.747
46.887
47.055
47.134
47.192
47.392
47.494
47.581
47.581
47.581
47.776
47.776
47.776
47.776
47.843
48.035
48.224
48.169
48.169
48.169
48.169
47.968
47.892
47.892
47.892
47.892
47.892
47.892
47.892
47.892
47.892
47.892
47.892
47.892
47.924
47.924
48.154
48.195
48.195
48.195
48.453
48.547
48.547
48.483
48.448
48.448
48.448
48.448
48.235
48.477
48.477
48.506
48.323
48.599
48.741
48.916
48.916
48.916
48.916
48.916
48.916
48.916
48.642
48.686
48.765
48.567
48.567
48.392
48.392
48.189
48.189
48.189
48.337
48.337
48.23
48.189
48.16
48.16
48.003
48.003
48.192
48.317
48.317
48.317
48.317
48.131
48.337
48.337
48.308
48.262
48.262
48.262
48.256
48.282
48.093
47.904
47.645
47.645
47.645
47.488
47.256
47.256
47.052
46.945
46.945
46.945
46.945
46.753
46.593
46.593
46.387
46.387
46.387
46.387
46.392
46.581
46.84
46.84
46.84
46.811
46.968
47.201
47.474
47.677
47.785
47.785
47.785
47.785
47.785
47.991
47.991
47.991
47.991
47.916
47.916
47.922
47.922
48.128
48.128
48.128
48.128
48.401
48.462
48.462
48.462
48.462
48.462
48.462
48.462
48.462
48.462
48.57
48.57
48.57
48.57
48.57
48.57
48.57
48.57
48.57
48.48
48.48
48.48
48.672
48.672
48.93
48.93
49.116
49.224
49.244
49.244
49.244
49.244
49.244
49.244
49.235
49.235
49.128
49.413
49.413
49.413
49.166
49.285
49.285
49.285
49.285
49.035
48.805
48.666
48.637
48.424
48.424
48.424
48.192
48.16
48.16
48.16
48.16
47.945
47.913
47.913
47.913
47.773
47.616
47.358
47.358
47.453
47.453
47.648
47.648
47.648
47.648
47.648
47.648
47.648
47.648
47.669
47.669
47.884
47.916
47.916
47.942
48.081
48.238
48.497
48.622
48.622
48.86
48.86
48.939
48.939
49.148
49.148
49.148
49.067
49.067
48.948
48.948
48.805
48.805
48.805
48.805
48.805
48.747
48.747
48.837
48.837
48.837
48.837
48.625
48.625
48.625
48.625
48.625
48.625
48.625
48.706
48.826
48.968
48.968
48.968
48.968
48.968
48.968
48.968
48.968
48.948
48.948
48.948
49.233
49.233
49.233
49.233
49.134
49.134
49.294
49.279
49.14
49.14
49.055
49.026
48.907
48.637
48.578
48.578
48.404
49.259
49.259
49.253
49.185
49.185
49.009
48.786
48.696
48.423
48.423
48.423
48.423
48.524
48.539
48.813
48.955
48.955
49.042
49.042
49.164
49.164
49.223
49.223
49.223
49.402
49.372
49.67
49.679
49.679
49.747
49.747
49.902
49.902
50.077
50.301
50.39
50.664
50.664
50.917
50.917
50.917
50.682
50.682
50.682
50.661
50.661
50.821
50.854
50.854
50.854
50.854
50.854
50.854
50.854
50.795
51.021
51.226
51.226
51.045
50.872
50.75
50.75
50.75
50.75
50.75
50.464
50.464
50.464
50.464
50.464
50.464
50.271
50.506
50.295
50.003
49.845
49.699
49.699
49.533
49.238
49.188
49.188
49.188
49.188
49.188
49.452
49.438
49.327
49.327
49.327
49.327
49.327
49.327
49.551
49.551
49.551
49.551
49.551
49.717
50.012
50.012
50.012
50.012
50.012
50.012
49.807
49.917
49.917
49.917
49.917
50.036
50.036
50.211
50.211
50.211
50.068
50.068
50.068
50.068
49.946
49.842
49.768
49.768
49.768
49.768
50.033
50.033
49.97
49.97
49.827
49.827
49.655
49.655
49.574
49.574
49.515
49.515
49.31
49.31
49.205
49.205
49.116
49.324
49.324
49.324
49.324
49.324
49.125
49.125
49.125
49.125
49.119
49.119
49.119
49.119
49.051
48.813
48.646
48.449
48.369
48.176
47.923
47.637
47.637
48.774
48.838
48.805
48.951
48.951
49.128
49.128
49.128
49.21
48.939
49
50.053
50.269
50.269
50.378
50.378
49.241
49.119
49.271
49.329
48.354
48.354
48.512
48.512
48.512
48.682
48.92
49.164
49.244
49.244
49.313
49.313
49.509
49.509
49.702
49.726
49.759
49.759
49.759
49.759
49.923
49.923
49.923
50.042
49.836
49.836
49.836
49.866
49.866
50.077
50.042
50.042
50.042
50.042
49.818
49.818
49.818
49.818
49.818
49.818
49.818
49.595
49.595
49.595
49.595
49.595
49.595
49.595
49.595
49.738
49.685
49.982
49.982
50.137
50.137
50.271
50.494
50.729
50.729
50.729
50.94
50.94
50.94
50.94
50.815
50.518
50.396
50.396
50.396
50.396
50.396
50.396
50.396
50.685
50.851
50.851
50.601
50.601
50.601
50.601
50.774
50.598
50.598
50.693
50.693
50.42
50.342
50.342
50.244
50.244
50.244
50.03
49.94
49.759
49.759
49.759
49.857
49.857
49.857
49.857
49.676
49.676
49.676
49.676
49.676
49.676
49.676
49.574
49.574
49.589
49.574
49.408
49.265
49.265
49.179
49.179
49.446
49.324
49.324
49.324
49.324
49.324
49.324
49.324
49.265
49.083
49.083
49.083
48.905
48.729
48.432
48.432
48.432
48.432
48.363
48.33
48.33
48.155
47.932
48.217
48.128
48.182
47.908
47.908
47.908
48.11
48.11
48.277
48.277
48.286
48.387
48.354
48.438
48.452
48.452
48.452
48.595
48.36
48.652
48.738
48.696
48.878
49
49
49.024
49.024
49.024
49.024
49.024
49.199
49.259
48.994
49.116
49.116
49.021
49.318
49.497
49.497
49.497
49.53
49.827
49.827
49.896
50.021
50.021
50.19
50.366
50.399
50.622
50.622
50.622
50.857
51.131
51.173
51.173
51.173
51.173
51.438
51.217
51.313
51.313
51.313
51.313
51.518
51.366
51.226
51.226
51.107
51.009
51.009
51.009
51.009
51.009
51.009
51.009
51.009
51.009
51.009
51.009
51.009
51.009
51.009
51.009
51.009
50.813
50.813
50.813
50.813
50.813
50.973
50.973
50.768
50.961
50.961
50.961
50.961
51.021
51.021
51.021
51.021
51.214
51.214
51.214
51.214
51.214
51.214
51.214
51.214
51.479
51.479
51.479
51.479
51.479
51.479
51.479
51.625
51.625
51.625
51.625
51.327
51.327
51.327
51.116
51.116
51.116
51.116
51.116
51.116
51.116
51.116
51.321
51.321
51.11
51.11
51.11
51.11
51.11
51.321
51.321
51.321
51.321
51.313
51.048
51.048
50.783
50.783
50.783
50.943
51.241
51.241
51.476
51.476
51.476
51.476
51.476
51.476
51.476
51.476
51.476
51.476
51.476
51.476
51.476
51.75
51.75
51.75
51.75
51.75
51.75
51.75
51.75
51.75
51.914
51.914
51.914
51.914
51.914
51.923
51.807
51.524
51.307
51.089
51.089
51.089
51.027
50.884
50.884
50.711
50.711
50.631
50.571
50.366
50.262
50.173
50.024
49.967
49.768
50.82
50.646
50.396
51.584
51.378
51.175
51.175
51.175
51.175
51.356
51.106
51.106
50.819
50.881
50.881
50.881
50.881
50.991
50.991
50.991
50.991
50.991
50.991
50.991
50.991
50.991
50.991
50.991
50.991
50.991
50.991
50.991
50.991
50.991
50.991
50.991
50.991
51.194
51.041
51.041
51.041
51.041
51.041
51.291
51.291
51.291
51.291
51.291
51.291
51.291
51.291
51.291
51.291
51.291
51.291
51.291
51.291
51.203
51.203
51.075
51.075
50.922
50.922
50.922
50.922
50.922
50.922
50.922
51.075
51.075
51.181
51.181
51.181
51.181
51.181
51.181
51.181
51.181
51.181
51.181
51.181
51.181
50.956
50.956
50.956
50.95
50.747
50.469
50.469
50.469
50.3
50.05
49.756
49.841
49.622
49.506
49.7
49.7
49.7
49.7
49.609
49.609
49.388
49.388
49.388
49.388
49.388
49.591
49.869
49.869
49.869
49.869
50.119
50.119
50.119
50.119
50.119
50.119
50.119
50.119
50.119
50.119
50.119
50.119
50.119
50.119
50.119
49.944
49.634
49.634
49.634
49.634
49.528
49.528
49.513
49.513
49.363
49.247
49.156
49.156
49.028
49.028
49.028
48.966
48.966
49.272
49.084
49.25
48.938
49.209
49.209
49.384
49.313
49.622
49.622
49.825
49.878
49.694
49.694
49.459
49.459
49.459
49.647
49.359
49.375
49.347
49.347
49.463
49.463
49.463
49.569
49.584
49.734
49.734
49.863
49.863
49.778
49.841
49.841
49.841
50.153
50.153
50.225
50.225
50.409
50.644
50.644
50.341
50.628
50.628
50.628
50.888
50.888
50.888
50.728
50.728
50.728
50.728
50.516
50.516
50.216
50.144
50.144
49.838
49.647
49.647
49.413
49.413
49.413
49.241
49.178
48.994
48.994
48.994
48.994
48.994
48.809
48.809
48.809
49.081
49.081
48.058
48.058
48.119
48.119
47.244
47.244
47.5
47.5
47.792
47.973
48.262
48.262
48.318
48.542
48.545
48.545
48.589
48.589
48.792
48.955
49.054
49.113
48.195
48.366
48.517
48.602
48.619
48.619
48.619
48.619
48.619
48.619
48.36
48.36
48.36
48.36
48.36
48.36
48.36
48.36
48.36
48.36
48.36
48.157
48.157
48.157
48.157
48.157
48.157
48.172
48.43
48.509
48.509
48.645
48.645
48.645
48.645
48.645
48.645
48.849
48.878
48.878
48.927
48.971
48.971
48.971
48.971
48.971
48.971
48.971
48.971
48.971
49.189
49.189
49.189
49.189
49.189
49.224
49.157
48.924
48.823
48.823
48.997
48.997
48.997
48.997
48.997
48.933
48.715
48.715
48.715
48.715
48.715
48.715
48.715
48.715
48.715
48.715
48.831
48.831
48.831
48.831
48.927
48.927
48.927
48.834
48.834
48.834
48.785
48.637
48.637
48.637
48.369
48.18
48.18
48.023
47.733
47.733
47.503
47.503
47.503
47.381
47.381
47.189
47.023
47.023
47.023
46.991
46.991
46.733
46.733
46.733
46.733
46.503
46.503
46.317
46.276
46.276
46.169
46.369
46.369
46.369
46.349
46.349
46.349
46.349
46.349
46.349
46.09
46.09
46.09
45.997
45.997
46.227
46.227
46.227
46.384
46.384
46.674
46.39
46.39
46.39
46.39
46.39
46.39
46.619
46.5
46.532
46.642
46.642
46.642
46.852
47.081
47.366
47.366
47.366
47.366
47.366
47.366
47.366
47.366
47.366
47.625
47.884
47.884
47.884
47.977
47.977
48.163
48.163
48.163
48.163
48.163
48.163
48.163
48.163
48.163
48.163
48.078
48.078
48.282
48.282
48.282
48.282
48.282
48.282
48.282
48.282
48.282
48.282
48.134
48.265
48.122
48.122
48.122
48.122
48.015
47.802
47.922
47.922
47.922
47.922
48.134
47.884
47.884
47.884
47.849
47.849
48.125
48.41
48.41
48.334
48.305
48.305
48.401
48.401
48.401
48.401
48.11
48.015
48.015
48.015
48.049
47.974
47.951
47.951
47.733
47.733
47.773
47.773
47.936
47.936
48.023
48.023
48.023
48.023
47.991
47.991
47.991
47.991
47.991
47.991
47.991
47.991
47.991
47.991
47.991
47.823
47.823
47.823
47.765
47.765
47.663
47.663
47.474
47.474
47.474
47.474
47.474
47.474
47.474
47.474
47.474
47.474
47.474
47.474
47.474
47.474
47.285
47.285
47.285
47.308
47.555
47.788
47.846
47.811
47.811
47.811
47.811
47.811
47.811
47.811
47.672
47.381
47.381
47.23
47.099
46.881
46.651
46.651
46.651
46.445
46.587
46.488
46.488
46.474
46.474
46.297
46.157
46.157
46.157
45.985
45.866
45.866
46.006
45.948
46.238
46.238
46.238
46.238
46.39
46.099
46.099
46.099
46.317
46.25
46.48
46.48
46.48
46.48
46.308
46.398
46.18
46.387
46.387
46.387
46.119
46.119
46.119
46.119
46.119
46.119
46.259
46.259
46.259
46.517
46.517
46.517
46.517
46.517
46.517
46.366
46.366
46.366
46.366
46.366
46.366
46.366
46.538
46.756
46.756
46.756
46.756
46.756
46.988
46.988
46.817
46.817
46.817
46.817
46.654
46.654
46.735
46.735
46.735
46.735
46.735
46.942
46.942
46.942
46.942
46.834
46.637
46.637
46.637
46.66
46.66
46.837
46.837
46.669
46.843
46.706
46.61
46.683
46.683
46.683
46.683
46.683
46.683
46.683
46.683
46.779
46.779
46.779
46.779
47.012
47.012
47.012
47.012
47.012
47.012
47.012
47.012
47.012
47.093
47.093
47.093
47.093
47.044
47.044
46.831
46.831
46.831
46.831
46.831
46.831
46.831
47.035
47.035
46.942
46.753
46.753
46.767
46.767
46.672
46.672
46.672
46.672
46.672
46.39
46.134
46.134
46.134
46.134
46.105
46.105
46.105
46.105
46.105
46.105
46.105
46.198
46.038
46.038
46.038
46.038
46.038
46.038
46.038
46.038
46.038
46.038
46.038
46.256
46.256
46.256
46.256
46.256
46.221
46.221
46.052
46.052
46.052
46.052
46.052
46.052
46.052
46.052
46.052
46.052
46.052
46.052
46.052
46.253
46.206
46.206
46.206
46.206
46.206
46.206
46.11
46.11
46.113
46.113
46.093
46.093
46.093
45.878
45.878
45.846
45.846
45.846
45.846
45.846
45.82
45.68
45.523
45.523
45.265
45.265
45.14
44.901
44.823
44.634
44.424
44.424
44.424
44.424
44.424
44.424
44.424
44.424
44.424
44.424
44.587
44.587
44.587
44.587
44.587
44.587
44.59
44.59
44.59
44.59
44.567
44.41
44.125
43.971
43.718
43.555
43.267
43.218
43.218
43.218
43.044
43.029
42.922
42.922
42.922
43.064
43.064
43.064
42.922
42.922
42.715
42.715
42.983
43.233
42.959
42.959
42.959
42.959
42.959
42.959
42.959
42.959
42.959
43.128
43.128
43.128
43.064
43.064
43.006
43.006
43.006
43.006
43.006
43.006
43.006
43.006
43.006
43.006
43.006
43.174
43.174
43.174
43.174
43.128
43.128
43.128
43.128
43.128
43.035
43.035
43.02
43.02
43.02
43.02
42.814
42.602
42.602
42.485
42.515
42.311
42.311
42.57
42.57
42.57
42.57
42.462
42.712
42.712
42.712
42.712
42.712
42.712
42.552
42.552
42.395
42.105
41.953
41.953
41.724
41.724
41.613
41.613
41.404
41.404
41.119
41.119
41.096
41.096
41.096
41.096
41.096
41.096
41.096
41.096
41.282
41.424
41.291
41.448
41.738
41.983
42.212
42.212
42.212
42.422
42.706
42.648
42.663
42.741
42.741
42.741
42.741
42.762
42.762
42.762
42.762
42.762
42.762
42.762
42.762
42.747
42.488
42.41
42.41
42.273
42.273
42.273
42.273
42.273
42.273
42.07
42.041
42.041
41.828
41.779
41.779
41.779
41.779
41.779
41.779
41.779
41.779
41.779
42.038
42.247
42.247
42.247
42.247
42.247
42.247
41.956
41.956
41.956
41.956
41.956
42.16
42.189
42.189
42.189
42.023
42.023
42.023
41.884
41.715
41.715
41.715
41.715
41.715
41.715
41.715
41.959
41.959
42.026
42.026
42.218
42.218
42.218
42.218
42.218
42.218
42.218
42.218
42.047
42.047
41.828
41.828
41.828
41.828
41.828
41.561
41.561
41.561
41.459
41.459
41.459
41.558
41.573
41.712
41.797
41.916
41.916
41.974
41.974
42.148
42.439
42.439
42.506
42.506
42.677
42.677
42.895
42.895
42.895
42.895
42.628
42.895
42.895
42.895
42.895
42.895
42.895
43.157
43.157
43.157
42.962
43.221
43.241
43.241
43.084
43.084
43.084
43.084
43.084
43.27
43.198
43.198
43.198
43.448
43.506
43.625
43.576
43.497
43.497
43.294
43.294
43.192
43.192
43.084
43.116
43.116
43.116
42.927
42.669
42.669
42.669
42.669
42.436
42.436
42.436
42.436
42.468
42.468
42.468
42.468
42.468
42.468
42.352
42.352
42.352
42.352
42.352
42.352
42.352
42.352
42.541
42.541
42.541
42.799
42.799
42.799
42.799
42.799
42.956
43.189
43.189
43.392
43.392
43.392
43.392
43.392
43.392
43.392
43.392
43.392
43.392
43.392
43.392
43.358
43.145
43.145
43.145
43.145
43.145
42.988
42.988
42.776
42.776
42.628
42.628
42.628
42.628
42.628
42.349
42.297
42.297
42.297
42.099
42.099
41.936
41.927
41.846
41.846
41.561
41.384
41.36
41.189
41.07
40.779
40.747
40.747
40.747
40.747
40.715
40.767
40.767
40.767
40.538
40.735
40.735
40.898
40.898
40.898
40.898
40.98
40.98
40.721
40.721
40.628
40.628
40.628
40.805
40.805
40.977
40.977
40.977
41.096
41.096
41.096
41.096
41.128
41.128
41.128
41.128
41.128
40.855
40.855
40.855
40.855
40.855
40.855
40.855
40.855
40.855
40.855
40.855
40.855
40.855
40.802
41.02
41.02
41.02
41.087
41.087
41.087
40.89
40.855
41.026
40.916
40.916
40.628
40.84
40.581
40.331
40.331
40.331
40.331
40.331
40.549
40.36
40.36
40.221
39.962
39.677
39.529
39.433
39.23
39.23
39.23
39.23
39.23
39.23
39.015
39.148
39.148
39.148
39.148
39.093
38.904
38.898
38.782
38.782
38.663
38.663
38.445
38.445
38.346
38.331
38.192
38.108
37.988
37.988
37.875
37.817
37.817
37.642
37.352
37.352
37.352
37.285
37.285
37.285
37.113
36.895
36.895
36.628
36.628
36.727
36.741
36.506
36.645
36.645
36.73
36.59
36.709
36.709
36.767
36.767
36.933
37.108
37.398
37.398
37.465
37.465
37.637
37.855
37.942
38.209
38.442
38.442
38.442
38.442
38.285
37.994
37.75
37.52
37.52
37.311
37.026
37.012
36.933
36.933
36.933
36.933
36.913
36.913
36.913
36.913
36.913
37.07
37.36
37.605
37.834
37.834
37.834
38.119
38.119
38.119
38.119
38.119
38.119
38.119
38.119
38.119
38.076
38.076
38.076
38.076
38.076
38.076
38.076
38.076
37.858
37.858
37.858
37.858
37.858
37.823
38.473
38.518
38.708
38.708
38.949
39.182
39.182
39.381
39.381
39.604
39.604
39.604
39.604
39.604
39.64
39.64
39.64
39.345
39.345
39.369
39.369
39.589
39.622
39.622
39.741
39.741
39.741
39.741
39.964
39.964
40.217
40.217
40.217
40.217
40.009
40.009
39.866
39.568
39.568
39.414
39.414
39.19
38.955
38.955
38.863
38.652
38.652
38.652
38.652
38.795
39.092
39.092
39.092
39.092
39.315
39.315
39.315
39.315
39.527
39.527
39.42
39.42
39.42
39.42
39.146
39.146
39.146
39.146
39.146
39.146
39.146
39.146
39.146
38.982
38.982
38.723
38.723
38.554
38.494
38.238
37.967
37.967
37.711
37.985
37.693
37.854
37.565
37.565
37.509
37.509
38.421
38.421
38.375
38.375
39.122
39.122
39.019
39.019
38.778
38.778
39.606
39.782
39.689
39.689
39.67
39.67
39.724
40.003
40.003
40.186
40.25
40.25
40.526
40.84
41.151
41.212
41.215
41.215
41.263
41.481
41.587
41.833
42
41.901
41.901
41.901
41.92
41.92
41.92
41.92
41.92
41.92
41.92
41.92
41.92
41.92
41.792
41.792
41.792
41.792
41.814
41.83
41.83
41.83
42.087
42.087
42.301
42.301
42.301
42.295
42.295
42.295
42.423
42.423
42.468
42.468
42.41
42.41
42.41
42.125
42.125
41.92
41.92
41.92
41.92
41.92
41.92
41.92
41.92
41.92
41.92
41.92
41.92
42.022
42.022
41.747
41.619
41.619
41.619
41.619
41.333
41.333
41.333
41.333
41.333
41.333
41.333
41.333
41.333
41.109
41.077
41.077
41.077
41.077
41.077
41.077
41.362
41.362
41.449
41.449
41.449
41.449
41.449
41.449
41.449
41.449
41.673
41.705
41.538
41.538
41.538
41.625
41.439
41.365
41.365
41.522
41.522
41.522
41.522
41.298
41.298
42.086
41.888
42.207
42.066
41.898
41.882
41.645
41.549
41.263
40.97
40.645
40.507
40.487
40.243
40.082
40.082
40.082
40.082
40.099
40.336
40.431
40.717
40.668
40.961
41.286
41.424
41.424
40.381
40.619
40.776
39.953
39.922
39.625
39.625
39.625
39.625
39.625
39.625
39.625
39.625
39.625
39.625
39.625
39.625
39.625
39.625
39.625
39.625
39.338
39.231
39.216
39.066
39.034
38.944
38.816
38.816
38.753
38.575
38.388
38.075
38.075
38.003
38.003
38.788
38.548
38.452
38.157
38.157
38.157
38.157
38.311
38.311
38.442
38.442
38.442
38.506
38.506
38.506
38.506
38.506
38.506
38.506
38.696
38.936
38.936
39.231
39.173
39.173
39.173
39.016
39.333
39.154
39.154
39.128
38.952
38.865
38.865
38.865
38.837
38.769
38.596
38.276
38.006
37.753
37.753
37.753
37.439
37.439
37.439
37.439
37.439
37.439
37.439
37.439
37.439
37.612
37.933
38.202
38.455
38.455
38.455
38.686
39
39.016
39.016
39.103
39.103
39.103
39.304
39.327
39.327
39.327
39.327
39.333
39.333
39.029
38.974
38.974
38.766
38.481
38.481
38.481
38.308
38.051
38.051
37.827
38.01
38.01
38.244
38.244
38.423
38.423
38.564
38.564
38.606
38.606
38.856
38.856
39.029
39.029
39.131
39.131
39.369
39.369
39.628
39.792
39.949
39.949
39.965
40.173
40.285
40.571
40.689
40.689
40.74
40.74
40.776
40.949
41.205
41.205
41.429
41.548
41.548
41.548
41.76
41.76
41.987
41.987
41.987
41.987
41.987
41.987
41.987
41.869
41.641
41.821
41.821
41.551
41.865
41.865
41.699
41.699
41.689
41.59
41.59
41.59
41.696
41.696
41.429
41.429
41.157
41.157
41.452
41.452
41.772
41.798
41.67
41.67
41.67
41.881
41.881
41.881
41.939
41.776
41.561
41.308
41.301
41.074
41.074
41.074
41
41.202
41.394
41.394
41.583
41.715
41.881
41.978
42.212
42.468
42.779
42.779
42.779
42.779
42.965
43.128
43.237
43.01
43.01
43.01
43.01
42.856
42.856
42.724
42.724
42.66
42.66
42.66
42.66
42.66
42.42
42.42
42.42
42.42
42.583
42.583
42.673
42.484
42.513
42.272
42.465
42.465
42.708
42.413
41.522
41.522
41.525
41.8
41.963
41.978
42.203
41.247
41.378
41.18
40.333
40.601
40.887
40.935
40.935
40.985
40.759
40.759
40.759
40.759
40.759
40.759
40.759
40.759
40.735
40.735
40.515
41.47
42.381
42.381
42.381
42.147
41.881
41.881
41.881
41.906
41.906
42.138
42.034
41.731
41.766
41.891
41.891
41.891
42.125
42.125
42.125
42.125
42.156
41.941
41.941
41.941
42.194
42.022
41.847
41.972
41.972
41.972
41.788
41.903
41.788
41.506
41.506
41.506
41.506
41.506
41.506
41.228
41.144
41.144
41.144
41.109
41.109
41.109
41.109
41.109
41.109
41.109
41.109
40.891
41.119
41.272
41.241
41.241
41.241
41.241
41.241
41.241
41.241
41.519
41.519
41.519
41.519
41.519
41.519
41.519
41.519
41.519
41.519
41.55
41.55
41.55
41.55
41.55
41.8
41.8
41.769
41.813
41.875
42.153
42.153
42.153
41.984
41.672
41.409
41.163
41.163
40.938
40.938
40.631
40.338
40.322
40.238
40.238
40.238
40.041
40.019
40.019
40.019
40.091
39.988
40.156
40.469
40.3
40.3
40.3
39.994
40.241
40.241
40.466
40.772
40.772
40.856
40.856
40.856
40.856
40.856
40.856
40.856
40.856
40.856
40.606
40.522
40.522
40.522
40.497
40.497
40.463
40.463
40.463
40.463
40.609
40.438
40.438
40.438
40.438
41.346
41.346
41.346
41.288
41.288
41.071
40.891
40.891
40.801
40.801
40.801
40.606
40.606
40.417
40.285
40.285
40.25
40.458
40.458
40.458
40.51
40.51
40.51
40.785
40.785
40.49
40.269
40.115
39.795
39.795
39.795
39.795
39.795
39.554
39.554
39.554
39.554
39.327
39.327
39.327
39.327
39.327
39.481
39.481
39.481
39.481
39.481
39.721
39.974
39.974
39.974
39.974
40.202
40.202
40.202
40.202
40.202
40.202
40.202
40.035
39.933
39.933
39.933
39.933
40.208
40.397
40.397
40.397
40.397
40.397
40.577
40.577
40.577
40.577
40.577
40.763
40.763
40.763
40.763
40.763
40.763
40.971
40.971
41.067
41.067
41.067
41.151
40.865
40.865
41.01
41.01
41.01
40.846
40.756
40.728
40.535
40.292
40.119
40.119
40.115
39.833
39.667
39.875
39.859
39.859
39.628
39.551
39.413
39.269
38.981
38.673
39.638
39.638
39.582
39.582
39.582
39.582
39.582
39.582
39.582
39.582
39.582
39.582
39.582
39.582
39.582
39.582
39.582
39.582
39.582
39.582
39.582
39.582
39.582
39.582
39.582
39.582
40.642
40.642
40.642
40.642
40.591
40.375
40.375
40.101
39.838
39.838
39.611
39.611
39.611
39.611
39.358
39.358
39.358
39.358
39.358
39.318
39.368
39.584
39.889
39.821
40.095
40.358
40.507
40.733
40.993
41.247
40.28
40.303
40.309
40.309
40.349
40.349
40.349
40.51
40.51
40.77
40.579
40.796
41.109
41.092
41.293
41.293
41.293
41.293
41.293
41.293
41.51
41.51
41.51
41.51
41.51
41.51
41.549
41.372
41.536
41.536
41.76
42.089
42.089
42.125
42.125
42.125
42.151
42.454
42.763
42.763
42.974
43.207
43.207
43.296
43.467
43.533
43.747
43.747
43.747
43.747
43.747
43.747
43.747
43.747
43.747
43.747
43.747
43.747
44.649
44.784
44.784
44.76
44.743
44.743
44.743
44.551
44.551
44.304
44.078
43.889
43.889
43.74
43.74
43.696
43.696
43.432
43.297
43.115
43.115
43.007
43.007
42.757
42.986
43.041
42.767
42.547
42.375
42.375
42.209
42.226
42.209
42.27
42.152
42.152
42.027
42.027
41.973
41.973
41.936
41.936
41.936
41.936
41.936
41.936
41.936
42.071
42.318
42.098
42.314
42.503
42.203
42.203
42.203
42.203
42.203
42.203
42.466
42.284
42.466
42.196
42.304
42.304
42.554
42.318
42.318
42.193
42.365
42.365
42.53
42.53
42.53
42.307
42.426
42.426
42.551
42.311
42.311
42.311
42.348
42.348
42.348
42.355
42.574
42.818
43.118
43.118
43.392
43.402
43.584
43.855
43.01
43.24
43.362
43.651
43.803
44.02
42.99
43.218
43.468
43.74
44.054
43.776
43.593
43.529
43.529
43.253
42.939
42.628
42.567
42.394
42.391
42.397
42.077
42.029
42.029
41.811
41.558
41.452
41.244
41.244
40.997
40.766
40.766
40.599
40.285
40.285
40.285
40.266
40.179
40.179
40.179
40.458
40.458
40.641
40.641
40.705
40.705
40.997
40.997
41.272
41.587
41.897
42.071
42.071
42.071
42.074
42.074
42.269
42.317
42.571
42.571
42.571
42.676
42.676
42.676
42.676
42.676
42.676
42.676
42.676
42.676
42.676
42.676
42.676
42.888
42.888
42.888
42.888
42.888
42.888
42.888
42.888
42.888
42.888
42.731
42.731
42.731
42.731
42.731
42.731
42.731
42.731
42.731
42.731
42.731
42.965
42.965
42.965
42.965
43.205
43.205
43.205
43.433
43.433
43.551
43.551
43.276
43.087
43.087
43.087
43.087
43.087
43.087
42.907
42.907
42.907
42.907
42.907
42.907
42.907
42.907
42.965
42.965
42.756
42.756
42.756
42.756
42.756
42.756
43.032
43.032
43.221
43.221
43.221
43.221
43.221
43.221
43.221
43.221
43.221
43.221
43.221
43.221
43.41
43.41
43.619
43.333
43.247
43.247
43.247
43.279
43.279
43.279
43.279
43.279
43.279
43.279
43.506
43.506
43.506
43.506
43.506
43.506
43.506
43.506
43.542
43.542
43.542
43.542
43.542
43.542
43.542
43.542
43.542
43.542
43.542
43.567
43.567
43.567
43.567
43.843
43.843
43.843
43.843
43.843
43.843
43.843
43.843
43.843
43.843
43.622
43.622
43.917
44.022
44.022
44.022
44.022
44.022
44.022
44.022
44.022
44.022
44.022
44.022
44.022
44.022
44.022
44.179
44.179
44.179
44.179
44.179
44.179
44.179
44.179
44.179
44.179
44.179
44.179
43.952
43.952
43.952
43.952
43.952
43.952
43.952
43.952
43.009
43.009
43.216
43.216
43.334
43.334
43.55
43.55
43.831
43.831
43.831
43.831
43.831
43.831
44.144
44.144
44.366
44.366
44.366
44.366
44.366
44.366
44.366
44.366
44.366
44.366
44.366
44.366
44.366
44.366
44.419
44.419
44.419
44.225
44.225
44.225
44.225
43.947
43.947
43.947
43.947
43.947
43.922
43.922
43.922
43.922
43.691
43.691
43.656
43.656
43.531
43.531
43.531
43.531
43.531
43.5
43.266
43.266
43.266
43.266
43.266
43.266
43.538
43.538
43.563
43.563
43.631
43.909
44.141
44.141
44.175
44.175
44.3
44.3
44.3
44.3
44.303
44.303
44.538
44.538
44.803
44.803
44.934
44.934
45.153
45.184
45.184
45.184
45.431
45.431
45.431
45.338
45.338
45.338
45.184
45.184
45.184
44.897
44.728
44.625
44.625
44.625
44.625
44.625
44.625
44.625
44.625
44.453
44.453
44.453
44.453
44.741
44.741
44.741
44.741
44.988
44.988
45.084
45.084
45.272
45.272
45.503
45.503
45.613
45.613
45.613
45.784
45.9
45.9
45.9
45.9
45.9
45.9
45.9
45.9
45.9
45.953
46.134
46.134
46.213
46.213
46.213
46.403
46.275
46.119
46.119
45.806
45.806
45.772
45.747
45.747
45.459
45.459
45.166
45.166
44.966
44.744
44.963
44.963
44.878
44.716
44.653
44.547
44.344
44.344
44.656
44.691
44.716
45.003
45.003
45.003
45.003
45.225
45.225
45.225
45.225
45.288
45.491
45.491
45.491
45.35
45.35
45.35
45.35
45.1
45.1
45.1
45.1
45.1
45.1
45.1
45.1
45.1
45.1
45.1
45.1
45.1
44.878
44.878
44.878
44.725
44.725
44.725
44.725
44.725
44.975
45.263
45.263
45.263
45.263
45.263
45.263
45.366
45.366
45.366
45.366
45.366
45.366
45.366
45.475
45.475
45.475
45.628
45.853
45.853
45.916
45.916
45.916
45.916
45.919
46.109
46.072
46.072
46.072
46.072
45.994
45.994
45.994
45.994
46.2
46.359
46.438
46.741
45.875
45.893
46.015
46.046
46.07
46.137
46.409
46.21
46.335
46.482
45.634
45.854
45.854
45.854
45.854
46.045
46.074
45.851
45.851
45.905
45.845
45.845
45.845
45.592
45.592
45.592
45.592
45.592
45.336
45.161
45.161
45.161
45.161
45.161
45.161
45.161
45.161
45.161
45.161
45.161
45.161
45.161
45.161
45.161
45.399
45.399
45.399
45.399
45.399
45.399
45.574
45.574
45.381
45.381
45.637
45.813
45.813
45.813
45.813
45.813
45.813
45.813
45.813
45.813
45.813
45.935
45.935
46.128
46.128
45.845
45.685
45.685
45.685
45.449
45.449
45.449
45.449
45.449
45.449
45.449
45.449
45.449
45.449
45.449
45.449
45.449
45.449
45.449
45.449
45.449
45.449
45.449
45.449
45.449
45.449
45.449
45.268
45.268
45.045
45.045
45.045
44.881
44.821
44.821
44.646
44.646
44.646
44.563
44.563
44.563
44.563
44.563
44.563
44.563
44.563
44.563
44.563
44.539
44.539
44.539
44.539
44.539
44.539
44.321
44.545
44.705
44.705
44.705
44.705
44.881
44.673
44.777
44.777
44.777
44.777
44.777
44.777
44.777
44.777
44.777
44.777
44.777
44.777
44.693
44.693
44.693
44.693
44.693
44.693
44.693
44.693
44.693
44.693
44.693
44.455
44.405
44.557
44.64
44.64
44.64
44.64
44.801
44.801
44.801
44.801
44.801
44.801
44.801
44.801
44.801
44.801
44.801
44.801
44.801
44.851
44.851
44.851
44.851
44.851
44.851
44.851
44.673
44.673
44.673
44.673
44.958
45.104
45.104
45.104
45.104
44.961
44.961
44.961
44.961
44.961
44.961
44.961
44.961
44.961
45.829
45.588
45.588
45.588
45.588
45.372
45.372
45.372
45.372
45.372
45.643
45.643
45.643
45.643
45.835
45.985
46.168
45.253
45.53
45.53
45.53
45.726
45.726
46.015
46.015
46.051
46.051
46.051
46.223
46.283
46.313
46.313
46.313
46.313
46.313
46.488
46.488
46.786
46.786
46.786
46.786
46.786
46.613
46.44
46.44
46.44
46.44
46.274
46.128
46.128
46.128
46.128
45.92
45.92
45.92
45.92
45.92
45.92
45.685
45.685
45.685
45.94
46.229
46.229
46.229
46.229
46.063
46.063
46.063
45.857
45.601
45.601
45.601
45.601
45.601
45.304
45.271
45.247
44.973
44.973
44.973
44.973
44.762
44.664
44.664
44.664
44.664
44.604
44.411
44.232
44.232
44.53
44.53
44.53
44.804
44.804
44.804
44.804
44.804
45.015
45.015
45.015
45.015
45.015
45.208
45.208
45.417
45.563
45.563
45.563
45.289
45.289
45.289
45.289
46.369
46.369
46.463
46.463
46.463
46.463
46.463
46.165
46.122
46.232
46.277
46.287
46.509
46.631
46.726
46.726
46.774
46.854
46.854
46.909
46.909
47.18
47.18
47.18
47.18
47.412
47.412
47.68
47.68
47.762
47.762
47.762
47.762
47.762
47.909
47.909
47.909
47.985
48.037
48.037
48.037
48.037
48.037
48.037
47.851
47.851
47.851
47.851
47.851
47.851
47.576
47.576
47.817
47.817
47.817
47.817
47.817
47.817
47.817
47.817
47.817
47.747
47.747
47.747
47.747
47.716
47.445
47.189
47.189
47.189
47.189
47.189
47.189
47.189
46.966
46.796
46.796
46.796
46.558
46.393
46.393
46.296
46.07
46.07
45.915
45.765
45.765
45.659
45.546
45.546
45.512
45.512
45.735
45.905
45.905
45.905
45.634
45.433
45.433
45.277
45.277
45.201
45.201
44.905
44.905
44.631
44.631
44.625
44.607
44.607
44.409
44.287
44.436
44.165
44.134
44.134
43.887
43.863
43.863
43.854
43.787
43.787
43.622
43.351
43.351
43.107
42.982
42.982
42.695
42.549
42.549
42.335
42.07
41.957
41.732
41.463
41.323
41.323
41.122
41.323
41.323
41.552
41.29
41.195
41.351
41.171
40.954
41.03
41.03
40.793
41.088
41.088
40.829
41.104
41.104
41.104
40.805
40.823
40.823
40.945
40.945
40.976
40.976
41
41
41.067
41.067
40.354
40.354
40.476
40.354
40.497
40.497
40.756
41.552
41.777
41.777
42.04
42.22
42.22
42.22
42.22
42.22
42.39
42.39
42.39
42.39
42.442
42.567
42.567
42.567
42.765
42.765
42.765
42.765
42.765
42.521
42.25
42.25
42.25
42.25
42.25
42.25
42.07
42.07
42.07
42.07
41.857
41.826
41.826
41.826
41.826
41.826
41.826
41.729
41.729
41.729
41.729
41.729
41.729
41.729
41.729
41.729
41.729
41.729
41.729
41.729
41.729
41.729
41.729
41.729
41.729
41.729
41.518
41.518
41.448
41.445
41.412
41.351
41.305
41.11
40.835
40.588
40.351
40.216
40.012
40.012
39.777
39.622
39.393
39.308
39.198
39.198
39.177
39.177
39.171
39.171
39.171
39.171
39.171
39.006
38.97
38.97
38.97
38.97
38.97
38.97
38.97
38.97
38.97
38.97
38.97
38.97
38.936
38.936
38.933
38.933
38.933
38.933
38.881
38.881
38.686
38.872
38.872
39.027
39.012
39.098
39.125
39.308
39.54
39.704
39.707
39.976
39.976
39.179
39.179
39.193
39.193
39.408
39.408
39.408
39.408
39.536
39.536
39.67
39.67
39.67
39.432
39.432
39.432
39.432
39.432
39.432
39.256
39.307
39.36
39.604
38.814
38.823
38.57
38.61
38.587
38.622
38.558
38.672
38.456
38.689
38.657
38.924
38.808
38.808
38.808
38.98
38.977
38.759
38.512
38.39
38.674
38.674
38.674
38.674
38.698
38.698
38.698
38.698
38.814
38.814
38.814
39.032
39.032
39.032
39.323
39.323
39.529
39.337
39.337
39.337
39.078
39.078
39.078
39.209
38.997
38.855
38.855
38.858
38.953
38.953
38.703
38.683
38.497
38.497
38.378
38.378
38.378
38.378
38.517
38.517
38.517
38.299
38.299
38.299
38.299
38.009
38.009
38.009
37.741
37.741
37.741
37.741
37.535
37.535
37.535
37.535
37.535
37.346
37.491
37.782
37.814
37.837
38.105
38.378
38.387
38.573
38.779
38.945
39.023
39.023
39.023
39.081
39.27
39.27
39.27
39.27
39.526
39.392
39.392
39.142
39.142
39.142
39.142
39.142
39.142
39.142
39
39
39
39
39
39.282
39.282
39.282
39.267
39.267
39.215
39.215
39.215
39.215
39.215
39.215
39.215
39.215
39.358
39.358
39.358
39.358
39.57
39.57
39.57
39.453
39.453
39.267
39.267
39.267
39.267
39.32
39.32
39.32
39.32
39.32
39.32
39.32
39.436
39.436
39.436
39.436
39.436
39.436
39.436
39.227
39.227
39.227
39.227
39.227
39.227
39.227
38.977
38.805
38.805
38.805
38.805
38.805
38.642
38.642
38.642
38.683
38.683
38.727
38.677
38.895
38.776
38.884
38.884
38.884
38.695
38.974
39.262
39.288
39.288
39.375
39.625
39.706
39.878
39.93
39.93
39.994
39.994
40.096
40.096
40.096
40.311
40.311
40.474
40.68
40.68
40.451
40.599
40.599
40.509
40.576
40.576
40.401
40.401
40.186
40.305
40.203
40.203
40.203
40.392
40.285
40.285
40.285
40.285
40.285
40.235
40.067
40.067
39.994
39.994
39.817
40.047
40.137
40.311
40.526
40.628
40.814
40.922
41.16
41.16
41.16
41.16
40.968
41.017
40.869
41.038
40.965
40.965
40.683
40.683
40.422
40.422
40.404
40.581
40.465
40.436
40.413
40.349
40.09
39.971
39.831
39.578
39.363
39.363
39.363
39.363
39.363
39.363
39.363
39.48
39.509
39.509
39.509
39.767
40.055
40.055
40.055
40.055
40.055
40.055
39.802
39.637
39.578
39.314
39.064
38.779
38.497
38.497
38.494
38.276
38.233
38.233
38.137
38.137
38.137
38.137
38.137
37.988
37.907
37.881
37.706
37.485
37.328
37.326
37.07
36.919
36.904
36.695
36.695
36.57
37.307
37.307
37.307
37.307
37.307
37.256
37.256
37.256
37.256
37.256
37.256
37.256
37.256
37.256
37.256
37.256
37.256
37.256
37.256
37.256
37.256
37.256
37.256
37.256
37.256
37.256
37.149
37.104
37.095
36.878
36.759
36.667
36.619
36.542
36.542
36.488
36.223
36.223
36.17
36.17
35.926
35.699
35.565
35.304
35.295
35.214
35.173
35.173
35.137
34.994
34.878
34.64
34.366
34.473
34.473
34.473
34.518
35.18
35.189
35.412
35.534
35.588
35.683
35.933
35.982
36.119
36.198
36.207
35.592
35.634
35.688
35.723
35.988
35.988
35.988
36.226
36.351
36.625
36.625
36.625
36.625
36.801
36.881
36.881
37.024
37.039
37.039
37.256
37.256
37.256
37.256
37.53
37.53
37.58
37.58
37.58
37.58
37.58
38.201
38.238
38.238
38.238
38.537
38.762
38.762
38.61
38.305
38.271
38.247
37.966
37.68
37.671
37.476
37.259
37.085
37.003
37.003
36.942
36.744
36.744
36.744
36.744
36.744
36.744
37.024
37.024
37.024
37.024
37.241
37.241
37.241
37.241
37.241
37.439
37.439
37.439
37.439
37.439
37.439
37.439
37.439
37.439
37.439
37.439
37.439
37.439
37.439
37.439
37.439
37.439
37.439
37.692
37.759
37.774
38.046
38.128
38.262
38.405
38.637
38.753
38.905
39.088
39.088
39.302
39.332
39.335
39.387
39.607
39.607
39.363
39.363
39.363
39.101
38.921
38.921
38.921
38.921
38.695
38.524
38.524
38.524
38.524
38.524
38.399
38.399
38.201
38.375
38.637
38.817
38.823
38.823
38.823
39.049
39.22
39.268
39.268
39.226
39.524
39.524
39.576
39.701
39.701
39.899
39.899
39.598
39.299
39.299
39.076
38.905
38.905
38.905
38.905
38.905
38.905
39.134
39.134
39.134
39.134
39.134
39.134
39.134
39.134
39.134
39.134
39.134
39.134
39.134
39.134
38.985
39.018
39.018
39.018
39.018
38.896
38.896
38.896
38.866
38.866
38.866
38.866
38.866
38.866
38.866
38.866
38.595
38.595
38.595
38.595
38.595
38.817
38.817
38.988
38.988
38.988
39.189
39.189
39.189
39.354
39.354
39.451
39.451
39.451
39.451
39.451
39.451
39.451
39.573
39.723
39.625
39.655
39.655
39.655
39.762
39.762
39.762
39.762
39.762
39.762
39.762
39.762
39.762
39.762
39.762
39.921
39.677
39.677
39.677
39.677
39.677
39.677
39.677
39.677
39.677
39.476
39.451
39.451
39.451
39.451
39.451
39.451
39.451
39.451
40.313
40.313
40.313
40.313
40.313
40.313
41.106
41.106
41.106
41.106
41.106
41.051
41.051
41.051
41.051
41.33
41.356
41.426
41.426
41.663
41.753
41.788
41.788
41.917
41.917
41.994
41.994
41.997
41.997
42.237
42.237
42.237
42.51
42.51
42.51
42.494
42.66
42.429
42.429
42.337
42.567
42.288
42.288
42.003
42.141
41.824
41.824
41.689
41.978
41.958
42.266
42.029
42.08
41.923
41.984
41.673
41.471
41.526
41.526
41.526
41.526
41.526
41.526
41.369
41.369
41.135
41.135
41.135
41.446
41.446
41.446
41.446
41.561
41.561
41.718
41.718
41.952
41.952
41.952
42.967
42.859
42.905
42.905
42.905
42.602
42.602
42.602
42.602
42.602
42.602
42.602
42.602
42.602
42.421
42.421
42.414
42.414
42.671
42.974
43.151
43.158
43.158
43.158
43.161
43.388
43.388
43.388
43.569
43.569
43.569
43.602
43.602
43.576
43.414
43.355
43.053
42.845
42.845
42.684
42.684
42.487
42.487
42.283
42.283
41.977
41.674
41.674
41.674
41.674
41.674
42.578
42.578
42.25
42.01
41.97
41.97
41.97
41.97
41.774
41.774
42.865
42.865
44.054
43.821
43.821
43.821
43.821
43.821
43.611
43.968
43.968
43.968
43.996
44.325
44.325
44.325
44.5
44.5
44.436
44.436
44.436
44.143
44.143
44.396
44.236
44.236
44.236
44.225
44.225
44.225
44.175
44.175
44.175
44.132
44.132
44.132
44.132
44.132
44.364
44.079
44.121
43.793
43.793
43.793
44
43.789
43.861
43.861
43.861
43.925
43.925
43.925
43.925
43.925
44.136
43.936
43.936
43.936
43.986
44.029
44.029
44.029
44.029
44.029
44.239
45.404
45.404
45.404
45.224
45.015
44.699
44.482
44.474
44.474
44.474
44.202
43.996
43.996
43.636
43.636
43.574
43.423
43.423
43.184
43.184
43.5
43.717
43.717
43.717
43.717
43.989
44.195
44.195
44.195
44.195
44.257
44.408
44.408
44.647
44.647
44.647
44.647
44.868
44.868
44.592
44.353
44.353
44.353
44.092
44.092
43.956
43.96
44.239
44.511
43.368
43.636
43.586
42.521
42.469
41.639
41.385
41.625
41.5
41.726
41.726
41.851
41.527
41.193
41.162
41.061
40.966
40.905
40.831
40.713
40.713
40.713
40.473
40.301
40.223
40.223
40.223
40.223
40.223
40.223
40.223
40.223
40.223
40.223
40.223
40.223
40.223
40.223
40.223
40.223
40.223
40.223
40.223
40.223
39.885
39.639
39.639
39.639
39.639
39.639
39.544
39.233
39.233
39.233
39.233
39.176
39.176
39.176
39.176
39.176
39.176
39.176
39.176
39.176
39
38.959
38.959
38.959
38.716
38.716
38.716
38.385
38.24
38.24
37.936
38.182
37.858
37.635
37.689
37.635
37.635
37.757
37.693
37.693
37.97
37.912
37.912
38.223
38.223
38.223
38.223
38.28
38.453
38.318
38.318
38.318
38.412
38.378
38.378
37.398
37.398
37.398
37.28
37.477
37.477
37.477
37.428
37.678
37.678
37.717
37.707
37.885
37.885
38.036
37.796
36.83
36.667
36.667
36.667
36.538
36.821
36.821
37.135
37.035
37.202
37.202
37.151
37.167
37.083
37.314
37.048
36.197
36.403
36.347
36.481
36.641
36.363
36.363
36.441
36.441
36.441
36.441
36.309
36.309
36.309
36.309
36.309
36.309
36.309
36.309
36.434
36.35
36.403
36.403
36.434
36.434
36.459
36.309
36.309
36.588
36.716
36.716
36.866
36.866
36.866
36.866
36.866
37.094
37.219
37.219
37.219
37.219
37.219
37.219
37.497
37.497
37.497
37.497
37.497
37.497
37.497
37.497
37.497
37.8
37.8
37.541
37.472
37.456
37.178
37.094
36.956
36.809
36.572
36.453
36.297
36.109
36.109
35.891
35.859
35.856
35.803
35.556
35.459
35.272
35.531
35.3
34.506
34.399
34.415
34.22
34.491
34.378
34.46
34.21
33.527
33.527
33.667
33.667
33.893
33.893
33.215
33.166
33.311
33.142
33.317
33.317
33.317
33.317
33.52
33.52
33.549
33.549
33.372
33.375
33.424
33.424
33.424
33.424
33.424
33.424
33.424
33.532
33.532
33.532
33.532
33.532
33.532
33.701
33.701
33.701
33.701
33.701
33.956
33.956
33.916
33.916
33.916
33.916
33.916
34.015
33.968
33.968
33.968
33.677
33.677
33.654
33.387
33.387
33.387
33.288
33.288
33.081
33.081
33.081
33.081
33.081
32.892
32.826
32.826
33.116
33.148
33.172
33.439
33.712
33.712
33.898
34.105
34.105
34.183
34.183
34.241
34.43
34.148
34.148
34.148
34.148
34.044
34.044
34.708
34.708
34.491
34.491
34.491
34.491
34.491
34.491
34.491
34.491
34.491
34.491
34.491
34.491
34.491
34.491
34.491
34.768
34.914
34.955
34.714
34.857
34.955
35.19
35.301
35.527
35.527
35.705
35.705
35.902
35.848
36.068
35.896
35.896
36.176
36.176
36.238
36.238
36.411
36.411
36.155
36.384
36.384
35.765
35.765
35.814
35.698
35.77
35.77
35.695
35.695
35.715
35.73
35.782
35.791
35.945
36.14
35.91
36.009
36.07
36.291
36.407
36.625
36.811
36.811
36.811
36.858
36.666
36.808
37.064
37.064
37.064
37.064
37.064
37.064
36.814
36.814
36.642
36.642
36.642
36.642
36.427
36.265
36.265
36.265
36.265
36.215
36.096
36.096
36.061
35.872
35.872
35.872
36.122
36.294
36.294
36.294
36.294
36.509
36.672
36.672
36.672
36.672
36.721
36.84
36.84
36.84
37.029
37.029
37
36.802
36.75
36.75
36.75
36.75
36.709
36.674
36.674
36.674
36.674
36.674
36.503
36.503
36.503
36.503
36.503
36.503
36.538
36.538
36.77
36.77
36.77
36.942
37.154
37.154
37.34
37.282
37.195
37.195
36.936
36.936
36.683
36.66
36.596
36.381
36.349
36.233
37.024
37.021
36.798
36.545
36.545
36.545
36.568
36.568
36.789
36.821
36.94
36.94
36.94
36.94
37.164
37.164
37.164
37.012
36.929
36.902
36.723
36.497
36.336
36.333
36.071
35.917
35.902
35.688
35.616
35.488
35.488
35.488
35.488
35.682
35.682
35.682
35.682
35.682
35.631
35.512
35.512
35.512
35.595
35.595
35.595
35.595
35.595
35.595
35.455
35.455
35.455
35.455
35.455
35.173
35.173
35.173
35.173
35.173
35.173
35.173
35.173
34.958
34.958
34.958
34.958
34.741
34.789
34.789
34.592
34.44
34.366
34.366
34.366
34.366
34.247
34.217
34.193
34.193
33.929
33.929
33.807
33.589
33.446
33.28
33.28
33.28
33.28
33.28
33.28
33.119
33.119
33.024
33.024
33.024
33.024
33.024
33.024
33.024
33.024
32.878
32.878
32.878
33.143
33.143
33.039
33.039
33.039
33.039
33.039
33.039
32.801
32.801
32.801
32.801
32.801
32.801
32.801
32.801
32.86
32.86
32.714
32.714
32.917
32.917
32.917
32.917
32.643
32.589
32.792
32.589
32.589
32.589
32.589
32.589
32.783
33.015
33.015
33.015
33.015
33.015
33.015
33.015
33.015
33.015
33.06
33.06
33.205
33.205
33.205
33.205
33.205
33.024
32.878
33.039
33.039
32.905
32.905
32.905
32.905
32.905
32.905
32.905
32.905
32.905
32.905
32.905
32.711
32.711
32.711
32.857
32.759
32.563
32.563
32.563
32.563
32.801
32.801
32.801
32.801
32.801
32.801
32.801
32.503
32.47
32.446
32.173
31.893
31.711
31.711
31.521
31.31
31.31
31.229
31.229
31.17
30.976
31.125
31.423
31.455
31.479
31.753
32.033
32.042
32.232
32.443
32.443
32.226
32.226
32.307
32.461
32.521
32.714
32.714
32.714
32.714
32.714
32.714
32.714
32.458
32.283
32.283
32.283
32.283
32.283
32.065
31.845
31.798
32.402
32.293
32.293
32.043
32.043
31.762
31.762
31.762
31.71
31.659
31.534
31.534
31.534
31.534
31.335
31.335
31.335
31.335
31.299
31.473
31.332
31.595
31.595
31.774
31.476
31.482
31.591
30.97
31.188
31.408
31.455
31.622
31.729
32.006
32.25
32.542
32.815
32.815
32.878
32.929
32.979
33.101
33.378
33.378
33.565
33.759
33.893
34.14
34.176
34.313
34.313
34.604
34.866
35.086
35.164
35.449
35.449
35.449
35.449
35.449
35.449
35.449
35.42
35.42
35.232
35.054
35.054
34.878
34.756
34.601
34.512
34.295
34.235
33.997
33.708
33.708
33.708
33.708
33.708
33.708
33.536
33.536
33.318
33.199
33.199
33.199
33.199
33.199
33.199
32.935
32.935
32.935
32.935
32.935
32.935
32.935
32.935
33.042
33.086
33.095
33.313
33.432
33.432
33.432
33.509
33.509
33.563
33.827
33.827
33.827
33.827
33.827
33.908
33.908
33.908
33.631
33.485
33.443
33.301
33.202
32.967
32.857
32.631
32.452
32.256
32.036
31.756
31.693
31.521
31.292
31.292
31.345
31.113
31.063
31.25
31.176
31.321
31.506
31.31
31.31
31.586
31.586
31.732
31.774
31.774
31.917
32.015
32.25
32.36
32.586
32.747
32.926
33.122
33.342
33.342
33.342
33.622
33.685
33.857
33.294
33.52
33.57
33.57
33.642
33.642
33.663
33.892
33.892
34.035
34.203
34.297
34.581
34.581
34.843
34.843
35.061
35.061
35.061
35.061
35.061
35.061
35.061
35.061
35.061
35.061
35.061
35.026
34.945
34.945
34.945
34.712
34.712
34.712
34.712
34.712
34.712
34.541
34.541
34.541
34.541
34.593
34.593
34.831
34.831
34.831
34.831
34.831
34.831
34.872
34.872
34.907
34.907
34.666
34.779
34.779
34.715
34.948
34.948
34.971
34.956
35.224
35.224
34.965
34.965
34.965
34.887
35.058
34.93
34.794
34.677
34.677
34.456
34.456
34.456
34.456
34.41
34.299
34.299
34.154
34.305
34.099
34.099
34.099
33.924
33.924
34.201
34.201
34.201
33.997
33.997
33.968
33.968
34.774
34.774
34.723
34.723
34.723
34.723
34.723
34.723
34.723
34.723
34.723
34.723
34.723
34.723
34.765
34.765
34.81
34.81
35.033
35.033
35.143
35.143
35.143
35.143
35.429
35.429
35.429
35.429
35.429
35.429
35.429
35.429
35.429
35.429
35.429
35.429
35.429
35.429
35.533
35.533
35.821
35.821
36.098
36.31
36.304
36.429
36.446
36.446
36.676
36.676
36.676
35.927
36.038
36.18
36.201
36.413
36.544
36.544
36.677
36.956
36.956
37.108
37.308
37.459
37.459
37.459
37.459
37.288
37.288
37.288
37.11
37.11
37.392
37.622
37.622
37.622
37.622
37.622
37.622
37.718
37.834
37.834
37.863
37.863
37.863
37.863
37.863
37.863
37.863
37.863
37.863
37.863
37.863
37.863
37.863
37.863
37.863
37.863
37.971
37.971
38.163
38.163
38.163
38.311
38.288
38.36
38.642
38.642
38.642
38.759
38.788
38.811
38.811
39.07
39.07
39.07
39.07
39.07
39.145
39.145
39.145
39.145
39.145
39.145
39.145
39.145
39.145
39.145
39.145
39.145
39.145
39.317
39.317
39.32
39.552
39.552
39.552
39.552
39.552
39.552
39.552
39.648
39.843
40.11
40.218
40.218
40.378
40.378
40.436
40.483
40.483
40.483
40.573
40.573
40.596
40.596
40.625
40.625
40.625
40.625
40.416
40.27
39.98
39.948
39.924
39.657
39.384
39.375
39.189
38.983
38.983
38.983
39.015
38.936
38.785
38.727
38.625
38.436
38.436
38.436
38.436
38.436
38.436
38.703
38.703
38.703
38.701
38.887
39.093
39.093
39.093
39.093
39.093
39.282
39.282
39.116
38.866
38.834
38.663
38.657
38.552
39.339
39.119
38.952
38.676
38.384
38.607
38.607
38.86
38.81
38.81
38.688
38.688
38.432
38.238
38.238
38.238
38.238
38.238
38.238
38.14
38.14
38.14
38.14
37.902
37.902
37.902
37.902
37.902
37.711
37.711
37.711
37.711
37.711
37.711
37.711
37.711
37.884
37.884
37.884
37.735
37.89
37.985
37.985
38.202
38.238
38.042
38.122
38.122
38.122
38.304
38.304
38.304
38.304
38.304
38.19
38.19
38.19
38.28
38.074
38.074
38.315
38.491
38.491
38.223
38.461
38.488
38.542
38.542
38.542
38.765
38.765
39.03
39.03
39.03
39.03
39.03
39.03
39.03
38.732
38.732
38.732
38.732
38.521
38.643
38.643
38.747
38.747
38.896
39.092
39.205
39.411
39.679
39.771
39.771
39.771
40.068
40.28
40.527
40.729
40.729
40.729
40.729
40.729
40.729
40.729
40.729
40.729
40.619
40.619
40.619
40.619
40.619
40.619
40.446
40.446
40.446
40.446
40.446
40.446
40.446
40.446
40.446
40.446
40.211
40.211
40.211
40.211
40.211
40.211
40.211
40.211
40.211
40.211
40.211
40.065
40.065
40.301
40.301
40.301
40.301
40.301
40.423
40.423
40.423
40.423
40.423
40.423
40.64
40.64
40.64
40.64
40.818
40.818
40.818
40.818
40.818
40.818
40.818
40.818
40.818
40.818
41.039
41.039
41.039
41.039
41.039
41.039
41.143
41.262
41.262
41.262
41.262
41.262
41.262
41.262
41.262
41.262
41.262
41.262
41.262
41.262
41.262
41.262
41.262
41.262
41.262
41.262
41.226
41.226
41.42
41.42
41.42
41.42
41.583
41.583
41.583
41.583
41.583
41.583
41.583
41.583
41.411
41.411
41.411
41.351
41.351
41.351
41.351
41.351
41.351
41.351
41.351
41.351
41.524
41.524
41.524
41.524
41.688
41.688
41.688
41.688
41.688
41.688
41.688
41.688
41.688
41.688
41.688
41.688
41.86
41.685
41.661
41.842
41.842
41.842
41.622
41.589
41.589
41.381
41.262
41.408
41.408
41.408
41.408
41.408
41.185
41.185
41.185
41.185
41.185
41.185
41.185
41.185
41.185
41.22
41.17
41.193
41.193
41.119
41.185
41.357
41.577
41.577
41.61
41.61
41.729
41.729
41.729
41.729
41.732
41.732
41.955
42.131
42.131
42.131
42.131
42.101
42.101
42.205
42.205
42.205
42.205
42.205
42.205
42.205
42.205
42.235
42.235
42.235
42.235
42.235
42.446
42.446
42.301
42.301
42.003
42.003
42.003
42.095
42.095
42.351
42.351
42.351
42.298
42.065
41.792
41.631
41.625
41.625
41.625
41.622
41.417
41.417
41.417
41.417
41.253
41.253
41.253
40.988
41.009
41.08
41.363
41.086
41.095
40.949
40.163
40.122
40.262
40.122
40.381
40.285
40.334
40.105
40.105
39.997
39.997
39.776
40.055
39.881
39.968
39.776
39.965
39.75
39.75
39.477
39.416
39.247
39.023
38.797
38.747
38.674
38.945
39.087
39.128
39.267
39.363
39.593
39.701
39.701
39.599
39.773
39.523
39.715
39.715
39.93
39.93
39.93
40.099
40.099
40.326
40.375
40.448
40.448
40.448
40.448
40.395
40.157
40.157
40.157
40.116
40.116
40.081
39.968
39.735
39.468
39.468
39.297
39.349
39.587
39.718
39.718
39.759
39.794
39.794
40.026
40.294
40.294
40.465
40.273
40.125
40.052
39.77
39.77
39.77
39.863
39.747
39.718
39.718
39.695
39.695
39.436
39.436
39.436
39.436
39.436
39.628
39.776
39.849
39.849
39.849
39.849
39.965
39.994
39.994
39.994
39.994
39.994
39.762
39.762
39.922
40.012
39.744
39.744
39.744
39.817
39.817
39.817
39.817
39.817
39.817
39.846
39.846
39.846
39.846
39.75
39.75
39.75
39.75
39.956
39.956
39.956
39.956
39.956
39.814
39.814
39.814
39.814
39.814
40.047
39.834
39.834
39.788
39.788
39.683
39.683
39.683
39.445
39.445
39.445
39.177
39.177
39.116
39.116
39.067
39.067
38.797
38.797
38.613
38.613
38.483
38.483
38.241
38.241
38.206
38.206
38.073
38.073
38.073
38.183
38.183
37.898
37.898
38.012
38.012
38.012
38.224
38.224
38.27
38.375
38.613
38.881
38.942
38.991
39.262
39.445
39.576
39.576
39.61
39.61
39.61
39.895
40.177
40.462
40.183
40.183
39.898
39.616
39.52
39.602
39.634
39.64
39.64
39.64
39.64
39.64
39.64
39.64
39.64
39.64
39.64
39.64
39.64
39.73
39.73
39.73
39.73
39.73
39.73
39.73
39.73
39.898
39.808
39.526
39.256
39.238
39.015
38.91
38.799
38.657
39.557
40.299
40.189
41.053
41.006
40.863
40.853
40.625
40.5
40.5
40.803
40.803
40.803
40.803
40.803
40.722
40.722
40.722
40.722
40.666
40.666
40.388
40.541
40.541
40.541
40.541
40.541
40.769
40.769
40.769
40.769
40.769
40.769
40.684
40.684
40.684
40.684
40.684
40.684
40.397
40.397
40.509
40.509
40.556
40.356
40.366
40.144
40.372
40.372
40.497
40.497
39.604
39.604
39.652
39.652
39.732
39.534
38.839
38.902
38.955
39.22
39.455
39.732
39.732
39.857
39.151
39.407
39.485
39.73
39.869
39.849
39.834
39.782
39.773
39.619
39.424
39.326
39.035
38.974
38.753
38.637
38.451
38.451
38.451
38.451
38.451
38.451
38.451
38.451
38.451
38.451
38.451
38.451
38.451
38.451
38.451
38.233
38.076
38.076
38.076
38.076
37.904
38.052
38.052
38.052
38.052
38.052
38.052
38.052
38.331
38.331
38.331
38.331
38.509
38.509
38.727
38.727
38.727
38.727
38.727
38.898
38.898
39.102
39.102
39.102
38.872
38.872
38.872
38.872
38.872
39.015
39.015
39.166
39.166
39.36
39.36
39.477
39.532
39.703
39.721
39.852
39.948
40.227
40.485
40.625
40.814
40.814
40.846
40.846
40.878
41.087
41.087
41.116
41.317
41.317
41.602
41.721
41.625
41.721
41.526
41.753
41.485
41.485
41.715
41.608
41.84
41.84
41.84
41.68
41.68
41.622
41.581
41.581
41.535
41.491
41.491
41.273
41.183
41.076
41.076
41.076
41.052
40.773
40.773
40.773
40.744
40.744
40.744
40.744
40.744
40.744
40.744
40.744
40.744
40.642
40.738
40.738
40.535
40.535
40.535
40.802
40.596
40.703
40.703
40.703
40.703
40.703
40.762
40.762
40.802
40.802
40.846
40.846
40.846
41.064
41.064
41.172
41.172
41.172
41.172
41.43
41.43
41.709
41.709
41.709
41.997
41.997
41.997
41.997
41.997
41.997
41.997
42.078
42.078
42.078
42.18
42.18
42.18
42.387
42.387
42.366
42.366
42.137
41.994
41.826
41.733
41.448
41.448
41.186
41.186
40.968
40.968
40.968
40.968
40.988
41.218
41.36
41.529
41.622
41.907
41.962
41.962
42.044
42.262
42.285
42.285
42.285
42.285
42.093
41.945
41.872
41.872
41.872
41.872
41.756
41.727
41.727
41.727
41.727
41.727
41.727
41.727
41.727
41.919
42.067
42.14
42.422
42.683
42.701
42.817
42.846
42.869
42.933
43.192
43.311
43.451
43.451
43.666
43.395
43.253
43.253
43.442
43.401
43.262
43.262
43.166
43.166
42.936
42.936
42.828
42.828
42.654
42.462
42.247
42.247
42.247
42.195
42.026
41.788
41.788
41.657
41.43
41.43
41.381
41.34
41.267
41.233
41.233
41
41
40.733
40.875
40.875
40.875
40.703
40.843
40.843
40.843
40.895
40.895
41.134
41.134
41.265
41.265
41.273
41.273
41.314
41.314
41.349
41.349
41.462
41.462
41.695
41.863
42.131
42.131
42.366
42.366
42.538
42.538
42.538
42.538
42.32
42.32
42.064
41.858
41.858
42.148
42.349
42.349
42.349
42.349
42.506
42.328
42.198
42.198
42.198
42.198
41.98
41.98
41.98
41.98
41.98
41.948
41.948
41.948
41.948
41.948
41.948
42.166
42.166
42.166
42.166
42.166
42.166
42.166
42.166
42.166
42.166
42.163
42.163
42.14
42.076
41.86
41.828
41.712
41.712
41.709
41.491
41.491
41.491
41.491
41.491
41.491
41.491
41.491
41.491
41.491
41.491
41.491
41.491
41.491
41.491
41.491
41.491
41.491
41.538
41.538
41.538
41.369
41.23
41.375
41.488
41.547
41.547
41.625
41.645
41.645
41.642
41.924
41.924
41.703
41.965
41.965
41.75
41.843
41.843
41.738
41.89
41.89
41.672
41.858
42.015
41.892
42.047
42.14
41.866
41.866
41.866
41.948
41.741
41.64
41.666
41.773
41.578
41.578
41.82
42.087
41.98
41.98
42.07
42.27
42.27
42.27
42.372
42.372
42.578
42.578
42.578
42.703
42.703
42.866
42.866
42.866
43.157
43.157
43.157
43.326
43.326
43.297
43.297
43.297
43.506
43.506
43.506
43.299
43.299
43.299
43.299
43.299
43.299
43.299
43.049
43.049
43.049
43.049
43.049
43.049
43.049
43.049
43.049
43.049
43.049
43.049
43.049
43.049
43.049
43.049
43.049
43.049
43.049
43.299
43.087
43.041
42.936
42.698
42.43
42.369
43.327
43.051
42.863
43.771
43.771
43.735
43.735
43.735
44.522
44.75
44.75
44.75
44.75
45.038
45.038
45.091
45.091
45.091
44.966
44.966
44.906
44.906
44.722
44.419
44.456
44.438
44.438
44.438
44.297
44.297
44.297
44.194
44.194
44.194
43.894
43.894
43.616
43.616
43.466
43.313
43.109
43.109
43.075
42.847
42.847
42.847
42.972
42.972
43.156
43.156
43.156
43.259
43.259
43.538
43.688
43.891
43.925
43.925
43.925
43.678
43.678
43.491
43.259
43.15
43.15
43.15
43.038
43.038
42.991
42.991
42.981
42.981
42.753
42.753
42.628
42.628
42.531
42.35
42.3
42.3
42.219
42.219
41.959
41.959
42.978
42.782
42.497
43.309
43.171
42.921
42.632
43.693
43.358
43.074
42.912
42.912
42.895
42.946
42.956
43.203
43.338
43.338
43.338
43.338
43.338
43.399
43.699
43.699
43.699
43.699
43.699
43.699
43.699
43.861
43.639
43.466
43.382
43.054
42.75
42.73
42.595
42.561
42.534
42.459
42.159
42.02
41.858
41.858
41.608
41.547
41.27
41.118
41.108
41.061
41.02
40.889
40.618
40.307
40.034
40.941
41.003
41.288
40.324
40.334
40.382
40.422
40.554
40.824
41.135
40.319
40.319
40.513
40.352
40.352
40.194
40.194
40.194
40.194
40.194
40.194
40.194
40.194
40.194
40.194
40.003
40.003
40.003
40.003
40.003
40.003
40.164
40.211
40.368
40.477
40.737
40.859
40.859
41.056
41.056
41.056
41.056
41.056
41.247
41.247
41.247
41.247
41.247
41.214
41.105
41.105
40.803
40.681
40.681
40.681
40.615
40.615
40.615
40.615
40.615
40.615
40.615
40.615
40.615
40.615
40.615
40.724
40.944
41.247
41.368
41.638
41.819
41.885
41.938
41.141
41.24
41.5
41.526
41.83
41.862
41.862
41.862
41.827
41.827
41.596
41.564
41.343
41.343
41.029
40.897
40.792
40.542
40.288
40.032
40.032
40.067
40.298
40.33
40.551
40.744
41.058
41.189
41.295
41.545
41.545
41.801
41.801
41.564
41.333
41.205
41.205
41.016
41.016
41.016
40.91
40.91
40.625
40.471
40.263
40.228
40.356
40.356
40.545
40.545
40.545
40.651
40.651
40.936
41.09
41.298
41.298
41.298
41.141
41.141
41.141
41.141
41.141
41.141
41.141
41.141
41.103
41.103
40.917
40.917
40.917
40.917
40.917
40.917
40.728
40.728
40.728
40.885
40.885
40.885
40.885
40.885
40.885
40.885
40.885
40.923
40.923
40.923
40.987
40.987
40.987
40.987
40.987
41.176
41.176
41.176
41.154
40.843
40.554
40.452
40.285
40.08
39.91
39.859
39.859
39.83
39.785
39.519
39.471
39.372
39.131
39.019
38.901
38.901
38.901
38.721
38.413
38.093
37.776
37.59
37.59
37.59
37.5
37.5
37.5
37.5
37.5
37.811
37.699
37.699
37.699
37.801
37.801
37.968
37.74
37.74
37.74
37.74
37.74
37.74
37.74
37.74
37.785
37.785
37.833
37.946
38.186
38.186
38.304
38.304
38.304
38.304
38.612
38.798
39.115
39.144
39.24
39.33
39.388
39.458
39.571
39.785
39.785
40.013
40.176
40.176
40.154
39.901
39.744
39.558
39.455
39.141
39.08
39.08
38.913
38.824
38.513
38.272
38.247
38.247
38.247
38.247
38.247
38.404
38.212
38.397
38.397
38.397
38.397
38.397
38.397
38.638
38.638
38.638
38.638
38.593
38.359
38.359
38.359
38.359
38.064
38.064
38.01
38.01
38.01
38.01
38.01
38.01
37.971
37.971
37.971
37.971
38.205
38.205
38.205
38.205
38.5
38.5
38.554
38.554
38.554
38.554
38.554
38.593
38.593
38.593
38.593
38.593
39.375
40.294
40.294
40.294
40.294
40.294
40.051
40.051
40.051
40.051
40.291
40.291
40.291
40.291
40.291
40.291
40.291
40.291
40.291
40.291
40.291
40.527
40.747
41.081
41.081
41.081
41.081
41.081
41.149
41.436
41.598
41.598
41.598
41.889
41.889
41.828
41.828
41.551
41.554
41.554
41.726
41.574
41.682
41.791
41.78
41.959
42.014
42.014
42.014
42.014
42.014
41.966
42.091
42.091
42.051
42.051
42.25
42.118
42.304
42.554
42.554
42.642
42.372
42.372
42.554
42.824
43.064
43.311
43
43.324
43.051
42.851
42.851
42.851
42.851
42.851
42.851
42.851
42.851
42.851
42.851
42.851
42.851
42.851
42.851
42.851
42.851
42.851
42.851
42.851
42.561
42.561
42.679
42.679
42.774
42.774
42.774
42.858
42.858
42.858
42.693
42.693
42.645
42.679
42.517
42.517
42.405
42.405
42.139
42.378
42.253
42.253
42.253
42.253
42.051
42.051
42.051
42.051
42.051
42.051
42.051
42.341
42.341
42.145
42.145
42.145
42.145
42.145
42.459
42.625
42.672
42.834
42.946
43.213
43.338
42.447
42.645
42.862
43.105
43.105
43.414
42.369
42.554
42.801
43.051
43.106
42.106
42
41.875
41.875
41.691
41.691
41.691
41.691
41.644
41.541
41.531
41.531
41.303
41.025
40.9
40.75
40.75
40.547
40.547
40.547
40.547
40.547
40.491
40.616
40.338
40.338
40.338
40.522
40.522
40.522
40.522
40.522
40.522
40.625
40.625
40.625
40.625
40.625
40.475
40.475
40.678
40.678
40.791
40.838
40.847
41.075
41.2
40.29
40.338
40.418
39.702
39.756
40.021
40.298
40.423
39.703
39.959
40.038
40.282
40.422
40.375
40.375
40.23
40.116
40.058
39.98
39.98
39.98
39.98
39.98
39.98
39.823
39.73
39.648
39.541
39.273
39.073
39.073
39.073
39.073
39.073
39.073
39.131
39.209
39.209
39.209
39.209
39.209
39.209
39.366
39.459
39.541
39.648
39.916
40.116
40.116
40.116
39.898
39.942
40.049
40.096
40.314
40.538
40.547
40.628
40.814
40.988
41.198
41.198
41.424
41.424
41.628
41.628
41.724
41.724
41.724
41.724
41.82
41.82
41.82
41.82
41.82
41.82
41.82
41.82
41.82
41.82
41.82
41.82
41.82
41.82
41.82
41.82
41.82
41.724
41.529
41.262
41.154
40.916
40.756
40.698
40.651
40.398
40.308
40.073
40.049
39.773
39.744
39.744
39.744
39.744
39.84
40.035
40.302
40.047
40.154
40.392
40.552
40.61
40.657
40.657
40.747
40.983
41.006
41.282
41.311
41.311
41.416
41.416
41.416
41.416
41.416
41.384
41.174
41.343
41.314
41.529
41.328
41.328
41.154
41.154
40.869
40.951
40.831
41.116
41.02
41.049
40.823
40.823
40.823
40.823
40.59
40.59
40.59
40.59
40.59
40.82
40.82
40.82
40.82
40.82
40.82
40.991
40.991
40.991
40.991
40.991
41.11
41.11
41.11
41.11
41.343
41.343
41.343
41.343
41.061
41.061
40.968
40.817
40.817
40.817
40.817
40.817
40.817
40.817
40.715
40.573
40.573
40.573
40.573
40.404
40.404
40.404
40.404
40.404
40.404
40.404
40.404
40.404
40.404
40.404
40.404
40.404
40.506
40.506
40.506
40.506
40.674
40.462
40.491
40.663
40.863
41.003
41.023
41.142
41.209
41.256
41.36
41.605
41.895
41.895
41.948
42.044
42.044
42.151
42.314
42.172
42.172
41.974
42.023
42.09
42.241
42.398
42.48
42.48
42.48
42.692
42.692
42.89
42.89
42.814
42.814
42.672
42.672
42.672
42.555
42.555
42.384
42.384
42.384
42.384
42.616
42.52
42.52
42.52
42.52
42.52
42.52
42.331
42.331
42.448
42.503
42.27
42.442
42.459
42.59
42.686
42.965
43.224
43.363
43.552
43.584
43.395
43.395
43.395
43.395
43.602
43.602
43.413
43.413
43.27
43.27
43.224
43.038
43.038
42.767
42.625
42.584
42.445
42.349
42.119
42.012
41.791
41.616
41.424
41.209
41.911
41.848
42.692
42.457
42.457
42.22
43.222
43.144
43.294
43.603
43.603
43.603
43.756
43.8
43.95
43.95
43.675
43.778
44.025
44.025
44.025
44.025
44.025
44.025
44.025
44.025
44.206
44.206
44.206
44.206
44.206
43.978
43.978
43.978
43.675
43.675
43.388
43.388
43.334
43.334
43.334
43.334
43.647
43.647
43.609
43.609
43.772
43.919
43.919
44.078
44.022
44.022
43.744
43.972
43.972
43.972
43.972
44.259
44.259
44.313
44.313
44.313
44.313
44.313
44.313
44.313
44.35
44.35
44.35
44.35
44.388
44.156
44.113
44.066
43.831
43.716
43.716
43.416
43.106
43.078
42.984
42.897
42.841
42.772
42.663
42.453
42.453
42.231
42.072
42.072
42.072
41.797
41.797
42.031
42.147
42.147
42.147
42.456
42.456
42.456
42.456
42.456
42.456
42.566
42.566
42.566
42.566
42.566
42.566
42.516
42.434
42.434
42.388
42.388
42.388
42.141
42.275
42.275
42.213
42.213
42.459
42.559
42.616
42.616
42.616
42.4
42.4
42.4
42.603
42.603
42.603
42.603
42.603
42.831
42.831
43.016
43.016
42.803
43.1
43.1
43.1
43.1
43.1
42.878
42.878
42.878
42.878
42.878
42.878
42.878
42.878
42.878
42.878
42.878
43.1
43.1
43.1
43.1
43.1
43.1
43.1
43.325
43.325
43.413
43.216
43.216
43.216
43.063
42.881
42.881
42.881
42.881
42.881
42.881
42.647
42.647
42.647
42.647
42.669
42.916
43.069
43.25
43.35
43.656
43.716
43.716
43.803
44.038
44.063
44.063
44.063
43.95
43.903
43.894
43.666
43.497
43.372
43.275
43.225
43.144
42.884
42.828
42.828
42.872
42.594
42.303
42.172
42.172
42.047
41.809
41.809
41.534
41.45
41.188
41.197
41.047
41.131
41.131
40.831
40.831
40.831
40.831
41.059
41.184
41.184
41.184
41.184
41.184
41.184
41.184
41.184
41.184
41.184
41.184
41.184
41.184
41.184
41.184
41.184
41.184
41.016
41.016
40.984
40.984
41.184
41.184
41.184
41.184
41
41
41
40.756
40.756
40.647
40.647
40.559
40.559
40.366
40.366
40.288
40.288
40.288
40.256
40.256
40.256
40.256
40.034
40.034
40.034
40.034
39.872
39.872
39.872
39.603
39.747
39.856
39.925
40.013
40.256
40.256
40.297
40.297
40.297
40.375
40.375
40.397
40.397
40.456
40.294
40.294
40.325
40.325
40.522
40.784
40.784
41.006
41.3
41.3
41.3
41.3
41.566
41.566
41.566
41.834
41.834
41.834
41.834
41.534
41.534
41.534
41.534
41.534
41.534
41.534
41.534
41.606
41.606
41.606
41.606
41.497
41.497
41.497
41.497
41.497
41.316
41.316
41.441
41.441
41.441
41.634
41.656
41.656
41.656
41.959
41.959
42.241
42.341
42.341
41.466
41.466
41.662
41.662
41.823
41.896
41.896
41.896
41.896
41.896
41.896
41.896
40.926
41.173
41.265
41.369
40.552
40.715
41.006
41.174
40.927
40.927
40.927
40.831
40.831
40.805
40.61
40.343
40.183
40.076
39.959
39.721
39.666
39.506
39.334
39.276
39.259
39.212
39.081
39.081
39.081
38.985
39.821
39.536
39.295
39.03
39.006
38.863
38.58
38.387
38.357
38.324
38.324
39.149
39.442
39.479
39.479
39.601
39.796
40.009
40.009
40.189
40.067
40.168
40.168
40.372
40.372
40.652
40.753
40.866
41.159
41.409
41.68
41.723
41.89
42.037
42.037
42.098
42.296
42.415
42.463
42.463
42.463
42.5
42.765
42.933
43.03
43.125
43.125
43.372
43.372
43.402
43.427
43.427
43.427
43.54
43.57
43.57
43.57
43.634
43.634
43.634
43.634
43.832
44.088
44.088
44.088
44.195
44.195
44.195
44.195
44.396
44.396
44.396
44.396
44.271
44.448
44.448
44.448
44.448
44.448
44.448
44.47
44.47
44.47
44.524
44.524
44.524
44.524
44.655
44.655
44.622
44.622
44.622
44.527
44.527
44.527
44.527
44.527
44.527
44.585
44.735
44.802
44.802
44.802
44.915
44.915
44.966
44.966
44.966
45.268
45.268
45.445
45.338
45.338
45.338
45.049
45.049
45.049
45.049
45.049
45.049
45.049
44.924
44.924
44.924
44.924
44.68
44.68
44.713
44.713
44.933
44.963
44.963
44.963
45.262
45.387
45.488
45.488
45.729
45.973
45.973
45.973
45.973
45.973
45.973
45.973
45.973
45.973
45.973
45.729
45.729
45.729
45.729
45.729
45.668
45.585
45.561
45.561
45.561
45.561
45.561
45.561
45.561
45.396
45.396
45.299
45.213
45.101
44.82
44.61
44.61
44.61
44.61
44.659
44.659
44.659
44.659
44.777
44.838
44.921
44.921
45.113
45.302
45.302
45.302
45.302
45.466
45.466
45.564
45.564
45.564
45.677
45.957
45.957
46.168
46.168
46.055
46.055
46.055
46.055
46.055
46.055
46.055
46.055
46.055
46.055
46.055
46.055
45.93
45.93
45.93
45.93
45.93
45.93
45.93
45.991
45.991
46.213
46.213
46.213
46.213
46.213
46.213
46.213
46.122
46.122
46.122
46.122
46.122
46.122
45.899
45.899
46.003
46.076
45.927
45.93
45.887
46.125
46.36
46.412
46.683
46.683
46.893
46.747
45.69
45.92
45.774
45.821
45.723
45.777
45.774
45.789
44.73
44.991
44.997
44.997
44.767
44.767
44.767
44.767
44.767
44.767
44.767
45.017
45.134
45.134
45.363
45.212
45.212
45.212
45.212
45.462
45.561
45.561
45.561
45.561
45.561
45.561
45.561
45.561
45.561
45.561
45.561
45.561
45.561
45.561
45.561
45.561
45.561
45.561
45.561
45.561
45.811
45.811
45.811
45.776
45.776
45.776
45.776
45.776
45.817
45.817
45.817
45.817
45.817
45.817
45.817
45.648
45.648
45.826
45.826
45.826
45.826
45.826
45.826
45.826
45.826
45.767
45.767
45.767
45.767
45.767
45.93
45.93
45.93
45.93
45.93
45.93
45.93
45.93
45.93
45.93
46.189
46.189
46.189
46.189
46.189
46.189
46.189
46.017
46.017
46.017
45.785
45.785
46.076
46.076
46.076
46.076
46.076
46.076
46.076
46.076
46.076
46.076
46.076
46.366
46.189
46.067
46.067
46.067
46.067
46.067
46.067
46.285
46.285
46.078
46.078
46.078
46.078
46.078
46.078
46.078
46.078
46.078
46.331
46.235
46.235
46.235
46.064
46.064
46.07
45.84
45.84
46.052
46.052
46.148
46.308
46.308
46.416
46.695
46.477
46.259
46.485
46.395
46.395
46.395
46.395
46.395
46.113
46.113
46.113
45.953
45.953
45.953
45.953
45.953
45.953
45.953
45.802
45.802
45.802
45.802
45.945
45.945
46.212
46.471
46.529
46.605
46.605
46.605
46.605
46.767
46.767
46.767
46.927
46.927
47.067
47.067
47.067
47.067
47.067
47.096
47.096
47.096
47.299
47.299
47.299
47.299
47.299
47.299
47.299
47.331
47.331
47.331
47.128
47.23
47.23
47.23
47.017
47.017
47.017
47.017
46.75
46.75
46.701
46.701
46.701
46.701
46.701
46.701
46.701
46.701
46.701
46.666
46.666
46.666
46.666
46.666
46.497
46.709
46.756
46.756
46.756
47.023
47.023
47.023
47.023
47.023
47.023
47.023
47.058
47.058
47.058
47.058
47.058
47.058
47.058
46.948
46.948
46.948
46.948
46.948
46.948
46.948
46.948
46.948
46.913
46.913
46.913
46.884
46.802
46.802
46.802
46.802
46.613
46.613
46.613
46.613
46.613
46.613
46.401
46.401
46.619
46.448
46.448
46.448
46.448
46.448
46.637
46.637
46.637
46.637
46.637
46.637
46.637
46.52
46.52
46.52
46.692
46.52
46.352
46.352
46.352
46.352
46.256
45.977
45.718
45.578
45.578
45.39
45.39
45.39
45.506
45.506
45.677
45.677
45.677
45.677
45.677
45.677
45.677
45.677
45.677
45.677
45.677
45.677
45.677
45.866
45.866
45.866
45.866
45.866
45.866
45.866
46.044
46.044
46.212
46.212
46.212
46.212
46.16
46.16
46.16
46.16
45.901
46.041
46.041
46.041
46.041
46.041
46.041
46.041
46.041
46.041
46.041
46.273
46.273
46.273
46.201
46.201
46.201
46.201
46.201
46.201
46.201
46.201
46.201
46.201
46.201
46.201
45.916
45.916
45.916
45.916
45.916
45.916
45.916
45.916
45.916
45.916
45.916
45.916
45.916
46.105
46.105
46.105
46.105
46.073
46.073
45.98
46.122
45.887
45.744
46.032
46.032
46.032
46.235
46.235
46.235
46.235
46.235
46.494
46.494
46.494
46.305
46.305
46.349
46.349
46.349
46.538
46.538
46.538
46.538
46.538
46.538
46.538
46.358
46.337
46.055
45.794
45.701
45.549
45.549
45.363
45.209
45.209
46.214
46.134
46.107
45.86
45.768
45.664
46.625
46.686
46.515
46.515
47.366
47.366
47.184
47.184
47.184
47.184
47.184
47.184
47.184
47.284
47.284
47.284
47.284
47.05
46.878
46.878
46.878
46.878
46.878
46.878
46.878
46.878
46.878
46.878
46.878
46.878
46.981
46.981
46.981
47.109
47.294
47.403
47.403
47.403
47.403
47.403
47.403
47.563
47.563
47.406
47.406
47.519
47.694
47.694
47.694
47.694
47.694
47.694
47.728
47.881
47.675
47.988
47.988
47.988
47.988
48.216
48.216
48.097
48.278
48.278
48.469
48.253
48.434
48.703
48.831
49.006
48.725
48.956
48.956
48.956
49.159
49.331
49.234
49.234
49.272
49.444
49.497
49.497
49.497
49.497
49.497
49.534
49.222
49.222
49.303
49.303
49.303
49.303
49.081
49.081
48.822
48.609
48.813
48.813
48.813
48.813
48.813
48.813
48.584
48.584
48.584
48.584
48.584
48.584
48.584
48.584
48.584
48.35
48.234
48.234
48.234
47.925
47.925
47.925
47.925
47.925
47.925
47.816
47.816
47.816
47.816
47.816
47.816
47.816
47.863
48.097
48.097
48.097
48.097
48.097
48.097
48.097
48.097
48.097
48.097
48.097
48.097
48.097
48.097
48.097
48.097
48.097
48.097
48.097
48.097
47.869
48.968
48.968
48.968
48.968
48.968
48.968
48.968
48.968
48.968
48.968
48.968
48.968
48.968
48.968
48.968
48.74
48.74
48.74
48.74
48.74
48.74
48.51
48.51
48.42
48.42
48.647
48.785
48.785
48.785
48.785
48.785
48.785
48.785
48.875
48.875
48.837
48.734
48.734
48.702
48.702
48.583
48.583
48.583
48.375
48.375
48.375
48.375
48.375
48.375
48.189
48.189
48.189
48.189
48.189
48.228
48.33
48.561
48.593
48.728
48.846
47.866
47.913
48.116
47.076
46.202
46.22
46.286
46.548
46.714
46.955
47.128
47.128
46.929
46.97
46.97
47.083
46.985
46.786
46.512
46.402
46.158
45.994
45.935
45.887
45.628
45.536
45.295
45.271
45.271
45.241
45.241
45.241
45.241
45.146
44.881
44.789
44.726
44.72
44.72
44.583
44.479
44.414
44.33
44.214
43.982
43.943
43.869
43.848
43.792
43.762
43.574
43.324
43.113
42.833
42.833
42.833
42.833
42.58
42.342
42.342
42.342
42.086
42.086
42.086
42.086
42.223
42.223
42.327
42.327
42.393
42.393
42.476
42.476
42.708
42.708
42.747
42.747
42.821
42.821
42.842
42.842
42.899
42.899
42.929
42.929
42.929
42.929
42.929
42.929
43.14
43.14
43.14
43.14
43.14
43.232
43.485
43.723
43.723
43.997
44.253
44.435
44.241
44.241
44.241
44.241
44.241
44.339
44.318
44.318
44.083
44.083
43.938
43.938
43.765
43.732
43.836
43.741
43.527
43.58
43.289
43.259
43.259
43.202
43.202
43.202
43.348
43.348
43.348
43.515
43.515
43.432
43.14
43.36
43.36
43.137
43.015
43.015
43.015
42.991
42.893
43.131
43.131
43.131
43.131
43.131
43.131
42.896
42.896
42.658
42.658
42.658
42.658
42.658
42.81
42.81
43.104
43.25
43.283
43.283
43.455
43.67
43.67
43.67
43.699
43.699
43.699
43.905
43.935
43.935
43.935
43.935
43.935
43.935
43.935
44.018
44.14
44.363
44.461
44.461
44.461
44.461
44.461
44.461
44.699
44.699
44.699
44.58
44.58
44.405
44.405
44.405
44.405
44.405
44.405
44.405
44.405
44.211
44.211
44.33
44.33
44.506
44.506
44.506
44.506
44.506
44.506
44.506
44.699
44.699
44.699
44.848
44.917
44.917
45.086
44.881
44.881
44.881
44.881
44.881
44.881
44.881
44.881
44.881
44.881
44.881
44.881
44.881
44.881
44.881
44.881
44.881
44.881
44.881
44.729
44.729
44.708
44.708
44.637
44.637
44.354
44.354
44.345
44.345
44.176
43.89
43.747
43.747
43.482
43.482
43.432
43.432
43.432
43.25
43.25
43.25
42.964
42.741
42.652
42.652
42.458
42.458
42.458
42.458
42.458
42.283
42.435
42.435
42.435
42.435
42.637
42.637
42.637
42.637
42.637
42.929
43.11
43.11
43.333
43.494
43.494
43.658
43.717
43.893
43.738
43.738
43.545
43.545
43.545
43.545
43.545
43.545
43.545
43.369
43.369
43.369
43.563
43.563
43.563
43.563
43.563
43.563
43.563
43.738
43.738
43.738
43.577
43.36
43.313
43.313
43.313
43.039
43.039
43.039
43.039
43.039
43.039
43.039
43.039
43.039
43.039
43.039
43.003
43.003
43.003
43.003
43.003
43.003
43.003
43.003
43.003
43.003
43.095
43.19
43.19
43.318
43.423
43.634
43.771
43.771
43.955
44.039
44.271
44.271
44.435
44.598
44.598
44.839
44.994
45.021
44.973
44.973
44.973
44.973
45.018
45.018
45.018
45.018
45.253
45.253
45.253
45.253
45.253
45.253
45.253
45.426
45.634
45.848
45.732
45.78
45.78
45.78
45.72
45.815
45.735
45.735
45.735
45.771
45.771
45.893
46.089
45.902
45.911
46.122
46.122
45.938
46.057
46.057
46.179
46.179
46.179
46.185
46.479
46.479
46.479
46.479
46.479
46.479
46.318
46.36
46.265
46.265
46.265
46.265
46.265
46.411
46.411
46.411
46.411
46.506
46.506
46.506
46.396
46.542
46.542
46.542
46.798
46.524
46.524
46.318
46.318
46.318
46.318
46.318
46.318
46.318
46.378
46.458
46.458
46.458
46.458
46.458
46.458
46.619
46.714
46.798
46.908
46.908
46.908
46.908
46.908
46.908
46.908
46.908
46.813
46.813
46.813
46.813
46.813
46.813
46.813
46.813
46.708
46.708
46.542
46.244
46.071
46.071
46.071
46.071
46.071
46.071
46.071
46.071
46.071
46.071
46.071
46.071
46.071
46.071
46.071
46.071
46.071
46.244
46.244
46.42
46.42
46.42
46.42
46.542
46.542
46.753
46.753
46.753
46.753
47.018
46.72
46.601
46.601
46.426
46.426
46.426
46.426
46.426
46.426
46.426
46.232
46.232
46.196
46.101
45.887
45.857
45.732
45.622
45.393
45.348
45.155
46.122
45.869
45.851
45.784
45.537
45.36
45.36
45.317
45.317
45.201
45.238
45.335
45.335
45.366
45.366
45.366
45.366
45.366
45.564
45.564
45.564
45.564
45.564
45.564
45.741
45.747
45.747
46.046
46.046
46.165
46.165
46.415
46.415
46.646
46.848
46.924
47.229
47.497
47.787
47.506
47.235
47.174
47.095
47.095
47.095
46.924
46.924
46.756
46.756
46.756
46.756
46.726
46.726
46.512
46.512
46.512
46.512
46.512
46.793
46.793
46.793
46.793
46.793
46.793
46.793
46.793
46.96
46.96
46.96
46.96
46.96
46.96
46.96
46.96
46.96
46.96
46.96
46.96
46.744
46.613
46.613
46.613
46.613
46.613
46.613
46.613
46.527
46.78
46.997
47.128
47.363
46.375
46.432
46.438
46.652
46.696
46.78
46.78
46.735
46.512
46.512
46.512
46.512
46.512
46.512
46.512
46.512
46.512
46.512
46.512
46.512
46.512
46.512
46.512
46.512
46.512
46.345
46.125
46.125
45.887
45.887
45.887
45.887
45.887
45.735
45.44
45.44
45.44
45.44
45.411
45.411
45.378
45.378
45.164
45.134
44.929
45.021
45.021
45.188
45.188
45.408
45.286
45.286
45.188
45.426
45.426
45.426
45.426
45.426
45.188
45.188
45.188
45.188
45.188
45.482
45.515
45.515
45.729
45.729
45.759
45.759
45.964
45.994
46.173
46.173
46.464
46.464
46.586
46.685
46.685
46.92
47.158
47.202
47.304
47.318
47.461
46.442
46.561
46.561
46.619
46.785
46.959
47.25
47.25
47.317
47.561
47.733
47.951
47.951
48.218
48.218
48.084
47.983
47.919
47.837
47.61
47.573
47.5
47.48
47.424
47.395
47.395
47.395
47.189
47.189
47.189
47.189
46.942
46.942
46.692
46.692
46.692
46.692
46.692
46.692
46.692
46.692
46.692
46.692
46.692
46.692
46.692
46.692
46.692
46.692
46.692
46.692
46.692
46.692
46.942
47.058
47.058
47.058
46.869
46.869
46.715
46.715
46.715
46.715
46.715
46.715
46.544
46.544
46.544
46.733
46.733
46.733
46.733
46.733
46.733
46.733
46.904
46.904
47.061
47.25
47.25
47.25
47.25
47.25
47.25
47.25
47.25
47.25
47.25
47.25
47.25
47.25
47.25
47.25
47.25
47.25
47.25
47.081
47.081
47.081
47.081
47.081
47.081
47.081
47.081
47.081
47.081
47.081
47.081
47.081
47.081
47.081
47.081
47.081
47.25
47.25
47.25
47.25
47.41
47.238
47.238
47.238
47.238
47.032
46.913
46.913
46.706
46.706
46.706
46.706
46.878
47.16
47.16
47.16
47.279
47.279
47.485
47.485
47.485
47.485
47.485
47.485
47.485
47.485
47.485
47.485
47.485
47.485
47.485
47.485
47.343
47.343
47.174
47.174
47.174
47.174
47.174
47.174
47.174
47.174
47.174
47.093
46.875
46.945
46.945
47.038
47.038
47.201
47.201
47.218
47.32
47.349
47.453
47.578
47.826
47.991
48.195
48.328
48.573
48.68
48.68
48.767
48.767
48.817
48.817
48.817
48.817
48.817
48.724
48.724
48.901
48.898
48.898
48.651
48.608
48.5
48.453
48.235
48.012
48.003
47.922
47.735
47.561
47.352
47.352
47.125
47.125
46.922
46.922
46.826
46.826
46.826
46.826
46.826
46.826
46.75
46.75
46.75
46.75
46.75
46.75
46.75
46.75
46.75
46.75
46.75
46.75
46.75
46.75
46.75
46.75
46.471
46.738
46.506
46.456
46.39
46.238
46.081
46.081
46
46
46
45.788
45.788
45.59
45.59
45.59
45.64
45.64
45.706
45.706
45.858
45.858
46.015
46.157
46.238
46.355
46.355
46.355
46.407
46.407
46.619
46.619
46.619
46.619
46.619
46.619
46.619
46.619
46.619
46.715
46.715
46.715
46.715
46.715
46.715
46.715
46.773
46.584
46.584
46.584
46.529
46.387
46.323
46.323
46.323
46.215
46.215
46.166
46.166
46.166
45.878
45.878
45.878
45.878
46.02
46.02
46.02
46.02
46.128
46.128
46.177
46.177
46.177
46.177
46.177
46.177
46.119
46.119
46.331
46.424
46.424
46.424
46.424
46.212
45.924
45.878
45.878
45.843
45.75
45.75
45.721
45.721
45.721
45.721
45.721
45.532
45.532
45.532
45.532
45.532
45.532
45.363
45.363
45.41
45.41
45.41
45.41
45.41
45.445
45.445
45.445
45.445
45.445
45.445
45.445
45.445
45.634
45.634
45.634
45.634
45.634
45.634
45.634
45.634
45.634
45.634
45.634
45.634
45.535
45.52
45.381
45.297
45.177
44.974
44.974
44.916
44.75
44.576
44.285
44.285
44.218
45.021
44.845
44.622
44.622
44.348
44.348
44.449
44.464
44.607
44.607
44.729
44.729
44.789
44.789
44.789
45.086
45.086
45.155
45.155
45.33
45.554
45.554
45.827
45.827
45.827
45.827
45.827
45.827
45.768
45.688
45.688
45.688
45.688
45.688
45.688
45.527
45.432
45.348
45.238
45.238
45.238
45.238
45.238
45.238
45.238
45.238
45.238
45.238
45.238
45.238
45.238
45.238
45.238
45.238
45.238
45.238
45.238
45.238
45.238
45.238
45.238
45.238
45.494
45.577
45.783
45.527
45.527
45.783
45.783
45.783
45.631
45.631
45.631
45.631
45.631
45.631
45.631
45.631
45.631
45.631
45.631
45.631
45.631
45.631
45.467
45.467
45.467
45.467
45.467
45.467
45.467
45.467
45.467
45.467
45.467
45.571
45.571
45.571
45.571
45.795
46.092
46.092
46.092
46.092
46.125
46.125
46.125
46.208
46.208
46.208
46.208
46.36
46.36
46.193
45.973
46.024
45.863
45.863
46.074
46.31
46.527
46.717
46.86
47.098
47.393
47.399
46.41
46.456
46.317
46.076
45.869
45.744
45.52
45.384
45.328
45.323
45.113
45.07
44.988
45.23
45.436
45.561
45.785
45.922
45.977
45.983
46.192
46.235
46.317
46.18
46.18
46.09
46.142
45.98
45.887
45.672
45.672
45.439
45.439
45.439
45.439
45.439
45.439
45.439
45.439
45.151
44.98
44.98
44.98
44.98
44.951
44.919
44.919
44.919
44.709
44.709
44.68
44.68
44.48
44.305
44.305
44.02
43.913
44.076
43.956
43.956
43.86
43.86
43.86
44.093
43.863
43.863
43.631
43.631
43.587
43.587
43.587
43.735
43.767
43.767
43.977
43.977
44.006
44.006
44.206
44.206
44.381
44.41
44.41
44.41
44.529
44.529
44.625
44.625
44.625
44.625
44.855
44.855
45.087
45.087
45.087
45.087
45.087
45.087
45.087
45.087
45.087
44.948
44.759
44.759
44.759
44.759
44.759
44.759
44.759
44.759
44.759
44.759
44.759
44.759
44.759
44.759
44.587
44.419
44.419
44.599
44.599
44.619
44.808
45.09
45.09
45.09
45.09
45.183
45.183
45.183
45.183
45.369
45.581
45.581
45.547
45.547
45.547
45.718
45.718
45.718
45.718
45.718
45.82
45.82
45.82
45.983
45.983
46.151
46.151
45.98
45.698
45.698
45.698
45.578
45.578
45.372
45.372
45.372
45.372
45.544
45.544
45.544
45.544
45.544
45.544
45.75
45.75
45.75
45.75
45.75
45.483
45.483
45.483
45.483
45.483
45.483
45.483
45.483
45.323
45.323
45.323
45.323
45.323
45.323
45.323
45.323
45.323
45.323
45.323
45.59
45.849
45.907
45.983
46.087
46.087
46.25
46.25
46.151
46.311
46.297
46.395
46.256
46.32
46.32
46.32
46.201
46.23
46.23
46.517
46.459
46.663
46.663
46.663
46.663
46.663
46.372
46.372
46.372
46.372
46.305
46.305
46.134
45.916
45.916
45.648
45.648
45.747
45.747
45.887
45.887
46.006
46.006
46.064
46.064
46.064
46.355
46.355
46.355
46.355
46.526
46.744
46.744
46.744
46.744
46.744
46.468
46.398
46.305
46.142
46.125
46.023
45.994
45.89
45.765
45.517
45.352
45.148
45.015
44.77
44.77
44.77
44.663
44.663
44.663
44.663
44.663
44.663
44.756
44.756
44.919
44.919
44.919
44.919
44.919
44.919
44.919
44.919
44.919
44.919
44.919
44.919
44.919
44.919
44.919
44.919
44.919
44.919
44.919
44.919
44.919
44.919
44.919
44.919
44.669
44.669
44.669
44.669
44.669
44.669
44.669
44.669
44.669
44.669
44.669
44.669
44.669
44.669
44.669
44.669
44.669
44.669
44.669
44.919
44.802
44.971
44.738
44.532
44.57
44.509
44.358
44.593
44.593
44.733
44.453
44.453
44.247
44.247
44.017
44.017
43.805
43.974
43.788
43.788
43.648
43.648
43.416
43.416
43.128
43.172
43.166
43.267
43.154
43.317
43.27
43.27
43.27
43.27
43.27
43.27
43.27
43.27
43.27
43.27
43.27
43.235
43.235
43.235
43.235
43.235
43.235
43.235
43.235
43.047
43.047
43.047
43.047
43.047
43.047
43.047
43.047
43.047
43.047
43.047
43.047
43.047
42.817
42.852
42.945
42.945
42.974
42.974
42.974
42.974
42.974
43.163
43.163
43.163
43.163
43.163
43.163
43.331
43.331
43.183
43.183
43.183
43.183
43.183
43.395
43.395
43.395
43.105
43.105
43.003
42.994
43
43.067
42.881
42.881
43.163
43.372
43.372
43.372
43.372
43.372
43.372
43.372
43.372
43.372
43.372
43.372
43.372
43.372
43.279
43.201
43.201
43.201
43.201
43.433
43.433
43.433
43.433
43.433
43.433
43.433
43.433
43.433
43.381
43.381
43.381
43.488
43.491
43.491
43.491
43.491
43.323
43.108
43.108
43.108
44.051
44.826
44.796
44.796
44.796
44.796
44.796
44.796
45.669
45.669
45.669
45.484
45.484
45.478
45.688
45.381
45.259
45.259
45.003
44.766
44.559
44.481
44.169
43.894
43.941
43.644
43.538
43.538
43.538
43.538
43.538
43.516
43.366
43.372
43.372
43.372
43.678
43.503
43.375
43.497
43.806
43.806
44.063
44
44.238
44.238
44.238
44.238
44.444
44.444
44.522
44.522
44.209
44.522
44.522
44.797
44.797
44.797
45.094
45.094
44.909
44.675
44.675
44.675
44.675
44.675
44.675
44.675
44.675
44.675
44.675
44.675
44.475
44.538
44.538
44.538
44.228
44.228
44.228
44.228
44.228
44.413
44.413
44.413
44.413
44.413
44.413
44.413
44.413
44.413
44.413
44.413
44.413
44.172
43.978
43.956
43.956
44.106
43.803
43.803
43.803
43.703
43.703
43.747
43.747
43.747
43.547
43.631
43.631
43.944
43.944
43.944
43.894
43.894
43.894
43.894
43.894
43.784
43.784
43.609
43.609
43.428
43.556
43.556
43.844
43.844
44.019
43.772
43.834
43.834
43.834
43.834
43.834
43.803
43.619
43.403
43.253
43.231
43.231
43.103
43.103
43.031
42.981
42.869
42.606
42.838
42.525
42.525
42.469
42.756
42.756
42.653
42.653
42.653
42.697
42.697
42.581
42.766
42.766
42.766
42.766
42.766
42.859
42.656
42.484
42.216
42.216
42.216
42.216
42.159
42.159
42.159
42.159
42.159
41.931
41.931
41.931
41.747
41.747
42.056
42.019
42.159
42.363
42.363
42.363
42.178
42.178
42.178
42.178
42.178
42.178
42.178
42.406
42.406
42.406
42.406
42.591
42.369
42.375
42.375
42.241
42.241
42.397
42.581
42.581
42.884
42.884
42.913
43.013
43.206
43.409
43.538
43.538
43.256
43.375
43.463
43.684
43.684
43.684
43.416
43.522
43.538
43.538
43.538
43.816
43.991
43.991
43.991
43.991
44.119
44.119
44.103
44.353
44.353
44.353
44.506
44.803
44.803
44.803
45.053
45.053
45.053
45.053
45.053
45.053
45.053
45.053
45.053
45.053
45.053
45.053
45.053
44.931
44.931
44.931
44.931
44.931
45.178
45.178
45.178
45.178
45.003
45.003
45.206
45.206
45.206
45.206
45.206
45.206
45.428
45.178
45.178
45.178
45.178
45.178
45.178
45.178
45.178
45.178
45.178
45.178
45.428
45.428
45.428
45.428
45.609
45.609
45.609
45.459
45.459
45.459
45.3
45.363
45.363
45.363
45.363
45.122
45.122
45.194
45.194
45.194
45.194
45.194
45.194
45.194
45.159
45.128
45.128
44.903
44.903
44.903
44.903
44.903
44.872
44.872
44.872
44.656
44.756
44.569
44.569
44.569
44.569
44.684
44.556
44.556
44.556
44.453
44.453
44.731
44.731
44.731
44.731
44.731
44.484
44.734
44.484
44.484
44.675
44.675
44.675
44.675
44.675
44.866
44.866
44.866
44.866
44.866
44.866
44.866
44.866
44.866
44.866
44.866
44.866
44.866
44.866
44.866
44.866
44.866
44.866
44.866
44.866
44.866
44.866
45.088
44.775
44.775
44.775
44.775
44.775
44.925
44.925
45.175
45.175
45.175
45.175
45.175
45.175
44.947
45.228
45.272
45.2
45.2
45.2
45.2
45.231
45.231
45.231
45.231
44.972
44.75
44.75
44.616
44.375
44.228
44.169
44.163
43.938
43.891
43.891
43.803
43.803
43.803
43.984
43.984
43.984
43.706
43.706
43.706
43.706
43.706
43.706
43.875
43.875
43.875
43.875
43.694
43.756
43.756
43.756
43.756
43.756
44.016
44.016
43.972
43.972
43.972
43.972
43.972
43.972
43.972
43.972
43.972
43.972
43.972
43.972
43.972
43.972
43.972
43.972
43.916
43.916
43.638
43.638
43.669
43.669
43.794
43.788
43.788
44.056
44.056
43.981
43.981
43.981
43.981
43.981
43.981
43.981
43.981
43.981
43.981
43.981
43.981
43.981
44.088
44.088
44.394
44.394
44.394
44.394
44.394
44.394
45.378
45.378
45.378
45.378
45.378
45.378
45.192
45.192
45.192
45.192
45.192
45.192
45.224
45.176
45.176
46.25
46.066
46.066
45.957
45.957
46.115
46.115
46.115
46.115
46.306
46.306
46.164
46.164
46.164
46.164
46.164
46.28
46.28
46.28
46.28
46.28
46.28
46.118
45.987
45.987
45.987
45.987
45.987
46.168
46.168
46.168
46.168
46.168
46.168
46.168
46.168
46.168
46.168
46.168
46.168
46.168
47.304
47.304
47.554
47.554
47.554
47.554
47.885
47.72
47.72
47.72
47.595
47.595
47.595
47.922
48.078
48.078
48.179
48.345
48.345
48.48
48.196
48.27
48.355
48.632
48.632
48.632
48.632
48.632
48.632
48.632
48.632
48.743
48.743
49.074
49.074
49.074
49.074
49.074
49.074
48.956
48.956
49.206
49.206
49.206
49.206
49.405
49.733
49.733
49.801
49.801
49.801
49.801
49.801
49.753
49.753
49.696
49.696
49.639
49.639
49.53
49.53
49.284
49.095
49.095
49.095
49.095
49.095
49.206
49.206
49.402
49.402
49.541
49.541
49.541
49.541
49.49
49.49
49.49
49.49
49.426
49.534
49.571
49.571
49.679
49.544
49.544
49.733
49.733
49.733
49.48
49.598
49.598
49.632
49.632
49.797
49.797
49.797
49.797
49.797
50.034
50.034
50.034
50.034
50.159
49.936
50.149
49.963
50.209
50.209
50.429
50.209
50.209
50.209
50.209
50.209
50.209
49.872
49.872
49.652
49.405
49.405
49.588
49.588
49.351
49.351
49.527
49.527
49.527
49.527
49.527
49.527
49.527
49.527
49.527
49.527
49.527
49.527
49.527
49.527
49.412
49.365
49.365
49.365
49.365
49.365
49.365
49.365
49.365
49.365
49.365
49.703
49.564
49.855
49.855
50.091
50.091
49.953
49.953
49.986
49.986
50.182
50.182
50.182
50.182
50.182
50.182
50.182
50.182
50.115
50.115
50.115
50.115
50.047
50.047
50.047
50.047
50.115
50.115
50.115
50.115
50.385
50.385
50.385
50.385
50.385
50.385
50.186
50.186
50.186
50.186
50.186
50.186
50.301
50.318
50.318
50.48
50.578
50.716
49.688
49.753
49.941
50.138
50.23
50.559
50.303
50.303
50.378
50.378
50.572
50.694
50.941
51.039
51.039
51.342
51.516
51.516
51.516
51.516
51.516
51.516
51.516
51.516
51.401
51.401
51.401
51.401
51.401
51.401
51.155
51.451
51.289
51.289
50.961
50.645
50.645
50.645
50.645
50.645
50.605
50.605
50.605
50.605
50.569
50.569
50.566
50.566
50.566
50.566
50.566
50.474
50.474
50.474
50.474
50.474
50.474
50.474
50.474
50.474
50.589
50.589
50.589
50.589
50.589
50.589
50.589
50.589
50.836
50.796
51.125
51.02
51.02
51.02
51.02
50.987
50.987
50.987
50.987
50.987
50.987
50.987
50.987
50.987
50.987
50.773
50.773
50.773
50.99
50.99
50.99
50.99
50.99
50.99
50.99
50.99
50.799
50.799
50.799
50.914
50.914
50.914
50.954
50.954
50.954
50.954
50.954
50.697
50.697
50.737
50.842
50.842
50.875
50.875
50.997
50.997
50.997
50.997
50.997
51.313
51.526
51.526
51.526
51.526
51.526
51.526
51.526
51.266
51.266
51.266
51.266
51.266
51.266
51.266
51.053
51.053
51.053
51.053
50.839
51.03
50.796
50.957
50.957
50.957
50.957
50.957
50.957
50.957
50.957
50.957
50.694
50.694
50.694
50.694
50.694
50.503
50.503
50.503
50.766
50.766
50.691
50.691
50.951
50.944
51.194
51.408
51.454
51.454
51.688
51.688
51.845
51.938
52.201
52.391
52.391
52.28
52.28
52.28
52.28
52.355
52.355
52.355
52.355
52.355
52.355
52.355
52.355
52.355
52.355
52.355
52.355
52.355
52.355
52.355
52.355
52.355
52.355
52.556
52.556
52.556
52.556
52.556
52.556
52.556
52.556
52.372
52.372
52.372
52.089
52.089
51.763
51.763
51.763
51.763
51.48
51.188
51.188
51.418
51.418
51.418
51.418
51.418
51.523
51.523
51.523
51.322
51.322
51.322
51.092
50.931
50.931
50.931
51.247
51.339
51.365
51.549
51.711
51.711
51.704
51.704
51.888
51.888
51.888
51.888
51.888
51.993
52.24
52.49
52.289
52.063
52.063
52.063
52.063
52.184
52.184
51.901
51.901
51.901
51.901
51.901
52.145
52.145
52.145
51.911
51.911
51.911
51.911
51.753
51.49
51.49
51.49
51.49
51.49
51.49
51.49
51.724
51.658
51.918
52.158
52.368
52.526
52.789
52.789
52.789
52.789
52.789
52.789
52.924
52.924
52.888
52.888
52.938
52.938
52.938
52.938
52.635
52.342
52.276
52.191
52.191
52.072
52.072
52.072
51.905
51.796
51.612
51.612
51.431
51.319
51.247
51.247
51.214
50.888
50.658
50.658
50.658
50.658
50.658
50.961
51.253
51.319
51.405
51.523
50.471
50.651
50.849
50.849
51.026
51.135
51.205
50.926
50.926
49.791
49.609
49.641
49.95
50.169
50.203
50.247
50.478
49.53
49.53
49.53
49.716
49.96
49.96
49.96
49.96
50.128
50.128
50.128
50.128
50.128
50.128
50.128
50.128
50.128
50.128
50.128
50.128
50.128
50.128
50.128
50.128
50.128
50.128
49.957
50.134
50.134
50.134
50.134
50.134
50.134
50.134
49.905
49.872
50.043
50.043
50.043
49.89
49.71
49.415
49.387
49.198
49.073
48.957
48.741
48.637
48.622
48.622
48.802
49.098
49.098
49.098
49.223
49.223
49.439
49.439
49.439
49.439
49.439
49.171
49.034
49.332
49.134
49.293
49.293
49.558
49.558
49.573
49.573
49.701
49.701
49.939
50.128
49.905
49.905
49.905
49.905
49.905
49.905
49.726
49.729
49.723
49.723
49.543
49.646
49.869
49.759
49.759
49.689
49.689
49.689
49.689
49.689
49.543
49.396
49.396
49.396
49.396
49.396
49.22
49.22
49.22
49.22
49.22
49.22
49.113
49.113
49.274
49.274
49.274
49.274
49.564
49.71
49.71
50.003
50.064
50.064
50.064
50.241
50.241
50.418
50.509
50.509
50.509
50.509
50.509
50.616
50.787
50.787
50.787
50.787
50.588
50.588
50.348
50.116
49.918
49.875
49.659
49.512
49.427
49.183
49.006
49.006
49.006
48.936
49.177
49.177
49.375
49.375
49.591
49.738
49.738
49.982
49.982
50.159
50.159
50.159
50.159
50.229
50.125
50.11
49.963
49.875
49.875
49.75
49.75
49.466
49.643
49.582
49.582
49.409
49.409
49.409
49.226
49.226
48.921
48.921
48.921
48.921
48.921
48.851
48.851
48.851
48.851
48.851
48.671
48.671
48.671
48.442
48.442
48.351
48.351
48.07
48.07
47.909
47.909
47.909
48.107
48.107
48.107
48.107
48.107
48.107
48.107
48.107
48.107
48.107
48.107
48.107
48.107
48.107
48.287
48.287
48.287
48.567
48.567
48.567
48.567
48.567
48.567
48.567
48.567
48.53
48.53
48.53
48.53
48.53
48.53
48.53
48.43
48.43
48.43
48.43
48.43
48.43
48.43
48.43
48.43
48.43
48.43
48.43
48.43
48.43
48.43
48.244
48.43
48.28
48.28
48.28
48.28
48.28
48.253
48.253
48.253
48.253
48.253
48.253
48.253
48.253
48.253
48.305
48.305
48.305
48.305
48.305
48.091
47.848
47.848
47.848
47.848
47.848
47.848
47.848
47.848
47.848
47.848
47.97
47.97
47.872
47.872
47.872
47.872
47.966
48.137
48.363
48.223
48.46
48.704
48.793
49.024
49.034
49.195
49.351
49.652
49.738
49.738
49.659
49.912
49.912
49.942
49.942
49.985
49.985
49.985
50.235
50.235
50.235
50.067
49.899
49.899
50.171
50.171
50.171
50.171
50.171
50.171
49.994
50.195
49.89
49.665
49.829
49.866
49.604
49.604
49.604
49.604
49.39
49.39
49.39
49.36
49.183
49.183
49.384
49.384
49.384
49.384
49.299
49.299
49.299
49.238
49.466
49.466
49.509
49.265
49.265
49.265
49.265
49.427
49.68
49.68
49.68
49.985
50.247
50.323
50.537
50.537
50.817
50.848
51.024
51.03
51.119
51.189
51.204
50.08
50.14
50.435
50.673
50.696
49.555
49.555
49.613
49.904
49.669
49.669
49.669
49.669
49.956
49.956
49.956
50.247
50.247
50.326
50.326
50.326
50.326
50.326
50.326
50.326
50.532
50.532
50.532
50.532
50.532
50.561
50.561
50.561
50.561
50.773
50.773
50.773
50.773
50.773
50.773
50.773
50.831
50.831
50.831
50.689
50.689
50.689
50.689
50.689
50.747
50.747
50.747
50.747
50.747
50.747
50.747
50.747
50.747
50.747
50.747
50.747
51.015
51.015
50.907
50.907
51.166
51.166
51.166
51.166
51.166
51.166
51.116
51.116
51.116
51.116
51.116
51.116
51.116
51.116
51.116
51.317
51.317
51.317
51.317
51.317
51.459
51.459
51.459
51.75
51.75
51.956
51.956
51.956
52.064
52.064
52.064
52.064
52.113
52.113
52.113
52.401
52.233
52.233
52.192
51.904
51.698
51.468
51.256
51.07
50.93
50.698
50.698
50.698
50.698
50.988
50.988
50.828
50.82
50.82
50.82
50.82
50.82
50.82
50.82
50.968
51.163
51.163
51.163
51.163
51.163
50.936
50.936
50.98
50.773
50.608
50.898
50.898
50.689
50.738
50.738
50.738
50.738
50.767
50.674
50.674
50.512
50.512
50.41
50.381
50.381
50.381
50.381
50.381
50.177
50.177
50.177
50.07
50.07
50.07
50.163
50.326
50.326
50.427
50.456
50.456
50.706
50.831
51.044
51.291
51.291
51.494
51.494
51.494
51.494
51.602
51.343
51.343
51.485
51.485
51.485
51.485
51.485
51.485
51.485
51.485
51.485
51.485
51.485
51.485
51.485
51.485
51.485
51.485
51.485
51.485
51.485
51.485
51.602
51.602
51.602
51.602
51.602
51.602
51.602
51.602
51.602
51.602
51.602
51.602
51.602
51.602
51.602
51.602
51.602
51.602
51.602
51.602
51.544
51.544
51.544
51.544
51.544
51.721
51.721
51.721
51.721
51.721
51.721
51.721
51.91
51.91
51.91
51.91
51.91
51.91
51.91
52.099
52.099
52.099
52.099
52.099
52.099
52.099
52.099
52.099
52.099
52.099
52.099
52.099
52.099
52.099
52.099
52.099
52.099
52.006
52.006
52.256
52.256
52.049
52.049
52.049
51.942
51.942
51.942
51.942
51.942
51.942
51.907
51.907
51.814
51.814
51.785
51.785
51.785
51.785
51.677
51.677
51.677
51.488
51.488
51.488
51.488
51.488
51.488
51.32
51.32
51.32
51.32
51.32
51.32
51.401
51.401
51.259
51.029
51.029
50.84
50.84
50.634
50.494
50.459
50.459
50.227
50.058
50.058
50.058
50.125
50.125
50.058
50.288
50.288
50.509
50.698
50.738
50.945
51.084
51.166
51.398
51.567
51.567
51.605
51.672
51.672
51.672
51.672
51.672
51.494
51.262
51.262
51.262
51.262
51.102
51.102
51.102
50.956
50.956
50.956
50.956
50.956
50.956
50.956
50.956
50.956
50.956
50.956
50.956
50.956
51.009
51.186
51.419
51.419
51.419
51.419
51.419
51.578
51.578
51.578
51.578
51.578
51.488
51.488
51.256
51.256
50.988
50.988
50.811
50.811
50.811
50.84
50.84
50.84
50.84
50.84
50.84
50.744
50.744
50.744
50.744
50.642
51.795
51.795
51.649
51.649
51.649
51.649
51.649
51.887
52.107
52.107
52.107
52.107
52.107
51.943
51.943
51.943
51.943
51.943
51.943
51.943
51.979
51.979
51.979
51.979
52.125
52.125
52.125
52.125
52.125
52.125
52.003
52.003
52.003
52.003
52.003
52.223
52.223
52.223
52.223
52.223
52.223
52.223
52.223
52.223
52.131
52.131
52.131
52.131
52.131
52.131
52.131
52.131
51.955
51.955
51.955
51.682
51.682
51.902
51.902
51.902
52.045
51.923
51.923
52.045
52.045
52.104
52.104
52.104
52.104
52.402
52.595
52.595
52.688
52.756
52.756
52.807
52.807
52.807
52.982
53.205
53.205
53.205
53.03
53.03
52.741
52.741
52.741
52.741
52.619
52.619
52.408
52.408
52.408
52.408
52.53
52.804
51.721
51.721
51.721
51.892
52.174
52.201
52.381
52.5
52.61
52.817
52.916
52.93
52.654
52.515
52.235
52.235
52.235
52.067
51.98
51.98
51.98
51.98
51.878
51.715
51.715
51.715
51.715
51.715
51.715
51.715
51.672
51.672
51.672
51.84
51.84
52.012
52.012
51.919
51.919
51.919
51.919
51.919
51.919
52.087
52.087
52.087
52.087
52.087
51.936
51.936
51.936
51.936
51.89
51.721
51.721
51.721
51.721
51.721
51.721
51.721
51.721
51.721
51.721
51.721
51.721
51.721
51.721
51.532
51.532
51.532
51.672
51.84
51.648
51.648
51.648
51.648
51.648
51.648
51.648
51.648
51.648
51.648
51.648
51.648
51.648
51.648
51.837
51.837
52.07
52.07
51.968
52.023
52.023
52.023
51.875
51.875
51.875
51.875
51.677
51.677
51.677
51.677
51.677
51.392
51.215
51.215
50.997
50.84
50.84
50.68
50.622
50.451
50.599
50.599
50.712
50.712
50.712
50.712
50.991
50.991
50.991
50.991
51.169
51.169
51.387
51.387
51.387
51.547
51.605
51.776
51.776
51.948
51.948
52.119
52.119
52.119
52.119
52.119
52.119
52.119
52.169
52.169
52.169
52.169
52.427
52.427
52.247
52.453
52.683
52.895
53.081
53.221
53.453
53.741
53.741
53.741
53.741
53.648
53.648
53.648
53.648
53.648
53.648
53.817
53.817
53.817
53.817
54.026
54.026
54.026
53.776
53.776
53.779
53.779
53.779
53.779
53.779
53.779
53.779
53.654
53.654
53.648
53.648
53.419
53.265
53.023
52.733
52.483
52.41
52.206
51.939
51.91
51.741
51.735
51.651
51.584
51.735
51.721
51.628
51.628
51.57
51.282
51.049
51.026
50.988
50.988
50.988
50.988
51.238
51.238
51.238
51.238
51.238
51.189
51.358
51.358
51.291
51.291
51.14
51.14
50.983
50.983
50.901
50.901
50.901
50.901
50.849
50.849
50.637
50.735
50.735
50.735
50.968
50.968
50.968
50.968
50.968
50.968
50.852
50.622
50.401
50.212
50.172
49.965
51.012
50.929
51.927
53.044
53.044
53.003
52.931
53.178
53.416
53.619
53.663
53.884
54.034
54.122
54.372
54.553
54.553
54.553
54.553
54.547
54.241
54.119
53.863
53.625
53.419
53.341
53.028
52.753
52.456
52.456
52.456
52.456
52.456
52.456
52.456
52.456
52.456
52.456
52.456
52.153
52.009
52.009
51.916
51.763
51.638
51.569
51.491
51.234
51.234
51.234
51.234
51.234
51.131
51.131
50.825
50.825
50.825
50.825
51.128
51.272
51.45
51.544
51.697
51.822
51.891
51.969
52.225
52.225
52.225
52.306
52.306
52.538
52.672
52.938
53.041
53.35
53.35
53.513
53.819
53.863
53.863
54.009
54.009
54.056
54.056
54.306
54.584
54.672
54.741
54.819
54.825
55.041
55.041
55.281
55.581
55.709
55.947
56.134
56.297
54.933
55.174
55.18
55.317
54.012
54.271
54.295
53.27
53.32
53.163
53.113
53.023
52.86
52.645
52.645
52.645
52.419
52.419
52.186
52.186
52.102
52
51.779
51.779
51.77
51.77
51.616
51.616
51.468
51.25
50.962
50.672
50.59
50.59
50.349
50.349
50.349
50.349
50.32
50.32
50.081
50.081
50.081
50.081
50.081
50.081
50.081
50.081
50.081
50.081
50.081
50.314
50.314
50.314
50.314
50.314
50.314
50.314
50.314
50.314
50.314
50.314
50.314
50.314
50.047
49.788
49.73
49.654
49.549
49.305
49.142
48.962
48.802
48.703
48.64
48.512
48.483
48.195
47.991
47.959
47.919
47.919
47.703
47.703
47.433
47.433
47.433
47.433
47.701
47.701
47.959
47.959
48.017
48.017
48.093
48.093
48.093
48.093
48.093
48.093
48.256
48.256
48.256
48.256
48.256
48.256
48.416
48.416
48.276
48.276
48.276
48.276
48.276
48.276
48.157
48.157
48.157
48.157
48.157
48.099
48.099
48.099
48.099
48.099
48.099
47.808
47.808
47.808
47.808
47.741
47.741
47.741
47.57
47.352
47.352
47.352
47.352
47.352
47.352
47.352
47.352
47.352
47.352
47.352
47.352
47.352
47.352
47.352
47.352
47.352
47.523
47.741
47.741
47.741
47.741
47.741
47.654
47.654
47.602
47.424
47.192
47.192
47.192
47.192
47.032
47.032
47.032
47.032
47.032
47.032
47.032
47.032
47.032
47.003
47.003
47.003
47.285
47.337
47.515
47.747
47.983
48.116
48.198
48.358
48.596
48.599
48.794
49.081
49.366
49.366
49.558
49.785
49.814
49.91
50.067
50.259
50.259
50.259
50.099
51.196
51.03
51.03
50.926
50.896
50.896
50.768
51.747
51.747
51.534
51.534
51.534
52.706
52.706
52.806
52.981
53
53.109
53.141
53.141
53.141
53.275
53.541
53.541
53.759
53.759
53.759
53.875
53.653
53.406
53.178
52.978
52.828
52.578
52.269
52.269
52.269
52.269
52.269
52.491
52.738
52.966
52.966
52.841
52.991
53.241
53.241
53.241
53.241
53.241
53.241
53.241
53.241
53.241
53.241
53.059
53.059
52.869
52.869
52.869
52.622
52.622
52.384
52.544
52.544
52.341
52.341
52.138
52.094
51.872
51.722
52.019
51.931
52.081
51.831
52.131
51.95
51.95
51.95
51.95
51.95
52.131
52.131
52.438
52.531
52.531
52.531
52.778
52.778
53.016
53.016
53.125
53.328
53.503
53.547
53.769
53.919
53.919
54.006
54.006
54.256
54.075
54.256
54.256
54.403
54.403
54.403
54.444
54.444
54.444
54.516
54.516
54.516
54.516
54.516
54.516
54.516
54.516
54.516
54.516
54.516
54.313
54.378
54.528
54.709
54.794
54.856
55.072
55.181
53.927
54.079
54.137
54.341
53.205
53.375
53.619
53.688
53.884
54.077
53.804
53.655
53.479
53.19
53.164
52.979
52.857
52.744
52.533
52.432
52.417
52.417
52.592
52.592
52.592
52.592
52.714
52.714
52.926
52.926
52.926
52.926
52.926
52.926
52.926
52.926
52.926
52.926
52.926
52.926
52.926
52.926
52.926
52.926
52.926
52.926
52.926
53.086
53.226
53.405
53.595
53.625
53.795
53.795
54.086
54.241
54.241
54.241
54.158
54.277
54.277
54.277
54.533
54.277
54.277
54.277
54.277
54.021
54.021
54.021
54.021
54.021
54.021
54.021
53.848
53.848
53.848
53.848
53.848
53.848
53.848
53.848
53.61
53.61
53.61
53.61
53.61
53.61
53.866
53.866
54.074
54.015
54.289
54.289
54.461
54.461
54.461
54.461
54.461
54.461
54.461
54.461
54.461
54.461
54.461
54.461
54.67
54.67
54.67
54.67
54.67
54.67
54.67
54.67
54.67
54.67
54.67
54.67
54.67
54.67
54.67
54.67
54.494
54.271
54.271
54.271
54.271
54.271
54.015
53.78
53.554
53.36
53.318
53.107
52.964
52.881
52.643
52.47
52.33
52.292
52.223
52.458
52.458
52.652
52.693
52.905
53.048
53.048
53.286
53.458
53.723
53.723
53.723
53.723
53.723
53.676
53.676
53.676
53.464
53.229
53.012
53.012
52.869
52.631
52.631
52.631
52.631
52.631
52.842
53.077
53.295
53.295
53.438
53.676
53.676
53.676
53.676
53.676
53.676
53.676
53.676
53.58
53.292
53.292
53.238
53.057
52.818
52.577
52.426
52.289
52.205
52.042
51.798
51.798
51.747
51.744
51.527
51.327
51.033
50.741
50.741
50.545
50.313
50.283
50.185
50.024
50.024
50.024
50.205
50.443
50.443
50.443
50.443
50.607
50.607
50.607
50.607
50.607
50.607
50.607
50.607
50.607
50.637
50.735
50.735
50.735
50.497
50.497
50.497
50.497
50.497
50.497
50.497
50.497
50.497
50.497
50.214
50.071
49.786
49.786
49.786
49.613
49.524
49.524
49.524
49.524
49.42
49.357
49.19
49.048
48.875
48.795
49.077
49.018
49.161
48.955
49.03
49.315
49.211
49.211
49.479
49.39
49.411
49.262
49.435
49.378
49.467
49.268
49.512
49.354
49.354
49.583
49.414
49.438
49.438
50.393
50.5
50.43
50.601
51.659
51.456
51.456
51.522
51.672
51.853
51.938
52
52.216
52.325
52.419
52.575
52.634
52.844
52.844
52.844
52.844
52.916
52.916
53.119
53.119
53.119
53.119
53.119
52.869
52.869
52.869
52.869
52.869
52.869
52.869
52.869
52.869
52.869
52.869
52.869
52.869
52.869
52.869
53.044
53.275
53.275
53.525
53.525
53.525
53.525
53.525
53.525
53.525
53.525
53.525
53.356
53.356
53.209
53.241
53.053
53.053
52.853
52.853
52.822
52.644
52.644
52.338
52.175
52.175
52.175
52.05
52.05
52.05
51.781
51.781
51.781
51.781
51.781
51.781
51.781
51.781
51.781
51.781
51.781
51.781
51.781
51.781
51.781
52.05
51.969
51.738
51.472
51.163
51
50.956
50.809
50.763
50.513
50.234
50.147
50.078
50
49.994
49.778
49.778
49.538
49.619
49.85
50.116
50.425
50.588
50.631
50.778
50.825
51.075
51.353
51.441
51.509
51.588
51.588
51.588
51.588
51.588
51.588
51.588
51.619
51.725
51.725
51.669
51.669
51.484
51.484
51.484
51.484
51.356
51.356
51.134
51.134
51.134
51.134
51.319
51.319
51.319
51.319
51.447
51.447
51.75
51.534
51.534
51.756
51.756
51.756
51.756
51.756
51.756
51.488
51.488
51.269
50.981
50.981
50.8
50.8
50.8
50.8
50.8
50.8
50.553
50.553
50.553
50.553
50.35
50.35
50.306
50.306
50.084
50.084
49.934
49.934
49.684
49.684
49.503
49.503
49.503
49.503
49.816
49.816
49.716
49.984
49.984
49.809
49.888
49.869
50.088
49.978
50.266
50.513
50.481
50.513
50.513
50.513
50.694
50.897
50.763
50.763
50.763
50.497
50.497
50.719
50.719
50.719
50.869
50.65
50.65
50.65
50.65
50.65
50.9
50.9
50.963
51.144
51.028
51.028
51.028
51.278
51.278
51.278
51.278
51.278
51.278
51.378
51.553
51.572
51.681
51.713
51.825
51.959
52.225
52.225
52.444
52.444
52.444
52.559
52.378
52.378
52.125
51.903
51.656
51.428
51.428
51.278
51.028
51.028
51.028
51.028
51.028
51.25
51.497
51.725
51.925
52.075
52.325
52.634
52.641
51.476
51.524
51.524
51.524
51.28
51.28
51.28
51.506
51.506
51.506
51.506
51.226
50.954
50.954
50.893
50.814
50.814
50.814
50.814
50.643
50.643
50.476
50.476
50.476
50.476
50.436
50.436
50.436
50.436
50.436
50.436
50.436
50.436
50.366
50.646
50.918
50.979
51.058
51.058
51.058
51.229
51.229
51.396
51.5
51.5
51.5
51.53
51.351
51.351
51.351
51.384
51.384
51.384
51.384
51.235
50.942
50.817
50.585
50.402
50.244
50.235
51.244
51.238
51.097
51.084
50.813
50.788
50.531
50.478
50.478
50.778
50.906
50.906
50.906
51.069
51.069
51.316
51.322
51.322
51.322
51.322
51.322
51.322
51.375
51.375
51.375
51.259
51.034
51.034
50.859
50.859
50.572
50.269
50.125
49.947
49.853
49.7
49.575
49.506
49.506
49.428
49.172
49.172
49.172
49.172
49.172
49.038
48.934
48.934
48.628
48.628
48.628
48.628
48.628
48.628
48.628
48.628
48.628
48.722
48.875
49
49
49.078
49.078
49.078
49.078
48.95
48.95
48.95
49.053
49.053
49.053
49.053
49.053
49.053
48.775
48.775
48.466
48.219
48.131
48.131
48.131
47.928
47.928
47.706
47.556
47.556
47.306
47.125
47.125
47.125
47.125
47.372
47.372
47.372
47.609
47.813
47.856
47.856
48.078
48.078
48.228
48.225
48.225
47.134
46.948
47.192
46.948
47.125
47.125
47.268
47.204
47.204
46.119
45.976
45.976
46.045
45.872
46.823
46.741
46.741
46.68
46.68
46.47
46.47
46.363
46.363
46.271
46.271
46.485
46.332
46.043
46.043
46.043
45.985
45.838
45.534
45.534
45.329
45.037
45.037
45.037
44.762
45.85
45.85
45.828
45.725
45.725
45.544
45.544
45.472
45.378
45.378
45.122
45.122
44.919
44.678
44.678
44.981
44.981
44.981
45.038
44.928
45.15
45.15
45.341
45.341
45.341
45.341
45.166
45.166
45.203
45.453
45.603
45.603
45.603
45.603
45.603
45.784
45.784
45.784
45.928
45.928
45.928
45.928
46.013
46.013
46.013
46.013
46.1
46.1
46.1
46.1
46.163
46.163
46.009
46.181
46.181
46.181
46.397
46.397
46.397
46.397
46.653
46.653
46.653
46.763
46.763
46.763
46.763
46.763
46.763
46.763
46.856
46.856
46.856
46.856
46.856
46.856
46.856
47.038
46.922
47.231
47.466
47.466
47.466
47.466
47.466
47.466
47.466
47.466
47.466
47.466
47.466
47.466
47.413
47.413
47.413
47.413
47.413
47.413
47.413
47.413
47.413
47.413
47.413
47.413
47.413
47.413
47.413
47.413
47.103
47.134
47.206
47.381
47.484
47.691
47.691
47.894
47.894
47.588
47.588
47.588
47.588
47.588
47.588
47.588
47.588
47.588
47.544
47.544
47.544
47.544
47.544
47.544
47.544
47.544
47.544
47.275
47.275
47.275
47.275
47.275
47.306
47.306
47.306
47.306
47.306
47.306
47.306
47.306
47.478
47.478
47.603
47.603
47.603
47.603
47.872
47.872
47.944
47.944
47.944
47.753
47.625
47.625
47.344
47.344
47.344
47.344
47.344
47.047
47.047
46.741
46.578
46.306
46.306
46.291
46.291
46.159
45.916
45.916
45.916
45.916
45.913
45.913
45.913
45.806
45.578
45.884
45.884
45.884
45.884
45.884
45.884
45.884
45.884
45.653
45.656
45.656
45.656
45.884
45.606
45.606
45.606
45.481
45.575
45.575
45.575
45.475
45.413
45.406
45.406
45.406
45.406
45.591
45.591
45.544
45.294
45.066
45.066
45.066
45.066
44.753
44.484
44.406
44.188
43.9
43.869
43.688
43.909
43.909
43.909
43.909
44.144
44.144
44.144
44.144
44.144
44.144
44.113
44.05
44.05
43.8
43.8
43.8
43.813
43.953
44.119
44.378
44.378
44.378
44.691
44.959
45.038
45.256
45.256
45.544
45.544
45.575
45.575
45.756
45.756
45.763
45.763
45.853
46.006
46.006
46.078
46.078
46.094
46.094
46.009
46.109
46.109
46.172
45.95
45.95
45.95
45.703
45.953
45.725
45.725
45.525
45.525
45.375
45.125
44.816
44.816
44.809
44.6
44.478
44.428
44.6
44.403
44.3
44.3
44.3
44.35
44.175
44.175
44.175
44.269
43.966
43.763
43.906
43.906
43.906
43.722
44.609
44.609
44.609
44.609
44.478
44.478
44.478
44.321
44.321
44.093
44.093
44.093
44.093
44.282
44.593
44.622
44.622
44.753
44.753
44.981
44.981
44.981
44.981
44.981
45.112
45.112
45.112
45.067
45.231
45.317
45.272
45.577
45.577
45.692
45.692
45.692
45.692
45.513
45.276
45.276
45.019
45.019
45.019
45.019
45.019
45.019
45.019
45.019
45.019
45.019
44.987
44.987
44.987
44.987
44.987
44.814
44.814
44.814
44.814
44.814
44.814
44.814
44.779
44.593
44.724
44.724
44.724
44.724
44.724
44.724
44.763
44.763
44.763
44.731
44.731
44.731
44.731
44.423
44.314
45.322
45.368
45.368
45.368
45.368
45.53
45.53
45.27
45.378
45.576
45.326
45.132
44.918
44.872
44.78
44.78
44.546
44.388
44.296
44.296
44.033
43.842
43.842
43.688
43.645
43.569
43.536
43.796
44.046
44.26
44.306
44.539
44.697
44.789
45.053
45.243
45.398
45.398
45.398
45.474
45.339
45.339
45.339
45.339
45.447
45.122
45.122
44.878
44.918
44.918
44.918
44.757
44.757
44.651
44.546
44.362
44.342
44.227
44.194
44.076
43.934
43.655
43.655
43.424
43.424
43.424
43.424
43.359
43.359
43.359
44.405
44.304
44.304
44.304
44.365
44.365
44.041
43.75
43.75
43.986
43.78
43.78
43.78
43.78
43.78
43.449
43.449
43.564
43.564
43.564
43.794
43.571
43.571
43.571
43.365
43.365
43.412
43.412
43.412
43.162
43.074
42.824
42.605
42.318
41.983
41.807
41.76
41.601
41.551
41.551
41.28
40.98
40.885
40.811
40.838
40.753
40.753
40.753
40.753
40.753
40.753
40.841
41.091
41.378
41.378
41.713
41.889
41.889
41.936
42.041
42.199
42.199
42.25
42.25
42.52
42.821
42.51
42.605
42.679
42.764
42.764
42.639
42.645
42.878
43.152
43.412
43.412
43.412
43.703
43.703
43.541
43.345
43.345
43.253
43.186
42.953
42.834
42.733
42.733
42.733
42.733
42.733
42.733
42.733
42.733
42.463
42.385
42.162
41.943
41.943
41.943
42.139
42.139
42.139
42.139
42.139
42.139
42.24
42.24
42.24
42.24
42.24
42.24
42.24
42.24
42.24
42.24
42.24
42.24
42.24
42.24
42.044
42.044
42.044
42.044
42.044
42.044
42.044
42.264
42.264
42.264
42.074
42.074
42.166
42.166
42.166
42.166
42.132
41.861
41.861
41.861
41.861
41.861
41.861
41.861
41.861
41.861
41.861
41.726
41.726
41.726
41.726
41.436
41.436
41.318
41.324
41.507
41.666
41.868
41.986
42.196
42.412
42.412
42.679
42.713
43.044
42.848
42.848
43.139
43.139
42.191
42.191
42.191
42.497
42.582
42.582
42.829
43.069
43.069
43.069
43.303
43.303
42.984
43.306
43.306
43.247
43.405
43.405
42.458
42.458
42.484
42.288
42.538
42.763
42.763
42.763
42.506
42.574
42.782
42.782
42.782
42.91
43.096
43.096
43.096
43.096
42.949
42.965
42.965
43.199
43.199
43.426
43.462
43.372
42.309
42.413
42.594
42.422
42.691
42.691
42.434
42.434
42.563
42.563
42.669
42.669
42.669
42.669
42.831
42.916
42.916
42.916
42.916
42.606
42.606
42.722
42.722
42.722
42.722
42.722
42.722
42.722
42.722
42.722
42.722
42.722
42.722
42.722
42.722
42.722
42.722
42.691
42.938
42.938
42.938
42.834
42.834
42.834
43.138
43.194
43.384
43.634
43.634
43.634
43.722
43.894
43.894
44.106
44.106
44.109
44.109
44.109
44.419
45.292
45.606
45.606
45.606
45.606
45.606
45.638
45.744
45.744
45.506
45.506
45.506
45.442
45.442
45.131
45.131
45.317
45.144
44.968
44.968
45.189
45.218
45.218
45.048
45.048
45.048
45.048
45.048
45.048
45.167
45.167
45.167
45.167
45.25
45.346
45.346
45.542
45.542
45.542
45.542
45.542
45.548
45.548
45.548
45.644
45.644
45.644
45.644
45.644
45.644
45.391
45.147
44.939
44.894
44.667
44.513
44.423
44.423
44.167
45.138
46.199
46.199
46.199
46.122
46.122
45.926
46.216
46.166
46.166
45.986
45.986
45.706
45.368
45.078
45.078
44.993
44.757
44.446
44.412
44.216
44.209
44.111
44.034
44.034
44.017
44.287
44.179
44.179
44.111
44.111
44.111
43.841
43.841
43.841
43.841
43.841
43.841
44.132
44.132
44.132
44.368
44.368
44.368
44.368
44.564
44.564
44.564
44.517
44.517
44.517
44.625
44.625
44.625
44.625
44.625
44.625
44.625
44.625
44.625
44.625
44.791
44.486
44.486
44.486
44.486
44.486
44.392
44.257
44.257
44.453
44.642
44.642
44.733
44.983
44.983
44.983
44.983
44.983
44.983
44.983
44.949
45.172
45.277
45.277
45.277
45.277
45.024
44.818
44.818
44.818
44.98
45.145
44.899
44.76
44.635
44.635
44.635
44.635
44.426
44.426
44.463
44.287
44.287
44.287
44.453
44.453
44.561
44.561
44.561
44.561
44.561
44.561
44.25
44.25
44.084
44.084
44.084
44.084
44.084
44.257
44.257
44.257
44.257
44.257
44.257
44.257
44.257
44.257
44.257
44.257
44.257
44.287
44.287
44.088
43.76
43.926
43.895
43.895
43.895
43.757
43.5
43.5
43.5
43.74
43.74
43.5
43.459
43.676
43.676
44
44.206
44.206
44.098
44.098
44.098
44.098
44.098
43.99
44.243
44.28
44.223
44.223
44.223
44.223
44.223
44.223
44.223
44.422
44.422
44.395
44.395
44.395
44.395
44.395
44.395
44.48
44.48
44.48
44.517
44.517
44.382
44.044
44.044
44.044
44.152
44.152
44.22
44.473
44.426
44.426
44.713
44.713
44.949
44.983
44.983
44.747
44.524
44.524
44.524
44.524
44.524
44.334
44.334
44.334
44.334
44.334
44.334
44.334
44.267
44.267
44.267
43.956
43.655
43.588
43.5
43.5
43.432
43.432
43.432
43.243
43.243
43.057
42.868
42.753
42.753
42.753
42.72
42.72
42.72
42.72
42.682
42.682
42.682
42.682
42.682
42.774
42.774
42.774
42.774
43.064
42.764
42.764
42.764
42.764
42.764
42.764
42.764
42.764
42.764
42.764
42.764
42.764
42.51
42.51
42.801
42.801
42.801
42.801
42.909
42.909
42.72
42.72
42.72
42.72
42.72
42.72
42.662
42.466
42.777
42.537
42.655
42.655
42.655
42.655
42.655
42.655
42.655
42.655
42.655
42.655
42.622
42.622
42.622
42.426
42.426
42.426
42.601
42.561
42.561
42.561
42.561
42.666
42.564
42.564
42.564
42.564
42.564
42.564
42.564
42.564
42.564
42.564
42.564
42.314
42.095
42.095
42.095
42.166
42.166
42.166
42.328
42.328
42.328
42.524
42.524
42.615
42.615
42.726
42.507
42.574
42.699
42.932
42.932
43.128
43.247
43.081
43.182
43.182
43.182
43.247
43.247
43.463
43.463
43.649
43.649
43.649
43.649
43.466
43.703
43.412
43.557
43.557
43.399
43.399
43.399
43.196
43.416
43.416
43.199
43.166
42.865
42.672
42.672
43.535
43.194
43.194
43.014
42.743
42.743
42.67
42.531
43.729
43.821
45.085
44.768
44.768
44.496
44.695
44.695
44.695
44.695
44.695
44.732
44.732
44.732
44.732
44.732
44.732
44.732
44.879
44.879
44.879
45.195
45.195
45.195
45.195
45.195
45.46
45.46
45.496
45.496
45.496
45.129
44.978
44.978
44.978
44.978
44.978
44.978
44.978
44.978
44.61
44.61
44.61
44.673
44.673
44.673
44.673
44.673
44.32
44.32
44.169
44.169
44.169
44.169
44.169
43.978
44.191
44.191
44.191
43.901
43.893
43.893
43.893
43.893
43.893
43.893
43.893
43.537
43.537
43.471
43.471
43.246
43.246
43.184
43.54
43.246
43.246
43.246
43.246
43.246
43.246
43.599
43.496
43.647
43.647
43.647
43.445
43.445
43.445
43.445
43.441
43.441
43.441
43.441
43.077
43.368
43.007
43.007
42.783
42.783
42.783
42.783
42.783
42.783
42.96
42.96
42.923
42.923
42.923
43.173
43.051
43.051
43.232
43.232
43.232
43.015
43.015
43.015
43.015
43.015
43.015
43.015
43.015
43.015
43.239
43.239
43.239
43.533
43.533
43.533
43.533
43.533
43.735
43.735
43.735
43.735
43.735
43.735
43.735
43.735
43.735
43.735
43.735
43.735
43.735
43.735
43.772
43.893
43.893
43.893
43.893
43.893
43.893
43.893
43.893
43.893
43.893
43.893
43.893
43.893
43.893
43.893
43.893
43.893
43.893
43.893
43.893
43.838
43.838
43.838
44.154
44.154
44.154
44.154
44.154
44.154
44.43
44.114
44.114
44.114
44.114
44.441
44.441
44.441
44.441
44.441
44.441
44.478
44.375
44.188
44.188
44.188
44.188
44.188
44.188
44.188
44.188
44.188
43.974
43.974
43.974
43.864
43.684
43.537
43.537
43.537
43.445
43.445
43.445
43.445
43.445
43.445
43.445
43.445
43.445
43.445
43.445
43.324
43.324
43.324
43.324
42.956
42.956
42.956
42.956
42.956
42.956
42.717
42.717
42.401
42.401
42.401
42.401
42.143
42.143
42.143
42.143
42.143
41.93
41.93
41.93
41.93
41.93
41.566
41.566
41.893
41.776
41.776
41.776
41.776
41.776
41.776
41.776
41.533
41.732
41.732
41.926
41.926
42.232
42.232
42.599
42.915
43.007
43.265
43.603
43.64
43.978
44.191
42.936
43.039
43.139
42.946
43.029
43.046
43.161
43.232
43.586
43.871
43.9
42.726
42.726
42.726
42.726
42.726
42.726
42.726
42.726
42.726
42.865
42.924
42.924
42.924
42.924
42.924
42.924
42.924
42.924
42.674
42.674
43.021
43.021
43.021
43.021
43.021
43.021
42.951
42.951
42.951
42.951
42.951
43.153
43.354
43.354
43.354
43.354
43.247
43.472
43.472
43.472
43.726
43.632
43.799
43.799
43.708
43.451
43.156
42.813
42.632
42.583
42.42
42.368
42.09
41.781
41.684
41.608
41.521
41.514
41.274
40.993
40.726
40.656
40.656
40.656
40.656
40.656
40.656
40.656
40.656
40.656
40.934
40.934
41.031
41.031
41.031
41.031
40.753
40.753
40.753
40.753
40.753
40.587
40.587
40.587
40.587
40.587
40.587
40.587
40.625
40.566
40.247
40.278
40.493
40.819
41.007
41.33
41.552
41.587
41.674
41.792
41.892
41.92
41.92
41.92
42.181
42.34
42.34
42.34
42.483
42.622
42.622
42.622
42.674
42.753
42.753
42.753
43.052
43.191
42.951
42.951
43.031
43.233
43.233
43.233
43.233
43.233
43.233
43.434
43.434
43.434
43.434
43.434
43.087
43.087
43.087
43.087
42.84
42.84
42.84
42.84
42.84
42.84
42.84
42.84
42.934
42.934
43.139
43.139
43.139
43.139
43.139
42.906
43.132
43.132
43.132
43.132
43.132
43.052
43.052
43.052
43.052
43.052
43.052
43.052
43.052
43.052
43.052
43.052
43.052
43.052
43.052
43.052
43.052
43.052
43.052
43.191
43.191
43.191
43.191
43.191
43.382
43.382
43.382
43.382
43.128
43.128
43.128
43.128
43.128
42.924
42.924
42.924
42.924
42.924
42.92
42.92
42.92
42.92
42.92
42.847
42.681
42.479
42.385
42.316
42.076
41.955
41.851
41.851
41.851
41.785
41.785
41.785
41.785
41.785
41.785
41.785
41.559
41.372
41.372
41.372
41.444
41.444
41.611
41.576
41.778
41.778
41.872
41.872
41.941
41.941
42.181
42.181
42.302
42.302
41.26
41.26
41.429
41.294
41.358
41.358
40.49
40.49
40.664
40.382
40.569
40.839
40.914
40.914
41.132
41.132
41.345
41.345
41.345
41.345
41.345
41.345
41.345
41.345
41.345
41.345
41.345
41.345
41.345
41.345
41.345
41.628
41.414
41.681
42.007
42.332
42.332
42.161
42.161
42.418
42.378
42.549
42.549
42.549
42.549
42.549
42.438
42.247
42.247
42.003
42.003
42.003
41.74
41.74
41.74
41.74
41.74
41.74
41.74
41.74
41.74
41.74
41.74
41.74
41.74
41.74
41.849
41.849
41.793
41.632
41.632
41.632
41.632
41.632
41.632
41.431
41.168
41.168
41.168
41.168
40.987
40.987
40.987
40.987
40.987
40.987
40.987
40.987
40.924
40.924
40.891
40.891
40.783
40.783
41.102
41.161
41.362
41.625
41.891
42.043
42.135
42.316
42.586
42.589
42.809
43.135
43.457
43.681
43.898
44.155
44.316
44.447
44.48
44.158
44.266
44.444
44.51
44.316
44.645
44.747
44.747
44.747
44.572
44.299
43.97
43.688
43.605
43.375
43.072
43.039
42.849
42.842
42.747
42.671
42.655
42.549
43.632
43.297
43.027
44.194
44.149
44.333
44.622
44.969
45.267
45.354
45.597
45.917
45.951
46.153
44.912
45.01
45.088
45.105
45.213
45.28
45.615
45.885
44.704
44.747
44.579
44.579
44.451
44.451
44.451
44.451
44.135
44.135
44.135
44.135
43.934
43.934
43.688
43.688
43.688
43.507
43.441
43.247
43.414
42.545
42.67
42.67
42.888
43.035
43.035
43.035
43.035
43.035
43.231
43.231
43.471
43.644
43.644
43.359
43.535
43.599
43.788
43.625
43.625
43.625
43.413
43.346
43.192
43.192
43.006
43.006
42.92
42.92
42.856
42.856
42.635
42.635
42.522
42.522
42.426
42.426
42.266
42.266
42.205
42.205
41.99
41.99
41.821
41.821
41.638
41.638
41.375
41.375
41.301
41.301
41.09
40.814
40.606
40.779
39.825
39.972
40.122
40.309
40.491
40.691
40.775
40.806
40.869
41.047
41.263
41.553
41.663
41.969
42.063
42.225
42.225
42.225
42.284
42.284
42.494
42.619
42.619
42.619
42.619
42.619
42.619
42.888
42.888
43.094
43.297
43.078
43.078
43.078
42.775
42.719
42.528
42.278
42.025
41.881
41.794
41.622
41.366
41.363
41.363
41.153
41.153
41.891
41.891
41.577
41.577
41.359
41.359
41.147
41.147
41.974
41.974
41.941
41.941
42.963
42.693
42.51
42.51
42.416
42.416
42.743
42.743
42.804
42.804
43.01
43.01
43.28
43.28
43.554
43.554
43.709
43.804
43.99
43.99
43.102
43.102
43.105
43.105
43.326
43.326
43.651
43.651
43.974
43.974
43.064
43.064
43.276
43.276
43.526
43.782
43.814
44.099
44.205
44.205
44.378
44.378
44.378
44.378
44.378
44.378
44.378
44.208
43.942
43.622
43.346
43.266
43.042
42.747
42.715
42.529
42.522
42.429
42.356
42.34
42.237
42.173
41.856
41.599
41.574
41.532
41.532
41.532
41.853
42.128
42.208
42.433
42.728
42.76
42.946
42.946
42.946
42.946
42.946
43.048
43.048
43.048
43.304
43.304
43.304
42.997
42.865
42.865
42.865
42.865
42.865
42.612
42.612
42.612
42.612
42.612
42.612
42.612
42.612
42.92
43.051
43.295
43.487
43.654
42.572
42.819
42.825
42.966
41.93
42.195
42.22
41.458
41.509
41.408
41.116
41.116
41.116
41.116
41.116
41.116
41.116
41.116
41.113
41.113
41.113
40.824
40.607
40.607
40.607
40.783
40.783
40.518
40.571
40.646
40.646
40.646
40.485
40.345
40.167
39.976
39.946
39.777
39.5
39.208
39.054
39.054
39.054
38.935
38.935
38.935
38.872
38.616
38.473
38.301
38.22
38.161
37.955
37.851
38.683
38.683
38.625
38.421
38.421
38.421
38.421
38.421
39.175
39.971
39.971
39.971
39.971
39.971
39.971
39.971
39.971
39.971
39.971
39.971
39.747
39.667
39.667
39.593
39.356
39.356
39.356
39.33
39.298
38.987
38.929
38.734
38.478
38.218
38.071
37.981
38.799
38.53
38.526
38.526
38.306
38.306
37.98
37.651
37.329
37.046
36.822
36.822
36.74
36.523
36.293
36.036
35.734
35.701
35.668
36.52
36.324
36.142
36.142
36.142
36.142
36.142
36.034
36.034
36.034
35.764
35.764
35.764
35.764
35.764
35.764
35.598
35.598
35.598
35.598
35.598
35.598
35.598
35.497
35.497
35.497
35.456
35.456
35.456
35.456
35.456
35.456
35.456
35.203
35.203
35.203
35.203
35.203
34.963
34.963
34.922
34.875
34.723
34.622
34.561
34.561
34.547
34.547
34.547
34.409
34.409
34.409
34.223
33.983
33.983
33.983
33.983
33.983
33.983
33.983
33.983
33.983
33.983
33.983
33.713
33.412
33.412
33.412
33.412
33.412
33.412
33.412
33.412
33.412
33.412
33.321
33.321
33.321
33.294
33.095
33.095
32.841
32.814
32.696
32.696
32.605
32.605
32.605
32.605
32.365
32.365
32.365
32.318
32.318
32.318
32.155
32.155
32.155
32.125
31.986
31.875
31.875
31.875
31.699
31.527
31.206
30.997
30.997
30.811
30.811
30.811
30.655
30.601
30.601
30.311
30.311
30.115
30.115
29.868
29.868
29.868
29.868
29.868
29.868
29.635
29.635
29.635
29.547
29.547
29.318
29.318
29.318
29.318
29.318
29.213
28.922
28.922
28.801
28.801
28.801
28.801
28.801
28.676
28.439
28.324
28.324
28.118
27.794
27.794
27.655
27.399
27.196
27.02
27.01
27.486
27.479
28.104
28.089
27.779
27.75
28.265
28.202
27.912
27.912
27.912
27.912
27.551
27.551
27.551
27.364
27.364
27.364
27.07
27.07
27.07
27.07
26.949
26.853
26.728
26.522
26.522
26.386
26.342
26.342
26.099
26.099
25.985
25.985
25.805
25.805
25.585
25.585
25.309
25.309
25.309
25.21
25.169
25.169
24.908
24.732
24.732
24.474
24.474
24.474
24.474
24.474
24.434
24.165
24.165
23.926
23.926
23.776
23.735
23.735
23.618
23.357
23.739
23.705
23.705
23.705
23.705
23.705
23.496
23.496
23.239
22.913
22.913
22.913
22.799
22.799
22.799
22.799
22.799
22.799
22.799
23.285
23.285
23.285
23.285
23.285
23.277
23.277
23.277
23.172
23.617
23.617
23.617
23.484
23.484
23.938
23.938
23.938
23.938
23.938
23.938
23.896
23.654
23.646
23.646
23.333
23.333
23.333
22.929
22.929
22.929
22.929
22.929
22.575
22.333
22.129
22.129
22.129
21.996
21.683
21.483
21.483
21.483
21.358
21
21
20.746
20.746
20.454
20.342
20.342
20.342
20.342
20.342
20.342
20.138
20.784
20.474
20.474
20.474
20.474
20.893
20.464
20.42
20.42
20.42
20.42
20.42
20.42
20.304
20.304
20.045
19.826
19.429
19.429
19.317
19.317
19.317
19.152
19.152
19.152
19.152
19.152
19.013
19.013
19.013
18.795
18.795
18.795
18.795
18.464
18.246
18.246
17.862
17.862
17.862
17.585
17.326
17.326
17.326
17.326
17.134
16.848
16.585
16.54
16.54
16.54
16.54
16.54
16.54
16.54
16.54
16.54
16.54
16.254
16.103
16.103
16.103
16.103
15.705
15.446
15.446
15.446
15.446
15.446
15.446
15.446
15.063
14.652
14.652
14.652
14.652
14.652
14.652
14.411
14.411
14.411
14.411
14.125
14.5
14.227
13.926
13.657
13.565
13.565
13.644
13.644
13.644
13.644
13.644
13.572
13.572
13.125
13.125
13.014
13.014
13.014
13.014
13.014
13.014
13.195
13.195
12.83
12.83
12.83
12.59
12.59
12.59
12.59
12.59
12.59
12.59
12.54
12.54
12.54
12.54
12.54
12.135
11.96
11.96
12.37
12.37
12.37
12.37
12.37
12.37
12.313
12.313
12.01
12.01
12.01
12.01
11.74
11.74
11.568
11.568
11.568
11.568
11.568
11.568
11.568
11.568
11.177
11.177
10.969
10.969
10.969
10.453
10.453
10.453
10.728
10.728
10.728
10.728
10.505
10.359
10.67
10.574
10.574
10.313
10.313
10.313
9.943
9.375
9.375
9.375
9.375
9.244
9.244
9.22
8.661
8.661
8.661
8.488
8.25
7.929
7.881
7.643
7.643
7.643
7.405
7.431
7.069
7.013
7.013
6.888
6.888
6.888
6.694
6.694
6.444
6.444
6.444
6.444
6.288
6.288
6.288
6.288
5.669
5.669
5.669
5.669
5.669
5.669
5.669
5.669
5.625
5.625
5.597
4.903
4.549
4.021
3.75
3.75
3.278
2.958
2.958
2.958
2.958
2.958
2.535
2.535
2.132
1.844
1.844
1.414
1.342
0.85
1.275
1.908
2.233
2.539
3.07
3.43
4.18
4.359
4.375
5.141
5.617
5.382
5.934
6.331
6.285
6.667
6.806
7.215
7.206
7.461
7.32
7.32
6.922
6.328
6.023
5.578
5.047
4.688
3.938
3.758
3.742
2.977
2.667
2.558
1.933
1.483
1.196
0.705
0.567
0
0.49
1.221
1.596
1.991
2.598
3.009
3.866
4.071
4.089
4.964
5.509
5.25
5.875
6.325
6.273
6.703
6.859
7.32
6.922
6.328
6.023
5.578
5.047
4.688
3.938
3.758
3.742
2.977
2.667
2.558
1.933
1.483
1.117
0.705
0.567
0
