8.481
45.75
83.019
93.548
128.856
170.856
133.587
125.106
162.375
170.856
135.548
93.548
56.279
45.75
87.75
123.058
160.327
170.856
172.933
188.856
198.817
268.971
233.663
225.183
214.654
177.385
140.115
98.115
135.385
145.913
187.913
225.183
260.49
268.971
302.048
375.433
389.163
398.106
506.337
516.865
708.884
699.107
666.321
631.714
592.714
627.321
666.321
699.107
708.884
674.277
666.402
701.009
708.884
676.098
666.321
627.321
592.714
627.321
666.321
699.107
708.884
729.509
600.772
625.478
625.89
727.223
717.446
682.839
643.839
678.446
688.223
721.009
760.009
752.134
717.527
682.92
673.143
634.143
601.357
634.143
645.857
722.857
756.339
985.277
1000.063
1050.777
1059.08
1078.455
1114.455
1390.158
1471.825
1452.68
1457.93
1464.328
1486.75
1532.25
1533.516
1660.711
1715.93
1765.305
1784.43
1502.678
1502.678
1729.211
1727.945
1600.75
1551.375
1532.25
1448.603
1466.603
1518.574
1290.788
1330.288
1331.3
1514.265
1467.794
1466.603
1460.118
1460.118
1532.25
1587.469
1588.734
1638.109
1657.234
1566.235
1331.3
1497.676
1476.574
1523.359
1516.961
1440.398
1435.148
1433.883
1384.508
1457.352
1479.773
1479.773
1525.273
1506.148
1489.61
1494.551
1500.574
1448.603
1532.25
1290.316
1331.895
1348
1164.182
1024.48
1025.29
1582.891
1582.891
1582.891
1581.625
1532.25
1532.25
1587.469
1714.664
1715.93
1621.478
1639.478
1685.949
1463.195
1446.242
1414.742
1640.346
1394.294
1407.856
1568.113
1615.813
1590.202
1603.952
1854.278
1853.153
1955.676
1909.206
1789.493
1737.522
1744.007
1772.507
1744.007
1737.522
1744.007
1482.406
1675.449
1654.346
1648.324
1643.382
1700.594
1624.031
1669.531
1691.953
1698.352
1771.195
1776.445
1744.007
1744.007
1737.522
1744.007
1772.507
1780.559
1782.478
1824.243
1843.213
1836.728
1808.228
1814.713
1843.213
1826.228
1825.816
1825.816
1801.11
1818.096
1818.507
1830.542
1853.875
1826.958
1820.833
1760.944
1582.882
1529.882
1602.89
1666.301
1683.287
1871.824
1820.833
1825.521
1564.732
1624.081
1624.081
1608.125
1916.949
1838.451
1853.521
1906.521
1912.021
1962.688
1896.757
1938.336
1944.138
1679.028
1680.256
1697.642
1685.571
1691.522
1738.391
1739.81
1833.967
1849.946
1906.783
1686.769
1690.808
1706.962
1724.615
2183.725
2179.525
2174.406
2224.375
2205.493
2167.178
2205.493
2269.967
2274.388
2293.27
2298.658
1985.205
2018.136
1775.96
1778.43
1587.884
1605.188
1636.741
1641.629
1690.915
1706.272
1719.085
1753.156
1781.371
1840.996
1662.835
1669.222
1521.938
1525.026
1525.232
1401.564
1401.753
1425.503
1429.003
1321.828
1229.608
1239.584
1243.398
1253.375
1255.817
1259.968
1177.796
1192.622
1119.605
1122.247
1124.39
1135.533
1070.022
1011.657
1019.475
966.744
919.199
876.111
877.43
838.142
849.007
850.261
853.463
874.06
836.6
859.963
824.622
792.071
761.992
764.498
761.767
781.75
802
773.012
778.542
751.384
761.368
772.287
774.172
775.31
787.767
761.508
779.271
754.133
730.566
731.66
741.16
742.056
742.396
743.851
744.871
722.525
748.61
749.773
759.343
737.226
716.361
722.12
702.245
702.245
702.245
724.999
726.272
726.272
726.272
727.274
727.835
729.653
736.24
736.24
736.24
739.501
739.501
739.501
739.501
743.674
743.674
763.799
763.799
763.799
763.799
767.06
768.551
768.551
768.551
769.506
769.506
769.506
772.983
772.983
772.983
772.983
772.983
772.983
772.983
772.983
773.75
780.205
780.205
780.205
788.193
789.148
789.148
794.111
794.111
794.111
794.111
794.111
795.356
795.356
795.356
795.594
795.594
797.413
797.413
797.413
797.413
797.413
797.413
797.413
797.413
797.413
807.265
812.815
812.815
812.878
812.878
812.878
812.878
812.878
812.878
812.878
815.81
815.81
815.81
815.81
815.81
816.988
816.988
816.988
816.988
818.232
818.232
818.528
818.528
820.994
820.994
820.994
820.994
820.994
821.058
822.708
822.708
822.708
826.185
826.185
826.185
826.185
826.185
826.185
826.185
827.085
827.085
827.085
827.085
827.085
827.085
827.085
827.647
827.647
827.838
827.838
827.838
828.605
828.605
843.472
843.472
843.472
843.472
843.768
843.768
850.355
850.355
850.355
851.599
851.599
851.599
851.599
851.599
851.599
851.599
851.599
852.366
852.366
852.366
854.016
857.277
857.277
857.277
857.277
858.232
858.232
858.232
858.232
858.232
858.232
858.232
858.232
858.232
858.232
858.232
858.232
858.832
858.832
858.832
859.595
859.595
860.55
861.317
861.317
861.317
862.217
4119.342
3644.034
3267.065
2960.777
2706.996
2709.407
2495.507
2312.909
2322.787
2164.415
2166.324
2028.048
4124.315
4067.478
3598.154
3225.931
2923.5
2672.914
2461.895
2281.756
2126.182
1990.468
1871.04
1871.445
1765.514
1670.933
1585.97
1509.23
1439.573
1441.148
1377.568
1319.361
1265.873
1216.554
1218.235
1220.013
1221.299
1227.386
1181.359
1138.66
1098.939
1061.896
1061.975
1027.345
994.903
964.446
935.8
908.805
883.325
859.234
859.234
859.234
859.234
859.234
859.234
859.234
859.234
859.234
859.234
859.234
859.234
860.134
860.134
860.134
860.134
861.784
863.434
863.434
863.434
863.434
863.434
863.434
863.707
863.707
863.707
863.707
863.891
863.891
863.891
863.891
863.891
863.891
866.823
868.705
868.705
4082.087
4085.826
4089.478
3617.615
4049.826
3582.538
3582.538
3211.931
2910.813
4044.196
4040.543
4036.092
4004.44
4004.44
3951.179
3935.582
3481.476
3485.413
3124.853
2831.898
2843.109
2599.414
2599.414
2394.197
2395.934
2220.622
3924.152
3924.152
3924.152
3471.365
3915.543
3463.75
3105.431
2814.297
2823.32
2835.273
2839.32
2595.95
2597.714
2601.625
2626.732
2419.359
2242.332
2089.446
1956.077
1838.713
1734.634
1641.708
3989.44
3529.12
3164.039
2867.41
2868.066
2869.086
2911.496
2661.939
2665.639
2455.194
2275.546
2120.395
3962.25
3505.067
3142.474
3902.25
3903.13
3452.769
3095.586
3097.862
3097.862
3103.517
2812.563
2571.486
2580.7
2376.961
2379.171
2415.092
2238.378
2249.573
2249.573
2096.193
3994.511
3956.304
3952
3496
3134.345
2840.5
2855.148
3938.033
3483.644
3123.267
2830.461
2864.602
2619.064
3981.864
3522.418
3158.03
3980.69
4015.038
3945.533
3490.279
3129.216
2835.852
3939.582
3485.014
3490.279
3129.216
2835.852
2592.779
2604.093
2604.093
2621.243
2414.303
2237.646
2085.08
1951.989
1951.989
3987.429
3916.995
3465.034
3893.255
3444.034
3444.034
3447.341
3500.418
3138.306
2844.09
2600.311
2395.023
2219.777
2068.429
1936.402
3886.56
3438.111
3438.111
3883.875
3885.293
3436.99
3081.44
2792.555
2553.193
2558.379
2356.401
2357.191
2358.928
2186.323
2186.323
2037.256
1907.218
1792.785
1691.307
1600.701
1519.309
1519.309
1445.794
1379.065
1318.224
1262.525
1263.919
1212.679
1165.432
3839.924
3396.856
3045.457
2759.945
2523.379
2324.164
2324.164
2154.104
2156.518
2009.483
1881.218
1881.218
1768.345
1768.345
1771.975
1671.675
1671.675
1673.868
1687.264
1697.566
1699.434
3910
3910
3458.846
3101.034
3101.034
3863.13
3850.576
3711.223
3669.745
3707.245
3707.245
3279.486
2940.228
2664.582
3691.266
3265.351
3686.701
3261.313
2923.935
2923.935
2649.816
3679.571
3665.549
3665.549
3665.549
3606.201
3606.201
3602.549
3602.549
3186.87
2857.194
2589.332
2367.389
2180.49
2020.942
2022.991
1885.06
1885.06
1887.446
3595.168
3571.429
3562.103
3562.408
3151.361
2825.358
2825.358
2832.185
2842.737
2842.978
2843.677
2577.082
2590.52
2593.965
2593.965
2597.246
2647.203
2647.203
2420.3
2420.3
2425.475
2233.99
2233.99
2233.99
3649.332
3228.255
2894.297
2622.957
2398.132
2208.806
2208.806
3589.332
3175.178
3175.178
3189.889
3587.701
3587.701
3173.736
3211.178
3227.716
3227.716
3644.158
3627.527
3208.966
2877.004
2607.285
3626.109
3207.712
2875.879
2606.266
3595.239
3595.239
3594.935
3594.935
3180.135
3180.135
3591.283
3592.587
3596.255
3596.255
3181.303
2852.203
2852.203
2584.809
2584.809
3591.69
3177.264
3565.147
3561.478
3569.37
3157.519
2830.879
3550.674
3550.674
3550.674
3555.239
3145.019
2819.672
2555.328
2336.3
3535.283
3545.88
3545.88
3136.74
2812.25
2548.602
2548.602
2561.258
3335.228
3323.435
3301.522
3313.315
2931.01
2627.802
3311.897
2929.755
2940.188
2636.03
2637.155
2389.922
2185.071
2210.179
2035.691
2035.691
2043.586
3357.663
3288.158
2908.755
2909.909
2608.884
2613.603
2614.638
2369.516
2384.656
3314.13
3410.38
3425.978
3417.283
3022.981
3065
3106.683
3106.683
3106.683
2785.302
2524.18
2307.821
2125.625
1970.091
1970.091
1970.091
3465.033
3467.717
3481.739
3080
3080
3087.615
3103.769
3501.478
3097.462
3097.462
3097.462
2777.034
3494.348
3493.043
3090
3474.391
3073.5
2755.552
2497.219
2497.219
3469.598
3469.598
3469.598
3469.598
3469.598
3469.598
3469.598
3465.946
3465.946
3066.029
3069.26
3121.76
2798.819
2536.43
2546.508
2551.633
2332.921
2148.743
1991.518
1855.733
1875.813
1878.139
1758.258
1652.763
1666.403
1666.403
1678.613
1678.613
1583.597
3509.804
3509.804
3509.804
3104.827
3108.635
3108.635
3443.005
3452.332
3053.986
2738.056
2481.363
2268.675
2268.675
2089.569
2091.78
1938.723
1940.771
1940.771
1950.649
3472.679
3532.679
3532.679
3537.13
3538.549
3130.255
3532.598
3124.99
3124.99
3177.188
2848.513
3553.19
3562.19
3151.168
3151.168
3169.803
2841.892
2575.465
2575.465
2592.527
2370.311
2370.311
3592.973
3592.973
3592.973
3592.973
3592.973
3178.399
2849.599
2582.449
2592.527
2370.311
2183.181
2192.852
2032.399
3614.277
3618.582
3201.053
2869.909
2875.565
2875.565
2605.98
2605.98
3624.832
3625.136
3206.851
3206.851
2875.108
2605.566
3623.995
3623.995
3607.364
3612.995
3626.299
3207.88
3207.88
2876.03
2606.402
3621.734
3621.734
3203.841
3227.322
2893.461
2622.199
2622.199
2650.699
2650.699
2650.699
2423.496
2232.168
2068.838
1927.781
3682.299
3257.418
3664.69
3661.821
3661.821
3664.69
3664.69
3241.841
3246.822
3666.016
3666.016
3669.668
3660.668
3238.284
2903.289
2631.105
2636.777
2410.768
2220.444
2057.973
1917.656
1795.253
1799.114
1804.886
3628.245
3632.81
3632.81
3213.639
2881.194
2611.082
2614.715
2390.596
2201.865
2201.865
2201.865
2201.865
2201.865
3633.413
3617.815
3200.375
2869.302
2600.305
2377.421
2380.346
2192.424
3618.598
3627.598
3209.029
3212.837
3213.644
2881.198
2881.198
2611.086
2615.133
3638.141
3632.511
3213.375
3217.313
3217.313
2884.487
3631.332
3589.853
3589.853
3560.201
3149.409
2823.608
2558.895
2560.824
2583.465
3589.592
3589.592
3588.679
3587.261
3173.346
3173.346
2845.069
2861.233
3567.989
3156.298
3560.859
3560.859
3560.859
3501.511
3497.859
3497.859
3497.859
3483.837
3081.856
3081.856
2763.043
2504.008
2514.086
2514.719
2299.171
2117.658
2120.352
2122.563
1967.253
1833.122
1716.114
1613.148
1613.748
1522.403
3466.668
3066.668
2749.427
2749.427
2491.668
2494.305
2502.781
2288.257
2107.605
2107.605
2110.299
3455.082
3455.082
3455.082
3455.082
3438.451
3462.19
3430.69
3034.841
2720.892
2720.892
2465.809
2254.454
3409.625
3451.951
3435.321
3403.668
3412.668
3416.408
3416.408
3022.207
3030.457
3417.125
3417.125
3022.841
3393.386
3393.386
3001.841
3017.418
2705.272
2451.652
2241.511
2064.549
3407.342
3407.342
3014.188
3037.668
2723.427
2468.105
2256.554
2256.554
3429.321
3429.321
3429.321
3425.652
3030.385
3030.385
2716.897
2462.188
3419.701
3025.12
3025.12
2712.177
2712.177
2738.246
2742.711
2742.711
2742.711
2485.582
2485.582
2536.688
2570.828
2350.471
2350.471
2350.471
2372.071
2372.071
2372.071
2392.771
2203.868
2042.61
3625.576
3207.24
3207.24
3214.856
3214.856
2882.284
2882.284
2908.353
3664.37
3690.913
3690.913
3652.5
3231.058
2896.81
3651.62
3230.279
3230.279
3651.315
3230.01
2895.871
2624.383
2399.436
2399.436
2210.007
2210.007
2048.299
1908.642
1908.642
1915.46
1915.46
1793.197
3633.489
3641.38
3710.886
3710.886
3710.886
3282.707
3663.766
3683.723
3683.723
3685.027
3259.832
3681.359
3256.587
3673.467
3700.011
3273.087
3273.087
3273.894
3273.894
3696.62
3270.087
2931.802
3693.75
3693.75
3697.418
3697.418
3697.418
3689.527
3663.429
3240.726
2905.478
2633.09
3593.924
3179.24
2850.353
2583.133
2583.133
2583.133
3575.272
3162.74
2835.56
3533.967
3533.967
3552.663
3552.663
3542.065
3133.365
3137.404
3137.404
3137.404
3532.609
3532.609
3532.609
3532.609
3532.609
3528.957
3528.957
3528.957
3542.978
3604.717
3608.37
3192.019
3198.327
2867.466
2598.641
2375.9
2402.575
2212.898
2050.979
2050.979
2050.979
3651.641
3230.298
3234.106
2899.543
2915.707
2915.707
2915.707
2642.359
2642.359
2415.871
2225.145
2225.145
2228.553
2065.488
1924.659
1801.809
1801.809
3677.391
3618.386
3612.755
3613.636
3609.071
3192.639
3193.418
2863.065
2889.134
2889.134
2618.277
2618.277
2393.854
3616.277
3585.408
3585.408
3171.707
3171.707
3171.707
2843.599
2853.944
2860.19
2592.047
2597.707
2375.046
3613.321
3613.321
3196.399
3613.016
3613.016
3613.016
3682.522
3676.571
3676.571
3676.571
3252.351
2915.901
2915.901
2915.901
3638.364
3638.364
3218.553
3635.495
3634.076
3647.12
3647.12
3649.804
3649.804
3649.804
3228.673
3231.048
3231.048
3231.048
3231.048
3236.029
3236.029
3243.99
3267.077
3284.731
2944.931
2668.844
2668.844
2668.844
2668.844
2440.086
2450.586
3727.848
3723.054
3734.848
3303.904
3308.375
3732.772
3738.859
3738.859
3738.859
3307.452
3307.452
3307.452
3735.12
3735.12
3304.144
2962.336
2684.617
2684.617
2454.507
2260.73
2263.493
2097.872
2097.872
3626.272
3207.856
2876.009
2606.383
3622.533
3622.533
3618.228
3618.228
3200.74
3200.74
2869.629
2869.629
2869.629
2869.629
2886.336
3618.913
3618.913
3201.346
2870.172
3571.413
3571.413
3551.457
3551.457
3551.457
3547.717
3547.717
3547.717
3138.365
3538.717
3538.717
3556.326
3543.772
3543.772
3581.978
3168.673
3176.923
2848.276
3548.978
3571.87
3159.731
3159.731
2832.862
2567.281
2588.594
2366.714
2368.6
2368.6
2181.605
2181.605
3572.891
3160.635
3160.635
3160.635
3160.635
3161.673
2834.603
2847.793
3585.641
3570.043
3570.043
3158.115
2831.414
2565.969
2565.969
2565.969
3522.924
3543.989
3135.067
3196.553
2865.875
2882.039
2911.78
2911.78
2911.78
3667.723
3660.592
3646.571
3646.571
3646.571
3584.832
3171.197
3174.428
3180.736
2851.694
2584.348
2362.832
2176.293
2184.78
2024.918
1886.855
1886.855
1890.037
1890.037
1769.396
1663.233
1663.233
1663.233
1663.233
1663.233
1569.087
1569.087
1569.087
1485.029
3609.772
3609.772
3625.37
3626.283
3626.283
3652.38
3652.38
3652.38
3652.38
3230.952
3234.889
3234.889
3650.88
3650.88
3647.228
3647.228
3226.394
3249.875
3665.88
3665.88
3242.894
3242.894
2907.422
3664.462
3660.158
3677.375
3253.063
3266.861
2928.909
2654.324
2654.324
2426.811
2235.22
2235.22
2071.668
2071.668
2071.668
1930.418
1930.418
1930.418
1930.418
1807.199
1698.768
1602.611
1602.611
1516.757
1439.633
3596.723
3596.723
3181.716
2852.573
2852.573
2883.039
2612.754
2612.754
2636.379
3662.951
3240.303
3240.303
2905.099
2632.746
2632.746
3658.386
3658.386
3646.592
3650.261
3650.261
3229.077
2895.034
2895.034
3602.761
3555.641
3145.375
2819.991
2819.991
2822.121
2829.517
2829.517
2829.759
2829.759
2564.469
2564.469
2344.657
2344.657
2344.657
3559.348
3559.348
3559.348
3606.848
3606.848
3606.848
3606.848
3607.761
3191.481
2861.328
2593.078
2596.277
3609.527
3606.842
3606.842
3190.668
3190.668
3201.774
2870.556
2870.556
3581.897
3611.549
3611.549
3587.81
3173.832
3186.236
2856.625
2856.625
2588.816
3595.88
3574.815
3615.408
3611.739
3611.739
3615.391
3615.391
3619.957
3202.269
3600
3184.615
3184.615
3189.596
3208.231
3208.231
3208.231
3625.391
3625.391
3642.609
3646.348
3646.348
3654.223
3232.582
3232.582
2898.177
2898.177
2913.004
2639.91
2639.91
2639.91
2662.551
3704.114
3704.114
3276.716
3703.201
3703.201
3275.909
2937.022
2937.022
2661.676
2711.633
2714.832
3753.418
3800.918
3796.353
3756.701
3756.701
3756.701
3756.701
3756.701
3756.701
3323.236
2979.453
2700.129
2468.689
2273.793
2107.418
3748.81
3784.027
3788.592
3351.447
3004.746
3004.746
2723.051
2723.051
2489.646
2489.646
2489.646
2293.095
2293.095
2293.095
2293.095
2125.308
2125.308
3784.141
3784.141
3784.141
3784.141
3784.141
3784.141
3777.011
3777.011
3773.359
3773.359
3773.359
3759.337
3759.337
3325.567
2981.543
2702.023
2470.421
2472.821
2277.599
2110.945
1967.017
1967.017
1967.017
1967.176
1971.301
1974.412
1848.386
1737.483
1737.483
1639.134
1639.134
1644.908
1646.84
1663.42
1574.308
1577.237
3837.359
3884.859
3436.606
3881.19
3881.19
3885.755
3437.399
3441.87
3085.815
3085.815
3886.245
3887.125
3438.611
3082.892
2793.871
2793.871
2793.871
2793.871
3881.495
3881.495
3433.63
3877.043
3872.739
3907.957
3836.853
3832.288
3832.288
3832.288
3847.886
3856.886
3856.886
3411.861
3419.553
3419.553
3864.277
3864.277
3870.228
3866.576
3862.272
3862.272
3416.625
3416.625
3063.181
3063.181
3063.181
2776.008
3861.391
3861.391
3864.261
3418.385
3418.385
3419.192
3419.192
3065.483
3081.647
3872.25
3872.25
3425.452
3071.095
2783.18
2544.621
2544.621
2343.73
2348.507
2348.507
2176.665
2028.256
1898.793
1784.865
1787.455
1686.278
1686.278
1595.942
1597.478
1597.478
1597.478
1516.25
1531.708
3908.783
3457.769
3100.069
3100.069
3100.069
3894.761
3894.761
3894.761
3894.761
3894.761
3894.761
3445.365
3088.948
2799.359
2559.414
2357.355
2184.866
2184.866
2184.866
2184.866
2184.866
2035.898
2035.898
2035.898
2035.898
2035.898
1905.947
1905.947
1905.947
1905.947
1905.947
1905.947
3876.5
3876.5
3876.5
3876.5
3429.212
3829
3829
3387.192
3036.793
3036.793
3824.435
3807.217
3799.326
3795.658
3799.962
3799.962
3361.505
3013.763
3023.72
3023.72
3023.72
3808.065
3792.467
3796.772
3794.087
3734.087
3736.772
3305.606
3309.543
3309.543
2967.177
2689.004
2689.004
3729.429
3299.111
3299.111
3725.69
3736.288
3754.549
3321.332
3321.332
3721.679
3292.255
3292.255
2951.677
2674.957
3662.674
3656.723
3656.723
3656.723
3656.723
3665.723
3665.723
3242.755
2907.297
2907.297
2907.297
3664.81
3631.94
3625.989
3625.989
3207.606
2875.784
2606.18
2382.793
2194.678
3609.359
3597.565
3597.565
3597.565
3182.462
2853.241
2585.75
2585.75
2585.75
3593.913
3593.913
3593.913
3593.913
3593.913
3593.913
3179.231
3182.462
2853.241
2585.75
2364.114
2177.474
2018.146
1880.545
1881.159
1881.159
1881.159
1881.159
1881.159
1881.159
1901.886
1901.886
1902.568
1902.568
3638.391
3218.577
3218.577
3619.696
3619.696
3625.326
3207.019
3593.826
3593.826
3606.946
3589.337
3622.207
3204.26
3218.058
2885.155
2885.155
2888.065
2888.065
2897.418
2897.418
2625.785
2625.785
3582.163
3168.837
3168.837
2841.026
2574.68
3581.859
3602.924
3608.554
3608.554
3608.554
3570.348
3570.348
3570.348
3158.385
2831.655
2831.655
2566.188
2566.82
2566.82
2566.82
2566.82
2566.82
2566.82
2566.82
2346.807
2161.533
3566.174
3556.848
3556.848
3556.848
3556.848
3556.848
3552.543
3544.652
3544.652
3544.652
3540.087
3563.826
3563.826
3546.217
3546.217
3546.217
3546.217
3540.587
3132.058
2808.052
3514.043
3514.043
3517.696
3514.043
3543.696
3543.696
3134.808
3134.808
3529.674
3529.674
3529.674
3528.793
3528.793
3528.793
3558.446
3627.951
3627.951
3641.973
3641.973
3607.625
3607.625
3191.361
2861.22
2592.98
2592.98
2592.98
2370.725
2370.725
3594.582
3594.582
3179.822
2850.875
2850.875
2865.703
2597.043
2597.043
3610.408
3572.201
3160.024
3160.024
3177.678
3589.473
3580.147
3167.053
3167.053
3170.284
2842.323
2575.855
2575.855
2575.855
2575.855
2355.068
2370.668
2371.525
2371.525
2373.982
2373.982
3608.13
3191.808
3581.587
3168.327
3168.327
2840.569
2840.569
2840.569
2574.266
2574.266
2583.828
2362.357
2362.357
2362.357
3592.022
3549.696
3551.114
3556.168
3145.841
2820.409
2820.409
2555.996
2562.184
2562.184
2342.568
2342.568
2342.568
2342.568
2342.568
2348.282
2162.891
2168.155
2168.155
2168.155
2168.155
2009.509
2018.259
1880.651
3571.668
3159.553
3159.553
2832.703
2567.137
2567.137
2567.137
2567.137
2567.137
2567.137
2567.137
2567.137
3568.016
3156.322
3156.322
2829.806
2829.806
2837.203
2837.203
2571.215
2577.465
2356.539
2170.497
2170.497
2170.497
2011.68
1874.52
1874.52
1874.52
1754.87
1649.578
1653.208
3561.06
3557.391
3548.783
3540.891
3132.327
2808.293
3539.587
3509.935
3509.935
3530.315
3530.315
3122.971
3122.971
3509.25
3509.25
3517.859
3517.859
3517.859
3501.228
3501.228
3097.24
3097.24
2776.836
2779.733
3496.989
3496.989
3496.989
3093.49
3096.029
3096.029
3096.029
2775.75
3498.44
3498.44
3479.745
3484.049
3484.353
3484.353
3484.353
3388.103
2997.168
3361.56
3361.56
3352.56
3352.56
3352.56
3352.56
2965.726
3018.803
3375.06
3375.06
3407.929
3014.707
3026.476
3026.745
3026.745
3026.745
2713.634
3417.234
3417.234
3022.938
2710.22
2710.22
2710.22
2710.22
3413.582
3413.582
3426.886
3031.476
3032.255
3032.255
2718.573
2718.573
3418.766
3024.293
3417.348
3409.473
3403.842
3387.864
3430.19
3430.19
3429.886
3034.13
2720.254
3409.505
3409.505
3409.505
3409.505
3408.625
3015.322
3404.886
3404.886
3403.712
3372.212
3372.212
3372.212
3389.429
3376.125
3376.125
2986.572
2986.572
2986.572
2986.572
3013.88
3013.88
2702.099
2448.777
2238.882
2244.596
2265.296
2265.296
2086.457
2091.234
1938.216
1948.704
3435.571
3440.136
3440.136
3443.005
3045.736
2730.659
2745.453
2745.453
3447.636
3447.636
3468.016
3502.364
3502.364
3098.245
2777.737
2791.703
2816.185
2816.185
2552.168
2552.168
2333.411
2149.194
1991.936
1856.122
1856.281
1856.281
1737.795
3510.554
3105.49
3109.298
2787.647
2800.836
2800.836
2800.836
2800.836
2801.871
2802.569
2539.828
2322.129
3520.37
3520.37
3511.043
3105.923
3475.826
3469.875
3069.505
3069.505
3069.505
3465.424
3065.567
3445.467
3047.913
3066.548
3461.478
3062.077
3441.098
3044.048
3085.731
3085.731
3476.424
3479.109
3487.804
3487.804
3085.365
3093.327
3097.135
3097.135
3097.135
2776.741
2810.31
3542.522
3133.769
2809.586
2809.586
2809.586
2809.586
2809.586
2825.75
2841.914
2858.078
2885.319
2614.82
2390.693
2201.954
2040.835
3629.402
3210.625
2878.491
2608.633
2385.036
2398.429
2415.579
2435.864
2446.114
2253
2088.146
1945.773
1821.574
1821.574
1712.28
1712.28
1712.28
1615.358
1621.132
1621.132
1534.286
3704.152
3700.484
3700.484
3700.484
3700.484
3700.484
3273.505
3276.736
3697.005
3704.766
3635.261
3644.587
3644.587
3644.587
3653.913
3653.913
3649.348
3610.935
3194.288
3194.288
3194.288
3194.288
2863.845
2595.359
2595.359
2372.9
2185.566
3601.935
3569.065
3569.065
3542.967
3542.967
3542.967
3134.163
3473.462
3477.114
3482.168
3080.38
2761.72
2502.809
3464.56
3443.495
3444.375
3440.707
3427.663
3427.663
3431.315
3393.109
3001.596
3001.596
3390.424
3386.685
3457.788
3058.813
3058.813
3064.077
2747.103
2747.103
2489.563
2489.563
3455.864
3435.484
3039.082
2724.694
2724.694
3431.033
3035.144
3035.144
3418.478
3405.435
3414.13
3020.192
3081.678
2762.884
2763.125
2763.366
2504.301
2289.646
3471.125
3479.016
3479.016
3487.712
3085.284
3106.284
2784.944
2798.909
2798.909
2536.512
2319.096
2341.668
2350.411
2375.654
2376.232
2378.643
3619.37
3619.37
3611.478
3194.769
3590.413
3176.135
3179.442
3589.848
3589.848
3175.635
3190.346
2860.31
3605.565
3614.891
3614.891
3614.891
3613.978
3614.891
3197.788
3197.788
3197.788
3197.788
3197.788
2866.983
2598.203
2598.203
2375.5
2378.425
2190.655
3616.658
3199.351
2868.384
3613.005
3613.886
3196.899
3196.899
3196.899
2866.185
2866.185
3612.582
3195.745
2865.151
2872.289
2872.289
2872.289
2872.289
3595.038
3642.538
3642.538
3222.245
3222.245
3230.495
3646.234
3645.929
3557.446
3544.891
3526.63
3539.185
3130.817
3131.087
2807.181
2544.008
2544.008
2325.95
2329.271
2329.271
2145.382
2156.039
2156.039
2158.25
3556.804
3599.13
3599.435
3595.13
3596.011
3181.087
2852.009
2865.974
3609.967
3609.967
3193.433
2863.078
2867.797
2598.941
2376.175
2376.175
3612.179
3612.179
3617.234
3199.861
3207.553
2875.737
2606.137
2609.77
2614.895
3624.092
3597.549
3182.447
3182.447
2853.228
2853.228
2859.487
2591.41
3581.701
3581.701
3168.428
2840.659
3568.397
3567.516
3567.516
3529.103
3529.103
3494.755
3529.103
3529.984
3543.288
3134.447
2810.194
2546.738
2328.446
2354.504
2358.204
2172.03
3584.12
3170.567
2842.578
2874.026
2604.586
3619.467
3201.837
3618.163
3598.207
3598.207
3183.029
3183.029
3589.207
3609.163
3609.163
3192.721
3192.721
3192.721
3582.62
3582.62
3169.24
2841.388
2575.008
2354.293
2378.936
2378.936
2378.936
2191.125
3614.168
3614.168
3197.149
3197.149
3197.149
3197.149
2866.409
3609.603
3609.603
3193.111
3193.111
2862.789
2862.789
2594.402
3602.473
3579.582
3579.582
3166.553
3567.788
3571.457
3530.864
3592.038
3177.572
3556.821
3146.418
2820.927
2820.927
2835.754
2835.754
2835.754
2569.902
2569.902
2569.902
3570.951
3570.951
3158.918
3158.918
3158.918
3158.918
3158.918
3158.918
3158.918
3158.918
3158.918
3158.918
3158.918
2832.134
2566.621
2346.625
2161.365
2161.365
2161.365
2003.216
1866.634
1891.463
1770.731
1770.731
1664.488
3612.821
3615.69
3615.69
3615.69
3663.19
3663.19
3663.19
3240.514
3245.495
3254.87
3660.723
3238.332
3238.332
3238.332
3272.313
3691.261
3738.761
3737.88
3729.185
3737.076
3737.957
3714.217
3714.217
3745.087
3312.962
3675.582
3676.755
3252.514
2916.047
2922.306
3615.141
3615.141
3198.01
3594.076
3179.375
2850.474
2850.474
2871.526
2886.353
2886.353
3626.011
3626.011
3591.663
3590.783
3590.783
3176.462
2847.862
2580.875
2359.657
2173.368
2173.901
2183.342
2023.585
3602.81
3604.228
3619.826
3202.154
2870.897
2601.75
3618.946
3201.375
2870.198
2601.117
2601.117
3579.293
3580.207
3167.106
3175.356
2846.871
2579.977
2358.836
2172.612
2172.612
2013.64
1876.347
1756.58
1757.984
1758.133
1768.106
1662.02
3592.707
3663.81
3670.94
3655.342
3233.572
3649.712
3648.832
3227.813
3227.813
3227.813
2893.901
2898.728
2898.728
2898.728
2626.973
2628.902
2403.568
2403.568
2406.568
3631.299
3636.353
3216.774
3244.082
3245.337
3656.087
3664.783
3656.891
3234.942
2900.293
2900.293
2900.293
2900.293
2900.293
3624.022
3205.865
3205.865
3239.038
3240.293
2905.091
2632.738
2633.371
2407.654
2217.576
2055.314
1915.179
3646.212
3664.864
3241.995
3242.803
2907.341
2919.711
3657.636
3657.636
3235.601
3627.984
3627.984
3627.984
3627.984
3622.353
3631.679
3631.679
3631.679
3631.679
3212.639
2880.297
2610.27
2610.27
3618.636
3652.984
3231.486
3631.918
3631.918
3212.851
3627.614
3209.043
3209.043
3209.043
2877.073
2880.603
2882.879
2882.879
2882.879
2886.409
3627.592
3623.94
3205.793
3205.793
3205.793
3205.793
3205.793
2874.159
2874.159
2874.159
2604.707
2605.363
2382.046
3607.636
3608.516
3607.636
3603.071
3592.473
3609.69
3193.188
3198.452
2867.578
2868.703
2868.703
2868.703
2868.703
3616.179
3616.179
3616.179
3650.527
3651.408
3230.091
2895.944
2624.449
2399.496
2401.907
3650.772
3644.685
3644.685
3224.144
3642
3609.13
3192.692
3591.913
3587.348
3173.423
2845.138
3555.848
3555.848
3555.848
3145.558
3145.558
3146.712
2821.19
2851.655
2584.313
3592.88
3608.478
3608.478
3605.609
3605.609
3613.5
3196.558
3225.635
3225.635
3248.721
2912.647
2917.366
2643.863
2643.863
2417.246
2226.411
2226.411
2063.503
2063.503
3674.766
3250.755
3250.755
2914.47
2928.125
2653.613
2653.613
2654.27
2654.27
3676.918
3252.659
3252.659
3281.736
3709.484
3725.082
3295.264
3373.538
3373.538
3373.538
3373.538
3804.957
3810.587
3801.891
3363.212
3365.587
3017.422
3017.422
3017.422
3017.422
2734.539
2734.539
2500.15
2302.77
3796.685
3796.685
3358.606
3358.606
3358.606
3358.606
3011.164
3011.164
2728.867
3776.728
3340.952
3767.402
3767.402
3737.75
3729.054
3729.054
3298.779
3298.779
2957.526
2971.181
2971.181
2971.181
2692.633
2461.836
2267.48
2101.567
3711.924
3732.989
3728.538
3728.538
3708.158
3708.158
3731.897
3699.027
3699.027
3699.027
3272.216
3272.216
2933.711
2937.72
2937.72
3696.321
3688.446
3688.446
3697.446
3627.94
3627.94
3612.342
3611.462
3611.462
3611.462
3577.114
3577.114
3577.114
3577.995
3165.149
3176.918
2848.272
2875.513
2605.934
3616.321
3616.321
3616.321
3610.69
3194.072
3194.072
3194.072
3194.072
3194.072
3194.072
2863.651
2863.651
2863.651
2595.184
3598.897
3183.639
3194.072
2863.651
2869.306
2888.134
2617.371
2393.025
2393.025
2393.025
2405.311
2405.311
2417.311
2417.311
2417.311
2226.47
2226.47
3636.19
3640.495
3627.19
3208.668
3211.207
2879.013
3600.408
3605.462
3623.071
3205.024
3205.024
3205.024
3205.832
3226.832
2893.022
2621.801
2397.075
2207.832
2207.832
2244.148
3707.418
3279.639
3701.332
3701.027
3695.973
3711.571
3770.918
3788.136
3351.043
3004.384
3007.28
3774.179
3774.179
3774.179
3774.179
3777.832
3777.832
3777.832
3341.928
2996.211
3769.94
3754.342
3753.429
3757.082
3764.973
3764.973
3330.553
3330.553
2986.013
2986.013
3764.092
3764.092
3329.774
2985.315
3763.788
3763.788
3329.505
3329.505
3329.505
3337.197
3337.197
3337.197
3363.428
3797.685
3794.815
3794.815
3798.467
3798.467
3806.359
3806.359
3806.359
3367.163
3367.163
3367.163
3367.163
3793.054
3758.707
3757.826
3757.826
3757.826
3757.826
3749.13
3746.446
3746.446
3746.446
3746.446
3727.75
3732.201
3301.563
2960.022
3731.897
3725.946
3725.946
3296.029
2955.06
3691.598
3682.902
3257.952
3291.75
2951.224
3711.783
3750.196
3317.481
3746.543
3746.543
3784.957
3348.231
3001.862
3033.31
3035.44
3035.44
3035.44
3037.569
3812.761
3372.827
3372.827
3023.914
3023.914
2740.422
2740.422
2740.422
2768.922
2531.586
2542.514
2341.789
2341.789
3860.435
3876.033
3428.798
3428.798
3428.798
3436.49
3441.755
3441.755
3881.679
3880.505
3840.853
3835.223
3392.697
3392.697
3392.697
3392.697
3830.168
3388.226
3811.473
3820.168
3379.38
3387.341
3798.299
3360.034
3012.444
3067.569
3849.543
3889.196
3841.696
3841.696
3841.696
3841.696
3841.696
3794.196
3794.196
3794.196
3356.404
3009.19
3009.19
2727.078
3793.283
3355.596
3008.466
3787.652
3788.957
3719.451
3750.951
3750.951
3318.149
3318.928
3330.466
3340.899
2995.289
2714.48
2724.043
2743.121
2507.996
2309.997
2329.891
2338.378
2167.277
2019.509
1890.604
1897.465
1897.465
1783.618
1682.658
1592.516
1592.516
1511.54
1511.54
1511.54
1511.54
1511.54
1438.401
1372.013
1311.483
1311.483
1256.069
1205.147
1158.193
1114.761
1074.468
1036.987
1002.032
1012.279
1013.586
1019.029
985.8
954.67
954.743
925.517
928.284
3907.799
3907.799
3909.217
3903.587
3903.587
3903.587
3907.239
3928.304
3475.038
3857.201
3872.799
3868.495
3852.897
3866.918
3420.736
3066.866
3836.049
3836.049
3393.428
3393.428
3401.678
3824.995
3824.995
3824.995
3823.821
3832.429
3858.973
3413.707
3413.707
3060.565
3850.277
3850.277
3406.014
3053.668
3053.668
2767.387
2530.182
3842.386
3842.386
3399.034
3399.034
3399.034
3047.409
3802.734
3797.103
3358.976
3011.496
3783.799
3791.69
3354.188
3786.06
3349.207
3349.207
3349.207
3349.207
3002.737
3776.734
3776.734
3739.234
3699.582
3699.582
3272.707
3690.886
3265.014
3688.201
3688.201
3671.571
3658.266
3658.266
3662.832
3680.049
3255.428
3259.236
2922.073
2922.073
2922.073
2922.073
2924.349
3682.918
3257.966
3677.864
3253.495
2916.927
3673.413
3249.558
3249.558
3249.558
3249.558
3653.033
3663.63
3663.63
3240.904
2905.638
2633.234
2407.529
3662.75
3659.082
3236.88
3236.88
3236.88
3236.88
2902.03
2902.03
3654.027
3635.332
3635.332
3635.332
3704.837
3722.054
3722.054
3705.424
3696.728
3719.62
3720.5
3720.5
3721.38
3291.99
3291.99
3300.24
2958.836
3727.038
3747.418
3751.87
3752.75
3319.74
3319.74
3319.74
3744.859
3744.859
3744.859
3744.859
3312.76
3741.207
3309.529
2967.164
2968.289
2992.565
3009.272
2727.152
2751.84
2754.477
2754.477
2754.477
2518.379
2518.379
2518.379
2319.559
2149.835
2156.451
2009.42
2020.432
2037.614
2037.614
2037.614
1907.553
3888.717
3440.019
3455.25
3455.25
3478.337
3118.509
3137.336
3951.467
3947.815
3947.815
3947.815
3909.402
3458.317
3100.56
3100.56
3904.348
3904.043
3904.043
3888.446
3889.864
3441.034
3441.034
3441.034
3441.034
3441.034
3441.034
3085.065
2795.84
2556.196
3868.799
3422.399
3867.495
3421.245
3067.323
2779.762
3866.076
3906.668
3906.668
3922.266
3922.266
3922.266
3922.266
3469.697
3469.697
3469.697
3469.697
3469.697
3889.397
3889.397
3889.397
3890.815
3441.875
3441.875
3441.875
3441.875
3441.875
3889.397
3889.397
3889.397
3888.516
3888.516
3888.516
3439.841
3083.996
2794.871
2555.311
2353.576
2354.109
2354.967
2182.652
2205.921
2207.53
2057.017
2058.517
1927.122
1927.122
1928.952
3933.88
3933.88
3933.88
3933.88
3933.88
3479.971
3933
3933
3933
3933
3915.391
3463.615
3105.31
2814.188
2572.971
2578.886
2578.886
2375.289
2201.488
3923.478
3923.478
3923.478
3919.739
3467.462
3108.759
3132.276
3935.37
3481.288
3481.288
3121.155
2828.547
2828.547
2830.477
3933.603
3930.734
3930.734
3477.188
3117.478
2825.215
2583.054
2585.464
3915.707
3905.109
3454.519
3887.5
3887.5
3438.942
3438.942
3438.942
3438.942
3442.75
3086.603
3086.603
3088.733
3088.733
3099.284
2808.727
3892.196
3443.096
3443.096
3086.914
3874.587
3858.989
3413.721
3413.721
3060.578
2773.648
3811.489
3834.38
3834.38
3391.952
3041.06
3041.06
3041.06
2755.961
2755.961
3787.261
3787.261
3825.674
3825.674
3825.674
3825.674
3816.978
3809.848
3809.848
3370.25
3374.288
3025.224
3794.033
3794.033
3356.26
3791.163
3791.163
3791.163
3787.495
3763.755
3329.476
3329.476
3329.476
3703.755
3276.399
3276.399
2937.461
2968.909
2972.918
3747.043
3747.957
3740.065
3736.413
3727.087
3297.038
2955.966
2678.844
2449.229
2255.868
2255.868
2090.805
2093.963
2095.573
2097.631
1954.611
3737.837
3306.548
3306.548
2964.491
2964.491
2686.57
2686.57
2699.977
3736.109
3737.527
3306.274
3717.571
3712.516
3706.886
3688.234
3262.668
3265.043
3265.043
2927.28
2652.848
2425.461
2429.161
2436.125
2243.799
2243.799
2243.799
2243.799
2243.799
2243.799
2243.799
2243.799
2243.799
2246.859
2082.454
2122.341
1977.636
1851.404
3770
3335
2990
2709.688
2477.429
2281.842
2114.878
1970.682
1970.682
1970.682
1844.894
1734.2
3710.652
3727.283
3733.234
3302.476
3302.476
2960.841
2970.194
2970.194
3726.375
3726.375
3722.707
3722.707
3757.054
3749.163
3316.567
3739.837
3741.141
3752.935
3751.63
3747.179
3747.179
3748.598
3748.598
3749.478
3707.152
3706.239
3278.596
3705.359
3705.359
3277.817
3634.255
3214.918
3599.908
3582.69
3582.69
3573.995
3161.611
3162.649
3554.788
3554.788
3144.62
3144.62
3144.62
3144.62
3145.428
2820.039
2820.039
3552.832
3142.889
2817.763
2817.763
2827.116
2827.116
2562.074
3563.207
3545.598
3136.49
3505.946
3511.576
3518.707
3518.707
3518.707
3112.702
2790.698
2790.698
2790.698
2790.698
2821
2821
2556.531
2337.4
2339.857
2349.071
2352.771
2375.343
2375.543
2188
2200.079
2039.098
1900.068
1911.08
1789.096
1681.75
1681.75
3655.065
3655.065
3233.327
2898.845
2627.078
2648.391
2648.391
3623.543
3656.413
3694.62
3693.315
3693.315
3686.185
3686.185
3660.087
3659.207
3626.337
3626.337
3625.457
3625.457
3616.761
3616.761
3616.761
3616.761
3616.761
3601.163
3591.837
3590.924
3590.924
3590.924
3590.924
3590.924
3581.924
3563.228
3563.228
3562.924
3562.924
3562.924
3562.924
3562.924
3562.924
3562.924
3562.924
3562.924
3151.817
3170.452
3170.452
3170.452
3536.489
3515.424
3515.424
3515.424
3506.728
3468.315
3468.315
3468.315
3468.315
3468.315
3468.315
3468.315
3468.315
3468.315
3455.011
3449.957
3448.538
3448.538
3440.647
3440.647
3420.266
3420.266
3412.375
3412.375
3412.375
3409.505
3367.179
3343.44
3343.44
3343.44
3343.44
3343.44
3343.44
3343.44
3343.44
3343.44
3343.44
3337.489
3337.489
3337.489
3336.576
3336.576
3336.576
3332.924
3332.924
3330.054
3321.054
3321.054
3321.054
3321.054
3291.402
3291.402
3291.402
3289.984
3289.679
3286.995
3286.995
3286.995
3286.995
3256.386
3186.88
3171.283
3171.283
3171.283
3171.283
3144.739
3135.413
3135.413
3135.413
3135.413
3135.413
3135.413
3114.348
3114.348
2755
2773.635
3046.929
3029.712
3029.712
3026.043
3026.043
3020.989
2973.489
2973.489
2949.75
2949.75
2949.75
2949.75
2949.75
2949.75
2937.957
2937.076
2948.87
2925.978
2588.365
2908.761
2573.135
2887.696
2878.696
2872.745
2849.005
2849.005
2849.005
2835.962
2835.962
2821.94
2821.94
2821.94
2821.94
2803.679
2803.679
2786.462
2786.462
2786.462
2786.462
2786.462
2767.766
2767.766
2761.679
2722.027
2722.027
2682.375
2682.375
2682.375
2682.375
2682.375
2682.375
2681.495
2681.495
2681.495
2681.495
2677.842
2677.842
2677.842
2677.842
2677.842
2677.842
2677.842
2697.799
2703.75
2727.489
2748.554
2739.228
2739.228
2739.228
2739.228
2722.598
2651.495
2651.799
2345.822
2345.822
2631.418
2593.918
2578.321
2538.668
2538.668
2538.668
2538.668
2537.25
2537.25
2537.25
2536.37
2536.37
2536.37
2553.978
2555.152
2260.327
2305.154
2066.69
2067.388
1873.57
1874.59
1874.59
1874.59
1874.59
2587.06
2587.06
2581.429
2581.429
2581.429
2581.429
2539.951
2534
2534
2518.402
2509.707
2478.837
2431.337
2431.337
2410.272
2410.272
2431.337
2150.798
2418.033
2418.033
2418.033
2414.38
2414.38
2408.75
2408.75
2408.75
2393.152
2388.587
2382.957
2375.826
2375.826
2375.826
2335.234
2335.234
2335.234
2335.234
2323.44
2311.647
2310.473
2290.516
2269.451
2245.712
2239.761
2259.717
2280.783
2017.615
2022.88
2022.88
2022.88
2248.527
2231.31
2231.31
2214.679
2214.679
2214.679
2209.625
2209.625
2209.625
2205.06
2205.06
2205.06
2205.06
2145.06
2115.408
2115.408
2115.408
2115.408
2115.408
2098.19
2092.239
2092.239
2071.174
2010
1968.522
1829.168
1821.408
1816.353
1810.402
1791.707
1931.06
1992.234
1998.185
1767.625
1772.096
1788.635
1603.603
2015.984
1996.027
1974.962
1974.962
1980.913
1954.815
1974.772
1995.837
2019.576
2019.576
2019.576
2019.576
2019.576
2019.576
2015.924
2015.924
2015.924
2015.924
2009.973
2009.973
1971.56
1950.495
1950.495
1950.495
1949.19
1949.19
1949.19
1949.19
1948.886
1948.886
1948.886
1948.886
1948.886
1940.277
1935.973
1914.908
1914.908
1935.973
1935.973
1940.766
1940.766
1938.082
1938.082
1935.397
1930.342
1926.69
1857.185
1852.88
1847.826
1847.826
1847.826
1839.935
1839.935
1839.935
1838.63
1830.739
1829.826
1828.946
1828.946
1794.598
1788.967
1774.946
1774.641
1770.902
1770.902
1750.946
1750.946
1754.685
1930.446
1944.467
1964.424
1998.772
2004.402
2004.707
1773.394
1807.375
2022.054
1998.315
1978.359
1972.408
1978.359
1999.424
2023.163
2043.12
2041.946
2041.946
2041.946
2041.946
2041.946
2010.446
2010.446
2010.446
2010.446
1987.554
1978.554
1978.554
1978.554
1978.554
1973.5
1952.435
1952.435
1952.435
1912.783
2088.543
2128.196
1882.635
1901.269
1704.586
1544.781
1548.414
1599.52
1599.52
1599.52
1599.52
1599.52
2187.005
2187.005
2187.005
2187.005
2187.005
2187.005
2184.136
2184.136
2154.484
2154.484
2153.603
2149.152
2149.152
2110.739
2110.739
2110.739
2110.739
2081.087
2081.087
2073.196
2073.196
2073.196
2073.196
2164.625
2164.625
2262.827
2262.827
2239.756
2233.238
2207.238
2185.381
2211.381
2234.452
2240.97
2262.827
2259.887
2246.97
2246.97
2246.97
2246.97
2204.899
2204.899
2204.899
2204.899
2181.827
2176.577
2172.56
2167.845
2152.488
2152.488
2152.488
2152.488
2152.488
2152.488
2123.417
2123.417
2123.417
2115.607
2115.607
2115.607
2115.607
2115.607
2115.607
2268.232
2319.565
2364.994
2378.744
2378.744
2378.744
2378.744
2375.804
2370.929
2344.929
2344.929
2344.929
2344.929
2321.857
2300
2274
2267.482
2293.482
2316.554
2323.071
2344.929
2340.911
2340.911
2340.911
2339.357
2339.357
2339.357
2339.357
2337.804
2337.804
2308.732
2308.732
2308.732
2308.732
2293.375
2293.375
2257.375
2257.375
2286.446
2000.641
2059.266
1830.458
1842.403
1658.163
1507.42
1381.802
1381.802
2351.72
2436.839
2455.696
2467.304
2158.891
1919.014
1936.958
1944.903
1750.413
2464.589
2464.589
2464.589
2464.589
2464.589
2428.589
2415.673
2415.673
2415.673
2415.673
2378.054
2378.054
2378.054
2354.982
2328.982
2307.125
2300.607
2283.524
2282.56
2282.56
2277.56
2277.56
2277.56
2264.643
2264.643
2260.548
2260.548
2241.69
2241.69
2241.69
2240.726
2221.44
2220.155
2220.155
2220.155
2220.155
2218.601
2163.101
2164.065
1893.557
1894.917
1924.5
1941.375
1725.667
1553.1
1411.909
2317.463
2317.463
2317.463
2273.525
2273.525
2273.525
2273.525
2273.525
2273.525
2273.525
2273.525
2273.525
2273.525
2273.525
2263.175
2263.175
2263.175
2261.544
2261.544
2378.855
2378.855
2378.855
2427.993
2475.993
2481.796
2478.322
2478.322
2478.322
2478.322
2478.322
2432.072
2432.072
2432.072
2432.072
2432.072
2432.072
2428.599
2428.599
2428.599
2428.599
2428.23
2428.23
2424.757
2425.125
2556.836
2556.836
2556.836
2556.836
2515.257
2515.257
2500.98
2500.98
2486.704
2486.704
2513.23
2527.507
2182.847
2644.09
2644.09
2593.424
2579.882
2561.965
2337.382
2311.882
2267.993
2267.604
2218.521
2211.326
2211.326
2206.549
2206.549
2206.549
2206.549
2206.549
2205.382
2205.382
2205.382
2204.993
2188.951
2188.951
2188.951
2302.014
2196.053
2218.158
2218.526
2218.526
2218.526
2181.158
2181.158
2181.158
2179.441
2178.375
2157.059
2158.776
1864.398
1940.284
1958.693
1959.92
1960.841
1725.54
1753.94
2301.697
2133.007
2122.112
2097.441
2040.704
2016.546
1979.178
1970.546
1979.178
1990.072
2050.825
2056.638
2110.538
2146.038
2168.988
2192.425
2138.525
1978.269
1930.569
1916.131
1970.031
2130.288
2177.988
2192.425
2192.425
2192.425
2192.425
2185.95
2185.95
2185.95
2232.631
2256.856
2300.794
2309.719
2316.194
2342.519
2260.75
2215.15
2209.338
2209.338
2112.855
2112.855
2087.355
2087.355
2135.355
1844.17
1866.193
1642.25
1466.295
1324.395
1207.537
1210.956
1215.779
1239.015
1248.015
1253.897
1277.721
1286.213
1333.232
2254.072
2253.704
2385.414
2385.783
2371.507
2344.98
2344.98
2621.296
2263.847
2276.176
2276.176
2764.076
2730.16
2730.16
2730.16
2730.16
2651.993
2651.993
2626.395
2633.763
2643.158
2682.947
2317.091
2344.841
2063.46
2076.36
2730.987
2693.618
2691.901
2690.48
2690.48
2602.612
2581.296
2581.296
2229.301
1961.785
1963.09
1752.759
1583.137
1583.79
1444.044
1326.959
1326.959
2583.711
2583.711
2583.711
2583.711
2583.711
2231.386
2231.705
1963.9
1753.482
1583.79
1613.907
1640.036
1646.423
1649.98
1665.609
1683.319
1693.052
1699.972
1700.843
1703.565
1704.242
1706.234
1711.073
1560.096
2766.25
2760.447
2384.023
2097.94
2745.25
2688.513
2638.303
2469.612
2519.822
2576.559
2591.757
2760.447
2760.447
2760.447
2785.947
2652.163
2527.038
2526.688
2197.12
2197.424
2197.424
2525.406
2525.406
2525.406
2525.406
2524.394
2524.394
2524.394
2195.125
1941.841
1943.096
1943.875
1742.784
1579.398
1444.021
1330.02
1330.02
1330.02
1330.02
1330.02
1330.02
2521.225
2475.625
2451.4
2457.213
2532.702
2216.115
2254.115
2003.657
1803.292
1639.356
1654.038
2576.131
2699.425
2723.65
2729.163
2830.919
2461.668
2177.63
1952.358
1769.324
1617.668
1489.957
1380.936
1286.781
2825.406
2778.725
2733.125
2608.226
2651.655
2696.113
2673.042
2667.792
2667.792
2417.792
2404.875
2403.321
2387.964
2381.446
2347.637
2054.182
2067.62
2068.979
2074.682
2278.182
2283.578
2301.078
2045.403
2616.054
2570.625
2418
2366.667
2366.667
2366.667
2366.667
2365.113
2364.149
2364.149
2364.149
2364.149
2443.649
2477.458
2167.776
2168.901
1927.912
1929.12
1929.87
1944.87
1944.87
2485.19
2485.19
2382.065
2375.399
2346.327
2454.719
2416.919
2525.2
2471.952
2480.452
2604.667
2620.024
2649.095
2317.958
2349.458
2349.458
2684.762
2492.262
2469.19
2469.19
2425.762
2420.226
2420.226
2420.226
2420.226
2117.698
1882.398
1694.158
1748.671
1752.546
1782.946
1620.86
1485.788
1494.288
1550.819
1553.882
1575.826
1454.609
1455.128
2700.827
2681.542
2681.542
2647.732
2647.732
2646.768
2567.268
2565.982
2621.482
2623.036
2624.321
2688.784
2764.67
2796.943
2797.864
2816.273
2478.32
2212.786
1998.645
1822.294
1674.541
1548.95
1548.95
2723.767
2723.767
2723.767
2723.767
2723.767
2723.767
2723.767
2723.767
2396.915
2420.925
2161.54
1952.359
1780.092
1808.151
1661.544
1536.928
1429.701
2780.506
2775.494
2775.494
2739.585
2738.665
2646.159
2651.17
2652.091
2625.266
2638.571
2676.984
2711.332
2711.027
2698.473
2609.989
2591.728
2680.212
2692.766
2693.071
2711.332
2706.538
2668.125
2654.821
2682.989
2682.068
2646.159
2660.068
2660.989
2701.148
2377.01
2122.33
1916.944
1916.944
1916.944
1916.944
2696.648
2373.05
2377.01
2122.33
1916.944
1916.944
1916.944
1916.944
2691.398
2669.375
2588.125
2570.125
2559.045
2631.71
2653.733
2671.733
2720.733
2731.813
2741.563
2700.082
2388.534
2686.777
2686.777
2686.777
2685.897
2647.484
2647.484
2660.788
2665.582
2699.929
2738.342
2739.223
2827.707
2793.359
2784.663
2777.533
2742.315
2729.761
2660.255
2646.951
2682.168
2690.864
2760.37
2772.924
2786.228
2820.576
2827.707
2615.359
2597.098
2597.098
2591.467
2557.12
2556.239
2517.826
2504.522
2416.038
2411.245
2133.024
2163.409
2175.178
1950.159
1767.332
1767.965
2446.473
2445.592
2445.592
2411.245
2411.245
2411.245
2360.571
2329.701
2328.527
2255.94
2255.06
2253.641
2172.33
2153.92
1895.45
1692.366
1528.589
1529.641
1394.673
1281.591
1282.139
1185.978
2114.869
2171.119
2165.869
2209.298
2253.756
2259.006
2266.815
2276.339
2352.464
2410.798
2413.94
2432.155
2535.28
2218.37
2247.703
2247.703
2247.703
2247.703
2247.703
2247.703
2247.703
2261.141
2009.903
1808.913
1815.513
1650.466
1512.927
2557.589
2433.375
2330.25
2321.75
2292.679
2292.679
2336.963
2320.838
2326.088
2397.088
2433.313
2387.713
2305.944
2305.944
2300.131
2300.131
2300.131
2300.131
2300.131
2502.256
2460.976
2504.405
2527.476
2680.101
2685.637
2349.932
2088.829
2643.792
2618.72
2610.22
2734.256
2687.575
2663.35
2710.031
2356.549
2362.179
2400.386
2123.418
1903.754
1903.754
2759.431
2757.8
2727.788
2727.788
2727.788
2727.788
2727.788
2727.788
2727.788
2727.788
2727.788
2727.788
2680.088
2680.088
2680.088
2680.088
2330.511
2061.606
1848.336
1675.055
1531.479
1410.572
1307.36
1218.222
1140.463
1157.697
1088.235
1026.637
971.638
990.888
940.504
952.436
906.351
906.351
906.351
906.351
2799.788
2783.663
2783.663
2793.563
2802.619
2850.469
2478.668
2492.69
2205.072
2786.663
2778.463
2775.163
2775.163
2713.913
2694.788
2586.506
2551.306
2541.306
2551.306
2218.527
1962.543
1968.851
1765.177
1599.691
1462.575
1347.109
1348.845
2544.869
2544.869
2509.369
2509.369
2479.356
2479.356
2479.356
2497.294
2171.56
1920.995
1948.303
1746.754
1582.996
1447.311
2526.981
2526.981
2445.213
2399.613
2197.488
2173.263
2013.006
2013.006
1750.44
1548.466
1388.28
1392.289
1261.762
1153.611
1062.536
984.79
992.655
1027.29
1050.631
1052.68
1085.973
1114.399
1038.418
1042.145
2244.869
2244.869
2235.813
2225.913
2225.913
2209.788
2161.938
2157.738
2157.738
2089.488
2018.488
1960.213
1952.013
1935.888
1983.738
1991.938
2008.063
2012.263
1749.793
1800.467
1592.721
1645.221
1697.418
1521.823
1538.53
1538.53
1538.53
1538.53
1538.53
1538.53
1538.53
1538.53
1538.53
1538.53
1497.304
1551.304
1610.888
1464.443
1531.527
1403.899
1295.907
1203.342
1123.119
1123.119
1123.119
1123.119
2397.161
2389.351
2389.351
2389.351
2389.351
2386.208
2087.932
1855.94
1670.346
1677.013
1524.557
1526.557
1399.344
1291.702
1199.438
1199.438
2353.304
2337.946
2282.446
2217.446
2217.446
2213.446
2205.637
2251.208
1969.807
1983.245
1986.745
2035.307
1809.162
1815.236
1633.713
1633.713
2310.804
2021.953
2042.141
2290.446
2245.988
2240.738
2284.167
2328.625
2333.875
2333.542
2319.792
2299.792
2202.881
2157.31
2157.31
2153.31
2137.952
2137.952
2137.952
2130.143
2074.643
2142.262
2157.619
2165.429
2169.429
1898.25
1687.333
1518.6
1380.545
2154.857
2117.238
2107.714
2099.905
2023.78
2110.531
2070.031
2080.031
2159.963
2168.163
2182.6
2197.9
1911.217
1690.692
2173.675
2173.675
2197.9
2203.413
2203.413
2199.213
2199.213
2128.213
2112.088
2112.088
2112.088
2103.888
2108.088
2053.274
2118.274
2185.893
1912.656
1919.49
1706.213
1718.157
2203.81
2180.738
2203.81
1928.333
2138.81
2138.81
2131
2127
2059.381
2059.381
2044.024
2098.375
1824.674
1614.135
1617.365
1450.052
1314.109
1201.471
1106.618
1025.646
1030.476
1045.69
1057.226
1065.976
1105.726
1108.164
1034.286
1034.736
1071.078
1073.278
1104.544
1035.51
974.598
920.454
872.009
828.408
788.96
795.77
759.598
765.034
770.602
2398.821
2398.821
2440.667
2474.476
2529.976
2213.729
1967.759
1970.944
1974.611
2014.75
2025.926
2040.093
2043.278
2046.463
2060.63
2093.352
2097.241
2097.241
2097.241
2128.157
1915.342
1741.22
1742.581
1756.081
1768.699
1625.291
1645.723
1522.294
1531.481
1541.981
1548.075
1550.184
1442.032
1347.986
1392.228
1407.663
1407.815
1410.098
1440.098
1351.929
1356.903
1278.62
1280.243
1289.56
1331.207
1335.332
1320.495
1323.92
1344.259
1272.246
1274.321
1274.904
1210.078
1151.526
1151.639
1098.487
1050.024
1097.158
1098.423
1101.086
1103.099
1056.489
1056.489
3256.283
3256.283
3256.283
3256.283
3256.283
3256.283
3256.283
2880.558
2582.569
2340.453
2344.086
2143.164
1973.967
1829.53
1704.79
1717.267
1607.654
1622.761
1525.395
1439.052
1464.658
1386.194
1396.913
1396.913
1396.913
1396.913
1396.913
3397.527
3397.527
3397.527
3397.527
3005.505
3058.005
2741.659
2752.78
2494.707
2280.875
2100.806
2103.016
1949.137
1949.308
1956.625
1823.219
1706.843
1604.433
1632.573
1634.553
1636.273
1543.653
1574.219
1489.886
1414.129
1419.214
1350.542
1288.21
1231.377
1179.347
1131.535
1087.45
1046.67
1008.839
1011.423
976.141
986.359
991.243
957.83
926.596
936.148
906.586
906.799
907.449
879.67
853.541
858.085
833.333
834.578
811.179
817.758
795.456
797.106
805.094
805.094
808.356
808.356
808.356
808.356
808.356
809.6
810.657
810.657
810.657
810.657
810.657
810.657
811.42
811.42
811.42
811.42
811.42
811.605
811.605
811.605
812.166
812.166
812.166
812.166
812.166
812.166
812.166
812.166
816.075
816.075
824.366
828.275
828.275
828.275
828.275
828.275
828.275
828.459
829.059
3956.37
3956.37
3956.37
3956.37
3956.37
3956.37
3956.37
3956.37
3953.5
3497.327
3135.534
3141.19
2846.703
2602.7
2397.224
2221.817
2226.695
2074.875
3955.304
3955.304
3955.304
3895.957
3895.957
3895.957
3895.957
3892.304
3443.192
3087
2797.594
2802.719
2805.344
2564.886
2362.395
2370.882
2197.402
2047.58
1916.883
1801.87
1699.877
1608.813
1527.008
1453.121
1386.054
1324.904
1268.923
1217.48
1217.921
1170.469
1126.577
1085.857
1047.978
1012.653
1014.9
981.806
950.801
921.695
922.74
923.413
895.985
870.139
870.733
846.32
823.239
823.239
824.002
824.769
824.769
824.769
824.769
824.769
3925.853
3925.853
3786.5
3786.5
3781.446
3775.495
3714.321
3285.745
2945.841
2950.56
2673.945
2444.75
2457.036
2460.357
2266.118
2100.305
1957.102
1832.181
1722.25
1624.764
1624.896
1537.848
1459.653
1471.212
1400.024
1335.408
1276.493
1276.79
1222.842
1173.267
1127.555
1085.272
1088.663
1049.313
1053.922
1017.157
3784.63
3789.082
3716.495
3287.668
3291.476
2950.978
2674.324
2445.096
2252.063
2087.277
2092.155
1949.509
1825.072
1715.568
1618.46
1620.045
1627.517
1540.328
3679.261
3254.731
3289.808
3317.673
3333.25
2988.431
2708.266
2476.129
2280.645
2113.768
1969.648
1970.108
1844.356
1846.144
1735.375
1637.146
1549.442
3755.924
3764.62
3330.24
2985.733
2705.82
2473.893
2278.586
2111.86
2175.482
3873.582
3899.679
3449.716
3092.849
3097.569
2807.172
2566.557
2363.934
2190.963
2190.963
2190.963
3905.326
3905.326
3905.326
3864.734
3418.803
3065.134
2777.777
2539.682
2562.254
2359.97
2360.76
2380.655
2206.46
2213.777
2213.948
2062.997
1931.316
1815.438
3932.582
3932.582
3932.582
3932.582
3928.929
3921.799
3921.799
3921.799
3469.284
3110.392
2818.793
2825.496
2583.311
2379.365
2205.265
2054.906
1923.742
1808.318
1808.918
1706.526
1615.105
1532.981
1535.176
1460.893
1393.467
1331.991
3843.902
3903.902
3453.452
3471.106
3112.026
3125.991
2832.93
2590.107
3933.592
3479.716
3119.746
3120.444
2827.902
2585.511
3930.734
3477.188
3482.168
3121.944
2829.262
2586.754
2382.536
2208.204
3877.359
3429.971
3075.147
3075.845
3847.37
3403.442
3831.772
3389.644
3390.798
3040.026
3067.957
3067.957
2780.336
2780.336
3772.043
3772.043
3772.043
3772.043
3758.924
3688.489
3688.489
3610.772
3194.144
2863.716
2595.242
2372.793
2185.467
2025.555
1887.449
1901.091
1779.745
1672.96
1578.264
1493.714
1417.763
1417.763
3616.913
3199.577
2868.586
2599.656
2376.829
3600.935
3605.239
3628.978
3629.283
3636.413
3656.37
3662.321
3239.745
2904.599
2632.293
3631.451
3212.438
3212.707
2880.358
2610.324
2386.582
2413.925
2223.352
3626.495
3626.495
3617.168
3539.451
3518.386
3448.88
3431.663
3421.065
3430.391
3447.609
3458.207
3059.183
2742.716
2759.422
2796.595
2534.414
2317.179
2134.243
2139.691
1983.128
1986.466
1990.893
1855.151
1855.151
1858.094
1876.048
1756.301
3578.364
3590.918
3176.582
2847.97
2852.435
2585.02
2363.446
2363.446
3561.332
3150.409
2824.504
2559.707
3542.679
3133.909
2809.711
2546.301
2328.046
2338.975
2154.319
1996.686
1996.686
2014.442
1877.094
1881.639
1897.139
1899.048
1900.548
1900.548
1904.605
1904.605
1924.577
1801.731
1693.628
1597.762
1512.167
1435.278
1365.829
1302.79
1245.314
1192.695
1199.16
1150.546
3663.549
3590.962
3577.842
3165.014
3165.822
2838.323
2572.23
2351.754
2354.754
2357.754
2171.615
2012.716
2015.213
1877.813
1757.952
1652.475
1558.939
1475.424
1476.924
1401.826
1333.996
1349.054
1286.79
1230.02
1230.928
1230.928
1178.917
1183.97
1183.97
1135.971
1091.713
1050.773
1050.773
1050.773
1012.794
977.464
978.815
992.368
992.368
958.917
927.648
898.354
870.853
844.986
820.612
3693.962
3698.527
3697.647
3270.995
3694.962
3268.62
3268.62
2930.487
2655.754
3675.005
3705.614
3278.043
3699.984
3273.063
2934.47
2659.363
2431.418
2239.464
3691.375
3691.375
3265.447
3630.201
3634.766
3634.766
3215.37
3223.332
3225.707
2892.013
2620.887
2624.168
3642.321
3222.053
3222.053
3236.764
3247.87
3247.87
2911.884
2915.892
2642.527
3675.141
3251.087
2914.767
2641.508
2415.093
2415.093
2224.428
2061.665
1921.097
1921.097
1924.04
1801.229
1801.229
1693.155
1693.155
1597.316
3642.565
3222.269
3641.685
3221.49
2888.233
2891.129
2620.086
2620.719
2396.086
2206.921
2045.439
2045.439
1905.977
1784.319
1677.26
1582.321
3629
3210.269
2878.172
2888.578
2617.773
2627.852
2627.852
2634.555
2408.736
2408.736
2218.572
3605.467
3605.467
3189.452
2859.509
2591.43
2591.43
2592.449
2370.239
2183.115
2188.378
2028.253
2028.253
1889.963
1891.881
1896.756
1896.756
3620.685
3620.685
3202.913
2871.578
2602.367
2379.307
3610.087
3613.755
3646.625
3225.861
3225.861
3225.861
3225.861
3225.861
3225.861
3599.505
3184.178
2854.78
2878.297
2878.297
2878.297
2891.487
2891.487
2620.41
2395.804
2206.661
2045.198
2045.198
2045.198
1905.753
1784.109
1814.045
1820.189
1710.978
1614.13
3701.255
3274.188
3274.188
2935.478
2936.513
2661.215
2661.215
3686.962
3686.962
3261.543
2924.142
2924.142
2650.004
2422.861
2231.582
2068.296
1927.276
1804.258
1804.258
1804.258
1696.003
1600.002
1600.002
1601.87
1601.87
1601.87
1612.172
1525.806
3712.321
3283.976
2944.254
2944.254
2944.254
2944.254
3707.755
3707.755
3279.938
2940.634
2946.892
2670.621
2670.621
2671.641
3712.011
3283.702
2944.009
2947.539
3708.571
3280.659
2941.28
2665.535
2437.061
3690.31
3689.429
3263.726
3683.478
3696.033
3705.359
3277.817
2938.733
3670.141
3670.141
3670.141
3246.663
2910.802
2637.914
2411.807
2411.807
3668.837
3668.837
3668.837
3245.51
3665.098
3672.228
3248.51
3667.924
3244.702
3247.947
3638.723
3218.87
2885.884
2885.884
3600.31
3600.31
3553.44
3143.428
3143.428
2818.246
2554.035
3544.745
3135.736
3136.005
3536.353
3536.353
3128.313
2804.694
2541.754
2323.889
3498.147
3094.514
3094.514
3480.538
3518.745
3505.701
3505.701
3505.701
3101.197
2780.384
2519.723
2519.723
2303.746
2303.746
2350.032
2164.503
2164.503
2006.125
1869.344
1900.366
1900.366
1922.491
3669.114
3669.114
3245.755
3653.136
3671.832
3642.179
3642.179
3642.179
3647.81
3648.723
3653.174
3649.522
3649.522
3228.423
3236.115
2901.345
2901.345
3653.163
3231.644
3231.644
2897.336
2897.336
3620.293
3617.424
3614.739
3197.654
3611
3609.696
3609.696
3605.391
3605.087
3189.115
3465.734
3464.853
3521.69
3523.109
3116.596
2794.19
2794.19
2794.19
2532.234
2532.234
3492.239
3089.288
3433.234
3428.783
3428.783
3428.783
3428.783
3033.154
3036.962
3038.115
3038.115
2723.828
2723.828
2468.469
2256.886
2078.711
1926.61
1795.25
3414.435
3020.462
2708
2454.125
3397.804
3005.75
2694.81
2694.81
2694.81
2694.81
3397.5
3005.481
3005.481
3005.481
2694.569
2694.569
2706.94
2714.336
2717.233
2462.492
2462.492
2462.492
2462.492
2462.492
2251.421
2073.678
3420.446
3420.446
3307.033
3325.685
2941.952
2941.952
2637.612
2637.612
2641.026
2393.43
3279.315
2900.933
2904.178
2904.178
2904.178
2904.178
2904.178
2904.178
2904.178
2906.553
2907.332
2907.332
3270.571
3290.527
3290.527
2910.851
2910.851
2963.048
2981.683
3358.043
3358.043
3358.043
3378
2988.231
2988.231
2679.103
2680.138
2428.875
3318.13
3326.022
2942.25
2971.327
3351.761
3351.761
3351.761
3343.065
3343.065
3343.065
3343.065
3343.065
3343.065
3350.196
3353.065
2966.173
2973.865
2666.224
2416.266
2209.157
2034.75
1885.866
3358.022
3376.717
3381.772
3381.772
3375.821
2986.303
2986.303
2677.375
2426.371
2218.396
2043.26
1893.753
1903.412
1773.634
1660.423
1560.798
1562.033
1566.033
3363.826
2975.692
2667.862
2671.392
2671.634
2421.168
2421.387
2421.387
2421.387
2421.387
2421.387
3363.832
3363.832
3363.832
3363.832
3434.935
3439.989
3043.067
2728.267
2472.492
2260.564
2082.099
1929.75
1798.176
3351.505
2964.793
2964.793
3327.636
2943.678
2639.159
2391.738
2186.732
2014.095
3301.538
2920.591
2920.591
2618.461
2618.461
2372.98
2372.98
3250.864
2875.764
2875.764
2578.272
3246.56
2871.957
2957.101
2651.194
2651.194
2651.194
2664.384
3359.136
2971.543
2971.543
2971.543
3358.832
2971.274
2976.255
2979.486
2671.263
2674.172
2674.172
2423.469
2215.743
3362.457
3357.891
2970.442
2663.155
3351.94
3351.94
3351.94
3351.94
3352.245
2965.447
2965.447
2965.447
3018.524
2706.263
3409.375
3409.375
3015.986
3396.332
3004.447
3007.755
2696.608
2443.801
2453.363
2453.363
2475.363
3422.918
3027.966
3027.966
3055.966
3055.966
3450.902
3450.022
3450.022
3450.022
3051.942
3051.942
2736.224
2479.703
3440.696
3440.696
3424.065
3424.065
3433.065
3433.065
3036.942
3054.971
3054.971
2738.94
2738.94
3448.88
3409.228
3409.228
3409.228
3416.359
3338.641
3338.641
3338.337
2953.144
2647.647
2399.43
2412.086
3337.25
3337.25
3333.582
3333.582
2948.938
2948.938
2954.707
2649.047
2649.047
2400.699
2194.925
2194.925
2194.925
3331.103
3331.103
2946.745
2946.745
2641.909
2641.909
2647.565
2399.355
2193.696
2193.696
2020.51
2020.51
1872.668
3300.027
3269.418
3269.418
3269.418
3257.625
3257.625
3217.033
3212.239
3172.587
3213.179
2842.428
2548.384
2549.509
2549.509
2310.492
2310.492
3154.598
3159.163
2794.644
2794.644
2505.543
2505.543
2270.648
2295.961
2295.961
2099.164
2173.693
2173.693
2174.55
3304.533
2923.24
2923.24
3297.402
3331.75
3339.641
3318.576
3318.576
3323.027
2939.601
2635.504
3299.158
3303.723
3320.353
3360.946
2973.144
3354.995
3354.995
3392.495
3354.288
3354.288
3348.658
3308.065
3308.065
3308.065
3348.658
2962.274
2962.274
2655.832
2663.228
3354.332
3350.027
3391.505
3391.505
3000.178
3033.976
2720.116
3425.973
3030.668
3030.668
3035.649
2721.616
3427.951
3432.516
3440.391
3440.391
3440.391
3444.696
3047.231
3062.808
2745.966
2745.966
2745.966
2745.966
2488.531
2489.551
2489.551
2276.161
2276.161
2276.932
2278.818
2278.818
2291.104
2110.227
2113.286
1958.655
1958.655
3451.864
3053.572
2737.685
2481.027
2483.664
2484.297
2484.297
2484.297
2486.922
2486.922
2486.922
2273.757
2273.757
2273.757
2273.757
3428.565
3428.565
3428.565
3428.565
3468.217
3468.217
3468.217
3468.217
3468.217
3481.522
3481.522
3512.13
3106.885
3506.5
3101.904
3101.904
3101.904
3101.904
3114.308
3121.923
2798.966
2536.563
2536.563
2319.143
2136.053
1979.756
1844.773
1727.021
1731.585
1731.585
1627.69
1635.34
1635.34
1542.774
1460.125
1385.881
1386.928
1319.819
1258.904
1203.364
1152.518
3553.321
3553.321
3553.321
3554.739
3554.739
3551.087
3549.668
3140.091
3544.038
3544.038
3135.111
3135.111
3135.111
3482.864
3080.995
3080.995
3080.995
3474.973
3474.973
3474.973
3404.538
3011.707
2700.151
2700.151
2700.151
2701.276
2701.276
2448.031
2238.2
2250.486
2253.486
2075.579
2075.579
1923.707
1928.537
1928.537
1928.537
1797.045
1797.045
1797.045
1682.34
1581.4
1581.4
1581.4
1590.775
1500.731
1420.335
1420.335
1420.335
1348.114
3457.902
3058.913
3457.022
3058.135
3058.942
2742.5
2485.391
2499.734
2499.734
2499.734
2499.734
2285.471
2285.471
2105.039
3465.337
3498.207
3497.293
3497.293
3497.293
3497.293
3497.293
3497.293
3093.76
3454.967
3454.967
3454.967
3453.663
3486.533
3084.24
3084.24
2765.181
2765.181
2765.181
2765.422
2506.164
2511.289
2296.036
2296.036
2114.77
2130.566
1974.671
1993.11
1993.11
1857.216
1857.216
1859.543
3556.473
3556.473
3146.111
2820.651
2820.651
2827.789
2562.684
2343.025
3558.342
3558.342
3558.342
3557.462
3539.853
3539.853
3530.527
3123.159
3529.647
3122.38
3122.38
3122.38
3520.321
3516.652
3513.967
3546.837
3546.837
3546.837
3137.587
2813.009
3543.185
3544.098
3135.163
3135.163
3135.163
3524.141
3524.141
3117.51
3117.51
3135.538
3139.577
3543.457
3543.457
3511.957
3507.391
3445.652
3477.152
3481.717
3079.981
3079.981
3080.76
3080.76
2762.06
2503.117
2503.117
2503.117
2520.273
2554.141
2554.141
2335.214
2150.855
1993.476
1857.557
1857.557
1857.557
3534.891
3534.891
3534.891
3534.891
3127.019
3127.019
3133.327
2809.19
2545.828
2557.039
2557.039
2557.039
2558.059
2558.059
3553.087
3548.783
3548.783
3565.413
3565.413
3561.761
3565.429
3154.034
2827.754
2562.652
2562.652
2342.996
2158.023
3506.424
3101.837
2780.957
2780.957
3506.12
3506.12
3506.12
3506.12
3469.826
3471.13
3070.615
3071.769
3092.769
2772.828
2772.828
3486.848
3523.141
3523.141
3116.625
3518.837
3112.817
3509.837
3104.856
3105.125
3119.837
3123.082
3123.082
3124.236
2801.039
2538.441
2320.861
2137.635
2137.635
1981.223
2000.491
1864.094
1864.094
1745.109
1749.364
1644.403
1648.403
3575.723
3163.139
2835.918
2835.918
2835.918
3541.375
3132.755
3499.766
3495.315
3493.897
3493.897
3489.446
3086.817
3086.817
3483.815
3487.554
3487.554
3483.886
3481.201
3480.288
3473.766
3460.647
3459.473
3459.473
3435.603
3426.277
3439.397
3042.543
3043.351
3051.601
2735.918
2738.047
2740.957
2483.992
2271.079
3450.935
3450.935
3455.989
3409.12
3409.12
3388.739
3379.413
3240.06
2866.207
2866.207
3231.06
2858.245
3200.19
3200.19
3200.19
2830.938
3180.234
3173.103
3178.158
2811.447
2829.476
2536.772
2298.949
2101.896
1935.957
1794.302
1671.963
1671.963
1671.963
1673.918
1567.072
1567.072
1567.71
3202.701
3199.832
3199.832
3198.527
3268.033
2890.952
2890.952
3267.152
2890.173
2591.19
2591.19
2348.266
3259.261
3259.261
2883.192
2883.192
2883.192
2584.931
3242.043
3242.043
3249.935
2874.942
2874.942
2577.534
3220.283
2848.712
2848.712
2848.712
2866.74
2872.005
2872.005
2872.005
2872.005
2872.005
2875.813
2578.315
3244.397
3244.701
3224.745
3224.745
3224.745
3232.62
3266.967
3266.967
3262.663
3262.663
3262.663
2886.202
2587.629
2587.629
2727.026
3422.826
3422.826
3422.826
3422.826
3422.826
3422.826
3422.826
3422.826
3422.826
3396.728
3397.033
3409.587
3409.587
3409.587
3383.489
3383.489
3383.489
2993.087
3370.37
3371.788
3377.739
3377.739
3378.62
2988.779
2992.087
2992.087
2999.702
2999.702
2999.702
3018.337
3018.337
3018.337
3024.106
3024.106
3024.106
2711.267
3414.886
3419.19
3024.668
3037.072
2722.892
2467.621
3429.543
3429.543
3033.827
3134.154
3134.154
2809.931
2546.5
2558.453
2558.453
2558.453
2573.594
3556.913
3555.609
3572.826
3572.826
3572.826
3160.577
2833.621
2833.621
2833.621
3569.174
3569.174
3157.346
3157.346
3159.885
3552.087
3556.391
3556.391
3551.826
3551.826
3142
3152.433
3152.433
3155.663
2829.216
2829.216
2563.977
2563.977
2563.977
2563.977
2573.539
2352.95
2167.191
2186.257
2026.287
2026.287
2026.287
1888.131
1767.612
1767.612
3581.467
3584.337
3584.337
3584.337
3584.337
3170.76
2842.75
2576.242
2355.421
2359.332
2173.069
2014.064
1876.741
1756.949
1756.949
1651.533
1659.633
1659.633
3603.446
3602.027
3602.027
3186.409
2856.78
2588.957
2367.046
2367.046
2367.046
2384.196
2384.196
2384.196
2387.518
3609.44
3192.966
3210.995
3225.707
3237.245
3237.245
2902.358
2906.823
2634.309
2408.511
2408.511
2218.365
2230.444
2230.444
2232.655
2234.391
3686.549
3712.647
3712.647
3763.321
3329.091
2984.703
2704.887
2704.887
2473.039
2277.799
2111.131
3742.255
3742.255
3310.457
3310.457
2967.996
2967.996
2689.746
2689.746
2689.746
2689.746
2459.196
2459.196
2265.049
2099.314
2099.973
3712.821
3733.201
3733.201
3730.516
3730.516
3747.734
3747.734
3745.049
3312.928
3312.928
3726.353
3726.353
3296.389
3319.87
3721.245
3721.245
3291.87
3683.038
3690.168
3686.516
3667.821
3667.821
3683.418
3683.418
3683.418
3678.364
3253.938
2917.323
2917.323
2643.824
2650.293
2423.125
2231.826
3649.158
3616.288
3616.288
3199.024
3204.288
2872.81
2872.81
2603.484
2605.547
2382.214
2386.9
2198.461
3627.788
3209.197
3625.103
3625.103
3206.822
3615.777
3198.572
3225.88
3637.951
3218.188
2885.272
2888.802
2617.977
2621.258
2396.579
2416.864
3664.533
3660.88
3238.471
3243.736
2908.177
2915.073
2915.073
2915.073
2915.073
2641.785
2641.785
2415.346
2426.661
2426.661
2426.661
2426.661
2235.082
2071.54
2074.375
3683.777
3683.777
3675.886
3671.582
3671.582
3671.582
3671.582
3671.582
3671.582
3711.234
3283.014
3286.26
2946.302
3701.598
3732.467
3732.467
3740.359
3740.359
3308.779
2966.491
2966.491
2688.383
2457.95
2263.901
2263.901
2263.901
2263.901
2263.901
2263.901
2098.25
3735.304
3782.804
3815.674
3815.674
3815.674
3785.065
3348.327
3348.327
3001.948
3001.948
3001.948
3780.5
3780.5
3780.5
3771.804
3758.5
3688.995
3676.44
3676.44
3669.31
3669.31
3245.928
3253.62
3259.928
2922.694
2933.246
2658.254
2682.941
2452.975
3720.234
3720.234
3720.234
3720.234
3720.234
3714.603
3285.995
3694.223
3267.966
3274.947
2936.159
2660.895
2669.371
2670.391
2670.391
3713.908
3746.777
3747.082
3747.082
3785.288
3755.636
3775.592
3339.947
2994.435
2713.707
2713.707
2713.707
3772.723
3765.592
3765.592
3756.897
3756.897
3756.897
3756.897
3323.409
2979.608
2700.27
2468.818
2273.911
2107.527
1963.832
1838.481
1842.737
1732.173
1764.88
1764.88
1772.98
3837.674
3830.543
3830.543
3823.413
3832.109
3389.942
3391.096
3040.293
3040.293
3791.935
3791.935
3354.404
3354.404
3007.397
3782.609
3790.37
3781.043
3776.478
3785.804
3791.755
3354.245
3358.716
3011.263
2728.957
2728.957
2757.457
2521.104
2521.104
2521.104
2322.069
2322.069
2152.162
2152.332
2152.332
2152.332
2005.582
2005.582
1877.566
1764.913
1764.913
3819.158
3378.486
3814.592
3813.174
3814.054
3373.971
3404.356
3839.402
3839.402
3843.853
3400.332
3048.573
3072.849
3072.849
2784.77
2546.075
2546.075
3861.908
3416.303
3420.341
3462.361
3104.185
3909.408
3458.322
3900.712
3900.712
3910.038
3910.038
3910.038
3910.038
3458.88
3872.538
3890.799
3894.451
3900.082
3900.082
3900.082
3934.429
3934.429
3946.223
3946.223
3944.804
3489.635
3489.635
3128.638
3128.638
3943.5
4014.603
4014.603
3551.38
3551.38
3551.38
3183.996
2885.496
2638.168
2429.891
2252.095
2098.543
2098.543
2098.543
1964.593
1964.593
3990.734
3990.734
3990.734
3987.065
3987.065
3987.065
3527.019
3982.011
3522.548
3522.548
3522.548
3922.663
3470.048
3918.995
3466.803
3108.168
3108.168
3108.168
3114.427
3114.427
3114.427
3114.427
2822.449
2822.449
2580.525
2580.525
2376.799
3926.582
3926.582
3926.582
3473.514
3485.284
3508.764
3962.761
3962.761
3957.13
3500.538
3500.538
3500.538
3138.414
2844.188
2844.188
2844.188
2855.398
2876.711
2910.852
4042.005
4042.005
3575.62
3205.728
2905.191
3971.571
3513.313
3967.005
3967.005
3509.274
3509.274
3509.274
3509.274
3966.701
3969.386
3511.38
3148.134
2852.996
3793.625
3793.625
3355.899
3355.899
3008.737
3008.737
3008.737
3724.12
3294.413
3295.192
2954.31
2954.31
3708.37
3280.481
2941.121
3706.951
3698.255
3271.534
3694.603
3694.603
3694.603
3694.603
3268.303
3268.303
3268.303
3690.152
3690.152
3689.272
3263.587
3271.548
2933.112
2658.133
2658.133
2658.133
2661.332
2433.218
2241.122
2077.137
2077.137
3682.342
3682.342
3669.299
3669.299
3245.918
3245.918
2910.134
2637.309
2637.309
3665.63
3242.673
2907.224
2911.69
2638.719
2638.719
2667.219
2438.6
2438.6
2438.6
3705.859
3278.26
3278.26
3697.967
3271.279
2932.871
2932.871
2932.871
3697.663
3271.01
3271.01
2932.629
2932.629
2657.695
2657.695
2657.695
2657.695
2657.695
3689.054
3689.054
3689.054
3617.951
3617.951
3617.951
3612.897
3612.897
3612.897
3612.897
3612.897
3196.024
3196.024
2865.401
2596.77
3606.946
3606.946
3590.315
3593.984
3179.293
2850.401
2850.401
2583.176
2583.176
3572.918
3572.918
3572.614
3160.389
3161.644
3161.644
3560.011
3560.011
3149.24
3527.141
3553.685
3553.685
3553.685
3588.033
3588.033
3588.033
3537.359
3537.359
3129.202
3129.202
2805.491
2805.491
3518.707
3112.702
3116.639
3519.418
3543.158
3542.853
3559.484
3562.353
3151.313
3549.799
3549.799
3549.799
3561.592
3594.462
3179.716
2850.78
2864.435
3591.723
3591.723
3591.723
3591.723
3177.293
3177.293
3177.293
2848.608
2581.551
2584.832
2585.77
2364.132
2177.49
2177.49
2018.162
2039.595
2039.595
3596.147
3181.207
3181.207
3201.457
3614.734
3613.821
3604.821
3610.908
3641.516
3221.341
3251.726
3280.803
3296.034
3296.034
3296.034
2955.065
2971.772
2971.772
2971.772
2693.168
2693.168
2462.325
2462.325
2267.931
3633.603
3633.603
3624.908
3624.908
3630.859
3638.75
3638.75
3624.728
3629.033
3629.033
3210.298
3237.606
2902.681
2630.555
2630.555
2405.079
2422.521
3685.027
3702.245
3275.063
2936.263
3669.375
3652.158
3230.755
3230.755
3230.755
3648.489
3227.51
3227.51
2893.629
2622.352
2622.352
2622.352
2629.969
2635.094
3631.87
3575.033
3577.717
3593.315
3576.685
3163.99
3163.99
2836.681
2570.742
2350.393
3569.554
3157.683
2831.026
2565.617
2565.617
2575.695
2575.695
2575.695
3579.837
3166.779
3578.533
3578.533
3578.533
3165.625
3544.185
3544.185
3544.185
3560.815
3576.413
3163.75
3163.75
3163.75
3170.731
2842.724
2576.219
2576.219
3583.13
3169.692
3486.88
3505.576
3505.576
3101.087
2780.284
2780.284
3496.88
3538.489
3130.202
3531.359
3531.359
3123.894
2800.733
2800.733
2538.164
3499.707
3499.707
3499.707
3484.109
3482.804
3080.942
3080.942
3080.942
3480.12
3078.567
3449.25
3051.26
3432.62
3432.62
3423.62
3028.587
3028.587
3028.587
2715.284
2460.727
3383.967
3383.967
3383.967
2993.51
3023.894
3023.894
3023.894
2711.078
2711.078
3405.011
3012.125
2700.526
2700.526
3400.56
3438.06
3420.842
3380.25
2990.221
2991.029
2996.01
3016.26
3016.26
2704.233
2715.353
2460.789
2460.789
3392.837
3392.837
3391.533
3390.359
3378.565
3378.565
3387.261
2996.423
3368.565
3368.565
3308.565
2926.808
3307.652
2926
2926
2623.31
2377.375
2384.078
2387.277
2182.654
2182.654
2182.654
2010.339
2010.339
2010.339
3317.69
3322.745
3322.745
3364.223
3364.223
3359.918
3380.984
3380.103
3397.712
3397.712
3364.842
3364.842
3369.408
2980.63
2980.63
3334.19
3404.625
3371.755
2982.707
2982.707
2674.151
3363.147
3363.147
3377.168
3377.168
2987.495
2678.444
3344.299
3344.299
3347.951
3347.951
2961.649
2964.024
2964.024
2964.024
2964.024
3344.685
3335.359
3359.098
3354.043
3370.674
3370.674
3378.565
3373.511
3373.511
3373.511
2984.26
2984.26
2675.543
2424.711
2424.711
2424.711
2424.711
2427.336
2427.336
3376.283
2986.712
2677.741
2426.703
2426.703
2218.7
2243.343
2066.237
3410.913
3410.913
3402.304
3402.304
3409.435
3450.027
3450.332
3488.538
3488.538
3488.538
3526.745
3492.397
3492.092
3089.159
3105.659
3105.659
2784.384
2523.348
2307.061
2124.924
3503.614
3498.56
3498.56
3498.56
3504.511
3536.011
3536.011
3536.011
3536.011
3128.01
3155.087
3178.173
3178.173
3178.173
3196.808
3197.615
2866.828
2866.828
2866.828
2900.397
2628.484
2403.186
2416.3
2416.3
3674.109
3660.804
3660.804
3643.196
3640.326
3220.288
3622.717
3204.712
3618.413
3587.543
3587.543
3173.596
2845.293
2578.547
2591.203
2591.203
2369.1
2369.1
2400.064
2400.064
2412.321
3666.359
3670.011
3670.011
3246.548
2910.698
3665.446
3670.011
3670.011
3246.548
3669.707
3246.279
2910.457
3649.75
3228.625
3246.654
2910.793
2637.906
2411.8
2221.395
2221.395
2224.803
2224.803
2224.803
2062.012
1921.42
1798.777
3666.435
3666.435
3667.853
3667.853
3672.158
3669.288
3245.909
3621.788
3574.288
3574.288
3574.288
3161.87
2834.78
3567.766
3567.766
3576.462
3543.592
3134.716
2810.435
2813.849
2813.849
2841.091
2841.091
2861.789
2861.789
2862.823
2869.082
2869.082
2896.323
2896.323
2896.323
2896.323
3644.125
3644.125
3664.082
3658.13
3670.685
3691.75
3644.63
3678.978
3687.978
3687.978
3667.598
3636.098
3619.467
3650.967
3229.702
3244.413
3244.413
2908.784
2908.784
2933.267
2658.273
3697.163
3697.163
3693.495
3693.495
3707.516
3777.022
3777.022
3341.212
2995.569
3758.326
3750.435
3750.435
3317.692
3317.692
3317.692
3318.471
3318.471
3341.952
3341.952
3341.952
2996.233
3020.509
3020.509
3020.509
3031.06
3040.414
3040.414
3050.371
3087.741
3089.871
2800.195
2560.179
2560.179
2358.059
3878.315
3878.315
3854.576
3409.817
3057.078
3057.078
2770.477
2773.57
2773.57
2773.57
2535.836
2536.768
2539.179
2539.179
2338.717
2167.591
3847.337
3846.033
3846.033
3830.435
3830.435
3851.5
3407.096
3407.096
3834.87
3392.385
3411.019
3058.155
3058.155
3059.19
3852.674
3408.135
3408.135
3416.385
3062.966
3856.049
3850.418
3850.114
3841.418
3844.103
3844.103
3844.103
3839.652
3839.652
3836
3836
3828.87
3861.739
3861.739
3873.533
3873.533
3873.533
3873.533
3873.533
3853.576
3853.576
3853.576
3408.933
3056.284
2769.758
2532.35
3823.924
3844.304
3400.731
3048.931
3842.886
3845.571
3850.136
3819.266
3819.266
3814.962
3813.543
3813.543
3373.519
3376.764
3404.072
3404.072
3051.927
3051.927
2765.809
2772.277
2774.914
2537.064
2537.064
2542.779
3865.141
3419.163
3065.457
2778.07
2539.95
2339.428
2341.164
3865.326
3903.533
3903.228
3903.228
3903.228
3903.228
3452.856
3898.777
3904.728
3904.728
3904.728
3904.728
3904.728
3898.641
3448.798
3448.798
3092.026
3092.026
3864.293
3829.946
3829.946
3829.946
3829.946
3829.946
3388.029
3391.26
3395.197
3830.158
3830.158
3836.109
3836.109
3393.481
3393.481
3393.481
3815.728
3375.452
3379.49
3379.49
3812.402
3812.402
3812.402
3812.402
3372.51
3387.74
3387.74
3819.022
3779.37
3779.37
3821.696
3821.696
3821.696
3804.478
3804.478
3804.478
3365.5
3796.587
3796.587
3796.587
3797.467
3797.467
3359.298
3011.784
2729.43
2495.479
2518.05
2518.05
3820.022
3820.022
3820.022
3820.022
3820.022
3820.022
3820.022
3820.022
3811.326
3811.326
3811.326
3814.196
3844.804
3853.5
3408.865
3056.224
2769.703
2532.3
2332.382
2161.72
2014.33
2026.739
2043.205
3903.109
3906.777
3455.995
3455.995
3880.679
3880.679
3880.679
3880.679
3432.909
3432.909
3839.071
3869.679
3423.178
3427.216
3438.986
3449.418
3882.712
3861.647
3865.299
3419.303
3065.582
2778.184
2540.054
2540.054
3859.348
3857.929
3843.908
3400.38
3400.38
3400.38
3412.784
3420.476
3066.634
2779.137
2779.77
2541.504
2541.504
2553.075
2553.075
3882.245
3866.647
3420.495
3066.651
2779.152
2779.152
2779.152
2779.152
3858.772
3858.772
3413.529
3455.548
3461.856
3475.654
3116.103
2823.969
2823.969
3898.391
3448.577
3091.828
3091.828
3091.828
2801.969
2801.969
2805.25
3897.005
3897.005
3894.321
3895.625
3446.13
3089.634
3100.754
3100.754
3100.754
3100.754
3100.754
3100.754
3101.879
2811.078
2823.453
2581.443
2584.764
2380.704
3927.386
3931.837
3923.946
3909.924
3458.779
3458.779
3100.974
3100.974
2810.258
2569.379
2366.533
2193.372
2193.372
2210.689
2210.689
3923.576
3470.856
3111.802
3922.158
3896.06
3446.514
3089.978
3104.806
2813.73
2814.387
2818.02
2576.475
3894.179
3888.549
3862.005
3862.31
3841.929
3398.63
3047.047
3051.767
3846.967
3816.359
3376.01
3376.01
3026.767
2743.008
3798.098
3800.967
3766.62
3751.022
3769.717
3731.511
3300.952
3307.933
3320.337
3381.822
3031.978
3819.277
3819.277
3819.277
3832.321
3390.13
3792.668
3805.223
3825.603
3384.188
3384.188
3386.563
3401.793
3402.601
3402.601
3733.005
3302.274
3355.351
3356.13
3356.13
3356.13
3008.944
2726.855
2493.125
2493.125
2493.125
3793.005
3797.31
3359.159
3011.659
2729.316
3776.245
3340.524
3340.524
2994.953
2994.953
2994.953
2714.176
2717.375
2484.457
2288.316
2288.316
2120.878
2120.878
2121.61
2121.61
2124.948
2124.948
2124.948
2124.948
2125.442
2125.442
2125.442
2125.442
1980.526
3785.092
3348.351
3348.351
3348.351
3001.97
3001.97
3001.97
3750.745
3317.966
3317.966
2974.728
2974.728
2695.848
2464.775
3730.788
3730.788
3300.313
2958.901
2958.901
3713.571
3713.571
3713.571
3731.832
3705.734
3278.149
2939.03
2663.496
2667.773
3708.815
3705.163
3277.644
3698.033
3271.337
2932.922
3690.141
3690.141
3719.793
3290.587
3290.587
3290.587
3290.587
3290.587
3686.924
3686.924
3261.51
3261.51
3279.163
2939.94
2664.32
2664.32
2664.32
2673.883
2673.883
3718.766
3718.766
3726.658
3726.658
3710.027
3281.947
3281.947
3293.486
3675.571
3669.62
3701.12
3701.12
3701.12
3701.12
3731.989
3731.989
3731.989
3737.94
3306.639
2964.573
2686.645
3737.027
3737.027
3305.832
3305.832
3736.147
3736.147
3695.554
3695.554
3269.144
2930.957
2656.18
2680.867
2451.079
2451.079
2451.079
2451.079
2451.079
3697.033
3666.163
3666.163
3243.144
3243.144
3259.683
3259.683
3259.683
3643.38
3643.38
3631.587
3651.967
3653.386
3653.386
3691.592
3691.592
3691.592
3620.489
3620.489
3639.141
3639.141
3639.141
3219.24
3637.837
3637.837
3218.087
2885.181
2885.181
2891.44
2620.367
3628.511
3628.511
3628.511
3648.891
3227.865
3254.942
3254.942
2918.224
2918.466
2644.859
3659.424
3237.183
3237.183
2902.302
2630.211
2630.211
2630.211
2404.764
3655.755
3641.734
3673.234
3673.234
3249.399
3636.94
3636.94
3217.293
2884.47
2614.051
2614.051
2614.051
2614.051
2636.691
2636.691
2410.689
2220.372
2220.372
2220.372
2220.372
2057.905
3641.897
3621.516
3605.918
3597.223
3597.223
3589.332
3175.178
3182.793
2853.539
2853.539
3593.489
3593.489
3593.793
3570.054
3551.359
3552.239
3569.848
3571.266
3572.147
3159.976
3562.821
3151.726
2825.685
2560.777
2560.777
2341.282
2341.861
2156.977
1999.149
1999.149
1862.844
3542.636
3542.636
3133.87
2809.677
2546.27
2328.018
2340.304
2340.304
2155.543
2155.543
2176.332
2177.043
3592.549
3587.495
3587.495
3173.553
3575.701
3163.12
3573.016
3160.745
3160.745
2833.772
3501.913
3501.913
3097.846
3475.37
3544.875
3135.851
2811.453
2811.694
2548.098
2329.689
2145.766
1988.759
3540.728
3540.728
3549.424
3544.859
3530.837
3483.717
3081.75
3081.75
3081.75
3446.217
3048.577
3048.577
3048.577
2733.207
3442.549
3484.875
3484.875
3082.774
3098.005
3101.813
3101.813
3502.728
3098.567
2778.026
2778.026
2780.935
2520.223
2304.204
2304.204
2304.204
2304.204
2308.204
2125.977
2125.977
1970.418
1836.071
3511.603
3570.951
3590.908
3559.408
3535.668
3531.364
3123.899
3123.899
3131.591
3132.846
2808.759
2545.438
2545.438
3537.81
3537.81
3555.418
3555.418
3546.418
3137.216
3137.216
3190.293
2860.263
3588.81
3588.81
3588.81
3588.81
3174.716
2846.297
2846.297
2846.297
2846.297
2893.884
2893.884
2900.142
2900.142
3640.071
3640.071
3220.063
3234.774
3234.774
2900.142
2915.97
2915.97
2642.598
2642.598
3667.658
3702.875
3702.875
3668.527
3668.527
3669.832
3716.951
3722.582
3718.016
3289.014
3289.014
3291.389
2950.901
3708.908
3713.962
3285.428
2945.556
2945.556
2961.72
3732.924
3729.272
3298.971
3724.707
3294.933
2954.078
2677.133
2677.133
2447.664
2448.521
2255.217
2255.217
2090.201
2090.201
2092.698
2095.534
2095.534
1952.656
3688.397
3688.397
3688.397
3685.712
3260.438
2923.151
2649.105
2649.105
2649.105
2422.039
2422.039
2230.826
2067.595
3662.821
3661.516
3661.516
3661.516
3652.821
3652.821
3652.821
3614.614
3580.266
3580.266
3580.266
3580.266
3580.266
3580.266
3580.266
3578.962
3578.658
3540.451
3540.451
3534.821
3503.321
3503.321
3503.321
3484.668
3484.668
3453.799
3439.777
3439.777
3439.777
3439.777
3439.777
3439.777
3418.712
3371.212
3328.886
3328.886
3313.288
3306.158
3306.158
3306.158
3273.288
3273.288
3273.288
3273.288
3232.696
3232.391
3219.348
3219.348
3181.141
3161.185
3161.185
3161.185
3130.315
3117.272
3117.272
3117.272
3079.065
3079.065
3060.37
3059.065
3024.717
2990.37
2990.37
2990.37
2990.37
2990.37
2985.315
2985.315
2985.315
2985.315
2964.25
2964.25
2964.25
2963.337
2942.272
2942.272
2936.321
2935.44
2935.44
2865.935
2865.935
2865.935
2857.239
2850.109
2850.109
2845.543
2845.543
2812.674
2812.674
2812.674
2806.723
2806.723
2806.723
2806.723
2806.723
2790.092
2790.092
2790.092
2778.299
2778.299
2778.299
2778.299
2778.299
2778.299
2773.734
2773.734
2755.038
2755.038
2755.038
2755.038
2685.533
2666.88
2666.88
2662.576
2639.685
2605.337
2605.337
2605.337
2605.337
2597.446
2571.348
2558.793
2540.141
2540.141
2530.815
2530.815
2530.815
2516.793
2508.098
2494.793
2476.533
2476.533
2457.837
2419.63
2419.63
2419.63
2419.63
2402.413
2401.533
2401.533
2401.533
2401.533
2401.533
2401.533
2401.533
2400.114
2400.114
2400.114
2382.897
2382.897
2382.897
2382.897
2382.897
2382.897
2382.897
2382.897
2382.897
2382.897
2382.897
2345.397
2345.397
2341.745
2335.793
2323.239
2323.239
2323.239
2318.674
2315.989
2315.989
2311.685
2311.685
2311.685
2311.685
2311.685
2311.685
2281.076
2278.207
2278.207
2269.511
2269.511
2300.12
2302.989
2356.25
2084.375
1868.75
1874.405
1929.53
1936.427
1949.616
1949.616
2455.527
2455.527
2436.832
2436.832
2425.038
2412.484
2403.788
2403.788
2403.788
2403.788
2390.484
2384.533
2380.082
2380.082
2380.082
2374.13
2374.13
2369.565
2369.565
2365.114
2365.114
2365.114
2364.234
2364.234
2364.234
2332.734
2332.734
2332.734
2262.299
2219.973
2215.408
2188.864
2188.864
2158.255
2144.234
2144.234
2141.364
2120.984
2120.984
2089.484
2088.571
2088.571
2068.614
2042.516
2024.908
2024.908
2024.908
2024.908
2024.908
2024.908
2024.908
2024.908
2022.038
2014.147
2013.266
2013.266
2013.266
2013.266
2013.266
2013.266
2013.266
2013.266
2013.266
2007.636
2003.984
2003.984
1984.027
1980.375
1972.484
1972.484
1954.875
1954.875
1953.571
1944.962
1944.962
1927.745
1927.745
1906.679
1859.81
1859.81
1850.484
1839.886
1839.886
1860.951
1871.549
1918.418
1697.063
1712.293
1720.543
1542.556
1597.681
1597.681
1597.681
2010.016
2010.016
2010.016
1950.016
1946.364
1941.913
1941.913
1941.913
1939.228
1939.228
1939.228
1904.88
1904.88
1904.88
1904.88
1888.25
1888.25
1888.25
1883.946
1883.946
1883.946
1883.946
1945.685
1721.183
1724.99
1757.096
1955.674
1935.293
1935.293
1935.293
1935.293
1930.989
1929.815
1929.815
1929.815
1923.864
1863.864
1848.266
1848.266
1848.266
1834.245
1834.245
1834.245
1813.179
1813.179
1813.179
1811.761
1811.761
1810.457
1810.457
1810.457
1810.457
1810.457
1809.038
1809.038
1809.038
1766.712
1758.821
1758.821
1758.821
1758.821
1758.821
1758.821
1758.821
1758.821
1755.152
1755.152
1755.152
1750.098
1726.359
1726.359
1721.908
1712.908
1712.908
1710.223
1710.223
1680.571
1649.962
1649.962
1580.457
1579.038
1579.038
1579.038
1565.734
1557.038
1557.038
1557.038
1553.37
1553.37
1494.022
1494.022
1486.13
1486.13
1454.63
1454.63
1454.326
1433.946
1416.337
1416.337
1396.38
1362.033
1362.033
1330.533
1330.533
1330.533
1330.533
1330.533
1330.533
1324.902
1324.902
1324.902
1264.902
1264.902
1321.477
1316.193
1316.193
1316.193
1316.193
1316.193
1316.193
1316.193
1316.193
1316.193
1316.193
1316.193
1316.193
1316.193
1316.193
1316.193
1316.193
1298.193
1298.193
1265.92
1264.557
1264.557
1264.557
1232.557
1232.557
1231.636
1231.636
1231.636
1231.636
1231.636
1231.636
1231.636
1195.727
1195.727
1186.636
1186.636
1172.727
1172.727
1165.273
1178.398
1214.307
1221.761
1258.58
1272.489
1281.58
1354.244
1354.244
1354.244
1354.244
1354.244
1354.244
1332.938
1332.938
1377.554
1371.036
1351.75
1351.75
1329.429
1329.429
1329.095
1290.524
1281
1279.446
1279.446
1279.446
1227.839
1227.506
1283.069
1276.069
1276.069
1276.069
1276.069
1276.069
1271.85
1271.85
1271.85
1271.85
1271.85
1271.85
1261.85
1226.65
1226.65
1223.35
1204.225
1196.025
1194.5
1110.362
1113.836
1122.467
1174.625
1021.413
1030.109
911.25
938.327
999.813
1014.524
1014.524
1387.23
1387.23
1387.23
1387.23
1387.23
1363.072
1342.941
1342.941
1342.941
1342.941
1342.941
1342.941
1296.691
1296.691
1247.553
1245.974
1239.158
1239.158
1248.553
1255.368
1301.618
1327.118
1354.829
1333.769
1333.769
1333.769
1333.769
1375.506
1446.506
1465.901
1465.901
1428.849
1428.849
1428.849
1428.849
1428.849
1476.849
1525.987
1531.789
1521.368
1478.737
1478.737
1478.737
1521.368
1565.303
1527.171
1521.645
1521.645
1527.171
1601.908
1640.039
1640.039
1640.039
1636.566
1552.428
1541.901
1427.921
1407.789
1446.889
1437.778
1441.444
1441.444
1402
1470.056
1481.167
1497.289
1505.921
1590.059
1610.191
1591.309
1374.313
1374.313
1374.313
1374.313
1374.313
1406.313
1414.545
1441.83
1560.398
1592.67
1564.728
1603.141
1618.739
1618.739
1822.05
1807.05
1806.7
1806.7
1806.7
1821.7
1822.05
1868.731
1624.984
1437.486
1288.78
1833.531
1814.406
1753.156
1749.856
1749.856
1669.925
1580.55
1653.211
1644.579
1600.645
1525.908
1569.842
1562.35
1547.913
1507.413
1499.213
1489.213
1473.913
1393.981
1425.77
1436.296
1451.493
1460.125
1476.23
1560.368
1601.947
1644.579
1596.579
1547.441
1541.638
1519.007
1511.803
1511.803
1505.684
1505.684
1505.684
1505.684
1528.316
1535.52
1585.73
1591.849
1760.539
1769.934
1751.788
1671.856
1661.131
1636.906
1617.106
1617.106
1563.206
1563.206
1551.019
1604.919
1666.169
1690.394
1710.194
1487.125
1315.534
1323.784
1186.841
1680.419
1638.681
1679.181
1720.919
1720.919
1710.194
1705.975
1779.882
1778.776
1778.776
1775.526
1775.526
1775.526
1731.592
1656.855
1700.789
1775.526
1768.711
1741
1715.5
1758.938
1710.118
1700.201
1707.396
1463.482
1486.554
1528.399
1572.857
1376.25
1376.25
1376.25
1828.542
1828.542
1828.542
1828.542
1828.542
1802.5
1713.688
1704.576
1660.688
1615.688
1599.646
1582.646
1571.535
1587.576
1596.688
1641.688
1730.5
1741.611
1785.5
1802.5
1796.667
1717.778
1677.528
1756.417
1796.667
1802.5
1756.125
1677.236
1756.125
1802.5
1756.125
1711.125
1799.938
1542.804
1589.161
1606.661
1405.828
1398.595
1435.075
1491.875
1535.225
1370.737
1238.085
1250.859
1263.198
1260.145
1152.132
1157.318
1160.639
1174.032
1187.875
1193.789
1198.975
1209.904
1187.962
1188.545
1188.74
1097.298
1100.279
1021.688
953.575
893.977
900.352
906.602
916.695
918.445
940.904
942.279
969.513
1053.732
1073.182
1088.932
1101.651
1111.417
1113.839
1158.956
1153.334
1086.796
1104.75
1121.337
1138.327
1157.048
1093.936
1037.353
1040.767
1057.216
1068.974
1016.402
968.758
956.6
981.523
982.473
984.781
994.015
1001.077
956.912
916.479
935.704
958.521
972.232
932.818
896.474
900.662
866.888
868.598
870.648
871.703
871.966
840.449
845.057
850.238
851.887
857.535
827.621
799.723
802.133
802.361
776.197
776.914
781.072
786.338
761.507
762.549
762.622
771.872
748.244
752.376
752.591
730.236
709.172
718.149
698.014
678.977
678.977
682.455
683.016
683.016
688.566
689.333
693.594
693.778
693.778
693.778
693.778
693.778
693.778
694.678
695.633
695.633
695.633
700.038
700.992
707.61
717.41
717.41
717.41
717.41
717.41
717.41
723.81
723.81
724.867
731.322
731.506
746.233
746.233
746.233
746.233
746.233
746.233
746.233
750.142
750.142
760.074
763.983
767.883
768.647
768.647
768.647
775.519
778.301
778.301
778.301
778.301
778.301
778.301
780.767
780.767
780.767
780.767
797.949
797.949
798.88
798.88
798.88
799.152
799.152
799.152
799.152
799.152
799.152
799.152
799.152
799.152
799.152
799.152
799.152
799.152
799.152
799.152
799.449
799.449
799.633
806.815
806.815
807.578
3809.071
3799.745
3782.527
3761.462
3761.462
3761.462
3714.592
3714.592
3285.986
3294.236
2953.453
2967.108
2688.941
2458.461
2264.372
2098.686
1955.594
1830.769
1839.918
1842.391
1731.848
1633.818
1641.743
1553.792
1474.786
1403.425
1406.764
1406.877
1408.264
1343.267
1284.006
1229.752
1179.897
1133.927
1091.405
1051.956
1015.26
1016.481
982.218
950.189
920.183
922.093
924.004
895.718
869.113
873.657
848.456
853.734
854.719
830.755
808.098
808.88
808.88
808.88
809.936
809.936
809.936
809.936
809.936
813.845
813.845
813.845
813.845
814.036
815.093
815.093
815.093
815.093
815.875
815.875
815.875
815.875
815.875
3840.272
3803.978
3799.674
3361.25
3013.534
2731.016
2750.094
2760.172
2523.586
2324.355
2154.28
2007.398
1879.266
1766.51
1666.519
1577.241
1497.042
1424.605
1358.854
1298.904
1244.021
1193.588
1147.084
1104.069
1105.78
3841.136
3397.928
3046.418
3840.832
3840.832
3827.788
3827.788
3787.196
3787.196
3834.065
3834.37
3874.962
3909.31
3458.236
3469.774
3871.679
3424.947
3452.255
3095.125
3111.832
2820.098
2578.375
2374.819
2201.052
2201.052
2050.98
1920.066
1922.301
3858.674
3413.442
3060.328
2773.422
2535.7
2335.513
2164.622
2017.034
2020.145
2021.548
1892.513
1778.963
1678.267
1588.359
1507.595
1514.078
1516.273
1442.905
1376.31
1315.59
1318.531
1262.819
1299.558
1246.873
1198.294
1153.358
1111.67
1072.891
1036.726
1002.92
971.249
971.249
941.517
3978.81
3971.049
3900.614
3450.543
3450.543
3093.591
2803.566
2806.203
2565.671
2363.118
2190.207
2040.875
1910.606
1795.97
1694.311
1695.557
1604.723
1605.085
1523.47
1449.754
1382.842
1321.835
1265.982
1214.659
1167.334
1123.559
1082.949
1045.172
1009.941
3900.141
3450.125
3093.216
2803.227
2818.367
2820.992
2579.193
2375.572
2201.75
2051.631
1920.676
1921.314
1806.035
1703.807
1612.531
3925.25
3472.337
3113.129
2821.273
2579.45
2375.809
2375.809
2201.97
2051.835
2054.085
1922.973
3909.598
3915.228
3962.348
3505.154
3945.13
3948.799
3906.473
3455.726
3902.168
3451.918
3094.823
3097.72
2807.309
2566.682
3902.152
3451.904
3094.81
3901.272
3451.125
3478.99
3482.298
3122.06
3128.319
2835.039
2592.036
2622.836
3974.641
3516.029
3152.302
2856.773
2611.907
2405.704
2229.677
2077.653
3965.315
3998.185
3536.856
3170.974
2873.695
3955.859
3499.413
3939.228
3942.88
3487.933
3127.112
3130.733
3168.405
2871.367
3955.293
3498.913
3498.913
3136.957
2842.867
2599.193
3941.989
3487.144
3126.405
3901.397
3451.236
3094.211
2804.129
2807.762
2567.096
2364.431
2191.424
2042.009
2042.469
2054.878
1923.715
3889.592
3440.793
3440.793
3084.849
3084.849
3088.47
3877.527
3858.832
3413.582
3060.453
3853.777
3813.185
3373.202
3024.25
3025.284
3797.859
3359.644
3012.095
3727.424
3735.185
3304.202
2962.388
2992.129
2711.617
2479.193
3743.033
3311.144
2968.612
2690.305
2690.961
2690.961
2690.961
2460.307
2266.072
3742.527
3310.697
3310.697
3325.928
3341.505
3341.505
3342.659
3347.639
3001.332
2719.957
2486.818
3757.745
3324.159
3324.159
3741.114
3309.447
3704.821
3705.701
3643.962
3223.505
3237.639
3250.043
2913.832
2640.66
2414.318
2223.714
2223.714
3669.511
3670.391
3246.885
2911
2638.094
2411.971
2221.553
2059
1918.614
1796.149
1688.38
1688.98
3670.783
3247.231
3251.269
3251.269
3269.904
3285.481
3286.26
2946.302
2670.086
2441.221
3701.859
3727.957
3297.808
3302.279
3303.317
2961.595
2961.595
2961.595
2683.945
2453.893
2453.893
2456.304
2456.304
2262.385
2262.385
2096.845
1953.878
1953.878
1829.162
1719.413
1719.553
1734.673
1636.483
1548.815
1550.891
1472.032
1478.515
1406.974
1406.974
1408.625
1343.612
1344.904
3770.207
3688.033
3649.826
3228.692
2894.69
2623.313
2625.242
2400.221
3476.75
3511.098
3105.971
3490.033
3525.25
3525.25
3539.272
3539.272
3535.533
3535.533
3544.859
3641.109
3220.981
3220.981
3250.058
3671.109
3671.109
3247.519
3664.587
3723.592
3293.947
3293.947
3293.947
3676.092
3702.19
3275.014
3275.284
2936.461
2661.168
2433.068
2459.125
2264.984
2267.747
2101.814
2101.814
2104.229
1960.759
1835.604
3710.424
3282.298
2942.75
2666.867
2438.279
2245.783
2081.457
1939.54
1815.739
1815.739
1817.535
3666.973
3243.861
2908.289
2635.637
2635.637
2409.725
2422.839
2231.563
2232.421
2069.073
1928
1804.936
1814.085
1814.779
1814.779
1705.893
1609.333
1609.333
1523.118
1540.154
1540.154
1541.69
1554.627
1475.578
1475.578
1404.179
3746.766
3746.766
3746.766
3693.505
3693.505
3267.332
3685.614
3260.351
3260.351
2923.073
2649.035
3682.745
3682.745
3742.745
3310.889
3315.361
3739.103
3734.049
3303.197
2961.487
3728.098
3297.933
2956.767
2956.767
2679.57
2449.893
2256.48
2091.372
2091.372
2094.53
2097.091
2097.091
3735.609
3304.577
2962.724
2684.969
2684.969
2454.829
2261.026
2266.474
3743.304
3311.385
2968.828
2968.828
2690.5
2690.5
3738.739
3734.288
3303.409
2961.677
3715.592
3709.641
3728.337
3298.144
2956.957
3707.957
3280.115
2940.793
2940.793
3707.043
3733.141
3302.394
2960.767
3714.446
3714.446
3285.856
3317.01
3317.01
3317.01
3318.163
3318.163
3318.163
2974.905
2696.008
3691.62
3265.663
3282.202
3282.202
3283.457
2943.789
2667.809
2668.828
3694.457
3268.173
2930.086
2931.121
3655.168
3634.103
3634.103
3595.897
3590.266
3590.266
3590.266
3650.266
3650.266
3650.266
3676.81
3252.563
2916.091
2642.707
3658.114
3601.277
3185.745
3558.951
3148.303
3189.986
2859.987
2860.711
2592.52
2599.223
2599.223
2376.432
2377.011
2189.352
2189.352
2189.352
2029.155
2029.155
2039.619
2039.619
2044.497
1905.099
1913.793
1913.793
1913.793
1791.636
1791.636
1792.33
1684.79
3624.174
3206
3206
2874.345
2877.875
2903.944
2918.772
2645.137
2645.137
3667.636
3633.288
3624.592
3589.375
3576.071
3506.565
3499.435
3095.654
2775.414
2515.219
2520.344
2545.031
2551.281
2332.6
2148.447
2148.447
1991.244
1991.244
1993.741
3549.005
3549.005
3549.005
3139.505
3545.337
3546.641
3137.413
3537.641
3129.452
3165.361
3165.361
3166.139
3166.139
3166.139
2838.608
3578.234
3599.299
3183.995
3183.995
3183.995
3217.793
3633.853
3633.853
3214.563
3629.549
3210.755
2878.608
2878.608
2608.738
2385.132
2196.832
2198.457
2037.595
2040.933
3626.391
3625.511
3625.511
3207.183
3212.447
3212.447
2880.125
3593.962
3602.962
3602.082
3507.924
3103.163
2782.147
2521.32
2305.207
2123.217
2123.217
2123.217
2123.217
1967.86
1967.86
1833.688
1833.688
1837.813
1837.813
1837.813
1837.813
1720.505
3514.511
3505.511
3508.38
3508.38
3568.38
3568.38
3591.272
3176.894
3176.894
3184.856
3184.856
3592.38
3589.696
3593.348
3178.731
2849.897
2849.897
2849.897
2582.719
2582.719
2361.343
2361.343
3589.043
3174.923
2846.483
2848.612
2848.612
2581.555
2360.279
2362.736
3574.402
3161.971
2834.871
3573.489
3574.37
3574.37
3574.37
3161.942
2834.845
2834.845
3536.87
3536.87
3128.769
3533.13
3125.462
3524.522
3117.846
2795.31
3508.543
3103.712
3103.712
3103.712
2782.638
2521.766
2305.614
2316.929
2316.929
2134.013
2134.013
1977.866
1977.866
1843.011
3521.196
3568.065
3156.365
3567.185
3546.12
3136.952
2812.44
2812.44
2812.44
2816.905
3548.098
3138.702
3151.106
3151.106
2825.129
2832.526
2832.526
2566.977
3567.777
3587.734
3595.625
3180.745
3180.745
3564.755
3556.864
3146.457
3146.457
3162.995
2835.789
2569.934
2569.934
2349.654
3549.016
3545.348
3555.946
3555.946
3145.644
3145.644
3145.644
2820.233
2820.233
2555.836
2336.764
2152.283
2152.283
2165.033
2165.033
2006.616
1869.801
1869.801
3573.342
3573.342
3161.034
2834.03
2568.34
3526.473
3119.572
2796.858
2803.116
2540.324
2540.324
2540.324
2545.996
3471.821
3071.226
3082.995
2764.065
2768.784
2509.211
2509.211
2509.211
3474.446
3474.446
3533.793
3126.048
3126.048
3516.185
3512.533
3512.533
3107.24
3107.51
2786.043
2524.852
2308.436
3512.533
3512.533
3107.24
3107.24
3107.51
3451.098
3052.894
2737.078
2738.009
2738.009
3431.891
3400.239
3400.239
3007.904
3007.904
3010.279
2698.871
2445.852
2236.207
2236.207
2059.664
2072
3418.25
3399.989
3399.989
3007.683
3365.641
3376.239
3376.239
2986.673
3355.174
3358.913
3358.913
3358.913
2971.346
3353.859
3353.859
2966.875
2967.683
3354.467
3347.337
3326.272
2942.471
2942.471
2638.078
2652.043
2652.043
3311.011
3311.011
2928.971
3305.06
3314.06
3314.06
3314.06
3314.06
2931.668
2931.668
2931.668
2628.392
3293.679
3272.614
2895.005
2595.522
2612.228
2367.332
2378.816
2378.816
2174.918
2174.918
2003.214
1856.637
1861.869
1883.418
1898.308
1768.878
1768.878
3351.071
3369.766
3369.766
3378.766
2988.909
3089.236
3488.527
3488.527
3455.658
3451.092
3452.005
3452.005
3447.44
3467.821
3458.495
3458.495
3458.495
3059.438
3064.418
3067.649
3454.473
3454.473
3454.473
3472.734
3438.386
3433.332
3436.984
3040.409
3410.44
3410.44
3016.928
3016.928
2704.832
2705.866
2707.996
3409.978
3016.519
3349.978
2963.442
2965.817
2659.009
2665.254
3356.886
3356.886
2969.553
2662.358
2412.762
2205.954
2031.799
2031.799
2031.799
1883.131
1754.736
3342.864
3342.864
3342.864
2957.149
2651.237
2402.684
2196.739
2196.739
2196.739
2196.739
2023.313
2023.313
1875.265
1747.406
3340.179
3293.06
3298.114
3298.114
2917.563
2922.034
2619.754
2619.754
3277.071
3277.071
3281.522
3317.815
2934.99
2977.01
3344.935
3348.603
3348.603
2962.226
3308.951
3327.603
3327.603
2943.649
2943.649
2639.134
2643.853
3327.924
2943.933
3309.663
3339.315
3323.337
2939.875
2635.75
2635.75
2639.759
2639.759
2639.759
2639.759
2639.759
2656.466
3348.038
3348.038
3349.179
3352.832
3352.832
3334.179
2949.466
3310.31
3251.304
2876.154
2876.962
2876.962
2876.962
2883.928
3146.679
3146.679
3160.701
3160.701
3160.701
2796.005
2796.005
3160.397
3129.527
2768.428
2768.428
2768.428
2482.039
2482.039
2482.039
2482.039
2249.348
2271.535
2076.832
2076.832
2076.832
2087.082
2087.082
1922.313
1922.313
1781.655
3172.342
3172.342
3232.342
3250.603
2875.534
3217.734
2846.457
2846.457
2846.457
2551.996
2551.996
2312.746
2312.746
2114.511
1947.576
1947.576
1947.576
1947.576
3212.679
3273.853
3316.179
3316.179
3311.125
2929.072
2929.072
2939.505
2939.505
2953.303
2953.303
2953.303
2953.303
3338.212
2953.034
3291.092
2911.351
3288.408
3288.408
3288.408
3288.408
2908.976
3284.755
2905.745
2913.438
3288.886
3288.886
3359.321
2971.707
2971.707
2664.289
2414.512
2414.512
2414.512
2414.512
2428.855
2220.668
2220.668
2220.668
2045.352
2045.352
3377.859
3394.489
3394.489
3002.817
3389.924
3389.924
2998.779
3385.359
3385.359
2994.74
3338.489
3338.489
3338.489
2953.279
3337.609
2952.5
2952.5
2967.731
2967.731
2660.724
2660.724
2687.966
2687.966
2435.969
2438.605
3389.174
3450.348
3450.348
3441.348
3441.348
3442.766
3441.462
3441.462
3441.462
3044.37
3044.37
3044.37
3436.897
3436.897
3040.332
3435.592
3438.277
3471.147
3471.147
3070.63
3070.63
3070.63
3070.63
3070.63
3070.63
3467.408
3067.322
3082.553
3082.553
3082.553
2763.668
2504.574
2521.637
2521.637
2521.637
2521.637
2305.496
2305.496
2305.496
2332.171
2334.582
2334.582
2345.082
3567.723
3567.723
3567.723
3567.723
3532.505
3124.909
3529.821
3529.821
3529.821
3529.821
3529.821
3529.821
3526.951
3526.951
3119.995
2797.237
2797.237
2797.237
2797.237
3506.995
3505.576
3505.576
3505.576
3505.576
3101.087
3114.885
3114.885
3114.885
3114.885
3114.885
3114.885
3114.885
3114.885
3495.076
3091.798
2771.957
3494.163
3476.946
3476.946
3075.76
3429.446
3033.74
3033.74
2719.905
3421.554
3421.554
3380.076
3380.076
3372.185
2983.087
3025.106
3036.644
2722.509
2467.273
3427.674
3032.173
2718.5
2718.5
3380.804
3384.473
3370.451
2981.553
3362.69
2974.688
2974.688
2666.961
2666.961
2693.03
2693.03
2440.559
2231.368
2234.293
2057.901
3395.707
3003.894
3008.875
3008.875
3023.587
3414.228
3020.279
3020.279
3027.26
2714.095
2459.648
2459.648
2465.32
2467.957
2256.418
2256.418
2257.018
2257.018
2078.832
3433.288
3431.87
3431.87
3431.87
3431.87
3444.424
3046.99
2731.784
2747.612
3450.359
3450.359
3450.359
3444.408
3444.408
3421.516
3026.726
3031.197
3031.197
2717.625
2720.534
3411.543
3380.043
3333.174
3325.283
3331.37
3331.37
3340.37
3340.37
2954.942
2954.942
3340.065
2954.673
2954.673
2954.673
2649.017
2665.181
2665.181
2671.336
3358.88
2971.317
2975.788
2975.788
2667.948
2417.828
2420.453
2212.986
3366.707
3366.707
3366.707
2978.24
2979.495
3367.212
2978.688
2981.918
2986.899
2677.909
2426.855
2426.855
2426.855
3370.864
3354.234
2967.207
2994.514
2684.737
2709.72
2709.72
2713.25
2744.698
2487.383
2487.383
2502.031
2287.571
3477.435
3477.435
3463.413
3063.788
3063.788
3063.788
3428.196
3454.293
3055.721
3055.721
2739.612
2739.612
2753.267
2790.638
2529.016
2312.243
2326.086
2326.086
2326.086
2328.914
2328.914
2328.914
2145.053
2145.053
1988.098
3543.12
3134.298
3149.875
3153.183
3555.141
3144.933
2819.595
2819.595
3495.793
3495.793
3499.462
3498.043
3094.423
3094.423
3110
3501.63
3501.63
3507.261
3493.957
3090.808
3492.783
3492.783
3532.435
3528.696
3528.696
3528.696
3528.696
3121.538
3158.231
3158.231
3158.231
3158.231
3158.231
2831.517
2831.517
3567.304
3155.692
2829.241
2848.069
3552.63
3142.712
2817.603
2553.453
2334.586
2347.979
2162.612
3555.402
3555.402
3555.402
3555.402
3624.908
3624.908
3625.788
3207.428
3619.837
3619.837
3619.837
3619.837
3619.837
3202.163
3202.163
3598.772
3597.467
3597.467
3565.967
3565.967
3565.054
3583.707
3583.707
3575.815
3580.38
3167.26
3167.26
3167.26
3167.26
3577.696
3577.696
3577.696
3572.641
3593.707
3593.707
3593.707
3603.033
3603.033
3187.298
2857.578
3602.152
3186.519
2856.879
2589.047
2367.129
2373.043
2373.043
2185.697
3607.5
3620.804
3629.804
3634.859
3215.452
3231.029
3231.029
3231.029
3631.402
3631.402
3631.402
3212.394
2880.078
2610.07
2386.35
2407.05
2410.75
2421
2423.829
2232.474
2069.122
2069.122
1928.045
3628.435
3622.804
3682.804
3715.674
3715.674
3286.942
2946.914
2946.914
2946.914
2670.641
3696.978
3696.978
3696.978
3692.527
3696.832
3696.832
3696.832
3270.274
3270.274
3270.274
3277.966
3277.966
3689.929
3264.168
3264.168
3689.625
3689.625
3663.527
3659.076
3662.728
3621.424
3590.554
3590.554
3637.424
3646.12
3646.12
3675.772
3637.359
3523.946
3523.946
3523.946
3516.071
3516.071
3516.071
3110.37
3110.37
3110.37
3110.639
3110.639
3110.639
3490.277
3087.553
2768.151
2768.151
2768.151
2772.871
2512.914
3487.533
3085.125
3085.125
3479.658
3479.658
3479.658
3480.538
3480.538
3078.938
3078.938
2760.427
2501.637
2535.777
2318.425
2135.391
2135.391
2135.391
2135.391
1979.143
1844.202
3524.37
3500.63
3096.712
3096.712
3146.99
2821.44
2821.44
2556.93
2556.93
2561.207
2341.675
2341.675
2353.932
3578.402
3165.51
3552.304
3578.402
3578.402
3578.402
3578.402
3578.402
3582.853
3169.447
3169.447
3169.447
3176.428
2847.832
2847.832
2937.78
3024.073
3024.073
3024.073
3024.073
2740.566
2740.566
3810.277
3810.277
3370.63
3370.63
3375.611
3375.611
3026.409
2742.684
2507.596
2507.596
2507.596
2309.628
3798.69
3803.745
3803.745
3789.723
3352.447
3771.071
3771.071
3771.071
3335.947
3363.024
3368.288
3711.38
3283.144
3693.772
3733.424
3729.685
3729.685
3299.337
3299.337
3720.989
3720.989
3726.043
3726.043
3720.989
3680.397
3255.736
3255.736
3258.111
3258.111
2921.065
2935.03
3698.005
3696.832
3270.274
2931.97
2931.97
2657.098
2657.098
2429.346
2237.556
2073.832
2073.832
1932.435
1936.98
1936.98
1813.343
3678.984
3678.984
3678.984
3254.486
3254.486
3663.005
3663.005
3663.005
3663.005
3240.351
3662.092
3658.353
3667.049
3661.418
3238.947
3640.353
3656.332
3234.447
3234.447
2899.849
2899.849
2900.091
2900.091
2900.091
3638.375
3218.563
3218.563
3239.563
2904.435
2904.435
2904.435
2632.145
2632.145
2406.532
2216.543
2054.357
2069.247
1928.162
1928.162
1928.162
1928.162
1928.162
3671.049
3247.466
3274.543
3309.62
3313.558
3313.558
3313.558
3313.558
3314.813
3714.31
3714.31
3285.736
2945.832
3710.658
3282.505
3694.027
3699.978
3711.772
3283.49
3283.49
2943.819
2667.836
2667.836
2667.836
2667.836
2671.883
2672.727
2672.727
2443.636
2443.636
2443.636
2474.85
3749.446
3316.817
2973.698
2973.698
2987.664
2707.57
2707.57
2708.227
2725.289
2491.693
2294.98
3787.141
3350.163
3350.163
3003.595
2722.008
2488.693
2292.217
2124.494
2124.494
3781.511
3785.163
3348.413
3002.026
2720.586
2487.393
2492.079
2511.564
2534.136
2534.136
2537.136
2537.136
2537.136
2336.836
2339.056
3863.223
3861.804
3841.848
3841.848
3398.558
3046.983
3046.983
2761.328
2524.643
2524.643
2524.643
2325.329
2330.105
2330.105
2330.105
3845.288
3845.288
3824.908
3809.31
3369.774
3021.177
3021.177
3021.177
3021.177
3058.547
3837.777
3837.777
3868.647
3902.995
3902.995
3452.649
3463.082
3104.832
2813.754
2813.754
3912.103
3906.473
3906.473
3455.726
3473.38
3489.918
3936.125
3936.125
3936.125
3936.125
3936.125
3936.125
3935.212
3481.149
3121.03
3929.261
3929.261
3929.261
3475.885
3116.31
3858.826
3858.826
3413.577
3060.448
2773.531
2535.8
2538.257
2337.868
2356.553
2184.122
2035.205
1905.298
1790.98
1800.67
3911.815
3851.815
3833.12
3817.522
3817.522
3829.315
3837.207
3394.452
3043.302
3043.302
3043.302
3043.302
2757.992
2762.039
2525.293
2525.293
2531.421
2551.707
2350.257
3864.337
3418.452
3844.38
3400.798
3400.798
3400.798
3406.063
3406.063
3406.063
3053.711
2767.426
2767.426
2767.426
3802.832
3802.832
3802.832
3802.832
3364.043
3364.043
3801.527
3362.889
3362.889
3015.004
3027.375
2743.559
2743.559
2750.027
3817.125
3816.245
3825.245
3825.245
3825.245
3820.19
3820.19
3820.19
3379.399
3405.63
3053.323
3053.323
3056.233
2769.711
2532.307
2532.307
3833.554
3833.554
3834.859
3816.163
3816.163
3816.163
3816.163
3816.163
3819.832
3819.832
3379.082
3816.179
3837.245
3394.486
3043.332
3043.332
2758.02
2761.301
2524.618
2325.306
2155.162
2157.659
2010.545
3837.261
3813.522
3373.5
3373.5
3024.517
3024.517
2740.969
2740.969
2740.969
2754.094
2754.094
2755.031
2755.031
2755.031
2518.886
2320.026
2325.474
2155.317
2008.364
2008.364
1880.17
1767.36
1768.013
1667.936
1578.583
1498.316
1425.817
1425.817
1425.929
1360.117
3825.114
3848.853
3848.853
3404.755
3404.755
3847.94
3403.947
3403.947
3051.815
2765.707
2768.906
3844.5
3903.848
3903.848
3903.848
3912.543
3912.543
3461.096
3103.052
2812.141
2571.1
2574.421
3877.946
3877.946
3873.495
3873.495
3874.408
3874.408
3874.408
3853.342
3853.342
3882.995
3867.397
3421.159
3421.159
3851.418
3851.418
3855.071
3410.255
3411.034
3846.625
3853.755
3858.81
3858.81
3858.81
3413.563
3855.141
3410.317
3834.076
3391.683
3391.683
3040.819
3040.819
3040.819
3786.957
3794.832
3356.966
3793.413
3355.712
3355.712
3355.712
3787.462
3350.447
3365.159
3365.159
3785.44
3785.44
3785.44
3348.659
3348.659
3777.679
3777.679
3777.679
3777.679
3783.63
3825.957
3825.957
3804.891
3804.891
3804.891
3821.522
3821.522
3788.652
3768.272
3333.471
3352.106
3005.336
3012.733
3012.733
3030.888
3042.009
3834.435
3834.435
3392
3833.13
3390.846
3040.069
3047.466
2761.766
2525.043
2525.043
2534.257
2534.257
2534.257
3850.527
3842.636
3859.853
3864.418
3871.549
3891.505
3887.853
3891.522
3442.5
3086.379
3887.853
3901.158
3853.658
3409.005
3427.034
3072.513
3073.237
3865.951
3865.951
3867.255
3867.255
3421.034
3067.134
2779.59
2779.59
2779.59
2541.339
2340.707
2169.436
3829.049
3817.255
3376.803
3790.712
3777.668
3777.668
3777.668
3777.668
3778.973
3342.938
3350.553
3364.688
3756.06
3322.668
2978.944
2981.073
2994.263
2994.263
2994.263
3715.375
3721.005
3291.659
3291.659
3308.197
3308.197
3308.197
3739.397
3739.397
3307.928
3349.389
3002.901
3040.272
3827.755
3827.755
3386.091
3718.951
3289.841
3316.918
3320.726
3320.726
2977.203
3748.234
3315.745
3315.745
3316.553
3316.553
2973.461
2694.699
2694.699
2463.725
3635.734
3602.864
3586.886
3586.886
3610.625
3194.014
3600.027
3184.639
2855.194
3573.484
3553.103
3553.103
3527.005
3540.31
3548.201
3543.147
3554.94
3144.755
3178.553
3562.538
3151.476
2825.461
2825.461
2831.72
2566.246
2346.282
2361.882
2361.882
2361.882
2362.814
2362.814
3594.707
3179.933
3591.054
3652.228
3652.228
3230.817
3234.755
3638.418
3638.418
3638.418
3620.81
3625.375
3625.375
3625.375
3626.549
3627.462
3658.071
3678.027
3678.027
3678.027
3253.639
2917.056
2917.056
2643.582
2643.582
2416.989
2416.989
2416.989
2426.204
2234.661
2071.149
1929.935
1929.935
1929.935
3686.995
3686.995
3673.69
3673.69
3708.038
3711.777
3711.777
3711.777
3283.495
3703.082
3703.082
3697.13
3705.826
3278.231
3682.087
3682.087
3651.217
3229.923
3231.178
3231.178
3231.178
3231.178
3231.178
3235.649
3640.473
3640.473
3640.473
3640.777
3640.777
3687.897
3656.397
3594.658
3590.092
3594.658
3179.889
3207.755
3207.755
3207.755
2875.918
2875.918
2606.301
2621.441
2396.746
3605.745
3595.147
3629.495
3623.543
3640.174
3640.174
3640.174
3640.174
3640.174
3641.478
3679.685
3679.685
3679.685
3255.106
2918.371
2918.371
2943.353
2943.353
2667.414
2701.555
2701.555
2701.555
2705.602
3758.364
3324.707
3738.408
3738.408
3730.516
3669.342
3669.342
3245.957
3245.957
2910.168
3664.777
3659.723
3654.092
3654.092
3232.466
3232.466
3236.404
2901.603
2629.578
3653.489
3640.935
3648.826
3654.457
3654.457
3232.788
3232.788
2898.362
2626.641
2401.5
2401.5
2401.5
2401.5
2404.329
2214.513
2052.476
3624.413
3636.207
3636.207
3216.644
3220.683
3637.103
3637.103
3629.212
3629.212
3210.457
2878.341
2878.341
3588.62
3588.62
3174.548
2846.147
2846.147
2849.043
3560.772
3560.772
3630.277
3629.973
3211.13
2878.944
2609.043
3624.022
3665.5
3242.558
2907.121
2634.578
3631.152
3631.152
3623.277
3627.842
3627.842
3209.245
2877.254
2607.512
2607.512
2623.965
2623.965
2399.054
2399.054
2421.625
2421.625
2421.625
2230.444
2230.444
2067.241
1926.293
3615.576
3615.576
3597.967
3598.848
3657.853
3658.734
3236.572
3236.572
3638.353
3617.288
3199.909
2868.884
3613.636
3613.636
3636.527
3216.928
3216.928
2884.142
2884.142
2908.625
2938.366
2938.366
2938.366
2938.366
2662.895
2665.52
2669.152
2440.368
2456.054
2262.155
2096.631
2096.631
3728.777
3733.082
3733.082
3759.625
3759.625
3325.822
3325.822
3388.13
3388.13
3388.13
3388.13
3824.429
3824.429
3824.429
3824.429
3784.777
3785.69
3785.69
3779.739
3343.615
3343.615
3718.565
3289.5
3605.152
3605.152
3605.457
3189.442
3191.817
2861.629
2593.352
3599.141
3599.141
3594.69
3594.69
3594.386
3585.69
3585.69
3585.69
3585.69
3581.239
3581.239
3619.652
3202
3202
3607.859
3607.859
3609.277
3192.822
3192.822
3192.822
3606.592
3610.332
3193.755
3196.293
3211.005
2878.832
2899.884
2904.711
2632.395
2406.761
2216.753
3631.853
3595.56
3548.06
3138.668
2813.978
2813.978
2813.978
2813.978
2550.168
2550.824
3545.304
3136.231
2811.793
2811.793
2815.802
3530.402
3526.098
3522.446
3492.793
3492.793
3089.779
3090.788
3090.788
3479.913
3078.385
2759.931
2501.188
2501.188
2523.188
2306.914
2124.789
3453.685
3471.293
3502.163
3497.109
3493.37
3493.37
3494.788
3494.788
3463.918
3463.918
3463.038
3063.457
2746.547
2746.547
2489.059
2489.277
2275.911
2096.234
3459.674
3060.481
2743.879
2486.641
2489.922
2501.875
2287.429
2299
2299
3489.478
3489.478
3086.846
3086.846
3481.587
3481.587
3079.865
3464.957
3065.154
2748.069
2748.069
2490.438
2490.438
2524.578
2524.578
2524.578
2308.186
2125.961
2125.961
3470.13
3466.462
3474.353
3514.005
3514.005
3505.005
3505.005
3513.614
3489.875
3442.755
3045.514
3437.125
3440.864
3446.815
3442.364
3045.168
3434.473
3038.188
3038.188
2723.892
2468.527
2468.527
2256.939
2259.864
3437.62
3437.62
3476.033
3074.952
3074.952
2756.853
3446.38
3426
3426
3426
3425.12
3425.12
3029.913
3029.913
3037.875
3037.875
3433.207
3459.304
3476.522
3075.385
3089.183
3100.952
3104.197
3499.766
3499.766
3494.712
3494.712
3511.342
3511.342
3106.188
2784.858
2784.858
3493.734
3528.082
3528.082
3509.386
3509.386
3492.168
3492.168
3492.168
3089.226
3089.226
3244.707
3244.707
3650.712
3650.712
3229.476
3229.476
3229.476
3229.476
3233.413
2898.922
2898.922
2898.922
2627.148
2631.195
2641.273
3669.761
3246.327
3246.327
2910.5
2910.5
3643.663
3639.212
3604.864
3188.918
3192.726
3195.264
2864.72
3598.734
3635.027
3635.027
3613.962
3196.966
3226.043
3623.092
3623.092
3628.147
3209.514
3224.226
3643.864
3643.864
3223.418
3223.418
3223.418
3639.299
3219.38
3222.625
3240.654
2905.414
2905.414
2905.414
2905.414
2905.414
2633.031
2636.125
3664.967
3242.087
3253.192
2916.655
2643.219
2643.219
2643.219
2643.219
2643.219
2670.68
2673.961
2673.961
2444.764
2444.764
2444.764
2251.757
2251.757
2251.757
3702.033
3702.033
3701.12
3274.067
3695.168
3715.125
3746.625
3314.322
3314.322
3344.707
3763.364
3329.13
3716.495
3716.495
3287.668
3290.976
3290.976
3290.976
2950.53
2950.53
2673.918
2673.918
2675.848
2675.848
2675.848
3713.592
3285.101
2945.263
2669.145
2440.361
2247.701
2249.911
3711.158
3649.984
3228.832
2894.815
2894.815
2623.426
2398.561
2209.201
2047.552
2047.552
1907.946
1786.162
1678.993
1705.138
1608.62
3689.603
3689.603
3705.201
3703.897
3703.897
3687.266
3691.005
3691.005
3265.12
3685.375
3260.139
3260.139
3281.139
3281.139
3685.375
3689.043
3263.385
3681.913
3670.12
3246.644
3275.721
3670.12
3670.12
3670.12
3709.772
3281.721
2942.233
2945.142
3696.81
3696.81
3680.179
3680.179
3255.543
3274.178
3289.409
2949.125
2949.125
2672.645
2686.988
2686.988
2456.675
3717.353
3726.679
3721.049
3681.397
3701.353
3696.788
3270.236
2931.935
3696.484
3696.484
3696.484
3692.745
3697.196
3270.596
3676.13
3251.962
2915.552
2915.552
2915.552
2642.219
3674.826
3665.826
3660.196
3237.865
3237.865
3237.865
2902.914
2905.043
2632.695
2637.82
2411.721
3630.359
3630.359
3630.359
3630.359
3660.011
3237.702
3237.702
2902.767
3639.63
3639.63
3620.935
3619.761
3619.761
3619.761
3639.717
3219.75
3570.212
3570.212
3591.277
3575.299
3579.038
3166.072
3166.072
3166.072
2838.547
2849.099
2867.927
2599.059
3584.582
3589.147
3589.147
3580.147
3583.886
3553.016
3575.908
3599.647
3600.527
3185.082
2855.591
2587.879
2366.061
2366.061
2366.061
3596.223
3181.274
2852.177
3592.571
3601.266
3601.266
3601.266
3185.736
3185.736
3185.736
3185.736
3185.736
3185.736
3578.375
3578.375
3577.495
3577.495
3164.707
2837.323
2571.324
2580.699
2580.699
2359.496
2173.22
3578.745
3578.745
3165.813
2838.315
3537.266
3129.12
3521.668
3512.973
3528.571
3528.571
3541.125
3537.457
3537.457
3517.5
3521.168
3114.88
3115.688
3115.688
3115.688
2793.375
3506.484
3101.889
3105.12
3105.12
3501.44
3097.428
2777.004
3441.44
3441.44
3453.995
3055.457
3442.201
3442.201
3442.201
3442.201
3419.31
3395.571
3395.571
3466.005
3066.082
3464.701
3558.859
3550.967
3546.663
3550.315
3550.315
3140.663
3140.663
3203.563
2872.159
2872.159
2888.323
2888.323
2888.323
3636.745
3217.12
2884.315
3607.092
3190.889
3605.674
3605.674
3587.022
3587.022
3607.402
3608.315
3604.011
3604.011
3188.163
3188.163
3215.24
3216.019
2883.328
2883.328
2883.328
2613.016
2613.016
3621.478
3641.859
3641.859
3221.644
3603.652
3634.261
3214.923
3244
3244.779
3249.25
3249.25
3249.25
3249.25
2913.121
2934.172
2934.172
3668.739
3668.739
3639.087
3219.192
3219.192
3635.348
3636.652
3674.152
3250.212
3250.481
3670.717
3679.413
3679.413
3679.413
3254.865
2918.155
2644.578
2668.203
2668.203
2439.5
2458.986
2464.171
2469.357
3726.848
3718.957
3718.957
3718.957
3718.957
3718.957
3740.022
3774.37
3338.865
2993.466
2712.828
2727.477
2493.693
2493.693
2493.693
3747.25
3747.25
3747.25
3314.875
3716.641
3721.092
3291.736
3291.736
2951.211
2951.211
2951.211
2956.866
2679.66
2679.66
2679.66
2680.293
2722.949
3770.842
3761.842
3768.973
3761.842
3761.842
3327.784
2983.53
3761.538
3761.842
3327.784
2983.53
2703.824
2703.824
2472.068
2472.068
2472.068
2276.905
3760.929
3760.929
3760.929
3779.625
3779.625
3778.207
3778.207
3848.641
3848.641
3848.641
3850.06
3836.755
3394.053
3836.451
3393.784
3401.476
3049.599
3055.845
2769.359
3847.967
3403.971
3051.836
3051.836
2765.727
2528.664
2528.664
2329.033
3840.837
3397.663
3397.663
3046.181
3802.63
3799.946
3799.946
3801.25
3362.644
3362.644
3754.13
3771.348
3771.348
3767.679
3332.947
3720.81
3720.81
3716.505
3730.527
3768.027
3768.027
3772.478
3758.457
3324.788
2980.845
2980.845
2701.391
3745.902
3745.902
3313.683
3321.375
3321.375
3321.375
3751.728
3318.837
2975.509
2975.509
2975.509
3717.38
3717.38
3717.38
3750.25
3750.25
3317.529
3317.529
3334.029
2989.129
2989.853
2709.555
2709.555
3761.12
3327.144
3327.144
2982.957
2982.957
2703.305
2703.305
3752.424
3745.293
3745.293
3745.293
3710.946
3710.946
3710.946
3282.76
3294.529
3305.635
2963.672
2970.569
2692.078
2697.203
2466.014
2271.329
2278.928
3727.685
3297.567
3297.567
3719.81
3737.418
3306.178
3306.178
3306.178
3306.178
3310.115
3740.957
3742.375
3745.245
3313.101
3340.409
3340.409
3340.678
3359.313
3011.797
3011.797
3011.797
3792.918
3786.832
3349.889
3402.966
3402.966
3843.179
3399.736
3048.039
3823.223
3838.821
3829.821
3833.489
3833.489
3821.696
3839.304
3396.308
3396.308
3822.674
3381.596
3386.067
3035.784
2751.18
2753.109
2759.578
2760.234
2523.643
3835.875
3834.457
3834.457
3392.019
3392.019
3804.804
3810.435
3806.766
3805.886
3366.745
3018.461
3802.217
3363.5
3363.5
3363.5
3015.552
2732.844
2732.844
2498.6
2301.342
2308.48
2139.567
1993.688
1866.431
1866.431
1866.431
1866.58
1866.58
1754.585
1754.585
3794.359
3793.478
3751.152
3318.327
3318.327
3318.327
3318.327
3318.327
2975.052
2975.052
3691.804
3691.804
3265.827
2927.983
2653.484
2426.043
2426.043
3668.913
3668.913
3598.478
3183.269
2853.966
3593.424
3593.424
3593.424
3559.076
3615.913
3594.848
3180.058
2851.086
3585.522
3585.522
3576.913
3576.913
3585.522
3565.565
3154.154
3157.385
3184.692
2855.241
3596.348
3572.609
3583.207
3169.76
2841.853
2866.336
2597.617
3613.163
3613.163
3196.26
2865.612
2596.961
3605.272
3605.272
3581.402
3581.402
3581.402
3581.402
3585.967
3172.202
3172.202
2844.043
2577.414
2356.493
3580.016
3166.938
3166.938
3203.745
2872.323
2884.694
2884.694
2888.224
2617.453
2393.1
2393.1
2204.171
2204.171
2042.89
1903.602
1903.602
1903.602
1903.602
1905.006
3640.054
3678.261
3677.348
3677.348
3677.348
3677.348
3677.348
3654.457
3232.788
2898.362
2905.259
2905.259
2632.891
2644.844
2645.781
2667.969
3706.005
3700.951
3693.19
3674.495
3613.321
3571.842
3432.489
3440.38
3444.685
3485.277
3485.277
3482.592
3080.755
3122.438
3122.438
2799.427
2799.427
2799.427
3529.408
3122.168
3125.976
3209.269
3615.315
3605.989
3189.913
3602.337
3186.683
2857.026
2857.026
2863.284
2594.852
3605.663
3189.625
3581.924
3598.554
3594.103
3179.399
3179.399
3179.399
3179.399
3584.777
3584.777
3584.777
3584.777
3584.777
3584.777
3567.56
3584.777
3584.777
3171.149
2843.099
2576.559
2355.711
2169.734
2169.734
2169.734
2010.973
2016.204
1878.736
1758.816
1653.288
3589.049
3584.484
3170.889
3170.889
3179.139
2850.263
2863.453
2595.004
2595.004
3434.679
3387.56
3391.864
3360.995
3360.995
3330.386
2946.111
2946.111
2946.111
2946.111
3297.516
2917.034
2922.298
2945.385
2640.69
3328.685
3333.25
3366.12
3366.12
2977.721
2982.702
2982.702
2985.24
3371.75
3383.543
3383.543
3430.413
3434.152
3463.804
3448.207
3448.511
3448.511
3448.511
3050.606
3052.981
3073.981
3091.635
3091.635
2771.81
2778.948
2778.948
2803.431
2803.431
3496.348
3497.228
3093.702
3121.01
3121.01
3193.702
2863.319
2594.883
2372.464
3608.967
3651.293
3659.989
3237.683
3633.446
3633.446
3637.75
3218.01
3611.207
3612.625
3195.784
3595.016
3595.016
3642.136
3621.071
3621.071
3617.402
3617.402
3200.01
3201.264
2870.099
2870.099
2894.582
2894.582
2912.737
2912.737
3655.951
3655.951
3234.111
3234.111
3234.38
3268.178
2930.091
2655.395
3663.592
3240.87
3257.409
3257.409
3677.837
3253.471
3253.471
2916.905
3646.337
3647.25
3647.25
3612.902
3605.772
3608.641
3192.26
2862.026
2593.711
2593.711
2624.133
2624.133
2624.133
3641.641
3646.696
3646.696
3642.13
3639.446
3635.777
3648.821
3648.821
3648.821
3652.489
3231.048
3651.071
3651.071
3620.462
3202.716
2871.401
2871.401
2602.207
2631.383
3637.315
3645.207
3224.606
3637.315
3620.685
3616.12
3616.12
3198.875
3557.114
3146.678
3500.277
3096.399
3097.178
3102.442
3102.442
3499.234
3494.929
3091.668
2771.841
3491.261
3496.891
3093.404
3466.283
3478.076
3512.424
3512.424
3107.144
3498.402
3512.424
3513.728
3479.38
3482.25
3551.755
3141.938
3145.976
3153.938
3153.938
3564.016
3564.016
3529.668
3514.071
3514.071
3514.071
3509.505
3544.723
3544.723
3544.723
3558.027
3562.592
3562.592
3594.092
3179.389
3590.44
3176.159
3176.159
3179.404
2850.5
2583.266
2583.266
2583.266
2361.843
2361.843
3589.543
3582.413
3169.058
2841.224
2574.859
3577.962
3165.12
3576.821
3585.821
3585.821
3585.821
3587.239
3588.658
3591.527
3177.12
2848.453
2855.849
2855.849
2588.113
2588.113
2366.275
2179.464
2190.122
3598.082
3613.679
3613.679
3613.679
3196.716
3196.716
3196.716
3196.716
3612.505
3195.678
3606.875
3190.697
3259.447
3259.447
2922.263
3678.962
3681.832
3257.005
3661.451
3238.976
3652.451
3231.014
3648.712
3653.277
3666.321
3667.462
3668.766
3655.462
3233.678
3233.678
3233.678
2899.159
2924.142
2924.142
2650.004
2422.861
3616.527
3616.527
3617.701
3617.701
3617.701
3644.245
3630.223
3630.223
3211.351
3600.571
3185.12
3192.813
3577.766
3164.947
2837.539
2837.539
3576.853
3576.853
3164.139
3164.139
2836.815
3571.799
3159.668
2832.806
2858.875
2858.875
3587.451
3173.514
3561.353
3543.745
3134.851
3526.136
3535.136
3127.236
3128.49
3128.49
3527.859
3526.44
3526.44
3119.543
2796.832
2796.832
2796.832
3488.234
3085.745
3127.764
2804.203
2804.203
2804.203
3488.234
3487.353
3487.353
3084.966
3147.274
2821.694
2557.16
2557.16
2337.975
2337.975
2153.398
1995.832
1995.832
1859.753
1896.085
1775.059
1668.555
1690.23
1690.23
1594.557
3634.761
3215.365
2882.741
2895.112
2898.526
2898.526
2900.655
2900.655
2901.379
2901.379
2901.379
2901.379
2901.379
2629.375
3645.707
3629.076
3210.337
3211.49
3218.471
3626.478
3630.929
3662.429
3662.429
3239.841
3252.245
3252.245
3659.234
3237.014
3237.014
3279.034
3279.034
3279.034
3698.842
3699.147
3699.147
3699.147
3272.322
3675.408
3675.103
3696.168
3696.168
3727.038
3728.457
3298.25
2957.052
2679.828
2679.828
2450.129
2256.697
2267.118
2101.232
2101.232
2101.232
3742.005
3310.236
3310.236
2967.797
2967.797
2969.927
2691.496
2691.496
2742.121
2742.121
2742.121
2507.082
2309.155
2140.192
1994.27
1994.27
2012.224
3755.315
3322.01
3325.24
3754.516
3750.065
3317.365
3317.365
2974.19
3749.152
3770.217
3778.913
3777.495
3341.63
3357.784
3790.125
3790.125
3730.777
3300.303
2958.892
3692.364
3753.538
3753.538
3753.538
3753.538
3748.484
3315.966
3315.966
3721.94
3292.486
2951.884
2675.145
2677.207
3717.679
3717.679
3717.679
3716.375
3716.375
3287.563
3287.563
3321.361
3734.201
3735.114
3304.139
2962.332
2987.435
2707.363
2707.363
2475.304
3695.663
3269.24
3269.24
2931.043
2656.258
3695.359
3682.315
3682.315
3257.433
3284.51
3284.51
3288.317
3288.317
2948.147
2671.758
2671.758
2688.82
3736.663
3305.51
2963.56
2685.727
2689.773
2690.406
2459.8
3723.217
3723.217
3723.217
3723.217
3723.217
3723.217
3293.615
3293.615
3663.217
3663.217
3240.538
2905.31
2632.938
2632.938
2632.938
2407.257
3626.924
3618.315
3599.663
3647.163
3226.337
3247.452
3670.152
3691.217
3691.217
3265.308
3265.308
3265.308
2927.517
3674.587
3250.596
2914.328
2914.328
2916.603
2643.172
2416.614
2225.829
2225.829
3647.804
3744.054
3312.048
2969.422
3725.359
3725.359
3295.51
2954.595
2957.504
2994.875
2994.875
3765.549
3765.549
3765.549
3774.158
3805.027
3800.723
3362.178
3770.114
3335.101
2990.091
2709.77
2728.848
2728.848
2728.848
2728.848
2728.848
3787.962
3787.962
3350.889
3775.408
3789.429
3352.188
3352.188
3758.56
3324.88
3324.88
3727.69
3731.995
3740.69
3736.951
3756.908
3323.418
2979.616
2979.616
2700.277
3753.168
3732.103
3723.408
3727.076
3727.076
3656.641
3656.641
3644.848
3641.109
3641.109
3687.978
3700.533
3680.152
3680.152
3255.519
3255.519
3270.75
2932.397
2933.095
2964.543
2964.543
2686.617
3736.598
3305.452
2963.509
2685.68
2685.68
2685.68
2688.316
2688.316
2457.889
3697.94
3693.636
3267.447
2929.435
3646.766
3649.636
3666.266
3243.236
2907.728
2908.453
2908.453
2635.785
2635.785
3637.527
3637.527
3643.158
3222.793
3226.038
2892.31
2621.156
3641.196
3625.598
3625.598
3628.283
3619.283
3622.152
3662.745
3704.223
3704.223
3276.813
3276.813
3280.058
3280.058
3280.058
3291.596
3294.827
3683.995
3689.946
3264.183
2926.509
2652.148
2652.148
2652.148
2652.148
2665.586
2679.023
2679.023
2688.398
2688.398
3738.962
3307.543
3307.543
3307.543
3307.543
3317.976
2974.737
2695.855
3747.087
3751.652
3318.769
3734.435
3765.935
3331.404
3742.196
3701.603
3274.495
3297.582
3297.582
2956.453
2956.453
2956.453
2956.453
2956.453
3714.658
3286.043
3289.851
3301.389
3301.389
3727.701
3297.582
3726.397
3746.777
3314.457
3314.457
3315.236
2972.28
2693.629
2462.746
2462.746
2462.746
2462.746
3708.005
3708.005
3700.114
3700.114
3273.178
3657.788
3658.701
3236.543
2901.728
2901.728
2912.073
2639.066
2639.066
2412.861
2414.746
2224.109
2061.369
1920.821
1798.215
3669.56
3669.56
3665.255
3665.255
3665.255
3242.341
3246.38
3661.929
3653.234
3653.234
3231.707
3650.364
3229.168
3244.399
3248.87
3248.87
3282.668
3707.19
3702.625
3694.016
3694.016
3694.016
3694.016
3694.016
3701.908
3645.071
3646.375
3650.94
3229.678
2895.573
2624.113
2626.043
2400.954
3633.668
3214.399
3221.38
2888.134
2617.371
2393.025
2204.102
2216.181
2216.181
3648.212
3227.264
2893.409
2893.409
2622.152
3615.342
3582.473
3599.69
3599.69
3617.299
3616.158
3616.158
3616.158
3616.158
3612.505
3611.592
3615.261
3607.37
3607.37
3668.543
3245.25
3245.25
3667.125
3243.995
2908.409
3634.255
3637.908
3218.149
3619.212
3619.212
3572.092
3159.928
2833.039
2833.039
2567.441
2347.375
2162.056
2162.766
3556.636
3556.332
3595.984
3612.614
3612.614
3612.614
3613.495
3613.495
3613.495
3196.553
2865.875
3575.995
3575.995
3163.38
2836.134
2570.246
2613.371
2613.371
2613.371
3631.543
3631.543
3623.652
3623.652
3622.739
3608.717
3192.327
3607.299
3601.668
3186.091
3202.63
3599.984
3590.658
3590.658
3176.351
2847.763
2580.785
3581.658
3638.495
3638.495
3638.495
3218.668
3225.649
3225.649
3640.435
3640.435
3649.13
3649.13
3682
3651.13
3651.13
3651.13
3229.846
3229.846
3229.846
2895.724
2895.724
3620.261
3620.261
3615.81
3656.402
3659.087
3693.435
3267.269
3267.269
3267.269
3267.269
3272.534
3628.951
3210.226
3212.764
3254.447
3254.447
3254.447
2917.78
2644.238
2644.238
2646.168
3678.755
3254.284
3254.284
3254.284
3254.284
3277.764
3277.764
3674.429
3673.549
3672.636
3672.636
3713.228
3671.62
3648.728
3227.721
3227.721
2893.819
2900.957
2910.31
2910.31
2910.31
2916.569
2929.759
2940.103
2664.469
2678.813
3722.592
3781.598
3763.337
3329.106
2984.716
2704.898
2704.898
2704.898
2473.05
2473.05
2277.809
3745.728
3313.529
2970.75
2970.75
3730.13
3739.13
3307.692
3307.692
3311.731
3311.731
3712.196
3712.196
3712.196
3712.196
3712.196
3283.865
3691.13
3691.13
3725.478
3726.652
3752.75
3773.13
3337.769
3341.077
2995.448
2995.448
3762.848
3328.673
2984.328
2987.948
2990.224
2997.052
2716.078
2483.271
2483.271
2287.224
2287.224
3762.261
3762.261
3328.154
2983.862
2983.862
2983.862
3741.196
3741.196
3741.196
3741.196
3741.196
3747.147
3747.147
3314.784
3318.822
3750.799
3703.679
3703.679
3276.332
3276.332
3682.614
3687.065
3690.734
3723.603
3293.957
2953.203
2953.203
2956.616
2956.616
2679.434
2682.633
2682.633
2682.633
2452.693
3699.489
3665.141
3664.261
3664.261
3241.462
3643.196
3669.739
3643.641
3643.641
3643.641
3223.221
3235.625
3240.889
2905.625
2633.223
2660.832
2673.207
2685.16
2455.004
2261.188
3734.457
3303.558
3303.558
3303.558
3303.558
2961.81
2961.81
2961.81
2961.81
3733.152
3759.25
3726.38
3756.989
3323.49
2979.681
2979.681
2700.336
2468.879
2468.879
3751.935
3319.019
3704.815
3704.511
3742.717
3310.865
3310.865
3310.865
3310.865
3321.298
2977.716
3009.164
3009.164
3009.888
3009.888
2727.711
2741.148
2506.193
2308.336
3811.087
3811.087
3371.346
3371.346
3371.346
3371.346
3022.586
3022.586
3029.483
3029.483
2745.469
2753.945
2517.893
2319.112
3830.696
3388.692
3828.011
3828.011
3828.011
3386.317
3386.587
3386.587
3824.576
3787.076
3787.076
3790.728
3790.728
3353.337
3353.337
3006.44
3720.293
3291.029
3682.087
3651.217
3660.217
3659.337
3657.918
3235.851
2901.108
2629.129
2633.176
2633.176
2407.475
2217.411
2221.013
2058.5
3628.022
3209.404
2877.397
2877.397
3606.957
3190.769
3190.769
3604.087
3604.087
3534.582
3126.745
3143.245
3540.19
3131.707
3131.707
3149.361
2823.565
2857.134
2894.306
2894.306
2894.306
2901.444
2901.444
2913.815
2916.724
2916.724
2643.281
2416.714
3660.978
3238.558
3257.192
3257.192
3257.192
3257.192
3257.192
2920.241
2920.241
2920.241
2920.241
2646.469
2652.141
2424.814
2424.814
3649.342
3649.342
3654.973
3619.755
3631.549
3658.092
3236.005
3263.313
3263.313
2925.728
2925.728
2651.441
2424.175
2424.175
3656.092
3656.397
3234.505
3235.313
3243.563
3243.563
3663.766
3663.766
3594.261
3625.13
3622.261
3204.308
3204.308
2872.828
2603.5
3621.38
3636.978
3635.56
3216.072
3634.647
3630.342
3630.342
3211.457
2879.237
3625.777
3207.418
2875.616
2606.027
2606.027
2382.654
3612.734
3597.136
3597.136
3597.136
3596.832
3596.832
3565.332
3564.027
3603.679
3599.228
3183.933
3183.933
3183.933
2854.56
2854.56
2854.56
2586.945
2586.945
2586.945
2598.898
3589.315
3589.315
3589.315
3589.315
3601.109
3583.891
3580.223
3576.571
3572.266
3572.266
3563.266
3532.397
3547.995
3545.31
3513.81
3496.201
3092.793
2772.849
3492.533
3089.548
3089.548
3089.548
3474.924
3073.971
3077.202
3094.856
3121.933
3526.457
3526.457
3526.761
3119.827
2797.086
2797.086
2534.859
3521.13
3520.826
3519.652
3113.538
2791.448
2529.75
2551.938
3468.348
3505.848
3489.217
3489.217
3086.615
3486.348
3084.077
3084.077
3084.077
2765.034
3482.043
3482.043
3482.043
3491.043
3522.543
3116.096
3152.904
3561.283
3577.913
3569.217
3592.109
3627.326
3618.63
3201.096
3208.077
3613.217
3625.011
3206.74
3206.74
3528.761
3528.761
3528.761
3528.761
3534.391
3542.266
3638.516
3669.125
3669.125
3645.255
3567.538
3562.973
3567.424
3567.424
3587.38
3173.452
3584.696
3588.435
3630.761
3651.141
3651.141
3651.141
3229.856
3229.856
3646.576
3646.576
3646.576
3646.576
3663.207
3240.529
2905.302
3647.609
3655.5
3672.717
3672.717
3673.022
3682.022
3674.13
3743.636
3743.636
3778.853
3773.223
3337.851
2992.556
2712.004
2712.004
3763.897
3329.601
3329.601
2985.159
3729.549
3698.679
3271.909
3682.049
3257.197
3622.049
3617.484
3200.082
3200.351
3215.928
3215.928
2883.246
2883.487
2883.487
2613.16
3601.353
3185.813
3185.813
3248.12
2912.108
2912.108
2935.625
3682.745
3257.813
3257.813
3257.813
3268.245
3309.707
3309.707
3322.111
2978.444
3661.272
3664.94
3664.94
3664.94
3664.94
3669.245
3245.87
3262.409
3270.101
3291.101
3291.101
2950.642
2674.02
2686.395
2699.832
3753.418
3753.418
3753.418
3320.332
3320.332
3733.462
3732.549
3732.549
3732.549
3301.87
3304.245
3304.514
3334.899
3403.649
3051.547
2765.465
3809.397
3809.092
3809.092
3369.582
3371.957
3371.957
3772.125
3772.125
3336.88
3336.88
3754.908
3754.908
3321.649
3321.649
3752.038
3756.603
3323.149
3324.404
3334.837
2989.853
3761.12
3763.989
3732.337
3684.837
3682.152
3257.288
3271.087
2932.698
2932.698
2932.698
2657.758
2657.758
2666.234
2666.867
2666.867
2438.279
2438.279
3697.87
3663.522
3625.315
3643.576
3627.978
3627.978
3588.326
3587.152
3554.283
3549.717
3140.135
3140.135
3140.135
3140.135
2815.293
2822.19
2822.19
2878.582
2891.772
2896.237
2896.237
2921.22
3666.06
3704.473
3277.034
3698.522
3271.769
3271.769
2933.31
2952.241
3721.478
3292.077
3292.077
2951.517
3701.522
3700.103
3717.321
3711.37
3711.37
3708.5
3708.5
3708.5
3749.978
3742.087
3738.418
3738.418
3711.875
3283.582
2943.901
2943.901
2958.728
2681.348
2681.348
2703.988
2707.27
3762.071
3762.071
3767.125
3332.457
3332.457
3332.457
2987.72
2707.621
2711.898
2716.176
2730.52
2496.475
2299.385
2299.385
2131.137
1985.832
1985.832
2003.014
2004.932
1876.957
1876.957
1879.431
3814.478
3814.478
3811.793
3811.793
3811.793
3811.793
3811.793
3803.098
3799.446
3786.402
3349.51
3003.009
3003.009
3058.871
3058.871
3809.717
3814.022
3814.022
3805.022
3766.815
3766.815
3771.266
3772.44
3778.391
3782.842
3762.886
3328.707
3328.976
2984.599
3757.56
3752.995
3752.995
3753.875
3758.929
3775.56
3775.56
3339.918
3339.918
3339.918
3766.56
3783.777
3779.326
3777.908
3777.908
3766.114
3766.114
3718.995
3718.995
3289.88
3289.88
2949.547
3705.951
3685.571
3685.571
3681.918
3257.082
3292.99
3292.99
3293.798
3317.279
3317.279
2974.112
2695.289
2695.289
2695.289
2464.264
2464.264
2269.717
2270.507
2284.875
2284.875
2117.689
2122.567
1977.847
1980.957
3769.701
3790.082
3790.082
3790.082
3352.764
3352.764
3352.764
3005.927
2724.121
2490.625
2293.997
2126.143
1981.179
1981.639
3760.092
3761.511
3761.511
3761.511
3327.49
3755.56
3755.56
3750.995
3750.995
3747.326
3817.761
3377.25
3377.25
3397.5
3809.152
3369.635
3021.052
2737.828
2737.828
2737.828
2740.516
3804.196
3801.326
3784.696
3784.696
3754.087
3320.923
2977.379
2698.25
2698.25
3713.495
3709.842
3698.049
3698.049
3271.351
3306.428
2964.384
2964.384
2983.211
2703.535
2703.535
2471.804
2471.804
2471.804
2276.661
2110.076
3757.772
3752.717
3752.717
3754.136
3320.966
2977.418
2984.315
3758.38
3758.38
3798.033
3359.798
3778.076
3804.174
3804.174
3804.174
3365.231
3365.231
3365.231
3365.231
3365.231
3369.168
3369.168
3020.634
3020.634
3020.634
2737.449
2502.811
3761.125
3745.527
3748.212
3315.726
2972.72
2972.72
2694.027
2694.027
2694.027
2694.027
2694.027
3734.19
3303.322
3730.522
3300.077
3699.652
3272.769
3272.769
2934.207
2659.125
2431.2
2431.2
2431.2
3695.913
3269.462
3687.304
3684.435
3684.435
3688.886
3263.245
2925.668
2925.668
2939.634
2952.004
3674.592
3250.601
3578.342
3578.342
3582.011
3611.663
3629.272
3629.272
3629.272
3210.51
3218.202
2885.284
2885.284
2614.789
2390.664
2201.928
2226.497
2226.497
2063.582
2064.314
1923.565
1800.785
1813.556
1704.743
1608.248
3666.31
3243.274
3243.274
3243.274
2907.763
2912.228
2639.207
2639.207
2644.879
2644.879
2645.098
3675.832
3682.962
3690.853
3667.114
3667.114
3667.114
3667.114
3667.114
3671.418
3679.31
3679.31
3681.995
3672.995
3249.188
3668.429
3668.429
3668.429
3659.429
3672.473
3672.473
3672.473
3248.726
3256.976
3651.19
3651.19
3229.899
3235.163
2900.491
3644.098
3658.12
3599.114
3597.94
3597.06
3535.886
3535.886
3535.886
3530.255
3530.255
3510.299
3105.264
3121.803
3121.803
2798.858
2798.858
2836.53
2570.605
2350.268
2350.268
3564.701
3564.701
3153.389
3153.389
2827.177
2843.004
2843.004
2843.004
2873.47
2873.47
2873.47
2873.47
2604.082
2607.715
2622.059
2622.059
3643.777
3643.777
3223.341
3223.341
3227.149
3227.149
2893.306
2906.496
3656.016
3234.168
3234.168
3235.423
3615.109
3615.109
3618.761
3201.212
3605.717
3619.022
3619.022
3619.022
3581.522
3628.641
3620.033
3202.337
3209.317
2877.319
2891.284
2620.227
3598.663
3183.433
2854.112
2858.121
2858.121
3600.049
3184.659
2855.211
2885.677
2885.677
3600.255
3616.234
3616.234
3616.234
3612.582
3195.745
3195.745
3197
3250.077
3250.077
2913.862
2640.688
3670.261
3662.37
3681.065
3654.522
3634.141
3599.793
3599.793
3184.433
3200.01
2868.974
2868.974
2600.008
3612.837
3610.152
3639.804
3613.261
3613.565
3613.565
3633.522
3214.269
3255.952
2919.129
3676.973
3252.707
3252.707
3252.707
3252.707
3256.014
3256.014
3680.408
3680.408
3684.973
3725.565
3725.565
3725.565
3295.692
2954.759
2954.759
2677.75
2689.234
2689.234
2689.234
2689.234
2689.234
3737.239
3306.019
2964.017
2964.017
2964.017
2686.141
3697.587
3270.942
3680.37
3255.712
2918.914
2932.103
3679.783
3656.891
3234.942
3261.173
3276.404
2937.466
2937.466
2937.466
2937.466
3691.967
3691.967
3691.967
3673.272
3661.478
3660.598
3238.221
2903.233
2903.233
3656.147
3234.284
3640.549
3220.486
3220.486
2887.332
2616.645
2392.361
3614.451
3197.399
2866.634
2597.887
2375.211
2375.211
2375.211
2400.318
2400.318
2210.819
2210.819
2210.819
2049.052
1909.344
3644.766
3644.766
3224.216
3231.197
3234.428
3623.44
3619.772
3619.772
3619.772
3619.772
3202.106
2870.853
2870.853
2870.853
2927.246
2940.435
2664.77
2436.361
2436.361
2438.246
2245.753
2081.43
3691.679
3690.375
3690.375
3264.563
3663.832
3241.082
3663.527
3660.842
3238.438
2903.427
2906.336
2906.336
2931.319
2931.319
2656.508
2656.508
2656.508
2428.807
3679.38
3665.359
3660.908
3660.908
3238.495
2903.478
2903.478
2904.177
3660.908
3660.908
3643.69
3634.995
3665.603
3242.649
3661.038
3238.611
2903.582
2903.582
2913.539
2640.395
2640.395
3661.799
3661.799
3668.929
3675.016
3250.976
3670.565
3674.217
3250.269
3254.077
3674.783
3666.087
3243.077
3243.077
3243.077
2907.586
2907.586
2635
3643.196
3643.196
3626.565
3626.565
3208.115
2876.241
3584.957
3588.696
3174.615
3174.615
2846.207
2846.207
2579.375
2594.023
2594.023
2371.679
2371.679
2184.441
2192.336
3614.228
3673.576
3673.576
3672.696
3672.696
3248.923
3248.923
3252.231
3252.231
3671.38
3672.799
3672.799
3249.014
3249.014
3261.418
3265.226
3269.264
3279.697
3707.179
3707.179
3694.136
3653.543
3606.674
3572.326
3572.326
3606.674
3606.674
3606.674
3190.519
3190.519
3232.538
3274
2935.31
3680.663
3656.924
3652.473
3652.473
3648.821
3613.603
3605.712
3189.668
3197.918
2867.099
3568.168
3598.777
3183.534
2854.203
2854.203
3565.908
3582.538
3576.908
3164.188
3164.188
3164.188
2836.858
2570.902
2350.539
3558.212
3558.212
3592.56
3610.168
3601.168
3601.168
3185.649
3186.457
2856.823
2588.996
2367.082
2180.207
2020.68
2020.68
1882.906
3562.429
3586.168
3633.038
3647.06
3630.429
3636.06
3636.06
3216.514
3216.514
3216.514
3216.514
3251.591
3252.846
2916.345
2916.345
2928.716
2654.148
2705.254
2705.254
2473.375
2473.375
2477.075
2477.075
2477.075
3752.245
3752.245
3752.245
3319.293
3323.764
3327.01
2982.836
2993.388
2712.758
3733.679
3733.679
3750.31
3758.071
3758.071
3324.447
2980.539
3696.897
3696.897
3696.897
3717.277
3660.44
3660.44
3668.332
3245.063
2909.366
2912.276
2912.276
2639.25
2651.906
2424.6
2424.6
2433.171
2241.079
2241.079
3688.63
3263.019
3672
3663.304
3663.304
3680.522
3684.19
3684.19
3658.092
3639.397
3219.466
3223.505
2890.039
2619.098
2394.604
2205.556
3641.277
3609.777
3609.777
3615.408
3615.408
3619.06
3619.06
3619.06
3613.109
3574.696
3162.231
3565.37
3153.981
3545.413
3503.087
3098.885
3500.402
3096.51
3129.683
2805.922
2805.922
3536.484
3536.484
3536.484
3541.049
3581.641
3617.935
3619.239
3619.239
3588.63
3588.63
3174.558
3181.538
3205.019
3206.274
3216.707
3216.707
3242.938
2907.461
3662.261
3662.261
3669.391
3660.696
3665.261
3665.261
3665.261
3653.467
3640.163
3640.163
3637.478
3606.87
3606.87
3625.565
3618.435
3618.435
3605.88
3189.817
3603.011
3633.62
3627.668
3558.163
3561.832
3580.484
3601.549
3575.451
3162.899
3162.899
3162.899
3561.429
3150.495
3150.495
3555.478
3145.231
2819.862
2555.5
2568.938
2586.094
2364.429
2177.763
2202.332
3632.685
3611.62
3623.413
3205.327
3589.065
3605.696
3593.902
3563.033
3151.913
3151.913
3543.076
3543.076
3134.26
3134.26
3512.207
3517
3519.685
3536.902
3128.798
3132.837
2808.75
3524.837
3527.707
3120.663
3121.442
3121.442
2798.534
2798.534
3527.674
3519.783
3519.783
3519.783
3113.654
3113.654
3113.654
3113.654
2791.552
2791.552
2791.552
2791.552
3516.114
3110.409
3110.409
3495.734
3495.734
3487.859
3497.185
3497.185
3093.663
3473.315
3072.548
3461.522
3062.115
3062.115
3062.115
3062.115
3443.913
3453.239
3434.587
3475.179
3478.049
3076.736
2758.453
2499.848
2499.848
2509.926
3462.418
3454.527
3454.527
3455.408
3455.408
3475.364
3475.364
3475.364
3074.361
3092.389
3092.389
3092.389
2772.487
2772.487
2773.612
2513.586
2563.543
2563.543
2568.668
2568.668
2568.668
2568.668
2348.496
2163.089
2163.089
2004.814
2004.814
2013.564
2013.564
2024.997
2024.997
1886.929
1766.487
1766.487
1766.487
1766.487
3603.826
3603.826
3188
3188
3603.522
3604.402
3595.076
3579.098
3563.5
3566.185
3154.702
3547.489
3138.163
3149.933
2824.078
2559.32
2339.95
3559.88
3559.576
3568.902
3157.106
3552.272
3511.679
3503.788
3503.788
3503.484
3515.277
3522.408
3520.989
3114.721
2792.509
2530.711
2313.793
2131.125
1975.189
1840.517
1844.634
1726.891
1733.274
3540.489
3540.489
3522.88
3116.394
2794.009
2532.07
3522.576
3522.576
3116.125
3116.125
3504.315
3504.315
3510.266
3105.236
3105.236
3113.486
3518.712
3520.13
3113.962
2791.828
2829.198
2829.198
2563.961
2344.193
2344.193
3551.652
3546.022
3136.865
3136.865
2812.362
2548.703
2563.047
2563.047
2563.984
2578.633
2357.607
2359.371
3585.897
3578.005
3573.44
3573.44
3573.44
3578.005
3165.159
3165.159
3165.159
3166.313
3183.966
3183.966
2854.591
2586.973
2590.605
2592.668
2598.918
2602.965
2602.965
2602.965
2602.965
2379.854
2191.97
2031.582
1893.065
1929.398
1929.398
3620.587
3681.761
3681.457
3661.5
3661.5
3655.87
3655.87
3655.87
3234.038
3252.673
3671.88
3248.202
2912.181
3655.25
3233.49
2898.991
2898.991
3608.13
3191.808
3572.913
3572.913
3576.565
3577.87
3539.457
3520.761
3534.783
3517.565
3513.913
3513.913
3513.609
3513.609
3513.609
3510.739
3105.654
2784.379
2787.909
2798.254
2535.918
2535.918
2318.554
2135.51
1979.253
2005.686
3558.136
3558.136
3558.136
3558.136
3147.582
3147.582
3147.582
2821.97
2557.41
2570.066
2570.066
2349.775
2352.775
2352.775
2167.03
2008.466
3575.859
3163.26
2836.026
2570.148
2349.85
2349.85
3552.12
3142.26
3542.793
3134.01
3537.163
3519.554
3113.452
3136.933
2812.422
2548.758
3542.429
3543.603
3543.603
3543.603
3134.726
3137.264
3498.973
3475.234
3475.234
3463.44
3467.745
3067.62
3102.697
3102.697
3475.897
3493.505
3474.81
3073.87
3427.94
3458.549
3449.549
3453.217
3453.217
3453.217
3449.549
3449.549
3051.524
3431.94
3431.94
3431.94
3431.94
3431.94
3448.571
3050.659
3050.659
3447.397
3444.527
3452.402
3054.048
2738.112
2481.414
2481.414
2482.352
2494.727
2513.805
2513.805
3480.837
3512.489
3507.435
3533.978
3533.978
3576.304
3576.304
3163.654
3163.654
3163.654
3163.654
3163.654
3560.326
3555.272
3145.048
2819.698
2555.352
2561.82
2561.82
2561.82
2342.236
2157.322
2157.322
2157.322
1999.47
1999.47
3555.576
3561.527
3549.734
3545.168
3136.111
3541.5
3132.865
3528.457
3121.327
3469.109
3495.207
3468.663
3468.663
3479.261
3077.808
3093.038
3418.761
3418.761
3418.761
3409.761
3435.859
3435.859
3039.413
3054.99
3056.144
3056.144
3074.173
3074.173
3470.587
3470.587
3070.135
3070.135
2752.534
3466.283
3449.652
3449.652
3423.109
3423.109
3028.135
3055.442
2739.362
2482.547
3427.88
3458.489
3458.489
3059.433
3059.433
2742.94
2742.94
2485.789
2272.721
2093.296
2094.155
2094.155
3389.473
3390.647
3429.06
3431.929
3431.929
3431.929
3411.549
3380.049
3389.049
3389.049
2998.005
3027.082
2713.935
2713.935
2716.901
2716.901
2462.191
2474.848
2262.718
2084.082
2103.148
3467.636
3067.524
3103.433
3103.433
3502.277
3507.332
3102.639
3102.639
3489.723
3520.332
3114.139
3114.139
3114.139
3114.139
3114.139
3150.048
3150.048
2824.181
2559.414
2559.414
2559.414
3559.62
3148.894
3542.402
3542.402
3551.728
3141.913
3550.815
3569.511
3157.644
2830.991
3528.033
3120.952
2798.095
2798.095
2798.095
2535.773
3526.728
3542.326
3542.326
3133.596
3525.696
3526.576
3522.924
3116.433
2794.043
2794.974
2532.945
2532.945
2551.703
2575.328
3562
3579.217
3599.598
3599.598
3599.598
3184.26
2854.853
2587.211
3590.902
3599.598
3184.26
2854.853
3593.647
3592.228
3600.837
3600.837
3185.356
2855.836
3580.88
3585.935
3595.261
3180.423
2851.414
2851.414
2851.414
2857.672
2857.672
2589.766
2589.766
2596.469
2373.914
2186.5
2205.026
2205.026
2205.026
2043.683
2043.683
2054.171
2057.329
2057.329
1917.057
1917.798
1917.798
1795.386
1687.663
1690.253
1594.578
1509.154
1509.154
1509.154
1432.417
3636.049
3216.505
3564.946
3153.606
3191.048
3603.603
3603.603
3603.603
3187.803
2858.03
2858.03
2590.09
2368.082
2181.128
2181.128
2181.128
2021.534
2024.369
1886.344
1923.511
1800.734
1692.69
1596.877
1596.877
1599.972
1514.259
1437.263
3672.87
3671.989
3656.391
3656.391
3234.5
3234.5
3234.5
2899.897
2899.897
3651.826
3620.326
3624.891
3206.635
2874.914
2605.391
2605.391
3554.457
3575.522
3575.522
3576.94
3576.94
3576.94
3593.571
3594.451
3593.033
3592.728
3178.183
3562.12
3631.625
3212.591
2880.254
2895.047
3642.386
3572.88
3160.625
2833.664
3566.929
3566.929
3566.929
3583.56
3584.44
3170.851
3550.092
3140.466
3140.466
3540.766
3132.216
3139.909
3139.909
3143.154
3143.154
3148.135
3155.115
3536.043
3128.038
3523.489
3523.489
3523.489
3527.158
3527.158
3522.853
3569.973
3158.053
2831.358
3568.554
3559.228
3558.348
3567.674
3567.674
3156.019
3157.274
3168.38
3564.038
3568.603
3553.005
3591.212
3591.212
3591.212
3176.841
3176.841
3189.245
3189.245
2859.323
2591.262
3584.853
3171.216
3566.158
3154.678
3556.832
3146.428
3554.147
3514.495
3514.495
3108.976
2787.358
3473.902
3481.033
3079.375
3087.337
3442.913
3436.826
3471.174
3070.654
3451.217
3053
3380.114
2990.101
3005.678
2694.746
2442.113
2232.789
2056.516
2059.924
2059.924
1909.198
3391.56
3391.56
3424.429
3029.303
2715.927
2461.309
2474.434
2262.339
2267.996
2088.944
1936.095
1936.095
1804.088
1806.006
3446.272
3048.625
3048.625
2733.25
2736.147
3446.185
3443.5
3435.609
3440.174
3440.174
3043.231
2728.414
2728.414
2731.379
2761.121
2761.121
2502.266
2524.266
2525.109
2537.766
3491.152
3491.152
3483.261
3483.261
3491.152
3088.327
3478.109
3478.109
3484.06
3454.408
3454.408
3461.538
3443.929
3443.929
3443.929
3484.522
3082.462
2763.586
2774.138
2774.138
2514.063
3436.652
3453.283
3460.413
3061.135
3064.38
3452.288
3053.947
2738.022
2481.332
2268.646
2273.746
2094.24
3446.027
3446.027
3446.027
3048.409
3444.609
3440.87
3043.846
3051.538
2735.862
2479.375
2266.857
3436.261
3436.261
3039.769
3039.769
2725.31
3431.957
3431.957
3431.957
3431.957
3035.962
3035.962
3426.326
3030.981
3030.981
3030.981
2717.431
2462.672
3394.826
3406.62
3394.826
3354.234
3354.234
3350.565
3303.065
3303.065
2921.942
2921.942
2921.942
2619.672
2374.078
2170.586
2170.586
3291.272
2911.51
2610.319
3253.065
3261.761
2885.404
2885.404
2885.404
3252.761
3252.761
2877.442
3251.342
3267.973
2890.899
2890.899
2591.841
3248.016
3210.516
3270.516
3276.147
3276.147
3233.821
2860.688
2564.754
2324.309
3229.516
3229.516
3230.429
3234.995
3244.321
3236.429
2862.995
3233.56
3242.168
3201.576
3201.576
3200.272
2831.01
2538.147
2538.147
2538.147
2543.802
3203.734
2834.072
2834.072
2540.892
2540.892
2540.892
2302.684
2302.684
2105.311
2105.311
3174.082
3174.082
3206.951
3206.951
3210.62
3205.565
3201.913
2832.462
2539.448
2301.375
2302.031
2302.031
3168.478
3098.973
2741.399
2764.88
2792.745
3143.973
3083.973
3116.842
3148.342
3152.647
3213.821
3215.239
3176.826
3195.522
3165.87
3165.565
3171.196
3171.196
3184.5
3184.5
2817.058
2817.058
2817.058
3179.935
3174.88
3166.185
3166.185
2800.856
2800.856
2800.856
2804.793
2804.793
2514.642
2529.47
2529.47
3175.31
2808.928
2836.236
2850.034
3220.359
3230.957
3211
3212.304
2841.654
2841.654
2547.69
2547.69
3207.25
3207.25
2837.183
2837.183
2837.183
3200.12
3200.12
2830.875
2538.026
3129.016
3121.886
3121.886
2761.668
2761.668
2784.755
2784.755
2496.677
3121.886
3139.103
3169.712
3173.451
3178.505
3178.505
3178.505
3178.505
3179.81
3166.766
2801.37
2801.37
2511.573
2548.944
2559.289
3219.038
3219.038
3219.038
3219.918
3214.288
2843.409
2549.263
2310.27
3212.87
3211.451
3215.103
3215.103
2844.13
2549.909
2563.565
2323.23
3226.69
3245.386
3245.386
3255.984
2880.293
2582.332
3232.245
3185.375
2817.832
3168.158
2802.601
2512.677
2529.384
2529.384
2531.513
2561.978
2561.978
3227.636
3227.636
3227.636
2855.216
2859.255
2563.47
2569.728
2572.625
2572.625
2572.625
2572.625
3240.076
2866.221
3224.478
2852.423
2557.345
3206.87
3208.174
3208.174
3224.804
2852.712
2852.712
2852.712
3210.783
2840.308
2546.483
2578.677
2336.926
2343.629
2343.629
2343.629
2343.629
3213.832
3218.283
3218.283
3214.63
3204.033
3163.44
2798.428
2804.736
2812.428
2812.428
2521.487
2285.098
3162.636
3161.755
2796.938
2797.716
2798.755
2509.228
2273.988
3134.158
3116.549
2756.947
2758.202
2472.871
2472.871
2472.871
2241.039
2255.688
2062.343
3132.717
3131.413
2770.096
2776.404
2778.779
2491.319
2491.319
2257.758
2064.236
3139.924
2777.625
2777.625
2777.625
2777.625
3123.293
2762.913
2477.095
3118.728
2758.875
3115.076
3109.125
3109.125
3109.125
3109.125
3147.332
2784.178
3107.679
3145.886
3145.886
3145.886
2782.899
2845.207
2550.875
2550.875
2550.875
2311.73
2330.488
3229.375
3269.967
3243.87
3249.821
2874.841
2577.444
2335.809
2335.809
2135.596
1966.997
3216.951
3246.603
3242.864
3260.473
2884.264
2884.264
3255.908
2880.226
2883.457
2585.168
2589.177
2626.349
2380.129
2176.118
2176.118
2004.319
2014.385
3307.734
3307.734
3303.168
3303.168
2922.034
2619.754
2374.152
2374.152
3298.864
3300.283
3301.163
2920.26
2618.164
2649.612
3319.75
3319.75
3299.37
3229.864
2857.188
2561.616
2561.616
2561.616
2561.616
2321.465
2322.098
2123.061
1955.451
3206.875
3206.875
3206.875
3198.179
3198.179
3179.527
3160.832
3142.179
3142.179
3142.179
3142.179
3142.179
3111.571
3111.571
3110.69
3110.69
3110.69
3070.098
3070.098
3070.098
3070.098
3070.098
3033.804
3033.804
3033.804
3033.804
3026.043
3005.663
3005.663
2986.967
2982.174
2982.174
2972.848
2959.543
2959.543
2959.543
2959.543
2952.413
2932.033
2918.728
2871.609
2864.478
2863.304
2863.304
2862.391
2862.391
2831.783
2831.783
2831.783
2831.783
2831.783
2831.783
2831.783
2831.783
2831.783
2805.239
2791.935
2791.935
2791.935
2791.935
2791.935
2789.065
2789.065
2784.5
2784.5
2784.5
2784.5
2784.5
2784.5
2784.5
2784.5
2784.5
2784.5
2784.5
2783.196
2783.196
2783.196
2773.87
2773.87
2773.87
2773.87
2773.87
2773.87
2756.652
2756.652
2773.87
2783.196
2462.058
2471.433
2490.067
2232.474
2023.18
1849.764
1849.764
1849.764
1849.764
2813.554
2813.554
2810.685
2810.685
2806.12
2806.12
2805.239
2805.239
2793.446
2793.446
2792.272
2792.272
2792.272
2792.272
2792.272
2732.272
2705.728
2705.728
2675.12
2657.902
2649.207
2617.707
2587.098
2582.043
2582.043
2582.043
2565.413
2565.413
2565.413
2565.413
2565.413
2565.413
2562.543
2562.543
2554.652
2547.522
2547.522
2528.826
2510.13
2510.13
2510.13
2505.565
2487.957
2453.609
2453.609
2449.957
2442.826
2427.228
2408.533
2408.533
2408.533
2408.533
2377.663
2377.663
2377.663
2339.25
2339.25
2339.25
2339.25
2339.25
2339.25
2319.293
2319.293
2303.696
2303.696
2303.696
2303.696
2298.641
2289.315
2268.25
2235.38
2194.788
2192.103
2192.103
2192.103
2192.103
2174.886
2174.886
2173.973
2173.973
2173.973
2166.098
2166.098
2166.098
2166.098
2166.098
2166.098
2148.88
2148.88
2148.88
2145.212
2143.793
2143.793
2140.054
2140.054
2140.054
2122.446
2121.141
2120.261
2120.261
2120.261
2120.261
2120.261
2120.261
2120.261
2120.261
2120.261
2120.261
2120.261
2120.261
2103.63
2103.63
2091.076
2091.076
2091.076
2091.076
2091.076
2091.076
2091.076
2091.076
2088.207
2085.522
2085.522
2081.853
2081.853
2081.853
2051.245
2020.636
2016.332
2016.332
2016.332
2016.332
2016.332
2016.332
2016.332
2016.332
1984.679
1984.679
1984.679
1984.679
1953.179
1953.179
1953.179
1953.179
1948.728
1943.098
1943.098
1935.207
1935.207
1935.207
1925.88
1925.88
1925.88
1925.88
1925.88
1878.761
1878.761
1875.092
1875.092
1875.092
1875.092
1875.092
1870.038
1866.37
1845.989
1805.397
1805.397
1805.397
1796.701
1789.571
1789.571
1789.571
1780.571
1780.571
1780.571
1771.245
1771.245
1771.245
1767.576
1737.924
1736.505
1736.505
1736.505
1736.505
1719.875
1711.984
1711.984
1711.984
1641.549
1641.549
1637.098
1637.098
1637.098
1632.793
1631.62
1624.489
1624.489
1624.489
1598.391
1598.391
1598.391
1594.739
1594.739
1556.533
1518.326
1518.326
1518.326
1513.761
1513.761
1510.109
1469.516
1465.848
1464.543
1464.543
1464.543
1464.543
1463.663
1463.663
1462.783
1462.783
1462.783
1454.174
1454.174
1454.174
1454.174
1448.543
1430.935
1430.935
1404.837
1373.967
1373.967
1368.016
1368.016
1351.386
1351.386
1304.266
1296.391
1249.272
1249.272
1240.663
1231.337
1225.707
1225.707
1218.576
1218.576
1218.576
1185.707
1221.602
1221.602
1221.602
1221.602
1221.602
1187.239
1159.489
1159.489
1154.205
1143.125
1143.125
1100.688
1099.205
1099.205
1099.205
1097.722
1079.722
1079.722
1078.358
1078.358
1078.358
1073.585
1068.301
1058.892
1054.983
1054.983
1054.983
1012.545
1012.545
1012.545
1012.545
1012.545
1004.295
1004.295
994.545
994.545
960.182
885.847
885.847
885.847
845.688
845.688
845.688
831.028
831.028
831.028
831.028
829.545
829.545
825.636
825.636
825.636
825.636
825.636
815.886
815.886
808.432
787.125
787.125
787.125
787.125
755.125
749.239
730.148
730.148
710.602
710.602
646.648
627.102
627.102
609.102
609.102
600.011
600.011
598.528
598.528
559.324
515.074
514.153
514.153
514.153
514.153
514.153
514.153
514.153
524.065
524.065
504.78
461.351
477.575
477.575
477.575
477.575
471.1
471.1
471.1
451.975
447.775
447.775
437.875
431.4
412.275
401.842
400.737
384.947
363.632
380.403
379.278
379.278
369.361
369.361
369.361
369.361
389.5
346.469
346.469
346.469
322.563
322.563
314.008
314.008
314.008
314.008
307.445
307.445
307.445
307.445
287.925
287.925
287.925
287.925
274.592
274.592
274.592
276.795
276.795
276.795
276.795
276.795
225.045
225.045
225.045
225.045
223.598
223.598
223.598
223.598
223.598
223.598
211.884
211.884
209.955
202.643
202.643
202.643
202.643
202.643
200.5
200.5
200.5
200.5
200.5
200.5
165.893
165.893
165.893
165.893
165.893
103.125
103.125
103.125
95.625
95.625
95.625
95.625
95.625
61.018
43.607
16.5
0
0
0
