0.304
0.188
0.203
0.19
0.188
0.187
0.194
0.19
0.147
0.177
0.201
0.203
0.183
0.212
0.158
0.147
0.188
0.19
0.194
0.188
0.188
0.188
0.188
0.188
0.193
0.187
0.188
0.193
0.187
0.186
0.186
0.236
0.191
0.206
0.187
0.192
0.36
0.191
0.191
0.335
0.186
0.197
0.185
0.19
0.233
0.254
0.156
0.145
0.146
0.15
0.143
0.144
0.144
0.142
0.145
0.148
0.157
0.147
0.147
0.155
0.16
0.145
0.185
0.195
0.185
0.186
0.2
0.188
0.191
0.186
0.191
0.186
0.184
0.197
0.34
0.227
0.339
0.23
0.227
0.248
0.235
0.526
0.234
0.519
0.228
0.234
0.2
0.247
0.211
0.187
0.204
0.189
0.186
0.174
0.146
0.15
0.146
0.257
0.19
0.186
0.187
0.186
0.185
0.185
0.185
0.188
0.185
0.184
0.184
0.186
0.185
0.143
0.146
0.238
0.184
0.187
0.188
0.184
0.183
0.184
0.147
0.15
0.148
0.147
0.241
0.188
0.185
0.188
0.183
0.185
0.251
0.245
0.185
0.185
0.205
0.189
0.187
0.187
0.32
0.193
0.188
0.191
0.195
0.19
0.186
0.187
0.189
0.19
0.353
0.229
0.231
0.227
1.11
0.649
0.57
0.228
0.566
0.184
0.184
0.185
0.186
0.213
0.187
0.186
0.183
0.187
0.142
0.148
0.428
0.399
0.19
0.186
0.23
0.411
0.231
0.144
0.143
0.237
0.187
0.214
0.188
0.185
0.186
0.184
0.188
0.187
0.189
0.34
0.227
0.226
0.226
0.226
0.229
0.188
0.186
0.19
0.186
0.349
0.276
0.23
0.227
0.226
0.635
0.477
0.274
0.271
0.269
0.266
0.266
0.635
0.274
0.191
0.62
0.541
0.188
0.414
0.322
0.438
0.96
0.246
0.321
0.233
0.234
0.226
0.461
0.272
0.268
0.262
0.263
0.265
0.187
0.187
0.187
0.202
0.187
0.187
0.187
0.353
0.231
0.228
0.226
0.224
0.227
0.237
0.229
0.23
0.298
0.225
0.145
0.145
0.147
0.233
0.187
0.204
0.188
0.349
0.228
0.229
0.597
0.521
0.231
0.52
0.465
0.273
0.268
0.264
0.267
0.607
0.587
0.312
0.156
0.148
0.144
0.141
0.241
0.186
0.183
0.189
0.184
0.144
0.185
0.186
0.186
0.184
0.183
0.189
0.186
0.348
0.231
0.186
0.184
0.187
0.185
0.485
0.186
0.186
0.185
0.186
0.188
0.186
0.185
0.187
0.358
0.226
0.145
0.145
0.143
0.143
0.142
0.144
0.142
0.425
0.188
0.187
0.187
0.185
0.337
0.228
0.24
0.568
0.228
0.19
0.188
0.497
0.188
0.35
0.229
0.226
0.227
0.228
0.228
0.231
1.339
0.276
0.187
0.187
0.187
0.188
0.186
0.191
0.192
0.193
0.191
0.485
0.223
0.189
0.186
0.483
0.189
0.148
0.173
0.438
0.147
0.145
0.234
0.185
0.183
0.147
0.15
0.146
0.433
0.19
0.187
0.186
0.186
0.231
0.253
0.229
0.229
0.228
0.227
0.229
0.226
0.19
0.513
0.188
0.187
0.186
0.189
0.187
0.354
0.226
0.248
0.229
0.228
0.231
0.227
0.232
0.189
0.186
0.187
0.184
0.189
0.185
0.186
0.383
0.187
0.21
0.19
0.186
0.188
0.187
0.269
0.187
0.148
0.147
0.148
0.232
0.186
0.186
0.188
0.185
0.186
0.79
0.234
0.227
0.227
0.569
0.232
0.268
0.234
0.465
0.196
0.192
0.36
0.236
0.235
0.232
0.236
0.227
0.189
0.188
0.187
0.187
0.186
0.188
0.188
0.189
0.291
0.235
0.243
0.23
0.227
0.263
0.226
0.227
0.184
0.185
0.186
0.187
0.187
0.187
0.188
0.187
0.207
0.186
0.186
0.343
0.186
0.184
0.187
0.185
0.185
0.186
0.185
0.203
0.189
0.184
0.185
0.185
0.183
0.184
0.188
0.185
0.226
0.226
0.237
0.227
0.229
0.227
0.225
0.227
0.146
0.146
0.166
0.146
0.248
0.304
0.292
0.21
0.294
0.188
0.185
0.309
0.233
0.231
0.235
0.236
0.19
0.188
0.207
0.187
0.187
0.186
0.206
0.186
0.188
0.189
0.187
0.542
0.188
0.187
0.498
0.511
0.191
0.206
0.187
0.188
0.186
0.187
0.188
0.21
0.187
0.185
0.232
0.208
0.188
0.189
0.188
0.186
0.187
0.187
0.215
0.191
0.189
0.195
0.229
0.189
0.188
0.192
0.353
0.229
0.248
0.238
0.228
0.233
0.247
0.227
0.229
0.227
0.266
0.19
0.188
0.187
0.205
0.501
0.373
0.321
0.267
0.353
0.248
0.23
0.253
0.235
0.557
0.25
0.449
0.288
0.232
0.227
0.721
0.647
0.249
0.238
0.231
0.229
0.19
0.188
0.222
0.188
0.187
0.185
0.187
0.187
0.186
0.186
0.186
0.186
0.186
0.191
0.185
0.186
0.187
0.524
0.184
0.35
0.229
0.39
0.273
0.19
0.186
0.186
0.187
0.186
0.185
0.186
0.189
0.19
0.186
0.188
0.187
0.201
0.15
0.147
0.145
0.26
0.187
0.189
0.187
0.185
0.187
0.193
0.5
0.186
0.343
0.23
0.231
0.275
0.188
0.187
0.185
0.186
0.189
0.205
0.192
0.185
0.506
0.474
0.188
0.186
0.219
0.197
0.169
0.15
0.149
0.204
0.15
0.447
0.148
0.147
0.148
0.189
0.19
1.496
0.232
0.232
0.225
0.228
0.226
0.235
0.227
0.228
0.149
0.245
0.188
0.184
0.203
0.342
0.228
0.185
0.185
0.354
0.228
0.226
0.453
0.47
0.269
0.265
0.27
0.833
0.266
0.293
0.407
0.267
0.332
0.386
0.271
0.497
0.274
0.664
0.189
0.188
0.185
0.186
0.185
0.189
0.184
0.291
0.309
0.265
0.271
0.187
0.186
0.186
0.187
0.187
0.187
0.186
0.188
0.147
0.147
0.149
0.146
0.151
0.146
0.146
0.146
0.183
0.186
0.21
0.187
0.189
0.191
0.186
0.187
0.186
0.506
0.346
0.228
0.254
0.242
0.784
0.192
0.187
0.185
0.345
0.23
0.262
0.35
0.224
0.227
0.226
0.544
0.53
0.224
0.422
0.267
0.186
0.187
0.184
0.192
0.187
0.185
0.184
0.184
0.144
0.172
0.353
0.164
0.273
0.268
0.271
0.295
0.273
0.269
0.272
0.268
0.205
0.188
0.185
0.184
0.188
0.186
0.187
0.231
0.225
0.231
0.239
0.228
0.237
0.227
0.227
0.272
0.286
0.271
0.268
0.266
0.265
0.287
0.27
0.185
0.183
0.186
0.187
0.187
0.19
0.185
0.186
0.185
0.188
0.186
0.187
0.207
0.189
0.188
0.19
0.188
0.188
0.563
0.238
0.403
0.629
0.306
0.267
0.265
0.272
0.271
0.273
0.275
0.195
0.194
0.188
0.195
0.191
0.49
0.222
0.196
0.189
0.187
0.186
0.186
0.503
0.264
0.283
0.266
0.266
0.266
0.262
0.268
0.264
0.266
0.147
0.146
0.241
0.186
0.483
0.184
0.184
0.505
0.266
0.29
0.274
0.274
0.267
0.266
0.266
0.191
0.219
0.183
0.184
0.429
0.145
0.241
0.185
0.184
0.198
0.186
0.186
0.184
0.184
0.188
0.225
0.225
0.187
0.245
0.185
0.381
0.293
0.241
0.348
0.23
0.229
0.223
0.225
0.267
0.267
0.27
0.892
0.338
0.869
0.302
0.272
0.271
0.286
0.269
0.265
0.649
0.594
0.22
0.207
0.186
0.186
0.578
0.31
0.669
0.312
0.206
0.252
0.404
0.311
0.339
0.192
0.249
0.477
0.352
0.366
0.557
0.327
0.319
0.315
0.314
0.319
0.239
0.189
0.371
0.312
0.189
0.147
0.145
0.442
0.147
0.148
0.267
0.186
0.31
0.311
0.312
0.728
0.315
0.737
0.192
0.461
0.229
0.189
0.21
0.714
0.394
0.695
0.992
0.404
0.401
0.397
0.393
0.233
0.147
0.428
0.528
0.227
0.142
0.142
0.45
0.272
0.145
0.268
0.237
0.28
0.188
0.188
0.293
0.206
0.277
0.19
0.189
0.19
0.187
0.186
0.341
0.227
0.226
0.191
0.203
0.19
0.186
0.187
0.186
0.184
0.188
0.229
0.516
0.227
0.539
0.227
0.285
0.231
0.272
0.275
0.268
0.631
0.268
0.266
0.553
0.309
0.206
0.298
0.186
0.187
0.186
0.187
0.187
0.186
0.185
0.313
0.309
0.224
0.486
0.188
0.373
0.23
0.227
0.236
0.568
0.187
0.188
0.987
0.372
0.151
0.148
0.245
0.187
0.189
0.187
0.185
0.186
0.187
0.187
0.188
0.188
0.19
0.353
0.226
0.228
0.23
0.559
0.23
0.202
0.186
0.344
0.229
0.227
0.229
0.226
0.229
0.226
0.228
0.233
0.228
0.237
0.226
0.188
0.209
0.192
0.341
0.227
0.227
0.226
0.224
0.311
0.309
0.223
0.21
0.186
0.189
0.187
0.186
0.185
0.344
0.189
0.182
0.186
0.48
0.359
0.228
0.19
0.189
0.186
0.186
0.188
0.187
0.186
0.245
0.28
0.608
0.228
0.229
0.23
0.227
0.226
0.187
0.185
0.186
0.188
0.19
0.551
0.242
0.356
0.191
0.187
0.186
0.187
0.188
0.187
0.185
0.187
0.228
0.247
0.229
0.226
0.229
0.543
0.227
0.695
0.227
0.226
0.452
0.309
0.268
0.268
0.286
0.268
0.188
0.186
0.31
0.31
0.312
0.308
0.33
0.309
0.312
0.306
0.189
0.187
0.208
0.186
0.185
0.187
0.186
0.185
0.227
0.453
0.275
0.273
0.266
0.269
0.267
0.569
0.31
0.23
0.228
0.232
0.228
0.342
0.227
0.317
0.229
0.311
0.307
0.308
0.311
0.309
0.308
0.309
0.328
0.188
0.184
0.187
0.742
1.005
0.249
0.227
0.224
0.185
0.185
0.187
0.186
0.184
0.187
0.184
0.182
0.191
0.187
0.187
0.185
0.184
0.186
0.185
0.351
0.228
0.187
0.186
0.187
0.249
0.186
0.22
0.185
0.187
0.346
0.577
0.226
0.225
0.224
0.444
0.268
0.267
0.267
0.228
0.226
0.246
0.23
0.226
0.23
0.224
0.228
0.189
0.187
0.333
0.227
0.228
0.228
0.229
0.226
0.229
0.226
0.261
0.226
0.225
0.183
0.185
0.25
0.246
0.292
0.223
0.232
0.203
0.276
0.271
0.232
0.433
0.685
0.617
0.229
0.227
0.226
0.574
0.228
0.459
0.27
0.271
0.29
0.27
0.274
0.612
0.315
0.233
0.229
0.232
0.235
0.23
0.229
0.27
0.234
0.228
0.225
0.228
0.225
0.231
0.229
0.613
0.274
0.255
0.228
0.227
0.232
0.232
0.312
0.331
0.318
0.309
0.311
0.323
0.313
0.724
0.354
0.232
0.237
0.203
0.189
0.186
0.185
0.185
0.187
0.185
0.352
0.228
0.226
0.263
0.245
0.228
0.606
0.449
0.268
0.268
0.295
0.369
0.933
0.316
0.314
0.312
0.319
0.317
0.719
0.364
0.332
0.315
0.312
0.322
0.314
0.306
0.23
0.229
0.185
0.185
0.185
0.288
0.236
0.188
0.184
0.186
0.185
0.184
0.184
0.189
0.182
0.349
0.185
0.254
0.185
0.213
0.211
0.189
0.187
0.188
0.271
0.276
0.273
0.274
0.274
0.273
0.27
0.272
0.289
0.232
0.226
0.229
0.234
0.263
0.234
0.227
0.232
0.229
0.146
0.147
0.146
0.427
0.146
0.266
0.275
0.315
0.187
0.344
0.228
0.225
0.488
0.279
0.282
0.179
0.182
0.182
0.664
0.19
0.188
0.184
0.499
0.228
0.23
0.578
0.231
0.186
0.184
0.188
0.187
0.184
0.185
0.488
0.186
0.345
0.184
0.187
0.188
0.185
0.182
0.184
0.21
0.187
0.187
0.188
0.186
0.186
0.186
0.478
0.205
0.185
0.228
0.225
0.228
0.226
0.224
0.227
0.222
0.557
0.456
0.285
0.268
0.265
0.234
0.188
0.186
0.187
0.186
0.186
0.185
0.185
0.229
0.225
0.226
0.226
0.229
0.223
0.228
0.224
0.185
0.186
0.185
0.183
0.186
0.203
0.19
0.184
0.184
0.183
0.273
0.345
0.146
0.145
0.146
0.146
0.145
0.145
0.144
0.146
0.505
0.274
0.575
0.312
0.234
0.225
0.227
0.227
0.224
0.248
0.228
0.227
0.187
0.186
0.186
0.189
0.186
0.265
0.186
0.187
0.352
0.254
0.225
0.228
0.229
0.227
0.23
0.228
0.226
0.553
0.308
0.552
0.234
0.257
0.233
0.229
0.227
0.226
0.226
0.228
0.271
0.268
0.283
0.288
0.272
0.272
0.278
0.27
0.286
0.226
0.229
0.229
0.594
0.561
0.231
0.23
0.231
0.553
0.232
0.229
0.569
0.19
0.186
0.187
0.186
0.188
0.232
0.644
0.318
0.459
0.229
0.272
0.269
0.267
0.268
0.266
0.27
0.27
0.267
0.264
0.142
0.141
0.142
0.177
0.194
0.451
0.231
0.231
0.227
0.233
0.226
0.229
0.225
0.232
0.229
0.268
0.266
0.269
0.273
0.273
0.272
0.632
0.313
0.454
0.272
0.553
0.188
0.189
0.223
0.188
0.191
0.496
0.243
0.228
0.225
0.23
0.226
0.263
0.228
0.227
0.233
0.23
0.228
0.227
0.226
0.227
0.225
0.225
0.229
0.25
0.23
0.225
0.231
0.234
0.231
0.231
0.228
0.231
0.695
0.229
0.459
0.494
0.233
0.235
0.23
0.233
0.227
0.229
0.226
0.547
0.229
0.227
0.456
0.19
0.223
0.187
0.352
0.229
0.228
0.226
0.227
0.227
0.311
0.682
0.228
0.551
0.227
0.251
0.23
0.225
0.228
0.227
0.267
0.269
0.655
0.264
0.184
0.184
0.183
0.487
0.203
0.272
0.266
0.272
0.581
0.266
0.591
0.247
0.594
0.226
0.229
0.229
0.548
0.271
0.553
0.224
0.479
0.146
0.144
0.23
0.235
0.584
0.226
0.143
0.146
0.347
0.289
0.532
0.934
0.357
1.233
0.588
0.23
0.485
0.189
0.233
0.233
0.32
0.144
0.309
0.231
0.18
0.146
0.149
0.147
0.245
0.184
0.188
0.185
0.188
0.23
0.228
0.225
0.23
0.296
0.235
0.273
0.368
0.274
0.27
0.226
0.226
0.27
0.312
0.227
0.23
0.272
0.226
0.271
0.238
0.228
0.148
0.149
0.146
0.147
0.147
0.231
0.235
0.229
0.266
0.234
0.228
0.233
0.229
0.272
0.187
0.201
0.189
0.187
0.185
0.187
0.187
0.19
0.232
0.571
0.468
0.273
0.288
0.271
0.273
0.6
0.273
0.322
0.163
0.148
0.239
0.186
0.227
0.187
0.186
0.551
0.198
0.231
0.228
0.226
0.224
0.225
0.229
0.225
0.228
0.227
0.143
0.144
0.145
0.244
0.187
0.183
0.187
0.274
0.268
0.267
0.266
0.267
0.267
0.267
0.268
0.184
0.184
0.188
0.184
0.184
0.184
0.183
0.183
0.308
0.228
0.226
0.226
0.228
0.601
0.228
0.227
0.559
0.314
0.262
0.188
0.364
0.282
0.454
0.616
0.27
0.269
0.265
0.567
0.271
0.27
0.677
0.311
0.236
0.228
0.227
0.228
0.225
0.228
0.226
0.225
0.229
0.787
0.496
0.334
1.208
0.271
0.268
0.266
0.268
0.314
0.34
0.332
0.31
0.311
0.306
0.307
0.311
0.407
0.231
0.267
0.714
0.31
0.229
0.274
0.267
0.269
0.269
0.27
0.268
0.266
0.264
0.492
0.314
0.269
0.271
0.353
0.27
0.266
0.269
0.268
0.31
0.33
0.273
0.458
0.283
0.681
0.311
0.655
0.23
0.227
0.568
0.46
0.253
0.228
0.236
0.226
0.227
0.356
0.352
0.353
0.362
0.356
0.384
0.349
0.349
0.355
0.813
1.614
0.645
0.484
0.438
0.438
0.436
0.444
0.231
0.23
0.25
0.227
0.232
0.228
0.23
0.226
0.273
0.275
0.268
0.27
0.581
0.273
0.228
0.187
0.185
0.234
0.229
0.229
0.229
0.254
0.226
0.23
0.225
0.266
0.267
0.312
0.312
0.311
0.31
0.312
0.403
0.386
0.394
0.444
0.435
0.433
0.484
0.431
0.428
0.432
0.433
0.575
0.229
0.27
0.501
0.544
0.273
0.548
0.309
0.309
0.818
0.658
0.616
0.746
0.313
0.185
0.655
0.212
0.23
0.227
0.332
0.246
0.351
0.31
0.311
0.31
0.327
0.309
0.308
0.328
0.356
0.894
0.436
0.39
0.331
0.308
0.307
0.349
0.342
0.698
0.346
0.673
0.268
0.267
0.286
0.27
0.268
0.376
0.188
0.267
0.373
0.274
0.189
0.353
0.272
0.272
0.35
0.348
0.225
0.488
0.269
0.271
0.287
0.266
0.188
0.284
0.308
0.224
0.312
0.329
0.351
0.322
0.352
0.357
0.764
0.351
0.307
0.351
0.373
0.305
0.347
0.429
0.594
0.298
0.271
0.265
0.31
0.587
0.268
0.293
0.576
0.392
0.555
0.392
0.35
0.346
0.349
0.414
0.457
0.353
0.354
0.356
0.466
0.372
0.352
0.656
0.489
0.5
0.693
0.685
0.422
0.424
0.271
0.271
0.272
0.266
0.44
0.241
0.883
0.588
0.545
0.393
1.232
0.309
0.455
0.433
0.271
0.269
0.268
0.267
0.268
0.265
0.634
0.3
0.556
0.31
0.445
0.439
2.553
0.483
0.654
0.446
0.433
0.188
0.307
0.653
0.564
0.307
0.307
0.319
0.268
0.189
0.346
0.31
0.315
0.304
0.344
0.709
0.726
0.486
0.313
0.32
0.313
0.309
0.318
0.271
0.269
0.274
0.267
0.268
0.28
0.269
0.273
0.402
0.282
0.309
0.309
0.32
0.309
0.309
0.478
0.316
0.314
0.272
0.353
0.692
0.348
0.378
0.187
0.442
0.427
0.445
0.427
0.438
0.773
0.193
0.352
0.441
0.427
0.441
1.212
0.517
0.918
0.846
0.395
0.31
0.353
0.269
0.652
0.307
0.307
0.307
0.772
0.358
0.35
0.423
0.35
0.308
0.352
0.348
0.345
0.347
0.35
0.308
0.316
0.355
0.313
0.309
0.311
0.315
0.311
0.311
0.313
0.308
0.312
0.289
1.022
0.506
0.59
0.638
0.507
0.351
0.379
0.349
0.354
0.351
0.348
0.435
0.316
0.313
0.309
0.31
0.407
0.362
0.309
0.31
0.283
0.351
0.271
0.266
0.294
0.285
0.276
0.311
0.276
0.614
0.462
0.323
0.321
0.315
0.323
0.322
0.365
0.367
0.361
0.364
0.371
0.365
0.366
0.47
0.364
0.363
0.358
0.801
0.397
0.401
0.398
0.397
0.954
0.989
0.451
0.453
0.329
0.326
0.337
0.334
0.328
0.778
0.371
0.279
0.45
0.447
0.461
0.455
0.468
0.44
0.512
0.463
0.487
0.462
0.502
0.451
0.49
0.408
0.411
0.406
0.642
1.329
0.856
0.669
0.684
0.362
0.356
0.837
0.399
0.394
0.36
0.381
0.363
0.36
0.357
0.77
0.423
0.397
0.398
0.394
0.392
0.278
0.275
0.276
0.272
0.275
0.27
0.315
0.277
0.411
1.109
0.367
0.384
0.368
0.359
0.36
0.366
0.373
0.362
0.363
0.36
0.36
0.363
0.361
0.866
0.443
0.425
0.401
0.403
0.402
0.406
0.418
0.404
0.407
0.43
0.407
0.456
0.449
0.447
0.883
0.454
0.438
0.441
0.438
0.363
0.355
0.824
0.409
0.398
0.422
0.403
0.845
0.9
0.439
0.359
0.359
0.357
0.379
0.801
0.405
0.405
0.404
0.434
0.318
0.316
0.318
0.337
0.321
0.356
0.32
0.317
0.739
0.453
0.357
0.785
0.4
0.402
0.405
0.428
0.789
0.358
0.356
0.355
0.362
0.77
1.061
0.499
1.657
0.437
0.357
0.358
0.354
0.359
0.396
0.415
0.359
0.366
0.36
0.361
0.362
0.364
0.362
0.36
0.36
0.274
0.57
0.32
0.317
0.321
0.316
0.316
0.854
0.388
0.365
0.364
0.36
0.847
0.408
0.438
0.402
0.412
0.365
0.36
0.362
0.935
0.857
0.933
0.866
0.474
0.445
0.442
0.933
0.445
0.446
0.44
0.81
0.443
0.45
0.62
0.351
0.284
0.62
0.32
0.315
0.318
0.315
0.358
0.442
0.441
0.993
0.872
0.906
0.448
1.022
0.443
1.078
0.365
0.437
0.959
0.45
0.445
0.44
0.453
0.445
0.92
0.443
0.965
0.919
0.449
0.447
0.45
0.448
0.451
0.415
1.079
0.444
1.098
0.913
0.443
0.896
1.232
1.262
0.45
0.37
0.453
0.905
0.443
0.446
0.481
0.444
0.445
0.446
1.034
0.278
0.274
0.273
0.275
0.275
0.275
0.65
0.321
0.364
0.446
0.444
0.47
0.446
1.074
0.446
0.444
0.444
0.875
0.469
0.463
0.446
0.442
0.443
1.057
0.954
0.446
0.454
0.444
0.446
1.077
0.842
0.681
0.954
0.406
0.389
0.938
0.463
0.429
0.541
0.508
0.43
0.897
0.352
0.358
0.494
0.436
0.436
0.453
0.443
0.432
0.435
0.427
0.888
0.44
0.429
0.447
0.354
0.389
0.362
0.936
0.994
0.47
0.417
0.432
0.393
0.721
0.512
0.403
0.402
0.436
0.455
0.44
0.437
0.437
0.432
0.456
0.438
0.435
0.441
0.431
0.897
0.355
1.436
0.991
1.279
0.928
0.911
0.456
0.45
0.469
1.045
0.361
0.858
0.467
0.491
0.99
0.351
0.355
0.35
0.439
0.385
0.454
0.398
0.594
0.486
0.589
1.08
0.396
0.353
0.356
0.37
0.349
0.354
0.35
0.346
0.348
0.35
0.82
0.434
0.427
0.454
0.439
0.432
0.352
0.436
0.353
0.959
0.466
0.4
0.444
0.554
1.14
0.599
0.785
0.433
0.428
0.948
0.431
0.462
0.431
0.889
0.434
0.884
0.434
0.35
0.347
0.727
0.419
0.392
0.447
0.355
0.416
0.397
0.83
0.391
0.394
0.454
0.531
0.435
0.44
1.101
0.99
0.442
0.438
1.173
0.443
0.936
0.436
0.891
0.438
1.451
0.542
1.002
1.272
1.659
0.947
0.447
0.961
0.428
0.449
0.45
1.043
0.939
0.448
0.997
0.397
0.575
0.421
0.396
0.419
0.391
0.584
0.418
0.396
0.412
0.399
0.417
0.315
0.311
0.313
0.348
0.314
0.34
0.308
0.33
0.343
0.397
0.415
0.405
0.413
0.394
0.433
0.39
0.634
0.395
0.463
0.399
0.362
0.435
0.774
0.442
0.461
0.464
1.308
0.449
0.44
0.432
0.431
0.885
0.488
0.435
1.01
0.429
0.462
0.62
0.497
0.314
0.312
0.313
0.309
0.311
0.311
0.312
0.309
0.355
0.452
0.394
0.432
0.428
0.455
0.431
0.436
0.976
0.45
0.432
0.398
0.352
0.395
0.391
0.393
0.394
0.435
0.424
0.397
0.396
0.4
0.393
0.949
0.358
0.372
0.878
0.781
0.361
0.356
0.37
0.356
0.436
0.976
0.392
0.39
0.391
0.875
0.39
0.388
0.39
0.666
0.394
0.394
0.392
0.394
0.394
1.032
0.433
0.426
0.45
0.46
0.43
0.429
0.428
0.426
0.389
0.892
0.433
0.426
0.391
0.448
0.392
0.453
0.474
0.679
1.03
0.441
0.353
0.449
0.355
0.435
0.465
0.354
0.397
0.983
0.967
0.39
0.388
0.94
0.351
0.395
0.414
0.396
0.439
0.507
0.887
0.52
0.414
0.357
0.441
0.439
1.018
0.47
0.438
0.351
0.501
0.474
0.397
0.423
1.029
0.44
0.385
0.862
0.388
0.388
0.393
0.389
0.386
0.417
0.446
0.436
0.442
0.948
0.431
0.432
0.431
0.39
0.35
0.869
0.457
0.435
0.431
0.429
0.42
0.434
0.87
0.435
0.429
0.434
0.437
0.898
0.887
0.875
0.431
0.427
0.429
0.427
0.431
0.8
0.392
0.394
0.868
0.432
0.436
0.433
0.436
0.436
0.473
0.431
0.427
0.426
0.398
0.394
1.05
0.439
0.437
0.436
0.868
0.482
0.432
0.433
0.43
0.455
0.43
0.863
0.426
0.428
0.401
0.705
0.537
0.934
0.396
0.385
0.389
0.385
0.406
0.439
0.433
0.855
0.467
0.842
0.454
1.009
1.142
1.004
0.429
0.429
0.447
0.393
0.428
0.412
0.437
0.526
0.497
0.863
0.438
0.433
0.434
0.435
0.464
0.455
0.432
0.428
0.429
0.432
0.428
0.432
0.426
0.436
0.437
0.439
0.438
0.434
0.457
0.909
1.125
0.44
0.437
0.394
0.429
0.387
0.387
0.949
0.419
0.428
0.395
0.394
0.394
0.437
0.438
0.438
0.432
0.427
0.446
0.429
0.439
0.435
0.941
0.436
0.434
0.541
0.435
0.432
0.872
0.429
0.429
0.426
0.431
0.432
0.442
0.462
0.438
0.436
0.397
0.439
0.439
0.437
0.432
0.433
0.556
0.447
0.441
0.873
0.398
0.396
0.392
0.391
0.392
0.431
0.393
0.397
0.437
0.435
1.048
0.438
0.436
0.436
0.433
0.447
0.984
0.442
0.924
0.412
0.393
0.393
0.447
0.394
0.39
0.39
0.393
0.983
0.394
0.999
0.436
0.433
0.427
0.429
0.886
0.391
0.388
0.391
0.864
0.431
1.099
0.625
0.437
2.476
0.528
0.648
0.435
0.536
0.56
0.614
0.445
0.436
0.434
0.432
0.393
0.435
0.456
0.434
0.436
0.435
0.435
0.432
0.434
0.432
0.51
0.431
0.431
0.43
0.453
0.435
0.441
0.609
0.424
0.391
0.4
0.39
0.391
0.393
0.388
0.408
0.393
0.392
0.434
0.39
0.401
0.44
0.45
0.608
0.444
0.441
0.445
0.44
0.437
0.489
1.308
0.577
0.831
0.394
0.408
0.402
0.433
0.429
0.404
0.429
0.428
0.413
0.393
0.411
0.391
0.388
0.43
0.437
0.941
0.433
0.458
0.433
0.463
1.004
0.452
0.433
0.413
0.46
1.04
0.433
0.432
0.43
0.436
0.46
0.449
0.431
0.471
0.459
0.454
0.393
0.394
0.882
0.472
0.434
0.449
0.43
0.453
0.437
0.455
0.388
0.796
0.437
0.439
0.432
0.461
0.431
0.432
0.43
0.438
0.429
0.429
0.957
0.431
0.428
0.426
0.46
0.858
0.431
0.431
0.431
0.432
0.929
0.429
0.444
0.448
0.43
0.426
0.428
0.427
0.43
0.884
0.433
0.436
0.434
0.448
0.476
0.434
0.612
0.572
0.44
0.434
0.435
0.437
0.462
0.434
0.455
0.436
0.397
0.927
0.43
0.433
0.977
0.435
0.438
0.454
0.432
1.058
0.436
0.441
0.438
0.434
0.891
0.438
0.457
0.437
0.433
0.433
0.431
0.434
0.437
0.983
0.885
0.456
0.448
0.439
0.437
0.434
0.435
0.488
0.436
0.473
0.443
0.463
0.438
1.118
0.746
0.431
0.871
0.437
0.431
0.431
0.438
0.429
0.436
0.435
0.437
0.466
0.434
0.429
0.431
0.575
0.436
0.425
0.433
0.431
0.435
0.452
0.431
0.427
0.456
0.435
0.432
0.534
0.434
0.479
0.859
0.434
0.473
0.437
0.432
0.433
0.435
0.436
0.449
0.432
0.434
0.43
0.489
0.431
1.071
1.036
0.61
1.023
0.44
1.024
0.435
0.467
0.448
0.448
0.443
0.432
0.436
0.435
1.014
0.43
0.435
0.603
0.51
0.492
0.463
0.458
0.465
0.436
0.436
0.472
0.44
0.435
0.433
0.436
0.435
0.436
0.428
0.432
0.43
0.555
0.463
0.43
0.437
0.439
0.484
0.438
0.432
0.883
0.799
0.896
0.439
0.446
0.45
0.43
0.434
0.43
0.437
0.435
0.438
0.436
0.438
0.436
0.461
0.515
0.434
0.436
0.434
0.441
0.44
0.438
0.437
0.435
0.487
0.468
0.434
0.441
0.434
0.942
0.442
0.44
0.895
0.991
0.437
0.439
0.436
0.627
0.443
0.441
0.443
0.444
0.466
1.023
0.443
0.431
1.007
0.439
0.451
0.434
1.125
0.453
0.438
0.433
0.46
0.433
0.459
0.436
0.45
0.43
0.462
0.546
0.501
0.445
0.462
0.937
0.438
0.561
0.439
0.831
1.155
1.004
0.429
0.444
0.43
1.014
0.917
0.515
0.441
0.438
0.729
0.535
0.457
0.431
0.459
0.443
0.455
0.441
0.684
0.549
0.561
0.449
0.484
0.431
0.438
0.432
1.047
0.938
0.43
0.435
0.438
0.446
1.358
0.43
0.428
1.062
0.45
0.483
0.467
0.434
1.076
0.439
0.437
0.438
0.469
0.447
0.473
0.471
0.44
0.479
0.44
0.995
0.5
0.435
0.436
0.437
0.441
0.434
0.434
0.427
0.436
0.436
0.433
1.063
0.698
0.453
0.437
0.455
0.436
0.455
0.963
0.461
0.437
0.459
0.432
0.678
0.464
0.439
0.465
0.44
0.466
0.48
0.44
0.434
0.432
0.433
0.449
0.436
0.461
0.44
0.454
0.475
0.97
0.501
0.435
0.451
0.438
0.528
1.008
0.461
0.436
1.009
0.428
0.461
0.924
0.44
0.438
0.461
0.429
0.43
0.434
0.433
0.43
0.428
0.437
0.429
1.634
0.663
0.442
0.515
0.439
0.903
0.44
0.44
0.43
0.446
0.436
0.44
0.436
0.437
0.436
0.436
0.941
0.435
0.455
0.441
0.435
0.44
0.442
0.497
0.484
0.553
0.532
0.521
1.374
0.692
0.463
0.45
0.457
0.429
0.449
0.428
0.938
0.429
0.914
1.351
0.644
0.438
0.458
0.97
0.928
0.455
0.437
1.001
0.57
0.499
0.456
0.468
0.458
0.433
0.453
0.43
0.456
0.972
0.44
0.463
0.449
0.464
0.437
0.475
0.438
0.457
0.436
0.623
1.257
0.538
0.435
0.441
0.439
0.48
0.814
0.437
1.057
0.434
0.429
0.436
0.429
0.429
1.041
0.455
0.432
0.938
0.438
0.435
0.431
0.454
0.554
0.453
0.474
0.439
0.431
0.438
0.432
0.43
0.476
0.45
0.47
0.429
0.432
0.433
0.429
0.432
0.433
0.429
0.43
0.53
0.442
0.585
0.479
0.448
0.456
0.491
0.448
0.437
0.48
0.829
0.921
0.438
0.438
0.431
0.44
0.431
0.442
0.438
0.433
0.435
0.434
0.456
0.936
0.438
0.436
0.439
0.43
0.432
0.429
0.443
0.47
0.906
0.436
0.435
0.435
0.44
0.434
0.436
0.433
0.445
0.438
0.438
0.44
0.864
1.175
0.445
0.437
0.434
0.572
0.476
0.456
0.439
0.397
0.435
0.468
0.519
0.691
0.56
0.434
0.431
0.47
0.431
0.437
0.461
0.439
0.439
0.439
0.436
0.435
0.446
0.433
0.465
0.44
0.439
0.435
0.435
0.452
0.464
0.431
0.432
0.43
1.072
0.432
0.436
0.436
0.435
0.438
0.437
0.442
0.439
0.44
0.444
0.441
0.463
0.437
0.435
1.188
0.737
0.432
0.457
0.431
0.433
0.436
0.433
0.466
0.432
0.432
0.434
0.434
0.435
0.432
0.432
0.43
0.466
0.436
0.429
0.43
0.429
0.436
0.436
0.434
0.459
0.432
0.436
0.398
0.442
0.452
0.593
0.434
0.495
0.524
0.467
0.438
0.463
0.436
0.447
0.44
0.43
0.433
0.49
0.436
0.435
0.437
0.853
0.821
0.436
0.431
0.437
0.46
0.763
0.438
0.432
0.433
0.439
0.435
0.435
0.891
0.451
0.434
0.437
0.437
0.431
0.432
0.431
0.433
0.435
0.435
0.43
0.456
0.434
0.428
0.429
0.432
0.44
0.437
0.478
0.433
0.433
0.477
0.438
0.453
0.432
0.437
0.434
0.431
0.477
0.439
0.441
0.439
0.439
0.44
0.757
0.591
0.543
0.808
0.434
0.436
0.434
0.434
0.439
0.437
0.436
0.435
0.438
0.856
0.437
0.883
0.861
0.872
0.867
0.871
0.887
0.454
0.435
0.428
0.432
0.682
0.435
0.435
0.438
0.439
0.43
0.479
0.9
0.798
0.478
0.435
0.435
0.434
0.433
0.433
0.43
0.431
0.826
1.46
0.546
0.566
0.433
0.646
0.43
0.9
0.597
0.435
0.434
0.437
0.434
0.433
0.434
0.445
0.46
0.433
0.434
0.432
0.433
0.399
0.439
0.485
0.443
0.43
0.439
0.435
0.477
0.435
0.919
0.482
0.454
0.402
0.395
0.648
0.579
0.467
0.397
0.4
0.416
0.486
0.437
0.436
0.439
0.433
0.449
0.581
1.139
0.521
0.522
0.605
0.439
0.437
0.497
0.597
0.65
1.006
0.405
0.931
0.536
1.128
0.396
0.533
0.481
0.456
1.136
0.523
0.476
0.524
1.186
0.475
0.517
0.498
0.991
0.509
0.527
0.619
0.567
0.5
0.458
0.45
0.491
0.494
0.739
0.504
0.481
0.51
0.487
0.524
0.494
0.52
0.466
1.601
0.642
0.852
0.916
0.976
0.458
0.469
0.5
0.637
0.489
0.474
0.553
0.454
0.447
0.455
0.447
0.453
0.456
0.996
1.19
0.422
0.421
0.411
0.414
0.406
0.405
0.414
0.402
0.899
0.571
0.533
0.512
0.458
0.458
0.488
0.447
0.451
0.457
0.466
0.444
0.911
0.444
0.444
0.443
0.444
0.459
0.495
0.991
0.489
0.45
0.439
0.913
0.477
0.45
0.442
0.442
0.45
0.905
0.459
0.44
0.465
0.442
0.448
0.46
0.457
0.476
0.973
0.474
0.988
0.472
0.449
1.05
0.525
1.028
1.113
0.442
0.446
0.445
1.108
0.451
0.999
0.969
0.416
0.404
0.401
0.425
0.409
0.408
0.409
0.405
0.406
0.47
0.472
0.44
0.447
0.441
0.962
1.193
0.454
0.447
0.656
0.984
0.459
0.455
0.449
0.445
0.448
0.455
0.456
0.448
0.446
0.461
0.452
0.476
0.466
0.453
0.415
0.409
0.411
0.412
0.441
0.408
0.41
0.503
0.528
0.465
1.016
0.906
0.445
0.465
0.454
0.474
0.451
0.453
0.453
0.493
0.514
0.47
0.446
0.442
0.448
0.445
0.511
1.232
0.461
0.468
0.453
0.45
0.475
0.446
0.455
0.451
0.453
0.457
0.455
0.455
0.451
0.446
0.491
0.449
0.457
0.504
0.513
0.458
0.455
0.447
0.505
0.455
1.072
0.956
0.491
0.448
0.476
0.447
0.444
0.42
0.405
0.411
0.448
0.404
0.408
0.402
0.399
0.459
0.466
0.463
0.531
0.447
0.458
0.453
0.519
0.482
0.454
0.451
0.458
0.474
0.454
0.457
0.454
0.411
0.406
0.415
0.41
0.412
0.455
0.425
0.519
1.418
0.691
0.771
0.686
0.769
0.689
0.707
0.716
0.708
0.467
0.443
0.471
0.453
0.446
0.893
0.447
0.443
0.406
0.398
0.403
0.398
0.399
0.401
0.399
0.396
0.452
0.453
0.449
0.444
0.444
0.447
0.447
0.449
0.421
0.948
0.489
0.449
0.446
0.447
0.911
0.474
0.442
0.446
0.447
0.441
0.414
0.401
0.398
0.427
0.399
0.759
0.53
0.541
0.415
0.661
0.526
0.412
0.409
0.405
0.408
0.42
0.414
0.414
0.409
0.415
0.452
0.41
0.429
0.435
0.412
0.414
0.407
0.413
0.403
0.409
0.41
0.409
0.409
0.416
0.403
0.404
1.023
0.479
0.414
0.433
0.413
0.408
0.406
0.408
0.439
0.424
0.413
0.413
0.406
0.414
0.401
0.406
0.406
0.409
0.401
0.406
0.399
0.45
0.913
0.515
0.45
0.461
0.451
0.463
0.456
0.47
0.605
0.418
0.415
0.402
0.413
0.416
0.408
0.411
0.402
0.422
0.406
0.419
0.403
0.416
0.404
0.408
0.421
0.403
0.534
0.459
0.943
0.471
1.082
0.469
1.258
0.995
0.822
0.696
0.816
0.484
0.474
0.39
0.387
0.365
0.362
0.83
0.365
0.447
0.399
0.434
0.37
0.376
0.366
0.367
0.403
0.368
0.368
0.369
0.38
0.458
0.451
0.453
0.478
0.456
0.458
0.453
0.454
0.464
0.497
0.46
0.45
0.47
0.459
0.462
0.459
0.375
0.37
0.371
0.376
0.366
0.364
0.361
0.361
0.456
0.452
0.453
0.48
0.928
1.144
0.804
0.453
0.444
0.448
0.446
0.447
0.466
0.447
0.446
0.444
0.445
0.558
0.513
0.474
0.45
0.447
0.447
0.446
0.451
0.452
0.447
0.449
0.529
0.45
0.46
0.449
0.372
0.368
0.369
0.369
0.368
0.371
0.364
0.364
0.419
0.364
0.365
0.428
0.459
0.409
0.523
0.42
0.361
0.37
0.361
0.387
0.387
0.362
0.366
0.391
0.938
0.468
0.447
0.443
0.456
0.468
0.451
0.446
0.447
0.446
0.456
0.452
0.45
0.452
0.451
0.889
0.453
0.834
0.372
0.361
0.362
0.362
0.364
0.361
0.361
0.386
0.407
0.403
0.427
0.532
0.531
0.411
0.405
0.412
0.447
0.328
0.343
0.681
0.407
0.36
0.36
0.36
0.401
0.389
1.434
0.373
0.366
0.408
0.421
0.36
0.403
0.361
0.357
0.407
0.404
0.377
0.359
0.395
0.401
0.361
0.359
0.358
0.362
0.356
0.399
0.362
0.356
0.402
0.402
0.403
0.401
0.4
0.399
0.408
0.403
0.909
0.442
0.47
0.439
0.952
0.464
0.448
0.44
0.939
0.447
0.444
0.447
0.446
0.444
0.473
0.603
0.611
0.579
0.354
0.279
0.313
0.276
0.278
0.617
0.619
0.369
0.399
0.364
0.38
0.728
0.37
0.365
0.364
0.365
0.475
1.027
0.453
0.453
0.456
0.958
0.511
0.484
0.446
0.478
0.611
0.458
0.45
0.49
0.393
0.388
0.369
0.369
0.382
0.369
0.369
0.394
0.361
0.422
0.37
0.383
0.375
0.367
0.364
0.485
1.039
0.918
0.831
0.364
0.36
0.442
0.384
0.442
0.356
0.359
0.444
0.445
0.804
0.449
0.36
0.362
0.447
0.358
0.446
0.445
0.356
0.403
0.402
0.404
0.433
0.855
0.52
0.492
0.44
0.404
0.405
0.425
0.399
0.402
0.406
0.399
0.449
0.471
0.449
0.481
0.447
0.458
0.449
0.46
0.408
0.412
0.403
0.408
0.409
0.402
0.421
0.414
0.355
0.366
0.74
0.454
0.68
0.326
0.322
0.32
0.321
0.322
0.318
0.321
0.322
0.318
0.317
0.318
0.411
0.405
0.406
0.413
0.409
0.407
0.418
0.4
0.318
0.459
0.345
0.324
0.319
0.463
0.4
0.409
0.405
0.427
0.405
0.423
0.933
0.452
0.412
0.362
0.368
0.36
0.362
0.359
0.361
0.384
0.322
0.316
0.314
0.316
0.317
0.32
0.33
0.73
0.435
0.367
0.846
0.421
0.408
0.405
0.424
0.432
0.412
0.403
0.512
0.342
0.239
0.288
0.265
0.264
0.259
0.234
0.239
0.318
0.508
0.446
0.513
0.499
0.451
0.457
0.56
0.556
0.535
0.332
0.324
0.327
0.32
0.327
0.323
0.329
0.343
0.961
0.448
0.442
0.442
1.022
0.903
0.451
0.445
0.572
0.405
0.378
0.37
0.412
0.375
0.366
0.374
0.365
0.409
0.422
0.418
0.42
0.409
0.442
0.408
0.41
0.824
0.373
0.357
0.38
0.358
0.357
0.359
0.362
0.862
0.446
0.45
0.443
0.446
0.443
0.48
0.445
0.446
0.972
0.456
0.324
0.321
0.319
0.317
0.336
0.338
0.316
0.327
0.322
0.319
0.317
0.315
0.316
0.32
0.325
0.321
0.452
0.238
0.467
0.279
0.279
0.276
0.278
0.275
0.585
0.327
0.283
0.282
0.307
0.277
0.278
0.281
0.285
0.294
0.469
0.487
0.448
0.445
0.442
0.445
0.554
0.697
0.481
0.289
0.598
0.316
0.695
0.366
0.361
0.362
0.359
0.364
0.407
0.452
0.407
0.742
0.367
0.365
0.377
0.364
0.365
0.367
0.365
0.838
0.362
0.238
0.47
0.277
0.277
0.278
0.281
0.28
0.367
0.399
0.36
0.37
0.363
0.361
0.365
0.358
0.359
0.525
0.374
0.416
0.364
0.839
0.479
0.829
0.495
0.282
0.274
0.276
0.276
0.275
0.276
0.272
0.64
0.271
0.285
0.277
0.579
0.319
0.319
0.315
0.318
0.322
0.317
0.275
0.283
0.272
0.271
0.644
0.593
0.319
0.408
0.442
0.402
0.421
0.398
0.398
0.434
0.636
0.318
0.681
0.379
0.279
0.276
0.278
0.287
0.323
0.319
0.318
0.313
0.345
0.683
0.366
0.361
0.359
0.361
0.361
0.357
0.362
0.36
0.361
0.361
0.373
0.384
0.369
0.651
0.465
0.751
0.363
0.359
0.359
0.276
0.275
0.271
0.271
0.271
0.274
0.275
0.3
0.271
0.283
0.656
0.612
0.32
0.317
0.317
0.317
0.321
0.319
0.314
0.319
0.411
0.407
0.406
0.405
0.41
0.432
0.407
0.404
0.324
0.321
0.32
0.278
0.294
0.277
0.277
0.278
0.277
0.272
0.274
0.406
0.402
0.322
0.321
0.32
0.318
0.455
0.909
0.334
0.332
0.325
0.277
0.29
0.27
0.397
0.391
0.593
0.392
0.395
1.067
0.555
0.45
0.278
0.27
0.602
0.27
0.27
0.268
0.267
0.264
0.266
0.267
0.392
0.455
0.391
0.396
0.314
0.314
0.314
0.316
0.346
0.307
0.317
0.31
0.294
0.271
0.273
0.284
0.714
0.273
0.271
0.631
0.353
0.349
0.349
0.353
0.354
0.351
0.35
0.349
0.316
0.274
0.271
0.539
0.456
0.276
0.274
0.565
0.362
0.311
0.309
0.311
0.273
0.282
0.285
0.27
0.676
0.537
0.284
0.315
0.31
0.312
0.315
0.329
0.395
0.4
0.358
0.356
0.422
0.273
0.576
0.312
0.315
0.316
0.733
0.385
0.352
0.354
0.352
0.35
0.352
0.349
0.35
0.348
0.375
0.349
0.315
0.313
0.318
0.311
0.313
0.414
0.458
0.314
0.669
0.361
0.359
0.354
0.357
0.356
0.361
0.357
0.366
0.315
0.271
0.269
0.946
0.649
0.235
0.23
0.227
0.235
0.228
0.225
0.559
0.349
0.312
0.306
0.317
0.39
0.659
0.313
0.353
0.351
0.357
0.359
1.025
0.401
0.349
0.785
0.346
0.317
0.309
0.31
0.32
0.311
0.309
0.539
0.149
0.149
0.146
0.153
0.147
0.145
0.148
0.146
0.192
0.187
0.211
0.25
0.187
0.191
0.185
0.185
0.184
0.185
0.319
0.307
0.312
0.313
0.306
0.315
0.782
0.409
0.366
0.361
0.35
0.398
0.355
0.351
0.36
0.364
0.377
0.426
0.646
0.95
0.369
0.356
0.501
0.355
0.376
0.352
0.355
0.357
0.348
0.399
0.353
0.23
0.228
0.228
0.25
0.229
0.232
0.232
0.225
0.146
0.148
0.148
0.143
0.232
0.185
0.191
0.353
0.357
0.194
0.188
0.185
0.184
0.195
0.186
0.193
0.183
0.399
0.468
0.391
0.404
0.394
0.4
0.393
0.389
0.359
0.392
0.349
0.376
0.349
0.351
0.356
0.348
0.351
0.358
0.189
0.211
0.187
0.184
0.188
0.351
0.225
0.235
0.232
0.227
0.555
0.444
0.301
0.468
0.338
0.535
0.726
0.819
0.303
0.276
0.192
0.212
0.188
0.479
0.207
0.206
0.497
0.189
0.372
0.246
0.228
0.227
0.231
0.246
0.271
0.27
0.569
0.314
0.315
0.306
0.329
0.358
0.31
0.328
0.561
0.528
0.393
0.196
0.19
0.276
0.352
0.185
0.186
0.189
0.206
0.186
0.187
0.187
0.506
0.23
0.446
0.269
0.591
0.319
0.311
0.312
0.31
0.312
0.234
0.46
0.269
0.267
0.27
0.654
0.273
0.274
0.272
0.27
0.49
0.276
0.296
0.278
0.275
0.275
0.272
0.568
0.314
0.925
0.567
0.333
0.308
0.316
0.671
0.781
0.799
0.399
0.394
0.395
0.401
0.412
0.23
0.232
0.228
0.226
0.228
0.691
0.286
0.23
0.267
0.228
0.229
0.229
0.226
0.231
0.245
0.228
0.274
0.269
0.269
0.269
0.27
0.269
0.274
0.397
0.389
0.393
0.393
0.389
0.409
0.389
0.48
0.231
0.227
0.229
0.23
0.229
0.231
0.227
0.228
0.191
0.187
0.185
0.187
0.187
0.187
0.187
0.185
0.187
0.186
0.189
0.313
0.68
0.31
0.67
0.392
0.694
0.447
0.463
0.495
0.192
0.188
0.228
0.214
0.185
0.204
0.186
0.187
0.187
0.186
0.187
0.345
0.233
0.28
0.227
0.484
0.272
0.267
0.266
0.267
0.27
0.188
0.186
0.185
0.187
0.185
0.186
0.187
0.341
0.272
0.187
0.185
0.186
0.188
0.184
0.187
0.189
0.185
0.288
0.279
0.276
0.272
0.303
0.498
0.493
0.342
0.225
0.265
0.226
0.187
0.188
0.227
0.275
0.372
0.206
0.196
0.265
0.232
0.227
0.229
0.233
0.231
0.228
0.227
0.226
0.309
0.307
0.312
0.322
0.681
0.342
0.231
0.457
0.269
0.268
0.271
0.615
0.315
0.693
0.289
0.664
0.23
0.231
0.427
0.23
0.52
0.226
0.227
0.269
0.271
0.228
0.475
0.272
0.269
0.272
0.27
0.272
0.272
0.27
0.551
0.313
0.312
0.232
0.448
0.267
0.546
0.238
0.225
0.227
0.235
0.227
0.263
0.226
0.244
0.312
0.313
0.349
0.318
0.315
0.356
0.451
0.236
0.189
0.197
0.147
0.148
0.155
0.248
0.506
0.704
0.392
0.317
0.342
0.315
0.679
0.466
0.354
0.229
0.229
0.228
0.232
0.226
0.343
0.476
0.63
0.267
0.188
0.499
0.187
1.341
0.889
0.426
0.393
0.272
0.273
0.27
0.271
0.209
0.187
0.188
0.189
0.192
0.189
0.189
0.186
0.317
0.344
0.541
0.343
0.318
0.319
0.456
0.312
0.271
0.269
0.297
0.653
0.613
0.315
0.593
0.317
0.313
0.354
0.313
0.336
0.31
0.187
0.204
0.188
0.186
0.185
0.188
0.314
0.312
0.315
0.327
0.313
0.7
0.67
0.319
0.673
0.716
0.377
0.227
0.23
0.233
0.227
0.231
0.225
0.227
0.555
0.274
0.29
0.277
0.273
0.412
0.192
0.194
0.194
0.429
0.236
0.235
0.234
0.606
0.6
0.313
0.309
0.318
0.314
0.804
0.354
0.355
0.348
0.274
0.279
0.561
0.721
0.542
0.215
0.396
0.23
0.236
0.226
0.226
0.639
0.272
0.269
0.274
0.673
0.19
0.208
0.188
0.187
0.19
0.395
0.229
0.311
0.311
0.31
0.31
0.312
0.709
0.35
0.228
0.229
0.227
0.23
0.228
0.228
0.507
0.271
0.324
0.314
0.324
0.315
0.339
0.31
0.308
0.731
0.892
0.412
0.402
0.495
0.366
0.354
0.355
0.355
0.353
0.354
0.748
0.355
0.389
0.353
0.779
0.395
0.411
0.392
0.391
0.406
0.397
0.391
0.391
0.434
0.351
0.791
0.39
0.39
0.393
0.386
0.386
0.226
0.225
0.225
0.225
0.227
0.227
0.57
0.495
0.27
0.358
0.354
0.347
0.35
0.367
0.8
0.272
0.351
0.69
0.464
0.319
0.314
0.317
0.311
0.314
0.272
0.273
0.568
0.308
0.332
0.317
1.181
0.401
0.191
0.209
0.185
0.193
0.185
0.398
0.21
0.184
0.208
0.705
0.355
0.553
0.39
0.414
0.414
0.147
0.148
0.167
0.146
0.146
0.247
0.209
0.315
0.315
0.707
0.313
0.322
0.188
0.206
0.398
0.389
0.354
0.361
0.353
0.379
0.353
0.371
0.358
0.147
0.144
0.147
0.149
0.149
0.149
0.146
0.146
0.233
0.227
0.245
0.338
0.284
0.257
0.226
0.582
0.194
0.275
0.307
0.289
0.275
0.269
0.686
0.273
0.27
0.193
0.19
0.191
0.192
0.189
0.193
0.189
0.21
0.189
0.49
0.365
0.967
0.511
0.37
0.356
0.352
0.351
0.373
0.437
0.44
0.512
0.32
0.314
0.314
0.31
0.31
0.309
0.314
0.315
0.189
0.186
0.189
0.192
0.187
0.186
0.186
0.196
0.187
0.185
0.187
0.552
0.397
0.231
0.226
0.227
0.643
0.604
0.571
0.285
0.273
0.359
0.349
0.35
0.278
0.23
0.257
0.354
0.361
0.189
0.405
0.235
0.232
0.346
0.294
0.288
0.574
0.321
0.317
0.314
0.311
0.317
0.31
0.308
0.315
0.311
0.258
0.273
0.227
0.68
0.447
0.271
0.449
0.34
1.033
0.339
0.312
0.318
0.336
0.32
0.312
0.314
0.35
0.354
0.314
0.412
0.595
0.312
0.306
0.306
0.336
0.736
0.728
0.353
0.318
0.314
0.313
0.311
0.308
0.774
0.361
0.378
0.864
0.392
0.397
0.391
0.432
0.887
0.435
0.434
0.883
0.432
0.88
0.457
0.468
0.436
0.439
0.435
0.897
0.43
0.359
0.352
0.378
0.356
0.93
0.315
0.333
0.307
0.309
0.272
0.269
0.268
0.268
0.265
0.271
0.29
0.562
0.329
0.162
0.146
0.144
0.232
0.184
0.204
0.184
0.346
0.245
0.31
0.295
0.272
0.269
0.265
0.267
0.273
0.617
0.83
0.358
0.705
0.318
0.696
0.385
0.361
0.391
0.354
0.319
0.324
0.321
0.345
0.325
0.342
0.726
0.395
0.327
0.321
0.324
0.316
0.339
0.313
0.314
0.807
0.385
0.201
0.531
0.148
0.149
0.149
0.356
0.353
0.36
0.446
0.436
0.439
0.98
0.362
0.193
0.193
0.359
0.239
0.152
0.441
0.151
0.451
0.447
0.48
0.443
0.463
0.149
0.149
0.251
0.227
0.193
0.189
0.189
0.189
0.507
0.239
0.232
0.233
0.151
0.148
0.15
0.147
0.247
0.188
0.189
0.187
0.189
0.516
0.259
0.172
0.754
0.369
0.361
0.359
0.36
0.365
0.365
0.364
0.396
0.196
0.192
0.189
0.152
0.466
0.242
0.189
0.195
0.278
0.309
0.276
0.278
0.407
0.335
0.32
0.318
0.332
0.37
0.366
0.317
0.317
0.234
0.232
0.234
0.231
0.235
0.232
0.45
0.191
0.19
0.191
0.188
0.188
0.191
0.19
0.189
0.19
0.216
0.191
0.353
0.232
0.232
0.234
0.23
0.234
0.232
0.24
0.576
0.233
0.232
0.235
0.468
0.275
0.277
0.507
0.212
0.348
0.221
0.193
0.192
0.188
0.367
0.235
0.236
0.236
0.232
0.364
0.858
0.261
0.553
0.275
0.278
0.275
0.273
0.275
0.275
0.273
0.27
0.274
0.615
0.274
0.322
0.32
0.354
0.315
0.319
0.639
0.275
1.56
0.324
0.314
0.329
0.69
0.363
0.36
0.361
0.732
0.357
0.359
0.359
0.363
0.45
0.44
0.448
0.466
0.446
0.445
0.442
0.447
0.495
0.617
0.312
0.308
0.308
0.732
0.519
0.424
0.663
0.355
0.324
0.309
0.307
0.659
0.355
0.351
0.372
0.349
0.351
0.226
0.228
0.227
0.233
0.229
0.228
0.226
0.225
0.169
0.146
0.149
0.148
0.15
0.457
0.234
0.186
0.451
0.441
0.438
0.437
0.463
0.975
1.198
0.794
0.434
0.186
0.186
0.185
0.185
0.185
0.185
0.183
0.183
0.148
0.246
0.485
0.343
0.229
0.228
0.226
0.229
0.226
0.273
0.271
0.27
0.272
0.272
0.266
0.266
0.266
0.143
0.181
0.164
0.147
0.145
0.146
0.147
0.146
0.278
0.278
0.27
0.27
0.267
0.269
0.266
0.266
0.288
0.271
0.273
0.268
0.272
0.267
0.29
0.267
0.267
0.187
0.217
0.191
0.187
0.186
0.188
0.187
0.185
0.314
0.313
0.33
0.311
0.313
0.31
0.356
0.892
0.466
1.752
0.357
0.349
0.349
0.782
0.371
0.437
0.434
0.431
0.434
0.431
0.43
0.43
0.43
0.338
0.31
0.312
0.315
0.311
0.318
0.31
0.405
0.146
0.43
0.246
0.191
0.256
0.237
0.42
0.231
0.445
0.438
0.435
0.44
0.188
0.185
0.188
0.187
0.186
0.186
0.187
0.186
0.185
0.189
0.187
0.505
0.189
0.486
0.436
0.438
0.187
0.189
0.188
0.746
0.526
0.148
0.245
0.186
0.534
0.334
0.273
0.269
0.189
0.188
0.188
0.187
0.315
0.316
0.31
0.312
0.355
0.354
0.353
0.388
0.317
0.313
0.316
0.315
0.318
0.313
0.317
0.315
0.314
0.147
0.44
0.207
0.384
0.211
0.156
0.153
0.147
0.146
0.147
0.157
0.147
0.372
0.193
0.189
0.227
0.186
0.246
0.187
0.187
0.361
0.359
0.374
0.351
0.351
0.353
0.356
0.395
0.189
0.186
0.187
0.188
0.186
0.336
0.228
0.187
0.185
0.193
0.185
0.185
0.211
0.186
0.187
0.231
0.227
0.227
0.227
0.225
0.231
0.566
0.38
0.233
0.228
0.23
0.226
0.23
0.229
0.255
0.229
0.188
0.188
0.19
0.185
0.19
0.185
0.186
0.209
0.318
0.737
0.188
0.498
0.185
0.492
0.186
0.252
0.188
0.352
0.351
0.349
0.352
0.349
0.351
0.35
0.369
0.694
0.628
0.685
0.386
0.351
0.351
0.359
0.39
0.354
0.371
0.355
0.35
0.356
0.349
0.352
0.382
0.341
0.32
0.459
0.291
0.257
0.261
0.232
0.228
0.225
0.228
0.226
0.229
0.464
0.186
0.185
0.507
0.435
0.215
0.19
0.189
0.186
0.281
0.19
0.186
0.185
0.187
0.144
0.143
0.144
0.43
0.145
0.146
0.243
0.184
0.357
0.27
0.269
0.191
0.192
0.188
0.545
0.186
0.344
0.224
0.235
0.188
0.569
0.191
0.346
0.189
0.192
0.358
0.279
0.228
0.226
0.23
0.588
0.19
0.187
0.188
0.347
0.234
0.228
0.249
0.235
0.232
0.229
0.317
0.231
0.231
0.266
0.458
0.147
0.148
0.143
0.186
0.187
0.188
0.186
0.187
0.203
0.192
0.187
0.274
0.27
0.271
0.269
0.274
0.273
0.275
0.273
0.307
0.292
0.272
0.615
0.273
0.271
0.369
0.499
0.233
0.228
0.227
0.226
0.223
0.265
0.249
0.31
0.278
0.274
0.275
0.27
0.27
0.27
0.271
0.271
0.199
0.189
0.187
0.189
0.213
0.188
0.187
0.186
0.234
0.234
0.266
0.234
0.227
0.226
0.229
0.227
0.242
0.186
0.187
0.186
0.187
0.187
0.185
0.185
0.228
0.226
0.403
0.36
0.268
0.459
0.271
0.271
0.268
0.28
0.273
0.273
0.288
0.268
0.267
0.234
0.547
0.233
0.228
0.232
0.228
0.228
0.187
0.338
0.553
0.254
0.232
0.228
0.191
0.186
0.187
0.187
0.189
0.187
0.187
0.187
0.231
0.23
0.263
0.324
0.558
0.193
0.191
0.187
0.191
0.186
0.186
0.206
0.221
0.208
0.188
0.192
0.185
0.544
0.452
0.289
0.265
0.58
0.314
0.31
0.712
0.326
0.27
0.27
0.273
0.33
0.271
0.268
0.269
0.266
0.566
0.485
0.372
0.375
0.311
0.34
0.237
0.228
0.254
0.228
0.211
0.188
0.187
0.184
0.2
0.19
0.19
0.353
0.249
0.188
0.478
0.209
0.188
0.193
0.189
0.207
0.367
0.232
0.205
0.189
0.187
0.188
0.188
0.208
0.495
0.365
0.229
0.229
0.227
0.249
0.454
0.296
0.543
0.259
0.277
0.208
0.234
0.186
0.19
0.207
0.258
0.797
0.336
1.285
0.277
0.27
0.316
0.272
0.273
0.271
0.269
0.269
0.271
0.268
0.634
0.273
0.228
0.226
0.452
0.269
0.186
0.185
0.184
0.183
0.203
0.207
0.189
0.353
0.228
0.265
0.188
0.185
0.187
0.186
0.188
0.187
0.183
0.184
0.187
0.185
0.348
0.226
0.225
0.226
0.231
0.228
0.254
0.227
0.226
0.242
0.229
0.228
0.46
0.269
0.189
0.186
0.186
0.188
0.188
0.186
0.185
0.188
0.19
0.204
0.19
0.189
0.187
0.189
0.189
0.187
0.188
0.189
0.187
0.194
0.185
0.187
0.187
0.188
0.193
0.189
0.186
0.187
0.187
0.257
0.232
0.227
0.232
0.264
0.94
0.542
0.244
0.362
0.227
0.226
0.231
0.235
0.227
0.226
0.25
0.227
0.484
0.282
0.266
0.286
0.268
0.265
0.358
1.041
0.68
0.275
0.566
0.193
0.196
0.198
0.359
0.231
0.241
0.231
0.24
0.229
0.277
0.262
0.263
0.235
0.231
0.24
0.232
0.231
0.231
0.233
0.237
0.228
0.579
0.229
0.238
0.549
0.233
0.231
0.237
0.235
0.235
0.355
0.487
0.412
0.381
0.277
0.289
0.287
0.192
0.194
0.4
0.234
0.242
0.24
0.23
0.226
0.228
0.19
0.196
0.21
0.203
0.189
0.198
0.189
0.234
0.23
0.232
0.474
0.297
0.426
0.289
0.327
0.608
0.644
0.16
0.16
0.16
0.515
0.158
0.153
0.243
0.209
0.188
0.186
0.188
0.345
0.231
0.269
0.295
0.234
0.23
0.228
0.226
0.261
0.23
0.228
0.231
0.232
0.231
0.226
0.188
0.186
0.189
0.186
0.185
0.189
0.189
0.189
0.188
0.187
0.19
0.187
0.325
0.211
0.189
0.213
0.245
0.164
0.151
0.223
0.243
0.273
0.267
0.228
0.225
0.264
0.229
0.228
0.237
0.142
0.144
0.166
0.148
0.142
0.141
0.192
0.154
0.237
0.226
0.23
0.339
0.226
0.225
0.242
0.258
0.188
0.187
0.203
0.187
0.188
0.186
0.185
0.19
0.188
0.256
0.226
0.25
0.232
0.23
0.519
0.326
1.298
0.189
0.187
0.31
0.197
0.24
0.197
0.353
0.228
0.232
0.226
0.271
0.252
0.227
0.474
0.27
0.273
0.235
0.568
0.452
0.269
0.268
0.274
0.265
0.265
0.276
0.146
0.155
0.146
0.239
0.187
0.28
0.188
0.188
0.186
0.238
0.189
0.186
0.188
0.195
0.208
0.188
0.186
0.197
0.188
0.196
0.206
0.187
0.24
0.23
0.227
0.226
0.553
0.648
0.282
0.279
0.27
0.19
0.362
0.546
0.459
0.269
0.276
0.265
0.305
0.278
0.196
0.186
0.187
0.184
0.356
0.399
1.081
0.207
0.217
0.207
0.189
0.193
0.671
0.422
0.274
0.279
0.278
0.636
0.335
0.28
0.607
0.279
0.274
0.275
0.331
0.275
0.196
0.258
0.192
0.194
0.254
0.357
0.235
0.241
0.236
0.236
0.237
0.234
0.241
0.234
0.193
0.193
0.192
0.192
0.2
0.193
0.534
0.356
0.194
0.191
0.195
0.199
0.22
0.21
0.192
0.196
0.237
0.234
0.238
0.237
0.237
0.234
0.234
0.234
0.194
0.215
0.193
0.19
0.194
0.192
0.195
0.191
0.235
0.237
0.233
0.236
0.237
0.231
0.233
0.23
0.197
0.191
0.199
0.197
0.194
0.322
0.202
0.191
0.19
0.191
0.189
0.189
0.189
0.279
0.306
0.277
0.279
0.274
0.271
0.271
0.273
0.148
0.145
0.197
0.149
0.148
0.147
0.146
0.146
0.202
0.151
0.252
0.225
0.193
0.191
0.188
0.361
0.244
0.235
0.235
0.237
0.237
0.236
0.239
0.236
0.196
0.194
0.191
0.19
0.487
0.511
0.195
0.195
0.194
0.24
0.236
0.232
0.241
0.235
0.232
0.232
0.235
0.233
0.238
0.231
0.233
0.234
0.23
0.234
0.233
0.195
0.193
0.191
0.371
0.231
0.234
0.235
0.228
0.19
0.19
0.191
0.19
0.19
0.211
0.191
0.356
0.15
0.628
0.97
0.235
0.151
0.151
0.177
0.252
0.192
0.188
0.198
0.188
0.189
0.19
0.232
0.236
0.232
0.482
0.275
0.314
0.276
0.272
0.281
0.674
0.408
0.647
0.257
0.193
0.19
0.191
0.194
0.194
0.191
0.192
0.189
0.234
0.19
0.15
0.212
0.233
0.19
0.213
0.193
0.198
0.194
0.189
0.438
0.149
0.26
0.189
0.189
0.189
0.189
0.19
0.507
0.368
0.244
0.251
0.236
0.235
0.244
0.23
0.573
0.188
0.242
0.284
0.19
0.148
0.158
0.145
0.439
0.246
0.197
0.193
0.189
0.189
0.197
0.191
0.339
0.234
0.232
0.188
0.236
0.232
0.275
0.231
0.266
0.2
0.525
0.363
0.358
0.359
0.255
0.231
0.235
0.246
0.233
0.193
0.193
0.192
0.219
0.191
0.191
0.217
0.192
0.19
0.373
0.235
0.234
0.229
0.26
0.19
0.213
0.196
0.19
0.543
0.218
0.195
0.237
0.232
0.558
0.451
0.293
0.276
0.272
0.291
0.275
0.211
0.195
0.191
0.19
0.21
0.19
0.189
0.192
0.214
0.291
0.19
0.192
0.191
0.232
0.637
0.296
0.565
0.338
0.221
0.191
0.194
0.19
0.571
0.239
0.254
0.238
0.229
0.148
0.211
0.585
0.233
0.475
0.512
0.194
0.194
0.192
0.198
0.239
0.238
0.233
0.472
0.278
0.3
0.277
0.273
0.312
0.274
0.193
0.253
0.256
0.236
0.233
0.58
0.518
0.274
0.275
0.334
0.42
0.177
0.151
0.204
0.169
0.151
0.15
0.153
0.151
0.238
0.194
0.562
0.231
0.231
0.234
0.233
0.234
0.234
0.242
0.234
0.237
0.238
0.192
0.191
0.192
0.218
0.193
0.477
0.193
0.191
0.191
0.192
0.48
0.216
0.194
0.189
0.194
0.192
0.191
0.369
0.232
0.232
0.236
0.25
0.238
0.193
0.493
0.358
0.283
0.293
0.658
0.281
0.281
0.27
0.649
0.298
0.595
0.147
0.28
0.33
0.279
0.275
0.272
0.271
0.274
0.277
0.19
0.193
0.218
0.522
0.52
0.191
0.368
0.406
0.626
0.194
0.192
0.192
0.639
0.19
0.192
0.192
0.362
0.352
0.232
0.234
0.236
0.231
0.468
0.277
0.276
0.275
0.272
0.202
0.192
0.193
0.216
0.19
0.189
0.189
0.19
0.19
0.319
0.317
0.318
0.315
0.314
0.317
0.313
0.317
0.314
0.231
0.257
0.19
0.152
0.234
0.19
0.233
0.191
0.316
0.32
0.315
0.312
0.721
0.319
0.369
0.321
0.78
0.194
0.38
0.276
0.275
0.276
0.277
0.278
0.277
0.273
0.273
0.233
0.191
0.241
0.278
0.197
0.193
0.194
0.195
0.194
0.36
0.236
0.235
0.254
0.25
0.611
0.332
0.289
1.099
0.282
0.282
0.292
0.214
0.205
0.378
0.229
0.231
0.227
0.232
0.226
0.27
0.191
0.188
0.188
0.188
0.322
0.27
0.346
0.299
0.236
1.039
0.314
0.937
0.531
0.404
0.356
0.209
0.192
0.189
0.185
0.224
0.334
0.186
0.358
0.277
0.277
0.231
0.231
0.229
0.231
0.23
0.229
0.228
0.227
0.351
0.186
0.229
0.224
0.229
0.225
0.238
0.227
0.23
0.225
0.227
0.25
0.227
0.187
0.411
0.226
0.228
0.227
0.225
0.228
0.224
0.252
0.228
0.644
0.453
0.402
0.353
0.356
0.362
0.358
0.357
0.277
0.346
0.337
0.335
0.517
0.269
0.273
0.268
0.265
0.265
0.268
0.271
0.268
0.268
0.27
0.268
0.246
0.299
0.189
0.229
0.269
0.226
0.582
0.409
0.335
0.441
0.69
0.39
0.582
0.402
0.446
1.125
0.452
0.516
0.453
0.454
0.388
0.458
1.162
0.449
0.386
0.597
0.601
0.315
0.614
0.518
0.394
0.387
0.534
0.46
0.457
0.331
0.458
0.654
0.348
0.255
0.272
0.273
0.318
0.571
0.332
0.677
0.697
0.35
0.364
0.355
0.305
0.286
0.265
0.269
0.289
0.287
1.337
1.093
0.234
0.19
0.188
1.013
0.413
0.372
0.3
0.679
0.31
0.319
0.309
0.311
0.188
0.27
0.358
0.27
0.312
0.31
0.399
0.271
0.302
0.271
0.268
0.267
0.27
0.231
0.227
0.316
0.23
0.229
0.228
0.228
0.229
0.227
0.313
0.399
0.23
0.333
0.312
0.27
0.592
0.233
0.29
0.374
0.282
0.238
0.322
0.259
0.239
0.237
0.322
0.585
0.238
0.231
0.236
0.231
0.516
0.273
0.285
0.279
0.295
0.372
0.243
0.235
0.238
0.526
0.28
0.277
0.282
0.278
0.279
0.28
0.321
0.517
0.276
0.316
0.363
0.283
0.301
0.277
0.276
0.599
0.319
0.344
0.317
0.321
1.771
0.38
0.28
0.357
0.276
0.276
0.276
0.275
0.623
0.319
0.319
0.55
0.473
0.604
0.565
0.479
0.477
0.469
0.471
0.467
0.471
0.616
0.533
0.393
0.64
0.466
1.519
0.407
0.476
1.153
0.581
1.17
0.616
0.62
0.627
0.614
0.615
1.847
1.441
0.713
0.734
0.685
0.683
0.686
0.74
0.692
0.707
0.407
0.546
0.547
0.472
0.472
0.543
0.543
0.546
0.772
0.552
0.474
0.685
1.002
0.565
0.542
0.621
0.598
1.783
0.798
0.799
0.413
0.405
0.426
0.404
0.401
0.407
0.318
0.685
0.361
0.357
0.357
0.383
0.359
0.843
0.406
0.277
0.32
0.234
0.272
0.32
0.694
0.362
0.362
0.484
0.368
0.358
0.869
0.403
0.39
0.403
0.318
0.234
0.236
0.595
0.523
0.275
0.571
0.324
0.322
0.321
0.318
0.404
0.408
0.403
0.374
0.393
0.354
0.354
0.354
0.352
0.377
0.382
0.435
0.41
0.318
0.691
0.356
0.691
0.447
0.829
0.93
0.96
0.43
0.391
0.388
0.39
0.389
0.388
0.389
0.43
0.351
0.345
0.378
0.391
0.385
0.389
0.603
0.409
0.393
0.501
0.384
0.309
0.307
0.303
0.308
0.749
0.372
0.349
0.346
0.853
0.313
0.349
0.27
0.348
0.884
0.395
0.39
0.39
0.411
0.392
0.895
0.433
0.844
0.353
0.352
0.356
0.352
0.971
0.391
0.395
0.437
0.39
0.435
0.43
0.436
0.845
1.218
0.495
0.436
0.431
0.314
0.307
0.307
0.309
0.589
0.484
0.56
0.556
0.483
0.456
0.394
0.444
0.464
0.392
0.269
0.403
0.418
0.407
0.894
0.522
0.381
0.547
0.438
0.353
0.782
0.393
0.564
0.301
0.402
0.403
0.396
0.397
0.397
0.392
0.395
0.397
0.321
0.313
0.309
0.314
0.312
0.284
0.273
0.276
0.64
0.277
0.313
0.27
0.272
0.311
0.311
0.667
0.41
0.511
0.309
0.958
1.831
0.416
0.518
0.412
0.291
0.281
0.277
0.274
0.276
0.311
0.276
0.279
0.273
0.311
0.992
0.438
0.433
0.434
0.455
0.433
0.434
0.457
0.962
0.429
0.428
0.426
0.427
0.443
0.464
0.472
0.324
0.318
0.315
0.318
0.318
0.318
0.32
0.32
0.655
0.328
0.365
0.322
0.317
0.318
0.316
0.32
0.32
0.321
0.319
0.322
0.324
0.322
0.277
0.323
0.409
0.451
0.367
0.386
0.385
0.37
0.362
0.36
0.506
0.849
0.403
0.315
0.322
0.317
0.319
0.314
0.313
0.316
0.318
0.316
0.399
0.359
0.45
0.32
0.321
0.319
0.316
0.325
0.343
0.739
0.36
0.358
0.357
0.356
0.983
0.4
0.396
0.409
0.342
0.332
0.32
0.319
0.317
0.316
0.313
0.314
0.401
0.405
0.402
0.399
0.443
0.399
0.431
0.425
0.363
0.366
0.361
0.377
0.442
0.404
0.405
0.404
0.403
0.444
0.403
0.424
0.366
0.652
0.419
0.401
0.399
0.411
0.406
0.431
0.414
0.411
0.286
0.423
0.411
0.408
0.415
0.281
0.286
0.285
0.288
0.278
0.275
0.275
0.276
0.277
0.401
0.319
0.684
0.401
0.363
0.359
0.357
0.366
0.382
0.361
0.359
0.318
0.362
0.355
0.883
0.394
0.318
0.359
0.316
0.327
0.316
0.318
0.319
0.319
0.322
0.361
0.36
0.402
0.791
0.403
0.401
0.401
0.401
0.402
0.397
0.398
0.596
0.46
0.448
0.449
0.646
0.359
0.384
0.378
0.475
0.328
0.322
0.316
0.704
0.396
0.359
0.376
0.359
0.379
0.848
0.358
0.388
0.348
0.395
0.398
0.394
0.417
0.396
0.423
0.361
0.394
0.408
0.524
0.449
0.901
0.44
0.921
0.879
0.881
0.435
0.436
0.356
0.356
0.335
0.952
0.433
0.361
0.441
0.414
0.393
0.411
0.39
0.468
0.833
0.49
1.079
0.434
0.317
0.327
0.313
0.312
0.77
0.276
0.351
0.313
0.308
0.309
0.671
0.434
0.429
0.431
0.264
0.391
0.426
0.457
0.9
0.925
0.425
0.424
0.908
0.879
0.31
0.825
0.355
0.386
0.356
0.353
0.351
0.352
0.356
0.355
0.361
0.353
0.351
0.375
0.389
0.429
0.264
0.348
0.351
0.347
0.346
0.349
0.348
0.344
0.353
0.44
0.892
0.502
0.89
0.401
0.398
0.358
0.395
0.41
0.392
1.014
0.428
0.426
0.424
0.424
0.353
0.387
0.376
0.354
0.354
0.349
0.468
0.477
0.388
0.392
0.521
0.269
0.271
0.271
0.598
0.309
0.307
0.307
0.687
0.408
0.349
0.794
0.309
0.307
0.389
0.971
0.352
0.305
0.309
0.309
0.306
0.72
0.35
0.349
0.348
0.463
0.361
0.361
0.354
0.35
0.361
0.405
1.164
0.522
0.498
0.67
0.386
0.389
0.348
0.346
0.379
0.31
0.352
0.372
0.344
0.74
0.388
0.354
0.349
0.388
0.419
0.394
0.386
0.409
0.391
0.386
0.39
0.352
0.431
0.796
0.355
0.391
0.272
0.399
0.393
0.393
0.395
0.39
0.423
0.397
0.391
0.433
0.429
0.971
0.433
0.432
0.435
0.435
0.471
0.429
0.432
0.434
0.431
0.431
0.431
1.026
0.847
0.264
0.35
0.702
0.399
0.415
0.392
0.391
0.392
0.389
0.392
0.392
0.392
0.387
0.542
0.39
0.39
0.525
0.433
0.388
0.516
0.388
0.357
0.64
0.569
0.307
0.432
0.311
0.311
0.311
0.329
0.333
0.311
0.312
0.31
0.444
0.392
0.449
0.438
0.439
0.568
0.462
0.442
0.44
0.434
0.667
0.44
0.357
0.405
0.358
0.359
0.583
0.441
0.386
0.389
0.602
0.314
0.308
0.308
0.353
0.309
0.352
0.348
0.348
0.351
0.348
0.392
0.345
0.348
0.426
0.308
0.308
0.309
0.31
0.315
0.309
0.306
0.304
0.443
0.449
0.425
0.308
0.389
0.386
0.388
0.387
0.422
0.385
0.409
0.392
0.392
0.392
0.432
0.308
0.308
0.433
0.432
0.429
0.433
0.433
0.435
0.433
0.437
0.767
0.352
0.393
0.353
0.85
0.395
0.461
0.436
0.43
1.262
0.633
0.572
0.406
0.355
0.441
0.43
0.737
0.935
0.439
0.461
0.433
0.434
0.954
0.439
0.435
0.489
0.434
0.435
0.435
0.439
0.353
0.447
0.399
0.399
0.397
0.393
0.393
0.416
0.348
0.452
0.431
0.4
0.446
0.433
0.398
0.375
0.354
0.442
0.433
0.435
0.435
0.434
0.432
0.453
0.429
0.504
0.433
0.458
0.435
0.39
0.399
0.397
0.39
0.393
0.392
0.392
0.554
0.434
0.781
0.653
0.444
0.45
0.398
0.411
0.392
0.39
0.389
0.389
0.394
0.387
0.358
0.348
0.366
0.348
0.352
0.348
0.349
0.387
0.433
0.43
0.427
0.575
0.431
0.429
0.529
0.481
0.391
0.394
0.351
0.351
0.355
0.349
0.35
0.347
0.387
0.397
0.393
0.396
0.51
0.386
0.395
0.386
0.385
0.389
0.407
0.395
0.899
0.43
0.437
0.457
0.434
0.432
0.44
0.425
0.427
0.452
0.431
0.45
0.397
0.354
0.347
0.349
0.345
0.343
0.365
0.434
0.347
0.43
0.427
1.013
0.91
0.387
0.444
0.354
0.351
0.35
0.368
0.348
0.348
0.395
0.35
0.353
0.791
0.434
0.43
0.46
0.432
0.463
0.429
0.427
0.427
0.35
0.444
0.387
0.458
0.39
0.388
0.388
0.385
0.388
0.418
0.351
0.354
0.348
0.787
0.398
0.395
0.452
0.437
0.44
0.441
0.458
0.435
0.429
0.533
0.615
0.397
0.443
0.413
0.397
0.391
0.389
0.428
0.393
0.436
0.431
0.391
0.431
0.433
0.429
0.428
0.458
0.426
0.427
0.425
0.431
0.434
0.431
0.439
0.434
0.437
0.361
0.395
0.426
0.352
0.352
0.475
0.404
0.385
0.355
0.35
0.435
0.44
0.394
0.388
0.417
0.869
0.402
0.399
0.402
0.395
0.357
0.436
0.436
0.463
0.437
0.436
0.445
0.46
0.435
0.789
0.401
0.386
0.391
0.392
0.39
0.442
0.407
0.395
0.44
0.395
0.388
1.05
0.439
0.428
0.631
0.429
0.431
0.43
0.456
0.384
0.349
0.39
0.782
0.352
0.347
0.437
0.345
0.827
0.442
0.393
0.393
0.389
0.389
0.392
0.389
0.388
0.389
0.434
0.351
0.371
0.352
0.353
0.35
0.351
0.352
0.348
0.441
0.662
0.433
0.443
0.764
0.476
1.355
1.213
0.865
0.45
0.43
0.429
0.437
0.433
0.436
0.432
0.434
0.43
0.43
0.43
0.436
0.45
0.939
0.476
0.431
0.431
0.427
0.43
0.389
0.387
0.414
0.391
0.391
0.388
0.389
0.39
0.385
0.395
0.388
0.431
0.822
0.386
0.446
0.388
0.881
0.434
0.425
0.428
0.59
0.79
1.175
0.477
0.4
0.434
0.419
0.912
0.887
0.895
1.112
0.756
0.433
0.426
0.428
0.436
0.394
0.454
0.427
0.429
0.474
0.427
0.43
0.438
0.896
0.453
0.436
0.428
0.427
0.585
0.427
0.426
0.463
0.451
0.432
0.429
0.9
0.43
0.923
0.989
0.88
0.433
0.48
1.076
0.899
0.436
0.432
0.43
0.433
0.395
0.396
0.434
0.394
0.399
0.39
0.971
0.434
0.437
0.419
0.808
1.138
0.441
0.432
0.432
0.662
0.6
1.051
0.435
0.44
1.101
1.08
0.91
0.44
0.435
0.437
0.436
0.441
0.478
1.075
0.458
0.43
0.975
1.143
1.122
1.058
0.436
0.433
0.946
1.058
0.455
0.969
0.441
1.116
0.894
0.437
0.44
0.459
0.438
0.451
0.435
2.055
0.53
0.428
0.427
0.897
0.439
0.433
0.428
0.448
0.434
0.394
0.607
0.946
0.433
0.425
0.427
0.432
0.429
0.903
0.436
0.436
0.478
0.425
0.43
0.403
0.441
0.892
0.954
0.901
0.438
1.128
0.431
1.077
0.523
0.888
0.442
0.441
0.435
0.438
0.435
0.43
0.515
0.437
0.462
0.433
0.456
0.541
0.791
0.43
1.063
0.435
0.43
0.86
0.86
0.892
0.46
0.44
0.956
0.435
0.433
0.953
0.561
0.821
0.985
0.48
0.437
0.459
0.436
0.439
0.43
0.891
0.807
0.443
0.441
0.44
1.026
0.444
0.438
0.438
0.801
0.441
1.106
0.977
0.44
0.441
0.438
0.947
0.452
0.457
0.436
0.434
0.446
0.411
0.432
0.429
0.43
0.43
0.426
0.929
0.587
0.968
1.174
0.438
0.457
0.43
0.985
0.432
0.429
0.43
0.88
0.454
0.436
0.487
0.946
0.432
0.56
0.452
0.971
0.481
0.434
0.43
1.147
0.444
0.466
1.066
0.434
0.892
1.058
0.48
0.438
0.435
0.433
0.395
0.806
0.687
0.388
0.473
0.962
0.427
0.428
0.426
0.45
0.436
0.96
0.432
0.43
0.429
0.922
0.447
0.436
0.427
0.425
0.43
0.428
0.899
0.432
0.452
0.514
0.43
0.427
0.431
0.781
0.444
0.439
0.965
0.43
0.429
0.89
0.877
0.436
0.439
0.457
0.441
0.398
0.436
0.395
0.544
0.39
1.165
0.759
0.469
0.391
0.439
0.432
0.392
0.39
0.931
0.387
0.411
0.429
0.434
0.431
0.432
0.428
0.43
0.431
0.429
0.43
0.45
0.432
0.435
0.46
0.58
0.394
0.417
0.396
0.39
0.404
0.446
0.443
0.434
0.436
0.888
0.435
0.432
0.432
0.43
0.443
0.467
0.432
0.434
0.434
0.432
0.439
0.433
0.397
0.432
0.441
0.434
0.79
0.475
0.436
0.451
0.91
0.431
0.448
0.43
0.448
0.432
0.449
0.45
0.391
0.408
0.407
0.461
0.452
0.432
0.984
0.435
0.976
0.9
0.899
0.45
0.423
0.445
1.084
0.434
0.451
0.436
0.45
0.432
0.451
0.451
0.454
0.429
0.992
0.501
0.39
0.431
0.486
0.437
0.394
0.477
0.45
0.43
0.455
0.458
0.45
0.431
0.446
0.426
0.549
0.445
0.436
0.434
0.436
0.438
0.436
0.481
0.431
0.436
0.432
0.436
0.431
0.428
0.43
0.433
0.464
0.431
0.429
0.43
0.435
0.973
0.413
0.39
0.393
0.389
0.388
0.39
0.396
0.389
0.419
0.471
0.44
0.436
0.437
0.436
0.439
0.433
0.434
0.436
0.396
0.435
0.446
0.437
0.439
0.435
0.44
0.44
0.462
0.436
0.555
0.445
0.424
0.617
0.925
0.437
0.466
0.956
0.934
0.436
0.438
0.41
0.411
0.389
0.42
0.44
0.394
0.411
0.408
0.408
0.435
0.409
0.424
0.432
0.433
0.437
0.955
0.865
0.755
0.644
0.436
0.429
0.393
0.395
0.418
0.395
0.395
0.408
0.55
0.434
0.473
0.436
0.456
0.448
0.456
0.425
0.441
0.506
0.951
0.417
0.653
0.841
0.434
0.928
0.436
0.452
0.43
0.451
0.428
0.424
0.62
0.446
0.452
0.413
0.388
0.452
0.433
0.537
0.439
0.455
0.448
1.04
0.432
0.431
0.44
0.464
1.025
0.458
0.431
0.917
1.144
0.456
0.434
0.454
0.433
0.555
0.478
0.437
0.463
0.435
0.453
0.43
0.453
0.483
0.547
0.616
0.906
0.84
0.43
0.424
0.427
0.425
0.424
0.425
0.421
0.426
0.886
0.434
0.436
0.434
0.438
0.433
0.43
0.438
0.432
0.947
0.436
0.452
0.433
0.78
0.895
0.939
0.456
0.904
0.433
0.948
0.51
0.504
0.513
0.554
0.476
0.4
0.396
0.917
0.402
0.394
0.391
0.391
0.394
0.397
0.397
0.398
0.401
0.755
0.725
0.413
0.396
0.412
0.395
0.683
0.442
0.458
0.434
0.432
0.438
0.451
0.431
0.455
0.442
0.458
0.434
0.454
0.434
0.456
0.466
0.451
0.459
0.453
0.473
0.435
0.461
0.571
0.431
0.507
0.413
0.392
0.39
0.431
0.404
0.414
0.393
0.412
0.39
0.92
0.455
0.434
0.438
0.417
0.851
0.399
0.415
0.395
0.412
0.4
0.542
0.91
0.776
0.39
0.392
0.391
0.396
0.393
0.391
0.408
0.445
0.436
0.936
0.925
0.831
0.428
0.472
1.047
0.592
0.439
0.434
0.433
0.433
0.437
0.438
0.486
0.46
0.434
0.434
0.433
0.433
0.436
0.437
0.457
0.437
0.434
0.437
0.432
0.444
0.939
0.649
1.336
0.44
0.556
0.448
0.681
0.564
0.435
0.432
0.436
0.437
0.434
0.481
0.43
0.432
0.43
0.498
0.426
0.427
0.426
0.44
0.432
0.432
0.426
0.427
0.436
0.431
0.432
0.451
0.429
0.428
0.429
0.433
0.399
0.396
0.393
0.395
0.393
0.47
0.397
0.459
0.432
0.43
0.436
0.438
0.436
0.437
0.431
0.444
0.435
0.435
0.468
1.21
0.703
0.862
0.432
0.883
0.43
0.428
0.431
0.518
0.527
0.436
0.518
0.436
0.437
0.434
1.118
0.433
1.085
0.881
0.425
0.994
0.443
0.4
0.416
0.443
0.44
0.468
0.434
0.505
0.399
0.412
0.399
0.399
0.389
0.392
0.939
0.446
0.44
0.441
0.469
0.434
0.443
0.472
0.437
0.433
0.399
0.956
0.409
0.391
0.525
0.393
0.393
0.542
0.394
0.392
0.396
0.391
0.392
1.007
0.432
0.431
0.433
0.43
0.571
0.434
0.457
0.438
0.432
0.434
0.433
0.445
0.391
0.412
0.397
0.391
0.391
0.393
0.393
0.392
0.441
0.453
0.435
0.44
0.437
0.436
0.436
0.435
0.893
0.466
0.43
0.431
0.431
0.433
0.435
0.49
0.453
0.462
0.456
0.445
0.441
0.44
0.436
0.436
0.434
0.401
0.459
0.417
0.4
0.403
0.427
0.398
0.397
0.44
0.438
0.437
0.514
0.436
0.801
0.439
0.463
0.883
0.449
0.99
0.44
0.439
0.479
0.445
0.465
0.442
0.439
0.438
0.44
0.435
0.438
0.435
0.477
0.435
1.054
0.434
0.408
0.4
0.417
0.4
0.401
1.315
0.438
0.44
0.437
0.456
0.447
0.44
0.436
0.451
0.433
0.436
0.438
0.43
0.583
0.469
0.496
0.493
0.439
0.398
0.391
0.42
0.396
0.405
0.411
0.405
0.4
0.399
0.398
0.403
0.953
0.443
0.437
0.437
0.434
0.693
0.446
0.438
0.439
0.432
0.433
0.43
0.432
0.431
0.316
0.315
0.316
1.037
0.437
0.465
0.596
0.361
0.368
0.437
0.431
0.43
0.427
0.43
0.446
0.581
0.438
0.44
0.437
0.435
0.504
0.433
0.432
0.435
0.469
0.435
0.436
0.459
0.439
0.98
0.441
0.399
0.395
0.396
0.7
1.159
0.741
0.833
0.723
0.404
0.443
0.439
0.442
0.439
0.438
0.441
0.444
0.425
0.42
0.394
0.438
0.401
0.392
0.44
0.396
0.71
0.499
0.497
0.632
0.402
0.395
0.416
0.395
0.417
0.387
0.394
0.393
0.434
0.435
0.433
0.384
0.43
0.347
0.364
0.349
0.348
0.349
0.348
0.82
0.39
0.433
0.437
0.528
0.913
0.415
0.909
0.557
0.454
0.434
0.433
0.437
0.315
0.313
0.311
0.312
0.337
0.317
0.313
0.315
0.484
0.44
0.442
0.434
0.506
0.46
0.437
0.981
0.443
0.48
0.441
0.929
1.086
0.715
0.828
0.401
0.396
0.438
0.435
0.983
0.433
0.43
0.433
0.478
0.434
0.974
0.432
0.404
0.398
0.397
0.396
0.459
0.443
0.438
0.463
0.446
0.438
0.438
0.436
0.449
0.442
0.435
0.446
0.597
0.478
0.445
0.44
0.439
0.438
0.431
0.44
0.435
0.439
0.44
0.44
0.443
0.441
0.421
0.408
0.399
0.396
0.393
0.882
0.518
0.694
0.392
0.387
0.425
0.391
0.391
0.394
0.393
0.353
0.377
0.351
0.355
0.356
0.351
0.351
0.352
0.354
0.442
0.438
0.44
0.436
0.441
0.433
0.452
0.437
0.412
0.397
0.39
0.393
0.634
0.411
0.357
0.371
0.357
0.351
0.355
0.354
0.349
0.395
0.391
0.393
0.394
0.427
0.395
0.391
0.392
0.314
0.311
0.313
0.313
0.311
0.311
0.309
0.308
0.439
0.438
0.435
0.664
0.789
0.857
0.438
0.458
0.437
0.457
0.432
0.454
0.436
0.456
0.427
0.476
0.439
0.396
0.414
0.396
0.417
0.397
0.638
0.533
0.464
0.423
0.402
0.421
0.398
0.4
0.427
0.394
0.397
0.353
0.37
0.375
0.359
0.334
0.312
0.317
0.334
0.315
0.339
0.317
0.314
0.471
0.444
0.465
0.424
0.413
0.42
0.414
0.418
0.398
0.399
0.399
0.76
0.568
0.636
0.921
0.446
0.458
0.441
0.434
0.398
0.399
0.399
0.398
0.394
0.399
0.44
0.391
0.315
0.314
0.312
0.309
0.312
0.31
0.311
0.309
0.415
0.405
0.397
0.398
0.403
0.396
0.397
0.313
0.317
0.315
0.317
0.334
0.317
0.313
0.314
0.447
0.443
0.523
0.439
0.441
0.464
0.439
0.444
0.317
0.31
0.314
0.315
0.313
0.32
0.404
0.403
0.395
0.398
0.399
0.398
0.4
0.361
0.356
0.399
0.401
0.397
0.397
1.058
0.786
0.398
0.397
0.359
0.352
0.376
0.36
0.347
0.391
0.35
0.357
0.445
0.437
0.434
0.434
0.433
0.439
0.465
0.436
0.401
0.396
0.401
0.397
0.426
0.395
0.498
0.427
0.445
0.497
0.441
0.562
0.487
0.399
0.399
0.396
0.4
0.395
0.395
0.321
0.314
0.314
0.311
0.311
0.275
0.611
0.346
0.337
0.487
0.521
0.327
0.402
0.409
0.393
0.402
0.397
0.405
0.395
0.406
0.322
0.313
0.314
0.32
0.31
0.27
0.269
0.269
0.269
0.331
0.312
0.271
0.318
0.314
0.317
0.311
0.312
0.313
0.321
0.431
0.325
0.308
0.31
0.322
0.311
0.322
0.321
0.313
0.315
0.332
0.366
0.316
0.271
0.275
0.272
0.272
0.279
0.271
0.268
0.346
0.397
0.402
0.406
0.411
0.403
0.405
0.4
0.4
0.285
0.273
0.274
0.278
0.272
0.273
0.745
0.345
0.823
0.395
0.391
0.391
0.39
0.387
0.435
0.391
0.396
0.392
0.51
0.39
0.388
0.389
0.466
0.388
0.267
0.27
0.269
0.275
0.311
0.313
0.315
0.314
0.323
0.315
0.316
0.311
0.38
0.273
0.305
0.314
0.311
0.311
0.679
0.35
0.349
0.351
0.351
0.539
0.39
0.414
0.392
0.408
0.4
0.394
0.392
0.442
0.442
0.443
0.275
0.441
0.442
0.269
0.451
0.285
0.49
0.269
0.267
0.433
0.269
0.271
0.998
0.798
0.282
0.271
0.441
0.37
0.304
0.27
0.383
0.468
0.678
0.231
0.259
0.226
0.249
0.228
0.226
0.226
0.473
0.271
0.268
0.353
0.285
0.268
0.273
0.265
0.265
0.233
0.228
0.226
0.228
0.445
0.459
0.564
0.434
0.449
0.433
0.446
0.427
0.35
0.353
0.35
0.356
0.266
0.27
0.269
0.268
0.267
0.265
0.227
0.227
0.229
0.226
0.227
0.312
0.227
0.228
0.225
0.232
0.227
0.455
0.269
0.269
0.29
0.271
0.267
0.354
0.354
0.348
0.845
0.459
0.317
0.312
0.347
0.312
0.318
0.311
0.307
0.309
0.43
0.329
0.311
0.68
0.354
0.349
0.671
0.869
0.318
0.577
0.348
0.313
0.312
0.316
0.31
0.311
0.312
0.232
0.229
0.23
0.226
0.323
0.269
0.268
0.187
0.187
0.186
0.223
0.186
0.187
0.184
0.187
0.232
0.229
0.265
0.232
0.228
0.231
0.23
0.224
0.355
0.353
0.254
0.227
0.228
0.234
0.226
0.23
0.226
0.225
0.188
0.185
0.187
0.186
0.187
0.185
0.185
0.183
0.378
0.357
0.354
0.355
0.681
0.805
0.315
0.307
0.313
0.313
0.312
0.331
0.315
0.313
0.189
0.191
0.189
0.188
0.187
0.186
0.355
0.258
0.586
0.443
0.395
0.439
0.336
0.304
0.27
0.272
0.399
0.392
0.396
0.392
0.391
0.358
0.311
0.313
0.332
0.312
0.315
0.322
0.313
0.399
0.401
0.397
0.397
0.396
0.394
0.399
0.395
0.337
0.319
0.315
0.707
0.314
0.31
0.321
0.313
0.315
0.314
0.666
0.356
0.352
0.271
0.27
0.294
0.275
0.272
0.27
0.269
0.27
0.855
0.356
0.351
0.391
0.353
0.351
0.347
0.351
0.347
0.187
0.185
0.187
0.206
0.145
0.146
0.146
0.271
0.27
0.144
0.241
0.265
0.268
0.187
0.183
0.185
0.187
0.274
0.271
0.27
0.275
0.226
0.228
0.555
0.229
0.453
0.27
0.272
0.271
0.269
0.188
0.187
0.189
0.476
0.229
0.229
0.228
0.288
0.472
0.422
0.467
0.228
0.231
0.145
0.147
0.147
0.433
0.491
0.269
0.289
0.273
0.608
0.268
0.266
0.271
0.269
0.271
0.269
0.562
0.311
0.404
0.743
0.856
0.354
0.369
0.351
0.349
0.435
0.347
0.349
0.35
0.803
0.347
0.393
0.42
0.387
0.408
0.408
0.409
0.189
0.187
0.186
0.185
0.373
0.23
0.229
0.246
0.256
0.186
0.494
0.188
0.188
0.186
0.351
0.227
0.227
0.247
0.45
0.267
0.266
0.459
0.727
0.311
0.312
0.41
0.357
0.144
0.166
0.152
0.236
0.221
0.188
0.186
0.184
0.186
0.267
0.265
0.271
0.27
0.272
0.629
0.27
0.266
0.573
0.402
0.393
0.392
0.394
0.389
0.875
0.437
0.894
0.47
1.764
0.463
0.431
0.437
0.425
0.486
0.866
0.433
0.428
0.431
0.877
0.465
0.459
0.429
0.427
0.314
0.317
0.307
0.144
0.141
0.151
0.233
0.275
0.271
0.336
0.269
0.269
0.268
0.303
0.272
0.268
0.276
0.303
0.617
0.567
0.307
0.316
0.31
0.329
0.322
0.323
0.664
0.32
0.671
0.36
0.35
0.364
0.354
0.795
0.361
0.35
0.36
0.674
0.347
0.187
0.189
0.189
0.19
0.186
0.187
0.186
0.398
0.41
1.074
0.319
0.316
0.687
0.312
0.312
0.313
0.377
0.352
0.353
0.351
0.352
0.349
0.348
0.349
0.35
0.231
0.227
0.228
0.226
0.228
0.228
0.225
0.225
0.357
0.386
0.355
0.785
0.78
0.969
0.434
0.366
0.375
0.355
0.36
0.39
0.355
0.352
0.353
0.184
0.186
0.187
0.188
0.185
0.187
0.187
0.191
0.318
0.316
0.32
0.418
0.445
0.313
0.316
0.449
0.361
0.359
0.388
0.361
0.358
0.383
0.36
0.354
0.794
0.475
0.152
0.164
0.147
0.145
0.146
0.145
0.146
0.194
0.184
0.185
0.185
0.186
0.187
0.185
0.187
0.147
0.145
0.24
0.186
0.186
0.27
0.186
0.186
0.185
0.441
0.432
0.43
0.429
0.432
0.434
0.432
0.436
0.342
0.227
0.227
0.235
0.333
0.229
0.232
0.231
0.569
0.398
0.391
0.793
0.872
0.228
0.227
0.229
0.227
0.276
0.235
0.496
0.645
0.312
0.354
0.352
0.353
0.348
0.35
0.348
0.351
0.349
0.355
0.189
0.186
0.184
0.185
0.188
0.186
0.188
0.189
0.383
0.277
0.216
0.59
0.153
0.147
0.155
0.148
0.187
0.36
0.275
0.23
0.232
0.239
0.265
0.458
0.278
0.189
0.189
0.196
0.188
0.189
0.187
0.193
0.187
0.234
0.229
0.229
0.266
0.231
0.447
0.434
0.44
0.432
0.438
0.436
0.44
0.884
0.446
0.198
0.193
0.22
0.189
0.196
0.188
0.189
0.187
0.194
0.189
0.185
0.229
0.188
0.187
0.186
0.192
0.188
0.188
0.347
0.227
0.227
0.227
0.238
0.503
0.275
0.147
0.145
0.147
0.146
0.144
0.307
0.199
0.187
0.188
0.147
0.154
0.152
0.148
0.147
0.147
0.145
0.152
0.184
0.187
0.185
0.187
0.208
0.185
0.23
0.789
0.556
0.234
0.229
0.767
0.232
0.228
0.193
0.473
0.236
0.228
0.441
0.276
0.296
0.637
0.274
0.361
0.427
0.65
0.395
0.356
0.354
0.357
0.356
0.358
0.379
0.442
0.405
0.358
0.359
0.356
0.809
0.575
0.453
0.445
0.444
0.455
0.445
0.443
0.446
0.443
0.361
0.357
0.367
0.357
0.358
0.356
0.376
0.352
0.354
0.353
0.358
0.349
0.761
0.932
0.779
0.829
0.472
0.187
0.186
0.186
0.334
0.225
0.229
0.226
0.229
0.248
0.185
0.187
0.185
0.183
0.184
0.187
0.185
0.347
0.229
0.189
0.186
0.184
0.347
0.347
0.249
0.23
0.537
0.227
0.449
0.468
0.439
0.434
0.358
0.376
0.353
0.352
0.353
0.354
0.35
0.354
0.19
0.189
0.19
0.187
0.19
0.188
0.186
0.186
0.208
0.186
0.186
0.186
0.185
0.186
0.187
0.481
0.358
0.352
0.351
0.351
0.368
0.376
0.354
0.35
0.362
0.488
0.399
0.348
0.346
0.278
0.267
0.29
0.289
0.271
0.206
0.23
0.229
0.247
0.229
0.225
0.226
0.229
0.226
0.19
0.187
0.185
0.362
0.289
0.272
0.269
0.291
0.267
0.267
0.285
0.564
0.192
0.361
0.234
0.244
0.225
0.227
0.751
0.337
0.295
0.269
0.379
0.355
0.391
0.356
0.375
0.353
0.378
0.192
0.19
0.528
0.361
0.233
0.246
0.23
0.558
0.235
0.23
0.25
0.228
0.23
0.232
0.231
0.268
0.235
0.226
0.385
0.15
0.146
0.151
0.435
0.143
0.169
0.412
0.299
0.207
0.215
0.19
0.207
0.189
0.19
0.231
0.386
0.355
0.354
0.375
0.355
0.392
0.753
0.467
0.296
0.969
0.232
0.466
0.783
0.768
0.536
0.352
0.356
0.779
0.35
0.666
0.998
0.288
0.229
0.231
0.235
0.317
0.36
0.342
0.325
0.187
0.188
0.198
0.185
0.228
0.235
0.23
0.231
0.229
0.232
0.247
0.228
0.188
0.187
0.363
0.458
0.276
0.272
0.627
0.535
0.273
0.295
0.272
0.269
0.283
0.276
0.274
0.401
0.601
0.186
0.185
0.187
0.203
0.189
0.188
0.186
0.186
0.312
0.271
0.27
0.269
0.267
0.271
0.272
0.272
0.31
0.311
0.661
0.352
0.196
0.186
0.186
0.187
0.189
0.187
0.185
0.226
0.357
0.489
1.107
0.718
0.231
0.225
0.244
0.258
0.228
0.231
0.263
0.227
0.309
0.308
0.306
0.327
0.306
0.677
0.352
0.393
0.142
0.142
0.143
0.146
0.162
0.145
0.144
0.144
0.145
0.162
0.44
0.232
0.247
0.248
0.228
0.227
0.249
0.227
0.623
0.277
0.272
0.267
0.271
0.271
0.272
0.286
0.273
0.271
0.189
0.186
0.251
0.186
0.187
0.311
0.331
0.308
0.311
0.332
0.317
0.331
0.307
0.356
0.368
0.355
0.355
0.718
0.381
0.391
0.552
0.272
0.271
0.233
0.228
0.253
0.253
0.234
0.229
0.23
0.23
0.522
0.19
0.517
0.219
0.194
0.184
0.35
0.226
0.261
0.231
0.227
0.322
0.225
0.227
0.245
0.46
0.29
0.269
0.268
0.288
0.27
0.268
0.291
0.266
0.312
0.272
0.272
0.267
0.654
0.273
0.271
0.355
0.355
0.371
0.351
0.14
0.165
0.146
0.144
0.23
0.252
0.247
0.23
0.246
0.23
0.191
0.207
0.174
0.459
0.242
0.188
0.191
0.214
0.195
0.394
0.279
0.228
0.247
0.229
0.229
0.466
0.269
0.31
0.189
0.187
0.376
0.788
0.391
0.905
0.441
0.434
0.461
0.441
0.442
0.188
0.187
0.404
0.644
0.506
0.247
0.294
0.228
0.57
0.32
0.314
0.23
0.23
0.227
0.233
0.252
0.23
0.227
0.189
0.186
0.185
0.37
0.233
0.228
0.226
0.227
0.228
0.145
0.146
0.587
0.231
0.227
0.187
0.186
0.189
0.224
0.259
0.187
0.189
0.185
0.483
0.264
0.712
0.507
0.294
0.294
0.299
0.231
0.316
0.631
0.449
0.265
0.271
0.29
0.23
0.23
0.23
0.231
0.157
0.148
0.165
0.154
0.15
0.443
0.359
0.355
0.271
0.269
0.268
0.268
0.269
0.27
0.291
0.274
0.322
0.237
0.233
0.227
0.232
0.226
0.226
0.226
0.187
0.186
0.187
0.187
0.187
0.187
0.204
0.188
0.146
0.147
0.436
0.438
0.146
0.436
0.149
0.242
0.229
0.541
0.227
0.228
0.226
0.525
0.229
0.232
0.231
0.228
0.243
0.228
0.228
0.228
0.227
0.228
0.231
0.317
0.694
0.23
0.23
0.229
0.563
0.23
0.23
0.228
0.231
0.227
0.272
0.228
0.229
0.189
0.186
0.206
0.186
0.187
0.187
0.187
0.185
0.187
0.188
0.185
0.19
0.271
0.268
0.271
0.268
0.269
0.272
0.271
0.272
0.185
0.147
0.147
0.147
0.15
0.174
0.188
0.148
0.186
0.147
0.148
0.146
0.147
0.248
0.323
0.429
0.374
0.375
0.153
0.161
0.149
0.243
0.19
0.187
0.189
0.189
0.23
0.232
0.228
0.227
0.229
0.227
0.256
0.229
0.188
0.187
0.19
0.186
0.184
0.324
0.297
0.299
0.352
0.232
0.229
0.229
0.232
0.228
0.233
0.229
0.187
0.189
0.187
0.187
0.195
0.188
0.186
0.205
0.196
0.206
0.19
0.188
0.186
0.189
0.188
0.188
0.228
0.227
0.226
0.228
0.25
0.228
0.187
0.482
0.186
0.188
0.494
0.506
0.187
0.343
0.447
0.357
0.354
0.357
0.352
0.354
0.351
0.351
0.347
0.533
0.229
0.242
0.234
0.228
0.233
0.23
0.228
0.661
0.536
0.194
0.19
0.196
0.187
0.189
0.189
0.51
0.352
0.227
0.448
0.388
0.273
0.298
0.559
0.356
0.276
0.223
0.229
0.191
0.33
0.232
0.235
0.452
0.282
0.283
0.266
0.649
0.301
0.19
0.188
0.19
0.195
0.232
0.269
0.229
0.228
0.556
0.465
0.275
0.267
0.287
0.293
0.621
0.718
0.315
0.196
0.188
0.188
0.185
0.182
0.146
0.436
0.147
0.24
0.469
0.27
0.271
0.267
0.273
0.274
0.555
0.318
0.366
0.358
0.361
0.362
0.212
0.52
0.346
0.225
0.372
0.284
0.278
0.843
0.274
0.357
0.188
0.377
0.224
0.227
0.252
0.319
0.651
0.459
0.29
0.188
0.185
0.188
0.185
0.22
0.19
0.353
0.246
0.194
0.186
0.186
0.203
0.188
0.188
0.19
0.374
0.231
0.233
0.228
0.249
0.481
0.302
0.653
0.415
0.49
0.209
0.333
0.227
0.251
0.227
0.456
0.27
0.293
0.596
0.292
0.271
0.27
0.27
0.273
0.191
0.187
0.189
0.206
0.186
0.185
0.209
0.371
0.227
0.188
0.185
0.188
0.205
0.189
0.187
0.187
0.203
0.48
0.33
0.185
0.188
0.204
0.189
0.189
0.187
0.233
0.189
0.187
0.534
0.237
0.233
0.187
0.183
0.208
0.189
0.187
0.186
0.205
0.188
0.207
0.185
0.187
0.182
0.205
0.192
0.2
0.188
0.208
0.19
0.188
0.189
0.213
0.525
0.501
0.371
0.228
0.228
0.231
0.149
0.146
0.147
0.216
0.143
0.24
0.207
0.206
0.206
0.185
0.185
0.187
0.206
0.189
0.188
0.189
0.229
0.252
0.228
0.268
0.227
0.232
0.257
0.228
0.192
0.187
0.187
0.209
0.187
0.347
0.266
0.227
0.148
0.146
0.165
0.146
0.155
0.145
0.145
0.163
0.145
0.161
0.145
0.148
0.147
0.147
0.167
0.148
0.294
0.247
0.189
0.261
0.201
0.223
0.203
0.223
0.206
0.23
0.521
0.211
0.232
0.215
0.202
0.199
0.213
0.193
0.219
0.192
0.153
0.275
0.199
0.198
0.661
0.261
0.501
0.19
0.197
0.223
0.352
0.582
0.242
0.237
0.231
0.239
0.235
0.232
0.609
0.194
0.504
0.196
0.191
0.19
0.529
0.197
0.265
0.241
0.247
0.243
0.239
0.493
0.284
0.294
0.234
0.232
0.245
0.284
0.251
0.241
0.255
0.263
0.252
0.238
0.249
0.249
0.241
0.238
0.281
0.278
0.277
0.285
0.524
0.196
0.383
0.166
0.153
0.167
0.15
0.149
0.192
0.194
0.193
0.193
0.192
0.161
0.154
0.154
0.154
0.156
0.161
0.221
0.197
0.203
0.197
0.373
0.261
0.516
0.202
0.199
0.213
0.364
0.262
0.252
0.259
0.188
0.205
0.2
0.2
0.152
0.155
0.152
0.261
0.193
0.192
0.193
1.009
0.193
0.192
0.191
0.328
0.277
0.267
0.267
0.269
0.231
0.227
0.287
0.55
0.231
0.187
0.186
0.189
0.184
0.184
0.511
0.222
0.186
0.185
0.187
0.183
0.184
0.186
0.185
0.341
0.229
0.226
0.23
0.226
0.186
0.185
0.187
0.351
0.237
0.228
0.225
0.227
0.545
0.541
0.267
0.266
0.264
0.272
0.269
0.559
0.142
0.145
0.143
0.143
0.142
0.143
0.146
0.146
0.184
0.186
0.186
0.185
0.187
0.202
0.193
0.186
0.187
0.185
0.188
0.186
0.187
0.192
0.186
0.186
0.184
0.186
0.448
0.272
0.271
0.268
0.291
0.267
0.27
0.563
0.189
0.246
0.258
0.213
0.273
0.235
0.186
0.628
0.744
0.193
0.187
0.186
0.145
0.188
0.184
0.349
0.311
0.312
0.31
0.308
0.315
0.312
0.312
0.311
0.187
0.191
0.186
0.205
0.185
0.187
0.271
0.185
0.269
0.42
0.272
0.681
0.347
0.31
0.371
0.305
0.188
0.191
0.187
0.185
0.186
0.191
0.516
0.189
0.315
0.311
0.308
0.186
0.227
0.184
0.185
0.228
0.185
0.227
0.223
0.227
0.228
0.226
0.224
0.225
0.231
0.227
0.225
0.249
0.226
0.224
0.789
0.616
0.442
0.19
0.185
0.185
0.212
0.185
0.186
0.186
0.188
0.202
0.19
0.187
0.22
0.189
0.188
0.19
0.196
0.859
0.381
0.359
0.271
0.27
0.278
0.269
0.269
0.319
0.316
0.309
0.359
0.314
0.318
0.321
0.311
0.191
0.186
0.195
0.187
0.188
0.187
0.193
0.187
0.188
0.185
0.204
0.191
0.189
0.546
0.189
0.567
0.19
0.355
0.447
0.271
0.277
0.27
0.268
0.289
0.275
0.208
0.357
0.229
0.244
0.228
0.231
0.236
0.235
0.253
0.228
0.228
0.231
0.227
0.231
0.275
0.148
0.187
0.49
0.495
0.165
0.152
0.154
0.154
0.173
0.284
0.197
0.194
0.194
0.192
0.192
0.2
0.286
0.282
0.271
0.296
0.311
0.28
0.28
0.303
0.307
0.333
0.32
0.571
0.676
0.433
0.777
0.343
0.381
0.58
0.194
0.536
0.239
0.233
0.233
0.234
0.234
0.474
0.274
0.277
0.28
0.276
0.278
0.272
0.277
0.276
0.28
0.278
0.15
0.248
0.359
0.233
0.237
0.254
0.237
0.234
0.235
0.194
0.195
0.191
0.191
0.214
0.194
0.295
0.212
0.194
0.194
0.191
0.192
0.207
0.23
0.242
0.556
0.241
0.235
0.231
0.237
0.283
0.294
0.282
0.306
0.277
0.279
0.283
0.273
0.233
0.658
0.488
0.289
0.276
0.649
0.593
0.192
0.196
0.197
0.197
0.197
0.234
0.214
0.192
0.191
0.217
0.214
0.205
0.196
0.344
0.233
0.232
0.264
0.282
0.239
0.241
0.248
0.251
0.206
0.2
0.375
0.256
0.192
0.192
0.203
0.223
0.216
0.406
0.446
0.25
0.466
0.286
0.288
0.282
0.283
0.324
0.281
0.277
0.286
0.152
0.152
0.247
0.229
0.194
0.193
0.191
0.204
0.192
0.151
0.169
0.246
0.284
0.284
0.302
0.282
0.276
0.277
0.192
0.208
0.194
0.2
0.226
0.191
0.192
0.28
0.284
0.28
0.276
0.287
0.245
0.485
0.277
0.582
0.319
0.324
0.324
0.284
0.282
0.289
0.276
0.327
0.721
0.307
0.276
0.285
0.279
0.277
0.287
0.278
0.283
0.295
0.286
0.278
0.193
0.194
0.193
0.192
0.361
0.234
0.236
0.232
0.159
0.172
0.152
0.151
0.153
0.157
0.15
0.15
0.247
0.242
0.242
0.456
0.202
0.197
0.191
0.192
0.264
0.598
0.234
0.589
0.234
0.281
0.278
0.275
0.276
0.274
0.274
0.277
0.277
0.233
0.5
0.194
0.193
0.194
0.193
0.193
0.34
0.319
0.321
0.322
0.323
0.322
0.342
0.318
0.194
0.196
0.193
0.224
0.202
0.196
0.2
0.192
0.591
0.271
0.233
0.275
0.577
0.573
0.233
0.465
0.235
0.237
0.235
0.232
0.235
0.232
0.256
0.241
0.239
0.238
0.238
0.242
0.236
0.235
0.235
0.244
0.329
0.211
0.195
0.191
0.194
0.195
0.193
0.198
0.194
0.237
0.24
0.236
0.235
0.263
0.471
0.241
0.422
0.191
0.19
0.207
0.149
0.148
0.171
0.147
0.251
0.191
0.192
0.188
0.19
0.279
0.401
0.275
0.274
0.278
0.322
0.66
0.317
0.322
0.319
0.319
0.322
0.237
0.233
0.236
0.233
0.607
0.236
0.239
0.231
0.577
0.195
0.192
0.19
0.191
0.194
0.188
0.191
0.191
0.319
0.318
0.32
0.316
0.315
0.318
0.317
0.336
0.699
0.203
0.194
0.195
0.194
0.192
0.193
0.193
0.194
0.366
0.147
0.148
0.148
0.152
0.15
0.198
0.356
0.237
0.234
0.234
0.261
0.234
0.463
0.191
0.192
0.191
0.193
0.508
0.201
0.515
0.345
0.231
0.194
0.281
0.28
0.278
0.279
0.928
0.403
0.425
0.648
0.321
0.192
0.546
0.193
0.374
0.3
0.379
0.379
0.181
0.153
0.229
0.72
0.542
0.242
0.225
0.321
0.323
0.322
0.321
0.319
0.235
0.198
0.195
0.194
0.191
0.385
0.237
0.275
0.236
0.233
0.149
0.15
0.149
0.151
0.178
0.154
0.151
0.151
0.251
0.195
0.209
0.194
0.22
0.193
0.194
0.192
0.192
0.191
0.359
0.235
0.231
0.234
0.231
0.238
0.243
0.236
0.231
0.47
0.277
0.277
0.279
0.31
0.277
0.277
0.276
0.302
0.279
0.278
0.28
0.277
0.195
0.36
0.232
0.574
0.233
0.235
0.234
0.199
0.192
0.195
0.236
0.3
0.32
0.337
0.388
0.201
0.367
0.238
0.691
0.498
0.237
0.235
0.233
0.23
0.194
0.19
0.19
0.189
0.19
0.188
0.188
0.187
0.223
0.233
0.231
0.23
0.234
0.593
0.232
0.235
0.274
0.149
0.164
0.147
0.236
0.187
0.187
0.185
0.351
0.226
0.189
0.187
0.187
0.186
0.186
0.222
0.187
0.185
0.312
0.337
0.311
0.314
0.31
0.308
0.331
0.307
0.19
0.386
0.23
0.228
0.226
0.224
0.225
0.45
0.266
0.149
0.146
0.146
0.145
0.145
0.145
0.143
0.145
0.186
0.185
0.184
0.226
0.187
0.187
0.187
0.35
0.262
0.145
0.143
0.146
0.143
0.166
0.144
0.144
0.144
0.148
0.15
0.24
0.186
0.184
0.187
0.186
0.519
0.191
0.186
0.188
0.187
0.185
0.19
0.457
0.237
0.301
0.466
0.27
0.267
0.268
0.265
0.586
0.56
0.31
0.348
0.742
0.232
0.326
0.234
0.227
0.189
0.188
0.185
0.186
0.187
0.184
0.188
0.185
0.235
0.228
0.228
0.23
0.227
0.235
0.23
0.228
0.233
0.563
0.267
0.6
0.233
0.228
0.238
0.226
0.461
0.188
0.204
0.188
0.186
0.187
0.187
0.187
0.351
0.229
0.228
0.188
0.187
0.185
0.186
0.189
0.186
0.187
0.23
0.462
0.287
0.278
0.273
0.273
0.271
0.647
0.271
0.187
0.211
0.189
0.186
0.189
0.187
0.506
0.27
0.266
0.27
0.271
0.27
0.27
0.38
0.386
1.024
0.496
0.464
0.244
0.226
0.447
0.271
0.268
0.623
0.266
0.185
0.188
0.185
0.187
0.228
0.188
0.227
0.187
0.35
0.226
0.227
0.594
0.232
0.227
0.283
0.187
0.186
0.183
0.186
0.184
0.26
0.187
0.189
0.187
0.509
0.189
0.184
0.347
0.185
0.187
0.186
0.185
0.366
0.228
0.144
0.236
0.356
0.231
0.189
0.447
0.231
0.557
0.228
0.229
0.233
0.186
0.229
0.226
0.23
0.228
0.186
0.501
0.23
0.567
0.23
0.245
0.573
0.228
0.491
0.269
0.231
0.187
0.392
0.231
0.187
0.272
0.228
0.227
0.268
0.269
0.266
0.294
0.271
0.269
0.293
0.274
0.569
0.186
0.186
0.188
0.6
0.291
0.289
0.288
0.601
0.231
0.226
0.224
0.225
0.257
0.228
0.242
0.225
0.223
0.226
0.563
0.223
0.224
0.184
0.145
0.499
0.264
0.264
0.267
0.55
0.301
0.306
0.308
0.27
0.186
0.227
0.185
0.185
0.266
0.226
0.315
0.534
0.146
0.234
0.184
0.186
0.341
0.227
0.224
0.224
0.312
0.312
0.311
0.307
0.325
0.31
0.317
0.315
0.31
0.187
0.501
0.19
0.236
0.459
0.188
0.188
0.188
0.189
0.495
0.187
0.226
0.394
0.456
0.27
0.267
0.267
0.27
0.27
0.614
0.266
0.266
0.266
0.27
0.574
0.268
0.187
0.187
0.344
0.227
0.276
0.274
0.274
0.271
0.302
0.269
0.562
0.558
0.276
0.249
0.325
0.439
0.252
0.237
0.654
0.317
0.34
0.349
0.331
0.312
0.309
0.327
0.313
0.401
0.236
0.226
0.252
0.264
0.229
0.231
0.25
0.233
0.465
0.369
0.308
0.269
0.295
0.295
0.568
0.336
0.34
0.306
0.33
0.318
0.275
0.279
0.296
0.269
0.267
0.29
0.273
0.273
0.228
0.264
0.247
0.229
0.253
0.247
0.231
0.229
0.618
0.484
0.273
0.277
0.292
0.27
0.268
0.639
0.309
0.369
0.335
0.314
0.315
0.334
0.311
0.312
0.312
0.387
0.236
0.23
0.25
0.458
0.37
0.291
0.318
0.451
0.279
0.268
0.269
0.277
0.247
0.23
0.313
0.332
0.755
0.718
0.368
0.353
0.367
0.354
0.35
0.377
0.27
0.269
0.594
0.313
0.334
0.335
0.313
0.313
0.3
0.232
0.229
0.248
0.23
0.231
0.234
0.254
0.27
0.273
0.293
0.275
0.266
0.289
0.272
0.271
0.252
0.255
0.228
0.228
0.249
0.228
0.255
0.23
0.231
0.205
0.188
0.187
0.356
0.249
0.227
0.23
0.516
0.257
0.235
0.252
0.23
0.232
0.229
0.303
0.229
0.266
0.247
0.243
0.229
0.358
0.296
0.314
0.355
0.319
0.334
0.315
0.317
0.347
0.312
0.27
0.236
0.229
0.25
0.477
1.359
0.234
0.288
0.275
0.27
0.27
0.268
0.269
0.27
0.271
0.44
0.879
0.484
0.985
0.461
0.441
0.437
0.983
0.315
0.66
0.72
0.763
0.395
0.42
0.416
0.392
0.4
0.439
0.436
0.439
0.438
0.496
0.844
0.737
0.493
0.446
0.233
0.232
0.314
0.805
0.353
0.382
0.348
0.351
0.35
0.802
0.396
0.229
0.233
0.242
0.23
0.228
0.243
0.456
0.272
0.27
0.421
0.474
0.489
0.23
0.227
0.499
0.267
0.265
0.266
0.266
0.606
0.23
0.232
0.224
0.231
0.232
0.227
0.227
0.228
0.232
0.599
0.27
0.268
0.269
0.269
0.271
0.288
0.691
0.311
0.724
0.313
0.35
0.352
0.367
0.35
0.354
0.401
0.352
0.351
0.35
0.752
0.41
0.389
0.39
0.393
0.39
0.393
0.401
0.352
0.39
0.393
0.669
0.393
0.388
0.387
0.994
0.471
0.447
0.452
0.436
0.43
0.392
0.31
0.227
0.654
0.87
0.396
0.392
0.411
0.393
0.389
0.392
0.393
0.324
0.389
0.228
0.437
0.312
0.964
0.339
0.334
0.227
0.391
0.393
0.39
0.389
0.429
0.391
0.388
0.392
0.231
0.226
0.224
0.248
0.228
0.225
0.226
0.226
0.887
0.428
0.424
0.23
0.226
0.393
0.271
0.565
0.307
0.31
0.668
0.226
0.456
0.556
0.234
0.227
0.233
0.272
0.316
0.271
0.226
0.228
0.247
0.438
0.227
0.312
0.267
0.312
0.578
0.229
0.251
0.48
0.271
0.271
0.268
0.227
0.231
0.407
0.33
0.336
0.567
0.693
0.27
0.57
0.31
0.23
0.355
0.397
0.623
0.314
0.228
0.337
0.31
0.4
0.31
0.392
0.227
0.23
0.682
0.464
0.405
0.309
0.388
0.228
0.293
0.279
0.781
0.253
0.229
0.23
0.228
0.224
0.226
0.329
0.716
0.35
0.35
0.347
0.347
0.53
0.994
0.927
0.391
0.232
0.27
0.27
0.265
0.266
0.31
0.267
0.266
0.27
0.267
0.274
0.637
0.27
0.272
0.395
0.398
0.392
0.391
0.989
0.463
0.442
0.441
0.488
0.44
1.598
2.031
0.458
0.398
0.229
0.26
0.231
0.224
0.226
0.226
0.223
0.228
0.386
0.384
0.386
0.387
0.385
0.384
0.386
0.4
0.269
0.604
0.31
0.499
0.393
0.466
0.387
0.511
0.384
0.308
0.334
0.235
0.396
0.389
0.393
0.39
0.391
0.389
0.389
0.388
0.394
0.394
0.411
0.516
0.395
0.395
0.39
0.395
0.395
0.389
0.396
0.309
0.254
0.234
0.349
0.288
0.227
0.227
0.231
0.227
0.318
0.576
0.227
0.239
0.274
0.233
0.764
0.477
0.502
0.704
0.401
0.395
0.395
0.522
0.394
0.392
0.393
0.396
0.394
0.339
0.396
0.399
0.399
0.397
0.475
0.398
0.401
0.497
0.444
0.233
0.233
0.268
0.265
0.264
0.268
0.27
0.269
0.267
0.264
0.297
0.832
0.357
0.356
0.356
0.353
0.357
0.435
0.87
0.454
0.398
0.397
0.395
0.399
0.396
0.396
0.395
0.4
0.419
0.234
0.226
0.51
0.565
0.397
0.317
0.394
0.397
0.439
0.271
0.392
0.389
0.389
0.393
0.39
0.27
0.27
1.001
0.805
0.651
0.318
0.274
0.27
0.275
0.893
0.615
0.472
0.391
0.39
0.391
1.084
0.436
0.315
0.309
0.313
0.312
0.657
0.349
0.387
0.959
0.449
0.27
1.312
1.407
0.585
0.941
0.492
0.4
0.354
0.434
0.41
0.235
0.23
0.465
0.273
0.273
0.272
0.401
0.393
0.401
0.395
0.272
0.471
0.441
0.273
0.436
0.352
0.352
0.35
0.447
0.358
0.353
0.818
0.425
0.457
0.503
0.448
0.44
0.276
0.606
0.402
0.394
1.259
0.428
0.316
0.312
0.343
0.33
0.267
0.304
0.293
0.563
0.522
0.515
0.463
0.6
0.657
0.418
0.398
0.409
0.485
0.396
0.413
0.236
0.393
0.291
0.408
0.311
0.315
0.444
0.333
0.393
0.718
0.532
0.311
0.38
0.872
0.269
0.667
0.452
0.518
0.667
0.656
0.479
0.411
0.426
0.405
0.431
0.399
0.423
0.403
0.334
0.352
0.412
0.449
0.453
0.473
0.997
0.825
0.428
0.401
0.424
0.405
0.548
0.405
0.969
1.019
0.367
0.359
0.361
0.385
0.359
0.386
0.369
0.359
0.36
0.807
0.895
0.366
0.28
0.364
0.377
0.763
0.391
0.4
0.443
0.769
0.461
0.404
0.402
0.405
0.401
0.4
0.401
0.281
0.277
0.272
0.421
0.407
0.409
0.444
0.45
0.443
0.444
0.445
0.446
0.451
0.451
0.448
0.344
0.405
0.404
0.891
0.452
0.369
0.403
0.436
0.36
0.384
0.369
0.402
0.363
0.471
0.412
0.405
0.408
0.404
0.901
0.531
0.45
0.73
1.039
0.483
0.446
0.474
0.444
0.466
0.448
0.464
0.441
0.448
0.483
0.328
0.319
0.322
0.316
0.335
0.317
0.331
0.342
0.45
0.449
0.284
0.303
0.315
0.28
0.275
0.277
0.277
0.305
0.446
0.472
0.283
0.278
0.297
0.279
0.277
0.306
0.281
0.288
0.473
0.279
0.366
0.499
0.406
0.403
0.404
0.403
0.399
0.398
0.408
0.411
0.278
0.321
0.491
0.466
0.447
0.442
0.443
0.492
0.448
0.449
0.279
0.452
0.442
0.28
0.442
0.498
1.302
1.826
0.518
0.442
1.002
0.446
0.451
0.448
0.444
0.441
0.447
0.442
0.414
0.374
0.369
0.279
0.407
0.308
0.649
0.64
0.563
0.494
0.324
0.318
0.745
0.366
0.355
0.281
0.36
0.362
0.362
0.383
0.97
0.729
1.16
0.911
0.959
0.439
0.908
0.452
1.026
1.087
0.452
0.488
0.368
0.365
0.409
0.819
0.468
0.458
0.454
0.451
0.466
0.475
0.341
0.342
0.562
0.762
1.672
0.765
0.796
0.764
0.779
2.116
1.623
0.755
0.754
0.782
1.597
1.873
0.687
0.728
1.661
0.81
0.703
1.687
0.78
0.77
0.818
0.768
0.833
1.668
0.784
0.706
0.703
0.749
0.71
0.718
0.697
0.694
0.697
0.715
0.691
0.796
0.797
0.783
0.811
0.788
0.75
0.748
0.553
0.788
0.773
1.603
0.769
0.78
0.765
0.73
1.122
1.468
0.884
1.301
0.333
0.58
1.278
0.401
0.354
0.462
0.353
0.351
0.314
0.311
1.067
0.433
0.43
0.882
0.911
0.435
0.969
0.897
0.479
0.398
0.39
0.403
0.309
0.76
0.351
0.355
0.357
0.351
0.35
0.355
0.275
0.437
0.437
0.471
0.449
0.374
0.449
0.939
0.443
0.443
0.913
0.446
0.43
0.98
0.459
2.313
2.099
0.833
0.872
1.467
0.47
0.555
0.437
0.436
0.432
0.434
0.449
0.43
0.477
0.482
0.436
0.435
0.436
0.432
0.43
0.455
0.896
0.432
0.432
0.468
0.436
0.433
1.005
0.434
0.393
0.315
0.315
0.724
0.357
0.352
0.817
1.055
0.486
0.436
0.432
0.438
0.431
0.974
0.309
0.351
0.743
0.439
0.354
0.356
0.871
0.39
0.432
0.313
0.599
0.886
0.54
0.449
0.437
0.449
0.432
0.436
0.48
0.979
0.433
0.39
0.426
0.426
0.428
0.427
0.433
0.433
0.433
0.425
0.425
0.426
0.426
0.436
0.434
0.396
0.395
0.434
0.456
0.432
0.432
0.46
0.432
0.434
0.433
0.432
0.425
0.426
0.423
0.475
0.432
0.43
0.433
0.308
0.925
0.39
0.392
0.393
0.521
0.391
0.392
0.418
0.392
0.437
0.439
0.443
0.435
0.434
0.855
0.997
0.51
0.445
0.506
0.408
0.32
0.315
0.32
0.311
0.307
0.443
0.324
0.438
0.309
0.588
0.344
0.434
0.439
0.596
0.495
0.441
0.444
0.438
0.447
0.464
0.557
0.549
0.448
0.459
0.444
0.449
0.513
0.449
0.447
0.453
0.448
0.438
0.543
0.44
0.456
0.446
0.408
0.442
0.548
0.459
0.44
0.915
0.612
0.786
0.757
0.503
0.653
0.399
0.314
0.441
0.369
0.399
0.439
0.535
0.445
0.435
0.85
0.555
0.437
0.397
0.399
0.443
0.396
0.913
0.433
0.453
0.968
0.563
0.427
0.433
0.847
0.435
0.458
0.442
0.965
0.435
1.082
0.316
0.439
0.397
0.459
0.436
0.437
0.437
0.954
0.729
0.583
0.604
0.537
0.456
0.584
0.512
0.481
0.493
0.465
0.464
1.186
0.584
0.494
0.555
1.017
0.53
0.553
0.471
0.461
0.467
0.478
0.598
0.476
0.459
0.501
0.568
0.47
0.474
0.453
0.442
1.007
0.705
0.615
0.562
0.495
0.416
0.414
0.411
0.395
0.494
0.497
0.408
0.43
0.48
0.56
0.44
0.442
0.545
0.445
0.489
0.759
0.718
1.314
0.344
0.444
0.469
0.563
0.434
0.487
0.459
1.007
0.458
0.517
0.489
0.47
0.481
0.564
0.482
0.819
0.567
0.608
1.325
0.483
0.318
0.33
0.43
0.322
0.31
0.316
0.316
0.354
0.466
0.602
0.473
0.333
1.073
0.445
0.562
0.6
0.457
1.166
1.02
0.528
0.459
0.534
0.525
0.576
0.757
0.447
0.461
0.55
0.601
0.508
0.419
0.404
0.429
0.639
1.207
0.517
0.534
0.486
0.736
0.538
0.78
0.618
0.579
0.418
0.46
0.614
0.497
0.51
0.517
0.493
0.533
0.519
0.564
0.527
0.45
0.911
0.948
0.494
0.559
0.525
0.48
0.502
0.489
0.521
0.903
0.956
1.201
1.09
1.068
0.546
1.089
1.22
1.085
1.314
0.721
0.764
0.478
0.424
0.471
0.498
0.446
0.444
0.472
1.03
0.587
0.55
0.469
0.46
0.44
1.048
0.441
1.349
0.495
0.562
1.087
0.516
1.147
0.541
0.559
0.468
0.513
0.476
0.538
0.52
0.466
1.359
1.49
0.574
1.088
0.524
0.491
0.583
0.572
0.481
1.102
1.095
1.085
0.432
1.131
0.518
0.634
0.476
0.435
0.488
1.256
0.501
0.489
0.449
0.466
1.235
0.565
0.494
0.976
0.555
1.188
1.117
0.473
0.519
0.52
0.537
0.498
0.448
0.458
0.426
0.515
0.454
0.494
0.506
0.453
0.456
0.453
0.446
0.473
0.458
0.452
0.45
1.16
0.75
1.021
0.371
0.389
0.406
0.446
0.4
0.475
0.447
0.437
0.46
1.037
0.364
1.016
0.451
0.468
0.903
0.453
0.445
0.431
1.248
0.471
0.445
0.519
0.468
0.9
0.485
0.454
0.468
0.979
0.409
0.468
0.42
0.915
0.928
0.459
1.016
0.958
1.086
1.005
0.457
0.436
0.459
0.398
1.27
1.18
0.47
0.451
0.446
0.545
0.459
0.451
0.436
0.996
0.401
0.443
0.401
0.391
0.489
0.546
0.401
0.443
0.444
0.436
0.438
0.433
0.47
0.446
1.046
0.429
0.971
0.438
0.438
0.431
0.432
0.434
0.432
0.927
0.992
0.453
0.402
0.45
0.498
0.565
0.405
0.855
0.406
0.393
0.403
0.395
0.4
0.412
0.404
0.392
0.418
0.397
0.397
0.4
0.401
0.399
0.5
1.099
0.904
0.435
0.915
0.963
0.434
0.988
0.887
0.433
0.436
0.483
0.434
0.437
0.437
0.395
0.88
0.393
0.402
0.409
0.419
0.475
1.157
0.478
0.883
0.436
0.433
0.777
0.893
0.435
0.399
0.392
0.43
0.395
0.394
0.395
0.392
0.389
0.969
0.96
1.034
0.971
0.94
1.075
0.439
1.543
0.981
0.471
0.392
0.397
0.393
0.391
0.391
0.392
0.39
0.438
0.932
0.402
0.441
0.527
0.965
0.437
0.439
1.011
0.435
0.429
0.451
0.434
0.913
0.9
0.438
0.401
0.438
0.435
0.433
0.441
0.433
0.466
0.432
0.432
0.475
0.43
0.435
0.441
0.406
0.433
0.434
0.432
0.436
0.438
0.435
0.436
0.438
0.4
0.395
0.39
0.477
0.819
0.414
0.388
0.411
0.401
0.395
1.704
0.748
0.53
0.451
0.443
0.428
0.433
0.412
0.416
0.765
0.46
0.437
0.463
0.437
0.468
0.43
0.457
0.431
0.392
0.391
0.57
0.419
0.813
0.434
0.399
0.497
0.422
0.391
0.413
0.397
0.444
0.604
0.401
0.975
0.501
0.449
0.459
0.599
0.481
0.409
0.441
0.397
0.422
0.447
0.423
1.237
0.407
0.447
0.394
0.393
0.409
0.387
0.989
0.532
0.395
0.35
0.347
0.348
0.362
0.373
0.354
0.353
0.825
0.396
0.403
0.398
0.492
0.431
0.416
0.395
0.447
0.431
0.985
0.435
0.431
1.076
0.461
0.418
0.997
0.447
0.443
0.481
0.538
0.524
0.435
0.43
0.434
0.404
0.882
0.396
0.438
0.393
0.396
0.395
0.897
0.438
0.392
0.379
0.845
0.354
0.35
0.351
0.348
0.349
0.35
0.355
0.389
0.35
0.434
0.428
0.448
0.401
0.421
0.393
0.408
0.395
0.393
0.393
0.392
0.4
0.392
0.609
0.437
0.438
0.438
0.396
0.4
1.348
0.573
0.433
0.519
0.471
0.401
0.39
0.401
0.393
0.406
0.404
0.399
0.398
0.396
0.396
0.42
0.439
0.585
0.397
0.394
0.41
0.401
0.447
0.39
0.389
1.546
0.405
0.984
0.442
0.943
0.41
0.353
0.434
0.78
0.434
0.39
0.461
0.354
0.434
0.432
0.394
0.391
0.391
0.762
0.391
0.925
0.433
0.884
0.926
0.937
0.95
0.439
0.435
0.434
0.435
0.399
0.392
0.4
0.396
0.402
0.396
0.397
0.398
0.394
0.394
0.433
0.437
0.947
0.437
0.436
0.43
0.434
0.434
0.433
0.434
0.433
0.464
0.397
0.404
0.4
0.563
1.045
0.437
0.458
0.431
0.46
0.436
0.436
0.42
0.399
0.442
0.541
0.402
0.406
0.397
0.421
0.417
0.417
0.437
0.402
0.423
0.394
0.394
0.451
0.398
0.417
0.398
0.424
0.402
0.421
0.395
0.422
0.398
0.401
0.861
0.448
0.398
0.448
0.408
0.419
0.393
0.416
0.396
0.414
0.439
0.465
0.438
0.458
0.969
0.433
0.491
0.438
0.455
0.422
0.47
0.427
0.631
0.464
0.551
0.44
0.845
0.543
0.581
0.702
0.4
0.425
0.4
0.412
0.396
0.417
0.414
0.39
0.4
0.397
0.416
0.929
0.454
0.435
0.472
0.436
0.511
0.437
0.464
0.317
0.433
0.399
0.417
0.402
0.402
0.397
0.399
0.398
0.413
0.805
0.402
0.397
0.395
0.417
0.394
0.489
0.41
0.455
0.654
0.687
0.435
0.458
0.451
0.433
0.464
0.461
0.453
0.455
0.419
0.405
0.553
0.447
0.441
0.441
0.458
0.441
0.662
1.339
0.457
0.436
0.43
0.475
1.096
0.437
0.416
0.389
0.435
0.39
0.388
0.87
0.433
0.433
0.439
0.445
0.434
0.395
0.841
0.867
0.931
0.434
0.431
0.503
0.611
0.436
0.351
0.425
0.465
0.4
0.398
0.399
0.397
0.394
0.436
0.431
0.461
0.436
0.434
0.43
0.431
0.432
0.398
0.393
0.444
0.463
0.442
0.609
0.762
0.752
0.744
0.736
0.673
0.538
0.715
1.052
0.399
0.395
0.394
0.418
0.413
0.392
0.391
0.391
0.396
0.436
0.43
0.45
0.503
0.437
0.504
0.438
0.456
0.5
0.434
0.322
0.373
0.307
0.814
0.351
0.456
0.355
0.396
0.42
0.361
0.414
0.363
0.355
0.423
0.494
0.394
0.439
0.466
1.045
0.464
0.505
0.506
0.505
0.443
0.502
0.451
0.424
0.528
1.235
0.793
0.441
0.408
0.688
0.951
1.219
0.573
1.244
0.489
0.479
0.49
0.467
0.383
0.406
0.466
0.405
0.511
0.403
0.485
0.46
0.394
0.517
0.424
0.586
0.859
1.641
1.348
1.191
0.591
0.727
0.572
0.537
0.864
0.461
0.461
0.472
0.405
1.167
1.812
0.846
1.574
0.654
0.68
0.47
0.327
0.493
0.528
0.742
0.54
0.471
0.453
0.538
0.476
0.464
0.505
0.502
0.444
0.483
0.464
0.938
0.474
0.417
0.406
0.987
0.464
0.467
0.459
0.484
0.459
0.46
0.485
1.184
0.832
0.373
0.455
0.479
0.406
0.405
1.071
0.323
0.319
0.342
0.319
0.321
0.861
0.366
0.366
0.365
1.061
0.403
0.447
0.469
0.445
0.452
0.444
0.444
0.444
0.443
0.441
0.362
0.448
0.449
0.447
0.44
0.954
0.471
0.445
0.442
0.442
0.449
0.404
0.543
0.902
0.379
0.406
0.366
0.458
0.449
0.466
0.455
0.443
0.452
0.444
0.445
0.413
0.406
0.405
0.402
0.437
0.969
0.447
0.463
0.383
0.39
0.76
0.369
0.851
0.401
0.429
0.466
0.414
0.443
0.409
0.449
0.448
0.484
0.976
0.45
0.451
0.462
1.009
0.456
0.447
0.403
0.432
0.399
0.405
0.892
0.414
0.403
0.412
0.41
0.366
0.968
0.451
0.466
0.443
0.444
0.444
0.439
0.467
0.436
0.44
0.399
0.406
0.404
0.407
0.405
0.403
1.026
0.453
0.45
0.447
0.451
0.409
0.32
0.937
0.453
0.442
0.442
0.441
0.444
0.44
0.441
0.442
0.441
0.363
0.365
0.366
0.358
0.789
0.352
0.348
0.351
0.352
0.44
0.471
0.436
0.432
0.432
0.433
0.441
0.435
0.433
0.397
0.433
0.397
0.393
0.608
0.575
0.486
0.745
0.462
0.311
0.414
0.511
0.436
0.435
0.432
0.434
0.437
0.44
0.436
0.839
0.398
0.908
0.44
0.435
0.436
0.431
0.439
0.439
0.439
0.438
0.439
0.418
0.313
0.309
0.889
0.315
0.341
0.309
0.682
0.951
0.596
0.438
0.436
0.894
0.434
0.514
0.435
0.431
0.398
0.401
0.398
0.397
0.394
0.398
0.394
0.438
0.397
0.408
0.442
0.397
1.043
0.419
0.707
0.486
0.487
0.83
1.044
0.392
0.39
0.434
0.393
0.388
0.391
0.389
0.395
0.437
0.431
0.479
0.441
0.441
0.453
0.442
0.438
0.398
0.391
0.394
0.415
0.394
0.981
0.463
0.437
0.434
0.43
0.44
0.44
0.439
0.44
0.437
0.439
0.513
0.427
0.436
0.433
0.434
0.432
0.434
0.884
0.437
0.439
0.433
0.961
0.436
0.445
0.455
0.441
0.604
0.564
0.719
0.725
0.454
0.507
0.313
0.316
0.311
0.331
0.313
0.311
0.357
0.311
0.94
0.442
0.47
0.989
1.001
1.178
0.456
0.438
0.455
0.442
0.977
0.596
0.491
0.459
0.453
0.46
0.445
0.437
0.449
0.462
0.964
0.474
0.541
0.443
0.473
0.443
0.462
0.337
0.961
0.466
0.462
0.44
0.46
0.376
0.952
0.445
0.458
0.942
0.92
0.461
0.431
0.432
0.432
0.433
0.443
0.441
0.437
0.555
0.355
0.441
0.395
0.437
0.446
0.439
0.44
0.44
0.92
0.437
0.355
0.487
0.442
0.442
0.436
0.453
0.435
0.438
0.44
0.44
0.444
0.441
0.487
0.435
0.431
0.436
0.437
0.522
0.436
0.436
0.315
0.351
0.318
0.314
0.44
0.442
0.435
0.44
0.467
0.438
0.437
0.436
0.435
0.436
0.689
0.631
0.396
0.883
0.44
0.436
0.435
0.433
0.435
0.439
0.44
0.434
0.433
0.507
0.874
0.465
0.441
0.441
0.442
0.44
0.442
0.47
0.471
0.432
0.432
0.439
0.578
0.867
0.444
0.463
0.444
0.463
0.435
0.432
0.437
0.44
0.437
0.433
0.441
0.439
0.44
0.452
0.447
0.438
0.436
0.434
0.361
0.561
0.46
0.357
0.358
0.434
0.371
0.357
0.56
0.439
0.438
0.917
0.463
1.269
0.762
0.443
0.46
0.443
0.459
0.436
0.446
0.462
0.439
0.533
0.474
0.459
0.441
0.46
0.901
0.484
0.358
0.458
0.312
0.453
0.455
0.459
0.471
0.459
0.439
0.437
0.442
0.461
0.458
0.437
0.335
0.439
0.443
0.439
0.441
0.442
0.495
0.439
0.456
0.467
0.461
0.435
0.449
0.438
0.432
0.433
0.453
0.435
0.477
0.436
0.459
0.433
0.457
0.459
0.438
0.465
0.459
0.465
0.439
0.472
0.464
0.498
0.439
0.463
0.432
0.433
0.469
0.438
0.338
0.316
0.44
0.317
0.334
0.311
0.454
0.318
0.46
0.343
0.464
0.527
0.458
0.433
0.434
0.435
0.445
0.459
0.323
0.441
0.388
0.444
0.311
0.476
0.468
0.444
0.455
0.318
0.438
0.377
0.886
0.961
0.336
0.439
0.383
0.473
0.404
0.894
0.459
0.772
0.383
0.585
0.438
0.463
0.456
0.439
0.456
0.436
0.663
0.363
0.427
0.465
0.759
0.54
0.83
0.436
0.442
0.426
0.381
0.356
0.39
0.354
0.363
0.354
0.36
0.355
0.351
0.727
0.736
0.437
0.868
0.447
0.501
0.471
0.439
0.364
0.437
0.448
0.443
0.872
0.439
1.077
0.43
1.261
0.45
0.44
0.443
0.462
0.447
0.448
0.441
0.435
0.955
0.429
0.44
0.43
0.392
0.396
0.432
0.972
0.446
0.446
0.433
0.511
0.822
0.911
0.544
0.621
0.469
0.463
0.97
0.437
0.433
0.432
0.433
0.47
0.349
0.472
0.349
0.457
0.44
0.435
0.354
0.354
0.483
0.392
0.432
0.353
0.442
0.456
0.442
0.434
0.351
0.436
0.39
0.387
0.436
0.353
0.393
0.389
0.455
0.352
0.351
0.387
0.429
0.36
0.439
0.349
0.579
0.597
0.506
0.67
0.55
0.434
0.778
0.392
0.35
0.441
0.44
0.437
0.443
0.921
0.786
0.603
0.785
0.892
0.436
0.424
0.434
0.353
0.355
0.352
0.35
0.422
0.348
0.431
0.355
0.429
0.394
0.353
0.458
0.431
0.434
0.435
0.358
0.43
0.351
0.43
0.488
0.441
0.456
0.356
0.353
0.352
0.478
0.351
0.354
0.354
0.355
0.354
0.814
0.353
0.843
0.441
0.453
0.401
0.401
0.442
0.36
0.363
0.391
0.398
0.379
0.353
0.355
0.354
0.738
0.558
0.354
1.152
0.401
0.451
0.432
0.369
0.446
0.845
0.954
0.44
0.433
0.42
0.392
0.432
0.43
0.457
0.468
0.431
0.384
0.386
0.876
0.958
1.034
0.457
0.441
0.462
0.436
0.433
0.396
0.444
0.711
0.398
0.36
0.352
0.423
0.444
0.392
0.441
0.351
0.439
0.437
0.433
0.438
0.479
0.392
0.437
0.463
0.503
0.405
0.475
0.802
0.416
0.452
0.438
0.351
0.931
0.401
0.438
0.402
0.393
0.44
0.441
0.738
0.513
0.589
0.39
0.428
0.434
0.504
0.398
0.471
0.437
0.438
0.374
0.35
0.383
0.729
0.35
0.778
0.425
0.471
0.432
0.428
0.395
0.391
0.393
0.458
0.392
0.393
0.46
0.888
0.962
0.398
0.882
0.4
0.464
0.564
1.065
0.914
0.435
0.393
0.429
0.432
0.396
0.432
0.435
0.437
0.439
0.44
0.398
0.395
0.95
0.392
0.441
0.898
0.549
0.743
0.488
0.438
0.434
0.4
0.398
0.397
0.444
0.433
0.445
0.979
0.439
0.352
0.466
0.432
0.438
0.392
0.35
0.495
0.436
0.356
0.434
0.393
0.36
0.438
0.75
0.46
0.395
0.887
0.443
0.435
0.475
0.441
0.452
0.443
0.434
0.355
0.885
0.894
0.456
0.433
0.357
0.434
0.664
0.654
0.433
0.397
0.398
0.397
0.394
0.401
0.792
0.441
0.434
0.357
0.877
0.728
0.862
1.132
0.449
0.438
0.396
0.432
1.648
0.579
0.403
0.435
0.438
0.846
0.439
0.397
0.371
0.444
0.353
0.892
0.768
0.437
0.463
0.957
0.354
0.469
0.949
0.357
0.535
0.443
0.369
0.378
0.431
0.435
0.44
0.485
0.895
0.457
0.439
0.985
0.443
0.446
0.434
0.463
0.454
0.459
0.429
0.447
0.356
0.67
0.35
0.352
0.479
0.396
0.392
0.394
0.397
0.391
0.394
0.448
0.271
0.288
0.268
0.266
0.265
0.267
0.412
0.395
0.392
0.391
0.394
0.389
0.391
0.394
0.273
0.271
0.269
0.199
0.187
0.208
0.187
0.188
0.186
0.189
0.187
