0.051
0.046
0.038
0.039
0.038
0.099
0.09
0.038
0.042
0.038
0.038
0.041
0.086
0.038
0.093
0.037
0.039
0.038
0.088
0.042
0.113
0.038
0.042
0.038
0.038
0.038
0.04
0.039
0.095
0.038
0.039
0.094
0.039
0.038
0.037
0.037
0.087
0.039
0.094
0.038
0.04
0.036
0.039
0.041
0.038
0.093
0.104
0.049
0.039
0.037
0.037
0.039
0.086
0.037
0.04
0.116
0.039
0.042
0.09
0.091
0.039
0.041
0.037
0.093
0.038
0.037
0.092
0.037
0.089
0.039
0.037
0.098
0.049
0.094
0.179
0.09
0.038
0.094
0.086
0.101
0.045
0.045
0.038
0.041
0.038
0.095
0.037
0.042
0.038
0.094
0.038
0.037
0.088
0.038
0.092
0.037
0.037
0.038
0.089
0.038
0.088
0.117
0.038
0.036
0.041
0.036
0.037
0.094
0.11
0.098
0.12
0.045
0.044
0.045
0.046
0.041
0.087
0.088
0.038
0.037
0.046
0.121
0.047
0.046
0.129
0.123
0.037
0.044
0.041
0.037
0.038
0.038
0.04
0.04
0.038
0.037
0.091
0.091
0.093
0.091
0.094
0.083
0.042
0.043
0.039
0.09
0.099
0.118
0.122
0.048
0.048
0.048
0.127
0.046
0.126
0.125
0.168
0.044
0.046
0.037
0.044
0.041
0.05
0.062
0.064
0.051
0.046
0.047
0.089
0.083
0.091
0.092
0.096
0.046
0.046
0.046
0.122
0.045
0.122
0.121
0.132
0.039
0.09
0.039
0.037
0.037
0.098
0.044
0.133
0.052
0.158
0.056
0.191
0.05
0.046
0.13
0.056
0.04
0.039
0.037
0.038
0.04
0.036
0.036
0.038
0.039
0.097
0.044
0.048
0.116
0.052
0.045
0.038
0.036
0.04
0.037
0.038
0.038
0.04
0.102
0.041
0.037
0.038
0.037
0.041
0.037
0.103
0.038
0.038
0.038
0.114
0.05
0.046
0.044
0.123
0.132
0.045
0.045
0.049
0.115
0.131
0.073
0.162
0.173
0.217
0.084
0.087
0.053
0.047
0.046
0.126
0.117
0.057
0.048
0.057
0.045
0.078
0.047
0.05
0.161
0.046
0.045
0.041
0.037
0.038
0.037
0.037
0.04
0.045
0.128
0.12
0.047
0.044
0.131
0.054
0.16
0.046
0.044
0.045
0.046
0.047
0.127
0.15
0.039
0.038
0.097
0.118
0.045
0.048
0.045
0.047
0.128
0.045
0.052
0.045
0.053
0.09
0.038
0.091
0.098
0.113
0.115
0.037
0.04
0.045
0.089
0.101
0.045
0.046
0.131
0.143
0.055
0.052
0.037
0.093
0.097
0.047
0.044
0.049
0.194
0.229
0.064
0.053
0.052
0.055
0.055
0.053
0.058
0.156
0.037
0.039
0.037
0.038
0.036
0.037
0.038
0.039
0.089
0.093
0.088
0.122
0.119
0.127
0.053
0.122
0.045
0.142
0.047
0.132
0.052
0.051
0.066
0.063
0.06
0.182
0.186
0.067
0.07
0.067
0.061
0.043
0.044
0.046
0.112
0.045
0.134
0.126
0.037
0.039
0.037
0.056
0.038
0.036
0.035
0.091
0.148
0.149
0.061
0.059
0.179
0.044
0.06
0.059
0.062
0.045
0.049
0.083
0.06
0.059
0.08
0.06
0.044
0.06
0.06
0.062
0.059
0.089
0.053
0.035
0.051
0.084
0.036
0.051
0.078
0.05
0.044
0.053
0.053
0.055
0.115
0.141
0.06
0.051
0.044
0.043
0.119
0.044
0.044
0.129
0.125
0.045
0.047
0.046
0.044
0.092
0.086
0.087
0.081
0.066
0.044
0.117
0.045
0.044
0.044
0.045
0.043
0.123
0.117
0.044
0.043
0.126
0.05
0.043
0.044
0.037
0.047
0.049
0.045
0.037
0.113
0.085
0.044
0.043
0.12
0.084
0.083
0.089
0.053
0.044
0.044
0.13
0.06
0.056
0.051
0.052
0.151
0.051
0.14
0.137
0.06
0.062
0.059
0.06
0.058
0.059
0.058
0.06
0.065
0.054
0.055
0.052
0.046
0.047
0.044
0.044
0.047
0.044
0.124
0.115
0.044
0.043
0.043
0.146
0.044
0.044
0.129
0.143
0.053
0.051
0.145
0.15
0.057
0.051
0.054
0.061
0.061
0.059
0.043
0.047
0.044
0.044
0.044
0.045
0.045
0.122
0.123
0.116
0.062
0.058
0.063
0.059
0.057
0.06
0.059
0.058
0.06
0.054
0.144
0.054
0.148
0.147
0.047
0.044
0.127
0.069
0.051
0.052
0.053
0.157
0.058
0.043
0.046
0.045
0.043
0.043
0.048
0.045
0.118
0.091
0.037
0.087
0.091
0.085
0.083
0.036
0.098
0.043
0.055
0.053
0.052
0.143
0.146
0.145
0.158
0.153
0.075
0.059
0.06
0.057
0.057
0.057
0.068
0.058
0.177
0.171
0.066
0.198
0.066
0.044
0.043
0.042
0.112
0.042
0.052
0.054
0.051
0.042
0.042
0.044
0.043
0.043
0.112
0.047
0.114
0.044
0.042
0.043
0.043
0.046
0.057
0.051
0.05
0.183
0.157
0.057
0.057
0.057
0.18
0.116
0.125
0.054
0.075
0.049
0.05
0.052
0.058
0.056
0.049
0.05
0.044
0.116
0.045
0.118
0.05
0.049
0.052
0.05
0.153
0.052
0.053
0.051
0.059
0.057
0.059
0.064
0.06
0.056
0.061
0.157
0.043
0.044
0.061
0.17
0.059
0.043
0.042
0.046
0.042
0.043
0.061
0.059
0.056
0.061
0.056
0.151
0.051
0.05
0.052
0.144
0.155
0.056
0.057
0.075
0.118
0.118
0.115
0.145
0.059
0.057
0.056
0.059
0.06
0.058
0.057
0.178
0.177
0.177
0.058
0.181
0.068
0.229
0.051
0.053
0.05
0.054
0.134
0.049
0.051
0.139
0.049
0.049
0.151
0.058
0.069
0.057
0.051
0.05
0.052
0.146
0.044
0.11
0.129
0.049
0.052
0.05
0.141
0.049
0.043
0.043
0.047
0.043
0.117
0.06
0.057
0.059
0.058
0.057
0.183
0.247
0.064
0.06
0.057
0.058
0.059
0.05
0.051
0.049
0.049
0.05
0.079
0.049
0.049
0.048
0.049
0.051
0.149
0.056
0.059
0.057
0.056
0.06
0.056
0.059
0.056
0.06
0.05
0.05
0.054
0.05
0.165
0.054
0.067
0.05
0.05
0.05
0.06
0.061
0.057
0.171
0.054
0.057
0.18
0.061
0.051
0.05
0.064
0.172
0.05
0.15
0.056
0.056
0.175
0.049
0.194
0.05
0.065
0.054
0.066
0.194
0.057
0.06
0.074
0.184
0.062
0.068
0.063
0.067
0.062
0.042
0.043
0.047
0.043
0.115
0.117
0.136
0.154
0.17
0.06
0.056
0.056
0.173
0.067
0.064
0.068
0.064
0.062
0.06
0.154
0.074
0.212
0.057
0.062
0.056
0.06
0.054
0.049
0.044
0.042
0.042
0.045
0.114
0.042
0.045
0.042
0.359
0.197
0.317
0.063
0.056
0.05
0.052
0.155
0.057
0.045
0.047
0.042
0.042
0.042
0.043
0.052
0.145
0.055
0.156
0.05
0.05
0.048
0.05
0.058
0.057
0.061
0.06
0.055
0.057
0.056
0.057
0.07
0.067
0.059
0.057
0.061
0.058
0.06
0.073
0.061
0.059
0.192
0.155
0.177
0.057
0.059
0.057
0.057
0.059
0.05
0.05
0.057
0.06
0.163
0.056
0.094
0.057
0.056
0.055
0.06
0.058
0.056
0.057
0.175
0.057
0.059
0.056
0.055
0.177
0.057
0.056
0.061
0.06
0.1
0.057
0.06
0.058
0.056
0.059
0.05
0.05
0.049
0.115
0.05
0.05
0.053
0.051
0.05
0.049
0.05
0.043
0.042
0.116
0.112
0.043
0.114
0.042
0.058
0.06
0.056
0.058
0.057
0.06
0.057
0.059
0.062
0.172
0.056
0.057
0.055
0.058
0.056
0.056
0.164
0.177
0.174
0.171
0.059
0.056
0.059
0.179
0.177
0.146
0.058
0.06
0.057
0.056
0.075
0.057
0.061
0.055
0.055
0.053
0.049
0.05
0.052
0.05
0.049
0.053
0.049
0.146
0.051
0.053
0.051
0.054
0.05
0.05
0.052
0.049
0.05
0.06
0.057
0.058
0.056
0.18
0.06
0.056
0.058
0.058
0.164
0.051
0.057
0.052
0.049
0.055
0.057
0.151
0.05
0.05
0.077
0.146
0.051
0.05
0.049
0.052
0.05
0.049
0.057
0.137
0.052
0.053
0.048
0.05
0.053
0.077
0.05
0.053
0.059
0.061
0.055
0.06
0.056
0.056
0.166
0.059
0.057
0.057
0.059
0.055
0.056
0.058
0.059
0.056
0.058
0.057
0.057
0.059
0.057
0.055
0.058
0.057
0.06
0.058
0.059
0.057
0.059
0.165
0.056
0.168
0.188
0.173
0.145
0.052
0.049
0.218
0.059
0.167
0.057
0.057
0.196
0.058
0.056
0.058
0.057
0.057
0.056
0.054
0.142
0.053
0.049
0.048
0.051
0.049
0.14
0.05
0.053
0.048
0.049
0.05
0.139
0.049
0.05
0.044
0.045
0.112
0.114
0.122
0.051
0.052
0.063
0.058
0.058
0.056
0.06
0.055
0.165
0.055
0.059
0.048
0.052
0.138
0.051
0.049
0.14
0.145
0.151
0.173
0.224
0.221
0.074
0.07
0.074
0.071
0.072
0.07
0.071
0.074
0.058
0.171
0.068
0.218
0.069
0.213
0.24
0.086
0.091
0.06
0.057
0.059
0.057
0.054
0.049
0.055
0.059
0.08
0.057
0.057
0.055
0.055
0.16
0.161
0.173
0.067
0.063
0.228
0.069
0.226
0.077
0.051
0.052
0.052
0.049
0.051
0.053
0.049
0.066
0.05
0.049
0.052
0.149
0.169
0.063
0.198
0.223
0.245
0.082
0.079
0.08
0.078
0.106
0.265
0.279
0.084
0.272
0.055
0.05
0.052
0.05
0.049
0.057
0.05
0.073
0.057
0.061
0.061
0.195
0.209
0.071
0.235
0.257
0.055
0.049
0.05
0.049
0.053
0.05
0.049
0.051
0.049
0.049
0.149
0.052
0.05
0.152
0.163
0.175
0.072
0.064
0.067
0.064
0.086
0.084
0.088
0.104
0.09
0.084
0.089
0.073
0.07
0.066
0.071
0.066
0.073
0.069
0.089
0.066
0.059
0.066
0.12
0.099
0.052
0.053
0.053
0.165
0.056
0.059
0.075
0.18
0.067
0.265
0.062
0.066
0.066
0.353
0.063
0.079
0.063
0.059
0.061
0.073
0.053
0.1
0.188
0.104
0.09
0.091
0.079
0.073
0.578
0.062
0.184
0.059
0.059
0.092
0.226
0.059
0.141
0.066
0.089
0.182
0.06
0.194
0.07
0.101
0.098
0.06
0.105
0.158
0.102
0.639
0.137
0.473
0.204
0.206
0.065
0.084
0.074
0.193
0.05
0.06
0.059
0.06
0.078
0.075
0.077
0.059
0.083
0.083
0.089
0.096
0.084
0.084
0.092
0.364
0.106
0.075
0.075
0.127
0.216
0.069
0.211
0.075
0.073
0.075
0.085
0.064
0.074
0.07
0.083
0.059
0.069
0.058
0.072
0.061
0.189
0.064
0.066
0.068
0.054
0.074
0.07
0.079
0.089
0.23
0.282
0.098
0.12
0.088
0.099
0.055
0.066
0.069
0.078
0.075
0.079
0.174
0.191
0.067
0.091
0.226
0.074
0.081
0.078
0.243
0.083
0.086
0.081
0.068
0.257
0.072
0.071
0.067
0.07
0.075
0.092
0.084
0.075
0.075
0.235
0.105
0.077
0.083
0.059
0.055
0.074
0.077
0.091
0.088
0.064
0.059
0.063
0.086
0.061
0.06
0.06
0.078
0.089
0.081
0.074
0.077
0.084
0.082
0.088
0.279
0.08
0.069
0.079
0.052
0.084
0.07
0.057
0.156
0.058
0.058
0.061
0.059
0.079
0.069
0.07
0.074
0.077
0.067
0.068
0.077
0.077
0.242
0.066
0.068
0.068
0.069
0.216
0.053
0.056
0.14
0.07
0.219
0.066
0.068
0.239
0.07
0.292
0.093
0.093
0.302
0.101
0.096
0.096
0.086
0.105
0.073
0.195
0.245
0.074
0.055
0.071
0.069
0.079
0.196
0.205
0.155
0.066
0.062
0.097
0.069
0.214
0.079
0.252
0.082
0.086
0.076
0.052
0.089
0.052
0.063
0.073
0.329
0.08
0.076
0.059
0.268
0.084
0.081
0.084
0.083
0.083
0.071
0.066
0.069
0.074
0.136
0.103
0.077
0.06
0.073
0.214
0.067
0.051
0.051
0.054
0.053
0.197
0.097
0.105
0.076
0.102
0.078
0.053
0.074
0.365
0.077
0.06
0.085
0.109
0.069
0.109
0.08
0.128
0.075
0.064
0.148
0.067
0.108
0.103
0.056
0.082
0.155
0.108
0.061
0.085
0.085
0.108
0.075
0.07
0.06
0.153
0.189
0.067
0.166
0.16
0.116
0.192
0.073
0.068
0.226
0.07
0.068
0.077
0.104
0.256
0.084
0.079
0.078
0.078
0.078
0.081
0.054
0.08
0.075
0.227
0.274
0.076
0.071
0.084
0.217
0.288
0.106
0.082
0.068
0.225
0.077
0.167
0.254
0.08
0.082
0.081
0.083
0.08
0.069
0.235
0.112
0.318
0.091
0.104
0.079
0.079
0.077
0.077
0.077
0.258
0.088
0.088
0.088
0.084
0.087
0.083
0.083
0.286
0.287
0.191
0.078
0.064
0.196
0.073
0.085
0.071
0.069
0.139
0.094
0.304
0.316
0.289
0.092
0.077
0.078
0.115
0.221
0.096
0.229
0.086
0.086
0.087
0.286
0.309
0.102
0.1
0.103
0.081
0.256
0.085
0.087
0.093
0.09
0.093
0.117
0.347
0.1
0.102
0.365
0.373
0.111
0.087
0.096
0.081
0.077
0.082
0.077
0.077
0.081
0.08
0.231
0.094
0.077
0.092
0.149
0.086
0.082
0.295
0.095
0.09
0.324
0.1
0.122
0.099
0.094
0.325
0.109
0.1
0.1
0.081
0.101
0.098
0.1
0.102
0.101
0.131
1.324
0.286
1.255
0.254
0.271
0.217
0.188
0.244
0.212
0.198
0.189
0.703
0.208
0.198
0.217
0.197
0.178
0.186
0.17
0.168
0.24
0.166
0.166
0.172
0.207
0.569
0.185
0.188
0.192
0.843
0.251
0.254
0.251
0.203
0.261
0.182
0.23
0.257
0.659
0.196
0.132
0.123
0.149
0.414
0.13
0.136
0.129
0.485
0.176
0.18
0.213
0.179
0.175
0.178
0.172
0.161
0.176
0.162
0.163
0.162
0.183
0.58
0.177
0.18
0.606
0.193
0.178
0.151
0.144
0.502
0.162
0.147
0.141
0.201
0.19
0.643
0.186
0.183
0.178
0.19
0.189
0.19
0.21
0.136
0.129
0.124
0.444
0.174
0.157
0.156
0.152
0.146
0.584
0.16
0.569
0.646
0.188
0.187
0.172
0.656
0.683
0.201
0.201
0.216
0.199
0.176
0.187
0.157
0.169
0.216
0.163
0.19
0.201
0.543
0.195
0.169
0.599
0.171
0.164
0.16
0.158
0.611
0.242
0.157
0.201
0.463
0.171
0.2
0.157
0.177
0.186
0.196
0.744
0.548
0.176
0.253
0.523
0.206
0.221
0.439
0.823
0.25
0.178
0.139
0.259
0.143
0.58
0.175
0.572
0.25
0.152
0.165
0.145
0.145
0.866
0.151
0.2
0.135
0.14
0.149
0.262
0.17
0.169
0.886
0.834
0.27
0.242
0.958
0.256
0.137
0.13
0.135
0.13
0.182
0.181
0.181
0.134
0.158
0.461
0.14
0.147
0.159
0.141
0.147
0.44
0.148
0.122
0.121
0.14
0.428
0.132
0.134
0.157
0.198
0.171
0.175
0.17
0.169
0.164
0.174
0.146
0.162
0.134
0.172
0.256
0.131
0.18
0.164
0.176
0.16
0.612
0.172
0.17
0.166
0.166
0.162
0.146
0.169
0.235
0.174
0.179
0.248
0.238
0.232
0.769
0.161
0.532
0.265
0.129
0.241
0.245
0.193
0.463
0.172
0.161
0.196
0.169
0.166
0.169
0.585
0.208
0.178
0.164
0.164
0.166
0.168
0.242
0.193
0.148
0.144
0.172
0.178
0.274
0.183
0.171
0.171
0.148
0.49
0.153
0.686
0.144
0.163
0.197
0.148
0.22
0.183
0.886
0.226
0.141
0.126
0.098
0.094
0.374
0.105
0.1
0.098
0.145
0.151
0.145
0.131
0.141
0.212
0.155
0.566
0.623
0.19
0.178
0.187
0.231
0.201
0.178
0.552
0.104
0.533
0.096
0.122
0.115
0.085
0.095
0.1
0.109
0.1
0.38
0.121
0.105
0.61
0.127
0.13
0.325
0.201
0.138
0.151
0.19
0.18
0.939
0.328
0.931
0.101
0.097
0.094
0.188
0.47
0.149
0.121
0.098
0.122
0.124
0.116
0.12
0.118
0.436
0.117
0.394
0.119
0.117
0.147
0.115
0.116
0.126
0.085
0.107
0.111
0.113
0.148
0.093
0.499
0.115
0.127
0.131
0.511
0.141
0.377
0.116
0.331
0.087
0.107
0.122
0.101
0.146
0.119
0.102
0.117
0.13
0.125
0.124
0.127
0.122
0.471
0.129
0.394
0.117
0.115
0.103
0.116
0.116
0.113
0.118
0.425
0.146
0.142
0.191
0.146
0.143
0.593
0.149
0.152
0.126
0.399
0.564
0.134
0.111
0.117
0.136
0.11
0.182
0.174
0.134
0.534
0.116
0.16
0.111
0.146
0.158
0.157
0.121
0.153
0.559
0.158
0.156
0.144
0.153
0.143
0.187
0.176
0.124
0.163
0.626
0.133
0.126
0.129
0.142
0.121
0.125
0.122
0.124
0.122
0.144
0.134
0.089
0.084
0.087
0.084
0.141
0.123
0.114
0.129
0.13
0.131
0.132
0.368
0.134
0.405
0.134
0.119
0.143
0.111
0.18
0.45
0.149
0.127
0.138
0.172
0.116
0.123
0.548
0.126
0.128
0.279
0.188
0.385
0.114
0.12
0.121
0.142
0.117
0.116
0.405
0.125
0.301
0.108
0.162
0.097
0.163
0.127
0.12
0.164
0.116
0.117
0.125
0.116
0.112
0.107
0.11
0.107
0.137
0.127
0.516
0.144
0.141
0.214
0.159
0.138
0.161
0.158
0.16
0.156
0.159
0.155
0.483
0.129
0.395
0.471
0.343
0.431
0.138
0.153
0.321
0.428
0.12
0.154
0.12
0.445
0.147
0.198
0.13
0.107
0.204
0.205
0.155
0.184
0.158
0.209
0.144
0.143
0.127
0.119
0.144
0.122
0.123
0.116
0.118
0.34
0.135
0.128
0.125
0.129
0.126
0.355
0.126
0.128
0.123
0.108
0.108
0.151
0.124
0.112
0.108
0.162
0.185
0.638
0.167
0.2
0.196
0.407
0.163
0.559
0.147
0.158
0.15
0.152
0.15
0.135
0.103
0.147
0.134
0.745
0.289
0.127
0.122
0.126
0.16
0.449
0.127
0.118
0.123
0.162
0.146
0.364
0.156
0.431
0.288
0.191
0.221
0.272
0.571
0.142
1.031
0.259
0.281
0.485
0.352
0.302
0.231
0.265
0.98
0.275
0.235
0.22
0.216
0.287
0.861
0.735
0.269
0.412
0.922
0.197
0.234
0.328
0.205
0.223
0.211
0.216
0.872
0.312
0.254
0.916
0.116
0.121
0.131
0.154
0.112
0.139
0.569
0.119
0.115
0.117
0.146
0.185
0.197
0.146
0.118
0.534
0.116
0.156
0.44
0.146
0.115
0.154
0.147
0.116
0.157
0.121
0.123
0.118
0.12
0.125
0.124
0.119
0.429
0.125
0.147
0.142
0.141
0.141
0.511
0.149
0.149
0.148
0.126
0.131
0.121
0.141
0.125
0.127
0.122
0.152
0.168
0.147
0.545
0.099
0.324
0.104
0.461
0.168
0.183
0.103
0.102
0.166
0.238
0.198
0.124
0.171
0.184
0.143
0.122
0.14
0.361
0.143
0.475
0.166
0.149
0.124
0.12
0.123
0.125
0.124
0.457
0.448
0.129
0.142
0.139
0.161
0.142
0.137
0.133
0.138
0.491
0.15
0.148
0.146
0.145
0.146
0.159
0.149
0.126
0.154
0.156
0.152
0.153
0.151
0.153
0.152
0.589
0.159
0.161
0.159
0.122
0.14
0.133
0.186
0.153
0.176
0.135
0.125
0.132
0.137
0.13
0.347
0.129
0.134
0.144
0.153
0.437
0.16
0.178
0.142
0.137
0.155
0.147
0.134
0.123
0.14
0.148
0.168
0.164
0.145
0.147
0.145
0.122
0.115
0.109
0.113
0.11
0.112
0.117
0.157
0.131
0.5
0.162
0.145
0.129
0.133
0.131
0.125
0.547
0.565
0.141
0.139
0.136
0.135
0.138
0.097
0.096
0.095
0.093
0.096
0.099
0.095
0.117
0.16
0.124
0.15
0.092
0.092
0.121
0.46
0.114
0.123
0.114
0.12
0.132
0.115
0.417
0.126
0.151
0.149
0.148
0.148
0.13
0.136
0.451
0.162
0.102
0.149
0.142
0.136
0.132
0.129
0.129
0.354
0.163
0.156
0.153
0.137
0.157
0.153
0.16
0.138
0.151
0.152
0.141
0.136
0.145
0.526
0.152
0.171
0.412
0.142
0.209
0.129
0.133
0.164
0.14
0.141
0.142
0.139
0.141
0.141
0.125
0.123
0.142
0.148
0.107
0.509
0.128
0.125
0.125
0.125
0.453
0.131
0.133
0.133
0.132
0.148
0.137
0.137
0.142
0.141
0.14
0.144
0.143
0.138
0.123
0.116
0.116
0.118
0.122
0.168
0.132
0.132
0.132
0.159
0.134
0.118
0.153
0.147
0.147
0.102
0.139
0.142
0.141
0.142
0.14
0.141
0.16
0.142
0.118
0.132
0.143
0.141
0.184
0.148
0.121
0.522
0.128
0.13
0.162
0.128
0.127
0.129
0.151
0.113
0.161
0.15
0.108
0.43
0.442
0.111
0.164
0.111
0.141
0.145
0.16
0.156
0.153
0.152
0.15
0.152
0.155
0.132
0.102
0.104
0.102
0.104
0.157
0.18
0.106
0.102
0.156
0.148
0.213
0.146
0.108
0.15
0.362
0.211
0.195
0.185
0.353
0.312
0.124
0.107
0.1
0.103
0.102
0.352
0.145
0.127
0.11
0.104
0.136
0.132
0.109
0.11
0.139
0.127
0.17
0.523
0.173
0.158
0.114
0.115
0.112
0.11
0.479
0.145
0.136
0.135
0.136
0.134
0.126
0.139
0.132
0.583
0.148
0.14
0.156
0.156
0.137
0.129
0.481
0.158
0.157
0.132
0.168
0.135
0.133
0.472
0.2
0.173
0.662
0.178
0.188
0.218
0.185
0.683
0.211
0.258
0.179
0.183
0.226
0.252
0.184
0.185
0.7
0.192
0.189
0.193
0.206
0.193
0.28
0.262
0.232
0.212
0.182
0.228
0.219
0.219
0.221
0.235
0.228
0.197
0.272
0.219
0.231
0.196
0.204
0.179
0.176
0.172
0.169
0.232
0.253
0.783
0.22
0.198
0.276
0.17
0.206
0.233
0.231
0.232
0.225
0.223
0.231
0.229
0.227
0.228
0.213
0.205
0.207
0.207
0.206
0.206
0.201
0.246
0.203
0.201
0.246
0.237
0.24
0.236
0.246
0.195
0.201
0.19
0.211
0.197
0.2
0.192
0.19
0.221
0.245
0.214
0.213
0.244
0.212
0.202
0.2
0.209
0.202
0.192
0.211
0.202
0.206
0.2
0.213
0.21
0.207
0.773
0.218
0.79
0.749
0.211
0.189
0.71
0.693
0.201
0.238
0.255
0.766
0.221
0.201
0.181
0.245
0.228
0.191
0.837
0.214
0.485
0.18
0.152
0.174
0.174
0.136
0.133
0.225
0.141
0.136
0.13
0.149
0.144
0.144
0.145
0.137
0.637
0.161
0.165
0.147
0.152
0.624
0.648
0.16
0.161
0.155
0.155
0.155
0.163
0.153
0.549
0.156
0.543
0.16
0.145
0.143
0.149
0.146
0.144
0.139
0.14
0.168
0.161
0.215
0.158
0.133
0.129
0.129
0.452
0.153
0.11
0.171
0.137
0.151
0.143
0.154
0.155
0.542
0.159
0.159
0.274
0.3
0.257
0.276
0.148
0.137
0.134
0.133
0.136
0.132
0.136
0.144
0.135
0.505
0.145
0.286
0.222
0.859
0.222
0.212
0.772
0.213
0.21
0.205
0.208
0.234
0.837
0.225
0.218
0.221
0.204
0.21
0.221
0.166
0.234
0.231
0.222
0.23
0.822
0.248
0.289
0.242
0.24
0.237
0.231
0.231
0.245
0.217
0.211
0.236
0.237
0.212
1.454
0.321
0.219
0.308
0.193
0.233
0.198
0.242
0.173
0.15
0.15
0.149
0.148
0.555
0.143
0.134
0.361
0.135
0.135
0.15
0.133
0.131
0.382
0.136
0.468
0.133
0.477
0.14
0.154
0.149
0.147
0.143
0.117
0.15
0.146
0.517
0.156
0.15
0.155
0.146
0.148
0.147
0.143
0.144
0.548
0.55
0.268
0.167
0.146
0.147
0.149
0.558
0.162
0.157
0.156
0.328
0.255
0.248
0.249
0.257
0.25
0.249
0.236
0.165
0.229
0.224
0.229
0.228
0.237
0.236
0.231
0.278
0.259
0.95
0.652
0.26
0.186
0.24
0.178
0.988
0.221
0.234
0.224
0.214
0.238
0.167
0.178
0.179
0.628
0.182
0.183
0.188
0.189
0.188
0.202
0.187
0.178
0.241
0.681
0.653
0.209
0.199
0.222
0.206
0.217
0.21
0.77
0.272
0.222
0.234
0.217
0.214
0.216
0.211
0.217
0.242
0.223
0.909
0.224
0.221
0.201
0.199
0.202
0.2
0.194
0.191
0.209
0.22
0.262
0.257
0.22
0.212
0.211
0.223
0.272
0.218
0.215
0.29
0.256
0.224
0.225
0.223
0.274
0.22
0.89
0.234
0.265
0.231
0.231
0.249
0.225
0.884
0.225
0.267
0.2
0.264
0.309
0.22
0.313
0.234
0.265
0.226
0.257
0.858
0.222
0.246
0.229
0.26
0.254
1.01
0.289
0.271
0.266
0.274
0.225
0.231
0.211
0.177
0.141
0.164
0.144
0.137
0.139
0.136
0.159
0.135
0.145
0.208
0.18
0.169
0.155
0.147
0.212
0.12
0.181
0.151
0.132
0.133
0.13
0.128
0.132
0.13
0.129
0.139
0.155
0.141
0.138
0.18
0.548
0.124
0.139
0.174
0.158
0.141
0.204
0.149
0.159
0.148
0.136
0.139
0.182
0.141
0.133
0.148
0.488
0.135
0.137
0.135
0.137
0.159
0.138
0.18
0.143
0.166
0.142
0.136
0.16
0.135
0.139
0.153
0.136
0.148
0.146
0.142
0.526
0.145
0.29
0.247
0.771
0.5
0.283
0.308
0.307
0.185
0.206
0.173
0.167
0.126
0.48
0.134
0.126
0.155
0.166
0.143
0.561
0.15
0.153
0.152
0.11
0.107
0.382
0.121
0.111
0.109
0.112
0.104
0.124
0.146
0.141
0.137
0.141
0.136
0.141
0.133
0.135
0.128
0.151
0.126
0.131
0.132
0.125
0.136
0.482
0.161
0.143
0.162
0.135
0.135
0.127
0.127
0.131
0.149
0.145
0.187
0.215
0.17
0.141
0.14
0.14
0.136
0.142
0.534
0.168
0.155
0.303
0.599
0.381
0.175
0.139
0.139
0.135
0.138
0.138
0.143
0.159
0.107
0.108
0.107
0.138
0.103
0.42
0.107
0.104
0.107
0.155
0.15
0.14
0.151
0.146
0.143
0.14
0.144
0.141
0.496
0.174
0.167
0.114
0.112
0.154
0.144
0.142
0.166
0.145
0.146
0.146
0.117
0.151
0.134
0.133
0.153
0.144
0.11
0.11
0.108
0.107
0.109
0.382
0.104
0.131
0.105
0.151
0.227
0.173
0.404
0.502
0.219
0.138
0.156
0.147
0.147
0.136
0.138
0.164
0.142
0.145
0.144
0.176
0.114
0.105
0.107
0.108
0.104
0.108
0.391
0.102
0.108
0.364
0.376
0.179
0.17
0.168
0.168
0.171
0.174
0.168
0.166
0.166
0.136
0.131
0.128
0.379
0.133
0.126
0.131
0.129
0.149
0.149
0.144
0.145
0.16
0.146
0.145
0.175
0.147
0.144
0.143
0.169
0.148
0.149
0.151
0.165
0.147
0.145
0.145
0.141
0.144
0.262
0.153
0.185
0.149
0.15
0.143
0.143
0.147
0.147
0.149
0.148
0.141
0.161
0.146
0.147
0.148
0.144
0.146
0.144
0.147
0.154
0.175
0.168
0.147
0.157
0.19
0.167
0.15
0.169
0.166
0.148
0.167
0.167
0.194
0.12
0.113
0.112
0.148
0.146
0.384
0.108
0.107
0.105
0.106
0.163
0.338
0.147
0.14
0.164
0.146
0.146
0.14
0.16
0.147
0.146
0.137
0.139
0.139
0.137
0.136
0.138
0.134
0.171
0.167
0.18
0.147
0.147
0.141
0.144
0.144
0.138
0.142
0.14
0.136
0.162
0.157
0.147
0.147
0.147
0.147
0.129
0.127
0.153
0.147
0.139
0.138
0.138
0.137
0.135
0.132
0.136
0.137
0.145
0.14
0.142
0.121
0.111
0.116
0.111
0.106
0.109
0.107
0.104
0.108
0.153
0.147
0.147
0.14
0.137
0.137
0.182
0.173
0.169
0.143
0.142
0.14
0.14
0.135
0.137
0.137
0.136
0.158
0.147
0.147
0.144
0.139
0.14
0.141
0.146
0.143
0.145
0.129
0.124
0.124
0.129
0.125
0.18
0.183
0.129
0.442
0.197
0.171
0.114
0.107
0.111
0.11
0.106
0.108
0.105
0.106
0.111
0.15
0.157
0.133
0.133
0.127
0.179
0.151
0.13
0.131
0.127
0.128
0.143
0.138
0.134
0.139
0.134
0.135
0.134
0.137
0.139
0.111
0.101
0.099
0.1
0.101
0.102
0.101
0.1
0.122
0.106
0.099
0.101
0.097
0.1
0.1
0.097
0.102
0.098
0.144
0.135
0.138
0.135
0.135
0.151
0.14
0.136
0.134
0.152
0.144
0.142
0.097
0.099
0.097
0.098
0.103
0.099
0.099
0.139
0.138
0.137
0.137
0.134
0.136
1.134
0.287
0.148
0.172
0.167
0.168
0.166
0.168
0.167
0.168
0.172
0.168
0.106
0.098
0.103
0.105
0.143
0.136
0.158
0.13
0.13
0.14
0.139
0.146
0.128
0.131
0.127
0.129
0.13
0.13
0.134
0.1
0.102
0.096
0.1
0.096
0.101
0.102
0.214
0.139
0.142
0.14
0.137
0.137
0.134
0.135
0.136
0.09
0.093
0.092
0.136
0.131
0.128
0.129
0.129
0.127
0.127
0.135
0.137
0.132
0.133
0.132
0.133
0.132
0.134
0.137
0.103
0.144
0.097
0.1
0.096
0.096
0.099
0.108
0.1
0.149
0.144
0.17
0.149
0.168
0.147
0.144
0.134
0.131
0.126
0.125
0.127
0.127
0.125
0.169
0.139
0.136
0.136
0.136
0.136
0.133
0.139
0.139
0.101
0.096
0.114
0.139
0.134
0.136
0.152
0.139
0.136
0.139
0.169
0.159
0.162
0.16
0.16
0.16
0.16
0.158
0.157
0.134
0.128
0.132
0.132
0.131
0.125
0.139
0.141
0.137
0.134
0.141
0.128
0.134
0.136
0.129
0.129
0.133
0.136
0.15
0.124
0.133
0.126
0.135
0.132
0.158
0.152
0.153
0.157
0.153
0.155
0.155
0.153
0.177
0.128
0.128
0.174
0.15
0.126
0.128
0.126
0.127
0.163
0.155
0.206
0.156
0.155
0.117
0.123
0.113
0.112
0.115
0.113
0.113
0.107
0.129
0.125
0.127
0.128
0.125
0.125
0.148
0.126
0.123
0.112
0.131
0.127
0.111
0.111
0.114
0.126
0.121
0.44
0.127
0.123
0.122
0.125
0.123
0.109
0.111
0.108
0.109
0.11
0.112
0.107
0.131
0.111
0.137
0.135
0.133
0.15
0.124
0.123
0.125
0.125
0.125
0.141
0.125
0.125
0.121
0.122
0.125
0.125
0.125
0.161
0.129
0.126
0.125
0.127
0.124
0.151
0.125
0.127
0.127
0.123
0.126
0.127
0.127
0.123
0.15
0.123
0.126
0.125
0.139
0.135
0.264
0.146
0.138
0.14
0.139
0.139
0.154
0.149
0.199
0.151
0.148
0.145
0.146
0.18
0.14
0.128
0.127
0.126
0.122
0.138
0.1
0.099
0.099
0.095
0.152
0.146
0.098
0.105
0.155
0.168
0.151
0.092
0.088
0.089
0.089
0.086
0.088
0.135
0.123
0.123
0.126
0.128
0.125
0.124
0.123
0.128
0.139
0.134
0.135
0.131
0.138
0.137
0.233
0.138
0.135
0.13
0.125
0.125
0.125
0.129
0.127
0.158
0.154
0.149
0.151
0.147
0.15
0.136
0.131
0.131
0.126
0.127
0.126
0.126
0.125
0.136
0.136
0.123
0.125
0.123
0.125
0.129
0.105
0.097
0.098
0.093
0.096
0.111
0.133
0.098
0.09
0.132
0.091
0.125
0.088
0.156
0.127
0.09
0.092
0.122
0.092
0.1
0.095
0.098
0.147
0.136
0.154
0.175
0.142
0.141
0.14
0.14
0.14
0.136
0.092
0.09
0.09
0.087
0.088
0.089
0.086
0.09
0.087
0.096
0.094
0.093
0.296
0.125
0.121
0.121
0.156
0.114
0.113
0.113
0.114
0.112
0.116
0.231
0.221
0.14
0.131
0.143
0.125
0.13
0.152
0.127
0.122
0.125
0.142
0.142
0.141
0.14
0.131
0.126
0.125
0.13
0.126
0.126
0.126
0.125
0.123
0.123
0.123
0.126
0.116
0.116
0.125
0.126
0.17
0.155
0.133
0.134
0.127
0.12
0.122
0.168
0.131
0.125
0.128
0.126
0.186
0.208
0.185
0.138
0.135
0.128
0.131
0.138
0.151
0.137
0.135
0.139
0.14
0.137
0.147
0.136
0.134
0.131
0.126
0.126
0.128
0.12
0.124
0.145
0.102
0.095
0.094
0.088
0.09
0.165
0.098
0.1
0.095
0.104
0.095
0.103
0.094
0.12
0.102
0.128
0.115
0.119
0.117
0.118
0.116
0.118
0.116
0.119
0.107
0.103
0.105
0.102
0.243
0.205
0.143
0.126
0.124
0.144
0.125
0.139
0.127
0.141
0.168
0.214
0.131
0.168
0.138
0.133
0.126
0.124
0.128
0.125
0.124
0.172
0.133
0.18
0.16
0.122
0.122
0.148
0.125
0.126
0.154
0.121
0.121
0.118
0.15
0.136
0.134
0.097
0.106
0.099
0.105
0.1
0.153
0.154
0.13
0.129
0.148
0.139
0.178
0.145
0.14
0.138
0.142
0.135
0.134
0.087
0.109
0.085
0.082
0.087
0.082
0.085
0.122
0.083
0.137
0.153
0.134
0.133
0.129
0.136
0.126
0.128
0.128
0.139
0.135
0.135
0.136
0.147
0.137
0.137
0.137
0.134
0.133
0.137
0.135
0.136
0.136
0.456
0.137
0.158
0.135
0.132
0.13
0.123
0.123
0.124
0.123
0.12
0.119
0.121
0.185
0.135
0.101
0.099
0.101
0.165
0.107
0.132
0.098
0.101
0.099
0.127
0.124
0.151
0.126
0.122
0.121
0.087
0.083
0.113
0.125
0.124
0.123
0.122
0.122
0.119
0.123
0.125
0.122
0.124
0.123
0.119
0.125
0.119
0.122
0.153
0.12
0.133
0.127
0.1
0.122
0.097
0.123
0.123
0.096
0.108
0.1
0.097
0.132
0.131
0.155
0.132
0.126
0.13
0.152
0.133
0.117
0.1
0.101
0.1
0.097
0.1
0.099
0.097
0.099
0.101
0.092
0.09
0.094
0.091
0.088
0.097
0.088
0.092
0.128
0.121
0.119
0.119
0.124
0.118
0.119
0.123
0.124
0.12
0.121
0.118
0.12
0.455
0.124
0.122
0.12
0.111
0.116
0.128
0.114
0.112
0.115
0.114
0.085
0.082
0.151
0.18
0.342
0.153
0.131
0.179
0.139
0.182
0.19
0.181
0.185
0.187
0.179
0.181
0.184
0.182
0.189
0.148
0.143
0.144
0.215
0.21
0.204
0.206
0.2
0.2
0.202
0.23
0.159
0.153
0.149
0.148
0.147
0.149
0.145
0.145
0.451
0.148
0.151
0.148
0.131
0.134
0.129
0.131
0.135
0.169
0.139
0.15
0.149
0.142
0.163
0.426
0.16
0.153
0.156
0.158
0.15
0.154
0.265
0.215
0.2
0.193
0.197
0.222
0.232
0.16
0.149
0.144
0.543
0.156
0.193
0.196
0.186
0.182
0.184
0.185
0.186
0.189
0.208
0.204
0.199
0.14
0.127
0.127
0.198
0.191
0.194
0.152
0.153
0.151
0.148
0.153
0.197
0.133
0.131
0.185
0.128
0.182
0.188
0.19
0.188
0.189
0.183
0.128
0.126
0.151
0.152
0.149
0.148
0.147
0.148
0.133
0.19
0.123
0.129
0.21
0.195
0.215
0.22
0.198
0.197
0.2
0.449
0.431
0.377
0.409
0.415
0.14
0.133
0.128
0.137
0.135
0.131
0.132
0.125
0.124
0.155
0.122
0.124
0.126
0.123
0.126
0.126
0.128
0.124
0.126
0.09
0.088
0.084
0.086
0.084
0.124
0.124
0.125
0.126
0.124
0.123
0.15
0.16
0.124
0.084
0.088
0.084
0.127
0.098
0.128
0.091
0.121
0.121
0.093
0.09
0.125
0.098
0.095
0.091
0.092
0.123
0.115
0.114
0.117
0.118
0.165
0.087
0.086
0.084
0.087
0.094
0.149
0.129
0.127
0.122
0.125
0.124
0.124
0.123
0.123
0.124
0.125
0.124
0.12
0.098
0.088
0.088
0.083
0.103
0.099
0.108
0.101
0.169
0.126
0.1
0.334
0.124
0.12
0.113
0.122
0.121
0.115
0.122
0.16
0.121
0.088
0.085
0.086
0.085
0.083
0.086
0.082
0.087
0.084
0.086
0.087
0.088
0.085
0.085
0.086
0.085
0.086
0.083
0.092
0.086
0.087
0.104
0.146
0.133
0.135
0.136
0.133
0.131
0.133
0.129
0.132
0.128
0.128
0.128
0.121
0.122
0.123
0.125
0.124
0.125
0.104
0.1
0.099
0.124
0.09
0.089
0.083
0.087
0.082
0.085
0.084
0.126
0.127
0.123
0.121
0.242
0.136
0.129
0.17
0.129
0.127
0.126
0.125
0.123
0.121
0.127
0.122
0.124
0.126
0.138
0.121
0.148
0.122
0.119
0.115
0.301
0.119
0.117
0.117
0.118
0.141
0.131
0.157
0.144
0.106
0.109
0.098
0.099
0.099
0.1
0.102
0.105
0.098
0.102
0.102
0.099
0.099
0.143
0.102
0.114
0.097
0.097
0.094
0.136
0.143
0.131
0.135
0.13
0.134
0.137
0.091
0.119
0.105
0.113
0.119
0.093
0.093
0.092
0.119
0.095
0.13
0.128
0.125
0.124
0.129
0.124
0.138
0.131
0.154
0.134
0.132
0.136
0.156
0.136
0.151
0.136
0.132
0.128
0.131
0.18
0.094
0.095
0.094
0.091
0.09
0.093
0.093
0.134
0.166
0.13
0.129
0.122
0.124
0.127
0.126
0.125
0.122
0.122
0.145
0.121
0.126
0.126
0.125
0.125
0.146
0.129
0.129
0.123
0.127
0.147
0.155
0.125
0.17
0.126
0.13
0.125
0.133
0.143
0.115
0.118
0.12
0.115
0.12
0.115
0.118
0.194
0.103
0.104
0.134
0.157
0.136
0.133
0.134
0.133
0.154
0.469
0.126
0.126
0.125
0.126
0.124
0.151
0.127
0.125
0.121
0.125
0.089
0.093
0.087
0.086
0.085
0.087
0.082
0.107
0.108
0.099
0.099
0.115
0.102
0.152
0.13
0.105
0.128
0.149
0.149
0.126
0.125
0.122
0.126
0.151
0.127
0.126
0.125
0.132
0.175
0.133
0.097
0.114
0.13
0.125
0.088
0.083
0.086
0.09
0.107
0.087
0.087
0.085
0.102
0.099
0.1
0.101
0.101
0.103
0.099
0.122
0.115
0.118
0.119
0.134
0.118
0.126
0.155
0.126
0.152
0.132
0.124
0.145
0.127
0.127
0.127
0.124
0.102
0.085
0.135
0.084
0.133
0.126
0.187
0.123
0.155
0.127
0.122
0.147
0.129
0.123
0.137
0.121
0.116
0.128
0.117
0.119
0.118
0.088
0.093
0.083
0.097
0.093
0.091
0.125
0.126
0.149
0.127
0.121
0.126
0.139
0.142
0.101
0.107
0.098
0.098
0.101
0.128
0.085
0.125
0.469
0.203
0.271
0.252
0.263
0.514
0.14
0.136
0.136
0.134
0.133
0.133
0.147
0.118
0.102
0.103
0.121
0.102
0.102
0.102
0.103
0.104
0.103
0.1
0.088
0.083
0.082
0.087
0.092
0.125
0.126
0.119
0.119
0.085
0.086
0.084
0.086
0.086
0.083
0.086
0.084
0.086
0.133
0.137
0.147
0.133
0.132
0.134
0.168
0.103
0.103
0.09
0.09
0.084
0.134
0.135
0.131
0.135
0.139
0.136
0.126
0.154
0.131
0.127
0.127
0.129
0.136
0.128
0.138
0.134
0.134
0.134
0.141
0.136
0.122
0.12
0.114
0.131
0.134
0.131
0.09
0.085
0.134
0.129
0.129
0.131
0.134
0.134
0.133
0.129
0.097
0.094
0.101
0.085
0.09
0.086
0.087
0.151
0.125
0.092
0.083
0.144
0.161
0.149
0.136
0.128
0.13
0.122
0.135
0.129
0.129
0.136
0.131
0.129
0.115
0.115
0.114
0.117
0.117
0.118
0.111
0.133
0.132
0.133
0.138
0.123
0.141
0.132
0.105
0.111
0.107
0.102
0.114
0.106
0.18
0.145
0.132
0.138
0.132
0.128
0.132
0.134
0.14
0.134
0.102
0.094
0.133
0.125
0.127
0.124
0.098
0.094
0.126
0.088
0.089
0.092
0.097
0.111
0.094
0.096
0.122
0.132
0.132
0.134
0.131
0.134
0.129
0.141
0.128
0.092
0.09
0.286
0.095
0.092
0.088
0.089
0.091
0.127
0.122
0.124
0.12
0.137
0.118
0.121
0.123
0.149
0.128
0.117
0.123
0.118
0.118
0.139
0.126
0.123
0.088
0.081
0.083
0.087
0.084
0.087
0.081
0.086
0.081
0.128
0.122
0.12
0.119
0.121
0.122
0.125
0.123
0.12
0.117
0.113
0.11
0.112
0.115
0.112
0.114
0.128
0.15
0.131
0.125
0.126
0.131
0.125
0.127
0.12
0.091
0.086
0.083
0.083
0.085
0.087
0.083
0.091
0.081
0.087
0.085
0.085
0.085
0.12
0.118
0.115
0.112
0.115
0.104
0.101
0.098
0.131
0.101
0.1
0.102
0.127
0.107
0.101
0.321
0.133
0.18
0.134
0.133
0.132
0.127
0.119
0.113
0.13
0.13
0.13
0.136
0.127
0.124
0.121
0.125
0.127
0.143
0.123
0.123
0.152
0.126
0.124
0.121
0.122
0.12
0.117
0.121
0.125
0.118
0.119
0.114
0.115
0.114
0.112
0.117
0.088
0.082
0.086
0.083
0.084
0.08
0.1
0.086
0.102
0.087
0.086
0.081
0.085
0.083
0.082
0.093
0.083
0.086
0.083
0.084
0.082
0.087
0.082
0.085
0.081
0.082
0.082
0.081
0.084
0.11
0.082
0.1
0.101
0.081
0.1
0.324
0.102
0.396
0.13
0.106
0.088
0.126
0.125
0.128
0.123
0.12
0.12
0.125
0.101
0.091
0.096
0.096
0.091
0.095
0.093
0.095
0.094
0.105
0.363
0.162
0.134
0.109
0.125
0.132
0.116
0.118
0.115
0.111
0.093
0.094
0.262
0.097
0.094
0.089
0.09
0.134
0.125
0.13
0.129
0.128
0.133
0.126
0.123
0.121
0.143
0.122
0.122
0.127
0.13
0.123
0.121
0.123
0.119
0.121
0.122
0.124
0.119
0.122
0.121
0.121
0.119
0.118
0.116
0.121
0.121
0.086
0.083
0.086
0.081
0.1
0.102
0.099
0.102
0.096
0.097
0.101
0.145
0.13
0.132
0.128
0.131
0.175
0.132
0.129
0.389
0.13
0.19
0.203
0.201
0.122
0.155
0.133
0.119
0.094
0.085
0.089
0.085
0.086
0.195
0.151
0.129
0.165
0.137
0.13
0.133
0.141
0.134
0.175
0.134
0.134
0.13
0.131
0.133
0.128
0.132
0.126
0.125
0.356
0.163
0.177
0.295
0.104
0.096
0.343
0.105
0.117
0.102
0.088
0.129
0.121
0.084
0.083
0.125
0.123
0.083
0.126
0.087
0.123
0.091
0.082
0.087
0.082
0.084
0.083
0.085
0.13
0.124
0.118
0.125
0.086
0.083
0.272
0.087
0.086
0.095
0.099
0.255
0.317
0.316
0.316
0.238
0.35
0.359
0.149
0.397
0.093
0.107
0.104
0.098
0.126
0.144
0.106
0.146
0.107
0.109
0.136
0.125
0.134
0.124
0.124
0.14
0.146
0.133
0.132
0.112
0.105
0.097
0.098
0.102
0.106
0.089
0.085
0.268
0.083
0.137
0.129
0.13
0.13
0.129
0.135
0.133
0.129
0.092
0.113
0.093
0.315
0.092
0.088
0.089
0.089
0.094
0.315
0.09
0.091
0.309
0.102
0.119
0.099
0.119
0.119
0.341
0.116
0.115
0.159
0.113
0.114
0.343
0.115
0.129
0.122
0.123
0.119
0.123
0.12
0.141
0.125
0.113
0.115
0.112
0.114
0.085
0.121
0.136
0.084
0.092
0.146
0.133
0.146
0.179
0.131
0.123
0.149
0.128
0.124
0.125
0.139
0.132
0.143
0.131
0.121
0.123
0.13
0.143
0.125
0.111
0.102
0.103
0.099
0.098
0.125
0.119
0.123
0.125
0.138
0.122
0.122
0.119
0.116
0.115
0.117
0.138
0.111
0.117
0.114
0.128
0.123
0.123
0.122
0.082
0.082
0.086
0.134
0.128
0.126
0.126
0.13
0.127
0.129
0.127
0.121
0.12
0.126
0.086
0.086
0.089
0.082
0.086
0.081
0.086
0.274
0.128
0.122
0.123
0.083
0.271
0.268
0.271
0.192
0.086
0.266
0.082
0.088
0.1
0.1
0.097
0.096
0.1
0.097
0.331
0.098
0.226
0.141
0.151
0.156
0.13
0.128
0.123
0.124
0.154
0.129
0.125
0.121
0.123
0.126
0.122
0.124
0.122
0.139
0.153
0.136
0.14
0.147
0.176
0.136
0.134
0.126
0.13
0.13
0.127
0.103
0.098
0.1
0.126
0.125
0.127
0.125
0.129
0.124
0.124
0.121
0.124
0.131
0.127
0.179
0.129
0.128
0.134
0.128
0.122
0.111
0.136
0.121
0.088
0.088
0.084
0.09
0.24
0.085
0.087
0.085
0.106
0.126
0.125
0.093
0.092
0.116
0.089
0.09
0.091
0.095
0.09
0.093
0.09
0.092
0.088
0.137
0.126
0.123
0.168
0.127
0.124
0.123
0.138
0.109
0.125
0.137
0.128
0.123
0.178
0.087
0.135
0.12
0.097
0.088
0.146
0.212
0.102
0.144
0.134
0.134
0.132
0.137
0.132
0.128
0.133
0.142
0.133
0.092
0.084
0.116
0.088
0.091
0.097
0.095
0.171
0.095
0.099
0.141
0.144
0.098
0.086
0.092
0.091
0.093
0.125
0.304
0.087
0.095
0.125
0.136
0.087
0.161
0.141
0.159
0.128
0.084
0.134
0.128
0.128
0.123
0.122
0.129
0.138
0.136
0.133
0.135
0.133
0.137
0.137
0.134
0.132
0.106
0.129
0.091
0.085
0.087
0.123
0.09
0.084
0.126
0.103
0.1
0.102
0.102
0.101
0.103
0.104
0.103
0.102
0.103
0.276
0.138
0.121
0.137
0.135
0.136
0.134
0.129
0.257
0.131
0.137
0.135
0.103
0.106
0.092
0.098
0.092
0.095
0.093
0.091
0.095
0.093
0.095
0.232
0.21
0.193
0.201
0.206
0.137
0.182
0.128
0.281
0.106
0.105
0.108
0.27
0.085
0.089
0.085
0.287
0.263
0.626
0.114
0.362
0.159
0.381
0.105
0.303
0.1
0.102
0.252
0.339
0.127
0.121
0.126
0.124
0.116
0.086
0.088
0.291
0.093
0.09
0.094
0.34
0.104
0.129
0.086
0.125
0.136
0.099
0.121
0.088
0.117
0.114
0.274
0.126
0.119
0.117
0.118
0.114
0.114
0.115
0.212
0.167
0.135
0.136
0.133
0.131
0.135
0.138
0.134
0.13
0.126
0.127
0.122
0.126
0.154
0.137
0.13
0.138
0.135
0.156
0.141
0.144
0.133
0.176
0.496
0.133
0.135
0.097
0.096
0.096
0.093
0.093
0.093
0.095
0.092
0.135
0.133
0.115
0.141
0.091
0.205
0.16
0.139
0.104
0.101
0.183
0.153
0.101
0.389
0.417
0.342
0.338
0.113
0.109
0.132
0.171
0.167
0.128
0.131
0.129
0.128
0.126
0.125
0.125
0.137
0.134
0.105
0.11
0.132
0.128
0.136
0.134
0.135
0.126
0.136
0.126
0.126
0.169
0.127
0.126
0.138
0.129
0.133
0.131
0.104
0.352
0.102
0.279
0.286
0.373
0.345
0.102
0.1
0.133
0.341
0.134
0.129
0.107
0.16
0.13
0.125
0.12
0.118
0.116
0.121
0.117
0.114
0.118
0.124
0.107
0.144
0.087
0.359
0.128
0.085
0.102
0.354
0.355
0.109
0.11
0.107
0.191
0.159
0.136
0.141
0.128
0.131
0.159
0.133
0.134
0.129
0.127
0.125
0.127
0.124
0.123
0.122
0.127
0.126
0.136
0.134
0.132
0.131
0.135
0.131
0.453
0.131
0.123
0.134
0.127
0.126
0.147
0.125
0.128
0.124
0.122
0.111
0.126
0.128
0.134
0.126
0.123
0.122
0.124
0.122
0.125
0.124
0.367
0.36
0.097
0.092
0.097
0.094
0.093
0.095
0.091
0.097
0.097
0.094
0.275
0.179
0.129
0.126
0.135
0.122
0.118
0.112
0.111
0.118
0.114
0.111
0.116
0.114
0.09
0.128
0.113
0.375
0.105
0.108
0.122
0.123
0.133
0.116
0.116
0.084
0.108
0.125
0.106
0.11
0.123
0.086
0.276
0.108
0.137
0.131
0.129
0.131
0.137
0.113
0.116
0.114
0.117
0.114
0.115
0.113
0.085
0.083
0.082
0.085
0.089
0.217
0.083
0.132
0.123
0.124
0.126
0.111
0.108
0.139
0.13
0.126
0.124
0.124
0.118
0.33
0.126
0.122
0.12
0.082
0.095
0.116
0.127
0.126
0.108
0.086
0.091
0.132
0.113
0.115
0.084
0.125
0.085
0.105
0.088
0.086
0.081
0.109
0.085
0.12
0.084
0.3
0.28
0.123
0.12
0.124
0.124
0.12
0.121
0.122
0.11
0.107
0.106
0.379
0.108
0.413
0.146
0.121
0.123
0.139
0.096
0.129
0.092
0.115
0.13
0.149
0.121
0.123
0.131
0.135
0.121
0.121
0.13
0.128
0.131
0.097
0.089
0.125
0.092
0.121
0.121
0.092
0.121
0.09
0.118
0.083
0.084
0.304
0.114
0.111
0.116
0.166
0.135
0.126
0.126
0.286
0.164
0.162
0.123
0.095
0.132
0.12
0.131
0.119
0.119
0.123
0.119
0.122
0.12
0.123
0.144
0.126
0.123
0.116
0.107
0.122
0.442
0.129
0.089
0.126
0.124
0.124
0.119
0.121
0.123
0.124
0.124
0.124
0.117
0.123
0.091
0.118
0.117
0.372
0.132
0.092
0.134
0.131
0.13
0.129
0.129
0.132
0.127
0.127
0.128
0.121
0.12
0.463
0.198
0.155
0.521
0.134
0.125
0.157
0.121
0.12
0.114
0.134
0.107
0.091
0.092
0.094
0.115
0.143
0.118
0.119
0.12
0.124
0.119
0.143
0.119
0.123
0.125
0.122
0.157
0.147
0.145
0.138
0.178
0.229
0.198
0.203
0.221
0.179
0.147
0.447
0.09
0.095
0.096
0.118
0.306
0.093
0.118
0.089
0.144
0.124
0.113
0.133
0.092
0.127
0.092
0.135
0.09
0.094
0.091
0.088
0.092
0.09
0.091
0.093
0.095
0.094
0.094
0.107
0.117
0.089
0.135
0.094
0.089
0.238
0.092
0.35
0.099
0.094
0.093
0.092
0.281
0.092
0.333
0.091
0.089
0.095
0.108
0.109
0.403
0.115
0.093
0.087
0.091
0.089
0.116
0.088
0.089
0.117
0.116
0.116
0.112
0.111
0.114
0.137
0.093
0.159
0.132
0.31
0.118
0.401
0.132
0.133
0.148
0.457
0.13
0.177
0.13
0.135
0.125
0.119
0.127
0.12
0.122
0.123
0.126
0.123
0.12
0.135
0.126
0.147
0.095
0.092
0.088
0.13
0.093
0.146
0.13
0.319
0.131
0.332
0.124
0.131
0.125
0.334
0.091
0.38
0.121
0.15
0.123
0.109
0.122
0.12
0.144
0.124
0.123
0.107
0.109
0.418
0.124
0.123
0.132
0.128
0.123
0.091
0.103
0.124
0.12
0.122
0.121
0.121
0.139
0.121
0.122
0.121
0.122
0.119
0.148
0.136
0.127
0.13
0.129
0.368
0.145
0.13
0.129
0.152
0.132
0.131
0.13
0.128
0.152
0.13
0.095
0.123
0.403
0.124
0.131
0.131
0.182
0.131
0.125
0.158
0.13
0.13
0.128
0.126
0.102
0.135
0.098
0.356
0.108
0.103
0.147
0.425
0.127
0.129
0.13
0.131
0.131
0.13
0.129
0.502
0.137
0.135
0.184
0.108
0.134
0.156
0.12
0.134
0.119
0.112
0.127
0.117
0.11
0.113
0.113
0.116
0.115
0.136
0.13
0.124
0.125
0.137
0.155
0.098
0.092
0.113
0.094
0.09
0.133
0.649
0.163
0.133
0.13
0.131
0.2
0.144
0.194
0.146
0.141
0.151
0.098
0.089
0.117
0.098
0.13
0.088
0.093
0.118
0.13
0.173
0.135
0.375
0.153
0.128
0.145
0.482
0.097
0.133
0.118
0.089
0.099
0.143
0.135
0.135
0.129
0.129
0.126
0.13
0.167
0.139
0.134
0.132
0.128
0.139
0.115
0.138
0.128
0.133
0.138
0.135
0.107
0.103
0.107
0.576
0.213
0.207
0.209
0.238
0.214
0.211
0.202
0.228
0.195
0.194
0.142
0.868
0.181
0.215
0.186
0.242
0.179
0.182
0.202
0.179
0.481
0.206
0.664
0.369
0.168
0.137
0.371
0.15
0.153
0.143
0.128
0.121
0.091
0.117
0.165
0.198
0.19
0.143
0.134
0.233
0.711
0.227
0.122
0.144
0.176
0.168
0.163
0.124
0.122
0.124
0.535
0.164
0.188
0.444
0.198
0.186
0.22
0.194
0.144
0.356
0.127
0.135
0.151
0.484
0.134
0.132
0.131
0.129
0.13
0.136
0.365
0.129
0.134
0.128
0.134
0.206
0.151
0.129
0.127
0.145
0.137
0.137
0.137
0.139
0.129
0.134
0.127
0.132
0.458
0.139
0.138
0.125
0.476
0.127
0.134
0.174
0.127
0.121
0.124
0.125
0.419
0.127
0.13
0.131
0.13
0.13
0.131
0.132
0.129
0.111
0.126
0.143
0.143
0.138
0.135
0.107
0.11
0.108
0.109
0.127
0.127
0.129
0.129
0.129
0.131
0.126
0.474
0.106
0.111
0.108
0.107
0.17
0.269
0.227
0.205
0.138
0.138
0.575
0.14
0.139
0.136
0.127
0.181
0.17
0.13
0.094
0.092
0.094
0.091
0.091
0.398
0.458
0.109
0.394
0.406
0.124
0.117
0.125
0.123
0.131
0.139
0.138
0.132
0.184
0.48
0.132
0.111
0.142
0.135
0.13
0.128
0.129
0.13
0.129
0.132
0.131
0.131
0.13
0.17
0.129
0.127
0.13
0.468
0.136
0.134
0.135
0.144
0.128
0.408
0.123
0.126
0.435
0.128
0.132
0.13
0.131
0.136
0.135
0.13
0.128
0.123
0.161
0.155
0.149
0.146
0.14
0.441
0.13
0.134
0.142
0.143
0.464
0.133
0.135
0.132
0.133
0.179
0.145
0.138
0.13
0.224
0.725
0.346
0.138
0.134
0.168
0.209
0.14
0.134
0.136
0.135
0.134
0.131
0.556
0.132
0.128
0.14
0.138
0.158
0.133
0.143
0.159
0.147
0.149
0.133
0.126
0.128
0.542
0.358
0.14
0.143
0.145
0.133
0.141
0.131
0.429
0.14
0.144
0.149
0.117
0.137
0.527
0.145
0.142
0.115
0.14
0.13
0.134
0.136
0.134
0.132
0.149
0.132
0.158
0.148
0.13
0.114
0.147
0.386
0.127
0.453
0.191
0.493
0.147
0.151
0.131
0.148
0.134
0.128
0.192
0.123
0.118
0.153
0.137
0.496
0.145
0.438
0.121
0.454
0.158
0.153
0.154
0.151
0.142
0.142
0.551
0.152
0.14
0.137
0.501
0.142
0.553
0.159
0.256
0.149
0.151
0.146
0.152
0.156
0.14
0.14
0.138
0.146
0.136
0.137
0.15
0.16
0.148
0.117
0.159
0.159
0.206
0.154
0.144
0.141
0.14
0.138
0.115
0.572
0.15
0.417
0.151
0.112
0.587
0.242
0.266
0.187
0.168
0.152
0.143
0.172
0.14
0.14
0.136
0.406
0.116
0.147
0.149
0.496
0.17
0.145
0.145
0.211
0.409
0.142
0.134
0.135
0.145
0.506
0.145
0.144
0.519
0.154
0.507
0.138
0.571
0.521
0.142
0.152
0.142
0.164
0.146
0.153
0.151
0.151
0.53
0.158
0.161
0.654
0.171
0.149
0.164
0.145
0.175
0.171
0.154
0.154
0.468
0.182
0.327
0.23
0.185
0.155
0.181
0.222
0.241
0.21
0.433
0.418
0.164
0.141
0.155
0.151
0.155
0.149
0.149
0.148
0.174
0.178
0.172
0.169
0.167
0.168
0.17
0.174
0.15
0.599
0.152
0.145
0.144
0.137
0.132
0.135
0.138
0.139
0.16
0.156
0.154
0.155
0.164
0.149
0.148
0.156
0.159
0.574
0.156
0.145
0.527
0.155
0.566
0.582
0.162
0.154
0.15
0.159
0.174
0.136
0.114
0.116
0.415
0.23
0.178
0.156
0.17
0.16
0.165
0.17
0.601
0.142
0.167
0.153
0.181
0.168
0.15
0.141
0.127
0.172
0.161
0.163
0.162
0.162
0.148
0.165
0.119
0.125
0.167
0.161
0.154
0.166
0.164
0.12
0.442
0.415
0.123
0.122
0.152
0.146
0.149
0.137
0.118
0.158
0.163
0.162
0.161
0.157
0.219
0.147
0.143
0.143
0.141
0.147
0.141
0.154
0.148
0.173
0.536
0.175
0.164
0.186
0.164
0.165
0.123
0.147
0.516
0.153
0.15
0.163
0.142
0.168
0.122
0.162
0.16
0.172
0.647
0.154
0.197
0.147
0.157
0.125
0.146
0.184
0.161
0.155
0.154
0.161
0.162
0.171
0.122
0.45
0.131
0.152
0.144
0.517
0.156
0.154
0.155
0.157
0.131
0.182
0.175
0.164
0.155
0.556
0.161
0.168
0.167
0.156
0.173
0.165
0.188
0.18
0.157
0.146
0.689
0.168
0.173
0.19
0.162
0.129
0.121
0.124
0.492
0.133
0.142
0.176
0.239
0.18
0.166
0.2
0.223
0.191
0.183
0.674
0.629
0.182
0.176
0.22
0.182
0.173
0.174
0.173
0.147
0.176
0.171
0.173
0.176
0.246
0.697
0.193
0.188
0.19
0.314
0.205
0.511
0.303
0.275
0.264
0.976
0.268
0.258
0.26
0.259
0.32
0.712
0.186
0.197
0.201
0.61
0.17
0.272
0.178
0.15
0.142
0.171
0.143
0.191
0.767
0.24
0.225
0.23
0.221
0.219
0.248
0.23
0.221
0.29
1.046
0.267
0.287
0.608
0.272
0.26
0.242
0.868
0.246
0.258
0.245
0.247
0.25
0.247
0.299
0.188
0.638
0.179
0.186
0.652
0.173
0.172
0.162
0.164
0.415
1.248
0.178
0.176
0.174
0.176
0.186
0.175
0.661
0.624
0.167
0.169
0.187
0.17
0.278
0.187
0.201
0.484
0.175
0.174
0.174
0.194
0.213
0.178
0.185
0.199
0.191
0.193
0.192
0.193
0.194
0.683
0.2
0.523
0.15
0.199
0.155
0.151
0.151
0.15
0.158
0.15
0.147
0.143
0.2
0.176
0.154
0.203
0.187
0.179
0.143
0.143
0.144
0.143
0.515
1.121
0.321
0.355
0.326
0.359
0.395
0.354
0.352
1.75
0.336
0.549
0.19
0.156
0.201
0.155
0.19
0.154
0.153
0.562
0.176
0.192
0.174
0.611
0.183
0.191
0.184
0.181
0.184
0.177
0.175
0.179
0.177
0.174
0.154
0.748
0.198
0.186
0.194
0.195
0.192
0.716
0.194
0.178
0.191
0.17
0.171
0.143
0.142
0.172
0.169
0.141
0.14
0.191
0.224
0.232
0.152
0.264
0.194
0.152
0.198
0.185
0.189
0.185
0.182
0.329
0.202
0.297
0.178
0.167
0.158
0.158
0.257
0.446
1.16
0.407
0.256
0.19
0.208
0.18
0.69
0.305
0.194
0.27
0.185
0.7
0.438
0.274
0.367
0.53
0.223
0.252
0.276
0.249
0.235
0.201
0.202
0.148
0.166
0.154
0.154
0.281
0.251
0.201
0.738
0.174
0.16
0.173
0.235
0.252
0.172
0.533
0.188
0.152
0.165
0.232
0.264
0.226
0.179
0.174
0.195
0.205
0.215
0.258
0.175
0.173
0.313
0.724
0.284
0.288
0.274
0.27
0.82
0.351
0.353
1.127
0.314
0.307
0.335
0.318
0.32
0.277
0.317
0.24
0.314
0.227
0.248
0.247
0.243
0.254
0.238
0.244
0.242
0.234
0.249
0.247
0.25
0.965
0.346
0.279
0.273
0.27
0.274
0.309
0.277
0.254
0.916
0.168
0.159
0.237
0.166
0.158
0.232
0.236
0.252
0.178
0.17
0.638
0.169
0.171
0.174
0.161
0.152
0.155
0.155
0.148
0.175
0.155
0.156
0.183
0.274
0.278
0.303
0.217
0.171
0.163
0.152
0.162
0.27
0.185
0.188
0.199
0.231
0.189
0.686
0.151
0.172
0.17
0.157
0.211
0.17
0.169
0.166
0.326
0.267
0.161
0.641
0.168
0.175
0.202
0.178
0.169
0.171
0.169
0.192
0.165
0.157
0.162
0.241
0.214
0.164
0.163
0.181
0.142
0.145
0.145
0.145
0.151
0.147
0.145
0.145
0.685
0.284
0.21
0.218
0.205
0.194
0.268
0.178
0.174
0.175
0.166
0.184
0.149
0.146
0.218
0.3
0.148
0.145
0.149
0.164
0.154
0.171
0.238
0.154
0.266
0.175
0.155
0.154
0.155
0.152
0.175
0.17
0.171
0.203
0.195
0.203
0.265
0.196
0.221
0.226
0.171
0.165
0.197
0.168
0.163
0.162
0.162
0.164
0.163
0.16
0.163
0.163
0.16
0.582
0.167
0.163
0.164
0.164
0.197
0.187
0.266
0.221
0.199
0.215
0.195
0.181
0.172
0.171
0.169
0.17
0.17
0.173
0.197
0.173
0.172
0.288
0.208
0.271
0.194
0.627
0.304
0.29
0.298
0.311
0.342
0.315
0.583
0.147
0.149
0.149
0.151
0.149
0.364
0.199
0.193
0.195
0.193
0.19
0.221
0.194
0.193
0.19
0.206
0.229
0.244
0.245
0.202
0.199
0.198
0.201
0.178
0.173
0.182
0.311
0.188
0.183
0.177
0.174
0.181
0.163
0.236
0.264
0.201
0.16
0.158
0.161
0.159
0.157
0.153
0.163
0.572
0.427
0.156
0.151
0.159
0.197
0.184
0.168
0.151
0.179
0.152
0.15
0.596
0.146
0.15
0.145
0.17
0.535
0.174
0.156
0.158
0.154
0.155
0.159
0.336
0.164
0.157
0.16
0.162
0.157
0.536
0.196
0.171
0.318
0.187
0.177
0.234
0.177
0.173
0.171
0.178
0.164
0.181
0.203
0.259
0.623
0.171
0.212
0.203
0.201
0.17
0.191
0.649
0.188
0.166
0.165
0.233
0.193
0.184
0.208
0.187
0.235
0.159
0.163
0.156
0.445
0.157
0.158
0.158
0.157
0.157
0.198
0.189
0.189
0.205
0.195
0.193
0.195
0.194
0.18
0.178
0.153
0.148
0.148
0.147
0.156
0.163
0.146
0.769
0.209
0.204
0.268
0.181
0.26
0.167
0.182
0.172
0.175
0.173
0.173
0.174
0.173
0.175
0.174
0.192
0.186
0.184
0.182
0.178
0.195
0.187
0.185
0.153
0.148
0.149
0.15
0.16
0.154
0.147
0.185
0.149
0.175
0.164
0.163
0.155
0.158
0.157
0.158
0.587
0.158
0.159
0.158
0.18
0.176
0.172
0.176
0.155
0.146
0.148
0.148
0.157
0.554
0.206
0.233
0.207
0.222
0.348
0.243
0.212
0.358
0.338
0.19
0.178
0.179
0.179
0.153
0.143
0.158
0.159
0.176
0.175
0.168
0.156
0.207
0.174
0.158
0.153
0.155
0.153
0.174
0.229
0.174
0.203
0.168
0.17
0.171
0.162
0.174
0.169
0.172
0.168
0.171
0.159
0.172
0.169
0.175
0.172
0.16
0.168
0.164
0.196
0.187
0.185
0.187
0.183
0.18
0.194
0.172
0.169
0.177
0.169
0.214
0.171
0.236
0.218
0.147
0.203
0.259
0.244
0.273
0.171
0.143
0.18
0.137
0.136
0.182
0.175
0.177
0.171
0.162
0.15
0.154
0.217
0.189
0.187
0.187
0.188
0.185
0.191
0.185
0.19
0.186
0.191
0.186
0.186
0.19
0.191
0.194
0.19
0.171
0.17
0.171
0.159
0.151
0.154
0.152
0.172
0.203
0.156
0.169
0.169
0.153
0.172
0.174
0.156
0.188
0.148
0.141
0.246
0.189
0.188
0.201
0.224
0.151
0.15
0.149
0.15
0.15
0.173
0.147
0.144
0.139
0.152
0.141
0.143
0.181
0.167
0.165
0.154
0.157
0.15
0.148
0.149
0.149
0.149
0.146
0.146
0.192
0.181
0.207
0.184
0.217
0.16
0.16
0.173
0.169
0.166
0.17
0.142
0.14
0.138
0.442
0.208
0.41
0.209
0.152
0.142
0.165
0.166
0.164
0.161
0.165
0.162
0.163
0.165
0.177
0.176
0.142
0.132
0.138
0.14
0.133
0.13
0.134
0.133
0.171
0.159
0.161
0.154
0.164
0.179
0.183
0.159
0.158
0.18
0.143
0.148
0.15
0.147
0.15
0.15
0.149
0.153
0.145
0.143
0.145
0.146
0.152
0.147
0.146
0.153
0.141
0.144
0.14
0.144
0.14
0.149
0.146
0.148
0.145
0.148
0.149
0.148
0.229
0.183
0.183
0.179
0.185
0.179
0.163
0.199
0.181
0.158
0.156
0.197
0.153
0.151
0.147
0.148
0.15
0.146
0.146
0.231
0.267
0.292
0.228
0.181
0.171
0.169
0.139
0.137
0.135
0.133
0.139
0.135
0.135
0.172
0.16
0.158
0.159
0.162
0.201
0.267
0.203
0.135
0.128
0.134
0.129
0.129
0.13
0.126
0.195
0.173
0.169
0.167
0.168
0.175
0.14
0.182
0.141
0.152
0.132
0.136
0.138
0.152
0.142
0.139
0.204
0.139
0.136
0.137
0.137
0.14
0.138
0.335
0.152
0.134
0.137
0.132
0.137
0.137
0.139
0.143
0.207
0.171
0.169
0.202
0.178
0.172
0.194
0.274
0.172
0.169
0.249
0.155
0.144
0.145
0.144
0.146
0.146
0.146
0.147
0.152
0.148
0.171
0.149
0.158
0.147
0.146
0.148
0.275
0.162
0.151
0.184
0.188
0.148
0.142
0.136
0.137
0.134
0.137
0.178
0.141
0.146
0.193
0.156
0.157
0.152
0.152
0.162
0.201
0.162
0.152
0.165
0.139
0.132
0.13
0.129
0.134
0.154
0.152
0.161
0.184
0.156
0.15
0.143
0.16
0.137
0.138
0.136
0.14
0.158
0.142
0.162
0.183
0.179
0.388
0.151
0.141
0.134
0.132
0.164
0.154
0.157
0.153
0.16
0.154
0.142
0.139
0.14
0.139
0.14
0.153
0.153
0.15
0.164
0.152
0.151
0.152
0.174
0.182
0.163
0.152
0.152
0.155
0.154
0.155
0.155
0.143
0.132
0.134
0.164
0.131
0.166
0.185
0.154
0.152
0.152
0.133
0.129
0.135
0.128
0.132
0.127
0.129
0.161
0.147
0.147
0.148
0.145
0.147
0.173
0.148
0.143
0.134
0.145
0.128
0.133
0.305
0.141
0.139
0.154
0.134
0.287
0.242
0.21
0.157
0.157
0.153
0.181
0.167
0.16
0.165
0.156
0.152
0.152
0.154
0.145
0.168
0.124
0.112
0.115
0.143
0.139
0.139
0.138
0.14
0.14
0.16
0.319
0.166
0.146
0.177
0.15
0.147
0.167
0.151
0.151
0.169
0.188
0.151
0.139
0.151
0.15
0.145
0.161
0.156
0.152
0.152
0.144
0.136
0.138
0.132
0.138
0.144
0.141
0.144
0.166
0.164
0.12
0.113
0.16
0.112
0.115
0.235
0.128
0.164
0.194
0.162
0.117
0.167
0.164
0.164
0.151
0.141
0.145
0.148
0.145
0.147
0.144
0.143
0.138
0.137
0.167
0.144
0.146
0.15
0.143
0.142
0.145
0.145
0.139
0.138
0.166
0.159
0.16
0.159
0.16
0.16
0.163
0.14
0.131
0.129
0.13
0.129
0.206
0.186
0.134
0.123
0.124
0.124
0.123
0.118
0.121
0.121
0.122
0.141
0.139
0.133
0.138
0.135
0.136
0.137
0.132
0.125
0.13
0.131
0.117
0.121
0.113
0.121
0.122
0.612
0.165
0.166
0.184
0.514
0.156
0.157
0.137
0.193
0.155
0.159
0.15
0.148
0.151
0.155
0.119
0.153
0.146
0.147
0.145
0.142
0.149
0.146
0.146
0.145
0.148
0.162
0.124
0.119
0.123
0.386
0.121
0.121
0.127
0.123
0.146
0.152
0.137
0.132
0.144
0.171
0.236
0.177
0.136
0.15
0.143
0.158
0.14
0.141
0.175
0.139
0.13
0.125
0.156
0.146
0.148
0.176
0.15
0.148
0.158
0.154
0.15
0.154
0.155
0.154
0.153
0.152
0.124
0.144
0.135
0.115
0.12
0.116
0.114
0.135
0.117
0.121
0.114
0.13
0.123
0.125
0.148
0.147
0.138
0.139
0.139
0.151
0.14
0.142
0.137
0.134
0.129
0.13
0.131
0.128
0.127
0.149
0.144
0.138
0.136
0.141
0.133
0.124
0.137
0.124
0.136
0.122
0.138
0.121
0.137
0.121
0.121
0.119
0.134
0.12
0.12
0.138
0.133
0.139
0.144
0.141
0.139
0.138
0.196
0.48
0.187
0.183
0.149
0.136
0.137
0.138
0.138
0.142
0.136
0.155
0.151
0.146
0.147
0.172
0.145
0.137
0.137
0.139
0.138
0.135
0.151
0.144
0.168
0.212
0.227
0.156
0.155
0.151
0.152
0.154
0.156
0.141
0.137
0.225
0.14
0.133
0.125
0.127
0.127
0.126
0.118
0.125
0.123
0.123
0.128
0.162
0.408
0.124
0.122
0.13
0.124
0.119
0.121
0.152
0.141
0.148
0.147
0.185
0.178
0.15
0.147
0.146
0.139
0.14
0.141
0.139
0.14
0.178
0.139
0.135
0.144
0.163
0.143
0.18
0.14
0.125
0.123
0.134
0.128
0.125
0.134
0.122
0.427
0.119
0.196
0.221
0.162
0.16
0.199
0.174
0.218
0.211
0.344
0.17
0.191
0.141
0.14
0.14
0.136
0.143
0.14
0.138
0.139
0.166
0.245
0.228
0.141
0.138
0.146
0.45
0.14
0.136
0.139
0.142
0.137
0.145
0.136
0.132
0.127
0.117
0.125
0.123
0.125
0.132
0.122
0.148
0.138
0.12
0.132
0.131
0.128
0.117
0.113
0.127
0.126
0.128
0.13
0.125
0.126
0.127
0.135
0.128
0.127
0.121
0.164
0.122
0.165
0.156
0.119
0.153
0.154
0.228
0.222
0.194
0.192
0.156
0.142
0.17
0.141
0.147
0.137
0.146
0.14
0.139
0.138
0.136
0.14
0.139
0.135
0.136
0.138
0.138
0.138
0.137
0.139
0.129
0.121
0.148
0.174
0.114
0.111
0.111
0.152
0.144
0.143
0.147
0.153
0.148
0.172
0.142
0.142
0.143
0.134
0.152
0.139
0.115
0.11
0.113
0.117
0.112
0.145
0.143
0.145
0.14
0.145
0.149
0.144
0.129
0.119
0.121
0.143
0.118
0.125
0.123
0.119
0.122
0.119
0.122
0.12
0.195
0.131
0.128
0.125
0.131
0.131
0.128
0.13
0.13
0.116
0.114
0.115
0.111
0.111
0.304
0.248
0.224
0.161
0.215
0.142
0.191
0.137
0.136
0.148
0.14
0.141
0.144
0.694
0.221
0.763
0.239
0.123
0.119
0.135
0.152
0.118
0.12
0.328
0.12
0.146
0.144
0.137
0.145
0.139
0.141
0.14
0.14
0.145
0.142
0.145
0.145
0.152
0.141
0.147
0.143
0.142
0.142
0.141
0.143
0.141
0.147
0.122
0.121
0.126
0.172
0.127
0.126
0.124
0.125
0.136
0.125
0.124
0.122
0.126
0.141
0.136
0.14
0.142
0.141
0.138
0.138
0.14
0.264
0.217
0.21
0.201
0.214
0.214
0.204
0.204
0.242
0.208
0.159
0.162
0.155
0.156
0.175
0.153
0.158
0.157
0.157
0.155
0.151
0.159
0.157
0.155
0.153
0.157
0.154
0.199
0.541
0.148
0.142
0.193
0.145
0.139
0.136
0.142
0.132
0.121
0.123
0.124
0.12
0.123
0.128
0.146
0.139
0.144
0.141
0.142
0.142
0.143
0.152
0.135
0.133
0.137
0.138
0.117
0.111
0.11
0.114
0.111
0.151
0.145
0.113
0.116
0.109
0.144
0.136
0.141
0.19
0.168
0.15
0.174
0.139
0.12
0.119
0.175
0.124
0.12
0.12
0.12
0.161
0.217
0.14
0.16
0.14
0.136
0.136
0.139
0.139
0.114
0.109
0.11
0.112
0.114
0.109
0.11
0.12
0.11
0.122
0.133
0.126
0.146
0.131
0.125
0.128
0.123
0.119
0.143
0.177
0.139
0.153
0.153
0.138
0.135
0.153
0.138
0.135
0.149
0.137
0.152
0.127
0.125
0.13
0.13
0.127
0.131
0.127
0.144
0.158
0.136
0.136
0.137
0.136
0.134
0.136
0.134
0.133
0.154
0.151
0.154
0.14
0.136
0.122
0.137
0.139
0.136
0.136
0.12
0.117
0.118
0.134
0.122
0.22
0.237
0.148
0.136
0.14
0.136
0.156
0.145
0.146
0.143
0.189
0.166
0.145
0.176
0.146
0.133
0.137
0.176
0.143
0.135
0.137
0.134
0.137
0.137
0.19
0.136
0.127
0.129
0.13
0.129
0.126
0.13
0.139
0.138
0.132
0.143
0.14
0.156
0.135
0.184
0.139
0.138
0.134
0.137
0.139
0.138
0.136
0.135
0.135
0.142
0.138
0.137
0.136
0.136
0.135
0.133
0.119
0.109
0.11
0.113
0.115
0.137
0.134
0.135
0.133
0.135
0.151
0.142
0.136
0.127
0.12
0.12
0.123
0.12
0.12
0.117
0.121
0.143
0.132
0.146
0.158
0.153
0.151
0.15
0.188
0.148
0.143
0.175
0.141
0.143
0.201
0.163
0.125
0.124
0.122
0.118
0.121
0.118
0.117
0.37
0.119
0.118
0.119
0.12
0.12
0.147
0.122
0.123
0.122
0.117
0.116
0.119
0.12
0.119
0.139
0.135
0.152
0.16
0.147
0.143
0.145
0.143
0.144
0.144
0.144
0.127
0.125
0.124
0.118
0.14
0.138
0.136
0.133
0.13
0.131
0.145
0.133
0.138
0.136
0.134
0.115
0.11
0.113
0.124
0.12
0.119
0.116
0.154
0.171
0.188
0.138
0.147
0.136
0.136
0.137
0.133
0.135
0.137
0.151
0.145
0.15
0.144
0.145
0.144
0.121
0.121
0.121
0.125
0.12
0.182
0.157
0.128
0.154
0.152
0.121
0.132
0.12
0.152
0.145
0.142
0.141
0.132
0.137
0.138
0.138
0.131
0.126
0.176
0.125
0.141
0.137
0.138
0.123
0.121
0.123
0.123
0.118
0.136
0.137
0.135
0.137
0.138
0.134
0.135
0.134
0.138
0.138
0.138
0.136
0.142
0.136
0.15
0.135
0.155
0.138
0.116
0.108
0.153
0.115
0.122
0.118
0.124
0.122
0.142
0.145
0.146
0.143
0.121
0.123
0.12
0.118
0.121
0.122
0.116
0.16
0.153
0.151
0.17
0.155
0.153
0.147
0.152
0.144
0.133
0.139
0.129
0.162
0.137
0.145
0.311
0.185
0.24
0.229
0.349
0.145
0.134
0.14
0.134
0.128
0.131
0.15
0.15
0.149
0.222
0.152
0.149
0.146
0.152
0.145
0.139
0.141
0.14
0.138
0.141
0.138
0.114
0.111
0.108
0.111
0.111
0.109
0.11
0.11
0.106
0.11
0.11
0.108
0.108
0.111
0.129
0.125
0.126
0.123
0.126
0.128
0.128
0.137
0.136
0.134
0.134
0.131
0.135
0.132
0.134
0.153
0.148
0.144
0.204
0.162
0.143
0.128
0.125
0.125
0.123
0.12
0.407
0.12
0.167
0.131
0.13
0.132
0.129
0.132
0.128
0.128
0.14
0.131
0.126
0.129
0.129
0.131
0.129
0.133
0.13
0.13
0.126
0.126
0.127
0.217
0.13
0.138
0.131
0.13
0.13
0.138
0.137
0.127
0.129
0.116
0.12
0.12
0.114
0.112
0.116
0.115
0.146
0.135
0.153
0.132
0.138
0.144
0.13
0.131
0.14
0.13
0.131
0.136
0.135
0.135
0.178
0.143
0.147
0.137
0.136
0.137
0.137
0.147
0.139
0.142
0.144
0.145
0.144
0.142
0.139
0.133
0.131
0.128
0.195
0.135
0.131
0.13
0.133
0.122
0.116
0.113
0.118
0.117
0.112
0.136
0.128
0.132
0.13
0.131
0.127
0.119
0.112
0.116
0.112
0.113
0.112
0.115
0.114
0.133
0.129
0.131
0.133
0.131
0.128
0.14
0.139
0.193
0.138
0.136
0.138
0.142
0.144
0.13
0.121
0.164
0.125
0.125
0.123
0.119
0.117
0.137
0.21
0.203
0.207
0.131
0.127
0.13
0.126
0.122
0.162
0.139
0.12
0.121
0.113
0.114
0.148
0.137
0.127
0.128
0.13
0.131
0.13
0.128
0.133
0.134
0.133
0.13
0.131
0.127
0.128
0.131
0.133
0.132
0.128
0.138
0.165
0.127
0.128
0.135
0.135
0.126
0.127
0.126
0.115
0.115
0.115
0.115
0.113
0.132
0.128
0.131
0.13
0.13
0.127
0.159
0.131
0.131
0.128
0.128
0.152
0.146
0.139
0.144
0.143
0.145
0.144
0.144
0.14
0.114
0.119
0.116
0.115
0.111
0.116
0.112
0.108
0.103
0.105
0.107
0.12
0.108
0.108
0.114
0.115
0.117
0.116
0.116
0.136
0.13
0.131
0.13
0.132
0.152
0.13
0.128
0.145
0.141
0.137
0.137
0.139
0.139
0.137
0.128
0.121
0.122
0.123
0.121
0.124
0.12
0.119
0.131
0.129
0.138
0.131
0.13
0.13
0.13
0.134
0.15
0.169
0.146
0.145
0.15
0.122
0.124
0.121
0.131
0.128
0.132
0.129
0.131
0.241
0.133
0.13
0.192
0.134
0.132
0.131
0.132
0.133
0.126
0.129
0.129
0.151
0.132
0.162
0.126
0.12
0.113
0.111
0.112
0.113
0.118
0.114
0.112
0.12
0.122
0.113
0.115
0.117
0.113
0.116
0.145
0.136
0.136
0.138
0.162
0.14
0.144
0.142
0.115
0.116
0.115
0.112
0.114
0.151
0.143
0.145
0.144
0.141
0.145
0.143
0.146
0.144
0.117
0.115
0.111
0.114
0.114
0.114
0.113
0.114
0.114
0.135
0.128
0.129
0.13
0.127
0.127
0.12
0.166
0.122
0.154
0.15
0.146
0.142
0.112
0.119
0.116
0.116
0.115
0.107
0.107
0.109
0.128
0.106
0.111
0.106
0.104
0.131
0.115
0.115
0.111
0.112
0.119
0.139
0.131
0.13
0.131
0.129
0.134
0.132
0.127
0.13
0.129
0.131
0.13
0.13
0.147
0.126
0.12
0.123
0.126
0.12
0.141
0.123
0.159
0.128
0.108
0.107
0.108
0.107
0.104
0.113
0.124
0.113
0.112
0.141
0.13
0.133
0.141
0.146
0.131
0.134
0.133
0.129
0.144
0.134
0.265
0.203
0.173
0.18
0.241
0.143
0.13
0.128
0.132
0.129
0.129
0.211
0.147
0.13
0.134
0.125
0.129
0.13
0.129
0.127
0.126
0.128
0.121
0.134
0.149
0.112
0.137
0.139
0.12
0.128
0.13
0.133
0.132
0.123
0.107
0.131
0.149
0.106
0.128
0.144
0.14
0.115
0.124
0.118
0.114
0.123
0.123
0.12
0.134
0.15
0.115
0.134
0.12
0.131
0.123
0.122
0.129
0.127
0.129
0.129
0.13
0.142
0.143
0.106
0.115
0.13
0.131
0.128
0.13
0.13
0.13
0.131
0.127
0.129
0.127
0.127
0.13
0.145
0.131
0.129
0.111
0.129
0.138
0.127
0.128
0.144
0.129
0.11
0.108
0.109
0.136
0.138
0.141
0.141
0.137
0.131
0.129
0.128
0.138
0.184
0.108
0.134
0.131
0.129
0.129
0.129
0.131
0.114
0.126
0.268
0.167
0.124
0.192
0.153
0.112
0.123
0.149
0.129
0.129
0.13
0.156
0.136
0.127
0.126
0.13
0.141
0.132
0.128
0.127
0.128
0.13
0.125
0.109
0.135
0.118
0.112
0.117
0.113
0.15
0.142
0.127
0.107
0.163
0.134
0.104
0.132
0.131
0.119
0.15
0.134
0.117
0.125
0.143
0.137
0.13
0.116
0.143
0.104
0.156
0.125
0.132
0.132
0.126
0.131
0.129
0.132
0.132
0.13
0.134
0.13
0.128
0.13
0.156
0.132
0.131
0.103
0.128
0.129
0.132
0.13
0.103
0.131
0.107
0.132
0.13
0.136
0.131
0.107
0.13
0.129
0.131
0.303
0.109
0.108
0.129
0.104
0.11
0.129
0.133
0.162
0.169
0.122
0.114
0.115
0.155
0.133
0.114
0.131
0.112
0.104
0.131
0.123
0.123
0.129
0.186
0.148
0.14
0.145
0.143
0.143
0.144
0.143
0.145
0.13
0.446
0.143
0.129
0.144
0.144
0.153
0.125
0.141
0.127
0.113
0.131
0.312
0.132
0.132
0.105
0.125
0.102
0.137
0.137
0.125
0.129
0.105
0.305
0.103
0.124
0.102
0.103
0.103
0.101
0.129
0.131
0.123
0.127
0.114
0.112
0.109
0.112
0.112
0.127
0.124
0.425
0.123
0.124
0.127
0.143
0.123
0.127
0.122
0.142
0.165
0.123
0.115
0.155
0.115
0.11
0.109
0.108
0.112
0.111
0.112
0.12
0.117
0.121
0.231
0.121
0.143
0.12
0.28
0.13
0.134
0.125
0.118
0.128
0.127
0.142
0.126
0.127
0.336
0.125
0.129
0.111
0.115
0.125
0.145
0.109
0.13
0.133
0.125
0.105
0.108
0.131
0.126
0.127
0.123
0.424
0.126
0.126
0.142
0.126
0.169
0.125
0.123
0.123
0.128
0.123
0.143
0.141
0.14
0.14
0.141
0.146
0.145
0.142
0.127
0.117
0.135
0.127
0.126
0.123
0.139
0.147
0.128
0.13
0.126
0.126
0.127
0.126
0.125
0.125
0.12
0.14
0.132
0.136
0.114
0.123
0.109
0.133
0.132
0.113
0.113
0.111
0.11
0.114
0.146
0.114
0.112
0.144
0.108
0.133
0.14
0.127
0.106
0.166
0.107
0.15
0.134
0.129
0.13
0.134
0.126
0.125
0.122
0.135
0.127
0.13
0.131
0.147
0.136
0.135
0.133
0.134
0.134
0.127
0.143
0.122
0.137
0.129
0.137
0.128
0.117
0.115
0.109
0.111
0.139
0.115
0.113
0.112
0.109
0.136
0.127
0.126
0.446
0.126
0.129
0.132
0.115
0.113
0.127
0.12
0.121
0.123
0.153
0.133
0.113
0.135
0.16
0.133
0.13
0.178
0.142
0.157
0.136
0.128
0.131
0.133
0.134
0.134
0.133
0.128
0.11
0.134
0.134
0.136
0.137
0.128
0.113
0.138
0.14
0.131
0.124
0.131
0.126
0.25
0.227
0.286
0.174
0.175
0.253
0.176
0.15
0.159
0.119
0.11
0.123
0.113
0.151
0.137
0.189
0.137
0.124
0.125
0.107
0.129
0.129
0.126
0.107
0.107
0.294
0.125
0.123
0.41
0.159
0.712
0.161
0.164
1.267
0.26
0.255
0.256
0.253
0.239
0.239
0.243
0.24
0.24
0.242
0.235
0.322
0.303
0.281
0.235
0.312
0.268
0.264
0.202
0.179
0.455
0.13
0.152
0.129
0.126
0.137
0.131
0.154
0.14
0.115
0.463
0.138
0.129
0.129
0.132
0.461
0.132
0.131
0.158
0.13
0.122
0.113
0.118
0.113
0.109
0.104
0.36
0.127
0.117
0.157
0.132
0.134
0.13
0.13
0.133
0.13
0.153
0.107
0.117
0.179
0.124
0.116
0.138
0.136
0.148
0.13
0.136
0.144
0.112
0.134
0.131
0.311
0.116
0.113
0.132
0.135
0.14
0.138
0.137
0.136
0.164
0.139
0.116
0.116
0.397
0.15
0.132
0.132
0.13
0.13
0.112
0.128
0.256
0.121
0.445
0.113
0.15
0.186
0.21
0.2
0.216
0.225
0.197
0.26
0.705
0.2
0.193
0.231
0.197
0.221
0.218
0.215
0.226
0.2
0.194
0.198
0.28
0.23
0.23
0.234
0.248
0.277
0.249
0.246
0.242
0.244
0.242
0.252
0.191
0.229
0.223
0.233
0.215
0.226
0.214
0.703
0.216
0.23
0.217
0.221
0.189
0.184
0.174
0.2
0.622
0.202
0.179
0.201
0.185
0.181
0.218
0.23
0.247
0.231
0.229
0.25
0.235
0.24
0.278
0.243
0.623
0.252
0.248
0.253
0.257
0.236
0.25
0.184
0.203
0.246
0.227
0.23
0.242
0.265
0.235
0.215
0.23
0.247
0.241
0.238
0.244
0.23
0.646
0.228
0.226
0.243
0.223
0.219
0.282
0.151
0.156
0.142
0.121
0.148
0.118
0.133
0.429
0.123
0.123
0.126
0.157
0.129
0.125
0.133
0.45
0.134
0.452
0.116
0.14
0.12
0.144
0.112
0.145
0.135
0.133
0.128
0.134
0.135
0.447
0.134
0.135
0.152
0.528
0.149
0.148
0.149
0.137
0.117
0.117
0.118
0.131
0.133
0.131
0.133
0.133
0.472
0.136
0.132
0.133
0.135
0.119
0.15
0.134
0.137
0.163
0.128
0.162
0.137
0.118
0.133
0.132
0.14
0.156
0.135
0.133
0.137
0.136
0.135
0.506
0.125
0.153
0.12
0.15
0.176
0.153
0.365
0.151
0.123
0.151
0.121
0.153
0.152
0.124
0.119
0.151
0.414
0.158
0.169
0.14
0.119
0.118
0.115
0.116
0.448
0.133
0.123
0.121
0.138
0.131
0.122
0.137
0.127
0.128
0.118
0.125
0.137
0.13
0.394
0.117
0.122
0.12
0.122
0.499
0.141
0.136
0.158
0.143
0.144
0.143
0.14
0.144
0.379
0.144
0.153
0.13
0.126
0.138
0.153
0.17
0.152
0.153
0.118
0.152
0.141
0.152
0.138
0.13
0.116
0.111
0.11
0.375
0.112
0.164
0.183
0.675
0.184
0.137
0.148
0.151
0.123
0.135
0.123
0.382
0.165
0.214
0.574
0.122
0.421
0.43
0.304
0.491
0.141
0.199
0.135
0.115
0.144
0.159
0.133
0.145
0.154
0.136
0.294
0.142
0.145
0.144
0.157
0.586
0.537
0.159
0.185
0.566
0.595
0.615
0.168
0.141
0.144
0.133
0.125
0.125
0.127
0.128
0.141
0.125
0.152
0.46
0.218
0.261
0.194
0.209
0.144
0.531
0.464
1.082
0.416
0.14
0.476
0.147
0.136
0.16
0.126
0.116
0.14
0.162
0.562
0.157
0.494
0.125
0.12
0.142
0.467
0.448
0.452
0.131
0.152
0.134
0.162
0.465
0.494
0.143
0.138
0.143
0.145
0.138
0.133
0.136
0.138
0.156
0.142
0.168
0.436
0.165
0.179
0.193
0.182
0.139
0.163
0.14
0.158
0.156
0.143
0.135
0.14
0.142
0.485
0.138
0.523
0.381
0.137
0.184
0.152
0.137
0.15
0.135
0.575
0.212
0.143
0.164
0.14
0.138
0.143
0.136
0.373
0.509
0.137
0.138
0.167
0.143
0.136
0.139
0.136
0.135
0.43
0.133
0.126
0.151
0.141
0.135
0.146
0.126
0.151
0.143
0.152
0.135
0.133
0.171
0.484
0.357
0.409
0.174
0.142
0.138
0.138
0.139
0.171
0.134
0.139
0.14
0.172
0.153
0.145
0.141
0.156
0.138
0.14
0.138
0.14
0.142
0.136
0.139
0.135
0.138
0.155
0.14
0.154
0.151
0.494
0.132
0.127
0.14
0.17
0.167
0.123
0.12
0.124
0.143
0.139
0.176
0.141
0.165
0.148
0.137
0.164
0.131
0.137
0.145
0.497
0.145
0.124
0.138
0.156
0.142
0.171
0.162
0.601
0.146
0.146
0.145
0.163
0.146
0.145
0.173
0.153
0.146
0.494
0.139
0.137
0.543
0.144
0.124
0.136
0.142
0.142
0.278
0.148
0.135
0.138
0.171
0.13
0.546
0.13
0.13
0.127
0.154
0.13
0.125
0.136
0.131
0.127
0.168
0.121
0.143
0.137
0.135
0.15
0.14
0.132
0.546
0.138
0.167
0.137
0.137
0.136
0.135
0.141
0.138
0.145
0.136
0.139
0.139
0.173
0.14
0.191
0.134
0.129
0.171
0.498
0.162
0.159
0.162
0.165
0.544
0.151
0.148
0.162
0.441
0.146
0.152
0.146
0.145
0.144
0.147
0.161
0.147
0.146
0.146
0.162
0.133
0.146
0.153
0.166
0.695
0.171
0.163
0.159
0.167
0.189
0.161
0.162
0.153
0.145
0.145
0.42
0.499
0.136
0.552
0.146
0.138
0.166
0.134
0.178
0.149
0.153
0.141
0.527
0.135
0.159
0.158
0.17
0.516
0.14
0.138
0.169
0.507
0.171
0.173
0.139
0.14
0.152
0.153
0.138
0.137
0.136
0.134
0.134
0.155
0.194
0.166
0.146
0.137
0.163
0.141
0.16
0.75
0.235
0.16
0.139
0.151
0.145
0.165
0.241
0.592
0.168
0.166
0.16
0.242
0.236
0.279
0.226
0.166
0.154
0.13
0.14
0.177
0.152
0.152
0.155
0.154
0.148
0.159
0.153
0.151
0.149
0.563
0.607
0.159
0.619
0.168
0.176
0.154
0.144
0.158
0.592
0.15
0.157
0.231
0.178
0.132
0.132
0.126
0.132
0.137
0.158
0.163
0.148
0.146
0.145
0.187
0.144
0.145
0.164
0.159
0.162
0.162
0.144
0.145
0.144
0.144
0.14
0.159
0.161
0.58
0.195
0.272
0.71
0.237
0.212
0.206
0.163
0.292
0.155
0.165
0.178
0.486
0.437
0.311
0.284
0.575
0.15
0.59
0.141
0.179
0.148
0.143
0.143
0.149
0.142
0.15
0.147
0.15
0.141
0.154
0.141
0.191
0.698
0.257
0.251
0.286
0.212
0.559
0.16
0.2
0.183
0.248
0.168
0.169
0.161
0.174
0.188
0.68
0.257
0.267
0.234
0.224
0.379
0.358
0.22
0.779
0.236
0.262
0.332
0.166
0.259
0.238
0.916
0.718
0.584
0.223
0.176
0.19
0.198
0.162
0.141
0.144
0.691
0.259
0.256
0.164
0.172
0.156
0.293
0.238
0.927
0.943
0.233
0.273
0.299
0.488
0.229
0.172
0.262
0.181
0.193
0.187
0.269
0.18
0.232
0.758
0.19
0.185
0.284
0.219
0.193
0.246
0.195
0.174
0.181
0.595
0.15
0.267
0.165
0.17
0.191
0.254
0.672
0.229
0.178
0.171
0.179
0.17
0.17
0.169
0.177
0.177
0.18
0.168
0.17
0.409
0.216
0.186
0.181
0.181
0.173
0.168
0.158
0.175
0.181
0.176
0.182
0.894
0.663
0.18
0.661
0.191
0.143
0.22
0.195
0.186
0.712
0.198
0.229
0.192
0.742
0.141
0.187
0.141
0.137
0.179
0.169
0.176
0.175
0.183
0.668
0.187
0.185
0.184
0.19
0.187
0.189
0.142
0.14
0.138
0.134
0.137
0.19
0.141
0.167
0.143
0.153
0.28
0.18
0.181
0.244
0.185
0.179
0.204
0.181
0.262
0.245
0.258
0.269
0.25
0.234
0.233
0.237
0.237
0.239
0.24
0.241
0.241
0.244
0.275
0.258
0.179
0.622
0.175
0.172
0.18
0.174
0.172
0.217
0.17
0.166
0.167
0.182
0.194
0.183
0.146
0.139
0.282
0.143
0.169
0.185
0.135
0.238
0.25
0.202
0.251
0.194
0.182
0.215
0.177
0.183
0.252
0.197
0.17
0.227
0.278
0.714
0.285
0.319
0.312
0.269
0.313
0.27
0.295
0.266
0.256
0.891
0.271
0.268
0.234
0.26
0.331
0.295
0.274
0.259
0.276
0.21
0.295
0.273
0.265
0.356
0.272
0.269
0.259
0.264
0.27
0.285
0.268
0.269
0.239
0.233
0.271
0.278
0.214
0.314
0.38
0.355
0.998
0.224
0.213
0.212
0.214
0.223
0.306
0.279
0.327
0.305
0.213
0.336
0.277
0.285
0.306
0.183
0.18
0.175
0.175
0.155
0.189
0.189
0.206
0.189
0.185
0.178
0.171
0.153
0.172
0.177
0.184
0.175
0.142
0.202
0.142
0.467
0.806
0.284
0.23
0.349
0.351
0.328
0.411
0.368
0.847
0.328
0.315
0.314
0.329
0.319
0.237
0.297
0.338
0.284
0.335
0.318
0.323
0.322
0.312
0.316
0.887
0.203
0.198
0.176
0.186
0.142
0.144
0.226
0.186
0.544
0.689
0.153
0.196
0.305
0.354
0.146
0.94
0.26
0.252
0.206
0.211
0.301
0.271
0.245
0.27
0.28
0.221
0.211
0.201
0.261
0.259
0.239
0.249
0.265
0.283
0.288
0.322
0.274
0.259
0.862
0.287
0.295
0.255
0.254
0.303
0.26
0.224
0.225
0.25
0.239
0.241
0.765
0.259
0.251
0.291
0.26
0.31
0.274
0.27
0.258
0.294
0.288
0.383
0.288
0.292
0.308
0.3
0.285
1.232
0.291
0.394
0.316
0.299
0.296
0.316
1.25
0.355
0.296
0.263
0.249
0.298
0.241
0.392
0.28
0.814
0.314
0.3
0.277
0.271
0.262
0.27
0.262
0.985
0.27
0.355
0.344
0.273
0.26
0.315
0.765
0.231
0.218
0.328
1.001
0.329
0.3
0.289
0.297
0.319
0.282
0.293
0.352
0.307
0.282
0.276
0.265
1.222
0.283
0.238
0.254
0.272
0.252
0.334
0.264
0.295
0.265
0.316
0.275
0.225
0.275
0.296
0.28
0.289
0.84
0.31
0.307
0.273
0.271
0.313
0.315
0.312
0.254
0.185
0.186
0.181
0.233
0.146
0.683
0.279
0.259
0.22
0.177
0.146
0.171
0.225
0.146
0.222
0.262
0.204
0.203
0.168
0.151
0.2
0.226
0.146
0.228
0.194
0.388
0.202
0.196
0.194
0.245
0.177
0.166
0.168
0.227
0.183
0.197
0.192
0.186
0.189
0.178
0.182
0.178
0.179
0.178
0.19
0.23
0.18
0.15
0.234
0.22
1.328
1.261
0.294
0.231
0.325
0.705
0.27
0.338
0.302
0.296
0.294
0.285
0.282
0.295
0.255
0.277
0.312
0.491
0.24
0.251
0.275
0.32
0.272
0.275
0.276
0.272
0.277
0.266
0.254
0.243
0.236
0.229
0.221
0.226
0.214
0.302
0.299
0.374
0.273
0.308
0.222
0.227
0.213
0.218
0.214
0.228
0.214
0.777
0.36
0.276
0.229
0.269
0.268
0.252
0.26
0.328
0.251
0.284
0.743
0.36
0.273
0.265
0.29
0.362
0.251
0.255
0.385
0.264
0.958
0.336
0.306
0.321
0.241
0.284
0.304
0.288
0.343
0.254
0.34
0.252
0.769
0.371
0.36
0.357
0.357
0.396
0.355
0.364
0.258
0.871
0.16
0.153
0.164
0.162
0.158
0.158
0.209
0.184
0.175
0.313
0.229
0.198
0.16
0.161
0.27
0.238
0.693
0.17
0.17
0.221
0.362
0.33
0.292
0.333
0.235
0.235
0.306
0.297
0.325
0.276
0.318
0.308
0.322
0.329
0.312
0.355
0.331
0.278
1.12
0.326
0.323
0.326
0.349
0.291
0.827
0.422
0.303
0.279
0.266
0.32
0.29
1.029
0.316
0.256
0.34
0.367
0.317
0.333
0.318
0.314
0.32
0.356
0.378
0.321
0.335
0.195
0.596
0.183
0.181
0.176
0.324
0.256
0.238
0.23
0.212
1.689
0.238
0.438
0.191
0.182
0.29
0.358
0.388
0.387
0.369
1.06
0.414
0.367
0.364
0.257
0.16
0.143
0.185
0.187
0.633
0.773
0.195
0.195
0.193
0.204
0.201
0.227
0.282
0.754
0.205
0.21
0.186
0.204
0.183
0.183
0.756
0.3
0.234
0.289
0.193
0.154
0.141
0.183
0.515
0.217
0.242
0.19
0.235
0.227
0.249
0.232
0.23
0.226
0.228
0.225
0.167
0.176
0.574
0.191
0.256
0.181
0.171
0.21
0.299
0.339
0.283
0.277
0.321
0.828
0.188
0.297
0.276
0.349
0.3
0.244
0.228
0.299
0.389
0.265
0.255
0.916
0.274
0.268
0.273
0.302
0.307
1.152
0.3
0.264
0.246
0.261
0.25
0.268
0.275
0.275
0.271
1.014
0.282
0.28
0.281
0.286
1.034
0.223
0.302
0.268
0.258
0.268
0.529
0.294
0.324
0.318
0.286
0.304
0.217
0.213
0.213
0.212
0.215
0.207
0.776
0.226
0.306
0.312
0.363
0.304
0.248
0.205
0.468
0.191
0.188
0.187
0.187
0.188
0.187
0.19
0.212
0.162
0.164
0.162
0.145
0.196
0.174
0.244
0.716
0.232
0.224
0.268
0.245
0.223
0.223
0.208
0.202
0.206
0.284
0.206
0.253
0.178
0.152
0.189
0.54
0.17
0.162
0.16
0.211
0.606
0.169
0.2
0.161
0.153
0.155
0.156
0.16
0.153
0.156
0.171
0.176
0.195
0.164
0.261
0.189
0.233
0.157
0.222
0.181
0.18
0.18
0.176
0.178
0.141
0.155
0.174
0.208
0.189
0.214
0.162
0.164
0.166
0.16
0.16
0.159
0.588
0.169
0.189
0.186
0.189
0.187
0.188
0.168
0.222
0.226
0.168
0.227
0.589
0.184
0.216
0.237
0.17
0.35
0.333
0.205
0.188
0.176
0.176
0.17
0.661
0.172
0.171
0.173
0.17
0.176
0.173
0.617
0.182
0.22
0.192
0.158
0.594
0.186
0.146
0.125
0.13
0.128
0.128
0.457
0.136
0.175
0.609
0.182
0.177
0.184
0.181
0.178
0.231
0.382
0.189
0.595
0.135
0.219
0.214
0.262
0.13
0.176
0.175
0.171
0.21
0.675
0.181
0.214
0.173
0.177
0.174
0.246
0.176
0.173
0.174
0.175
0.174
0.175
0.175
0.174
0.176
0.173
0.652
0.183
0.175
0.175
0.637
0.182
0.734
0.184
0.174
0.172
0.192
0.189
0.174
0.127
0.171
0.171
0.692
0.176
0.176
0.202
0.198
0.198
0.218
0.723
0.224
0.175
0.68
0.117
0.722
0.363
0.201
0.201
0.228
0.737
0.205
0.155
0.119
0.167
0.221
0.5
0.217
0.215
0.212
0.212
0.213
0.198
0.196
0.199
0.714
0.564
0.422
1.221
0.123
0.194
0.203
0.198
0.179
0.192
0.192
0.189
0.188
0.705
0.192
0.2
0.191
0.183
0.213
0.147
0.17
0.169
0.23
0.163
0.166
0.164
0.198
0.169
0.244
0.194
0.163
0.161
0.163
0.175
0.221
0.171
0.154
0.17
0.211
0.233
0.207
0.207
0.207
0.213
0.207
0.142
0.143
0.145
0.144
0.139
0.15
0.164
0.144
0.201
0.116
0.213
0.185
0.176
0.186
0.59
0.192
0.17
0.197
0.167
0.169
0.171
0.188
0.167
0.212
0.17
0.171
0.188
0.184
0.162
0.118
0.11
0.113
0.112
0.11
0.113
0.398
0.114
0.213
0.23
0.614
0.218
0.751
0.168
0.575
0.147
0.114
0.398
0.22
0.404
0.192
0.552
0.189
0.184
0.182
0.187
0.183
0.185
0.177
0.648
0.17
0.168
0.168
0.167
0.167
0.22
0.124
0.582
0.171
0.168
0.169
0.168
0.17
0.167
0.164
0.215
0.437
0.187
0.129
0.219
0.128
0.211
0.175
0.203
0.144
0.148
0.142
0.147
0.558
0.152
0.216
0.153
0.479
0.431
0.175
0.167
0.157
0.159
0.191
0.187
0.189
0.187
0.185
0.688
0.19
0.136
0.13
0.135
0.48
0.473
0.19
0.208
0.191
0.172
0.2
0.713
0.186
0.153
0.178
0.176
0.179
0.184
0.177
0.179
0.178
0.682
0.171
0.162
0.16
0.164
0.183
0.203
0.193
0.238
0.201
0.196
0.198
0.195
0.546
0.195
0.171
0.147
0.164
0.155
0.142
0.14
0.149
0.216
0.169
0.175
0.144
0.149
0.15
0.196
0.148
0.536
0.15
0.517
0.149
0.183
0.17
0.159
0.202
0.195
0.198
0.749
0.202
0.2
0.214
0.204
0.169
0.163
0.162
0.165
0.166
0.166
0.162
0.198
0.155
0.185
0.201
0.207
0.195
0.194
0.152
0.615
0.166
0.165
0.163
0.168
0.162
0.164
0.166
0.198
0.73
0.203
0.591
0.826
0.218
0.211
0.211
0.211
0.147
0.174
0.167
0.204
0.164
0.165
0.164
0.164
0.167
0.164
0.169
0.156
0.143
0.203
0.165
0.151
0.164
0.15
0.198
0.158
0.633
0.145
0.144
0.685
0.173
0.167
0.163
0.205
0.156
0.715
0.168
0.142
0.165
0.142
0.142
0.164
0.154
0.147
0.176
0.151
0.148
0.163
0.16
0.141
0.148
0.144
0.589
0.146
0.19
0.549
0.162
0.179
0.171
0.222
0.171
0.159
0.196
0.269
0.169
0.186
0.179
0.181
0.18
0.178
0.2
0.182
0.181
0.661
0.188
0.166
0.188
0.17
0.2
0.165
0.201
0.168
0.167
0.168
0.188
0.148
0.222
0.196
0.201
0.17
0.188
0.197
0.149
0.196
0.145
0.142
0.57
0.195
0.184
0.257
0.689
0.146
0.14
0.538
0.153
0.149
0.219
0.168
0.169
0.166
0.605
0.159
0.194
0.146
0.221
0.847
0.255
0.245
0.283
0.284
0.278
0.227
0.228
0.159
0.175
0.166
0.163
0.16
0.177
0.17
0.162
0.163
0.521
0.201
0.141
0.195
0.169
0.162
0.155
0.166
0.186
0.162
0.556
0.159
0.155
0.154
0.151
0.162
0.573
0.636
0.197
0.212
0.209
0.188
0.704
0.193
0.166
0.161
0.202
0.165
0.194
0.158
0.154
0.155
0.181
0.194
0.154
0.165
0.195
0.16
0.158
0.161
0.159
0.687
0.645
0.182
0.183
0.186
0.192
0.672
0.709
0.723
0.148
0.132
0.14
0.132
0.137
0.178
0.134
0.185
0.193
0.18
0.182
0.181
0.179
0.179
0.706
0.712
0.247
0.703
0.766
1.081
0.214
0.215
0.698
0.198
0.808
0.226
0.169
0.183
0.154
0.143
0.168
0.201
0.179
0.16
0.138
0.18
0.177
0.462
0.245
0.193
0.195
0.194
0.175
0.188
0.191
0.174
0.152
0.546
0.158
0.157
0.157
0.158
0.158
0.161
0.185
0.161
0.573
0.167
0.166
0.208
0.595
0.614
0.699
0.192
0.817
0.169
0.166
0.143
0.22
0.162
0.175
0.139
0.133
0.159
0.54
0.165
0.161
0.189
0.164
0.16
0.162
0.163
0.614
0.168
0.495
0.652
0.184
0.179
0.509
0.528
0.153
0.157
0.678
0.187
0.691
0.194
0.163
0.632
0.724
0.224
0.205
0.163
0.204
0.224
0.203
0.578
0.195
0.186
0.185
0.226
0.643
0.179
0.182
0.181
0.179
0.177
0.164
0.206
0.195
0.18
0.177
0.278
0.201
0.186
0.207
0.227
0.737
0.556
0.21
0.641
0.187
0.182
0.759
0.765
0.184
0.18
0.222
0.181
0.181
0.181
0.231
0.223
0.178
0.185
0.22
0.189
0.181
0.175
0.217
0.213
0.205
0.18
0.194
0.191
0.188
0.191
0.187
0.182
0.186
0.185
0.181
0.322
0.201
0.791
0.494
0.253
0.266
0.197
0.173
0.223
0.238
0.597
0.203
0.742
0.592
0.228
0.723
0.232
0.211
0.21
0.782
0.232
0.175
0.173
0.338
0.242
0.187
0.203
0.187
0.214
0.237
0.826
0.192
0.188
0.191
0.188
0.689
0.221
0.705
0.196
0.196
0.301
0.327
0.337
0.264
0.316
0.342
0.287
0.223
0.206
0.222
0.183
0.187
0.175
0.206
0.225
0.238
0.235
0.927
0.252
0.218
0.191
0.249
0.223
0.237
0.17
0.203
0.182
0.687
0.184
0.18
0.22
0.243
0.177
0.211
0.218
0.207
0.236
0.251
0.413
0.376
0.362
0.274
0.224
0.235
0.295
0.223
0.245
0.288
0.365
0.305
0.313
0.314
0.293
0.24
0.278
0.206
0.209
0.263
0.32
0.273
0.332
0.358
0.975
0.224
0.186
0.312
0.215
0.215
0.785
0.626
0.21
0.594
0.213
0.21
0.236
0.777
0.22
0.184
0.192
0.183
0.209
0.178
0.181
0.223
0.236
0.206
0.19
0.192
0.554
0.458
0.49
0.453
0.45
0.474
0.486
0.48
0.471
0.462
0.461
0.461
0.477
0.351
0.349
0.418
0.386
0.478
0.42
0.414
0.417
0.416
0.412
0.419
0.379
0.376
0.384
0.386
0.384
0.383
0.419
0.475
0.424
0.442
0.289
0.282
0.225
0.218
0.198
0.192
0.199
0.192
0.192
0.191
0.192
0.194
0.18
0.178
0.225
0.241
0.173
0.183
0.181
0.771
0.205
0.252
0.219
0.217
0.22
0.217
0.213
0.217
0.211
0.208
0.207
0.205
0.205
0.208
0.211
0.208
0.17
0.21
0.178
0.178
0.177
0.216
0.691
0.403
0.389
1.38
0.438
0.481
0.207
0.222
0.199
0.231
0.185
0.191
0.19
0.186
0.184
0.183
0.163
0.694
0.213
0.78
0.869
0.769
0.186
0.214
0.219
0.181
0.176
0.179
0.177
0.177
0.177
0.162
0.18
0.165
0.157
0.159
0.159
0.162
0.237
0.159
0.161
0.158
0.164
0.19
0.642
0.159
0.179
0.178
0.16
0.16
0.598
0.173
0.169
0.229
0.177
0.182
0.176
0.176
0.208
0.187
0.179
0.178
0.177
0.169
0.177
0.169
0.173
0.174
0.465
0.642
0.17
0.17
0.166
0.177
0.211
0.215
0.214
0.207
0.189
0.183
0.183
0.185
0.559
1.716
0.211
0.457
0.471
0.465
0.508
0.465
0.454
0.462
0.358
0.451
0.381
0.377
0.498
0.191
0.201
0.192
0.221
0.22
0.258
0.224
0.247
0.241
0.349
0.288
0.89
0.226
0.228
0.23
0.225
0.223
0.224
0.174
0.165
0.665
0.168
0.6
0.173
0.187
0.185
0.243
0.297
0.246
0.184
0.183
0.175
0.179
0.179
0.182
0.18
0.211
0.195
0.177
0.177
0.177
0.177
0.176
0.232
0.223
0.224
0.223
0.223
0.204
0.213
0.238
0.246
0.173
0.169
0.2
0.189
0.18
0.183
0.213
0.213
0.207
0.203
0.198
0.199
0.209
0.206
0.199
0.175
0.197
0.174
0.176
0.174
0.186
0.176
0.177
0.191
0.176
0.174
0.177
0.232
0.206
0.202
0.673
0.812
0.186
0.193
0.184
0.177
0.177
0.236
0.216
0.2
0.178
0.208
0.184
0.181
0.207
0.242
0.212
0.206
0.219
0.205
0.205
0.188
0.181
0.542
0.183
0.183
0.21
0.73
0.27
0.226
0.212
0.681
0.177
0.207
0.178
0.232
0.66
0.181
0.195
0.192
0.193
0.19
0.19
0.192
0.195
0.188
0.184
0.179
0.21
0.182
0.185
0.171
0.176
0.193
0.223
0.219
0.277
0.225
0.205
0.182
0.218
0.18
0.177
0.177
0.176
0.231
0.214
0.18
0.203
0.185
0.179
0.169
0.167
0.183
0.206
0.178
0.176
0.177
0.174
0.176
0.178
0.225
0.215
0.206
0.231
0.21
0.204
0.206
0.178
0.187
0.264
0.18
0.188
0.215
0.213
0.205
0.204
0.202
0.21
0.211
0.209
0.211
0.206
0.188
0.187
0.188
0.182
0.182
0.186
0.182
0.21
0.2
0.203
0.204
0.199
0.201
0.199
0.174
0.169
0.166
0.169
0.168
0.164
0.166
0.167
0.244
0.229
0.247
0.223
0.22
0.222
0.224
0.204
0.245
0.204
0.201
0.198
0.201
0.196
0.197
0.188
0.232
0.183
0.187
0.189
0.182
0.183
0.183
0.181
0.184
0.231
0.192
0.268
0.179
0.196
0.168
0.168
0.195
0.171
0.214
0.205
0.2
0.199
0.205
0.201
0.208
0.207
0.212
0.293
0.202
0.299
0.232
0.225
0.194
0.181
0.178
0.181
0.177
0.18
0.177
0.184
0.198
0.253
0.185
0.697
0.193
0.196
0.193
0.194
0.182
0.177
0.177
0.177
0.176
0.175
0.648
0.206
0.191
0.371
0.234
0.748
0.376
0.299
0.295
0.3
0.323
0.368
0.36
0.352
0.339
0.285
0.39
1.203
0.233
0.208
0.208
0.204
0.202
0.249
0.204
0.253
0.243
0.231
0.244
0.6
1.64
0.438
0.361
0.367
0.309
0.28
0.276
0.28
0.452
0.288
0.323
0.705
0.277
0.278
0.269
0.268
0.263
0.265
0.303
0.322
0.318
0.234
0.187
0.209
0.183
0.204
0.172
0.203
0.213
0.19
0.215
0.181
0.207
0.182
0.237
0.259
0.187
0.215
0.18
0.235
0.198
0.265
0.248
0.207
0.257
0.221
0.208
0.214
0.238
0.188
0.204
0.284
0.337
0.286
0.267
0.188
0.22
0.205
0.205
0.557
0.576
0.365
0.305
0.304
0.281
0.297
0.308
0.335
0.354
0.344
0.3
0.296
0.294
0.295
0.284
0.326
0.325
0.307
0.317
0.334
0.292
0.304
0.291
0.343
0.298
0.294
0.489
0.247
0.358
0.359
0.413
0.562
0.442
0.331
0.283
0.331
0.3
0.288
0.27
0.314
0.418
0.355
0.353
0.317
0.25
0.207
0.653
0.237
0.213
0.189
0.214
0.188
0.184
0.184
0.185
0.238
0.241
0.209
0.21
0.208
0.313
0.239
0.357
0.214
0.194
0.202
0.355
0.302
0.319
0.351
0.378
0.317
0.362
0.308
0.353
0.314
0.31
0.535
0.406
0.39
0.394
0.365
0.366
0.32
0.313
0.31
0.308
0.429
0.316
0.283
0.331
0.291
0.329
0.293
0.321
0.336
0.305
1.84
0.335
0.321
0.301
0.309
0.306
0.225
0.299
0.319
0.314
0.202
0.196
0.201
0.196
0.317
0.352
0.201
0.241
0.345
0.341
0.381
0.296
0.281
0.278
0.278
0.284
0.285
0.295
0.288
0.412
0.387
0.267
0.328
0.388
0.259
0.259
0.265
0.322
0.312
0.284
0.308
0.291
0.276
0.278
0.192
0.184
0.181
0.181
0.182
0.303
0.218
0.348
0.338
0.366
0.319
0.331
0.32
0.327
0.33
0.328
0.315
0.28
0.281
0.272
0.299
0.269
0.258
0.267
0.273
