0.187
0.155
0.166
0.151
0.15
0.148
0.518
0.194
0.156
0.154
0.153
0.152
0.165
0.151
0.154
0.172
0.153
0.194
0.152
0.152
0.153
0.149
0.15
0.15
0.151
0.15
0.151
0.149
0.267
0.153
0.152
0.153
0.151
0.151
0.151
0.152
0.148
0.148
0.147
0.348
0.232
0.239
0.233
0.151
0.2
0.15
0.153
0.149
0.151
0.153
0.15
0.151
0.15
0.151
0.151
0.166
0.253
0.195
0.151
0.154
0.262
0.2
0.193
0.299
0.661
0.262
0.239
0.235
0.262
0.238
0.254
0.196
0.193
0.193
0.192
0.347
0.152
0.384
0.151
0.24
0.194
0.192
0.15
0.149
0.152
0.246
0.191
0.191
0.247
0.234
0.26
0.234
0.456
0.276
0.152
0.152
0.15
0.239
0.191
0.225
0.154
0.255
0.369
0.149
0.244
0.493
0.534
0.153
0.154
0.191
0.348
0.152
0.24
0.194
0.225
0.191
0.194
0.149
0.149
0.149
0.151
0.148
0.15
0.149
0.151
0.148
0.373
0.149
0.238
0.147
0.152
0.213
0.154
0.149
0.193
0.151
0.239
0.193
0.152
0.192
0.195
0.176
0.19
0.151
0.247
0.151
0.194
0.246
0.192
0.191
0.19
0.206
0.716
0.252
0.566
0.149
0.239
0.192
0.344
0.229
0.228
0.355
0.189
0.31
0.194
0.234
0.233
0.192
0.195
0.212
0.236
0.148
0.342
0.188
0.492
0.147
0.268
0.23
0.332
0.144
0.188
0.219
0.227
0.186
0.147
0.634
0.627
0.38
0.149
0.231
0.273
0.213
0.19
0.228
0.348
0.318
0.228
0.684
0.248
0.664
0.189
0.229
0.146
0.148
0.208
0.234
0.228
0.148
0.268
0.207
0.236
0.259
0.228
0.438
0.23
0.187
0.63
0.227
0.269
0.227
0.229
0.186
0.24
0.145
0.186
0.186
0.316
0.347
0.227
0.252
0.267
0.266
0.227
0.23
0.266
0.635
0.335
0.269
0.227
0.226
0.23
0.48
0.27
0.879
0.626
0.285
0.521
0.455
0.279
0.501
0.2
0.239
0.195
0.287
0.282
0.284
0.245
0.288
0.285
0.287
0.2
0.283
0.193
0.199
0.286
0.291
0.317
0.285
0.282
0.279
0.274
0.276
0.274
0.665
0.279
0.648
0.276
0.256
0.646
0.68
0.691
0.421
0.657
0.28
0.238
0.651
0.484
0.238
0.463
0.279
0.193
0.279
0.277
0.349
0.277
0.67
0.281
0.277
0.647
0.282
0.666
0.278
0.304
0.277
0.314
0.239
0.276
0.653
0.279
0.237
0.743
0.354
0.245
0.28
0.279
0.278
0.308
0.275
0.691
0.276
0.636
0.633
0.272
0.275
0.644
0.658
0.234
0.274
0.275
0.277
0.276
0.273
0.279
0.641
0.662
0.281
0.277
0.28
0.276
1.092
0.451
0.278
0.643
0.276
0.651
0.671
0.647
0.636
0.459
0.279
0.281
0.277
0.666
0.638
0.687
0.279
0.295
0.279
0.639
0.277
0.277
0.313
0.636
0.656
0.668
0.283
0.637
0.507
0.695
0.789
0.65
0.657
0.287
0.283
0.649
0.278
0.279
0.639
0.644
0.636
0.276
0.278
0.662
0.645
0.66
0.275
0.279
0.682
0.655
0.674
0.695
0.304
0.284
0.395
1.104
0.695
0.278
1.047
0.725
0.697
0.278
0.701
0.276
0.282
0.683
0.278
0.659
0.323
0.281
0.297
0.67
0.298
0.291
0.283
0.28
0.305
0.299
0.28
0.972
0.968
0.688
0.281
0.658
0.279
0.28
0.667
0.278
0.278
0.639
0.277
0.661
0.281
0.584
0.668
0.721
0.65
0.669
0.276
0.283
0.276
0.275
0.571
0.658
1.045
0.887
0.663
0.653
0.275
0.657
0.677
0.278
0.656
0.284
0.279
0.281
0.638
0.281
0.276
0.277
0.664
0.642
0.276
0.275
0.275
0.662
0.642
0.671
0.277
0.283
0.277
1.136
0.864
0.302
0.283
0.693
0.305
0.276
0.274
0.64
0.3
0.28
0.277
0.669
0.638
0.677
0.722
0.685
0.276
0.672
0.712
0.67
0.278
0.665
0.664
0.647
0.365
1.127
0.648
0.307
0.663
0.285
0.281
0.275
0.301
0.277
0.279
0.678
0.301
0.276
0.311
0.276
0.291
0.301
0.656
0.279
0.67
0.665
0.661
0.652
0.669
0.276
0.512
0.283
0.298
1.208
0.648
0.28
0.279
0.672
0.296
0.664
0.278
0.71
0.284
0.282
0.278
0.658
0.323
0.672
0.669
0.279
0.302
0.289
0.672
0.712
0.285
0.281
0.281
0.676
1.225
0.291
0.59
0.674
0.682
0.284
0.656
0.663
0.735
0.68
0.661
0.693
0.285
0.68
0.709
0.283
0.28
0.287
0.313
0.68
0.286
0.283
0.283
0.29
1.404
0.682
0.313
0.65
0.293
0.673
0.287
0.284
0.282
0.284
0.673
0.666
0.284
0.283
0.657
0.285
0.284
0.689
0.721
0.284
0.67
0.692
0.657
0.279
0.283
1.487
0.312
0.28
0.676
0.677
0.284
0.675
0.674
0.676
0.678
0.674
0.698
0.656
0.286
0.284
0.284
0.283
0.721
0.287
0.286
0.282
0.681
0.286
0.286
1.001
1.06
0.676
0.285
0.665
0.663
0.711
0.675
0.583
0.288
0.285
0.687
0.674
0.287
0.283
0.282
0.647
0.673
0.67
0.676
0.682
1.018
0.868
0.288
0.284
0.284
0.677
0.282
0.288
0.672
0.68
0.32
0.285
0.283
0.284
0.287
0.29
0.287
0.677
0.574
0.733
0.664
0.286
0.283
0.659
0.66
0.691
1.447
0.673
0.289
0.285
0.283
0.681
0.657
0.281
0.67
0.286
0.283
0.579
0.283
0.317
0.676
0.322
0.281
0.283
0.285
0.68
0.309
0.28
0.662
0.659
0.476
0.309
0.277
0.297
0.279
0.277
0.276
0.673
0.697
0.283
0.278
0.659
0.278
0.663
0.283
0.281
0.303
0.28
0.276
0.277
0.277
0.277
0.276
0.664
0.66
0.606
0.866
0.673
0.275
0.654
0.277
0.321
0.293
0.661
0.283
0.662
0.278
0.273
0.277
0.273
0.277
0.277
0.303
0.276
0.282
0.288
0.658
0.277
0.273
0.278
0.658
0.276
0.649
0.315
1.11
0.295
0.66
0.282
0.652
0.273
0.274
0.276
0.655
0.272
0.655
0.639
0.634
0.696
0.276
0.656
0.654
0.32
0.282
0.274
0.66
0.277
0.654
1.162
0.28
0.28
0.703
0.278
0.274
0.273
0.678
0.655
0.665
0.645
0.277
0.663
0.277
0.274
0.279
0.276
0.278
0.275
0.658
0.298
0.648
0.275
0.658
1.063
0.689
0.277
0.3
0.675
0.274
0.293
0.303
0.277
0.274
0.668
0.666
0.275
0.283
0.28
0.277
0.671
0.299
0.674
0.664
0.282
0.274
0.273
0.285
0.278
0.281
0.311
0.653
0.681
0.71
0.657
0.663
0.278
0.61
0.662
0.274
0.671
0.303
0.662
0.279
0.274
0.275
0.276
0.273
0.308
0.284
0.295
0.451
1.077
0.296
0.283
0.646
0.641
0.281
0.281
0.679
0.282
0.286
0.286
0.288
0.283
0.672
0.314
0.285
0.284
0.279
0.285
0.282
0.282
0.285
0.284
0.285
0.283
0.937
1.13
0.288
0.676
0.284
0.284
0.577
0.285
0.675
0.287
0.286
0.285
0.68
0.288
0.284
0.686
0.286
0.296
0.682
0.288
0.283
0.681
0.283
0.616
0.812
0.697
0.283
0.285
0.651
0.284
0.285
0.282
0.721
0.28
0.281
0.675
0.279
0.673
0.651
0.286
0.661
0.285
0.281
0.338
0.284
0.31
0.285
0.669
0.293
0.545
0.855
0.286
0.32
0.287
0.282
0.728
0.286
0.285
0.286
0.696
0.283
0.312
0.674
0.685
0.285
0.669
0.321
0.284
0.28
0.684
0.286
0.684
0.308
0.284
0.286
0.618
0.308
0.31
0.866
0.598
0.674
0.294
0.34
0.316
0.285
0.287
0.285
0.288
0.286
0.289
0.66
0.288
0.79
0.718
0.287
0.282
0.285
0.685
0.29
0.308
1.303
0.743
0.685
0.283
0.287
0.68
0.676
0.708
0.31
0.599
0.708
0.689
0.286
0.285
0.672
0.286
0.285
0.287
0.661
0.676
0.284
0.285
0.287
0.676
0.903
0.296
0.29
0.28
0.68
0.285
0.677
0.281
0.28
0.283
0.282
0.285
0.67
0.281
0.682
0.294
0.281
0.287
0.688
0.285
0.719
0.287
0.876
0.294
0.282
0.282
0.673
0.304
0.285
0.287
0.285
0.68
0.296
0.286
0.286
0.301
0.29
0.597
0.651
0.282
0.287
0.677
0.283
0.673
0.285
0.286
0.286
0.325
0.315
0.286
1.209
0.712
0.29
0.693
0.284
0.284
0.286
0.664
0.671
0.284
0.676
0.283
0.313
0.287
0.684
0.669
0.29
0.287
0.285
0.284
0.709
0.673
0.603
0.687
0.285
0.59
0.239
0.672
0.271
0.286
0.283
0.284
0.282
0.278
0.287
0.284
0.278
0.669
0.67
0.66
0.283
0.285
0.682
0.277
0.28
0.275
0.274
0.27
0.303
0.426
0.946
0.316
0.283
0.656
0.277
0.276
0.652
0.685
0.277
0.277
0.279
0.274
0.234
0.279
0.644
0.65
0.278
0.313
0.637
0.69
0.28
0.459
0.277
0.312
0.682
0.642
0.276
0.276
0.767
0.328
0.702
0.276
0.656
0.67
0.279
0.279
0.288
0.302
0.278
0.28
0.685
0.662
0.28
0.279
0.279
0.659
0.28
0.657
0.284
0.659
0.993
0.282
0.277
0.292
0.658
0.588
0.276
0.274
0.661
0.276
0.274
0.274
0.275
0.275
0.274
0.272
0.273
0.271
0.656
0.692
0.656
0.657
0.278
0.279
0.658
0.689
1.087
0.657
0.319
0.658
0.295
0.276
0.278
0.693
0.276
0.276
0.64
0.644
0.632
0.275
0.275
0.275
0.273
0.279
0.303
0.277
0.654
0.277
0.276
0.66
0.277
0.589
1.191
0.278
0.655
0.275
0.277
0.659
0.275
0.665
0.275
0.275
0.661
0.276
0.656
0.656
0.658
0.316
0.65
0.278
0.664
0.279
0.275
0.315
0.655
0.304
0.687
0.276
0.729
0.276
0.277
0.275
0.674
0.283
0.703
0.279
0.558
0.281
0.659
0.275
0.273
0.64
0.664
0.275
0.655
0.274
0.653
0.275
0.674
0.279
0.276
0.272
0.293
0.349
0.586
0.278
0.635
0.279
0.341
0.279
0.276
0.276
0.278
0.295
0.275
0.278
0.283
0.657
0.281
0.277
0.277
0.272
0.278
0.646
0.681
0.641
0.678
0.314
0.274
0.274
0.666
0.644
0.279
0.276
0.587
0.701
0.665
0.281
0.663
0.664
0.285
0.663
0.65
0.28
0.278
0.277
0.278
0.276
0.279
0.667
0.277
0.28
0.661
0.278
0.694
0.666
0.277
0.647
0.276
0.644
0.416
0.675
0.278
0.279
0.273
0.276
0.652
0.316
0.28
0.274
0.276
0.28
0.278
0.278
0.702
0.278
0.659
0.278
0.281
0.663
0.647
0.674
0.279
0.663
0.281
0.496
0.706
0.297
0.286
0.282
0.278
0.279
0.288
0.684
0.297
0.288
0.285
0.282
0.286
0.284
0.291
0.283
0.286
0.679
0.304
0.279
0.287
0.692
0.658
0.665
0.671
0.656
0.313
0.283
0.276
1.115
0.649
0.314
0.275
0.289
0.279
0.272
0.278
0.676
0.273
0.658
0.272
0.271
0.274
0.278
0.276
0.684
0.659
0.278
0.656
0.288
0.282
0.277
0.276
0.276
0.276
0.279
0.276
0.67
0.281
1.145
0.695
0.277
0.28
0.707
0.28
0.276
0.275
0.291
0.67
0.279
0.637
0.277
0.282
0.716
0.276
0.278
0.651
0.278
0.652
0.276
0.279
0.664
0.562
1.155
0.279
0.272
0.272
0.315
0.646
0.278
0.649
0.277
0.292
0.645
0.644
0.274
0.284
0.561
0.669
0.281
0.276
0.671
0.304
0.277
0.29
0.282
0.279
0.275
0.276
1.144
0.279
0.278
0.276
0.274
0.273
0.272
0.271
0.663
0.646
0.272
0.656
0.651
0.277
0.649
0.277
0.276
0.275
0.275
0.656
0.65
0.276
0.273
0.563
0.301
0.647
0.663
0.637
0.837
1.118
0.301
0.277
0.276
0.276
0.277
0.274
0.273
0.656
0.276
0.635
0.657
0.274
0.689
0.679
0.64
0.651
0.645
0.642
0.658
0.277
0.277
1.003
0.647
0.661
0.273
0.655
0.651
0.277
0.645
0.275
0.272
0.278
0.654
0.279
0.653
0.305
0.638
0.277
0.645
0.275
0.306
0.28
0.886
0.28
0.277
0.278
0.346
0.601
0.278
0.274
0.632
0.57
0.278
0.277
0.647
0.274
0.271
0.644
0.278
0.275
0.273
0.276
0.673
0.656
0.647
0.277
0.274
0.275
0.649
0.276
0.275
0.413
0.426
0.767
0.281
0.279
0.276
0.277
0.28
0.633
0.656
0.646
0.31
0.278
0.659
0.692
0.281
0.275
0.652
0.274
0.279
0.582
0.669
0.278
0.277
0.666
0.331
0.302
0.698
0.283
0.278
0.667
0.277
0.277
0.663
0.706
0.651
0.277
0.276
0.662
0.284
0.281
0.654
0.281
0.278
0.279
0.279
0.699
0.276
0.276
0.278
0.655
0.642
0.429
1.067
0.276
0.272
0.276
0.276
0.659
0.276
0.661
0.275
0.275
0.276
0.637
0.273
0.28
0.302
0.271
0.274
0.658
0.278
0.65
0.273
0.274
0.696
0.656
0.647
0.273
0.626
0.703
0.284
0.684
0.707
0.336
0.685
0.69
0.283
0.303
0.283
0.3
0.289
0.31
0.308
0.285
0.283
0.656
0.309
0.701
0.286
0.309
0.288
0.723
0.292
0.287
0.76
0.719
0.29
0.288
0.284
0.293
0.288
0.301
0.287
0.284
0.913
0.402
0.313
0.283
0.28
0.281
0.69
0.283
0.28
0.281
0.28
0.283
0.281
0.284
0.285
0.281
0.279
0.281
0.284
0.285
0.239
0.606
0.515
0.267
0.242
0.24
0.198
0.241
0.196
0.195
0.359
0.237
0.236
0.239
0.237
0.281
0.322
0.278
0.285
0.282
0.28
0.28
0.28
0.693
0.281
0.672
0.28
0.205
0.199
0.197
0.196
0.241
0.243
0.239
0.239
0.195
0.197
0.195
0.194
0.238
0.249
0.24
0.289
0.242
0.239
0.243
0.471
0.284
0.281
0.279
0.289
0.282
0.285
0.28
0.793
0.287
0.284
0.308
0.306
0.677
0.299
0.28
0.691
0.26
0.24
0.24
0.153
0.15
0.364
0.239
0.488
0.154
0.247
0.199
0.242
0.202
0.197
0.218
0.197
0.379
0.491
0.283
0.301
0.263
0.24
0.241
0.256
0.245
0.241
0.238
0.24
0.154
0.153
0.155
0.271
0.372
0.279
0.274
0.294
0.279
0.276
0.398
0.254
0.264
0.467
0.281
0.285
0.324
1.524
0.199
0.194
0.213
0.192
0.194
0.191
0.19
0.148
0.151
0.358
0.236
0.463
0.193
0.214
0.193
0.191
0.394
0.237
0.25
0.237
0.235
0.456
0.277
0.672
0.277
0.298
0.275
0.272
0.277
0.276
0.277
0.311
0.306
0.29
0.147
0.149
0.19
0.446
0.301
0.548
0.197
0.19
0.193
0.192
0.192
0.358
0.456
0.672
0.273
0.15
0.193
0.152
0.151
0.152
0.253
0.279
0.275
0.763
0.278
0.656
0.276
0.278
0.645
1.026
1.044
0.25
0.199
0.351
0.233
0.236
1.139
0.286
0.648
0.163
0.151
0.656
0.277
0.642
0.273
0.321
0.664
0.295
0.277
0.277
0.149
0.15
0.242
0.28
0.297
0.279
0.647
0.196
0.193
0.356
0.383
0.196
0.196
0.194
0.223
0.194
0.194
0.36
0.237
0.633
0.154
0.149
0.241
0.191
0.19
0.194
0.347
0.274
0.276
0.278
0.295
0.652
0.275
0.659
0.643
0.192
0.191
0.19
0.191
0.188
0.188
0.148
0.147
0.15
0.146
0.147
0.147
0.236
0.338
0.272
0.273
0.688
0.273
0.642
0.275
0.34
0.351
0.635
0.638
0.648
0.275
0.559
0.301
0.658
0.148
0.151
0.149
0.149
0.148
0.249
0.191
0.191
0.19
0.35
0.233
0.237
0.446
0.272
0.27
0.271
0.28
0.279
0.652
0.274
0.149
0.15
0.15
0.152
0.239
0.19
0.347
0.231
0.192
0.194
0.192
0.216
0.452
0.597
0.24
0.234
0.237
0.236
0.236
0.238
0.235
0.239
0.237
0.238
0.235
0.239
0.235
0.662
0.666
0.277
0.662
0.277
0.661
0.28
0.691
0.453
0.276
0.284
0.193
0.195
0.193
0.197
0.194
0.193
0.353
0.235
0.487
0.286
0.277
0.273
0.278
0.272
0.272
0.149
0.151
0.15
0.151
0.151
0.248
0.191
0.19
0.347
0.452
0.28
0.304
0.278
0.277
0.273
0.277
0.317
0.276
0.277
0.567
0.66
0.696
0.655
0.675
1.409
0.671
0.279
0.277
0.276
0.275
0.234
0.457
0.641
0.277
0.236
0.237
0.236
0.234
0.234
0.232
0.684
0.647
0.65
0.288
0.281
0.281
0.655
0.277
0.277
0.317
0.274
0.654
0.274
0.273
0.291
0.552
0.242
0.474
0.28
0.277
0.652
0.682
0.653
0.278
0.28
0.276
0.273
0.275
0.275
0.276
0.273
0.277
0.277
0.277
0.277
0.276
0.308
0.276
0.275
0.276
0.279
0.277
0.277
0.275
0.352
0.45
0.567
0.346
0.618
0.285
0.278
0.278
0.676
0.657
0.656
0.276
0.656
0.277
0.678
0.279
0.658
0.279
0.281
0.281
0.276
0.281
0.284
0.7
0.277
0.549
0.278
0.153
0.153
0.152
0.235
0.472
1.533
0.319
0.299
0.28
0.682
0.279
0.278
0.296
0.276
0.275
0.277
0.669
0.279
0.169
0.147
0.153
0.248
0.22
0.213
0.195
0.357
0.253
0.456
0.686
0.279
0.682
0.279
0.673
0.668
0.278
1.173
0.958
0.651
0.237
0.274
0.622
0.272
0.273
0.146
0.272
0.182
0.657
0.294
0.238
0.654
0.151
0.26
0.149
0.147
0.273
0.631
0.276
0.274
0.234
0.273
0.273
0.272
0.274
0.277
0.238
0.324
0.298
0.276
0.636
0.277
0.151
0.249
0.462
0.426
1.157
0.276
0.275
0.277
0.296
0.278
0.151
0.278
0.277
0.277
0.193
0.651
0.639
0.441
0.454
0.428
0.699
0.291
0.282
0.25
0.28
0.31
0.196
0.282
0.28
0.28
0.277
0.277
0.662
0.655
0.277
0.194
0.194
0.281
0.931
0.512
0.357
0.236
0.236
0.235
0.238
0.233
0.465
0.283
0.278
0.278
0.703
0.664
0.279
0.193
0.278
0.277
0.279
0.676
0.652
0.664
0.677
0.656
0.202
0.282
0.714
0.199
0.285
0.198
0.288
0.287
0.202
0.709
0.227
0.202
0.29
0.202
0.906
0.252
1.081
0.282
0.701
0.29
0.287
0.322
0.287
0.667
0.362
0.29
0.685
0.665
0.287
0.287
0.199
0.197
0.704
0.292
0.287
0.657
0.285
0.651
0.245
0.284
0.282
0.347
0.2
0.374
0.264
0.475
0.309
0.323
0.514
0.406
1.222
0.686
0.675
0.294
0.292
0.295
0.73
0.693
0.699
0.378
0.291
0.289
0.29
0.704
0.7
0.293
0.298
0.675
0.601
0.291
0.709
0.294
0.478
0.694
0.325
0.32
0.752
0.254
0.595
0.775
0.304
0.297
0.729
0.295
0.714
0.706
0.668
0.294
0.689
0.338
0.294
0.674
0.695
0.797
0.301
0.299
0.721
0.3
0.618
0.298
0.703
0.302
0.684
0.726
0.301
0.51
0.919
0.704
0.691
0.3
0.701
0.684
0.681
0.706
0.692
0.705
0.303
0.308
0.689
0.769
0.301
0.298
0.298
0.301
0.301
0.717
0.3
0.301
0.296
0.707
0.706
0.298
0.298
0.324
1.024
0.387
1.052
0.75
0.714
0.303
0.708
0.343
0.306
0.703
0.302
0.303
0.299
0.704
0.351
0.302
0.299
0.713
0.691
0.309
0.301
0.307
0.297
0.706
0.296
0.302
0.302
0.302
0.698
0.326
0.304
0.299
1.408
0.302
0.295
0.296
0.683
0.703
0.298
0.322
0.712
0.301
0.719
0.708
0.304
0.706
0.3
0.686
0.298
0.304
0.681
0.295
0.296
0.302
0.725
0.307
0.716
0.798
1.567
0.705
0.686
0.676
0.685
0.69
0.71
0.289
0.314
0.708
0.693
0.691
0.29
0.685
0.289
0.291
0.249
0.294
0.291
0.696
0.691
0.265
0.684
0.68
0.749
0.255
0.248
0.245
0.248
0.25
0.487
0.289
0.288
0.289
0.308
0.728
0.297
0.292
0.691
0.294
0.29
0.293
0.291
0.298
0.67
0.288
0.691
0.288
0.288
0.33
0.292
0.295
0.317
0.292
0.288
0.671
0.681
0.686
0.762
0.295
1.818
1.202
1.194
1.228
1.17
0.514
1.201
0.488
1.166
1.234
1.15
1.198
0.5
0.473
0.475
0.494
1.195
0.504
1.197
1.125
0.5
0.511
1.151
0.5
0.496
1.136
1.033
0.661
0.287
0.675
0.324
0.663
0.664
0.284
0.283
0.321
0.654
0.286
0.285
0.286
0.287
0.286
0.286
0.318
0.284
0.296
0.291
0.656
0.68
0.663
0.664
0.676
0.295
0.732
1.595
0.291
0.716
0.669
0.678
0.669
0.303
0.702
0.648
0.667
0.686
0.713
0.284
0.293
0.286
0.31
0.679
0.653
0.702
0.283
0.287
0.698
0.936
1.165
0.304
0.282
0.281
0.66
0.284
0.65
0.282
0.279
0.278
0.67
0.661
0.28
0.283
0.646
0.284
0.286
0.657
0.701
0.285
0.678
0.281
0.664
0.666
0.661
0.68
0.308
0.919
0.893
0.702
0.288
0.693
0.668
0.313
0.68
0.283
0.283
0.284
0.283
0.698
0.668
0.661
0.285
0.698
0.287
0.674
0.569
0.284
0.284
0.702
0.686
0.285
0.279
1.362
0.685
0.675
0.688
0.304
0.287
0.283
0.284
0.685
0.282
0.676
0.285
0.738
0.677
0.693
0.664
0.284
0.673
0.282
0.322
0.287
0.284
0.597
0.667
0.65
0.64
0.295
0.29
0.286
0.684
0.285
0.287
0.679
0.659
0.708
0.284
0.677
0.306
0.654
0.667
0.29
0.284
0.293
0.286
0.282
0.283
0.286
0.286
0.285
0.284
0.289
0.284
0.287
0.77
0.978
0.667
0.288
0.29
0.288
0.673
0.691
0.292
0.285
0.687
0.278
0.284
0.676
0.681
0.279
0.569
0.654
0.669
0.7
0.686
0.29
0.285
0.657
0.284
1.018
0.703
0.309
0.285
0.28
0.674
0.282
0.682
0.684
0.287
0.281
0.675
0.285
0.702
0.282
0.648
0.282
0.282
0.682
0.67
0.286
0.676
0.707
0.287
1
0.703
0.29
0.673
0.669
0.668
0.67
0.282
0.281
0.281
0.282
0.284
0.686
0.284
0.284
0.282
0.707
0.668
0.283
0.282
0.282
0.283
0.67
0.283
0.288
0.302
0.682
0.282
0.277
0.405
1.038
0.676
0.284
0.676
0.284
0.284
0.281
0.285
0.307
0.685
0.285
0.283
0.284
0.676
0.671
0.282
0.287
0.282
0.283
0.676
0.655
0.279
0.286
0.593
0.635
0.625
0.284
0.282
0.284
0.282
0.282
0.684
0.286
0.287
0.669
0.286
0.286
0.733
0.693
0.284
0.284
0.666
0.284
0.682
0.285
0.579
0.286
0.285
0.314
0.678
0.28
0.281
0.278
0.286
1.498
0.665
0.287
0.663
0.28
0.283
0.683
0.661
0.283
0.284
0.285
0.622
0.471
0.468
0.47
0.476
0.476
0.48
0.476
0.475
1.133
0.476
0.495
0.479
0.481
0.551
0.467
0.47
0.463
0.464
0.758
0.601
0.655
0.294
0.652
0.274
0.663
0.663
0.275
0.678
0.644
0.303
0.275
0.274
0.635
0.273
0.278
0.276
0.272
0.659
0.28
0.652
0.273
0.604
0.275
0.28
0.278
0.279
0.274
0.489
1.07
0.279
0.667
0.274
0.633
0.275
0.633
0.66
0.31
0.277
0.662
0.274
0.276
0.273
0.274
0.276
0.684
0.274
0.557
0.277
0.562
0.277
0.656
0.65
0.653
1.189
0.29
0.281
0.684
0.28
0.278
0.654
0.279
0.293
0.277
0.276
0.278
0.278
0.702
0.675
0.624
0.277
0.276
0.278
0.677
0.283
0.28
0.277
0.661
0.276
0.662
0.282
1.059
0.281
0.28
0.282
0.277
0.689
0.666
0.641
0.276
0.272
0.671
0.275
0.657
0.652
0.274
0.275
0.275
0.276
0.273
0.659
0.658
0.276
0.667
0.279
0.278
0.278
0.669
0.278
0.649
1.084
0.283
0.288
0.572
0.276
0.276
0.662
0.597
0.274
0.666
0.644
0.276
0.274
0.278
0.277
0.274
0.279
0.278
0.274
0.681
0.28
0.28
0.285
0.65
0.279
0.277
0.277
0.28
0.663
1.378
0.286
0.565
0.643
0.279
0.653
0.279
0.273
0.277
0.308
0.278
0.276
0.275
0.656
0.684
0.657
0.274
0.277
0.275
0.309
0.313
0.276
0.656
0.656
0.651
0.295
0.282
0.276
0.275
0.272
0.271
0.274
0.276
0.658
0.305
0.278
0.28
0.652
0.661
0.575
0.305
0.273
0.275
0.687
0.649
0.643
0.276
0.279
0.277
0.661
0.651
0.287
0.277
0.278
0.273
0.28
0.45
0.348
0.276
0.651
0.276
0.276
0.276
0.662
0.679
0.286
0.279
0.648
0.282
0.276
0.697
0.665
0.282
0.278
0.69
0.284
0.286
0.288
0.291
0.286
0.281
0.699
0.282
0.677
0.704
0.282
1.484
0.689
0.285
0.67
0.284
0.662
0.284
0.285
0.7
0.672
0.282
0.283
0.281
0.676
0.324
0.288
0.703
0.669
0.29
0.286
0.673
0.282
0.681
1.102
0.667
0.663
0.592
0.693
0.284
0.284
0.286
0.284
0.674
0.672
0.672
0.664
0.282
0.281
0.284
0.288
0.661
0.317
0.654
0.284
0.285
0.284
0.282
0.286
0.797
0.358
0.682
0.283
0.286
0.285
0.67
0.283
0.688
0.317
0.38
0.373
0.881
1.131
0.296
0.66
0.286
0.668
0.289
0.667
0.681
0.292
0.662
0.281
0.313
0.673
0.685
0.306
0.859
0.358
0.562
0.284
0.693
0.289
0.684
0.29
0.688
0.283
0.285
0.682
0.289
0.289
0.292
0.286
0.292
0.285
0.291
0.284
0.286
0.677
0.669
0.682
0.284
0.673
0.28
0.436
0.365
0.571
0.679
0.281
0.703
0.596
0.278
0.648
0.663
0.279
0.69
0.295
0.657
0.302
0.278
0.277
0.28
0.317
0.279
0.28
0.652
0.677
0.671
0.296
0.283
1.408
0.282
0.28
0.688
0.665
0.277
0.642
0.279
0.276
0.294
0.308
0.276
0.275
0.279
0.279
0.278
0.277
0.304
0.281
0.279
0.28
0.278
0.282
0.278
0.278
0.68
0.279
0.281
0.671
0.281
0.278
0.321
0.315
1.239
0.686
0.663
0.279
0.665
0.28
0.281
0.668
0.287
0.658
0.28
0.28
0.276
0.642
0.669
0.282
0.655
0.279
0.276
0.278
0.28
0.28
0.275
0.277
0.273
0.276
0.276
0.281
0.29
0.279
0.415
0.305
0.668
0.287
0.687
0.67
0.285
0.287
0.679
0.286
0.284
0.68
0.281
0.29
0.282
0.287
0.283
0.669
0.285
0.321
0.667
0.281
0.706
0.68
0.698
0.286
0.292
0.325
0.29
0.303
0.286
0.281
0.306
0.673
0.284
0.283
0.287
0.285
0.307
0.699
0.288
0.283
0.699
0.285
0.68
0.719
0.671
0.282
0.305
0.281
0.689
0.283
0.307
0.913
0.688
0.679
0.279
0.283
0.28
0.286
0.28
0.283
0.284
0.67
0.301
0.708
0.675
0.283
0.286
0.285
0.284
0.293
0.286
0.282
0.285
0.67
0.284
0.718
0.386
1.182
0.288
0.285
0.284
0.288
0.286
0.685
0.284
0.305
0.283
0.319
0.293
0.292
0.293
0.313
0.746
0.304
0.306
0.836
0.39
0.297
0.302
0.324
0.684
0.72
0.307
0.288
0.288
0.29
0.692
0.849
1.054
0.287
0.287
0.285
0.286
0.674
0.286
0.285
0.286
0.667
0.306
0.672
0.661
0.283
0.68
0.282
0.681
0.691
0.288
0.286
0.287
0.286
0.669
0.284
0.684
0.677
0.282
0.607
0.294
0.287
0.681
0.283
0.28
0.281
0.681
0.696
0.285
0.676
0.281
0.279
0.284
0.285
0.302
0.283
0.663
0.684
0.28
0.649
0.28
0.282
0.713
0.282
0.915
0.294
0.664
0.68
0.283
0.283
0.286
0.302
0.281
0.285
0.281
0.677
0.284
0.668
0.669
0.663
0.664
0.283
0.313
0.281
0.284
0.282
0.28
0.283
0.283
0.675
0.952
1.108
0.291
0.327
0.291
0.293
0.289
0.691
0.677
0.286
0.588
0.29
0.669
0.287
0.285
0.676
0.288
0.692
0.289
0.285
0.286
0.287
0.287
0.689
0.673
0.744
0.674
0.287
0.287
0.594
0.597
0.295
0.683
0.664
0.653
0.738
0.677
0.287
0.283
0.655
0.662
0.283
0.288
0.715
0.669
0.285
0.313
0.679
0.674
0.67
0.288
0.283
0.287
0.486
0.377
0.518
0.284
0.674
0.286
0.668
0.284
0.284
0.284
0.281
0.283
0.284
0.678
0.284
0.68
0.285
0.282
0.685
0.29
0.288
0.286
0.289
0.288
0.287
0.281
0.671
0.288
0.523
0.703
0.282
0.298
0.286
0.304
0.686
0.285
0.473
0.2
0.37
0.473
0.395
0.589
0.285
0.284
0.282
0.281
0.285
0.286
0.287
0.287
0.286
0.285
0.283
0.311
0.283
0.284
0.158
0.167
0.15
0.149
0.15
0.239
0.147
0.149
0.277
0.304
0.276
0.148
0.15
0.277
0.274
0.273
0.172
0.15
0.452
0.152
0.263
0.204
0.192
0.193
0.353
0.149
0.151
0.151
0.245
0.194
0.192
0.215
0.283
0.286
0.292
0.279
0.278
0.277
0.394
0.293
0.147
0.147
0.149
0.148
0.148
0.148
0.151
0.157
0.15
0.151
0.152
0.247
0.194
0.192
0.194
0.195
0.352
0.236
0.25
0.235
0.327
0.449
0.306
0.278
0.193
0.191
0.191
0.208
0.349
0.233
0.237
0.235
0.193
0.357
0.236
0.235
0.239
0.234
0.233
0.148
0.151
0.15
0.148
0.15
0.235
0.149
0.276
0.233
0.302
0.191
0.51
0.239
0.149
0.15
0.239
0.145
0.233
0.192
0.276
0.148
0.15
0.149
0.191
0.661
0.156
0.473
0.218
0.548
0.494
0.159
0.224
0.199
0.192
0.2
0.195
0.152
0.158
0.285
0.194
0.193
0.28
0.152
0.152
0.151
0.149
0.729
0.246
0.249
0.194
0.296
0.194
0.277
0.152
0.193
0.29
0.194
0.353
0.192
0.194
0.28
0.156
0.281
0.241
0.198
0.357
0.277
0.449
0.276
0.192
0.277
0.278
0.28
0.358
0.351
0.193
0.688
0.233
0.193
0.192
0.672
0.403
0.393
0.216
0.282
0.196
0.235
0.256
0.282
0.451
0.277
0.236
0.196
0.282
0.276
0.235
0.193
0.355
0.277
0.193
0.279
0.192
0.193
0.275
0.233
0.195
0.274
0.278
0.361
0.235
0.195
0.278
0.277
0.234
0.236
0.192
0.665
0.277
0.466
0.299
0.277
0.191
0.233
0.275
0.304
0.276
0.568
0.679
0.392
0.24
0.234
0.46
0.278
0.275
0.273
0.683
0.274
0.451
0.272
0.274
0.232
0.271
0.273
0.272
0.276
0.272
0.284
0.274
0.461
0.272
0.633
0.271
0.234
0.639
0.275
0.277
0.274
0.272
0.273
0.272
0.279
0.571
0.28
0.273
0.272
0.648
0.274
0.27
0.285
0.512
1.172
0.65
0.654
0.278
0.28
0.274
0.234
0.633
0.666
0.764
0.237
0.281
0.307
0.277
0.667
0.306
0.655
0.243
0.642
0.279
0.653
0.278
0.298
0.653
0.652
0.278
0.277
0.306
0.279
1.463
0.284
0.295
0.277
0.28
0.655
0.653
0.659
0.667
0.649
0.295
0.277
0.278
0.55
0.277
0.695
0.279
0.66
0.639
0.275
0.275
0.274
0.66
0.605
0.282
0.646
0.661
0.279
0.664
0.519
0.87
1.05
0.307
0.239
0.278
0.66
0.67
0.665
0.274
0.275
0.274
0.663
0.659
0.277
0.28
0.661
0.652
0.655
0.651
0.658
0.273
0.274
0.673
0.274
0.273
0.233
0.642
0.636
0.276
0.276
0.677
0.276
0.582
0.3
0.283
0.28
0.278
0.279
0.278
0.271
0.645
0.454
0.651
0.274
0.276
0.273
0.273
0.276
0.277
0.3
0.275
0.656
0.639
0.634
0.647
0.648
0.275
0.278
0.271
0.324
0.657
0.668
0.628
0.713
0.906
1.227
0.655
0.299
0.66
0.646
0.282
0.654
0.692
0.669
0.689
0.686
0.663
0.286
0.677
0.313
0.289
0.669
0.666
0.665
0.665
0.658
0.321
0.663
0.308
0.286
0.471
0.359
0.875
0.681
0.695
0.282
0.279
0.28
0.678
0.656
0.651
0.693
0.71
0.289
0.67
0.71
0.654
0.665
0.684
0.286
0.679
0.672
0.284
0.3
0.667
0.288
0.309
0.283
0.498
0.427
0.667
0.661
0.281
0.671
0.668
0.661
0.665
0.28
0.286
0.284
0.649
0.292
0.646
0.271
0.313
0.274
0.276
0.273
0.274
0.276
0.279
0.277
0.277
0.676
0.638
0.277
0.275
0.642
0.273
0.919
1.111
0.278
0.273
0.311
0.644
0.658
0.668
0.299
0.28
0.644
0.662
0.654
0.669
0.278
0.656
0.67
0.653
0.275
0.277
0.665
0.692
0.276
0.659
0.281
0.663
0.667
0.682
0.28
0.394
0.578
0.669
0.276
0.662
0.284
0.328
0.288
0.306
0.287
0.283
0.728
0.289
0.692
0.279
0.658
0.67
0.28
0.661
0.676
0.276
0.275
0.273
0.278
0.659
0.651
0.649
0.531
0.346
0.287
0.277
0.279
0.294
0.653
0.276
0.279
0.652
0.278
0.642
0.646
0.672
0.684
0.648
0.273
0.647
0.275
0.279
0.657
0.587
0.274
0.295
0.277
0.277
0.276
0.278
0.882
1.262
0.664
0.278
0.663
0.704
0.761
0.301
0.288
0.291
0.284
0.277
0.28
0.281
0.691
0.277
0.666
0.652
0.283
0.28
0.278
0.28
0.7
0.299
0.657
0.645
0.662
0.642
0.506
0.286
0.666
0.285
0.697
0.283
0.283
0.671
0.31
0.662
0.28
0.281
0.651
0.281
0.278
0.282
0.279
0.679
0.289
0.283
0.682
0.281
0.278
0.278
0.28
0.281
0.668
0.279
0.28
0.662
0.692
1.002
0.283
0.283
0.282
0.282
0.281
0.654
0.672
0.281
0.282
0.278
0.3
0.701
0.28
0.278
0.666
0.637
0.66
0.664
0.282
0.307
0.281
0.674
0.281
0.279
0.489
0.914
0.289
0.692
0.284
0.288
0.307
0.679
0.289
0.283
0.691
0.283
0.304
0.686
0.283
0.301
0.283
0.283
0.28
0.303
0.284
0.706
0.699
0.286
0.281
0.316
0.283
0.687
0.307
0.687
0.615
0.305
0.435
1.181
0.288
0.705
0.286
0.311
0.284
0.661
0.286
0.283
0.28
0.581
0.284
0.284
0.715
0.394
0.289
0.327
0.288
0.285
0.752
0.293
0.291
0.291
0.289
0.313
0.284
0.288
0.286
0.285
0.286
0.286
0.288
1.004
0.686
0.687
0.605
0.675
0.66
0.283
0.284
0.661
0.281
0.281
0.283
0.709
0.288
0.28
0.283
0.292
0.668
0.284
0.283
0.281
0.326
0.284
0.283
0.286
0.287
0.287
0.282
0.281
0.685
0.28
1.037
0.487
0.285
0.294
0.302
0.672
0.282
0.662
0.288
0.283
0.283
0.283
0.308
0.666
0.282
0.284
0.284
0.68
0.285
0.689
0.654
0.284
0.646
0.304
0.287
0.769
0.294
0.284
0.292
0.283
0.786
0.296
0.287
0.677
0.683
0.301
0.284
0.28
0.687
0.284
0.286
0.284
0.287
0.671
0.286
0.283
0.283
0.287
0.288
0.284
0.704
0.287
0.659
0.68
0.68
0.285
0.284
0.287
0.691
0.452
1.254
0.681
0.29
0.289
0.304
0.672
0.289
0.684
0.296
0.287
0.299
0.664
0.288
0.283
0.8
0.592
0.686
0.682
0.285
0.669
0.286
0.597
0.685
0.283
0.324
0.29
0.287
0.576
0.289
0.296
0.639
0.668
0.7
0.682
0.287
0.288
0.288
0.677
0.694
0.633
0.289
0.286
0.684
0.285
0.693
0.283
0.286
0.691
0.288
0.299
0.295
0.289
0.282
0.69
0.288
0.389
0.57
0.682
0.673
0.288
0.679
0.671
0.283
0.286
0.285
0.284
0.282
0.284
0.671
0.664
0.287
0.285
0.284
0.281
0.284
0.287
0.332
0.286
0.68
0.281
0.283
0.592
0.691
0.563
0.603
0.694
0.286
0.312
0.684
0.565
0.284
0.283
0.282
0.283
0.285
0.286
0.28
0.679
0.282
0.283
0.315
0.815
0.567
0.287
0.299
0.714
0.289
0.283
0.284
0.672
0.285
0.29
0.313
0.292
0.605
0.295
0.689
0.283
0.684
0.283
0.661
0.288
0.302
0.283
0.285
0.595
0.683
0.332
0.568
0.561
0.285
0.281
0.284
0.284
0.286
0.279
0.683
0.286
0.284
0.694
0.285
0.692
0.674
1.522
0.291
0.291
0.285
0.691
0.284
0.697
0.309
0.32
0.686
0.652
0.287
0.288
0.695
0.283
0.675
0.287
0.685
0.684
0.284
0.685
0.681
0.671
0.287
0.35
0.288
0.284
0.686
0.43
0.289
0.285
0.288
0.288
0.694
0.284
0.684
0.339
0.288
0.659
0.284
0.308
0.287
0.697
0.287
0.284
0.292
0.287
0.671
0.288
0.288
0.283
0.283
0.681
0.283
0.285
0.713
0.285
0.283
0.287
0.288
0.991
0.699
0.292
0.703
0.286
0.288
0.683
0.678
0.284
0.284
0.681
0.279
0.673
0.551
0.28
0.282
0.659
0.282
0.29
0.283
0.285
0.282
0.283
0.285
0.308
0.282
0.673
0.693
0.283
0.35
1.347
0.29
0.284
0.289
0.287
0.291
0.679
0.285
0.289
0.311
0.663
0.285
0.288
0.587
0.29
0.292
0.284
0.668
0.287
0.288
0.696
0.287
0.687
0.286
0.679
0.677
0.285
0.286
0.288
0.285
0.658
0.315
1.31
0.312
0.283
0.281
0.675
0.676
0.66
0.33
0.284
0.282
0.288
0.667
0.687
0.652
0.28
0.277
0.281
0.718
0.689
0.282
0.28
0.287
0.697
0.287
0.284
0.284
0.284
0.586
0.329
0.283
0.285
0.287
0.281
0.307
0.285
0.285
0.285
0.682
0.287
0.291
0.691
0.772
0.737
0.286
0.285
0.677
0.725
0.283
0.312
0.282
0.286
0.284
0.288
0.301
0.29
0.906
1.264
0.634
0.312
0.287
0.685
0.283
0.683
0.299
0.287
0.284
0.288
0.283
0.782
0.282
0.284
0.295
0.677
0.286
0.284
0.283
0.284
0.285
0.286
0.286
0.282
0.281
0.698
0.285
0.663
0.284
0.289
0.627
0.692
0.285
0.285
0.679
0.305
0.282
0.609
0.308
0.684
0.246
0.286
0.717
0.287
0.237
0.665
0.303
0.751
0.286
0.282
0.29
0.283
0.305
0.282
0.704
0.696
0.283
0.473
0.779
0.322
0.287
0.283
0.688
0.283
0.282
0.303
0.281
0.297
0.24
0.689
0.675
0.283
0.289
0.286
0.284
0.282
0.66
0.242
0.284
0.283
0.288
0.285
0.673
0.472
0.283
0.295
0.285
0.665
0.286
1.261
0.293
0.283
0.282
0.287
0.284
0.283
0.282
0.282
0.281
0.283
0.28
0.281
0.283
0.729
0.286
0.288
0.284
0.286
0.294
0.285
0.286
0.292
0.28
0.709
0.282
0.668
0.373
0.318
0.284
0.286
0.733
0.314
0.285
0.693
0.689
0.281
0.712
0.282
0.7
0.282
0.67
0.701
0.279
0.693
0.281
0.304
0.292
0.282
0.302
0.279
0.283
0.287
0.284
0.286
0.281
0.298
0.685
0.687
0.863
0.729
0.666
0.289
0.289
0.673
0.292
0.68
0.687
0.731
0.288
0.285
0.652
0.683
0.283
0.557
0.288
0.712
0.285
0.285
0.286
0.294
0.284
0.283
0.285
0.287
0.288
0.66
0.444
0.363
0.293
0.307
0.291
0.692
0.287
0.657
0.287
0.689
0.678
0.289
0.29
0.689
0.676
0.682
0.294
0.674
0.288
0.317
0.289
0.285
0.297
0.318
0.286
0.315
0.334
0.718
0.712
0.569
0.713
0.282
0.286
0.283
0.285
0.283
0.284
0.281
0.282
0.665
0.283
0.286
0.284
0.281
0.309
0.28
0.279
0.282
0.282
0.279
0.283
0.663
0.282
0.68
0.282
0.28
0.664
0.283
0.301
0.323
0.672
0.285
0.292
0.283
0.69
0.685
0.289
0.284
0.282
0.279
0.684
0.285
0.676
0.672
0.286
0.284
0.283
0.653
0.647
0.665
0.285
0.671
0.284
0.291
0.282
0.282
0.285
0.688
0.697
0.65
0.414
0.539
0.276
0.276
0.275
0.275
0.633
0.647
0.663
0.276
0.276
0.295
0.276
0.276
0.276
0.273
0.274
0.653
0.656
0.275
0.274
0.634
0.274
0.281
0.278
0.277
0.663
0.277
0.274
0.28
0.276
0.589
0.614
0.283
0.65
0.282
0.275
0.664
0.277
0.276
0.668
0.763
0.703
0.669
0.284
0.277
0.28
0.279
0.278
0.279
0.278
0.278
0.661
0.281
0.276
0.282
0.283
0.665
0.658
0.886
0.658
0.557
0.562
0.275
0.655
0.663
0.309
0.28
0.275
0.279
0.666
0.291
0.7
0.644
0.281
0.28
0.279
0.275
0.658
0.275
0.276
0.28
0.653
0.272
0.677
0.279
0.282
0.605
0.283
0.656
0.272
0.274
0.666
0.279
0.292
0.302
0.659
0.277
0.277
0.279
0.656
0.66
0.662
0.311
0.668
0.307
0.279
0.282
0.277
0.276
0.274
0.654
0.279
0.277
0.311
0.275
0.278
0.299
0.276
0.613
0.285
0.279
0.281
0.279
0.618
0.281
0.658
0.278
0.278
0.28
0.278
0.276
0.278
0.276
0.669
0.282
0.28
0.279
0.673
0.281
0.279
0.276
0.276
0.278
0.674
0.278
0.276
0.282
0.277
0.648
0.281
0.286
0.304
1.1
0.356
0.673
0.279
0.276
0.658
0.573
0.279
0.607
0.279
0.297
0.281
0.659
0.278
0.653
0.28
0.282
0.487
0.279
0.586
0.286
0.715
0.289
0.682
0.693
0.295
0.287
0.286
0.677
0.315
0.285
0.494
0.667
0.282
0.675
0.681
0.286
0.29
0.289
0.291
0.292
0.693
0.719
0.28
0.281
0.279
0.666
0.739
0.668
0.28
0.315
0.28
0.68
0.283
0.679
0.679
0.284
0.797
0.464
0.289
0.312
0.695
0.675
0.309
0.283
0.308
0.716
0.312
0.285
0.286
0.699
0.284
0.311
0.282
0.344
0.289
0.283
0.348
0.285
0.287
0.632
0.283
0.288
0.284
0.304
0.285
0.726
0.286
0.306
0.285
0.289
0.284
0.649
0.471
0.687
0.291
0.289
0.576
0.287
0.726
0.584
0.286
0.283
0.286
0.287
0.286
0.691
0.285
0.289
0.291
0.299
0.314
0.287
0.289
0.686
0.691
0.681
0.323
0.684
0.289
0.669
0.368
0.659
0.292
0.313
0.616
0.71
0.282
0.31
0.681
0.29
0.284
0.707
0.287
0.288
0.284
0.282
0.308
0.307
0.286
0.285
0.684
0.693
0.292
0.307
0.31
0.685
0.284
0.287
0.704
0.286
1.406
0.287
0.673
0.285
0.597
0.285
0.305
0.287
0.684
0.685
0.315
0.286
0.282
0.283
0.68
0.288
0.287
0.283
0.286
0.289
0.289
0.286
0.577
0.284
0.288
0.682
0.291
0.679
0.284
0.294
0.711
0.29
1.284
0.685
0.286
0.295
0.285
0.286
0.668
0.305
0.283
0.288
0.297
0.287
0.282
0.283
0.287
0.663
0.29
0.286
0.67
0.286
0.285
0.315
0.679
0.287
0.282
0.568
0.286
0.596
0.686
0.701
0.283
0.876
0.657
0.312
0.287
0.289
0.288
0.289
0.682
0.667
0.299
0.285
0.286
0.727
0.288
0.284
0.284
0.288
0.289
0.288
0.686
0.284
0.288
0.286
0.298
0.688
0.287
0.677
0.676
0.289
0.287
1.212
0.288
0.714
0.291
0.29
0.286
0.676
0.676
0.674
0.282
0.676
0.283
0.284
0.284
0.286
0.295
0.286
0.291
0.284
0.32
0.283
0.284
0.282
0.287
0.288
0.675
0.286
0.282
0.281
0.282
0.285
0.285
0.283
0.958
1.242
0.288
0.69
0.283
0.685
0.289
0.67
0.291
0.282
0.598
0.285
0.284
0.28
0.292
0.694
0.283
0.287
0.295
0.284
0.284
0.293
0.318
0.332
0.287
0.295
0.283
0.282
0.693
0.284
0.305
0.307
0.284
0.293
0.285
0.287
0.296
0.415
0.417
0.288
0.284
0.283
0.706
0.303
0.281
0.311
0.285
0.287
0.289
0.295
0.675
0.286
0.281
0.284
0.284
0.662
0.285
0.705
0.308
0.286
0.284
0.284
0.282
0.681
0.283
0.283
0.281
0.282
0.285
0.681
0.678
0.694
0.58
0.289
0.308
0.696
0.284
0.588
0.284
0.682
0.283
0.289
0.67
0.285
0.733
0.674
0.318
0.284
0.283
0.296
0.316
0.663
0.284
0.28
0.679
0.295
0.661
0.28
0.279
0.276
0.87
0.283
0.31
0.279
0.275
0.282
0.677
0.686
0.279
0.3
0.297
0.28
0.299
0.662
0.275
0.273
0.65
0.677
0.318
0.275
0.275
0.296
0.676
0.309
0.278
0.285
0.31
0.278
0.684
0.278
0.652
0.534
0.899
0.28
0.275
0.283
0.695
0.279
0.277
0.301
0.683
0.28
0.276
0.283
0.288
0.281
0.276
0.277
0.299
0.658
0.275
0.279
0.674
0.284
0.315
0.712
0.315
0.278
0.685
0.282
0.654
0.683
0.584
0.3
0.279
0.281
0.43
0.35
0.671
0.281
0.681
0.278
0.297
0.276
0.655
0.321
0.276
0.297
0.274
0.278
0.282
0.277
0.385
0.326
0.3
0.279
0.3
0.283
0.276
0.295
0.278
0.28
0.275
0.279
0.28
0.302
0.277
0.748
0.278
1.074
0.705
0.281
0.28
0.272
0.273
0.663
0.273
0.278
0.66
0.274
0.275
0.279
0.274
0.277
0.273
0.275
0.66
0.271
0.277
0.275
0.692
0.277
0.69
0.66
0.28
0.277
0.275
0.649
0.691
0.275
1.4
0.658
0.276
0.276
0.277
0.28
0.277
0.275
0.65
0.275
0.277
0.276
0.674
0.299
0.669
0.277
0.641
0.277
0.32
0.275
0.276
0.273
0.277
0.294
0.278
0.28
0.274
0.275
0.677
0.277
0.278
0.277
0.277
0.277
0.276
0.508
0.706
0.329
0.323
0.289
0.288
0.714
0.689
0.293
0.29
0.286
0.291
0.287
0.287
0.29
0.29
0.688
0.289
0.684
0.78
0.288
0.303
0.292
0.295
0.688
0.293
0.709
0.292
0.336
0.29
0.719
0.307
0.287
0.311
1.619
0.295
0.287
0.29
0.685
0.291
0.29
0.288
0.697
0.292
0.287
0.685
0.695
0.298
0.296
0.295
0.294
0.711
0.297
0.299
0.302
0.295
0.698
0.72
0.768
0.694
0.488
0.8
0.691
0.316
0.291
0.289
0.288
0.312
0.716
0.292
0.619
0.726
0.293
0.312
0.288
0.748
0.718
0.312
0.321
0.312
0.289
0.287
0.672
0.329
0.291
0.71
0.296
0.314
0.291
0.31
0.676
0.729
0.344
0.292
0.54
0.544
0.713
0.713
0.296
0.717
0.712
0.292
0.288
0.319
0.29
0.312
0.701
0.301
0.294
0.316
0.291
0.68
0.707
0.316
0.667
0.701
0.685
0.315
0.715
0.699
0.312
1.005
0.693
0.696
0.685
0.29
0.308
0.688
0.295
0.718
0.291
0.287
0.292
0.293
0.29
0.615
0.733
0.291
0.294
0.686
0.292
0.291
0.292
0.67
0.695
0.29
0.287
0.301
0.29
0.714
0.703
0.291
0.288
0.557
0.934
0.32
0.711
0.294
0.619
0.293
0.298
0.293
0.298
0.347
0.295
0.292
0.293
0.298
0.612
0.321
0.297
0.302
0.294
0.297
0.296
0.297
0.723
0.297
0.294
0.709
0.757
0.321
0.337
0.73
1.685
0.328
0.723
0.3
0.299
0.71
0.719
0.712
0.625
0.354
0.298
0.299
0.3
0.306
0.297
0.707
0.299
0.302
0.296
0.34
0.709
0.323
0.296
0.3
0.302
0.302
0.303
0.327
0.299
0.303
0.3
0.301
1.124
0.309
0.731
0.303
0.301
0.301
0.298
0.299
0.301
0.613
0.296
0.706
0.329
0.338
0.296
0.705
0.321
0.718
0.3
0.711
0.301
0.302
0.301
0.299
0.734
0.301
0.717
0.74
0.75
0.718
1.003
0.871
0.303
0.3
0.297
0.301
0.306
0.301
0.298
0.296
0.329
0.71
0.711
0.301
0.366
0.715
0.3
0.741
0.305
0.304
0.299
0.686
0.705
0.3
0.302
0.619
0.299
0.329
0.301
1.293
0.508
1.755
0.736
0.718
0.694
0.711
0.711
0.298
0.298
0.298
0.327
0.737
0.296
0.298
0.693
0.301
0.297
0.289
0.292
0.293
0.292
0.692
0.291
0.293
0.684
0.293
0.743
0.403
0.3
0.306
0.62
0.309
0.308
0.296
0.305
0.713
0.299
0.298
0.303
0.709
0.303
0.301
0.32
0.747
0.297
0.295
0.3
0.616
0.296
0.292
0.294
0.291
0.701
0.29
0.288
0.718
0.676
0.294
0.292
0.772
0.33
0.297
0.296
0.968
0.297
0.292
0.245
0.701
0.292
0.292
0.696
0.288
0.29
0.721
0.7
0.293
0.326
0.695
0.29
0.288
0.681
0.287
0.738
0.264
0.291
0.29
0.693
0.243
0.292
0.68
0.289
0.269
0.291
1.055
1.214
0.298
0.294
0.722
0.289
0.291
0.677
0.29
0.292
0.289
0.305
0.7
0.291
0.249
0.293
0.724
0.289
0.696
0.543
0.295
0.697
0.608
0.29
0.702
0.296
0.309
0.694
0.723
0.292
0.293
0.294
0.292
0.51
0.369
0.708
0.289
0.54
0.292
0.314
0.288
0.291
0.699
0.295
0.292
0.595
0.29
0.291
0.589
0.729
0.292
0.293
0.292
0.294
0.294
0.292
0.71
0.713
0.722
0.332
0.289
0.318
0.294
0.292
0.723
1.498
0.294
0.294
0.701
0.704
0.294
0.592
0.289
0.293
0.289
0.724
0.68
0.587
0.292
0.296
0.691
0.671
0.313
0.294
0.313
0.295
0.291
0.288
0.293
0.291
0.696
0.7
0.288
0.288
0.33
0.677
0.292
1.063
0.302
0.295
0.731
0.706
0.7
0.683
0.704
0.291
0.318
0.299
0.764
0.294
0.687
0.29
0.586
0.7
0.304
0.709
0.328
0.296
0.693
0.698
0.298
0.293
0.295
0.329
0.297
0.605
1.103
0.293
0.291
0.693
0.294
0.294
0.289
0.293
0.315
0.288
0.292
0.291
0.29
0.292
0.314
0.292
0.692
0.692
0.292
0.599
0.292
0.355
0.293
0.293
0.291
0.292
0.291
0.294
0.322
0.282
0.281
0.66
0.28
0.283
0.316
0.469
0.389
0.68
0.67
0.321
0.678
0.283
0.29
0.284
0.28
0.285
0.285
0.285
0.284
0.285
0.703
0.666
0.664
0.283
0.679
0.282
0.284
0.287
0.331
0.666
0.648
0.289
0.705
0.286
0.311
0.281
0.683
0.826
0.73
0.29
0.687
0.286
0.734
0.293
0.293
0.285
0.282
0.306
0.283
0.282
0.683
0.284
0.67
0.28
0.676
0.282
0.283
0.285
0.281
0.7
0.68
0.666
0.686
0.282
0.284
0.284
0.281
0.707
0.283
0.302
0.285
0.691
0.287
0.282
0.282
0.281
0.662
0.282
0.284
