104
104
104
104
104
104
104
104
104
104
104
104
104
104
104
104
104
104
104
104
104
104
104
104
104
104
104
104
104
104
104
104
104
104
104
112
112
112
112
112
112
112
112
112
112
112
112
112
112
112
112
120
120
120
120
120
120
120
120
120
120
120
120
120
120
120
120
120
120
120
120
120
120
120
120
120
128
128
128
128
136
136
136
144
144
144
144
144
152
152
152
152
152
152
152
152
160
168
168
168
168
168
160
160
160
160
160
160
160
168
168
168
168
168
168
168
168
168
168
168
168
168
160
160
160
160
168
168
168
168
168
168
176
176
176
176
176
176
176
176
168
168
160
160
160
160
160
160
168
168
168
168
176
176
176
176
184
184
184
176
176
176
176
176
176
176
176
176
176
184
184
184
184
184
176
176
176
184
184
184
184
184
184
176
176
176
176
176
176
176
176
176
176
176
176
176
168
168
168
168
168
168
176
176
176
176
168
168
168
168
160
160
160
160
160
152
152
176
176
176
184
184
184
184
208
208
208
208
208
208
208
208
208
216
216
216
216
216
216
224
224
224
224
224
224
232
232
232
232
232
232
232
240
240
248
248
248
248
248
248
248
256
256
256
280
304
304
304
304
304
304
304
304
304
312
312
320
328
328
328
328
328
328
336
336
336
336
336
336
336
336
336
344
344
344
344
352
352
352
360
360
360
360
360
360
360
360
360
360
360
360
368
368
368
368
368
368
376
376
376
376
376
376
376
376
376
384
384
384
408
408
432
432
456
464
464
464
464
464
464
464
464
464
464
472
496
496
496
496
496
496
496
496
520
520
528
528
528
528
528
528
528
528
552
576
576
576
576
576
576
576
600
600
600
600
608
608
608
608
608
608
608
608
320
320
320
320
320
320
320
320
320
320
320
320
320
320
320
320
320
320
320
320
344
352
352
352
352
352
352
352
352
352
352
352
376
376
400
400
400
424
424
424
424
424
424
448
448
472
472
496
496
496
496
520
520
520
544
544
568
568
568
568
568
568
568
568
568
592
592
592
616
640
640
640
640
664
688
328
328
328
328
328
328
328
328
328
328
328
328
328
328
328
352
352
376
400
424
448
448
472
472
496
496
520
520
544
544
544
544
568
592
592
616
616
616
616
640
640
640
640
664
672
672
672
672
672
672
672
672
672
672
672
672
672
672
696
696
720
744
768
792
800
344
344
344
344
344
344
344
344
344
344
344
344
344
344
344
344
344
344
344
344
344
344
344
368
392
416
440
464
464
488
512
512
536
536
536
536
536
536
536
536
536
536
536
536
536
536
536
560
560
560
584
584
584
584
608
608
608
632
656
656
656
656
680
704
704
704
728
344
344
344
344
344
344
344
344
344
344
344
344
344
344
344
344
344
344
344
344
344
344
344
368
392
416
416
416
416
440
440
464
464
488
512
536
536
536
536
536
536
536
536
560
560
584
584
584
584
608
608
608
608
632
632
632
632
656
656
656
680
704
728
728
752
776
800
800
800
824
848
848
848
848
848
848
872
896
920
920
344
344
344
344
344
344
344
344
344
344
344
344
344
344
344
344
344
344
344
344
344
344
344
344
344
344
344
344
344
344
344
344
344
344
344
344
344
344
344
344
344
344
344
368
368
392
416
440
464
488
512
536
560
560
584
608
632
632
632
632
632
656
680
680
680
704
704
704
704
728
752
752
752
752
752
752
752
752
752
752
752
752
752
776
776
800
800
800
800
800
824
848
848
872
344
344
344
344
344
344
344
344
344
344
344
344
344
344
344
344
344
344
344
344
344
344
344
344
344
344
344
344
344
344
344
344
368
368
368
392
392
392
392
392
416
440
440
440
440
464
464
488
488
512
512
512
536
560
560
560
560
560
560
584
584
584
584
584
584
608
632
656
344
344
344
344
344
344
344
344
344
344
344
344
344
344
344
344
344
344
344
344
344
344
344
344
344
344
344
344
344
344
368
392
392
416
416
416
416
416
440
440
440
440
464
464
488
512
512
536
536
536
536
536
536
536
560
584
608
608
632
632
632
632
632
632
656
656
656
656
680
704
704
344
344
344
344
344
344
344
344
344
344
344
344
344
344
344
344
344
344
344
344
336
336
336
336
336
336
336
336
336
336
336
336
336
336
336
336
360
360
360
360
360
360
360
360
360
360
384
384
384
384
384
408
408
408
432
432
456
456
456
456
456
456
456
456
456
456
456
456
456
456
464
464
464
464
464
464
488
488
488
344
344
344
344
344
344
344
344
344
344
344
344
344
344
344
344
344
344
344
344
344
344
344
344
344
344
344
344
344
344
344
368
392
416
416
440
464
464
488
512
536
560
560
560
560
584
608
608
608
608
608
608
608
632
656
656
680
704
704
704
704
704
704
704
704
704
704
728
728
728
728
728
728
752
344
344
344
344
344
344
344
344
344
344
344
344
344
344
344
344
344
344
344
344
344
344
344
344
344
344
344
344
344
344
344
344
368
392
392
416
416
440
440
464
464
464
464
464
488
488
488
488
488
488
488
488
488
488
488
488
488
488
488
488
488
512
536
560
560
584
608
608
608
632
656
656
656
656
656
656
656
656
656
656
656
656
656
344
344
344
344
344
344
344
344
344
344
344
344
344
344
344
344
344
344
344
344
344
344
344
344
344
344
344
344
344
344
344
344
344
344
344
344
344
344
344
344
344
344
344
344
344
344
344
344
344
344
344
344
344
344
344
368
368
368
368
368
392
392
416
440
440
440
440
464
464
464
464
344
344
344
344
344
344
344
344
344
344
344
344
344
344
344
344
344
344
344
344
344
344
344
344
344
344
344
336
336
360
360
384
384
408
432
432
432
432
432
432
432
432
432
432
432
456
480
480
480
480
480
480
480
480
504
504
336
336
336
336
336
328
328
328
328
328
328
328
328
328
328
328
328
328
328
328
328
336
336
336
336
336
336
336
344
344
344
368
368
392
416
440
440
440
440
440
440
440
464
464
464
464
464
464
464
464
488
488
488
488
512
512
512
536
536
536
536
536
536
536
536
560
560
584
584
584
608
608
632
632
344
344
344
344
344
344
344
344
344
344
344
344
344
344
344
344
344
344
344
344
344
344
344
344
344
344
344
344
344
344
344
344
344
344
368
392
392
392
416
416
416
416
440
440
440
440
440
440
440
440
464
488
488
512
512
512
536
536
560
560
560
560
560
560
560
560
560
560
560
584
584
584
584
584
584
584
608
632
344
344
344
344
344
344
344
344
344
344
344
344
344
344
344
344
344
344
344
344
344
344
344
344
344
344
344
344
344
344
344
368
368
368
368
368
368
368
368
368
368
392
392
416
416
440
464
488
488
488
488
488
488
488
488
488
488
512
512
512
536
536
536
560
560
584
584
608
608
608
608
608
608
632
632
632
632
632
632
632
632
656
656
656
656
680
344
344
344
344
344
344
344
344
344
344
344
344
344
344
344
344
344
344
344
344
344
344
344
344
344
344
344
344
344
344
344
344
344
344
344
344
344
368
392
392
416
440
440
440
440
440
440
440
464
464
488
512
512
512
512
512
512
512
536
536
560
560
560
560
584
608
608
632
632
632
632
632
632
632
632
632
632
632
632
632
632
632
632
632
656
656
680
680
704
728
728
752
752
344
344
344
344
344
344
344
344
344
344
344
344
344
344
344
344
344
344
344
344
344
344
344
344
344
344
344
344
344
336
336
336
336
336
336
336
336
336
336
360
360
360
360
384
384
384
392
392
392
392
392
392
392
416
416
416
416
416
416
440
440
440
440
464
464
488
488
512
512
536
536
560
560
560
560
560
560
560
560
560
560
560
560
560
560
560
584
608
344
344
344
344
344
344
344
344
344
344
344
344
336
336
336
336
336
336
336
336
336
336
336
336
336
336
336
336
336
336
336
336
336
336
336
360
360
360
360
360
360
360
384
408
408
432
432
432
456
456
456
456
456
480
480
480
480
504
504
504
336
336
336
336
336
336
336
336
336
336
336
336
336
336
336
336
336
336
336
336
336
336
360
384
384
408
432
432
432
456
456
456
456
480
480
504
528
528
528
528
552
576
600
624
624
648
672
672
672
672
672
672
672
672
672
672
696
696
720
720
744
768
792
816
840
840
840
840
864
864
888
888
912
936
336
336
336
336
336
336
336
336
336
336
336
336
336
336
336
336
336
336
336
336
336
336
336
336
336
336
336
336
336
336
336
336
360
384
408
408
408
408
408
408
408
416
416
440
440
440
440
440
440
440
440
464
464
464
464
464
464
488
488
512
512
512
512
512
536
536
536
536
536
536
536
344
344
344
344
344
344
344
344
344
344
344
344
344
344
344
344
344
344
344
344
344
344
344
344
344
344
344
344
344
344
344
344
344
344
368
368
368
368
368
368
368
392
416
416
416
416
416
416
416
440
440
464
464
464
464
488
512
512
536
536
560
560
584
608
632
632
656
680
680
344
344
344
344
344
344
344
344
344
344
344
344
344
344
344
344
344
344
344
344
344
344
344
344
344
344
344
344
344
344
368
392
416
416
416
416
416
416
416
416
440
440
440
464
464
488
488
512
512
536
536
536
536
560
560
344
344
344
344
344
344
344
344
344
344
344
344
344
344
344
344
368
392
344
344
344
344
344
344
344
344
344
344
344
344
344
344
344
344
344
344
344
344
344
344
344
344
344
344
344
344
344
344
344
344
344
368
368
368
368
344
344
344
344
344
344
344
344
344
344
344
344
344
344
344
344
344
344
344
344
344
344
344
344
344
344
344
344
344
344
344
368
392
416
440
440
440
440
440
440
440
440
440
440
440
440
440
440
440
440
440
344
344
344
344
344
344
344
344
344
344
344
344
344
344
344
344
344
344
344
344
344
344
344
344
336
328
328
328
328
320
320
320
320
312
312
312
312
312
312
312
312
312
312
312
312
312
312
312
312
312
312
312
312
312
312
312
312
312
312
312
312
312
312
312
312
312
304
304
304
304
304
304
304
304
296
296
296
296
296
304
304
304
328
328
328
336
336
336
336
336
336
336
336
336
336
336
336
336
336
336
336
336
336
336
312
312
312
312
304
304
304
304
304
296
296
288
288
288
288
288
280
280
280
280
280
280
280
280
280
280
288
288
288
288
312
312
320
320
320
320
320
320
320
320
320
320
320
344
344
344
344
344
296
296
296
296
296
288
288
288
288
288
288
288
288
288
288
296
320
344
344
344
344
344
344
296
296
296
288
288
280
272
272
272
272
264
264
264
264
264
264
264
264
264
264
264
264
264
264
264
264
264
272
280
280
280
272
272
272
272
272
272
272
272
272
272
272
272
272
264
264
264
264
264
264
264
256
256
256
256
256
256
256
256
256
256
248
248
272
272
272
272
272
272
272
272
272
272
272
272
272
272
272
272
272
272
272
272
272
272
272
272
272
272
248
240
240
240
240
240
240
240
248
248
272
272
296
296
296
296
248
248
248
248
248
248
256
256
256
256
256
256
248
240
240
240
232
232
232
232
224
224
224
224
224
224
224
224
224
248
256
264
264
272
272
272
272
272
272
272
272
272
272
272
296
296
296
296
248
248
248
248
240
264
288
288
288
288
288
296
320
320
320
344
344
344
352
352
352
352
352
352
256
256
256
256
256
256
256
264
264
264
264
288
264
264
264
264
264
264
264
264
264
264
264
264
264
264
264
256
256
256
256
256
280
288
288
288
312
320
320
344
344
368
392
392
392
392
416
416
416
272
272
272
264
264
288
312
336
336
360
384
384
384
384
408
408
432
432
440
272
272
272
272
272
272
272
264
272
296
296
296
296
296
296
296
272
272
272
272
272
272
272
272
264
256
256
256
248
248
256
256
264
272
272
272
272
272
272
272
272
272
280
280
280
280
280
280
280
280
280
280
280
280
280
280
280
304
304
328
328
328
328
280
272
272
272
272
272
272
264
256
248
272
296
296
296
296
320
320
320
320
344
344
352
376
376
376
376
400
400
400
400
424
424
424
424
448
472
496
496
520
528
528
528
528
528
528
264
264
264
264
264
264
264
264
256
256
256
256
264
264
272
272
272
272
272
296
296
296
320
320
320
320
272
272
272
272
272
272
272
272
272
272
272
272
272
272
272
272
272
272
272
272
272
272
280
280
280
280
280
280
280
280
280
304
304
304
304
304
304
304
304
280
280
272
272
272
272
272
272
272
272
272
272
272
272
280
280
280
280
280
272
272
272
272
272
272
272
272
272
264
264
264
256
256
280
280
280
304
304
312
336
360
384
408
408
432
432
432
432
456
456
456
480
480
264
264
264
264
264
256
256
256
256
248
248
248
248
248
248
248
248
248
248
248
248
248
248
248
248
248
256
256
264
264
272
272
272
272
272
264
264
256
256
256
256
256
256
280
280
256
256
256
256
256
256
256
280
304
328
352
376
376
400
424
448
448
448
256
256
256
256
256
256
264
264
264
288
288
296
296
296
296
296
296
296
272
272
272
272
272
272
272
272
272
272
272
272
272
264
264
264
264
288
312
312
312
336
336
336
360
360
360
360
360
384
384
384
264
264
264
264
264
264
264
264
272
296
320
320
344
344
344
344
272
272
272
272
272
272
272
272
272
272
280
280
280
280
280
272
272
272
272
272
272
272
272
272
272
272
296
296
296
296
296
296
296
272
272
272
272
272
264
264
264
264
264
264
264
264
264
264
264
272
280
288
296
320
320
320
344
344
344
344
344
368
368
392
392
416
416
416
440
440
440
440
440
440
464
464
464
296
296
296
296
296
296
296
288
288
288
288
288
288
288
288
288
312
312
312
336
336
336
336
336
336
336
336
288
288
288
288
288
288
288
288
288
288
288
288
288
288
288
288
288
288
296
304
304
312
312
312
312
312
336
336
312
304
296
296
296
288
288
288
288
288
312
336
336
360
384
408
408
432
432
432
432
432
456
456
456
456
480
480
480
504
504
504
504
504
504
504
504
504
504
528
528
528
528
528
528
528
528
288
288
288
288
288
288
288
296
296
296
296
296
304
312
312
336
336
336
336
336
336
336
336
344
344
344
344
344
344
368
368
368
368
368
392
392
392
416
416
440
440
440
440
464
464
464
464
488
512
512
512
512
512
536
560
584
608
320
320
320
320
320
320
320
320
312
304
304
328
328
336
336
360
384
392
416
440
440
440
440
440
440
440
440
440
440
440
440
440
464
464
464
464
464
488
488
512
512
512
512
512
512
536
536
560
560
560
584
584
608
632
656
656
680
688
688
688
328
328
328
328
328
328
328
328
328
328
328
352
376
400
400
424
424
424
432
432
432
456
456
456
456
480
504
528
536
536
536
536
536
560
560
560
560
584
584
584
584
608
632
632
656
656
656
680
680
704
704
728
728
752
752
776
776
776
776
776
776
776
776
800
824
848
872
896
896
896
344
344
344
344
344
344
344
344
344
344
344
344
344
344
344
344
344
344
344
344
368
392
392
416
440
440
464
464
488
488
488
488
512
512
536
536
536
536
560
560
584
584
608
608
608
608
632
656
656
680
680
680
680
704
704
704
728
752
752
776
800
800
800
800
800
824
848
872
872
896
896
920
944
944
944
944
944
944
968
992
1016
344
344
344
344
344
344
344
344
344
344
344
344
344
344
344
344
344
344
344
344
344
368
368
368
368
368
368
392
392
392
392
392
392
392
392
392
392
392
392
392
416
440
440
440
464
464
488
512
512
512
512
536
560
560
584
608
608
344
344
344
344
344
344
344
344
344
344
344
344
344
368
368
368
392
416
416
416
416
440
440
440
464
464
464
488
488
488
488
512
512
536
560
560
560
584
608
632
656
680
680
680
344
344
344
344
344
344
344
344
344
344
344
344
344
344
344
368
392
392
392
416
416
440
440
464
464
488
488
488
488
512
512
536
536
560
584
608
632
632
632
656
680
344
344
344
344
344
344
344
344
344
344
344
344
344
344
344
344
344
344
344
344
344
344
344
368
368
392
416
416
416
416
416
416
416
416
440
440
464
464
464
488
512
536
536
536
560
584
584
584
584
584
344
344
344
344
344
344
344
344
344
344
344
344
344
344
344
344
344
344
344
344
344
344
344
344
344
344
344
344
344
344
344
344
344
344
368
392
392
416
416
440
440
464
464
464
488
488
488
488
488
488
488
512
512
512
512
512
512
512
512
512
512
512
536
536
536
560
560
584
608
632
632
656
680
680
680
704
728
728
752
776
776
800
800
800
824
824
824
824
344
344
344
344
344
344
344
344
344
344
344
344
344
344
344
344
344
344
344
344
344
344
344
344
344
344
344
344
344
344
344
344
344
344
368
368
392
392
392
392
392
392
392
392
392
392
392
416
416
416
440
440
440
440
440
464
488
488
512
536
560
560
560
560
560
584
584
608
344
344
344
344
344
344
344
344
344
344
344
344
344
344
344
344
344
344
344
344
344
344
368
368
368
368
368
368
368
368
392
392
416
416
416
416
440
464
464
488
488
488
488
512
512
536
560
560
584
608
608
632
656
680
680
680
344
344
344
344
344
344
344
344
344
344
344
344
344
344
344
344
344
344
344
344
344
344
344
344
344
344
344
344
344
344
344
344
344
344
344
344
344
344
344
344
344
344
344
344
344
344
344
344
344
344
344
368
368
392
392
392
392
416
416
440
440
440
440
440
440
440
440
464
464
464
464
464
464
464
464
464
488
488
512
512
536
536
560
584
608
608
632
632
632
656
680
680
680
680
680
680
704
704
728
752
776
800
800
800
800
800
800
344
344
344
344
344
344
344
344
344
344
344
344
344
344
344
344
344
344
344
344
368
368
392
392
392
392
392
392
392
392
416
416
416
416
416
440
440
440
440
440
440
440
464
488
488
488
512
512
512
536
560
584
584
584
584
608
608
608
344
344
344
344
344
336
336
336
336
336
336
336
336
336
336
336
336
336
336
360
360
360
360
360
384
384
408
408
408
432
456
456
456
480
480
480
480
504
512
512
512
512
512
512
512
536
536
536
560
560
560
584
344
344
344
344
344
344
344
344
344
344
344
344
344
344
344
344
344
344
344
344
344
344
344
344
344
344
344
344
344
344
344
344
344
344
344
368
392
392
416
440
440
440
464
488
488
488
488
488
488
488
512
512
512
512
512
512
536
536
536
560
584
584
584
584
584
584
608
608
608
632
632
632
656
656
656
656
656
680
704
704
704
704
344
344
344
344
344
344
344
344
344
344
344
344
344
344
344
344
344
344
344
344
344
344
344
344
344
344
344
344
368
392
416
416
416
440
464
464
464
488
488
512
512
512
536
536
536
560
584
584
344
344
344
344
344
344
344
344
344
344
344
344
344
344
344
344
344
344
344
344
344
344
344
344
344
344
344
344
344
344
368
368
368
368
368
368
392
392
392
416
416
416
416
416
440
440
440
440
440
440
464
464
464
464
488
488
512
536
560
560
584
344
344
344
344
344
344
344
344
344
344
344
344
344
344
344
344
344
344
344
344
344
344
344
336
336
336
336
360
384
384
384
384
384
384
384
384
384
384
408
432
456
456
456
456
480
480
480
504
504
528
528
552
552
336
336
336
336
336
336
336
336
336
336
336
336
336
336
336
336
336
336
336
336
336
336
336
336
336
336
336
360
384
384
384
384
384
384
384
384
384
384
384
384
384
408
432
432
432
432
456
480
504
528
528
528
336
336
336
336
336
336
336
336
336
336
336
336
336
336
336
336
336
336
336
336
336
336
336
336
336
336
336
336
336
336
336
336
336
336
360
360
360
360
360
360
360
360
360
360
360
360
360
360
360
360
368
368
368
392
392
392
392
392
416
416
416
416
416
440
440
440
464
464
344
344
344
344
344
344
344
344
344
344
344
344
344
344
344
344
344
344
344
344
344
344
368
368
392
392
392
392
392
392
392
392
392
392
392
392
392
416
416
416
440
464
464
464
488
512
512
512
536
536
536
536
536
536
536
344
344
344
344
344
344
344
344
344
344
344
344
344
344
344
344
344
344
344
344
344
344
344
344
344
344
368
392
392
392
392
392
392
416
416
416
416
416
416
416
416
440
440
440
440
464
488
488
488
488
488
488
512
536
536
536
560
560
584
608
608
632
656
680
680
344
344
344
344
344
344
344
344
344
344
344
344
344
344
344
344
344
344
344
344
344
344
344
344
344
344
368
368
368
392
392
392
416
440
440
464
464
464
488
488
512
512
512
536
560
560
560
584
344
344
344
344
344
344
344
344
344
344
344
344
344
344
344
344
344
344
344
344
344
344
344
344
344
368
392
392
392
392
392
416
416
416
416
416
416
416
416
416
416
416
416
416
416
440
440
464
488
488
488
488
488
512
512
512
536
536
560
584
584
584
608
632
632
656
656
344
344
344
344
344
344
344
344
344
344
344
344
344
344
344
344
344
344
344
344
344
368
392
392
392
416
416
440
440
440
464
464
464
464
488
488
488
488
488
488
488
488
488
512
536
344
344
344
344
344
344
344
344
344
344
344
344
344
344
344
344
344
344
344
344
344
344
344
344
344
344
344
344
344
344
344
344
344
344
344
344
344
344
344
344
344
344
344
344
344
344
344
344
344
344
344
344
344
344
344
344
344
344
344
344
344
344
344
344
344
344
344
344
344
344
344
344
344
344
344
344
344
344
344
344
344
344
344
344
344
344
344
344
344
344
344
344
344
344
344
344
344
344
344
344
344
344
344
344
344
344
344
344
344
344
344
344
344
344
344
344
344
344
344
344
344
344
344
344
344
368
368
368
368
368
368
368
368
344
336
336
336
336
336
336
336
336
336
328
328
328
328
328
328
328
328
328
328
328
328
328
328
328
320
320
320
320
320
312
312
312
312
312
312
312
312
312
312
312
304
304
296
296
296
296
296
296
296
296
296
296
288
288
288
288
288
288
280
280
272
272
272
272
272
272
272
272
272
272
264
264
264
256
248
248
272
272
296
296
296
296
296
296
248
248
248
248
248
248
248
248
248
248
248
248
248
248
248
248
240
232
232
224
224
224
224
224
224
224
224
224
224
224
224
224
224
224
224
224
224
224
224
224
224
224
224
224
224
224
224
224
232
240
248
248
248
248
248
248
248
248
248
248
248
248
248
248
248
248
248
248
248
248
248
248
248
248
240
240
240
240
240
240
240
240
240
240
240
248
248
248
248
248
248
248
248
248
248
248
248
248
248
248
248
248
248
248
248
248
248
248
248
248
248
248
248
248
248
248
248
248
248
248
240
248
248
256
256
256
256
256
256
256
256
256
256
256
248
240
240
240
240
232
232
232
232
232
232
232
232
224
224
224
224
224
224
224
224
224
224
224
224
216
216
216
216
216
216
216
216
216
216
216
208
208
208
208
208
208
208
208
208
208
208
208
208
208
208
208
208
208
208
208
208
208
208
232
232
240
240
240
240
240
240
240
240
240
240
240
248
248
248
248
248
248
248
248
248
248
248
248
248
248
272
272
280
280
280
280
280
288
288
288
296
296
296
296
296
296
296
296
296
296
296
248
248
248
248
248
248
248
248
248
248
248
256
256
256
256
256
256
256
256
264
272
272
272
272
280
280
280
280
280
288
288
288
288
288
288
288
296
296
296
296
304
304
304
304
304
304
304
304
304
304
304
304
304
304
312
312
312
312
312
312
312
312
312
312
312
312
336
336
336
336
336
336
336
336
336
336
336
360
384
384
384
392
392
392
392
392
392
392
392
400
424
424
424
448
328
328
328
328
328
328
328
328
328
328
328
328
328
328
328
328
328
328
352
352
376
400
424
424
424
424
424
424
424
424
448
472
496
496
496
520
528
528
528
528
552
552
552
552
552
552
576
600
624
624
648
648
648
648
648
648
648
672
696
336
336
336
336
336
336
336
336
336
336
336
336
360
360
360
384
384
384
408
432
432
456
456
456
456
456
480
480
504
504
504
512
512
512
512
512
536
536
536
560
560
584
584
608
608
608
608
632
656
680
704
704
344
344
344
344
344
344
344
344
344
344
344
344
344
344
368
392
392
392
392
392
392
392
416
416
440
464
488
512
512
536
560
584
608
632
656
656
656
656
656
656
680
680
704
728
752
752
752
752
752
752
776
776
776
344
344
344
344
344
344
344
344
344
344
344
344
344
344
344
344
344
344
344
344
368
368
368
368
368
368
368
392
392
416
416
416
440
440
464
464
488
512
536
536
536
560
584
584
608
632
632
632
632
656
656
680
704
704
728
752
776
344
344
344
344
344
344
344
344
344
344
344
344
344
344
344
344
344
344
344
344
344
344
344
344
344
344
344
344
344
344
344
344
344
344
344
344
344
344
344
344
344
344
344
344
344
344
344
344
344
344
344
368
368
392
416
416
440
464
488
488
488
488
488
512
536
560
560
560
560
584
584
584
584
344
344
344
344
344
344
344
344
344
344
344
344
344
344
344
344
344
344
344
344
344
344
344
344
344
344
368
392
392
392
416
416
440
440
440
464
464
464
488
512
512
512
512
512
512
512
512
512
512
512
536
560
560
560
584
584
608
608
632
656
656
656
680
680
344
344
344
344
344
344
344
344
344
344
344
344
344
344
344
344
344
344
344
344
344
344
344
344
344
344
344
344
344
344
344
344
344
368
368
368
368
392
392
392
416
416
440
440
440
440
440
440
440
440
440
464
464
464
464
464
464
488
512
512
512
344
344
344
344
344
344
344
344
344
344
344
344
344
344
344
344
344
344
344
344
344
344
344
344
344
344
344
344
344
344
344
344
344
344
344
344
344
344
344
344
344
344
368
392
392
392
392
392
392
416
416
416
440
464
464
464
464
464
488
488
512
536
560
584
608
632
632
656
656
656
656
344
344
344
344
344
344
344
344
344
344
344
344
344
344
344
344
344
344
344
344
344
344
344
344
344
344
344
344
344
344
344
344
344
344
344
344
344
344
344
344
344
344
344
344
344
344
344
344
344
344
344
344
344
344
368
368
368
368
392
392
392
392
392
392
392
344
344
344
344
344
344
344
344
344
344
344
344
344
344
344
344
344
344
344
344
344
344
368
392
392
416
440
440
440
440
440
440
440
440
440
440
464
464
464
464
488
488
488
488
488
488
344
336
336
336
336
336
336
336
336
336
336
336
336
336
336
336
336
336
336
336
336
336
336
336
336
336
328
328
320
320
320
320
320
320
320
344
344
368
368
368
368
368
368
368
368
392
392
392
392
400
400
400
400
400
424
424
448
448
448
472
472
472
472
472
472
472
496
496
496
520
520
520
328
328
328
328
328
328
328
328
328
328
328
328
328
328
328
328
328
328
328
328
328
328
328
328
328
328
328
328
328
328
328
328
328
328
328
328
352
352
352
352
352
352
352
376
400
424
424
424
424
424
328
328
328
328
328
328
328
328
328
328
328
328
328
328
328
328
328
328
328
328
328
336
336
336
336
336
336
360
360
384
384
384
408
408
432
432
432
456
456
456
456
456
456
480
480
480
480
480
480
480
480
488
512
536
536
536
536
536
344
344
344
344
344
344
344
344
344
344
344
344
344
344
344
344
344
344
344
344
344
344
344
344
344
344
344
344
368
368
368
368
392
392
392
392
392
392
392
416
416
416
416
440
440
464
464
464
488
488
512
344
344
344
344
344
344
344
344
344
344
344
344
344
344
344
344
344
344
344
344
344
344
344
344
368
368
368
368
368
368
368
368
392
392
392
392
392
392
392
392
392
392
392
392
392
392
392
392
392
392
416
416
440
440
464
464
488
488
512
512
536
560
560
560
560
344
344
344
344
344
344
344
344
344
344
344
344
344
344
344
344
344
344
344
344
344
344
344
344
344
344
344
344
344
344
344
368
368
368
392
392
416
416
440
440
440
440
464
488
488
488
512
512
536
536
536
560
560
560
560
560
560
560
560
584
344
344
336
336
336
336
336
336
336
336
336
336
336
336
336
336
328
328
328
328
328
328
328
328
328
328
328
352
352
352
352
352
376
376
400
400
400
424
424
424
424
424
448
448
448
448
448
448
448
472
472
472
472
472
496
520
520
520
520
520
544
328
328
328
328
328
328
328
328
328
328
328
328
328
328
328
328
328
328
328
328
328
328
328
328
328
328
328
328
328
328
328
328
328
320
320
320
320
320
320
320
320
320
320
320
344
344
344
368
392
392
392
392
392
392
416
416
416
440
440
440
440
448
448
472
472
472
472
472
472
472
472
496
520
520
520
520
520
544
544
544
328
328
328
320
320
320
320
320
320
320
320
320
320
320
320
320
320
320
320
320
320
320
320
320
320
320
320
320
320
320
320
320
320
320
320
320
320
320
344
344
344
344
344
344
368
368
368
392
392
400
408
432
432
336
336
336
336
336
336
336
336
336
336
336
336
336
336
336
336
336
336
336
336
336
336
336
336
336
336
336
336
336
360
384
384
384
384
384
384
384
408
432
432
456
480
480
480
480
480
504
504
504
504
504
504
504
504
504
504
504
504
504
528
528
528
528
336
336
336
336
336
336
336
336
336
336
336
328
328
328
328
328
328
328
328
328
328
328
328
352
376
376
376
384
384
384
384
384
384
384
384
384
408
408
432
432
432
432
432
432
432
432
432
432
432
440
440
440
464
344
344
344
344
344
344
344
344
344
344
344
344
344
344
344
344
344
344
344
344
344
344
344
368
368
368
368
392
392
392
416
416
440
440
464
488
512
512
512
512
536
536
536
536
536
560
560
560
560
584
608
608
344
344
344
344
344
344
344
344
344
344
344
344
344
344
344
344
344
344
344
344
344
344
344
344
344
344
344
344
344
344
344
344
344
344
344
344
344
344
344
344
344
344
344
368
392
392
416
416
416
416
416
440
440
440
440
440
440
440
440
440
440
440
440
440
440
440
440
440
440
440
464
464
464
464
464
464
464
464
488
488
488
488
488
344
344
344
344
344
344
344
344
344
344
344
344
344
344
344
344
344
344
344
344
344
344
344
344
344
344
344
344
344
344
344
344
344
344
344
344
344
344
344
344
368
368
392
416
416
416
440
440
440
440
440
440
440
464
464
488
488
512
512
512
536
536
536
536
560
560
584
584
608
608
608
608
608
632
656
680
680
680
704
704
704
704
704
704
728
728
728
728
728
728
728
728
728
728
728
344
344
344
344
344
344
344
344
344
344
344
344
344
344
344
344
344
344
344
344
344
344
344
344
344
368
368
368
368
392
392
392
392
392
392
392
392
416
416
416
416
416
440
440
440
440
440
440
440
464
464
464
464
464
464
464
488
512
344
344
344
344
344
344
344
344
344
344
344
344
344
344
344
344
344
344
344
344
344
344
344
344
344
344
344
344
344
344
344
344
368
368
368
368
368
368
368
368
392
416
440
440
440
440
440
464
488
488
488
488
512
512
536
560
584
584
584
584
608
632
632
656
656
656
656
656
656
656
656
656
656
656
656
344
344
344
344
344
344
344
344
344
344
344
344
344
344
344
344
344
336
336
336
336
336
336
336
336
336
336
336
360
360
360
360
360
360
360
360
360
384
408
408
408
408
408
408
432
432
432
456
456
456
456
480
480
480
480
480
480
480
328
328
328
328
328
328
328
328
328
328
328
328
328
328
328
328
328
328
328
328
328
328
328
328
328
328
328
328
328
328
328
328
328
328
328
328
328
328
328
328
352
352
352
360
360
360
360
360
384
384
384
408
432
432
432
432
432
456
456
456
456
456
456
456
336
336
336
336
336
336
336
336
336
336
336
336
336
336
336
336
336
336
336
336
336
336
336
336
336
336
344
368
368
368
392
392
392
392
392
416
416
416
416
416
416
416
416
416
416
416
440
440
440
440
464
488
488
488
512
512
512
344
344
344
344
344
344
344
344
344
344
344
344
344
344
344
344
344
344
344
344
344
344
344
344
344
336
336
336
336
336
336
336
336
336
336
336
336
336
336
336
336
360
360
360
384
384
384
384
384
384
384
384
408
432
456
456
480
480
480
480
480
480
480
480
504
504
504
504
336
336
336
336
336
336
336
336
336
336
336
336
336
336
336
336
336
336
336
336
336
336
336
336
336
336
336
336
336
336
336
336
336
336
336
336
336
336
360
360
360
360
384
384
384
384
384
384
408
408
408
408
408
408
408
416
416
416
416
416
440
440
440
440
440
440
440
440
440
344
344
344
344
344
344
336
336
336
336
336
336
336
336
336
336
336
336
336
336
336
336
336
336
336
336
336
336
336
360
360
360
360
360
360
360
360
360
360
360
360
360
384
408
408
432
432
432
432
336
336
336
336
336
336
336
336
336
336
336
336
336
336
336
336
336
336
336
336
336
336
336
336
336
336
336
336
336
336
336
336
336
360
384
384
384
384
392
392
392
392
392
392
392
392
392
392
392
392
392
416
440
440
440
440
440
440
464
464
488
488
488
344
344
344
344
344
344
344
344
344
344
344
344
344
344
344
344
344
344
344
344
344
344
344
344
344
344
344
344
368
368
368
368
368
368
368
368
368
368
368
368
392
392
392
392
392
392
392
392
392
392
392
392
392
392
344
344
344
344
344
344
344
344
344
344
344
344
344
344
344
344
344
344
344
344
344
344
344
344
344
344
344
344
344
344
344
344
344
344
344
344
344
344
368
368
368
368
368
368
368
392
392
416
416
416
416
440
440
440
440
440
440
440
440
440
464
488
488
512
344
344
344
344
344
344
344
344
344
344
344
344
344
344
344
344
344
344
344
344
344
344
344
344
344
344
344
344
344
344
344
344
368
368
368
368
368
368
368
368
392
392
392
392
392
392
392
392
392
392
392
392
392
392
416
416
416
416
440
344
344
344
344
344
336
336
336
336
336
336
336
336
336
336
336
336
328
328
328
328
328
328
328
328
328
328
328
328
328
328
352
352
352
352
352
352
352
352
352
352
376
376
400
400
424
424
424
424
448
448
448
448
448
448
448
472
472
496
520
520
520
520
520
328
328
328
328
328
328
328
328
328
328
328
328
328
328
328
328
328
328
328
328
328
328
328
328
328
352
352
352
352
352
376
400
424
448
448
448
448
448
456
456
456
456
480
504
504
504
504
504
504
528
528
552
576
576
576
576
576
576
576
600
600
600
600
336
336
336
336
336
336
336
336
336
336
336
336
336
336
336
336
336
336
336
336
336
336
336
336
336
336
336
336
336
336
344
344
344
344
344
344
344
344
368
368
392
392
392
392
416
440
440
464
464
488
488
488
488
488
488
488
512
536
536
536
536
536
536
536
536
344
344
344
344
344
344
344
344
344
344
344
344
344
344
344
344
344
344
344
344
344
344
344
344
344
344
344
344
344
344
344
344
344
344
344
368
368
368
368
368
392
392
392
392
392
392
392
392
392
392
416
416
416
416
416
416
440
440
464
488
512
512
512
536
560
560
584
608
632
632
344
344
336
336
336
336
336
336
336
336
336
336
336
336
336
336
336
336
336
336
336
336
336
336
336
336
360
360
360
360
360
360
360
360
360
360
360
360
384
408
408
408
408
432
432
432
432
456
456
456
480
480
504
504
504
504
504
504
528
528
528
528
528
336
336
336
336
336
336
336
336
336
336
336
336
336
336
336
336
336
336
336
336
336
336
336
336
336
336
336
336
328
328
328
328
328
328
328
328
352
352
352
352
352
352
352
352
352
352
352
352
352
352
376
376
400
400
400
400
400
424
424
424
424
424
424
424
424
424
424
424
328
328
328
328
328
328
328
328
328
328
328
328
328
328
328
328
328
328
328
328
328
328
328
352
352
352
352
352
360
360
384
384
408
408
432
432
432
432
432
432
432
432
432
432
432
456
456
480
504
504
504
528
528
528
552
576
600
336
336
336
336
336
336
336
336
336
336
336
336
336
336
336
336
336
336
336
336
336
336
336
336
336
336
336
336
336
336
336
336
336
360
360
360
360
360
360
360
360
360
360
360
360
360
360
360
360
360
360
368
368
368
368
368
368
392
392
392
416
416
416
440
440
440
440
440
440
440
440
440
440
440
440
440
440
440
440
464
464
344
344
344
344
344
344
344
344
344
344
344
344
344
344
344
344
344
344
344
344
344
344
344
344
344
344
344
344
344
344
344
344
344
344
368
368
368
368
368
368
368
368
392
392
416
416
416
416
416
416
440
440
464
464
464
464
464
464
464
488
512
512
512
512
536
536
560
584
608
344
344
344
344
344
344
344
344
344
344
344
344
344
344
344
344
344
344
344
344
344
344
344
344
344
344
344
344
344
344
344
344
344
344
344
344
344
344
344
344
344
344
344
344
344
368
368
368
368
368
368
368
368
368
368
368
368
368
368
368
368
368
368
368
344
344
344
344
344
344
344
344
344
344
344
344
344
344
344
344
344
344
344
344
344
344
344
344
344
344
344
344
344
344
344
344
368
368
368
368
392
392
392
416
416
416
416
416
416
416
416
416
440
464
464
488
512
536
536
536
536
536
344
344
344
344
344
344
344
344
344
344
344
344
344
344
344
344
344
344
344
344
344
344
344
344
344
344
344
344
344
344
344
368
368
392
416
416
416
440
440
440
440
440
440
440
440
440
344
344
344
344
344
344
344
344
344
344
344
344
344
344
344
344
344
344
344
344
344
344
344
344
344
344
344
344
344
344
344
344
344
344
368
368
368
368
368
368
344
344
344
344
344
344
344
344
344
344
344
344
344
344
344
344
344
344
344
344
344
344
344
344
344
336
336
328
328
328
320
320
320
320
320
320
320
320
320
320
320
320
320
320
320
320
320
320
320
320
320
320
320
320
320
320
312
312
312
312
312
312
312
312
312
312
312
312
312
312
312
304
304
304
304
296
296
296
296
296
296
296
296
288
288
288
288
288
288
288
288
288
288
288
288
288
288
288
288
288
288
288
288
280
272
272
272
272
264
264
256
256
256
256
256
256
248
248
240
240
240
240
232
232
232
232
232
224
216
208
208
200
192
192
192
192
192
184
184
184
176
168
168
168
168
168
168
168
168
168
160
160
152
