0.0345
0.0193
0.0196
0.0203
0.0206
0.0247
0.0212
0.0168
0.0214
0.0195
0.0252
0.1415
0.0221
0.02
0.0192
0.0338
0.0365
0.0201
0.0229
0.0215
0.0191
0.0191
0.0208
0.0217
0.0203
0.02
0.0505
0.0212
0.0198
0.0176
0.0188
0.0181
0.0177
0.0177
0.019
0.0253
0.0182
0.0253
0.0217
0.0213
0.0243
0.0198
0.0197
0.0194
0.0224
0.0569
0.034
0.0195
0.0225
0.0263
0.0193
0.0215
0.0199
0.0223
0.0241
0.0216
0.0223
0.023
0.0211
0.0248
0.0224
0.0217
0.021
0.0245
0.0251
0.022
0.0214
0.0223
0.0221
0.0229
0.0234
0.0219
0.0198
0.0197
0.0177
0.0185
0.0174
0.02
0.0192
0.02
0.0194
0.0201
0.02
0.0198
0.0176
0.0198
0.0198
0.0182
0.0194
0.0221
0.0191
0.0197
0.0194
0.018
0.0198
0.0195
0.0194
0.0175
0.0198
0.0206
0.0264
0.0188
0.0195
0.0201
0.0187
0.03
0.02
0.0196
0.02
0.0227
0.0219
0.0222
0.0234
0.0195
0.0187
0.0208
0.0195
0.0233
0.0198
0.0197
0.0171
0.0219
0.0198
0.021
0.0304
0.0208
0.0323
0.0586
0.0236
0.0203
0.0237
0.0238
0.02
0.0206
0.0217
0.0219
0.0182
0.023
0.0203
0.0211
0.0205
0.0247
0.0178
0.0199
0.0201
0.0199
0.0195
0.0197
0.0192
0.0219
0.0256
0.022
0.0196
0.0222
0.0189
0.0188
0.0419
0.0183
0.0217
0.026
0.0222
0.0202
0.0207
0.0247
0.0235
0.0198
0.0204
0.0381
0.0209
0.0247
0.0179
0.0191
0.0792
0.0332
0.0254
0.0313
0.035
0.036
0.0296
0.029
0.0344
0.0363
0.0336
0.0264
0.0366
0.0308
2.0472
0.0342
0.0236
0.0202
0.0222
0.0244
0.0236
0.0216
0.0204
0.0221
0.023
0.0423
0.0313
0.0242
0.0195
0.0192
0.0219
0.0276
0.021
0.0191
0.0213
0.0196
0.025
0.0198
0.0168
0.0192
0.0192
0.026
0.0165
0.0195
0.0194
0.0188
0.0293
0.0206
0.0216
0.0178
0.0237
0.0206
0.0199
0.0204
0.02
0.0194
0.0178
0.028
0.0197
0.0194
0.0237
0.0192
0.0187
0.0196
0.0203
0.0239
0.0208
0.019
0.021
0.0188
0.0198
0.0275
0.0238
0.0184
0.0179
0.0192
0.0195
0.0201
0.0198
0.0334
0.0397
0.0212
0.0199
0.017
0.0202
0.0202
0.02
0.0166
0.0191
0.0191
0.019
0.0276
0.0208
0.0232
0.0208
0.027
0.0244
0.0215
0.0186
0.0299
0.0237
0.0207
0.0191
0.0251
0.0308
0.0224
0.0179
0.019
0.0205
0.0209
0.0223
0.0207
0.023
0.0187
0.0269
0.0209
0.0239
0.0211
0.0258
0.0223
0.0216
0.0222
0.0194
0.025
0.0297
0.0238
0.0221
0.0192
0.022
0.0215
0.0228
0.0212
0.0199
0.0252
0.0188
0.0212
0.0183
0.0214
0.0211
0.0196
0.0211
0.0169
0.0204
0.0305
0.0218
0.0242
0.0284
0.0212
0.0254
0.0226
0.0195
0.0213
0.0201
0.0219
0.0446
0.02
0.0258
0.0198
0.0194
0.0202
0.0205
0.0244
0.0192
0.0223
0.0289
0.0239
0.0209
0.0183
0.0208
0.023
0.0268
0.0232
0.0279
0.0193
0.0211
0.0237
0.0222
0.0214
0.0212
0.0217
0.0219
0.0199
0.0193
0.0218
0.0199
0.0229
0.0201
0.0166
0.0185
0.0194
0.0218
0.0169
0.0189
0.0195
0.0187
0.0277
0.0195
0.021
0.0268
0.0214
0.0254
0.0214
0.0209
0.0215
0.0233
0.0218
0.0265
0.022
0.0217
0.0251
0.0202
0.0233
0.0292
0.018
0.0232
0.0206
0.0192
0.0208
0.0197
0.0397
0.0198
0.0198
0.0259
0.0191
0.0297
0.0206
0.0198
0.0186
0.0507
0.0205
0.0194
0.023
0.0248
0.0221
0.0218
0.0212
0.0194
0.0233
0.0192
0.0208
0.026
0.0188
0.024
0.0266
0.0219
0.0354
0.0574
0.0526
0.0347
0.0509
0.056
0.038
0.0489
0.0207
0.0293
0.026
0.0227
0.0213
0.0214
0.028
0.0342
0.0244
0.0233
0.0219
0.0101
0.0089
0.0251
0.017
0.0294
0.0218
0.0227
0.0317
0.029
0.0167
0.0278
0.0275
0.028
0.0291
0.0216
0.0234
0.0204
0.0231
0.0267
0.0262
0.0242
0.0219
0.0205
0.0218
0.0192
0.0316
0.0192
0.024
0.0213
0.0254
0.0229
0.026
0.024
0.0215
0.0221
0.0222
0.0218
0.0179
0.022
0.0312
0.0232
0.0218
0.0192
0.0207
0.0207
0.0204
0.0206
0.0301
0.0263
0.0226
0.0208
0.0244
0.0216
0.0283
0.0241
0.0214
0.0221
0.0317
0.0206
0.0211
0.009
0.0087
0.0238
0.0199
0.0202
0.0192
0.0189
0.0195
0.0203
0.0198
0.0182
0.0213
0.0204
0.0191
0.0161
0.0192
0.0192
0.0202
0.0294
0.0197
0.0184
0.0179
0.0189
0.0197
0.0197
0.0187
0.0184
0.0207
0.0208
0.0191
0.0193
0.0178
0.02
0.0267
0.0217
0.0185
0.0177
0.0201
0.0192
0.0193
0.0198
0.0196
0.0184
0.0193
0.0198
0.0187
0.0194
0.0259
0.0209
0.0216
0.021
0.0209
0.0192
0.0228
0.0198
0.0105
0.019
0.0082
0.021
0.0206
0.0196
0.0081
0.0213
0.0077
0.0243
0.0086
0.0192
0.008
0.0188
0.0061
0.0232
0.0059
0.0222
0.5159
0.0629
0.0524
0.08
0.0494
0.06
0.0784
0.0707
0.0873
0.2021
0.4089
0.0269
0.0251
0.0231
0.0234
0.034
0.0332
0.0404
0.0455
0.0344
0.0384
0.0494
0.0397
0.025
0.0278
0.0309
0.0216
0.0197
0.0212
0.0256
0.0219
0.0219
0.033
0.0216
0.031
0.0261
0.0231
0.0221
0.0316
0.0267
0.0259
0.0212
0.0193
0.0198
0.0192
0.0222
0.0252
0.0207
0.0199
0.034
0.0219
0.0199
0.0204
0.0227
0.0234
0.0194
0.0213
0.0197
0.0257
0.0225
0.0237
0.0192
0.0537
0.0302
0.0193
0.0266
0.0258
0.0765
0.0247
0.023
0.0255
0.0221
0.0226
0.0092
0.0255
0.0319
0.0238
0.0211
0.0335
0.0236
0.0281
0.0233
0.0267
0.0216
0.0223
0.0194
0.0256
0.021
0.0308
0.0263
0.0206
0.0225
0.0214
0.0219
0.0224
0.0229
0.0238
0.0218
0.0186
0.0214
0.0233
0.0322
0.0535
0.0277
0.0215
0.0303
0.0231
0.0215
0.027
0.0241
0.0259
0.0253
0.0211
0.0205
0.0208
0.0239
0.0234
0.0107
0.0233
0.0224
0.0229
0.0213
0.0206
0.0236
0.0211
0.0205
0.0198
0.0202
0.0199
0.0203
0.0199
0.0206
0.0227
0.0209
0.0472
0.0653
0.0659
0.0292
0.0254
0.0186
0.021
0.0191
0.0222
0.0205
0.0253
0.023
0.0212
0.0243
0.022
0.0216
0.0215
0.0244
0.0224
0.0244
0.0245
0.0299
0.0228
0.0232
0.0229
0.0281
0.0215
0.0102
0.0196
0.0475
0.0217
0.0088
0.0204
0.0208
0.0243
0.0115
0.0194
0.0196
0.0245
0.02
0.0204
0.0209
0.0192
0.0231
0.021
0.0305
0.0241
0.023
0.0272
0.022
0.0223
0.0221
0.0225
0.0078
0.0095
0.0132
0.0217
0.009
0.0076
0.0219
0.006
0.0084
0.009
0.0074
0.0191
0.0284
0.0192
0.0218
0.0198
0.0192
0.0241
0.0197
0.0264
0.0348
0.0255
0.0269
0.0221
0.0199
0.0198
0.0275
0.0261
0.0239
0.0274
0.0245
0.0212
0.0252
0.0233
0.021
0.0194
0.0211
0.0194
0.0266
0.0275
0.0084
0.0209
0.0076
0.0117
0.0251
0.0277
0.0113
0.01
0.0091
0.0209
0.0108
0.0173
0.0099
0.027
0.0221
0.0189
0.0132
0.0261
0.0089
0.0302
0.0119
0.0213
0.0195
0.0345
0.0229
0.0271
0.0064
0.0246
0.0208
0.0204
0.0101
0.022
0.0067
0.0433
0.009
0.0274
0.0061
0.025
0.0073
0.0316
0.0273
0.0353
0.0334
0.0357
0.0246
0.0233
0.0292
0.0218
0.0098
0.0272
0.0274
0.0315
0.0272
0.0188
0.0092
0.0195
0.0247
0.0192
0.0085
0.0189
0.0086
0.0212
0.0102
0.0211
0.0209
0.0229
0.0217
0.0247
0.0249
0.024
0.0273
0.0247
0.0282
0.0249
0.0276
0.0272
0.0238
0.0277
0.0203
0.0184
0.0205
0.0184
0.0202
0.0192
0.0181
0.0206
0.0201
0.0202
0.0133
0.0084
0.008
0.0188
0.0078
0.0073
0.0056
0.0073
0.0125
0.0057
0.0212
0.0061
0.0065
0.0107
0.0112
0.0064
0.0231
0.0336
0.0241
0.0214
0.0261
0.021
0.025
0.0273
0.0249
0.0258
0.0255
0.0197
0.0239
0.0205
0.0346
0.026
0.0234
0.0244
0.0246
0.0217
0.0244
0.0226
0.0214
0.023
0.0183
0.0207
0.024
0.0361
0.0212
0.0192
0.0301
0.0242
0.0308
0.0266
0.0276
0.0239
0.0261
0.0261
0.0277
0.0243
0.0233
0.0217
0.0251
0.0265
0.0305
0.0237
0.0349
0.0272
0.0275
0.0199
0.0327
0.0236
0.0318
0.0237
0.0315
0.0249
0.0299
0.0189
0.0322
0.0321
0.0299
0.0268
0.0318
0.0247
0.0362
0.0341
0.1575
4.6209
0.0519
0.0396
0.0388
0.0567
0.0448
0.0363
0.0348
0.0392
0.0307
0.036
0.0365
0.0361
0.024
0.0203
0.0298
0.0243
0.0213
0.0428
0.0235
0.0463
0.027
0.0368
0.0393
0.0248
0.0237
0.0428
0.0225
0.0513
0.0357
0.0429
0.033
0.0394
0.0323
0.0351
0.0295
0.0353
0.0342
0.0353
0.0308
0.0404
0.0364
0.0423
0.0392
0.0419
0.0294
0.0291
0.0242
0.0245
0.0266
0.0474
0.0252
0.0225
0.0246
0.0231
0.0222
0.0217
0.0211
0.0234
0.0222
0.0328
0.0199
0.0198
0.0219
0.0205
0.0203
0.0196
0.0178
0.02
0.0211
0.0191
0.0273
0.0199
0.0237
0.0187
0.0481
0.0232
0.0206
0.0247
0.0237
0.0207
0.0254
0.0209
0.0215
0.0235
0.0234
0.0259
0.0187
0.0225
0.0223
0.0204
0.0271
0.0207
0.0237
0.0221
0.0227
0.0236
0.0195
0.0218
0.0104
0.0229
0.0243
0.0181
0.0277
0.0232
0.05
0.0271
0.0261
0.0256
0.0264
0.0255
0.0413
0.0288
0.0235
0.0282
0.0206
0.0233
0.0241
0.0216
0.0205
0.02
0.0187
0.0204
0.0203
0.0198
0.0187
0.0273
0.0204
0.0212
0.0276
0.03
0.0286
0.0318
0.0257
0.0276
0.0258
0.0274
0.0283
0.0225
0.0252
0.0284
0.0287
0.0243
0.0226
0.022
0.0279
0.0249
0.0257
0.023
0.0225
0.0246
0.0229
0.0257
0.0487
0.0229
0.0215
0.023
0.0232
0.0211
0.0233
0.0235
0.0207
0.025
0.0199
0.0315
0.0252
0.0201
0.0235
0.0231
0.0244
0.0279
0.0292
0.0251
0.0224
0.0276
0.0227
0.0307
0.0253
0.0302
0.0307
0.0261
0.029
0.0325
0.0317
0.024
0.1065
0.0335
0.0259
0.0284
0.0306
0.0235
0.0228
0.0234
0.0205
0.0277
0.0433
0.0592
0.0234
0.0538
0.0494
0.0479
0.0523
0.0557
0.0223
0.0281
0.0221
0.024
0.0346
0.0244
0.054
0.0557
0.0323
0.0411
0.0315
0.0345
0.0365
0.041
0.0364
0.0381
0.0376
0.0427
0.0344
0.0352
0.0478
0.0427
0.0316
0.0208
0.0208
0.0208
0.1371
0.0235
0.0202
0.0308
0.0328
0.0315
0.0228
0.0279
0.0229
0.0212
0.0294
0.0218
0.0115
0.0228
0.022
0.0318
0.0216
0.022
0.0241
0.0237
0.0287
0.0304
0.02
0.0211
0.0222
0.0295
0.0222
0.0098
0.0088
0.0212
0.0286
0.0321
0.02
0.0363
0.0246
0.026
0.0257
0.0257
0.027
0.0256
0.023
0.0255
0.0257
0.0199
0.02
0.0337
0.0251
0.0255
0.0071
0.0094
0.009
0.0209
0.0264
0.0258
0.0223
0.0059
0.0091
0.0183
0.0066
0.0072
0.0066
0.0054
0.0232
0.006
0.0095
0.0058
0.0215
0.0218
0.0063
0.0208
0.0178
0.0194
0.0191
0.0204
0.0242
0.0209
0.0204
0.0202
0.0213
0.0219
0.0199
0.0203
0.0201
0.0191
0.0199
0.0268
0.0197
0.024
0.0231
0.0221
0.0193
0.0312
0.0338
0.0245
0.0521
0.0263
0.0198
0.0312
0.0258
0.0277
0.0262
0.03
0.0275
0.0203
0.0279
0.0194
0.0256
0.0273
0.0272
0.0243
0.0245
0.0209
0.0219
0.0227
0.0304
0.0208
0.0233
0.0255
0.0252
0.021
0.0213
0.0259
0.0221
0.021
0.0209
0.0245
0.0195
0.0199
0.0094
0.0198
0.0257
0.0086
0.0319
0.0251
0.0284
0.0276
0.0313
0.0247
0.038
0.027
0.0298
0.0258
0.0281
0.0258
0.0256
0.0241
0.0287
0.0258
0.0283
0.0259
0.0252
0.0227
0.0265
0.024
0.0278
0.5079
0.0575
0.0578
0.0538
0.0331
0.0387
0.927
2.1312
0.0554
0.0599
0.045
0.0455
0.0351
0.0358
0.044
0.0392
0.0375
0.0371
0.0414
0.0385
0.0451
0.0447
0.0426
0.04
0.0399
0.0429
0.0395
0.0353
0.0402
0.0399
0.0426
0.0463
0.0507
0.0498
0.0477
0.0457
0.0474
0.0325
0.0459
0.0465
0.0784
0.0377
0.0376
0.0514
0.0459
0.0396
0.0384
0.0386
0.0482
0.0396
0.0413
0.0389
0.0427
0.043
0.0375
0.0351
0.0394
0.0451
0.0398
0.0327
0.0307
0.0855
0.0414
0.0356
0.0347
0.0364
0.0328
0.0337
0.037
0.0358
0.0366
0.0388
0.032
0.046
0.0629
0.0349
0.0455
0.0516
0.0488
0.0417
0.0422
0.0502
0.0459
0.0412
0.04
0.0354
0.0475
0.0371
0.0513
0.0332
0.0478
0.0439
0.0349
0.0377
0.0385
0.032
0.0281
0.0274
0.0618
0.0259
0.0254
0.0293
0.0298
0.0238
0.0259
0.0219
0.0241
0.0258
0.0269
0.0216
0.0255
0.0105
0.0075
0.0231
0.0218
0.0058
0.0078
0.0056
0.0073
0.0086
0.0118
0.0074
0.0071
0.0094
0.0185
0.0578
0.0283
0.0234
0.0303
0.0249
0.0241
0.0263
0.0525
0.047
0.0393
0.0316
0.0268
0.0218
0.0198
0.0088
0.0236
0.0247
0.0218
0.0243
0.0222
0.024
0.0263
0.0222
0.0214
0.0078
0.0218
0.0191
0.0213
0.0079
0.029
0.0303
0.0238
0.0325
0.0297
0.0276
0.0226
0.0277
0.0268
0.0232
0.0252
0.0223
0.0202
0.0265
0.0253
0.0313
0.0238
0.0196
0.0234
0.0249
0.0263
0.022
0.0224
0.0213
0.0227
0.0271
0.024
0.0248
0.0283
0.0269
0.0485
0.0269
0.0245
0.0244
0.0264
0.024
0.023
0.0227
0.0216
0.0259
0.0281
0.0253
0.0272
0.025
0.0283
0.0233
0.0282
0.0271
0.02
0.0226
0.0248
0.0259
0.0235
0.0297
0.0263
0.0262
0.0251
0.0245
0.0234
0.023
0.0274
0.023
0.024
0.021
0.0208
0.0228
0.021
0.0078
0.0065
0.0112
0.0134
0.0072
0.0061
0.0213
0.0055
0.0055
0.0072
0.0055
0.0225
0.024
0.0201
0.0309
0.0234
0.024
0.0269
0.0246
0.0237
0.0224
0.0205
0.0228
0.0223
0.0225
0.0205
0.0215
0.0232
0.0225
0.0212
0.0179
0.02
0.0208
0.0194
0.0204
0.0194
0.0198
0.0185
0.0435
0.0187
0.0321
0.0577
0.0283
0.0239
0.0267
0.0273
0.0234
0.0229
0.0352
0.0257
0.025
0.0209
0.0226
0.0234
0.0301
0.0245
0.0323
0.0244
0.0219
0.0201
0.0188
0.0217
0.0206
0.0244
0.0195
0.0245
0.0211
0.0103
0.0201
0.0228
0.0251
0.0242
0.0231
0.022
0.0221
0.0222
0.0229
0.021
0.0246
0.0214
0.0224
0.0215
0.0552
0.0267
0.0233
0.0229
0.0271
0.0255
0.0274
0.0516
0.0427
0.0515
0.0204
0.0257
0.0272
0.0308
0.0242
0.023
0.0201
0.022
0.0265
0.0244
0.0258
0.0247
0.0263
0.026
0.0216
0.0235
0.023
0.0249
0.0299
0.0249
0.0237
0.0229
0.0236
0.0246
0.0233
0.0213
0.0282
0.03
0.0208
0.0338
0.0186
0.0187
0.0235
0.0088
0.022
0.0244
0.0233
0.0248
0.0172
0.0345
0.3308
0.0678
0.0663
0.0306
0.0523
0.0241
0.0551
0.021
0.0752
0.0608
0.0221
0.0335
0.0715
0.0569
0.0645
0.0801
0.0868
0.7413
0.0307
0.0243
0.0096
0.0202
0.0231
0.0225
0.0218
0.0199
0.0207
0.0217
0.0093
0.0258
0.0297
0.019
0.0229
0.0191
0.0197
0.0194
0.0198
0.0169
0.0197
0.019
0.0198
0.0187
0.0183
0.021
0.019
0.02
0.0189
0.0268
0.0218
0.0248
0.0204
0.0197
0.0224
0.0257
0.0303
0.0243
0.0227
0.0248
0.0251
0.0282
0.0229
0.0233
0.0256
0.0199
0.0242
0.0201
0.0268
0.0219
0.0191
0.0181
0.0188
0.0181
0.0202
0.0185
0.0226
0.0192
0.0196
0.018
0.0195
0.0183
0.0262
0.0216
0.0208
0.0238
0.0197
0.0208
0.0196
0.0236
0.0203
0.01
0.0197
0.0234
0.0225
0.0204
0.0289
0.0109
0.0278
0.0184
0.0211
0.0219
0.0179
0.0059
0.0242
0.021
0.0059
0.021
0.0213
0.0181
0.0242
0.0107
0.0224
0.0075
0.0206
0.0075
0.0135
0.0097
0.0294
0.0208
0.0215
0.0287
0.0231
0.0235
0.0243
0.0276
0.0197
0.0228
0.0209
0.0257
0.0229
0.0345
0.0223
0.034
0.0343
0.023
0.0169
0.0271
0.019
0.024
0.0287
0.0201
0.0256
0.0164
0.0199
0.0198
0.0195
0.0226
0.0341
0.0219
0.02
0.0311
0.0262
0.0222
0.0257
0.0247
0.0246
0.0238
0.023
0.0208
0.0221
0.0278
0.0523
0.0197
0.0283
0.0203
0.0189
0.0207
0.0323
0.0214
0.0248
0.0183
0.0241
0.0199
0.0261
0.0191
0.0253
0.0187
0.0201
0.0277
0.0205
0.0196
0.0103
0.0223
0.0305
0.0217
0.0247
0.0232
0.0299
0.0222
0.0223
0.0226
0.021
0.0194
0.0217
0.0228
0.0215
0.0196
0.0267
0.0265
0.0207
0.0105
0.0107
0.0091
0.023
0.022
0.0212
0.0229
0.0077
0.0088
0.0079
0.0206
0.0075
0.0186
0.0193
0.0185
0.0187
0.0204
0.02
0.0205
0.02
0.019
0.0203
0.0192
0.0183
0.0257
0.023
0.0226
0.0236
0.0181
0.0235
0.0207
0.0266
0.0291
0.0214
0.0202
0.0272
0.0273
0.0254
0.0432
0.0212
0.0292
0.0219
0.0203
0.0202
0.0228
0.0282
0.0274
0.033
0.0295
0.0292
0.0379
0.0432
0.03
0.0279
0.0403
0.0233
0.0264
0.0305
0.027
0.0306
0.0294
0.0273
0.0247
0.0279
0.0254
0.0249
0.0238
0.0268
0.0253
0.0219
0.0238
0.0199
0.0296
0.0228
0.0198
0.0216
0.0237
0.021
0.0242
0.0205
0.0233
0.0226
0.0221
0.0211
0.021
0.0229
0.0207
0.0234
0.0205
0.0209
0.0233
0.0084
0.008
0.013
0.0211
0.0212
0.0221
0.0193
0.0183
0.0079
0.0211
0.0098
0.007
0.0224
0.0182
0.0188
0.0188
0.0184
0.0223
0.0177
0.0185
0.018
0.0198
0.0203
0.0277
0.0246
0.0309
0.0249
0.0262
0.026
0.0247
0.0241
0.0251
0.0283
0.0282
0.0289
0.0248
0.0183
0.0193
0.0185
0.0318
0.0265
0.0367
0.0326
0.0354
0.0329
0.0334
0.0209
0.0207
0.035
0.0212
0.0292
0.0412
0.0243
0.0244
0.0175
0.0296
0.028
0.0221
0.0231
0.0228
0.0209
0.0219
0.0213
0.0296
0.0241
0.0222
0.021
0.0324
0.0193
0.0217
0.0205
0.0223
0.0176
0.0243
0.0201
0.0231
0.021
0.0278
0.019
0.0211
0.0281
0.0145
0.0249
0.0208
0.0336
0.0287
0.0213
0.0228
0.023
0.0221
0.0204
0.0266
0.0228
0.0235
0.0217
0.0233
0.0272
0.0209
0.0253
0.0254
0.0234
0.0201
0.0235
0.0222
0.0201
0.0206
0.0224
0.0245
0.0237
0.0105
0.0232
0.0339
0.0225
0.0264
0.0297
0.0294
0.0279
0.0212
0.0207
0.0281
0.0259
0.025
0.0217
0.0213
0.0206
0.0198
0.0226
0.0205
0.032
0.0482
0.0244
0.0271
0.0357
0.0253
0.0291
0.0209
0.0291
0.0325
0.0383
0.0248
0.0288
0.0316
0.0317
0.0238
0.0214
0.024
0.0207
0.0207
0.0192
0.0272
0.0197
0.0306
0.0099
0.0092
0.0211
0.0205
0.0259
0.02
0.0079
0.0075
0.026
0.0196
0.0238
0.0114
0.0233
0.022
0.0209
0.0273
0.0252
0.0083
0.0209
0.0202
0.0135
0.0078
0.0505
0.062
0.0275
0.0185
0.0175
0.0202
0.0197
0.0189
0.0188
0.0078
0.0185
0.0198
0.0169
0.0068
0.0173
0.0058
0.0186
0.0292
0.0259
0.0149
0.0207
0.0073
0.0066
0.0106
0.0156
0.0056
0.0053
0.0068
0.0194
0.0199
0.0247
0.022
0.0269
0.0272
0.0333
0.0303
0.0194
0.0251
0.0226
0.0232
0.0186
0.0179
0.0205
0.0311
0.0186
0.0225
0.0204
0.019
0.0231
0.0202
0.0202
0.0117
0.0182
0.0236
0.0173
0.0242
0.0203
0.0185
0.0294
0.0116
0.0227
0.0084
0.0172
0.1421
0.0414
0.048
0.0462
0.0528
0.0327
0.0452
0.0187
0.0355
0.0207
0.0274
0.0219
0.0092
0.0343
0.0252
0.0214
0.0241
0.0199
0.0292
0.0225
0.0289
0.0209
0.0252
0.0193
0.0235
0.0305
0.0238
0.0239
0.0247
0.0194
0.0259
0.0246
0.0206
0.0281
0.0224
0.0237
0.0234
0.0111
0.0106
0.0223
0.024
0.026
0.0239
0.0219
0.0333
0.0279
0.0289
0.025
0.0289
0.0288
0.0277
0.0224
0.0259
0.0317
0.0259
0.0235
0.0265
0.0221
0.0269
0.02
0.0275
0.0173
0.0238
0.0196
0.0297
0.0188
0.0267
0.0276
0.024
0.0216
0.0275
0.0206
0.0254
0.0196
0.0255
0.0696
0.0337
0.0304
0.0247
0.0187
0.021
0.0289
0.0289
0.0192
0.0451
0.0337
0.0292
0.0254
0.0337
0.0293
0.0271
0.0336
0.0272
0.0247
0.0267
0.0262
0.0385
0.0245
0.0255
0.0283
0.0304
0.0213
0.0281
0.0247
0.0243
0.0253
0.022
0.0221
0.0242
0.0283
0.0223
0.0245
0.023
0.0182
0.0308
0.0238
0.0246
0.022
0.0105
0.0217
0.0091
0.0218
0.01
0.0205
0.0565
0.0216
0.0194
0.0186
0.0197
0.029
0.02
0.0195
0.0176
0.0253
0.0269
0.0191
0.0215
0.0212
0.0194
0.0312
0.0279
0.0334
0.0294
0.0275
0.0265
0.024
0.0228
0.0213
0.0227
0.0209
0.0286
0.0228
0.0301
0.0233
0.0199
0.0226
0.0239
0.0218
0.0204
0.0211
0.0214
0.0208
0.0187
0.0184
0.0272
0.024
0.0249
0.0231
0.0232
0.0221
0.0211
0.022
0.0221
0.0214
0.0221
0.0239
0.0264
0.0215
0.0242
0.0215
0.0224
0.0315
0.0193
0.0302
0.0253
0.0253
0.0621
0.0463
0.0388
0.023
0.0387
0.0239
0.0462
0.0213
0.022
0.0163
0.0207
0.0237
0.0301
0.009
0.0303
0.0214
0.0124
0.0267
0.0198
0.0288
0.0236
0.0204
0.0258
0.0197
0.0263
0.0109
0.0252
0.006
0.0246
0.0196
0.0187
0.0203
0.0185
0.1371
0.0231
0.0209
0.0233
0.0213
0.0247
0.0218
0.0239
0.0209
0.022
0.045
0.0239
0.027
0.03
0.0097
0.0077
0.0211
0.0075
0.0214
0.0193
0.0108
0.022
0.0191
0.0281
0.0252
0.0102
0.0076
0.0193
0.0184
0.019
0.0195
0.0219
0.021
0.0172
0.0185
0.0187
0.0195
0.0248
0.0231
0.0248
0.0217
0.0194
0.0255
0.0209
0.0213
0.021
0.022
0.0244
0.0201
0.02
0.0204
0.0307
0.0291
0.0329
0.0286
0.0297
0.0279
0.0267
0.0257
0.0284
0.0248
0.0273
0.0257
0.0253
0.0231
0.0249
0.0235
0.027
0.0233
0.0224
0.0244
0.0247
0.0281
0.0249
0.0231
0.0274
0.0261
0.0209
0.0292
0.023
0.025
0.021
0.0254
0.0247
0.0208
0.0248
0.0197
0.026
0.0249
0.0271
0.031
0.0259
0.0242
0.0247
0.0276
0.026
0.0268
0.0209
0.0225
0.0225
0.0225
0.0246
0.0248
0.0243
0.0213
0.0087
0.0234
0.0208
0.0232
0.0097
0.0232
0.0126
0.0228
0.0255
0.0253
0.0084
0.0238
0.0214
0.0222
0.0106
0.023
0.0089
0.0224
0.02
0.0082
0.0251
0.0231
0.0077
0.0204
0.0058
0.0092
0.0055
0.022
0.0192
0.0117
0.0205
0.0061
0.0083
0.0074
0.0054
0.0053
0.0068
0.0217
0.0066
0.0078
0.0264
0.0256
0.0244
0.0248
0.0209
0.0198
0.0235
0.0217
0.0202
0.0211
0.0227
0.0263
0.0197
0.021
0.021
0.026
0.0227
0.0198
0.02
0.0505
0.0295
0.0234
0.0301
0.0367
0.1668
0.0327
1.4918
0.0283
2.2282
0.0551
0.0458
0.306
0.0377
0.0378
0.0347
0.0346
0.0208
0.0113
0.0387
0.023
0.0228
0.0143
0.0374
0.049
0.054
0.0394
0.0499
0.0469
0.0393
0.0389
0.0348
0.036
0.0162
0.0351
0.0373
0.0156
0.0305
0.0213
0.0139
0.0178
0.0166
0.0367
0.0399
0.0364
0.0138
0.0119
0.0417
0.0425
0.0479
0.035
0.0328
0.0152
0.0399
0.0159
0.0113
0.0349
0.0462
0.05
0.0383
0.0439
0.0467
0.0409
0.0502
0.0451
0.046
0.0449
0.05
0.0388
0.0415
0.0442
0.0465
0.0383
0.0469
0.0306
0.0341
0.0421
0.0329
0.035
0.0363
0.0337
0.0389
0.0374
0.0469
0.0407
0.0722
0.1004
0.0508
0.0301
0.0314
0.0486
0.0374
0.0343
0.034
0.0356
0.0371
0.0333
0.0309
0.0461
0.0369
0.0353
0.0352
0.0338
0.034
0.0461
0.0442
0.0377
0.0409
0.0329
0.0718
0.031
0.0436
0.0306
0.0341
0.0341
0.0416
0.034
0.0353
0.033
0.0332
0.0368
0.0341
0.0311
0.0381
0.0329
0.0426
0.0343
0.0359
0.0348
0.0367
0.0333
0.0368
0.0302
0.0338
0.0307
0.0451
0.042
0.0396
0.0361
0.0474
0.0338
0.0462
0.0346
0.0369
0.0444
0.0363
0.0412
0.0301
0.0329
0.0294
0.0126
0.0481
0.0141
0.0348
0.0149
0.0123
0.0117
0.0351
0.0379
0.0616
0.0331
0.0157
0.0457
0.0346
0.0386
0.0333
0.0325
0.0352
0.0378
0.0339
0.0358
0.0857
0.0313
0.0412
0.035
0.049
0.0363
0.0539
0.0588
0.0552
0.0522
0.0498
0.0584
0.0512
0.0535
0.0456
0.0466
0.0547
0.044
0.0507
0.0419
0.0464
0.0467
0.0405
0.0367
0.0364
0.0124
0.0135
0.0122
0.0122
0.0129
0.0129
0.009
0.0101
0.0106
0.0129
0.009
0.0368
0.0519
0.0436
0.0434
0.0472
0.0371
0.0429
0.0406
0.0375
0.0442
0.0384
0.0369
0.0389
0.0378
0.0452
0.038
0.0979
0.0387
0.0382
0.035
0.0335
0.0377
0.0339
0.0348
0.0148
0.033
0.0319
0.0232
0.037
0.0331
0.0398
0.0139
0.0311
0.0171
0.0381
0.0498
0.0601
0.0403
0.0427
0.0355
0.0319
0.0305
0.0449
0.0373
0.0487
0.0419
0.059
0.0536
0.0496
0.0425
0.0515
0.0384
0.0402
0.0487
0.0493
0.0364
0.0358
0.033
0.0438
0.0361
0.0639
0.029
0.0383
0.0311
0.0333
0.0327
0.0398
0.0378
0.0472
0.0332
0.0361
0.0726
0.0568
0.0462
0.0494
0.0378
0.0365
0.0506
0.0421
0.0339
0.0403
0.016
0.0379
0.0181
0.014
0.0406
0.0348
0.0167
0.0307
0.0136
0.0174
0.012
0.0301
0.0141
0.0128
0.0348
0.0394
0.0358
0.0367
0.0325
0.0331
0.0301
0.0313
0.0499
0.0358
0.0343
0.0393
0.0505
0.0397
0.0354
0.034
0.0356
0.0356
0.0467
0.0499
0.0331
0.0364
0.0352
0.0318
0.0381
0.0333
0.0365
0.0425
0.0345
0.033
0.032
0.0338
0.0347
0.031
0.0315
0.049
0.0353
0.033
0.0108
0.0134
0.0113
0.0177
0.0118
0.0146
0.0093
0.0276
0.0103
0.0108
0.053
0.0348
0.0137
0.014
0.0115
0.0341
0.0392
0.0094
0.0387
0.0203
0.0342
0.0143
0.0149
0.0145
0.0361
0.0386
0.0338
0.0333
0.0358
0.0143
0.0329
0.037
0.013
0.0309
0.0333
0.0357
0.0327
0.0307
0.0361
0.0322
0.0316
0.0349
0.0286
0.0373
0.0357
0.048
0.0327
0.0115
0.0455
0.0119
0.0156
0.0111
0.0108
0.0091
0.031
0.0382
0.0505
0.0178
0.0139
0.047
0.0369
0.0532
0.0792
0.0398
0.0116
0.0547
0.0327
0.0508
0.0369
0.0361
0.0099
0.0394
0.0532
0.0097
0.0501
0.0429
0.0486
0.0192
0.0342
0.0096
0.0415
0.0448
0.0154
0.0331
0.0452
0.0093
0.018
0.0536
0.0348
0.0096
0.0094
0.045
0.0095
0.0095
0.0162
0.0432
0.0161
0.0093
0.0412
0.0153
0.0119
0.0411
0.0153
0.0152
0.0119
0.0097
0.0191
0.0167
0.0119
0.0236
0.0351
0.0143
0.0092
0.0316
0.0175
0.0113
0.0088
0.0405
0.0339
0.0349
0.0374
0.0325
0.0374
0.0374
0.0312
0.0318
0.0358
0.0323
0.0328
0.0529
0.0389
0.0349
0.0366
0.0377
0.0357
0.0399
0.0345
0.035
0.0364
0.0336
0.0456
0.0398
0.03
0.033
0.0483
0.0415
0.0458
0.04
0.0401
0.2159
0.1111
0.0902
2.4396
0.2595
0.083
0.0366
0.0343
0.0327
0.0614
0.0386
0.0365
0.0377
0.0354
0.0335
0.0344
0.0461
0.0344
0.0327
0.0333
0.0344
0.0349
0.0408
0.0333
0.0374
0.0364
0.07
0.0344
0.0322
0.0386
0.0457
0.0499
0.0427
0.0357
0.0516
0.0387
0.0413
0.0525
0.0404
0.0467
0.0431
0.0383
0.0394
0.0379
0.0472
0.0385
0.0281
0.0195
0.0248
0.0238
0.0326
0.0227
0.0111
0.0226
0.02
0.0198
0.0083
0.0082
0.0081
0.0228
0.0187
0.0091
0.0282
0.0079
0.0306
0.0311
0.0559
0.0218
0.0742
0.0528
0.2146
0.0258
0.0224
0.0263
0.0297
0.0299
0.023
0.0212
0.034
0.0231
0.0231
0.0226
0.0219
0.0207
0.0213
0.0259
0.0246
0.0218
0.0212
0.0106
0.0103
0.0203
0.0201
0.008
0.0213
0.0227
0.0209
0.0065
0.0056
0.0057
0.0203
0.0208
0.0128
0.0112
0.0079
0.0055
0.0121
0.0382
0.0117
0.0116
0.0272
0.0234
0.0219
0.0211
0.0215
0.0213
0.0101
0.03
0.0188
0.0089
0.0235
0.0269
0.0211
0.0186
0.0081
0.0234
0.0067
0.0184
0.0073
0.0213
0.0192
0.0208
0.0298
0.0271
0.0283
0.0236
0.0311
0.0208
0.0244
0.0272
0.0204
0.0196
0.0242
0.023
0.0277
0.0269
0.0236
0.0237
0.0192
0.0259
0.0287
0.0224
0.0186
0.0272
0.0218
0.0233
0.0112
0.0219
0.0224
0.0207
0.0205
0.0234
0.0211
0.0212
0.0094
0.0078
0.026
0.0199
0.0062
0.0252
0.0056
0.0217
0.0055
0.0054
0.0051
0.0084
0.019
0.0217
0.0078
0.0076
0.0298
0.0311
0.034
0.0238
0.0275
0.0282
0.0293
0.031
0.031
0.0273
0.0209
0.0234
0.0232
0.0224
0.0257
0.0241
0.0069
0.022
0.0284
0.021
0.0272
0.0235
0.0225
0.0197
0.0186
0.0253
0.022
0.0109
0.0088
0.0711
0.0085
0.023
0.0208
0.0082
0.0055
0.0107
0.0132
0.0054
0.0052
0.0109
0.0255
0.0216
0.021
0.0087
0.0202
0.0182
0.0255
0.0247
0.0221
0.0232
0.0182
0.0225
0.0368
0.0403
0.0278
0.0258
0.0248
0.0258
0.0284
0.024
0.0234
0.0229
0.0205
0.0257
0.0239
0.0415
0.0238
0.0248
0.0258
0.0206
0.0278
0.0254
0.0215
0.0251
0.0233
0.0224
0.0215
0.0244
0.0211
0.0237
0.0223
0.02
0.0189
0.0189
0.0115
0.0095
0.0185
0.0266
0.0267
0.02
0.0231
0.0217
0.0303
0.0206
0.0301
0.0223
0.0212
0.0419
0.0212
0.0266
0.0229
0.0216
0.0227
0.022
0.0194
0.0204
0.0225
0.0211
0.0204
0.02
0.0189
0.0188
0.0277
0.0212
0.0188
0.0209
0.0205
0.0231
0.0209
0.0211
0.0214
0.03
0.0248
0.0218
0.0222
0.0264
0.0265
0.0239
0.0241
0.0224
0.0279
0.0222
0.0223
0.02
0.0094
0.0088
0.0196
0.0195
0.0074
0.013
0.0076
0.0076
0.007
0.0202
0.0203
0.0075
0.021
0.0218
0.0205
0.0236
0.0188
0.0196
0.0268
0.0259
0.0222
0.018
0.0274
0.026
0.0223
0.0207
0.0215
0.0271
0.0105
0.022
0.0326
0.0249
0.0267
0.0249
0.0246
0.0238
0.0228
0.0238
0.0298
0.0213
0.0276
0.0252
0.0209
0.0186
0.0224
0.0198
0.0202
0.0192
0.0188
0.0193
0.0185
0.0189
0.0204
0.0219
0.0182
0.0259
0.0209
0.0197
0.0202
0.0217
0.032
0.0247
0.0237
0.0258
0.0211
0.0275
0.026
0.0217
0.0213
0.0198
0.025
0.0272
0.0241
0.0223
0.0192
0.0207
0.0254
0.0231
0.0225
0.021
0.0224
0.0114
0.0279
0.0087
0.0235
0.0069
0.0214
0.0094
0.0179
0.0245
0.0199
0.0224
0.023
0.0187
0.0221
0.0228
0.0181
0.0179
0.0169
0.021
0.0245
0.0191
0.0183
0.0192
0.0206
0.0212
0.0209
0.022
0.0204
0.0193
0.0068
0.0235
0.0215
0.0246
0.0224
0.0064
0.0204
0.007
0.0067
0.0064
0.0227
0.0192
0.0241
0.0118
0.0264
0.024
0.0189
0.0218
0.0369
0.0191
0.0087
0.009
0.027
0.007
0.0072
0.0105
0.0077
0.0073
0.0066
0.0053
0.0055
0.0053
0.0099
0.008
0.0069
0.0307
0.0084
0.0053
0.0073
0.0054
0.0287
0.0224
0.0209
0.0086
0.0181
0.0101
0.0179
0.0728
0.0734
0.9263
0.3295
0.1432
0.041
0.0614
0.0383
0.0193
0.0181
0.0117
0.0061
0.0237
0.0382
0.0206
0.0226
0.0279
0.0199
0.0328
0.0187
0.0273
0.0288
0.0332
0.0403
0.0301
0.0253
0.0309
0.0278
0.0414
0.0323
0.028
0.025
0.0266
0.0275
0.0271
0.0249
0.026
0.0188
0.0242
0.0238
0.0224
0.0264
0.0554
0.0222
0.0249
0.0227
0.0252
0.0236
0.0252
0.0206
0.0256
0.0179
0.0205
0.0265
0.0266
0.0218
0.0217
0.0216
0.0197
0.0203
0.0204
0.0239
0.0185
0.0076
0.0066
0.0206
0.019
0.0088
0.0074
0.0248
0.0275
0.0213
0.0225
0.0195
0.0083
0.0196
0.0078
0.0135
0.029
0.0077
0.0226
0.022
0.0247
0.0286
0.0296
0.0319
0.0277
0.0268
0.0274
0.025
0.0334
0.0238
0.0238
0.0306
0.0259
0.0354
0.0272
0.0262
0.027
0.023
0.0292
0.0277
0.0319
0.0296
0.0282
0.0256
0.031
0.0244
0.0284
0.0229
0.0262
0.0256
0.0274
0.0274
0.0256
0.029
0.0266
0.0301
0.0259
0.0244
0.0223
0.0309
0.0274
0.0236
0.0244
0.0206
0.0217
0.0198
0.0199
0.0201
0.0217
0.0061
0.0056
0.009
0.0191
0.0173
0.0232
0.0413
0.0321
0.0233
0.022
0.0237
0.0208
0.0709
0.0294
0.0295
0.0249
0.0236
0.0802
0.0257
0.0228
0.0203
0.0209
0.0252
0.0195
0.0196
0.0192
0.0296
0.0253
0.024
0.0211
0.0211
0.0218
0.0234
0.0204
0.0402
0.0333
0.0192
0.0167
0.0297
0.0344
0.0315
0.0376
0.0123
0.0326
0.0162
0.0131
0.0363
0.018
0.0094
0.0293
0.0243
0.0214
0.0219
0.0269
0.0123
0.0228
0.024
0.0194
0.023
0.0216
0.0201
0.019
0.0255
0.0088
0.0177
0.0183
0.0114
0.0084
0.0077
0.0205
0.017
0.0115
0.007
0.0071
0.0199
0.0061
0.0216
0.0244
0.0416
0.0287
0.0283
0.0272
0.0295
0.0243
0.0285
0.0238
0.0248
0.0272
0.0304
0.0281
0.0234
0.0219
0.0267
0.0275
0.0221
0.0238
0.025
0.0296
0.026
0.0237
0.0241
0.0239
0.0216
0.0307
0.0448
0.0247
0.023
0.0212
0.023
0.0268
0.0246
0.0233
0.0225
0.0104
0.0213
0.0223
0.0228
0.0197
0.0199
0.0223
0.0199
0.0204
0.0203
0.0239
0.0069
0.0265
0.0231
0.01
0.0238
0.0105
0.0203
0.0095
0.023
0.0238
0.0281
0.0309
0.0163
0.022
0.017
0.0199
0.0182
0.0265
0.022
0.0129
0.0202
0.0258
0.0185
0.0116
0.0209
0.0079
0.0199
0.0097
0.0186
0.0217
0.0177
0.0232
0.02
0.0205
0.0175
0.0184
0.0275
0.0184
0.0235
0.0202
0.0215
0.0204
0.0111
0.0073
0.0262
0.0231
0.02
0.0184
0.011
0.0225
0.0226
0.0189
0.024
0.0086
0.0209
0.0234
0.0251
0.0099
0.0188
0.0055
0.0061
0.0116
0.0058
0.0201
0.0192
0.0064
0.0084
0.0054
0.0232
0.0076
0.0063
0.0058
0.0091
0.0403
0.006
0.0085
0.0091
0.0199
0.0114
0.0412
0.0094
0.0069
0.026
0.0055
0.0256
0.0184
0.0103
0.0063
0.0218
0.0296
0.0193
0.0226
0.0223
0.0204
0.0203
0.0179
0.047
0.0212
0.0185
0.0325
0.0281
0.0207
0.0224
0.0228
0.0514
0.0604
0.0392
0.0108
0.0092
0.0153
0.0093
0.0143
0.019
0.0094
0.0091
0.009
0.0251
0.0179
0.0088
0.0088
0.009
0.0089
0.0326
0.0317
0.0343
0.0351
0.034
0.0348
0.0336
0.0894
0.0412
0.0426
0.0403
0.0389
0.0436
0.0116
0.0098
0.0095
0.019
0.0092
0.0302
0.0159
0.0089
0.0102
0.0092
0.009
0.0088
0.0143
0.0239
0.0158
0.0097
0.0093
0.0399
0.0103
0.0314
0.0092
0.009
0.0169
0.0088
0.0156
0.0091
0.0147
0.0088
0.0092
0.0092
0.0442
0.0532
0.0712
0.0514
0.2323
0.4931
0.1122
3.0272
0.0479
2.0432
0.0885
0.0273
0.2806
0.0336
0.0488
0.0277
0.0217
0.0199
0.0287
0.022
0.0232
0.0247
0.028
0.0215
0.0239
0.04
0.0203
0.0217
0.0219
0.0246
0.0265
0.0237
0.0223
0.0245
0.0276
0.0251
0.0217
0.027
0.0211
0.0217
0.0278
0.0227
0.0219
0.0276
0.0207
0.0226
0.0211
0.0229
0.0223
0.0212
0.0082
0.0253
0.023
0.0212
0.0266
0.0202
0.0224
0.0236
0.0223
0.0216
0.0234
0.0314
0.0196
0.0203
0.0223
0.0193
0.0188
0.0216
0.0191
0.0386
0.0404
0.0284
0.0467
0.0379
0.053
0.0508
0.0229
0.0233
0.0254
0.024
0.0244
0.0242
0.0214
0.017
0.0222
0.0225
0.0222
0.0242
0.0313
0.0247
0.0182
0.0265
0.0248
0.0182
0.0184
0.0215
0.0199
0.0218
0.0171
0.0203
0.0245
0.0304
0.0222
0.0235
0.0232
0.0236
0.02
0.0291
0.0653
0.0107
0.0337
0.0248
0.0211
0.0223
0.0121
0.0255
0.0072
0.0238
0.0182
0.0273
0.0251
0.0304
0.0323
0.0257
0.0283
0.0221
0.0193
0.0193
0.0304
0.0299
0.022
0.0199
0.0289
0.0274
0.0218
0.0283
0.02
0.0203
0.0094
0.0056
0.0225
0.0275
0.0116
0.0209
0.0054
0.0198
0.0061
0.0062
0.0063
0.0205
0.0109
0.0199
0.0235
0.0288
0.0302
0.0263
0.0297
0.0196
0.0333
0.0216
0.026
0.0103
0.0341
0.0207
0.0271
0.0093
0.0292
0.0113
0.0513
0.031
0.0252
0.0082
0.0235
0.024
0.0542
0.0303
0.0309
0.0218
0.0279
0.025
0.0308
0.019
0.0238
0.0236
0.0218
0.0254
0.0219
0.0212
0.0224
0.0222
0.0094
0.0241
0.0215
0.0195
0.0249
0.0202
0.0196
0.0226
0.0068
0.0204
0.0236
0.018
0.0287
0.0187
0.0203
0.0219
0.0213
0.0091
0.0235
0.0202
0.0189
0.0068
0.0101
0.0095
0.0222
0.0225
0.0188
0.0218
0.0103
0.02
0.0106
0.028
0.0236
0.0213
0.0213
0.0244
0.0192
0.0235
0.0275
0.009
0.0208
0.0068
0.0084
0.0198
0.0059
0.0086
0.0244
0.0059
0.0256
0.0122
0.0245
0.0069
0.0251
0.0093
0.0257
0.0195
0.0218
0.0238
0.0186
0.028
0.023
0.0287
0.0189
0.0256
0.0256
0.0208
0.0181
0.0172
0.0194
0.0195
0.0465
0.0209
0.0419
0.0228
0.0363
0.0381
0.0362
0.0417
0.0382
0.0197
0.0285
0.0276
0.0219
0.0243
0.0243
0.0228
0.0218
0.0213
0.023
0.0202
0.0212
0.0216
0.0319
0.0197
0.0201
0.0252
0.0234
0.0224
0.0239
0.0298
0.0233
0.0236
0.0248
0.0245
0.0244
0.0224
0.0261
0.0197
0.021
0.0402
0.0238
0.0289
0.0292
0.0284
0.031
0.0283
0.0301
0.0251
0.0302
0.0305
0.0225
0.0306
0.0259
0.0312
0.0297
0.024
0.0283
0.0229
0.0285
0.0268
0.02
0.0319
0.0229
0.0263
0.0199
0.0237
0.0186
0.0234
0.0187
0.0202
0.044
0.0242
0.0205
0.0195
0.0259
0.0193
0.0263
0.0205
0.0197
0.0232
0.0294
0.0235
0.0209
0.0204
0.0215
0.0319
0.0201
0.019
0.019
0.0203
0.0289
0.0259
0.0306
0.0253
0.0259
0.022
0.0221
0.0298
0.0236
0.0212
0.0266
0.0241
0.0217
0.0223
0.0257
0.0187
0.0182
0.0185
0.0187
0.0213
0.0208
0.0189
0.0204
0.0173
0.0192
0.0187
0.0164
0.0291
0.0226
0.0481
0.0232
0.0234
0.023
0.0255
0.0232
0.0116
0.0278
0.0217
0.0084
0.0185
0.0215
0.0199
0.0197
0.0281
0.028
0.0244
0.0193
0.0203
0.0267
0.0285
0.0288
0.0202
0.0247
0.026
0.024
0.0245
0.0206
0.0092
0.0208
0.0225
0.022
0.0208
0.01
0.0058
0.0215
0.0212
0.0081
0.0257
0.0079
0.0071
0.0212
0.0093
0.0056
0.0178
0.0132
0.0065
0.0055
0.0306
0.0258
0.0258
0.0267
0.0248
0.0316
0.0241
0.0254
0.027
0.0242
0.0242
0.0387
0.0197
0.0236
0.021
0.0185
0.0169
0.0216
0.0216
0.0193
0.0258
0.0183
0.0208
0.0213
0.0236
0.0225
0.0616
0.1901
0.0526
0.0626
0.0548
0.0383
0.0604
0.0796
0.0459
0.0655
0.0608
0.09
1.4444
0.0467
0.0129
0.0094
0.0093
0.011
0.0089
0.0095
0.0089
0.0258
0.0101
0.0092
0.0404
0.0319
0.0101
0.0087
0.0088
0.0175
0.0092
0.017
0.0108
0.0297
0.0419
0.0324
0.0324
0.0328
0.0334
0.0389
0.0383
0.0335
0.0353
0.0333
0.0355
0.033
0.0265
0.042
0.0366
0.0372
0.0379
0.0385
0.0366
0.0407
0.0357
0.0167
0.0172
0.0378
0.0369
0.0406
0.0434
0.0421
0.0443
0.0455
0.0354
0.0444
0.0376
0.0967
0.0478
0.0383
0.0421
0.0429
0.0373
0.0379
0.0422
0.0391
0.0665
0.0511
0.0388
0.0425
0.0447
0.043
0.0395
0.0393
0.0402
0.0424
0.0462
0.0386
0.0432
0.0418
0.0399
0.0327
0.0417
0.0367
0.0357
0.0303
0.0314
0.035
0.0344
0.0335
0.0359
0.0329
0.0301
0.0465
0.0347
0.0345
0.0306
0.0401
0.0404
0.0366
0.0353
0.0339
0.0322
0.0392
0.0402
0.0328
0.0315
0.0467
0.0369
0.045
0.0386
0.0363
0.0304
0.0608
0.0539
0.0367
0.0468
0.042
0.0407
0.0363
0.0385
0.0382
0.038
0.0421
0.0609
0.0378
0.0405
0.0335
0.0439
0.0366
0.0362
0.0533
0.04
0.0409
0.0453
0.028
0.0274
0.026
0.024
0.0221
0.0337
0.0222
0.0343
0.0342
0.0249
0.0244
0.0347
0.023
0.0299
0.0195
0.0217
0.023
0.0237
0.0259
0.0231
0.023
0.0242
0.021
0.0302
0.0208
0.0193
0.0466
0.0217
0.0273
0.0428
0.0321
0.0291
0.0262
0.0317
0.0231
0.0287
0.0313
0.0252
0.0339
0.025
0.0224
0.0396
0.0208
0.0249
0.0283
0.0274
0.022
0.0319
0.0422
0.0295
0.0223
0.032
0.0316
0.0247
0.0237
0.022
0.0343
0.0319
0.0261
0.0222
0.0241
0.0216
0.0193
0.0207
0.0228
0.0218
0.0227
0.0205
0.0264
0.0181
0.0229
0.0211
0.0244
0.0217
0.0236
0.023
0.0207
0.0233
0.0236
0.0207
0.0259
0.0191
0.0208
0.0265
0.0224
0.0241
0.0218
0.0203
0.0229
0.0183
0.0245
0.0201
0.0246
0.0254
0.0251
0.0261
0.023
0.0249
0.0228
0.0228
0.0224
0.0238
0.0297
0.0248
0.0217
0.0193
0.0212
0.0235
0.0212
0.0267
0.0666
0.0261
0.0255
0.0244
0.0263
0.026
0.0254
0.0259
0.0281
0.0233
0.025
0.0252
0.0292
0.0269
0.0268
0.0251
0.0237
0.026
0.0241
0.0258
0.0192
0.0222
0.0231
0.0214
0.0252
0.0247
0.0258
0.0189
0.0224
0.0211
0.0225
0.0213
0.0219
0.0184
0.0214
0.0216
0.02
0.0204
0.0195
0.0193
0.0274
0.0218
0.0229
0.0237
0.0218
0.023
0.022
0.0238
0.0235
0.0096
0.0221
0.0503
0.0204
0.0204
0.0231
0.0215
0.022
0.0311
0.02
0.0228
0.027
0.0237
0.028
0.0202
0.0224
0.0192
0.0234
0.0202
0.022
0.0217
0.0177
0.0237
0.0178
0.0213
0.0237
0.0214
0.0218
0.0228
0.024
0.0208
0.0208
0.018
0.0272
0.0191
0.0274
0.0248
0.0254
0.0296
0.0187
0.0273
0.0195
0.0254
0.0119
0.0231
0.0291
0.0276
0.0217
0.0198
0.0263
0.0208
0.0303
0.0235
0.0195
0.0201
0.0199
0.0187
0.0257
0.0182
0.0185
0.0195
0.018
0.0262
0.0216
0.0194
0.0171
0.0226
0.0096
0.0231
0.0101
0.0401
0.0253
0.0183
0.0093
0.0239
0.0067
0.0102
0.0089
0.0207
0.0089
0.0089
0.0196
0.0068
0.0187
0.0055
0.009
0.0407
0.0223
0.1551
0.1025
0.0539
3.3569
0.0457
0.0334
0.3823
0.0459
0.037
0.0322
0.0331
0.0309
0.0366
0.0265
0.0311
0.0258
0.031
0.0267
0.0241
0.028
0.0231
0.028
0.0258
0.0265
0.0249
0.0286
0.0307
0.0284
0.0232
0.0082
0.0204
0.0219
0.009
0.0207
0.0093
0.0109
0.0209
0.0097
0.0055
0.0186
0.0215
0.0056
0.0058
0.0249
0.027
0.0201
0.0235
0.0234
0.0285
0.024
0.0205
0.0238
0.0234
0.0235
0.0193
0.0236
0.0221
0.024
0.0244
0.0346
0.0262
0.0224
0.0235
0.0248
0.0247
0.0225
0.0242
0.0239
0.0221
0.0262
0.0231
0.0213
0.0264
0.0234
0.0213
0.0202
0.025
0.0261
0.0218
0.0217
0.0216
0.0247
0.0213
0.0217
0.0238
0.0218
0.0202
0.0118
0.0239
0.0206
0.0251
0.0247
0.0248
0.0197
0.0307
0.0255
0.0229
0.0189
0.0207
0.0232
0.0247
0.0234
0.0218
0.0239
0.0255
0.0218
0.0237
0.0189
0.0173
0.0192
0.0185
0.0194
0.0185
0.0231
0.0201
0.0222
0.0197
0.0249
0.0182
0.0217
0.0329
0.0234
0.0179
0.0264
0.0197
0.0242
0.0175
0.0186
0.0264
0.022
0.0203
0.0184
0.0199
0.021
0.0194
0.0198
0.019
0.0239
0.0208
0.0243
0.0179
0.0237
0.0208
0.0204
0.0179
0.0195
0.0205
0.0193
0.0207
0.0218
0.0204
0.0289
0.0117
0.01
0.0211
0.0068
0.0088
0.0107
0.022
0.0068
0.0072
0.0208
0.0079
0.0279
0.0299
0.0297
0.0257
0.0246
0.0259
0.0224
0.0294
0.0301
0.0242
0.0224
0.0194
0.0225
0.0192
0.0224
0.0254
0.0246
0.0348
0.0192
0.0237
0.0316
0.0206
0.0206
0.0195
0.0307
0.027
0.0313
0.0302
0.0398
0.018
0.0223
0.0088
0.0299
0.0081
0.0196
0.0529
0.0252
0.0182
0.0178
0.0266
0.0093
0.0272
0.0228
0.009
0.0211
0.0199
0.0205
0.0264
0.0179
0.0306
0.0191
0.0209
0.0445
0.0189
0.0222
0.0191
0.0265
0.0276
0.0216
0.0188
0.0189
0.0192
0.0335
0.0248
0.0261
0.0429
0.0258
0.0299
0.0233
0.031
0.0336
0.0249
0.0258
0.0224
0.0236
0.0257
0.0344
0.0248
0.0367
0.0259
0.0333
0.0345
0.0223
0.0243
0.0266
0.0251
0.0223
0.0272
0.0245
0.026
0.0241
0.0243
0.028
0.0091
0.0084
0.0092
0.0056
0.0258
0.0241
0.0103
0.0189
0.0053
0.0211
0.021
0.0088
0.009
0.0057
0.0074
0.0286
0.019
0.0251
0.0279
0.0224
0.0284
0.026
0.0246
0.0238
0.0231
0.0263
0.0257
0.0245
0.0212
0.0204
0.0183
0.0204
0.0197
0.019
0.0188
0.0184
0.0305
0.024
0.0222
0.0208
0.018
0.0205
0.0187
0.0226
0.022
0.0269
0.0243
0.0216
0.0244
0.0221
0.0207
0.0225
0.0258
0.0234
0.0214
0.0255
0.0228
0.0093
0.0241
0.0212
0.0219
0.024
0.0244
0.0245
0.0219
0.0227
0.0214
0.0205
0.0232
0.0348
0.0254
0.0256
0.0225
0.0207
0.0227
0.0268
0.0204
0.0185
0.0377
0.0286
0.0249
0.0218
0.021
0.0263
0.023
0.0273
0.022
0.0226
0.0295
0.0216
0.0333
0.028
0.0308
0.0274
0.0292
0.0309
0.0255
0.0214
0.0244
0.0276
0.0277
0.0275
0.0252
0.0247
0.0306
0.0258
0.0262
0.0186
0.0207
0.0208
0.0177
0.0191
0.0254
0.0212
0.0194
0.0281
0.0234
0.0251
0.0235
0.0222
0.0232
0.0426
0.0706
0.0275
0.0099
0.0243
0.0061
0.0089
0.0196
0.0134
0.0193
0.0059
0.0067
0.0067
0.0069
0.0219
0.0067
0.0089
0.0055
0.0188
0.0065
0.0324
0.0255
0.0319
0.0316
0.0284
0.0295
0.0253
0.0264
0.0206
0.0237
0.0237
0.0256
0.0259
0.0231
0.0245
0.0226
0.0203
0.0214
0.0086
0.0281
0.0211
0.0244
0.0196
0.0215
0.009
0.0205
0.0208
0.0203
0.0187
0.0214
0.008
0.0201
0.0076
0.018
0.0212
0.0211
0.0187
0.0202
0.0064
0.0192
0.0078
0.0402
0.021
0.0209
0.0088
0.0201
0.1712
0.2442
0.0538
0.0633
0.0971
1.1392
0.0971
0.2897
0.045
0.0545
0.0445
0.0483
0.0407
0.0454
0.0437
0.0457
0.0505
0.0507
0.0484
0.0419
0.0479
0.0481
0.0368
0.042
0.0416
0.0484
0.0371
0.0446
0.0803
0.0526
0.0457
0.0412
0.0384
0.0338
0.0558
0.0436
0.0373
0.0375
0.0328
0.0388
0.0161
0.0351
0.0565
0.0381
0.0384
0.0349
0.0454
0.0394
0.0439
0.0369
0.0364
0.0427
0.0384
0.0431
0.0394
0.0348
0.0448
0.0369
0.0381
0.0377
0.0463
0.043
0.0358
0.0341
0.0291
0.0094
0.0171
0.016
0.0162
0.0097
0.0157
0.036
0.0129
0.0353
0.0103
0.0124
0.0138
0.0135
0.0417
0.0109
0.013
0.0094
0.0155
0.0094
0.0554
0.0479
0.0513
0.0464
0.0452
0.0507
0.0488
0.0483
0.0467
0.05
0.0495
0.048
0.0481
0.0441
0.0433
0.0471
0.0422
0.0419
0.0375
0.0258
0.0383
0.0276
0.0259
0.0276
0.0262
0.0314
0.0277
0.026
0.026
0.0233
0.0278
0.0263
0.0434
0.0234
0.0234
0.0206
0.0284
0.025
0.0094
0.0196
0.0221
0.0228
0.0094
0.0239
0.0194
0.0256
0.0194
0.0111
0.0237
0.0231
0.0269
0.025
0.0262
0.026
0.023
0.0208
0.0197
0.0264
0.025
0.0219
0.0211
0.0221
0.0288
0.0207
0.0229
0.0194
0.0193
0.0211
0.0224
0.0205
0.0202
0.0204
0.0176
0.0283
0.0223
0.021
0.0236
0.022
0.0287
0.0324
0.0267
0.0272
0.0595
0.026
0.031
0.0288
0.0276
0.0284
0.0225
0.0245
0.0189
0.021
0.0187
0.0185
0.0245
0.0182
0.0215
0.0277
0.0188
0.0219
0.0192
0.0279
0.022
0.0214
0.02
0.02
0.0205
0.021
0.0206
0.0237
0.0199
0.0204
0.0194
0.0218
0.0191
0.0202
0.0314
0.0183
0.0188
0.0343
0.0172
0.033
0.0184
0.0235
0.0179
0.0264
0.0219
0.0447
0.0261
0.0242
0.02
0.029
0.0221
0.024
0.0207
0.0231
0.0218
0.0201
0.0214
0.0218
0.0215
0.0272
0.0223
0.0261
0.0214
0.0234
0.0296
0.0222
0.0253
0.0254
0.0269
0.027
0.0238
0.0237
0.0219
0.0215
0.0205
0.0274
0.0323
0.0237
0.0209
0.0275
0.0467
0.022
0.0204
0.0227
0.022
0.0201
0.0237
0.0216
0.0244
0.0221
0.0258
0.0229
0.0277
0.027
0.0218
0.0095
0.0223
0.0089
0.0226
0.006
0.0215
0.0251
0.021
0.0092
0.0249
0.0209
0.0084
0.0209
0.0326
0.0191
0.0457
0.0323
0.021
0.0216
0.0225
0.0206
0.0253
0.0224
0.0216
0.0211
0.0215
0.0206
0.0207
0.0196
0.0186
0.0281
0.0196
0.0221
0.0277
0.0197
0.0215
0.0194
0.0255
0.0276
0.0717
0.0224
0.0197
0.0221
0.0218
0.023
0.0245
0.0198
0.0304
0.0213
0.0203
0.025
0.0235
0.0288
0.0284
0.0258
0.0219
0.0209
0.021
0.0203
0.0227
0.022
0.0242
0.0231
0.0241
0.0223
0.0241
0.1393
0.0219
0.0293
0.0215
0.0292
0.0263
0.0249
0.0217
0.0237
0.0313
0.0225
0.0251
0.0272
0.0273
0.0304
0.0255
0.0258
0.0215
0.0292
0.0243
0.0241
0.0448
0.0302
0.0231
0.0277
0.024
0.025
0.0205
0.0125
0.0249
0.0061
0.0077
0.0199
0.0056
0.0127
0.0237
0.0072
0.0084
0.0253
0.0221
0.0214
0.0234
0.0211
0.0223
0.0305
0.0537
0.0245
0.0231
0.0228
0.0244
0.0276
0.0291
0.0262
0.0238
0.0241
0.0236
0.0254
0.0259
0.03
0.0309
0.0253
0.0241
0.0201
0.0232
0.0236
0.0248
0.0204
0.0246
0.0238
0.0314
0.0258
0.0312
0.0297
0.0221
0.0296
0.0222
0.0256
0.028
0.0268
0.0251
0.0234
0.0277
0.0275
0.0227
0.0225
0.0217
0.0203
0.0246
0.0063
0.0067
0.0058
0.0056
0.0122
0.0056
0.0054
0.0054
0.0056
0.0072
0.013
0.0103
0.0208
0.0184
0.0192
0.0193
0.6183
0.0409
0.0354
0.0288
0.0345
0.0309
0.0311
0.0345
0.0334
0.0361
0.0352
0.0352
0.0502
0.036
0.0369
0.0304
0.0347
0.0645
0.0389
0.1175
0.109
0.0426
0.0689
0.0839
0.08
0.0881
0.0363
0.1631
0.0518
0.0373
0.0543
0.0471
0.1675
0.0301
0.0634
0.0291
0.0192
0.0258
0.028
0.0371
0.0517
0.0442
0.0415
0.0334
0.1387
0.0353
0.0348
0.1422
0.0372
0.0406
0.1379
0.0342
0.0317
0.1456
0.0362
0.1871
0.1887
0.18
0.1657
0.1799
0.055
0.053
0.0507
0.0769
0.0634
0.1411
0.0324
0.0417
0.0379
0.039
0.0199
0.0208
0.0208
0.0216
0.0201
0.0223
0.0196
0.0192
0.0338
0.021
0.022
0.0226
0.0217
0.0251
0.0193
0.0207
0.0197
0.0179
0.0186
0.0197
0.021
0.0182
0.0281
0.0211
0.0225
0.0217
0.0213
0.0213
0.0245
0.0227
0.0211
0.0185
0.0187
0.019
0.0191
0.0199
0.0189
0.0179
0.0192
0.0211
0.0185
0.0179
0.016
0.0192
0.0172
0.0183
0.03
0.0348
0.0242
0.0223
0.0243
0.0205
0.0271
0.0197
0.0224
0.0204
0.0215
0.0243
0.0223
0.0189
0.0195
0.0217
0.0253
0.0204
0.0388
0.0187
0.0183
0.0192
0.0207
0.0192
0.0209
0.0187
0.0194
0.0178
0.0192
0.0204
0.0202
0.0267
0.0236
0.0172
0.0207
0.019
0.0212
0.0177
0.0174
0.0208
0.0202
0.0204
0.0207
0.0201
0.0206
0.0203
0.0203
0.0194
0.0175
0.0231
0.0267
0.021
0.0243
0.021
0.0211
0.0206
0.0209
0.0285
0.0219
0.0219
0.0184
0.0206
0.0272
0.0225
0.0198
0.0265
0.0225
0.023
0.0253
0.0233
0.0229
0.022
0.0203
0.0224
0.0234
0.0224
0.0298
0.0189
0.0285
0.0224
0.0226
0.0232
0.0253
0.0223
0.0236
0.0226
0.022
0.0197
0.026
0.0245
0.0217
0.0262
0.0257
0.0213
0.0203
0.0206
0.0199
0.0293
0.0272
0.0279
0.0349
0.0263
0.027
0.0256
0.0247
0.0293
0.0272
0.0238
0.0255
0.025
0.0218
0.01
0.0205
0.0226
0.0107
0.006
0.0255
0.0095
0.0261
0.007
0.0268
0.0092
0.0492
0.0084
0.0251
0.0227
0.0309
0.006
0.0234
0.0233
0.0265
0.0062
0.0223
0.0225
0.023
0.0295
0.0253
0.017
0.0262
0.0191
0.0209
0.0209
0.0245
0.0203
0.0285
0.0357
0.0348
0.033
0.0363
0.0392
0.022
0.0206
0.0211
0.0273
0.0071
0.017
0.0066
0.0247
0.0133
0.0066
0.0187
0.0055
0.0083
0.0065
0.0124
0.0181
0.0212
0.0234
0.0187
0.0215
0.0171
0.02
0.0231
0.0188
0.0236
0.0223
0.0191
0.0271
0.0213
0.0278
0.0209
0.0267
0.0188
0.0191
0.0268
0.0188
0.0208
0.0256
0.0211
0.026
0.0213
0.0204
0.02
0.0064
0.0257
0.0082
0.0211
0.0221
0.0416
0.0372
0.0214
0.0207
0.0213
0.094
0.0252
0.0241
0.0226
0.0258
0.0249
0.0228
0.0319
0.0344
0.0211
0.0218
0.024
0.0211
0.0098
0.0103
0.023
0.0205
0.012
0.0104
0.0236
0.0092
0.0091
0.0089
0.0412
0.0282
0.0252
0.0245
0.0235
0.0227
0.0188
0.0178
0.0187
0.0327
0.024
0.0233
0.0231
0.0567
0.0238
0.024
0.0216
0.024
0.0281
0.0233
0.0212
0.025
0.0219
0.0192
0.0273
0.0253
0.0244
0.0267
0.0248
0.0244
0.0245
0.0273
0.0228
0.0208
0.0294
0.0299
0.0293
0.0307
0.0282
0.0474
0.0271
0.0294
0.0272
0.0276
0.0271
0.0276
0.0281
0.0271
0.0289
0.0466
0.0246
0.0226
0.0247
0.0211
0.0218
0.0209
0.0208
0.0189
0.0216
0.0182
0.021
0.0179
0.0215
0.0184
0.0297
0.0198
0.0214
0.0192
0.022
0.0199
0.0222
0.0208
0.0247
0.019
0.0209
0.0195
0.0219
0.0207
0.0221
0.0193
0.0199
0.0188
0.0187
0.0193
0.0233
0.0184
0.0216
0.0205
0.0199
0.02
0.0199
0.0184
0.0191
0.0188
0.0163
0.0182
0.0184
0.0237
0.0189
0.0225
0.0195
0.0188
0.0228
0.0191
0.0203
0.0189
0.0196
0.0205
0.0442
0.0218
0.0214
0.0193
0.0204
0.029
0.0216
0.0191
0.0191
0.0198
0.009
0.0058
0.0076
0.0256
0.0193
0.0128
0.0111
0.0211
0.0089
0.0105
0.0239
0.0218
0.0249
0.0426
0.0271
0.0203
0.0261
0.0315
0.0209
0.0277
0.0843
0.0267
0.0275
0.0217
0.0274
0.0253
0.0224
0.0446
0.0305
0.0214
0.0298
0.027
0.0277
0.0246
0.0234
0.0206
0.0248
0.0085
0.0221
0.0252
0.0507
0.0247
0.0226
0.026
0.0197
0.0272
0.0251
0.0226
0.023
0.0276
0.0233
0.0223
0.023
0.0274
0.0195
0.0196
0.0231
0.024
0.0197
0.0181
0.0192
0.0182
0.0202
0.0216
0.0179
0.0255
0.0295
0.0245
0.0248
0.0214
0.0233
0.0248
0.0231
0.0229
0.0207
0.0222
0.0223
0.0239
0.021
0.0237
0.0187
0.029
0.0213
0.021
0.0261
0.021
0.0221
0.0216
0.0277
0.0242
0.0232
0.0225
0.021
0.0198
0.0211
0.0199
0.0259
0.024
0.0356
0.0185
0.0225
0.0239
0.0271
0.0223
0.0302
0.0212
0.021
0.1595
0.0669
0.0331
0.0277
0.0251
0.34
0.0299
0.0254
0.0244
0.0254
0.0263
0.0243
0.0245
0.0219
0.0249
0.0299
0.0235
0.0241
0.0268
0.0251
0.0314
0.0292
0.0256
0.0265
0.0238
0.0266
0.0239
0.0214
0.0247
0.0238
0.0451
0.021
0.0274
0.0199
0.019
0.0191
0.023
0.0227
0.0273
0.0219
0.0191
0.0209
0.0193
0.0237
0.0332
0.0243
0.0241
0.0207
0.0211
0.019
0.0204
0.0181
0.0208
0.0176
0.0279
0.0256
0.031
0.0296
0.0288
0.0236
0.0247
0.026
0.0248
0.0279
0.03
0.0234
0.0174
0.0275
0.0286
0.0265
0.0196
0.0239
0.0221
0.0209
0.0245
0.0214
0.0207
0.0215
0.0204
0.0279
0.0258
0.0216
0.0223
0.0218
0.0286
0.0339
0.0264
0.0249
0.0206
0.0204
0.0201
0.0206
0.0252
0.0211
0.0197
0.0189
0.0559
0.0485
0.0388
0.0231
0.0306
0.0264
0.0198
0.0187
0.0265
0.022
0.0275
0.021
0.029
0.0187
0.0134
0.0248
0.0277
0.0344
0.0255
0.0277
0.0243
0.0231
0.0252
0.0255
0.0251
0.0252
0.0238
0.0229
0.0229
0.0218
0.0248
0.0189
0.0247
0.024
0.0241
0.0255
0.0217
0.0222
0.0218
0.0232
0.0228
0.0201
0.0323
0.0245
0.0226
0.026
0.0242
0.0263
0.0256
0.0237
0.0223
0.0226
0.0208
0.0258
0.024
0.023
0.0213
0.0237
0.0185
0.0187
0.0179
0.0241
0.0254
0.0188
0.0247
0.0196
0.0189
0.0217
0.0197
0.0193
0.0204
0.0185
0.0184
0.0184
0.0198
0.0194
0.0201
0.0186
0.0184
0.019
0.0187
0.0196
0.0196
0.0186
0.0195
0.0194
0.0205
0.0164
0.0193
0.0188
0.0181
0.0188
0.0178
0.0183
0.0178
0.0195
0.0182
0.0201
0.0264
0.0223
0.0188
0.0219
0.0205
0.0203
0.0206
0.0256
0.0191
0.0159
0.0203
0.0219
0.0225
0.0194
0.0242
0.0229
0.0263
0.0211
0.0249
0.0222
0.0224
0.0246
0.0249
0.0212
0.0229
0.0204
0.0397
0.0235
0.0229
0.0221
0.0202
0.0248
0.0193
0.0199
0.0205
0.0204
0.0256
0.0202
0.0284
0.0231
0.018
0.0206
0.0207
0.0215
0.0194
0.0251
0.0195
0.018
0.0272
0.0238
0.0295
0.0229
0.023
0.0243
0.019
0.024
0.0229
0.0235
0.0177
0.0181
0.0194
0.0181
0.0188
0.0208
0.0211
0.0186
0.0177
0.0176
0.0178
0.0174
0.0257
0.0254
0.0217
0.0211
0.0218
0.021
0.0202
0.02
0.0217
0.0202
0.0182
0.0185
0.0215
0.0242
0.0237
0.0201
0.0288
0.0216
0.0242
0.0206
0.0377
0.0228
0.0202
0.0251
0.0208
0.0235
0.0223
0.0215
0.0223
0.0204
0.044
0.0226
0.0209
0.0301
0.0365
0.0377
0.032
0.0235
0.0221
0.019
0.0202
0.0194
0.0188
0.0185
0.0194
0.019
0.022
0.0232
0.0209
0.0182
0.0205
0.0229
0.0196
0.0198
0.0198
0.02
0.0273
0.0228
0.024
0.023
0.0199
0.0194
0.0234
0.0214
0.0238
0.0224
0.0203
0.0237
0.0268
0.0222
0.0265
0.0217
0.0219
0.0212
0.0215
0.0178
0.0194
0.0214
0.0068
0.0197
0.0248
0.0206
0.0096
0.0233
0.025
0.0346
0.0229
0.0203
0.0186
0.0245
0.0285
0.0229
0.0224
0.0281
0.0192
0.0224
0.0225
0.0244
0.0218
0.025
0.0205
0.0196
0.02
0.0224
0.0204
0.0172
0.0181
0.019
0.0479
0.0224
0.0181
0.0189
0.0268
0.0197
0.0189
0.0184
0.0208
0.0207
0.0201
0.0201
0.0206
0.0185
0.0195
0.0418
0.0194
0.0184
0.0213
0.0187
0.021
0.0211
0.0227
0.0194
0.0191
0.018
0.0279
0.0214
0.0208
0.0199
0.02
0.0211
0.0195
0.0202
0.0201
0.0199
0.0212
0.0261
0.0257
0.0247
0.0229
0.0241
0.0243
0.026
0.0231
0.0259
0.0227
0.026
0.0219
0.0243
0.0242
0.0235
0.0252
0.0248
0.0256
0.0222
0.0223
0.0226
0.0239
0.0218
0.0254
0.0225
0.0248
0.0121
0.022
0.0237
0.0237
0.0272
0.0188
0.0218
0.0232
0.0246
0.0216
0.0211
0.0237
0.0209
0.0196
0.0216
0.0184
0.022
0.0222
0.0193
0.0178
0.0243
0.0191
0.025
0.0188
0.0226
0.0205
0.021
0.0239
0.0209
0.0217
0.023
0.0185
0.0176
0.0236
0.019
0.0177
0.0173
0.0172
0.0186
0.0174
0.0185
0.0265
0.0306
0.0203
0.0188
0.0208
0.0202
0.1269
0.6358
0.0448
0.0444
0.0331
0.027
0.0274
0.0213
0.0235
0.0389
0.0207
0.0303
0.0216
0.0289
0.026
0.0345
0.0224
0.022
0.0197
0.0215
0.0235
0.0262
0.0219
0.0327
0.025
0.0274
0.0225
0.0247
0.0385
0.0288
0.0244
0.0237
0.0261
0.0226
0.0249
0.0267
0.0274
0.0262
0.0223
0.0225
0.0236
0.0235
0.0231
0.0294
0.0223
0.0312
0.0192
0.0204
0.0246
0.0243
0.0224
0.0234
0.0257
0.0209
0.0209
0.0231
0.0234
0.0205
0.0258
0.0239
0.0207
0.0235
0.0322
0.0249
0.0253
0.023
0.0271
0.0209
0.0195
0.0195
0.0306
0.0222
0.0199
0.02
0.0293
0.0222
0.0207
0.0204
0.0224
0.0061
0.0227
0.0123
0.0089
0.0211
0.0084
0.0176
0.0087
0.0098
0.0243
0.0221
0.0246
0.0333
0.0255
0.0363
0.026
0.033
0.0218
0.0257
0.0229
0.0228
0.02
0.0261
0.0208
0.0247
0.0285
0.0281
0.0233
0.0231
0.0213
0.0232
0.0194
0.0198
0.0259
0.0221
0.0237
0.0188
0.0061
0.0056
0.0053
0.0073
0.0246
0.0074
0.0241
0.019
0.0268
0.0246
0.0294
0.0082
0.0249
0.0197
0.0259
0.007
0.0262
0.0142
0.0214
0.0174
0.0293
0.0202
0.0228
0.022
0.0195
0.027
0.021
0.025
0.021
0.0244
0.0209
0.0235
0.0241
0.0197
0.0206
0.019
0.0206
0.0215
0.0247
0.0202
0.0309
0.0206
0.0224
0.0243
0.0218
0.0183
0.013
0.0206
0.0128
0.01
0.0094
0.0238
0.02
0.0104
0.0099
0.0234
0.0178
0.0084
0.0078
0.0118
0.0264
0.0099
0.0174
0.0191
0.0313
0.0205
0.0191
0.0559
0.0205
0.0265
0.0222
0.0192
0.0188
0.0196
0.0203
0.0288
0.0236
0.0216
0.0241
0.0328
0.0183
0.0255
0.0211
0.0239
0.0198
0.0245
0.019
0.0097
0.0232
0.0204
0.0213
0.0182
0.0177
0.0228
0.0255
0.0199
0.0199
0.0188
0.0101
0.0176
0.0195
0.0071
0.0087
0.0243
0.0079
0.0136
0.0203
0.0246
0.0106
0.0075
0.0224
0.0067
0.0198
0.007
0.0084
0.0187
0.0059
0.0179
0.0074
0.0052
0.0063
0.0358
0.0332
0.0288
0.0196
0.0094
0.0055
0.0234
0.0102
0.0094
0.0097
0.0055
0.027
0.0081
0.0075
0.0189
0.0072
0.0083
0.0075
0.0085
0.0122
0.0171
0.0268
0.019
0.0055
0.0055
0.0074
0.0072
0.0082
0.0085
0.0071
0.0317
0.0225
0.0224
0.0218
0.0211
0.0192
0.0176
0.0313
0.0196
0.0185
0.0203
0.0185
0.019
0.0218
0.0266
0.0195
0.0344
0.0178
0.0228
0.0367
0.0256
0.027
0.0376
0.0248
0.0369
0.0227
0.0255
0.0359
0.0306
0.026
0.0327
0.0232
0.0256
0.0194
0.018
0.0181
0.0198
0.0275
0.0189
0.028
0.0172
0.0182
0.0214
0.0194
0.0188
0.0189
0.0441
0.0239
0.0193
0.0322
0.0239
0.0348
0.0246
0.0325
0.0262
0.029
0.0231
0.0286
0.0209
0.0268
0.02
0.0271
0.0209
0.0216
0.0227
0.0355
0.0185
0.0224
0.0178
0.0185
0.0175
0.027
0.0182
0.0196
0.0233
0.0185
0.0198
0.0202
0.0199
0.0186
0.02
0.031
0.0233
0.0308
0.0233
0.0205
0.0181
0.0113
0.026
0.0272
0.0241
0.0274
0.0222
0.0192
0.0223
0.0245
0.0221
0.0197
0.0102
0.0224
0.0094
0.0236
0.0082
0.0193
0.0197
0.0076
0.0055
0.0078
0.0127
0.0057
0.0086
0.0205
0.0185
0.0074
0.0283
0.0271
0.0236
0.0268
0.0297
0.0228
0.0261
0.025
0.0224
0.0251
0.0203
0.0267
0.0407
0.0234
0.022
0.0224
0.0232
0.0236
0.0233
0.0222
0.0238
0.0384
0.0194
0.0222
0.0217
0.0206
0.0185
0.0186
0.0193
0.0179
0.0302
0.0233
0.022
0.0226
0.0212
0.0206
0.0212
0.0197
0.0205
0.0188
0.0183
0.026
0.023
0.025
0.0252
0.019
0.0226
0.0317
0.0237
0.0252
0.0311
0.0242
0.0199
0.0211
0.0225
0.0592
0.045
0.0299
0.0428
0.0232
0.0246
0.0284
0.0258
0.0256
0.0259
0.028
0.0252
0.0239
0.0233
0.0204
0.0204
0.023
0.0213
0.021
0.0219
0.0214
0.0209
0.0212
0.4391
0.0757
0.2969
0.0782
0.0708
0.2992
0.0268
0.0242
0.2878
0.0202
0.0213
0.049
0.0219
0.0402
0.0442
0.0231
0.0192
0.0228
0.0244
0.0201
0.0278
0.0214
0.0228
0.023
0.0217
0.0227
0.0203
0.0197
0.0188
0.0189
0.0256
0.0207
0.0204
0.0225
0.0279
0.0215
0.0223
0.02
0.0309
0.0269
0.021
0.0263
0.0195
0.0208
0.0215
0.0208
0.0226
0.0201
0.0233
0.0234
0.0225
0.0218
0.0293
0.0243
0.0214
0.0223
0.0187
0.0214
0.0214
0.0223
0.025
0.0206
0.0267
0.022
0.0215
0.0231
0.0303
0.0265
0.0205
0.0346
0.0189
0.0248
0.0214
0.0191
0.0241
0.009
0.0264
0.0179
0.0114
0.022
0.0093
0.0197
0.0203
0.0185
0.0339
0.0249
0.0219
0.0259
0.024
0.0247
0.0254
0.0248
0.0233
0.0246
0.0222
0.0205
0.0226
0.0288
0.0867
0.0642
0.0596
0.4494
0.0293
0.0212
0.0247
0.0203
0.0211
0.0132
0.0227
0.0124
0.022
0.0274
0.0235
0.0207
0.0236
0.0201
0.0201
0.0194
0.0175
0.025
0.0207
0.0201
0.0187
0.0167
0.0297
0.021
0.0217
0.0201
0.0209
0.022
0.0223
0.021
0.0199
0.0194
0.0087
0.0194
0.0219
0.0205
0.0093
0.0083
0.0286
0.0122
0.0278
0.0284
0.0281
0.0281
0.0268
0.0245
0.0249
0.0264
0.024
0.0239
0.026
0.0231
0.0264
0.0297
0.0255
0.0253
0.0268
0.0204
0.0178
0.0289
0.02
0.0255
0.0259
0.0208
0.0204
0.0216
0.0214
0.0204
0.0246
0.0203
0.0228
0.0247
0.0251
0.02
0.02
0.0296
0.0215
0.0211
0.0228
0.0215
0.0244
0.0209
0.0284
0.0242
0.0237
0.0269
0.0244
0.0289
0.0225
0.0228
0.0218
0.0214
0.0265
0.023
0.0237
0.0233
0.0198
0.0243
0.0206
0.0208
0.0214
0.0232
0.0216
0.024
0.0216
0.0205
0.023
0.0224
0.0216
0.0212
0.0217
0.0227
0.0093
0.0199
0.0229
0.0311
0.0432
0.0235
0.0259
0.0207
0.0279
0.0232
0.0232
0.0194
0.1024
0.0227
0.0521
0.03
0.027
0.0228
0.0247
0.0231
0.0233
0.0233
0.0236
0.0186
0.0247
0.0219
0.0262
0.0232
0.0198
0.023
0.0232
0.0228
0.0231
0.022
0.0281
0.0244
0.0191
0.0185
0.0193
0.0098
0.0206
0.0089
0.01
0.0301
0.0239
0.0205
0.0222
0.026
0.0218
0.0246
0.0284
0.0271
0.0278
0.0258
0.023
0.0249
0.0233
0.0231
0.0249
0.0247
0.0201
0.0205
0.0217
0.0213
0.0188
0.0223
0.0221
0.0241
0.021
0.021
0.0251
0.0197
0.0203
0.0207
0.0204
0.0203
0.0198
0.0239
0.0229
0.0098
0.045
0.0083
0.0173
0.0397
0.0097
0.0101
0.0225
0.0193
0.0058
0.0089
0.0093
0.0055
0.0211
0.0243
0.0083
0.0121
0.008
0.0074
0.0078
0.0073
0.0332
0.0271
0.0263
0.0238
0.0237
0.029
0.032
0.0272
0.0283
0.0246
0.0234
0.0263
0.0284
0.0243
0.0249
0.0183
0.0208
0.0188
0.0199
0.021
0.0187
0.0205
0.0196
0.0201
0.0231
0.0227
0.0224
0.0223
0.0204
0.0224
0.0107
0.0206
0.0223
0.0091
0.0197
0.0092
0.0211
0.0207
0.0205
0.0203
0.0081
0.0194
0.0182
0.0231
0.0197
0.0278
0.0229
0.0193
0.0205
0.0221
0.0166
0.0249
0.0179
0.0266
0.0184
0.0207
0.0195
0.0225
0.0219
0.0222
0.0276
0.0228
0.0183
0.024
0.0248
0.0183
0.0179
0.0171
0.0225
0.0208
0.0181
0.0229
0.0196
0.0209
0.0206
0.0204
0.0203
0.0207
0.0197
0.0189
0.0216
0.0284
0.0213
0.0214
0.0241
0.0209
0.022
0.0212
0.0231
0.029
0.0209
0.0277
0.0203
0.0231
0.0214
0.0212
0.0203
0.0213
0.023
0.0192
0.0198
0.0191
0.0277
0.0218
0.0223
0.0193
0.0198
0.0108
0.0235
0.027
0.0197
0.0172
0.0186
0.0215
0.0189
0.0194
0.0195
0.0196
0.0175
0.0187
0.0186
0.0289
0.0206
0.0221
0.0213
0.02
0.0103
0.0095
0.0156
0.0405
0.02
0.0082
0.0202
0.0167
0.0137
0.0089
0.036
0.0145
0.013
0.009
0.0066
0.0228
0.0073
0.0313
0.0224
0.024
0.0232
0.0608
0.7255
0.046
0.0683
0.0642
2.4253
0.0338
0.0629
0.0363
0.0422
0.2604
0.0099
0.014
0.0222
0.0058
0.0055
0.0065
0.0072
0.0165
0.0064
0.008
0.0279
0.035
0.0268
0.0254
0.035
0.0237
0.0272
0.03
0.0263
0.024
0.0232
0.0229
0.0311
0.0385
0.0257
0.0241
0.0259
0.0219
0.0421
0.0343
0.038
0.0224
0.0249
0.0287
0.0316
0.054
0.0258
0.0257
0.025
0.0305
0.0227
0.0299
0.0203
0.0224
0.0188
0.0207
0.021
0.018
0.0298
0.0288
0.02
0.0199
0.0222
0.0313
0.0206
0.0211
0.021
0.0598
0.0277
0.0219
0.0317
0.0218
0.0088
0.0093
0.0187
0.0088
0.0187
0.0222
0.0316
0.0223
0.0209
0.0184
0.0215
0.0289
0.0203
0.019
0.0192
0.0191
0.0207
0.0202
0.0203
0.0195
0.0179
0.0185
0.0185
0.0276
0.0195
0.0205
0.0227
0.0194
0.0201
0.0219
0.0199
0.0198
0.0193
0.0184
0.0157
0.02
0.0078
0.0098
0.0188
0.0128
0.0068
0.0138
0.0191
0.0133
0.0389
0.0113
0.02
0.0055
0.0103
0.0256
0.0195
0.0201
0.0194
0.0265
0.0228
0.0176
0.0186
0.022
0.0202
0.0209
0.0197
0.0213
0.0186
0.0187
0.0186
0.0211
0.0171
0.0206
0.0188
0.033
0.0304
0.0312
0.0208
0.027
0.0192
0.0261
0.0197
0.0264
0.0167
0.024
0.0184
0.0245
0.019
0.0248
0.027
0.0245
0.0188
0.026
0.0223
0.0259
0.0243
0.0255
0.0216
0.0253
0.0251
0.0195
0.0217
0.0188
0.0222
0.0207
0.0185
0.0198
0.0182
0.0263
0.0214
0.0206
0.0292
0.0211
0.0211
0.0258
0.0289
0.0248
0.025
0.0227
0.0221
0.0209
0.0186
0.0263
0.0217
0.0198
0.0206
0.0227
0.0198
0.0194
0.0286
0.0246
0.022
0.0241
0.0207
0.0228
0.0222
0.0212
0.0174
0.0208
0.0181
0.0201
0.021
0.0202
0.0255
0.0516
0.0189
0.026
0.0311
0.0272
0.0291
0.0232
0.0281
0.0307
0.0286
0.0524
0.0261
0.0244
0.0238
0.0362
0.0327
0.0283
0.0275
0.0293
0.0245
0.0269
0.0261
0.0221
0.0249
0.023
0.0269
0.0228
0.026
0.0234
0.0247
0.0222
0.0231
0.0221
0.0233
0.0235
0.0226
0.0227
0.022
0.0208
0.0209
0.021
0.0207
0.0205
0.031
0.0253
0.0233
0.0271
0.027
0.0259
0.0229
0.0246
0.0246
0.0236
0.0254
0.0243
0.0262
0.0208
0.0225
0.0288
0.0252
0.0238
0.0251
0.0224
0.0234
0.0239
0.0231
0.0194
0.0213
0.0197
0.0251
0.0188
0.0253
0.0194
0.0196
0.0213
0.024
0.0241
0.0219
0.0231
0.0252
0.0226
0.0195
0.0211
0.0235
0.0233
0.022
0.0206
0.0194
0.0191
0.0328
0.0519
0.0647
0.0519
0.0505
0.0538
0.0549
0.0299
0.029
0.0243
0.0302
0.0304
0.0238
0.0942
0.0356
0.0375
0.0315
0.032
0.0234
0.0282
0.021
0.0223
0.0239
0.0202
0.0279
0.0286
0.0295
0.0211
0.0239
0.0189
0.0197
0.0294
0.0197
0.0303
0.021
0.0208
0.0229
0.0286
0.0215
0.0262
0.0283
0.0268
0.0207
0.0261
0.0205
0.0352
0.0441
0.0241
0.0202
0.0262
0.0304
0.0251
0.0086
0.0264
0.0093
0.0227
0.0287
0.0226
0.0174
0.0183
0.0219
0.0247
0.0197
0.0257
0.0186
0.0188
0.0199
0.0203
0.0265
0.0187
0.0188
0.0304
0.02
0.0245
0.0221
0.0285
0.0223
0.0187
0.0207
0.0188
0.0171
0.0263
0.0185
0.0183
0.0191
0.0173
0.0198
0.0184
0.026
0.0213
0.0232
0.0288
0.0182
0.0181
0.0189
0.0175
0.0268
0.021
0.0198
0.0205
0.0196
0.0216
0.0464
0.0237
0.0175
0.0269
0.0188
0.023
0.0168
0.0197
0.021
0.0196
0.0169
0.0223
0.021
0.0222
0.0194
0.0277
0.0222
0.018
0.026
0.0247
0.0235
0.0238
0.0241
0.0272
0.0215
0.0253
0.0235
0.0256
0.0261
0.0238
0.0298
0.0188
0.0238
0.5969
1.3796
0.0745
0.4808
0.0484
0.0505
0.0415
0.1861
0.029
0.2692
0.0216
0.0212
0.0271
0.0201
0.0247
0.0208
0.0224
0.0295
0.0218
0.0288
0.0283
0.025
0.026
0.0254
0.025
0.0264
0.0279
0.0297
0.0259
0.0297
0.0246
0.023
0.026
0.025
0.0275
0.0209
0.0208
0.0208
0.0193
0.0085
0.0076
0.0077
0.0209
0.0239
0.0084
0.0069
0.0192
0.0063
0.0079
0.0065
0.0055
0.02
0.0269
0.0273
0.0248
0.0212
0.0201
0.0206
0.0209
0.0199
0.0207
0.0245
0.0315
0.0373
0.0363
0.0213
0.025
0.0288
0.0195
0.0171
0.0192
0.0193
0.0211
0.0185
0.0185
0.0269
0.0201
0.0209
0.0226
0.0245
0.0264
0.0201
0.0233
0.0243
0.0225
0.0223
0.0189
0.0231
0.0275
0.0212
0.0199
0.0206
0.0277
0.0189
0.0254
0.0212
0.0201
0.0106
0.0284
0.0305
0.0253
0.0296
0.0301
0.0271
0.0257
0.028
0.0311
0.0293
0.0266
0.0305
0.0187
0.0312
0.0328
0.0283
0.0246
0.0284
0.0257
0.0246
0.0218
0.0209
0.0343
0.0237
0.0216
0.019
0.0215
0.0188
0.0214
0.0214
0.023
0.0328
0.0305
0.0324
0.0219
0.0335
0.019
0.0292
0.0244
0.031
0.0321
0.0267
0.0249
0.0308
0.0196
0.0308
0.0192
0.021
0.0217
0.0263
0.0244
0.0307
0.0258
0.0241
0.0278
0.0238
0.0261
0.0258
0.0313
0.0259
0.0259
0.0197
0.0222
0.0213
0.0219
0.0235
0.0212
0.0273
0.0231
0.0203
0.0072
0.0317
0.0281
0.0249
0.028
0.028
0.0301
0.027
0.0283
0.0268
0.0274
0.0274
0.0252
0.0282
0.0208
0.0278
0.0283
0.024
0.0303
0.0267
0.0371
0.0222
0.0259
0.0251
0.0237
0.0324
0.0247
0.0287
0.0258
0.0339
0.0286
0.0243
0.0482
0.0229
0.0352
0.0192
0.0219
0.0082
0.0213
0.025
0.0213
0.048
0.0216
0.0206
0.008
0.0196
0.0191
0.0222
0.0098
0.0054
0.0054
0.0202
0.0053
0.0053
0.01
0.0093
0.0288
0.037
0.0309
0.0285
0.021
0.0263
0.0222
0.0297
0.0293
0.0247
0.0295
0.0309
0.0245
0.0234
0.0296
0.0721
0.0244
0.0197
0.0289
0.0199
0.0247
0.0272
0.0217
0.0263
0.0369
0.0231
0.019
0.0234
0.0276
0.0311
0.0235
0.0208
0.0321
0.0195
0.0247
0.0217
0.0788
0.0201
0.0257
0.0122
0.0215
0.0092
0.0076
0.0308
0.0242
0.0117
0.0098
0.0111
0.0057
0.0055
0.0054
0.0062
0.0058
0.0052
0.0136
0.0054
0.0307
0.0068
0.0055
0.0208
0.0056
0.0085
0.0099
0.0052
0.0197
0.0209
0.0196
0.0232
0.0181
0.0201
0.0202
0.0197
0.0221
0.0278
0.0213
0.0237
0.0236
0.0202
0.025
0.0208
0.0223
0.0191
0.0237
0.0191
0.0201
0.0284
0.0247
0.0248
0.0213
0.0227
0.0232
0.0317
0.0193
0.0341
0.0267
0.0235
0.0243
0.0205
0.0211
0.0237
0.0277
0.0353
0.0249
0.0212
0.0225
0.0119
0.0229
0.0276
0.0212
0.019
0.0181
0.0164
0.0198
0.0201
0.0196
0.0167
0.0251
0.0207
0.0181
0.0288
0.0217
0.0265
0.0273
0.0236
0.0206
0.0253
0.0206
0.0223
0.023
0.0245
0.0207
0.0211
0.0189
0.0221
0.0195
0.0198
0.0184
0.0215
0.0193
0.0184
0.021
0.0184
0.0198
0.0187
0.0195
0.0263
0.0199
0.019
0.024
0.0189
0.0251
0.0199
0.019
0.0204
0.0449
0.03
0.0299
0.0297
0.0243
0.0232
0.0341
0.0244
0.0223
0.0217
0.0279
0.1227
0.0279
0.0259
0.0226
0.0271
0.0237
0.0275
0.0235
0.0254
0.0269
0.026
0.0231
0.02
0.01
0.0263
0.0817
0.0431
0.0287
0.0528
0.0473
0.7101
0.0298
0.0535
0.0207
0.0274
0.055
0.0208
0.0531
0.0176
0.0219
0.0807
0.0323
0.0232
0.0266
0.0237
0.0217
0.0204
0.021
0.0087
0.0251
0.0272
0.0176
0.0322
0.0093
0.0286
0.0208
0.0253
0.0066
0.0247
0.011
0.0246
0.0068
0.0223
0.0055
0.0562
0.042
0.0315
0.038
0.0413
0.0508
0.0262
0.0251
0.0241
0.0211
0.023
0.0278
0.0231
0.0222
0.0209
0.0226
0.0198
0.0175
0.0182
0.0208
0.0207
0.0285
0.0233
0.0274
0.0209
0.0113
0.0085
0.0053
0.018
0.0055
0.0054
0.0097
0.0123
0.0083
0.0064
0.0076
0.0063
0.0093
0.0178
0.0074
0.0202
0.0192
0.0089
0.0395
0.0276
0.0105
0.0059
0.0053
0.0269
0.012
0.0544
0.0422
0.0287
0.0235
0.0225
0.0225
0.0225
0.0216
0.0207
0.0263
0.0213
0.0239
0.0209
0.0205
0.0218
0.0197
0.0214
0.0241
0.0205
0.0201
0.0172
0.0191
0.0203
0.0186
0.023
0.0181
0.0191
0.0193
0.0204
0.0189
0.029
0.0195
0.0205
0.0218
0.0208
0.02
0.0199
0.0217
0.0215
0.0185
0.021
0.03
0.0235
0.0205
0.0256
0.0279
0.021
0.021
0.019
0.018
0.0173
0.019
0.019
0.0201
0.0193
0.0162
0.0172
0.0172
0.019
0.0185
0.0201
0.0274
0.0191
0.018
0.0223
0.0215
0.019
0.0178
0.0187
0.0195
0.0184
0.0181
0.0198
0.0184
0.0188
0.02
0.0193
0.0266
0.0219
0.022
0.0226
0.0193
0.0238
0.0207
0.0242
0.0239
0.0227
0.0213
0.0204
0.0207
0.0214
0.0227
0.0227
0.0193
0.0229
0.022
0.0239
0.022
0.0211
0.0235
0.0382
0.03
0.0186
0.006
0.0124
0.0097
0.0058
0.0218
0.0057
0.0054
0.0192
0.0088
0.0079
0.019
0.0077
0.0126
0.0054
0.0082
0.0055
0.0287
0.0284
0.0258
0.0307
0.0325
0.0291
0.0266
0.0277
0.0265
0.032
0.0244
0.0277
0.0221
0.0303
0.0257
0.0219
0.0237
0.0198
0.0256
0.0174
0.0209
0.0179
0.092
0.0199
0.0214
0.0205
0.0188
0.0233
0.0264
0.0204
0.0228
0.0223
0.0188
0.02
0.0251
0.0183
0.0274
0.0231
0.019
0.0179
0.0232
0.0203
0.0404
0.0283
0.0213
0.0257
0.025
0.0227
0.02
0.018
0.0175
0.0301
0.0193
0.019
0.0237
0.0408
0.0368
0.0355
0.0419
0.0428
0.0237
0.0192
0.0183
0.0324
0.0296
0.0304
0.0295
0.028
0.0303
0.027
0.0258
0.0318
0.0296
0.0227
0.0277
0.0234
0.0266
0.0265
0.0254
0.0219
0.0219
0.0208
0.0191
0.0189
0.0179
0.0182
0.0176
0.0227
0.0241
0.0308
0.0291
0.0272
0.0263
0.0298
0.025
0.0261
0.0248
0.0285
0.0308
0.025
0.0251
0.0264
0.0312
0.0274
0.0246
0.0233
0.0243
0.0224
0.0201
0.0202
0.0227
0.0277
0.021
0.0202
0.0087
0.0237
0.0202
0.0213
0.0178
0.0271
0.0217
0.0208
0.023
0.0189
0.0217
0.0202
0.0187
0.0188
0.0289
0.0216
0.0212
0.0228
0.0275
0.021
0.0299
0.0303
0.0325
0.0298
0.0295
0.025
0.028
0.0262
0.0228
0.0263
0.0239
0.0262
0.025
0.0278
0.0266
0.0239
0.0235
0.0239
0.0255
0.0205
0.0216
0.0219
0.0206
0.0195
0.0205
0.0075
0.0075
0.0079
0.0287
0.0289
0.0253
0.0287
0.0262
0.0275
0.025
0.0246
0.0282
0.0255
0.0258
0.0228
0.0223
0.0116
0.0241
0.0218
0.0213
0.0248
0.0218
0.0304
0.024
0.0207
0.0081
0.0066
0.0269
0.0056
0.0129
0.0183
0.0082
0.0119
0.007
0.0102
0.0081
0.0237
0.0111
0.0202
0.0071
0.0087
0.0097
0.025
0.0235
0.0273
0.0279
0.0279
0.0233
0.0218
0.0215
0.0208
0.0205
0.0217
0.0291
0.0221
0.0256
0.0209
0.0218
0.0262
0.0232
0.0216
0.0268
0.0211
0.0185
0.0461
0.0212
0.019
0.0244
0.0207
0.0207
0.0172
0.0208
0.0218
0.0183
0.0193
0.0189
0.0255
0.0209
0.0197
0.02
0.0221
0.022
0.0089
0.0275
0.0258
0.024
0.0098
0.0235
0.0217
0.0291
0.0129
0.0279
0.0233
0.0335
0.0276
0.0247
0.0243
0.0253
0.0199
0.0091
0.027
0.022
0.0228
0.0058
0.0214
0.0201
0.025
0.0086
0.0229
0.0102
0.0353
0.0217
0.0251
0.0277
0.0196
0.0087
0.0264
0.0288
0.0112
0.0401
0.0145
0.0092
0.0089
0.0089
0.0207
0.009
0.0058
0.0374
0.0233
0.0217
0.0213
0.0332
0.0264
0.0204
0.0236
0.0157
0.0264
0.0276
0.01
0.0279
0.0244
0.0258
0.0327
0.0234
0.0271
0.0214
0.0217
0.0246
0.0263
0.0224
0.0266
0.0289
0.0317
0.0288
0.0237
0.0276
0.024
0.0238
0.0347
0.023
0.0345
0.0261
0.0236
0.02
0.02
0.0242
0.0281
0.0088
0.0276
0.0202
0.0313
0.0261
0.0226
0.0193
0.0213
0.1765
0.061
0.0497
0.0404
0.0417
0.0419
0.0369
0.0463
0.0373
0.0644
0.0351
0.0374
0.0354
0.039
0.0392
0.0384
0.0284
0.0345
0.0296
0.0278
0.0607
0.0567
0.0381
0.0329
0.0352
0.0343
0.0356
0.0364
0.0353
0.1358
0.2458
0.0263
0.0259
0.0235
0.0273
0.0231
0.0199
0.0107
0.0095
0.0175
0.0185
0.0185
0.0193
0.0189
0.0185
0.0195
0.0196
0.0188
0.0178
0.0187
0.0341
0.0176
0.021
0.0175
0.0188
0.0217
0.0235
0.0298
0.0202
0.0233
0.0217
0.0292
0.0249
0.029
0.0213
0.0233
0.0212
0.0204
0.0199
0.0226
0.0222
0.0228
0.0187
0.02
0.0296
0.0237
0.0204
0.0215
0.0206
0.0225
0.0192
0.0253
0.0204
0.0208
0.0242
0.0221
0.0203
0.0195
0.0235
0.0294
0.0294
0.0235
0.0226
0.0219
0.0085
0.0213
0.0256
0.0068
0.0095
0.0078
0.0212
0.0206
0.0085
0.0132
0.0073
0.0189
0.0205
0.0242
0.028
0.021
0.0231
0.0268
0.0238
0.021
0.0191
0.027
0.0273
0.0281
0.0193
0.018
0.0194
0.0337
0.0414
0.0318
0.0367
0.038
0.0401
0.0244
0.0201
0.0195
0.0207
0.0283
0.0233
0.0231
0.025
0.0183
0.0275
0.0253
0.0286
0.0237
0.0221
0.0234
0.0233
0.0228
0.022
0.0267
0.0233
0.0273
0.0202
0.0195
0.0259
0.0208
0.0395
0.0248
0.0224
0.0274
0.02
0.0197
0.0242
0.0223
0.0276
0.0196
0.0191
0.0261
0.0222
0.0195
0.0105
0.0249
0.0098
0.0105
0.0264
0.0101
0.0301
0.0202
0.1323
0.0281
0.0254
0.0099
0.0209
0.0318
0.0267
0.0181
0.0208
0.0085
0.0243
0.0079
0.0257
0.0078
0.0212
0.0226
0.007
0.0212
0.022
0.0104
0.0242
0.0256
0.0178
0.021
0.0308
0.0086
0.0205
0.0216
0.0188
0.0204
0.0273
0.009
0.0201
0.0254
0.0204
0.024
0.0205
0.0072
0.0193
0.0057
0.0278
0.0254
0.0087
0.0069
0.0054
0.0134
0.0056
0.0094
0.0054
0.0245
0.06
0.0088
0.0185
0.0227
0.0219
0.0248
0.0241
0.0192
0.0217
0.0221
0.0241
0.0099
0.0095
0.0219
0.0076
0.0214
0.0076
0.0214
0.0084
0.0065
0.0056
0.0289
0.0277
0.0286
0.0271
0.0271
0.0247
0.0241
0.0257
0.0205
0.0227
0.0227
0.0247
0.0285
0.0188
0.0242
0.023
0.0186
0.0335
0.008
0.01
0.0071
0.019
0.0053
0.006
0.0067
0.0052
0.0057
0.0052
0.0216
0.0084
0.0077
0.0127
0.0104
0.0127
0.0069
0.0067
0.02
0.0095
0.0074
0.0073
0.0103
0.0196
0.0244
0.0284
0.0202
0.0259
0.0233
0.0224
0.0382
0.0231
0.0237
0.0195
0.021
0.0102
0.0218
0.0207
0.0262
0.0106
0.0225
0.019
0.0221
0.0054
0.0093
0.0098
0.0067
0.0056
0.0053
0.0051
0.0127
0.0246
0.0054
0.0051
0.0094
0.0053
0.0071
0.005
0.0049
0.02
0.0188
0.0231
0.0211
0.0209
0.0219
0.0173
0.0197
0.0192
0.0192
0.0251
0.0262
0.0189
0.0274
0.0247
0.0265
0.0245
0.0276
0.0394
0.0401
0.0343
0.0472
0.0438
0.0303
0.0198
0.0237
0.02
0.0225
0.0243
0.0224
0.0224
0.0225
0.008
0.0219
0.0229
0.0196
0.0193
0.0196
0.0283
0.0083
0.0243
0.0093
0.0075
0.0072
0.0227
0.0186
0.0228
0.0086
0.0199
0.0273
0.0194
0.0208
0.0109
0.0061
0.0194
0.018
0.011
0.0055
0.0186
0.0173
0.0163
0.0215
0.0189
0.0182
0.0201
0.0169
0.0229
0.0176
0.0307
0.0349
0.0295
0.0254
0.022
0.0283
0.021
0.0115
0.0193
0.0257
0.0259
0.0171
0.0215
0.0179
0.0205
0.0185
0.0237
0.0197
0.0272
0.0202
0.0222
0.0189
0.0258
0.0183
0.0184
0.0184
0.0197
0.0162
0.0194
0.0267
0.0217
0.0254
0.0268
0.0259
0.0234
0.0218
0.0248
0.0225
0.0187
0.0228
0.0219
0.0218
0.0213
0.0236
0.0209
0.0188
0.0168
0.0495
0.0243
0.0238
0.0204
0.0209
0.0206
0.021
0.0221
0.0208
0.0229
0.0211
0.0228
0.0957
0.0213
0.023
0.0296
0.0213
0.0217
0.028
0.0195
0.0209
0.0192
0.0258
0.0216
0.0264
0.0205
0.0213
0.0184
0.0088
0.0199
0.0319
0.0205
0.02
0.02
0.0203
0.0274
0.0208
0.0218
0.0195
0.0188
0.0192
0.0217
0.0231
0.0179
0.0261
0.0197
0.0192
0.0172
0.0197
0.0195
0.0236
0.0171
0.0284
0.0193
0.0174
0.018
0.0324
0.0255
0.0248
0.0264
0.0236
0.0258
0.0262
0.0388
0.0213
0.0283
0.0201
0.0205
0.0248
0.0203
0.026
0.0251
0.0195
0.0241
0.0241
0.0199
0.0216
0.0213
0.0214
0.0296
0.0216
0.0209
0.0249
0.0265
0.0259
0.0226
0.0254
0.0226
0.0266
0.02
0.0273
0.0211
0.022
0.0175
0.011
0.0192
0.0235
0.0221
0.0179
0.0236
0.0206
0.0177
0.0211
0.0239
0.0338
0.036
0.0291
0.0181
0.012
0.024
0.0189
0.0325
0.0183
0.0198
0.0191
0.0256
0.0189
0.3603
0.0481
0.0441
0.0334
0.0478
0.098
0.0456
0.0892
0.0405
0.0532
0.0445
0.0783
0.0729
0.0429
0.0326
0.0129
0.0473
0.031
0.0375
0.0382
0.0434
0.0297
0.0322
0.0134
0.0395
0.0414
0.0091
0.0096
0.0089
0.0305
0.0167
0.0089
0.0423
0.0413
0.0414
0.045
0.038
0.0364
0.0338
0.0451
0.0357
0.0295
0.0351
0.0341
0.0434
0.0461
0.042
0.0301
0.0296
0.0443
0.036
0.0405
0.038
0.0404
0.0368
0.0408
0.0422
0.0396
0.0368
0.0323
0.033
0.0155
0.037
0.0332
0.0369
0.0135
0.0391
0.0239
0.0371
0.0406
0.0528
0.0493
0.0326
0.0447
0.0373
0.0513
0.0302
0.0303
0.0371
0.0093
0.0369
0.0157
0.0163
0.0336
0.012
0.0089
0.047
0.0426
0.0426
0.0385
0.0518
0.0374
0.0515
0.0334
0.0401
0.0367
0.0475
0.0438
0.0423
0.0419
0.0425
0.0463
0.0413
0.0385
0.0469
0.0415
0.0424
0.0385
0.0407
0.0361
0.0363
0.0373
0.0373
0.0318
0.0306
0.0376
0.046
0.0349
0.0336
0.0314
0.0493
0.0359
0.0435
0.0364
0.0358
0.0377
0.0429
0.0314
0.111
0.0436
0.0452
0.0369
0.0335
0.0347
0.0409
0.0751
0.0391
0.0378
0.0397
0.0392
0.0391
0.0389
0.0358
0.0347
0.032
0.0187
0.0315
0.0199
0.0341
0.0194
0.0161
0.0375
0.0147
0.0394
0.0129
0.0318
0.0167
0.0355
0.0149
0.0156
0.0159
0.0102
0.0346
0.0335
0.0343
0.0378
0.0368
0.0459
0.0306
0.0324
0.0339
0.0333
0.0434
0.0517
0.041
0.0358
0.0388
0.0485
0.0399
0.0474
0.0395
0.0365
0.0436
0.0402
0.0454
0.0401
0.0373
0.0415
0.0399
0.0432
0.0384
0.0461
0.0449
0.0508
0.0552
0.0488
0.0487
0.0466
0.0487
0.0506
0.0422
0.0434
0.0432
0.0457
0.0415
0.0457
0.0318
0.0314
0.0458
0.0363
0.0304
0.0366
0.0366
0.03
0.0314
0.0399
0.0337
0.0308
0.037
0.036
0.0361
0.0355
0.0351
0.0433
0.0322
0.0347
0.0353
0.0323
0.0358
0.046
0.0324
0.0367
0.0415
0.0348
0.0377
0.0351
0.0369
0.0401
0.0357
0.0325
0.0361
0.0391
0.0305
0.0424
0.0295
0.0348
0.0312
0.0161
0.0156
0.0374
0.0396
0.0481
0.0442
0.0421
0.0367
0.0306
0.0301
0.0121
0.0457
0.0092
0.0318
0.0094
0.022
0.0193
0.0553
0.051
0.0347
0.0459
0.037
0.057
0.0448
0.0298
0.0211
0.0235
0.0211
0.022
0.0276
0.0181
0.009
0.0196
0.0201
0.0119
0.0068
0.0193
0.0177
0.0203
0.0187
0.0193
0.0193
0.019
0.0313
0.0205
0.0273
0.0204
0.008
0.0218
0.0223
0.0273
0.0209
0.0055
0.0096
0.0053
0.0053
0.0098
0.0207
0.0098
0.0054
0.0192
0.0052
0.0052
0.0049
0.0207
0.022
0.024
0.0215
0.0201
0.0187
0.0188
0.0197
0.0187
0.0278
0.0252
0.0262
0.0244
0.0222
0.0265
0.0237
0.0219
0.0249
0.0238
0.0242
0.0241
0.0209
0.0227
0.0241
0.0211
0.023
0.0269
0.0223
0.0281
0.0205
0.021
0.0176
0.0229
0.0206
0.02
0.018
0.0219
0.0225
0.026
0.0192
0.0241
0.0206
0.0394
0.0525
0.0389
0.0403
0.0398
0.0422
0.0648
0.0363
0.0428
0.0491
0.0344
0.0377
0.0153
0.0445
0.0214
0.0176
0.0182
0.0227
0.023
0.0213
0.0193
0.0201
0.0249
0.0209
0.0236
0.0076
0.0058
0.0055
0.0051
0.0191
0.0054
0.0084
0.0055
0.006
0.0051
0.0298
0.0265
0.0236
0.0206
0.0188
0.0214
0.0182
0.0235
0.0233
0.025
0.0228
0.0198
0.0239
0.0204
0.0261
0.0175
0.0095
0.0181
0.0207
0.0186
0.0188
0.0053
0.0081
0.0213
0.0067
0.0178
0.0055
0.0066
0.0059
0.0068
0.005
0.0241
0.0212
0.0188
0.0252
0.0224
0.0222
0.0072
0.0092
0.0479
0.0414
0.0162
0.0309
0.0229
0.0332
0.0432
0.0402
0.0432
0.0569
0.0273
0.0245
0.0266
0.0457
0.026
0.022
0.0291
0.0257
0.0263
0.0261
0.0235
0.0268
0.0233
0.0247
0.0231
0.0189
0.0201
0.0191
0.019
0.0183
0.0184
0.0185
0.0187
0.0204
0.0388
0.0361
0.021
0.0426
0.0472
0.0288
0.0244
0.0189
0.0189
0.0129
0.0197
0.0211
0.0187
0.0071
0.0093
0.0066
0.0115
0.0055
0.0054
0.0151
0.0054
0.0188
0.0057
0.0066
0.0067
0.0052
0.0054
0.0291
0.0208
0.0164
0.0228
0.0205
0.0208
0.0199
0.0219
0.0183
0.0191
0.0183
0.0198
0.0195
0.0289
0.0199
0.0207
0.0257
0.0227
0.0194
0.0294
0.0271
0.026
0.0278
0.0272
0.0288
0.0248
0.0218
0.0204
0.0252
0.0245
0.026
0.0299
0.0222
0.0232
0.0208
0.0299
0.0228
0.0262
0.0184
0.0404
0.0196
0.0453
0.0414
0.0568
0.0277
0.0222
0.0312
0.0271
0.0327
0.0328
0.0323
0.0304
0.0301
1.6366
0.033
0.0637
0.0693
0.0557
0.0645
0.0581
0.6712
0.0544
0.057
0.049
0.0568
0.0551
0.0568
0.0558
0.0587
0.0568
0.0524
0.0525
0.0503
0.0532
0.0544
0.0545
0.0631
0.0523
0.0266
0.0362
0.0359
0.025
0.044
0.0415
0.0383
0.014
0.017
0.033
0.0159
0.0448
0.0797
0.0371
0.041
0.0425
0.0472
0.0441
0.047
0.0401
0.0391
0.0399
0.0396
0.035
0.0488
0.0386
0.038
0.035
0.0293
0.0149
0.0354
0.0358
0.0413
0.0366
0.0344
0.0473
0.037
0.0352
0.0353
0.0358
0.0416
0.0396
0.034
0.031
0.037
0.0411
0.0344
0.0172
0.0375
0.0148
0.0157
0.0157
0.0395
0.0391
0.0095
0.0108
0.0136
0.0311
0.0093
0.0191
0.0156
0.0395
0.0154
0.0162
0.0303
0.0126
0.0336
0.0431
0.0204
0.0122
0.0092
0.0162
0.0089
0.0089
0.0169
0.0356
0.0183
0.0092
0.0202
0.0095
0.009
0.0092
0.0483
0.0417
0.0456
0.0431
0.0377
0.0458
0.038
0.0337
0.0335
0.041
0.0412
0.0431
0.0357
0.0393
0.0445
0.0375
0.0429
0.0502
0.0447
0.0492
0.0441
0.0461
0.0484
0.0429
0.0517
0.0486
0.0414
0.0529
0.0439
0.0463
0.0418
0.0438
0.0433
0.1151
0.0442
0.0466
0.0462
0.042
0.0426
0.0348
0.0457
0.0385
0.0397
0.0441
0.0262
0.0202
0.0233
0.0242
0.0221
0.0232
0.0219
0.0202
0.0189
0.0214
0.0229
0.0175
0.0196
0.0192
0.0198
0.0194
0.0335
0.0276
0.0277
0.0275
0.0298
0.0245
0.0265
0.0202
0.0269
0.0224
0.0283
0.022
0.0206
0.0268
0.0228
0.024
0.02
0.0186
0.0196
0.0201
0.0195
0.0196
0.0216
0.0202
0.0319
0.025
0.0276
0.0283
0.0257
0.0273
0.0234
0.0223
0.0199
0.0244
0.0231
0.0239
0.0315
0.0243
0.0249
0.0262
0.0207
0.0216
0.0204
0.0209
0.0244
0.023
0.0207
0.0232
0.0204
0.024
0.0205
0.0214
0.0266
0.0223
0.0258
0.0231
0.0099
0.0103
0.0196
0.0091
0.0085
0.0073
0.0075
0.02
0.0183
0.0074
0.0073
0.0183
0.0063
0.0066
0.0066
0.0086
0.0206
0.0062
0.0279
0.0348
0.0302
0.0276
0.0278
0.0277
0.0253
0.0292
0.0255
0.0246
0.0274
0.0253
0.0275
0.0243
0.0256
0.0211
0.0221
0.0234
0.0269
0.0244
0.0242
0.0241
0.0243
0.0287
0.0224
0.0549
0.0235
0.0268
0.0263
0.0301
0.0239
0.0244
0.0225
0.0199
0.0187
0.0214
0.0233
0.0261
0.0222
0.0232
0.0066
0.0223
0.0056
0.0056
0.0051
0.0119
0.0089
0.0053
0.0063
0.0053
0.0074
0.0051
0.0081
0.0073
0.0217
0.0075
0.0084
0.0202
0.0201
0.0207
0.036
0.0206
0.0212
0.0193
0.0201
0.0286
0.0218
0.021
0.0202
0.0214
0.018
0.0202
0.0209
0.0188
0.029
0.0272
0.025
0.0262
0.0259
0.0281
0.0236
0.0255
0.02
0.0245
0.0227
0.0111
0.0228
0.0227
0.0218
0.0293
0.0229
0.0281
0.0192
0.022
0.0197
0.0102
0.0191
0.0209
0.0093
0.0173
0.0244
0.0227
0.0273
0.0229
0.0216
0.0208
0.0188
0.0254
0.0197
0.0103
0.03
0.024
0.0216
0.0205
0.0193
0.023
0.0078
0.0251
0.0216
0.0269
0.0201
0.02
0.0203
0.0197
0.0237
0.0174
0.0247
0.0187
0.02
0.0192
0.0221
0.0075
0.0102
0.0207
0.0199
0.0088
0.0109
0.0077
0.0071
0.0078
0.0061
0.0301
0.0257
0.0296
0.0238
0.0269
0.0232
0.0261
0.0254
0.0229
0.0209
0.025
0.0222
0.0901
0.027
0.0246
0.025
0.0229
0.0244
0.0219
0.0234
0.0432
0.0268
0.0226
0.023
0.0252
0.0248
0.022
0.0222
0.0229
0.024
0.0264
0.021
0.0189
0.0248
0.0218
0.0221
0.0184
0.0179
0.0212
0.019
0.0192
0.0287
0.0204
0.0194
0.0208
0.0209
0.0176
0.0205
0.0288
0.0206
0.024
0.0228
0.0303
0.0223
0.0202
0.028
0.0224
0.0094
0.0189
0.0228
0.0218
0.0231
0.0199
0.0228
0.0255
0.0198
0.0226
0.0226
0.0282
0.024
0.0222
0.0217
0.0284
0.0546
0.0275
0.0261
0.0219
0.0306
0.0236
0.0274
0.0258
0.0232
0.0214
0.0224
0.0226
0.0222
0.0218
0.0106
0.0259
0.0242
0.0283
0.022
0.006
0.0116
0.007
0.0055
0.0184
0.0218
0.0232
0.0057
0.0116
0.0057
0.0055
0.0055
0.019
0.0211
0.0231
0.0193
0.018
0.0187
0.0657
0.0226
0.0187
0.0183
0.0181
0.0188
0.0264
0.0206
0.019
0.0196
0.022
0.0209
0.0198
0.0245
0.0204
0.019
0.022
0.0529
0.241
0.0442
0.0466
2.0556
0.1052
0.0281
0.049
0.0429
0.0435
0.0478
0.0263
0.0269
0.0459
0.0306
0.0245
0.0264
0.0235
0.0267
0.0269
0.0194
0.027
0.0218
0.0225
0.0202
0.0197
0.0206
0.0225
0.0427
0.0228
0.0314
0.0205
0.0226
0.0233
0.0209
0.0303
0.0226
0.0277
0.0211
0.0238
0.0193
0.0235
0.0188
0.0244
0.0184
0.0168
0.02
0.0191
0.0207
0.0193
0.0188
0.0156
0.0198
0.0188
0.0186
0.0156
0.0181
0.0177
0.0176
0.0284
0.0197
0.0243
0.0221
0.0281
0.0285
0.0295
0.0257
0.0193
0.0298
0.0227
0.0232
0.0089
0.0237
0.0188
0.0082
0.0229
0.0216
0.0103
0.0105
0.0076
0.0176
0.0072
0.0079
0.0099
0.0072
0.0097
0.0277
0.024
0.0261
0.0246
0.0234
0.023
0.0227
0.0267
0.022
0.0194
0.0277
0.0276
0.0226
0.0204
0.0197
0.0257
0.0098
0.0258
0.0198
0.0316
0.0235
0.0251
0.0287
0.0285
0.03
0.0227
0.0209
0.0198
0.0247
0.0228
0.0396
0.022
0.0221
0.0203
0.0205
0.0291
0.0277
0.0247
0.0184
0.0265
0.0201
0.0271
0.0218
0.0196
0.0192
0.0182
0.0191
0.0188
0.0193
0.0182
0.0192
0.0172
0.0196
0.0266
0.0196
0.0201
0.02
0.0239
0.0197
0.0201
0.0233
0.0317
0.0244
0.0255
0.0242
0.0238
0.0204
0.0255
0.0263
0.0301
0.0267
0.0282
0.0218
0.0217
0.0187
0.0245
0.0203
0.0221
0.0202
0.0178
0.0173
0.0186
0.0189
0.0281
0.023
0.0186
0.0206
0.0188
0.0197
0.0203
0.0204
0.0224
0.0209
0.0213
0.0245
0.0414
0.0265
0.0189
0.0224
0.025
0.0226
0.019
0.0227
0.0264
0.0216
0.022
0.0192
0.0241
0.0225
0.0193
0.0239
0.0249
0.0202
0.0204
0.0195
0.0206
0.0096
0.0194
0.0183
0.0077
0.0174
0.023
0.0299
0.0255
0.0263
0.0276
0.0261
0.0241
0.0265
0.0211
0.0291
0.0836
0.0296
0.0216
0.019
0.026
0.0206
0.0221
0.0259
0.0258
0.0216
0.0251
0.0212
0.0329
0.008
0.0196
0.0258
0.0084
0.0258
0.0238
0.0259
0.0246
0.0247
0.0236
0.0303
0.0177
0.0313
0.0253
0.0215
0.0193
0.0192
0.0226
0.0293
0.0178
0.0331
0.0217
0.0245
0.0283
0.0232
0.0188
0.0221
0.0274
0.0239
0.0202
0.0096
0.0203
0.0242
0.022
0.0383
0.0246
0.0239
0.0319
0.0238
0.0333
0.0293
0.0224
0.0282
0.0229
0.0372
0.0238
0.0432
0.0301
0.024
0.025
0.0198
0.025
0.0208
0.029
0.0176
0.0282
0.0302
0.0213
0.0204
0.0243
0.0234
0.0215
0.0266
0.0179
0.0235
0.0209
0.0226
0.019
0.0198
0.0229
0.0206
0.0232
0.0445
0.0182
0.0213
0.0204
0.019
0.0272
0.0213
0.0216
0.0209
0.0226
0.019
0.0261
0.0225
0.0194
0.0198
0.0255
0.0194
0.0212
0.0206
0.0211
0.0227
0.021
0.0247
0.0228
0.02
0.0202
0.0227
0.0201
0.0209
0.0263
0.0229
0.0261
0.0185
0.0207
0.0185
0.0208
0.0211
0.021
0.0201
0.0204
0.0193
0.022
0.0204
0.0195
0.0226
0.0197
0.0279
0.0197
0.0219
0.0228
0.0242
0.0253
0.0223
0.0208
0.0202
0.0193
0.0238
0.0199
0.0294
0.0218
0.0231
0.0199
0.0184
0.0213
0.0282
0.0193
0.0227
0.021
0.0188
0.0217
0.0246
0.0201
0.0193
0.0214
0.0187
0.0212
0.0193
0.0218
0.0203
0.0199
0.0302
0.0211
0.0214
0.026
0.0205
0.0243
0.0196
0.0203
0.0251
0.0206
0.02
0.0252
0.027
0.0229
0.0277
0.0218
0.0202
0.0206
0.0201
0.0364
0.0234
0.0239
0.0227
0.0261
0.0235
0.0211
0.0209
0.0183
0.0236
0.0192
0.0206
0.0208
0.0195
0.0232
0.0244
0.0244
0.0191
0.0244
0.0247
0.0203
0.0219
0.0221
0.0202
0.0251
0.0189
0.019
0.0765
0.0709
2.709
0.1217
1.25
0.0641
0.0283
0.0295
0.0254
0.0182
0.0292
0.025
0.0211
0.0192
0.0094
0.0208
0.0081
0.0205
0.012
0.0257
0.0235
0.0242
0.0306
0.026
0.0267
0.0219
0.0254
0.0249
0.0231
0.0327
0.0293
0.034
0.0275
0.0281
0.0299
0.026
0.0257
0.0219
0.0254
0.0236
0.026
0.0301
0.0297
0.0263
0.0272
0.026
0.0317
0.0473
0.0308
0.027
0.0273
0.0295
0.0273
0.0228
0.0222
0.027
0.022
0.0252
0.0249
0.0271
0.0194
0.0267
0.0202
0.0254
0.0222
0.0176
0.0201
0.0195
0.0233
0.0211
0.0249
0.0222
0.0231
0.0244
0.0235
0.0208
0.0188
0.0178
0.0185
0.0193
0.0206
0.0201
0.0203
0.0185
0.0222
0.0273
0.0198
0.0194
0.0216
0.0196
0.0306
0.0253
0.0269
0.0257
0.0227
0.0261
0.0243
0.0242
0.0225
0.0235
0.0226
0.0233
0.0211
0.0247
0.0252
0.0226
0.026
0.0227
0.0208
0.0217
0.0212
0.0189
0.0216
0.0198
0.02
0.0207
0.0282
0.0283
0.0189
0.0294
0.0288
0.0249
0.023
0.0221
0.0236
0.0217
0.0244
0.0213
0.0253
0.0268
0.0256
0.0253
0.024
0.0271
0.0232
0.0212
0.0206
0.0235
0.0274
0.0217
0.0233
0.0222
0.0243
0.021
0.0219
0.0104
0.0208
0.0217
0.0226
0.023
0.0208
0.0212
0.0184
0.0078
0.0184
0.0076
0.0082
0.0077
0.0073
0.0178
0.0325
0.0284
0.0257
0.026
0.0263
0.028
0.0256
0.0227
0.0236
0.0551
0.0253
0.0289
0.0243
0.0261
0.0261
0.0227
0.0233
0.0199
0.0192
0.0268
0.0212
0.0223
0.0211
0.0238
0.0457
0.0249
0.0203
0.022
0.0213
0.0219
0.027
0.0209
0.006
0.0199
0.0178
0.0186
0.0183
0.0188
0.0181
0.0215
0.0198
0.018
0.0174
0.019
0.0215
0.017
0.0286
0.0201
0.0214
0.0242
0.0217
0.0203
0.0242
0.0203
0.018
0.0192
0.0381
0.0253
0.0185
0.0195
0.0191
0.0187
0.0171
0.0191
0.0168
0.025
0.0224
0.0189
0.0254
0.0197
0.0191
0.0175
0.0186
0.0255
0.0205
0.019
0.0168
0.0213
0.0184
0.0204
0.0157
0.0197
0.0178
0.0236
0.0186
0.0275
0.0204
0.0189
0.0183
0.0274
0.0257
0.023
0.0189
0.0179
0.0284
0.0218
0.0199
0.0203
0.0216
0.0195
0.0212
0.0337
0.0239
0.0241
0.0222
0.0224
0.0232
0.0224
0.0242
0.0232
0.0215
0.0247
0.0232
0.023
0.0237
0.0333
0.0227
0.0257
0.0241
0.0207
0.0221
0.0167
0.0171
0.0176
0.0183
0.0226
0.0201
0.0211
0.0182
0.0167
0.0215
0.0178
0.0172
0.0292
0.02
0.0245
0.0205
0.0225
0.0182
0.0218
0.0191
0.0202
0.0204
0.0225
0.0205
0.0207
0.0189
0.0172
0.0221
0.0185
0.0173
0.0192
0.0239
0.0264
0.0204
0.0184
0.018
0.0181
0.0194
0.0186
0.0253
0.0181
0.018
0.0183
0.0179
0.0569
0.0338
0.0207
0.0251
0.0192
0.0239
0.0185
0.0205
0.0172
0.0207
0.0182
0.02
0.0266
0.0222
0.0186
0.0198
0.0186
0.0225
0.0195
0.0207
0.0189
0.0233
0.0197
0.02
0.0188
0.0189
0.0206
0.0208
0.0174
0.019
0.0177
0.0188
0.0223
0.0188
0.0229
0.0235
0.0221
0.0187
0.0227
0.0176
0.021
0.0292
0.022
0.0205
0.0222
0.0189
0.0268
0.0226
0.0207
0.0224
0.0227
0.0238
0.02
0.0223
0.0232
0.0184
0.0195
0.0208
0.017
0.0195
0.0212
0.0186
0.0204
0.0188
0.019
0.0199
0.0184
0.0193
0.0173
0.0278
0.0244
0.022
0.0211
0.0191
0.0209
0.0219
0.0191
0.0212
0.0201
0.0184
0.0204
0.0184
0.0178
0.0225
0.0248
0.0196
0.0174
0.0187
0.0255
0.0185
0.0217
0.0202
0.0202
0.0208
0.018
0.021
0.0187
0.0225
0.0194
0.0186
0.0275
0.0162
0.0187
0.0279
0.021
0.0217
0.0184
0.0202
0.0264
0.0194
0.0186
0.0174
0.0179
0.0184
0.0185
0.0197
0.0195
0.0196
0.0199
0.0165
0.0181
0.0263
0.0217
0.0225
0.0182
0.0213
0.0238
0.0186
0.0179
