882
4758
8634
9729
13401
17769
13893
13011
16887
17769
14097
9729
5853
4758
8430
12798
16674
17769
17985
19641
20677
27973
24301
23419
22324
18448
14572
10204
11299
15667
19543
20425
24301
27973
31413
39045
40473
41403
52659
53754
79395
75723
71847
67479
66384
70752
74424
78300
79395
75519
74637
78513
79395
78300
73932
70260
66384
67479
71847
75519
79395
82755
82811
82811
85121
81449
80354
76478
72110
75986
77081
80753
85121
81245
80363
75995
72323
68447
67352
71024
72336
80960
84710
110351
112007
117687
118617
122649
161193
163363
166233
167052
172876
173548
182844
192168
194616
200936
200936
208004
224285
224447
221999
215679
199398
199236
199236
192168
208449
214769
217217
217217
224285
224447
218127
217965
217965
215517
199236
192168
208449
210897
211779
218099
225167
225329
215529
214710
214542
211672
202348
196524
190204
199528
202398
186117
191941
191779
189331
188449
198249
198921
199740
192672
199740
199740
199902
202350
208670
208670
201602
195282
195120
195120
192672
192672
195120
196002
202322
217847
218009
225077
183077
180907
180331
182501
224501
224501
250142
257774
266398
268708
252427
246107
239039
238877
238751
236303
237185
241061
237185
236303
240179
240179
234355
233683
223883
221013
211689
210870
220194
229994
232864
238688
239507
240179
240179
236303
237185
241061
241322
247002
248097
250677
246801
245919
246801
250677
247317
247317
247261
244951
247261
247317
263598
266958
263082
262200
259890
252258
243634
217993
225625
251266
253576
262200
262875
272889
230889
230889
228719
270719
274751
276921
284217
291849
298169
299051
309026
309818
310913
313973
325333
325549
334173
351498
351759
362217
390357
391197
394557
393885
388061
378737
377918
375468
372598
378422
388222
388894
391764
392583
392583
396459
396953
396953
402749
410381
413251
416691
417786
424106
424106
424162
424218
437574
442376
443960
443960
454165
457597
458285
459321
466351
471807
475239
476079
477391
477391
481141
485509
485509
485509
486349
486349
486349
488065
488737
494561
501629
512669
512669
512669
525752
527922
540882
540882
542466
546138
546138
554835
559203
559995
559995
559995
559995
559995
560835
562147
574936
582232
582493
595453
616321
616321
617113
621997
629653
630283
630283
636023
636023
636517
662158
663278
663278
664160
669984
669984
669984
669984
671584
674454
680250
680250
680250
680250
680250
685706
689378
707088
707088
709958
709958
709958
709958
709958
709958
712358
719473
719473
719473
723841
730367
731207
731207
737037
737037
742861
748541
749216
749216
749216
749216
749216
749216
750816
752592
752802
754692
754692
754692
754902
758766
758766
760898
760898
760898
760954
760954
767434
770014
780974
780974
780974
780974
783144
783405
783405
784441
788253
788253
788253
788253
788253
788309
822497
822497
822497
826433
828673
828673
828673
828673
834601
834601
835095
835095
839307
839307
839307
839982
839982
843965
843965
844226
853646
853646
853646
853646
854741
854741
854741
858413
863432
863432
864884
864884
864884
864884
864884
864884
864884
864884
864884
864884
864884
865724
865724
865724
865724
869544
872388
872388
872388
872388
873060
873060
873192
873867
874707
874707
875835
875835
875835
875043
875718
875718
876390
876390
876390
876390
876390
865932
865932
865932
865932
865932
865932
867252
867252
867924
867924
872202
873021
873021
873021
873021
873183
873183
874219
875314
876106
879856
888300
888356
892825
892825
892825
892825
893665
893665
893665
893665
893665
893665
893665
893665
893665
893665
896433
896433
896433
896433
899961
899961
900753
900753
900753
900753
902205
902205
902205
902205
889416
889656
889656
889656
889656
889656
889818
889818
889818
889818
889818
889818
889818
887910
887910
887910
887222
887222
887222
879926
879926
879926
879107
873283
873283
863483
860613
859941
865149
865149
865968
865968
868838
869510
869246
869246
869246
862178
855858
855172
855700
855700
858760
861070
861070
862106
869136
869136
869136
869136
869136
869136
869136
869136
869136
869136
869136
879993
879993
880254
880422
880422
880422
880584
880584
869544
869544
870072
852747
852747
853419
854731
854731
863551
863551
863551
863551
863551
856521
856521
856521
856125
856125
853255
853255
853255
851991
851991
851991
851991
851991
839202
839202
839202
839202
838986
845306
846401
845306
845306
845306
852206
855374
860176
860176
860176
859768
859768
859768
859768
859768
855400
856088
843128
854168
853907
853907
853907
840947
840947
840947
840947
840947
840453
844225
846905
846905
847166
847166
847166
847166
847166
848618
848618
848618
848858
849386
849386
855002
855002
855002
855002
855002
855002
855002
855002
855002
855002
855002
855002
855002
855002
855002
843642
843642
844434
849718
850648
815704
815704
820072
820072
820072
826392
826392
827844
827519
828311
827191
827191
827191
801550
800318
798008
790376
792686
791846
791846
791846
811085
811085
811085
811085
811085
817985
817313
817313
807989
807989
806677
806677
806677
806677
807349
807349
807349
807349
807349
807349
807349
807349
808189
808245
806529
802161
799291
799291
800603
800765
800765
800821
800821
800821
800821
803269
803269
804853
805693
805693
805693
798037
798037
798037
799486
799486
799486
799486
799486
806074
806074
806074
809514
809514
812574
809214
809214
809214
809214
809158
814954
814954
814954
814954
814954
814954
814693
814693
808897
808729
808729
809404
809644
809644
802348
802348
823216
823216
822376
822376
822376
821701
822713
821085
817645
821085
821085
821925
821925
821925
821925
821925
821925
821925
823445
823445
823445
823445
825395
825395
821723
821723
779723
779413
775381
775381
775381
777551
777812
777551
777551
777551
764762
764762
743894
746294
748464
757602
763590
756560
756560
765230
764830
756090
755418
755418
773128
781868
781868
781868
781868
773244
773244
773244
773004
775584
776078
776078
776078
774766
776350
776350
776350
781152
777720
777720
777720
777720
776838
776838
776838
776838
776838
776838
776838
776166
776166
787086
787086
788398
788398
790978
791650
791650
798856
798856
798856
799675
799675
799675
805131
807054
807054
793971
793971
794763
794763
794763
794763
769122
769122
769122
769122
769122
769122
769122
769122
769122
769122
769122
769810
769810
769810
780667
780667
779827
780088
780907
784147
784147
784147
795187
795187
795187
795187
799063
799063
799063
799063
803431
803431
802571
802571
796091
796091
783131
783131
785039
785039
785039
785039
785039
785039
784639
785431
785431
781681
785893
785893
785893
785863
785701
782641
782641
782641
782641
740641
740641
740641
741677
741677
742989
742989
742989
742989
747873
747873
748653
751101
751101
758397
751329
751329
749509
749509
750037
750037
749245
748717
748717
748717
748717
749753
749753
750425
751877
755834
766103
766103
766103
766103
766103
766103
766103
766943
766943
767873
772241
770033
772203
773655
773655
773655
770785
770617
761293
761293
760474
761293
761293
761293
761965
761965
761965
761965
765325
765100
765100
766136
766955
763490
763490
762454
762398
762398
762398
762398
762272
762011
761752
754120
754120
759004
759004
757640
763436
756140
756140
755972
755972
753392
752720
745064
734144
734144
732832
732832
735772
735772
738352
738352
738514
738514
738514
738514
738514
739333
740005
740005
740005
740005
740680
742396
742396
742396
734764
735004
735004
729208
729208
723752
724571
718775
710987
710987
710987
707927
703559
703295
697471
697471
697471
697471
699187
697895
697895
697895
698583
700239
700239
699567
699567
699567
702807
702807
702807
702807
705075
705075
705075
708279
707604
707604
706854
706686
706686
719769
719459
719459
719459
719459
718364
719400
719400
719400
724284
724037
730085
730085
730085
736133
736133
733263
727439
733235
733235
733235
732533
739697
739697
739697
741281
741281
741225
741225
741225
741225
741225
741063
741063
741063
735383
737771
737771
737771
750560
752012
752012
752012
754412
759704
759872
759872
759872
759872
759872
759872
763544
763544
763784
765500
764825
764825
764825
763373
764048
764048
764048
764048
764048
764048
764048
760616
760616
760088
755286
755286
758882
759722
759722
757772
761212
761212
755416
755416
755416
755416
754744
754744
754744
754744
754744
754744
752164
752164
752164
752836
752836
754148
754148
754148
754148
754148
754148
757898
757898
758690
758690
757871
757871
757841
757841
757841
758877
758877
758877
759087
738219
729479
729479
729479
729479
729479
729479
728639
717782
716746
716908
716740
716902
716902
716902
716902
716902
711222
706338
706338
706338
707787
707787
707625
707625
707569
709969
709969
709969
709969
709969
709881
709881
702851
702851
702590
702590
702590
702590
704990
704990
705484
700600
700600
700600
700600
700600
700600
705402
707058
707058
707552
707552
702750
703680
703680
705850
705850
705850
705850
704538
704538
703866
703866
703178
702490
681622
681622
681622
681622
681622
681622
681214
681214
689838
692232
692232
692232
696108
695316
695316
695316
691956
691956
691956
691956
691956
691956
691956
689646
689646
689646
689646
689646
680906
680906
680906
677234
677234
677234
677234
680306
680306
682022
682022
682022
682022
682022
682022
676226
676226
676226
676754
676754
676754
676754
676754
676754
680504
687404
691280
691280
691280
691280
691280
691280
690608
689296
689296
689296
689296
689296
689968
689968
689968
689968
689968
689968
692548
693668
693668
692573
692573
692573
692573
692573
692573
692573
692573
692573
692573
692573
695515
695515
695515
695515
684259
684259
685078
685078
685078
685078
692107
691846
696730
699898
699898
699898
699498
705546
713015
713015
713015
713015
713015
714869
714869
714869
709189
709189
709189
705829
705829
705829
705829
705829
688119
688119
688119
685671
685671
685671
692739
692739
700527
700527
700527
700359
699429
699429
704313
710361
710361
711036
710726
710726
689858
689858
689858
689858
689858
689858
689858
689914
689650
691366
691860
691860
695532
699966
708706
700036
700036
702346
702514
711254
710422
710422
704742
704742
704742
707982
707982
708801
708307
708307
708307
708307
695518
700974
694074
694074
689706
689706
689706
692286
693870
693870
692775
696651
703131
703131
703131
703131
703131
702456
703296
703296
703296
704745
710541
710541
710541
711229
711229
714669
714669
714669
714669
714669
715713
715713
715713
715713
708417
708417
709236
704868
713608
713440
713440
711130
711130
685489
685489
685489
685489
685489
691969
691969
691969
691969
690517
691357
691357
691357
691357
696485
696485
696485
696485
696485
696485
692609
692609
692609
692609
691790
691790
691622
691622
691622
691622
691454
691454
691454
688874
688874
688874
688874
688874
689546
689546
689546
689546
689546
691322
692141
693453
693453
693365
693421
694873
695968
695968
695968
690172
690172
703020
703020
715809
716739
716739
709839
709839
708999
708999
709839
710001
710001
709833
709437
708401
708401
708401
695318
695318
695318
690950
690131
692081
692081
684293
684053
685148
685148
684356
684356
684356
684356
691652
687980
691730
691730
691730
691898
692426
692426
692264
692264
692264
692264
693716
693716
693716
693716
693716
693716
693716
698433
699469
699469
699469
699469
699469
699469
699469
706765
706765
706765
708421
708421
708421
707671
707671
707671
707671
707671
705091
705091
705091
705091
705091
705091
705091
705091
705091
705091
705091
705091
718447
718447
718447
718447
718447
718447
718447
718447
718447
718447
718447
718447
720910
720910
720070
716902
719212
718393
719185
719185
717733
717058
717058
717058
717058
706018
706837
707331
707331
714459
708411
708411
718869
718869
718869
718869
715429
715119
714431
714431
714431
714431
717301
717301
717245
717245
706388
706388
706388
706388
702176
702176
702176
701081
698021
702905
702905
702905
702905
702905
700735
700735
700735
700735
702905
702905
702905
702905
702905
702905
702905
702737
702737
702737
702737
705317
709835
709835
709835
710067
710067
710067
710067
710067
710067
710067
710067
710067
710067
710067
710307
710307
710307
709619
709379
710415
721671
721671
721671
721671
723495
723495
722415
722415
722247
716451
716451
718621
718621
705538
705538
705538
705482
707792
708828
708828
708828
701798
701798
701798
695478
693762
692832
692832
692832
692832
692832
692832
692832
692832
692832
692994
692994
682074
682074
682074
680622
679830
679830
679830
674374
674374
678742
678742
678742
672918
671838
671579
671579
673907
673907
673907
673907
673907
673745
673745
673745
686534
686534
686534
686534
680214
680214
689394
686994
690450
690450
690450
691983
691983
691895
691895
691895
692111
692111
692111
692111
690395
693835
693835
693341
693341
700019
700019
698192
707159
702275
701456
701456
701456
702128
702128
702128
702128
702128
702128
702040
702040
702040
702040
702040
702040
704488
704749
704749
701689
701689
701689
701689
702619
702619
702619
704219
705819
705819
705819
705819
705819
705819
701017
702325
702325
702325
706693
709563
709563
709563
706983
696063
695391
695391
695391
695391
695391
694079
694079
694079
694079
695679
695679
696669
696669
696669
696669
696669
696669
696669
692793
692793
692793
693600
693600
693600
693600
693360
693360
693360
697110
697110
697110
695658
694074
693399
693399
693399
692673
692673
687789
687789
687789
687789
687528
688056
688056
683172
683964
684020
684020
684020
682304
664594
658798
658798
658798
658798
651898
663487
674527
674527
674527
671587
671587
677635
677635
677691
676899
676899
673959
673959
673959
673959
673959
676407
678357
678519
678519
678519
677483
677483
675827
682727
682466
681017
680855
680855
677105
667781
667781
667725
667725
675513
675513
675513
675513
675513
678681
678681
678681
678681
676233
675545
669749
675545
665087
666687
666687
666687
666687
670127
670127
667547
667547
667547
667547
670529
670529
670529
671369
671369
671369
674609
678359
684039
683351
683351
683351
683351
689165
689165
689165
689165
689165
689165
689165
689405
689567
689567
689567
689567
689159
689159
689159
689159
689159
689159
684275
683180
683180
682361
687269
687269
683597
692267
696143
695213
682253
682253
678503
678335
678335
679127
679621
679621
679311
679311
679311
679311
680967
686763
686763
686763
688363
688363
688363
689361
689361
693111
693111
699431
699431
706461
706461
704877
704877
704877
704877
706326
706326
711128
718196
721066
726746
726746
726746
726746
726746
726746
726746
726521
720725
720725
707936
707936
707936
709652
709652
709652
709652
711368
711368
711368
710056
710728
711568
711568
704099
704099
703032
702864
695796
695796
690912
690912
690210
689524
689524
683476
694732
694732
691492
682752
682752
680352
680127
680127
680127
680289
676413
673173
673845
673845
673845
686928
686928
685479
684985
684985
684985
686080
686080
686080
686080
686920
688520
686120
683810
670454
670454
669635
669635
669635
673511
673511
673567
673567
676147
676203
677655
677655
693936
695536
698776
698776
698776
705844
708292
714612
714612
714774
714774
714718
714718
714718
714718
715393
711517
710065
709273
709273
709273
709273
709273
709273
709273
709273
709273
709273
698815
698143
698143
698143
698143
698143
698143
698962
698962
698468
698468
707208
707208
707208
707208
707208
708864
708864
703980
703980
706212
707928
707928
706892
706652
704342
698915
698859
695499
695499
695499
695499
695555
695555
695135
702604
702766
706006
706006
704598
705528
705528
705584
705584
705584
708824
708824
708152
708152
712232
713327
713327
714257
714257
715377
715377
716307
716307
717907
717907
719359
719359
719359
720573
721885
725388
722808
722808
722808
720228
713908
706840
706840
706840
706678
704230
710550
710712
710712
710712
710712
710712
709920
710956
710956
718252
718252
717433
722569
725163
728523
728523
728523
728523
728313
728313
728313
728313
731985
738305
736649
735554
731882
731882
731882
731882
731882
731882
742340
742340
742340
742340
742340
742172
742172
742172
740860
740860
741535
741535
741535
741535
741535
741535
735055
735055
735055
733105
732265
732265
732265
732265
735265
735265
737548
737548
737548
737548
737548
737548
737548
737548
737548
737548
737548
737548
737548
756197
756197
756197
755938
755938
755938
755938
755938
755938
755938
756466
756466
761494
761494
763444
762756
762756
763792
763792
762192
770155
769993
772201
773653
773653
773653
779333
779333
779333
779333
779495
782935
782935
782935
784387
789271
780647
776771
776609
770289
770289
770289
770289
770289
770451
770451
776771
776771
776771
776771
776771
776771
777451
777451
777712
776893
776893
779763
779601
779601
779601
772305
772305
772305
772473
772473
772473
773001
773001
773001
773001
773001
772742
774054
770304
770304
770798
770798
770636
770636
770636
770636
770636
770636
770636
776069
776330
774020
775620
774894
774894
774894
774894
781794
781794
781794
781794
778924
772876
772876
772876
776004
776265
776265
776427
776427
776427
776427
776427
776427
776427
772059
774929
774929
775097
775097
769641
769641
769641
769641
769241
767525
766879
766879
766879
766879
766879
766879
766879
766879
766879
767698
758374
758374
751078
751078
751897
751587
751587
751587
751425
752113
752113
752113
752113
745633
745633
744793
742843
739675
739843
740938
749608
743288
743288
743126
743126
743126
743126
744374
744374
744536
744536
744536
744536
744536
738740
738740
738740
738572
735404
735404
729356
722326
722079
721287
721962
722202
729671
735711
735711
735711
735711
740048
733148
733148
736018
735524
734996
734996
736448
742496
742496
742496
742496
744952
746047
746047
746047
749215
749215
749383
748711
748711
748711
747631
747631
745321
751369
749713
762046
764916
764916
764916
764916
764916
764916
763332
763826
763826
763826
763770
763770
763770
764806
764806
773430
773030
773030
774980
774980
773528
773528
771218
771218
771218
771218
765762
768930
768930
768930
767214
767214
766374
766374
766374
760326
760326
760326
760326
759507
755757
755757
755757
755757
755757
759429
759429
763797
757749
766419
766419
766419
766419
764970
757902
759558
759558
759558
759558
759558
757110
757110
756948
756948
762156
768476
768476
768476
768476
768638
768638
768638
766922
766922
766612
766612
766612
764442
764442
764442
764442
751086
751086
756718
756718
758888
758888
761758
763070
763070
766510
764926
764926
764926
768166
768958
781747
781747
781747
781747
781747
781747
781747
782275
782275
782443
783373
783373
783373
783373
783317
782387
782387
786755
799544
799544
799544
799544
802414
802414
802414
801294
801238
801238
801238
801910
801910
798670
798670
798670
785881
785881
778093
783712
783712
785164
785164
785836
785780
778148
778148
778148
779732
775364
775308
762519
762519
762519
763191
762372
762372
751332
752784
758240
758240
758152
758152
758152
751832
751832
751670
744602
744602
743914
743914
743914
743914
743667
742067
742067
731609
731609
720353
720353
718753
725821
725821
733170
740466
740466
747496
747496
747990
741670
741670
741670
741670
740575
740575
740575
740575
740575
740575
740575
731835
731835
731835
720579
720579
722179
715859
715859
715859
715859
715859
715859
708563
708347
708088
706432
705296
705296
705296
705296
705296
706896
706896
703456
702991
702991
702991
702991
709378
709378
720418
720418
720418
711678
718974
718974
717226
717226
719396
721796
721958
721958
720242
716570
722366
709577
709817
708781
716077
716077
718525
718357
719477
719477
719477
719477
724361
724361
726941
726941
726941
724361
724361
724361
724361
724361
723241
723241
723241
723241
730781
730781
730781
730781
730781
730781
733361
733361
740269
740269
747565
748495
748495
748495
748495
748495
750665
750926
749890
749890
749890
750562
759186
760506
763086
763086
763086
763086
757406
757406
757406
757406
757006
757006
757006
763326
763326
763326
763326
763326
763326
763326
766686
766686
766686
766686
765650
765650
765650
764198
764198
764198
768706
767670
767670
767670
767670
767262
768714
766266
766266
765866
758570
751670
751670
751670
751176
755104
754312
754840
754840
754624
753805
753805
753805
753805
758607
759399
765957
769125
769125
769125
769125
769125
769125
769125
769125
769125
764241
764241
764241
764241
763311
759871
755503
755503
768292
771020
771020
771020
770620
770620
770620
767560
769276
769276
768601
772351
772351
772513
772513
772513
773332
771880
778200
778200
778875
772197
772197
772197
772197
780867
784743
789935
789935
795965
795965
795965
792533
790817
790817
790817
790817
792619
792619
795787
795787
803083
803083
799915
799915
804111
803715
803715
800845
801106
803328
802261
802261
801511
801391
795595
802891
802891
802891
802891
801961
801905
801905
801644
801644
807324
807324
807324
810194
810194
810194
810194
810194
810194
810194
810455
810455
804407
791324
791063
791063
791063
791063
790901
790901
787661
787661
787661
787661
790901
791162
791162
791162
791324
791324
791324
791852
791852
792380
799235
797783
797783
796663
796663
796663
796663
796663
796663
796501
796501
798157
798157
798157
797077
797077
798593
798593
811509
811341
811341
811341
811341
811341
811341
811341
811341
811341
810522
810522
811016
811016
811016
811016
811016
811016
798227
798227
798227
794787
792837
792837
793629
790389
788622
789297
789297
786427
786427
786427
786427
786921
785337
798420
797340
797340
797340
794470
794470
794470
794470
794470
794470
794470
794470
794070
794070
794070
794070
794070
794070
794070
785400
785400
786240
784928
784178
784090
780730
780730
780730
778780
778780
779710
779710
779710
779710
787006
775966
775291
774619
774619
774619
774619
774619
781519
781519
781258
781258
781933
782461
783497
783497
782809
782809
782809
782548
782548
778798
778539
778539
778539
774867
775128
774198
774198
770322
761652
762146
762146
769046
777716
777716
777716
784196
784196
758555
758555
758555
759485
759485
772568
772568
772568
772568
772568
772568
772568
772568
772568
774374
774374
774374
774374
776954
776954
776954
776954
776954
776135
770679
770004
766572
766572
772772
771320
771320
769604
769844
771156
771036
773206
756925
757087
749299
749131
749131
749131
749392
749230
749230
749230
736147
732397
732397
732397
732397
732397
732397
732397
732565
732565
732565
732304
732304
732304
751859
753171
745875
745875
745875
746911
743671
743671
743671
750701
750701
750701
748287
765365
765365
767945
768981
776049
776049
776105
776105
776105
779777
786097
786097
789693
789693
789693
789693
789693
789693
795523
795523
795523
795523
798691
798523
798523
797211
796971
796971
790923
790761
785959
785959
785959
785959
785559
785397
785397
785397
785397
785397
783681
782841
782673
781017
781017
781017
781017
781017
780961
780961
780961
780961
779729
779729
779729
779729
770989
770989
770989
770989
770989
769389
769389
769389
765513
765513
765513
765513
765513
763065
761613
760683
760683
759231
758399
758399
758399
758311
753943
753943
753943
745319
744224
744224
744224
744224
742568
742480
741413
740741
740741
740741
740741
735285
735285
735285
735285
735285
735285
729653
729653
729653
729653
729653
724769
711980
711122
711122
711122
711122
711122
711122
714998
714998
714998
714323
714323
711155
711155
711155
711155
711155
711155
711155
708985
708985
711155
711155
709499
709337
709337
706169
706169
701801
701801
701801
699401
699401
696821
696821
696821
696821
696821
696821
689525
672200
672200
672200
664731
664731
656061
652621
652621
646141
645979
645979
645979
645979
645979
645979
638683
625600
625600
625600
612811
604071
604071
604071
601491
602586
606258
610626
610626
610626
610626
597543
597543
595827
595883
615903
615903
615903
608607
604857
601987
601987
601726
601726
598486
598324
598324
598324
598324
598324
601564
601564
607244
607406
607667
607883
607883
607883
607883
607883
605013
605013
605013
603918
596286
594686
594686
593650
593650
584910
580542
579406
579406
575530
579406
579406
576536
575500
575500
574828
574828
574828
574828
574828
574828
574828
574828
572658
572658
572658
572658
571346
568476
564804
564804
560436
559341
560436
564804
568680
572352
569184
569184
569184
562154
562154
562154
556522
555682
555682
550050
549585
549585
549585
549585
543105
543105
536785
536785
533617
530257
530257
530257
522625
521530
495889
484633
483205
482517
481587
485027
485957
487385
488480
499736
522625
530257
526381
522709
521614
517246
508576
508576
508576
512944
512944
516820
520492
519806
519638
520733
520733
519638
519638
512570
512570
512570
512570
512330
512330
508658
508658
507866
507866
507866
503990
507866
507866
507866
507866
507372
507372
506878
506206
504754
503962
491173
490243
490243
490243
490243
488791
488791
488551
484879
484879
484879
477811
477755
475175
474139
467819
467819
468855
475175
478847
481427
481427
491360
498428
499116
499172
495500
491624
490529
486161
490529
494201
495296
499172
488252
488252
488252
488252
488252
488252
480956
476588
470792
459752
459752
459752
459752
459752
458822
451526
451526
437226
437226
438156
438156
442032
442032
455115
462411
462411
449055
449055
449055
449055
449055
449055
449055
449055
449055
448967
448967
448967
448967
443511
443511
443511
442692
442692
437236
437236
436926
436926
436926
435474
435474
435227
435227
435227
431351
426983
423311
422216
426584
430256
434132
435227
434733
425993
425993
425993
419093
419093
419093
419093
419093
415217
412637
411845
411170
411170
409938
409938
409938
409938
392613
392613
391301
391301
391301
388991
388991
396623
422264
424574
433198
433198
433198
433198
432704
431885
431885
427517
423641
422546
418874
423242
426914
430790
431885
431624
431399
431399
431399
422729
416249
415988
415988
415988
415988
415988
415988
414868
409984
407404
407404
407404
409984
416032
417152
428408
428408
433292
433292
433292
433292
433292
435008
447797
460237
464113
464113
472737
474247
474247
469445
469445
456485
456485
456485
456485
450165
447995
446900
443228
438860
434984
434822
431952
428784
428474
428474
428474
428474
425306
416682
416466
416466
416304
416043
410363
410363
407123
407123
407123
407285
407501
407762
407762
407762
411002
411002
411002
411002
411002
390982
383952
375328
375328
375328
375328
375328
373672
373672
373672
373411
373411
373150
373062
373944
381413
388709
388709
388709
388709
388709
388709
388709
381413
381413
374383
368703
368703
368615
368615
368615
368559
348539
348011
368031
368087
368087
368087
361187
354867
354867
354557
354557
352387
352387
352387
354557
396557
396557
389261
389261
385589
379269
379213
372145
371109
353784
353096
350516
350516
350516
350516
350348
350348
350348
350292
350292
350292
350292
366573
368883
372243
372299
372299
372299
372083
372083
368843
368681
368420
368420
368420
368582
374262
377502
394827
394827
395088
395304
393648
392718
391968
366327
362655
354031
348351
347039
348695
357319
382960
384272
388022
393702
397374
398304
389680
364039
356407
354097
361729
370353
372663
398304
398304
398304
398304
398045
396978
396978
400854
407884
407884
408920
413132
420601
420601
413305
400222
400222
399292
395416
395416
395416
413665
420961
421837
421837
421837
421837
422767
422767
425215
426815
433295
435605
436917
443237
456026
451021
450965
451021
471041
468871
468871
426871
426871
429041
429041
422993
422993
420413
419293
419293
414409
403153
403153
404581
415837
416957
423005
439106
443990
446570
446570
446570
440890
440728
408388
408388
405148
404932
404671
405815
405815
406076
406076
406076
409316
409478
409478
408411
408355
407123
407123
407123
407123
413443
422067
422067
429536
429592
431992
433576
440056
440938
444814
445308
449700
450582
452240
453956
454172
454847
455015
455015
451139
450257
450257
450257
441633
434001
431691
406050
431691
440315
442625
450257
450257
450257
454133
455015
434995
434939
434939
434995
434734
434734
431494
425814
425814
425814
425652
425652
425652
425913
425913
426075
426075
428115
428115
428115
420819
420819
419889
419889
416013
416013
390372
390372
422712
430008
436916
437846
437846
437846
444849
444849
440973
440091
443967
444849
450941
450941
450941
450941
450941
450941
450941
450941
450941
443472
436176
435294
442763
450059
450941
447065
446183
444013
444013
444013
441433
440338
440077
434397
434658
435753
438333
438333
438543
476859
480219
481255
455614
454382
446750
445980
445980
445818
445557
442317
442317
442317
442317
442317
442578
445818
445980
459336
468660
468876
468876
474556
474556
463300
445975
443395
443191
441679
440559
435675
456543
462591
465171
466291
467719
478975
483859
491536
491536
491480
459140
459140
459140
446057
444841
430541
430541
429611
429611
429611
429611
429611
442694
443624
443624
443624
458365
460813
467881
474201
475083
475245
474984
471744
471744
466064
456740
456578
456362
443006
443267
443483
452807
452969
456209
461889
494229
503041
503041
506353
506353
506353
506353
506353
506353
506353
506353
506353
498721
498721
498721
498721
498721
498721
498721
500835
507691
507691
507691
507691
507691
520651
519769
512701
506381
506219
500792
498344
499226
505546
507994
515062
515224
531505
530833
530777
514496
513726
530007
532317
532373
535733
535571
519290
516842
510522
503454
502572
509640
509640
509640
512088
512250
518570
518570
518570
518570
518570
518570
519362
519362
519362
519362
519362
517412
515696
501396
492772
488896
476107
488896
492772
495940
510240
516488
518438
520154
529954
527506
527506
527506
527344
520276
513956
514838
517286
523606
523768
540049
547117
544669
538349
537949
536637
530157
527847
515058
516658
522978
529458
542247
544557
545869
548317
509245
505885
505675
504639
502191
485910
485028
477960
471640
471478
477798
480246
482258
493238
493238
493400
491633
475352
474088
474088
473926
471478
470342
461018
447662
447446
415106
414845
414683
411443
411443
411443
414683
414683
414944
414944
414944
415106
414980
407684
400215
400215
407684
414980
424780
425308
428368
445693
445693
447293
448605
454237
467026
467026
467026
467026
467026
454066
454066
454066
455650
458230
458230
462990
475950
458625
437757
432873
426825
425397
423789
422669
420089
420929
432289
438085
438085
438085
438085
425002
424072
424072
424072
424072
437155
462796
495136
499012
499942
499942
499942
507238
500208
495996
495996
494960
487491
483615
491084
498114
501006
502042
502042
502042
501880
501619
501619
496817
496817
496817
496817
479107
479107
475867
475867
475867
475867
475867
462907
462907
462907
462907
471007
471007
471007
471007
471007
471007
471007
471007
477375
482829
494189
494189
499821
499821
499821
508005
506421
505561
505561
505561
503941
490981
503083
505663
512143
512143
512143
512143
506511
489186
486126
484526
484526
474726
474638
473326
460537
460537
460537
460537
461065
462377
463977
463977
463977
463977
461107
461107
454039
448359
448359
446910
446224
449094
449094
449094
454774
461842
461842
466397
453314
452384
445088
445088
445088
441212
415571
383231
383231
383231
385352
386282
386282
386282
386282
386282
388862
389534
397190
408550
419470
420782
420782
420782
420782
414302
414302
414302
401342
398762
398090
398090
387170
379514
379514
378202
375622
364262
365574
368154
368826
376482
387842
398762
398762
398762
409619
409619
413495
413495
413495
413495
400535
400535
400535
400535
400535
400535
416144
455216
464656
469458
469458
469458
475238
481508
490604
490604
489292
489292
489292
488764
487164
487164
487164
487164
487164
487164
487164
488764
488764
489292
489292
489292
489292
486712
486712
486712
479056
467696
467024
456104
454792
462448
462448
465028
465700
474520
481930
483242
483242
479366
479366
479852
479852
472383
472383
465087
472383
479852
480734
480678
478368
475008
458727
456147
456147
455979
448323
438999
428079
428079
426767
428079
439439
440111
442691
442691
442691
449843
460763
458453
445664
439184
437584
431264
428816
427504
433824
436134
436134
436134
437446
448610
450210
450210
449328
453204
454086
442726
441414
441414
441414
430494
427914
427746
420090
454278
455590
464914
467494
478414
481782
489438
490110
489228
485352
485352
485352
477696
442752
431392
428812
427500
416580
415908
414576
414576
414576
414576
414576
414576
414576
414576
414576
415395
428478
428640
428640
429432
442788
444372
455628
457077
457077
462757
466189
487057
487057
489927
489927
489927
489927
489927
495607
504931
505619
506205
507045
507837
516507
518921
521981
522669
523357
526417
515057
515057
521735
521735
525167
528839
543139
554103
554103
557463
557463
557463
557463
558138
558138
558138
563818
574858
575698
575754
577470
581862
583812
583812
583812
622884
623814
624075
624075
625170
626619
626619
627307
652948
652948
655258
655314
654384
654384
654384
654384
654384
654384
641301
641301
647982
657226
657226
657226
657226
657226
658156
658156
662548
668228
674276
674276
674276
679078
679078
679078
679078
679078
679078
679078
679078
679078
679078
689998
689998
692578
697358
698670
698670
699342
699342
699342
699342
699342
699398
699398
712358
713150
724619
725307
725307
725307
725307
729503
729503
729503
750371
750371
750371
757401
757401
764431
764431
764593
765913
771545
792413
792413
793449
797121
798549
798549
798549
805579
808449
808449
813809
813809
817559
818489
819584
819584
819584
830042
830042
835674
835674
835674
835674
846930
846930
847942
848104
848104
848598
848598
848598
849126
849126
849126
856422
859862
860024
860024
860024
860024
860024
860024
860024
859936
858336
858336
858336
858336
863968
865568
866096
866096
866096
866096
869237
869237
869237
869237
868565
868565
857645
855065
853753
844429
844429
847009
847009
847009
847009
848321
848993
848993
848993
848993
848993
848993
848993
848993
883001
886169
892973
892973
892973
892973
892973
893234
893234
914134
914953
914953
914953
914953
914953
914953
914953
915628
928704
928704
928704
934160
933472
932542
930934
923302
897661
897457
896362
897292
897292
898387
898387
901827
901827
901827
901883
901883
901883
901883
901883
901883
901883
901883
901883
901883
901883
901883
907339
907339
909509
909509
909671
909671
931220
931220
931220
931220
931220
932039
928607
928607
928607
928607
930323
930323
930323
938363
939035
939035
925952
925952
929132
932300
932300
932972
932972
932972
932972
932972
932972
932972
933134
933134
935582
932522
934122
945457
944638
944638
944638
944638
947580
947580
947580
947580
947580
948675
948675
948675
948675
947411
938787
938731
938731
937664
935264
936980
936980
943228
943228
943284
943524
943524
943524
943524
943524
943524
943524
946959
946959
946959
946959
945647
945647
945647
944975
942395
944111
944111
944111
945423
947823
947823
947823
948063
954973
954973
954973
956009
957941
957941
957941
957941
957941
961630
960181
960181
960343
960343
959655
959655
959655
959655
968695
972367
972367
976493
977529
977529
977529
977529
966672
966672
965536
965536
962666
962666
962666
962666
969146
969308
968272
968272
968272
961760
948800
948800
943998
901998
884288
881428
881428
865147
874025
874025
874025
874025
878050
878050
878050
878050
878050
878050
880438
880438
876766
876766
876766
876766
876766
877861
877861
877861
877917
878709
878709
878709
873029
880685
880685
880685
880685
880685
879827
870027
855727
853900
845276
844951
841075
840283
853072
861696
865572
867288
877088
877088
877088
880256
880256
883316
884411
885863
887519
887519
887519
887519
888555
888555
888555
888230
894550
887872
881392
887072
883640
885584
885584
885584
885584
885584
885584
888644
890244
895700
896372
902196
902196
902724
903375
903375
903375
910405
910405
910405
910405
910405
910405
910405
903375
903375
903375
900961
900961
887605
887605
887605
887605
887605
887605
887605
888445
889285
889285
889285
889285
889285
889285
896754
896754
896754
896754
896754
896754
896754
896754
896754
896754
899624
899624
908948
909878
889010
889010
892250
892250
892250
892250
893090
892928
892928
891908
891414
899120
899120
899120
899120
899120
899120
898856
898597
898597
894925
894925
900557
900557
900557
901397
901397
901397
903053
903053
903053
904365
904365
907425
908355
908355
908094
908094
908094
908934
908934
908934
908934
907570
907570
907570
907570
907570
900540
900540
900378
900378
868038
868038
867246
867246
867246
867246
873924
873924
873924
873924
876504
876504
855636
855636
855636
855636
855636
855636
855636
844596
835856
836117
836117
837197
837872
837872
837872
830972
832572
833608
833608
833608
834283
834283
834283
825613
825613
825613
825613
831069
829620
829620
829620
829620
829620
829620
833356
833356
840202
836842
836842
838154
838154
838154
838154
838154
840774
840774
837904
837904
838144
838144
838144
839537
818669
818669
818669
819461
823829
823829
811040
811040
811301
811301
811301
812753
812753
812753
821423
821423
820493
819653
823529
820169
820169
819074
819074
818912
818912
818912
812432
812432
814742
814742
816458
816458
816458
810778
812263
811575
812887
812887
812887
812887
812887
812095
812095
812095
812095
812095
812095
812095
812095
812095
805065
805065
805065
805065
807935
807935
782294
780694
780694
780694
780694
781814
781814
794774
794774
794774
801804
801804
802840
802840
802840
797384
797384
797384
795668
795668
795668
795668
795668
794068
794068
800128
800128
800296
799366
799366
799366
799366
800966
800966
800966
788177
787489
787249
787249
787249
787249
787193
787454
761813
761813
761813
764393
774851
774851
774689
773553
773553
772734
781358
781358
781598
782390
785872
785872
774512
764054
764846
764846
764846
764846
764846
764846
764846
764846
764846
764846
764790
764790
764790
764790
765462
765462
767046
753963
753963
753963
753963
739663
742243
741207
741207
748995
748995
748995
748995
752427
752427
752427
752427
751095
751095
751770
751770
752562
750742
754414
754414
754414
754414
754908
758580
758580
764628
762180
762180
762180
762180
762180
763632
762024
762024
762024
762024
762024
760424
760424
760424
760336
760336
747547
747547
747547
741915
741915
741915
743227
744827
744827
744827
744827
753080
753080
753080
753080
756080
754985
754985
755915
755915
755227
756046
756102
756596
758196
750727
761647
765397
765397
768029
768085
768085
767155
767155
752855
752855
739772
739772
739772
747068
747998
761081
761081
761081
761081
761081
761081
761081
756689
756689
756689
761491
760699
760699
751375
751375
751375
750689
750689
755919
773629
773629
773629
773629
773629
773629
773425
773425
773425
774100
774100
774100
735028
735028
735700
736736
736736
736680
736736
736736
735224
746264
744952
744952
744112
749792
749792
748697
746981
746981
746981
746981
753461
753461
754149
754149
754149
755665
755665
755665
755665
758113
758113
758113
758113
758113
758113
758113
757273
759769
756709
759954
759954
759954
759792
759792
759022
760678
760678
760453
760453
798748
798748
791452
791396
791396
788536
788536
789848
789848
789848
790772
784094
784094
784094
784094
784094
784094
784094
784094
782438
783750
783750
791382
791382
791382
791382
791382
791382
791382
791072
791072
798704
798704
793072
793072
793072
785603
785477
778181
778181
778181
778181
778181
778181
778181
778442
778442
781025
781025
781025
781025
769985
769985
769985
769985
769145
769145
769385
769385
766325
766325
766325
772645
774097
769705
776605
776605
775510
775510
776350
778960
786429
786429
786429
786429
778960
778701
771671
770969
770969
770969
770969
770969
769457
769457
776487
776091
775403
776043
776043
776043
777759
777759
777759
777759
778551
778551
778551
778551
781791
781791
774761
775289
775505
775505
775505
775505
772337
772337
772337
772499
773174
773174
773174
773174
765878
765878
766550
766550
766550
766550
768998
767378
767378
767378
767378
767378
767378
767378
767378
767378
767378
767378
767378
767872
767872
767872
768811
768811
768811
768552
768552
770328
770328
770328
770328
770328
770328
769208
768536
768536
768536
767717
767456
767456
767456
767717
767717
767717
767629
767629
765421
765421
756751
756751
756751
749455
749455
752895
753156
753156
751548
751548
750096
750096
750096
737136
737136
738720
738720
738720
741702
741702
741702
741702
741702
741702
744252
744252
744196
744196
745036
745036
745036
750580
750580
750580
750580
750580
750580
750418
750418
752728
752328
756000
756000
756000
756000
756000
755760
761136
762448
751990
748114
748114
748114
748114
748114
748114
748170
748170
752972
752972
758570
758570
758570
758570
759389
759221
759221
766877
766877
766877
765565
765565
765565
765565
765403
771035
770867
773737
772021
770569
770569
770569
770569
770344
769850
771434
771434
771434
771434
770684
774434
774434
775274
775015
774847
772915
770075
770915
776711
776711
776711
776711
776711
778881
785911
785911
785223
785223
792103
796657
796657
796657
796657
796657
796657
797969
799877
799877
799877
799877
799877
799877
794245
794506
791446
791278
791953
791953
791953
791953
790237
790237
790237
790237
790237
790237
789445
789389
789389
788294
788294
788294
788294
788294
788294
781616
781856
782531
785471
784679
784735
792795
791139
791139
791139
791139
795507
795507
795507
795507
799383
799383
799383
757383
746463
746463
746463
746463
748063
746635
746635
746635
755959
757559
751239
751239
743583
742764
742503
742503
742503
743191
743191
742944
738552
738426
738210
736494
736269
736269
736213
733799
738191
738191
738359
738359
738359
739034
739528
739528
739528
733848
728168
728168
727238
723566
723566
723566
722334
721022
719366
719366
718616
716900
691259
691475
691475
692405
695925
695925
695925
695925
695925
695925
695925
695397
695277
695115
695115
695115
695115
695115
695115
695355
695355
695355
708144
708144
708144
706692
706692
706692
705108
705108
703744
704839
704839
704839
702889
694219
695671
695671
695671
695671
699421
699421
699477
695805
695805
695805
695805
692935
692935
723415
723415
723415
723415
723415
722623
722623
728943
728943
728943
728943
728943
728943
711233
711233
710547
710547
710547
710547
710547
709235
709235
708099
707413
707413
707469
707469
710339
710339
710501
711596
711596
713180
713180
713868
713868
716008
719884
719884
719884
719884
719884
719884
714428
713753
713528
713528
734396
734396
734396
734396
735374
735374
738434
738434
738434
742310
737942
737822
737822
737822
739992
739824
741994
741308
742100
738428
738428
738428
738428
739100
739100
739100
726140
725468
727916
727916
727916
727916
727916
727916
727916
727916
727916
731348
725716
725716
725716
725716
725716
720084
720612
726408
733086
734181
733920
733920
725296
730098
730098
732678
732678
732678
737562
745031
745031
745031
745031
747431
747431
747431
748361
748361
748361
752111
752111
752639
756311
758087
758087
758087
758087
759123
759123
759123
759123
759123
759123
759123
759123
759123
759123
759123
759123
759123
759123
752643
752643
752643
752643
752643
756393
754985
754985
749305
749305
749305
752033
749163
748995
748995
748995
741965
741965
741965
736141
736141
736141
736141
736141
736141
741169
734139
734139
734139
735234
735234
736890
736890
735960
735960
756828
758140
758140
758140
757740
763420
763420
764239
764239
764767
763051
762557
762557
765725
768125
769220
769220
769220
768812
773436
773172
773172
773172
773172
773172
773172
773172
773172
772312
772312
773242
773917
773917
772465
771673
769363
769363
766915
766915
768367
777037
779789
779789
779789
785469
785469
780667
780667
780667
780667
780202
780202
778032
778032
778032
782886
782886
782886
782046
782046
780734
780734
783072
783072
783072
783072
783072
781472
781472
768683
766373
766373
760053
758741
760341
761653
761653
762901
762901
762901
767361
767361
767100
767100
763350
763350
765633
767085
767085
767085
767085
767346
767346
767087
767087
767143
767143
767143
761687
765359
765359
765359
765359
765359
765359
765359
765359
763759
750970
749658
749658
749658
749658
750186
751786
751786
751786
751786
751786
751786
751786
751786
750474
753714
750654
753018
753018
751706
751706
751706
751706
754631
754871
757451
759051
760767
759927
758211
758211
759306
759306
760236
760236
760236
760236
760236
760236
760236
760236
760236
760236
760236
760292
760292
760292
760292
760292
760454
760286
760025
760025
760025
760025
760025
760025
760025
760025
757715
758534
758534
758366
758366
763998
763998
765447
765447
765447
771767
764135
764135
765851
766887
766887
770247
763347
769779
768179
768179
767920
764680
764440
768112
768112
761792
761792
774875
774875
774875
774875
774875
774875
774875
774875
774875
774875
774875
774875
771443
771443
771443
771218
773812
773812
773812
778180
777250
777250
777025
777025
766105
766105
762229
762229
762229
762173
762173
762173
762173
762173
762173
762173
762173
760589
763037
762001
762001
762001
762001
762001
763717
772457
775327
780211
767251
774131
774131
781919
781919
781919
788949
788949
788109
790797
790741
787573
787573
787573
796313
796313
783524
784018
784018
784018
784018
751678
751678
759466
759466
757866
757866
757698
757698
757302
757041
757041
757041
757041
756879
756879
758535
758535
759354
759354
759354
760026
762336
762336
761661
759261
759261
759261
759261
756391
758631
758631
758631
758631
758631
757701
757701
757701
757701
757701
757701
756249
756249
757285
757285
757285
757285
757285
750965
750909
750909
750909
750909
750909
749693
749693
748763
748763
748763
748763
735680
735680
735680
735680
735680
736355
740231
737171
737171
733295
732200
732200
732200
732200
733700
733700
740020
740020
740020
740281
737701
731653
731653
736537
737065
734485
737545
741463
741407
741407
741407
741407
741407
740835
740835
740835
740835
740835
740835
740835
737475
737475
737475
737475
733803
736971
742603
740947
740947
744115
744115
744115
744115
747283
747283
753536
753776
753776
753776
752984
752984
759304
760144
760144
760144
760144
760144
764020
764020
764020
764020
764020
764020
764020
764020
764020
761150
762245
763697
763697
763697
766865
766604
766604
769628
769628
769628
769628
763580
763580
763580
724508
724283
725937
725937
725937
725937
730329
733881
745241
745241
745241
747481
750351
739893
739893
739893
738581
738581
739075
739075
736495
735807
735807
735807
738387
732067
732067
732067
734937
737997
737997
737997
741669
732345
724557
735015
735015
735015
738455
720745
719145
719145
719145
717833
717833
724863
724863
727173
727173
727173
727173
726037
726037
719007
717351
717351
715923
715923
716595
724493
723277
723277
723277
715645
715151
728111
728111
734431
734431
734431
731983
731983
731164
731164
731164
728764
726184
726184
725968
725968
718499
718259
717123
717123
716373
720585
721621
728521
725353
725353
725353
725353
725353
725353
725353
714313
701353
701353
697913
697913
699513
698825
701393
701393
701393
701393
701393
701393
702323
703142
706382
685514
685514
679466
679466
679466
679156
679156
679156
692116
692956
694672
694672
693880
693880
693880
692296
692296
692968
692968
692968
691901
685853
688433
688433
691493
690563
690563
694931
693215
692120
692120
692120
717761
718433
711953
711953
711953
716165
716165
716165
716165
716003
716003
716003
716003
716003
716003
716003
722399
720815
720815
722127
729596
729652
734306
733042
732986
732056
730744
730744
730744
732456
740268
740268
740268
740268
740268
740268
740268
736908
736908
742540
742540
747342
747342
753138
753138
753138
753138
756306
756306
759978
757530
757530
757530
757530
757442
757442
756914
753674
753674
753674
753674
756914
756914
762962
762962
762962
762962
759290
760130
760130
760130
760130
760074
760746
762960
766710
775677
775677
775938
776974
776974
777766
781450
781450
781450
779734
779734
779734
779734
779734
779734
779646
779646
770906
762166
762166
762166
762166
759586
759586
761186
761978
761978
761978
761978
761978
761978
761978
756346
756346
757798
750142
750142
753814
753814
753814
752719
744049
745705
745945
745825
745825
751505
751505
751505
751505
754061
757961
763757
760697
754901
754901
751469
750794
750044
754840
754840
754840
767629
767629
769283
769283
765843
764391
764391
764391
764391
764553
764553
764553
760881
771921
771921
771921
771921
772596
768228
768228
767148
767148
765699
768147
768939
768939
777609
777393
777887
779607
781140
781140
781140
781140
785016
785016
795474
795474
795714
795714
795714
797886
796791
796735
796735
795699
797415
797909
796309
789241
790634
790634
790634
790634
790634
786962
786962
786962
793010
793010
789134
789134
788462
788956
780286
780286
780286
782800
782539
782539
782539
782539
782278
786556
786556
786556
786556
786556
787231
792911
799979
799979
799979
799979
799485
804355
804355
804299
804299
804299
803480
804575
793655
793655
789287
789287
789287
789287
789287
789287
781655
781655
775335
774689
774689
774689
775508
775508
776180
777275
776549
776549
783129
783129
783129
781677
781677
774381
774381
775221
771471
771471
771471
774639
766851
766851
773919
769527
769527
766359
766359
765673
754313
754313
754313
751733
751733
751733
755677
755677
755367
755367
755367
754839
754839
754839
753239
753239
753239
753239
753239
753239
758871
760183
762803
762803
762803
762803
773216
773744
775344
774658
777799
788719
788719
788719
789394
789135
789135
786075
790287
792735
793407
792761
792451
792451
787567
788407
801367
801367
804799
804799
803704
803443
800863
800863
799255
799417
802537
802537
802537
802009
802009
802009
802009
802009
802009
802009
802009
802009
802009
798949
793317
795759
795759
795759
795759
795759
795759
804499
804331
802903
803278
802183
802183
802183
801689
801689
801689
801689
801689
801689
802619
798947
798947
799766
798671
798932
798932
801428
801428
801428
798260
798260
798260
798260
808060
810010
816958
810478
810478
803800
803800
803800
803800
803800
800050
800106
795222
795222
795222
799622
799363
800293
800293
800293
801793
801793
798433
798961
797697
792065
794645
798085
795215
795215
795215
796667
797762
797762
776894
776894
776894
776894
776894
779204
779204
785005
785173
785173
785173
785173
785173
784106
784268
789228
789228
789228
794860
794860
794860
795652
795652
795652
795652
795652
782569
782569
783664
783664
783904
783904
783904
783904
783904
783216
788672
787408
787408
787408
787408
787408
793456
793456
793456
793456
793456
793456
793456
793456
789784
789784
786616
786616
786616
786616
789976
789976
789976
795432
795344
786604
787699
786973
786973
786973
786973
786973
786973
789094
789094
790546
794218
793957
796993
796993
796993
796993
796993
796993
796993
796993
796993
793321
784581
784581
784581
783486
783486
780426
780426
780426
781521
792564
792564
792564
792564
792564
792564
792402
792402
792402
792402
792402
792402
792402
786722
786722
793042
793042
790732
794172
794172
794172
794172
781212
781212
781212
781212
780420
780681
783654
783654
783654
783654
770571
770571
770331
770331
770331
778955
782705
782705
782705
778955
778955
779011
779011
779011
779011
779011
779011
778151
777293
777293
783089
783089
783089
783089
783089
783089
783089
783089
783089
783089
783089
783089
772631
763961
769757
762727
775810
775084
775084
774684
771814
768064
763180
763180
763180
763342
763342
763342
763342
762654
761835
757467
757523
761487
761487
761649
761910
761910
761910
768756
768918
776706
776706
776706
776706
776706
772830
772830
772830
772830
772830
772830
772365
771573
771573
777893
777893
772069
772069
772069
771575
771575
771575
770756
765872
765872
765928
765088
766688
766688
766688
758018
762386
762386
762386
765554
764487
756699
756699
756699
764487
764487
765162
765954
765954
765279
765279
765279
765054
750754
743854
743854
743854
743854
754270
754270
754270
754270
754270
754270
749902
749902
749506
749767
749767
749767
753439
753439
753439
756679
756511
756511
756286
752614
750958
761998
761998
761998
761998
761998
761998
761998
761998
749038
749038
745798
744718
744718
749234
749234
745022
745022
746474
746066
749738
748082
745022
745022
748082
748082
748082
748082
747772
747772
748702
748702
748702
748030
751780
751519
752013
759309
759549
758709
759745
759745
768415
781771
781771
781771
774703
779395
779611
779611
780541
781360
790240
790240
790480
790480
790480
790480
783450
783450
783450
772992
769560
770872
770872
770872
770872
770378
770378
770378
770138
770138
768538
768538
765598
765598
754741
754501
754501
754501
754445
747415
747415
747156
741360
741360
735680
726940
726940
726294
726294
726294
726294
726294
713505
713505
710635
710635
710635
697675
696459
688990
688934
688934
688934
681904
681904
678232
678232
678232
678232
678232
671202
671202
664882
664882
664882
664882
664882
664180
664180
663250
660940
660940
660940
660778
660778
656902
644113
644113
644113
635373
634061
633221
633221
632429
631334
631334
625286
625286
625286
625286
622226
622226
615196
615196
615196
615196
602113
602113
602113
598673
598673
598673
598505
572864
568652
567860
561540
560968
560968
560282
557972
556256
556256
556256
556256
556256
547632
542748
539388
538980
538980
536400
532960
531360
531360
531198
531198
525150
517494
517494
517494
516702
516441
516441
516441
516441
515769
514674
507774
507774
507774
507774
507774
507774
506982
501526
501526
501032
500864
492124
492124
492124
492124
492124
490524
489212
483580
483052
483052
470263
467203
467731
476805
494130
494130
499527
500839
503899
509531
511131
511131
510821
510821
510821
510821
510821
508511
508511
507692
506597
506597
505502
505502
505502
504683
502733
502733
502571
502571
498359
485399
485399
485399
479603
478195
475615
470731
469891
464067
464067
456999
453327
453327
453159
447363
447363
446283
435243
435081
434355
434355
427287
427287
427287
426759
425447
425447
425447
425447
425188
425188
425188
424516
420844
419392
418720
412672
409432
409432
409192
409192
405316
396692
394976
385176
383349
382557
382557
387056
390932
394100
401050
409674
411624
413340
426129
426129
426129
426129
425310
425310
425310
425142
414684
403644
396744
393384
393384
387064
387064
384004
384004
384004
383608
383608
383608
383608
390286
391078
408788
415288
415288
414496
414496
410746
410746
409651
409651
398731
398731
398731
398731
398731
398731
398731
398611
398611
398350
397270
387470
387470
387470
387470
384302
384302
384302
376514
375106
375106
374881
374881
374881
374881
374062
373132
373132
373132
367676
366444
365950
365950
365950
365950
365689
365689
365689
365689
361321
360646
360646
359194
359194
348274
348274
348274
345034
345034
344978
341306
334986
329190
329190
329190
329190
329190
329190
329190
328154
317114
317114
308374
308374
308212
307282
307282
307282
307282
307282
307282
307066
299770
299770
299770
286687
286687
286447
285655
285655
285655
285655
285655
285655
285655
285655
285655
285655
285655
285247
285247
284847
284847
283535
282271
288591
290901
297381
299829
301429
302741
315530
302447
302447
302447
302447
298697
298697
297602
294434
294434
294434
290684
287252
287196
286935
285335
285335
285335
285335
276665
276665
275735
275735
275679
275679
262323
262323
262323
262323
261648
261648
261648
260048
256988
244199
234399
233087
233087
232559
215234
209602
226927
236727
242359
255148
256460
256460
258060
261120
261648
261486
253698
253698
246402
242730
239670
239670
239670
239670
228750
221720
221720
221720
221720
221480
221221
221221
228251
229287
230715
238184
242060
246272
246272
246272
246272
252950
264310
255686
255686
250054
250054
250054
250054
250054
257350
257350
264819
264555
262935
262935
262935
269613
276093
276093
275925
270129
277037
277877
283673
283145
281545
278485
272853
260064
258752
241427
231627
231627
234687
234687
234001
234529
232762
231626
231626
241426
243026
257326
258638
271427
268557
274442
274442
280074
281523
288591
293393
295692
310480
316160
319030
319030
319030
319030
318974
318974
310350
318974
318974
325294
325294
325350
325350
322290
312490
311962
294637
293325
280536
274904
272044
270444
263766
252406
259084
270444
263964
257644
256332
254732
252284
239495
237185
249974
256454
258902
260214
262524
264124
270444
270444
262975
255679
255679
255679
252239
251144
251144
250214
250214
251309
258941
259871
271127
296768
298196
301636
298468
296518
287894
284018
269718
256929
254479
252763
262563
272411
285200
288964
290680
290680
293848
293848
291622
290002
296680
303160
302992
302992
302992
302992
302498
302498
302498
298106
297431
286071
279393
286071
297431
296395
292183
288307
281277
279849
272380
279410
283622
291091
292519
293555
293555
292419
292419
291489
291489
291489
291489
291489
291489
278700
277100
274652
272342
265862
259542
258230
264710
270107
272555
274155
278435
280745
282057
276261
275421
264061
275421
281217
282057
275379
264019
275379
282057
275577
268899
271020
283809
286749
289677
296973
305643
314771
326131
329191
340231
340231
343399
344329
348205
349861
351313
355063
355119
355287
358647
358647
359577
359577
362025
364425
399369
405993
409869
410541
416589
421473
425223
425223
442548
460258
467727
474795
476379
477309
485097
485097
491997
493425
506385
507585
508079
513335
518791
557863
557863
558958
564754
564922
564922
575962
577274
579854
580529
593489
595205
596861
596861
600301
604051
607111
608206
611266
611266
611266
611266
612058
615298
615354
615522
615522
616016
623485
624367
628117
628279
628954
633838
634678
634678
634678
665230
666022
666022
666022
666862
666862
672318
672318
676194
676356
677286
677286
678738
684370
684370
686820
686820
699780
706260
706260
706260
706260
709700
713140
717172
717172
717172
720604
720604
722428
722428
722428
722428
726002
726002
729058
732586
740314
740314
746138
746138
746957
746957
746957
746957
746957
746957
748077
748077
748749
748749
748749
749010
749172
753796
753796
753796
753796
753796
752564
742764
742764
740937
726637
726637
723469
721753
723469
723469
726637
726637
726637
726637
726637
726637
729405
730335
730335
733695
733695
733695
733695
735351
735351
735351
735351
735351
742143
742143
742143
742143
743595
748810
749650
749818
749818
749818
749818
762901
765549
767001
767001
768453
772845
772845
773533
774463
775282
775282
775282
775282
775282
775282
775282
778722
778722
778722
786354
786354
786522
787210
786418
775058
757348
755122
755122
760006
762586
762586
762586
762586
762586
762586
762586
762586
762586
762586
762586
770613
770613
770613
770148
771243
771243
771243
771243
776699
776699
776699
775467
775411
774147
774147
774203
774203
774203
780523
789035
793752
793752
793752
793752
793752
793752
793752
782712
782712
783552
770763
770763
770763
770763
770763
775155
776759
776759
777854
782502
782502
782502
784102
784102
784102
784102
784102
785138
785138
785138
785138
785138
772055
772055
766007
764579
751619
751619
751619
752147
752147
752309
752309
752309
752309
752309
752309
752309
752309
752309
752309
752309
759965
763405
767824
767824
771700
770248
770248
770248
770248
770248
770488
770432
770432
770432
771942
771942
772734
772734
772734
777618
777618
777618
777618
777618
786288
785496
789168
790204
789412
789412
790087
790087
790087
790087
790087
795883
795883
795208
795880
795880
795718
797030
797030
793970
793970
793970
793970
793970
795422
804046
796258
801714
801714
807762
807762
807762
806046
806046
806046
806046
812699
812699
812699
805403
808643
808643
816183
817023
817023
817299
817299
809830
809830
809830
809830
809830
809830
809830
809992
809992
809992
809992
802360
802360
802360
803290
803290
803290
803290
799850
799850
799850
786890
781094
773625
773625
773625
773625
770565
767505
767505
749795
767663
766733
773633
772269
772269
772269
772269
773697
773697
762657
771327
771327
771327
771327
774375
780717
780957
780957
781125
781125
784293
784293
784293
784032
784032
784032
784032
772672
765994
765994
768934
771514
771514
766630
766630
766630
765811
765973
765973
765973
765973
765973
765973
765973
765917
766157
766157
766157
766157
766997
766997
766997
767159
767159
767159
767159
766759
770509
770509
770509
771439
771655
770203
770203
770878
770878
770878
767710
767710
767710
767710
767710
767710
767710
760414
760414
760414
760470
766518
765110
765110
765929
765929
765929
765929
765929
765929
766859
766859
751739
751739
751051
751051
752263
752263
752757
752181
752181
752181
748305
751977
746521
746521
764231
763031
754291
754291
754291
754291
754291
754291
754347
754347
752691
752691
752691
752691
759987
765167
766007
766007
766007
766007
766799
772255
772255
772255
772255
772255
763585
763585
763585
763585
755953
755953
755953
755953
755953
755953
756214
756214
756214
756214
756214
756475
756475
756475
756475
756475
764107
764107
764795
764795
764795
764795
729851
732375
743415
742485
729402
730332
730332
728732
728732
728732
718932
725252
725252
724157
724157
724157
724157
729789
730629
736949
736949
736949
736949
736455
736455
736455
735615
734796
734796
734796
734796
731356
731356
731188
731188
731188
731188
727438
727438
732240
731145
731145
731145
730457
733897
733897
740377
740377
740377
741689
736805
736805
737066
737306
740738
735282
735282
738722
741302
741302
741302
737862
738123
737087
735659
728190
728190
723978
716948
716948
716948
721832
718392
724696
724696
724696
724696
728065
728065
728065
729781
721993
721993
721993
721993
721993
721993
721993
721993
725053
725053
725053
717985
718804
718804
719065
715625
721748
719438
719030
706241
704929
703309
702909
696589
702459
703771
703771
703771
705371
705371
705371
705371
705371
706190
706190
706190
706190
706190
706190
705260
703604
703604
710634
718103
717707
710807
710135
710135
709973
709973
709973
709973
710135
716455
716949
717477
717477
728517
728517
728517
729612
729612
731268
731106
731106
724206
723959
722303
722303
721577
721577
721577
721577
732617
734069
734069
734069
729185
729865
712540
712300
712828
717272
717272
717944
717944
717944
717944
717218
717218
718874
729242
728596
729284
728492
728492
728492
728492
728492
728654
728654
728654
728654
728654
724982
718082
718082
718082
718082
716498
733619
730679
730679
730679
730679
730679
750701
753869
753869
762493
761653
761653
761653
757777
757615
763439
763214
763214
765794
765794
765122
765122
765122
765122
768998
768998
768998
768998
768998
767546
775942
775942
775942
775942
779382
779382
779382
781184
781184
781184
781184
781184
742112
742112
741437
741437
741437
736553
736553
736553
747593
746918
749366
749366
749366
758106
758106
758106
758946
760398
760398
760398
761850
761850
748890
747658
754954
754954
754954
754954
755010
755010
755010
757458
754218
754218
754218
754218
754050
754050
754050
759190
759190
759246
759246
759246
759246
757530
757746
754906
754156
756736
752368
752368
752368
752368
752368
752368
758000
758494
758494
758494
758494
758494
758494
758494
758494
756544
760294
759364
759364
756004
749104
748174
748118
748118
748118
748286
744410
743290
746530
746530
740482
739170
739170
743046
741951
743607
743607
743607
743607
743607
743607
743607
704535
710331
709581
709581
720837
724713
730509
730509
735393
735393
724473
731541
725493
725493
728634
725394
728834
730490
730490
730322
728606
728606
728606
727766
727766
721718
721886
721718
721718
722754
727556
727556
728228
727298
727298
727298
720818
720818
715934
713486
713980
713980
702940
702940
702121
702121
702361
702855
702855
702855
702855
694115
694115
693255
697005
697005
697005
697005
697005
697005
697005
697005
698955
698955
700267
691597
692527
692527
692527
692527
693457
694885
694391
694391
694391
694391
694391
694391
695210
695210
699834
699084
699759
699759
692463
692463
692463
699141
699141
699141
698880
716996
723896
723896
720956
717596
717596
717596
717596
717596
716560
722192
723122
716802
713370
713370
716310
711918
711918
711918
712086
705056
705056
705056
707996
702316
702316
702316
702260
702260
702260
702260
702260
704840
704840
704840
708200
708200
702152
707832
707832
707832
710702
710702
710702
703672
705894
716934
716934
716934
713874
713874
710124
710124
704076
703146
721942
721942
721942
721942
721942
720630
720630
719748
719692
719692
719692
716802
716802
716802
716802
716802
724590
727460
726530
727218
727218
728662
728662
735436
735436
735436
735436
748396
748396
748396
748396
748396
748396
748396
748228
748228
748228
750823
750562
750562
750562
750562
754234
759914
759914
759752
759752
746669
745829
745829
745829
740005
740005
740005
776225
776225
776225
776900
787652
793972
793972
800020
793700
792860
795260
795260
795260
795020
794780
795041
795041
795535
795535
795535
795535
797151
797151
797151
797151
796463
796463
796463
796463
796463
796463
803932
804607
804519
804519
804519
804357
804357
796701
796645
796645
796645
796645
775777
772114
772114
771853
771853
771853
771853
778144
778144
778144
778144
778144
777616
780486
780486
780486
780486
780486
780486
776094
776094
774642
780098
780098
780098
780098
779930
779930
779930
776762
775310
775310
766570
758938
758938
761338
758758
750134
750809
750809
750605
750605
750605
750605
750605
757305
757305
757305
757305
756617
759677
759677
759677
760713
760713
759921
759921
761373
762192
762192
756512
757964
758639
758639
758639
771428
777132
777132
776871
776751
776751
776751
776751
776751
776751
775656
775656
775656
775656
775656
774968
774968
774968
766344
768000
769120
769795
769069
769069
769741
770836
770780
771796
771796
771796
771796
775546
775546
775546
775546
776935
775219
775057
787846
787846
787846
788107
788107
788107
788779
789815
795845
795845
795845
801525
801525
796641
796641
796641
796641
796641
796641
790161
790161
790161
789993
794877
794877
798380
797520
797520
804816
804816
804816
807984
810926
819596
819596
823860
823860
823860
823860
823860
823860
827064
825752
826544
829604
829604
827024
827024
828960
828960
818040
818715
818454
818454
818454
818454
818454
818454
816006
817042
816826
816140
823436
823436
823436
823436
823348
823348
823348
823348
823348
823348
823348
816280
823912
828280
828280
828280
828280
828280
828280
828280
826330
826330
826330
829642
829804
829804
842593
842593
846025
845857
845857
846697
846697
846697
846697
840901
839134
839134
827878
827878
827878
827384
827384
827384
826454
830330
830330
830330
830330
830330
829658
830588
835962
835962
835962
835962
835962
835962
835962
837482
834592
834592
834592
840388
840388
840388
840388
840388
819520
820065
831105
825281
829649
835273
835273
835273
824233
823974
823974
823974
823155
823155
823155
823155
824755
824755
824755
825547
825547
825547
825547
825547
824728
821858
821858
821802
821116
821116
821116
819980
818460
818460
827084
825635
825635
825635
823868
803000
797544
799144
799144
794342
794342
794342
794342
794342
794398
794398
787498
787498
790851
792171
792171
792171
792171
792333
792333
792333
792333
792333
801073
801073
801073
801073
794005
796405
796405
799357
798682
798682
798682
799640
799640
799640
799640
800735
800735
794939
799741
799741
799741
799741
799741
799741
799741
799741
799741
800429
800204
803636
803636
803636
797840
797593
797593
797593
797593
797593
814345
814345
815381
802592
811262
811950
811950
817582
818677
818677
815509
815509
814821
814821
822117
822117
804407
804407
804407
804407
804407
801827
801827
801773
801773
801773
801773
800706
800706
799776
799776
800706
801200
801200
801200
800706
800706
802306
802306
794674
789790
789790
789218
789218
789218
789218
789218
797181
798301
798301
798301
798301
798301
798301
802349
802349
802349
802349
803949
803781
803781
803781
792741
792741
792741
792797
792797
792797
792797
792797
789437
789437
792605
792605
792605
795005
795005
795005
798485
798485
798485
803369
803369
803369
803369
803369
800129
800129
797069
803639
803639
803639
803471
803732
797684
797684
797684
807473
812769
813864
815584
816403
816403
816403
816403
816403
816403
826256
822380
822596
823632
826872
826872
824292
824292
824292
824292
824292
824292
824292
824292
824292
824292
824292
824292
824033
821633
821633
821465
821465
821465
822914
822914
823298
823298
823970
825282
825282
825282
826122
831578
831578
831317
831317
832769
832769
832769
832769
832769
832769
832769
832769
832769
832769
845558
844739
839283
836413
836413
836413
836413
835767
835767
835767
835767
827027
832707
832707
832707
831491
834931
833275
833275
833275
833275
833275
833275
832781
832781
832781
832781
832781
832781
832781
832781
832781
832534
833222
833222
843430
843430
843430
843430
847110
847110
847110
853158
854194
855646
855646
854896
854896
854896
854896
851456
848586
848586
843130
836230
836230
836230
841910
841910
833170
832482
837138
837138
795138
796233
796233
789913
789913
788983
788983
788983
790639
790477
788821
790477
790477
790477
790477
790477
790477
783409
783409
781801
781801
783751
783751
783751
784426
784666
784666
784094
784094
784769
784769
784769
784769
784769
788645
788645
788645
788645
784277
784965
783309
788407
788407
789226
789226
794682
794682
795522
795783
798951
798951
802191
795711
795711
795711
799071
800727
804671
791882
791882
792122
791282
791282
791282
791282
791338
802378
802378
806746
806058
806058
800426
800258
800258
801077
801077
801077
799625
799625
799625
779605
779605
779605
778786
778786
778786
771490
772420
772420
780076
780076
780076
780076
777206
782212
771172
771172
771172
771172
771172
771172
764104
764104
760228
760228
759553
750883
750883
750622
750622
756418
763448
766388
766388
762956
762956
762956
759206
759206
747950
747950
740481
740481
745409
745409
741533
742628
700628
700628
703913
703913
708125
710705
710705
710705
709610
709610
709610
709610
709610
709610
712190
712190
712190
711950
711950
711950
715118
715958
715958
719630
718958
719633
719633
719633
717977
718145
718145
718385
718385
718385
721745
721745
721520
721520
721520
721520
721520
719772
718024
710994
710684
710684
705800
705400
696730
700162
701746
701746
701746
701986
701986
701986
701986
706378
706378
706322
706322
706322
709762
701022
701022
702058
691018
688078
690622
690622
690622
690622
692162
691126
685494
688446
687410
687410
687410
687578
687578
687578
687578
687578
688370
688370
688370
688370
688370
688370
692738
692738
692052
692052
691302
690614
692784
687900
687900
687900
687900
687900
689352
689190
689190
688330
688591
688591
682959
682959
693999
693999
693999
695451
695451
695451
694356
694356
694356
687060
683820
683820
683820
683988
687660
693292
693292
692884
692884
692884
692884
692884
699204
698084
698084
698084
700664
700664
709988
708539
708539
708539
708539
707403
706717
706717
706717
708317
708317
708317
707222
706822
706822
707083
707083
707083
705499
694459
703017
703947
703947
703947
703947
698151
695311
695143
695983
695983
701779
701779
703555
695923
708712
709836
714638
714638
714638
715326
715326
715326
715326
721122
721122
721122
721122
721122
721122
721122
721362
721362
721362
721362
721362
721362
721362
717690
724010
722915
722075
720623
720623
720623
720158
720158
720158
720158
721610
721610
720680
720680
721499
721499
721499
718559
705599
705599
705599
697943
696515
696515
697307
697307
699477
699477
699477
693157
692482
691170
690444
690444
707650
707650
707650
708490
701021
696653
697325
697269
710058
706182
706182
706182
706182
715968
715968
715968
715968
714873
714873
721193
721193
718133
718133
718133
718133
719789
719789
719789
719789
726857
714068
710828
710828
710990
710240
710402
712766
712766
721763
717887
717887
725543
725375
725375
725375
725375
725375
725375
738164
732532
735836
742736
741136
741136
741136
741928
735448
735448
735448
735448
736378
737050
743930
743930
744098
744098
744098
744098
744098
744098
743003
741787
741787
754747
746123
746123
746123
746123
751007
749971
737011
735411
735905
735961
735961
715093
715093
715093
715037
715037
720825
720825
707742
707742
706086
706086
706086
705592
703422
704110
704110
704110
715033
715033
715033
720665
720665
725549
725549
725549
725549
726669
719991
719991
720159
719763
719763
720693
719626
719626
719626
719626
719401
719401
717451
717451
710421
710421
707841
707841
707841
727983
727983
731223
733855
733855
733855
733855
733855
728175
728175
728013
733573
733573
734413
734413
734413
733663
733719
733719
733719
733719
736167
735492
732432
732432
732432
730980
729324
732564
732564
719775
719775
719775
719775
719775
728515
728515
720727
720727
720727
720727
720502
720502
714678
714678
731487
731487
752355
747987
747987
746951
747639
748734
754782
753963
753963
753237
753237
753237
753237
753237
753237
753237
753237
747781
747781
747781
747781
747541
748360
748360
751420
751420
751420
758488
752808
754464
754464
759266
759266
759266
759941
759941
759941
762811
762811
762811
762811
762811
762811
762346
765406
764548
764548
763860
763860
763172
763172
763172
767116
767116
767116
767116
768152
767222
767222
769802
769802
757013
745757
745757
746576
750788
747620
747620
746801
746115
740291
740291
741083
741083
741083
741083
741083
742013
741845
741845
741845
741845
747893
743525
738641
747965
747965
747965
735176
735176
738926
738926
738758
738758
738758
738758
738758
738758
738758
740708
740708
740708
747738
748578
750423
750423
750423
749328
745968
733008
736680
742476
750264
750264
750264
750096
750096
756416
756416
756416
756910
756910
756910
756910
756910
756910
756910
756910
748286
748286
748286
748286
748286
748286
748286
747166
747166
747166
747166
747166
747838
747838
744778
744778
744519
750433
750433
750433
751121
751121
751121
751001
753871
753871
753079
751715
754467
755097
755097
755772
755772
747148
753196
753196
756868
756868
760036
765668
765668
765668
765668
767384
766544
766544
766544
766488
766488
762612
762612
762612
761576
754280
757952
757952
758771
758771
754895
754895
753859
753859
753859
751651
751651
751411
752965
752965
753459
753459
750019
750019
750019
749803
755259
756708
749052
749052
748652
741356
742179
746055
746055
746055
746055
746055
749259
749259
736470
736470
740142
740142
734462
734462
732806
732968
732968
732968
733808
728012
728012
732380
732380
733980
733308
733308
733308
732622
732622
732622
731830
730174
742291
729502
729340
729340
729340
728652
728652
728342
728342
729014
729014
728328
724968
724968
724968
724568
724568
724568
727438
727438
727438
729748
729748
723700
720028
720703
720703
720871
720871
720871
727668
727668
716628
716628
715508
715508
716180
716180
716180
724850
724850
724540
724540
720172
733132
733012
733012
733012
733012
735744
736416
735690
735294
735294
735294
734364
738114
737426
737030
737030
737030
737030
737030
736769
736769
736769
736197
736197
739443
739611
744517
744517
744517
744517
744517
744517
748267
748267
745687
740007
740007
728967
729897
730059
733107
727651
732535
731847
732087
738483
738483
740083
732427
732427
732427
732427
734597
734653
740701
740013
740013
745469
746921
746921
748373
747237
741413
741413
741413
747733
743857
732817
732817
739717
730977
730977
730977
730977
730977
730977
725345
726657
726657
726657
737457
743937
743937
743937
742281
761575
761575
761575
761737
761737
761681
761681
762993
762993
762937
754197
754869
754869
754925
754925
754664
754664
760460
760460
760460
773420
782090
783690
783690
783634
783634
792304
792565
791485
791485
791485
791485
791485
791485
790173
790173
790173
790173
789679
789679
789679
789679
789679
789004
792172
791772
783148
783148
780838
780838
782438
779006
779006
779006
776426
779006
779006
779006
761296
762115
762115
755795
755795
755795
761843
761843
761843
763939
763939
763939
756871
756871
755271
764591
764591
764591
764591
764591
764591
764591
770911
771079
769767
768503
768503
768503
766903
766903
766903
768503
768503
768503
768503
769815
769815
769815
769815
769815
769871
770152
773836
779404
779404
781564
781825
781825
781825
781825
781825
774925
777235
777235
778054
778729
777889
781765
780645
780645
794945
805985
805985
799505
799505
802375
801703
801703
800047
800047
796375
796869
800109
801765
801933
801933
801933
801933
801114
802044
804624
804363
804363
805399
805399
805399
805399
805399
805399
805399
805237
805237
804562
798930
791142
791142
791142
791142
791142
802062
803770
802978
803034
802346
802346
798674
790886
790886
790886
790886
790724
790724
790724
790724
790724
789275
789275
789275
789275
789275
790419
790419
799714
799714
810172
797212
790892
793952
793952
793022
793022
789350
789350
789350
789086
789086
789086
789758
789758
791726
791726
797590
798430
797742
799014
803382
803382
803382
805332
805164
805164
812588
812588
812588
811862
811862
811862
811862
810767
810767
797978
801410
801410
801410
795614
795614
795614
795614
795614
795614
795614
795614
795614
795614
795614
796302
803332
803164
802372
802372
802372
802612
798400
798075
798075
800685
800685
800685
802285
802285
801820
800392
799297
798609
797001
789369
763728
764520
765972
765725
744857
744857
738537
746767
754236
755028
771681
771681
771513
771513
771513
767145
766473
765654
765654
767106
767106
767106
767106
770166
770166
770166
770166
770166
770166
769374
769374
769374
768516
764304
764304
764304
764304
764304
764304
766020
766020
765555
765555
765555
765555
765555
765387
765387
765387
765387
765387
768447
774495
774495
774495
765825
760193
759057
759057
759057
759849
759849
753801
750931
754956
754956
755644
756739
756739
756739
758909
758909
759437
759437
760473
760473
743148
749196
749252
750092
749930
753602
753602
753602
757970
757970
759626
759626
759626
760120
765800
765962
758894
758894
758894
762414
762414
762414
762414
762174
762174
762174
761094
761094
761355
756471
757263
757263
752379
752379
747987
756657
760869
760869
766549
764599
760723
760723
760984
760984
760309
764677
764677
763858
763858
758062
761502
761502
761502
761502
761558
760422
751098
744778
743466
743466
737418
737586
737586
737586
737586
737586
735870
728802
729732
729732
728324
728099
730499
730005
730005
729744
729744
729744
729744
729576
729576
732156
721299
720573
720573
722025
717657
725126
726710
747578
748673
748835
748835
748043
748043
737585
737585
737585
731265
733845
733845
731265
731265
731265
737585
739755
739995
739995
740523
734891
734891
735731
738179
738179
744659
744659
744659
743819
723799
720929
714609
714441
714441
714441
714441
722980
728776
728776
729451
729451
729451
735771
735771
735771
737203
737203
737731
737992
750661
750922
750922
750922
750922
750922
750922
756718
756718
756718
756718
756718
757246
757246
751614
751614
751614
754484
752828
752828
752828
752828
753068
753068
753068
753068
740108
740108
740108
740948
740948
740948
740198
740198
740198
740198
740198
737618
732162
732162
732378
732378
739847
739847
739847
735971
735971
735915
735915
730119
730119
726951
726951
726265
725185
725185
721945
723601
723601
723601
723862
723862
723462
722198
722198
722198
721268
721106
721106
721106
721106
721106
729530
738270
738270
731240
731240
733550
733550
723092
723092
723092
726452
725140
730810
730810
730810
743599
748727
748727
749221
749221
750013
750013
750181
750421
742633
740185
740185
737875
734815
726145
725820
728400
728400
736468
736524
735072
735072
735072
736524
736524
736524
727854
733650
734469
740789
743203
743203
747079
747023
752263
752524
752524
752524
752524
759424
759424
759424
759424
759424
759918
751178
750503
750503
750503
750503
751175
751175
757248
761616
761616
764486
764486
764486
764486
764486
764486
763450
763450
769650
771250
771250
778442
777623
777623
776804
776804
776636
780512
781200
781200
755559
755559
757008
752124
731256
731256
731256
730326
736579
736579
743609
743609
735821
735581
735581
735581
735581
735581
731831
731999
737927
737927
737927
737927
737927
737927
737927
737871
741621
741621
740829
728040
732408
732408
732408
732408
731144
731144
732180
743100
743262
739590
739590
739590
741760
741760
741760
741760
741760
741760
741760
741760
741760
741760
741760
730720
730720
739460
739460
739460
739460
739298
739298
746930
746930
746930
746930
746930
741474
747522
748050
748050
748050
753290
753290
752498
752498
752498
752498
750548
750548
759218
759218
759893
748533
746223
746223
746223
746223
744623
744623
744623
744623
744623
744623
743487
744279
745879
745879
740199
740199
733719
733719
733719
733719
733719
736029
736029
735341
733171
737251
737251
724291
714967
715642
714042
714042
714042
714042
710292
710292
710454
710334
717630
717630
717630
717630
719580
722748
722748
723423
720363
720363
720363
719571
720099
720099
723159
723159
720289
720289
720289
720289
720783
720783
721458
722494
722494
722494
722494
722494
723169
723169
723169
725569
726097
726097
732388
732388
732388
732388
733483
740952
743684
736215
736887
725967
725135
725135
724874
727274
727274
727274
727274
718604
718604
720774
721614
721614
723186
720018
720810
720810
720810
720810
713341
708973
708973
708973
708973
708973
708973
708973
708573
714369
708689
707897
710297
710057
710219
713969
713969
720017
720017
720185
720185
720185
720185
720185
720185
712889
711437
708077
704909
704909
704509
704509
704509
703717
703717
702787
706663
708247
708247
708247
708775
709615
709615
708163
710563
711493
714661
714661
714661
701578
703030
710060
709388
708548
708548
708548
706378
706378
702706
702706
704158
693700
693700
694194
694194
695034
700714
700546
700546
701666
701666
701666
701666
701666
698306
697898
697898
697730
697730
697730
691682
690418
690418
693658
692146
692146
695314
695146
695146
689098
689770
689770
686330
686330
691336
691075
682405
680953
680953
680953
682463
682463
679403
679347
679509
679509
695790
681490
681490
684850
687910
676990
676302
674850
667950
661050
661050
673839
676149
676149
677577
676758
676499
676499
676331
673751
677191
677191
676441
676180
677780
677780
676124
676124
676124
677576
671780
670685
667253
667253
673301
683759
684253
690522
690522
690522
684842
687932
687932
687932
687932
687932
685062
685062
685556
684884
695924
695924
695924
695924
691712
692588
695001
695001
695001
694913
694751
694751
694751
687282
692166
691998
681078
683478
687150
686331
686331
686331
687783
687783
688843
688843
688843
686429
686429
686429
692217
692217
694387
694387
694387
691807
694207
694207
688411
684043
684883
684883
684883
682013
683669
692321
692321
692321
700109
700949
703119
706869
711221
711221
711221
700301
700301
697721
697721
703794
707670
711882
698922
695862
695862
693692
693692
693692
704108
700676
700676
700676
700030
700030
700030
700030
706078
706753
707572
707404
698734
698734
698734
698734
698088
698088
698907
692859
692859
692859
686539
686539
686539
692363
692363
692363
692363
697431
697431
700159
700159
700159
700159
702739
703834
703834
708718
708718
708718
708457
709957
709957
705155
703643
703403
703403
703403
703403
703403
703403
703403
697355
694775
694775
686105
686049
693079
693079
693079
692149
692149
692317
692317
692317
699613
703053
704709
704709
704709
704462
700094
700094
700094
704462
704462
706062
706062
706062
703002
703002
703002
692082
692292
692348
696224
695536
695536
695536
695536
695536
696208
696208
706948
706948
706786
699886
699625
700661
700661
702377
702377
702377
702215
705587
692627
694283
700079
700079
700079
703751
703663
699787
699787
699787
707575
707575
694786
694786
698218
698218
697818
697818
697818
697818
706442
706442
706442
706442
703382
703382
703382
704057
704057
695433
697089
698541
702805
702805
702805
695336
697506
697506
702390
702390
695910
696946
696946
696858
694908
702204
702204
702204
702204
702260
702260
702428
704144
704144
704144
703982
703982
696513
701133
701133
701133
701045
701045
701045
703915
703915
703747
703486
703486
706066
706066
705826
705770
705770
705770
699974
697104
694704
694704
694704
694704
694704
694704
694704
696564
696564
675696
675696
675696
675696
675021
674527
668847
668847
668847
663051
662883
662133
662133
665003
664211
662555
659387
659387
658712
655472
655472
655472
655472
655472
655472
655472
654978
660610
660610
661282
661282
661282
661282
661282
662594
662650
662391
662335
662247
667927
667927
667927
667927
667135
671183
671183
672839
678635
678235
678235
678235
682447
684617
686069
689741
689741
687293
687293
687293
687293
688329
688329
688329
688329
688329
688329
688329
688161
688980
694612
698284
698284
711073
710579
710579
717695
717695
721445
724613
726065
726065
726065
726065
726121
726121
725001
721569
721401
721401
724461
724461
717431
717431
717431
715121
715121
718793
718534
718534
718534
731323
729871
731527
730391
733451
733451
730391
730391
729127
729127
729127
728287
728343
731583
725263
725263
725263
725263
724575
718943
731903
731959
731959
731959
731959
731959
731959
734539
734539
736709
736709
719384
719384
720176
720176
723616
725216
725216
725216
725216
725216
712427
715595
709547
709547
712987
712899
712899
719219
719713
717763
717763
717763
717763
717707
710677
719857
725137
725137
721969
721969
721969
721441
722281
722281
714985
714985
715479
720876
720876
720876
723746
723746
723252
714512
714512
714512
715040
713440
713440
715610
715610
715610
715610
714346
712036
712036
712036
705006
705006
698958
698958
703862
704898
692109
691941
691725
684093
678045
678045
677877
677877
677877
674205
674205
681273
680178
680178
674382
674382
672072
672072
671544
671544
670449
673617
673617
673617
672165
671904
671904
671229
677025
677025
676185
676185
677305
680745
680745
681675
682770
686442
687130
689710
690805
690805
697597
692795
692123
692123
692123
699191
692123
692123
691629
691629
692724
692940
693759
693759
686729
683057
696017
696017
696017
696836
697628
688958
688958
688958
688958
688697
687878
690938
690938
694106
694106
682850
682850
680680
679644
677244
677412
677412
675828
675828
672078
672078
671406
671406
676290
677385
673713
678081
678081
678081
678081
676653
676653
676653
676653
680403
680403
680403
682003
682264
676584
676746
676746
676746
676746
676746
676746
681114
681114
680274
680049
693009
696177
696177
696177
696177
696177
696177
691809
691809
692497
692097
692097
689037
696333
696333
696333
696303
688834
688162
695192
688872
691182
691182
691182
691182
691182
690507
689577
689577
689838
689838
689838
689838
689019
689019
690619
690619
697649
697649
697649
697649
697649
708107
708107
708107
706359
706359
706359
700679
700679
696803
693933
693933
693708
693708
685920
685920
685920
685920
700220
712577
712577
718033
712353
712353
712353
714555
714765
714765
714765
710397
706521
705993
706812
706812
712636
712636
706812
706812
710052
712922
711174
711174
711174
711174
711174
713484
713484
713484
718940
722180
722180
722180
728004
728004
728004
729604
729604
729604
729604
729604
729604
722308
722308
722308
722364
722364
723816
724852
720484
718828
718828
718828
718828
719620
719620
721072
719416
719416
719910
719910
719910
719910
718254
718254
717414
717414
716378
705122
704960
704960
716843
713171
713171
713171
713171
713171
714266
714266
716846
718562
718162
718162
718162
718162
726125
730493
730493
730493
729044
729044
718124
718124
716812
716812
716502
716502
716502
720174
720174
720174
723614
723614
723614
723614
712574
712574
711782
708422
715100
718772
719702
719702
720494
720494
720494
718894
718894
719155
711367
720037
723913
727153
727153
718529
719201
719201
718801
721249
721249
721249
721249
721249
721249
714219
714219
714219
714219
714219
713544
713544
714474
714474
701685
701685
697935
697767
689979
685095
684369
676737
678513
678513
678774
678774
682214
675894
675894
675054
680850
680850
680603
680603
675719
681175
681231
681231
684903
684903
684903
680691
664410
665098
665098
665042
665042
665042
664367
664367
664367
664367
664367
667307
667307
667307
667307
666515
679475
679475
671687
671687
671687
672375
669207
667037
667037
670097
670097
667037
667037
667037
667037
662825
668281
665113
665113
664294
664294
661424
661424
660736
658566
658566
658404
658404
658404
658404
658404
658404
658404
658404
658404
653602
653602
653602
653602
653602
652150
652150
652150
652150
642826
642826
642826
642826
642826
642826
642826
642826
642826
645886
660967
660967
660967
661495
661495
661495
661495
661439
656555
656061
656061
659937
660612
660612
656940
654360
660156
668780
667196
667358
667358
664190
661610
661610
661610
660791
660791
660791
660791
657731
657731
657731
654059
657131
657131
657131
657131
657803
655633
655633
656425
655606
655206
655206
655206
656518
655830
655830
655830
655830
655830
655830
655142
662210
662898
662898
662898
680223
680223
679103
679103
685423
685423
687823
687823
687661
692193
700361
698909
695033
695033
689577
715218
715218
715218
717388
718228
709604
703284
703228
703228
695759
695759
695759
694307
689939
689771
700272
703592
703592
703592
696296
696296
696296
695477
704101
707785
707035
705803
705803
711435
711435
711435
705387
705387
708447
707411
707411
707411
707411
707411
703971
707267
707267
707267
707267
707267
707267
705611
705779
705779
705779
708359
708359
701063
709687
709687
709687
709687
709687
722770
722770
722770
723031
729887
732757
732757
732757
732757
733687
734362
734362
736810
736810
736810
725890
722722
722722
722722
723842
721442
721442
721442
713973
713973
713973
716523
713463
713463
716703
727959
727959
728634
728634
728634
718176
719628
719628
720303
723471
723071
723071
720011
720011
717431
715121
718997
717281
717281
716593
716593
716099
710303
711339
711339
704271
700911
701583
701583
701583
697911
690123
690123
690123
689629
696372
697212
695496
702396
710184
710184
709923
709923
706047
706047
706047
700415
705871
705871
706132
700308
705192
706644
708852
708852
697812
697812
696500
696500
696190
699630
699630
699630
699630
699630
700470
700070
701382
701382
699974
699480
699480
699480
699480
704282
703187
690398
691073
694505
697985
697985
697985
703809
703809
703809
703809
707249
704669
712138
711043
711043
711043
711043
711043
711043
704723
707783
705613
705613
705613
705613
708781
708781
705721
702049
702049
702049
702577
702577
702739
701287
701287
697411
697411
690381
690381
690381
690381
690381
690381
690213
689538
689538
689538
689538
691122
685326
681576
681576
681576
683292
687168
687168
687168
687168
684588
691468
691468
691468
691468
691996
699465
702045
702045
698613
700329
697089
700761
700923
700923
701184
701184
713973
713973
713973
713973
713973
713973
724431
724431
717951
721701
721701
707401
710271
710271
710271
710271
714021
714021
714021
720117
720611
717741
714801
713085
709645
709807
706747
705652
707308
709756
709756
709756
706696
706696
708412
708356
708356
708356
708188
708188
708188
708188
708188
708188
707927
709376
709376
708296
708296
710466
710466
710466
710410
710410
710410
712693
712693
712693
712693
713788
713788
713788
713788
712752
712752
712752
712752
713013
713013
713013
713013
713013
712851
712851
712851
712851
716601
716841
710361
714033
713214
715614
715446
713994
713994
719790
719790
719790
722730
723660
724188
727395
728995
724627
724627
711667
711667
711667
711667
715339
715579
716615
720491
720491
720491
720491
720491
719455
719455
719455
719399
724796
711836
711836
714977
714977
714977
732687
733359
733359
733599
733599
733599
730709
727541
726869
726869
726869
729449
728761
728761
728761
728761
728673
728673
728673
728673
729492
729492
729492
729436
729436
729436
729436
718396
719236
719236
719236
729499
729499
729499
729499
732739
732739
732739
732739
732739
732739
732739
732739
732739
732739
732480
737364
737580
737580
743435
740987
740987
732247
735487
729691
729691
729691
726251
726251
733547
734339
734029
737089
729433
728313
728313
734793
734793
724335
720459
721134
719478
725110
725110
725110
725110
724894
724366
724366
721306
721306
721546
726430
726430
725965
713176
712711
712711
712711
712711
712711
712711
708835
708835
708835
708435
708435
708435
708435
708435
710091
710091
710091
720549
720549
715665
717715
706795
706795
706795
706795
708745
708745
709840
709165
713967
717717
716877
715221
715221
715221
715221
718461
718461
718461
721629
721629
720837
720837
720837
720837
720837
715953
715953
721585
721585
721585
721585
722113
729181
729397
716437
716437
712069
712330
712330
715766
715766
715766
715766
715766
721814
721814
721814
727610
727610
727610
727610
727610
730850
730850
723782
724470
724470
708189
704949
710581
711869
711869
707067
707067
707997
706902
714371
714371
714371
714371
716681
713513
713513
714617
717607
714439
707409
709125
709125
708957
708957
695874
698744
698072
698072
692248
692248
692248
698236
698236
698236
698236
698398
698398
704222
704222
704222
704222
704222
704222
704222
700346
704096
704096
704312
704312
704312
709920
699462
699062
700662
701782
701782
700687
698851
700435
700174
699486
701202
701202
701202
701202
701202
701202
701202
693906
695358
698798
702281
702281
702281
702281
703997
703997
703997
703997
703997
703997
696929
691105
691366
692402
692402
692402
692402
693332
692657
698337
703734
703734
703734
713817
713817
713817
713817
711507
711507
711507
711507
708637
708475
705895
705895
705895
707207
707207
707207
707207
707207
707039
701243
702083
707879
707879
707879
711755
711755
712016
699056
697692
704598
702942
702942
701847
701847
700583
703643
703805
703805
678164
665375
663923
666983
669950
664318
677107
677051
676790
676790
677465
677465
679065
679065
679065
674697
675733
674017
674017
674017
675733
680535
678819
678558
685236
685236
684444
693114
693114
693114
693789
693789
693789
694629
691759
698349
698349
695109
697689
697689
697689
693939
693939
690499
690499
690499
690499
690499
690499
690499
691811
691811
691811
706490
702818
702818
708466
708466
712834
712834
712834
709162
706992
706992
706992
706992
709032
710068
710068
710068
710068
710068
710068
709668
709668
709668
710508
710508
711180
711180
711855
711167
711167
711167
711167
711167
700127
700815
700815
701031
701031
701031
706663
709903
709903
718643
719738
718226
710930
710930
709478
709478
710930
707690
707690
691409
685953
680157
681469
681469
681469
682144
683456
686516
686516
686516
686306
688754
688754
688754
686174
686174
686174
686174
686174
689273
689273
689012
690612
689924
691640
691640
689192
689192
691362
691362
685566
684891
684891
688251
688251
688251
687855
686819
686819
686819
686819
686819
686819
678079
678079
678079
678079
678079
685861
683691
685291
685291
685291
685655
696695
695039
695039
691367
678284
678284
671384
665064
668124
668124
668124
667398
667398
663522
665106
657637
657637
657637
657637
659353
660193
660361
643036
642244
642156
646958
646718
646718
652766
652766
647310
646078
646078
646078
646078
646078
644846
646158
646158
646158
646158
645483
650367
650367
637578
643374
649170
649170
649170
649338
649338
646938
646266
645336
646011
645955
647203
647203
647203
650643
645187
645187
651583
651583
651583
651183
650253
651072
651072
656528
656528
656528
659968
659968
665648
666872
666872
666872
663200
663200
663200
662735
662735
662735
662474
662474
665534
665534
670336
657253
650575
650575
649263
647951
647951
655583
655583
655583
661215
665281
660479
661409
661409
661409
659825
660065
660065
658613
658613
658613
658613
666611
666352
666352
666091
666091
665830
665992
669424
669424
670096
676680
679848
680342
680342
674546
674546
674546
674546
671378
662754
662754
664704
658224
658224
661664
663614
663614
663614
663614
663389
663389
663389
663389
663389
663389
663629
660389
662439
662439
659569
659569
660388
647599
646927
644347
635723
635723
622640
622640
624356
624356
624356
631825
638305
638305
639905
641217
641217
633748
631798
631798
631798
626342
623102
623318
623579
623579
623579
623579
628439
632189
632189
632027
635387
639263
636203
636203
636203
636203
636203
635963
635963
635963
635963
635963
642993
639117
631821
631821
631821
630726
627666
627666
628761
628761
633931
642775
642775
642775
642775
643773
650776
650776
650776
658245
658245
661485
661485
661485
660645
662815
662815
656767
656767
659827
659827
659827
659827
656077
656077
656077
656077
656077
655237
655237
656929
657091
657352
658024
658024
659934
659934
658107
663739
672409
668659
668659
668659
673051
673051
671104
667228
667228
663796
663796
656728
656728
653296
642838
642438
638998
638998
638998
631529
631367
618578
618578
618578
618578
618578
618578
618578
618578
617362
617362
617362
613922
613922
612206
611456
609689
609689
609281
606833
603083
603083
603083
603083
601771
601771
601603
601603
595971
595971
578261
578045
578045
573161
573161
572753
572753
572753
572753
572585
572057
572057
570341
570341
570341
568733
568733
565793
565793
565793
565793
565793
565793
565793
565793
565793
564935
564935
564935
564935
564935
566885
566885
570053
571769
573269
573269
581443
581443
581443
579273
579273
579185
579185
579023
576863
576743
576743
576743
576743
576743
576743
576527
573359
567727
567727
562843
557211
546171
540375
538775
530035
530035
530035
529947
529947
529947
528635
526235
526235
524783
524783
524783
518463
517775
517607
516767
513527
510087
506211
506211
500531
500531
500531
500531
500531
500531
499843
499843
499843
499843
499843
492775
492775
492775
492775
489103
486233
486233
480409
480409
454768
454600
447131
441083
440589
440589
439659
437943
437297
435848
435848
435848
428552
425120
425120
424445
424184
424184
420308
417068
417068
417068
416906
416218
416218
414268
414268
414268
407948
407948
407948
407948
407948
404888
404888
401828
398468
385385
385385
384891
379259
379259
379259
378584
377792
377792
377792
377792
369168
369168
369168
369168
369168
369168
369168
369168
363372
363372
362156
361430
358070
358070
356354
355535
355535
355535
355535
355535
355310
355310
355310
355310
353710
353710
352590
352590
350420
350420
346670
345995
345995
345995
345995
345995
345995
345734
345059
337991
337991
337991
336275
336275
336275
336275
323315
323315
322496
322496
322442
321130
321130
320458
320458
313428
306398
298929
298257
298257
298089
298089
298089
298089
298089
297849
297174
297174
291350
291188
289604
287190
287190
281510
281251
278011
278011
278011
274261
273575
270515
269420
269420
267704
259034
259034
259034
257450
256138
253828
253828
253828
253828
244504
244084
244084
242134
241204
240943
240943
240943
240703
237535
237535
237535
237367
236437
228968
220228
219540
219540
215172
206502
201700
199984
199984
199984
186901
180853
180853
178273
178273
178273
178273
178273
178012
178012
178012
171334
171334
171334
169618
168306
168306
168306
168306
162674
161638
161638
161638
157888
157200
157200
153760
150592
143692
142092
129009
129009
129009
128699
128699
121067
115611
113163
113163
109923
108828
107792
107792
107792
107792
107792
104732
103696
100636
95752
95752
95584
95422
92182
92182
92182
92182
92182
91966
91966
91966
90871
90871
90871
86069
86069
86069
81267
79667
74035
72085
72085
72085
66289
59809
59809
59809
59809
59809
58497
58497
55437
55437
55221
54402
54402
54402
54162
54162
54162
45492
45492
41100
38040
38040
38040
38040
34164
34164
27134
22922
22922
17126
17126
16958
8334
6384
2508
2508
2508
2508
792
0
