37
46
8
0
42
79
117
152
162
171
136
94
56
46
88
125
160
171
136
127
117
79
42
0
70
112
149
187
222
238
248
258
267
269
516
624
697
730
691
701
709
674
635
626
593
632
666
699
709
674
666
632
622
589
550
589
624
658
691
701
709
843
873
894
894
860
821
788
778
770
736
775
809
842
852
842
808
769
736
965
1042
1092
1126
1159
1095
1106
1114
1464
1404
1421
1497
1513
1558
1581
1587
1592
1619
1670
1717
1735
1645
1646
1645
1690
1641
1527
1599
1553
1673
1725
1771
1789
1696
1697
1653
1652
1743
1691
1571
1553
1673
1725
1771
1783
1690
1691
1719
1713
1708
1687
1644
1575
1461
1415
1414
1495
1476
1421
1536
1613
1628
1683
1733
1778
1801
1713
1719
1725
1730
1731
1691
1673
1553
1552
1554
1508
1628
1679
1726
1744
1653
1654
1722
1706
1397
1706
1895
1957
1901
1828
1843
1857
1841
1937
1936
1887
1843
1730
1757
1763
1757
1730
1757
1763
1758
1741
1701
1681
1616
1610
1678
1692
1733
1753
1758
1763
1737
1731
1758
1764
1804
1821
1829
1831
1825
1798
1825
1831
1830
1814
1701
1777
1896
1921
1938
1939
1910
1904
1847
1830
1767
1578
1270
1254
1301
1629
1829
1896
1956
1871
1888
1904
1950
1987
2040
2044
2095
2099
2102
2156
2158
2229
2230
2249
2256
2252
2215
2200
2195
2177
2230
2295
2308
2346
2365
2370
2375
2425
2450
2375
2399
2436
2454
2475
2481
2521
2526
2526
2644
2727
2734
2739
2783
2863
2884
2751
2759
2785
2807
2973
2986
2987
2997
3039
3105
3140
3216
3238
3251
3260
3120
3008
3102
3173
3242
3248
3250
3305
3190
3193
3231
3236
3240
3291
3361
3383
3286
3311
3354
3253
3265
3270
3394
3272
3299
3461
3496
3521
3603
3479
3485
3398
3416
3321
3338
3374
3428
3458
3459
3459
3465
3480
3481
3491
3531
3537
3552
3606
3637
3664
3675
3682
3688
3731
3740
3872
3888
3821
3853
3897
3906
3930
3943
3945
3987
3990
4042
4127
4027
4055
4069
4074
4096
4101
4152
4157
4169
4059
4081
4082
4131
4048
4051
4073
4075
3973
3976
4015
4073
4084
4087
4126
4129
4140
4148
4177
4224
4252
4279
4167
4186
4086
4087
4090
4104
4107
4111
4111
4116
4071
4022
4058
4090
4124
4144
4159
4077
4101
4121
4130
4137
4144
4149
4153
4053
4056
4059
4061
4061
4061
4064
4105
4026
4040
4073
4077
4078
4120
4135
4189
4196
4216
4226
4235
4139
4137
4125
4110
4082
4074
4072
4063
4061
4043
4042
4021
4016
4046
4051
4069
4077
4080
4082
4085
4112
4114
4123
4130
4133
4135
4156
4158
4064
3982
3991
3997
4072
4097
4097
4098
4062
4093
4083
4052
4052
4032
4031
4014
3978
3978
3971
3968
3977
3923
3952
3894
3913
3920
3924
3925
3846
3779
3780
3869
3888
3899
3920
3936
3937
3953
3965
3974
3982
4001
4008
4003
3992
3992
3966
3938
3982
3932
3948
3950
3957
3984
3918
3920
3921
3922
3927
3928
3929
3933
3944
3952
3966
3979
3998
4007
4015
4041
4045
4049
4050
3985
3918
3878
3876
3878
3874
3829
3821
3820
3817
3792
3771
3765
3756
3754
3675
3672
3655
3651
3644
3640
3638
3651
3708
3731
3756
3776
3795
3810
3827
3833
3838
3841
3842
3889
3891
3900
3902
3904
3917
3917
3917
3920
3928
3929
3899
3882
3877
3867
3860
3840
3823
3811
3800
3799
3804
3829
3922
3926
3931
3947
3964
3970
3997
3999
4001
4004
4020
4022
4022
4026
3970
4023
4031
4076
4085
4081
4072
4068
4066
3974
3946
3908
3889
3888
3859
3840
3837
3834
3834
3831
3855
3798
3803
3809
3814
3823
3835
3787
3797
3755
3797
3802
3808
3819
3837
3854
3890
3892
3898
3903
3905
3916
3900
3885
3869
3868
3799
3797
3775
3735
3699
3655
3634
3618
3616
3614
3607
3593
3590
3622
3634
3660
3682
3704
3722
3737
3753
3767
3777
3787
3792
3796
3799
3801
3802
3823
3840
3799
3800
3817
3833
3873
3894
3894
3915
3934
3934
3942
3948
3950
3951
3959
3965
3971
3979
3974
3950
3936
3924
3921
3919
3916
3899
3938
3938
3933
3925
3925
3910
3845
3841
3835
3834
3858
3872
3885
3889
3892
3895
3897
3909
3910
3918
3930
3935
3940
3946
3951
3970
3979
4050
4056
4058
4059
4074
4086
4109
4100
4080
4079
4069
4063
4046
4045
4027
4028
3997
3996
3996
3983
3981
3967
3967
3953
3936
3915
3896
3889
3886
3882
3880
3866
3855
3848
3856
3821
3841
3804
3818
3832
3846
3856
3861
3865
3868
3869
3870
3872
3886
3894
3904
3906
3906
3948
4008
4029
4034
4036
4037
4055
4062
4063
4014
4006
3996
3993
3986
3972
4029
3956
3948
3946
3945
3922
3900
3894
3893
3891
3872
3868
3876
3887
3888
3927
3928
3931
3943
3950
3960
3963
3968
3982
3988
3995
4006
3957
3905
3895
3891
3883
3878
3878
3877
3877
3873
3857
3848
3841
3840
3833
3830
3830
3824
3816
3826
3842
3852
3866
3885
3891
3902
3924
3928
3933
3941
3942
3964
3993
3993
3996
4002
4015
4016
4025
3988
3960
3959
3950
3897
3895
3837
3833
3814
3847
3846
3833
3817
3805
3805
3803
3792
3757
3739
3732
3704
3704
3713
3683
3701
3668
3681
3685
3687
3688
3689
3702
3703
3712
3723
3725
3730
3754
3760
3713
3713
3737
3804
3840
3842
3842
3868
3878
3886
3860
3888
3889
3878
3862
3861
3841
3834
3825
3818
3791
3826
3825
3819
3816
3814
3810
3798
3792
3791
3795
3796
3806
3823
3831
3837
3843
3845
3849
3865
3883
3889
3875
3870
3885
3884
3884
3876
3867
3844
3843
3827
3821
3817
3762
3745
3744
3729
3759
3747
3745
3743
3733
3731
3710
3743
3713
3731
3745
3757
3761
3763
3764
3797
3806
3765
3766
3772
3783
3790
3796
3806
3808
3817
3842
3858
3878
3860
3872
3855
3854
3848
3794
3776
3823
3811
3784
3733
3747
3744
3742
3731
3730
3726
3724
3663
3654
3654
3622
3589
3584
3552
3553
3565
3569
3579
3586
3614
3618
3630
3639
3655
3666
3671
3692
3704
3736
3743
3753
3753
3770
3771
3773
3773
3772
3763
3746
3730
3726
3719
3714
3714
3713
3706
3695
3694
3672
3665
3632
3633
3638
3639
3606
3608
3621
3624
3634
3643
3646
3658
3671
3668
3654
3642
3603
3593
3631
3667
3650
3635
3634
3624
3609
3608
3603
3586
3582
3580
3568
3550
3535
3480
3479
3478
3473
3453
3451
3448
3428
3426
3414
3412
3411
3405
3373
3369
3368
3422
3463
3437
3454
3426
3439
3451
3463
3467
3471
3473
3474
3475
3477
3511
3512
3520
3541
3555
3557
3561
3570
3570
3572
3575
3576
3583
3584
3594
3606
3633
3633
3680
3679
3672
3644
3627
3614
3612
3608
3605
3593
3588
3568
3543
3525
3513
3496
3489
3489
3485
3445
3484
3464
3457
3452
3451
3450
3448
3446
3440
3435
3455
3468
3479
3491
3501
3507
3514
3518
3520
3522
3525
3526
3549
3550
3552
3558
3580
3582
3583
3594
3595
3616
3627
3639
3640
3645
3655
3652
3646
3645
3621
3618
3611
3611
3594
3584
3580
3514
3508
3505
3502
3484
3429
3428
3424
3407
3395
3380
3370
3357
3325
3324
3314
3381
3437
3446
3463
3478
3490
3453
3457
3460
3462
3463
3479
3487
3487
3528
3543
3547
3585
3586
3598
3603
3620
3623
3625
3616
3599
3594
3593
3590
3584
3594
3594
3589
3578
3555
3543
3542
3540
3527
3521
3504
3490
3478
3461
3458
3457
3456
3447
3437
3431
3414
3405
3402
3400
3383
3383
3381
3353
3349
3334
3330
3320
3358
3348
3346
3336
3340
3342
3357
3390
3393
3395
3399
3410
3417
3421
3442
3439
3468
3458
3503
3497
3490
3489
3481
3460
3436
3418
3412
3411
3406
3444
3443
3399
3421
3442
3443
3450
3473
3481
3496
3538
3541
3543
3543
3564
3567
3569
3598
3571
3563
3559
3557
3544
3487
3482
3464
3463
3444
3436
3417
3416
3398
3369
3366
3358
3347
3332
3267
3237
3242
3245
3252
3287
3290
3292
3298
3301
3312
3312
3315
3321
3332
3332
3333
3334
3331
3317
3302
3297
3296
3290
3286
3283
3283
3280
3278
3317
3317
3307
3306
3245
3241
3197
3187
3183
3126
3148
3154
3215
3225
3225
3256
3267
3271
3284
3295
3314
3319
3312
3285
3284
3216
3203
3130
3123
3117
3094
3083
3081
3075
3085
3088
3108
3109
3110
3116
3122
3135
3196
3198
3212
3234
3253
3269
3293
3298
3298
3303
3305
3312
3312
3328
3354
3361
3373
3312
3352
3325
3313
3302
3283
3270
3262
3249
3236
3223
3211
3210
3201
3189
3165
3149
3143
3112
3101
3138
3152
3164
3175
3183
3188
3191
3209
3220
3237
3250
3252
3269
3276
3283
3284
3297
3314
3325
3339
3342
3343
3310
3311
3312
3352
3359
3313
3332
3326
3321
3316
3310
3314
3289
3288
3266
3265
3243
3238
3257
3246
3246
3245
3237
3266
3278
3289
3293
3295
3295
3297
3297
3300
3361
3361
3364
3369
3374
3377
3387
3413
3415
3437
3445
3468
3470
3470
3495
3475
3474
3456
3455
3455
3431
3430
3420
3410
3397
3389
3389
3361
3357
3351
3346
3336
3335
3363
3369
3373
3373
3388
3395
3414
3433
3436
3442
3446
3449
3415
3417
3461
3464
3465
3479
3505
3507
3519
3525
3525
3525
3527
3542
3513
3512
3508
3500
3489
3487
3487
3459
3455
3443
3447
3445
3445
3443
3441
3434
3404
3432
3444
3455
3459
3413
3414
3420
3422
3440
3443
3448
3450
3485
3491
3493
3495
3496
3509
3575
3643
3653
3666
3673
3685
3691
3693
3712
3759
3762
3796
3813
3770
3768
3762
3755
3753
3732
3711
3693
3692
3689
3678
3656
3654
3641
3637
3593
3580
3577
3562
3609
3600
3564
3528
3523
3515
3512
3506
3550
3564
3577
3581
3582
3594
3601
3620
3622
3624
3668
3672
3691
3696
3700
3730
3733
3746
3753
3754
3763
3764
3766
3776
3776
3775
3763
3759
3748
3720
3713
3712
3699
3693
3691
3687
3686
3682
3663
3652
3643
3613
3605
3639
3594
3640
3668
3689
3703
3715
3726
3736
3742
3746
3747
3747
3748
3748
3748
3749
3792
3796
3810
3820
3831
3834
3847
3866
3880
3902
3924
3931
3935
3940
3958
3969
3976
3977
3981
3988
3984
3977
3975
3952
3936
3925
3913
3895
3879
3875
3874
3856
3845
3840
3836
3833
3833
3806
3795
3791
3790
3778
3766
3765
3755
3750
3751
3740
3737
3737
3736
3763
3775
3785
3789
3791
3791
3796
3831
3845
3847
3798
3800
3808
3808
3809
3810
3853
3866
3868
3892
3897
3839
3834
3792
3791
3778
3777
3773
3773
3771
3748
3765
3762
3762
3759
3748
3747
3746
3744
3738
3735
3725
3724
3723
3760
3750
3744
3747
3753
3755
3756
3758
3765
3767
3794
3799
3828
3784
3787
3816
3819
3823
3827
3833
3837
3866
3872
3884
3890
3880
3859
3848
3837
3837
3833
3806
3805
3801
3775
3759
3742
3720
3713
3710
3707
3685
3682
3659
3643
3631
3618
3602
3602
3600
3600
3667
3693
3705
3715
3674
3678
3681
3683
3683
3717
3718
3727
3729
3782
3796
3801
3803
3807
3833
3833
3835
3856
3863
3881
3885
3842
3847
3813
3793
3765
3753
3750
3750
3765
3752
3752
3752
3748
3744
3732
3731
3720
3720
3694
3693
3675
3664
3647
3644
3603
3591
3602
3603
3604
3626
3628
3656
3661
3637
3634
3633
3584
3576
3573
3571
3559
3564
3562
3560
3558
3557
3555
3541
3535
3563
3546
3532
3541
3552
3557
3558
3570
3531
3533
3550
3557
3562
3619
3621
3624
3634
3646
3666
3678
3672
3672
3652
3650
3648
3607
3603
3580
3572
3570
3561
3540
3538
3520
3517
3523
3562
3596
3605
3582
3603
3576
3582
3593
3603
3610
3616
3620
3578
3580
3581
3608
3608
3610
3612
3612
3671
3675
3686
3689
3692
3695
3711
3721
3727
3731
3734
3738
3747
3758
3767
3782
3772
3766
3763
3761
3750
3747
3737
3720
3670
3669
3666
3641
3640
3617
3609
3614
3631
3663
3713
3729
3769
3770
3771
3791
3798
3801
3814
3821
3841
3852
3850
3863
3857
3844
3838
3832
3827
3820
3817
3816
3811
3801
3821
3822
3836
3839
3807
3820
3826
3836
3841
3852
3856
3876
3882
3895
3887
3887
3881
3879
3862
3851
3845
3838
3827
3826
3788
3748
3729
3710
3661
3660
3652
3638
3646
3626
3626
3621
3599
3599
3597
3585
3565
3565
3559
3548
3543
3540
3584
3603
3609
3618
3623
3623
3623
3624
3628
3640
3642
3654
3667
3668
3669
3686
3687
3698
3714
3722
3728
3739
3759
3768
3771
3770
3745
3742
3694
3694
3683
3678
3646
3655
3649
3639
3634
3630
3617
3621
3616
3614
3613
3611
3605
3606
3610
3630
3638
3656
3686
3687
3707
3713
3715
3742
3776
3770
3761
3758
3757
3757
3754
3754
3748
3746
3730
3717
3713
3748
3734
3695
3680
3702
3715
3727
3730
3751
3806
3813
3813
3768
3770
3790
3800
3801
3812
3819
3820
3821
3831
3845
3868
3874
3853
3864
3873
3890
3891
3953
3954
3952
3950
3944
3943
3942
3930
3930
3911
3894
3892
3891
3886
3875
3824
3822
3818
3814
3818
3775
3777
3787
3787
3791
3799
3837
3839
3864
3903
3886
3886
3850
3841
3810
3809
3809
3799
3795
3784
3782
3758
3757
3755
3754
3750
3728
3717
3714
3706
3706
3659
3646
3646
3603
3600
3637
3668
3682
3692
3702
3707
3711
3713
3714
3714
3718
3729
3735
3790
3798
3780
3767
3773
3720
3711
3707
3691
3688
3683
3685
3676
3682
3639
3638
3590
3583
3576
3567
3567
3532
3531
3514
3511
3474
3457
3455
3438
3378
3377
3371
3366
3347
3335
3333
3323
3310
3309
3303
3254
3249
3210
3224
3220
3219
3198
3198
3194
3190
3125
3123
3122
3187
3193
3199
3203
3165
3161
3157
3137
3127
3107
3081
3076
3109
3092
3081
3058
3053
3039
3037
3026
3005
3037
3009
2982
2981
2960
2947
2929
2923
2896
2893
2831
2828
2824
2812
2812
2811
2797
2745
2745
2740
2731
2710
2704
2676
2655
2643
2641
2639
2633
2615
2612
2603
2596
2647
2674
2695
2709
2718
2725
2732
2737
2742
2744
2745
2745
2745
2745
2739
2773
2719
2652
2643
2641
2619
2614
2610
2608
2609
2637
2636
2630
2623
2621
2615
2594
2565
2556
2538
2565
2556
2545
2553
2559
2565
2571
2573
2541
2529
2519
2513
2508
2502
2493
2451
2446
2444
2431
2429
2428
2409
2408
2400
2394
2388
2372
2361
2347
2389
2407
2420
2427
2433
2439
2445
2447
2449
2450
2452
2446
2429
2428
2425
2418
2416
2441
2473
2466
2498
2485
2473
2472
2467
2450
2449
2427
2458
2456
2455
2453
2460
2461
2450
2438
2438
2408
2407
2405
2401
2378
2372
2365
2358
2356
2349
2357
2352
2344
2337
2358
2390
2366
2340
2294
2326
2312
2339
2353
2327
2302
2289
2208
2229
2262
2261
2257
2321
2382
2433
2467
2456
2482
2466
2480
2493
2505
2514
2521
2529
2536
2543
2548
2550
2552
2554
2555
2555
2545
2502
2501
2490
2486
2511
2486
2516
2542
2541
2535
2482
2478
2469
2461
2459
2458
2392
2417
2421
2431
2439
2447
2449
2447
2439
2437
2432
2430
2456
2419
2419
2416
2387
2373
2368
2349
2374
2372
2405
2403
2393
2384
2375
2379
2407
2467
2488
2506
2516
2525
2534
2539
2542
2541
2514
2463
2422
2407
2405
2440
2433
2430
2423
2391
2377
2428
2471
2506
2537
2565
2586
2607
2622
2633
2643
2651
2657
2662
2666
2670
2672
2663
2653
2643
2640
2643
2636
2591
2588
2616
2615
2591
2509
2494
2460
2459
2451
2451
2446
2412
2395
2373
2367
2411
2442
2416
2430
2439
2439
2440
2440
2479
2475
2424
2378
2378
2421
2317
2297
2278
2297
2317
2337
2339
2390
2333
2384
2373
2372
2314
2368
2355
2336
2315
2300
2360
2360
2353
2282
2327
2320
2448
2400
2407
2308
2306
2295
2273
2220
2213
2209
2190
2190
2148
2184
2174
2174
2167
2156
2106
2156
2114
2121
2121
2073
2073
2063
2062
2061
2043
2002
1973
1946
1934
1916
1911
1908
1828
1863
1859
1777
1752
1725
1717
1821
1903
1985
1977
2006
2033
2060
2084
2102
2120
2131
2143
2153
2160
2165
2169
2172
2173
2174
2174
2217
2194
2248
2224
2211
2206
2231
2254
2268
2281
2285
2289
2182
2203
2178
2092
2048
2055
2052
2038
2150
2237
2225
2269
2247
2271
2283
2286
2328
2350
2371
2379
2386
2391
2396
2330
2330
2396
2396
2389
2375
2298
2277
2337
2398
2324
2284
2341
2394
2328
2327
2315
2192
2142
2120
2085
2084
2083
2242
2295
2366
2361
2408
2449
2413
2434
2454
2471
2485
2496
2505
2512
2517
2453
2454
2455
2455
2426
2426
2467
2462
2454
2432
2462
2488
2511
2533
2546
2554
2560
2565
2568
2568
2583
2522
2527
2531
2534
2537
2538
2539
2540
2537
2524
2500
2474
2466
2379
2466
2495
2521
2534
2542
2545
2544
2531
2544
2547
2480
2480
2547
2547
2502
2501
2501
2469
2458
2349
2330
2329
2285
2272
2163
2076
2028
2025
2000
2016
2116
2168
2196
2243
2287
2330
2306
2332
2356
2374
2386
2397
2400
2401
2401
2402
2399
2387
2438
2499
2519
2570
2551
2590
2614
2628
2640
2647
2650
2628
2691
2667
2691
2714
2650
2638
2636
2634
2627
2503
2502
2485
2543
2535
2655
2673
2683
2691
2695
2698
2699
2700
2619
2628
2621
2597
2597
2495
2454
2453
2452
2442
2413
2395
2496
2538
2567
2585
2595
2596
2597
2597
2660
2641
2706
2690
2704
2706
2697
2658
2731
2786
2749
2769
2786
2795
2800
2730
2729
2663
2651
2608
2523
2502
2499
2462
2438
2391
2497
2579
2623
2666
2634
2657
2670
2673
2725
2747
2768
2776
2778
2779
2769
2665
2647
2646
2616
2615
2615
2572
2515
2500
2458
2469
2394
2411
2453
2444
2305
2282
2281
2223
2214
2189
2186
2336
2437
2552
2616
2674
2726
2768
2737
2782
2827
2860
2886
2913
2937
2960
2982
3002
3018
3029
3038
3047
2973
2978
2983
2907
2908
2909
2909
2910
2946
2943
2941
2887
2941
2952
2959
2960
2959
2906
2897
2877
2931
2928
2889
2829
2827
2804
2864
2919
2880
2903
2925
2946
2954
2881
2883
2884
2918
2911
2957
2908
2879
2866
2855
2850
2898
2941
2896
2924
2937
2948
2954
2960
2952
2931
2877
2854
2928
2928
2906
2863
2855
2849
2827
2823
2815
2870
2913
2937
2959
2981
3002
3010
3018
3022
3028
3032
3035
3036
3035
3026
2974
2971
2914
2906
2905
2881
2878
2856
2912
2937
2951
2880
2883
2883
2867
2812
2790
2787
2787
2856
2855
2854
2853
2842
2808
2788
2754
2707
2744
2715
2746
2765
2776
2777
2778
2779
2754
2729
2726
2784
2832
2876
2832
2857
2881
2899
2909
2915
2919
2847
2849
2807
2802
2794
2770
2749
2744
2743
2688
2652
2718
2649
2633
2613
2605
2648
2685
2710
2731
2750
2759
2764
2769
2772
2759
2677
2574
2605
2561
2558
2509
2485
2594
2681
2729
2769
2733
2757
2770
2773
2844
2821
2816
2802
2866
2840
2866
2890
2894
2907
2834
2837
2826
2688
2657
2612
2557
2513
2487
2479
2419
2351
2350
2349
2301
2284
2330
2329
2277
2361
2432
2463
2505
2516
2561
2588
2605
2613
2636
2659
2746
2739
2777
2806
2829
2848
2826
2782
2777
2788
2783
2774
2818
2838
2860
2793
2799
2803
2823
2791
2789
2771
2714
2667
2657
2615
2609
2666
2644
2685
2648
2666
2675
2680
2685
2686
2731
2708
2703
2694
2749
2804
2810
2882
2830
2854
2873
2889
2899
2904
2902
2797
2710
2672
2647
2603
2555
2552
2661
2675
2722
2741
2707
2731
2743
2746
2858
2894
2929
2955
2980
2988
2992
2995
2995
2986
2966
2961
2943
2919
2811
2786
2784
2754
2719
2683
2674
2670
2782
2818
2853
2811
2835
2843
2847
2849
2883
2896
2898
2858
2834
2826
2789
2774
2679
2634
2645
2576
2645
2701
2730
2713
2756
2796
2819
2834
2841
2840
2830
2825
2786
2734
2716
2673
2709
2705
2671
2669
2633
2629
2667
2555
2546
2522
2509
2506
2618
2671
2697
2738
2775
2810
2770
2799
2823
2841
2853
2862
2870
2875
2880
2884
2816
2818
2820
2817
2795
2772
2795
2817
2820
2813
2802
2753
2753
2749
2715
2687
2679
2656
2549
2515
2512
2505
2486
2482
2462
2423
2476
2535
2644
2681
2716
2746
2762
2770
2774
2776
2776
2772
2786
2806
2827
2839
2847
2854
2859
2864
2866
2827
2796
2759
2755
2729
2693
2685
2683
2680
2667
2780
2745
2780
2739
2763
2771
2775
2778
2790
2724
2703
2597
2562
2554
2526
2522
2489
2549
2635
2605
2639
2665
2688
2696
2700
2702
2704
2707
2748
2752
2754
2755
2795
2809
2876
2914
2892
2929
2950
2953
2955
2894
2897
2830
2852
2869
2898
2908
2925
2935
2937
2939
2948
2956
2990
3054
3065
3099
3119
3128
3138
3177
3206
3224
3226
3226
3260
3266
3275
3288
3407
3410
3411
3434
3457
3459
3464
3542
3542
3498
3426
3391
3369
3291
3279
3276
3236
3208
3195
3162
3139
3051
3049
3045
3037
3069
3165
3237
3204
3242
3200
3161
3191
3147
3168
3188
3198
3205
3209
3211
3213
3243
3255
3271
3271
3282
3302
3305
3340
3342
3351
3369
3393
3407
3360
3378
3396
3418
3437
3459
3467
3470
3403
3421
3363
3365
3368
3377
3381
3383
3397
3423
3433
3401
3377
3369
3365
3351
3310
3307
3273
3272
3288
3265
3259
3239
3238
3150
3186
3224
3294
3339
3307
3340
3301
3329
3287
3247
3265
3279
3286
3292
3296
3299
3302
3304
3305
3323
3325
3326
3365
3368
3371
3375
3384
3402
3406
3344
3424
3433
3443
3441
3433
3430
3404
3386
3325
3322
3383
3409
3364
3372
3375
3377
3380
3381
3322
3323
3335
3337
3342
3355
3384
3402
3426
3436
3460
3461
3417
3417
3418
3418
3424
3443
3457
3462
3482
3494
3495
3466
3477
3515
3515
3531
3524
3520
3518
3512
3484
3486
3509
3511
3520
3535
3562
3566
3580
3595
3619
3620
3627
3632
3637
3638
3648
3653
3600
3642
3585
3593
3602
3592
3592
3589
3571
3566
3551
3496
3494
3479
3463
3441
3436
3433
3430
3430
3428
3446
3461
3474
3477
3423
3424
3424
3440
3440
3455
3471
3477
3479
3482
3487
3501
3447
3463
3502
3506
3459
3471
3496
3498
3506
3514
3515
3540
3542
3551
3576
3576
3555
3553
3525
3520
3438
3429
3421
3396
3364
3287
3253
3265
3253
3335
3409
3443
3468
3442
3467
3488
3503
3512
3517
3529
3536
3546
3560
3574
3576
3582
3603
3615
3632
3693
3698
3706
3714
3716
3731
3734
3759
3772
3765
3762
3745
3720
3714
3693
3675
3671
3674
3612
3601
3588
3574
3601
3626
3645
3661
3618
3631
3638
3644
3648
3651
3664
3675
3681
3684
3687
3697
3699
3711
3712
3714
3747
3750
3767
3725
3718
3713
3688
3681
3676
3662
3649
3651
3599
3622
3680
3682
3693
3696
3697
3699
3712
3736
3786
3787
3840
3849
3854
3815
3815
3810
3808
3801
3801
3793
3793
3795
3812
3832
3833
3842
3845
3850
3863
3883
3902
3906
3912
3922
3924
3930
3933
3934
3943
3947
3959
3949
3949
3936
3924
3928
3945
3924
3909
3921
3894
3850
3857
3865
3877
3889
3864
3883
3890
3891
3893
3893
3895
3890
3883
3865
3863
3864
3866
3876
3876
3878
3884
3888
3896
3909
3911
3924
3905
3904
3902
3894
3894
3892
3879
3870
3869
3868
3858
3856
3867
3867
3871
3872
3888
3894
3897
3912
3922
3929
3935
3940
3945
3948
3951
3952
3954
3929
3927
3926
3914
3909
3907
3887
3887
3882
3864
3861
3851
3841
3840
3817
3812
3842
3854
3830
3851
3852
3855
3856
3878
3892
3894
3897
3852
3830
3829
3828
3828
3818
3817
3797
3779
3774
3759
3737
3717
3715
3680
3658
3660
3661
3662
3677
3681
3681
3689
3712
3713
3737
3761
3764
3769
3782
3788
3811
3756
3753
3741
3722
3711
3707
3688
3671
3669
3668
3662
3653
3623
3620
3598
3574
3572
3550
3549
3536
3534
3510
3497
3475
3456
3400
3356
3350
3342
3397
3441
3471
3496
3520
3542
3564
3582
3551
3563
3572
3576
3581
3584
3586
3588
3589
3607
3615
3616
3622
3645
3654
3664
3670
3670
3686
3692
3695
3699
3705
3715
3685
3686
3639
3666
3667
3652
3651
3586
3586
3583
3583
3573
3574
3573
3552
3551
3550
3549
3558
3574
3583
3612
3619
3671
3676
3678
3658
3667
3685
3694
3695
3705
3717
3718
3727
3736
3725
3721
3708
3675
3674
3674
3662
3640
3623
3619
3618
3604
3596
3586
3582
3570
3567
3612
3611
3602
3590
3579
3569
3569
3557
3545
3486
3479
3491
3503
3459
3472
3474
3479
3483
3485
3482
3484
3486
3492
3498
3508
3508
3509
3521
3537
3533
3574
3572
3565
3559
3548
3546
3539
3539
3527
3525
3524
3524
3514
3504
3483
3472
3443
3455
3467
3472
3478
3436
3437
3448
3451
3452
3457
3470
3482
3490
3494
3506
3506
3508
3538
3538
3600
3588
3574
3563
3562
3558
3548
3543
3572
3559
3558
3556
3555
3548
3536
3534
3575
3557
3558
3573
3573
3577
3589
3598
3599
3602
3629
3639
3648
3674
3679
3679
3690
3743
3729
3707
3705
3703
3690
3689
3689
3688
3686
3682
3678
3644
3637
3631
3624
3607
3603
3596
3583
3582
3582
3553
3551
3553
3558
3575
3581
3634
3636
3647
3649
3659
3664
3668
3716
3728
3728
3738
3751
3762
3763
3776
3775
3767
3765
3756
3755
3754
3751
3745
3735
3730
3729
3723
3723
3720
3692
3665
3660
3658
3657
3651
3648
3646
3628
3627
3598
3608
3609
3610
3626
3630
3631
3636
3638
3650
3659
3681
3687
3689
3693
3696
3696
3701
3702
3719
3737
3741
3694
3690
3681
3727
3725
3663
3648
3627
3625
3624
3623
3612
3599
3588
3586
3585
3585
3578
3582
3581
3579
3578
3574
3573
3567
3567
3558
3517
3514
3508
3505
3503
3489
3485
3479
3479
3478
3477
3465
3414
3455
3474
3485
3496
3505
3512
3518
3524
3527
3530
3533
3535
3536
3537
3539
3540
3540
3541
3541
3497
3521
3533
3536
3536
3546
3564
3582
3593
3600
3603
3611
3618
3619
3571
3568
3561
3521
3503
3453
3447
3433
3430
3430
3429
3434
3428
3404
3386
3379
3375
3368
3356
3336
3332
3306
3240
3218
3197
3168
3161
3149
3141
3132
3130
3129
3121
3124
3112
3123
3133
3135
3135
3167
3167
3173
3210
3213
3214
3218
3220
3199
3174
3159
3158
3150
3144
3133
3145
3125
3117
3109
3097
3046
3033
3032
3040
3072
3075
3075
3079
3082
3083
3097
3081
3084
3086
3146
3157
3159
3179
3152
3157
3166
3168
3175
3217
3221
3231
3225
3219
3165
3168
3157
3137
3159
3137
3120
3110
3110
3101
3100
3091
3081
3084
3092
3131
3137
3138
3148
3150
3156
3156
3163
3203
3204
3177
3197
3201
3218
3225
3231
3236
3229
3220
3218
3217
3214
3213
3212
3201
3178
3181
3183
3191
3223
3233
3235
3245
3248
3257
3257
3274
3276
3307
3310
3324
3329
3331
3370
3370
3368
3360
3343
3340
3331
3320
3308
3304
3288
3284
3284
3272
3269
3244
3235
3234
3232
3207
3205
3202
3198
3188
3186
3176
3156
3156
3154
3145
3138
3157
3167
3177
3181
3184
3187
3189
3194
3205
3168
3173
3174
3187
3188
3197
3211
3221
3252
3257
3258
3256
3254
3249
3234
3247
3247
3225
3216
3197
3185
3180
3178
3169
3157
3156
3149
3144
3142
3142
3141
3132
3128
3107
3133
3154
3173
3188
3197
3201
3204
3206
3207
3208
3210
3214
3219
3230
3231
3236
3239
3298
3300
3300
3312
3312
3284
3314
3315
3321
3323
3321
3305
3302
3291
3281
3266
3240
3227
3226
3217
3207
3206
3180
3141
3139
3134
3133
3132
3132
3116
3102
3104
3109
3121
3122
3131
3133
3196
3196
3199
3205
3220
3230
3193
3188
3184
3183
3183
3182
3179
3174
3173
3157
3156
3154
3134
3128
3131
3153
3164
3190
3190
3202
3219
3228
3233
3259
3261
3262
3257
3253
3251
3247
3246
3245
3242
3240
3240
3239
3238
3219
3215
3207
3197
3196
3175
3127
3089
3087
3082
3065
3045
3034
3029
3027
2965
2977
2967
2966
2964
2955
2968
2981
2983
2985
2989
2999
3009
3016
3031
3006
3001
2992
2982
2977
2962
2951
2934
2932
2931
2923
2913
2911
2909
2921
2920
2899
2911
2925
2933
2938
2947
2948
2953
2963
2972
2983
2983
2988
2992
3018
3027
3052
3058
3060
3063
3065
3069
3076
3088
3087
3085
3083
3079
3078
3048
3036
3010
3009
2982
2980
2987
2998
3004
3021
3002
3006
3010
3013
3019
3023
3028
3033
3036
3052
3043
3041
3032
3030
3019
3018
3014
3010
3009
2998
2994
2990
2989
2984
2998
2981
2965
2946
2907
2902
2910
2936
2973
2992
3014
3052
3068
3131
3134
3145
3151
3120
3121
3135
3140
3134
3124
3119
3088
3122
3118
3109
3092
3083
3074
3070
3069
3030
3028
3026
3024
2976
2917
2917
2906
2848
2849
2858
2859
2865
2884
2885
2901
2923
2930
2934
2938
2941
2942
2955
2948
2946
2946
2925
2867
2866
2849
2844
2806
2806
2796
2806
2806
2808
2820
2836
2841
2841
2847
2856
2878
2878
2892
2949
2960
2998
3009
3018
3018
3011
3007
3004
2994
2990
2927
2926
2925
2923
2907
2855
2843
2832
2811
2802
2794
2816
2811
2844
2838
2834
2835
2836
2842
2863
2869
2870
2919
2921
2934
2936
2938
2939
2956
2964
2973
2976
2979
2985
2991
2993
3002
3007
3017
3000
2995
2990
2987
2957
2943
2916
2916
2914
2912
2905
2901
2890
2871
2905
2898
2896
2885
2861
2855
2852
2848
2831
2805
2845
2865
2878
2880
2907
2912
2915
2932
2934
2940
2952
2952
2955
2961
2971
2969
2957
2957
2950
2950
2884
2873
2868
2856
2855
2815
2819
2801
2791
2779
2777
2776
2776
2789
2810
2828
2831
2841
2857
2870
2882
2913
2914
2931
2933
2934
2935
2937
2957
2951
2943
2963
2958
2954
2950
2922
2920
2911
2888
2885
2884
2863
2848
2843
2822
2805
2803
2831
2854
2875
2891
2900
2905
2908
2910
2911
2923
2933
2946
2957
2978
2995
2997
3018
3023
3019
3010
3008
3008
3004
3002
3000
2998
2973
2971
2970
2964
2959
2949
2938
2927
2923
2930
2934
2948
2912
2939
2945
2959
2965
2970
2979
2981
3004
3006
3034
3036
3037
3054
3057
3064
3080
3089
3088
3080
3068
3058
3053
3043
3038
3020
2992
2980
2929
2896
2890
2901
2911
2925
2927
2938
2940
2941
2942
2948
3005
3009
3010
3010
3043
3061
3061
3102
3103
3129
3131
3098
3099
3085
3080
3057
3057
3057
3094
3093
3087
3082
3076
3068
3067
3004
3027
3052
3039
3041
3042
3071
3092
3114
3131
3139
3143
3152
3156
3159
3180
3186
3192
3177
3172
3154
3148
3146
3134
3133
3132
3132
3130
3118
3106
3121
3117
3115
3110
3095
3092
3104
3116
3117
3127
3137
3103
3109
3115
3127
3166
3160
3149
3080
3078
3073
3032
3013
3002
2986
2979
2977
2953
2920
2912
2910
2904
2922
2933
2954
2960
2967
2976
2994
2997
3010
3010
3019
3028
3050
3071
3076
3076
3077
3088
3082
3060
3057
3055
3054
3054
3050
3089
3087
3073
3065
3042
3041
3039
3037
3024
3013
3000
3058
3067
3096
3109
3122
3134
3137
3147
3147
3151
3172
3172
3175
3198
3203
3244
3245
3248
3253
3261
3231
3232
3234
3247
3238
3216
3207
3195
3193
3186
3184
3173
3167
3163
3160
3177
3179
3181
3201
3214
3218
3219
3237
3255
3277
3319
3325
3328
3333
3332
3330
3288
3270
3242
3230
3224
3223
3212
3211
3186
3177
3163
3169
3181
3216
3217
3219
3219
3223
3225
3243
3243
3245
3249
3250
3250
3238
3231
3230
3215
3203
3192
3191
3184
3184
3182
3172
3168
3147
3134
3122
3101
3097
3086
3111
3107
3097
3087
3077
3061
3060
3053
3045
3038
3009
3003
3002
2980
2978
2977
2999
2989
2987
2957
2945
2980
2967
2965
2946
2890
2885
2883
2861
2853
2852
2841
2838
2832
2805
2800
2797
2794
2779
2767
2797
2797
2754
2752
2740
2739
2731
2670
2662
2692
2674
2655
2651
2635
2624
2601
2599
2598
2568
2558
2540
2515
2512
2507
2494
2490
2481
2469
2465
2464
2462
2460
2455
2445
2475
2501
2523
2540
2550
2556
2558
2561
2562
2554
2551
2520
2497
2487
2485
2475
2474
2474
2465
2455
2449
2446
2436
2433
2426
2425
2410
2373
2349
2348
2346
2339
2339
2308
2292
2267
2264
2241
2234
2228
2211
2207
2206
2180
2164
2162
2130
2111
2092
2091
2089
2077
2046
2040
2036
2053
2076
2044
2031
2010
2009
2002
1978
1976
1974
1953
1986
2012
2036
2057
2075
2091
2103
2110
2116
2119
2122
2124
2104
2103
2083
2078
2071
2070
2054
2067
2066
2049
2011
1991
1985
1970
1945
1931
1921
1908
1906
1904
1901
1920
1941
1864
1860
1870
1897
1870
1870
1858
1850
1839
1832
1776
1800
1798
1775
1774
1773
1798
1782
1800
1831
1819
1816
1816
1761
1758
1741
1735
1730
1727
1713
1698
1670
1666
1642
1642
1655
1653
1644
1640
1663
1661
1691
1706
1721
1727
1732
1736
1739
1765
1756
1747
1747
1744
1745
1780
1813
1811
1791
1783
1737
1706
1655
1671
1662
1672
1669
1628
1627
1614
1598
1593
1556
1570
1621
1664
1702
1731
1748
1757
1762
1766
1767
1806
1828
1819
1777
1798
1776
1771
1759
1735
1721
1720
1717
1682
1706
1729
1742
1754
1759
1762
1758
1736
1745
1782
1804
1785
1756
1692
1673
1694
1741
1714
1741
1768
1771
1766
1742
1718
1693
1718
1742
1720
1679
1676
1717
1739
1742
1695
1659
1654
1590
1584
1532
1511
1500
1498
1487
1466
1482
1403
1385
1422
1395
1476
1544
1551
1600
1589
1570
1596
1616
1636
1653
1664
1674
1680
1685
1690
1692
1687
1664
1681
1723
1748
1748
1781
1811
1835
1845
1847
1848
1809
1787
1781
1769
1701
1651
1699
1754
1694
1647
1619
1646
1620
1611
1585
1559
1553
1501
1491
1486
1485
1455
1426
1477
1504
1529
1539
1548
1555
1560
1598
1491
1459
1455
1501
1504
1498
1612
1662
1696
1712
1659
1664
1668
1630
1614
1552
1545
1556
1542
1485
1476
1540
1597
1621
1659
1619
1633
1641
1648
1641
1632
1661
1689
1688
1669
1725
1787
1782
1842
1839
1910
1898
1841
1808
1865
1898
1893
1964
1925
1889
1868
1847
1885
1922
1866
1886
1893
1898
1972
1964
2002
1982
1842
1811
1886
1865
1829
1793
1785
1771
1758
1686
1676
1749
1786
1822
1836
1849
1858
1865
1833
1768
1763
1828
1861
1865
1828
1763
1828
1865
1828
1791
1863
1908
1924
1957
2019
2107
2154
2204
2221
2282
2290
2299
2320
2341
2346
2359
2372
2393
2429
2462
2482
2509
2547
2588
2614
2619
2662
2756
2677
2705
2711
2714
2643
2682
2695
2750
2753
2760
2769
2777
2675
2702
2766
2784
2799
2799
2800
2840
2856
2860
2863
2864
2882
2956
2960
2980
2993
3029
3032
3039
3040
3045
3049
3075
3107
3137
3176
3192
3224
3321
3337
3357
3349
3303
3263
3245
3179
3120
3111
3158
3192
3122
3161
3178
3192
3090
3098
3129
3140
3177
3090
2995
3030
2945
2963
3010
3010
3061
3079
3083
2990
3012
3039
3082
3105
3117
3118
3145
3151
3206
3212
3172
3198
3209
3217
3154
3159
3078
3083
3097
3142
3178
3181
3184
3213
3216
3216
3156
3134
3131
3135
3155
3160
3171
3145
3192
3192
3217
3220
3231
3239
3249
3277
3291
3307
3318
3325
3317
3400
3379
3354
3326
3326
3296
3254
3283
3307
3328
3250
3255
3255
3282
3295
3318
3344
3285
3233
3244
3279
3319
3350
3367
3379
3382
3427
3389
3422
3425
3438
3441
3367
3353
3323
3319
3329
3353
3361
3420
3427
3458
3461
3467
3468
3484
3496
3585
3616
3635
3656
3658
3667
3699
3724
3726
3769
3780
3779
3778
3789
3789
3814
3815
3820
3852
3853
3866
3795
3805
3730
3733
3735
3737
3745
3749
3764
3771
3767
3746
3753
3744
3734
3731
3723
3715
3675
3679
3695
3759
3777
3786
3806
3828
3831
3833
3859
3846
3865
3883
3885
3907
3857
3881
3881
3895
3896
3942
3959
3960
3956
3933
3931
3921
3898
3881
3814
3744
3747
3767
3707
3707
3708
3715
3730
3733
3738
3741
3770
3800
3800
3801
3821
3768
3784
3780
3775
3760
3744
3727
3714
3699
3708
3713
3741
3752
3754
3779
3785
3787
3728
3742
3693
3707
3715
3743
3745
3762
3769
3772
3773
3779
3781
3780
3776
3761
3701
3700
3697
3678
3666
3672
3687
3726
3754
3764
3780
3796
3810
3840
3842
3857
3873
3885
3909
3911
3924
3941
3949
3898
3911
3918
3883
3860
3860
3839
3811
3809
3805
3804
3788
3779
3772
3772
3770
3786
3725
3737
3750
3769
3792
3794
3809
3821
3829
3843
3855
3861
3840
3800
3823
3829
3822
3815
3812
3812
3793
3783
3783
3779
3779
3770
3763
3749
3733
3731
3724
3709
3716
3723
3730
3671
3697
3704
3717
3723
3740
3741
3746
3746
3756
3770
3787
3730
3755
3761
3708
3695
3670
3668
3655
3651
3648
3643
3631
3625
3618
3603
3601
3599
3571
3568
3574
3548
3486
3485
3465
3451
3456
3449
3442
3467
3479
3491
3496
3500
3503
3506
3508
3511
3511
3525
3549
3551
3555
3556
3582
3603
3603
3604
3572
3562
3556
3551
3473
3470
3468
3467
3460
3435
3432
3427
3421
3428
3431
3439
3464
3476
3477
3550
3570
3580
3527
3560
3571
3613
3597
3592
3585
3584
3584
3570
3522
3520
3509
3508
3494
3484
3456
3450
3449
3428
3426
3413
3413
3411
3397
3403
3440
3447
3463
3477
3479
3512
3523
3530
3538
3544
3583
3608
3629
3641
3645
3649
3651
3660
3672
3677
3684
3689
3698
3702
3715
3731
3725
3722
3716
3705
3688
3663
3655
3648
3641
3639
3626
3619
3617
3609
3602
3601
3597
3590
3588
3576
3574
3618
3638
3643
3649
3667
3671
3678
3684
3685
3689
3706
3707
3710
3698
3690
3683
3623
3621
3610
3595
3585
3583
3581
3570
3565
3556
3551
3539
3537
3536
3534
3514
3521
3532
3553
3562
3575
3594
3594
3599
3601
3602
3611
3630
3701
3654
3655
3641
3624
3615
3585
3577
3574
3568
3555
3549
3537
3535
3496
3488
3476
3462
3443
3415
3395
3455
3470
3478
3482
3495
3502
3504
3507
3460
3462
3525
3554
3561
3573
3583
3621
3631
3679
3680
3681
3700
3705
3705
3710
3707
3710
3713
3702
3690
3677
3658
3667
3667
3665
3654
3653
3653
3636
3620
3619
3602
3589
3585
3585
3579
3533
3532
3518
3529
3549
3555
3570
3555
3560
3579
3606
3622
3636
3659
3682
3687
3694
3704
3681
3663
3667
3657
3647
3646
3632
3621
3620
3597
3596
3577
3557
3555
3553
3553
3552
3490
3476
3482
3543
3544
3564
3565
3569
3577
3584
3597
3599
3604
3633
3635
3632
3631
3629
3644
3634
3630
3626
3624
3578
3567
3548
3543
3523
3515
3510
3501
3487
3487
3461
3455
3492
3490
3474
3471
3468
3466
3465
3470
3483
3485
3523
3543
3546
3570
3580
3613
3629
3579
3590
3603
3605
3607
3614
3626
3568
3565
3565
3560
3558
3543
3536
3526
3525
3505
3515
3516
3519
3535
3547
3549
3506
3515
3529
3535
3537
3538
3549
3529
3524
3523
3512
3466
3453
3434
3402
3398
3393
3339
3336
3316
3307
3303
3313
3322
3326
3339
3340
3360
3365
3381
3418
3424
3435
3436
3450
3452
3415
3392
3421
3419
3406
3403
3395
3388
3361
3349
3348
3330
3330
3314
3308
3304
3302
3282
3206
3200
3198
3183
3212
3214
3261
3274
3298
3304
3306
3313
3319
3322
3359
3364
3374
3376
3388
3401
3363
3353
3352
3332
3327
3297
3235
3212
3210
3205
3203
3198
3189
3179
3141
3139
3130
3125
3122
3114
3083
3070
3047
3028
3012
3001
2989
2976
2963
2963
2960
2980
2986
2994
2996
2997
3023
3028
3044
3051
3071
3074
3076
3091
3101
3115
3151
3184
3188
3200
3220
3236
3212
3207
3205
3197
3170
3163
3142
3132
3104
3102
3143
3082
3076
3101
3068
3064
3070
3072
3074
3076
3077
3085
3086
3103
3128
3145
3148
3171
3158
3153
3132
3131
3130
3129
3114
3081
3072
3118
3111
3110
3109
3098
3075
3068
3066
2983
2961
2926
2906
2907
2911
2913
2978
2999
3003
3012
3033
3042
3042
3047
3053
3087
3102
3110
3126
3135
3135
3122
3119
3087
3072
3067
3040
3038
3036
3031
3028
3009
2997
2997
2957
2961
2976
2977
2979
2994
3005
3074
3081
3086
3092
3098
3107
3110
3112
3065
3067
3069
3075
3082
3072
3065
3048
2966
2958
2947
2932
2856
2850
2825
2824
2799
2798
2790
2824
2845
2849
2852
2863
2880
2905
2911
2933
2948
2954
2955
2960
2968
2987
2991
2992
3026
3067
3081
3086
3089
3091
3102
3096
3092
3075
3068
3057
3055
3041
3041
3034
3060
3046
3016
2974
2967
2958
2955
2913
2924
2940
2954
2960
3038
3040
3040
3044
3058
3070
3082
3097
3109
3120
3122
3108
3095
3088
3077
3076
3076
3074
3056
3042
3002
2986
2973
2967
2962
2965
2969
2970
2976
2983
3005
3014
3039
3039
3053
3055
3056
3083
3084
3114
3113
3095
3087
3093
3086
3106
3072
3069
3062
3054
3017
3002
2992
2955
2928
2874
2874
2877
2883
2887
2902
2908
2924
2927
2933
2941
2957
2960
2965
2985
3003
3011
3016
3024
3032
3034
3035
2998
2997
2979
2977
2959
2949
2944
2938
2917
2917
2849
2847
2804
2801
2789
2783
2788
2788
2796
2812
2830
2837
2843
2848
2849
2867
2874
2879
2880
2898
2899
2901
2913
2915
2998
3012
3021
3055
3051
3041
3036
3029
3022
3007
2992
2987
2981
2972
2967
2970
3035
3040
3120
3125
3128
3151
3152
3186
3209
3210
3233
3245
3203
3205
3210
3200
3195
3192
3183
3181
3171
3165
3161
3160
3124
3101
3089
3087
3071
3055
3051
3044
3035
3004
2991
2975
2972
2970
2947
2951
2993
2991
2967
2991
3003
3005
3007
3021
3030
3033
3046
3073
3081
3096
3108
3108
3122
3116
3100
3097
3061
3052
3049
3006
2994
2994
2950
2924
2917
2911
2934
2935
2937
2953
2960
2964
2966
3003
3004
3031
3051
3054
3067
3070
3137
3130
3102
3095
3083
3067
3064
3051
3030
2949
2931
2929
2927
2911
2924
2897
2896
2842
2826
2798
2795
2810
2810
2810
2833
2839
2852
2864
2873
2888
2896
2923
2925
2943
2951
2953
2906
2912
2921
2948
2963
2964
2980
2975
2953
2952
2947
2924
2912
2898
2883
2849
2837
2833
2823
2818
2803
2796
2794
2778
2750
2786
2793
2803
2808
2810
2811
2811
2813
2817
2860
2872
2879
2879
2894
2900
2912
2923
2932
2937
2939
2948
2945
2939
2931
2924
2910
2898
2896
2926
2907
2895
2893
2890
2886
2877
2869
2867
2843
2828
2827
2815
2811
2791
2789
2789
2787
2784
2812
2819
2822
2825
2874
2887
2889
2891
2893
2900
2981
3006
3021
3044
3054
3061
3075
3080
3086
3085
3080
3080
3072
3064
3037
3013
2997
2995
2988
2981
2969
2969
2961
2951
2950
2936
2929
2935
3003
3012
3027
3029
3037
3057
3038
3001
2994
2967
2965
2957
2924
2918
2903
2884
2882
2857
2856
2827
2821
2825
2840
2848
2886
2899
2907
2923
2929
2930
2962
2964
2980
3019
3020
3085
3087
3109
3123
3119
3107
3089
3088
3086
3081
3073
3089
3066
3064
3042
3042
3035
3030
3022
3034
3050
3054
3066
3072
3091
3097
3109
3113
3121
3140
3175
3195
3196
3210
3218
3235
3238
3284
3268
3241
3235
3223
3220
3153
3151
3133
3146
3137
3094
3092
3066
3061
3055
3043
3051
3082
3084
3084
3085
3087
3096
3123
3124
3130
3134
3156
3161
3166
3186
3212
3220
3226
3218
3213
3204
3181
3179
3178
3169
3165
3160
3144
3143
3142
3129
3117
3119
3141
3182
3200
3226
3262
3297
3315
3331
3358
3359
3367
3393
3394
3409
3407
3335
3321
3316
3366
3343
3334
3333
3321
3309
3301
3278
3277
3256
3263
3288
3300
3302
3312
3312
3327
3339
3342
3346
3357
3360
3367
3380
3395
3397
3394
3439
3433
3410
3381
3363
3363
3361
3346
3341
3341
3354
3371
3398
3424
3434
3434
3435
3502
3503
3530
3503
3506
3467
3485
3488
3480
3479
3474
3467
3461
3457
3482
3460
3456
3423
3407
3393
3390
3396
3349
3382
3398
3404
3410
3428
3442
3447
3459
3472
3533
3555
3558
3559
3566
3583
3605
3602
3590
3585
3559
3556
3543
3539
3525
3514
3513
3500
3498
3496
3495
3491
3475
3469
3468
3438
3421
3388
3387
3387
3371
3360
3385
3398
3411
3416
3420
3423
3426
3427
3455
3458
3493
3494
3512
3523
3528
3478
3492
3514
3514
3519
3526
3527
3554
3558
3559
3562
3577
3598
3606
3642
3656
3650
3635
3633
3633
3626
3625
3612
3609
3592
3585
3566
3561
3559
3547
3521
3492
3470
3468
3446
3439
3431
3430
3435
3474
3509
3534
3542
3564
3565
3568
3569
3579
3583
3600
3602
3613
3621
3630
3619
3617
3554
3539
3533
3525
3521
3491
3489
3474
3471
3421
3406
3404
3397
3396
3355
3354
3286
3284
3281
3272
3271
3260
3275
3282
3239
3245
3251
3255
3260
3261
3317
3329
3330
3336
3356
3384
3387
3351
3353
3373
3324
3326
3347
3350
3364
3357
3339
3333
3329
3306
3279
3264
3260
3252
3251
3249
3244
3241
3218
3140
3081
3070
3065
3065
3064
3032
3000
2994
2981
3007
3030
3048
3064
3071
3077
3081
3084
3085
3086
3102
3160
3165
3170
3172
3198
3178
3186
3196
3207
3218
3221
3223
3227
3229
3230
3230
3237
3245
3255
3256
3263
3262
3257
3245
3239
3230
3226
3216
3206
3203
3190
3179
3178
3177
3167
3169
3131
3140
3141
3141
3154
3169
3177
3187
3195
3201
3203
3203
3160
3162
3168
3187
3168
3160
3136
3133
3132
3113
3102
3109
3099
3094
3089
3079
3056
3042
3041
3005
2991
2962
2961
2964
2993
3030
3043
3057
3057
3059
3061
3084
3096
3100
3101
3103
3106
3116
3143
3167
3156
3155
3148
3148
3142
3155
3132
3125
3122
3115
3111
3106
3077
3073
3066
3053
3053
3086
3089
3052
3064
3064
3070
3071
3085
3086
3100
3132
3132
3179
3180
3184
3184
3213
3220
3238
3232
3242
3250
3245
3236
3234
3223
3221
3184
3184
3171
3158
3156
3152
3148
3132
3116
3110
3107
3108
3128
3131
3168
3185
3209
3232
3194
3198
3213
3216
3239
3244
3245
3265
3267
3268
3277
3278
3337
3352
3371
3372
3375
3385
3385
3378
3368
3366
3365
3350
3396
3340
3310
3298
3297
3262
3218
3216
3211
3247
3211
3211
3215
3222
3233
3276
3290
3291
3298
3310
3311
3321
3335
3338
3352
3354
3354
3375
3368
3367
3344
3275
3271
3267
3247
3173
3111
3092
3079
3076
3046
3041
3035
3022
3022
3035
3045
3049
3061
3064
3069
3074
3081
3085
3093
3101
3105
3112
3120
3135
3126
3113
3154
3153
3107
3034
3014
3008
3003
3001
2989
2979
2978
2961
2941
2910
2906
2903
2886
2885
2884
2903
2914
2934
2939
2952
2955
2971
2987
2989
2996
3019
3022
3033
3057
3058
3074
3071
3071
3054
2998
2992
2991
2962
2887
2870
2860
2847
2874
2847
2830
2829
2817
2801
2788
2808
2812
2812
2819
2857
2858
2863
2887
2898
2899
2901
2915
2916
2975
2987
2989
2990
2991
2996
2998
2991
2971
2965
2951
2974
2974
2971
2957
2956
2945
2983
2982
2991
2992
3005
3036
3100
3101
3106
3109
3120
3127
3141
3141
3173
3187
3190
3195
3200
3208
3213
3215
3201
3141
3117
3116
3115
3112
3105
3104
3103
3097
3097
3085
3074
3074
3071
3065
3057
3070
3078
3079
3087
3097
3100
3103
3105
3107
3114
3120
3131
3133
3143
3143
3123
3096
3070
3064
3062
3060
3093
3060
3093
3092
3091
3091
3088
3071
3069
3044
3037
3034
2967
2956
2954
2928
2918
2918
2924
2930
2931
2934
2949
2973
2976
3010
3012
3015
3008
2983
2970
2970
2970
2969
2958
2950
2936
2935
2931
2923
2917
2895
2887
2876
2868
2848
2840
2835
2856
2859
2868
2889
2904
2924
2927
2942
2946
2962
2976
2981
2983
2989
2994
2999
3002
3003
3006
3007
3009
3017
3026
3033
3015
3009
2994
2961
2953
2933
2908
2904
2888
2912
2900
2893
2923
2915
2903
2871
2865
2817
2815
2806
2801
2760
2752
2740
2733
2721
2743
2749
2758
2759
2787
2849
2860
2862
2863
2895
2907
2933
2949
2956
2961
2982
2993
3005
3005
3003
2935
2915
2907
2906
2895
2867
2844
2843
2830
2822
2821
2791
2770
2744
2744
2728
2729
2731
2738
2752
2717
2717
2720
2725
2733
2744
2744
2746
2703
2711
2722
2730
2733
2736
2735
2734
2732
2767
2703
2686
2680
2654
2651
2621
2618
2583
2561
2557
2556
2530
2529
2541
2556
2559
2566
2527
2529
2533
2594
2594
2597
2611
2615
2615
2671
2705
2705
2704
2704
2707
2701
2701
2682
2641
2620
2619
2624
2618
2607
2599
2598
2583
2572
2565
2564
2523
2534
2597
2606
2620
2626
2618
2617
2616
2616
2612
2607
2605
2590
2587
2537
2515
2514
2513
2445
2435
2442
2447
2465
2476
2479
2479
2490
2512
2552
2629
2644
2655
2658
2725
2728
2732
2734
2759
2766
2777
2813
2807
2793
2792
2804
2802
2800
2795
2782
2781
2775
2763
2761
2753
2750
2746
2734
2734
2737
2757
2786
2792
2799
2818
2833
2867
2908
2915
2940
2947
2919
2928
2931
2936
2953
2945
2933
2930
2929
2907
2902
2890
2873
2872
2869
2855
2843
2837
2834
2837
2844
2876
2882
2900
2906
2907
2908
2933
2955
2966
2979
2985
2986
2997
3004
2979
2967
2952
2951
2944
2941
2940
2938
2870
2886
2883
2861
2844
2870
2870
2884
2899
2908
2919
2925
2940
2942
2954
2956
2957
2960
2974
2979
2953
2939
2930
2925
2924
2906
2903
2880
2879
2892
2889
2889
2883
2881
2871
2864
2861
2856
2853
2851
2818
2815
2829
2832
2833
2860
2861
2862
2865
2871
2878
2898
2908
2923
2923
2884
2896
2920
2923
2865
2859
2856
2854
2845
2842
2827
2829
2816
2815
2832
2830
2828
2828
2832
2838
2879
2880
2889
2895
2897
2923
2926
2930
2933
2985
2989
3012
3004
2971
2952
2909
2898
2895
2877
2869
2853
2834
2798
2822
2820
2809
2797
2788
2787
2775
2757
2753
2769
2785
2815
2842
2847
2853
2880
2886
2898
2901
2913
2915
2991
2998
2998
2975
2982
2966
2951
2909
2911
2907
2898
2871
2869
2866
2850
2850
2842
2885
2862
2854
2853
2856
2863
2866
2879
2891
2891
2900
2902
2903
2911
2912
2918
2940
2967
2972
2975
2959
2956
2953
2914
2890
2845
2821
2814
2812
2809
2796
2791
2773
2763
2736
2721
2693
2702
2709
2717
2770
2785
2793
2808
2831
2833
2834
2835
2844
2845
2887
2894
2902
2921
2949
2951
2964
2970
2994
2991
2976
2956
2948
2858
2849
2832
2832
2831
2802
2792
2786
2782
2739
2722
2692
2676
2681
2682
2689
2706
2706
2718
2727
2728
2684
2708
2726
2732
2744
2772
2767
2764
2750
2743
2737
2731
2726
2764
2754
2737
2734
2728
2705
2729
2735
2738
2750
2767
2842
2932
3015
3048
3064
3102
3084
3085
3099
3106
3122
3150
3098
3094
3094
3084
3079
3075
3069
3033
3026
3010
3003
3001
2996
2995
2992
2984
2982
2959
2942
3031
3038
3056
3056
3028
3033
3048
3060
3076
3103
3105
3106
3109
3060
3061
3073
3108
3123
3134
3136
3135
3128
3125
3115
3155
3143
3128
3125
3125
3111
3106
3088
3073
3070
3068
3051
3044
3031
3037
3055
3078
3131
3136
3168
3173
3191
3162
3179
3191
3219
3226
3247
3269
3303
3310
3376
3337
3342
3360
3389
3394
3426
3422
3410
3410
3384
3377
3375
3372
3374
3367
3362
3357
3372
3373
3373
3400
3406
3424
3485
3503
3509
3511
3519
3538
3541
3547
3563
3551
3537
3529
3528
3520
3517
3501
3422
3411
3399
3395
3392
3388
3383
3357
3344
3331
3327
3316
3293
3288
3269
3242
3244
3253
3275
3290
3295
3309
3332
3346
3349
3350
3360
3362
3364
3371
3379
3381
3378
3401
3395
3383
3382
3381
3378
3335
3332
3311
3303
3250
3234
3222
3212
3186
3180
3176
3126
3142
3154
3158
3166
3171
3207
3213
3177
3178
3205
3220
3221
3256
3292
3300
3304
3328
3336
3340
3331
3324
3297
3291
3288
3248
3247
3213
3211
3182
3175
3169
3163
3161
3155
3140
3134
3133
3141
3144
3145
3153
3158
3161
3168
3190
3198
3198
3229
3230
3233
3237
3250
3244
3243
3288
3288
3285
3262
3262
3260
3258
3244
3218
3223
3225
3256
3259
3266
3268
3293
3315
3348
3310
3327
3339
3339
3340
3345
3356
3364
3371
3378
3384
3385
3387
3387
3385
3370
3358
3342
3334
3308
3290
3274
3273
3266
3251
3245
3244
3238
3238
3195
3115
3092
3025
3001
2989
2906
2914
2937
2963
2989
2991
2991
2996
3005
2961
2987
2989
3011
3037
3044
3045
3108
3119
3141
3161
3190
3194
3192
3187
3122
3117
3110
3099
3115
3097
3094
3076
3074
3074
3055
3054
3024
2998
2992
2990
2990
3003
3018
3102
3115
3122
3135
3141
3153
3160
3165
3166
3172
3182
3176
3154
3158
3158
3146
3143
3122
3117
3095
3086
3077
3077
3065
3054
3044
3042
3047
3069
3095
3109
3113
3115
3124
3137
3144
3164
3170
3197
3188
3169
3165
3150
3144
3137
3104
3097
3096
3096
3090
3088
3076
3050
3035
3014
3028
3029
3037
3038
3038
3041
3042
3048
3050
3061
3129
3134
3149
3155
3173
3186
3136
3137
3148
3151
3183
3141
3130
3123
3120
3101
3098
3097
3086
3072
3044
3039
3028
3025
3011
2986
2985
2984
3013
3021
3088
3100
3103
3106
3112
3114
3163
3166
3171
3174
3185
3206
3231
3242
3242
3253
3316
3341
3356
3380
3402
3413
3415
3410
3410
3409
3404
3385
3374
3373
3351
3318
3307
3297
3294
3293
3245
3245
3241
3209
3206
3205
3204
3202
3181
3177
3221
3227
3239
3240
3246
3253
3274
3289
3297
3297
3311
3313
3338
3342
3367
3394
3394
3396
3398
3411
3367
3383
3392
3393
3393
3387
3380
3369
3365
3351
3344
3328
3303
3301
3337
3306
3254
3253
3250
3255
3268
3270
3289
3301
3259
3263
3277
3289
3338
3346
3348
3354
3367
3373
3395
3397
3399
3415
3418
3419
3421
3422
3401
3387
3382
3372
3358
3327
3316
3310
3289
3275
3273
3268
3263
3243
3222
3220
3243
3267
3278
3279
3292
3302
3305
3318
3339
3341
3347
3350
3382
3407
3410
3458
3485
3457
3453
3446
3441
3416
3404
3373
3372
3339
3318
3304
3303
3296
3280
3248
3233
3219
3199
3183
3181
3173
3172
3175
3187
3211
3217
3237
3258
3274
3283
3287
3287
3330
3354
3362
3376
3391
3398
3399
3400
3410
3413
3423
3447
3447
3399
3391
3313
3317
3302
3301
3294
3294
3292
3286
3279
3276
3256
3244
3219
3198
3196
3222
3202
3199
3186
3191
3204
3211
3216
3221
3225
3238
3247
3261
3272
3257
3254
3226
3225
3225
3213
3196
3172
3161
3155
3131
3106
3090
3085
3061
3077
3083
3089
3090
3104
3109
3120
3127
3131
3144
3148
3152
3203
3208
3209
3221
3226
3230
3233
3230
3216
3205
3199
3193
3187
3187
3171
3194
3246
3231
3196
3182
3180
3173
3147
3144
3126
3129
3154
3160
3173
3180
3195
3199
3200
3159
3174
3179
3192
3200
3202
3226
3227
3225
3224
3146
3132
3125
3118
3093
3133
3125
3121
3107
3100
3097
3094
3070
3088
3088
3075
3064
3134
3140
3179
3188
3188
3193
3232
3238
3244
3247
3248
3258
3263
3274
3283
3261
3248
3233
3225
3214
3209
3195
3192
3185
3183
3180
3178
3109
3109
3097
3093
3082
3072
3071
3066
3064
3063
3050
3042
3008
2973
2967
2963
2957
2953
2925
2900
2880
2863
2901
2901
2900
2885
2859
2858
2798
2795
2795
2783
2780
2758
2746
2775
2801
2776
2793
2801
2807
2811
2814
2779
2774
2770
2767
2764
2730
2716
2710
2702
2711
2705
2703
2691
2687
2684
2677
2672
2636
2628
2605
2591
2521
2469
2469
2465
2457
2456
2454
2426
2423
2416
2449
2447
2447
2431
2429
2392
2398
2398
2397
2391
2386
2373
2319
2298
2291
2256
2241
2235
2207
2179
2167
2155
2150
2173
2172
2150
2129
2107
2095
2066
2062
2037
2032
2024
2021
2005
2001
1999
1998
1979
1976
1975
1967
1993
1987
1972
1965
1936
1913
1942
1938
1937
1953
1922
1942
1929
1929
1927
1896
1879
1897
1870
1868
1904
1903
1871
1877
1876
1900
1834
1830
1815
1807
1773
1764
1751
1782
1777
1754
1731
1725
1722
1758
1729
1759
1754
1753
1746
1716
1716
1707
1703
1679
1677
1690
1677
1678
1657
1650
1686
1666
1654
1674
1696
1667
1689
1665
1602
1598
1579
1619
1652
1640
1616
1610
1599
1576
1571
1608
1601
1644
1632
1623
1619
1607
1607
1645
1615
1615
1654
1696
1736
1791
1604
1590
1623
1561
1539
1519
1486
1292
1269
1291
1254
1226
1255
1191
1185
1169
1183
1221
1208
1261
1307
1075
910
884
856
731
744
733
684
654
515
503
528
439
426
349
266
147
120
52
19
0
