21
69
127
154
174
243
278
308
358
377
444
497
554
636
659
725
790
856
931
993
1090
1162
1187
1198
1198
1250
1258
1258
1260
1340
1386
1440
1465
1538
1622
1717
1793
1794
1812
1791
1743
1685
1658
1638
1569
1534
1504
1454
1435
1368
1315
1258
1176
1153
1087
1022
1043
1091
1149
1176
1196
1265
1300
1330
1380
1399
1466
1519
1519
1519
1542
1608
1673
1673
1687
1687
1687
1756
1756
1756
1756
1831
1831
1831
1831
1831
1831
1831
1831
1831
1831
1842
1914
1924
1993
2053
2151
2192
2225
2303
2382
2462
2477
2478
2554
2628
2664
2739
2781
2875
2946
3013
3050
3095
3160
3223
3313
3344
3427
3500
3550
3609
3611
3708
3754
3811
3841
3890
3930
3952
3977
3977
3980
4011
4011
4054
4087
4087
4087
4087
4087
4087
4066
4018
3960
3933
3913
3844
3809
3779
3729
3710
3643
3590
3590
3590
3567
3501
3436
3436
3484
3542
3569
3589
3589
3589
3589
3589
3589
3589
3589
3589
3589
3589
3589
3654
3656
3660
3740
3767
3852
3948
3956
3967
3970
4038
4127
4182
4282
4358
4398
4485
4542
4562
4562
4648
4746
4843
4862
4863
4878
4946
4979
4979
5031
5031
5031
5020
4948
4938
4869
4809
4711
4670
4637
4559
4480
4400
4385
4396
4468
4478
4547
4607
4705
4746
4779
4857
4936
5016
5031
5065
5065
5113
5113
5113
5113
5133
5133
5133
5133
5133
5133
5133
5192
5267
5267
5359
5359
5359
5311
5253
5226
5206
5206
5206
5206
5206
5206
5206
5206
5206
5206
5206
5206
5141
5162
5210
5268
5295
5315
5384
5419
5449
5499
5518
5585
5638
5695
5777
5800
5866
5931
5886
5821
5758
5668
5637
5554
5481
5431
5372
5370
5415
5480
5543
5633
5664
5747
5820
5870
5929
5931
5897
5897
5849
5849
5849
5849
5829
5829
5829
5829
5829
5829
5829
5770
5695
5695
5603
5603
5637
5642
5690
5719
5760
5853
5873
5930
5990
6090
6181
6204
6288
6347
6422
6452
6544
6597
6576
6528
6470
6443
6423
6354
6319
6289
6239
6220
6153
6100
6043
5961
5938
5872
5807
5828
5876
5934
5961
5981
6050
6085
6115
6165
6184
6251
6304
6361
6443
6466
6532
6597
6586
6514
6504
6435
6375
6277
6236
6203
6125
6046
5966
5951
5962
6034
6044
6113
6113
6211
6252
6285
6363
6363
6443
6443
6398
6333
6270
6180
6149
6066
5993
5943
5884
5882
5927
5992
6055
6145
6176
6259
6332
6382
6441
6344
6346
6300
6243
6213
6164
6124
6102
6077
6077
6077
6074
6074
6043
6043
6043
6117
6074
6074
6041
6041
6041
6041
6041
6041
6041
6041
6041
6041
6041
6041
6041
6041
6138
6138
6184
6184
6241
6241
6271
6271
6320
6360
6382
6407
6407
6410
6441
6441
6441
6474
6474
6474
6474
6540
6540
6506
6501
6453
6424
6383
6290
6270
6213
6153
6053
5962
5939
5855
5796
5721
5691
5599
5546
5580
5585
5633
5662
5703
5703
5723
5723
5723
5823
5823
5846
5846
5905
5980
6010
6010
6010
5944
5869
5807
5710
5638
5613
5602
5602
5550
5542
5542
5521
5473
5415
5481
5454
5529
5509
5509
5440
5440
5405
5405
5375
5375
5325
5325
5306
5306
5239
5239
5186
5194
5137
5137
5055
5032
4966
4901
4922
4970
5028
5055
5075
5144
5179
5209
5259
5278
5345
5398
5455
5537
5560
5626
5691
5604
5547
5527
5527
5441
5343
5246
5227
5226
5211
5143
5110
5110
5058
5058
5058
5145
5202
5222
5222
5308
5406
5503
5522
5523
5538
5538
5571
5571
5623
5623
5623
5707
5710
5781
5853
5897
5908
5975
6012
6016
6025
6110
6150
6205
6227
6233
6233
6233
6319
6319
6305
6305
6305
6236
6236
6236
6236
6161
6161
6161
6161
6161
6161
6161
6161
6161
6161
6228
6242
6325
6369
6438
6495
6586
6634
6709
6716
6763
6802
6768
6846
6841
6841
6793
6822
6793
6834
6793
6793
6793
6793
6773
6773
6773
6673
6673
6650
6650
6591
6516
6486
6486
6486
6486
6486
6486
6486
6527
6527
6527
6527
6527
6627
6627
6627
6627
6686
6761
6761
6853
6853
6853
6853
6853
6912
6953
6953
6983
7056
7136
7136
7136
7136
7136
7194
7149
7084
7021
6931
6900
6817
6744
6694
6635
6633
6633
6698
6698
6698
6729
6729
6728
6801
6725
6725
6651
6710
6674
6674
6599
6557
6546
6452
6380
6309
6299
6232
6163
6126
6126
6028
5987
5988
5955
5955
5877
5951
5951
5951
5871
5946
5946
5946
5946
6017
6017
6017
6017
6054
6064
6064
6064
6064
6105
6105
6105
6105
6185
6185
6185
6185
6226
6226
6226
6226
6226
6312
6312
6312
6312
6312
6312
6312
6291
6243
6185
6158
6138
6069
6034
6004
5954
5935
5868
5815
5758
5676
5653
5587
5522
5543
5591
5649
5676
5696
5765
5800
5830
5880
5899
5966
6019
6076
6158
6181
6247
6312
6312
6312
6312
6312
6271
6271
6271
6271
6271
6171
6171
6171
6171
6112
6037
6037
5945
5945
5979
5984
6032
6061
6102
6195
6215
6272
6332
6432
6523
6546
6630
6689
6764
6794
6886
6939
6939
6939
6939
6865
6865
6865
6865
6865
6865
6865
6865
6865
6865
6865
6865
6865
6865
6944
6975
7035
7109
7144
7208
7245
7327
7333
7371
7418
7435
7493
7587
7612
7635
7696
7599
7553
7496
7466
7417
7377
7355
7355
7330
7265
7265
7265
7262
7262
7231
7200
7200
7200
7200
7127
7094
7094
7094
7035
7035
7035
7035
6969
6969
6969
7034
7034
7131
7131
7131
7131
7188
7188
7188
7261
7310
7310
7350
7409
7409
7409
7434
7434
7434
7465
7465
7465
7498
7498
7498
7498
7498
7498
7464
7443
7438
7390
7342
7284
7255
7228
7187
7167
7074
7005
6985
6950
6893
6863
6803
6753
6653
6634
6543
6476
6453
6400
6316
6259
6200
6118
6043
6020
5990
5924
5832
5767
5714
5735
5735
5783
5783
5841
5889
5916
5916
5936
5977
6046
6046
6081
6081
6111
6111
6161
6161
6180
6280
6347
6347
6400
6400
6400
6400
6400
6459
6459
6534
6600
6600
6665
6665
6665
6722
6795
6851
6895
6908
6986
7040
7072
7146
7227
7278
7327
7332
7367
7404
7420
7431
7431
7431
7421
7421
7421
7421
7380
7380
7380
7380
7300
7300
7300
7300
7300
7300
7300
7300
7300
7300
7300
7300
7380
7380
7406
7480
7565
7664
7716
7716
7716
7731
7811
7900
7928
7928
7928
7928
7997
7997
7997
7997
8056
8056
8056
8056
8097
8097
8097
8097
8097
8113
8113
8113
8113
8133
8133
8133
8133
8133
8133
8133
8133
8133
8133
8170
8170
8170
8170
8170
8170
8122
8122
8081
8081
8081
8081
8081
7981
7981
7981
7981
7922
7835
7760
7703
7703
7683
7683
7683
7683
7597
7499
7402
7436
7417
7422
7421
7469
7454
7483
7483
7524
7491
7584
7584
7604
7552
7609
7609
7669
7669
7769
7860
7883
7883
7967
7967
8026
8046
8121
8121
8151
8237
8329
8329
8382
8382
8382
8383
8383
8383
8383
8383
8383
8383
8383
8362
8314
8256
8229
8209
8140
8105
8075
8025
8006
7939
7886
7886
7886
7886
7820
7755
7755
7755
7813
7813
7813
7813
7813
7813
7813
7813
7813
7813
7813
7813
7813
7813
7878
7888
7947
8016
8064
8071
8112
8135
8151
8187
8271
8371
8448
8466
8499
8545
8582
8582
8582
8580
8580
8576
8576
8496
8496
8469
8469
8384
8384
8288
8288
8280
8280
8269
8269
8266
8266
8198
8109
8054
7954
7878
7838
7840
7844
7924
7951
8036
8132
8140
8151
8154
8222
8311
8366
8466
8466
8506
8506
8441
8441
8441
8441
8441
8368
8368
8309
8309
8309
8374
8374
8374
8374
8374
8447
8447
8506
8506
8506
8506
8506
8506
8598
8598
8598
8598
8598
8598
8598
8598
8598
8663
8584
8553
8493
8419
8384
8320
8283
8201
8201
8195
8195
8157
8157
8110
8110
8093
8093
8035
8035
7941
7941
7916
7916
7893
7893
7832
7832
7752
7752
7752
7752
7752
7763
7837
7909
7944
7954
7954
8023
8023
8023
8023
8121
8121
8162
8162
8195
8195
8273
8273
8273
8331
8411
8411
8411
8411
8411
8411
8377
8372
8324
8295
8254
8161
8141
8084
8024
7924
7833
7810
7726
7667
7592
7562
7470
7417
7451
7456
7504
7533
7574
7574
7594
7651
7711
7811
7811
7834
7836
7836
7897
7956
7977
8052
8089
8089
8161
8253
8273
8273
8295
8342
8399
8474
8514
8533
8592
8598
8643
8676
8772
8861
8909
8974
8985
8985
8926
8926
8926
8926
8885
8885
8885
8885
8885
8935
8994
9091
9100
9162
9203
9241
9312
9346
9351
9294
9221
9165
9121
9108
9030
8976
8944
8870
8789
8738
8689
8684
8649
8612
8596
8585
8585
8658
8658
8658
8658
8658
8658
8658
8658
8658
8658
8707
8707
8707
8707
8707
8707
8681
8607
8522
8423
8371
8371
8371
8356
8276
8187
8159
8159
8159
8159
8090
8090
8090
8116
8190
8275
8374
8426
8440
8487
8502
8582
8671
8699
8721
8746
8748
8817
8817
8894
8894
8894
8836
8836
8836
8836
8836
8836
8836
8836
8836
8836
8836
8836
8836
8836
8771
8771
8771
8771
8771
8679
8679
8679
8679
8679
8679
8679
8679
8679
8614
8664
8764
8775
8783
8875
8969
8972
9036
9107
9164
9191
9243
9263
9328
9231
9231
9174
9174
9125
9085
9085
9060
9060
9060
9029
9029
9029
8962
8929
8915
8915
8832
8832
8788
8788
8719
8719
8662
8662
8571
8523
8448
8545
8538
8584
8537
8594
8555
8585
8507
8556
8556
8596
8567
8589
8548
8573
8573
8655
8655
8658
8689
8718
8785
8828
8842
8875
8875
8958
9045
8980
9024
9122
9122
9191
9191
9191
9248
9314
9314
9405
9405
9405
9453
9380
9455
9455
9462
9403
9450
9450
9489
9489
9489
9489
9530
9530
9530
9530
9530
9530
9530
9530
9530
9530
9530
9530
9530
9530
9530
9530
9530
9540
9598
9638
9638
9683
9763
9729
9734
9734
9785
9785
9785
9780
9808
9808
9808
9808
9808
9760
9760
9801
9772
9797
9797
9797
9756
9796
9851
9951
9959
9959
9959
9979
9979
9990
9990
9990
9990
9970
10042
10042
10042
10042
10091
10034
10034
10130
10070
10088
10088
10088
10148
10148
10188
10088
10088
10111
10111
10111
10111
10111
10088
10088
10088
10088
10088
10088
10088
10029
10029
10030
10030
9955
9955
9955
9955
9863
9863
9823
9804
9745
9739
9694
9661
9565
9476
9428
9363
9352
9392
9411
9470
9476
9521
9554
9650
9739
9787
9852
9863
9847
9847
9847
9847
9827
9827
9827
9827
9827
9827
9827
9827
9827
9827
9790
9790
9790
9790
9806
9806
9806
9845
9865
9892
9892
9892
9954
9954
9954
10008
10040
10040
10040
10132
10132
10132
10144
10176
10248
10248
10248
10248
10248
10248
10313
10313
10313
10313
10313
10313
10371
10371
10371
10371
10371
10305
10230
10230
10230
10230
10230
10230
10230
10230
10222
10222
10221
10221
10147
10147
10072
10072
10072
10001
10001
9964
9914
9855
9758
9749
9687
9646
9608
9537
9503
9498
9548
9607
9704
9713
9775
9816
9854
9925
9959
9964
9880
9877
9806
9734
9690
9679
9612
9575
9525
9521
9421
9412
9401
9316
9308
9268
9176
9121
9027
9005
9002
8996
8932
8932
8861
8861
8804
8718
8691
8639
8619
8703
8638
8641
8712
8784
8784
8784
8784
8795
8806
8873
8873
8910
8910
8910
8910
8919
8919
9004
9004
9044
9044
9099
9099
9099
9099
9099
9099
9099
9099
9099
9164
9250
9239
9167
9157
9088
9088
8990
8949
8916
8838
8838
8758
8758
8758
8769
8769
8841
8800
8810
8810
8879
8879
8939
8939
9037
9037
9078
8992
9025
9025
9103
9103
9182
9182
9262
9262
9277
9277
9277
9277
9297
9338
9402
9402
9453
9453
9539
9550
9557
9557
9557
9653
9653
9653
9653
9653
9653
9653
9653
9723
9723
9723
9723
9723
9723
9721
9820
9820
9853
9853
9853
9863
9783
9794
9794
9794
9794
9748
9748
9764
9764
9710
9710
9710
9685
9685
9686
9613
9613
9613
9613
9654
9654
9654
9570
9607
9701
9701
9701
9701
9701
9606
9634
9662
9741
9665
9760
9759
9759
9741
9701
9682
9623
9617
9572
9539
9443
9354
9306
9241
9230
9270
9289
9348
9354
9399
9432
9528
9617
9665
9730
9741
9741
9741
9721
9721
9635
9635
9635
9635
9634
9634
9634
9634
9634
9634
9634
9634
9726
9815
9835
9861
9897
9981
10037
10099
10154
10188
10210
10210
10220
10319
10389
10400
10414
10414
10414
10412
10351
10330
10293
10221
10201
10179
10132
10075
10000
10002
10063
10084
10121
10193
10213
10235
10282
10256
10313
10239
10314
10229
10130
10078
10064
10017
10017
10002
9929
9849
9849
9760
9760
9760
9732
9732
9732
9710
9710
9710
9685
9611
9611
9609
9574
9574
9505
9505
9505
9505
9505
9505
9428
9428
9428
9428
9379
9379
9379
9405
9405
9405
9479
9479
9479
9564
9506
9506
9605
9605
9605
9657
9657
9671
9671
9718
9718
9775
9790
9863
9943
9999
10088
10167
10211
10239
10270
10283
10305
10305
10383
10408
10408
10462
10462
10497
10529
10529
10593
10667
10667
10667
10748
10748
10748
10799
10799
10848
10848
10853
10853
10888
10888
10925
10983
10999
10999
11010
11010
11010
11071
11071
11103
11159
11159
11159
11159
11159
11159
11159
11159
11159
11159
11159
11196
11151
11146
11146
11146
11146
11106
11095
11023
11023
11023
11023
11023
11023
11012
11012
11012
11012
11012
11012
11012
11012
11012
11012
11012
11012
11052
11052
11063
11063
11063
11063
11063
11063
11063
10998
10998
10998
10998
10998
10998
10998
10998
10998
10998
10998
10998
10998
10998
10998
11063
11051
11019
10947
10947
10947
10947
10947
10947
10882
10882
10882
10882
10882
10882
10824
10824
10824
10824
10824
10836
10868
10940
10950
10950
10987
10987
11002
11067
11067
11067
11067
11067
11067
11125
11125
11125
11125
11125
11075
11016
10919
10910
10848
10807
10769
10698
10664
10659
10659
10718
10718
10718
10718
10718
10718
10718
10718
10718
10678
10659
10600
10594
10549
10516
10420
10331
10283
10218
10207
10207
10207
10266
10266
10266
10299
10299
10299
10299
10364
10364
10414
10480
10518
10587
10677
10708
10799
10899
10970
11053
11121
11110
11038
11028
10959
10899
10801
10760
10727
10649
10570
10490
10475
10459
10459
10459
10420
10400
10373
10373
10373
10311
10311
10311
10257
10225
10225
10225
10133
10133
10133
10149
10149
10149
10188
10208
10235
10235
10235
10297
10297
10297
10351
10383
10411
10448
10540
10609
10609
10609
10609
10609
10609
10609
10609
10609
10609
10609
10609
10609
10609
10609
10544
10544
10644
10655
10663
10755
10849
10849
10913
10984
10984
11011
11063
11083
11148
11148
11228
11320
11381
11381
11381
11381
11381
11414
11414
11414
11414
11449
11449
11449
11498
11498
11498
11498
11401
11355
11298
11268
11219
11179
11157
11132
11050
11047
11016
10987
10944
10911
10824
10726
10726
10660
10660
10660
10660
10601
10601
10601
10568
10568
10568
10568
10503
10503
10554
10594
10670
10689
10689
10748
10748
10754
10822
10867
10867
10900
10996
11092
11115
11204
11206
11254
11254
11319
11380
11391
11391
11466
11520
11520
11575
11595
11654
11654
11622
11566
11566
11566
11566
11566
11566
11566
11566
11566
11566
11566
11529
11529
11561
11617
11617
11617
11627
11627
11627
11627
11627
11627
11627
11627
11627
11627
11627
11627
11627
11627
11587
11576
11576
11576
11576
11576
11576
11581
11581
11581
11581
11621
11621
11621
11621
11621
11621
11621
11562
11562
11562
11562
11562
11562
11562
11562
11562
11612
11671
11768
11777
11839
11880
11880
11951
11985
11985
11973
11941
11869
11859
11859
11822
11822
11807
11742
11742
11742
11742
11742
11742
11684
11684
11684
11684
11684
11696
11728
11728
11702
11712
11638
11638
11553
11590
11491
11491
11439
11439
11425
11490
11443
11443
11428
11428
11348
11348
11259
11259
11231
11231
11209
11267
11242
11242
11242
11242
11242
11242
11242
11242
11242
11268
11342
11427
11526
11578
11592
11639
11654
11734
11823
11851
11873
11898
11900
11969
12050
12127
12160
12227
12319
12356
12356
12411
12431
12431
12431
12431
12431
12439
12439
12449
12449
12392
12392
12319
12319
12263
12219
12206
12128
12074
12042
11968
11887
11836
11787
11782
11747
11710
11694
11683
11740
11813
11869
11913
11913
11991
12045
12077
12151
12151
12202
12251
12251
12286
12323
12323
12334
12334
12234
12223
12215
12123
12029
12029
11965
11894
11894
11867
11815
11795
11730
11730
11830
11828
11828
11767
11775
11754
11754
11717
11717
11645
11645
11625
11625
11603
11603
11556
11556
11499
11499
11424
11424
11424
11489
11491
11552
11573
11610
11682
11702
11724
11771
11828
11903
11811
11722
11702
11676
11640
11556
11500
11438
11383
11349
11327
11327
11317
11218
11148
11137
11123
11123
11123
11123
11123
11123
11123
11123
11123
11123
11123
11123
11123
11123
11123
11123
11123
11123
11123
11123
11123
11123
11044
11013
11013
11013
10978
10914
10914
10914
10914
10914
10914
10914
10856
10856
10856
10856
10795
10795
10795
10795
10736
10696
10655
10636
10636
10577
10547
10541
10468
10423
10343
10310
10310
10214
10214
10125
10125
10077
10077
10012
9954
9943
9983
10002
10061
10067
10112
10145
10241
10330
10378
10443
10454
10454
10354
10354
10346
10346
10346
10346
10346
10346
10346
10346
10346
10346
10281
10281
10381
10381
10389
10481
10481
10481
10481
10481
10481
10508
10508
10492
10492
10492
10557
10557
10518
10498
10471
10471
10471
10409
10409
10342
10342
10328
10274
10191
10159
10115
10087
10018
9981
9924
9832
9741
9672
9624
9624
9549
9542
9492
9445
9386
9402
9363
9266
9308
9308
9299
9349
9349
9287
9326
9326
9285
9305
9264
9264
9291
9291
9220
9226
9226
9192
9255
9255
9317
9338
9338
9388
9442
9501
9533
9630
9658
9667
9704
9766
9858
9899
9968
10006
10094
10165
10199
10204
10204
10172
10116
10116
10116
10106
10106
10106
10106
10106
10106
10106
10106
10106
10106
10138
10194
10200
10235
10245
10245
10288
10288
10288
10358
10358
10358
10442
10437
10474
10474
10474
10474
10434
10434
10434
10434
10434
10434
10434
10434
10434
10434
10434
10434
10434
10434
10434
10434
10434
10422
10390
10390
10380
10380
10343
10343
10343
10278
10278
10278
10278
10278
10278
10220
10220
10220
10220
10220
10232
10264
10336
10346
10346
10383
10383
10398
10463
10463
10463
10463
10463
10463
10521
10521
10521
10521
10521
10618
10711
10717
10794
10830
10868
10917
10924
10997
11042
11088
11048
11029
10970
10964
10919
10886
10790
10701
10653
10588
10577
10617
10636
10695
10662
10662
10595
10595
10503
10536
10499
10499
10499
10588
10533
10533
10513
10578
10578
10578
10578
10578
10578
10570
10570
10560
10560
10560
10560
10593
10593
10685
10685
10685
10740
10760
10760
10760
10760
10760
10760
10760
10760
10760
10760
10760
10758
10754
10674
10647
10562
10466
10458
10447
10444
10376
10287
10232
10132
10132
10092
10066
9992
9907
9808
9756
9742
9695
9680
9600
9511
9483
9461
9436
9434
9365
9284
9207
9207
9207
9207
9207
9207
9207
9207
9207
9207
9207
9207
9207
9207
9207
9207
9207
9207
9207
9187
9146
9082
9082
9031
9031
8945
8934
8927
8927
8927
8831
8831
8831
8731
8731
8723
8631
8631
8631
8631
8631
8631
8604
8604
8604
8539
8539
8639
8650
8658
8750
8750
8750
8814
8885
8885
8828
8855
8782
8782
8726
8746
8702
8767
8767
8689
8635
8603
8529
8529
8478
8429
8429
8394
8357
8357
8346
8359
8451
8483
8571
8571
8571
8624
8667
8747
8758
8768
8768
8769
8769
8769
8837
8837
8877
8877
8875
8814
8793
8756
8684
8664
8642
8595
8538
8463
8463
8549
8608
8608
8608
8669
8669
8669
8669
8669
8669
8669
8669
8689
8689
8689
8689
8689
8689
8689
8689
8764
8764
8764
8829
8804
8804
8784
8734
8675
8578
8569
8529
8467
8448
8407
8348
8310
8310
8239
8239
8205
8172
8167
8167
8078
8078
8078
8013
8072
8072
8169
8169
8169
8209
8250
8250
8250
8309
8380
8380
8380
8380
8380
8413
8413
8502
8502
8567
8578
8578
8578
8578
8578
8578
8578
8578
8578
8578
8578
8498
8498
8498
8498
8498
8498
8498
8498
8498
8498
8498
8498
8498
8498
8590
8679
8699
8725
8761
8845
8901
8963
9018
9052
9074
9118
9128
9227
9297
9308
9322
9396
9489
9515
9515
9515
9550
9550
9550
9550
9466
9541
9538
9638
9567
9567
9495
9495
9495
9495
9484
9484
9484
9484
9417
9417
9380
9380
9380
9380
9408
9399
9299
9299
9214
9214
9174
9119
9119
9119
9119
9119
9180
9094
9094
9094
9094
9034
9034
9034
9109
9109
9109
9141
9156
9156
9212
9212
9212
9212
9212
9157
9157
9157
9157
9237
9237
9237
9237
9237
9260
9260
9260
9260
9260
9343
9414
9507
9575
9672
9681
9681
9681
9724
9778
9746
9746
9823
9823
9823
9889
9889
9889
9833
9833
9880
9880
9880
9880
9880
9874
9874
9893
9893
9796
9796
9796
9761
9761
9763
9670
9722
9744
9749
9739
9739
9811
9805
9877
9877
9952
9952
9952
9967
9890
9893
9894
9851
9851
9879
9914
9932
9896
9896
9948
9948
10006
10073
10073
10073
10035
10035
10115
10115
10115
10103
10165
10116
10210
10210
10210
10210
10210
10140
10140
10108
10108
10164
10164
10157
10223
10223
10151
10078
10078
10133
10133
10133
10133
10049
10039
9994
10037
10000
10045
10045
9999
9999
9962
9952
9952
9952
9893
9893
9893
9878
9975
9906
9906
9906
9841
9841
9793
9793
9833
9833
9833
9826
9826
9837
9837
9837
9796
9796
9796
9796
9796
9773
9773
9773
9773
9773
9757
9757
9757
9757
9806
9770
9770
9770
9712
9712
9628
9628
9628
9701
9601
9601
9601
9601
9524
9524
9524
9524
9506
9506
9506
9473
9473
9427
9427
9390
9402
9402
9402
9402
9412
9412
9412
9412
9412
9477
9477
9477
9477
9477
9477
9535
9535
9535
9535
9535
9535
9495
9584
9584
9584
9670
9670
9670
9670
9670
9670
9670
9570
9559
9551
9459
9459
9459
9395
9324
9324
9297
9297
9277
9212
9262
9362
9373
9381
9473
9567
9567
9570
9634
9705
9762
9789
9841
9861
9926
9992
9991
9951
9918
9918
9826
9826
9826
9771
9771
9751
9751
9751
9751
9655
9655
9655
9655
9655
9744
9744
9744
9744
9744
9744
9744
9777
9844
9936
9973
10055
10110
10130
10146
10233
10264
10345
10353
10445
10445
10455
10455
10483
10483
10520
10616
10593
10593
10580
10488
10456
10368
10368
10368
10315
10272
10192
10181
10171
10226
10226
10225
10225
10225
10225
10157
10157
10117
10117
10117
10209
10241
10336
10424
10472
10472
10568
10568
10658
10658
10665
10665
10723
10803
10833
10844
10926
10936
11013
11013
11013
11013
11048
11048
11104
11104
11104
11104
11144
11144
11144
11058
10999
10999
10999
10999
10999
10999
10999
10999
10999
10999
10999
10999
10983
10918
10876
10826
10787
10787
10767
10853
10826
10885
10943
10937
10937
10874
10874
10812
10812
10791
10791
10791
10791
10791
10737
10737
10705
10705
10677
10677
10640
10640
10548
10548
10479
10479
10391
10456
10472
10472
10472
10472
10492
10519
10519
10519
10519
10519
10519
10573
10605
10605
10642
10734
10734
10734
10734
10734
10694
10694
10701
10642
10642
10642
10737
10737
10737
10704
10704
10704
10752
10663
10752
10752
10769
10704
10704
10693
10693
10789
10789
10837
10902
10902
10902
10886
10876
10818
10904
10904
10904
10876
10868
10868
10893
10842
10842
10842
10842
10877
10877
10877
10877
10877
10877
10836
10836
10836
10795
10795
10832
10832
10799
10799
10705
10687
10689
10640
10640
10726
10726
10726
10796
10829
10734
10734
10734
10734
10675
10753
10656
10656
10656
10656
10615
10615
10615
10544
10544
10544
10576
10626
10685
10675
10772
10781
10781
10843
10884
10922
10922
10993
11027
11027
11032
11032
11032
11032
11032
11032
11032
11032
11032
11032
11032
11032
11032
11032
11032
11032
11032
11032
11032
11032
11032
11032
11072
11072
11072
11145
11145
11117
11186
11186
11136
11036
11025
11017
10925
10831
10828
10764
10693
10636
10609
10557
10537
10472
10472
10526
10526
10526
10590
10590
10600
10633
10633
10633
10633
10633
10633
10633
10554
10554
10554
10594
10594
10594
10680
10680
10680
10697
10697
10697
10697
10697
10730
10730
10730
10644
10585
10585
10585
10585
10585
10585
10585
10585
10585
10585
10585
10585
10520
10520
10606
10665
10665
10665
10665
10665
10665
10573
10629
10597
10597
10509
10509
10509
10509
10509
10509
10509
10509
10509
10509
10509
10521
10441
10506
10495
10485
10544
10544
10544
10544
10544
10544
10544
10593
10593
10553
10645
10645
10645
10645
10737
10769
10857
10857
10857
10857
10857
10937
10948
10958
10958
10958
10958
10958
10958
10958
10998
10998
10998
10998
10998
10998
10998
11057
11057
11057
11057
11057
11057
11057
10960
10960
10960
10997
10997
10997
10997
10997
10997
11062
11062
11089
11089
11089
11089
11089
11089
11089
11089
11089
11089
11089
11089
11089
11089
11089
11040
11040
11040
11040
11040
11040
10967
10967
10967
11064
11157
11163
11240
11276
11314
11314
11363
11370
11370
11443
11488
11534
11439
11391
11295
11205
11198
11187
11129
11099
11017
10940
10940
10905
10849
10944
10992
10980
11076
11076
11076
11076
11076
11066
11124
11124
11124
11124
11124
11124
11124
11124
11139
11074
11109
11109
11109
11109
11109
11109
11109
11051
11051
11051
11051
11051
11051
11051
11063
11095
11167
11177
11219
11256
11333
11348
11413
11457
11540
11546
11568
11649
11707
11707
11721
11754
11754
11726
11764
11719
11719
11719
11719
11719
11679
11668
11668
11668
11668
11668
11749
11842
11842
11887
11939
11944
12017
12017
12017
12039
12137
12137
12166
12206
12291
12302
12369
12441
12441
12441
12497
12563
12563
12563
12563
12563
12563
12563
12563
12563
12563
12563
12563
12563
12563
12563
12563
12563
12563
12563
12563
12563
12563
12563
12563
12563
12563
12563
12563
12563
12563
12563
12563
12563
12563
12570
12570
12570
12649
12649
12681
12730
12730
12786
12844
12844
12844
12876
12876
12911
13009
13019
13038
13038
13038
13081
13109
13109
13184
13184
13192
13192
13192
13192
13192
13192
13229
13229
13229
13329
13329
13329
13329
13329
13329
13329
13328
13328
13328
13328
13267
13267
13267
13267
13267
13267
13247
13247
13247
13210
13210
13135
13135
13196
13196
13196
13196
13113
13042
12999
12900
12823
12776
12757
12755
12683
12668
12640
12640
12711
12754
12754
12754
12754
12754
12754
12754
12754
12754
12754
12754
12721
12654
12562
12525
12443
12388
12368
12352
12265
12265
12265
12234
12153
12153
12145
12145
12075
12065
12065
12065
12065
12098
12098
12190
12227
12227
12282
12302
12302
12302
12302
12302
12302
12302
12302
12302
12302
12302
12302
12302
12302
12302
12327
12327
12327
12358
12358
12358
12358
12427
12427
12427
12439
12439
12347
12347
12347
12347
12258
12258
12347
12439
12439
12450
12450
12430
12430
12430
12450
12450
12424
12510
12510
12510
12547
12511
12573
12601
12642
12558
12650
12720
12664
12692
12692
12630
12630
12646
12656
12735
12735
12791
12849
12794
12794
12794
12794
12806
12806
12826
12792
12792
12792
12833
12811
12876
12876
12886
12934
12992
13050
13109
13065
13118
13128
13158
13158
13148
13200
13261
13319
13220
13231
13287
13354
13410
13411
13341
13330
13330
13316
13349
13275
13182
13274
13363
13363
13363
13363
13363
13363
13363
13363
13363
13363
13363
13363
13363
13363
13363
13363
13363
13363
13363
13277
13218
13218
13218
13218
13218
13162
13162
13108
13108
13108
13108
13108
13108
13044
13044
13034
13034
13034
12969
12969
12969
12969
13026
13026
13112
13112
13171
13131
13133
13133
13169
13169
13213
13127
13201
13257
13350
13350
13448
13448
13529
13529
13546
13546
13587
13587
13681
13681
13746
13746
13746
13746
13746
13746
13786
13736
13741
13682
13682
13585
13671
13662
13600
13559
13521
13450
13416
13411
13411
13470
13470
13470
13470
13470
13470
13470
13470
13470
13444
13444
13444
13409
13409
13409
13317
13317
13285
13285
13197
13122
13122
13022
13022
13022
13022
13022
13022
13022
12942
12942
12931
12931
12921
12921
12921
12893
12893
12893
12893
12893
12893
12893
12893
12919
12879
12939
12939
13023
13058
13141
13141
13238
13238
13290
13290
13365
13365
13465
13465
13490
13490
13512
13512
13599
13599
13610
13610
13663
13663
13670
13680
13708
13708
13738
13738
13741
13741
13741
13741
13741
13781
13781
13765
13765
13765
13765
13745
13718
13718
13718
13718
13718
13718
13664
13632
13632
13595
13503
13503
13503
13503
13503
13503
13503
13523
13550
13550
13550
13550
13550
13550
13604
13604
13632
13632
13724
13629
13629
13581
13581
13485
13485
13485
13427
13427
13427
13427
13412
13377
13377
13377
13377
13377
13377
13377
13435
13435
13435
13435
13435
13435
13435
13435
13435
13435
13435
13435
13435
13435
13435
13435
13435
13435
13435
13435
13435
13435
13435
13435
13435
13435
13435
13435
13338
13338
13338
13365
13365
13414
13414
13414
13321
13373
13373
13381
13381
13432
13426
13426
13515
13438
13457
13457
13457
13537
13571
13571
13651
13615
13625
13689
13753
13753
13753
13715
13749
13749
13827
13827
13778
13875
13875
13868
13885
13900
13918
13845
13906
13906
13861
13941
13895
13895
13941
13969
14066
14121
14214
14214
14220
14220
14220
14220
14220
14220
14220
14220
14269
14269
14269
14269
14342
14342
14342
14352
14352
14385
14385
14373
14341
14269
14259
14217
14180
14103
14088
14023
13979
13896
13890
13868
13787
13729
13729
13715
13715
13677
13748
13827
13900
13964
14012
14092
14191
14193
14193
14193
14148
14143
14143
14121
14121
14081
14070
13998
13998
13932
13932
13875
13789
13730
13728
13692
13648
13574
13518
13425
13327
13246
13229
13188
13094
13029
13086
13172
13231
13233
13269
13269
13343
13399
13492
13590
13590
13607
13648
13648
13713
13713
13681
13625
13625
13590
13580
13580
13537
13537
13537
13537
13557
13557
13567
13590
13590
13625
13625
13625
13714
13755
13755
13755
13755
13705
13705
13705
13755
13755
13755
13765
13728
13728
13662
13662
13662
13723
13685
13685
13685
13699
13630
13678
13678
13702
13722
13632
13718
13766
13824
13896
13928
13897
13897
13897
13953
13953
13862
13935
14030
14030
14036
13936
14005
14040
13969
14006
14103
14113
14030
14066
13998
14041
14126
14183
14183
14253
14319
14365
14403
14487
14556
14593
14683
14714
14714
14814
14885
14885
14885
14885
14885
14885
14885
14885
14885
14885
14885
14885
14885
14885
14845
14840
14840
14754
14808
14855
14855
14855
14865
14865
14865
14865
14865
14865
14865
14905
14905
14905
14872
14958
14958
14866
14829
14829
14774
14754
14754
14754
14754
14754
14754
14754
14754
14754
14754
14754
14787
14854
14946
14983
15065
15120
15140
15140
15156
15156
15156
15156
15187
15187
15268
15268
15276
15276
15276
15276
15286
15286
15286
15286
15286
15286
15286
15276
15276
15276
15276
15276
15276
15276
15236
15236
15236
15328
15360
15360
15360
15360
15360
15360
15440
15451
15461
15461
15461
15461
15461
15461
15461
15501
15501
15501
15430
15387
15387
15387
15387
15387
15387
15387
15387
15387
15458
15458
15458
15458
15399
15399
15399
15399
15399
15399
15399
15471
15471
15486
15486
15514
15514
15514
15514
15433
15340
15340
15288
15215
15215
15117
15088
15003
15017
14950
15011
15011
15011
14955
14955
14955
14955
14955
14955
14955
15001
15001
15060
15060
15060
15060
15130
15130
15130
15130
15050
15050
15050
14958
15010
14949
15022
15022
15022
15022
15022
15022
15022
15022
15022
14989
14989
14989
14989
14989
15045
15045
15045
15010
15010
15010
15010
15010
15010
14961
14961
14961
14961
14992
15072
15164
15225
15244
15304
15385
15406
15439
15521
15528
15573
15608
15626
15690
15739
15805
15811
15857
15850
15771
15722
15664
15632
15534
15515
15515
15487
15412
15404
15404
15404
15404
15404
15404
15483
15483
15532
15532
15590
15590
15590
15532
15532
15532
15532
15532
15532
15532
15532
15532
15607
15607
15607
15607
15607
15607
15607
15655
15751
15751
15751
15809
15839
15839
15839
15839
15874
15930
16028
16080
16167
16172
16214
16292
16292
16292
16293
16369
16369
16442
16371
16292
16219
16155
16107
16027
15928
15926
15926
15926
15997
16076
16149
16213
16261
16341
16440
16442
16481
16497
16505
16538
16487
16579
16503
16503
16503
16503
16503
16503
16406
16338
16338
16320
16320
16400
16339
16243
16243
16163
16140
16140
16140
16138
16138
16092
16092
16092
16064
16003
16003
15948
15948
15948
15948
15873
15873
15873
15969
15915
15915
15915
15956
15956
15956
15956
15956
15901
15901
15901
15901
15881
15881
15933
15874
15874
15874
15874
15953
15896
15886
15886
15937
15851
15818
15818
15818
15759
15759
15759
15759
15757
15757
15757
15721
15729
15729
15729
15729
15729
15729
15655
15655
15655
15655
15599
15599
15599
15506
15586
15586
15488
15488
15488
15488
15488
15549
15532
15532
15532
15491
15546
15621
15621
15621
15621
15556
15556
15556
15556
15556
15556
15576
15576
15576
15635
15721
15721
15780
15780
15780
15780
15780
15780
15780
15780
15780
15780
15780
15780
15780
15780
15780
15780
15780
15845
15845
15845
15845
15845
15845
15845
15845
15845
15845
15845
15845
15748
15788
15695
15755
15755
15834
15834
15828
15828
15858
15919
15919
15919
15919
15978
15978
15978
15978
15929
15994
16005
16005
16102
16102
16202
16129
16129
16129
16226
16319
16325
16325
16325
16325
16374
16381
16454
16454
16500
16530
16630
16686
16686
16686
16741
16741
16761
16857
16857
16857
16916
16824
16735
16735
16735
16735
16735
16735
16735
16735
16735
16735
16735
16735
16735
16735
16735
16735
16735
16735
16827
16827
16827
16827
16827
16827
16827
16827
16827
16827
16827
16827
16827
16827
16827
16838
16838
16838
16838
16784
16737
16737
16737
16727
16727
16727
16727
16727
16727
16727
16727
16687
16595
16595
16563
16563
16563
16477
16477
16477
16477
16477
16477
16477
16397
16397
16386
16386
16376
16386
16386
16386
16386
16386
16386
16386
16386
16386
16386
16386
16386
16386
16346
16386
16386
16386
16386
16472
16472
16472
16472
16472
16472
16472
16472
16472
16472
16472
16472
16472
16472
16472
16472
16472
16472
16472
16472
16530
16604
16607
16631
16659
16757
16767
16834
16839
16852
16852
16852
16931
16939
16946
17005
17019
17068
17142
17190
17190
17195
17236
17291
17291
17291
17291
17311
17311
17311
17311
17311
17311
17411
17411
17497
17497
17497
17497
17567
17567
17567
17547
17547
17520
17578
17578
17578
17578
17578
17578
17578
17578
17578
17578
17578
17524
17524
17524
17524
17496
17576
17576
17576
17484
17484
17484
17484
17460
17428
17372
17366
17331
17321
17285
17242
17157
17100
17030
16984
16900
16863
16863
16895
16951
17037
17037
17124
17159
17211
17221
17287
17287
17287
17287
17304
17304
17304
17304
17331
17401
17415
17415
17415
17415
17415
17415
17415
17479
17530
17530
17619
17619
17619
17619
17548
17469
17396
17332
17284
17204
17105
17103
17064
17048
17119
17119
17192
17192
17240
17240
17240
17240
17240
17240
17240
17192
17096
17096
17096
17038
17008
17008
17008
17008
16973
16917
16917
16917
16917
16917
16884
16884
16817
16875
16783
16783
16746
16746
16664
16664
16609
16609
16589
16624
16608
16664
16664
16633
16552
16544
16544
16544
16534
16448
16389
16389
16389
16389
16389
16389
16389
16389
16389
16389
16389
16389
16389
16389
16389
16324
16381
16467
16526
16526
16526
16526
16600
16656
16656
16656
16656
16673
16714
16714
16779
16753
16693
16609
16574
16491
16394
16342
16267
16167
16142
16120
16033
16022
15969
15962
15934
15904
15901
15927
15987
16071
16106
16106
16203
16255
16330
16430
16455
16455
16455
16466
16466
16466
16494
16494
16494
16480
16419
16419
16419
16419
16419
16373
16314
16314
16314
16244
16244
16244
16244
16244
16244
16244
16244
16244
16244
16303
16303
16303
16303
16303
16303
16303
16303
16303
16223
16223
16223
16223
16168
16168
16168
16168
16168
16168
16168
16168
16168
16168
16168
16168
16265
16283
16344
16424
16505
16551
16579
16634
16716
16717
16784
16883
16981
17049
17115
17193
17203
17236
17290
17362
17362
17362
17390
17420
17452
17507
17575
17575
17674
17697
17697
17711
17719
17719
17648
17648
17648
17648
17648
17648
17576
17561
17533
17533
17604
17647
17647
17647
17647
17649
17649
17649
17677
17677
17726
17726
17726
17726
17774
17774
17807
17807
17886
17886
17923
17923
17923
17923
17923
17923
17923
17923
17923
17923
17923
17923
17923
17923
17981
17981
17981
17981
17981
17981
17981
17981
17981
17981
17981
17981
17981
18073
18073
18073
18073
18073
18073
18073
18153
18153
18153
18153
18153
18153
18153
18153
18153
18153
18153
18153
18153
18143
18183
18183
18183
18183
18183
18183
18183
18183
18143
18143
18143
18057
18057
18057
18057
18057
18067
18067
18067
18067
18067
18067
18067
18107
18107
18107
18193
18193
18193
18263
18303
18303
18303
18303
18303
18303
18303
18303
18303
18303
18303
18303
18303
18303
18206
18206
18206
18113
18113
18124
18197
18216
18210
18307
18307
18307
18307
18386
18466
18521
18521
18607
18607
18607
18607
18607
18607
18607
18607
18607
18558
18558
18558
18558
18558
18558
18551
18616
18616
18616
18616
18616
18543
18543
18543
18543
18543
18610
18610
18621
18575
18575
18575
18575
18575
18575
18575
18624
18624
18697
18697
18697
18697
18697
18697
18645
18572
18572
18572
18572
18572
18572
18572
18516
18516
18516
18516
18516
18516
18516
18516
18516
18516
18516
18516
18516
18516
18516
18516
18516
18572
18572
18572
18572
18572
18501
18501
18428
18428
18380
18380
18380
18380
18380
18380
18451
18530
18603
18667
18715
18795
18894
18896
18935
18951
18951
18968
19022
19022
19022
19022
18922
18995
18909
18909
18909
18839
18839
18839
18781
18781
18781
18781
18781
18781
18781
18758
18758
18678
18678
18678
18621
18535
18535
18476
18476
18476
18476
18476
18562
18562
18562
18488
18558
18502
18502
18502
18502
18502
18502
18560
18560
18560
18543
18543
18502
18502
18502
18502
18437
18437
18437
18437
18437
18437
18437
18523
18523
18457
18516
18516
18546
18546
18546
18546
18546
18546
18546
18546
18546
18467
18467
18418
18418
18360
18360
18360
18360
18360
18360
18360
18360
18360
18425
18425
18350
18350
18350
18350
18357
18436
18485
18543
18468
18500
18598
18617
18707
18735
18810
18818
18849
18849
18782
18833
18843
18834
18834
18866
18915
18915
18915
18915
18974
18920
18920
18919
18919
18919
18822
18822
18822
18822
18764
18764
18764
18764
18708
18708
18673
18617
18617
18617
18617
18617
18617
18675
18675
18675
18675
18675
18675
18675
18734
18685
18685
18611
18563
18563
18558
18517
18462
18462
18462
18462
18442
18442
18447
18447
18447
18447
18447
18470
18470
18470
18470
18470
18470
18470
18540
18540
18540
18615
18615
18615
18615
18615
18615
18615
18615
18615
18615
18615
18615
18615
18625
18625
18625
18625
18625
18625
18625
18625
18625
18625
18625
18625
18625
18625
18625
18625
18625
18625
18625
18625
18625
18646
18628
18685
18680
18680
18779
18834
18933
18933
18984
19021
19110
19110
19073
19153
19153
19153
19153
19153
19208
19208
19208
19243
19243
19243
19243
19243
19243
19243
19243
19243
19243
19243
19243
19243
19243
19243
19243
19243
19276
19224
19282
19282
19282
19282
19282
19282
19282
19282
19282
19250
19194
19194
19194
19159
19149
19149
19149
19149
19149
19079
19079
19079
19079
19079
19079
19079
18982
18964
18964
18903
18823
18742
18696
18668
18613
18531
18530
18463
18463
18364
18266
18198
18132
18054
18044
18011
17957
18054
18072
18133
18213
18213
18213
18259
18167
18195
18218
18218
18273
18273
18273
18273
18273
18273
18273
18273
18273
18273
18273
18217
18315
18235
18235
18235
18235
18235
18235
18235
18235
18235
18235
18268
18268
18322
18322
18322
18322
18282
18282
18282
18374
18406
18494
18494
18494
18494
18537
18617
18628
18638
18638
18638
18638
18638
18638
18638
18678
18678
18742
18667
18667
18667
18667
18667
18573
18665
18610
18521
18521
18521
18521
18521
18428
18418
18403
18403
18403
18403
18403
18403
18403
18403
18363
18363
18363
18277
18181
18181
18140
18194
18194
18241
18241
18241
18189
18189
18253
18253
18204
18214
18135
18135
18135
18135
18087
18087
18087
18054
18152
18152
18073
18073
18073
18036
18036
18028
18028
18028
18028
18028
18068
18068
18068
18068
18068
18068
17997
17997
18083
18004
18004
18004
17931
17931
17873
17809
17809
17809
17761
17761
17761
17669
17589
17589
17589
17589
17490
17490
17490
17490
17488
17488
17488
17449
17449
17449
17433
17433
17433
17433
17433
17482
17482
17482
17482
17482
17553
17553
17601
17601
17680
17680
17680
17680
17753
17753
17753
17753
17753
17753
17811
17811
17811
17811
17811
17811
17811
17891
17891
17891
17891
17891
17891
17891
17891
17891
17880
17880
17828
17828
17828
17828
17828
17828
17828
17828
17828
17828
17828
17920
17920
18009
18009
18029
18055
18091
18091
18147
18147
18202
18202
18202
18202
18202
18202
18212
18249
18249
18348
18348
18418
18418
18418
18418
18418
18390
18390
18390
18390
18331
18331
18331
18331
18331
18331
18331
18331
18331
18331
18331
18331
18331
18331
18390
18390
18390
18390
18390
18390
18390
18304
18245
18245
18245
18245
18245
18245
18245
18245
18245
18245
18245
18245
18245
18245
18242
18177
18177
18177
18263
18263
18322
18322
18322
18322
18322
18386
18442
18442
18442
18442
18442
18442
18442
18442
18507
18507
18507
18507
18474
18560
18560
18560
18502
18477
18397
18397
18397
18357
18265
18204
18126
18175
18143
18143
18143
18143
18057
18057
18068
18068
18068
17996
17996
17996
17996
17996
17910
17910
17840
17840
17840
17782
17782
17782
17782
17782
17686
17686
17686
17686
17686
17628
17628
17628
17628
17628
17628
17628
17628
17628
17708
17775
17775
17871
17871
17957
17957
17957
17957
18043
18097
18097
18097
18097
18109
18109
18109
18109
18109
18109
18109
18175
18175
18175
18275
18312
18404
18404
18404
18404
18404
18404
18404
18404
18463
18463
18463
18463
18463
18463
18463
18463
18463
18463
18463
18463
18463
18463
18377
18377
18377
18377
18328
18328
18328
18328
18328
18255
18189
18189
18189
18189
18189
18189
18189
18189
18269
18269
18201
18201
18166
18194
18151
18151
18119
18119
18119
18039
17950
18015
18015
18015
18103
18157
18231
18231
18317
18317
18358
18358
18358
18358
18358
18358
18368
18368
18368
18368
18409
18387
18466
18497
18594
18648
18704
18718
18744
18744
18744
18744
18744
18673
18742
18699
18699
18699
18699
18699
18699
18697
18697
18697
18697
18669
18669
18681
18761
18761
18761
18706
18706
18706
18706
18706
18706
18706
18755
18755
18755
18755
18755
18755
18755
18685
18685
18685
18685
18685
18627
18627
18716
18716
18716
18716
18742
18742
18740
18740
18740
18674
18612
18627
18627
18627
18627
18627
18627
18627
18685
18685
18685
18685
18685
18685
18685
18620
18692
18692
18657
18731
18731
18731
18731
18823
18838
18838
18838
18838
18838
18838
18838
18838
18765
18732
18812
18812
18812
18812
18812
18812
18775
18775
18870
18870
18870
18784
18784
18802
18802
18802
18802
18802
18710
18678
18590
18590
18590
18590
18590
18547
18547
18467
18467
18456
18456
18456
18397
18387
18387
18387
18387
18387
18387
18387
18387
18387
18387
18387
18387
18387
18387
18387
18387
18382
18382
18342
18342
18342
18342
18342
18342
18319
18248
18248
18300
18300
18221
18221
18148
18131
18131
18131
18180
18110
18110
18184
18109
18029
18077
18077
18077
18077
18077
18077
18082
18082
18082
18123
18113
18113
18168
18168
18168
18168
18168
18223
18294
18294
18373
18393
18393
18466
18466
18466
18530
18530
18530
18530
18578
18578
18578
18658
18658
18658
18658
18658
18658
18658
18658
18658
18733
18733
18733
18733
18733
18661
18661
18661
18661
18661
18633
18603
18571
18516
18448
18448
18349
18326
18326
18312
18304
18304
18304
18304
18304
18304
18304
18304
18359
18359
18359
18359
18359
18359
18359
18359
18322
18322
18296
18236
18152
18117
18117
18020
17968
17893
17793
17768
17768
17768
17757
17757
17757
17729
17729
17729
17729
17643
17584
17584
17584
17584
17584
17528
17528
17528
17528
17528
17528
17528
17463
17366
17348
17287
17207
17207
17207
17161
17133
17078
17078
17078
17078
17078
16980
16926
16926
16879
16879
16879
16879
16815
16815
16805
16772
16772
16718
16718
16620
16620
16717
16717
16735
16735
16796
16756
16836
16836
16836
16836
16836
16750
16778
16833
16764
16764
16818
16818
16818
16865
16865
16865
16925
16925
17024
17088
17088
17088
17098
17098
17098
17098
17098
17163
17163
17163
17163
17163
17163
17261
17271
17323
17356
17356
17356
17356
17396
17396
17396
17482
17482
17482
17482
17482
17482
17482
17482
17482
17482
17482
17482
17482
17482
17482
17482
17482
17426
17426
17426
17426
17426
17426
17519
17519
17519
17592
17592
17592
17530
17530
17615
17615
17615
17671
17671
17671
17671
17671
17623
17623
17623
17623
17565
17565
17565
17516
17516
17516
17539
17491
17491
17464
17464
17464
17464
17464
17522
17522
17522
17549
17549
17549
17549
17516
17516
17516
17516
17516
17516
17516
17516
17516
17427
17427
17427
17427
17476
17490
17538
17538
17571
17571
17650
17650
17687
17687
17742
17802
17802
17868
17868
17868
17810
17810
17868
17868
17868
17885
17910
17975
18046
18046
18034
18100
18100
18169
18169
18169
18110
18110
18110
18110
18110
18110
18110
18110
18180
18180
18180
18180
18180
18168
18168
18168
18168
18137
18137
18137
18045
17984
17984
17973
17915
17915
17908
17829
17918
17869
17884
17976
17918
17918
17886
17788
17718
17699
17609
17581
17506
17498
17467
17467
17474
17553
17602
17602
17660
17692
17790
17809
17870
17784
17874
17874
17949
17957
17957
17957
17924
17944
18042
18042
18042
18012
17912
17856
17856
17856
17801
17801
17781
17685
17685
17685
17626
17626
17626
17626
17626
17726
17640
17696
17696
17696
17696
17696
17696
17604
17604
17604
17604
17604
17624
17624
17624
17624
17624
17624
17624
17624
17624
17683
17683
17683
17683
17683
17603
17603
17603
17603
17603
17603
17603
17603
17689
17641
17641
17641
17641
17733
17743
17801
17801
17801
17801
17801
17801
17801
17801
17801
17801
17801
17801
17801
17801
17801
17801
17801
17881
17881
17881
17881
17881
17881
17881
17881
17881
17881
17881
17848
17848
17859
17859
17859
17859
17951
17951
17951
17951
17999
17999
17999
18057
18057
18057
18057
18057
18127
18147
18147
18147
18106
18106
18096
18096
18096
18096
18096
18096
18096
18096
18096
18037
18037
18037
18037
18037
18037
18037
18095
18095
18079
18140
18140
18140
18140
18140
18140
18199
18199
18199
18199
18269
18269
18269
18269
18269
18317
18317
18317
18317
18217
18217
18217
18217
18217
18217
18217
18159
18067
18067
18067
18067
18067
18067
18067
18067
18067
18011
18011
17974
17974
17967
17967
17872
17872
17872
17824
17735
17718
17718
17718
17622
17622
17557
17557
17558
17506
17486
17512
17512
17580
17580
17659
17659
17661
17661
17671
17714
17800
17800
17800
17800
17800
17870
17897
17897
17848
17848
17848
17807
17855
17855
17855
17892
17882
17811
17732
17659
17595
17547
17467
17467
17467
17467
17467
17467
17467
17467
17467
17467
17467
17467
17515
17595
17595
17595
17595
17595
17595
17595
17595
17503
17573
17573
17573
17573
17508
17508
17557
17577
17577
17577
17577
17577
17577
17577
17557
17557
17557
17501
17501
17590
17590
17590
17665
17757
17757
17757
17757
17797
17797
17785
17785
17785
17785
17785
17785
17785
17785
17785
17844
17943
17943
17909
17844
17844
17756
17702
17628
17628
17542
17501
17501
17501
17501
17501
17501
17491
17491
17491
17491
17491
17491
17491
17491
17491
17556
17556
17556
17556
17610
17610
17610
17610
17696
17696
17696
17696
17696
17696
17696
17706
17706
17706
17706
17706
17637
17646
17676
17676
17676
17676
17676
17676
17676
17617
17617
17697
17639
17639
17700
17672
17672
17672
17593
17593
17593
17540
17486
17439
17379
17315
17305
17305
17305
17305
17207
17155
17228
17228
17228
17228
17188
17124
17124
17124
17038
17038
17038
17038
17038
17038
17038
17038
17038
17038
17038
17038
17078
17078
16980
16980
16928
17014
16927
16922
16880
16802
16802
16802
16802
16801
16725
16725
16652
16652
16652
16711
16711
16765
16765
16765
16765
16765
16765
16765
16765
16765
16765
16765
16765
16765
16668
16650
16589
16589
16509
16509
16509
16481
16426
16370
16370
16370
16370
16271
16271
16271
16210
16210
16210
16200
16167
16167
16169
16257
16257
16257
16318
16416
16496
16580
16628
16628
16628
16628
16628
16628
16628
16628
16628
16628
16628
16628
16628
16628
16628
16628
16628
16628
16628
16628
16628
16628
16628
16661
16661
16661
16661
16661
16650
16650
16721
16721
16721
16721
16721
16721
16721
16721
16721
16721
16721
16721
16793
16793
16793
16793
16821
16821
16821
16821
16821
16821
16821
16821
16729
16729
16729
16787
16787
16822
16733
16733
16733
16684
16664
16699
16625
16625
16599
16672
16672
16624
16588
16588
16588
16588
16568
16563
16577
16521
16521
16521
16480
16480
16566
16511
16511
16456
16537
16537
16537
16570
16659
16659
16659
16659
16659
16659
16659
16659
16659
16734
16714
16714
16704
16704
16724
16724
16782
16782
16782
16683
16694
16694
16694
16694
16624
16636
16636
16636
16671
16671
16671
16727
16727
16727
16776
16776
16850
16850
16898
16934
16939
16939
16909
16950
17005
17029
17092
17179
17179
17199
17199
17241
17241
17241
17241
17241
17241
17241
17241
17241
17166
17166
17166
17166
17166
17166
17117
17117
17103
17103
17055
17055
17022
16943
16915
16878
16883
16883
16883
16883
16823
16897
16831
16854
16854
16854
16854
16923
16923
16923
16923
16865
16935
16935
17010
17010
17010
16943
16926
16926
16901
16901
16901
16901
16901
16901
16950
16964
17012
17045
17124
17161
17161
17161
17161
17235
17235
17235
17293
17293
17293
17283
17283
17283
17283
17283
17273
17273
17273
17273
17258
17258
17248
17248
17248
17223
17200
17200
17200
17200
17199
17199
17199
17164
17164
17164
17164
17164
17164
17164
17164
17164
17164
17164
17164
17164
17164
17164
17164
17260
17260
17301
17301
17301
17215
17215
17215
17215
17215
17215
17123
17202
17192
17192
17134
17134
17134
17134
17134
17134
17134
17134
17134
17134
17134
17134
17134
17134
17054
17054
17054
17054
17054
17054
17154
17240
17265
17265
17335
17427
17437
17495
17495
17495
17518
17523
17555
17575
17575
17655
17655
17655
17655
17655
17655
17655
17607
17527
17527
17527
17607
17607
17607
17607
17607
17678
17757
17830
17894
17942
18022
18121
18123
18162
18178
18178
18178
18164
18116
18116
18208
18222
18171
18076
18137
18137
18137
18137
18137
18198
18178
18178
18178
18178
18219
18169
18169
18169
18244
18244
18244
18244
18244
18225
18298
18271
18271
18191
18191
18157
18088
18088
18016
18067
18129
18129
18165
18124
18124
18076
18076
18165
18085
18164
18164
18229
18243
18314
18362
18390
18390
18470
18528
18528
18528
18528
18551
18588
18539
18539
18478
18478
18478
18478
18478
18478
18419
18419
18419
18349
18349
18349
18349
18420
18420
18347
18347
18408
18408
18408
18408
18435
18435
18435
18377
18377
18377
18377
18436
18436
18436
18436
18343
18413
18413
18443
18443
18466
18393
18393
18393
18393
18308
18308
18308
18256
18200
18200
18200
18136
18136
18136
18136
18136
18136
18136
18136
18136
18081
18081
18081
18081
18081
18081
18081
18081
18081
18081
18081
18081
18153
18153
18153
18153
18153
18153
18181
18181
18181
18181
18213
18213
18268
18268
18268
18228
18228
18228
18327
18327
18327
18241
18241
18241
18241
18144
18151
18151
18143
18065
18113
18113
18148
18178
18178
18226
18226
18226
18226
18231
18231
18239
18328
18328
18317
18300
18300
18211
18302
18348
18251
18251
18323
18323
18323
18323
18403
18403
18403
18314
18314
18314
18314
18304
18304
18243
18243
18243
18243
18182
18102
18102
18043
18043
18043
18043
18043
18043
18043
18043
18043
18043
18043
18006
18006
18006
18006
18006
18006
18006
18098
18098
18098
18098
18098
18065
18065
18065
18025
18025
18025
17960
17960
17960
17960
17960
17960
17906
17906
17906
17899
17899
17899
17820
17820
17734
17685
17685
17685
17627
17627
17627
17595
17595
17595
17497
17497
17497
17478
17478
17478
17388
17388
17388
17388
17388
17378
17378
17303
17217
17217
17217
17209
17209
17209
17209
17209
17209
17209
17209
17274
17274
17274
17274
17353
17407
17456
17456
17514
17514
17546
17632
17632
17673
17673
17673
17673
17673
17673
17673
17748
17748
17748
17748
17748
17758
17758
17758
17758
17758
17758
17709
17695
17647
17614
17535
17498
17498
17498
17498
17498
17487
17413
17413
17413
17413
17443
17443
17443
17484
17484
17426
17334
17399
17399
17399
17399
17399
17399
17497
17497
17497
17497
17497
17497
17497
17449
17449
17378
17378
17299
17299
17226
17319
17319
17255
17304
17304
17256
17325
17339
17319
17239
17287
17287
17287
17373
17274
17274
17307
17305
17397
17476
17476
17437
17474
17474
17458
17458
17534
17545
17604
17604
17604
17670
17670
17740
17811
17885
17885
17964
17964
18056
18056
18129
18129
18156
18220
18278
18278
18326
18326
18326
18406
18406
18406
18406
18406
18406
18406
18406
18406
18406
18406
18406
18406
18406
18406
18406
18406
18406
18406
18481
18493
18493
18493
18493
18493
18493
18551
18551
18551
18551
18551
18551
18551
18485
18485
18447
18473
18404
18476
18476
18386
18431
18431
18431
18431
18504
18473
18552
18592
18592
18592
18672
18672
18699
18699
18779
18779
18779
18779
18854
18754
18754
18654
18583
18534
18607
18607
18521
18521
18447
18447
18422
18422
18422
18374
18295
18225
18189
18097
18092
18082
18082
18041
17983
17983
17928
17928
17928
17904
17904
17973
17910
17887
17887
17800
17795
17795
17775
17743
17743
17701
17681
17681
17681
17681
17752
17752
17672
17672
17672
17672
17672
17672
17721
17721
17769
17822
17822
17905
17905
18005
18046
18132
18187
18212
18212
18282
18282
18374
18374
18384
18384
18442
18442
18444
18444
18473
18473
18496
18501
18533
18553
18652
18732
18740
18753
18748
18748
18674
18651
18651
18582
18582
18503
18433
18433
18358
18293
18293
18279
18279
18208
18208
18160
18160
18132
18132
18052
18052
17994
17994
17994
17994
17971
17971
17971
17971
18050
18050
18050
18050
18115
18115
18115
18115
18115
18190
18190
18190
18190
18190
18270
18270
18270
18270
18270
18270
18270
18270
18270
18270
18270
18270
18209
18209
18209
18209
18209
18209
18209
18209
18138
18138
18138
18138
18138
18138
18066
18066
18038
17952
17865
17813
17747
17747
17730
17730
17703
17689
17689
17689
17689
17625
17574
17574
17485
17485
17485
17485
17485
17485
17485
17454
17454
17374
17374
17282
17282
17221
17221
17202
17202
17142
17142
17061
17061
17040
17040
17007
17007
16925
16925
16918
16918
16873
16873
16838
16838
16820
16820
16756
16756
16707
16707
16641
16635
16589
16620
16700
16792
16853
16853
16853
16853
16853
16886
16886
16886
16886
16886
16886
16921
16939
16939
16988
16988
16988
16988
16923
16923
16923
16923
16923
16923
16893
16893
16893
16893
16893
16893
16893
16893
16893
16982
16982
16982
16982
16982
16982
16982
16982
16982
16982
16982
17062
17126
17160
17222
17247
17302
17316
17316
17383
17383
17481
17550
17587
17587
17652
17652
17687
17687
17616
17537
17464
17400
17400
17352
17272
17272
17272
17272
17272
17272
17212
17161
17082
17082
17082
17082
17017
17017
17017
17017
17017
17017
17017
17017
17017
17017
16937
16937
16937
16937
16937
16876
16876
16876
16876
16801
16801
16801
16801
16801
16801
16781
16846
16787
16787
16787
16787
16787
16787
16787
16867
16867
16867
16867
16867
16867
16867
16867
16867
16867
16867
16867
16867
16867
16867
16867
16867
16867
16867
16867
16926
16926
16926
16826
16826
16765
16765
16765
16765
16765
16765
16765
16765
16765
16765
16765
16706
16706
16706
16706
16706
16706
16636
16636
16606
16606
16606
16583
16583
16583
16583
16641
16655
16655
16735
16796
16796
16808
16808
16808
16832
16832
16832
16870
16870
16870
16902
16902
16902
16905
16905
16978
17037
17091
17091
17188
17238
17238
17256
17262
17332
17393
17393
17464
17494
17574
17617
17640
17640
17723
17723
17785
17813
17909
17964
18039
18039
18040
18041
18041
18041
18140
18140
18140
18140
18140
18140
18150
18183
18271
18271
18271
18350
18350
18350
18350
18257
18208
18194
18146
18113
18034
18034
17997
17997
17921
17921
17855
17855
17781
17781
17781
17713
17655
17655
17655
17576
17576
17576
17576
17574
17574
17574
17564
17521
17614
17528
17577
17577
17591
17591
17639
17731
17731
17764
17737
17816
17816
17853
17842
17842
17918
17918
17978
17930
17996
17996
18070
18164
18185
18106
18174
18232
18201
18282
18359
18262
18341
18419
18365
18384
18401
18345
18347
18372
18358
18358
18332
18342
18342
18342
18342
18428
18428
18428
18359
18359
18359
18359
18359
18386
18386
18386
18465
18465
18465
18513
18513
18513
18567
18623
18643
18643
18643
18643
18643
18643
18643
18643
18712
18712
18723
18723
18723
18723
18644
18644
18644
18644
18644
18644
18591
18508
18408
18408
18438
18438
18352
18366
18341
18341
18341
18271
18179
18169
18111
18109
18080
18057
18052
18020
18000
17901
17821
17813
17800
17800
17800
17900
17986
18011
18081
18173
18183
18241
18241
18241
18264
18264
18296
18316
18316
18396
18396
18396
18396
18467
18498
18554
18468
18542
18620
18700
18729
18805
18876
18879
18932
18983
18972
19071
19099
19099
19099
19109
19109
19109
19109
19044
19044
19044
19044
18990
18990
18990
18990
18990
18904
18863
18863
18863
18863
18863
18863
18853
18853
18853
18918
18918
18934
18969
18969
18969
18969
19004
19004
18985
18985
18985
18985
19071
19112
19112
19112
19063
19063
19063
19063
19063
19063
19063
19046
19107
19107
19182
19255
19303
19326
19326
19326
19326
19230
19189
19140
19140
19140
19140
19092
19092
19092
19092
19092
19013
18972
18972
18917
18917
18917
18917
18885
18885
18885
18885
18885
18885
18885
18885
18885
18885
18885
18885
18926
18975
18975
19049
19049
19097
19097
19133
19133
19138
19138
19179
19179
19234
19234
19258
19258
19258
19258
19258
19258
19278
19278
19278
19278
19278
19278
19181
19181
19261
19161
19105
19105
19105
19105
19105
19105
19085
19085
19085
19085
19085
19026
19026
19026
19026
19026
19026
19026
19026
18951
18977
18967
18967
18967
18868
18868
18868
18868
18868
18868
18868
18868
18868
18803
18803
18803
18803
18803
18803
18877
18877
18877
18797
18797
18797
18797
18797
18797
18797
18797
18797
18797
18872
18872
18842
18842
18842
18842
18842
18852
18917
18945
18945
18945
19016
19064
19064
19144
19202
19202
19202
19202
19103
19178
19219
19219
19146
19232
19152
19152
19152
19080
19080
19080
19052
19052
19020
18965
18965
18965
18866
18866
18866
18866
18866
18866
18866
18866
18866
18866
18866
18866
18921
18921
18921
18921
18888
18888
18888
18888
18888
18943
18992
18992
18934
18876
18802
18799
18775
18747
18649
18639
18572
18567
18554
18554
18554
18475
18467
18460
18401
18387
18387
18387
18387
18387
18387
18298
18298
18298
18219
18219
18170
18095
18037
17945
17913
17913
17913
17913
17913
17913
17913
17873
17873
17873
17798
17798
17798
17798
17798
17798
17798
17798
17798
17798
17787
17787
17787
17787
17787
17787
17695
17695
17668
17668
17668
17668
17668
17668
17668
17668
17668
17668
17668
17760
17760
17760
17760
17760
17760
17760
17760
17760
17760
17760
17760
17760
17705
17705
17716
17716
17716
17716
17716
17716
17737
17829
17856
17856
17856
17856
17856
17856
17904
17972
17905
18001
18001
18001
18021
18021
17970
17970
18039
18039
18111
18111
18047
18047
18047
18047
17974
17974
18009
18009
17912
17894
17833
17753
17753
17753
17725
17670
17670
17669
17669
17570
17570
17570
17570
17570
17570
17570
17570
17560
17560
17527
17527
17528
17528
17528
17528
17528
17470
17470
17470
17390
17390
17390
17390
17390
17390
17310
17404
17404
17404
17407
17456
17493
17568
17568
17568
17629
17724
17667
17752
17758
17804
17740
17826
17905
17953
17953
17963
18036
18055
17962
17962
17892
17843
17923
17909
17861
17828
17749
17712
17636
17576
17510
17436
17342
17321
17263
17186
17186
17108
17091
17066
17066
17066
17026
17075
17089
17137
17170
17249
17286
17286
17286
17352
17426
17426
17426
17371
17429
17429
17429
17429
17429
17429
17466
17466
17466
17466
17466
17466
17466
17429
17460
17460
17460
17460
17460
17460
17395
17395
17324
17276
17276
17276
17196
17196
17138
17138
17138
17038
17038
16952
16952
16927
16857
16765
16765
16755
16755
16697
16762
16762
16762
16762
16833
16810
16810
16810
16810
16810
16778
16778
16758
16816
16816
16816
16736
16736
16736
16736
16736
16736
16789
16872
16872
16972
16988
17074
17099
17099
17169
17169
17261
17271
17329
17270
17270
17270
17293
17293
17239
17204
17236
17236
17256
17355
17355
17355
17355
17355
17290
17290
17232
17232
17152
17140
17116
17078
17046
17043
16970
16916
16866
16860
16789
16746
16746
16663
16601
16505
16430
16429
16429
16487
16567
16579
16579
16579
16579
16611
16611
16684
16684
16684
16684
16684
16755
16755
16755
16755
16734
16734
16734
16809
16809
16809
16809
16795
16734
16734
16734
16734
16734
16734
16675
16675
16675
16605
16575
16552
16566
16627
16705
16768
16768
16768
16768
16827
16827
16827
16827
16897
16897
16927
16927
16927
16838
16875
16875
16789
16789
16735
16735
16646
16646
16591
16639
16639
16639
16639
16639
16639
16588
16588
16588
16516
16516
16516
16516
16574
16574
16574
16574
16574
16574
16574
16574
16574
16574
16574
16510
16476
16417
16355
16330
16275
16261
16194
16096
16027
15990
15925
15925
15860
15825
15825
15825
15825
15825
15825
15825
15825
15825
15825
15739
15739
15698
15753
15753
15753
15753
15753
15753
15753
15753
15753
15753
15753
15753
15818
15818
15818
15818
15853
15918
15952
16040
16094
16168
16168
16254
16295
16390
16359
16359
16303
16308
16234
16234
16156
16220
16140
16150
16121
16121
16121
16045
16045
16042
15989
15938
15839
15839
15811
15811
15811
15811
15801
15789
15789
15789
15789
15789
15703
15703
15703
15736
15736
15736
15718
15718
15718
15681
15681
15681
15739
15739
15739
15739
15739
15739
15673
15673
15673
15577
15577
15577
15528
15454
15406
15370
15365
15324
15269
15245
15245
15245
15225
15225
15225
15225
15176
15225
15299
15347
15383
15388
15429
15429
15484
15484
15484
15484
15504
15504
15504
15504
15424
15424
15478
15466
15466
15486
15486
15458
15458
15458
15384
15384
15384
15384
15310
15310
15310
15310
15235
15235
15235
15235
15225
15197
15197
15197
15197
15197
15197
15197
15197
15197
15197
15197
15197
15197
15132
15132
15132
15207
15136
15136
15136
15140
15140
15140
15174
15262
15262
15262
15262
15262
15204
15204
15204
15204
15204
15152
15152
15231
15307
15372
15386
15457
15505
15528
15556
15556
15636
15694
15741
15754
15777
15777
15777
15777
15685
15685
15685
15662
15662
15737
15789
15812
15717
15743
15651
15651
15746
15746
15746
15746
15746
15795
15866
15946
15946
15972
16009
16103
16103
16144
16144
16144
16144
16144
16193
16193
16193
16233
16233
16233
16318
16318
16397
16397
16397
16409
16409
16309
16391
16406
16406
16406
16406
16406
16406
16406
16406
16406
16406
16406
16314
16277
16277
16277
16277
16277
16277
16277
16277
16277
16277
16277
16277
16369
16369
16369
16369
16369
16384
16384
16384
16384
16384
16384
16384
16384
16384
16384
16384
16384
16384
16384
16421
16486
16486
16486
16428
16428
16402
16402
16353
16339
16291
16258
16179
16142
16142
16142
16142
16142
16076
16002
16002
16002
15944
15944
15921
15921
15921
15921
15862
15862
15809
15726
15738
15638
15552
15527
15527
15457
15365
15350
15340
15282
15282
15282
15352
15291
15268
15268
15367
15335
15315
15216
15216
15216
15216
15216
15216
15216
15230
15242
15242
15242
15242
15242
15328
15328
15279
15279
15279
15279
15279
15279
15279
15279
15279
15279
15279
15279
15271
15271
15238
15238
15146
15146
15146
15146
15146
15146
15146
15146
15066
15066
15066
15066
15066
15066
15066
15066
15066
15066
15066
15066
15160
15163
15180
15201
15190
15190
15190
15190
15286
15344
15278
15298
15298
15218
15203
15297
15297
15232
15163
15163
15163
15093
15112
15187
15187
15187
15187
15187
15236
15236
15236
15322
15377
15377
15377
15442
15442
15507
15507
15507
15413
15477
15563
15624
15624
15621
15621
15621
15621
15584
15584
15657
15657
15657
15657
15657
15562
15605
15605
15605
15520
15545
15630
15630
15701
15787
15787
15781
15782
15782
15862
15862
15897
15851
15891
15991
15991
15991
15991
15991
16042
15956
15956
16020
16020
16020
16081
16002
16002
16002
16002
16102
16054
16054
16054
16140
16140
16130
16130
16222
16222
16291
16291
16291
16218
16251
16251
16291
16291
16272
16272
16272
16272
16192
16286
16286
16323
16323
16408
16408
16408
16367
16453
16532
16580
16525
16525
16535
16608
16541
16541
16541
16462
16382
16462
16386
16386
16321
16307
16307
16236
16188
16188
16160
16080
16022
15975
15962
15939
15939
15939
16004
16004
16004
16004
16004
16004
16004
15967
15967
16026
16026
16026
15934
15934
15934
15886
15828
15748
15736
15736
15736
15704
15704
15704
15631
15641
15641
15641
15641
15570
15570
15570
15570
15570
15505
15505
15505
15430
15430
15430
15488
15568
15580
15580
15580
15612
15612
15685
15739
15739
15745
15816
15859
15859
15859
15955
16030
16030
16030
16030
16030
16019
16019
16019
16019
16019
16019
15998
15906
15879
15879
15879
15879
15879
15879
15830
15782
15782
15714
15714
15714
15618
15618
15618
15618
15618
15563
15543
15543
15543
15543
15543
15543
15606
15606
15617
15617
15641
15641
15683
15704
15796
15823
15809
15809
15748
15748
15670
15718
15655
15723
15723
15819
15819
15819
15819
15819
15760
15780
15780
15844
15844
15774
15744
15744
15758
15819
15897
15897
15897
15916
15916
15975
15975
15975
16045
16075
16098
16098
16057
16057
16057
16057
16057
16057
16057
16057
16057
16057
16057
16027
16027
16027
16027
15959
15959
15878
15799
15780
15780
15778
15778
15768
15768
15768
15682
15655
15655
15655
15655
15628
15628
15628
15628
15580
15580
15648
15648
15648
15727
15727
15727
15727
15737
15737
15823
15823
15848
15848
15848
15848
15799
15799
15799
15728
15728
15648
15648
15648
15648
15611
15659
15659
15659
15659
15659
15659
15659
15659
15619
15619
15619
15619
15619
15619
15607
15607
15656
15727
15807
15807
15844
15913
15944
16009
16009
16009
16009
16105
16105
16105
16145
16075
16075
16075
16075
16075
16075
16087
16148
16148
16148
16148
16148
16148
16148
16148
16165
16224
16144
16193
16292
16292
16292
16292
16292
16243
16178
16104
16070
16022
15934
15898
15844
15839
15765
15765
15724
15724
15669
15580
15494
15494
15453
15453
15358
15414
15414
15379
15379
15359
15456
15451
15451
15451
15451
15451
15387
15387
15377
15278
15278
15278
15327
15401
15449
15514
15550
15550
15555
15555
15596
15596
15651
15651
15675
15675
15738
15824
15911
15911
15931
15931
15973
15973
15973
15973
15973
15973
15973
15973
15983
15983
15983
15983
15963
15905
15850
15942
15933
15933
15933
15933
15933
15933
15978
15978
15978
15908
15908
15908
15908
15908
15908
15908
15908
15908
15908
15908
15908
15908
15908
15908
15908
15908
15833
15833
15833
15833
15833
15833
15833
15833
15833
15833
15833
15833
15833
15833
15833
15833
15838
15838
15840
15840
15914
15937
16035
16035
16104
16160
16226
16226
16296
16296
16371
16451
16493
16493
16538
16538
16582
16582
16582
16592
16592
16592
16620
16555
16606
16606
16606
16606
16606
16634
16634
16634
16634
16634
16634
16644
16644
16644
16644
16644
16644
16644
16723
16723
16723
16799
16864
16964
16974
16988
17059
17059
17107
17135
17215
17273
17320
17320
17343
17343
17343
17432
17524
17524
17524
17524
17524
17524
17524
17438
17438
17438
17438
17438
17438
17438
17438
17418
17418
17418
17418
17418
17418
17418
17418
17418
17329
17329
17231
17231
17231
17160
17213
17213
17313
17399
17424
17494
17586
17596
17654
17656
17656
17679
17679
17711
17731
17830
17910
17910
17910
17852
17863
17863
17912
17828
17915
17999
17999
18026
18026
18054
18095
18144
18243
18243
18295
18236
18236
18256
18270
18270
18288
18361
18369
18369
18313
18313
18313
18313
18313
18313
18313
18377
18377
18351
18336
18367
18367
18366
18366
18366
18308
18319
18319
18319
18284
18284
18230
18230
18142
18142
18142
18142
18142
18142
18142
18197
18197
18197
18207
18137
18137
18137
18137
18137
18137
18137
18082
18082
18082
18082
18082
18082
18082
18017
18017
17982
18046
18046
18080
18142
18167
18167
18200
18255
18269
18269
18336
18434
18503
18540
18605
18546
18546
18581
18581
18618
18545
18545
18545
18545
18545
18484
18484
18484
18533
18513
18513
18513
18464
18393
18313
18313
18276
18276
18245
18245
18245
18149
18101
18101
18101
18061
18061
18061
18061
18061
18061
18049
18049
18016
18087
18133
18133
18133
18182
18182
18253
18253
18333
18247
18247
18247
18284
18315
18377
18375
18375
18471
18471
18511
18511
18543
18543
18543
18543
18555
18555
18555
18555
18566
18566
18566
18645
18659
18666
18666
18666
18755
18787
18787
18787
18787
18787
18787
18787
18876
18876
18940
18977
18977
18977
18977
18977
18977
18977
18977
18977
18977
18977
18977
18977
18977
19010
19010
19010
18931
18855
18790
18776
18705
18691
18643
18615
18535
18477
18430
18430
18407
18407
18407
18472
18472
18472
18543
18591
18493
18493
18573
18566
18624
18624
18624
18624
18624
18612
18612
18518
18518
18518
18518
18518
18481
18481
18396
18396
18396
18310
18237
18158
18158
18110
18100
18027
18027
18027
18027
18027
17947
17947
17947
17947
17984
17984
17984
17984
17984
18070
18070
18070
18070
18070
18070
18070
18070
18070
18118
18118
18148
18180
18166
18166
18166
18220
18162
18162
18162
18162
18162
18104
18024
18012
18067
18067
18095
18095
18063
18015
18015
18015
17942
17888
17888
17888
17809
17803
17803
17732
17732
17689
17635
17635
17579
17579
17579
17483
17483
17408
17408
17408
17408
17408
17408
17339
17339
17397
17397
17493
17573
17573
17585
17585
17585
17585
17585
17617
17617
17690
17744
17744
17744
17815
17858
17858
17858
17858
17933
17933
17933
17995
18050
18149
18149
18149
18149
18248
18248
18248
18266
18291
18291
18291
18286
18272
18272
18211
18133
18098
18098
18098
18079
18079
18043
17984
17984
18051
18003
18003
17933
17903
17880
17880
17894
17955
17978
18056
18056
18056
18056
18056
18075
18075
18134
18134
18134
18204
18204
18204
18204
18205
18205
18205
18116
18116
18205
18205
18205
18194
18194
18253
18253
18253
18253
18253
18253
18253
18253
18161
18161
18161
18161
18161
18161
18161
18161
18161
18161
18100
18100
18100
18125
18074
18074
18009
18009
18009
18009
18009
18009
18009
18009
18009
18009
18084
18084
18084
18084
18084
18107
18107
18107
18107
18107
18077
18077
18077
18077
18077
18077
17996
18077
18077
18077
18002
18072
18141
18082
18082
18029
18029
17929
17843
17818
17888
17818
17852
17760
17750
17692
17692
17690
17690
17690
17667
17667
17635
17615
17516
17436
17436
17436
17367
17318
17244
17196
17160
17155
17155
17114
17059
17035
16972
16935
16848
16828
16786
16786
16786
16786
16786
16835
16909
16957
16993
16998
17039
17094
17094
17157
17237
17324
17344
17344
17344
17344
17344
17264
17336
17353
17345
17345
17345
17304
17304
17304
17304
17304
17239
17239
17239
17239
17239
17239
17198
17198
17198
17198
17127
17041
17041
17041
17041
17041
17041
17041
17041
17041
17031
17068
17068
17080
17080
17008
17073
17107
17195
17137
17191
17116
17190
17267
17187
17273
17314
17409
17466
17471
17554
17618
17628
17650
17665
17660
17658
17584
17561
17463
17394
17328
17258
17183
17141
17214
17214
17169
17125
17115
17087
17087
16996
16996
16996
16996
16996
16996
16996
16996
16996
16996
17033
17033
17033
17108
17108
17108
17019
17019
17019
17019
17019
16973
16924
16853
16874
16794
16842
16842
16900
16900
16863
16890
16890
16859
16879
16814
16752
16821
16821
16821
16856
16785
16689
16719
16671
16671
16671
16671
16631
16631
16551
16551
16618
16560
16528
16528
16528
16528
16528
16528
16528
16528
16528
16528
16551
16539
16605
16670
16749
16825
16755
16801
16866
16915
16915
16986
17057
17137
17185
17185
17185
17222
17302
17333
17391
17391
17391
17391
17293
17293
17389
17389
17389
17429
17429
17461
17461
17461
17461
17473
17553
17553
17461
17398
17398
17387
17363
17317
17275
17254
17162
17135
17135
17135
17135
17135
17135
17135
17087
17087
17014
17014
16946
16946
16850
16850
16850
16850
16850
16850
16830
16830
16766
16766
16766
16766
16766
16766
16766
16780
16780
16780
16700
16700
16644
16644
16644
16564
16564
16564
16564
16564
16513
16513
16485
16485
16485
16475
16475
16475
16475
16531
16531
16531
16611
16611
16611
16611
16611
16611
16611
16611
16611
16611
16611
16621
16621
16621
16719
16782
16782
16792
16814
16892
16892
16831
16831
16804
16835
16861
16940
16950
17010
17042
16969
16894
16815
16815
16871
16927
16927
16927
16985
16985
17047
17047
17047
16960
16876
16849
16849
16821
16780
16731
16632
16570
16570
16518
16498
16484
16484
16466
16393
16385
16385
16472
16556
16583
16587
16615
16656
16656
16705
16705
16804
16851
16851
16914
16914
16966
16966
16966
16986
16986
17000
17000
17082
17082
17100
17189
17262
17262
17270
17270
17363
17363
17363
17363
17271
17271
17271
17271
17271
17271
17271
17236
17236
17236
17236
17236
17236
17236
17236
17236
17236
17236
17236
17236
17236
17243
17243
17243
17243
17243
17170
17170
17170
17170
17090
17050
17050
17050
17050
17050
17108
17108
17108
17063
17063
17063
17052
17052
16973
16959
16952
16952
16863
16831
16831
16850
16850
16761
16761
16772
16772
16851
16865
16872
16872
16961
16889
16921
16921
16926
16926
16987
16957
16878
16802
16737
16737
16737
16753
16753
16682
16634
16634
16554
16554
16496
16496
16496
16496
16496
16496
16503
16503
16477
16477
16477
16487
16487
16487
16567
16664
16664
16664
16664
16664
16664
16664
16664
16664
16664
16664
16664
16664
16664
16664
16664
16664
16664
16664
16572
16572
16572
16572
16572
16572
16535
16535
16508
16508
16508
16508
16508
16595
16595
16629
16543
16572
16572
16590
16590
16657
16657
16657
16657
16749
16749
16749
16691
16691
16691
16691
16611
16611
16631
16619
16619
16619
16619
16587
16587
16587
16624
16551
16551
16497
16582
16582
16582
16582
16582
16511
16597
16554
16633
16633
16681
16681
16691
16717
16717
16717
16717
16642
16642
16642
16642
16642
16722
16756
16710
16768
16719
16719
16648
16660
16585
16505
16505
16505
16505
16468
16468
16437
16437
16437
16437
16437
16437
16341
16341
16341
16341
16301
16301
16301
16301
16269
16269
16269
16269
16269
16269
16269
16269
16257
16257
16257
16257
16306
16377
16377
16457
16457
16494
16494
16494
16494
16494
16494
16408
16448
16448
16480
16480
16482
16482
16482
16482
16494
16494
16548
16548
16619
16619
16687
16687
16623
16589
16527
16502
16447
16433
16366
16268
16199
16162
16097
16138
16138
16103
16068
16047
16047
15999
15999
15941
15941
15914
15939
15919
15974
15905
15905
15870
15870
15840
15840
15840
15840
15840
15877
15810
15875
15875
15875
15875
15875
15875
15852
15786
15786
15721
15707
15707
15646
15646
15568
15589
15501
15501
15549
15549
15607
15588
15615
15615
15635
15576
15645
15645
15680
15726
15726
15726
15656
15656
15656
15656
15656
15656
15656
15656
15656
15656
15679
15679
15744
15744
15744
15676
15676
15597
15597
15585
15585
15585
15575
15575
15489
15489
15489
15489
15489
15489
15489
15418
15418
15370
15370
15370
15370
15370
15370
15370
15370
15370
15370
15456
15456
15456
15456
15456
15456
15456
15456
15489
15489
15489
15489
15489
15489
15554
15554
15554
15603
15662
15662
15662
15601
15601
15601
15601
15601
15601
15601
15601
15700
15700
15631
15671
15671
15720
15720
15720
15720
15720
15720
15720
15720
15720
15720
15720
15720
15720
15720
15720
15649
15649
15649
15649
15649
15649
15715
15715
15784
15874
15905
15905
15905
16005
16076
16076
16076
16027
15953
15905
15869
15864
15823
15768
15768
15705
15618
15598
15598
15598
15598
15600
15600
15680
15707
15707
15792
15888
15896
15907
15907
15907
15996
16051
16051
16051
16091
16080
16080
16080
16080
16080
16080
16080
16080
16080
16005
16005
15940
15940
15906
15906
15818
15818
15764
15764
15690
15690
15613
15527
15486
15491
15396
15398
15470
15413
15487
15482
15505
15422
15330
15428
15364
15364
15354
15420
15398
15468
15453
15528
15528
15528
15528
15538
15566
15653
15653
15653
15653
15653
15709
15808
15825
15825
15825
15825
15825
15862
15862
15862
15832
15832
15832
15818
15869
15908
15908
15859
15828
15748
15656
15595
15595
15595
15595
15595
15562
15562
15562
15562
15527
15509
15509
15460
15460
15460
15460
15491
15571
15663
15724
15743
15803
15803
15803
15836
15836
15836
15836
15871
15871
15871
15920
15920
15920
15920
15920
15864
15864
15864
15784
15784
15784
15784
15784
15784
15784
15784
15784
15784
15774
15774
15774
15805
15861
15935
16013
16013
16093
16122
16198
16201
16254
16305
16404
16432
16515
16515
16525
16525
16525
16525
16525
16436
16436
16372
16335
16335
16335
16335
16335
16335
16335
16335
16335
16335
16335
16335
16335
16401
16407
16496
16538
16602
16639
16646
16723
16726
16783
16845
16845
16943
16943
16984
16984
16984
16935
16864
16789
16709
16709
16672
16672
16672
16672
16672
16672
16672
16672
16632
16632
16600
16600
16600
16600
16588
16588
16637
16708
16788
16788
16788
16788
16788
16788
16788
16788
16788
16788
16788
16788
16788
16788
16788
16768
16695
16737
16666
16666
16675
16675
16640
16693
16693
16693
16693
16693
16693
16652
16652
16652
16652
16652
16652
16652
16652
16652
16652
16652
16652
16652
16652
16652
16652
16652
16593
16644
16644
16644
16644
16644
16644
16644
16644
16644
16644
16644
16705
16705
16780
16834
16834
16889
16909
16968
16968
16881
16797
16770
16831
16902
16898
16898
16870
16791
16750
16701
16602
16539
16487
16467
16453
16405
16323
16305
16232
16224
16198
16105
16019
16019
16019
16046
16046
16046
16087
16136
16232
16232
16250
16250
16250
16250
16250
16250
16306
16306
16306
16306
16306
16306
16306
16379
16477
16477
16477
16477
16477
16536
16536
16569
16569
16569
16598
16598
16598
16587
16587
16587
16508
16494
16487
16487
16398
16366
16366
16366
16366
16377
16377
16377
16391
16391
16391
16391
16391
16423
16423
16423
16402
16354
16296
16269
16249
16180
16145
16145
16145
16145
16145
16145
16145
16145
16122
16122
16057
16057
16105
16163
16190
16210
16210
16245
16245
16245
16245
16245
16245
16245
16245
16245
16245
16310
16386
16460
16463
16388
16388
16313
16313
16255
16255
16243
16243
16243
16243
16243
16243
16243
16243
16243
16243
16243
16243
16243
16243
16243
16243
16243
16188
16246
16326
16338
16338
16338
16338
16338
16338
16411
16411
16411
16418
16418
16418
16418
16402
16402
16402
16365
16365
16365
16440
16440
16440
16440
16440
16403
16403
16318
16393
16393
16393
16307
16228
16180
16180
16170
16170
16170
16170
16170
16090
16090
16090
16090
16090
16090
16090
16090
16176
16176
16176
16186
16259
16259
16259
16339
16435
16435
16355
16332
16271
16271
16270
16235
16235
16235
16186
16115
16035
16035
16035
16035
16035
16035
16035
16035
16035
16035
16019
16019
16019
16019
16019
16019
16019
16068
16068
16068
16068
16068
16068
16068
16068
16068
16014
16014
16054
16054
16054
16054
16054
16054
16054
16054
16077
16077
16019
16014
16014
16012
15938
15915
15817
15817
15751
15681
15606
15606
15606
15606
15596
15568
15481
15481
15546
15635
15635
15635
15689
15769
15721
15721
15791
15828
15828
15828
15828
15828
15894
15986
15986
15917
15988
15988
15988
15988
15988
15988
15988
15988
15932
15833
15816
15816
15816
15816
15816
15779
15779
15779
15877
15828
15881
15968
16024
16123
16140
16185
16278
16338
16343
16380
16380
16463
16463
16430
16430
16407
16407
16335
16335
16372
16437
16343
16343
16343
16343
16318
16318
16263
16263
16263
16263
16263
16263
16226
16161
16103
16103
16103
16103
16103
16103
16103
16103
16088
16088
16088
16040
15982
15955
15935
15967
15979
15979
15979
15944
15944
15944
15944
15856
15856
15856
15856
15856
15856
15856
15856
15856
15791
15791
15839
15897
15897
15917
15917
15917
15917
15917
15917
15917
15917
15917
15917
15917
15917
15982
15951
15951
15895
15821
15743
15663
15634
15558
15555
15502
15451
15451
15352
15324
15241
15241
15224
15214
15214
15214
15214
15245
15301
15375
15375
15354
15434
15434
15434
15437
15437
15437
15536
15505
15505
15505
15505
15515
15537
15537
15537
15537
15517
15517
15517
15517
15517
15517
15517
15517
15442
15442
15442
15442
15442
15442
15442
15442
15442
15442
15442
15442
15442
15490
15590
15590
15642
15642
15717
15796
15796
15827
15898
15898
15898
15898
15898
15898
15898
15898
15898
15872
15814
15715
15678
15678
15678
15711
15711
15640
15581
15506
15442
15442
15387
15399
15399
15387
15335
15346
15346
15346
15254
15254
15325
15325
15325
15325
15314
15314
15314
15300
15300
15300
15300
15268
15268
15243
15285
15342
15353
15374
15453
15467
15474
15474
15474
15425
15514
15514
15514
15546
15546
15549
15549
15549
15614
15614
15614
15614
15614
15614
15614
15614
15574
15574
15574
15574
15574
15574
15574
15574
15574
15574
15574
15574
15574
15623
15694
15774
15774
15811
15842
15842
15767
15767
15863
15863
15903
15903
15903
15903
15903
15903
15903
15903
15891
15809
15809
15809
15795
15795
15715
15715
15715
15715
15715
15654
15654
15565
15469
15469
15469
15469
15469
15469
15446
15446
15446
15419
15419
15419
15419
15419
15419
15378
15278
15229
15229
15236
15236
15236
15236
15310
15310
15321
15321
15321
15321
15321
15321
15369
15296
15350
15350
15350
15439
15439
15439
15439
15466
15466
15466
15466
15466
15466
15462
15462
15462
15462
15462
15462
15462
15503
15552
15552
15552
15552
15572
15572
15572
15477
15477
15550
15550
15550
15550
15550
15492
15412
15400
15400
15306
15306
15306
15325
15325
15252
15252
15298
15298
15298
15298
15298
15298
15298
15298
15298
15212
15271
15196
15196
15132
15132
15132
15098
15150
15113
15113
15048
15048
15143
15074
15074
15111
15111
15111
15046
14985
14985
14995
14995
15021
15021
15021
15021
15021
15021
15021
15038
15038
15038
15038
15038
15038
15054
15054
15054
15110
15143
15175
15175
15261
15261
15261
15261
15261
15261
15261
15316
15316
15316
15316
15316
15316
15316
15316
15316
15389
15389
15389
15389
15389
15389
15389
15389
15389
15389
15389
15389
15389
15303
15303
15323
15323
15323
15323
15323
15323
15381
15456
15456
15456
15456
15456
15456
15456
15456
15456
15446
15446
15373
15373
15373
15373
15373
15373
15373
15373
15293
15354
15445
15539
15542
15579
15579
15674
15759
15765
15765
15811
15897
15976
16024
16034
15973
16046
16065
16148
16228
16228
16143
16143
16143
16103
16103
16062
16062
15977
15974
15874
15899
15899
15988
15988
15988
15988
15988
15988
15988
15988
15988
15988
15988
15988
15894
15894
15894
15808
15759
15759
15759
15759
15827
15827
15827
15827
15827
15827
15827
15827
15762
15813
15764
15694
15674
15648
15648
15648
15648
15648
15648
15648
15633
15585
15527
15527
15507
15507
15529
15529
15529
15529
15529
15450
15450
15450
15450
15391
15391
15483
15483
15483
15483
15483
15483
15483
15483
15483
15396
15396
15396
15461
15461
15534
15534
15469
15481
15555
15628
15594
15683
15753
15753
15724
15724
15684
15701
15683
15738
15703
15703
15703
15703
15703
15636
15636
15636
15636
15636
15636
15570
15638
15696
15604
15598
15598
15598
15509
15549
15649
15649
15649
15607
15658
15658
15638
15574
15574
15537
15537
15530
15530
15530
15453
15453
15450
15450
15393
15393
15331
15331
15331
15331
15233
15233
15233
15233
15233
15192
15192
15257
15257
15257
15323
15323
15323
15412
15412
15476
15509
15546
15546
15546
15546
15546
15546
15546
15546
15546
15546
15546
15546
15546
15546
15546
15497
15497
15497
15446
15348
15295
15208
15241
15185
15185
15086
15053
15036
15121
15076
15057
14964
14904
14899
14862
14862
14779
14779
14779
14779
14835
14835
14835
14835
14835
14835
14835
14835
14835
14835
14835
14929
14840
14840
14740
14740
14740
14740
14740
14740
14691
14620
14540
14540
14540
14540
14503
14472
14472
14472
14376
14376
14336
14336
14336
14336
14336
14336
14336
14336
14385
14456
14536
14536
14573
14573
14476
14476
14476
14476
14476
14516
14516
14516
14516
14516
14516
14473
14473
14485
14534
14534
14465
14448
14448
14448
14483
14483
14397
14397
14397
14397
14397
14397
14348
14338
14338
14338
14305
14345
14345
14345
14344
14436
14363
14372
14286
14200
14249
14178
14178
14178
14178
14178
14178
14113
14024
14024
14024
14024
13970
13890
13890
13820
13783
13783
13783
13717
13717
13646
13646
13646
13646
13648
13713
13682
13771
13715
13715
13641
13641
13641
13695
13695
13615
13695
13695
13695
13695
13765
13762
13737
13774
13774
13774
13774
13774
13774
13675
13675
13741
13741
13741
13741
13741
13812
13812
13713
13713
13703
13703
13703
13801
13801
13832
13888
13962
14040
14120
14149
14225
14225
14225
14276
14375
14403
14403
14403
14413
14495
14557
14547
14547
14536
14480
14494
14461
14430
14365
14365
14311
14359
14359
14359
14263
14245
14245
14245
14189
14189
14189
14189
14091
14091
14091
14032
14032
14032
14032
14128
14128
14128
14128
14184
14184
14212
14212
14170
14170
14113
14174
14163
14163
14142
14201
14122
14163
14149
14249
14242
14242
14242
14153
14121
14118
14118
14069
14069
14069
14069
14148
14148
14148
14148
14237
14269
14269
14224
14294
14294
14330
14293
14295
14203
14203
14203
14203
14148
14148
14148
14116
14116
14105
14077
14077
14077
14077
14067
14067
14067
14067
14067
13975
13975
13975
13975
13975
13975
13934
13885
13885
13885
13885
13885
13865
13865
13865
13865
13865
13807
13807
13807
13734
13734
13734
13734
13734
13734
13734
13734
13734
13734
13734
13734
13734
13734
13734
13734
13762
13762
13803
13803
13852
13852
13852
13852
13787
13787
13738
13738
13667
13687
13607
13607
13607
13607
13655
13655
13618
13676
13676
13676
13676
13749
13749
13749
13749
13749
13749
13749
13749
13749
13749
13749
13709
13709
13709
13709
13709
13709
13709
13709
13615
13615
13615
13612
13612
13612
13575
13563
13563
13468
13468
13383
13448
13442
13396
13310
13231
13183
13216
13206
13133
13133
13069
13050
12967
12897
12817
12817
12817
12854
12854
12939
12939
12939
13025
13104
13152
13162
13235
13235
13235
13315
13356
13356
13356
13356
13356
13356
13356
13356
13308
13308
13208
13208
13156
13156
13081
13002
13002
12971
12900
12900
12900
12900
12900
12900
12900
12900
12900
12975
12975
12975
12975
12975
12975
12975
12975
12975
12974
12974
12915
12915
12915
12915
12903
12903
12935
12887
12832
12832
12832
12734
12734
12790
12790
12790
12772
12692
12630
12630
12563
12563
12563
12563
12563
12507
12507
12507
12507
12507
12507
12507
12507
12507
12507
12507
12538
12636
12636
12641
12694
12766
12853
12909
12938
12849
12948
13035
13124
13141
13240
13240
13282
13282
13342
13348
13353
13427
13476
13513
13576
13576
13659
13659
13581
13501
13476
13446
13538
13538
13521
13465
13465
13517
13517
13436
13402
13379
13379
13307
13307
13341
13346
13394
13423
13464
13557
13577
13634
13694
13710
13810
13862
13862
13804
13827
13827
13885
13944
14019
14019
14111
14111
14049
14012
13989
13967
13894
13947
13955
13856
13856
13863
13881
13785
13730
13674
13674
13575
13575
13528
13497
13441
13367
13289
13209
13180
13104
13104
13104
13053
12954
12926
12926
12921
12921
12873
12873
12815
12805
12805
12723
12723
12661
12661
12661
12661
12661
12661
12629
12629
12629
12629
12629
12629
12629
12564
12585
12633
12691
12718
12738
12807
12842
12872
12872
12891
12958
13011
13011
13011
13034
13100
13165
13146
13146
13146
13146
13120
13120
13041
13041
13041
13041
12952
12920
12920
12920
12977
12988
13009
13088
13102
13109
13109
13198
13230
13230
13230
13240
13177
13272
13321
13321
13321
13252
13252
13252
13267
13199
13174
13114
13044
13044
13007
12993
12939
13016
13059
13059
13013
13013
13003
12987
12987
12985
12994
12929
12864
12775
12775
12775
12721
12641
12641
12571
12534
12534
12534
12468
12468
12397
12397
12397
12299
12301
12366
12455
12536
12539
12593
12673
12767
12837
12874
12962
13008
13074
13105
13176
13254
13254
13228
13326
13326
13397
13397
13397
13397
13418
13418
13352
13352
13263
13263
13199
13162
13162
13162
13162
13162
13162
13162
13162
13162
13162
13131
13131
13131
13197
13203
13292
13334
13398
13435
13442
13442
13442
13442
13442
13442
13442
13442
13405
13503
13503
13503
13418
13459
13459
13459
13459
13373
13294
13246
13236
13163
13163
13163
13083
13076
13076
13002
12991
12991
12991
12943
12889
12800
12800
12833
12833
12900
12873
12776
12776
12776
12776
12776
12776
12783
12876
12950
12961
13052
13061
13109
13163
13252
13295
13295
13377
13377
13404
13404
13476
13476
13574
13546
13624
13583
13589
13540
13540
13540
13540
13540
13520
13520
13520
13520
13520
13447
13447
13447
13447
13447
13474
13474
13474
13474
13523
13523
13523
13523
13543
13543
13543
13536
13536
13536
13536
13536
13536
13502
13557
13552
13504
13504
13475
13465
13424
13331
13311
13254
13194
13094
13094
13071
13071
13012
12937
12937
12845
12845
12911
12945
12950
13042
13090
13090
13119
13119
13160
13160
13180
13237
13297
13287
13387
13387
13410
13410
13410
13469
13544
13574
13666
13666
13696
13617
13617
13610
13610
13610
13610
13610
13539
13539
13539
13478
13478
13420
13379
13379
13379
13379
13379
13377
13279
13226
13177
13090
13034
12935
12918
12918
12918
12858
12858
12858
12853
12816
12816
12816
12733
12733
12733
12733
12733
12789
12888
12888
12888
12888
12888
12888
12888
12888
12888
12888
12928
12928
12928
12928
12928
12928
12933
13022
13022
13001
13001
12953
12953
12895
12895
12868
12868
12848
12848
12779
12779
12744
12744
12714
12784
12784
12794
12775
12775
12708
12708
12655
12655
12653
12653
12653
12630
12550
12484
12457
12392
12307
12211
12211
12203
12224
12213
12261
12261
12319
12319
12346
12257
12277
12222
12291
12291
12326
12326
12356
12316
12366
12385
12452
12454
12507
12507
12564
12644
12726
12753
12753
12776
12776
12842
12842
12907
12915
12926
12926
12926
13015
13070
13170
13170
13210
13210
13220
13220
13220
13220
13220
13220
13220
13220
13220
13145
13145
13145
13145
13145
13145
13145
13145
13193
13293
13293
13345
13390
13465
13544
13544
13575
13646
13646
13646
13646
13604
13604
13604
13604
13698
13754
13720
13720
13720
13778
13719
13666
13663
13630
13630
13558
13497
13497
13497
13530
13431
13431
13431
13431
13335
13335
13335
13301
13301
13306
13301
13245
13197
13197
13168
13140
13099
13099
13099
13099
13050
13050
13050
13030
12969
12912
12912
12852
12793
12693
12652
12652
12552
12529
12529
12529
12470
12395
12491
12461
12479
12387
12444
12444
12512
12512
12568
12511
12511
12545
12534
12562
12567
12546
12546
12594
12515
12613
12613
12599
12660
12701
12694
12702
12702
12702
12702
12702
12761
12781
12692
12733
12733
12701
12801
12861
12861
12861
12872
12972
12972
12995
13037
13037
13094
13153
13164
13239
13239
13269
13348
13440
13454
13454
13461
13545
13634
13560
13592
13592
13592
13541
13501
13468
13468
13468
13468
13505
13505
13505
13476
13476
13476
13476
13476
13476
13410
13410
13410
13410
13410
13410
13410
13341
13410
13464
13464
13529
13529
13529
13529
13439
13524
13550
13616
13681
13681
13681
13681
13650
13650
13650
13720
13720
13720
13720
13720
13720
13769
13769
13769
13669
13669
13669
13598
13598
13598
13598
13598
13598
13598
13598
13527
13527
13527
13527
13627
13698
13698
13698
13698
13752
13852
13852
13931
13931
13931
13931
13931
13931
13931
13931
13931
13931
13931
13931
13931
14023
14077
14077
14077
14077
14077
14077
14077
14077
14077
14077
14077
14077
14038
13962
13941
13893
13835
13828
13801
13781
13712
13677
13647
13597
13578
13511
13458
13401
13319
13296
13230
13165
13165
13165
13134
13192
13112
13139
13047
13067
13006
13006
12987
13022
12962
12992
12992
12992
12992
13011
12978
13045
13045
13045
13045
13045
13045
13045
13010
13033
13033
13033
13033
13098
13049
13049
13049
13049
13049
13129
13221
13221
13221
13221
13221
13221
13221
13221
13194
13194
13194
13194
13194
13194
13194
13194
13145
13145
13145
13145
13145
13145
13145
13145
13125
13125
13125
13102
13102
13102
13102
13102
13102
13102
13102
13100
13035
12946
12865
12862
12808
12728
12634
12564
12527
12439
12393
12327
12296
12225
12147
12147
12049
12049
12114
12203
12203
12203
12257
12257
12257
12257
12257
12257
12257
12257
12257
12257
12257
12257
12257
12257
12257
12257
12201
12102
12102
12102
12102
12068
12068
12063
12063
12015
12015
12015
12015
11974
11974
11974
11954
11954
12052
11992
12045
11945
12032
12032
12088
12065
12164
12164
12181
12122
12167
12092
12185
12155
12215
12123
12128
12119
12119
12156
12156
12156
12190
12195
12243
12272
12313
12406
12426
12483
12483
12583
12583
12606
12606
12665
12740
12770
12862
12862
12811
12811
12811
12811
12811
12811
12811
12811
12811
12811
12750
12750
12675
12621
12621
12566
12546
12487
12487
12487
12487
12487
12487
12574
12574
12631
12631
12651
12651
12742
12742
12828
12828
12926
12987
13084
13084
13103
13178
13179
13233
13248
13248
13316
13371
13404
13404
13481
13540
13592
13621
13627
13627
13627
13622
13533
13533
13533
13533
13533
13533
13533
13533
13533
13533
13463
13453
13453
13453
13536
13558
13563
13652
13679
13679
13726
13726
13764
13764
13764
13764
13834
13844
13845
13862
13862
13862
13862
13862
13862
13862
13862
13862
13862
13937
13937
13937
13937
13937
13949
13916
13916
13916
13916
13894
13819
13819
13819
13819
13819
13819
13819
13819
13819
13819
13859
13859
13859
13763
13731
13731
13639
13574
13520
13420
13420
13341
13341
13341
13299
13299
13233
13176
13176
13170
13159
13159
13070
13070
13070
13028
12949
12949
12885
12871
12871
12834
12903
12896
12896
12889
12889
12805
12805
12805
12805
12716
12716
12716
12684
12684
12684
12684
12738
12738
12838
12740
12740
12824
12824
12824
12903
12862
12873
12873
12873
12873
12945
13024
13122
13122
13122
13188
13188
13188
13194
13194
13194
13283
13372
13372
13372
13404
13404
13404
13404
13404
13441
13441
13441
13441
13441
13441
13454
13454
13454
13454
13454
13454
13454
13495
13495
13495
13495
13495
13495
13495
13458
13499
13499
13499
13499
13572
13486
13486
13470
13458
13448
13525
13525
13505
13505
13505
13517
13491
13416
13416
13430
13503
13559
13559
13559
13559
13658
13667
13667
13667
13667
13667
13667
13609
13609
13582
13562
13562
13527
13497
13497
13478
13411
13426
13426
13426
13426
13426
13426
13403
13403
13338
13346
13431
13451
13439
13531
13583
13583
13583
13583
13535
13435
13435
13383
13338
13263
13184
13184
13153
13082
13131
13097
13097
13092
13092
13031
12983
12983
12954
12895
12854
12761
12809
12789
12889
12832
12832
12832
12884
12784
12784
12784
12859
12836
12915
12915
12915
12915
12856
12887
12812
12883
12853
12853
12761
12761
12761
12761
12795
12795
12843
12843
12843
12843
12843
12863
12811
12811
12811
12811
12811
12811
12811
12870
12945
12945
13037
13037
13037
12981
12981
12998
13069
13162
13257
13257
13257
13189
13189
13189
13189
13189
13189
13131
13131
13098
13025
13025
13025
13025
13025
13025
13058
13058
13107
13107
13107
13107
13107
13182
13182
13182
13182
13182
13165
13165
13165
13265
13335
13335
13270
13270
13237
13237
13237
13237
13237
13237
13237
13163
13163
13163
13108
13108
13108
13108
13183
13183
13183
13183
13183
13183
13183
13183
13183
13240
13240
13240
13240
13240
13240
13207
13207
13200
13107
13033
13093
13082
13082
12991
12982
12934
12880
12791
12748
12666
12639
12567
12469
12391
12477
12471
12471
12471
12471
12527
12527
12527
12527
12432
12433
12433
12433
12433
12335
12282
12195
12139
12040
12023
11978
11885
11825
11820
11783
11783
11783
11832
11832
11783
11764
11764
11670
11578
11578
11578
11567
11567
11567
11625
11625
11653
11631
11631
11540
11540
11451
11451
11451
11451
11515
11515
11515
11515
11515
11515
11515
11515
11483
11483
11483
11483
11483
11412
11339
11299
11309
11309
11239
11328
11328
11328
11291
11282
11282
11282
11227
11227
11173
11073
11073
10989
10910
10910
10910
10910
10838
10740
10740
10740
10740
10740
10740
10740
10740
10740
10804
10853
10807
10861
10961
11045
11124
11162
11234
11332
11337
11364
11383
11383
11383
11383
11383
11383
11300
11300
11278
11273
11184
11157
11157
11110
11110
11072
11072
11072
11072
11002
10992
10991
10974
10974
10974
10974
10974
10979
11068
11068
11095
11095
11095
11095
11095
10995
10995
10995
10995
10995
11065
11075
11075
11092
11058
11058
11010
11010
11010
11010
10990
10990
10990
10990
11013
11013
11079
11079
11079
11079
11079
11028
11028
10969
10894
10894
10802
10802
10802
10767
10767
10801
10806
10854
10883
10924
11017
11037
11094
11154
11254
11345
11368
11452
11511
11511
11586
11586
11586
11678
11678
11678
11678
11678
11678
11678
11678
11653
11568
11654
11695
11678
11678
11678
11678
11678
11613
11524
11524
11524
11470
11470
11470
11470
11470
11481
11481
11481
11481
11481
11441
11441
11441
11441
11441
11441
11441
11441
11506
11506
11595
11544
11544
11544
11452
11506
11586
11586
11656
11693
11693
11693
11693
11693
11764
11764
11764
11764
11764
11764
11691
11691
11611
11611
11611
11611
11611
11611
11611
11611
11611
11611
11515
11497
11440
11372
11316
11316
11288
11288
11190
11129
11121
11062
11021
10921
10910
10910
10910
11006
10995
10995
10995
10995
10916
10916
10916
10972
10972
10972
10972
11000
10911
10911
10879
10879
10879
10879
10887
10946
10946
10987
10987
11087
11087
11087
11087
11087
11087
11087
11087
11087
11087
11087
11087
11087
11087
11087
11087
11087
11087
11110
11061
10993
10981
10981
10981
11074
11074
11149
11084
11084
10995
10962
10892
10892
10892
10892
10890
10849
10815
10810
10762
10733
10692
10599
10579
10522
10462
10362
10271
10248
10164
10105
10030
10030
9938
9938
9972
9977
10025
10054
10006
10047
10047
10067
10067
10127
10227
10227
10250
10250
10309
10384
10414
10506
10559
10559
10559
10505
10405
10321
10242
10204
10132
10034
10029
10002
9983
9983
9983
9983
9983
9983
9983
10037
10137
10221
10300
10300
10372
10470
10475
10475
10475
10475
10475
10475
10475
10475
10475
10475
10475
10475
10475
10475
10475
10475
10400
10400
10400
10400
10400
10388
10403
10467
10557
10638
10716
10716
10783
10860
10935
10935
10935
10935
10935
10947
10947
10955
10955
10955
10966
11006
11006
11006
11097
11097
11083
11083
11083
11067
11019
10919
10919
10867
10867
10792
10713
10713
10682
10611
10611
10611
10611
10659
10759
10759
10811
10811
10886
10886
10886
10886
10957
10957
10921
10921
10921
10921
10829
10775
10775
10775
10775
10775
10775
10775
10775
10775
10775
10688
10688
10631
10611
10520
10520
10434
10526
10428
10482
10385
10385
10366
10366
10365
10365
10350
10350
10282
10351
10318
10318
10241
10241
10189
10244
10215
10215
10209
10209
10296
10296
10353
10373
10464
10550
10648
10745
10764
10765
10765
10780
10848
10881
10958
11010
10979
11008
11008
11008
11008
11008
11008
11008
11008
11008
11008
11008
10968
10968
10968
10975
10980
10998
11001
11054
11054
11088
11088
11088
11088
11128
11192
11192
11174
11108
11102
11013
11013
11013
10976
10976
10976
10976
10976
10976
10976
10976
10976
10935
10935
10967
10967
10967
10967
10962
10873
10846
10846
10846
10846
10846
10846
10846
10846
10776
10766
10766
10749
10749
10749
10749
10838
10865
10865
10865
10865
10865
10865
10865
10865
10935
10945
10893
10894
10894
10836
10836
10836
10836
10836
10793
10788
10716
10687
10600
10511
10412
10370
10364
10290
10241
10178
10178
10183
10255
10284
10371
10356
10445
10544
10586
10592
10666
10715
10778
10778
10778
10778
10778
10778
10778
10778
10778
10778
10778
10778
10771
10679
10645
10640
10592
10582
10553
10512
10512
10492
10492
10432
10332
10332
10309
10309
10250
10175
10145
10053
10000
10034
10034
10082
10082
10123
10123
10091
10111
10111
10111
10211
10211
10234
10234
10293
10368
10368
10460
10460
10411
10510
10454
10454
10446
10446
10437
10416
10362
10262
10178
10099
10099
10027
9929
9924
9924
9924
9924
9924
9924
9924
9924
9978
10078
10162
10241
10241
10313
10411
10416
10443
10462
10462
10525
10525
10525
10525
10430
10430
10365
10276
10276
10276
10222
10142
10142
10072
10129
10092
10165
10165
10221
10221
10265
10265
10278
10278
10356
10285
10339
10339
10371
10371
10445
10445
10526
10577
10626
10626
10631
10696
10731
10820
10857
10857
10873
10873
10884
10938
11018
11018
11088
11125
11125
11125
11125
11125
11196
11196
11196
11196
11196
11252
11252
11200
11200
11200
11292
11292
11392
11400
11360
11360
11307
11307
11307
11240
11303
11363
11363
11422
11463
11515
11545
11618
11698
11795
11795
11871
11871
11929
11858
11824
11824
11776
11776
11735
11735
11715
11715
11715
11615
11615
11538
11515
11566
11566
11594
11535
11544
11469
11529
11529
11605
11513
11567
11567
11568
11656
11708
11713
11785
11809
11852
11897
11987
12083
12099
12099
12116
12116
12116
12108
12108
12108
12097
12057
12057
12057
12057
12057
12057
12057
12065
12065
12139
12106
12117
12157
12157
12157
12232
12232
12232
12232
12232
12177
12121
12161
12161
12161
12161
12180
12180
12180
12091
12064
12064
12064
12064
12064
12064
12064
12064
12064
12064
11994
12067
12116
12106
12106
12105
12105
12105
12105
12105
12194
12194
12194
12194
12194
12194
12194
12194
12194
12194
12204
12204
12204
12204
12194
12208
12297
12297
12243
12143
12059
11980
11980
11908
11810
11805
11778
11759
11759
11696
11696
11696
11696
11663
11717
11817
11817
11817
11901
11980
11980
12052
12150
12150
12177
12177
12177
12177
12177
12177
12177
12175
12175
12095
12068
12068
12068
12060
11994
11983
11983
11983
11894
11839
11739
11739
11739
11699
11699
11603
11603
11603
11603
11547
11547
11519
11519
11519
11519
11511
11452
11411
11311
11311
11376
11282
11298
11298
11298
11384
11384
11292
11244
11144
11144
11092
11092
11092
11017
11017
11017
11017
10946
10946
10946
10946
10946
10994
11094
11094
11146
11146
11221
11300
11270
11270
11270
11341
11341
11341
11341
11341
11341
11341
11341
11427
11486
11486
11486
11486
11486
11542
11542
11542
11542
11542
11542
11583
11583
11583
11648
11611
11611
11684
11684
11684
11684
11684
11684
11633
11605
11596
11536
11460
11406
11405
11317
11265
11330
11325
11325
11253
11229
11186
11141
11051
10955
10939
10939
10922
10922
10950
10950
10950
10950
10950
10950
10950
10950
10950
10950
10950
10950
10950
10950
10950
10950
10950
10950
10950
10950
10967
10967
10967
10967
10952
10888
10798
10717
10639
10639
10572
10572
10495
10495
10420
10420
10420
10420
10420
10408
10423
10487
10577
10577
10658
10736
10780
10847
10924
10999
11035
11042
11044
11044
11056
11056
11056
10998
10993
11054
11054
11054
11054
11054
11054
11120
11120
11120
11120
11050
10996
11046
11046
11114
11214
11214
11225
11225
11225
11233
11325
11419
11419
11483
11554
11554
11581
11633
11633
11698
11698
11698
11629
11629
11629
11629
11629
11669
11643
11636
11631
11613
11610
11553
11500
11427
11427
11371
11337
11293
11293
11280
11280
11202
11162
11108
11044
11012
11012
10938
11006
11022
10941
10876
10825
10825
10776
10781
10776
10794
10759
10759
10722
10722
10706
10706
10695
10695
10695
10695
10695
10695
10735
10808
10743
10807
10863
10774
10774
10774
10774
10774
10774
10852
10798
10852
10772
10804
10804
10804
10734
10734
10697
10697
10697
10746
10746
10746
10746
10781
10781
10818
10747
10747
10747
10758
10758
10758
10760
10825
10914
10914
10995
10998
11052
11132
11226
11296
11333
11421
11467
11533
11564
11635
11713
11798
11896
11809
11752
11732
11641
11555
11457
11360
11341
11287
11286
11288
11188
11173
11089
11021
10942
10909
10844
10844
10767
10695
10695
10643
10545
10516
10516
10516
10489
10489
10489
10576
10576
10633
10633
10653
10653
10744
10744
10830
10928
11025
11079
11098
11198
11199
11283
11283
11362
11430
11430
11463
11463
11463
11561
11561
11613
11613
11614
11614
11614
11614
11614
11614
11614
11614
11651
11651
11651
11651
11651
11651
11651
11602
11602
11602
11602
11517
11518
11518
11591
11591
11591
11591
11666
11666
11666
11737
11737
11774
11774
11688
11629
11629
11629
11629
11629
11573
11573
11573
11573
11573
11532
11532
11532
11467
11467
11467
11467
11553
11612
11612
11612
11612
11612
11686
11742
11742
11742
11742
11742
11783
11842
11842
11907
11907
11907
11917
11917
11917
11917
11990
11990
11990
11990
11924
11924
11896
11896
11896
11896
11896
11907
11907
11907
11907
11907
11907
11907
11907
11907
11907
11907
11907
11907
11907
11993
11993
11993
11993
11993
11993
11993
11993
11993
11993
11993
12085
12085
12085
12085
12085
12085
12085
12085
12085
12085
12085
12085
12085
12085
12085
12085
12085
12085
12085
12085
12085
11985
11985
11914
11914
11924
11924
11924
11924
11924
11924
11907
11957
11957
12023
12023
12061
12061
12130
12130
12220
12220
12220
12220
12220
12220
12320
12320
12391
12391
12391
12391
12391
12391
12391
12391
12391
12391
12391
12391
12391
12391
12391
12391
12391
12391
12391
12302
12302
12302
12302
12302
12294
12294
12294
12294
12220
12220
12209
12209
12169
12169
12169
12169
12169
12159
12084
12084
12084
12084
12084
12084
12171
12171
12179
12179
12201
12290
12364
12364
12375
12375
12415
12415
12439
12439
12440
12440
12515
12515
12600
12600
12642
12642
12712
12722
12722
12722
12722
12722
12649
12600
12600
12508
12454
12454
12454
12454
12454
12385
12385
12385
12330
12330
12330
12330
12330
12330
12330
12330
12409
12409
12440
12440
12500
12500
12574
12574
12609
12609
12673
12728
12765
12765
12765
12847
12847
12847
12847
12847
12847
12864
12922
12922
12947
12970
13031
12990
12940
12940
12840
12840
12829
12821
12729
12720
12626
12626
12562
12491
12491
12464
12412
12412
12347
12347
12447
12458
12466
12558
12558
12558
12558
12629
12629
12629
12629
12649
12714
12714
12622
12622
12542
12450
12450
12450
12450
12450
12450
12450
12450
12450
12450
12450
12379
12379
12379
12379
12379
12379
12379
12379
12459
12551
12551
12551
12551
12551
12551
12584
12584
12584
12584
12584
12584
12584
12584
12633
12633
12633
12633
12540
12528
12451
12451
12517
12568
12593
12690
12780
12786
12826
12836
12844
12866
12955
12996
13044
13131
13205
13205
13130
13031
13031
13011
12926
12926
12840
12781
12799
12799
12799
12799
12844
12844
12844
12770
12770
12714
12726
12726
12726
12726
12806
12806
12806
12806
12806
12765
12824
12824
12759
12759
12845
12904
12904
12904
12904
12904
12904
12904
12904
12904
12904
12945
12945
13010
12956
12856
12772
12693
12693
12693
12595
12595
12595
12595
12595
12595
12595
12595
12595
12595
12595
12595
12595
12595
12595
12595
12595
12595
12595
12534
12534
12459
12405
12405
12350
12350
12291
12291
12291
12291
12291
12291
12291
12291
12291
12291
12283
12289
12289
12289
12289
12216
12291
12345
12345
12345
12345
12404
12334
12369
12369
12369
12369
12369
12369
12369
12369
12369
12369
12369
12369
12369
12309
12309
12309
12214
12214
12214
12214
12214
12214
12214
12265
12293
12302
12302
12302
12302
12303
12303
12303
12303
12303
12303
12303
12303
12303
12303
12303
12303
12303
12303
12303
12303
12303
12303
12303
12303
12303
12303
12399
12448
12493
12493
12445
12445
12445
12345
12345
12345
12345
12293
12293
12218
12139
12139
12139
12139
12068
12068
12068
12068
12068
12157
12157
12142
12205
12254
12314
12376
12469
12469
12547
12613
12710
12710
12722
12722
12780
12800
12810
12810
12810
12864
12923
12923
12923
12923
12910
12852
12852
12796
12747
12747
12747
12672
12672
12672
12616
12659
12590
12590
12538
12538
12538
12438
12427
12419
12327
12327
12327
12327
12256
12256
12256
12256
12236
12171
12171
12271
12282
12282
12374
12374
12374
12374
12374
12445
12445
12445
12445
12465
12530
12530
12530
12584
12615
12615
12646
12697
12683
12719
12734
12737
12810
12850
12881
12881
12897
12923
13006
13024
13007
13096
13096
13148
13148
13148
13236
13236
13263
13263
13263
13263
13263
13311
13313
13338
13338
13372
13272
13272
13272
13272
13272
13272
13186
13163
13163
13163
13153
13153
13153
13153
13153
13080
13024
13024
13024
12946
12892
12860
12860
12860
12860
12811
12811
12776
12739
12739
12728
12728
12801
12857
12857
12857
12791
12791
12740
12740
12715
12715
12618
12618
12528
12528
12526
12520
12520
12455
12415
12464
12375
12365
12365
12284
12276
12276
12273
12251
12251
12197
12108
12108
12028
11987
11987
11893
11845
11788
11718
11631
11594
11520
11432
11386
11386
11320
11386
11461
11461
11375
11344
11395
11336
11265
11290
11290
11212
11309
11309
11224
11314
11314
11314
11216
11222
11222
11262
11262
11272
11272
11280
11280
11302
11302
11391
11391
11432
11391
11439
11439
11526
11461
11535
11535
11621
11680
11680
11680
11680
11680
11736
11736
11736
11736
11753
11794
11794
11794
11859
11859
11859
11859
11859
11770
11770
11770
11770
11770
11770
11770
11770
11770
11700
11690
11690
11690
11690
11690
11690
11690
11690
11690
11690
11690
11690
11690
11690
11690
11690
11690
11690
11690
11690
11690
11690
11717
11717
11694
11693
11682
11667
11603
11513
11432
11354
11310
11243
11166
11115
11040
11012
10976
10967
10960
10960
10958
10958
10958
10958
10958
10958
10946
10945
10945
10945
10945
10945
10945
10945
10945
10945
10945
10945
10945
10945
10945
10945
10945
10996
11024
11033
11093
11169
11223
11224
11312
11294
11346
11346
11351
11306
11378
11378
11378
11378
11421
11409
11454
11454
11454
11374
11374
11374
11374
11374
11374
11315
11332
11350
11432
11477
11480
11393
11407
11399
11411
11389
11428
11354
11434
11423
11515
11475
11475
11451
11510
11509
11434
11349
11307
11307
11307
11307
11315
11315
11389
11400
11440
11440
11440
11515
11515
11515
11515
11586
11520
11456
11367
11318
11318
11319
11319
11233
11169
11128
11100
11007
11007
10907
10896
10896
10804
10804
10804
10804
10733
10733
10733
10733
10713
10648
10698
10798
10809
10817
10909
11003
11006
11070
11141
11141
11168
11220
11220
11240
11305
11305
11305
11305
11305
11305
11305
11305
11305
11305
11305
11256
11256
11256
11256
11256
11353
11353
11353
11348
11348
11330
11330
11330
11330
11330
11330
11330
11379
11379
11379
11379
11452
11452
11452
11412
11412
11348
11348
11348
11348
11348
11348
11348
11348
11348
11348
11348
11388
11452
11452
11452
11452
11452
11452
11366
11307
11307
11307
11307
11307
11251
11251
11251
11265
11265
11280
11263
11338
11297
11334
11334
11334
11269
11365
11464
11473
11473
11503
11589
11617
11676
11694
11694
11716
11716
11751
11751
11751
11825
11825
11881
11952
11952
11873
11924
11924
11893
11916
11916
11856
11873
11799
11840
11805
11805
11741
11806
11769
11687
11687
11687
11687
11670
11612
11612
11587
11564
11503
11582
11613
11613
11687
11722
11786
11823
11823
11823
11823
11823
11757
11774
11723
11781
11756
11756
11659
11684
11594
11617
11611
11672
11632
11622
11614
11592
11503
11462
11414
11327
11253
11253
11253
11253
11253
11253
11253
11293
11303
11303
11303
11303
11303
11303
11303
11303
11216
11159
11139
11048
10962
10864
10767
10748
10747
10672
10672
10604
10571
10571
10519
10519
10519
10468
10440
10431
10371
10295
10241
10240
10152
10100
10095
10023
10023
9980
9935
9935
9935
9935
9935
9918
9969
9997
9997
9997
9997
9997
9997
9997
9997
9997
9997
9997
9997
9997
9997
9997
9997
9997
9997
9961
9946
9943
9870
9830
9799
9783
9757
9674
9656
9567
9567
9549
9549
9467
9467
9422
9334
9331
9304
9290
9290
9278
9230
9191
9111
9019
9055
9055
9070
9011
9014
9087
9127
9145
9176
9258
9274
9319
9345
9348
9431
9445
9463
9475
9564
9603
9603
9683
9725
9817
9817
9817
9817
9876
9903
9903
9951
10024
10024
10024
10024
10116
10116
10133
10133
10133
10133
10133
10145
10145
10145
10243
10152
10102
10002
9991
9983
9891
9797
9794
9730
9659
9659
9632
9580
9560
9495
9495
9495
9495
9503
9503
9503
9503
9503
9503
9503
9503
9503
9503
9568
9568
9568
9568
9568
9568
9568
9568
9568
9568
9568
9568
9568
9568
9568
9568
9568
9651
9673
9678
9767
9794
9838
9885
9961
9999
10049
10109
10109
10179
10189
10190
10207
10207
10207
10121
10062
10062
10062
10062
9988
9932
9932
9932
9932
9915
9874
9874
9809
9866
9952
10011
10013
10049
10049
10123
10179
10272
10370
10370
10387
10428
10428
10493
10394
10394
10321
10265
10265
10265
10265
10265
10265
10340
10340
10340
10340
10340
10340
10340
10340
10340
10340
10340
10340
10365
10365
10316
10327
10327
10327
10327
10287
10287
10287
10277
10277
10277
10277
10277
10277
10277
10277
10277
10277
10277
10277
10277
10350
10350
10406
10406
10406
10472
10472
10472
10526
10526
10558
10558
10558
10558
10558
10558
10558
10598
10647
10615
10625
10625
10625
10660
10660
10660
10660
10660
10660
10660
10660
10660
10660
10660
10609
10581
10581
10581
10581
10581
10581
10581
10573
10573
10573
10573
10499
10499
10488
10488
10448
10448
10448
10448
10448
10448
10373
10373
10373
10373
10373
10373
10373
10373
10460
10468
10490
10490
10564
10564
10575
10575
10615
10615
10639
10639
10640
10640
10715
10715
10800
10800
10842
10837
10889
10817
10817
10788
10860
10773
10773
10684
10727
10628
10628
10586
10676
10670
10766
10692
10708
10659
10678
10581
10518
10535
10535
10535
10535
10535
10535
10486
10486
10413
10413
10413
10510
10510
10510
10510
10510
10510
10559
10559
10632
10632
10678
10678
10678
10678
10678
10678
10678
10678
10678
10678
10678
10623
10623
10623
10701
10793
10847
10849
10849
10902
10903
10972
10972
10972
11027
11027
11027
11027
11019
10927
10864
10864
10815
10815
10755
10755
10693
10685
10592
10592
10592
10592
10514
10514
10448
10448
10351
10351
10339
10339
10339
10339
10281
10281
10261
10261
10251
10186
10186
10186
10132
10132
10073
10173
10173
10184
10192
10284
10284
10284
10333
10336
10318
10318
10382
10300
10300
10371
10326
10326
10326
10323
10323
10323
10309
10309
10309
10297
10297
10317
10278
10278
10343
10263
10275
10183
10183
10183
10241
10182
10202
10202
10202
10220
10220
10220
10220
10220
10279
10223
10223
10223
10223
10235
10235
10315
10407
10407
10466
10417
10360
10274
10215
10213
10177
10177
10103
10047
9954
9856
9856
9839
9798
9798
9733
9733
9819
9878
9878
9878
9878
9952
10008
10008
10008
10008
10025
10066
10066
10131
10130
10130
10130
10130
10055
9990
9990
9990
9919
9919
9882
9883
9959
10033
10069
10144
10130
10172
10157
10251
10176
10247
10210
10277
10277
10314
10218
10119
10110
10080
10052
10034
10012
9977
9977
9977
9906
9855
9832
9832
9832
9832
9832
9832
9832
9832
9832
9832
9832
9832
9832
9832
9832
9832
9832
9832
9832
9732
9659
9659
9659
9659
9659
9659
9567
9567
9567
9567
9550
9550
9550
9550
9550
9550
9550
9550
9550
9498
9486
9486
9486
9414
9414
9414
9316
9273
9273
9183
9256
9160
9094
9110
9094
9094
9130
9111
9111
9193
9176
9176
9268
9268
9289
9289
9306
9357
9317
9317
9345
9335
9335
9344
9344
9344
9308
9368
9368
9368
9353
9429
9429
9441
9438
9492
9492
9492
9419
9420
9420
9510
9470
9558
9558
9656
9625
9677
9677
9661
9666
9640
9712
9629
9653
9719
9701
9744
9795
9706
9751
9776
9776
9866
9963
9921
10017
10017
10017
10017
10017
10017
10017
10057
10030
10030
10040
10040
10048
10000
10000
10089
10089
10089
10089
10104
10104
10104
10104
10177
10217
10248
10248
10248
10248
10248
10337
10337
10337
10337
10337
10337
10337
10385
10385
10302
10280
10275
10186
10159
10115
10068
9992
9954
9904
9844
9844
9774
9764
9763
9746
9667
9636
9636
9719
9645
9667
9632
9637
9573
9662
9625
9652
9652
9696
9696
9743
9743
9819
9819
9857
9840
9890
9832
9892
9892
9895
9870
9940
9917
9927
9866
9867
9884
9884
9884
9884
9884
9919
9919
9956
9956
9956
9956
9956
9956
10014
10014
10014
10014
10014
10014
10000
10000
10000
10000
9984
9984
9984
9884
9873
9865
9773
9773
9770
9706
9635
9635
9635
9635
9615
9550
9600
9700
9711
9719
9811
9905
9908
9972
10043
10043
10070
10122
10142
10207
10110
10110
10110
10110
10110
10110
10061
10061
9988
9988
9942
9942
9942
9942
9942
9942
9942
9991
9991
10064
10064
10064
10157
10206
10220
10268
10301
10380
10417
10493
10493
10553
10553
10619
10619
10693
10693
10787
10787
10808
10808
10866
10866
10780
10857
10857
10935
10935
10952
10912
10937
10873
10873
10880
10885
10903
10906
10959
11026
11060
11081
11157
11197
11272
11336
11336
11336
11270
11319
11319
11319
11233
11214
11155
11155
11155
11155
11081
11025
11025
11025
11025
11008
10967
10967
10902
10902
10988
11047
11047
11047
11047
11047
11103
11103
11103
11103
11103
11103
11103
11168
11100
11082
11082
11082
11082
11082
11070
11070
10990
10898
10898
10839
10839
10839
10839
10839
10839
10839
10839
10919
10919
10919
10978
10978
10978
10889
10802
10794
10772
10698
10687
10647
10623
10622
10547
10462
10420
10420
10428
10428
10502
10513
10553
10553
10553
10628
10628
10628
10577
10549
10540
10480
10404
10350
10349
10261
10209
10204
10132
10108
10065
10020
9930
9834
9834
9834
9834
9834
9794
9794
9822
9822
9822
9822
9822
9822
9822
9822
9822
9822
9822
9822
9822
9822
9822
9822
9822
9822
9839
9766
9766
9700
9649
9624
9527
9527
9527
9487
9477
9469
9469
9380
9380
9380
9307
9307
9251
9251
9251
9251
9251
9251
9197
9197
9165
9165
9165
9165
9165
9165
9165
9165
9116
9116
9116
9116
9081
9081
9081
9081
9081
9081
9081
9081
9081
9081
9081
9081
9081
9044
9043
9043
8951
8883
8883
8883
8948
9026
9026
9026
9026
9026
9026
9026
9075
9075
9075
9075
9075
9075
9075
9075
9075
9075
9075
9075
9075
9002
8937
8937
8937
8937
8937
8937
8937
8937
8937
8937
8887
8787
8776
8768
8676
8582
8521
8518
8454
8383
8383
8356
8304
8284
8219
8269
8369
8380
8388
8480
8574
8577
8641
8712
8639
8696
8723
8775
8795
8860
8860
8860
8860
8774
8715
8715
8715
8715
8715
8642
8642
8626
8570
8534
8534
8452
8452
8360
8360
8339
8339
8322
8322
8322
8322
8322
8257
8257
8257
8245
8302
8302
8388
8298
8357
8259
8261
8297
8341
8414
8488
8504
8560
8596
8689
8771
8869
8961
9042
9063
9080
9097
9138
9231
9325
9388
9453
9498
9581
9593
9639
9639
9737
9811
9811
9811
9817
9817
9817
9807
9807
9744
9684
9684
9625
9584
9532
9502
9429
9349
9252
9252
9176
9176
9176
9161
9103
9103
9030
8990
8959
8959
8959
8959
8959
8870
8870
8870
8870
8870
8870
8870
8822
8822
8837
8840
8913
8953
8984
9000
9000
9000
9018
9107
9107
9107
9107
9107
9107
9107
9155
9062
9013
8999
8951
8918
8839
8802
8726
8666
8600
8526
8432
8411
8353
8276
8294
8294
8216
8199
8262
8237
8299
8299
8392
8392
8441
8455
8503
8536
8615
8652
8728
8788
8854
8928
8928
9022
9043
9101
9178
9256
9273
9298
9298
9305
9384
9433
9491
9523
9621
9640
9640
9668
9743
9751
9751
9751
9751
9751
9751
9751
9751
9751
9751
9751
9723
9723
9723
9643
9643
9643
9643
9643
9643
9584
9584
9584
9584
9602
9602
9684
9684
9729
9729
9729
9729
9743
9743
9755
9755
9672
9672
9672
9650
9730
9730
9725
9817
9817
9728
9728
9711
9684
9743
9699
9652
9612
9703
9627
9627
9611
9573
9573
9523
9523
9523
9523
9463
9463
9460
9460
9390
9390
9380
9380
9379
9379
9362
9362
9362
9362
9362
9362
9362
9362
9362
9362
9362
9362
9376
9376
9391
9391
9466
9466
9503
9503
9503
9503
9599
9599
9698
9649
9649
9649
9649
9576
9576
9576
9576
9576
9576
9611
9611
9708
9708
9801
9801
9799
9805
9805
9882
9882
9882
9918
9956
10005
10012
10085
10130
10151
10197
10293
10293
10345
10414
10466
10526
10526
10467
10457
10547
10626
10626
10694
10708
10708
10708
10741
10781
10781
10791
10791
10791
10791
10791
10791
10791
10791
10791
10791
10791
10791
10791
10791
10791
10791
10828
10885
10951
10951
10980
11031
11031
11056
11056
11056
11056
11096
11106
11106
11106
11195
11195
11195
11195
11195
11221
11318
11318
11318
11318
11318
11318
11318
11344
11403
11403
11403
11330
11330
11330
11363
11430
11522
11559
11641
11696
11716
11732
11732
11732
11763
11763
11771
11866
11876
11876
11876
11876
11826
11726
11715
11707
11615
11521
11518
11454
11383
11326
11337
11310
11258
11238
11203
11138
11138
11138
11138
11138
11138
11230
11230
11230
11230
11301
11301
11301
11301
11301
11366
11366
11309
11223
11212
11153
11151
11115
11071
10997
10941
10848
10750
10825
10744
10727
10727
10686
10592
10506
10441
10441
10441
10441
10441
10441
10408
10408
10359
10359
10359
10359
10359
10359
10451
10451
10451
10451
10451
10451
10451
10401
10433
10433
10460
10394
10486
10559
10571
10608
10608
10608
10608
10608
10570
10570
10570
10600
10531
10531
10612
10692
10602
10661
10661
10670
10670
10688
10688
10688
10763
10763
10852
10852
10852
10852
10852
10752
10752
10752
10752
10681
10681
10722
10757
10757
10807
10873
10911
10980
11070
11101
11192
11292
11363
11363
11431
11431
11431
11431
11431
11396
11396
11359
11359
11359
11359
11359
11359
11301
11301
11301
11301
11301
11301
11301
11301
11301
11301
11301
11301
11301
11301
11301
11301
11301
11301
11301
11301
11301
11252
11331
11331
11359
11359
11359
11359
11359
11359
11359
11359
11390
11390
11390
11390
11390
11390
11390
11390
11390
11390
11390
11390
11390
11390
11390
11390
11390
11390
11390
11390
11425
11425
11425
11425
11425
11425
11425
11425
11425
11425
11425
11425
11425
11462
11462
11462
11462
11462
11462
11450
11450
11450
11450
11515
11515
11515
11515
11515
11515
11515
11515
11515
11515
11457
11457
11457
11437
11437
11454
11454
11454
11454
11454
11454
11454
11512
11512
11512
11512
11567
11567
11567
11567
11577
11577
11577
11577
11577
11577
11577
11577
11635
11576
11568
11629
11629
11629
11555
11544
11544
11504
11553
11553
11613
11613
11613
11538
11538
11538
11538
11538
11538
11538
11538
11538
11550
11558
11558
11533
11555
11613
11687
11707
11718
11718
11758
11758
11758
11758
11759
11759
11834
11893
11893
11893
11893
11893
11928
11928
11956
11956
11956
11981
11981
11981
11991
11991
11991
11991
12062
12062
12062
12062
12062
12062
12062
12148
12097
12052
11974
11882
11828
11826
11826
11773
11772
11703
11703
11703
11648
11648
11648
11559
11566
11590
11685
11592
11595
11546
11603
11589
11637
11589
11678
11645
11662
11583
11670
11633
11637
11561
11657
11597
11627
11561
11626
11552
11594
11500
11479
11421
11344
11266
11249
11224
11317
11366
11380
11428
11461
11540
11577
11577
11637
11703
11777
11777
11777
11835
11835
11913
11930
11955
11937
11855
11810
11810
11796
11796
11784
11784
11704
11612
11612
11553
11571
11571
11571
11571
11585
11597
11597
11677
11769
11769
11828
11762
11711
11686
11686
11686
11686
11646
11636
11636
11636
11636
11547
11547
11547
11547
11547
11547
11598
11598
11598
11598
11598
11638
11648
11648
11648
11648
11648
11568
11568
11623
11654
11562
11562
11587
11587
11587
11587
11587
11587
11587
11587
11587
11554
11554
11554
11554
11625
11625
11625
11625
11625
11576
11576
11576
11576
11576
11576
11503
11503
11487
11487
11451
11451
11369
11369
11277
11277
11256
11256
11239
11239
11146
11146
11083
11083
11038
11038
10955
10955
10943
10943
10897
10897
10897
10897
10946
10848
10848
10848
10848
10921
10869
10885
10921
11003
11095
11116
11133
11226
11289
11334
11334
11346
11346
11346
11444
11348
11376
11387
11389
11389
11389
11389
11389
11389
11389
11389
11389
11389
11389
11389
11389
11389
11389
11383
11383
11383
11383
11383
11352
11255
11162
11156
11079
11043
11005
10956
10949
10876
10876
10831
10816
10770
10767
10694
10654
10751
10720
10720
10704
10704
10704
10704
10704
10704
10686
10686
10597
10646
10646
10653
10651
10651
10724
10724
10724
10724
10724
10724
10724
10724
10724
10724
10676
10676
10584
10584
10620
10620
10635
10635
10638
10567
10640
10640
10680
10680
10711
10711
10727
10727
10753
10688
10771
10789
10878
10971
10971
11013
11089
11177
11204
11288
11336
11329
11324
11306
11303
11250
11183
11149
11128
11052
11012
10948
10948
10948
10948
10948
10948
10948
10948
10948
10948
10948
10948
10948
10948
10873
10819
10819
10819
10819
10760
10811
10811
10811
10811
10811
10811
10907
10907
10907
10907
10968
10968
11043
11043
11043
11098
11118
11177
11177
11143
11116
11116
11073
11156
11125
11192
11192
11232
11251
11310
11316
11361
11394
11490
11579
11627
11692
11703
11714
11786
11732
11742
11811
11871
11871
11912
11879
11912
11845
11923
11831
11910
11873
11953
11871
11886
11831
11811
11797
11797
11781
11766
11766
11691
11660
11623
11623
11623
11615
11519
11424
11325
11315
11315
11315
11315
11315
11315
11315
11315
11315
11280
11313
11313
11313
11313
11405
11405
11405
11405
11405
11405
11460
11480
11480
11494
11494
11509
11509
11584
11584
11621
11621
11621
11710
11710
11806
11806
11905
11905
11914
11914
11944
11944
11944
11972
11990
11990
12025
12025
12025
12096
12096
12089
12089
12010
11961
11903
11871
11773
11754
11754
11726
11651
11643
11643
11643
11650
11729
11778
11836
11868
11966
11966
11966
11994
12069
12069
12069
12069
12069
12069
12018
12018
12018
12018
12018
11978
11968
11968
11968
11968
11968
11968
11968
11968
12034
12085
12110
12207
12297
12303
12343
12353
12361
12383
12472
12513
12561
12648
12722
12629
12580
12566
12518
12485
12406
12406
12369
12369
12309
12243
12169
12169
12169
12151
12093
12093
12093
12093
12015
12015
11998
11984
11959
11947
11947
11867
11867
11775
11824
11824
11824
11765
11765
11798
11798
11816
11853
11935
11935
11980
11980
11983
11983
11997
11997
12009
12009
12048
12048
12128
12186
12278
12278
12359
12359
12418
12418
12418
12343
12272
12372
12418
12487
12487
12487
12412
12412
12412
12412
12387
12376
12376
12376
12376
12376
12376
12451
12451
12451
12451
12451
12451
12451
12451
12451
12451
12450
12450
12442
12420
12346
12335
12295
12295
12294
12219
12219
12219
12219
12219
12219
12219
12219
12219
12219
12219
12219
12219
12219
12219
12219
12219
12219
12235
12235
12277
12277
12277
12277
12297
12297
12324
12331
12331
12330
12427
12427
12351
12441
12441
12367
12399
12399
12363
12415
12415
12340
12404
12458
12416
12469
12501
12407
12407
12407
12435
12364
12329
12338
12375
12308
12308
12391
12483
12446
12418
12449
12518
12518
12518
12553
12641
12712
12712
12712
12755
12730
12786
12786
12786
12886
12886
12886
12944
12944
12934
12934
12934
12934
12934
12934
12863
12891
12891
12891
12891
12891
12891
12805
12805
12805
12805
12805
12805
12805
12805
12805
12805
12805
12805
12805
12805
12805
12805
12805
12805
12805
12891
12818
12802
12766
12684
12592
12571
12554
12461
12398
12353
12353
12341
12341
12341
12243
12316
12332
12368
12450
12542
12563
12580
12580
12580
12540
12540
12521
12521
12462
12365
12377
12371
12371
12417
12372
12372
12372
12339
12339
12437
12341
12341
12252
12252
12204
12155
12090
12083
12072
11999
11999
11999
12039
12039
12098
12098
12098
12131
12227
12316
12364
12429
12440
12361
12330
12330
12330
12295
12295
12258
12222
12222
12207
12207
12204
12204
12131
12131
12091
12074
12043
11985
11969
11969
11943
11943
11860
11860
11842
11781
11692
11599
11557
11481
11393
11366
11282
11234
11234
11249
11249
11322
11362
11393
11393
11393
11393
11411
11500
11500
11500
11500
11500
11500
11500
11548
11482
11431
11406
11309
11219
11213
11173
11163
11155
11133
11044
11003
10955
10868
10794
10776
10694
10649
10646
10632
10620
10581
10501
10409
10328
10269
10287
10369
10414
10417
10431
10443
10482
10562
10654
10735
10735
10794
10745
10745
10745
10712
10712
10675
10675
10675
10675
10675
10675
10675
10617
10617
10617
10617
10617
10617
10666
10680
10728
10728
10728
10728
10728
10728
10728
10728
10728
10728
10786
10786
10786
10786
10786
10753
10753
10661
10661
10661
10606
10586
10586
10586
10586
10586
10586
10586
10586
10586
10586
10586
10619
10686
10778
10815
10897
10952
10972
10988
11075
11106
11187
11195
11290
11300
11300
11300
11289
11289
11217
11207
11138
11078
11078
11037
11004
10926
10847
10767
10752
10763
10835
10845
10914
10914
10914
10914
10947
10947
10947
11027
11027
10987
10987
10928
10928
10928
10895
10799
10710
10662
10597
10586
10626
10626
10685
10685
10685
10718
10718
10807
10855
10920
10931
10931
10882
10822
10822
10822
10822
10822
10822
10822
10810
10810
10752
10732
10732
10732
10732
10732
10673
10673
10673
10722
10722
10722
10722
10722
10722
10722
10722
10734
10734
10792
10812
10812
10812
10812
10812
10871
10871
10871
10864
10767
10677
10645
10593
10529
10476
10476
10467
10453
10370
10355
10324
10249
10214
10177
10177
10177
10121
10025
9925
9826
9768
9759
9729
9701
9701
9683
9683
9683
9683
9648
9648
9648
9648
9648
9648
9577
9577
9577
9577
9577
9577
9577
9577
9591
9591
9606
9606
9681
9681
9718
9718
9718
9718
9814
9814
9913
9922
9952
9980
9998
10020
10055
10055
10055
10126
10177
10177
10170
10091
10042
9984
9952
9854
9854
9854
9826
9751
9751
9751
9751
9751
9751
9800
9858
9858
9858
9858
9858
9858
9933
9933
9933
9933
9860
9844
9808
9726
9634
9613
9596
9596
9596
9596
9596
9584
9538
9538
9440
9440
9440
9440
9440
9440
9440
9440
9440
9440
9440
9440
9440
9440
9440
9440
9440
9369
9326
9326
9326
9326
9326
9326
9326
9298
9298
9369
9369
9369
9369
9369
9369
9441
9456
9456
9456
9526
9591
9690
9690
9690
9690
9690
9710
9758
9843
9843
9929
9929
9929
9911
9911
9829
9830
9830
9881
9836
9868
9865
9932
9950
9950
9966
9952
9952
10019
10056
10044
10044
10103
10064
10119
10119
10193
10113
10139
10212
10283
10363
10363
10417
10325
10244
10185
10185
10185
10185
10185
10185
10185
10185
10185
10185
10185
10185
10185
10185
10185
10185
10185
10185
10185
10099
10099
10134
10134
10162
10162
10162
10187
10187
10187
10138
10138
10124
10134
10086
10086
10086
10086
10086
10086
10086
10086
10086
10086
10086
10086
10086
10171
10171
10171
10171
10257
10257
10199
10199
10199
10199
10199
10292
10341
10355
10403
10436
10515
10552
10628
10688
10754
10828
10922
10943
11001
11078
11156
11173
11198
11158
11158
11099
11099
11099
11099
11084
11051
11051
11051
10978
10889
10849
10801
10770
10705
10705
10694
10694
10694
10676
10676
10587
10587
10587
10646
10646
10646
10646
10646
10646
10646
10646
10646
10646
10646
10598
10646
10711
10711
10747
10762
10765
10838
10878
10909
10925
10951
11034
11052
11141
11234
11276
11352
11440
11467
11551
11599
11583
11541
11541
11541
11521
11494
11494
11494
11494
11494
11494
11440
11408
11380
11343
11251
11182
11094
11110
11152
11202
11241
11261
11288
11288
11351
11351
11351
11351
11405
11437
11465
11502
11594
11663
11663
11588
11603
11640
11656
11731
11808
11811
11839
11903
11963
12035
12117
12195
12201
12271
12271
12304
12304
12304
12304
12304
12304
12304
12304
12304
12304
12304
12304
12304
12304
12304
12304
12304
12304
12304
12304
12271
12204
12112
12075
11993
11938
11918
11902
11815
11784
11703
11695
11600
11590
11590
11590
11590
11623
11690
11782
11819
11901
11956
11976
11992
12079
12110
12191
12199
12199
12209
12209
12209
12209
12209
12209
12198
12126
12184
12174
12248
12179
12179
12179
12179
12179
12207
12207
12305
12272
12282
12282
12282
12282
12282
12202
12202
12202
12202
12202
12281
12281
12281
12281
12281
12281
12340
12340
12340
12340
12340
12381
12381
12381
12381
12461
12461
12461
12461
12461
12461
12461
12461
12461
12461
12461
12461
12461
12461
12461
12461
12461
12461
12461
12461
12461
12461
12461
12493
12493
12493
12493
12493
12493
12493
12493
12528
12528
12528
12528
12586
12596
12655
12724
12772
12779
12820
12843
12859
12859
12943
13043
13120
13138
13171
13171
13208
13159
13176
13199
13199
13199
13199
13199
13217
13290
13290
13290
13290
13290
13290
13290
13290
13290
13231
13231
13231
13231
13311
13311
13311
13311
13311
13263
13198
13198
13238
13257
13257
13316
13322
13367
13400
13496
13585
13633
13698
13709
13644
13644
13595
13595
13502
13453
13439
13391
13358
13279
13242
13166
13106
13040
12966
12872
12851
12793
12716
12625
12547
12530
12505
12553
12652
12652
12562
12611
12611
12611
12611
12644
12644
12644
12644
12644
12644
12644
12644
12644
12702
12702
12702
12702
12702
12702
12702
12702
12702
12702
12702
12702
12702
12702
12702
12802
12802
12802
12802
12802
12853
12835
12835
12908
12924
12924
13006
13098
13098
13115
13115
13115
13115
13115
13127
13127
13127
13127
13053
13039
13024
12949
12912
12912
12816
12717
12708
12678
12650
12632
12610
12575
12575
12575
12504
12453
12453
12453
12453
12528
12565
12565
12565
12664
12664
12664
12664
12664
12664
12699
12699
12699
12770
12770
12770
12744
12744
12665
12665
12697
12691
12622
12622
12687
12687
12687
12687
12687
12760
12760
12819
12819
12914
12914
12857
12857
12786
12786
12786
12786
12786
12786
12714
12699
12699
12699
12770
12813
12890
12890
12890
12890
12890
12890
12918
12855
12855
12855
12806
12748
12748
12748
12748
12748
12748
12673
12673
12673
12673
12680
12759
12808
12866
12898
12996
13015
13105
13133
13208
13208
13208
13208
13172
13157
13154
13081
13041
13010
12994
12968
12885
12867
12881
12792
12699
12657
12657
12617
12541
12541
12453
12426
12342
12294
12321
12225
12225
12225
12225
12225
12265
12265
12265
12265
12265
12265
12265
12265
12265
12265
12265
12265
12265
12265
12355
12355
12355
12345
12345
12345
12345
12345
12286
12286
12286
12208
12208
12173
12173
12145
12145
12083
12083
12058
12058
12058
12048
12048
12048
12048
12048
12048
12048
11996
11911
11911
11825
11871
11906
11928
11956
12034
12034
12047
12047
12072
12072
12079
12098
12098
12108
12108
12171
12255
12326
12420
12420
12420
12420
12505
12505
12505
12591
12591
12591
12591
12591
12559
12559
12559
12559
12559
12582
12582
12582
12582
12547
12479
12479
12479
12479
12421
12421
12461
12461
12461
12523
12530
12571
12571
12668
12668
12758
12790
12790
12842
12906
12906
12959
12983
12983
12983
12983
12983
12983
12983
12992
13075
13106
13141
13191
13247
13347
13405
13405
13372
13372
13363
13296
13204
13204
13167
13127
13045
13026
12971
12912
12892
12886
12870
12825
12738
12705
12674
12578
12497
12408
12400
12352
12352
12287
12277
12266
12266
12266
12362
12374
12374
12414
12478
12548
12548
12607
12607
12640
12640
12707
12707
12799
12832
12869
12965
13047
13136
13191
13239
13225
13245
13310
13326
13326
13300
13312
13312
13367
13399
13430
13430
13430
13430
13440
13448
13448
13543
13580
13590
13590
13666
13687
13687
13687
13687
13752
13836
13836
13836
13871
13871
13871
13871
13937
13937
13937
13937
13896
13954
13954
13954
13954
13954
13961
13961
13961
13961
13869
13869
13869
13858
13858
13858
13858
13829
13829
13829
13829
13878
13878
13878
13878
13915
13915
13932
13932
13932
14031
14031
13996
13996
13996
13996
13996
13996
13996
13996
13955
13955
13955
13955
13875
13875
13886
13958
13968
14037
14097
14195
14236
14269
14347
14426
14506
14521
14521
14521
14521
14461
14445
14403
14353
14314
14294
14267
14267
14204
14204
14204
14204
14150
14113
14081
14053
14016
13924
13855
13953
13953
13953
13953
13953
13953
13953
13953
13973
14000
14000
14000
14000
14000
14000
14000
14054
14054
14086
14086
14086
14086
14178
14178
14178
14141
14141
14141
14141
14168
14168
14168
14168
14168
14168
14168
14168
14168
14168
14168
14168
14168
14168
14188
14188
14261
14261
14261
14261
14261
14261
14231
14231
14231
14231
14158
14158
14182
14133
14134
14134
14151
14229
14306
14395
14395
14464
14464
14541
14560
14576
14527
14494
14499
14517
14519
14521
14611
14611
14611
14611
14626
14626
14626
14626
14712
14712
14660
14739
14739
14739
14739
14739
14739
14773
14773
14859
14859
14859
14859
14859
14859
14859
14929
14929
14929
14929
14929
14929
14929
14929
14929
14929
14929
14929
15015
15015
15015
15003
15003
15003
15003
15003
15003
15003
15003
15003
14945
14945
14945
14945
15006
15006
14948
14948
14948
14928
14928
14928
14984
14984
14984
14984
14984
15012
15012
15012
15012
15012
15060
15060
15060
15149
15149
15149
15149
15149
15149
15090
15090
15010
15010
15010
15010
15010
15010
15010
15010
15110
15110
15110
15110
15110
15110
15110
15185
15185
15114
15093
15093
15093
15093
15110
15100
15187
15154
15238
15179
15179
15179
15252
15285
15340
15377
15377
15473
15398
15323
15292
15292
15292
15292
15237
15237
15237
15237
15316
15316
15219
15219
15219
15268
15268
15360
15449
15469
15495
15495
15495
15551
15551
15606
15606
15606
15606
15606
15606
15606
15616
15616
15616
15616
15616
15616
15616
15616
15616
15616
15616
15616
15616
15616
15543
15527
15527
15445
15353
15353
15336
15336
15336
15336
15336
15336
15336
15336
15336
15324
15324
15324
15324
15397
15397
15397
15397
15489
15489
15489
15489
15489
15489
15489
15501
15501
15501
15501
15501
15501
15501
15501
15501
15501
15501
15501
15501
15501
15489
15489
15461
15461
15461
15461
15396
15396
15396
15396
15396
15396
15323
15323
15264
15264
15264
15264
15264
15329
15329
15329
15329
15329
15329
15329
15289
15289
15289
15348
15289
15231
15231
15231
15231
15198
15102
15013
14965
14965
14900
14900
14900
14940
14940
14999
14999
14999
14999
14999
14999
14999
14999
14999
14999
14999
15064
15064
15064
15064
15064
15064
15125
15125
15183
15183
15165
15165
15165
15076
15124
15124
15124
15124
15124
15032
15032
15032
15032
15032
15007
15007
15080
15080
15155
15155
15155
15155
15155
15155
15072
15104
15104
15104
15104
15104
15104
15104
15104
15076
15076
15065
15065
15033
14952
15051
15094
15094
15164
15164
15164
15164
15164
15253
15253
15188
15188
15188
15188
15188
15253
15253
15253
15253
15253
15191
15184
15087
14997
14965
14913
14913
14849
14796
14796
14772
14745
14736
14653
14622
14587
14537
14537
14481
14481
14381
14381
14323
14323
14323
14323
14323
14323
14355
14355
14355
14355
14280
14225
14278
14278
14278
14278
14278
14278
14278
14278
14278
14278
14311
14311
14311
14352
14411
14446
14446
14446
14446
14446
14446
14446
14446
14396
14396
14432
14432
14432
14432
14432
14432
14432
14432
14366
14415
14515
14515
14515
14515
14477
14477
14550
14608
14608
14539
14597
14683
14739
14649
14730
14795
14797
14797
14852
14821
14833
14888
14905
14814
14830
14842
14742
14750
14801
14827
14756
14756
14756
14756
14688
14753
14753
14753
14753
14753
14753
14753
14753
14753
14753
14753
14753
14753
14753
14753
14678
14641
14641
14641
14542
14542
14542
14542
14542
14542
14507
14507
14507
14436
14436
14436
14436
14436
14511
14511
14511
14511
14511
14511
14511
14511
14511
14511
14511
14511
14511
14511
14511
14511
14511
14511
14511
14511
14471
14471
14471
14471
14471
14471
14471
14471
14471
14471
14471
14471
14471
14471
14471
14400
14357
14280
14280
14280
14280
14280
14280
14252
14252
14323
14366
14366
14366
14366
14366
14366
14366
14394
14382
14350
14350
14340
14340
14303
14303
14303
14238
14238
14238
14238
14238
14238
14180
14180
14180
14180
14180
14192
14224
14296
14306
14348
14385
14462
14477
14542
14586
14669
14675
14697
14778
14836
14836
14769
14783
14783
14821
14788
14721
14629
14592
14510
14455
14435
14419
14419
14388
14388
14380
14285
14275
14199
14199
14199
14110
14108
14062
14027
14005
13977
13899
13886
13861
13854
13835
13825
13762
13678
13607
13513
13513
13513
13513
13428
13428
13428
13428
13342
13342
13342
13342
13388
13388
13423
13423
13445
13445
13473
13473
13551
13551
13551
13551
13576
13576
13583
13583
13602
13602
13612
13563
13563
13563
13647
13647
13718
13718
13718
13718
13718
13749
13749
13829
13829
13921
14007
14068
14087
14147
14147
14147
14180
14173
14173
14094
14094
14045
14045
13987
13976
13976
13944
13872
13872
13774
13764
13764
13745
13676
13676
13725
13635
13575
13631
13631
13603
13505
13505
13505
13430
13389
13389
13389
13389
13356
13436
13436
13358
13358
13358
13279
13279
13199
13199
13184
13184
13184
13184
13184
13283
13332
13343
13343
13401
13401
13401
13401
13411
13411
13411
13480
13490
13490
13490
13490
13490
13490
13490
13518
13559
13559
13592
13592
13592
13592
13592
13592
13672
13672
13632
13632
13573
13573
13573
13573
13573
13573
13573
13508
13508
13548
13548
13607
13607
13607
13607
13607
13607
13607
13672
13672
13626
13557
13557
13557
13557
13592
13592
13592
13592
13667
13667
13667
13667
13667
13667
13667
13667
13667
13667
13667
13616
13616
13609
13609
13585
13585
13490
13490
13487
13487
13430
13334
13286
13286
13197
13197
13180
13180
13093
13032
13028
13028
12932
12857
12827
12827
12762
12762
12720
12665
12645
12586
12637
12713
12752
12752
12820
12866
12962
12985
12987
12987
13048
13048
13123
13177
13177
13232
13252
13311
13311
13246
13246
13246
13246
13246
13246
13246
13187
13187
13187
13252
13252
13252
13252
13252
13252
13252
13311
13311
13238
13238
13238
13238
13146
13146
13146
13146
13146
13146
13146
13146
13146
13146
13146
13134
13134
13134
13134
13134
13134
13134
13134
13134
13134
13165
13197
13197
13240
13275
13321
13392
13392
13454
13482
13575
13630
13685
13763
13763
13772
13824
13905
13905
13905
13905
14000
14000
14015
14015
14015
14062
14062
14141
14201
14289
14289
14300
14358
14358
14358
14358
14358
14358
14358
14358
14338
14311
14311
14311
14311
14352
14352
14352
14423
14423
14423
14423
14463
14463
14504
14504
14504
14504
14504
14504
14504
14504
14450
14450
14418
14418
14488
14488
14488
14537
14537
14537
14537
14537
14537
14537
14623
14623
14531
14531
14531
14531
14531
14531
14531
14531
14531
14558
14558
14558
14558
14558
14558
14612
14612
14612
14612
14612
14612
14612
14612
14612
14612
14612
14580
14580
14580
14527
14527
14527
14527
14527
14492
14492
14492
14392
14334
14334
14334
14334
14334
14334
14334
14334
14334
14334
14334
14334
14334
14334
14334
14334
14334
14334
14334
14393
14393
14393
14393
14434
14434
14505
14505
14505
14405
14365
14365
14306
14306
14306
14306
14306
14306
14306
14241
14241
14229
14197
14125
14115
14073
14036
13959
13944
13879
13835
13752
13746
13724
13643
13585
13585
13571
13571
13533
13545
13577
13649
13659
13659
13696
13696
13696
13761
13761
13761
13761
13761
13761
13819
13821
13821
13919
13919
13958
13958
14040
14040
14116
14182
14207
14307
14395
14490
14398
14309
14289
14263
14263
14263
14207
14207
14152
14152
14152
14152
14142
14142
14142
14142
14142
14142
14142
14142
14142
14142
14142
14142
14142
14198
14198
14198
14198
14198
14198
14198
14198
14198
14198
14198
14198
14198
14198
14127
14084
14084
14084
14084
14084
14084
14084
14056
14139
14210
14253
14330
14377
14396
14398
14470
14485
14513
14513
14513
14438
14438
14438
14438
14438
14438
14438
14438
14438
14438
14438
14438
14438
14438
14438
14438
14438
14382
14382
14382
14302
14302
14302
14302
14302
14302
14203
14203
14203
14203
14193
14193
14182
14182
14182
14172
14103
14134
14134
14190
14190
14190
14149
14149
14116
14196
14196
14196
14196
14196
14116
14116
14116
14116
14167
14167
14178
14178
14250
14250
14260
14260
14329
14329
14389
14389
14487
14487
14528
14561
14639
14639
14719
14719
14753
14758
14806
14835
14876
14876
14896
14953
15013
15113
15113
15136
15220
15279
15354
15354
15446
15446
15400
15365
15343
15315
15237
15237
15212
15205
15186
15176
15176
15092
15021
15021
15021
15021
15021
15021
14935
14917
14917
14952
14952
14952
14952
14952
14952
14952
14952
14952
14952
14952
14952
14952
14952
14952
14952
14952
14952
14952
14952
14887
14887
14887
14887
14887
14887
14887
14887
14828
14828
14828
14893
14893
14893
14893
14893
14893
14893
14952
14952
14952
14952
14952
14952
14952
14952
14952
14952
14952
14952
14952
14952
14952
14952
14952
14952
14952
14952
14952
14952
14952
14952
14984
14984
14984
14984
14984
14984
14984
14984
15019
15019
15075
15075
15133
15066
15066
15066
15121
15062
15062
15062
15062
14991
14950
14950
14879
14879
14879
14929
14988
15085
15094
15156
15197
15235
15306
15340
15345
15345
15345
15345
15345
15345
15345
15345
15345
15345
15345
15345
15296
15296
15238
15238
15238
15238
15238
15238
15238
15238
15238
15210
15210
15234
15234
15266
15266
15322
15322
15328
15363
15373
15409
15452
15537
15594
15664
15710
15794
15831
15831
15861
15861
15861
15878
15878
15878
15878
15878
15877
15877
15792
15777
15740
15724
15649
15572
15569
15541
15477
15417
15345
15263
15185
15179
15109
15109
15076
15076
15076
15076
15113
15113
15087
15087
15087
15087
15087
15087
15087
15087
15087
15087
15087
15087
15087
15087
15120
15120
15040
15023
15000
15000
15000
15000
15000
15000
14982
14909
14909
14909
14909
15006
15023
15023
15046
15046
15098
15098
15152
15201
15229
15269
15269
15269
15269
15294
15367
15367
15367
15367
15367
15367
15367
15367
15367
15367
15367
15367
15367
15367
15367
15302
15302
15302
15302
15253
15253
15253
15253
15216
15216
15199
15199
15199
15100
15100
15100
15100
15149
15149
15149
15149
15186
15186
15203
15203
15203
15203
15203
15183
15215
15215
15215
15215
15116
15043
15027
15015
14983
14911
14901
14901
14864
14864
14864
14799
14799
14799
14799
14799
14799
14741
14741
14757
14757
14757
14757
14757
14769
14769
14769
14769
14769
14769
14769
14769
14834
14834
14834
14834
14834
14834
14834
14892
14892
14892
14892
14892
14858
14853
14805
14776
14735
14665
14665
14645
14588
14528
14428
14428
14405
14321
14262
14187
14187
14095
14095
14129
14134
14182
14182
14223
14223
14243
14243
14243
14343
14343
14366
14366
14425
14500
14500
14592
14592
14592
14592
14592
14592
14592
14565
14565
14565
14565
14565
14565
14511
14511
14511
14511
14511
14511
14511
14511
14511
14511
14511
14511
14511
14511
14511
14511
14511
14511
14511
14511
14511
14511
14511
14511
14511
14511
14526
14554
14623
14537
14537
14537
14486
14486
14486
14486
14451
14451
14451
14451
14376
14376
14376
14376
14376
14321
14321
14321
14321
14321
14321
14321
14321
14321
14321
14321
14356
14356
14356
14356
14431
14531
14531
14531
14531
14531
14531
14531
14531
14531
14531
14531
14582
14515
14441
14458
14404
14475
14554
14627
14691
14739
14819
14918
14920
14959
14975
14927
14844
14773
14730
14653
14606
14587
14585
14513
14498
14470
14553
14624
14667
14744
14791
14810
14812
14884
14899
14927
14927
14896
14840
14808
14808
14808
14728
14728
14728
14728
14746
14746
14695
14695
14636
14636
14636
14636
14636
14625
14625
14640
14568
14568
14558
14620
14551
14491
14491
14393
14356
14356
14315
14315
14282
14282
14204
14284
14284
14284
14204
14204
14204
14204
14204
14204
14215
14215
14287
14315
14325
14325
14394
14394
14454
14454
14454
14454
14495
14495
14528
14528
14528
14528
14607
14607
14687
14687
14687
14655
14655
14655
14655
14655
14655
14607
14542
14542
14542
14542
14542
14542
14542
14507
14507
14507
14507
14451
14451
14451
14392
14334
14334
14334
14334
14334
14399
14496
14496
14496
14496
14528
14528
14528
14528
14528
14601
14601
14601
14601
14660
14660
14660
14660
14660
14695
14695
14695
14751
14751
14809
14759
14700
14603
14594
14532
14491
14453
14382
14348
14343
14343
14402
14402
14402
14402
14443
14443
14514
14514
14514
14514
14514
14514
14514
14514
14514
14514
14458
14458
14458
14458
14458
14458
14458
14458
14458
14458
14458
14458
14458
14550
14639
14659
14685
14685
14769
14825
14887
14853
14908
14903
14903
14855
14855
14855
14855
14814
14824
14824
14824
14804
14874
14874
14885
14885
14885
14785
14785
14785
14785
14762
14762
14703
14628
14628
14536
14536
14536
14536
14584
14584
14625
14625
14645
14645
14645
14745
14745
14745
14745
14804
14879
14879
14971
14971
14876
14852
14820
14764
14758
14723
14713
14677
14634
14549
14492
14422
14376
14292
14292
14255
14220
14220
14220
14220
14220
14220
14220
14220
14220
14220
14220
14220
14220
14220
14220
14220
14220
14220
14220
14220
14220
14220
14220
14220
14220
14220
14220
14220
14220
14220
14220
14220
14220
14220
14220
14220
14220
14220
14220
14220
14220
14220
14220
14220
14220
14220
14220
14220
14220
14220
14220
14180
14100
14079
14079
14127
14031
14031
13960
13960
13881
13881
13808
13866
13802
13802
13754
13754
13674
13674
13575
13590
13588
13623
13584
13640
13624
13624
13624
13697
13697
13697
13777
13777
13777
13777
13777
13765
13765
13765
13765
13765
13765
13765
13765
13700
13700
13700
13700
13700
13700
13642
13642
13642
13642
13642
13654
13654
13654
13664
13664
13664
13664
13664
13729
13729
13729
13729
13729
13729
13787
13787
13736
13736
13736
13736
13736
13736
13636
13636
13601
13624
13624
13624
13624
13720
13729
13729
13729
13729
13697
13670
13670
13750
13750
13750
13750
13660
13660
13660
13660
13660
13697
13697
13697
13639
13565
13565
13565
13537
13439
13429
13429
13429
13429
13429
13429
13350
13350
13350
13291
13291
13289
13191
13152
13070
12994
12928
12903
12803
12715
12620
12620
12620
12620
12620
12620
12613
12565
12567
12567
12665
12609
12568
12607
12607
12607
12689
12669
12745
12745
12745
12745
12811
12811
12836
12836
12736
12836
12836
12924
12924
12924
12924
12865
12790
12790
12698
12698
12732
12732
12732
12732
12773
12773
12709
12709
12709
12709
12610
12710
12710
12710
12710
12769
12769
12769
12769
12769
12769
12769
12769
12769
12769
12692
12692
12692
12738
12641
12641
12641
12609
12623
12623
12623
12623
12656
12756
12756
12740
12740
12740
12740
12740
12705
12705
12649
12649
12591
12632
12699
12699
12755
12676
12696
12696
12686
12627
12558
12510
12503
12503
12462
12439
12423
12423
12339
12413
12313
12236
12218
12310
12277
12277
12277
12240
12299
12299
12299
12299
12234
12179
12093
12146
12146
12146
12105
12105
12105
12105
12032
12032
12032
11973
11973
11961
11961
12026
12026
12026
11967
11967
11967
11998
11998
11998
11998
12071
12030
12030
12030
12089
12018
12018
12018
12018
12068
12127
12112
12209
12209
12218
12280
12321
12321
12231
12231
12259
12330
12330
12356
12270
12304
12304
12304
12304
12304
12304
12304
12299
12318
12318
12318
12318
12318
12318
12318
12318
12318
12318
12318
12318
12318
12318
12318
12318
12318
12318
12318
12397
12397
12397
12397
12397
12397
12462
12462
12462
12476
12476
12476
12547
12467
12515
12515
12515
12543
12543
12543
12543
12623
12623
12623
12623
12681
12681
12681
12681
12681
12681
12701
12701
12701
12701
12624
12651
12674
12646
12646
12646
12646
12646
12646
12635
12635
12635
12563
12563
12659
12580
12580
12570
12570
12570
12501
12533
12473
12473
12473
12473
12510
12469
12469
12561
12528
12528
12528
12528
12528
12528
12449
12529
12449
12449
12510
12510
12510
12510
12510
12571
12571
12571
12571
12498
12498
12498
12498
12498
12498
12498
12418
12418
12418
12418
12418
12418
12418
12418
12418
12418
12418
12418
12418
12418
12418
12418
12418
12418
12418
12418
12418
12418
12418
12345
12322
12224
12224
12224
12140
12057
11986
11986
11943
11866
11819
11800
11798
11726
11711
11711
11683
11683
11701
11701
11612
11612
11612
11612
11612
11612
11612
11612
11612
11632
11632
11632
11618
11618
11618
11618
11635
11675
11675
11675
11675
11708
11708
11783
11765
11676
11745
11755
11755
11755
11841
11817
11774
11774
11774
11774
11774
11774
11757
11757
11855
11855
11855
11855
11855
11807
11807
11807
11807
11807
11749
11749
11749
11749
11749
11759
11744
11709
11653
11625
11592
11687
11735
11735
11735
11735
11793
11823
11823
11823
11823
11823
11823
11726
11726
11726
11726
11677
11637
11637
11612
11612
11612
11667
11667
11667
11667
11667
11667
11667
11667
11667
11667
11667
11667
11667
11667
11667
11667
11618
11618
11618
11581
11581
11678
11724
11781
11811
11860
11860
11900
11816
11816
11841
11841
11841
11872
11872
11872
11872
11905
11905
12003
12003
12003
12003
12077
12050
12050
12050
12050
12050
12033
12016
12016
12016
11943
11943
11943
11943
11943
11943
12001
12034
12034
12034
12034
12034
12034
12034
12034
12034
12015
12026
12026
12058
12114
12114
12039
12074
12074
12084
12084
12084
12084
12084
12084
12154
12154
12154
12154
12154
12088
12033
12033
12098
12033
12099
12099
12099
12099
11999
11934
11861
11861
11915
11915
11845
11845
11845
11845
11845
11845
11919
11919
11919
11919
11919
11885
11885
11938
11938
11938
11938
12038
11997
12083
12108
12178
12270
12236
12246
12246
12304
12304
12306
12306
12335
12294
12274
12242
12265
12265
12265
12265
12265
12297
12297
12317
12317
12416
12316
12396
12396
12396
12396
12396
12396
12337
12337
12337
12337
12337
12371
12376
12424
12453
12494
12587
12607
12664
12724
12824
12915
12938
13022
13081
13156
13186
13265
13357
13410
13410
13410
13410
13410
13410
13375
13375
13375
13375
13300
13390
13390
13290
13194
13194
13194
13182
13182
13182
13182
13181
13181
13181
13181
13181
13181
13181
13181
13181
13181
13181
13181
13181
13181
13181
13181
13181
13181
13181
13100
13175
13163
13263
13263
13288
13288
13288
13278
13278
13278
13278
13278
13278
13278
13278
13278
13306
13241
13241
13241
13241
13241
13241
13241
13241
13249
13249
13249
13191
13191
13191
13191
13191
13203
13203
13203
13125
13125
13137
13169
13241
13251
13251
13288
13288
13288
13353
13449
13449
13449
13449
13370
13370
13370
13370
13370
13370
13370
13305
13305
13386
13372
13307
13365
13294
13294
13246
13246
13260
13232
13232
13152
13152
13082
13082
13082
13024
13024
13024
13104
13104
13081
13160
13158
13234
13299
13313
13384
13384
13432
13460
13540
13598
13598
13645
13645
13645
13668
13668
13668
13668
13668
13668
13668
13668
13668
13668
13668
13668
13668
13668
13668
13668
13668
13668
13668
13668
13668
13668
13612
13612
13612
13612
13612
13513
13513
13513
13427
13338
13408
13408
13408
13408
13440
13440
13440
13379
13379
13379
13309
13260
13260
13260
13288
13384
13433
13441
13497
13497
13495
13495
13551
13551
13543
13543
13619
13558
13489
13441
13441
13441
13355
13355
13355
13355
13355
13355
13355
13355
13355
13355
13355
13355
13355
13355
13355
13426
13426
13505
13578
13642
13690
13770
13770
13770
13770
13770
13770
13695
13695
13695
13695
13603
13514
13494
13468
13468
13384
13384
13351
13295
13233
13178
13178
13178
13178
13168
13168
13098
13087
13087
13087
13087
13179
13268
13288
13314
13350
13434
13490
13552
13607
13641
13663
13729
13642
13686
13628
13638
13737
13807
13818
13832
13906
13999
13999
13999
14060
14140
14140
14140
14140
14195
14195
14195
14195
14195
14195
14195
14195
14195
14205
14238
14238
14238
14238
14296
14296
14296
14329
14329
14329
14329
14329
14329
14279
14220
14123
14114
14052
14011
14011
13940
13906
13906
13906
13965
14062
14062
14062
14103
14103
14174
14174
14174
14174
14174
14272
14207
14259
14259
14346
14346
14351
14320
14320
14320
14398
14398
14325
14325
14325
14325
14325
14325
14266
14267
14267
14343
14284
14284
14357
14321
14321
14226
14178
14130
14130
14130
14130
14072
14072
14042
14042
14042
14042
14042
14042
14042
14095
14095
14095
14143
14143
14239
14259
14259
14259
14317
14347
14347
14347
14347
14347
14382
14438
14438
14438
14438
14438
14359
14283
14218
14204
14133
14085
14057
13977
13919
13872
13872
13849
13849
13849
13914
13914
13985
14033
14033
14113
14171
14171
14171
14171
14171
14137
14132
14084
14055
14055
14014
14062
13969
14027
14007
14007
13950
13970
13910
13910
13810
13880
13880
13789
13789
13766
13766
13766
13682
13682
13623
13623
13623
13548
13548
13518
13518
13426
13426
13373
13373
13373
13438
13438
13438
13438
13438
13479
13479
13479
13479
13479
13479
13479
13479
13479
13538
13538
13538
13538
13538
13538
13538
13538
13538
13526
13466
13466
13450
13450
13450
13450
13448
13448
13448
13448
13448
13448
13448
13448
13489
13489
13504
13504
13504
13504
13504
13504
13504
13495
13495
13495
13495
13495
13495
13495
13495
13495
13495
13495
13495
13495
13495
13495
13415
13415
13415
13415
13415
13415
13415
13415
13415
13415
13455
13455
13455
13455
13455
13486
13542
13616
13570
13648
13728
13757
13833
13836
13889
13940
14039
14067
14041
14124
14124
14134
14188
14225
14239
14239
14321
14321
14383
14328
14273
14362
14309
14309
14309
14309
14309
14251
14151
14163
14217
14131
14131
14106
14055
13985
13893
13883
13825
13823
13889
13860
13837
13809
13809
13777
13757
13832
13733
13653
13653
13653
13653
13706
13789
13824
13824
13924
14010
14035
14105
14105
14197
14207
14265
14267
14296
14319
14324
14356
14376
14475
14555
14563
14576
14576
14676
14595
14595
14694
14779
14779
14879
14906
14980
14980
14980
14980
14980
14980
15051
15051
15081
15081
15081
15091
15118
15191
15191
15214
15214
15214
15214
15214
15214
15214
15234
15234
15185
15185
15185
15185
15185
15185
15205
15205
15205
15205
15205
15205
15205
15205
15205
15205
15297
15297
15260
15260
15260
15260
15260
15260
15260
15260
15243
15243
15243
15243
15243
15243
15309
15309
15309
15378
15378
15378
15378
15378
15427
15427
15427
15527
15527
15598
15598
15598
15635
15635
15635
15635
15652
15652
15652
15751
15693
15693
15622
15543
15470
15406
15358
15278
15278
15278
15278
15378
15378
15323
15323
15323
15323
15323
15323
15323
15323
15323
15323
15323
15323
15323
15245
15245
15245
15174
15274
15274
15274
15274
15274
15242
15242
15186
15186
15151
15141
15141
15141
15141
15141
15071
15071
15071
15071
15071
15071
15103
15159
15159
15194
15204
15204
15247
15320
15405
15405
15475
15475
15475
15475
15512
15545
15634
15634
15634
15634
15634
15634
15634
15634
15634
15634
15634
15634
15709
15709
15709
15709
15709
15749
15835
15835
15835
15835
15835
15835
15890
15890
15890
15890
15890
15890
15890
15890
15890
15982
15982
15994
15994
15994
15974
15974
15974
15947
16008
16008
16008
16008
16008
16008
16008
16008
16008
16008
16073
16073
16073
16073
16073
16073
16073
16073
16073
16073
16073
16073
16073
16073
16073
16073
16073
16041
16127
16127
16056
16056
16148
16111
16111
16019
16019
16019
16019
16007
16007
15975
15903
15893
15893
15893
15856
15856
15856
15791
15791
15791
15791
15791
15710
15652
15652
15638
15638
15638
15716
15744
15744
15695
15695
15695
15630
15630
15559
15511
15511
15431
15373
15373
15373
15278
15278
15357
15433
15498
15512
15583
15631
15659
15739
15797
15797
15810
15833
15833
15833
15833
15772
15692
15692
15692
15692
15637
15637
15637
15637
15637
15637
15697
15697
15697
15697
15697
15687
15654
15654
15654
15654
15715
15795
15795
15795
15795
15823
15878
15878
15878
15878
15878
15847
15847
15767
15767
15675
15675
15614
15614
15595
15605
15545
15578
15578
15578
15578
15545
15545
15545
15545
15545
15545
15545
15496
15496
15496
15496
15496
15576
15576
15637
15637
15637
15582
15582
15582
15582
15582
15582
15582
15594
15594
15594
15594
15594
15594
15594
15594
15594
15594
15553
15553
15596
15596
15596
15596
15596
15596
15596
15596
15555
15555
15524
15524
15524
15524
15524
15524
15524
15524
15465
15465
15465
15465
15465
15539
15573
15578
15626
15585
15614
15655
15655
15675
15675
15675
15735
15835
15900
15900
15931
15954
15971
15971
15971
16030
16105
16105
16135
16076
16168
16071
16071
16071
16071
16030
16030
15959
15959
15959
15959
16000
16050
16050
16050
16109
16206
16215
16277
16318
16318
16389
16423
16428
16428
16380
16284
16284
16284
16226
16196
16196
16196
16196
16161
16105
16105
16153
16153
16153
16153
16138
16138
16196
16196
16255
16255
16255
16255
16255
16290
16346
16346
16404
16404
16404
16352
16352
16352
16304
16304
16246
16246
16226
16226
16226
16226
16226
16226
16226
16226
16226
16226
16226
16226
16161
16161
16161
16209
16209
16209
16209
16209
16209
16209
16209
16209
16209
16209
16209
16209
16209
16209
16209
16274
16274
16354
16354
16319
16231
16180
16104
16065
16065
15997
15951
15855
15832
15830
15830
15769
15769
15694
15640
15640
15585
15565
15506
15557
15557
15596
15596
15596
15596
15692
15692
15692
15692
15753
15753
15828
15828
15828
15883
15903
15962
15962
16021
16021
16080
16080
16080
16080
16080
16080
16080
16097
16097
16097
16186
16186
16124
16195
16274
16347
16411
16459
16539
16638
16638
16638
16638
16606
16606
16606
16606
16606
16606
16664
16664
16664
16736
16736
16736
16650
16650
16650
16650
16557
16557
16557
16557
16514
16517
16517
16506
16427
16374
16291
16191
16105
16080
16010
15918
15908
15850
15848
15819
15796
15848
15843
15811
15741
15721
15622
15542
15534
15521
15521
15521
15521
15607
15607
15607
15607
15607
15590
15648
15601
15578
15578
15526
15526
15472
15472
15444
15444
15444
15444
15444
15444
15371
15371
15371
15451
15451
15451
15451
15451
15451
15411
15332
15256
15191
15177
15106
15058
15030
14950
14892
14892
14879
14856
14935
14935
15000
15014
15085
15133
15161
15241
15299
15299
15299
15322
15320
15222
15183
15101
15025
14959
14934
14834
14746
14746
14746
14746
14746
14746
14746
14746
14746
14746
14746
14746
14649
14603
14546
14516
14467
14427
14427
14402
14402
14402
14371
14371
14371
14338
14338
14240
14240
14240
14240
14337
14383
14440
14470
14519
14559
14581
14606
14606
14606
14637
14663
14663
14737
14737
14822
14855
14954
14954
15006
15104
15118
15118
15165
15165
15180
15180
15260
15349
15377
15399
15424
15426
15495
15576
15653
15749
15790
15866
15926
15978
15981
16060
16062
16107
16111
16198
16206
16288
16305
16288
16257
16201
16127
16127
16127
16049
16049
15969
15969
15940
15940
15864
15864
15861
15861
15808
15808
15757
15682
15583
15483
15455
15430
15347
15347
15347
15347
15337
15337
15255
15255
15193
15193
15165
15165
15165
15165
15165
15165
15165
15245
15245
15245
15245
15245
15245
15245
15245
15245
15245
15245
15245
15245
15153
15064
15044
15018
14982
14898
14842
14780
14725
14691
14669
14625
14615
14516
14446
14435
14421
14421
14347
14310
14217
14217
14217
14217
14309
14309
14398
14398
14418
14418
14418
14418
14418
14418
14418
14418
14474
14474
14440
14440
14440
14435
14490
14490
14442
14442
14442
14413
14413
14380
14339
14339
14339
14339
14349
14329
14428
14428
14498
14438
14438
14338
14338
14338
14338
14315
14315
14315
14256
14181
14151
14059
14059
14059
14059
14059
14059
14059
14059
14059
14059
14059
14059
14059
14059
14059
14118
14118
14118
14118
14118
14088
14088
14088
14027
13947
13947
13947
13919
13864
13864
13864
13864
13864
13864
13864
13864
13864
13854
13821
13821
13918
13936
13997
14077
14158
14204
14232
14287
14369
14370
14437
14536
14634
14702
14768
14846
14856
14889
14943
14943
14943
14888
14856
14800
14800
14765
14755
14755
14712
14627
14627
14557
14557
14557
14520
14520
14552
14608
14614
14649
14659
14659
14659
14702
14787
14787
14857
14857
14857
14894
14823
14744
14671
14607
14559
14479
14380
14380
14380
14380
14451
14530
14603
14667
14715
14795
14894
14896
14896
14935
14887
14903
14903
14903
14903
14845
14845
14845
14845
14766
14766
14766
14731
14666
14610
14596
14525
14477
14477
14449
14497
14417
14513
14455
14455
14455
14462
14462
14520
14497
14595
14625
14625
14625
14704
14704
14780
14780
14815
14880
14936
14950
15021
15069
15069
15097
15097
15177
15177
15235
15235
15282
15282
15295
15295
15295
15318
15318
15318
15318
15318
15318
15318
15318
15318
15318
15318
15253
15274
15322
15380
15407
15427
15496
15531
15561
15611
15630
15697
15750
15807
15889
15912
15978
16043
15993
15934
15837
15828
15766
15725
15725
15654
15620
15615
15615
15674
15674
15674
15674
15715
15715
15786
15786
15786
15786
15786
15786
15786
15786
15786
15786
15786
15786
15786
15786
15786
15786
15786
15786
15840
15887
15947
16011
16021
16078
16078
16176
16228
16228
16228
16200
16240
16240
16240
16326
16326
16326
16326
16240
16240
16240
16240
16240
16182
16182
16182
16182
16182
16182
16182
16182
16102
16102
16102
16102
16102
16202
16288
16288
16288
16380
16390
16390
16390
16390
16390
16390
16390
16390
16390
16390
16390
16390
16390
16460
16460
16460
16460
16460
16460
16460
16460
16460
16460
16460
16460
16460
16460
16460
16460
16401
16401
16401
16401
16401
16386
16307
16231
16166
16152
16081
16033
16005
15925
15867
15820
15807
15784
15863
15863
15928
15942
16013
16061
16089
16169
16227
16316
16316
16316
16316
16316
16300
16300
16229
16150
16077
16013
15965
15885
15786
15784
15745
15729
15800
15879
15952
16016
16064
16144
16144
16144
16144
16144
16144
16112
16015
16015
15997
15936
15856
15775
15724
15678
15650
15595
15513
15496
15495
15428
15329
15231
15163
15097
15019
15009
14976
14922
14922
14922
14983
15063
15063
15063
15063
15118
15118
15118
15118
15118
15118
15118
15118
15118
15128
15161
15161
15161
15161
15161
15161
15161
15088
15088
15088
15088
15088
15088
15088
15040
14944
14944
14937
14879
14849
14849
14849
14849
14814
14793
14737
14689
14631
14604
14699
14679
14727
14658
14754
14719
14719
14809
14779
14786
14736
14794
14775
14805
14738
14820
14767
14844
14787
14795
14795
14713
14748
14725
14781
14715
14650
14635
14656
14704
14762
14789
14809
14878
14913
14943
14993
14993
15060
15060
15060
15060
15060
15126
15191
15191
15191
15191
15191
15111
15111
15111
15111
15111
15111
15111
15111
15111
15111
15111
15111
15111
15111
15167
15241
15241
15321
15321
15321
15321
15321
15372
15372
15372
15372
15318
15318
15271
15271
15211
15211
15147
15147
15137
15080
15080
14982
14930
14930
14930
14890
14890
14890
14804
14804
14804
14804
14804
14804
14804
14804
14804
14804
14804
14804
14844
14844
14844
14930
14904
14830
14745
14646
14594
14580
14533
14518
14438
14349
14321
14299
14274
14272
14203
14122
14045
14071
14145
14230
14329
14381
14395
14442
14457
14537
14626
14654
14676
14701
14701
14701
14701
14701
14701
14639
14639
14580
14580
14580
14580
14539
14539
14468
14468
14468
14468
14527
14527
14527
14527
14568
14568
14499
14570
14570
14570
14570
14570
14470
14384
14384
14384
14292
14282
14282
14282
14282
14282
14282
14282
14203
14203
14203
14203
14138
14138
14124
14124
14053
14053
14005
13977
13897
13897
13839
13839
13839
13839
13939
13939
13907
13993
13993
13937
13962
13956
14026
13991
14083
14162
14152
14162
14238
14238
14296
14361
14318
14318
14332
14247
14247
14318
14318
14318
14366
14296
14296
14324
14324
14356
14436
14436
14456
14514
14477
14576
14623
14703
14703
14703
14726
14726
14726
14758
14814
14820
14855
14865
14901
14944
15029
15086
15156
15156
15156
15193
15175
15104
15025
14952
14888
14840
14760
14760
14760
14760
14760
14831
14910
14983
15047
15095
15175
15274
15276
15315
15331
15264
15184
15138
15085
14993
14904
14884
14884
14884
14884
14884
14828
14828
14773
14773
14773
14773
14763
14664
14594
14594
14594
14594
14594
14571
14663
14752
14772
14798
14798
14882
14938
15000
15055
15089
15089
15089
15099
15040
15139
15209
15220
15220
15220
15220
15124
15083
15007
14947
14895
14892
14813
14811
14766
14762
14675
14667
14585
14568
14664
14705
14705
14765
14817
14817
14896
14898
14898
14898
14898
14898
14898
14898
14861
14861
14805
14779
14682
14636
14579
14549
14500
14460
14438
14413
14413
14413
14413
14382
14382
14382
14349
14349
14251
14251
14251
14251
14251
14218
14218
14218
14218
14218
14267
14307
14307
14307
14307
14307
14307
14307
14307
14340
14340
14340
14340
14340
14340
14261
14233
14157
14092
14078
14007
13959
13931
13851
13793
13746
13746
13723
13802
13802
13878
13943
13957
13957
14028
14028
14076
14076
14104
14043
14123
14043
14101
14101
14148
14127
14127
14140
14092
14092
14115
14057
14002
13975
13975
13955
13955
13886
13886
13851
13851
13821
13821
13771
13676
13676
13676
13676
13628
13528
13528
13461
13365
13365
13365
13275
13265
13265
13258
13225
13225
13167
13167
13167
13137
13071
12989
12989
12924
12847
12944
12944
12944
12962
12927
12927
12927
12988
13068
13089
13033
13045
13125
13173
13173
13173
13254
13254
13312
13312
13312
13358
13358
13358
13358
13385
13385
13385
13385
13413
13413
13413
13413
13433
13481
13432
13487
13487
13487
13556
13556
13556
13556
13556
13556
13556
13591
13591
13591
13591
13591
13591
13591
13621
13621
13621
13621
13621
13621
13621
13679
13642
13741
13816
13835
13835
13835
13835
13835
13835
13902
13902
13902
13885
13953
13953
13953
13953
13953
13953
13953
13953
13953
13953
13953
13953
13953
13953
13988
13889
13899
13922
13978
14011
14077
14131
14196
14196
14098
14098
14098
14098
14098
14098
14098
14098
14098
14098
14098
14098
14098
14098
14058
14058
14058
13972
14026
14026
14026
14090
14100
14100
14100
14100
14100
14100
14100
14100
14100
14140
14140
14140
14140
14226
14226
14165
14124
14091
14091
14072
14072
13974
13922
13835
13830
13830
13752
13752
13752
13752
13751
13675
13675
13602
13700
13752
13752
13757
13757
13835
13835
13835
13761
13761
13761
13761
13834
13834
13814
13814
13814
13774
13774
13774
13674
13588
13563
13493
13401
13391
13333
13333
13333
13324
13324
13306
13306
13274
13254
13155
13075
13075
13075
13120
13173
13256
13256
13356
13442
13467
13537
13537
13629
13629
13639
13639
13697
13697
13699
13699
13728
13728
13728
13728
13728
13728
13760
13760
13780
13709
13709
13808
13729
13809
13736
13736
13672
13672
13624
13544
13445
13443
13404
13388
13355
13355
13259
13289
13224
13224
13165
13165
13165
13165
13124
13124
13124
13124
13053
13053
13053
13103
13162
13259
13268
13330
13371
13371
13442
13442
13476
13481
13522
13522
13573
13559
13559
13595
13595
13595
13539
13465
13465
13385
13385
13385
13385
13385
13334
13334
13334
13334
13334
13334
13334
13334
13334
13334
13323
13323
13323
13248
13260
13250
13250
13154
13168
13168
13168
13089
13013
12948
12934
12906
12906
12835
12787
12759
12679
12621
12574
12561
12538
12528
12607
12683
12748
12762
12833
12881
12909
12989
13047
13094
13107
13107
13130
13130
13130
13130
13056
13068
13068
13068
13068
13036
12980
12974
12939
12929
12893
12850
12765
12708
12638
12542
12542
12522
12522
12522
12485
12485
12399
12399
12399
12433
12433
12433
12433
12372
12346
12272
12187
12088
12036
12022
11975
11960
11880
11791
11763
11741
11716
11716
11716
11716
11716
11716
11742
11816
11901
11901
12000
12052
12066
12113
12017
12032
12112
12201
12109
12137
12159
12184
12186
12255
12336
12413
12413
12499
12478
12430
12372
12306
12279
12259
12190
12155
12125
12125
12125
12106
12039
12039
12039
12039
12016
11950
11885
11885
11885
11943
11943
11963
11963
11963
11963
11963
11963
11963
11963
11915
11915
11915
11915
11915
11915
11915
11915
11857
11857
11857
11857
11857
11923
11923
11988
11988
11953
11897
11843
11870
11870
11870
11806
11796
11716
11716
11716
11716
11716
11716
11716
11716
11676
11676
11676
11590
11590
11644
11691
11751
11786
11848
11912
11912
11922
11864
11864
11950
12007
12007
12007
12100
12173
12248
12248
12266
12337
12337
12337
12240
12338
12338
12338
12320
12320
12372
12372
12380
12319
12397
12397
12397
12317
12317
12338
12338
12257
12297
12355
12355
12309
12309
12314
12387
12387
12387
12359
12430
12441
12448
12481
12539
12484
12570
12623
12623
12664
12664
12664
12664
12664
12716
12716
12716
12716
12716
12617
12654
12654
12654
12654
12654
12654
12654
12586
12660
12660
12660
12660
12660
12660
12660
12627
12627
12627
12617
12696
12771
12738
12738
12684
12781
12799
12860
12940
13021
13067
13095
13150
13150
13218
13144
13145
13212
13311
13311
13311
13377
13377
13387
13420
13474
13420
13365
13365
13365
13312
13295
13295
13332
13332
13332
13358
13388
13388
13318
13318
13318
13356
13356
13386
13317
13317
13317
13238
13162
13097
13083
13012
12964
12936
12936
12856
12798
12751
12751
12738
12715
12715
12662
12662
12579
12479
12393
12393
12368
12298
12206
12196
12138
12136
12107
12107
12200
12200
12280
12248
12248
12228
12129
12049
12049
12049
12049
12049
12049
12135
12135
12135
12227
12227
12237
12237
12237
12237
12237
12237
12237
12237
12237
12317
12317
12317
12317
12227
12227
12187
12187
12243
12243
12282
12282
12282
12282
12272
12272
12272
12197
12295
12295
12343
12392
12319
12292
12292
12292
12292
12341
12341
12333
12241
12192
12192
12192
12192
12243
12340
12340
12340
12340
12340
12310
12394
12394
12344
12265
12206
12109
12100
12100
12038
11997
11921
11921
11921
11992
12031
11960
11948
12012
11978
12039
12034
12002
12002
12002
12002
12002
12002
12002
12061
12061
12053
12117
12117
12117
12142
12101
12101
12112
12072
11972
11972
12004
12024
12099
12085
12085
12170
12170
12170
12100
12034
12034
12034
12034
11978
11978
11978
11978
11978
11978
11978
11958
11958
11866
11777
11757
11731
11731
11711
11627
11627
11571
11509
11454
11398
11364
11364
11364
11354
11255
11185
11174
11174
11174
11174
11201
11226
11226
11312
11312
11312
11312
11227
11253
11253
11253
11253
11253
11339
11339
11339
11339
11339
11302
11302
11302
11244
11173
11173
11173
11173
11173
11173
11173
11199
11113
11113
11113
11055
11055
11035
11023
11023
11023
11054
11054
11054
10976
10976
10976
10976
10976
10976
10976
10910
10910
10845
10845
10866
10866
10866
10914
10914
10945
11003
11003
11030
11063
11063
11083
11120
11189
11189
11247
11282
11312
11312
11362
11381
11448
11501
11556
11613
11613
11547
11493
11536
11559
11512
11578
11578
11518
11583
11568
11504
11494
11405
11348
11255
11157
11105
11027
11027
11006
10966
10961
10954
10868
10776
10830
10877
10877
10877
10887
10887
10887
10887
10887
10887
10887
10927
10927
10927
11013
11013
11013
11085
11085
11095
10995
10995
10954
10880
10880
10940
10940
10851
10851
10751
10768
10768
10768
10672
10672
10631
10631
10571
10571
10516
10464
10522
10591
10591
10512
10510
10510
10510
10510
10510
10510
10510
10413
10413
10395
10395
10334
10334
10334
10254
10173
10127
10127
10223
10195
10236
10236
10236
10181
10257
10257
10257
10256
10308
10241
10244
10145
10224
10224
10224
10163
10163
10163
10097
10097
10097
10097
10087
10095
10095
10062
10062
10111
10057
10074
10015
10015
10015
10015
10015
10015
10015
10015
10076
10076
10076
10156
10156
10156
10184
10184
10239
10239
10239
10239
10204
10204
10204
10204
10204
10204
10204
10204
10204
10214
10247
10247
10247
10247
10247
10347
10347
10413
10413
10413
10413
10413
10413
10413
10413
10428
10428
10514
10502
10502
10502
10502
10577
10491
10547
10636
10636
10636
10715
10715
10725
10697
10697
10697
10697
10697
10697
10697
10697
10697
10639
10639
10639
10639
10590
10550
10550
10550
10550
10550
10550
10550
10527
10527
10527
10527
10527
10527
10494
10494
10494
10494
10394
10394
10394
10394
10394
10394
10329
10275
10189
10189
10189
10189
10189
10097
10087
10087
10087
10087
10087
10087
10087
9988
9988
9988
9988
9988
9908
9908
9908
9961
10044
10044
10144
10230
10255
10325
10417
10427
10519
10577
10579
10608
10636
10582
10605
10610
10642
10662
10761
10841
10849
10862
10862
10862
10862
10862
10862
10902
10902
10902
10902
10902
10830
10830
10830
10853
10853
10853
10853
10833
10833
10833
10833
10891
10949
10949
10874
10843
10908
10908
10908
10981
10954
10954
10928
10854
10769
10670
10618
10604
10557
10542
10462
10373
10345
10323
10298
10296
10227
10146
10069
10069
10069
10069
10069
10069
10069
10069
10069
10149
10149
10177
10177
10177
10177
10097
10097
10097
10097
10049
10049
10049
10059
10026
10026
10037
10020
10029
10091
10145
10209
10303
10396
10406
10431
10439
10529
10574
10580
10580
10580
10621
10555
10563
10603
10618
10641
10641
10641
10727
10658
10698
10721
10721
10779
10871
10871
10871
10871
10871
10929
10929
10929
10929
10929
10829
10829
10900
10829
10839
10839
10839
10839
10918
10918
10918
10945
10945
11004
11016
11016
11016
11016
11081
11081
11081
10989
10989
11026
11026
11026
11026
11026
11026
11026
11026
11026
11026
11023
11023
11023
11023
11023
11023
11023
11023
10950
10950
10950
10950
10891
10891
10891
10891
10891
10891
10891
10891
10891
10870
10822
10764
10737
10717
10648
10613
10583
10583
10533
10514
10447
10394
10337
10337
10314
10248
10183
10129
10082
10082
10103
10103
10151
10141
10199
10199
10226
10226
10246
10246
10315
10315
10350
10350
10380
10380
10430
10390
10409
10409
10476
10476
10529
10443
10500
10582
10605
10605
10671
10671
10736
10736
10736
10736
10736
10736
10736
10736
10736
10736
10736
10736
10736
10736
10736
10822
10757
10838
10937
10885
10842
10920
10908
10960
10960
10900
10842
10842
10768
10768
10688
10688
10627
10627
10627
10627
10627
10627
10627
10627
10627
10627
10627
10627
10610
10610
10610
10610
10610
10610
10610
10549
10469
10469
10469
10441
10386
10386
10386
10386
10386
10386
10386
10386
10386
10376
10343
10343
10440
10458
10519
10599
10680
10726
10754
10809
10891
10892
10959
11058
11156
11224
11290
11368
11378
11280
11313
11367
11387
11328
11359
11359
11306
11223
11123
11037
11012
10942
10850
10840
10782
10780
10751
10728
10723
10691
10671
10572
10492
10484
10471
10524
10607
10707
10793
10818
10888
10980
10990
11048
11050
11079
11102
11107
11139
11159
11258
11338
11346
11359
11308
11308
11269
11269
11269
11269
11173
11173
11173
11173
11112
11112
11037
11037
11037
10982
10962
10903
10954
11030
11069
11069
11137
11183
11183
11183
11183
11183
11244
11244
11319
11373
11373
11284
11339
11359
11418
11397
11349
11349
11291
11291
11264
11264
11244
11244
11175
11175
11140
11140
11110
11110
11060
11060
11041
11041
10974
10974
10921
10921
10864
10864
10782
10782
10759
10759
10693
10607
10542
10596
10617
10664
10712
10772
10830
10894
10921
10931
10951
11008
11077
11077
11112
11210
11240
11292
11292
11370
11389
11389
11456
11496
11549
11554
11554
11554
11554
11640
11640
11706
11771
11701
11604
11586
11525
11445
11364
11318
11290
11235
11153
11152
11152
11085
11085
10986
10986
10888
10888
10820
10820
10754
10754
10676
10676
10666
10666
10633
10553
10499
10499
10471
10471
10568
10568
10586
10586
10647
10647
10727
10727
10808
10808
10854
10882
10937
10963
11045
11119
11120
11120
11187
11187
11286
11286
11384
11384
11452
11452
11518
11533
11611
11691
11701
11790
11823
11823
11877
11877
11877
11877
11946
11946
11946
11893
11810
11710
11624
11599
11529
11437
11427
11369
11367
11338
11315
11310
11278
11258
11159
11079
11071
11058
11111
11111
11211
11297
11322
11392
11484
11494
11552
11552
11552
11552
11552
11584
11604
11604
11684
11684
11684
11588
11547
11471
11471
11419
11416
11337
11337
11337
11337
11337
11329
11329
11312
11408
11449
11525
11585
11637
11640
11719
11721
11766
11770
11857
11865
11947
11964
11866
11814
11814
11809
11809
11731
11731
11731
11731
11731
11731
11658
11658
11569
11587
11612
11612
11558
11511
11451
11387
11377
11320
11320
11222
11170
11092
11092
11052
11047
11047
11026
10940
10892
10834
10807
10787
10718
10683
10653
10653
10634
10567
10514
10514
10514
10514
10448
10383
10383
10383
10383
10383
10383
10383
10383
10383
10383
10375
10278
10260
10199
10119
10038
9992
9964
9909
9827
9826
9773
9706
9706
9607
9507
9409
9323
9255
9255
9230
9164
9094
9016
8924
8914
8904
8871
8813
8759
8759
8759
8759
8759
8727
8707
8707
8627
8627
8627
8627
8627
8627
8627
8627
8627
8547
8547
8547
8535
8535
8535
8460
8460
8460
8460
8460
8448
8434
8389
8359
8359
8359
8359
8359
8333
8259
8259
8259
8259
8259
8259
8259
8244
8164
8075
8075
8075
8075
8075
8006
8006
8006
8006
8006
8006
8006
7998
7963
7910
7910
7910
7839
7839
7839
7839
7839
7839
7839
7798
7798
7798
7746
7695
7633
7633
7633
7633
7575
7575
7502
7502
7502
7502
7502
7464
7464
7464
7366
7280
7280
7244
7244
7244
7226
7189
7155
7155
7059
6985
6944
6868
6808
6756
6753
6674
6672
6627
6623
6536
6528
6446
6429
6350
6350
6311
6236
6152
6152
6101
6101
6101
6021
6021
5995
5995
5939
5902
5890
5890
5890
5890
5890
5890
5890
5879
5879
5808
5760
5760
5760
5760
5760
5687
5646
5635
5635
5603
5532
5446
5446
5446
5391
5298
5230
5144
5144
5114
5114
5114
5114
5114
5114
5083
5083
5083
5083
5014
4917
4890
4890
4815
4815
4782
4782
4782
4782
4782
4724
4649
4649
4649
4649
4623
4623
4623
4538
4538
4463
4463
4433
4347
4347
4286
4286
4259
4259
4259
4210
4138
4138
4138
4138
4128
4102
4102
4102
4102
4044
3995
3906
3906
3881
3881
3866
3829
3829
3798
3798
3798
3719
3670
3584
3584
3584
3522
3464
3464
3421
3357
3298
3288
3288
3249
3249
3249
3249
3249
3249
3224
3160
3160
3160
3102
3102
3102
3102
3042
2956
2864
2800
2800
2800
2800
2800
2800
2741
2676
2618
2598
2598
2598
2583
2583
2490
2467
2467
2467
2467
2455
2447
2447
2447
2374
2337
2337
2271
2271
2271
2271
2261
2251
2251
2161
2080
2080
2063
2063
2057
2046
1988
1988
1988
1955
1955
1955
1955
1910
1910
1910
1870
1870
1870
1771
1771
1771
1671
1630
1603
1575
1575
1575
1575
1519
1454
1454
1454
1454
1431
1353
1259
1259
1259
1205
1197
1157
1134
1134
1076
1067
1067
1047
976
976
945
905
905
905
905
880
880
880
801
709
709
699
699
699
647
596
520
481
481
413
367
367
367
367
367
306
306
231
177
177
122
102
43
94
170
209
266
334
380
476
499
501
599
660
673
748
802
846
901
921
980
955
937
937
886
810
771
714
646
600
504
481
479
381
320
307
232
178
134
79
59
0
51
127
166
223
291
337
433
456
458
556
617
630
705
759
803
858
878
937
886
810
771
714
646
600
504
481
479
381
320
307
232
178
134
79
59
0
