27.462
35.308
35.74
41.279
45.548
75.433
92.356
136.663
109.202
101.356
100.923
95.385
91.115
74.192
44.308
52.154
136.769
137.202
141.125
185.433
141.125
171.01
172.077
177.615
173.692
173.26
167.721
166.654
136.769
52.154
7.846
0
7.846
52.154
52.587
80.048
259.356
276.279
277.346
282.885
462.192
489.654
533.962
550.885
506.577
507.644
328.337
333.875
326.029
320.49
319.423
318.99
302.067
274.606
282.452
282.885
255.423
247.577
247.144
241.606
240.538
223.615
179.308
0
7.846
13.385
13.817
18.087
197.394
214.317
258.625
262.548
218.24
210.394
209.962
204.423
200.154
20.846
3.923
9.462
5.538
5.971
10.24
189.548
206.471
210.394
254.702
262.548
254.702
254.269
248.731
244.462
200.154
183.231
179.308
0
0.433
5.971
10.24
189.548
206.471
250.779
254.702
262.548
254.702
254.269
248.731
69.423
65.154
65.587
109.894
137.356
133.433
141.279
124.356
129.894
134.163
164.048
180.971
136.663
166.202
226.971
235.971
241.51
459.587
489.356
530.49
555.75
572.337
615.952
645.952
678.384
682.759
707.348
714.848
732.259
748.196
758.696
753.554
779.054
820.196
812.911
812.509
784.759
769.045
765.08
739.58
746.866
747.268
752.411
918.911
934.625
935.616
894.473
887.188
886.786
885.795
880.652
864.938
823.795
798.295
631.795
672.509
694.795
697.366
787.42
788.616
831.688
945.688
1186.17
1206.652
1214.152
1230.205
1267.205
1274.759
1526.384
1533.08
1540.366
1483.938
1489.08
1497.438
1524.866
1322.366
1284.17
1256.527
1229.098
1285.527
1280.384
1295.786
1280.384
1308.027
1284.571
1308.027
1346.223
1386.723
1378.366
1400.652
1398.08
1375.795
1378.366
1385.545
1415.563
1372.491
1371.295
1281.241
1324.313
1338.598
1349.098
1360.536
1462.946
1469.375
1491.696
1485
1477.446
1225.821
1218.536
1225.821
1477.446
1485
1491.696
1522.339
1573.339
1583.839
1604.732
1614.161
1675.607
1703.464
1707.571
1715.929
1674.867
1678.267
1683.367
1707.367
1716.167
1940.617
1942.175
1914.158
1919.358
1921.758
2027.773
1990.086
2016.352
2010.07
1990.57
1988.32
1989.367
2199.789
2217.711
2250.086
2264.133
2174.184
2080.301
2063.434
2032.963
2019.743
2013.566
2107.449
1909.404
1930.581
1929.206
1942.331
1921.154
1927.154
1936.419
2125.154
1927.11
1960.993
1966.434
1989.375
2187.419
2195.184
2218.088
2219.463
2211.699
2192.382
2214.971
2168.5
2175.382
2152.618
2156.853
2161.081
2191.521
2223.021
2252.729
2270.972
2292.917
2261.417
2231.708
2219.729
2198.396
2194.396
2187.896
2200.563
2212.479
2239.021
2252.292
2253.59
2264.701
2273.632
2159.566
2235.026
2255.52
2254.638
2250.533
2248.638
2226.52
2227.401
2296.931
2312.531
2314.331
2335.344
2267.836
2262.901
2257.336
2251.967
2066.559
2071.296
1894.099
1887.151
1868.204
1866.974
1868.711
1943.613
1950.625
1955.944
1945.944
1957.888
1967.888
1987.356
1994.369
2010.45
1990.981
1919.294
1911.256
1982.944
2081.711
2080.48
2067.908
2073.276
2073.572
2077.362
2096.151
2218.836
2162.894
2191.694
2192.388
2207.169
2286.481
2304.331
2309.65
2349.15
2363.775
2368.875
2374.613
2390.694
2397.706
2403.025
2422.494
2434.438
2444.438
2396.31
2389.631
2380.107
2375.042
2363.667
2348.351
2280.077
2261.536
2238.786
2314.786
2335.214
2325
2314.143
2359.643
2387.071
2387.339
2405.839
2408.268
2411.696
2352.074
2352.705
2336.477
2333.205
2227.25
2222.614
2222.358
2221.727
2275.143
2247.714
2252.571
2245.893
2244.321
2240.036
2241.607
2248.286
2252.571
2196.863
2252.571
2250.857
2236
2215.988
2217.702
2232.56
2292.595
2291.798
2292.595
2226.325
2292.595
2311.137
2317.815
2322.881
2338.196
2406.47
2396.946
2381.631
2376.565
2358.024
2404.238
2399.138
2401.688
2411.688
2404.675
2392.731
2392.45
2402.05
2340.048
2339.636
2342.159
2345.432
2345.688
2350.324
2361.182
2335
2285
2267.341
2266.71
2263.438
2261.119
2275.739
2286.818
2291.932
2318.114
2335.841
2337.205
2339.727
2335.091
2334.835
2331.563
2334.835
2281.147
2285.582
2285.826
2283.413
2300.304
2298.909
2356
2346.857
2344.429
2346.857
2374.286
2375.911
2366.387
2361.321
2349.946
2334.631
2266.357
2247.815
2257.083
2250.405
2213.284
2227.903
2232.739
2239.114
2248.205
2246.705
2250.795
2252.295
2300.75
2154.37
2148.272
2144.359
2160.717
2166.815
2200.207
2264.228
2289.272
2304.348
2335.391
2348.957
2292.646
2426.333
2286.052
2256.77
2218.55
2256.77
2273.93
2247.856
2377.346
2432.49
2404.221
2438.798
2500.183
2483.683
2422.298
2360.913
2349.885
2329.962
2321.317
2325.356
2328.125
2328.197
2255.19
2276.523
2234.504
2317.754
2318.25
2316.268
2316.067
2314.246
2293.674
2337.884
2323.495
2320.829
2324.606
2320.829
2306.606
2206.273
2203.611
2200.944
2305.944
2320.167
2334.054
2313.804
2317.982
2332.089
2362.31
2358.276
2437.539
2444.974
2426.534
2415.211
2487.362
2489.933
2478.446
2471.496
2466.487
2415.281
2408.138
2459.344
2466.487
2475.018
2478.817
2483.826
2495.313
2583.792
2598.213
2596.949
2612.657
2625.815
2629.537
2626.87
2623.093
2644.426
2657.648
2659.704
2674.093
2617.875
2617.808
2597.237
2652.69
2566.356
2553.134
2556.912
2559.579
2559.065
2559.273
2557.94
2511.245
2468.678
2554.945
2554.275
2559.885
2554.275
2555.595
2578.04
2443.37
2442.05
2445.65
2442.05
2450.05
2465.625
2469.88
2482.745
2474.745
2486.215
2480.605
2467.74
2452.165
2453.1
2395.75
2485.62
2487.042
2482.609
2498.797
2499.375
2443.4
2429.12
2431.16
2434.04
2457.08
2461.16
2438.12
2422.58
2422.805
2477.922
2473.672
2473.438
2470.438
2468.125
2428.313
2410.438
2343.938
2389.771
2486.896
2486.661
2482.411
2466.224
2463.224
2462.646
2521.891
2526.326
2524.109
2499.065
2502.196
2504.609
2506.826
2507.071
2532.114
2518.13
2516.647
2504.179
2487.25
2478.554
2477.538
2472.913
2438.565
2425.712
2441.234
2445.859
2440.87
2436.435
2423.717
2354.75
2339.228
2351.946
2356.38
2409.826
2422.679
2457.027
2471.995
2467.37
2510.739
2544.13
2575.174
2581.272
2517.25
2503.685
2528.728
2389.228
2404.304
2387.946
2411.196
2386.152
2450.174
2463.739
2530.386
2547.489
2515.034
2499.273
2515.636
2514.136
2667.17
2673.17
2669.08
2679.08
2676.761
2650.58
2600.58
2594.205
2596.523
2596.778
2600.051
2600.682
2605.318
2602.795
2599.523
2599.267
2594.631
2620.813
2638.472
2603.563
2578.057
2472.102
2489.83
2472.102
2467.898
2441.716
2424.017
2445.608
2440.972
2461.403
2451.261
2455.466
2448.307
2474.489
2328.648
2335.807
2353.506
2444.386
2458.37
2461.033
2486.076
2519.467
2562.076
2571.777
2598.307
2602.557
2609.776
2626.547
2590.703
2606.953
2616.12
2619.307
2634.182
2632.057
2615.807
2610.932
2565.099
2673.299
2670.799
2675.886
2636.078
2619.891
2619.313
2617.188
2593.188
2588.938
2588.703
2585.703
2576.536
2582.036
2597.036
2602.88
2597.036
2620.417
2480.135
2474.635
2459.635
2453.51
2429.885
2384.052
2367.802
2358.505
2354.13
2364.286
2354.13
2339.786
2290.195
2287.745
2290.195
2296.075
2318.755
2322.955
2331.88
2347.48
2361.25
2330.53
2353.57
2175.82
2157.84
2155.39
2132.35
2125.42
2086.22
2159.745
2196.776
2210.177
2226.177
2233.396
2235.948
2246.156
2260.104
2277.58
2258.58
2350.525
2382.125
2439.475
2501.635
2537.595
2468.264
2464.226
2334.736
2274.966
2240.389
2344.582
2366.163
2489.567
2525.31
2638.71
2635.83
2644.455
2649.135
2712.975
2697.175
2605.23
2476.89
2368.53
2383.89
2368.53
2363.85
2366.73
2456.359
2338.234
2377.56
2346.516
2362.875
2426.897
2440.462
2472.464
2514.026
2555.589
2587.589
2617.339
2585.339
2599.786
2558.224
2571.974
2557.526
2533.526
2533.526
2517.849
2494.469
2488.969
2473.969
2485.313
2509.313
2447.958
2434.958
2412.677
2436.677
2477.51
2484.729
2447.698
2434.297
2431.745
2415.745
2435.536
2411.536
2401.328
2388.473
2367.821
2561.027
2574.342
2588.326
2621.717
2641.261
2633.728
2649.174
2633.728
2652.168
2633.728
2629.359
2633.728
2627.337
2676.071
2684.766
2752.701
2765.168
2771.56
2764.598
2755.902
2742.315
2679.978
2676.065
2679.978
2675.353
2675.353
2679.788
2664.821
2630.473
2617.62
2548.652
2561.37
2520.74
2535.615
2540.047
2527.859
2523.609
2556.526
2568.844
2583.188
2570.427
2611.26
2618.479
2642.479
2645.031
2569.95
2582.815
2559.775
2540.775
2501.575
2494.645
2316.895
2304.03
2273.31
2381.19
2460.519
2443.231
2461.5
2551.154
2556.548
2601.139
2613.832
2575.466
2564.995
2603.361
2613.832
2601.139
2610.327
2719.365
2730.615
2768.308
2783.25
2723.106
2717.912
2674.972
2680.167
2593.833
2622.278
2648.722
2622.278
2608.343
2553.806
2542.25
2423.417
2410.574
2373.63
2492.463
2471.13
2485.065
2496.62
2551.157
2564
2585.333
2622.278
2693.596
2695.731
2708.519
2711.288
2728.577
2728.793
2710.524
2606.793
2619.163
2606.793
2533.315
2606.793
2625.063
2618.399
2596.245
2593.889
2596.245
2618.399
2580.707
2587.37
2625.063
2642.351
2717.325
2748.045
2770.845
2774.925
2779.425
2793.195
2796.255
2780.715
2734.34
2842.427
2858.615
2865.516
2871.359
2864.865
2856.24
2864.865
2880.225
2896.025
2909.16
2920.673
2890.288
2888.241
2769.407
2664.407
2668.741
2568.407
2565.741
2561.407
2547.185
2549.852
2464.718
2523.829
2553.933
2605.138
2568.892
2599.892
2568.892
2549.543
2500.103
2446.517
2391.483
2366.138
2369.759
2371
2397.483
2384.086
2388.922
2394.634
2388.922
2402.319
2397.483
2350.817
2341.742
2308.492
2317.567
2306.567
2317.567
2306.846
2339.513
2358.713
2326.046
2338.012
2347.891
2372.665
2383.04
2367.718
2432.594
2427.18
2409.18
2407.266
2383.266
2388.68
2403.523
2264.656
2323.21
2410.21
2395.71
2398.032
2399.823
2389.097
2386.774
2397.5
2395.71
2395.891
2395.71
2391.185
2403.766
2406.75
2419.31
2424.391
2427.681
2444.931
2452.129
2470.71
2367.21
2354.677
2359.202
2353.859
2348.778
2345.794
2327.214
2402.407
2399.117
2386.536
2379.339
2366.778
2372.121
2367.379
2353.54
2344.105
2321.073
2325.331
2321.073
2334.911
2357.944
2367.379
2372.121
2475.621
2465.556
2475.621
2487.758
2519.935
2538.516
2549.702
2597.202
2578.621
2566.484
2569.774
2546.742
2521.968
2489.79
2478.605
2375.105
2327.605
2278.867
2328.438
2340.578
2335.402
2339.785
2290.215
2279.457
2270.219
2278.48
2253.793
2250.469
2262.813
2324.29
2327.581
2264.082
2230.606
2239.47
2168.833
2159.97
2156.879
2160.102
2170.534
2166.284
2177.102
2159.648
2169.394
2087.667
2222.326
2199.053
2189.773
2184.523
2242.738
2257.582
2242.738
2171.738
2196.512
2206.391
2224.972
2230.56
2198.948
2230.56
2317.56
2299.173
2310.69
2322.302
2328.754
2315.073
2303.613
2300.371
2288.855
2291.323
2346.823
2291.323
2278.339
2282.113
2275.016
2271.242
2258.661
2294.145
2295.79
2308.774
2321.355
2318.887
2310.105
2353.858
2358.396
2314.496
2325.141
2314.496
2319.02
2282.781
2319.02
2306.488
2301.964
2377.157
2358.77
2362.06
2380.448
2384.149
2373.044
2369.415
2373.044
2369.754
2370.577
2368.109
2368.29
2370.613
2372.403
2459.403
2448.677
2446.355
2359.355
2359.173
2357.383
2368.109
2369.899
2385.222
2390.81
2375.488
2407.101
2416.16
2434.16
2443.73
2413.105
2437.105
2427.535
2417.484
2278.617
2254.617
2170.336
2152.336
2221.773
2231.519
2226.269
2222.019
2255.227
2182.383
2097.727
2085.727
2082.07
2084.32
2082.07
2075.332
2050.827
2054.601
2044.008
2031.266
2043.653
2050.609
2063.351
2087.465
2159.297
2191.091
2159.297
2175.955
2249.508
2266.962
2294.654
2305.721
2335.059
2378.368
2399.368
2352.757
2349.843
2258.171
2249.257
2207.186
2249.515
2238.449
2209.11
2258.598
2248.091
2257.545
2230.303
2257.545
2254.364
2301.455
2258.008
2155.985
2107.621
2060.53
2082.803
2131.167
2148.17
2191.617
2197.754
2205.14
2211.89
2250.445
2256.754
2223.704
2214.954
2193.011
2179.439
2207.939
2130.882
2140.718
2112.718
2107.768
2091.311
2143.36
2073.652
2069.527
2039.299
2047.549
2077.777
2087.777
2142.707
2159.867
2162.958
2109.842
2111.474
2082.575
2093.675
2095.732
2095.893
2112.35
2035.293
2025.793
2025.846
2025.686
1978.653
2053.569
2055.569
2053.569
2052.028
1998.068
2023.014
2021.472
2018.639
2018.483
2007.691
2023.691
2007.691
2009.233
1984.659
1995.159
1985.51
1983.564
1986.321
1986.473
1988.419
1945.487
1948.566
1963.566
1994.076
2019.22
2026.918
2029.602
2020.207
2017.408
2009.628
1999.234
2007.013
2048.757
2069.546
2078.605
2081.405
2090.799
2083.102
2074.043
2067.086
2064.401
2090.466
2100.115
2115.682
2178.682
2178.834
2150.444
2151.905
2200.416
2184.848
2186.794
2176.294
2174.348
2174.196
2176.953
2174.196
2172.696
2169.595
2166.838
2151.432
2153.5
2156.257
2171.662
2174.703
2174.014
2170.973
2180.277
2256.899
2263.355
2289.841
2213.22
2186.733
2180.277
2188.182
2180.277
2199.574
2220.331
2210.682
2226.25
2199.291
2239.049
2219.215
2227.882
2236.063
2262.345
2246.777
2312.378
2317.77
2327.419
2337.588
2353.155
2290.155
2353.155
2382.885
2355.926
2348.568
2348.416
2339.497
2336.74
2296.943
2294.997
2229.395
2220.963
2210.794
2209.294
2211.24
2211.392
2214.149
2215.649
2188.069
2172.069
2141.514
2150.91
2122.507
2133.007
2060.115
2062.061
2060.115
2059.963
2057.206
2058.706
2074.274
2074.426
2072.48
2128.507
2130.507
2121.271
2130.507
2130.663
2133.497
2123.58
2107.58
2106.038
2105.986
2180.903
2150.347
2085.597
2087.014
2087.399
2098.215
2125.438
2168.84
2179.674
2179.83
2210.142
2215.767
2255.594
2241.132
2262.483
2175.767
2252.389
2264.405
2189.799
2215.92
2156.981
2151.452
2136.78
2142.454
2132.349
2130.454
2120.059
2116.98
2177.47
2187.576
2190.655
2192.549
2211.891
2211.526
2210.184
2225.342
2222.658
2232.053
2230.158
2219.934
2250.203
2279.932
2264.365
2327.365
2327.74
2329.686
2329.838
2332.595
2332.443
2329.943
2315.49
2312.733
2308.476
2297.953
2282.385
2271.845
2265.814
2263.057
2262.905
2265.662
2256.014
2240.446
2240.071
2255.639
2257.139
2258.517
2268.976
2205.976
2207.922
2218.422
2188.99
2189.138
2117.849
2115.954
2087.007
2049.276
2029.934
1987.934
1947.039
1923.382
1908.615
1917.674
1943.924
1917.674
1908.615
1906.72
1904.036
1903.888
1904.036
1888.878
1887.418
1896.813
1898.707
1913.865
1975.207
1976.668
1979.352
2008.299
2006.957
2031.47
2020.97
2035.422
2050.99
1985.389
1994.76
2015.517
1999.949
2008.382
2027.679
1940.963
1933.003
1924.571
1914.402
1919.794
1929.963
1910.666
1889.909
1897.868
1892.476
1890.53
1881.544
1880.044
1879.892
1807
1801.595
1799.162
1808.892
1804.919
1774.625
1732.395
1762.689
1768.095
1772.068
1814.297
1853.047
1845.297
1829.73
1892.73
1894.676
1894.828
1896.328
1866.598
1882.166
1819.166
1817.666
1815.72
1817.098
1807.449
1788.832
1786.148
1788.832
1788.684
1779.211
1773.947
1783.342
1792.816
1783.421
1788.684
1797.586
1798.375
1807.434
1809.447
1812.408
1810.395
1795.395
1786.336
1783.375
1786.059
1801.059
1798.375
1790.595
1781.201
1778.401
1769.342
1766.658
1724.914
1717.217
1696.428
1693.743
1691.849
1630.507
1629.046
1628.898
1643.193
1627.625
1626.247
1629.557
1676.997
1661.813
1616.536
1619.615
1616.536
1618.549
1617.207
1626.602
1671.878
1661.615
1659.602
1649.01
1620.063
1630.326
1640.918
1651.181
1660.24
1666.655
1672.526
1701.474
1692.414
1677.493
1671.622
1667.753
1664.99
1658.576
1629.628
1704.234
1705.845
1695.582
1698.345
1702.214
1700.602
1746.793
1750.016
1746.793
1700.602
1710.865
1730.207
1730.355
1740.602
1755.799
1765.372
1769.063
1774.326
1784.227
1786.661
1760.872
1732.155
1740.22
1697.99
1692.517
1691.74
1680.906
1697.219
1686.403
1686.247
1687.172
1692.645
1734.875
1773.625
1775.125
1822.564
1777.826
1774.602
1728.411
1731.49
1733.385
1817.819
1743.214
1748.888
1823.493
1883.984
1873.878
1895.292
1892.292
1890.446
1820.984
1784.47
1723.98
1703.191
1713.296
1707.622
1718.016
1737.359
1733.668
1728.405
1729.865
1727.431
1725.97
1729.661
1710.319
1712.753
1702.852
1718.306
1708.122
1718.306
1723.569
1733.47
1718.016
1708.891
1698.99
1691.24
1672.451
1652.24
1646.99
1631.832
1617.76
1609.549
1563.359
1573.622
1619.813
1660.28
1663.591
1666.902
1619.463
1616.152
1663.591
1647.72
1643.929
1647.72
1648.345
1648.72
1654.01
1651.51
1661.679
1667.084
1647.22
1637.051
1613.313
1611.852
1606.589
1632.839
1641.898
1632.839
1606.589
1560.398
1606.589
1609.813
1606.589
1622.043
1623.503
1647.517
1651.307
1653.807
1653.432
1648.142
1647.517
1642.111
1638.321
1658.186
1663.591
1653.422
1663.591
1665.659
1650.253
1665.659
1662.618
1653.314
1651.247
1654.003
1657.044
1666.348
1663.591
1670.368
1672.024
1624.584
1621.274
1623.807
1629.213
1632.051
1592.326
1566.661
1562.97
1563.336
1553.434
1551.974
1552.589
1550.155
1543.556
1541.944
1522.602
1517.339
1517.947
1502.493
1509.092
1518.993
1547.941
1609.283
1610.743
1612.638
1612.786
1615.47
1630.628
1640.023
1565.418
1599.821
1593.365
1566.878
1596.372
1585.831
1596.355
1622.841
1661.591
1703.821
1709.294
1709.446
1709.737
1709.737
1672.007
1662.434
1636.645
1626.398
1621.069
1575.793
1575.645
1585.908
1597.306
1643.497
1684.605
1677.828
1681.139
1678.301
1694.172
1714.037
1719.443
1723.233
1724.733
1727.233
1737.402
1737.027
1736.402
1730.997
1720.828
1752.316
1751.667
1752.052
1754.052
1754.208
1765
1766.417
1763.583
1763.427
1698.677
1668.122
1652.122
1650.58
1653.413
1651.413
1641.497
1626.861
1642.429
1594.99
1591.679
1553.016
1559.615
1549.431
1561.578
1551.078
1550.703
1548.757
1548.605
1545.848
1548.605
1611.605
1641.334
1656.902
1655.524
1698.395
1708.044
1737.774
1749.236
1749.389
1751.334
1735.767
1745.416
1746.916
1757.084
1762.49
1778.361
1779.861
1799.726
1795.936
1790.53
1774.659
1772.159
1774.659
1773.159
1762.99
1766.78
1746.916
1792.038
1785.073
1779.083
1768.417
1693.167
1614.417
1603.444
1514.319
1511.069
1447.219
1445.219
1380.469
1396.469
1394.927
1392.927
1383.01
1385.844
1383.01
1385.01
1386.552
1451.302
1481.858
1481.701
1465.701
1475.618
1445.063
1445.219
1439.663
1437.094
1435.552
1425.101
1404.684
1400.788
1384.476
1374.559
1405.115
1415.031
1416.573
1416.417
1414.417
1412.875
1428.875
1364.125
1333.569
1317.569
1320.403
1320.559
1317.726
1328.517
1330.517
1320.955
1317.83
1314.997
1299.163
1301.288
1310.851
1313.684
1321.601
1319.476
1322.601
1314.476
1334.309
1338.392
1334.726
1330.642
1338.767
1342.434
1354.351
1342.434
1322.601
1313.038
1285.33
1313.038
1322.601
1322.757
1320.757
1310.84
1300.049
1302.882
1301.34
1285.34
1286.882
1351.632
1382.188
1398.188
1398.031
1407.948
1377.392
1374.559
1376.559
1382.101
1405.997
1415.559
1423.524
1428.125
1431.375
1436.931
1436.014
1446.014
1440.458
1430.542
1420.542
1355.792
1345.875
1347.875
1331.875
1334.708
1333.167
1302.611
1302.455
1307.788
1318.58
1316.58
1316.965
1318.382
1344.924
1338.304
1353.709
1327.885
1359.22
1359.372
1362.534
1359.777
1344.372
1313.037
1309.875
1283.389
1272.848
1226.348
1220.875
1220.723
1210.199
1180.706
1141.956
1099.726
1098.753
1114.321
1123.97
1122.591
1185.591
1187.091
1189.037
1189.189
1191.946
1186.757
1157.027
1146.527
1146.152
1143.395
1141.449
1173
1171.027
1173.784
1173.936
1183.584
1173.936
1175.436
1172.679
1172.527
1170.581
1169.081
1106.081
1106.25
1090.25
1106.25
1106.081
1169.081
1171.027
1161.378
1131.649
1134.811
1131.649
1121.108
1131.649
1129.581
1128.803
1130.816
1141.408
1142.75
1157.564
1157.564
1113.449
1053.679
1052.461
1054.895
1054.747
1085.257
1156.23
1166.477
1250.51
1247.269
1251.6
1265.85
1256.925
1254.375
1239.975
1287.988
1286.634
1284.878
1344.439
1352.284
1355.704
1356.268
1362.153
1314.811
1285.083
1215.929
1213.558
1228.173
1225.491
1215.756
1132.987
1128.545
1113.929
1118.372
1122.619
1161.978
1171.713
1251.518
1298.113
1296.292
1288.095
1285.667
1278.881
1276.202
1279.542
1282.074
1287.762
1295.42
1329.557
1338.827
1343.589
1351.506
1306.213
1302.174
1311.671
1245.89
1324.146
1328.186
1360.777
1374.348
1445.73
1438.347
1442.284
1429.33
1431.432
1427.494
1402.02
1331.282
1330.744
1321.689
1324.759
1354.078
1428.695
1437.765
1445.77
1468.968
1445.77
1437.765
1419.904
1383.015
1380.541
1374.985
1348.919
1345.657
1354.712
1350.061
1353.323
1376.274
1374.872
1367.027
1369.622
1374.5
1336.39
1301.421
1292.64
1287.762
1284.177
1319.146
1326.991
1332.817
1406.887
1393.315
1469.708
1473.652
1502.102
1511.157
1513.308
1487.241
1483.212
1516.324
1507.054
1478.03
1473.991
1477.896
1491.799
1413.543
1337.788
1342.119
1338.613
1342.119
1347.119
1349.778
1355.75
1363.791
1399.634
1409.369
1404.369
1401.709
1395.738
1387.697
1351.853
1342.119
1340.731
1359.931
1345.681
1350.013
1269.8
1298.784
1332.887
1342.384
1356.287
1350.682
1422.613
1463.202
1459.264
1455.5
1394.205
1385.355
1415.422
1343.318
1345.521
1341.708
1351.923
1407.423
1409.137
1378.703
1372.369
1375.71
1376.972
1384.063
1391.023
1413.693
1419.122
1415.935
1407.085
1374.5
1367.19
1371.736
1374.923
1369.494
1376.804
1374.386
1369.841
1402.426
1404.844
1413.693
1474.989
1466.139
1470.077
1466.139
1491.614
1557.217
1559.272
1567.925
1590.756
1588.7
1600.583
1575.675
1538.565
1512.216
1450.92
1381.32
1368.064
1381.32
1399.18
1417.552
1420.026
1427.506
1436.561
1431.91
1428.648
1419.593
1452.936
1457.587
1460.849
1466.404
1463.93
1430.587
1423.108
1417.552
1408.497
1404.468
1479.084
1465.828
1463.677
1392.723
1420.327
1526.131
1535.402
1471.188
1443.583
1430.851
1444.423
1448.548
1421.86
1425.673
1455.238
1457.39
1467.253
1458.951
1495.84
1470.259
1460.395
1468.698
1431.808
1424.267
1421.08
1418.662
1424.091
1419.545
1412.236
1444.821
1412.236
1406.807
1415.656
1422.966
1426.153
1430.699
1421.849
1424.267
1397.918
1296.923
1288.074
1255.308
1253.157
1239.901
1165.285
1161.256
1157.532
1148.477
1151.738
1144.259
1141.785
1137.134
1141.785
1150.84
1184.183
1191.663
1197.218
1199.692
1194.137
1190.875
1157.532
1149.526
1126.328
1118.026
1126.398
1134.701
1126.328
1130.98
1126.328
1092.985
1085.506
1076.451
1070.895
1067.634
1062.983
1060.509
1153.875
1159.43
1165.578
1173.253
1176.73
1185.102
1194.172
1260.102
1268.108
1285.201
1290.39
1315.971
1317.395
1312.206
1309.765
1301.759
1300.334
1234.404
1208.823
1208.823
1203.154
1208.823
1212.241
1208.823
1208.125
1194.73
1192.113
1183.044
1177.375
1169.895
1160.826
1158.105
1156.326
1116.314
1090.733
1081.372
1080.186
1071.116
1077.448
1085.453
1088.174
1083.535
1080.814
1076.962
1116.974
1150.317
1154.169
1177.366
1170.698
1150.692
1142.686
1140.349
1140.672
1139.381
1139.77
1144.887
1146.311
1149.032
1156.288
1190.532
1196.087
1202.962
1237.19
1233.849
1235.486
1240.02
1217.349
1238.538
1212.956
1211.282
1214.701
1223.735
1169.526
1162.27
1164.744
1164.047
1150.791
1123.828
1121.108
1134.363
1156.584
1183.547
1161.326
1164.047
1187.244
1192.799
1267.416
1320.838
1326.406
1334.23
1336.787
1339.974
1368.628
1423.793
1431.616
1453.889
1489.401
1513.537
1518.139
1521.463
1531.307
1553.023
1556.96
1548.125
1554.931
1551.608
1543.608
1536.275
1570.808
1472.058
1466.75
1493.495
1500.668
1535.152
1529.405
1626.008
1631.201
1646.853
1657.582
1660.832
1665.717
1673.543
1676.087
1696.859
1700.625
1696.223
1705.639
1702.459
1727.663
1730.842
1743.542
1748.042
1744.192
1734.567
1713.333
1705.817
1707.05
1690.717
1714.317
1704.692
1714.117
1706.6
1685.367
1659.603
1656.353
1651.853
1677.617
1698.85
1702.7
1698.85
1689.225
1698.85
1703.35
1706.6
1700.1
1700.1
1709.633
1725.5
1728.767
1731.7
1722.167
1706.3
1703.033
1709.533
1733.978
1743.403
1708.153
1700.219
1713.861
1749.912
1758.026
1748.386
1777.04
1786.884
1783.56
1757.21
1753.273
1731.557
1726.955
1717.111
1721.713
1743.429
1746.753
1750.69
1737.55
1729.617
1721.617
1717.172
1656.972
1658.206
1657.897
1664.831
1667.064
1718.864
1715.597
1709.028
1711.628
1704.694
1703.094
1694.461
1681.538
1688.196
1692.533
1688.196
1720.207
1715.014
1716.579
1716.215
1714.883
1718.079
1715.535
1710.753
1715.946
1722.372
1730.785
1739.198
1707.188
1741.883
1751.209
1771.981
1762.565
1766.166
1761.764
1782.535
1786.302
1790.704
1800.12
1814.358
1811.108
1814.358
1793.125
1789.275
1796.925
1793.808
1770.208
1716.269
1694.492
1659.769
1713.708
1748.431
1751.547
1773.325
1796.925
1789.275
1810.508
1813.758
1817.439
1813.589
1823.214
1827.714
1806.481
1802.8
1798.3
1802.15
1798.9
1789.275
1796.925
1791.931
1780.964
1746.431
1749.031
1769.008
1828.942
1844.942
1785.008
1769.008
1766.408
1800.942
1811.908
1809.825
1805.975
1802.294
1839.932
1835.33
1857.045
1847.202
1851.804
1855.741
1882.091
1885.415
1895.259
1873.543
1837.27
1815.554
1837.27
1827.52
1837.27
1873.543
1882.69
1900.145
1882.69
1892.534
1866.185
1862.861
1867.463
1870.787
1897.136
1901.074
1922.79
1918.188
1914.25
1904.406
1882.69
1877.628
1872.753
1867.213
1787.151
1782.548
1757.548
1759.866
1776.094
1776.912
1781.813
1785
1813.653
1818.653
1821.313
1838.767
1847.915
1848.733
1856.807
1865.358
1862.034
1858.097
1836.381
1826.537
1821.935
1795.585
1788.085
1824.136
1820.739
1815.17
1822.994
1830.494
1833.051
1838.619
1920.847
1949.461
1954.769
2053.519
2061.519
2039.353
2042.675
2034.675
2029.367
1994.117
2016.283
2008.633
2006.133
2046.298
1973.378
1935.131
1831.788
1837.343
1911.959
1902.89
1899.82
1929.14
1938.209
1941.279
1911.959
1837.343
1847.32
1884.436
1862.215
1852.238
1815.122
1837.343
1839.436
1844.32
1821.529
1846.227
1849.488
1905.936
1942.273
1905.936
1928.727
1872.279
1869.017
1844.32
1836.314
1844.32
1877.663
1882.965
1916.688
1924.761
1926.023
1935.17
1931.406
1928.747
1896.162
1888.338
1849.236
1826.565
1806.134
1867.429
1883.793
1822.497
1842.929
1807.611
1818.827
1802.463
1837.781
1835.122
1823.906
1826.565
1879.543
1881.179
1883.497
1908.497
1916.611
1917.872
1918
1931.091
1929.83
1931.466
1932.241
1923.446
1916.727
1911.298
1913.957
1922.753
1975.73
1982.449
1984.733
1991.426
1957.96
1959.222
1966.313
1988.983
1982.023
1977.489
1975.205
1971.864
1969.205
1989.419
1987.744
1933.535
1959.116
1966.238
1969.657
1962.401
1925.285
1903.064
1893.087
1838.878
1836.506
1836.375
1810.794
1797.398
1789.096
1791.468
1790.177
1788.503
1842.712
1825.832
1838.923
1847.037
1848.673
1849.935
1850.063
1857.619
1858.301
1860.432
1861.591
1914.568
1922.682
1922.81
1925.128
1917.014
1936.015
1881.805
1880.515
1878.84
1892.235
1889.863
1876.468
1878.142
1879.433
1861.719
1861.591
1844.136
1834.989
1832.33
1823.778
1852.432
1877.432
1880.091
1897.545
1906.693
1915.244
1912.057
1907.057
1910.244
1881.591
1881.463
1828.486
1845.427
1847.799
1874.762
1877.235
1874.863
1876.049
1862.654
1862.785
1854.483
1853.192
1854.866
1856.157
1861.273
1859.599
1868.634
1882.029
1873.767
1864.407
1786.11
1752.767
1747.465
1756.826
1755.535
1788.878
1790.169
1827.285
1905.581
1913.843
1912.657
1899.262
1894.145
1885.11
1883.82
1882.145
1882.276
1884.648
1882.276
1883.951
1885.241
1894.276
1876.224
1889.315
1889.188
1890.347
1906.574
1901.673
1902.491
1910.565
1908.247
1892.02
1883.946
1886.264
1885.446
1890.347
1888.71
1888.582
1886.264
1877.435
1864.344
1882.119
1936.328
1941.445
1935.003
1935.134
1933.843
1932.657
1946.052
1948.424
1950.099
1951.285
1925.703
1962.593
1963.779
1955.477
1936.034
1945.673
1909.622
1899.983
1932.568
1927.139
1910.776
1849.48
1813.429
1810.77
1807.372
1799.872
1791.69
1756.372
1745.156
1644.162
1623.73
1625.366
1623.048
1622.92
1621.284
1620.125
1618.864
1621.182
1608.091
1555.114
1563.227
1576.318
1565.733
1617.533
1618.767
1613.878
1614.003
1590.403
1582.753
1528.814
1494.092
1472.314
1469.197
1472.314
1495.914
1549.853
1571.631
1606.353
1614.003
1619.447
1626.381
1646.358
1654.292
1628.528
1607.294
1604.694
1592.028
1603.21
1619.915
1644.915
1639.375
1634.304
1626.48
1609.776
1617.599
1616.207
1551.776
1557.315
1548.452
1545.111
1548.452
1557.315
1562.386
1626.818
1633.778
1635.415
1635.415
1637.733
1629.619
1616.528
1628.541
1629.831
1655.413
1709.622
1709.491
1709.622
1707.948
1716.25
1662.041
1663.715
1677.11
1675.82
1673.448
1706.791
1743.907
1710.564
1709.273
1701.012
1622.715
1585.599
1585.922
1595.282
1608.331
1598.971
1607.233
1589.372
1591.047
1589.756
1598.058
1597.927
1611.323
1599.702
1652.679
1652.994
1650.676
1650.804
1642.69
1629.599
1604.599
1606.918
1605.281
1552.304
1598.208
1603.653
1606.153
1525.753
1520.444
1449.144
1456.794
1451.35
1448.85
1441.2
1463.367
1468.675
1446.508
1509.142
1506.875
1498.942
1486.142
1494.918
1441.94
1440.304
1440.176
1439.861
1468.064
1500.653
1493.96
1496.619
1503.338
1503.719
1505.355
1510.784
1563.761
1557.043
1564.134
1565.395
1598.861
1596.202
1624.323
1617.201
1591.619
1595.038
1596.462
1594.125
1592.834
1589.416
1587.741
1533.532
1523.679
1528.213
1505.543
1498.452
1496.034
1504.585
1533.239
1542.386
1539.727
1542.386
1532.556
1529.439
1546.506
1522.061
1504.994
1476.978
1468.617
1471.733
1462.789
1469.161
1460.217
1424.75
1466.967
1454.769
1454.467
1463.217
1463.519
1498.215
1490.492
1498.215
1467.046
1486.59
1479.807
1474.481
1454.938
1460.264
1467.046
1474.807
1467.046
1501.014
1522.318
1547.522
1547.522
1541.603
1544.652
1521.565
1518.516
1511.033
1477.065
1455.761
1402.995
1455.761
1463.245
1486.332
1520.299
1525.492
1546.796
1608.427
1614.785
1610.098
1602.375
1586.853
1594.576
1593.793
1598.481
1599.264
1614.785
1617.003
1599.829
1597.611
1606.361
1637.53
1628.78
1621.057
1547.867
1546.797
1540.425
1541.658
1549.553
1624.369
1659.836
1659.528
1651.594
1656.589
1663.522
1656.589
1636.611
1637.744
1643.189
1637.744
1640.861
1657.928
1660.528
1648.342
1657.092
1684.5
1676.321
1673.777
1686.528
1658.511
1655.394
1663.756
1646.689
1637.744
1653.611
1637.744
1634.478
1624.944
1618.444
1624.944
1627.878
1637.411
1634.478
1637.744
1654.811
1637.744
1644.314
1649.622
1652.222
1619.5
1643.185
1637.992
1670.003
1669.639
1666.443
1615.769
1620.552
1627.209
1642.236
1609.434
1612.561
1613.742
1620.38
1621.912
1630.178
1623.888
1622.585
1615.947
1558.309
1555.819
1554.638
1564.522
1560.185
1558.62
1550.897
1477.707
1443.011
1411.842
1403.092
1437.788
1446.538
1454.261
1485.429
1484.223
1485.429
1497.628
1490.144
1511.829
1490.144
1484.951
1492.435
1494.88
1500.207
1578.859
1584.052
1653.802
1610.153
1604.708
1602.208
1530.908
1527.792
1562.514
1570.164
1546.564
1600.503
1546.564
1524.786
1490.064
1482.414
1482.933
1504.711
1495.087
1486.674
1491.457
1482.236
1490.731
1489.597
1454.347
1463.772
1469.647
1477.581
1479.814
1489.239
1497.133
1505.067
1500.072
1507.006
1526.983
1532.428
1531.294
1559.006
1553.438
1545.614
1546.145
1548.19
1588.603
1591.536
1623.397
1698.214
1733.681
1741.575
1750.519
1715.053
1702.583
1694.689
1693.456
1684.511
1685.744
1653.883
1638.017
1630.122
1627.856
1627.056
1631.847
1632.647
1648.514
1643.722
1651.617
1653.883
1752.633
1769.7
1741.683
1733.322
1724.378
1707.311
1704.711
1680.267
1688.628
1691.744
1719.761
1724.65
1727.25
1736.194
1733.078
1733.078
1730.144
1702.128
1630.828
1624.022
1632.022
1635.139
1632.206
1557.389
1555.389
1554.869
1557.803
1570.272
1596.036
1598.369
1620.147
1622.208
1625.475
1663.708
1640.307
1674.791
1682.274
1659.188
1639.644
1631.883
1625.101
1630.427
1614.864
1621.503
1629.098
1623.886
1590.641
1582.077
1589.274
1580.25
1583.234
1634.878
1627.553
1606.702
1555.059
1532.463
1539.787
1573.032
1593.883
1593.386
1615.981
1607.418
1599.859
1565.902
1564.721
1534.215
1462.582
1491.174
1511.591
1516.568
1510.474
1505.497
1485.081
1491.174
1432.112
1502.253
1499.331
1502.081
1499.331
1491.831
1494.753
1502.253
1490.563
1484.404
1477.904
1472.927
1442.25
1498.688
1496.25
1498.688
1498.688
1442.25
1421.469
1452.146
1449.083
1447.927
1443.344
1435.25
1433.75
1439.909
1437.815
1442.792
1445.135
1447.26
1459.135
1466.307
1467.901
1466.026
1486.443
1501.755
1504.818
1506.75
1482.596
1494.831
1492.898
1489.836
1487.648
1467.232
1431.388
1455.542
1443.307
1410.26
1446.104
1479.151
1452.885
1451.729
1457.401
1431.135
1438.635
1441.385
1438.464
1430.964
1360.823
1358.073
1360.995
1431.135
1439.971
1437.878
1430.477
1432.57
1439.971
1431.135
1364.292
1359.315
1354.211
1278.836
1271.664
1269.32
1248.539
1271.456
1297.721
1300.643
1309.029
1311.466
1309.029
1325.029
1322.107
1295.841
1291.258
1275.258
1266.872
1259.034
1266.872
1262.497
1313.065
1316.128
1323.628
1332.565
1331.94
1330.878
1323.951
1321.997
1328.924
1336.362
1338.315
1338.94
1346.378
1365.107
1370.211
1376.711
1370.211
1351.482
1372.641
1367.428
1295.795
1303.455
1300.646
1303.455
1295.795
1292.811
1295.795
1367.428
1374.987
1377.157
1392.348
1393.114
1397.702
1395.532
1387.973
1387.207
1372.016
1367.428
1354.934
1349.905
1351.921
1355.117
1319.329
1281.927
1279.91
1254.707
1258.307
1255.111
1233.807
1217.829
1252.313
1254.595
1275.899
1280.155
1287.916
1288.038
1289.603
1291.821
1315.734
1324.179
1324.481
1337.003
1336.22
1370.188
1393.274
1446.041
1467.345
1470.394
1462.91
1439.823
1387.057
1394.541
1373.236
1400.636
1365.914
1364.314
1351.514
1327.069
1324.803
1324.678
1316.044
1367.844
1367.536
1369.136
1393.581
1401.514
1402.747
1405.014
1405.139
1417.939
1410.006
1393.672
1401.322
1406.739
1469.739
1445.294
1436.628
1431.669
1424.019
1432.686
1369.686
1364.269
1388.714
1393.672
1410.006
1413.272
1420.078
1416.811
1410.006
1412.272
1414.772
1402.106
1400.406
1408.056
1409.756
1422.422
1419.922
1412.272
1410.006
1418.006
1418.006
1410.006
1406.889
1409.822
1484.639
1481.706
1484.822
1536.622
1561.067
1569
1544.556
1546.822
1548.056
1545.789
1547.389
1547.264
1560.064
1508.264
1506.664
1505.431
1492.631
1492.756
1484.822
1472.022
1420.222
1395.778
1393.511
1391.911
1391.786
1394.053
1401.986
1414.786
1439.231
1491.031
1492.264
1493.864
1493.989
1492.756
1483.331
1507.775
1515.708
1550.958
1546.069
1540.194
1532.261
1524.328
1533.753
1541.403
1567.167
1563.486
1566.753
1568.814
1566.481
1544.703
1541.436
1537.086
1498.853
1517.969
1515.908
1480.658
1515.908
1528.958
1550.736
1553.069
1556.003
1548.003
1551.119
1476.303
1473.369
1470.253
1478.253
1553.069
1573.047
1578.492
1570.558
1550.581
1545.136
1538.203
1545.136
1553.069
1555.336
1590.058
1587.792
1579.858
1567.058
1567.183
1599.906
1600.214
1608.847
1597.785
1591.359
1591.236
1589.671
1588.465
1537.791
1513.878
1526.399
1531.592
1532.701
1530.158
1536.584
1544.997
1546.563
1514.552
1509.359
1450.467
1453.011
1445.185
1392.418
1400.245
1453.011
1449.815
1453.011
1458.929
1480.614
1487.788
1496.406
1487.772
1487.464
1474.664
1473.531
1481.464
1494.264
1491.997
1543.797
1543.672
1542.072
1543.672
1543.797
1546.064
1512.575
1517.464
1489.447
1497.808
1507.147
1507.667
1504.55
1480.106
1481.383
1465.875
1489.788
1492.332
1475.636
1467.457
1464.913
1456.163
1453.114
1456.163
1496.814
1504.473
1507.282
1499.622
1427.989
1425.181
1420.5
1420.62
1422.152
1420.971
1428.566
1429.747
1428.215
1477.811
1490.066
1513.471
1501.215
1493.62
1493.5
1491.33
1441.734
1443.904
1450.979
1472.202
1473.649
1476.83
1467.806
1465.668
1458.109
1462.577
1450.322
1457.918
1470.173
1470.053
1493.457
1543.053
1544.234
1545.766
1543.596
1543.715
1545.886
1544.354
1543.173
1493.577
1485.981
1462.577
1499.184
1523.851
1505.548
1493.053
1459.303
1457.069
1432.402
1434.375
1437.503
1449.997
1483.747
1504.598
1520.237
1499.386
1497.412
1494.285
1501.609
1499.981
1502.152
1514.279
1516.673
1509.348
1506.955
1494.827
1496.455
1494.285
1491.301
1468.705
1417.061
1396.21
1362.965
1355.641
1350.559
1344.335
1311.929
1290.625
1298.451
1306.212
1310.56
1323.082
1373.755
1365.995
1353.473
1329.56
1278.886
1277.679
1276.114
1278.332
1278.454
1280.019
1279.897
1277.679
1285.44
1309.353
1310.56
1307.69
1304.641
1296.815
1250.817
1234.95
1228.9
1224.108
1223.308
1221.042
1228.936
1233.728
1234.528
1199.806
1202.072
1194.178
1201.511
1223.678
1229.728
1222.394
1238.261
1216.094
1223.028
1217.583
1197.606
1189.672
1197.606
1203.05
1196.117
1216.094
1214.494
1212.228
1199.428
1147.628
1146.394
1164.335
1139.335
1139.207
1141.991
1139.574
1141.119
1163.79
1141.119
1133.563
1136.96
1135.415
1132.017
1139.574
1142.915
1151.097
1206.261
1198.08
1194.739
1139.574
1136.233
1100.182
1109.031
1095.685
1056.582
1039.878
1013.528
1011.42
1044.006
1051.315
1056.744
1059.162
1062.349
1066.895
1044.622
1026.974
1036.724
1043.372
1046.713
1062.94
1059.94
1050.19
1046.849
1030.622
1033.622
1026.974
1127.969
1128.349
1128.477
1136.034
1137.295
1138.932
1200.227
1209.077
1241.662
1236.233
1233.045
1228.5
1221.19
1228.5
1195.915
1198.332
1201.52
1206.065
1197.216
1194.798
1200.227
1192.727
1170.057
1163.869
1186.54
1194.04
1200.227
1190.676
1188.017
1186.71
1161.71
1153.159
1135.705
1135.173
1160.173
1169.321
1186.776
1189.435
1192.622
1221.276
1229.827
1222.27
1229.827
1252.497
1250.952
1247.554
1250.952
1252.497
1229.827
1263.293
1260.634
1322.202
1313.406
1307.977
1274.511
1281.23
1286.659
1279.94
1297.395
1300.054
1313.009
1320.832
1322.571
1325.128
1319.699
1317.96
1309.111
1301.287
1298.969
1266.384
1259.074
1256.517
1258.835
1262.023
1259.605
1246.651
1243.463
1245.881
1241.335
1250.185
1282.77
1290.08
1295.509
1300.054
1305.622
1313.736
1334.168
1327.077
1334.168
1334.168
1328.599
1302.25
1294.136
1288.707
1256.122
1261.551
1252.702
1250.284
1242.974
1247.52
1249.938
1257.247
1263.764
1272.614
1268.068
1264.881
1265.412
1274.139
1287.844
1288.526
1289.787
1297.097
1297.622
1302.395
1337.906
1342.509
1351.358
1360.222
1360.349
1382.622
1415.207
1440.009
1475.52
1514.622
1519.224
1519.097
1517.835
1510.278
1448.983
1447.347
1447.474
1455.031
1516.327
1517.963
1519.224
1496.554
1488.997
1492.395
1493.94
1492.395
1488.997
1490.077
1494.611
1492.974
1486.787
1479.287
1485.474
1462.804
1485.474
1452.889
1460.415
1465.486
1472.986
1480.295
1512.881
1517.426
1520.614
1523.031
1528.46
1537.31
1532.764
1530.347
1530.347
1523.037
1516.52
1507.67
1507.139
1523.366
1525.028
1521.688
1513.506
1516.847
1572.011
1516.847
1525.028
1469.528
1462.219
1459.031
1451.722
1457.151
1451.722
1454.909
1446.06
1450.605
1453.023
1460.332
1492.918
1490.5
1487.313
1496.162
1491.616
1459.031
1450.957
1448.639
1456.713
1472.94
1477.841
1478.659
1480.977
1480.159
1475.259
1459.031
1450.918
1425.918
1416.278
1380.227
1381.489
1372.639
1405.224
1372.639
1365.33
1359.901
1357.483
1352.938
1361.787
1369.097
1371.514
1376.943
1381.489
1384.676
1381.489
1384.886
1386.432
1383.034
1390.591
1413.261
1412.182
1407.648
1406.102
1400.534
1380.102
1371.989
1364.898
1303.602
1304.864
1297.307
1295.67
1303.227
1364.523
1366.159
1364.898
1364.77
1364.898
1338.548
1339.23
1316.56
1339.23
1341.548
1354.503
1348.315
1340.815
1332.991
1340.815
1342.554
1329.599
1327.281
1325.543
1331.73
1339.23
1336.673
1339.23
1310.577
1313.236
1310.048
1318.599
1309.452
1318.599
1321.787
1304.332
1321.787
1313.236
1310.577
1305.897
1333.914
1309.469
1300.817
1296.372
1289.225
1283.917
1281.553
1278.436
1246.575
1317.875
1310.358
1305.858
1271.136
1271.011
1246.761
1224.983
1246.761
1238.108
1262.358
1253.692
1221.831
1228.203
1236.856
1236.981
1243.925
1252.592
1262.764
1225.361
1229.764
1237.59
1245.351
1237.59
1229.764
1234.111
1229.764
1228.285
1249.97
1251.448
1258.677
1251.448
1248.198
1226.514
1229.764
1223.337
1191.326
1132.435
1134.978
1132.435
1164.446
1169.639
1176.421
1235.313
1230.12
1236.546
1244.372
1247.568
1244.372
1236.546
1183.78
1236.546
1238.111
1236.905
1295.535
1295.413
1302.641
1302.764
1301.198
1242.568
1235.34
1236.546
1229.372
1207.688
1201.769
1220.825
1271.906
1273.086
1285.886
1291.458
1287.75
1295.234
1293.755
1300.984
1302.462
1299.212
1302.462
1295.234
1273.549
1295.234
1296.897
1295.234
1302.717
1300.272
1287.88
1290.098
1302.489
1300.272
1292.788
1295.234
1318.321
1319.103
1325.886
1335.106
1343.856
1393.826
1406.592
1419.359
1420.837
1420.959
1419.753
1412.524
1410.959
1412.524
1412.402
1413.609
1354.978
1413.609
1420.837
1423.054
1420.511
1396.598
1397.38
1389.658
1397.38
1392.693
1375.997
1391.519
1364.111
1363.329
1361.111
1345.59
1337.41
1328.66
1333.348
1330.299
1334.701
1368.668
1344.946
1338.712
1330.228
1368.461
1377.128
1377.003
1368.35
1361.406
1356.906
1365.558
1356.892
1388.753
1413.003
1434.781
1434.906
1413.128
1422.072
1405.006
1382.839
1390.228
1391.739
1413.906
1410.583
1413.906
1406.517
1405.006
1391.606
1390.372
1381.839
1377.339
1384.486
1349.764
1345.097
1344.431
1343.917
1336.769
1371.492
1373.547
1378.047
1379.281
1387.814
1468.214
1468.881
1473.547
1572.297
1473.547
1473.175
1473.547
1489.881
1496.686
1499.953
1507.603
1500.797
1509.464
1533.908
1539.325
1476.325
1470.908
1446.464
1437.797
1432.839
1416.506
1408.856
1405.589
1468.589
1473.547
1464.014
1365.264
1368.531
1376.531
1322.592
1319.325
1311.325
1365.264
1371.764
1378.333
1413.583
1415.85
1423.5
1431.433
1448.989
1451.353
1458.742
1451.353
1453.436
1454.103
1455.236
1447.303
1445.219
1444.553
1447.469
1452.358
1465.408
1471.978
1475.094
1480.969
1451.438
1449.872
1391.242
1390.035
1389.913
1382.685
1375.201
1378.625
1365.859
1357.109
1356.326
1349.543
1340.323
1390.293
1413.38
1426.147
1434.897
1384.927
1385.709
1392.492
1401.712
1378.625
1377.147
1384.375
1377.147
1380.397
1377.147
1398.832
1400.31
1378.625
1376.082
1317.19
1310.764
1305.571
1337.582
1344.008
1402.899
1405.443
1373.432
1378.625
1376.962
1364.571
1362.353
1359.908
1352.424
1360.185
1362.402
1362.524
1375.046
1398.959
1449.633
1450.84
1452.405
1459.188
1462.041
1455.614
1452.761
1447.014
1450.063
1452.726
1445.221
1451.511
1485.261
1472.766
1485.261
1482.277
1477.596
1507.054
1509.908
1534.274
1581.049
1589.133
1583.682
1576.198
1581.649
1531.679
1539.163
1551.685
1539.163
1548.458
1547.278
1545.678
1543.411
1543.286
1491.486
1490.253
1491.386
1482.878
1483.179
1470.658
1483.179
1484.745
1484.867
1487.084
1479.323
1487.769
1463.856
1465.421
1444.117
1406.715
1398.236
1393.834
1359.867
1328.698
1349.572
1349.447
1325.197
1323.597
1314.964
1339.408
1339.1
1339.225
1344.662
1331.571
1331.443
1330.284
1343.375
1345.011
1397.989
1395.67
1397.989
1399.25
1407.364
1384.693
1381.295
1379.75
1372.193
1317.028
1325.142
1327.188
1330.528
1327.188
1335.068
1326.886
1329.205
1327.568
1327.44
1325.122
1323.861
1270.884
1262.77
1249.679
1249.807
1251.443
1264.534
1289.534
1298.364
1273.364
1274.625
1267.534
1291.67
1305.017
1304.199
1305.017
1357.259
1366.898
1376.045
1323.804
1299.668
1286.321
1276.682
1283.773
1274.625
1267.906
1271.094
1245.569
1221.125
1218.208
1253.458
1240.408
1237.356
1240.209
1252.976
1259.402
1256.353
1221.87
1219.207
1223.554
1231.38
1239.141
1231.315
1223.554
1219.207
1211.484
1206.796
1204.579
1189.057
1188.274
1182.356
1180.139
1172.378
1170.813
1170.69
1146.777
1138.332
1139.897
1142.114
1142.236
1150.682
1149.604
1161.859
1162.944
1161.763
1149.508
1149.803
1136.75
1141.963
1144.356
1146.271
1154.835
1176.059
1188.186
1186.016
1188.279
1195.875
1203.199
1196.91
1180.101
1196.91
1203.199
1169.449
1167.186
1160.963
1153.367
1159.59
1161.761
1167.386
1160.061
1159.766
1157.596
1157.715
1159.886
1158.801
1158.681
1160.213
1158.681
1157.458
1149.365
1150.521
1158.615
1170.615
1171.677
1159.677
1160.947
1163.117
1162.032
1149.777
1199.372
1191.106
1193.087
1190.038
1187.185
1152.701
1151.136
1149.929
1149.807
1149.929
1126.016
1127.582
1140.103
1133.677
1131.459
1144.226
1150.652
1153.701
1154.908
1178.821
1181.484
1215.967
1203.201
1200.538
1201.647
1199.484
1202.277
1210.84
1216.053
1210.84
1222.968
1244.191
1220.365
1222.24
1210.365
1189.583
1181.198
1179.323
1177.229
1174.885
1177.229
1175.104
1174.987
1173.487
1172.331
1123.768
1123.885
1125.385
1148.302
1149.33
1150.511
1149.426
1151.596
1139.34
1151.596
1159.191
1167.457
1173.681
1176.809
1176.809
1170.585
1170.585
1185.777
1188.585
1185.777
1194.904
1185.777
1187.223
1174.729
1173.282
1185.777
1186.415
1209.011
1160.104
1151.08
1163.574
1155.011
1177.606
1170.968
1179.992
1188.556
1237.463
1236.697
1237.463
1214.867
1202.372
1209.011
1200.745
1224.149
1226.319
1233.915
1246.17
1246.29
1245.109
1246.641
1245.109
1232.854
1232.734
1209.33
1207.16
1208.34
1200.745
1209.011
1203.798
1201.404
1225.337
1223.38
1210.989
1189.304
1180.554
1183
1187.851
1189.807
1195.133
1201.56
1205.174
1217.565
1193.798
1202.362
1199.872
1142.234
1137.152
1139.402
1189.055
1191.18
1185.021
1192.859
1162.182
1164.135
1197.182
1199.917
1222.833
1219.911
1217.359
1194.443
1161.396
1149.161
1143.003
1145.555
1142.82
1146.898
1149.82
1155.979
1154.479
1152.354
1152.237
1144.799
1121.883
1113.789
1112.633
1100.633
1151.201
1158.701
1151.477
1148.414
1146.539
1149.602
1145.383
1112.831
1145.383
1147.31
1145.383
1153.383
1149.008
1147.852
1152.07
1151.445
1152.602
1145.901
1221.276
1225.651
1217.651
1218.276
1224.977
1149.602
1145.227
1153.227
1161.612
1164.727
1152.727
1129.375
1122.203
1114.456
1066.568
1114.456
1151.023
1163.023
1186.375
1194.122
1188.898
1196.07
1197.945
1200.289
1208.674
1229.456
1241.331
1243.424
1231.549
1228.086
1219.701
1214.596
1212.253
1235.907
1233.992
1231.386
1243.641
1248.854
1255.144
1250.979
1284.729
1287.521
1292.202
1261.059
1273.553
1270.947
1264.657
1261.673
1227.923
1225.13
1201.726
1204.71
1202.54
1196.25
1203.574
1197.351
1203.641
1237.391
1230.066
1227.803
1220.207
1226.431
1228.601
1211.793
1216.54
1233.348
1227.723
1229.987
1237.582
1231.293
1226.545
1232.835
1220.34
1197.745
1188.721
1139.814
1131.25
1124.612
1123.846
1125.761
1137.888
1116.665
1137.888
1146.452
1134.324
1136.463
1134.548
1139.761
1134.548
1132.154
1130.016
1121.452
1123.846
1029.298
1028.941
1123.489
1125.628
1127.543
1142.862
1150.186
1152.793
1156.479
1206.074
1210.662
1213.774
1212.218
1217.404
1215.154
1140.202
1150.91
1153.08
1155.074
1153.08
1155.33
1153.16
1153.16
1159.676
1162.468
1165.074
1188.479
1191.463
1197.753
1210.247
1210.247
1205.566
1239.316
1226.822
1224.029
1221.045
1218.439
1212.149
1220.713
1223.106
1223.463
1228.676
1216.548
1195.324
1193.186
1184.622
1186.537
1207.761
1205.367
1200.154
1198.239
1210.367
1213.891
1263.487
1247.146
1250.274
1256.564
1261.311
1256.564
1250.274
1257.934
1206.29
1198.63
1201.758
1198.63
1206.008
1207.311
1212.646
1211.343
1206.008
1243.354
1245.96
1233.832
1225.269
1223.354
1235.481
1235.125
1232.731
1227.519
1229.912
1230.269
1209.045
1214.258
1235.481
1244.045
1245.96
1243.354
1245.843
1212.093
1205.803
1193.309
1169.904
1176.194
1179.178
1157.164
1154.242
1151.69
1148.956
1161.19
1163.924
1169.432
1168.015
1163.934
1164.974
1157.628
1161.709
1169.056
1161.77
1164.27
1128.449
1125.949
1161.77
1151.5
1149.418
1147.26
1145.347
1109.526
1145.347
1142.847
1145.347
1139.314
1141.61
1137.056
1138.893
1143.446
1155.079
1175.436
1170.436
1168.14
1176.355
1174.518
1166.304
1145.946
1134.314
1139.314
1145.347
1145.689
1145.347
1139.314
1145.283
1152.569
1150.398
1143.372
1127.25
1094.878
1101.903
1095.934
1098.015
1130.388
1136.421
1152.543
1154.714
1147.429
1145.347
1138.321
1091.411
1088.911
1081.321
1045.5
1047.337
1059.092
1047.337
1050.872
1015.051
1017.551
1053.372
1046.347
1043.847
1040.311
1035.911
988.339
991.607
989.77
996.796
999.296
1003.696
980.821
1028.393
1043.087
1078.908
1079.992
1086.694
1072
1079.026
1074.472
1106.844
1104.166
1116.151
1110.755
1113.617
1136.066
1138.745
1141.245
1135.212
1132.349
1109.901
1115.934
1113.434
1101.449
1098.949
1134.77
1137.27
1101.449
1102.837
1101.449
1113.434
1101.449
1101.107
1102.944
1101.107
1092.893
1072.536
1074.832
1079.832
1081.883
1093.515
1113.872
1111.577
1106.577
1114.791
1126.141
1123.589
1160.156
1162.708
1126.141
1118.917
1115.854
1108.354
1144.922
1108.354
1105.802
1108.354
1103.706
1109.865
1114.513
1108.354
1116.466
1129.029
1096.477
1092.102
1100.102
1093.401
1097.776
1093.557
1092.932
1091.776
1016.401
1023.102
1023.727
1021.799
1054.352
1056.279
1060.497
1060.786
1052.786
1050.052
1017.005
996.224
998.342
990.128
985.128
962.679
960.383
957.883
955.02
948.987
937.003
949.988
952.613
955.063
957.868
963.78
956.397
945.221
943.456
941.485
943.887
941.485
907.069
941.485
943.485
965.054
972.054
983.348
983.458
984.87
985.958
1031.664
1017.664
1063.37
1067.738
1069.738
1076.488
1077.821
1081.792
1084.365
1091.164
1091.275
1091.863
1073.221
1078.043
1075.688
1041.933
1035.313
1021.178
1028.678
1023.99
1016.49
995.337
1016.49
1020.781
966.262
961.971
1016.49
1010.601
1007.774
1012.462
1026.596
1032.486
1035.313
1041.933
1034.192
1035.577
1036.644
1036.536
1035.151
1033.19
988.363
967.209
956.132
949.267
994.094
1015.248
1015.356
1022.221
1024.183
1035.26
1034.192
1052.069
1047.152
1046.564
1035.387
1037.358
1026.064
1019.314
1015.086
969.38
967.615
953.498
967.615
969.38
1015.086
1019.314
1022.711
1029.461
1026.064
1023.662
1026.064
1024.064
1026.064
1027.152
1025.74
1024.652
978.946
957.377
950.377
950.488
951.9
951.789
997.495
1019.064
1030.358
1037.358
1015.789
1013.387
1001.93
999.125
1007.531
1004.852
1019.628
1025.786
1030.435
1024.276
1019.628
1024.003
1022.503
1024.003
1024.12
1026.245
1018.807
1026.245
1003.328
1003.211
1002.055
1003.211
1001.086
1013.086
1036.003
1024.003
975.44
1024.003
1026.219
1018.781
1026.219
1033.391
1031.266
998.219
992.125
985.966
983.75
976.578
982.672
984.797
1017.844
1024.003
1040.461
1024.003
1046.919
1047.036
1059.036
1107.599
1108.755
1110.255
1102.818
1104.943
1082.026
1033.464
1032.307
1030.807
1030.69
1028.565
1036.003
1024.003
1022.049
1020.987
1020.362
1013.435
990.518
978.518
971.081
973.206
969.87
971.37
964.198
1012.76
1035.677
1047.677
1048.734
1000.172
1001.328
1000.172
993.331
993.214
991.714
979.714
978.607
978.724
1002.076
965.508
1013.396
1021.143
1028.315
1064.883
1062.758
1074.758
1068.599
1063.951
1068.599
1074.758
1075.82
1087.82
1087.938
1136.5
1105.104
1107.198
1105.073
1012.495
1010.401
1012.23
1102.918
1101.449
1100.316
1052.745
1030.296
1018.541
1020.622
1013.337
1014.806
1014.691
1013.559
1011.477
1023.232
1070.804
1071.936
1094.385
1101.671
1101.786
1103.255
1102.214
1104.296
1102.827
1102.712
1102.768
1054.206
1042.206
1041.049
1034.549
1031.815
1030.753
1023.253
1019.086
1021.211
1021.328
998.411
999.568
951.005
949.505
937.505
888.943
887.786
887.669
889.169
887.044
909.961
921.961
914.523
899.523
896.971
889.799
885.307
892.745
889.135
887.26
935.823
938.745
871.901
864.464
869.112
866.987
866.87
862.221
868.38
856.38
850.221
848.721
825.805
824.648
776.086
779.201
772.701
771.284
783.518
784.935
772.701
766.542
733.495
731.37
725.276
717.839
701.38
699.164
691.992
699.164
694.945
745.513
738.341
738.224
736.099
737.516
736.099
728.875
728.25
723.609
727.828
727.945
730.07
734.711
731.977
733.852
736.586
759.938
762.688
765.75
780.625
789.563
786.813
777.875
763
759.938
766.031
759.938
808.5
832.654
835.576
836.326
868.878
856.315
863.016
863.641
868.016
869.172
871.099
866.88
864.953
864.953
860.578
859.953
859.664
863.883
857.182
932.557
940.557
932.557
926.398
921.75
945.904
948.826
997.388
973.234
970.313
921.75
945.904
994.466
991.544
942.982
918.828
921.75
945.904
933.904
981.792
1000.768
1007.94
1044.508
1052.255
1028.904
1021.156
973.268
966.096
929.529
941.529
965.682
962.76
914.198
890.044
892.966
941.529
940.029
943.479
946.401
922.247
873.685
870.763
878.857
875.576
874.951
899.104
902.026
898.576
890.482
887.56
936.122
928.122
925.008
991.852
1001.747
1034.122
1037.458
1040.38
1088.943
1064.789
1016.227
1013.305
1037.458
1042.435
1045.549
1051.057
1057.932
1065.432
1134.378
1131.378
1083.806
1060.145
1057.283
1061.416
1061.531
1064.209
1064.094
1062.013
1057.467
1053.334
1051.946
1002.411
995.385
992.707
994.788
999.334
1001.171
1002.559
1000.722
1007.747
1057.283
1009.712
988.038
1078.727
1082.263
1084.151
1139.191
1147.138
1150.518
1161.431
1173.064
1176.332
1164.577
1174.27
1170.89
1261.579
1261.921
1171.232
1169.181
1180.814
1184.349
1172.717
1082.028
1104.903
1101.367
1103.255
1099.875
1044.834
1042.946
1035
1031.732
1122.421
1111.508
1176.987
1180.367
1235.408
1243.355
1244.742
1243.355
1231.37
1243.355
1220.48
1184.658
1177.069
1130.158
1118.403
1111.378
1112.112
1089.237
1092.773
1158.253
1169.885
1192.76
1283.449
1285.337
1293.283
1302.457
1236.977
1240.357
1236.977
1233.441
1221.809
1219.921
1211.974
1156.934
1066.245
1070.798
1071.931
1103.819
1099.686
1097.798
1065.911
1067.798
1063.513
989.676
997.513
1001.798
1005.931
1005.319
1011.883
1004.046
1002.913
1076.75
1070.186
1070.798
1072.686
1070.798
1067.263
1055.63
1121.11
1144.77
1199.811
1207.758
1199.811
1196.431
1199.967
1211.599
1146.12
1149.388
1140.214
1206.285
1183.868
1094.993
1098.458
1104.89
1158.83
1168.33
1174.455
1194.055
1205.575
1294.45
1309.81
1306.885
1298.835
1306.885
1371.055
1459.93
1395.76
1397.61
1451.55
1454.863
1458.065
1461.53
1458.328
1397.401
1395.513
1387.566
1375.934
1383.88
1395.513
1371.852
1368.316
1313.276
1345.847
1365.347
1374.102
1374.102
1366.423
1389.813
1396.513
1426.383
1429.305
1433.471
1435.688
1440.664
1448.776
1453.424
1461.549
1466.628
1463.565
1458.917
1436
1420.688
1361.625
1363.813
1355.688
1358.75
1417.813
1424.984
1418.352
1413.378
1406.352
1412.602
1406.352
1430.013
1520.702
1517.166
1519.054
1527
1582.041
1570.408
1567.14
1578.773
1488.084
1486.196
1478.25
1423.209
1419.829
1354.349
1357.885
1423.365
1426.633
1432.189
1438.158
1491.14
1496.015
1516.015
1536.015
1531.14
1537.39
1553.064
1585.436
1676.125
1766.814
1757.12
1702.079
1682.079
1678.543
1666.788
1660.538
1644.865
1638.301
1635.25
1641.985
1551.296
1558.643
1561.694
1554.347
1547.612
1542.217
1481.768
1493.768
1497.378
1553.565
1563.461
1568.438
1575.138
1572.216
1565.516
1565.516
1563.299
1533.43
1529.263
1535.964
1565.833
1568.755
1573.732
1575.948
1580.115
1588.227
1580.115
1581.531
1579.438
1579.555
1583.164
1675.742
1677.669
1685.781
1741.969
1766.122
1831.039
1842.914
1839.305
1837.378
1829.266
1773.078
1748.924
1682.081
1685.417
1673.542
1670.206
1577.628
1557.721
1524.471
1544.378
1553.315
1586.565
1577.628
1584.328
1581.406
1579.19
1583.357
1586.279
1588.495
1593.471
1623.341
1615.229
1585.359
1578.659
1573.682
1581.794
1577.628
1581.846
1579.721
1575.081
1582.253
1589.477
1592.211
1590.336
1590.453
1589.036
1593.677
1595.802
1545.234
1545.117
1540.898
1533.727
1535.143
1537.018
1534.284
1522.409
1518.799
1515.464
1422.885
1422.885
1414.773
1358.586
1334.432
1267.589
1263.979
1243.563
1299.75
1311.75
1318.13
1334.13
1426.708
1416.813
1360.625
1268.047
1261.346
1245.346
1238.966
1226.966
1247.383
1250.992
1257.693
1267.589
1219.026
1225.727
1227.943
1232.109
1237.086
1266.956
1237.086
1230.385
1225.409
1222.487
1218.32
1226.432
1229.354
1221.242
1219.026
1227.138
1257.008
1254.792
1249.815
1243.115
1213.245
1205.133
1202.211
1208.911
1213.888
1216.104
1220.271
1223.193
1219.026
1215.417
1203.417
1213.313
1229.313
1136.734
1130.034
1114.034
1107.654
1087.237
1031.049
1021.154
1113.732
1120.432
1121.708
1131.073
1151.49
1155.099
1167.099
1176.036
1209.286
1189.38
1180.443
1147.193
1167.099
1158.987
1154.82
1162.932
1167.909
1161.208
1131.339
1138.039
1140.255
1143.177
1149.151
1153.318
1148.341
1146.125
1143.203
1149.904
1133.904
1132.628
1120.628
1117.018
1096.602
1089.901
997.323
1000.932
1012.932
1033.349
1039.729
1055.729
1046.365
1056.26
1046.365
1102.552
1195.13
1188.43
1192.596
1195.518
1197.734
1202.711
1197.734
1193.568
1201.68
1199.464
1196.542
1226.411
1233.112
1225
1219.026
1252.073
1239.839
1252.073
1253.49
1252.073
1243.135
1223.229
1189.979
1181.867
1178.945
1170.833
1140.964
1138.747
1134.581
1127.88
1122.904
1120.466
1176.654
1186.549
1194.049
1227.096
1233.971
1326.549
1233.971
1238.948
1242.063
1226.063
1246.479
1258.479
1262.089
1255.388
1252.273
1244.773
1251.154
1158.576
1151.701
1118.654
1211.232
1227.232
1217.336
1161.148
1140.732
1137.122
1143.823
1137.443
1125.443
1120.466
1195.841
1203.841
1204.997
1209.216
1211.143
1243.695
1248.07
1172.695
1179.396
1178.24
1174.021
1172.094
1167.719
1167.094
1160.393
1152.393
1153.018
1120.466
1169.029
1176.466
1176.583
1178.083
1179.24
1202.156
1214.156
1216.281
1210.188
1207.125
1222
1213.063
1198.188
1195.438
1198.5
1201.25
1207.344
1216.281
1123.703
1123.354
1123.237
1121.737
1129.174
1080.612
1082.737
1080.612
1129.174
1130.331
1142.331
1141.174
1142.674
1119.758
1107.758
1100.32
1123.237
1123.354
1030.776
1040.672
984.484
974.589
1030.776
1037.477
1045.977
1049.586
1061.586
1080.102
1076.492
1056.076
1049.695
1050.971
1071.388
1064.688
1048.688
1036.688
1129.266
1129.266
1132.313
1135.922
1140.141
1160.047
1184.201
1193.224
1170.307
1170.19
1168.69
1168.807
1167.651
1165.526
1177.526
1175.944
1183.872
1184.156
1185.625
1187.707
1180.421
1168.666
1169.707
1122.135
1115.11
1116.946
1121.492
1114.416
1115.804
1165.339
1172.365
1172.48
1176.612
1179.291
1177.903
1179.985
1175.439
1173.357
1173.242
1169.11
1166.431
1164.594
1171.329
1176.885
1197.242
1206.082
1203.097
1199.561
1175.901
1156.401
1152.268
1143.429
1147.561
1151.097
1174.758
1194.258
1197.242
1244.814
1236.885
1239.737
1262.654
1261.591
1263.716
1263.833
1265.333
1265.044
1264.927
1272.365
1270.865
1282.865
1280.74
1281.896
1269.896
1275.568
1255.151
1250.174
1191.112
1185.018
1189.995
1249.057
1255.151
1275.568
1259.568
1247.568
1246.292
1256.188
1252.578
1232.161
1250.677
1257.378
1247.482
1253.862
1235.346
1228.646
1232.255
1248.255
1257.62
1278.036
1290.036
1233.849
1230.24
1206.086
1186.18
1195.203
1186.18
1183.133
1186.742
1210.896
1213.943
1218.161
1213.943
1233.849
1282.411
1280.286
1278.786
1278.904
1280.404
1281.56
1304.477
1255.914
1263.352
1255.914
1243.914
1220.997
1219.841
1219.724
1231.724
1233.849
1233.966
1245.966
1268.883
1270.383
1318.945
1326.383
1318.945
1306.945
1308.102
1259.539
1258.383
1256.883
1256.766
1233.849
1231.724
1233.849
1237.185
1233.576
1209.422
1200.398
1196.18
1193.133
1203.086
1212.109
1215.719
1195.041
1198.026
1201.406
1181.906
1163.768
1154.594
1134.594
1128.344
1124.809
1115.115
1099.441
1092.878
1081.122
1083.204
1130.776
1131.908
1133.378
1131.296
1124.01
1122.541
1121.408
1073.837
1051.388
1063.143
1051.388
1073.837
1073.722
1073.837
1081.122
1086.679
1107.036
1113.77
1093.413
1087.857
1081.122
1078.138
1068.388
1065.008
1084.508
1080.972
1089.811
1093.944
1096.929
1120.589
1124.125
1115.286
1134.302
1142.141
1148.641
1179.318
1194.193
1244.76
1256.76
1277.542
1344.385
1360.385
1359.229
1359.346
1347.346
1324.43
1275.867
1277.992
1276.492
1277.648
1277.531
1270.094
1293.01
1341.573
1339.448
1351.448
1358.885
1360.385
1362.313
1377.625
1385.464
1386.62
1398.854
1403.021
1405.943
1409.552
1429.458
1420.435
1416.216
1413.169
1422.193
1418.583
1421.63
1445.784
1425.878
1401.724
1405.943
1454.505
1454.388
1442.388
1442.505
1419.589
1412.151
1414.276
1421.714
1422.87
1424.37
1436.37
1435.214
1386.651
1394.745
1393.245
1391.12
1395.703
1395.703
1392.589
1300.01
1266.964
1260.089
1255.112
1247.273
1255.112
1253.185
1254.341
1239.029
1241.951
1240.794
1228.56
1240.794
1236.628
1233.706
1249.018
1253.185
1255.112
1275.018
1271.971
1247.818
1243.599
1234.576
1258.729
1262.948
1271.971
1268.362
1271.971
1275.018
1255.112
1278.029
1273.445
1271.32
1263.227
1262.07
1260.57
1260.453
1248.453
1241.016
1253.25
1255.177
1250.958
1241.063
1256.375
1257.531
1249.693
1240.669
1264.823
1244.917
1241.307
1217.154
1214.107
1223.13
1227.349
1247.255
1250.865
1247.943
1250.865
1253.911
1241.677
1237.51
1235.583
1220.271
1228.109
1232.276
1231.12
1237.995
1258.776
1264.448
1243.667
1236.792
1231.12
1218.885
1231.12
1232.536
1165.693
1164.276
1160.057
1157.01
1132.857
1129.247
1109.341
1100.318
1112.193
1124.427
1120.26
1108.026
1110.948
1115.115
1117.042
1109.203
1117.042
1115.115
1112.193
1096.88
1112.193
1111.036
1112.193
1117.169
1093.818
1142.38
1148.88
1156.719
1172.719
1156.719
1148.88
1163.755
1133.078
1121.078
1114.578
1093.797
1105.797
1090.922
1111.703
1044.859
994.292
1005.432
1012.656
1043.333
1055.568
1054.411
1069.724
1073.891
1066.052
1050.74
1038.505
1034.339
1037.26
1045.099
1046.255
1048.182
1046.255
1043.333
1043.451
1050.888
1048.154
1046.737
996.169
1000.388
993.216
995.951
997.826
1002.466
997.826
999.242
995.023
994.906
992.781
994.906
993.031
1000.203
1050.771
1042.771
1036.07
1035.445
1034.289
1030.07
954.695
952.768
948.393
915.841
936.622
937.779
960.695
962.789
965.852
972.232
973.732
1022.294
1028.794
1031.544
1101.685
1109.185
1112.107
1108.992
1129.773
1136.474
1135.724
1156.505
1149.63
1128.849
1123.177
1128.849
1135.724
1123.49
1119.323
1116.401
1118.589
1119.745
1127.583
1126.427
1118.589
1103.276
1105.203
1108.125
1106.198
1110.365
1099.689
1096.827
1093.559
1090.696
1086.615
1097.018
1098.174
1096.247
1095.091
1102.263
1108.357
1110.284
1117.331
1118.747
1134.06
1136.982
1141.148
1133.31
1139.469
1137.281
1173.849
1181.688
1193.922
1201.422
1204.172
1201.422
1198.5
1191
1261.141
1264.063
1193.922
1187.422
1172.547
1141.87
1149.87
1164.745
1153.604
1169.604
1177.443
1189.443
1240.01
1306.854
1337.531
1344.031
1336.807
1328.969
1319.073
1303.073
1282.292
1270.292
1258.057
1253.891
1250.969
1235.656
1233.729
1232.573
1224.734
1231.906
1240.031
1244.68
1267.596
1264.534
1256.409
1271.721
1266.643
1264.456
1267.955
1261.439
1201.12
1206.306
1266.625
1273.141
1276.269
1271.521
1264.197
1239.529
1241.503
1240.737
1234.944
1241.965
1245.503
1251.295
1244.274
1223.051
1162.731
1156.508
1135.657
1130.574
1122.915
1120.106
1048.473
1045.489
1048.473
1051.282
1122.915
1130.574
1164.324
1171.649
1192.872
1201.436
1168.372
1169.904
1177.564
1169.904
1167.096
1169.904
1172.888
1169.904
1241.537
1169.904
1182.16
1233.803
1225.798
1247.021
1262.213
1255.574
1250.827
1250.827
1258.832
1190.566
1138.923
1155.263
1134.04
1121.785
1106.593
1098.029
1129.359
1197.625
1181.285
1187.923
1180.902
1175.109
1171.572
1170.125
1163.609
1166.737
1168.875
1170.407
1220.003
1241.226
1242.407
1248.923
1199.327
1197.795
1204.434
1197.795
1174.391
1173.21
1170.082
1167.944
1146.721
1170.125
1173.109
1180.769
1252.402
1180.769
1177.785
1170.125
1167.316
1170.125
1190.976
1190.856
1188.064
1190.234
1138.59
1136.676
1131.936
1129.766
1129.646
1122.322
1125.114
1123.668
1123.787
1119.479
1124.218
1126.133
1127.58
1179.223
1183.532
1190.856
1198.181
1160.835
1198.181
1191.891
1190.444
1183.12
1189.343
1183.12
1190.316
1191.763
1184.566
1190.856
1185.064
1183.617
1171.122
1248.101
1258.601
1265.622
1274.838
1277.822
1275.013
1282.673
1285.481
1297.42
1289.761
1218.128
1215.144
1202.888
1171.559
1186.75
1171.559
1163.553
1095.287
1043.644
1027.303
1043.644
1051.649
1082.979
1090.356
1102.612
1081.388
1088.027
1099.404
1092.766
1113.989
1106.33
1109.314
1116.973
1128.912
1129.614
1126.806
1123.822
1111.883
1090.66
1097.984
1119.207
1111.883
1078.133
1068.027
1052.835
1046.612
1043.803
1052.931
1068.122
1071.25
1077.473
1080.282
1071.154
1068.027
1071.011
1059.072
1066.731
1063.747
1066.556
1138.189
1137.487
1129.827
1118.449
1129.827
1181.471
1194.396
1201.035
1217.375
1232.566
1244.822
1236.816
1230.178
1198.848
1183.657
1162.434
1170.439
1163.061
1150.806
1182.136
1165.795
1164.614
1188.019
1237.614
1216.391
1192.987
1190.848
1189.316
1139.721
1133.082
1126.566
1133.082
1129.955
1131.487
1138.125
1139.306
1142.434
1144.572
1148.816
1156.013
1154.566
1148.343
1149.79
1187.136
1179.939
1187.263
1149.918
1156.141
1138.214
1131.042
1124.883
1054.742
1051.992
1044.492
1041.57
1034.695
959.32
949.039
955.914
1031.289
1041.57
1108.414
1115.638
1111.419
1109.294
1107.419
1109.544
1058.977
1060.393
1062.268
1066.909
1062.268
1069.44
1069.557
1066.823
1065.406
1065.289
1058.117
1060.852
1065.07
1095.747
1097.935
1130.814
1111.123
1112.978
1159.598
1216.298
1219.238
1226.123
1230.113
1223.228
1203.278
1214.798
1229.078
1180.533
1166.253
1158.728
1129.278
1118.583
1098.633
1083.273
1077.033
1084.558
1073.038
1137.208
1166.658
1220.838
1227.438
1233.678
1249.038
1297.583
1317.533
1320.458
1325.235
1336.755
1400.925
1449.47
1478.92
1486.445
1474.925
1489.205
1509.155
1515.395
1495.445
1481.165
1416.995
1387.545
1381.305
1292.43
1284.905
1269.545
1221
1236.36
1229.595
1222.71
1187.605
1186.245
1192.158
1186.308
1193.073
1199.958
1235.063
1236.423
1255.622
1261.592
1268.327
1278.398
1271.663
1197.827
1187.755
1261.592
1311.128
1263.556
1259.485
1256.485
1276.842
1279.842
1278.709
1279.842
1273.474
1272.005
1249.556
1255.806
1253.755
1247.505
1249.556
1251.026
1257.393
1261.883
1309.454
1251.597
1263.168
1265.061
1220.474
1223.474
1271.046
1299.805
1271.046
1301.097
1298.112
1296.219
1293.219
1271.599
1240.922
1243.109
1240.922
1220.141
1221.297
1228.469
1221.297
1242.078
1237.922
1235.188
1235.07
1230.43
1226.211
1224.794
1217.57
1215.445
1218.18
1225.352
1223.477
1216.305
1266.872
1271.091
1272.966
1273.083
1275.208
1276.625
1281.266
1266.391
1250.391
1183.547
1171.547
1163.708
1157.208
1126.531
1075.964
1055.182
1055.299
1057.424
1058.924
1107.487
1130.404
1142.404
1149.841
1150.997
1147.951
1150.997
1158.169
1217.232
1222.31
1228.69
1205.773
1205.773
1201.125
1185.813
1178.641
1172.26
1195.177
1192.115
1207.427
1212.076
1220.201
1215.122
1156.06
1159.122
1159.747
1154.076
1161.513
1161.63
1162.786
1185.703
1193.797
1205.797
1157.234
1155.109
1156.609
1155.453
1153.953
1131.036
1119.036
1111.599
1113.724
1113.607
1111.674
1113.799
1111.674
1111.557
1110.057
1108.901
1100.807
1077.891
1065.891
1066.008
1067.508
1068.664
1117.227
1140.143
1152.143
1159.581
1152.143
1103.581
1055.018
1032.102
1020.102
1022.227
1014.789
1022.883
974.32
974.438
975.5
974.344
986.344
984.844
982.719
985.112
985.395
986.865
986.75
979.724
981.112
945.291
981.112
988.138
994.107
1001.01
999.622
993.589
987.62
980.717
986.75
975.117
938.995
940.927
947.854
944.807
1003.87
1005.37
1061.557
1062.714
1032.036
1029.849
1027.917
979.354
979.471
982.518
985.581
982.518
1017.753
1032.753
1062.804
1051.232
1098.804
1097.763
1089.834
1088.365
1076.61
1088.365
1090.446
1090.247
1091.747
1091.865
1093.021
1115.938
1115.82
1113.695
1113.406
1120.844
1128.938
1053.563
1063.844
1139.219
1146.094
1135.813
1128.938
1106.021
1154.583
1142.583
1119.667
1111.573
1110.417
1108.292
1106.792
1106.674
1108.799
1110.299
1111.456
1134.372
1146.372
1153.81
1146.372
1146.49
1167.271
1160.099
1167.271
1146.49
1143.154
1141.997
1148.378
1143.794
1148.378
1141.997
1121.216
1119.122
1119.122
1116.06
1117.216
1115.716
1118.779
1167.341
1168.841
1169.19
1175.69
1169.19
1189.971
1187.846
1139.284
1116.367
1116.25
1115.094
1113.594
1162.156
1185.073
1177.635
1179.76
1180.917
1181.034
1182.534
1194.534
1182.534
1189.971
1192.893
1200.987
1204.438
1204.555
1253.117
1254.273
1242.273
1244.398
1241.452
1234.166
1235.635
1213.186
1165.615
1164.482
1163.013
1162.898
1174.653
1175.694
1173.612
1228.653
1231.041
1249.388
1264.082
1295.796
1305.867
1308.852
1305.867
1307.337
1314.122
1314.237
1314.122
1259.082
1252.296
1251.163
1280.08
1278.64
1279.75
1273.318
1271.278
1293.278
1297.222
1304.508
1305.64
1317.395
1318.865
1366.436
1368.518
1367.477
1355.722
1308.151
1307.018
1307.133
1307.018
1305.548
1329.209
1376.781
1373.401
1365.472
1362.61
1365.472
1364.003
1362.87
1315.298
1292.849
1281.094
1273.809
1273.694
1271.612
1267.48
1265.643
1264.255
1214.719
1210.173
1203.148
1203.033
1200.952
1198.273
1195.411
1147.839
1124.179
1127.041
1130.421
1177.992
1170.156
1162.87
1157.995
1160.857
1208.429
1232.089
1229.227
1181.656
1178.276
1175.276
1160.704
1166.673
1163.98
1172.735
1187.306
1190.306
1184.337
1187.031
1178.276
1178.39
1120.533
1150.584
1118.117
1119.617
1178.68
1234.867
1241.794
1242.951
1239.904
1237.971
1189.409
1192.456
1194.388
1191.326
1194.388
1209.701
1202.773
1251.336
1251.219
1220.457
1204.819
1213.053
1181.723
1180.543
1179.011
1141.665
1135.375
1129.152
1127.705
1165.051
1157.726
1165.051
1172.247
1178.471
1184.761
1177.564
1179.011
1255.989
1179.011
1171.989
1161.489
1168.511
1218.106
1228.606
1253.274
1250.29
1200.694
1176.027
1179.011
1171.686
1150.463
1148.931
1173.598
1170.614
1203.678
1214.178
1164.582
1183.71
1241.093
1207.343
1209.832
1176.769
1166.269
1163.779
1148.46
1123.793
1139.112
1142.096
1122.968
1172.564
1115.181
1117.431
1114.319
1117.431
1118.963
1152.207
1152.973
1159.995
1168
1183.191
1206.596
1208.734
1211.718
1236.386
1211.718
1208.734
1202.096
1200.564
1150.968
1174.372
1180.888
1230.484
1231.665
1238.303
1241.431
1238.303
1237.947
1216.723
1210.207
1209.027
1213.271
1221.537
1171.941
1167.261
1168.793
1111.41
1111.529
1113.061
1111.529
1118.604
1119.785
1118.604
1111.529
1111.41
1168.793
1176.452
1179.58
1186.957
1183.973
1159.306
1109.71
1130.04
1136.33
1142.979
1152.194
1152.92
1158.713
1162.25
1171.274
1178.832
1180.971
1149.641
1151.173
1208.556
1192.918
1189.806
1140.21
1137.082
1137.202
1135.67
1142.745
1134.511
1132.537
1134.511
1137.638
1168.968
1184.606
1234.202
1291.84
1234.457
1227.383
1227.263
1166.944
1120.46
1159.928
1161.109
1159.928
1140.801
1125.481
1114.981
1117.471
1114.981
1172.364
1187.684
1198.184
1231.247
1173.864
1192.992
1159.928
1167.253
1173.543
1200.367
1191.152
1193.415
1187.191
1224.537
1231.734
1225.444
1218.247
1216.801
1179.455
1180.902
1187.125
1179.801
1169.301
1092.322
1085.301
1095.801
1079.846
1155.221
1155.846
1147.461
1177.331
1197.747
1205.859
1213.984
1249.828
1254.047
1286.599
1309.333
1309.451
1306.404
1307.927
1307.927
1358.495
1351.271
1358.771
1351.271
1354.333
1351.271
1351.154
1349.654
1348.497
1341.57
1285.383
1228.945
1227.445
1224.383
1216.289
1209.789
1207.695
1184.779
1178.398
1174.242
1173.086
1173.203
1166.328
1169.078
1136.703
1126.422
1111.422
1092.693
1036.505
1034.068
1031.021
1000.344
985.031
928.594
928.594
925.531
923.599
864.536
895.214
910.526
918.589
967.151
970.214
973.26
975.193
987.005
989.443
994.521
999.161
1072.552
1081.49
1104.406
1108.625
1110.719
1103.318
1094.482
1092.388
1099.789
1108.625
1085.891
1094.016
1073.599
1109.443
1109.326
1101.214
1133.766
1137.984
1133.766
1163.635
1186.37
1194.482
1214.898
1185.029
1152.477
1116.633
1108.508
1108.625
1102.466
1095.956
1100.932
1109.956
1130.737
1136.409
1142.568
1141.857
1132.833
1129.37
1123.698
1156.25
1160.417
1162.633
1170.745
1200.615
1207.315
1212.292
1215.214
1223.339
1200.422
1141.359
1200.422
1205.07
1220.383
1227.555
1232.633
1227.555
1221.174
1218.112
1241.029
1225.716
1221.068
1212.943
1219.323
1222.385
1215.214
1221.372
1184.805
1177.633
1170.586
1173.648
1167.49
1166.073
1172.167
1173.583
1167.49
1204.057
1254.625
1261.797
1254.297
1251.234
1200.667
1208.167
1215.214
1225.495
1297.823
1304.698
1237.854
1227.573
1220.698
1169.691
1172.803
1171.247
1168.263
1171.247
1166.992
1158.707
1128.202
1125.939
1131.021
1137.864
1143.965
1152.25
1147.168
1140.324
1144.58
1146.843
1147.609
1142.527
1173.032
1178.114
1184.957
1187.221
1190.205
1185.949
1182.965
1180.702
1188.987
1182.144
1176.043
1167.758
1172.013
1166.931
1173.774
1170.79
1163.947
1168.202
1171.186
1173.449
1203.955
1209.037
1204.782
1213.066
1204.782
1202.519
1197.436
1166.931
1169.324
1171.588
1175.843
1180.926
1187.769
1218.274
1226.559
1222.303
1219.319
1217.056
1211.973
1181.468
1173.184
1166.34
1169.324
1184.963
1188.074
1190.048
1198.282
1186.218
1184.245
1184.245
1181.117
1212.447
1204.213
1188.574
1157.245
1160.372
1209.968
1222.032
1172.436
1172.556
1180.84
1172.543
1135.936
1131.628
1098.383
1067.878
1047.027
1038.742
1015.524
1052.13
1056.439
1089.684
1120.189
1143.407
1164.258
1172.556
1172.436
1164.777
1216.42
1219.548
1167.904
1164.777
1172.436
1175.42
1167.136
1136.63
1134.367
1127.524
1131.779
1134.043
1128.96
1125.976
1132.819
1163.324
1171.609
1167.354
1172.436
1232.755
1235.867
1240.176
1256.516
1255.335
1247.051
1253.894
1262.178
1267.261
1269.524
1273.779
1270.795
1240.29
1233.447
1228.364
1226.101
1256.606
1252.351
1255.335
1246.311
1244.173
1236.614
1239.726
1236.614
1243.636
1236.311
1229.114
1222.824
1185.479
1179.255
1256.234
1245.734
1168.755
1161.734
1160.287
1170.787
1172.234
1209.58
1216.904
1224.101
1230.324
1236.614
1206.109
1197.824
1193.569
1188.487
1186.223
1179.38
1176.396
1182.189
1203.412
1212.628
1179.383
1170.168
1176.457
1170.168
1165.085
1170.168
1203.412
1182.189
1176.396
1184.402
1187.21
1184.402
1178.178
1193.37
1202.497
1193.37
1178.178
1175.051
1181.274
1184.402
1186.572
1186.691
1198.947
1200.479
1223.883
1225.064
1274.66
1282.255
1249.011
1240.713
1210.207
1189.356
1185.048
1184.928
1161.71
1125.104
1116.819
1138.043
1135.872
1123.617
1100.213
1050.617
1043.021
1045.191
1045.311
1046.843
1045.311
1094.907
1118.311
1130.566
1138.162
1138.043
1136.862
1137.157
1144.535
1141.407
1133.747
1141.407
1089.763
1092.891
1108.529
1139.859
1127.795
1125.822
1134.056
1137.168
1140.295
1152.359
1160.625
1144.987
1146.96
1143.848
1112.519
1062.923
1059.795
1051.561
999.918
1049.513
1047.981
1048.101
1049.633
1057.229
1058.41
1081.814
1079.644
1091.899
1094.069
1086.473
1074.218
1050.814
1001.218
1001.098
1000.803
1000.684
999.503
949.907
947.737
924.332
936.588
944.184
967.588
959.992
962.162
962.282
963.814
964.995
1014.59
1013.059
1000.803
998.553
1003.766
1024.096
1025.543
1022.431
1025.543
975.947
977.128
984.723
996.979
1046.574
1048.106
1052.787
1051.255
1051.136
1043.54
1041.37
1029.114
1005.71
1007.88
1006.699
1006.819
1013.806
1035.029
1042.051
1047.843
1048.928
1051.098
1040.598
963.62
961.449
961.33
960.149
910.553
903.532
891.277
883.681
882.149
882.269
886.805
898.805
900.305
900.594
896.01
904.104
897.057
895.641
859.073
851.901
845.807
839.648
839.023
831.185
798.633
802.799
803.862
803.112
801.612
809.112
794.237
771.32
779.159
786.034
808.951
841.503
856.378
857.878
858.628
851.753
851.464
851.346
849.846
841.753
836.258
824.003
825.535
827.705
827.824
829.005
878.601
902.005
909.601
907.431
919.686
918.601
926.197
938.452
961.856
1011.452
1012.633
1012.753
1005.157
955.561
957.093
959.263
959.144
956.973
955.793
932.388
920.133
918.601
915.473
923.133
974.777
967.399
959.739
962.867
965.117
966.298
966.418
978.673
966.418
966.298
964.766
963.585
913.989
890.585
882.989
885.16
893.426
897.729
895.604
896.667
898.167
901.63
908.505
914.177
893.396
887.724
880.849
947.693
977.563
982.641
990.042
981.979
951.302
1010.365
1012.297
1015.344
1018.406
1003.094
1051.656
1043.563
1100
1096.938
1093.891
1091.958
1094.146
1082.333
1113.01
1133.792
1135.292
1157.417
1165.417
1167.542
1204.109
1226.844
1221.172
1230.195
1262.747
1268.906
1273.883
1294.664
1288.505
1283.529
1250.977
1256.648
1247.625
1226.844
1225.781
1228.457
1220.191
1218.66
1216.489
1204.234
1203.053
1202.934
1206.045
1145.726
1142.614
1138.306
1121.965
1182.285
1186.593
1202.934
1211.497
1248.104
1250.593
1258.891
1266.487
1263.018
1264.612
1272.359
1275.406
1272.359
1265.484
1262.021
1268.896
1263.224
1268.896
1289.677
1309.583
1318.521
1351.771
1359.518
1410.393
1414.768
1422.206
1432.487
1444.362
1418.096
1420.313
1427.484
1434.922
1441.016
1457.474
1459.599
1492.646
1498.805
1519.586
1570.154
1602.706
1610.206
1613.268
1562.701
1559.638
1552.138
1557.81
1564.31
1567.044
1570.495
1577.896
1610.271
1611.427
1613.979
1650.547
1652.141
1653.734
1665.609
1667.953
1669.547
1671.672
1678.844
1669.906
1703.156
1700.604
1703.156
1712.094
1732
1698.75
1703.974
1667.406
1647.5
1640.625
1646.297
1667.078
1661.406
1640.625
1647.5
1659.5
1657.568
1598.505
1654.943
1651.896
1648.833
1600.271
1603.333
1651.896
1710.958
1714.005
1715.938
1685.26
1683.073
1626.635
1657.313
1672.625
1687.938
1679.813
1676.75
1672.102
1641.607
1646.831
1669.747
1674.396
1733.458
1739.839
1742.901
1750.073
1727.156
1722.078
1706.766
1699.594
1693.214
1634.151
1628.927
1626.375
1634.5
1639.578
1627.578
1660.828
1730.969
1737.669
1744.841
1724.935
1727.151
1728.427
1723.203
1720.651
1725.875
1725.25
1755.12
1688.276
1755.12
1725.25
1732.997
1755.122
1756.539
1762.698
1766.865
1775.802
1808.354
1831.706
1837.214
1845.214
1843.089
1822.307
1820.807
1798.073
1834.641
1836.766
1814.641
1816.141
1838.875
1859.656
1881.781
1845.214
1837.214
1835.938
1830.714
1833.266
1869.833
1866.786
1875.724
1842.474
1833.536
1853.443
1833.536
1866.786
1834.234
1813.453
1834.234
1839.906
1834.234
1866.786
1864.234
1827.667
1864.234
1866.786
1878.661
1868.38
1869.443
1882.161
1877.786
1865.911
1873.659
1883.94
1876.503
1825.628
1817.88
1818.974
1812.099
1818.974
1798.193
1792.521
1798.193
1818.974
1824.646
1830.805
1834.268
1839.245
1848.268
1839.245
1833.573
1812.792
1807.815
1775.263
1807.815
1801.656
1852.224
1855.286
1804.719
1812.219
1804.719
1801.656
1800.594
1793.094
1788.927
1789.99
1797.49
1801.656
1838.224
1801.656
1799.104
1801.656
1808.828
1806.703
1804.487
1810.646
1810.646
1804.487
1788.029
1780.591
1782.716
1788.81
1805.268
1799.174
1801.391
1806.898
1814.336
1807.164
1804.612
1807.164
1843.732
1807.164
1809.289
1821.164
1819.57
1812.398
1810.055
1807.93
1796.055
1797.648
1799.992
1807.164
1813.323
1863.891
1830.641
1810.734
1801.797
1765.229
1801.797
1804.349
1801.797
1804.349
1767.781
1765.229
1801.797
1794.922
1774.141
1771.924
1780.036
1774.365
1790.365
1774.365
1833.427
1836.474
1832.255
1836.474
1833.427
1774.365
1725.802
1722.755
1666.318
1651.005
1620.328
1618.396
1615.333
1556.271
1553.719
1517.151
1484.599
1483.849
1531.737
1510.956
1543.508
1549.18
1569.961
1564.289
1531.914
1524.513
1521.779
1528.279
1529.336
1529.839
1522.43
1523.54
1520.228
1519.118
1512.878
1515.503
1517.843
1539.843
1541.373
1549.423
1550.443
1584.853
1577.053
1574.713
1573.183
1565.133
1557.993
1523.583
1531.383
1509.383
1506.443
1457.898
1465.098
1468.038
1460.838
1509.383
1442.048
1435.163
1403.243
1435.163
1441.595
1439.255
1506.59
1500.158
1507.043
1506.023
1513.46
1517.66
1527.53
1516.13
1506.26
1505.21
1497.773
1485.563
1496.963
1504.103
1552.943
1552.83
1554.27
1556.31
1556.423
1557.533
1604.153
1611.293
1633.293
1644.813
1616.138
1644.813
1580.643
1591.338
1593.378
1601.958
1616.238
1613.598
1607.748
1604.808
1596.228
1594.698
1600.548
1586.268
1587.798
1590.738
1597.623
1599.873
1592.988
1595.628
1607.028
1604.988
1593.588
1591.338
1570.098
1577.778
1612.883
1614.923
1634.873
1632.833
1634.273
1599.168
1591.488
1590.048
1568.223
1548.273
1569.513
1591.338
1597.188
1595.06
1588.175
1572.375
1574.503
1567.363
1574.503
1572.463
1578.375
1594.175
1599.463
1606.348
1608.388
1603.1
1597.188
1591.338
1544.718
1544.83
1546.87
1545.76
1546.87
1593.49
1586.35
1574.83
1565.52
1564.108
1563.998
1561.998
1573.292
1574.292
1575.703
1554.135
1545.723
1541.801
1536.618
1557.441
1588.078
1580.787
1579.453
1557.475
1588.578
1591.718
1595.64
1596.973
1598.015
1603.811
1598.015
1577.191
1546.554
1554.966
1554.855
1563.953
1562.843
1564.283
1610.903
1611.923
1565.303
1567.343
1568.453
1568.565
1567.545
1556.025
1547.083
1545.672
1556.966
1554.966
1560.304
1540.745
1510.108
1504.77
1524.328
1554.966
1546.473
1552.27
1556.953
1576.512
1581.85
1551.213
1545.875
1576.512
1573.252
1568.569
1562.772
1571.265
1570.265
1570.154
1524.449
1513.154
1521.418
1521.53
1568.15
1569.59
1571.63
1593.63
1594.74
1593.3
1592.19
1590.15
1601.67
1608.81
1606.17
1613.31
1614.75
1661.37
1650.363
1661.657
1662.745
1662.855
1664.855
1662.855
1641.287
1595.581
1594.493
1593.081
1586.081
1585.971
1574.676
1567.618
1520.025
1517.142
1515.142
1513.73
1559.436
1581.005
1590.625
1597.765
1598.875
1610.395
1598.875
1600.915
1602.355
1602.468
1602.355
1555.735
1554.625
1547.485
1558.885
1551.448
1547.248
1498.408
1491.268
1481.398
1491.268
1495.468
1484.068
1491.208
1540.048
1547.485
1558.885
1558.998
1566.138
1566.025
1577.545
1566.025
1568.065
1569.505
1562.365
1540.365
1493.745
1492.635
1491.195
1489.155
1535.775
1557.775
1558.885
1584.1
1611.7
1604.815
1603.285
1601.035
1612.435
1601.035
1602.565
1609.45
1607.41
1609.66
1611.7
1607.7
1606.68
1613.82
1617.82
1610.62
1617.82
1639.82
1641.86
1619.86
1619.973
1666.593
1678.113
1677.003
1630.383
1623.243
1624.353
1631.493
1630.053
1629.94
1627.9
1629.34
1617.82
1616.46
1619.085
1620.195
1651.275
1658.38
1657.27
1663.51
1640.323
1642.084
1635.717
1659.378
1656.699
1655.663
1650.663
1631.163
1650.663
1655.663
1650.107
1655.663
1687.551
1655.663
1635.306
1655.663
1648.962
1649.077
1642.513
1606.591
1599.419
1566.169
1573.341
1606.591
1608.716
1678.857
1630.294
1634.878
1646.878
1654.971
1656.128
1648.69
1650.19
1648.065
1654.766
1642.766
1641.609
1640.109
1617.193
1617.076
1618.138
1619.201
1620.307
1622.698
1625.776
1627.901
1610.801
1616.77
1609.485
1607.314
1600.288
1594.893
1588.86
1621.232
1605.11
1599.14
1597.059
1597.173
1598.306
1605.092
1660.133
1661.602
1690.862
1693.724
1700.288
1705.163
1713.11
1717.191
1719.362
1717.204
1716.163
1704.408
1699.918
1691.99
1691.875
1690.406
1689.273
1687.191
1676.278
1681.331
1689.331
1725.898
1727.398
1690.831
1668.096
1666.596
1645.815
1643.69
1635.69
1656.471
1658.596
1680.721
1703.456
1703.456
1688.581
1696.581
1698.534
1757.596
1749.758
1741.919
1748.794
1747.294
1755.133
1778.049
1755.133
1787.685
1802.56
1804.06
1804.81
1772.258
1765.383
1764.633
1766.849
1763.927
1766.849
1736.979
1730.279
1725.302
1723.086
1718.919
1727.031
1756.901
1763.602
1768.578
1772.745
1764.633
1788.786
1792.068
1787.849
1771.849
1830.911
1826.211
1830.43
1838.43
1894.867
1898.203
1950.153
1970.51
1967.526
1909.668
1912.168
1913.661
1921.008
1918.712
1910.765
1912.936
1917.018
1923.582
1952.842
1960.788
1956.707
1957.403
1957.88
1951.316
1946.441
1943.579
1941.408
1912.148
1915.148
1893.474
1861.102
1829.214
1850.888
1882.776
1878.694
1869.939
1878.694
1911.066
1912.454
1920.043
1904.06
1909.973
1904.06
1902.7
1901.638
1898.435
1902.435
1901.325
1902.765
1902.653
1896.003
1894.563
1894.675
1910.407
1911.495
1918.015
1865.132
1876.309
1869.309
1821.426
1817.309
1807.632
1807.632
1814.632
1862.515
1863.556
1867.674
1877.35
1866.174
1868.806
1861.159
1858.865
1866.512
1844.944
1811.208
1810.208
1808.708
1811.002
1797.329
1798.8
1799.781
1792.041
1799.781
1810.743
1812.906
1814.868
1808.248
1806.776
1813.397
1811.233
1800.272
1801.743
1799.781
1772.209
1778.714
1759.531
1752.38
1748.534
1756.022
1783.594
1787.44
1789.486
1792.183
1791.733
1784.245
1778.06
1777.404
1775.358
1779.952
1786.137
1756.089
1761.325
1791.373
1810.555
1805.32
1786.137
1791.373
1786.779
1756.731
1748.401
1778.45
1773.214
1754.031
1748.346
1752.94
1772.123
1777.808
1786.137
1784.091
1791.579
1819.151
1814.558
1819.245
1811.757
1805.572
1811.757
1818.589
1814.743
1812.046
1784.474
1779.786
1772.954
1777.548
1779.594
1782.291
1786.137
1790.731
1845.25
1864.096
1869.721
1867.024
1870.87
1873.567
1871.522
1864.034
1857.849
1859.894
1856.048
1863.536
1891.108
1863.536
1858.942
1863.536
1869.721
1862.798
1865.827
1872.75
1870.394
1868.988
1849.805
1901.901
1949.861
1946.84
1968.715
1971.686
1949.811
1952.123
1954.882
1871.038
1889.858
1886.887
1835.774
1838.795
1837.833
1832.314
1830.389
1800.46
1797.672
1804.408
1802.243
1801.241
1806.759
1836.689
1843.184
1845.191
1860.097
1862.021
1847.116
1852.693
1786.226
1778.132
1773.929
1769.33
1748.575
1744.755
1745.802
1752.075
1751.969
1753.328
1747.054
1696.167
1694.809
1703.29
1703.396
1702.349
1700.342
1692.995
1686.927
1682.42
1678.646
1708.231
1712.077
1714.774
1716.82
1721.413
1748.986
1755.171
1762.659
1769.108
1771.99
1716.402
1724.049
1712.048
1718.668
1719.846
1713.226
1717.913
1696.76
1692.469
1678.334
1689.238
1681.738
1678.911
1683.202
1677.313
1672.625
1674.644
1668.024
1732.769
1726.584
1757.276
1763.897
1770.082
1739.389
1674.644
1681.476
1687.476
1685.43
1682.906
1660.611
1654.611
1657.135
1647.743
1648.79
1678.111
1677.064
1670.361
1641.04
1637.267
1610.215
1605.708
1598.361
1592.292
1590.285
1587.639
1568.818
1563.682
1582.502
1611.983
1617.12
1587.639
1589.762
1596.778
1642.854
1646.816
1656.127
1657.571
1650.835
1648.91
1650.835
1661.59
1660.146
1653.651
1664.406
1670.901
1624.825
1631.561
1620.807
1611.495
1607.533
1606.531
1604.408
1593.653
1573.616
1540.498
1541.856
1561.894
1554.649
1561.894
1563.818
1582.639
1603.229
1601.87
1583.05
1616.167
1614.243
1593.653
1592.21
1594.134
1595.903
1597.899
1664.366
1664.259
1663.212
1656.939
1648.458
1647.099
1655.58
1656.939
1657.835
1658.097
1658.203
1654.429
1661.222
1662.184
1665.958
1659.165
1652.429
1640.301
1590.134
1507.843
1504.877
1483.407
1480.699
1474.032
1499.533
1496.561
1503.863
1485.042
1487.802
1494.594
1497.566
1491.303
1484.568
1537.411
1539.598
1559.614
1566.254
1567.469
1595.795
1599.366
1592.725
1573.761
1601.663
1600.449
1619.413
1624.692
1621.121
1593.219
1600.879
1580.864
1575.585
1575.585
1567.924
1561.549
1556.27
1527.944
1526.123
1520.9
1514.752
1512.853
1498.746
1500.031
1498.746
1490.719
1491.71
1490.862
1490.614
1496.551
1496.451
1496.551
1544.712
1553.194
1559.913
1582.426
1583.417
1578.556
1560.743
1532.842
1528.576
1500.674
1518.487
1522.752
1515.018
1520.297
1528.031
1555.933
1551.071
1533.259
1538.121
1532.842
1531.02
1468.114
1470.002
1478.989
1480.81
1482.484
1480.596
1478.922
1472.065
1468.449
1465.837
1415.212
1425.498
1427.319
1427.42
1433.795
1435.08
1436.071
1477.696
1497.339
1456.292
1454.926
1452.917
1446.77
1444.949
1434.77
1432.949
1426.574
1420.844
1420.943
1422.206
1423.996
1423.897
1424.871
1465.765
1464.502
1454.397
1435.099
1441.362
1440.388
1399.493
1409.599
1366.757
1360.232
1356.548
1347.89
1337.89
1380.732
1386.996
1393.52
1402.178
1412.178
1405.914
1409.599
1429.939
1449.603
1527.564
1575.09
1577.239
1559.739
1562.645
1560.496
1554.18
1476.219
1455.879
1449.09
1451.55
1492.445
1472.781
1475.697
1478.263
1481.026
1478.263
1475.697
1482.013
1481.039
1491.145
1491.046
1489.257
1496.208
1494.922
1453.297
1472.94
1462.654
1456.279
1458.1
1458.201
1459.487
1460.478
1502.103
1508.478
1502.734
1496.587
1436.467
1442.614
1448.761
1452.833
1486.41
1492.053
1464.053
1416.737
1415.474
1415.375
1414.401
1408.568
1438.752
1431.91
1412.612
1411.27
1418.112
1419.454
1418.559
1416.507
1409.445
1379.261
1374.446
1380.601
1387.541
1389.558
1388.317
1348.127
1349.886
1356.041
1375.006
1415.196
1396.231
1386.3
1380.144
1380.047
1380.144
1381.386
1382.343
1381.386
1379.627
1389.558
1429.748
1426.892
1446.881
1431.371
1428.91
1431.371
1388.787
1361.524
1360.55
1362.853
1356.621
1362.853
1368.327
1347.987
1375.25
1372.947
1373.921
1368.447
1371.353
1376.485
1374.169
1386.695
1381.564
1378.985
1371.458
1358.932
1361.248
1368.774
1371.353
1388.853
1407.998
1377.204
1370.467
1368.678
1351.178
1332.033
1330.77
1312.138
1313.401
1315.191
1321.928
1352.721
1371.353
1370.379
1365.718
1346.752
1336.821
1330.666
1332.425
1342.356
1340.597
1347.295
1347.198
1348.155
1346.914
1306.724
1306.821
1307.7
1308.942
1307.183
1298.506
1293.463
1310.36
1314.478
1265.599
1263.776
1262.159
1245.263
1241.144
1290.024
1295.067
1335.256
1337.675
1317.685
1337.675
1335.256
1295.067
1294.97
1293.211
1292.254
1285.556
1288.811
1278.706
1284.969
1283.706
1285.496
1285.594
1286.857
1287.831
1297.936
1338.831
1358.129
1357.235
1336.895
1296
1316.34
1357.235
1354.774
1357.235
1355.893
1314.998
1325.103
1325.577
1323.787
1322.524
1323.787
1327.647
1327.548
1328.522
1309.224
1299.118
1298.145
1291.882
1293.671
1293.77
1300.586
1280.246
1277.785
1236.89
1239.351
1280.246
1300.586
1280.921
1287.237
1290
1287.748
1284.919
1337.567
1292.417
1218.354
1212.354
1228.979
1226.354
1224.313
1221.875
1219.104
1243.529
1245.926
1247.934
1228.928
1228.018
1228.928
1229.02
1247.053
1248.234
1254.602
1256.275
1257.111
1247.668
1244.061
1237.693
1247.135
1245.463
1244.283
1244.191
1238.338
1249.477
1208.777
1205.277
1199.079
1190.854
1204.987
1203.767
1243.275
1244.216
1245.436
1245.532
1247.261
1250.989
1241.227
1247.278
1246.413
1239.828
1238.888
1237.159
1237.064
1218.419
1228.182
1255.068
1253.915
1250.525
1268.525
1295.008
1302.28
1305.669
1306.822
1300.519
1303.233
1298.222
1280.222
1253.739
1246.468
1219.583
1224.593
1205.595
1211.898
1251.407
1253.784
1234.133
1231.756
1251.407
1211.898
1202.136
1201.195
1199.975
1193.924
1190.195
1150.686
1150.591
1148.862
1151.239
1170.89
1172.619
1152.968
1113.46
1111.083
1150.591
1163.608
1158.994
1142.087
1138.038
1133.028
1106.544
1099.203
1098.339
1113.828
1107.621
1102.524
1100.106
1080.116
1039.927
1042.914
1048.459
1050.075
1070.065
1060.237
1087.754
1093.69
1099.235
1093.3
1087.754
1145.802
1106.838
1110.752
1106.752
1103.989
1101.84
1095.524
1113.024
1112.196
1092.181
1031.243
1000.174
997.465
1004.632
1086.924
1089.889
1091.152
1094.016
1100.561
1083.096
1085.708
1067.895
1069.717
1088.681
1106.493
1137.837
1157.324
1150.467
1119.123
1125.98
1124.158
1106.346
1086.859
1067.895
1066.609
1067.895
1060.942
1067.317
1095.067
1092.109
1089.766
1090.757
1085.185
1078.842
1077.85
1098.554
1104.897
1110.469
1082.719
1085.063
1080.688
1097.75
1102.125
1085.063
1102.875
1107.737
1116.549
1120.121
1122.79
1129.754
1131.411
1134.036
1164.759
1175.246
1203.571
1221.071
1222.946
1221.831
1178.989
1159.691
1159.691
1132.279
1119.752
1118.489
1117.857
1111.257
1104.52
1101.711
1104.474
1086.974
1093.289
1110.789
1090.45
1012.489
1009.923
1087.884
1081.094
1084
1112.017
1125.211
1127.776
1125.013
1142.915
1145.103
1147.962
1167.605
1168.971
1175.935
1178.025
1208.748
1201.56
1207.935
1200.971
1198.882
1192.507
1191.141
1160.417
1140.775
1147.962
1142.739
1092.114
1087.848
1070.348
1073.92
1101.821
1096.542
1077.578
1049.676
1054.955
1073.92
1066.259
1059.618
1056.047
1027.721
1056.047
1054.833
1051.973
1053.188
1059.828
1062.688
1070.348
1068.674
1097
1155.715
1162.031
1164.654
1168.844
1174.634
1173.007
1162.704
1175.599
1192.792
1220.621
1250.805
1253.384
1263.686
1243.346
1241.504
1224.311
1196.482
1216.822
1218.45
1215.871
1185.686
1186.879
1193.721
1187.682
1237.419
1218.121
1214.206
1207.364
1211.64
1217.68
1220.259
1224.173
1221.594
1234.489
1239.862
1238.787
1228.84
1224.564
1243.862
1242.02
1214.02
1207.98
1202.338
1261.404
1202.338
1208.377
1236.377
1242.02
1236.086
1186.349
1206.689
1262.978
1310.294
1311.917
1318.748
1338.412
1341.452
1351.452
1429.412
1425.136
1418.904
1420.167
1402.667
1400.877
1394.14
1363.346
1380.846
1362.215
1364.004
1370.741
1401.535
1420.167
1401.022
1399.759
1418.904
1416.325
1421.456
1418.693
1340.732
1337.923
1335.018
1328.702
1326.136
1308.636
1306.487
1281.442
1283.094
1280
1269.821
1327.116
1347.819
1355.846
1276.493
1292.364
1271.661
1274.754
1217.46
1210.507
1162.346
1165.205
1172.158
1152.143
1162.321
1160.67
1139.967
1126.842
1128.498
1149.201
1118.478
1115.853
1087.527
1085.871
1087.746
1070.246
1087.746
1116.071
1105.585
1136.308
1138.933
1142.429
1148.172
1146.498
1125.795
1120.051
1121.725
1124.819
1145.522
1142.429
1148.576
1191.634
1193.522
1198.991
1209.277
1211.634
1215.612
1243.362
1250.299
1259.112
1241.299
1236.438
1229.473
1225.902
1217.089
1219.759
1224.621
1221.951
1225.522
1232.487
1250.299
1252.121
1253.406
1254.397
1264.683
1284.326
1290.701
1290.801
1332.426
1326.083
1331.654
1329.31
1308.607
1303.036
1275.286
1274.295
1276.638
1304.388
1310.732
1311.723
1332.426
1356.366
1373.866
1386.393
1389.432
1382.601
1380.978
1365.386
1357.5
1360.406
1304.116
1314.116
1323.498
1313.498
1310.458
1307.649
1314.48
1317.289
1371.194
1372.789
1352.8
1362.731
1368.886
1358.955
1357.196
1357.099
1355.858
1396.047
1355.858
1336.892
1330.737
1332.496
1332.593
1333.834
1334.791
1333.834
1352.8
1350.084
1348.489
1294.186
1287.355
1307.695
1361.765
1368.478
1370.073
1360.246
1369.466
1366.478
1376.306
1373.545
1376.532
1379.293
1356.175
1353.27
1343.888
1351.774
1361.879
1361.978
1355.715
1354.741
1395.636
1396.899
1396.8
1355.906
1336.607
1335.344
1336.318
1326.213
1345.511
1343.721
1345.511
1351.774
1353.037
1350.458
1348.831
1348.93
1350.719
1309.825
1299.719
1297.93
1278.632
1278.533
1319.428
1313.164
1282.98
1282.007
1254.178
1252.336
1253.309
1273.649
1270.215
1249.875
1251.502
1254.081
1264.384
1274.489
1293.787
1300.05
1317.243
1330.138
1312.945
1311.682
1339.511
1346.08
1291.735
1284.904
1277.018
1256.678
1253.868
1250.829
1241.447
1251.447
1241.447
1319.408
1321.031
1328.917
1327.294
1330.103
1333.143
1342.524
1349.355
1369.695
1347.577
1366.721
1365.748
1363.958
1364.932
1324.037
1325.827
1315.721
1309.458
1309.557
1310.82
1317.083
1327.189
1327.09
1325.827
1366.721
1347.423
1366.721
1374.32
1427.241
1431.8
1355.183
1359.302
1353.095
1359.302
1364.991
1360.873
1355.183
1327.834
1325.256
1327.834
1337.662
1317.672
1309.922
1303.209
1349.709
1369.698
1368.103
1291.487
1288.726
1344.045
1341.058
1347.772
1349.366
1425.983
1428.744
1431.731
1421.903
1412.683
1402.752
1442.942
1439.101
1433.821
1437.662
1442.942
1445.218
1438.519
1432.584
1374.537
1372.261
1370.438
1376.373
1378.196
1436.244
1457.756
1467.688
1440.894
1441.851
1431.92
1430.162
1428.92
1430.679
1424.524
1464.713
1464.81
1445.845
1452
1461.931
1421.741
1420.784
1420.688
1421.929
1425.722
1429.17
1431.931
1439.328
1411.978
1405.567
1423.877
1450.817
1447.369
1452.466
1458.877
1431.938
1426.841
1454.19
1453.017
1450.256
1442.86
1444.032
1425.722
1481.041
1488.791
1482.078
1480.483
1403.866
1401.106
1398.119
1388.291
1332.972
1334.567
1341.28
1321.291
1336.614
1339.375
1342.362
1352.19
1305.69
1308.545
1348.735
1349.692
1359.623
1378.588
1379.83
1379.927
1386.082
1385.985
1382.192
1376.037
1377.795
1337.606
1336.649
1335.407
1325.476
1323.718
1351.235
1345.3
1351.235
1345.69
1287.642
1260.125
1265.67
1275.345
1283.853
1276.193
1273.614
1301.443
1291.14
1308.333
1309.961
1312.539
1342.724
1355.618
1365.921
1338.092
1358.432
1338.092
1325.197
1308.004
1306.377
1305.404
1304.14
1294.035
1300.298
1298.509
1326.509
1307.211
1266.316
1266.414
1276.52
1270.257
1272.046
1273.309
1274.283
1315.178
1311.468
1311.371
1303.621
1300.86
1299.265
1292.552
1237.233
1221.909
1218.922
1209.095
1206.239
1213.636
1206.239
1218.55
1216.274
1203.963
1206.498
1211.541
1213.817
1211.282
1206.239
1175.976
1180.554
1187.175
1217.438
1219.196
1217.955
1219.196
1217.438
1210.817
1192.002
1173.692
1192.506
1209.705
1192.506
1185.782
1177.274
1160.075
1155.381
1151.933
1158.657
1161.235
1164.683
1162.106
1170.614
1187.813
1192.506
1190.748
1209.713
1208.472
1214.627
1224.558
1225.8
1265.989
1266.946
1267.043
1268.802
1262.647
1265.5
1224.605
1223.632
1213.526
1213.428
1212.086
1205.243
1203.191
1173.007
1153.708
1147.445
1140.384
1153.857
1140.384
1142.173
1142.075
1140.285
1099.39
1080.092
1069.987
1063.724
1062.461
1061.487
1034.224
1034.224
1024.118
1018.079
959.013
957.158
954.842
958.75
917.855
913.947
954.842
964.947
971.779
977.151
1004.414
1063.48
1065.336
1071.375
1073.691
1101.691
1109.217
1125.98
1143.48
1146.103
1147.296
1153.129
1135.936
1105.752
1085.412
1057.583
1044.689
1042.11
1031.807
1030.18
1023.947
1051.211
1042.232
1036.661
1034.317
1013.614
1019.185
1039.888
1046.232
1045.241
1046.232
1048.576
1055.763
1058.721
1057.047
1060.141
1057.047
1058.721
1064.464
1058.721
1061.225
1067.654
1127.775
1107.071
1109.429
1103.281
1108.143
1118.429
1132.143
1124.482
1107.42
1115.08
1132.143
1103.643
1107.714
1105.045
1110.982
1113.652
1114.866
1132.679
1126.741
1108.929
1107.714
1111.565
1105.136
1111.565
1171.685
1174.042
1113.922
1120.35
1117.846
1197.199
1199.868
1195.603
1190.882
1193.386
1114.033
1108.141
1105.471
1103.114
1109.007
1137.333
1141.598
1135.17
1151.223
1211.344
1239.094
1241.451
1246.92
1250.897
1209.272
1211.161
1205.692
1203.335
1193.049
1165.299
1105.179
1099.031
1097.143
1107.429
1113.576
1109.598
1151.223
1145.48
1139.333
1110.833
1120.827
1127.589
1135.389
1164.23
1167.866
1188.245
1159.836
1161.073
1189.482
1208.791
1189.482
1160.641
1159.405
1152.643
1149.732
1144.357
1136.557
1132.92
1138.295
1144.841
1138.295
1134.659
1129.709
1122.618
1119.9
1110.927
1121.13
1102.993
1105.393
1102.993
1111.966
1050.752
1053.302
1056.939
1064.03
1068.98
1087.116
1089.834
1087.284
1083.227
1075.427
1071.282
1053.909
1095.702
1103.502
1120.875
1149.893
1131.757
1130.52
1127.802
1121.757
1139.893
1141.13
1143.848
1149.893
1169.734
1176.716
1196.025
1197.88
1216.016
1217.325
1199.189
1167.275
1160.293
1140.452
1138.598
1137.289
1132.461
1164.375
1162.52
1156.03
1157.666
1164.745
1167.295
1228.509
1226.109
1219.564
1221.964
1219.414
1225.959
1215.757
1220.1
1223.736
1226.286
1228.22
1235.3
1261.368
1267.216
1249.843
1242.043
1213.025
1215.743
1209.698
1215.743
1213.025
1211.789
1193.652
1194.889
1213.025
1223.498
1227.548
1288.761
1295.02
1296.943
1292.893
1321.148
1323.548
1295.293
1293.37
1287.111
1284.711
1290.28
1332.661
1327.093
1316.62
1274.239
1213.025
1220.9
1224.582
1227.241
1230.391
1247.764
1268.843
1271.243
1210.03
1203.484
1200.934
1207.48
1210.03
1207.63
1260.968
1259.034
1266.114
1260.266
1255.923
1252.286
1258.134
1284.202
1288.545
1290.48
1287.93
1290.48
1294.116
1268.048
1260.968
1254.509
1248.836
1220.582
1219.573
1221.959
1243.039
1249.498
1250.507
1256.18
1235.1
1263.355
1260.968
1256.514
1256.514
1277.593
1281.275
1289.15
1306.523
1303.373
1282.293
1279.634
1282.293
1278.611
1270.736
1273.886
1256.514
1262.361
1265.998
1267.932
1272.275
1274.825
1300.893
1297.257
1294.707
1292.773
1288.43
1282.582
1256.514
1249.434
1256.514
1257.75
1249.875
1243.83
1226.457
1223.307
1226.025
1244.161
1241.502
1238.784
1241.934
1244.945
1247.605
1253.65
1261.525
1265.207
1244.127
1225.991
1243.364
1242.127
1238.445
1249.123
1242.577
1213.736
1211.018
1130.223
1127.823
1123.48
1126.03
1064.816
1062.266
1056.266
1058.666
1071.604
1078.271
1140.618
1134.662
1140.618
1162.088
1168.044
1166.308
1163.1
1160.032
1161.769
1159.799
1163.502
1166.1
1168.069
1172.493
1169.896
1196.447
1203.657
1196.447
1169.896
1163.94
1159.516
1162.725
1159.021
1167.042
1170.25
1187.944
1184.877
1181.669
1178.961
1161.266
1165.016
1167.725
1163.975
1185.444
1177.424
1181.118
1162.646
1167.688
1158.549
1165.771
1169.475
1164.433
1173.572
1170.803
1173.572
1169.868
1162.646
1169.868
1149.498
1145.366
1092.866
1090.144
1084.472
1078.097
1064.486
1084.856
1098.468
1091.245
1095.377
1101.752
1097.238
1101.752
1154.252
1159.924
1162.646
1189.197
1196.407
1193.81
1187.854
1185.884
1181.461
1185.884
1178.674
1180.644
1181.977
1178.273
1181.977
1184.574
1158.023
1163.979
1192.914
1200.137
1231.998
1235.748
1253.896
1280.447
1287.657
1307.866
1307.97
1325.664
1317.644
1320.852
1323.56
1327.31
1335.331
1356.801
1354.093
1332.623
1314.928
1311.72
1307.97
1370.317
1367.72
1365.275
1302.928
1305.373
1312.039
1314.637
1307.97
1245.623
1216.845
1227.236
1216.569
1214.611
1171.444
1173.403
1179.778
1174.106
1182.676
1193.343
1186.968
1189.412
1196.606
1194.162
1198.287
1199.421
1195.296
1213.769
1211
1213.769
1212.509
1194.037
1187.88
1194.037
1195.296
1189.34
1191.31
1195.014
1187.803
1161.252
1159.282
1185.833
1181.41
1185.833
1191.789
1189.192
1196.403
1192.699
1195.296
1175.63
1154.873
1125.938
1117.993
1114.289
1084.914
1079.44
1078.181
1071.294
1049.824
1053.574
1050.866
1047.116
1039.095
1035.887
1039.095
1060.565
1063.273
1045.579
1053.6
1071.294
1052.822
1032.613
1030.725
1023.613
991.109
971.442
970.109
976.484
970.528
968.558
972.262
974.859
976.829
950.278
956.234
982.785
989.995
986.292
983.694
976.484
972.06
976.484
984.505
963.035
960.326
956.576
948.556
970.025
973.234
975.942
979.692
976.484
958.789
976.484
983.15
920.803
923.4
920.803
923.248
916.581
914.137
976.484
979.692
987.713
991.463
994.171
1008.419
1026.113
1022.363
1019.655
998.185
994.977
977.282
969.262
942.711
936.755
929.544
927.574
924.977
921.273
916.85
935.322
936.581
939.35
938.09
919.618
913.461
910.692
916.85
935.322
936.581
942.692
987.914
984.164
981.456
973.435
951.965
948.757
931.063
928.465
926.021
919.354
857.007
858.896
859
860.333
866.944
910.111
930.481
941.148
942.176
946.308
939.113
941.072
951.738
980.516
1042.863
1049.238
1054.91
1053.775
1051.817
1049.373
1038.706
1009.928
999.537
1001.981
1045.148
1049.273
1045.148
1038.773
1035.023
1003.162
974.227
1006.088
1024.236
1053.171
1026.62
1046.829
1028.681
1028.681
1055.231
1062.442
1062.546
1069.769
1069.664
1062.454
1066.204
1058.981
1065.093
1083.565
1088.606
1088.711
1045.544
1025.174
1014.507
1007.896
1009.785
1030.155
1031.183
1032.516
1043.183
1041.294
1039.961
1038.933
1010.155
1004.377
1047.544
1026.074
1019.495
1026.106
1025.079
1024.975
1022.544
1041.016
1038.248
1036.988
1018.516
1012.359
1018.516
1021.285
1022.544
1008.322
1009.35
1009.245
988.875
978.208
998.579
1000.468
1000.572
1001.905
1045.072
1035.933
1029.322
1039.988
1038.1
994.933
999.975
997.206
993.512
988.47
988.47
984.766
991.377
994.146
1012.618
1019.84
1023.544
1022.516
1021.183
1030.322
1082.822
1110.09
1103.479
1092.813
1072.442
1029.275
1028.248
1029.581
1029.477
1031.366
1051.736
1051.84
1062.507
1060.618
1103.785
1104.813
1103.479
1110.09
1109.063
1098.396
1096.507
1096.403
1053.236
1032.866
1031.532
1031.637
1032.97
1033.998
1027.387
1047.757
1058.424
1065.035
1066.924
1110.09
1091.618
1097.729
1116.201
1121.243
1115.132
1110.09
1128.563
1110.09
1111.35
1114.118
1111.35
1110.09
1103.933
1110.09
1104.134
1102.398
1123.868
1120.66
1126.616
1129.824
1131.56
1110.09
1066.924
1067.028
1068.917
1062.306
1051.639
1031.269
1041.935
1040.602
1041.935
1040.907
1040.803
1044.877
1088.044
1088.301
1089.245
1087.356
1090.079
1098.023
1095.579
1090.162
1087.44
1092.856
1106.079
1092.856
1095.301
1087.356
1076.69
1086.282
1043.116
1044.25
1046.694
1050.819
1058.014
1068.681
1064.556
1062.597
1033.819
1027.444
1025
1019.329
1021.287
1027.662
965.315
1008.977
1060.523
1062.568
1067.023
1085.159
1089.502
1095.761
1161.543
1219.88
1239.88
1229.407
1227.552
1229.407
1228.48
1224.48
1224.582
1225.891
1268.273
1278.745
1278.493
1236.111
1234.802
1234.7
1234.952
1235.88
1222.898
1248.966
1219.948
1227.027
1244.845
1237.766
1269.048
1237.766
1211.698
1204.607
1230.675
1202.266
1222.107
1204.289
1200.607
1229.016
1232.698
1212.857
1212.959
1220.05
1219.948
1220.957
1263.339
1269.83
1289.83
1291.139
1291.241
1293.095
1292.168
1249.786
1229.786
1229.684
1240.157
1239.905
1238.595
1236.741
1226.268
1223.55
1222.314
1216.268
1198.132
1197.123
1154.741
1154.639
1155.948
1145.475
1143.62
1142.311
1143.32
1149.811
1192.193
1212.193
1222.666
1222.768
1202.768
1204.623
1198.132
1203.082
1197.082
1178.945
1173.995
1179.995
1198.132
1203.7
1198.382
1197.145
1195.291
1184.818
1184.716
1164.716
1122.334
1121.325
1114.834
1113.525
1106.445
1100.877
1111.35
1175.4
1174.391
1165.755
1158.914
1135.991
1140.941
1159.077
1155.441
1137.305
1130.214
1132.932
1140.023
1131.05
1128.332
1123.382
1127.018
1135.991
1116.15
1108.832
1115.814
1097.677
1093.627
1083.155
1076.091
1074.977
1136.191
1126.773
1085.292
1078.917
1076.958
1078.917
1076.472
1087.139
1092.81
1096.935
1140.102
1168.88
1175.255
1177.699
1159.227
1154.185
1172.657
1178.769
1172.657
1177.699
1183.174
1185.144
1185.039
1158.488
1126.627
1119.405
1115.655
1086.72
1079.509
1061.361
1041.153
1054.764
1052.875
1066.208
1070.097
1099.472
1106.683
1113.794
1115.877
1073.31
1068.269
1074.644
1095.4
1106.067
1138.572
1145.458
1188.025
1181.914
1186.956
1184.998
1179.956
1198.428
1204.539
1175.762
1165.095
1162.65
1156.979
1152.854
1109.688
1091.215
1084.84
1022.493
1008.271
1006.604
1056.771
1053.563
1047.606
1045.87
1024.4
1027.609
1033.565
1036.632
1038.368
971.368
977.743
1037.16
1041.697
1023.225
1018.801
959.384
954.847
952.764
971.236
1038.236
1038.868
1040.951
1034.576
1034.576
1037.345
1028.206
1024.502
1019.461
1012.238
1009.47
1013.174
1020.396
1025.438
1043.91
1025.438
1034.576
1016.104
1009.993
1004.951
1006.669
1010.419
1020.975
1023.058
1019.169
1005.836
1013.046
1042.421
1055.755
1059.644
1030.269
1023.157
1015.947
1023.058
1020.975
1011.836
1032.206
1036.338
1029.963
1034.477
1086.977
1066.606
1079.373
1075.163
1072.389
1018.899
1021.672
1028.167
1042.035
1047.814
1042.035
1028.167
1023.568
1030.927
1019.847
968.733
976.035
1042.502
1046.323
1050.922
1055.125
1063.219
1083.974
1050.856
1083.974
1090.469
1097.486
1076.337
1119.708
1140.856
1133.84
1122.972
1116.476
1127.344
1083.974
1088.177
1077.309
1072.172
1062.861
1044.04
1036.682
1032.908
1030.087
1026.019
1055.948
1062.684
1077.59
1083.167
1085.092
1090.611
1097.106
1099.113
1091.767
1112.521
1110.399
1103.052
1116.637
1103.052
1110.399
1112.521
1116.483
1086.554
1079.309
1109.238
1116.483
1112.521
1131.012
1135.519
1189.009
1194.528
1216.403
1219.672
1217.903
1214.634
1216.403
1210.335
1207.21
1213.278
1145.014
1138.519
1077.981
1059.16
1066.462
1068.585
1073.092
1070.969
1066.347
1072.842
1133.38
1144.757
1149.38
1168.2
1160.899
1160.255
1162.462
1145.5
1151.774
1158
1151.774
1132.953
1134.236
1088.16
1134.236
1132.953
1151.774
1197.849
1170.066
1178.16
1164.689
1161.915
1156.396
1158.887
1164.406
1167.179
1180.651
1178.16
1170.066
1191.215
1198.231
1209.099
1252.469
1245.974
1212.856
1219.351
1212.335
1201.467
1234.585
1213.436
1170.066
1174.028
1187.613
1180.267
1187.512
1217.441
1187.512
1194.858
1192.736
1188.774
1190.896
1183.651
1170.066
1184.972
1191.708
1197.285
1199.292
1205.788
1235.717
1237.642
1243.16
1228.255
1221.519
1216
1209.505
1207.58
1177.651
1175.644
1170.066
1162.764
1183.519
1177.024
1179.995
1178.637
1222.007
1217.797
1164.307
1169.443
1163.866
1136.814
1158.689
1161.335
1205.316
1207.439
1212.061
1207.554
1268.092
1274.587
1342.851
1336.356
1317.535
1256.998
1252.375
1250.252
1269.073
1273.58
1262.203
1258.934
1252.866
1230.991
1229.222
1259.151
1261.146
1263.071
1329.538
1331.307
1335.906
1357.781
1355.134
1311.153
1289.278
1333.259
1335.906
1305.976
1335.906
1328.66
1315.075
1307.729
1314.974
1322.321
1326.283
1328.406
1326.283
1339.868
1335.906
1331.399
1312.908
1307.389
1253.899
1307.389
1312.908
1317.415
1335.906
1337.264
1388.151
1394.425
1395.472
1395.578
1393.653
1386.917
1380.422
1365.517
1359.939
1330.009
1324.491
1330.986
1360.915
1358.908
1364.427
1366.351
1381.257
1386.835
1393.571
1395.578
1396.625
1398.55
1398.656
1400.014
1443.995
1448.146
1459.014
1465.75
1412.259
1433.408
1466.526
1473.021
1516.392
1527.259
1520.243
1487.125
1480.63
1437.259
1416.111
1405.243
1412.259
1409.613
1431.488
1434.134
1412.259
1368.278
1412.259
1418.146
1413.995
1434.75
1432.825
1431.778
1432.825
1434.184
1478.165
1476.807
1483.542
1494.41
1494.304
1496.229
1489.493
1478.625
1434.644
1434.75
1453.571
1455.467
1457.59
1459.288
1463.91
1471.505
1482.259
1438.278
1435.632
1438.757
1446.087
1424.212
1426.858
1470.84
1426.858
1415.991
1426.858
1406.104
1404.745
1411.481
1404.745
1425.5
1425.394
1427.318
1427.425
1428.783
1429.83
1427.906
1426.858
1454.642
1521.108
1523.104
1525.028
1526.797
1524.873
1458.406
1456.41
1454.642
1498.623
1496.698
1497.745
1508.613
1512.764
1513.726
1515.651
1517.009
1517.116
1510.38
1499.512
1478.757
1434.776
1433.729
1432.37
1432.264
1429.139
1421.809
1424.934
1422.288
1424.934
1468.915
1462.642
1461.594
1461.488
1410.601
1410.708
1412.066
1410.708
1411.755
1462.642
1468.915
1467.019
1477.774
1458.953
1463.575
1461.453
1459.755
1467.349
1486.17
1475.415
1470.792
1472.915
1474.811
1476.509
1468.915
1466.908
1465.861
1464.899
1462.974
1462.868
1461.509
1417.528
1438.283
1427.415
1438.283
1445.019
1489
1489.262
1490.62
1490.726
1492.651
1488.5
1534.297
1541.396
1548.132
1550.953
1555.552
1616.09
1621.608
1645.396
1689.377
1686.731
1689.377
1711.252
1667.271
1664.146
1657.41
1657.304
1657.042
1613.061
1592.307
1581.439
1583.363
1583.469
1584.828
1585.875
1629.856
1650.611
1661.479
1668.215
1666.856
1664.932
1672.526
1674.224
1672.526
1691.347
1702.101
1699.979
1698.083
1690.488
1671.667
1660.913
1665.535
1660.913
1661.229
1663.351
1666.62
1655.752
1633.877
1655.752
1699.733
1697.087
1653.106
1655.752
1657.111
1659.035
1652.3
1659.035
1660.083
1704.064
1724.818
1735.686
1724.818
1704.064
1704.17
1702.811
1702.705
1700.781
1656.8
1655.752
1625.823
1627.946
1657.875
1665.12
1678.705
1676.583
1680.545
1673.198
1680.545
1666.96
1662.998
1655.752
1648.507
1699.394
1698.347
1692.073
1641.186
1639.828
1646.101
1646.208
1647.566
1647.46
1648.507
1626.632
1582.651
1580.005
1575.795
1573.021
1567.243
1513.752
1507.017
1486.262
1472.394
1465.035
1454.167
1454.061
1452.703
1451.656
1453.58
1448.981
1442.486
1421.731
1377.75
1375.825
1396.58
1410.448
1411.807
1411.913
1418.649
1429.517
1430.564
1451.318
1458.677
1502.658
1509.153
1511.927
1517.705
1571.196
1575.795
1580.005
1585.524
1579.028
1581.035
1587.531
1594.983
1600.561
1605.55
1607.474
1600.738
1601.7
1599.693
1597.769
1592.191
1577.285
1547.356
1541.837
1475.37
1471.55
1452.729
1460.323
1462.021
1460.026
1463.163
1461.394
1394.927
1405.682
1381.512
1379.623
1369.067
1371.15
1363.697
1362.03
1361.72
1359.637
1355.1
1359.637
1359.894
1367.088
1362.232
1372.705
1373.632
1353.632
1311.25
1309.395
1308.086
1307.984
1309.839
1309.941
1303.45
1292.977
1291.968
1293.277
1335.07
1386.616
1392.875
1394.266
1396.311
1398.166
1408.53
1439.811
1441.639
1441.536
1440.609
1446.917
1436.25
1435.993
1434.66
1432.771
1419.16
1411.965
1413.632
1410.553
1412.637
1417.174
1406.618
1417.174
1409.72
1405.183
1403.1
1410.553
1410.863
1409.197
1342.197
1360.669
1358.586
1354.049
1352.188
1292.771
1288.347
1281.972
1263.5
1230.995
1251.752
1230.995
1241.662
1234.775
1267.28
1274.167
1316.734
1310.359
1299.692
1257.125
1263.5
1261.639
1262.972
1312.917
1319.074
1318.97
1319.074
1318.046
1311.889
1312.917
1262.972
1261.639
1291.014
1283.56
1288.097
1283.56
1281.477
1281.167
1279.5
1281.583
1283.444
1285.111
1274.556
1293.028
1303.583
1285.111
1292.565
1293.12
1301.065
1311.94
1319.15
1322.067
1323.956
1383.373
1390.595
1392.308
1396.44
1407.106
1405.023
1375.648
1388.981
1385.093
1387.176
1380.065
1366.731
1373.843
1403.218
1410.428
1414.317
1407.106
1354.606
1336.458
1332.035
1326.618
1328.479
1333.016
1351.488
1362.044
1364.127
1371.581
1361.025
1356.488
1358.155
1356.294
1354.211
1335.738
1334.072
1326.618
1322.493
1321.465
1322.799
1322.694
1316.537
1322.694
1322.951
1323.056
1321.722
1271.778
1280.102
1278.213
1272.738
1267.322
1272.796
1279.407
1308.782
1315.157
1329.787
1331.676
1337.093
1332.197
1325.822
1318.507
1316.537
1318.507
1317.563
1315.845
1305.289
1307.373
1313.748
1303.192
1301.775
1303.664
1297.289
1295.206
1296.623
1307.178
1305.289
1303.623
1285.15
1283.067
1278.53
1297.002
1298.669
1296.808
1298.891
1291.438
1280.882
1285.419
1295.975
1297.836
1305.289
1307.887
1313.843
1359.065
1351.611
1349.528
1347.861
1343.324
1341.463
1343.546
1370.815
1343.546
1354.102
1343.546
1325.074
1329.611
1348.083
1355.537
1357.204
1359.065
1345.843
1348.287
1340.343
1337.898
1335.176
1329.759
1337.704
1343.12
1345.843
1359.065
1352.907
1352.803
1352.546
1344.222
1342.889
1324.417
1318.306
1317.046
1271.824
1317.046
1318.306
1324.417
1327.495
1306.738
1274.234
1306.738
1313.113
1355.681
1376.438
1387.104
1380.729
1338.162
1327.495
1334.382
1327.495
1325.634
1318.181
1316.097
1305.542
1287.069
1285.403
1280.866
1282.949
1286.838
1294.049
1291.965
1278.632
1271.521
1242.146
1234.935
1231.046
1238.157
1251.491
1280.866
1287.241
1242.019
1255.352
1262.546
1266.539
1269.748
1271.414
1273.683
1276.28
1295.947
1314.095
1359.044
1365.419
1394.354
1392.938
1395.854
1393.688
1400.063
1393.688
1395.576
1397.66
1387.104
1385.021
1386.438
1396.993
1395.104
1405.979
1406.535
1398.59
1387.715
1387.16
1395.104
1393.215
1387.799
1385.829
1379.454
1364.824
1359.35
1352.738
1323.363
1325.076
1332.044
1334.641
1314.271
1316.979
1330.59
1337.558
1338.586
1342.289
1353.164
1354.877
1362.822
1392.377
1410.072
1403.914
1402.201
1406.333
1408.222
1411.139
1418.35
1420.063
1412.84
1408.708
1349.292
1347.403
1344.486
1337.275
1347.942
1355.164
1344.498
1403.914
1404.942
1406.655
1404.058
1414.933
1418.637
1421.234
1407.623
1414.59
1416.535
1415.507
1404.632
1402.919
1395.951
1392.248
1395.456
1397.123
1399.391
1412.725
1455.891
1459.884
1452.69
1459.065
1456.796
1453.588
1449.595
1443.22
1429.887
1428.22
1421.252
1419.308
1430.183
1443.794
1442.081
1431.206
1430.178
1433.882
1434.91
1441.877
1444.475
1440.771
1442.484
1439.887
1426.553
1419.442
1390.067
1382.856
1378.968
1376.884
1406.44
1414.384
1396.69
1388.745
1359.19
1376.884
1375.468
1373.579
1371.495
1365.12
1375.676
1377.565
1379.648
1381.065
1370.509
1376.884
1405.819
1412.194
1409.597
1389.931
1344.981
1364.648
1346.5
1364.648
1335.713
1329.338
1331.935
1376.884
1378.829
1376.231
1369.264
1371.861
1375.565
1386.44
1386.868
1375.993
1374.28
1370.576
1356.965
1363.933
1364.19
1363.162
1356.275
1323.771
1303.014
1292.347
1249.78
1243.405
1236.438
1236.181
1235.752
1236.78
1243.748
1241.15
1254.762
1252.817
1249.113
1259.988
1261.701
1265.405
1268.002
1257.127
1265.072
1294.627
1286.683
1257.127
1274.822
1257.127
1258.387
1238.016
1245.238
1246.905
1253.873
1255.586
1269.197
1272.9
1275.498
1286.373
1283.775
1284.803
1273.928
1272.215
1271.188
1264.22
1250.609
1246.905
1257.78
1257.884
1259.773
1267.718
1269.051
1261.106
1304.273
1324.644
1335.31
1341.921
1341.366
1330.491
1331.046
1332.074
1338.741
1296.174
1292.47
1295.067
1308.678
1306.081
1316.956
1306.081
1313.049
1312.021
1305.053
1291.442
1295.146
1296.174
1297.887
1296.174
1290.757
1288.868
1291.465
1292.799
1291.771
1248.604
1228.234
1230.123
1223.512
1223.616
1224.644
1267.81
1288.181
1298.847
1304.264
1293.597
1300.208
1298.875
1303.389
1310
1309.896
1302.928
1303.539
1313.931
1323.833
1278.884
1276.116
1282.782
1223.366
1200.019
1193.407
1201.19
1208.157
1214.579
1217.347
1212.833
1209.917
1211.583
1254.75
1261.125
1265.118
1267.387
1280.72
1267.387
1264.178
1262.512
1256.137
1253.868
1249.875
1206.708
1209.917
1203.306
1192.639
1190.75
1190.646
1189.313
1188.285
1215.553
1172.387
1192.757
1165.488
1176.155
1183.35
1183.606
1184.94
1185.044
1186.933
1166.563
1167.507
1160.539
1159.512
1155.808
1144.933
1142.336
1128.725
1127.012
1097.456
1079.762
1071.817
1061.262
1059.178
1065.553
1059.178
1061.067
1071.623
1070.206
1068.317
1069.734
1071.817
1114.984
1121.595
1114.4
1125.067
1145.438
1146.771
1147.799
1149.688
1147.799
1146.854
1136.188
1115.817
1115.56
1114.227
1114.123
1114.227
1120.894
1123.616
1168.565
1165.968
1172.343
1190.815
1193.412
1192.801
1203.192
1192.801
1186.134
1186.745
1188.412
1233.361
1235.958
1207.023
1188.875
1207.023
1200.648
1207.023
1204.426
1184.759
1139.81
1168.745
1188.412
1202.023
1197.509
1193.377
1179.766
1173.391
1170.669
1164.998
1112.498
1112.27
1105.18
1107.852
1111.909
1119
1123.432
1174.977
1180.545
1186.805
1166.805
1156.332
1136.332
1156.332
1155.323
1154.014
1153.911
1152.057
1152.159
1153.468
1159.959
1170.432
1171.441
1164.95
1160.518
1202.9
1160.518
1162.373
1164.6
1196.514
1198.2
1218.2
1224.691
1221.009
1213.209
1206.718
1196.245
1176.245
1133.864
1132.855
1131.545
1131.443
1067.393
1062.961
1058.911
1059.014
1060.023
1061.332
1063.186
1073.659
1053.659
1051.805
1094.186
1062.273
1060.045
1062.273
1094.186
1155.4
1152.85
1151.214
1141.011
1140.411
1142.961
1149.507
1151.907
1156.339
1161.289
1162.975
1189.748
1207.884
1214.43
1217.148
1234.966
1266.248
1267.557
1278.03
1277.02
1275.711
1275.609
1273.755
1280.245
1281.255
1261.255
1261.357
1263.211
1305.593
1299.102
1288.63
1246.248
1266.248
1264.02
1232.107
1228.05
1230.277
1228.595
1221.505
1253.418
1260.509
1202.173
1205.036
1209.093
1216.173
1217.855
1214.991
1207.911
1197.439
1253.102
1254.957
1265.43
1263.575
1258.625
1257.316
1255.089
1254.986
1297.368
1290.877
1289.868
1293.868
1292.014
1272.014
1273.868
1280.359
1281.668
1281.77
1239.389
1228.916
1239.389
1207.475
1209.702
1210.711
1242.625
1247.943
1252.286
1270.105
1321.65
1350.059
1347.832
1341.573
1337.652
1336.016
1293.634
1290.484
1277.393
1216.18
1213.63
1207.084
1268.298
1270.848
1277.393
1279.793
1277.393
1309.307
1277.393
1279.62
1277.393
1270.902
1266.902
1273.393
1262.92
1220.539
1219.53
1219.632
1218.323
1219.332
1261.714
1281.714
1292.186
1292.084
1293.939
1292.084
1293.393
1294.784
1296.639
1295.248
1301.507
1291.143
1289.289
1283.03
1280.984
1283.03
1293.393
1291.166
1259.252
1263.811
1266.039
1310.17
1312.843
1319.389
1318.08
1315.407
1313.552
1269.42
1269.318
1262.773
1261.764
1251.291
1208.909
1198.232
1206.032
1205.486
1216.164
1208.364
1201.873
1181.873
1182.418
1184.645
1182.418
1186.977
1182.418
1188.964
1250.177
1252.577
1246.032
1248.582
1187.368
1184.968
1182.418
1163.109
1156.85
1128.441
1110.623
1066.491
1063.941
1092.35
1110.168
1154.3
1156.85
1163.109
1182.418
1188.677
1159.836
1166.095
1184.232
1177.973
1159.836
1191.75
1164.977
1160.027
1157.309
1139.173
1143.605
1148.555
1179.836
1186.382
1204.2
1209.555
1212.577
1181.295
1182.982
1165.164
1158.618
1154.186
1152.5
1150.273
1152.991
1148.432
1150.659
1182.573
1150.659
1152.886
1150.659
1153.059
1150.659
1144.114
1141.564
1144.114
1205.327
1144.114
1150.659
1152.886
1184.8
1152.886
1150.659
1157.739
1162.082
1164.016
1166.566
1170.202
1175.416
1181.264
1149.35
1147.123
1115.841
1110.168
1112.568
1125.55
1118.47
1121.143
1115.295
1120.614
1122.548
1114.748
1112.814
1117.157
1114.757
1121.836
1108.855
1114.702
1122.502
1118.866
1122.502
1125.052
1122.502
1117.184
1117.184
1112.841
1138.909
1133.695
1140.241
1133.695
1132.305
1193.518
1195.918
1193.518
1132.305
1129.755
1127.709
1117.345
1111.086
1109.232
1111.782
1160.818
1158.145
1151.6
1154.273
1198.405
1204.95
1160.818
1155.464
1160.414
1155.982
1151.032
1133.214
1101.932
1120.068
1117.045
1114.327
1117.045
1134.864
1136.55
1143.095
1136.55
1140.982
1139.295
1170.577
1197.35
1193.007
1197.35
1199.9
1205.748
1231.816
1228.18
1225.63
1218.55
1222.186
1224.12
1198.052
1192.205
1199.284
1197.35
1194.2
1187.655
1126.441
1123.891
1185.105
1191.65
1194.2
1196.6
1194.2
1168.132
1162.284
1157.941
1150.861
1148.927
1142.668
1114.259
1096.441
1052.309
1049.759
1067.577
1086.886
1131.018
1134.655
1163.064
1169.323
1171.873
1173.807
1179.655
1205.723
1212.802
1193.493
1190.943
1193.493
1189.857
1194.2
1220.973
1194.2
1142.655
1124.518
1118.259
1124.518
1142.655
1098.255
1092.255
1091.018
1087.995
1087.45
1095.25
1084.573
1076.773
1077.318
1087.995
1091.632
1087.575
1029.239
1027.384
1024.52
1017.441
1006.968
999.889
973.82
967.973
963.63
961.08
957.443
964.523
990.591
996.439
1000.782
1002.716
1005.266
1003.584
996.493
994.559
933.345
926.8
924.25
921.85
880.057
883.693
890.773
888.223
881.143
855.075
849.227
847.293
849.843
851.777
856.12
861.968
888.036
883.693
880.057
881.884
889.595
896.055
893.191
875.055
872.336
854.518
861.064
859.377
852.832
855.55
857.236
861.668
892.95
910.768
905.818
874.536
879.486
875.055
848.282
875.055
893.191
875.373
871.03
819.484
837.302
888.848
893.191
887.873
893.191
895.125
899.468
905.316
931.384
925.536
921.9
919.35
912.27
910.336
905.993
879.925
883.561
886.111
893.191
937.323
939.995
933.45
939.995
937.323
893.191
900.282
896.645
870.577
868.643
864.3
858.452
851.373
848.823
854.868
835.559
879.691
897.509
925.918
932.177
934.727
928.468
925.918
881.786
863.968
835.559
854.868
858.018
829.177
878.214
884.705
886.559
897.032
939.414
959.414
960.723
960.825
961.834
1010.87
992.734
986.475
992.734
1010.87
1000.398
1020.398
1062.78
1063.789
1065.098
1065.2
1067.055
1073.545
1084.018
1064.018
1063.009
1061.7
1061.598
1059.743
1017.361
1010.87
984.098
977.552
974.834
1006.116
1010.548
1037.32
1035.634
1017.816
999.68
1017.816
986.534
991.484
987.052
989.77
1007.589
1009.275
1004.325
1010.87
990.87
989.861
1032.243
1030.389
1030.286
1036.777
994.395
996.25
985.777
985.88
987.189
988.198
1008.198
1001.707
1012.18
1010.87
1004.03
1003.02
1003.123
1004.132
1046.514
1056.986
1063.477
1061.623
1081.623
1083.477
1063.477
1053.005
1054.314
1053.005
1052.902
1046.411
1004.03
1048.161
1058.839
1065.384
1065.93
1073.73
1076.402
1075.857
1068.057
1061.511
1017.38
1014.707
1004.03
1014.707
1020.082
1048.923
1052.923
1055.309
1057.859
1031.245
1037.736
995.355
993.5
992.191
985.7
987.555
987.657
988.966
989.975
1032.357
1052.357
1057.675
1068.148
1074.639
1073.63
1065.989
1045.989
1039.684
1039.582
1029.109
1087.445
1091.877
1094.595
1087.755
1131.886
1154.809
1149.491
1143
1133.277
1128.845
1126.127
1132.968
1131.286
1128.627
1122.168
1120.341
1126.8
1127.105
1134.816
1127.105
1134.423
1135.432
1136.355
1146.557
1150.702
1155.916
1154.907
1197.289
1197.186
1195.877
1153.495
1151.641
1141.168
1134.677
1136.532
1136.634
1143.125
1144.434
1154.907
1153.926
1154.917
1135.275
1134.06
1134.161
1135.982
1129.607
1119.321
1117.5
1117.818
1116.809
1115.5
1115.398
1157.78
1158.789
1169.261
1175.752
1195.752
1197.061
1154.68
1165.357
1170.732
1173.282
1170.732
1170.732
1168.345
1164.345
1162.118
1156.743
1146.066
1174.907
1177.293
1197.293
1199.52
1171.111
1164.852
1165.277
1162.727
1169.032
1151.214
1169.032
1175.291
1180.118
1185.8
1141.668
1122.359
1119.641
1115.209
1133.027
1101.745
1119.882
1122.6
1129.145
1130.832
1135.782
1109.009
1140.291
1144.723
1139.773
1121.636
1103.818
1102.132
1095.586
1122.359
1116.791
1122.359
1116.1
1112.043
1109.37
1057.825
1064.084
1050.72
1049.808
1042.586
1038.072
1090.572
1090.743
1095.175
1088.743
1092.728
1099.692
1102.317
1102.217
1160.84
1201.735
1202.708
1201.445
1199.656
1218.954
1212.691
1171.796
1152.498
1158.761
1168.866
1170.656
1160.55
1161.814
1160.84
1160.939
1160.84
1161.735
1159.945
1161.208
1160.153
1166.851
1176.782
1176.879
1178.638
1172.483
1162.552
1143.586
1103.397
1102.44
1101.198
1083.475
1077.64
1083.475
1100.381
1125.339
1100.381
1083.475
1083.57
1084.511
1085.731
1131.443
1137.078
1164.129
1165.07
1189.371
1196.193
1191.333
1248.396
1254.417
1247.595
1246.655
1242.79
1241.93
1232.419
1230.847
1240.801
1239.581
1237.852
1236.911
1218.267
1208.504
1208.409
1207.544
1200.96
1203.184
1230.07
1233.799
1228.788
1229.826
1227.449
1225.373
1206.729
1204.504
1210.606
1212.983
1217.994
1221.311
1211.358
1170.218
1167.727
1140.841
1143.333
1184.472
1178.371
1183.328
1179.28
1162.669
1157.712
1109.661
1083.178
1085.712
1102.619
1100.085
1093.983
1069.025
1039.864
1035.733
1018.826
1020.398
1025.013
1008.403
1003.788
1002.216
1006.347
1035.508
1060.466
1066.568
1083.178
1082.14
1109.025
1082.14
1087.15
1083.833
1093.786
1091.561
1087.833
1085.456
1087.833
1089.909
1108.553
1110.778
1105.767
1115.72
1115.212
1122.483
1122.992
1113.038
1105.767
1105.672
1106.612
1106.708
1105.487
1059.775
1054.14
1053.199
1054.419
1060.055
1105.767
1099.157
1100.097
1073.047
1079.869
1085.89
1142.953
1170.004
1194.305
1137.242
1131.22
1124.398
1100.097
1099.157
1117.157
1119.534
1113.699
1119.534
1119.138
1114.638
1108.761
1092.15
1086.854
1113.337
1129.947
1171.087
1170.803
1163.614
1157.593
1196.553
1200.328
1194.494
1196.972
1201.983
1204.36
1201.983
1211.936
1185.051
1187.275
1214.161
1204.208
1199.197
1197.121
1194.896
1176.252
1179.981
1182.057
1188.159
1185.667
1179.566
1182.057
1223.197
1182.057
1176.222
1159.316
1158.095
1203.807
1209.443
1203.807
1203.903
1202.962
1202.867
1157.155
1158.375
1159.316
1163.447
1164.744
1170.765
1171.706
1147.405
1156.915
1160.78
1167.602
1172.462
1145.411
1139.39
1138.449
1131.627
1074.564
1078.695
1103.653
1105.225
1121.835
1124.369
1128.983
1145.89
1141.758
1124.852
1120.237
1103.627
1102.055
1108.157
1102.055
1077.097
1106.258
1077.097
1074.564
1080.614
1074.513
1072.436
1077.447
1079.824
1081.9
1084.125
1074.172
1047.286
1074.172
1069.161
1079.114
1076.89
1073.161
1081.852
1079.475
1074.517
1072.025
1059.924
1052.653
1064.754
1067.246
1069.483
1076.754
1081.712
1079.475
1033.763
1034.703
1033.763
1034.983
1042.602
1048.237
1048.333
1047.112
1047.017
1041.381
1039.856
1042.081
1060.725
1062.801
1065.178
1070.189
1067.964
1077.917
1077.917
1072.907
1070.53
1097.415
1070.53
1051.886
1049.809
1008.669
1002.835
976.352
973.975
955.975
939.364
929.854
924.994
924.053
924.994
931.015
988.078
1015.129
1009.108
1002.286
1026.587
1033.409
1029.544
1032.036
1024.765
1024.256
1014.303
1020.405
979.265
973.163
1014.303
1011.811
1036.769
1042.871
1044.443
1046.977
1063.883
1068.498
1062.396
1066.528
1041.57
1036.956
1034.422
1063.583
1062.011
1057.879
1028.718
1045.328
1028.718
1011.811
1030.456
1025.445
1023.068
1020.992
1002.347
1000.123
1002.199
992.246
1019.131
1021.356
1023.733
1033.686
1006.801
1011.811
1015.201
1021.303
1027.354
1028.574
1028.479
1022.843
1022.939
1068.65
1074.286
1075.227
1074.006
1066.388
1065.447
1040.489
1065.447
1085.097
1124.606
1126.983
1069.919
1096.97
1097.911
1104.733
1077.682
1053.381
1047.36
1071.661
1077.682
1128.136
1121.314
1120.373
1128.424
1148.074
1145.697
1106.189
1086.538
1126.047
1128.424
1153.381
1169.992
1172.369
1182.322
1180.246
1161.602
1165.65
1170.608
1218.659
1216.434
1221.445
1223.521
1221.144
1223.369
1250.254
1240.301
1235.29
1208.405
1227.049
1229.426
1249.076
1229.426
1268.934
1266.557
1227.049
1225.828
1180.117
1174.481
1173.54
1173.445
1171.873
1167.258
1150.352
1147.818
1131.208
1125.106
1120.975
1091.814
1066.856
1061.22
1067.322
1026.182
1023.691
1017.589
1058.729
1061.22
1067.055
1091.356
1108.263
1110.246
1113.053
1142.214
1122.564
1120.186
1080.678
1083.055
1102.706
1142.214
1160.858
1162.934
1165.311
1159.29
1158.35
1160.574
1153.752
1180.638
1170.684
1171.625
1166.614
1109.551
1082.5
1058.199
1055.822
1028.936
1032.254
1056.555
1083.606
1140.669
1138.593
1136.369
1142.39
1123.746
1128.756
1135.578
1150.159
1147.782
1108.273
1110.65
1117.235
1097.585
1100.392
1102.195
1107.646
1111.036
1113.413
1120.013
1144.314
1148.362
1148.362
1145.555
1165.206
1204.714
1202.337
1195.752
1198.129
1152.417
1156.466
1160.515
1155.504
1153.127
1151.051
1148.826
1121.941
1118.623
1099.979
1094.528
1096.905
1098.708
1096.331
1102.93
1127.231
1132.682
1128.633
1122.034
1120.231
1116.841
1120.231
1095.93
1091.799
1037.417
1032.46
991.32
984.943
963.574
961.04
954.989
957.367
937.716
977.225
996.875
994.498
954.989
927.939
921.917
920.977
914.155
889.854
832.79
838.242
832.79
828.742
822.142
797.841
799.644
802.021
805.411
803.034
799.644
806.244
830.544
834.593
832.79
787.078
741.367
721.716
719.339
679.831
638.691
632.589
630.097
635.549
631.5
629.697
627.32
620.72
624.11
625.913
629.962
654.263
660.862
657.472
652.021
654.398
630.097
582.047
576.212
588.669
584.538
575.651
579.853
586.578
590.425
609.39
615.325
617.86
615.325
608.601
604.754
653.634
648.353
653.634
640.961
636.843
639.261
632.547
607.828
602.282
604.116
600.668
604.787
610.332
635.052
632.634
630.8
634.248
640.961
647.116
652.849
653.366
654.983
713.03
742.694
746.541
771.261
764.547
761.099
764.547
766.966
742.246
736.7
740.819
742.653
738.534
740.797
738.379
763.099
769.813
767.978
773.524
767.317
761.162
757.713
761.162
767.369
773.524
748.804
746.386
751.931
747.813
751.931
758.644
753.099
754.933
758.381
760.8
757.351
782.071
780.237
773.524
775.358
781.293
755.905
749.192
745.744
743.325
718.606
713.06
708.942
707.108
724.004
772.884
724.004
719.886
702.989
708.032
712.151
707.108
734.047
736.582
740.03
759.356
765.563
790.282
750.651
753.518
809.807
816.07
813.031
814.004
831.504
872.399
876.259
881.732
884.311
884.605
889.978
891.241
888.781
883.138
840.296
847.127
851.404
873.522
876.101
868.575
871.154
858.627
856.048
858.364
863.496
858.364
865.89
863.575
876.101
896.441
892.164
861.98
868.02
888.36
890.412
907.912
933.066
915.566
928.958
926.868
901.266
931.989
925.842
933.502
962.002
979.065
976.453
913.411
919.561
922.28
951.12
1031.916
1037.916
1044.461
1048.805
1050.509
1057
1058.855
1058.957
1060.266
1061.275
1103.657
1123.657
1134.13
1141.93
1170.948
1153.575
1124.557
1141.93
1134.13
1114.13
1115.984
1109.493
1067.111
1073.602
1073.705
1075.014
1076.023
1074.168
1116.55
1115.241
1115.139
1125.611
1145.611
1135.139
1134.13
1144.439
1150.93
1147.293
1140.748
1144.384
1150.93
1144.439
1143.43
1101.048
1081.048
1070.575
1064.084
1065.939
1066.041
1067.35
1068.359
1078.832
1085.323
1084.014
1104.014
1102.159
1144.541
1144.439
1139.12
1132.63
1128.58
1127.27
1127.168
1125.314
1118.823
1117.814
1075.432
1064.959
1044.959
1045.061
1046.37
1047.38
1089.761
1109.761
1111.616
1118.107
1128.58
1099.561
1091.761
1109.134
1116.934
1099.561
1128.58
1108.58
1066.198
1072.689
1153.484
1159.332
1173.295
1178.864
1189.336
1192.486
1210.305
1208.45
1217.086
1215.777
1216.786
1216.684
1218.539
1238.539
1280.92
1329.957
1330.059
1331.368
1341.841
1335.35
1324.877
1323.868
1272.323
1254.505
1249.186
1244.843
1239.17
1242.798
1243.911
1241.342
1199.717
1198.431
1198.132
1195.507
1194.516
1189.047
1171.234
1172.52
1178.092
1185.029
1185.277
1187.902
1168.825
1164.965
1139.132
1140.921
1139.132
1139.23
1139.132
1149.237
1153.096
1193.991
1195.254
1201.518
1195.254
1154.36
1153.386
1152.123
1142.018
1142.991
1123.693
1153.877
1157.792
1163.265
1144.942
1186.858
1208.227
1208.837
1208.932
1227.576
1233.627
1234.847
1234.752
1233.532
1243.294
1244.235
1234.472
1230.744
1191.235
1190.294
1184.244
1182.515
1222.023
1223.752
1226.689
1234.739
1240.191
1285.903
1277.852
1294.462
1304.225
1258.513
1271.53
1346.847
1330.237
1327.301
1317.538
1312.347
1299.331
1224.013
1218.561
1223.752
1196.701
1180.506
1173.235
1179.845
1234.227
1236.464
1257.833
1239.189
1240.917
1201.409
1200.468
1199.248
1199.153
1200.373
1194.322
1195.263
1195.358
1234.867
1238.595
1248.358
1249.222
1247.494
1237.731
1162.413
1158.364
1163.958
1168.006
1165.472
1220.11
1226.11
1228.602
1222.602
1217.102
1190.665
1217.102
1223.592
1221.142
1223.592
1217.102
1221.165
1242.177
1221.165
1217.102
1207.502
1213.452
1211.752
1211.658
1210.458
1209.608
1170.758
1180.358
1219.208
1217.254
1218.434
1219.344
1221.016
1220.107
1216.5
1216.592
1221.865
1294.713
1250.5
1242.713
1226.648
1223.807
1214.365
1209.092
1214.113
1226.703
1236.145
1163.297
1171.084
1215.297
1218.137
1205.547
1200.527
1216.592
1215.412
1215.32
1177.107
1176.197
1170.344
1168.672
1169.817
1160.217
1155.017
1215.317
1215.917
1216.196
1195.183
1216.196
1175.487
1174.877
1160.297
1178.569
1183.948
1175.759
1129.259
1112.362
1102.431
1115.672
1132.569
1138.114
1135.127
1058.511
1073.834
1082.024
1109.396
1114.587
1124.35
1119.159
1106.142
1100.691
1103.627
1102.331
1108.432
1110.924
1107.534
1088.536
1086.044
1059.561
1035.261
1038.65
1032.549
1059.032
1083.333
1102.331
1096.496
1100.627
1096.496
1101.686
1101.658
1148.908
1143.804
1141.354
1129.104
1131.554
1125.054
1106.721
1113.221
1116.94
1118.69
1071.44
1067.721
1073.458
1075.133
1079.217
1100.229
1137.385
1143.287
1183.202
1188.234
1170.968
1150.956
1151.528
1150.956
1146.004
1145.738
1147.964
1150.06
1092.631
1104.821
1092.631
1087.526
1084.776
1069.22
1026.411
1018.871
1032.978
1044.7
1060.506
1069.796
1072.591
1098.375
1105.915
1096.772
1101.877
1087.77
1092.631
1086.464
1103.925
1108.786
1145.786
1147.381
1142.429
1141.286
1157.119
1156.899
1161.851
1159.518
1176.599
1173.381
1172.393
1173.58
1175.99
1176.217
1177.398
1169.611
1114.418
1108.566
1105.287
1050.094
1053.373
1051.209
1045.307
1100.5
1106.402
1108.701
1102.799
1100.5
1106.352
1108.516
1114.418
1108.775
1080.57
1064.217
1062.299
1043.293
1019.789
975.576
988.166
973.596
978.869
1051.717
1043.93
1027.865
1025.025
1037.004
1031.644
1032.665
1048.998
1056.915
1044.115
1051.606
1054.494
1044.894
1054.494
1081.094
1079.321
1139.621
1140.221
1145.421
1146.983
1144.677
1123.665
1124.165
1081.896
1087.532
1087.023
1086.413
1081.125
1098.032
1096.416
1090.683
1084.528
1106.265
1112.42
1106.731
1106.731
1109.308
1136.657
1109.308
1032.692
1030.114
1023.907
1029.597
1106.213
1112.42
1116.539
1110.332
1052.284
1110.332
1108.056
1110.474
1112.75
1110.332
1106.213
1112.42
1158.92
1160.162
1161.119
1161.216
1166.948
1174.698
1098.082
1097.026
1091.481
1078.239
1093.563
1083.631
1066.735
1072.015
1064.265
1056.075
1062.696
1072.627
1075.614
1072.627
1076.851
1078.899
1080.325
1085.269
1055.606
1051.759
1055.606
1030.886
1042.574
1040.337
1042.714
1048.816
1046.439
1048.676
1042.574
985.511
1042.574
1045.511
1030.447
1023.939
1031.989
1022.227
1067.939
1084.549
1094.311
1092.299
1105.316
1110.767
1186.085
1181.932
1178.996
1171.377
1166.186
1160.735
1165.926
1168.417
1189.786
1193.917
1200.517
1179.148
1172.549
1168.417
1165.926
1160.638
1165.926
1167.629
1166.024
1164.291
1163.67
1164.291
1226.67
1248.407
1186.028
1225.659
1235.784
1254.095
1261.034
1268.347
1273.726
1274.347
1320.847
1320.75
1321.991
1327.724
1321.991
1322.088
1321.131
1322.088
1320.847
1274.347
1332.394
1338.601
1336.183
1333.907
1327.7
1330.119
1272.071
1274.347
1261.106
1252.916
1176.3
1170.754
1165.474
1162.487
1145.591
1099.091
1089.159
1093.853
1111.052
1116.741
1117.698
1116.457
1117.698
1122.978
1128.358
1147.323
1147.084
1164.282
1145.317
1139.938
1099.748
1097.213
1095.481
1135.67
1130.39
1113.192
1113.481
1116.015
1118.291
1125.688
1113.377
1111.101
1123.412
1120.877
1125.92
1118.524
1121.058
1116.015
1110.636
1088.899
1088.278
1025.899
1024.166
1026.442
1020.235
1078.282
1084.489
1086.907
1028.86
1026.584
1024.166
1024.069
1029.802
1028.845
1029.802
1024.069
1022.828
976.328
1022.828
1024.069
1024.166
1005.856
1012.795
973.164
978.543
979.164
986.476
1004.787
1044.418
1034.293
1033.672
1028.293
1020.981
1014.041
1024.166
1021.588
1015.381
1009.692
982.343
982.343
905.726
925.716
935.543
937.138
943.851
990.351
1066.968
1069.955
1089.28
1144.599
1127.401
1121.711
1126.405
1143.603
1149.293
1144.599
1146.358
1152.483
1153.103
1156.821
1169.131
1149.142
1143.31
1141.034
1138.616
1144.823
1086.776
1080.569
1082.845
1092.519
1094.938
1098.784
1103.881
1110.369
1113.817
1123.942
1125.537
1126.494
1139.166
1141.584
1160.909
1237.526
1182.207
1180.612
1177.625
1179.22
1159.231
1112.731
1036.114
1026.287
1006.961
1013.675
1060.175
1063.162
1072.989
1128.308
1131.164
1124.45
1118.718
1117.761
1071.261
1072.502
1071.261
1072.218
1077.95
1077.853
1085.603
1085.7
1092.414
1109.31
1136.25
1160.97
1161.067
1164.558
1194.222
1200.946
1219.761
1221.356
1234.028
1237.476
1239.894
1250.019
1250.259
1247.841
1244.392
1234.267
1232.672
1231.716
1225.228
1212.556
1219.043
1222.03
1231.858
1155.241
1149.086
1142.879
1145.155
1151.362
1209.409
1199.582
1196.134
1198.552
1217.877
1198.552
1195.565
1194.951
1249.098
1195.623
1228.621
1252.304
1250.813
1252.304
1250.175
1241.125
1235.319
1233.056
1230.385
1186.885
1180.605
1186.885
1187.78
1189.425
1198.716
1199.877
1237.474
1243.232
1246.78
1246.871
1256.343
1239.214
1276.288
1293.417
1293.998
1287.506
1294.347
1300.839
1263.764
1268.796
1259.325
1258.744
1253.712
1246.871
1256.343
1261.665
1277.754
1282.145
1276.823
1260.734
1248.879
1244.488
1244.264
1246.526
1244.264
1238.196
1228.724
1240.579
1237.353
1243.421
1244.317
1245.808
1244.317
1247.542
1246.05
1248.845
1197.095
1197.713
1153.5
1147.117
1165.492
1184.498
1181.658
1254.506
1256.023
1262.406
1306.619
1315.385
1306.041
1315.385
1297.01
1244.565
1238.827
1241.319
1237.6
1255.933
1251.006
1251.1
1257.05
1260.769
1299.619
1300.544
1301.744
1311.344
1313.044
1311.344
1311.25
1310.05
1271.2
1267.533
1288.076
1293.087
1309.226
1299.295
1297.032
1298.843
1240.795
1238.377
1232.17
1229.894
1223.407
1225.825
1229.274
1241.946
1242.903
1249.39
1246.972
1243.524
1233.399
1231.804
1230.847
1218.175
1219.769
1229.894
1223.181
1226.168
1245.494
1198.994
1197.399
1243.899
1224.573
1221.586
1211.759
1267.078
1257.858
1267.685
1247.696
1324.313
1325.907
1332.621
1352.61
1275.994
1285.925
1304.89
1305.847
1305.944
1307.703
1301.547
1291.616
1272.651
1232.461
1231.504
1232.746
1239.444
1240.323
1240.226
1238.985
1237.226
1277.416
1279.95
1298.916
1304.196
1321.394
1323.127
1282.938
1284.179
1285.136
1279.856
1262.657
1262.369
1259.834
1258.877
1253.498
1252.256
1257.636
1238.67
1241.386
1241.483
1235.75
1234.793
1236.034
1235.938
1257.675
1253.472
1252.231
1254.765
1248.052
1252.254
1244.504
1291.004
1296.737
1275
1272.466
1279.179
1280.136
1292.808
1280.136
1277.718
1293.218
1305.89
1330.61
1339.541
1341.959
1376.278
1379.667
1406.718
1407.659
1406.718
1408.286
1406.718
1403.328
1396.951
1406.905
1413.282
1403.328
1402.464
1395.879
1386.117
1367.472
1377.235
1376.294
1375.074
1376.803
1376.708
1376.803
1378.023
1378.964
1418.472
1437.117
1435.388
1441.439
1448.038
1502.419
1522.07
1531.731
1534.667
1537.381
1527.72
1576.321
1577.863
1596.209
1589.826
1570.82
1526.607
1525.09
1452.242
1433.867
1431.027
1378.428
1369.133
1374.543
1370.08
1386.432
1391.842
1386.432
1370.08
1374.543
1376.215
1357.84
1354.561
1360.463
1378.838
1404.453
1407.732
1410.141
1407.732
1382.117
1358.613
1352.711
1351.039
1374.543
1373.363
1373.27
1379.123
1388.566
1383.911
1421.508
1422.669
1423.565
1405.823
1400.065
1390.774
1353.177
1352.282
1352.373
1300.623
1298.494
1292.204
1271.869
1292.204
1298.494
1350.244
1352.373
1342.901
1336.833
1337.728
1339.99
1339.095
1348.288
1345.063
1343.571
1355.425
1343.571
1346.796
1356.268
1354.006
1360.075
1361.567
1363.058
1367.827
1346.037
1341.191
1337.533
1340.158
1342.998
1349.381
1296.783
1277.777
1281.434
1275.051
1222.24
1219.571
1227.063
1229.823
1262.26
1259.42
1250.076
1259.42
1310.78
1309.288
1326.417
1319.925
1313.085
1312.504
1349.579
1359.05
1364.083
1364.663
1355.192
1338.063
1300.988
1307.48
1314.321
1309.288
1310.45
1333.575
1339.855
1338.21
1338.119
1336.958
1336.063
1342.353
1343.248
1368.45
1359.159
1353.401
1353.492
1357.648
1319.434
1357.648
1359.32
1359.227
1375.293
1393.182
1411.215
1420.658
1420.75
1414.357
1386.152
1389.471
1395.324
1369.709
1346.205
1328.316
1312.25
1340.455
1334.072
1330.752
1340.379
1346.547
1348.846
1352.125
1353.641
1350.363
1351.273
1350.363
1344.195
1332.145
1344.195
1341.895
1332.268
1330.752
1278.154
1225.394
1217.902
1211.413
1208.652
1199.152
1196.265
1193.596
1192.054
1191.454
1187.86
1175.96
1174.26
1180.181
1183.775
1195.675
1197.375
1191.454
1192.054
1186.104
1185.179
1185.085
1183.885
1178.344
1139.494
1145.444
1155.044
1173.377
1212.227
1193.894
1193.8
1192.6
1183
1183.094
1184.794
1183.869
1182.169
1137.219
1138.419
1132.469
1133.394
1131.852
1129.515
1126.181
1116.394
1104.144
1097.873
1096.948
1043.473
1044.673
1044.579
1054.179
1048.229
1049.929
1050.023
1050.948
1032.615
1071.465
1077.415
1067.815
1066.115
1027.265
1026.34
1025.14
1043.473
1048.01
1042.51
1048.01
1043.473
1060.098
1043.473
1048.4
1052.119
1047.192
1043.473
1061.806
1060.106
1060.013
1098.863
1100.063
1100.156
1109.756
1108.556
1109.481
1111.181
1105.231
1095.631
1077.298
1038.448
1037.523
1043.473
1046.848
1045.148
1039.198
1039.104
1038.179
999.329
998.129
988.529
970.196
969.596
962.888
953.1
935.4
897.09
891.89
884.821
878.321
882.383
876.646
858.313
873.296
897.192
909.442
935.342
991.454
964.854
991.454
967.558
911.446
958.696
954.633
957.083
955.333
951.615
942.981
927.998
915.748
920.852
873.602
868.498
886.831
893.331
897.05
898.8
904.538
902.088
915.779
915.873
919.248
924.027
942.215
948.704
930.517
946.85
930.517
924.027
923.933
949.975
943.475
949.975
946.6
922.704
894.029
867.988
871.706
866.779
862.242
845.617
840.117
836.398
841.325
843.775
844.7
839.596
844.796
845.996
884.846
868.221
829.371
831.046
847.671
846.471
841.271
822.938
822.013
820.338
817.888
822.992
841.325
839.763
811.088
832.1
844.35
848.433
853.308
869.642
873.623
920.873
924.935
945.948
939.458
937.008
939.458
945.948
941.885
920.873
925.8
929.519
925.8
920.873
922.573
934.473
930.879
930.279
918.379
916.679
922.6
926.194
926.794
920.873
917.154
920.654
922.992
942.315
981.165
977.081
981.144
952.469
952.375
934.188
908.146
904.771
898.271
891.781
875.448
870.669
870.169
875.71
881.66
882.16
876.21
874.648
876.21
870.669
873.006
892.329
889.992
928.842
889.992
870.669
872.442
877.317
879.017
905.454
910.381
916.119
922.069
935.235
911.34
885.44
909.335
935.235
879.123
894.106
895.856
883.606
857.006
860.806
870.158
870.158
875.085
870.158
873.877
870.158
867.821
828.971
809.648
811.985
850.835
853.596
858.956
832.356
793.506
790.746
793.083
812.406
851.256
848.919
810.069
808.869
807.944
791.319
789.644
787.194
782.09
776.89
758.556
754.838
726.163
721.383
714.233
712.033
719.183
731.083
733.533
738.408
733.533
735.733
723.833
721.383
740.706
779.556
740.706
738.369
740.706
721.383
717.665
722.592
717.665
721.383
795.446
797.783
758.933
739.61
778.46
797.783
795.446
854.158
855.921
857.621
859.183
898.033
878.71
876.373
895.696
856.846
859.183
853.263
841.363
847.283
847.883
859.783
861.483
865.077
861.483
859.783
859.183
857.508
853.79
848.863
847.163
833.996
828.258
826.485
821.61
826.485
828.185
833.113
839.063
812.625
806.675
801.748
803.521
809.258
822.425
848.863
829.54
790.69
788.352
806.54
803.206
797.206
773.31
747.269
744.819
726.138
741.121
715.221
700.238
724.133
780.246
776.446
767.094
743.198
755.448
781.348
807.948
806.198
815.698
817.648
836.971
852.896
848.833
842.344
821.331
842.344
846.406
843.956
850.446
852.896
851.133
792.421
790.721
789.158
790.921
792.621
851.333
852.896
857.771
810.521
805.646
801.665
805.646
789.313
836.563
852.896
877.438
875.238
821.763
800.75
794.25
798.231
800.004
802.342
805.675
811.035
817.525
841.421
839.858
838.158
836.396
777.683
804.121
809.048
803.31
790.144
785.217
758.779
760.479
758.779
763.654
776.821
770.871
765.996
771.733
773.506
779.456
777.683
793.608
790.015
802.265
817.248
843.148
828.165
825.827
826.427
831.788
831.188
834.521
836.858
840.84
842.613
839.279
845.769
819.169
843.065
786.952
763.056
786.952
781.031
779.331
767.431
779.331
785.252
773.002
769.021
767.248
776.6
771.24
747.344
740.854
744.448
718.548
745.148
746.848
748.548
748.642
766.975
805.825
815.425
816.35
817.55
823.5
825.838
801.942
803.715
807.696
813.056
819.546
843.442
841.669
837.688
832.327
829.99
833.323
826.833
823.5
813.9
814.825
813.625
812.7
773.85
775.55
769.6
779.2
779.294
780.494
819.344
819.25
825.2
823.5
841.833
823.5
825.938
833.156
836.531
852.456
871.779
874.667
850.771
874.667
878
880.338
882.11
882.679
876.19
872.856
870.519
875.879
874.106
868.746
864.765
871.254
865.304
883.638
893.238
894.163
895.363
885.763
867.429
866.229
872.179
872.085
870.385
870.479
831.629
833.329
832.404
871.254
873.129
857.204
837.881
835.444
832.069
847.994
840.775
843.663
840.775
860.098
862.535
865.91
873.129
874.829
875.679
885.279
888.799
895.168
895.395
895.488
857.275
847.832
829.799
828.127
828.035
826.855
825.945
827.125
821.273
826.545
803.041
797.768
796.025
789.641
789.082
786.783
783.504
807.008
810.924
812.668
814.967
818.246
824.629
819.609
817.887
814.23
807.836
812.857
807.213
853.689
857.684
811.209
808.799
826.832
833.225
815.193
818.85
830.9
836.543
838.953
834.957
832.559
851.566
848.246
841.145
825.482
822.641
825.482
827.879
834.98
838.299
819.293
834.957
837.797
831.428
826.952
817.352
816.502
815.302
815.396
854.246
872.579
878.529
888.129
888.035
887.804
888.729
887.029
888.229
889.929
913.825
889.929
885.948
889.281
882.792
884.565
888.546
883.185
888.546
895.035
891.702
889.365
887.592
889.929
895.29
874.277
867.788
865.338
861.275
858.388
861.275
880.598
898.931
904.881
885.558
883.121
879.746
872.527
888.452
872.527
873.727
883.327
885.765
892.983
931.833
892.983
883.383
865.05
864.125
865.825
865.731
864.031
858.081
858.175
861.55
862.475
861.275
866.635
868.973
870.746
874.727
898.623
892.133
889.796
888.023
882.663
858.767
854.785
858.119
854.785
860.735
862.508
868.246
863.371
861.671
835.233
841.723
846.65
848.35
861.517
855.567
853.794
848.056
834.89
829.963
856.4
861.275
858.65
856.95
895.8
897.5
897.406
891.456
891.55
873.217
874.142
892.475
902.075
908.025
869.175
868.25
858.65
857.45
858.65
862.025
869.244
885.169
887.606
890.494
883.275
879.9
877.463
874.575
855.252
874.575
858.65
849.15
845.067
860.05
833.45
824.098
809.115
783.215
770.965
797.565
853.677
877.573
889.823
898.456
874.56
871.227
868.89
867.117
863.135
857.775
833.879
827.39
827.483
826.558
824.858
824.765
825.965
820.015
801.681
820.015
820.94
859.79
820.94
819.74
810.14
816.09
825.69
827.39
830.765
837.983
835.546
828.327
809.004
811.892
809.004
793.079
812.402
814.84
830.765
827.39
811.056
807.075
759.825
754.95
753.2
771.533
753.2
754.9
748.95
749.044
750.244
751.169
790.019
751.169
749.969
740.369
749.969
755.919
754.219
754.125
753.2
779.8
786.95
802.875
803.475
815.375
821.296
824.89
824.29
822.59
818.996
820.696
808.796
802.875
810.094
829.417
845.342
847.779
851.154
835.229
832.342
813.019
810.581
807.206
799.988
802.875
821.063
820.138
801.804
762.954
753.354
752.154
746.204
744.504
744.41
741.919
761.242
741.919
739.481
736.106
720.181
717.294
719.731
722.619
729.838
745.763
738.544
741.919
751.061
751.672
744.331
740.898
737.962
718.311
702.117
699.638
694.044
666.994
650.799
643.528
650.799
666.994
694.044
672.676
685.693
683.89
678.055
664.665
659.655
657.926
652.968
659.019
632.133
637.968
664.854
669.811
663.761
665.489
670.5
683.89
685.693
689.845
744.227
748.275
765.182
771.017
832.339
834.246
828.195
836.741
835.125
834.608
851.082
853.938
855.955
846.127
829.653
809.664
807.647
817.474
789.957
797.353
813.828
797.353
789.957
817.474
812.431
819.828
817.552
804.879
746.832
737.901
713.181
685.664
670.164
675.207
677.741
690.052
682.655
670.345
667.81
670.086
683.707
679.504
651.987
644.591
628.116
626.358
638.668
639.289
626.978
633.103
626.978
623.261
626.978
628.737
628.116
629.95
633.791
637.282
644.679
705.416
709.619
764.938
783.903
789.636
819.662
820.903
821
821.957
816.914
789.565
775.944
774.185
772.351
766.416
761.319
755.164
757.276
767.207
773.362
792.328
793.284
794.526
796.284
796.381
836.571
858.308
860.726
873.968
880.907
887.394
889.412
908.377
895.705
855.515
854.274
848.119
847.162
828.196
847.162
853.317
863.248
863.151
861.392
901.582
891.651
893.409
894.366
895.608
895.705
895.802
894.845
848.345
848.248
849.489
850.446
844.713
891.213
889.972
895.705
905.636
904.679
905.636
903.877
903.78
902.539
862.349
843.384
833.453
835.211
835.308
836.55
842.705
861.67
901.86
895.705
840.386
778.006
773.888
778.112
759.297
755.073
737.875
735.935
732.315
749.513
753.631
808.95
871.33
873.269
879.205
873.269
872.028
881.959
900.925
941.114
942.071
941.974
941.017
934.862
915.897
905.966
907.207
905.448
907.207
913.362
913.459
873.269
873.366
871.608
871.511
870.269
869.313
829.123
810.157
811.916
805.761
807.002
847.192
853.347
862.485
872.416
862.485
863.442
865.2
861.483
860.862
859.103
859.724
863.442
851.131
845.006
857.317
863.442
903.073
908.763
971.142
979.651
980.892
981.849
1028.349
1028.252
1027.295
1021.563
1027.295
980.795
979.554
979.651
973.496
974.453
976.211
976.308
977.55
1017.739
1016.782
1022.938
1003.972
963.782
953.851
972.817
971.058
970.961
969.72
979.651
981.246
980.289
982.047
980.289
980.192
978.95
938.761
939.718
929.787
923.631
924.873
924.97
965.159
984.125
990.28
1000.211
981.246
975.7
995.69
995.593
997.351
995.593
955.403
936.438
935.481
925.55
924.308
925.265
944.231
984.42
994.351
988.196
989.438
989.534
995.69
1017.427
995.69
1002.629
1000.612
987.371
980.431
973.944
987.185
989.203
1008.168
1014.655
995.69
993.272
995.69
985.759
1004.724
1010.879
1010.782
1009.541
1008.584
968.394
949.429
959.36
966.058
966.297
967.539
967.636
965.877
967.636
961.481
961.384
960.427
954.694
908.194
909.435
955.935
961.668
962.625
962.722
961.481
978.679
988.61
1001.851
1014.162
1039.55
1094.869
1136.718
1143.205
1148.584
1129.619
1122.894
1127.097
1175.976
1181.256
1183.791
1189.726
1177.054
1171.119
1168.584
1163.304
1114.425
1118.272
1137.237
1149.909
1156.634
1152.431
1148.584
1142.429
1132.498
1113.532
1106.834
1105.075
1103.834
1103.595
1103.498
1115.912
1117.929
1164.636
1169.733
1173.851
1199.239
1122.623
1128.748
1123.203
1121.263
1122.504
1123.461
1123.558
1077.058
1075.817
1081.55
1075.817
1075.72
1074.763
1121.263
1115.573
1177.953
1183.642
1192.151
1183.642
1121.263
1126.543
1113.302
1126.543
1124.526
1121.67
1123.688
1123.688
1143.677
1160.151
1169.978
1169.978
1175.358
1230.677
1213.478
1188.091
1200.401
1195.022
1208.263
1225.461
1235.392
1277.241
1264
1289.388
1234.069
1227.582
1217.651
1205.341
1211.828
1169.978
1157.668
1155.909
1152.192
1146.067
1145.446
1151.381
1152.7
1154.459
1164.287
1166.226
1163.239
1180.136
1242.515
1248.45
1244.332
1189.013
1193.131
1248.45
1242.515
1246.739
1229.541
1225.317
1162.938
1160.998
1162.938
1180.136
1154.748
1138.274
1144.761
1125.795
1147.532
1145.114
1147.532
1154.472
1160.959
1139.222
1141.239
1154.481
1152.463
1145.976
1139.037
1125.795
1144.761
1146.7
1145.459
1098.959
1098.002
1097.905
1092.172
1107.672
1109.272
1111.987
1056.668
1051.289
1041.358
1024.159
1017.672
1004.431
992.121
998.608
1003.987
1029.375
1071.224
1081.155
1098.353
1110.664
1123.905
1098.517
1056.668
1111.987
1099.677
1097.142
1099.418
1104.461
1106.996
1099.599
1106.996
1119.306
1114.263
1111.987
1110.047
1112.065
1118
1123.097
1118.978
1120.737
1114.802
1089.414
1088.095
1089.414
1096.086
1086.259
1088.198
1098.026
1096.009
1049.302
1044.205
1069.593
1073.711
1071.953
1066.263
1074.772
1080.461
1142.841
1134.332
1071.953
1071.332
1077.819
1080.237
1066.996
1048.03
1026.293
1019.353
1012.866
1010.849
1024.091
1030.578
1037.517
1039.534
1058.5
1080.237
1077.819
1067.888
1077.819
1090.129
1103.371
1120.569
1162.418
1145.22
1151.707
1096.388
1101.767
1127.155
1182.474
1140.625
1115.237
1109.858
1103.371
1091.06
1077.819
1078.991
1097.806
1103.961
1105.72
1107.737
1113.427
1116.918
1122.853
1104.039
1109.974
1116.181
1119.629
1115.405
1170.724
1115.405
1113.466
1107.53
1124.728
1128.847
1191.226
1195.45
1197.39
1193.272
1176.073
1113.694
1123.522
1125.28
1119.345
1118.026
1119.966
1125.901
1127.22
1117.392
1115.634
1113.694
1071.845
1058.603
1046.293
1040.914
1030.983
1005.595
950.276
956.763
1012.082
1022.013
1004.815
1010.194
1016.172
1009.685
1026.884
1052.272
1054.03
1060.651
1063.069
1065.784
1057.276
1062.966
1071.474
1065.784
1003.405
1065.784
1040.397
1036.278
1041.375
1043.392
1090.099
1094.218
1119.606
1117.588
1110.916
1105.819
1112.759
1120.155
1125.845
1104.108
1125.845
1132.332
1125.392
1118.905
1116.487
1103.246
1101.228
1103.647
1105.664
1124.629
1137.871
1118.905
1120.845
1107.224
1105.112
1110.802
1104.823
1160.142
1142.944
1149.431
1174.819
1187.129
1200.371
1210.302
1252.151
1242.22
1186.901
1161.513
1156.134
1149.647
1143.026
1148.405
1165.603
1163.845
1162.086
1160.147
1162.086
1156.151
1154.832
1156.151
1165.978
1167.737
1173.672
1163.845
1108.526
1113.623
1117.741
1134.638
1183.517
1188.56
1194.767
1192.933
1176.459
1166.631
1164.614
1144.625
1145.246
1143.651
1130.409
1131.366
1131.463
1137.196
1183.696
1184.938
1172.627
1167.248
1111.929
1086.541
1044.692
1061.89
1071.821
1085.063
1075.131
1080.511
1092.821
1075.623
1117.472
1172.791
1166.304
1172.791
1159.55
1184.938
1180.735
1199.55
1186.308
1179.369
1160.403
1167.127
1186.093
1179.606
1174.325
1171.791
1165.856
1153.183
1149.336
1142.612
1140.194
1091.315
1072.349
1078.284
1056.547
1063.487
1065.504
1067.922
1065.905
1059.97
1081.707
1085.5
1084.328
1080.836
1062.022
1065.513
1067.53
1065.772
1071.927
1069.909
1063.754
1069.444
1082.116
1085.963
1091.244
1093.778
1097.981
1146.86
1152.795
1166.037
1160.347
1166.834
1168.593
1169.765
1107.386
1115.894
1178.274
1172.584
1164.075
1169.765
1165.647
1110.328
1047.948
1030.75
1028.81
1022.875
1018.651
1019.608
1059.797
1069.728
1075.884
1075.981
1077.739
1078.981
1097.946
1092.849
1094.168
1068.78
1064.662
1058.726
1060.485
1070.313
1068.994
1066.976
1020.269
1010.442
1012.459
1059.166
1064.263
1068.381
1066.442
1068.381
1093.769
1092.011
1097.946
1103.636
1102.394
1092.463
1090.705
1100.636
1100.539
1099.582
1080.616
1074.461
1076.22
1076.317
1077.558
1096.524
1102.679
1142.869
1143.825
1103.636
1102.394
1103.636
1150.136
1150.039
1149.082
1143.349
1096.849
1102.582
1103.539
1103.636
1110.334
1120.265
1122.024
1103.058
1093.127
1094.084
1092.325
1052.136
1052.947
1053.811
1053.907
1055.127
1054.186
1052.966
1046.915
1046.82
1034.617
995.657
1012.564
1025.581
971.199
965.911
952.894
994.034
981.932
1006.89
1012.178
1066.559
1041.602
1053.703
1043.941
1050.318
1009.178
992.271
1002.034
995.657
1005.419
1004.199
1003.258
1021.903
1027.953
1067.462
1066.901
1056.97
1056.091
1054.332
1054.429
1055.67
1056.627
1049.929
1049.832
1051.591
1091.78
1090.823
1090.92
1050.731
1044.575
1042.817
1023.851
1023.754
1025.513
1026.754
1027.711
1017.78
1021.573
1020.332
1026.487
1036.418
1076.608
1079.595
1119.784
1138.75
1148.681
1144.888
1151.043
1149.284
1148.043
1107.853
1106.897
1096.966
1096.869
1098.627
1098.724
1099.966
1100.922
1158.97
1152.815
1106.315
1107.272
1107.369
1106.127
1152.627
1146.894
1148.136
1148.039
1153.772
1152.815
1154.832
1173.797
1195.534
1197.953
1204.44
1197.953
1184.711
1177.772
1175.754
1173.336
1186.578
1164.841
1171.78
1167.987
1195.336
1194.095
1195.052
1235.241
1254.207
1264.138
1263.181
1263.278
1293.541
1295.653
1296.894
1295.136
1296.894
1256.705
1237.739
1227.808
1227.711
1221.556
1227.711
1229.03
1227.091
1225.332
1215.504
1225.332
1224.013
1225.772
1231.707
1225.772
1227.711
1290.091
1298.599
1304.289
1298.599
1236.22
1227.711
1207.722
1201.597
1199.485
1169.222
1171.334
1201.597
1195.442
1185.511
1166.545
1165.588
1164.347
1164.25
1162.491
1164.25
1124.06
1125.302
1126.259
1166.448
1185.414
1195.345
1195.442
1201.597
1195.11
1189.731
1172.532
1162.601
1120.752
1108.442
1083.054
1069.813
1014.494
1009.45
1026.347
996.084
993.972
999.015
1047.894
1052.013
1054.125
1056.543
1052.425
1035.528
1041.735
1099.782
1050.903
1081.166
1083.442
1102.407
1108.563
1148.752
1149.709
1150.95
1151.047
1152.806
1151.047
1144.892
1143.935
1103.746
1103.649
1113.58
1094.614
1084.683
1083.442
1081.843
1051.58
1049.468
1079.731
1081.843
1082.8
1082.897
1129.397
1135.129
1136.371
1089.871
1088.629
1082.897
1082.8
1081.843
1089.239
1086.963
1085.722
1088.256
1083.213
1070.903
1063.506
1062.55
1060.015
1059.918
1058.159
1039.194
1029.263
1023.108
1028.151
1030.427
990.237
1002.547
1007.644
1014.317
1039.705
1041.722
1016.334
1014.317
1009.22
962.513
966.631
962.513
959.797
957.685
987.948
990.06
959.797
966.004
963.728
966.004
963.586
957.379
899.332
901.75
959.797
969.922
1046.539
1063.435
1076.108
1096.097
1108.769
1111.188
1112.144
1118.631
1145.981
1156.106
1185.769
1188.304
1189.903
1193.351
1194.946
1192.834
1162.571
1164.683
1194.946
1225.209
1223.097
1225.209
1194.946
1193.351
1180.679
1177.231
1178.188
1179.782
1189.907
1193.356
1206.028
1199.541
1206.028
1195.903
1193.485
1192.528
1194.946
1189.256
1183.321
1181.304
1180.131
1198.946
1205.101
1207.119
1208.877
1210.05
1208.291
1213.981
1219.916
1201.101
1194.946
1191.455
1194.946
1193.188
1187.252
1185.313
1175.485
1174.166
1168.886
1196.403
1138.356
1132.149
1134.567
1192.614
1190.502
1220.765
1223.041
1220.623
1226.83
1196.567
1194.291
1196.403
1198.42
1197.463
1243.963
1249.696
1250.653
1250.75
1249.509
1253.302
1247.569
1248.81
1248.713
1241.774
1222.808
1176.308
1189.55
1183.063
1189.55
1190.002
1211.739
1214.157
1192.42
1190.403
1177.162
1174.744
1177.162
1178.756
1182.205
1183.162
1193.287
1180.614
1180.614
1179.657
1178.063
1167.938
1180.61
1178.192
1184.679
1181.231
1177.39
1116.653
1109.256
1105.765
1086.8
1082.597
1067.097
1036.834
1067.097
1069.209
1067.097
1077.222
1064.55
1044.56
1046.159
1029.263
1031.797
1044.47
1027.573
1017.448
990.099
1013.33
983.666
1000.563
1020.101
1017.567
1015.968
1018.823
1020.935
990.672
988.56
1018.823
1028.948
1031.366
1034.815
1036.409
1035.453
1041.94
1043.75
1041.332
1028.659
1022.172
1020.578
1010.453
1007.004
1007.244
1001.554
993.045
998.735
1007.244
944.864
1007.244
1013.45
955.403
949.196
946.778
949.054
1007.101
1009.519
1007.244
1008.86
1006.748
976.485
966.36
969.808
963.321
965.739
964.144
962.334
975.006
981.494
983.088
993.213
992.974
990.556
991.513
988.065
990.599
1003.013
1002.916
1001.959
1000.718
954.218
948.485
950.903
957.11
1015.157
1017.433
1015.015
1008.808
950.761
948.485
949.442
942.955
944.55
947.998
958.123
964.61
963.653
950.981
963.653
961.235
957.787
947.662
946.067
948.485
961.157
931.494
951.483
948.948
951.483
938.81
955.707
983.056
980.2
983.575
981.976
981.976
954.627
937.731
950.998
952.57
955.049
950.038
979.354
973.083
948.542
948.542
950.083
943.633
945.583
946.508
944.967
954.754
952.804
955.142
954.217
978.758
968.971
965.638
963.3
966.633
978.883
985.154
989.135
994.063
981.813
987.733
989.408
996.477
990.477
984.977
928.865
931.202
929.002
923.002
920.665
922.865
978.977
984.977
994.577
1012.91
1018.86
1019.785
1020.985
1021.079
1022.779
1061.629
1059.292
1055.958
1046.171
1044.629
1043.704
1037.433
1025.183
1046.196
1042.529
1049.238
1042.529
1044.479
1057.279
1063.55
1061.213
1048.413
1046.463
1064.796
1058.525
1037.513
1039.85
1043.225
1041.35
1047.3
1028.967
1029.892
1031.092
1031.185
1032.885
1026.935
1017.335
978.485
988.085
987.16
985.96
984.26
1002.594
1041.444
1041.35
1050.85
1044.579
1028.246
999.571
996.308
969.871
989.194
1001.444
1017.777
1044.215
1054.002
1082.677
1085.127
1082.677
1081.131
1082.677
1063.354
1051.104
1057.104
1058.804
1061.142
1013.892
1052.742
1071.075
1080.675
1064.342
1058.342
1060.542
1058.204
1056.004
999.892
1005.842
1000.967
996.985
998.185
998.092
996.892
995.967
957.117
938.783
929.183
923.233
979.346
980.271
980.365
978.665
986.89
1031.84
1046.823
1048.773
1060.773
1086.673
1085.473
1083.773
1082.848
1101.181
1102.106
1103.306
1103.4
1105.1
1143.95
1125.617
1116.017
1125.617
1119.667
1125.617
1125.523
1086.673
1092.173
1086.673
1146.973
1155.198
1094.898
1086.673
1105.006
1066.156
1072.106
1071.181
1071.088
1080.688
1074.738
1074.969
1065.369
1065.463
1067.163
1065.963
1067.163
1048.829
1055.304
1053.604
1047.604
1045.404
989.292
986.954
989.154
1045.267
1051.267
1053.604
1091.915
1090.715
1096.665
1106.265
1109.931
1116.406
1117.331
1118.531
1118.625
1120.325
1118.625
1112.675
1094.342
1084.742
1084.648
1078.173
1077.942
1068.154
1055.904
1082.342
1092.129
1120.804
1123.254
1103.931
1075.256
1058.923
1056.473
1068.723
1042.285
1058.619
1057.073
1059.833
1052.683
1067.021
1068.567
1066.129
1051.049
1052.721
1052.814
1053.994
1054.904
1093.117
1091.445
1100.887
1106.74
1100.887
1100.795
1091.352
1087.746
1105.779
1104.869
1103.689
1097.32
1115.209
1117.127
1114.717
1132.75
1136.746
1183.221
1185.631
1191.275
1203.324
1198.303
1151.828
1139.779
1136.121
1129.727
1111.695
1109.777
1104.133
1110.527
1114.184
1110.189
1104.545
1109.566
1108.451
1106.779
1103.459
1097.607
1079.717
1085.361
1090.77
1092.443
1087.033
1090.352
1096.205
1097.32
1104.273
1102.428
1096.26
1090.359
1088.195
1033.002
1030.703
1030.611
992.398
990.725
981.283
963.25
964.922
964.012
982.045
991.488
990.307
996.16
990.307
991.488
992.398
1030.611
1030.703
1024.105
1006.072
993.482
991.564
970.895
968.596
962.428
963.965
965.637
1023.387
1025.121
1021.205
997.066
998.984
1002.9
1027.039
1031.885
1027.039
1025.121
980.711
987.055
988.703
981.75
980.102
985.926
992.879
987.055
987.148
988.82
979.377
961.344
923.131
922.221
916.369
915.189
953.402
971.434
980.877
986.73
1001.475
1002.4
1003.6
1003.506
1010.656
1026.581
1053.181
1061.406
1016.456
1014.506
1040.406
1052.406
1097.356
1112.34
1114.29
1099.306
1073.406
1061.406
1055.906
1084.581
1076.356
1121.306
1140.629
1150.129
1153.017
1227.079
1228.621
1247.302
1300.777
1307.267
1268.417
1267.217
1248.883
1242.933
1242.008
1241.915
1232.315
1230.615
1201.94
1198.606
1195.846
1183.596
1181.146
1179.6
1169.813
1143.375
1127.042
1125.5
1051.438
1070.119
1071.66
1018.185
1011.696
1018.185
973.235
1047.298
1056.798
1059.685
1113.16
1120.652
1111.152
1092.471
1089.583
1070.26
1073.021
1070.683
1068.058
1075.127
1066.902
1061.402
1001.102
1007.602
1002.102
986.177
993.327
966.727
958.11
961.91
954.76
951.873
953.415
959.904
1013.379
1016.267
1006.767
1034.475
1037.191
1046.535
1101.329
1094.079
1091.407
1085.127
1067.048
995.375
993.883
942.133
944.716
943.01
944.716
887.897
886.252
884.74
941.558
943.204
944.716
892.966
890.294
933.794
927.514
898.506
889.162
887.645
889.162
829.919
848.6
851.488
848.819
858.319
877.642
931.117
937.606
934.719
949.531
947.094
949.531
930.85
924.36
925.902
970.852
973.613
1010.25
1000.906
998.066
983.496
981.98
937.766
918.76
866.162
880.732
884.605
887.399
896.593
902.873
899.196
892.276
876.865
892.276
899.196
924.938
939.438
964.502
972.462
984.075
1027.575
1029.462
1014.962
1007.002
1005.115
993.502
950.002
924.938
881.438
843.289
895.887
892.138
890.596
884.106
881.346
878.458
863.646
865.188
884.51
903.192
909.681
919.181
909.681
912.569
957.519
1031.581
1038.081
979.369
977.606
976.044
974.344
964.844
946.163
901.213
827.15
807.827
754.352
799.302
852.777
859.267
852.777
872.1
869.213
870.754
885.567
884.025
886.694
889.581
899.081
894.206
891.756
889.556
894.431
901.581
894.431
896.881
884.981
896.881
899.081
895.1
897.05
892.123
890.173
890.173
935.323
928.873
953.415
957.396
962.323
956.402
949.333
963.72
936.669
929.398
913.203
912.593
909.879
906.943
861.231
851.57
844.97
790.589
770.939
769.371
754.307
749.297
766.203
772.038
732.53
730.547
724.712
719.119
721.597
718.165
712.114
693.619
692.466
689.987
688.258
682.157
625.093
627.47
651.771
657.222
661.271
667.871
669.674
673.064
671.081
658.877
613.165
586.826
571.589
563.225
569.059
588.71
628.218
630.595
633.985
635.788
638.165
642.214
640.411
647.011
643.621
637.021
661.322
666.773
664.396
640.095
634.644
630.595
628.218
647.869
687.377
689.754
670.104
630.595
636.047
638.424
641.814
645.862
652.462
650.659
646.61
641.159
638.782
614.481
607.881
609.684
606.294
630.595
655.553
695.061
714.712
695.061
655.553
653.176
655.553
659.684
661.487
654.888
658.936
634.636
629.184
631.561
627.513
630.903
636.354
632.964
630.587
628.784
653.085
659.684
663.733
662.144
622.636
620.258
600.608
602.985
642.494
662.144
667.595
662.144
668.744
664.695
640.394
633.794
635.597
639.646
643.036
641.233
637.843
662.144
664.521
662.144
679.051
684.886
679.051
662.144
668.703
622.788
624.771
599.814
594.803
590.754
588.771
613.729
618.739
622.788
625.165
644.816
642.439
602.93
642.439
622.788
624.591
600.29
596.242
593.864
600.464
597.074
590.475
585.023
609.324
611.701
615.091
619.14
624.591
622.788
625.267
622.788
662.297
659.919
620.411
600.761
603.138
622.788
619.398
625.998
650.299
655.75
659.799
663.189
660.811
659.008
660.811
654.212
629.911
632.288
628.239
622.788
619.852
607.648
624.258
629.216
633.265
681.316
683.85
759.167
765.269
762.892
765.269
725.761
752.646
792.155
811.805
817.398
797.748
801.797
774.911
772.534
770.731
766.682
761.231
736.93
730.331
726.941
733.551
740.15
740.246
758.742
783.042
809.525
812.958
842.119
858.729
819.22
799.57
797.193
721.875
694.824
714.475
731.381
736.975
741.589
754.979
738.072
754.979
760.814
754.979
748.369
760.826
766.661
771.852
819.903
824.034
842.678
838.547
834.765
822.307
816.472
818.964
800.32
752.269
749.778
744.587
751.197
754.979
740.398
742.877
740.398
744.53
705.57
702.138
697.127
693.078
691.095
693.078
698.089
723.047
698.089
702.138
695.578
741.494
748.093
748.189
744.756
750.807
744.197
745.138
746.358
746.453
748.182
719.021
735.631
739.064
757.559
776.203
785.966
812.449
836.75
830.15
813.54
795.044
770.744
799.905
773.422
812.93
819.54
819.445
813.852
796.945
801.559
807.153
802.538
819.445
821.174
821.269
822.489
812.727
794.083
793.987
812.631
811.411
817.462
815.733
825.496
824.555
825.496
785.987
779.936
819.445
865.157
857.968
859.771
865.822
879.212
885.047
890.057
916.943
918.672
923.629
913.968
916.502
922.604
926.653
932.246
928.197
901.311
895.718
820.4
814.299
811.765
838.65
913.968
915.189
916.129
917.858
936.502
936.597
976.106
970.055
979.818
961.174
951.411
949.682
949.587
955.638
954.697
915.189
913.968
953.477
943.714
944.655
926.011
926.106
927.835
937.597
931.547
937.597
956.242
957.462
956.521
917.013
916.917
915.189
913.968
919.604
919.699
920.64
966.352
967.572
1007.081
988.436
982.386
972.623
972.718
971.498
971.403
969.674
968.733
969.953
988.597
998.36
1004.411
964.903
966.631
966.867
962.252
945.345
949.96
955.553
972.46
966.867
961.032
944.125
949.96
966.867
964.375
1039.693
1032.504
1072.013
1032.504
1032.269
1032.364
1013.72
1014.941
1005.178
1006.907
1016.669
1022.72
1016.669
1015.449
1015.354
1013.625
1017.354
1018.294
1020.773
1018.294
1014.566
1024.328
1026.057
1026.153
1027.373
1066.881
1085.525
1046.017
1052.068
1046.017
1045.076
1035.314
1035.218
1035.314
1041.913
1058.523
1077.019
1101.32
1127.803
1128.744
1157.905
1161.337
1144.727
1138.117
1119.621
1095.32
1068.837
1062.237
1033.076
1032.981
1031.761
1038.371
1034.939
1033.21
1037.258
1020.648
1025.606
1073.657
1025.606
1020.648
1037.258
1033.21
1043.163
1061.807
1060.587
1059.646
1059.551
1020.042
1001.398
991.636
985.585
987.314
993.364
991.636
991.731
992.951
993.892
1033.4
1043.163
1067.464
1121.845
1116.21
1070.498
1078.117
1078.021
1077.081
1075.86
1075.956
1077.176
1082.811
1083.752
1088.367
1082.773
1088.367
1105.273
1100.659
1127.71
1110.803
1112.532
1102.769
1101.549
1100.608
1081.964
1082.905
1076.854
1076.949
1078.169
1038.661
1078.169
1096.814
1106.576
1112.627
1112.532
1110.803
1113.04
1117.998
1120.489
1132.591
1139.862
1137.625
1132.667
1125.396
1113.294
1110.803
1108.82
1104.771
1058.856
1033.898
1028.888
1034.939
1040.773
1054.163
1081.049
1086.059
1087.862
1089.591
1094.549
1088.714
1086.911
1080.86
1067.47
1062.46
1035.574
1033.845
1028.888
989.379
970.735
960.972
954.922
953.701
951.972
951.877
950.936
963.953
990.436
993.826
996.36
1006.314
1009.968
1011.697
1028.604
1033.218
1035.021
1076.411
1072.362
1069.828
1075.93
1102.816
1105.35
1099.756
1175.074
1168.972
1173.021
1097.703
1070.818
1076.411
1076.506
1077.447
1069.828
1064.193
1062.972
1068.608
1067.667
1068.888
1068.792
1114.504
1115.801
1132.708
1127.114
1110.208
1105.593
1111.186
1115.801
1132.708
1126.873
1132.708
1115.801
1089.318
1072.708
1069.275
1069.18
1062.581
1033.419
1009.119
1002.508
984.013
981.534
984.013
977.403
978.343
932.631
978.343
978.439
984.074
983.979
982.758
977.123
976.182
977.403
948.242
943.627
926.72
921.127
927.178
922.167
895.282
893.553
880.163
874.328
880.163
885.121
886.85
913.735
915.538
928.928
933.939
932.136
927.178
921.127
947.61
952.225
969.131
944.831
890.449
914.75
969.131
986.038
980.203
993.593
993.498
992.557
993.498
1039.21
1037.989
1038.085
1032.449
986.737
992.373
993.593
989.544
983.71
966.803
969.282
966.803
918.752
914.703
898.093
893.136
866.25
863.716
857.614
852.021
776.703
772.655
760.588
733.649
728.955
746.153
773.093
777.787
760.588
759.347
758.39
752.657
706.157
706.06
711.157
704.433
710.369
708.61
710.444
705.401
732.75
737.847
744.002
757.623
762.666
760.832
754.677
741.056
735.959
708.61
710.369
704.433
690.813
697.537
648.657
629.692
622.968
627.17
614.498
608.563
613.843
616.377
622.313
634.985
638.832
657.797
653.95
702.83
700.295
695.015
690.813
692.925
668.205
723.524
748.244
692.925
688.722
686.2
690.894
708.093
703.399
676.459
659.261
686.2
692.356
753.093
754.334
750.131
745.088
751.244
778.593
783.69
785.524
799.144
797.31
783.69
788.733
761.384
756.287
754.528
748.593
742.438
748.373
750.131
754.825
750.131
732.933
705.994
732.933
750.131
753.849
733.86
678.541
653.821
680.761
687.248
689.524
686.989
674.679
667.282
672.972
691.938
694.472
695.093
690.05
687.774
695.17
707.481
719.791
721.032
726.075
708.877
726.075
721.381
748.321
753.015
726.075
721.032
714.877
713.043
707.108
693.487
691.728
664.379
659.282
676.179
725.058
730.101
734.22
724.095
722.776
724.61
731.323
756.043
761.588
765.707
768.125
771.573
788.772
815.711
798.513
771.573
776.267
771.573
775.692
773.858
770.409
774.528
749.808
745.69
752.403
777.123
782.668
784.502
782.084
784.502
777.789
781.237
775.692
785.623
739.123
757.938
756.103
760.222
756.774
750.06
725.341
727.759
729.593
724.047
719.929
718.095
721.543
746.263
752.976
750.558
756.103
728.586
734.741
774.931
775.028
776.269
786.2
805.166
806.123
807.881
804.433
802.015
800.181
796.063
771.343
775.461
777.879
779.713
783.162
807.881
802.336
795.623
802.336
807.881
809.476
803.321
784.356
790.511
792.269
792.366
793.323
833.513
852.478
862.409
852.478
812.289
811.332
810.091
809.994
808.235
809.476
826.373
824.539
820.42
814.875
790.155
786.707
784.289
791.002
815.722
821.267
823.101
827.22
830.668
823.955
826.373
786.183
787.063
796.994
800.787
799.028
798.071
799.313
799.409
801.168
795.013
801.711
791.78
792.737
791.496
772.53
755.332
728.392
723.698
740.897
767.836
772.53
772.433
773.054
778.989
820.838
823.373
829.58
835.125
832.707
828.588
803.869
798.323
823.043
821.209
817.761
821.879
828.593
831.011
834.459
827.746
829.58
848.545
844.752
842.994
844.752
844.655
850.81
851.767
853.009
853.106
852.226
892.416
885.718
884.761
883.519
873.588
883.519
873.588
892.554
852.364
851.407
832.442
831.2
831.103
829.345
835.5
845.431
846.672
847.629
887.819
881.664
883.422
883.519
885.343
808.726
815.44
808.726
811.144
812.978
817.097
822.642
847.362
845.528
842.08
839.662
814.942
809.397
805.278
808.726
818.657
820.416
826.571
824.813
823.571
823.474
863.664
862.707
881.672
881.769
882.726
876.571
866.64
847.675
807.485
808.726
791.528
784.815
760.095
754.55
752.716
750.297
746.849
742.731
752.662
710.558
712.317
712.414
713.655
732.621
738.776
778.966
778.009
778.966
777.724
777.627
775.869
756.903
746.972
706.782
700.627
705.67
701.468
652.588
665.261
669.108
675.832
694.797
675.832
670.552
668.017
662.082
658.235
651.511
638.838
644.774
648.892
697.772
714.668
717.203
668.323
663.28
646.384
695.263
700.543
704.746
700.627
710.558
691.593
689.834
689.737
688.496
687.539
647.349
649.108
649.205
650.446
651.403
691.593
710.558
700.627
694.472
700.627
673.688
668.994
651.795
653.554
652.597
612.407
593.442
583.511
577.356
617.545
618.787
619.744
618.502
637.468
647.399
653.554
653.457
651.698
651.795
656.019
657.959
659.692
661.244
671.071
688.269
695.209
697.744
695.209
737.058
743.265
701.416
695.209
700.252
702.515
719.713
709.782
709.685
708.728
668.539
649.573
647.815
641.659
640.418
641.737
651.565
653.323
655.263
661.198
647.578
642.481
647.175
649.752
659.877
686.817
688.575
701.817
700.058
703.506
686.308
682.591
680.013
669.888
656.647
629.707
626.259
629.976
647.175
642.481
649.42
651.36
668.558
670.11
668.17
661.231
657.006
647.179
651.403
649.851
648.119
630.92
632.653
642.481
661.446
671.571
676.668
679.086
681.349
708.698
710.81
710.907
757.407
758.364
759.606
765.338
761.114
754.175
758.399
741.2
739.468
729.64
728.088
726.149
733.088
750.287
760.114
761.847
763.787
765.338
770.435
743.086
753.211
755.629
757.741
776.707
778.97
773.873
763.748
761.636
742.67
740.252
737.989
765.338
758.399
756.459
754.726
753.175
763.002
758.778
763.002
753.175
760.114
761.666
778.864
780.597
782.537
765.338
807.188
813.394
771.545
769.011
762.804
765.338
767.172
768.772
722.272
716.539
715.582
716.823
763.323
762.082
763.039
763.136
763.039
768.772
770.091
771.849
773.789
779.724
769.897
779.724
777.784
771.849
770.53
768.772
767.22
760.28
758.547
760.487
756.263
739.065
748.892
746.953
748.685
750.237
757.177
774.375
764.547
768.772
787.737
789.849
784.752
774.627
777.045
787.17
792.267
819.616
817.198
815.086
796.121
793.858
766.509
768.772
766.496
768.772
763.728
761.194
766.237
758.841
771.151
773.685
761.375
768.772
765.054
771.261
769.149
770.7
768.761
770.7
766.476
768.209
766.476
773.416
766.476
756.649
760.873
743.675
760.873
770.7
769.149
770.881
776.261
776.881
839.261
860.998
859.756
906.256
911.989
911.892
910.651
864.151
864.248
865.205
866.446
865.489
859.756
832.407
842.532
844.795
863.761
865.873
868.291
873.388
868.291
865.873
863.761
844.795
834.67
839.228
836.966
831.922
822.095
820.543
813.603
823.431
806.233
804.293
755.414
759.638
742.741
738.517
736.784
753.983
755.534
757.267
759.207
755.088
762.028
760.787
764.58
791.519
798.006
810.317
816.006
789.067
789.688
777.377
770.89
751.925
753.166
747.476
746.856
744.321
702.472
696.265
712.739
740.256
747.653
750.188
744.032
785.881
792.088
731.351
730.032
724.097
722.338
723.657
713.83
719.765
717.825
719.584
729.412
731.351
733.614
731.502
726.405
736.53
741.627
744.045
746.157
765.123
746.157
736.032
760.963
758.545
756.282
751.724
749.991
750.612
745.233
682.853
661.116
660.496
662.228
724.608
746.345
751.724
749.991
748.44
741.5
724.302
714.474
718.698
720.638
722.371
729.31
739.138
737.198
732.974
734.526
751.724
752.681
758.414
804.914
799.181
797.94
751.44
750.483
750.58
750.483
751.724
759.121
786.638
770.164
742.647
735.25
751.724
755.948
754.216
752.276
748.052
746.5
739.56
729.733
731.672
714.474
716.026
722.966
740.164
749.991
751.724
751.724
761.849
759.586
732.237
734.5
738.293
742.851
744.963
725.998
723.886
726.304
716.179
711.082
716.179
721.558
723.291
722.67
700.933
638.554
633.175
633.795
655.532
717.912
716.179
669.679
665.455
663.515
661.782
660.231
643.032
633.205
633.108
627.375
626.418
625.177
630.909
631.866
631.963
633.205
679.705
672.765
680.162
672.765
670.231
653.756
681.274
697.748
670.231
676.209
682.416
640.567
643.101
636.894
683.601
681.338
683.601
679.808
684.905
680.347
707.696
717.821
715.403
717.515
712.418
702.293
721.259
719.147
721.565
731.392
733.151
727.216
725.897
727.836
729.155
719.328
717.569
715.629
721.565
739.875
741.116
781.306
783.065
792.996
811.961
812.058
813.015
819.17
815.052
824.983
824.886
823.127
824.084
825.325
825.422
827.181
833.336
814.371
833.336
827.181
817.25
777.06
776.103
774.862
815.052
820.431
842.168
904.547
899.168
899.457
898.836
836.457
834.724
835.345
813.608
797.134
789.737
762.22
761.263
761.166
759.925
713.425
707.692
708.649
748.838
750.08
709.89
716.502
726.265
732.316
722.553
721.612
720.392
718.663
700.019
693.968
693.873
693.968
695.697
668.811
678.765
680.989
662.345
664.422
691.307
681.354
676.343
683.404
688.331
686.144
683.806
681.765
684.102
685.302
679.352
685.302
694.902
713.235
714.935
715.029
715.954
715.86
714.66
713.735
674.885
656.552
657.917
697.426
695.697
696.638
706.4
712.451
713.672
703.909
685.265
685.36
683.631
682.411
682.316
684.044
677.994
696.638
736.146
696.638
695.697
700.311
699.701
705.803
746.943
740.841
743.333
740.841
734.964
741.048
714.61
712.423
705.854
703.778
701.4
696.39
723.275
725.5
715.547
717.623
722.633
732.587
734.964
713.595
718.883
720.587
741.956
741.345
802.667
802.383
797.095
735.773
736.383
690.468
697.028
702.621
701.053
700.112
701.333
699.604
699.508
698.288
737.797
728.034
746.678
748.407
748.502
708.994
690.35
700.112
706.163
700.112
701.053
702.782
712.443
702.782
696.947
695.04
693.311
694.608
700.443
702.35
701.053
713.511
717.292
719.784
767.835
771.966
777.801
784.411
771.953
767.822
719.771
714.581
712.089
706.254
702.472
707.663
689.019
682.409
701.053
695.218
685.456
679.405
677.676
696.32
735.828
736.769
736.864
738.593
728.831
710.186
670.678
671.898
670.958
669.737
669.642
679.405
685.456
687.184
647.676
645.947
645.852
644.631
650.682
640.919
634.869
636.597
636.693
637.913
677.422
696.066
705.828
706.769
705.828
687.184
714.07
695.426
693.049
690.972
681.019
654.133
656.358
658.434
656.21
674.854
677.231
682.242
677.231
687.184
647.676
629.032
629.127
623.076
621.347
621.252
620.311
619.091
620.032
638.676
644.727
654.489
693.998
695.727
685.964
687.184
693.744
710.65
785.968
804.966
807.773
796.352
798.977
804.977
807.415
805.74
784.727
724.427
723.827
718.627
713.752
769.865
779.465
779.371
778.171
772.221
733.371
723.771
705.438
703.738
702.813
719.438
726.656
731.583
736.121
740.102
766.144
761.217
742.883
740.696
714.258
712.217
709.879
700.092
697.904
703.904
706.354
665.9
706.354
700.354
697.904
703.854
709.854
713.188
718.716
725.275
723.979
722.072
720.343
710.682
711.979
706.144
715.805
721.64
723.369
725.275
784.983
786.572
788.364
790.093
771.597
774.076
755.078
771.985
769.506
771.583
765.481
797.873
871.935
890.617
909.94
912.565
909.94
915.94
913.898
911.138
904.688
888.063
814
812.227
816.29
822.21
823.756
821.556
828.706
830.906
826.031
818.881
823.756
835.656
833.206
821.306
823.756
783.302
823.756
826.206
832.206
829.756
823.756
839.681
842.569
845.006
852.225
855.6
874.923
876.798
860.465
858.702
799.99
798.29
799.852
798.29
800.052
858.765
852.315
857.856
860.348
861.481
878.106
879.806
878.044
868.544
862.806
861.531
859.656
857.956
861.331
868.55
870.988
890.31
883.092
879.717
882.604
866.679
882.604
863.281
860.844
857.956
839.275
833.275
830.838
756.775
723.686
721.61
740.608
723.701
721.032
701.381
703.86
705.936
712.038
731.689
734.358
809.676
816.235
833.142
816.947
814.011
811.532
808.1
800.758
816.953
819.89
827.231
830.663
850.314
852.792
833.142
828.528
832.576
815.669
832.576
837.587
833.538
840.879
833.538
828.528
802.044
806.659
833.142
825.801
828.737
848.388
850.867
858.208
861.64
841.989
839.053
835.621
819.426
835.621
833.142
842.803
851.867
882.619
885.506
888.175
946.463
947.98
950.695
957.078
973.43
974.545
969.094
967.98
965.529
967.98
973.43
957.078
959.23
959.82
962.66
969.76
973.08
975.477
991.141
984.041
980.721
965.057
962.66
943.654
962.66
959.82
943.467
949.85
891.619
901.119
899.577
893.088
890.327
859.706
890.327
881.415
878.527
887.44
890.2
893.982
895.498
968.346
971.186
961.842
959.217
957.545
956.008
898.258
896.525
903.625
922.631
938.295
941.135
943.533
936.432
920.768
917.449
915.051
896.045
893.205
896.525
897.705
872.09
870.91
864.742
876.447
864.742
870.91
876.32
870.91
896.525
892.918
892.328
892.918
910.951
916.852
919.262
879.471
877.061
916.852
910.951
913.791
920.174
911.408
912.924
931.93
1004.779
1007.404
1016.748
1010.365
1008.848
1006.981
1004.094
959.144
949.644
958.556
987.055
914.207
911.492
912.607
967.799
970.25
964.799
963.684
947.332
944.881
961.234
966.684
963.365
979.029
976.189
960.525
953.424
934.418
932.02
951.027
953.424
956.744
963.844
966.684
965.168
946.162
916.981
910.492
963.967
954.467
951.579
954.467
1028.529
1030.571
1033.196
1052.519
1071.2
1098.049
1100.764
1098.367
1025.518
1022.893
1006.541
997.775
1005.143
1006.66
1062.097
1064.679
1073.873
1079.679
1082.038
1098.127
1096.151
1090.345
1071.645
1053.567
1051.026
1044.784
973.111
979.391
925.089
930.847
927.621
933.427
927.669
921.863
925.089
921.823
914.837
930.248
933.042
917.631
919.99
901.29
908.276
911.542
908.748
927.448
925.089
933.048
881.298
933.048
942.242
940.75
984.25
981.456
972.262
990.962
1005.296
1011.577
1013.069
956.828
959.474
962.268
959.685
957.014
950.734
943.484
946.871
951.903
955.496
961.226
964.704
967.244
963.978
956.992
954.633
939.222
936.427
917.728
912.365
896.276
895.179
892.768
898.131
914.22
915.317
917.728
969.478
917.728
899.028
855.528
849.248
867.327
910.827
929.526
932.321
930.829
928.034
924.873
931.256
940.6
942.117
1014.965
1005.621
991.051
986.588
983.309
979.775
963.422
961.75
959.299
949.672
924.057
911.467
905.566
907.082
913.465
957.678
960.303
887.455
868.449
815.85
771.637
824.236
805.861
803.02
805.861
824.867
834.211
832.695
826.311
899.16
889.816
895.717
950.91
953.209
955.373
949.471
947.061
907.27
904.689
888.336
869.33
816.732
743.883
725.508
719.607
717.209
715.201
705.857
686.85
680.467
636.254
634.738
651.09
648.465
575.617
593.992
612.998
618.9
619.904
622.301
636.871
602.335
608.785
611.41
608.523
625.148
619.606
602.981
600.49
599.356
601.848
607.39
608.523
634.96
618.335
622.873
627.8
635.019
608.977
625.602
651.644
647.106
643.125
647.106
642.179
634.96
632.76
576.648
632.76
634.96
637.298
631.298
628.96
634.96
633.415
632.281
615.656
618.148
619.281
635.906
641.448
638.956
633.415
689.527
687.19
681.19
683.527
681.327
683.527
689.527
633.415
627.677
674.927
671.208
664.708
646.375
641.271
638.821
591.571
579.321
575.258
581.758
585.477
597.727
603.465
605.915
611.019
629.352
633.415
615.715
642.152
698.265
681.64
679.202
698.525
700.963
703.631
720.256
752.859
751.855
754.436
748.535
729.529
711.154
696.584
690.24
696.141
681.797
679.215
693.785
737.998
732.096
734.395
732.096
676.904
682.805
737.998
740.162
737.998
740.449
724.096
721.645
722.76
728.211
744.564
739.113
737.998
734.463
737.045
731.221
728.639
732.291
735.826
741.65
749.74
741.65
746.764
750.207
745.092
741.441
737.998
763.613
769.256
786.666
826.457
842.523
844.822
862.855
901.068
901.977
903.158
903.25
904.922
914.365
920.217
975.41
977.574
983.475
985.775
930.582
928.418
922.516
920.217
920.125
929.568
947.6
948.51
946.838
948.018
946.838
928.805
890.592
928.805
928.898
930.57
929.66
935.512
926.07
920.217
932.807
929.529
923.627
917.775
921.053
926.955
932.807
930.357
924.906
908.553
911.004
909.889
926.242
927.357
932.807
894.594
888.742
889.652
871.619
870.709
870.801
861.359
863.031
868.883
867.703
877.145
915.359
915.266
913.594
914.775
917.762
912.44
874.843
874.933
874.843
873.198
872.302
873.948
872.786
873.948
864.657
902.254
919.996
917.045
911.193
920.635
926.488
927.398
924.773
924.773
927.398
908.391
905.809
899.908
897.9
895.502
901.846
958.974
915.28
900.946
906.752
909.292
911.964
913.94
915.119
917.8
911.994
909.865
907.603
853.3
859.107
861.236
863.498
865.474
919.776
948.087
931.998
927.607
922.839
915.853
890.651
886.798
893.784
898.552
902.405
918.494
922.885
948.087
946.442
964.183
1001.78
1002.675
1004.321
1004.411
998.653
998.563
1004.321
1005.482
987.74
950.143
949.248
948.087
957.377
948.087
950.063
978.373
976.397
948.087
948.982
949.073
954.435
997.935
999.097
1004.46
1010.218
1012.629
1011.532
995.444
990.081
987.669
988.766
1004.855
1008.899
994.829
992.885
955.885
955.004
953.861
953.772
925.911
924.292
929.958
920.815
903.355
897.688
899.308
900.45
900.54
901.421
938.421
940.945
949.945
897.34
895.148
889.523
895.148
893.086
945.691
947.883
949.945
948.352
950.266
946.348
944.434
971.859
1008.281
1008.369
1006.775
1008.369
1002.791
1003.916
967.494
973.072
982.072
981.205
981.117
979.992
980.859
998.047
996.429
987.286
970.429
975.893
1000.694
1016.25
1054.778
1049.313
1033.758
1008.956
1006.73
1023.587
1025.813
987.286
982.964
1019.964
992.103
1019.964
1018.02
1019.964
982.964
983.054
984.196
989.863
999.006
981.546
979.927
974.26
974.171
965.028
965.909
1002.909
1004.426
1006.02
1005.152
1004.027
1001.73
997.16
986.004
983.941
988.512
990.809
991.324
998.027
991.324
1002.48
1019.668
1026.371
1030.18
1033.344
1036.824
1091.867
1082.867
1084.93
1083.016
1030.41
1083.016
1110.441
1083.016
1097.98
1092.266
1094.492
1100.206
1102.151
1100.056
1098.976
1083.143
1077.865
1075.492
1074.349
1037.349
1036.339
1036.248
1035.353
1026.063
1020.304
1021.95
1023.111
1023.202
1060.798
1078.54
1087.831
1093.589
1091.944
1092.839
1094
1137.5
1094
1088.637
1087.742
1093.105
1091.944
1092.034
1091.944
1092.839
1090.863
1089.683
1087.101
1032.074
1029.348
1023.447
1017.102
1014.52
1011.805
1015.084
1017.383
1019.391
1048.166
1046.158
1017.383
1020.826
1026.65
1030.301
1024.477
1027.059
1018.969
1024.084
1027.619
1035.709
1032.057
1026.943
1021.09
1017.555
1017.463
999.43
961.217
960.307
956.865
955.193
945.75
944.57
941.988
948.381
952.377
957.65
967.658
969.502
978.945
979.436
1008.211
979.436
977.428
979.436
924.244
918.342
916.178
913.879
911.871
940.645
942.654
913.879
919.703
923.699
919.703
913.879
911.727
882.953
911.727
909.719
911.727
914.027
920.41
923.689
927.605
932.877
956.381
958.125
958.033
957.123
951.672
952.582
908.369
913.82
913.912
958.125
959.305
958.125
929.35
927.342
931.258
927.98
930.279
933.557
927.174
921.902
945.406
947.15
944.85
943.107
939.191
945.574
922.07
927.342
927.932
922.289
939.699
979.49
1005.105
1010.748
993.338
953.547
937.482
911.867
914.166
911.867
927.932
911.58
907.117
932.732
939.832
944.678
939.832
944.295
940.379
933.279
937.195
953.547
927.932
934.326
930.41
928.666
926.367
923.088
929.471
932.75
935.049
911.545
905.162
910.434
912.178
916.094
910.822
934.326
939.121
985.596
1001.662
1005.578
1004.057
1016.648
1071.84
1073.094
1078.996
1073.143
1076.422
1082.275
1076.373
1073.094
1028.881
1028.973
1029.883
1035.334
1079.547
1080.727
1079.547
1078.637
1078.545
1073.094
1077.01
1073.094
1067.822
1064.543
1062.799
1065.098
1066.842
1072.115
1069.816
1076.199
1069.816
1073.094
1049.59
1073.094
1061.389
1060.799
1059.619
1034.004
1015.971
1010.561
1004.393
949.201
945.285
942.986
936.602
939.881
936.602
931.33
933.629
931.885
935.801
941.074
964.578
970.961
947.457
949.201
958.643
964.496
965.406
966.586
966.678
968.35
1006.564
1024.596
1001.092
999.348
994.076
990.16
987.861
984.582
990.965
984.582
989.855
993.77
995.514
997.814
1001.092
1024.596
986.383
985.473
984.293
984.201
982.529
973.086
974.758
974.85
968.998
969.908
1008.121
1026.154
1035.596
1041.449
1023.416
1024.596
1027.178
1033.002
1041.092
1037.65
1032.535
1026.711
1023.176
1020.594
1021.775
1025.426
1028.961
1025.309
1030.424
1029.244
1023.793
1015.703
1059.916
1065.367
1066.277
1066.369
1066.277
1069.719
1025.506
1024.596
1022.752
1018.836
1013.564
990.059
991.803
990.059
983.676
981.377
1004.881
1011.264
1016.537
1020.453
1022.752
1026.031
1022.752
1024.424
1023.514
1022.334
1022.242
1020.57
1011.127
1012.037
1012.129
1006.277
1044.49
1062.523
1071.965
1077.818
1039.605
1021.572
1022.752
982.961
999.027
1038.818
1056.227
1081.842
1084.141
1058.527
1042.461
1025.051
1022.752
1028.395
1022.752
1019.473
1017.174
1015.43
1010.158
1011.83
1017.682
1027.125
1045.158
1083.371
1084.281
1080.365
1081.545
1043.332
1036.949
1037.041
1013.537
1011.865
1006.012
996.57
978.537
978.445
977.264
976.355
976.262
977.172
1015.385
1024.828
1028.434
1028.527
1029.707
1028.797
1034.65
1036.322
1035.141
1025.699
987.486
969.453
963.6
961.928
961.338
961.246
960.336
916.123
914.943
909.492
911.164
912.344
913.254
951.467
945.615
936.172
932.566
930.893
929.984
928.803
928.711
928.803
929.639
939.082
942.689
904.475
913.918
931.951
944
944.91
943.238
943.145
941.965
932.523
894.309
890.703
889.867
889.959
889.049
895.443
896.623
914.656
952.869
906.393
902.398
904.07
900.412
906.264
899.871
903.529
891.48
873.447
871.037
866.016
870.012
916.488
921.508
923.918
929.561
923.918
897.914
910.504
897.914
893.998
898.461
893.615
919.23
893.615
877.262
884.363
877.262
882.109
886.025
902.377
897.914
899.094
900.004
938.217
956.25
965.693
966.529
960.676
951.234
913.02
912.111
912.203
910.531
912.203
911.023
910.93
892.898
883.455
845.242
844.061
843.969
842.297
824.264
823.428
822.518
823.699
825.371
843.404
881.617
887.469
896.912
897.004
897.914
853.701
853.609
844.166
805.953
804.281
798.428
797.248
779.215
778.305
780.605
806.219
823.629
783.838
823.629
807.564
801.92
799.621
774.006
756.596
772.662
778.305
762.24
808.715
812.631
828.697
823.902
777.426
782.221
778.305
772.453
766.551
763.273
769.096
763.982
755.891
750.068
747.486
751.137
754.58
750.928
756.043
752.6
755.182
763.273
766.807
763.273
789.277
794.686
867.535
873.436
875.887
879.803
952.652
978.656
991.607
1031.639
1037.283
1049.086
1061.135
1066.779
1075.545
1049.541
1068.547
1106.76
1109.059
1083.445
1077.801
1075.502
1056.496
1016.705
1000.639
1002.939
1042.73
1061.736
1079.145
1117.359
1133.424
1159.039
1141.629
1147.273
1144.973
1106.76
1109.059
1092.707
1097.553
1093.09
1097.553
1113.906
1088.291
1081.191
1076.344
1072.428
1079.529
1105.143
1109.059
1097.355
1090.322
1087.912
1090.076
1107.694
1102.819
1109.969
1114.844
1126.744
1129.194
1073.081
1034.231
1014.908
1034.231
1073.081
1075.419
1073.081
1067.131
1069.892
1108.742
1106.404
1067.554
1048.231
1050.569
1040.394
1038.056
1035.719
996.869
994.108
1032.958
1052.281
1054.619
1015.769
1019.102
1021.44
1033.69
1039.96
1040.885
1042.427
1052.215
1049.877
1011.027
1030.35
1011.027
1013.365
1052.215
1060.44
1063.94
1055.715
1053.09
1056.683
1059.308
1065.229
1070.429
1064.508
1060.915
1057.202
1052.002
1048.502
1052.215
1048.881
1058.669
1057.744
1060.081
1053.81
1052.269
1053.81
1044.023
1040.69
1044.023
1045.773
1052.044
1052.275
1049.938
1037.688
1111.75
1114.088
1140.525
1146.025
1150.006
1130.683
1169.533
1167.196
1128.346
1134.346
1128.846
1054.783
1048.783
1046.292
1048.783
1022.346
1018.365
1037.688
1047.188
1030.854
1025.117
1051.158
1056.896
1039.196
1036.858
1053.192
1093.646
1095.983
1055.529
1073.229
1047.188
1043.854
1046.192
1055.979
1057.521
1069.771
1070.696
1076.967
1080.3
1077.963
1076.421
1076.19
1069.919
1060.131
1058.381
1019.531
1000.208
997.871
992.996
976.663
972.681
925.431
935.219
934.294
936.631
935.09
938.423
936.085
937.627
938.552
950.802
938.552
935.219
925.431
919.16
925.431
919.51
915.448
905.66
911.931
912.856
914.398
902.148
895.877
894.952
904.74
907.077
903.744
915.994
913.656
912.115
915.448
919.429
914.502
919.429
893.388
886.169
888.94
872.315
867.777
872.985
880.204
884.742
880.76
893.01
893.935
893.01
890.673
880.885
887.156
889.494
899.281
887.031
880.76
882.302
878.969
882.302
880.76
870.973
858.723
856.385
866.173
867.715
868.64
874.91
887.16
885.619
884.694
878.423
881.756
878.423
880.76
867.96
894.002
911.702
952.156
926.115
928.452
887.998
871.665
853.965
851.627
857.365
873.698
867.96
867.035
863.702
853.915
852.373
850.035
843.765
831.515
830.915
774.802
780.302
785.502
811.94
814.431
820.431
894.494
881.694
885.675
889.269
885.288
881.788
878.194
874.481
869.281
871.906
877.827
869.602
877.827
803.765
807.265
804.773
798.773
802.485
796.985
770.548
767.923
762.002
755.502
759.565
753.065
734.731
722.481
727.585
774.835
780.573
784.292
790.792
793.242
789.179
741.929
736.825
734.375
728.638
740.888
737.169
755.502
829.565
755.502
742.335
783.035
836.51
862.948
874.948
880.685
871.773
866.035
854.035
841.785
801.085
814.252
819.99
793.552
787.815
800.065
794.327
777.994
751.952
734.252
693.798
691.46
684.242
680.26
677.49
672.952
667.744
662.817
661.542
587.479
581.979
555.542
551.56
549.069
543.069
539.569
542.194
536.273
533.648
530.054
526.342
521.142
512.917
521.142
527.063
532.263
535.856
539.569
543.069
535.919
533.469
521.569
519.369
514.494
455.781
451.719
433.385
430.01
422.86
419.148
427.373
421.452
418.827
415.233
411.521
406.321
408.946
412.54
416.252
421.452
424.952
430.873
422.648
419.148
413.41
426.577
414.577
408.84
414.577
361.102
334.665
408.727
368.027
354.86
342.61
354.86
395.56
449.035
475.473
401.41
407.148
419.148
417.273
413.21
406.71
406.21
396.61
391.25
381.75
375.25
371.188
323.938
318.833
316.383
310.646
298.396
294.677
276.344
270.423
266.923
263.21
254.985
251.392
248.767
243.567
317.629
311.892
306.154
294.154
281.904
241.204
187.729
200.896
206.633
212.371
224.371
236.621
277.321
330.796
335.202
322.035
247.973
221.535
208.369
202.631
196.894
143.419
131.169
90.469
16.406
4.406
0
