21
69
127
154
174
243
278
297
347
366
433
486
518
590
613
650
715
781
856
918
1015
1087
1112
1123
1168
1220
1228
1272
1274
1354
1400
1454
1479
1552
1636
1731
1807
1808
1826
1816
1768
1710
1683
1663
1594
1559
1529
1504
1495
1428
1375
1347
1306
1283
1217
1152
1164
1201
1259
1286
1306
1375
1409
1439
1489
1508
1552
1605
1662
1744
1767
1833
1898
1965
1978
2036
2036
2105
2105
2105
2153
2228
2228
2228
2228
2268
2268
2268
2309
2309
2340
2351
2423
2433
2502
2562
2660
2701
2734
2812
2885
2965
2980
2981
3057
3131
3167
3242
3284
3378
3449
3516
3553
3598
3663
3703
3793
3824
3907
3980
4030
4089
4091
4188
4234
4291
4321
4370
4410
4432
4457
4457
4460
4491
4491
4534
4567
4567
4567
4567
4567
4567
4557
4509
4451
4424
4404
4335
4300
4270
4245
4226
4159
4106
4078
3996
3973
3907
3842
3842
3890
3948
3974
3994
4063
4087
4115
4115
4115
4159
4159
4159
4159
4182
4182
4247
4249
4253
4333
4360
4445
4541
4549
4560
4563
4631
4720
4775
4875
4951
4991
5078
5135
5155
5155
5241
5339
5436
5455
5456
5471
5539
5572
5572
5624
5624
5624
5619
5547
5537
5468
5408
5310
5269
5236
5158
5079
4999
4984
4995
5067
5077
5146
5206
5304
5345
5378
5456
5529
5609
5624
5658
5658
5706
5706
5746
5746
5766
5766
5766
5858
5858
5858
5858
5917
5992
5992
6084
6084
6084
6036
5978
5951
5931
5862
5827
5797
5797
5797
5730
5730
5730
5730
5707
5707
5642
5663
5711
5769
5796
5816
5885
5920
5950
6000
6019
6086
6139
6196
6278
6301
6367
6432
6410
6345
6282
6192
6161
6078
6005
5955
5896
5894
5939
6004
6044
6134
6165
6248
6321
6371
6430
6432
6398
6398
6350
6350
6309
6309
6289
6289
6289
6189
6189
6189
6189
6130
6055
6055
5963
5963
5997
6002
6050
6079
6120
6213
6233
6290
6350
6450
6541
6564
6648
6707
6782
6812
6904
6957
6936
6888
6830
6803
6783
6714
6679
6649
6599
6580
6513
6460
6403
6321
6298
6232
6167
6188
6236
6294
6321
6341
6410
6445
6475
6525
6544
6611
6664
6721
6803
6826
6892
6957
6952
6880
6870
6801
6741
6643
6602
6569
6491
6412
6332
6317
6328
6400
6410
6479
6479
6577
6618
6651
6729
6729
6809
6809
6787
6722
6659
6569
6538
6455
6382
6332
6273
6271
6316
6381
6421
6511
6542
6625
6698
6748
6807
6710
6712
6689
6632
6602
6553
6513
6502
6477
6477
6553
6552
6552
6521
6521
6521
6595
6552
6587
6554
6589
6589
6626
6626
6626
6626
6626
6626
6626
6626
6626
6626
6684
6781
6781
6827
6827
6884
6884
6914
6958
7007
7047
7069
7094
7176
7176
7207
7236
7236
7269
7269
7269
7269
7335
7335
7318
7316
7268
7239
7198
7105
7085
7057
6997
6897
6806
6783
6699
6640
6565
6535
6443
6390
6414
6419
6467
6496
6537
6615
6635
6689
6689
6789
6789
6812
6812
6871
6946
6946
7038
7038
6972
6897
6835
6738
6666
6641
6630
6585
6533
6525
6440
6419
6371
6313
6313
6286
6361
6341
6341
6272
6272
6237
6237
6207
6207
6157
6168
6159
6159
6092
6143
6090
6090
6033
6033
5951
5928
5862
5797
5818
5866
5924
5951
5971
6040
6075
6105
6155
6174
6241
6294
6351
6433
6456
6522
6587
6500
6443
6423
6423
6337
6239
6142
6123
6123
6116
6048
6015
6015
5963
5963
5963
6050
6107
6127
6127
6213
6311
6408
6427
6428
6428
6496
6529
6529
6581
6610
6610
6694
6697
6768
6840
6884
6895
6962
6999
7003
7012
7097
7137
7192
7214
7220
7241
7241
7327
7260
7246
7163
7163
7094
7094
7094
7046
6971
6971
6971
6971
6893
6893
6893
6852
6852
6792
6859
6873
6956
7000
7069
7126
7217
7265
7340
7347
7394
7433
7399
7477
7475
7475
7427
7456
7442
7483
7442
7442
7349
7380
7360
7303
7303
7203
7203
7180
7180
7121
7046
7046
6954
6954
6954
6954
7002
7002
7043
7043
7057
7057
7057
7157
7157
7157
7157
7216
7291
7291
7291
7291
7291
7291
7291
7350
7391
7443
7443
7516
7596
7596
7596
7596
7596
7654
7632
7567
7504
7414
7383
7300
7227
7177
7118
7117
7152
7217
7257
7257
7288
7288
7288
7361
7285
7285
7211
7270
7234
7236
7161
7119
7108
7014
6942
6871
6861
6794
6725
6688
6688
6590
6549
6550
6517
6517
6439
6513
6513
6513
6433
6508
6508
6508
6508
6579
6579
6646
6646
6683
6693
6693
6693
6693
6734
6767
6767
6767
6847
6847
6847
6847
6888
6888
6888
6888
6888
6974
6974
6974
6974
6974
6974
6974
6953
6905
6847
6820
6800
6731
6696
6666
6616
6597
6530
6477
6420
6338
6315
6249
6184
6205
6253
6311
6338
6358
6427
6462
6492
6542
6561
6628
6681
6738
6820
6843
6909
6974
6974
6974
6926
6926
6885
6885
6865
6865
6865
6765
6765
6765
6765
6706
6631
6631
6631
6631
6665
6670
6718
6747
6788
6881
6901
6958
7018
7118
7209
7232
7316
7375
7450
7480
7572
7625
7546
7546
7546
7472
7437
7373
7336
7336
7336
7336
7336
7336
7278
7278
7278
7278
7217
7296
7327
7387
7461
7496
7560
7597
7679
7685
7723
7770
7787
7845
7939
7964
7987
8048
7951
7905
7848
7818
7769
7729
7707
7685
7660
7595
7513
7450
7450
7450
7419
7388
7359
7359
7359
7286
7253
7253
7253
7194
7194
7192
7192
7126
7126
7126
7191
7191
7288
7288
7288
7288
7288
7288
7318
7391
7440
7440
7480
7539
7539
7539
7564
7564
7564
7564
7564
7564
7597
7597
7653
7653
7653
7653
7619
7598
7593
7545
7497
7439
7410
7383
7342
7322
7229
7160
7140
7105
7048
7018
6958
6908
6808
6789
6698
6631
6608
6555
6471
6414
6355
6273
6198
6175
6145
6079
5987
5922
5869
5890
5890
5938
5938
5996
6044
6071
6071
6091
6132
6201
6201
6236
6256
6286
6286
6336
6336
6355
6455
6522
6522
6575
6575
6575
6575
6575
6634
6634
6709
6775
6775
6840
6840
6840
6897
6970
7026
7070
7083
7161
7215
7247
7321
7402
7453
7502
7507
7542
7579
7595
7606
7606
7606
7596
7596
7596
7596
7555
7522
7522
7522
7442
7442
7453
7453
7463
7463
7463
7463
7463
7496
7496
7496
7570
7570
7596
7670
7755
7854
7906
7920
7920
7935
8015
8104
8104
8104
8129
8129
8198
8198
8198
8198
8257
8257
8257
8257
8298
8298
8298
8298
8298
8314
8314
8314
8353
8373
8400
8400
8400
8462
8462
8462
8515
8547
8547
8584
8676
8676
8676
8676
8676
8628
8628
8587
8587
8567
8567
8567
8467
8467
8467
8467
8408
8321
8246
8189
8189
8169
8169
8169
8169
8083
7985
7888
7922
7913
7918
7917
7965
7965
7991
7923
7964
7931
8024
8024
8044
7992
8049
8020
8080
8080
8180
8271
8294
8294
8378
8378
8437
8437
8512
8512
8542
8628
8720
8720
8773
8773
8773
8773
8773
8773
8806
8806
8806
8806
8806
8785
8737
8679
8652
8632
8563
8528
8498
8448
8429
8362
8309
8309
8309
8309
8243
8178
8178
8178
8236
8236
8236
8236
8236
8236
8236
8236
8236
8236
8236
8236
8236
8236
8301
8311
8370
8439
8487
8494
8535
8558
8574
8610
8694
8794
8871
8889
8922
8968
9005
9005
9005
9003
9003
8999
8999
8919
8919
8892
8932
8847
8847
8751
8751
8743
8743
8732
8732
8729
8729
8661
8572
8517
8417
8341
8301
8303
8307
8387
8414
8499
8595
8603
8614
8617
8685
8774
8829
8929
8929
8969
8969
8904
8904
8904
8904
8904
8831
8831
8772
8772
8772
8837
8837
8837
8837
8837
8910
8910
8969
8969
8969
8969
8980
8980
9072
9072
9072
9072
9137
9137
9137
9137
9137
9202
9123
9092
9032
8958
8923
8859
8822
8740
8735
8729
8729
8691
8681
8634
8634
8617
8617
8559
8559
8465
8465
8440
8407
8384
8384
8323
8323
8243
8243
8243
8243
8243
8254
8328
8400
8400
8410
8410
8479
8479
8539
8539
8539
8539
8580
8580
8613
8613
8613
8613
8692
8750
8830
8830
8845
8845
8845
8845
8811
8809
8761
8732
8691
8598
8578
8521
8461
8361
8270
8247
8163
8104
8029
7999
7907
7854
7888
7893
7941
7970
8011
8090
8110
8110
8110
8210
8210
8233
8235
8235
8296
8355
8376
8451
8488
8518
8590
8682
8702
8702
8724
8771
8828
8903
8943
8962
9021
9027
9072
9105
9201
9290
9338
9403
9414
9414
9355
9355
9355
9355
9314
9314
9314
9314
9314
9364
9423
9520
9529
9591
9632
9670
9741
9775
9780
9723
9650
9594
9550
9537
9459
9405
9373
9299
9218
9167
9118
9113
9078
9041
9025
9014
9014
9087
9087
9087
9087
9087
9141
9141
9141
9141
9141
9141
9141
9141
9141
9141
9141
9115
9041
8956
8857
8805
8791
8791
8776
8696
8607
8607
8607
8582
8582
8513
8513
8513
8539
8613
8698
8797
8849
8863
8910
8925
9005
9094
9122
9136
9161
9163
9232
9232
9309
9309
9309
9251
9251
9251
9251
9251
9251
9251
9251
9251
9251
9251
9251
9251
9251
9186
9186
9186
9181
9181
9089
9089
9089
9089
9018
9018
9018
9018
9018
8953
9003
9103
9114
9122
9214
9308
9311
9375
9446
9503
9530
9582
9602
9667
9570
9570
9570
9540
9491
9451
9451
9426
9426
9426
9426
9426
9426
9359
9326
9312
9312
9229
9131
9087
9087
9018
9018
8990
8990
8899
8851
8776
8873
8866
8912
8865
8922
8883
8913
8835
8884
8884
8924
8895
8917
8876
8901
8901
8983
8923
8926
8955
8984
9051
9094
9108
9141
9141
9224
9311
9246
9290
9388
9388
9457
9457
9457
9514
9580
9580
9671
9671
9671
9719
9646
9721
9721
9728
9669
9716
9716
9751
9829
9829
9829
9870
9870
9870
9870
9870
9870
9870
9870
9830
9830
9830
9830
9830
9830
9855
9865
9932
9977
10057
10023
10028
10079
10079
10074
10102
10102
10054
10054
10142
10142
10113
10113
10113
10072
10112
10167
10074
10103
10111
10122
10214
10194
10266
10266
10266
10266
10266
10284
10284
10284
10302
10302
10202
10202
10202
10271
10260
10260
10313
10313
10254
10254
10254
10179
10149
10057
10057
10017
9998
9939
9933
9888
9855
9759
9670
9622
9557
9546
9586
9605
9664
9670
9715
9748
9844
9933
9981
10046
10057
10041
10041
10041
10002
9982
9969
9969
9969
9907
9907
9907
9853
9821
9821
9784
9692
9692
9692
9708
9708
9708
9747
9767
9794
9794
9794
9856
9856
9856
9910
9942
9942
9942
10034
10034
10034
10046
10078
10150
10160
10160
10197
10197
10197
10262
10262
10262
10262
10262
10262
10320
10320
10320
10320
10320
10320
10245
10245
10245
10245
10245
10240
10240
10188
10188
10188
10188
10188
10114
10114
10039
10039
10039
9968
9901
9864
9814
9755
9658
9649
9587
9546
9508
9437
9403
9398
9448
9507
9604
9613
9675
9716
9754
9825
9859
9864
9822
9819
9748
9676
9632
9621
9554
9517
9467
9463
9363
9354
9343
9258
9250
9210
9118
9063
8969
8947
8944
8941
8877
8853
8782
8782
8725
8639
8612
8560
8540
8624
8559
8562
8633
8705
8705
8705
8804
8815
8826
8893
8901
8938
9019
9019
9102
9111
9111
9196
9256
9296
9367
9422
9422
9422
9422
9422
9422
9422
9442
9442
9507
9593
9582
9510
9500
9431
9371
9371
9330
9297
9297
9218
9138
9123
9123
9134
9134
9206
9165
9175
9175
9244
9244
9304
9304
9402
9402
9443
9357
9390
9390
9468
9468
9547
9547
9627
9627
9642
9642
9642
9724
9744
9785
9849
9849
9900
9976
10062
10073
10080
10080
10080
10176
10269
10269
10269
10286
10356
10355
10430
10488
10488
10536
10536
10546
10466
10477
10510
10531
10531
10508
10508
10508
10508
10454
10454
10454
10454
10442
10369
10369
10410
10509
10509
10509
10509
10546
10462
10533
10627
10627
10532
10560
10639
10658
10620
10677
10677
10677
10668
10628
10609
10550
10544
10499
10466
10370
10281
10233
10168
10157
10197
10216
10275
10281
10326
10359
10455
10544
10592
10657
10668
10668
10668
10668
10668
10582
10582
10582
10582
10582
10582
10582
10549
10549
10549
10549
10549
10641
10730
10750
10776
10812
10896
10952
11014
11069
11103
11125
11125
11135
11234
11304
11315
11329
11396
11396
11395
11334
11324
11287
11215
11195
11184
11137
11080
11005
11007
11068
11089
11126
11198
11218
11239
11263
11237
11283
11209
11284
11199
11100
11048
11034
10987
10987
10980
10907
10827
10827
10738
10738
10738
10710
10710
10710
10688
10688
10688
10663
10589
10535
10533
10533
10533
10464
10464
10464
10464
10464
10464
10387
10387
10387
10387
10387
10387
10387
10413
10413
10413
10487
10487
10487
10572
10514
10514
10613
10613
10613
10665
10665
10679
10679
10726
10726
10783
10798
10871
10951
11007
11096
11175
11219
11247
11275
11288
11310
11359
11437
11462
11536
11590
11590
11625
11657
11657
11721
11795
11795
11832
11913
11913
11995
12046
12046
12095
12133
12138
12138
12173
12190
12227
12285
12285
12285
12296
12296
12296
12357
12357
12389
12445
12445
12474
12474
12474
12474
12474
12474
12474
12474
12474
12474
12452
12450
12450
12450
12450
12410
12399
12327
12327
12327
12327
12327
12227
12216
12212
12212
12120
12120
12026
12026
12026
12026
11962
11962
11891
11931
11931
11942
11942
12012
12012
12012
11992
12050
11985
11985
11985
12081
12081
12089
12177
12177
12177
12232
12232
12232
12232
12232
12232
12297
12285
12253
12181
12171
12171
12134
12134
12134
12069
12069
12069
12069
12069
12069
12011
12011
12011
12011
12011
12023
12055
12127
12137
12137
12137
12137
12137
12202
12202
12202
12202
12202
12202
12260
12260
12260
12260
12260
12210
12151
12054
12045
11983
11942
11904
11833
11799
11794
11794
11853
11853
11853
11853
11853
11853
11853
11853
11853
11813
11794
11735
11729
11684
11651
11555
11466
11418
11353
11342
11382
11382
11441
11441
11441
11474
11474
11474
11474
11539
11539
11589
11655
11693
11762
11852
11883
11974
12074
12145
12228
12296
12285
12213
12203
12134
12074
11976
11935
11902
11824
11745
11665
11650
11642
11642
11642
11603
11583
11556
11556
11556
11494
11494
11494
11440
11408
11408
11408
11316
11316
11316
11332
11332
11332
11371
11391
11418
11418
11418
11480
11480
11480
11534
11566
11594
11631
11723
11792
11792
11792
11692
11692
11688
11596
11596
11596
11532
11532
11532
11532
11532
11532
11467
11504
11604
11615
11623
11715
11715
11715
11779
11850
11850
11877
11929
11949
12014
12014
12094
12186
12247
12247
12247
12247
12247
12280
12280
12280
12280
12315
12315
12315
12364
12364
12364
12364
12267
12221
12164
12134
12085
12045
12023
12011
11929
11928
11897
11868
11825
11792
11705
11607
11607
11541
11541
11501
11501
11442
11442
11442
11409
11409
11409
11409
11344
11344
11395
11435
11511
11530
11530
11589
11589
11595
11663
11708
11708
11741
11837
11933
11956
12045
12045
12093
12191
12256
12317
12328
12328
12403
12457
12457
12512
12532
12591
12591
12559
12503
12503
12468
12468
12468
12468
12468
12468
12468
12468
12468
12468
12468
12500
12556
12556
12591
12601
12601
12601
12601
12601
12668
12668
12668
12705
12705
12705
12705
12705
12705
12665
12654
12582
12582
12516
12516
12516
12516
12516
12516
12516
12556
12556
12556
12556
12556
12556
12556
12497
12497
12497
12497
12497
12497
12497
12497
12497
12547
12606
12703
12712
12774
12815
12815
12886
12920
12920
12908
12876
12804
12794
12794
12794
12794
12794
12729
12729
12729
12729
12729
12729
12671
12671
12671
12671
12671
12683
12715
12787
12761
12771
12697
12697
12612
12649
12550
12550
12498
12498
12484
12549
12502
12502
12487
12487
12407
12407
12318
12318
12290
12290
12268
12326
12301
12301
12301
12301
12301
12301
12301
12301
12301
12327
12401
12486
12585
12637
12651
12698
12713
12793
12882
12910
12932
12957
12959
13028
13109
13186
13219
13286
13378
13415
13415
13470
13490
13490
13490
13490
13490
13498
13498
13508
13508
13451
13451
13378
13378
13322
13278
13265
13187
13133
13101
13027
12946
12895
12846
12844
12809
12772
12772
12761
12818
12891
12947
12991
12991
12991
13045
13077
13151
13151
13151
13200
13200
13235
13272
13272
13283
13233
13133
13122
13114
13022
13022
13022
12958
12887
12887
12860
12808
12788
12723
12723
12823
12822
12822
12761
12769
12759
12831
12794
12880
12808
12808
12788
12788
12777
12832
12785
12785
12728
12728
12653
12653
12653
12718
12720
12781
12802
12839
12911
12931
12953
13000
13057
13132
13040
12951
12931
12905
12869
12785
12729
12667
12612
12578
12556
12556
12546
12447
12377
12366
12359
12285
12285
12377
12466
12486
12504
12504
12504
12537
12537
12592
12592
12592
12592
12602
12688
12746
12757
12757
12757
12757
12678
12647
12587
12513
12478
12414
12377
12295
12295
12257
12257
12240
12182
12182
12182
12182
12121
12121
12121
12121
12062
12022
11981
11962
11910
11851
11851
11845
11772
11727
11647
11614
11614
11518
11518
11429
11429
11381
11381
11316
11258
11247
11287
11306
11365
11371
11416
11449
11545
11634
11682
11747
11758
11758
11658
11658
11650
11558
11464
11464
11464
11393
11393
11393
11393
11393
11328
11328
11428
11435
11435
11527
11527
11527
11527
11598
11598
11598
11598
11590
11610
11610
11675
11675
11656
11636
11609
11609
11609
11547
11547
11480
11480
11466
11412
11329
11297
11253
11225
11156
11119
11062
10970
10879
10810
10762
10762
10687
10684
10634
10587
10528
10544
10505
10408
10450
10372
10363
10413
10413
10351
10390
10390
10349
10369
10328
10328
10355
10355
10284
10290
10290
10256
10319
10319
10381
10381
10381
10431
10485
10544
10576
10673
10701
10710
10747
10809
10901
10942
11011
11049
11137
11208
11242
11247
11247
11215
11159
11159
11124
11114
11114
11114
11114
11114
11044
11044
11044
11007
11007
11039
11095
11101
11136
11146
11146
11189
11255
11255
11325
11325
11325
11325
11325
11362
11362
11362
11362
11322
11322
11322
11322
11322
11322
11322
11322
11322
11322
11322
11362
11362
11362
11362
11362
11362
11350
11318
11246
11236
11236
11199
11199
11199
11134
11134
11134
11134
11134
11134
11076
11076
11076
11076
11076
11088
11120
11192
11202
11202
11239
11239
11254
11319
11319
11319
11319
11341
11341
11399
11399
11413
11413
11413
11510
11603
11609
11686
11722
11760
11809
11816
11889
11934
11980
11940
11921
11862
11856
11811
11778
11682
11593
11545
11480
11469
11509
11509
11568
11535
11535
11468
11468
11376
11409
11372
11456
11456
11545
11490
11529
11509
11574
11574
11574
11574
11574
11574
11570
11570
11560
11560
11560
11560
11593
11593
11685
11722
11722
11777
11777
11777
11777
11777
11777
11777
11777
11777
11777
11777
11777
11775
11771
11691
11664
11579
11483
11475
11470
11467
11399
11310
11255
11155
11155
11115
11089
11015
10930
10831
10779
10765
10718
10703
10623
10534
10506
10484
10459
10457
10388
10307
10230
10230
10230
10230
10230
10230
10230
10230
10230
10310
10393
10393
10393
10393
10393
10393
10393
10393
10311
10291
10250
10186
10186
10135
10097
10011
10000
9997
9997
9997
9901
9804
9804
9704
9693
9693
9601
9601
9601
9601
9530
9530
9530
9530
9510
9445
9445
9545
9556
9564
9656
9750
9750
9814
9885
9885
9828
9849
9776
9815
9759
9779
9735
9800
9800
9800
9746
9714
9640
9640
9640
9591
9591
9556
9519
9519
9508
9521
9613
9645
9733
9733
9733
9786
9829
9909
9920
9930
9992
9992
9992
10055
10123
10123
10163
10163
10161
10100
10079
10042
9970
9950
9928
9881
9824
9749
9749
9835
9894
9894
9894
9955
9955
9955
9955
9978
9978
9978
10034
10034
10034
10034
10034
10034
10034
10034
10034
10105
10141
10141
10206
10156
10097
10000
9991
9951
9889
9889
9848
9789
9751
9751
9680
9680
9646
9613
9608
9512
9423
9375
9375
9310
9369
9369
9466
9466
9466
9506
9547
9547
9547
9606
9677
9677
9677
9677
9677
9710
9806
9895
9943
10008
10019
9927
9838
9818
9805
9805
9739
9739
9659
9603
9603
9548
9548
9548
9548
9538
9439
9369
9358
9358
9358
9358
9450
9539
9559
9585
9621
9705
9761
9823
9878
9912
9934
9978
9988
10087
10157
10168
10182
10256
10349
10375
10429
10429
10464
10464
10561
10613
10529
10604
10603
10703
10632
10632
10560
10560
10560
10560
10549
10549
10555
10488
10488
10451
10451
10451
10479
10470
10470
10385
10385
10345
10290
10290
10290
10290
10290
10204
10192
10192
10137
10058
10141
10212
10221
10314
10314
10314
10357
10325
10325
10402
10500
10500
10444
10444
10491
10491
10537
10531
10531
10550
10453
10453
10453
10418
10418
10420
10420
10327
10349
10339
10299
10371
10365
10365
10365
10380
10303
10304
10261
10261
10289
10253
10271
10364
10422
10337
10337
10299
10323
10323
10323
10311
10262
10262
10262
10271
10271
10323
10253
10253
10221
10221
10214
10214
10270
10270
10198
10125
10125
10125
10125
10115
10070
10033
10078
10078
10032
10032
9995
9990
9990
9990
9931
9931
9931
9916
10013
9944
9976
9976
9911
9911
9863
9919
9959
9959
9959
9956
9956
9967
9967
9967
9926
9961
10026
10026
10026
10015
10025
10025
10003
10003
9995
9995
10043
10043
10092
10056
10056
10056
9998
9998
9914
9994
9994
10067
9967
9967
9953
9981
9904
9974
9974
9974
9965
9965
9965
9932
9932
9909
9931
9894
9906
9906
9906
9916
9916
9916
9916
9925
9990
9990
9990
9990
9990
9990
10048
10048
10048
10048
10048
9956
9956
9956
9868
9868
9768
9763
9759
9667
9573
9573
9509
9438
9438
9425
9373
9353
9288
9338
9438
9449
9457
9549
9643
9646
9710
9781
9838
9865
9917
9937
10002
9969
9969
9877
9840
9840
9785
9785
9785
9785
9785
9785
9785
9785
9785
9785
9785
9785
9785
9785
9818
9885
9977
10014
10096
10151
10171
10187
10187
10218
10294
10302
10367
10377
10377
10377
10366
10450
10437
10345
10313
10225
10225
10225
10172
10129
10049
10044
10039
10008
10008
10008
9914
9914
9846
9846
9806
9806
9806
9898
9930
10025
10113
10161
10161
10257
10257
10347
10400
10406
10449
10507
10587
10617
10628
10710
10720
10797
10859
10870
10870
10905
10905
10961
10961
10961
10961
11001
11001
11001
10915
10856
10856
10856
10856
10856
10800
10800
10800
10800
10800
10759
10759
10743
10678
10636
10586
10547
10547
10527
10613
10586
10645
10639
10639
10576
10576
10514
10514
10514
10514
10514
10514
10460
10460
10428
10428
10400
10400
10363
10363
10271
10271
10202
10202
10114
10179
10195
10195
10195
10234
10254
10281
10281
10281
10281
10281
10281
10335
10367
10395
10432
10524
10592
10592
10592
10552
10552
10559
10500
10500
10500
10595
10595
10598
10565
10565
10469
10517
10428
10517
10469
10486
10421
10421
10410
10410
10506
10536
10601
10601
10596
10596
10527
10499
10495
10444
10444
10444
10403
10403
10403
10394
10394
10394
10299
10299
10240
10143
10143
10143
10143
10102
10102
10031
10031
10031
10081
10140
10135
10232
10241
10216
10278
10319
10357
10428
10462
10462
10467
10467
10467
10467
10459
10459
10459
10459
10459
10379
10290
10290
10290
10290
10290
10290
10276
10276
10276
10276
10248
10198
10098
10087
10079
9987
9893
9890
9826
9755
9698
9671
9619
9599
9534
9534
9588
9635
9695
9759
9769
9769
9769
9867
9919
9840
9918
9918
9958
9958
9958
10044
10044
9950
9950
9864
9805
9805
9805
9805
9805
9805
9805
9805
9805
9805
9805
9805
9740
9740
9826
9885
9885
9885
9885
9885
9959
9867
9923
9891
9891
9803
9881
9881
9881
9881
9893
9840
9840
9797
9797
9717
9782
9771
9761
9699
9624
9624
9624
9624
9624
9624
9584
9584
9584
9584
9676
9708
9796
9796
9796
9796
9796
9876
9887
9897
9897
9898
9898
9898
9898
9898
9938
9938
9938
9938
9997
9997
9997
9997
9997
9900
9900
9900
9937
9937
9937
9937
9937
9937
9937
9937
9937
9937
9937
9937
9995
9995
9995
9946
9946
9946
9946
9873
9828
9828
9925
10018
10024
10101
10137
10175
10224
10176
10183
10256
10301
10347
10252
10204
10108
10018
10015
10010
9952
9922
9840
9763
9748
9713
9657
9752
9800
9788
9884
9884
9974
9974
9981
9971
10029
10029
10059
10059
10137
10137
10214
10199
10214
10149
10184
10184
10240
10240
10240
10240
10240
10182
10182
10182
10182
10182
10083
10095
10127
10199
10209
10251
10288
10365
10380
10445
10489
10572
10578
10600
10681
10739
10739
10753
10753
10725
10763
10718
10718
10718
10718
10718
10678
10673
10601
10601
10535
10535
10616
10616
10654
10699
10751
10756
10829
10829
10829
10851
10949
10949
10949
10989
11074
11085
11152
11224
11298
11298
11354
11420
11420
11420
11420
11420
11420
11420
11388
11388
11332
11332
11332
11393
11358
11438
11433
11433
11433
11433
11433
11453
11368
11423
11423
11423
11353
11353
11353
11353
11353
11353
11316
11316
11316
11323
11323
11323
11402
11402
11434
11483
11493
11549
11607
11640
11640
11672
11672
11707
11805
11815
11834
11834
11834
11877
11905
11905
11980
11980
11988
11988
11988
11988
11988
11988
12025
12025
12025
11967
11967
11906
11906
11869
11869
11869
11869
11869
11869
11832
11832
11757
11686
11603
11532
11489
11412
11365
11346
11345
11273
11258
11230
11230
11301
11344
11397
11444
11444
11444
11444
11444
11472
11472
11439
11372
11280
11243
11161
11106
11086
11070
11070
11039
10958
10954
10859
10789
10779
10779
10779
10691
10724
10724
10816
10853
10853
10908
10928
10928
10928
10928
10928
10928
10928
10938
10938
10938
10938
10938
10905
10905
10930
11000
11031
11058
11063
11063
11132
11040
11040
11055
11055
11055
11147
11236
11147
11158
11158
11138
11138
11224
11211
11281
11318
11318
11300
11317
11358
11274
11344
11288
11294
11307
11245
11324
11380
11390
11390
11390
11448
11393
11393
11376
11396
11396
11437
11437
11426
11474
11484
11484
11440
11470
11480
11470
11522
11423
11490
11420
11409
11431
11424
11457
11383
11290
11382
11471
11491
11513
11513
11559
11615
11615
11670
11670
11670
11670
11676
11676
11676
11676
11676
11676
11676
11676
11590
11531
11531
11531
11531
11457
11401
11401
11347
11249
11226
11226
11166
11149
11085
11085
11075
11075
11075
11010
11010
10912
10860
10917
10839
10925
10925
10984
10944
10946
10946
10982
10982
11026
10940
11014
11070
11162
11162
11260
11260
11341
11341
11358
11358
11399
11399
11493
11493
11558
11558
11558
11558
11558
11558
11598
11548
11553
11494
11494
11397
11483
11474
11412
11371
11333
11262
11228
11223
11223
11282
11379
11379
11379
11420
11420
11491
11491
11491
11465
11435
11435
11400
11400
11400
11308
11211
11179
11127
11039
10964
10964
10864
10864
10864
10864
10864
10864
10864
10784
10773
10762
10762
10752
10752
10752
10724
10723
10723
10723
10723
10723
10723
10723
10749
10709
10769
10769
10853
10888
10971
10971
11068
11160
11212
11244
11319
11396
11496
11496
11521
11521
11543
11543
11630
11630
11641
11721
11774
11774
11781
11791
11819
11819
11849
11849
11852
11852
11852
11852
11852
11852
11852
11844
11844
11844
11825
11805
11778
11778
11778
11778
11778
11778
11724
11692
11664
11627
11535
11466
11466
11479
11479
11479
11479
11499
11518
11518
11518
11518
11518
11518
11572
11604
11632
11669
11761
11666
11666
11618
11618
11522
11432
11429
11371
11341
11259
11182
11167
11132
11076
11076
11120
11120
11120
11120
11178
11178
11178
11178
11178
11213
11213
11213
11213
11152
11072
11072
11072
11044
10989
10989
10989
10989
10989
10989
10989
10989
10989
10989
10892
10892
10892
10919
10919
10968
10982
10889
10879
10873
10840
10929
10948
10871
10871
10905
10951
11031
11031
10995
11059
11123
11126
11126
11126
11126
11088
11039
11136
11165
11162
11179
11197
11124
11185
11185
11140
11220
11174
11255
11301
11329
11426
11481
11574
11656
11662
11663
11663
11730
11730
11829
11829
11927
11976
12044
12044
12110
12183
12261
12261
12271
12271
12304
12358
12346
12314
12242
12232
12190
12153
12076
12061
11996
11952
11869
11863
11841
11760
11702
11702
11688
11688
11650
11721
11800
11873
11937
11985
12065
12164
12166
12204
12220
12175
12173
12173
12151
12151
12111
12106
12034
12034
11968
11968
11911
11825
11766
11765
11729
11685
11611
11555
11462
11364
11283
11266
11225
11131
11066
11123
11209
11268
11270
11306
11306
11380
11436
11529
11627
11708
11725
11766
11859
11924
11924
11892
11836
11836
11801
11791
11791
11748
11748
11768
11768
11768
11791
11791
11791
11880
11921
12004
12004
11954
11954
11954
11964
11964
11927
11861
11890
11890
11871
11932
11999
11930
11930
11954
11974
12022
11932
11990
12022
12007
12063
12063
11972
11976
11982
11882
11951
11986
11915
11925
11842
11878
11810
11853
11938
11938
11985
12055
12121
12167
12205
12289
12358
12395
12485
12516
12516
12616
12687
12687
12687
12687
12687
12687
12687
12687
12687
12687
12687
12687
12687
12687
12647
12645
12645
12559
12613
12660
12712
12712
12722
12722
12722
12722
12722
12722
12722
12762
12762
12729
12729
12815
12815
12723
12686
12686
12631
12611
12611
12611
12611
12611
12611
12611
12601
12601
12601
12601
12634
12701
12793
12830
12912
12967
12987
12987
13003
12911
12911
12879
12910
12822
12822
12822
12830
12830
12925
12925
12935
12935
12935
12855
12855
12855
12855
12845
12845
12845
12845
12845
12845
12845
12845
12845
12845
12937
12969
12969
12969
12969
12969
12969
13049
13060
13070
13070
13070
13070
13070
13070
13070
13110
13110
13110
13039
12996
12919
12872
12872
12872
12872
12872
12844
12844
12915
12915
12915
12915
12856
12856
12759
12759
12759
12759
12759
12831
12790
12805
12805
12833
12762
12762
12762
12681
12681
12643
12591
12518
12518
12420
12420
12335
12349
12282
12343
12269
12347
12291
12291
12291
12291
12291
12291
12291
12291
12291
12350
12350
12350
12350
12420
12420
12420
12450
12370
12370
12370
12278
12278
12217
12290
12290
12290
12290
12290
12290
12290
12290
12290
12257
12257
12257
12257
12257
12313
12313
12313
12278
12278
12278
12278
12278
12278
12229
12229
12229
12229
12260
12340
12432
12493
12512
12572
12653
12674
12707
12789
12796
12841
12876
12894
12958
13007
13073
13079
13125
13122
13043
12994
12936
12904
12806
12787
12787
12759
12684
12680
12680
12680
12680
12680
12632
12711
12711
12760
12760
12818
12818
12846
12788
12876
12876
12876
12876
12876
12876
12876
12876
12951
12916
12916
12916
12916
12916
13011
13059
13155
13245
13252
13310
13340
13340
13340
13355
13390
13446
13544
13596
13683
13688
13688
13688
13688
13688
13689
13689
13689
13762
13691
13612
13539
13475
13427
13347
13248
13247
13208
13192
13263
13342
13415
13479
13527
13607
13706
13708
13746
13746
13754
13787
13736
13828
13790
13791
13791
13791
13791
13855
13758
13690
13690
13672
13672
13752
13691
13595
13595
13515
13492
13503
13422
13422
13455
13409
13311
13365
13337
13276
13276
13221
13221
13277
13195
13120
13120
13119
13215
13161
13161
13094
13135
13135
13135
13036
13112
13057
13057
12959
12959
12939
12871
12923
12864
12798
12798
12720
12799
12742
12732
12732
12732
12646
12613
12613
12613
12554
12500
12500
12500
12499
12499
12499
12463
12463
12463
12463
12530
12530
12530
12456
12456
12456
12456
12400
12400
12400
12307
12387
12387
12289
12289
12289
12208
12208
12269
12252
12252
12252
12211
12266
12341
12247
12247
12301
12236
12236
12236
12236
12291
12291
12311
12311
12311
12370
12456
12456
12515
12515
12515
12515
12515
12525
12525
12525
12525
12525
12525
12525
12525
12525
12525
12525
12525
12590
12590
12590
12590
12590
12590
12590
12648
12551
12551
12458
12458
12518
12518
12512
12542
12542
12630
12630
12630
12689
12689
12689
12689
12640
12651
12748
12748
12748
12748
12675
12675
12675
12772
12865
12871
12948
12984
12984
13033
13040
13113
13113
13159
13189
13289
13345
13423
13423
13478
13478
13498
13498
13498
13498
13557
13465
13376
13356
13330
13330
13246
13190
13190
13135
13135
13135
13135
13125
13125
13125
13125
13125
13125
13125
13217
13306
13326
13326
13326
13326
13382
13382
13432
13432
13432
13432
13432
13432
13432
13443
13443
13443
13443
13389
13342
13282
13282
13272
13272
13272
13272
13272
13272
13272
13272
13232
13140
13140
13108
13108
13108
13022
13022
13022
13022
13076
13076
13076
12996
12996
12985
13049
13039
13049
13049
13049
13049
13049
13049
13147
13147
13199
13199
13199
13199
13199
13159
13199
13199
13199
13199
13199
13199
13291
13291
13291
13291
13291
13291
13291
13291
13291
13301
13301
13301
13301
13301
13301
13301
13301
13301
13359
13433
13436
13460
13488
13586
13596
13663
13668
13668
13697
13697
13776
13784
13791
13850
13864
13913
13987
14035
14035
14040
14081
14136
14136
14136
14136
14156
14156
14156
14156
14156
14156
14256
14248
14334
14334
14359
14359
14359
14359
14359
14339
14349
14322
14380
14380
14380
14380
14380
14380
14380
14380
14380
14380
14412
14358
14358
14326
14326
14298
14298
14261
14261
14169
14169
14169
14169
14145
14113
14057
14051
14016
14006
13970
13927
13842
13842
13772
13726
13642
13605
13605
13637
13693
13779
13779
13866
13901
13953
13963
14029
14029
14076
14119
14136
14213
14251
14251
14278
14348
14362
14362
14375
14375
14452
14452
14473
14537
14588
14593
14682
14744
14818
14906
14835
14756
14683
14619
14571
14491
14392
14391
14352
14352
14423
14499
14572
14572
14620
14694
14694
14694
14694
14694
14599
14551
14455
14365
14358
14300
14270
14270
14270
14255
14220
14164
14164
14164
14164
14164
14131
14131
14064
14122
14030
14030
13993
13993
13911
13911
13856
13856
13836
13836
13820
13820
13820
13789
13789
13785
13785
13690
13604
13599
13540
13540
13540
13540
13540
13540
13540
13540
13540
13540
13540
13540
13540
13540
13540
13475
13532
13618
13677
13677
13677
13677
13751
13807
13807
13807
13807
13824
13865
13865
13930
13904
13874
13790
13755
13672
13575
13523
13448
13348
13323
13301
13214
13203
13150
13143
13115
13085
13082
13108
13168
13252
13287
13287
13384
13436
13511
13611
13636
13658
13658
13669
13720
13720
13742
13742
13742
13728
13667
13589
13589
13589
13589
13589
13530
13530
13530
13460
13430
13430
13430
13487
13487
13487
13487
13487
13487
13546
13546
13546
13616
13616
13616
13519
13519
13519
13439
13439
13439
13439
13384
13384
13384
13384
13384
13384
13384
13384
13384
13374
13374
13374
13471
13489
13550
13630
13711
13757
13785
13840
13922
13923
13990
14089
14187
14255
14321
14399
14409
14442
14496
14568
14568
14568
14596
14626
14658
14713
14713
14713
14812
14835
14835
14835
14835
14835
14764
14764
14764
14764
14764
14764
14692
14677
14649
14649
14720
14763
14763
14763
14763
14763
14763
14763
14763
14763
14812
14812
14812
14720
14768
14768
14801
14801
14801
14801
14838
14838
14838
14838
14838
14838
14838
14838
14838
14838
14838
14828
14828
14828
14886
14886
14886
14886
14886
14886
14886
14886
14886
14886
14886
14886
14886
14978
15010
15010
15010
15010
15010
15010
15090
15090
15090
15090
15090
15036
15036
15036
15036
15036
15036
14972
14972
14962
15002
15002
15002
15002
14904
14852
14852
14852
14812
14812
14812
14812
14812
14812
14812
14812
14822
14822
14822
14822
14822
14822
14822
14862
14862
14862
14948
14996
14996
15066
15106
15106
15106
15106
15106
15106
15106
15152
15055
15055
14962
14973
14992
14986
15083
15130
15053
15132
15218
15182
15237
15283
15314
15314
15314
15314
15314
15314
15265
15344
15341
15341
15268
15268
15268
15268
15268
15268
15279
15279
15279
15233
15330
15330
15330
15330
15330
15330
15379
15386
15459
15459
15459
15459
15459
15459
15459
15386
15386
15386
15386
15386
15386
15386
15330
15330
15330
15330
15330
15330
15330
15330
15330
15403
15403
15403
15403
15403
15403
15477
15533
15533
15533
15533
15533
15462
15383
15310
15310
15262
15182
15182
15182
15182
15182
15253
15332
15405
15469
15517
15597
15696
15698
15737
15753
15753
15753
15653
15567
15542
15542
15542
15532
15474
15474
15474
15474
15474
15442
15442
15442
15442
15442
15442
15385
15299
15299
15240
15240
15240
15325
15325
15411
15411
15411
15337
15407
15351
15443
15443
15452
15452
15510
15510
15510
15493
15493
15452
15452
15452
15452
15387
15419
15439
15439
15439
15519
15605
15605
15664
15664
15664
15571
15571
15571
15571
15571
15571
15492
15492
15443
15443
15385
15385
15353
15353
15255
15255
15255
15255
15255
15320
15320
15245
15245
15245
15245
15252
15331
15380
15438
15470
15568
15587
15677
15705
15780
15788
15819
15819
15810
15810
15810
15810
15810
15810
15810
15810
15752
15752
15752
15752
15696
15696
15696
15696
15696
15696
15696
15696
15696
15750
15750
15750
15750
15750
15750
15750
15701
15627
15579
15579
15577
15536
15481
15481
15481
15481
15461
15461
15466
15466
15466
15466
15537
15560
15560
15609
15678
15678
15678
15678
15748
15748
15748
15823
15823
15834
15834
15834
15834
15834
15834
15834
15834
15834
15834
15844
15844
15936
15936
15936
15936
15936
15936
15936
15936
15936
15978
15978
15978
15978
15978
15978
15978
15978
15978
15960
15960
15960
15960
15936
16016
16074
16074
16074
16074
16074
16074
16074
16074
16074
16074
16074
16074
16074
16074
16074
16042
15986
15986
15951
15941
15941
15898
15813
15813
15743
15743
15743
15743
15646
15628
15567
15487
15406
15360
15332
15277
15195
15195
15128
15029
14931
14863
14797
14719
14709
14676
14622
14719
14737
14798
14878
14878
14878
14924
14832
14860
14828
14883
14883
14883
14883
14883
14883
14883
14883
14883
14883
14981
14901
14901
14901
14901
14901
14901
14901
14901
14901
14934
14934
14988
14988
14988
14988
14948
14948
14948
15040
15072
15160
15160
15160
15209
15252
15332
15332
15332
15332
15332
15332
15332
15332
15332
15372
15372
15372
15372
15372
15372
15372
15279
15269
15269
15269
15269
15269
15269
15269
15229
15229
15229
15143
15047
15006
15060
14984
15031
15031
15091
15039
15039
15103
15103
15054
15064
14985
14985
15042
15042
14994
15087
15087
15054
15152
15152
15152
15204
15204
15167
15245
15245
15245
15266
15266
15266
15306
15306
15306
15311
15311
15318
15247
15247
15333
15254
15350
15350
15277
15318
15260
15196
15272
15272
15224
15224
15224
15132
15052
15052
15052
14963
14864
14864
14864
14844
14842
14921
14921
14882
14882
14882
14866
14866
14866
14866
14866
14915
14859
14859
14859
14859
14930
14930
14978
14923
14923
14923
14956
14956
14956
14956
14956
14956
14956
14993
14993
14993
14993
14993
14993
14993
14993
14993
14993
14993
14993
14993
14988
14988
14988
14988
14988
14988
14988
15046
15046
15046
15046
15046
15138
15138
15227
15247
15273
15273
15273
15329
15329
15384
15384
15384
15384
15384
15323
15333
15333
15432
15432
15502
15502
15513
15513
15527
15527
15527
15468
15468
15468
15468
15398
15398
15398
15398
15459
15459
15459
15459
15459
15459
15518
15518
15518
15518
15518
15518
15518
15432
15373
15373
15373
15373
15373
15275
15275
15275
15275
15275
15275
15275
15275
15210
15210
15296
15355
15355
15355
15355
15355
15406
15406
15406
15406
15354
15354
15354
15354
15419
15373
15373
15373
15373
15273
15187
15187
15117
15025
15015
14957
14957
14957
14957
14957
14925
14905
14847
14847
14767
14767
14767
14767
14767
14767
14767
14767
14767
14767
14767
14853
14853
14756
14752
14764
14786
14786
14786
14786
14786
14786
14786
14886
14886
14886
14886
14886
14886
14886
14886
14896
14896
14896
14896
14896
14954
14954
14954
14954
14954
14954
14954
14905
14905
14905
14898
14906
14906
14833
14833
14833
14833
14833
14833
14833
14833
14833
14833
14833
14833
14898
14932
14932
14986
15060
15060
15146
15187
15187
15187
15187
15187
15251
15261
15261
15261
15250
15329
15360
15457
15511
15567
15581
15607
15607
15653
15653
15699
15628
15691
15648
15648
15648
15648
15648
15648
15648
15648
15648
15648
15648
15648
15648
15648
15648
15648
15648
15648
15648
15648
15648
15648
15648
15648
15648
15648
15590
15590
15590
15590
15590
15590
15590
15590
15590
15632
15632
15632
15632
15632
15690
15690
15690
15690
15690
15690
15690
15690
15690
15690
15690
15690
15690
15690
15690
15690
15598
15566
15478
15478
15478
15425
15376
15355
15355
15275
15275
15275
15275
15216
15216
15216
15216
15216
15216
15216
15216
15216
15216
15216
15216
15216
15216
15214
15214
15174
15174
15174
15174
15100
15100
15077
15006
15006
15006
15006
14937
14937
14937
14937
14986
14916
14916
14990
14915
14915
14963
14963
14963
14963
14963
14963
14968
14968
14968
15009
14999
14999
15054
15054
15054
15054
15054
15125
15125
15204
15224
15224
15297
15297
15297
15361
15361
15303
15361
15409
15409
15428
15508
15508
15508
15508
15508
15508
15508
15508
15508
15583
15583
15583
15583
15593
15521
15521
15521
15521
15521
15493
15478
15446
15391
15391
15391
15292
15269
15269
15269
15269
15269
15269
15269
15269
15269
15269
15269
15269
15269
15269
15269
15269
15269
15232
15232
15206
15146
15062
15027
15027
14930
14878
14803
14703
14678
14656
14656
14645
14592
14592
14564
14564
14564
14564
14478
14419
14419
14419
14419
14419
14363
14363
14363
14363
14363
14363
14363
14298
14201
14183
14122
14042
14042
13996
13968
13913
13913
13913
13913
13913
13815
13761
13761
13714
13714
13654
13654
13590
13590
13580
13547
13490
13436
13343
13245
13193
13290
13212
13212
13191
13252
13212
13292
13287
13287
13280
13280
13194
13222
13277
13277
13331
13331
13378
13445
13505
13604
13668
13668
13678
13731
13788
13788
13788
13788
13788
13788
13886
13896
13948
13981
13981
13981
13981
14021
14021
14021
14107
14107
14107
14107
14107
14034
14034
14034
14034
14034
14007
14007
13933
13877
13877
13877
13877
13877
13877
13970
13970
13970
14043
14043
14043
14043
14043
14128
14128
14128
14184
14184
14184
14184
14184
14162
14162
14113
14113
14113
14065
14032
14032
14024
13987
13987
13987
13987
13987
13987
13954
13954
13896
13896
13896
13896
13896
13807
13807
13807
13856
13856
13904
13937
13867
13946
13976
13976
13976
13976
13976
14050
14050
14050
14108
14108
14108
14108
14108
14108
14108
14077
14072
14065
13986
13937
13879
13847
13749
13679
13660
13570
13542
13467
13463
13432
13432
13439
13518
13567
13625
13657
13755
13774
13688
13778
13806
13881
13889
13920
13958
13958
13943
13843
13787
13709
13709
13654
13654
13634
13634
13634
13634
13575
13575
13575
13575
13575
13675
13589
13645
13620
13620
13620
13620
13620
13675
13665
13665
13607
13627
13627
13627
13627
13627
13627
13627
13627
13686
13686
13686
13686
13686
13686
13686
13686
13686
13782
13868
13820
13820
13881
13973
13973
14031
14031
14031
14026
14026
14026
14026
14026
14026
14026
14044
13952
13972
13972
13972
13972
14042
14042
14042
13994
13994
13994
13994
13994
13994
13994
13994
13994
14005
14005
14005
14005
14097
14124
14124
14124
14172
14172
14268
14268
14268
14288
14288
14247
14237
14237
14176
14176
14176
14176
14176
14176
14117
14117
14117
14117
14117
14117
14131
14131
14192
14270
14333
14416
14435
14481
14540
14540
14540
14610
14640
14663
14580
14580
14532
14532
14532
14532
14474
14382
14382
14382
14382
14382
14382
14382
14345
14345
14338
14338
14243
14240
14240
14192
14103
14086
14086
14086
13990
13960
13895
13895
13843
13843
13911
13992
14071
14090
14092
14092
14102
14102
14188
14188
14188
14188
14215
14215
14215
14215
14174
14222
14307
14297
14226
14147
14074
14010
13962
13882
13882
13882
13882
13882
13953
13953
14032
14105
14169
14217
14297
14396
14396
14435
14435
14433
14459
14452
14519
14499
14599
14543
14551
14640
14661
14694
14769
14861
14861
14861
14861
14901
14901
14901
14901
14901
14901
14901
14901
14901
14901
14836
14802
14802
14748
14674
14674
14588
14547
14547
14547
14547
14547
14483
14473
14473
14473
14473
14538
14538
14538
14538
14538
14538
14624
14624
14624
14624
14624
14624
14624
14624
14624
14624
14624
14555
14555
14497
14469
14469
14390
14390
14336
14289
14229
14165
14155
14098
14098
14000
13948
13948
13948
13908
13844
13844
13844
13758
13758
13758
13758
13758
13768
13768
13768
13768
13768
13768
13768
13808
13808
13710
13710
13658
13744
13657
13652
13652
13652
13652
13652
13651
13651
13651
13578
13578
13578
13578
13578
13578
13578
13578
13578
13578
13578
13578
13578
13578
13578
13481
13481
13420
13420
13340
13340
13340
13312
13257
13257
13257
13190
13091
13091
13023
13023
13023
13013
12980
12980
13063
13063
13124
13124
13124
13124
13124
13124
13179
13179
13179
13179
13179
13179
13179
13179
13179
13179
13179
13179
13179
13179
13179
13179
13189
13189
13189
13189
13189
13189
13183
13183
13254
13297
13374
13374
13374
13374
13374
13374
13374
13374
13374
13446
13461
13461
13461
13461
13461
13369
13369
13369
13280
13280
13315
13315
13266
13246
13281
13207
13181
13181
13181
13133
13133
13133
13133
13133
13113
13108
13052
13066
13025
13025
13111
13056
13001
13001
13001
13001
13001
13034
13123
13123
13123
13123
13123
13123
13123
13123
13123
13103
13103
13098
13098
13118
13118
13019
13019
13019
13019
12949
12961
12961
12956
12991
12991
12977
13033
13033
13082
13082
13156
13204
13240
13245
13215
13256
13311
13335
13398
13485
13485
13505
13505
13547
13473
13473
13450
13450
13450
13450
13450
13450
13375
13375
13375
13375
13375
13326
13316
13316
13316
13268
13268
13235
13156
13119
13119
13119
13119
13119
13193
13193
13216
13142
13240
13240
13309
13309
13309
13375
13317
13317
13317
13392
13392
13392
13325
13325
13325
13325
13325
13335
13335
13335
13335
13384
13398
13446
13479
13558
13595
13595
13595
13661
13728
13728
13728
13786
13786
13786
13776
13776
13776
13776
13751
13740
13644
13603
13527
13527
13527
13527
13448
13448
13448
13448
13448
13448
13448
13448
13448
13448
13448
13448
13348
13348
13262
13262
13262
13262
13192
13192
13100
13100
13100
13100
13042
13042
13042
13042
13042
13042
13042
13042
13042
13042
13010
13010
13000
13000
12920
12920
12920
12973
13056
13156
13242
13267
13267
13337
13429
13439
13497
13499
13528
13551
13556
13588
13608
13707
13787
13795
13805
13734
13655
13582
13518
13470
13390
13291
13291
13252
13252
13252
13323
13402
13475
13539
13587
13667
13766
13768
13807
13823
13822
13802
13802
13773
13773
13727
13718
13691
13657
13588
13588
13547
13499
13419
13498
13550
13615
13615
13686
13734
13762
13842
13900
13900
13900
13923
13874
13867
13806
13728
13665
13582
13573
13527
13468
13468
13468
13398
13368
13345
13359
13420
13487
13467
13467
13409
13409
13409
13409
13468
13468
13468
13468
13375
13445
13445
13475
13475
13498
13425
13425
13425
13425
13340
13340
13340
13284
13284
13284
13220
13220
13220
13220
13220
13220
13220
13220
13220
13220
13220
13220
13220
13220
13220
13220
13220
13220
13220
13220
13220
13220
13210
13210
13210
13210
13210
13238
13238
13238
13238
13238
13238
13238
13238
13238
13198
13198
13198
13198
13198
13198
13112
13112
13112
13112
13112
13112
13030
13013
13008
12950
12861
12764
12764
12760
12760
12671
12661
12600
12600
12503
12503
12442
12442
12442
12383
12383
12383
12328
12328
12328
12328
12328
12328
12328
12328
12328
12328
12328
12328
12328
12328
12420
12420
12420
12410
12410
12410
12410
12410
12410
12410
12345
12394
12394
12474
12474
12474
12474
12474
12474
12467
12467
12467
12388
12388
12302
12253
12253
12253
12195
12195
12195
12163
12163
12163
12065
12065
12065
12046
12046
12046
11956
11956
11956
11928
11928
11928
11853
11853
11853
11845
11845
11845
11814
11847
11809
11809
11874
11908
11915
12003
12082
12136
12185
12259
12317
12387
12419
12505
12603
12644
12644
12644
12644
12644
12644
12644
12719
12719
12719
12719
12719
12729
12729
12729
12744
12744
12695
12688
12640
12607
12528
12491
12491
12491
12491
12425
12414
12340
12340
12340
12340
12340
12340
12282
12190
12190
12190
12163
12068
12068
12068
12068
12068
12068
12020
12020
11949
11949
11870
11774
11701
11794
11794
11730
11779
11779
11731
11745
11725
11645
11693
11693
11594
11627
11625
11704
11690
11651
11688
11751
11735
11811
11822
11882
11882
11948
11948
12019
12093
12093
12172
12172
12264
12264
12337
12337
12364
12428
12486
12486
12534
12534
12615
12695
12695
12743
12842
12842
12910
12910
12910
12910
12910
12910
12926
12926
12946
12946
12946
12946
12946
12896
12896
12957
12957
12957
12957
12891
12853
12879
12810
12882
12792
12792
12801
12786
12847
12794
12794
12711
12779
12782
12807
12882
12782
12682
12611
12562
12635
12549
12549
12475
12450
12450
12362
12314
12244
12208
12116
12111
12101
12101
12060
12002
12045
11990
11988
11988
11964
11935
11995
11932
11909
11909
11822
11820
11820
11800
11768
11768
11726
11706
11806
11806
11707
11778
11778
11698
11698
11690
11690
11690
11677
11726
11800
11848
11901
11937
12020
12025
12125
12166
12252
12307
12332
12332
12402
12465
12557
12557
12567
12587
12645
12645
12647
12647
12676
12676
12699
12704
12736
12756
12855
12935
12943
12943
12943
12943
12869
12858
12760
12691
12625
12546
12546
12470
12395
12330
12330
12330
12330
12259
12259
12211
12201
12173
12173
12093
12093
12035
12035
12035
12035
12012
12012
12086
12109
12188
12283
12283
12352
12417
12483
12483
12553
12624
12699
12741
12741
12741
12741
12741
12741
12799
12809
12809
12809
12809
12809
12809
12809
12809
12809
12738
12695
12618
12618
12618
12618
12546
12531
12531
12445
12358
12306
12240
12217
12209
12171
12158
12151
12138
12061
12040
11976
11925
11920
11831
11769
11695
11607
11693
11693
11735
11720
11720
11640
11640
11548
11548
11487
11487
11468
11468
11408
11408
11327
11327
11317
11317
11284
11284
11202
11248
11245
11296
11251
11251
11216
11305
11296
11296
11232
11299
11250
11250
11184
11178
11155
11183
11263
11355
11416
11416
11466
11466
11466
11499
11499
11499
11499
11499
11533
11533
11533
11582
11582
11582
11582
11582
11552
11552
11552
11589
11589
11648
11648
11648
11734
11781
11781
11791
11791
11791
11791
11791
11871
11935
11969
12031
12056
12111
12125
12192
12290
12359
12396
12396
12461
12505
12540
12469
12390
12317
12253
12205
12125
12026
12026
12026
12010
11950
11950
11871
11871
11871
11871
11806
11806
11806
11806
11735
11735
11687
11687
11687
11687
11687
11687
11629
11629
11629
11568
11568
11568
11568
11493
11439
11439
11439
11384
11384
11364
11429
11370
11370
11423
11423
11423
11423
11423
11423
11423
11481
11481
11481
11481
11481
11481
11481
11481
11481
11481
11481
11481
11481
11481
11481
11481
11481
11481
11540
11540
11540
11526
11465
11387
11387
11387
11387
11387
11326
11326
11246
11246
11246
11187
11187
11187
11187
11187
11187
11117
11117
11087
11087
11064
11064
11064
11064
11122
11136
11136
11216
11277
11277
11289
11367
11367
11391
11391
11391
11429
11429
11396
11428
11428
11428
11431
11431
11504
11563
11617
11617
11714
11764
11764
11782
11788
11858
11919
11990
11990
12070
12113
12136
12136
12219
12265
12327
12355
12451
12506
12581
12581
12582
12583
12583
12650
12749
12749
12749
12749
12749
12749
12759
12792
12792
12792
12792
12699
12650
12636
12588
12555
12476
12439
12363
12303
12237
12237
12163
12163
12163
12095
12037
11956
11956
11877
11877
11868
11868
11866
11866
11866
11856
11856
11949
11863
11912
11912
11926
11926
11974
11974
12007
11994
12073
12073
12110
12099
12099
12175
12175
12235
12187
12253
12168
12242
12336
12357
12278
12346
12404
12373
12454
12531
12434
12513
12591
12537
12556
12573
12517
12519
12544
12537
12537
12511
12521
12521
12563
12495
12581
12528
12528
12459
12459
12459
12459
12459
12486
12486
12486
12565
12565
12596
12644
12741
12741
12795
12851
12865
12884
12920
12988
13041
13041
13110
13110
13110
13110
13031
13031
12985
12985
12932
12849
12749
12663
12638
12638
12568
12476
12466
12408
12407
12378
12355
12353
12321
12301
12202
12122
12114
12114
12167
12167
12267
12353
12378
12448
12540
12550
12608
12608
12608
12631
12631
12659
12673
12740
12820
12820
12820
12851
12907
12821
12895
12973
13053
13082
13158
13161
13214
13265
13254
13353
13381
13381
13381
13391
13391
13391
13326
13292
13204
13125
13071
12997
12920
12874
12788
12747
12747
12747
12747
12747
12747
12737
12737
12722
12787
12809
12809
12809
12800
12800
12769
12769
12855
12879
12879
12879
12879
12879
12879
12889
12889
12889
12889
12889
12889
12840
12840
12766
12766
12718
12718
12700
12700
12698
12698
12657
12657
12602
12602
12602
12602
12539
12539
12539
12539
12519
12519
12519
12519
12519
12519
12610
12651
12700
12700
12774
12774
12822
12874
12910
12910
12915
12955
12996
12996
13051
13051
13075
13075
13138
13138
13225
13233
13253
13253
13295
13312
13312
13312
13215
13215
13115
13059
13059
13059
13004
13004
12984
12984
12984
12984
12984
12925
12925
12851
12828
12730
12661
12595
12525
12450
12450
12450
12450
12440
12440
12440
12440
12440
12440
12375
12375
12380
12309
12311
12311
12385
12385
12408
12408
12506
12448
12517
12517
12517
12517
12587
12587
12662
12662
12662
12662
12662
12662
12672
12737
12737
12737
12737
12808
12856
12877
12957
13015
13015
13015
13015
13015
13015
13015
13015
13015
12987
12987
12987
12987
12987
12987
12987
12987
12987
12987
12987
12987
12987
12987
12987
13004
13004
13059
13059
13059
13059
13059
13059
13059
13059
13001
12927
12924
12900
12872
12774
12764
12697
12695
12695
12666
12666
12587
12583
12576
12517
12503
12477
12410
12310
12302
12213
12206
12185
12106
12063
12014
11939
11881
11789
11757
11757
11659
11659
11659
11659
11659
11619
11619
11619
11544
11544
11544
11544
11544
11544
11544
11544
11481
11481
11476
11476
11476
11476
11476
11476
11384
11384
11357
11357
11357
11357
11276
11276
11228
11228
11160
11230
11230
11230
11230
11230
11230
11230
11210
11210
11210
11210
11210
11210
11210
11155
11155
11166
11166
11166
11166
11166
11166
11166
11258
11285
11285
11366
11414
11482
11482
11578
11578
11578
11598
11662
11662
11662
11565
11547
11486
11406
11406
11360
11332
11277
11277
11276
11209
11110
11110
11110
11110
11110
11110
11110
11073
11063
11063
11030
10945
10945
10945
10945
10859
10780
10732
10732
10722
10722
10722
10722
10642
10736
10739
10776
10776
10871
10956
10962
11008
11094
11173
11221
11231
11304
11323
11230
11313
11243
11194
11274
11267
11219
11186
11107
11070
10994
10934
10868
10794
10700
10679
10621
10544
10466
10449
10424
10424
10384
10433
10447
10495
10528
10607
10644
10644
10644
10708
10708
10708
10708
10766
10766
10719
10719
10736
10736
10736
10736
10736
10736
10671
10671
10600
10552
10524
10444
10391
10333
10333
10333
10233
10233
10147
10147
10122
10052
9960
10039
10029
10105
10047
10112
10112
10126
10126
10197
10186
10234
10234
10262
10230
10310
10290
10348
10249
10296
10216
10216
10216
10239
10239
10292
10375
10475
10561
10586
10656
10748
10758
10816
10818
10847
10870
10875
10907
10907
10927
11026
11106
11114
11127
11069
10989
10977
10953
10915
10883
10882
10809
10755
10705
10699
10628
10585
10502
10440
10344
10269
10268
10268
10326
10406
10418
10442
10480
10512
10515
10588
10642
10642
10642
10713
10756
10756
10756
10756
10842
10917
10917
10917
10903
10842
10764
10764
10764
10764
10764
10705
10705
10705
10635
10635
10612
10626
10687
10765
10765
10765
10784
10784
10843
10843
10843
10913
10913
10913
10913
10913
10913
10849
10815
10753
10728
10673
10659
10592
10494
10425
10388
10323
10279
10214
10179
10162
10162
10162
10226
10226
10226
10226
10226
10140
10163
10122
10177
10177
10189
10189
10189
10189
10189
10189
10189
10189
10189
10179
10244
10244
10244
10244
10244
10309
10343
10431
10485
10559
10636
10722
10763
10858
10827
10884
10828
10833
10759
10842
10764
10828
10748
10758
10729
10751
10675
10687
10684
10631
10580
10481
10453
10453
10453
10443
10431
10431
10431
10431
10482
10556
10556
10556
10556
10556
10556
10556
10556
10556
10584
10584
10584
10584
10584
10584
10584
10584
10535
10461
10413
10377
10372
10331
10276
10252
10189
10102
10082
10040
10040
10040
10089
10163
10211
10247
10252
10293
10348
10348
10411
10411
10431
10431
10431
10431
10431
10426
10424
10350
10327
10229
10160
10160
10090
10015
10015
10015
10015
10005
10005
10005
10005
10005
10005
10005
10005
9926
9926
9850
9850
9785
9785
9771
9771
9700
9700
9652
9652
9624
9624
9624
9544
9544
9486
9486
9439
9439
9439
9416
9495
9571
9636
9650
9721
9769
9797
9877
9935
9982
9982
10005
10005
10005
10005
10001
10047
10096
10167
10247
10330
10367
10398
10460
10460
10460
10556
10556
10556
10596
10596
10628
10628
10630
10630
10642
10542
10542
10542
10542
10542
10542
10542
10450
10450
10450
10450
10450
10450
10450
10450
10450
10450
10450
10450
10450
10450
10450
10450
10450
10450
10450
10450
10450
10450
10450
10450
10450
10450
10450
10450
10450
10401
10387
10339
10306
10227
10190
10190
10190
10124
10124
10124
10124
10066
10066
10066
10049
10049
9996
9913
9813
9727
9702
9702
9632
9540
9530
9472
9470
9441
9418
9413
9381
9361
9262
9182
9174
9161
9161
9161
9248
9248
9334
9334
9334
9334
9334
9392
9392
9392
9392
9392
9392
9392
9392
9388
9388
9355
9355
9263
9263
9263
9263
9231
9231
9151
9151
9151
9146
9129
9058
9058
9002
9002
9002
9002
9002
9002
9002
9002
9068
9133
9198
9247
9200
9257
9256
9256
9256
9219
9219
9219
9283
9188
9188
9103
9174
9168
9170
9210
9210
9310
9264
9264
9178
9229
9329
9250
9311
9350
9302
9388
9448
9448
9443
9535
9535
9604
9531
9531
9531
9522
9439
9442
9362
9456
9459
9496
9591
9674
9680
9726
9812
9891
9939
9949
10022
10022
10038
10121
10042
10122
10046
9981
9967
9896
9848
9820
9740
9682
9635
9635
9612
9691
9691
9756
9756
9810
9853
9853
9933
9991
9991
9991
9991
9933
9853
9841
9817
9798
9766
9765
9692
9638
9638
9638
9567
9524
9524
9524
9428
9353
9353
9353
9411
9491
9503
9527
9565
9597
9600
9673
9727
9777
9783
9854
9897
9961
10023
10119
10194
10195
10195
10195
10184
10184
10184
10184
10092
10065
10065
10065
9984
9984
9936
9936
9868
9868
9772
9742
9742
9742
9742
9687
9667
9667
9603
9603
9603
9603
9666
9666
9677
9677
9701
9701
9701
9722
9814
9841
9827
9831
9770
9851
9773
9821
9821
9889
9889
9985
9966
9966
9966
9966
9907
9927
9927
9927
9927
9857
9857
9857
9871
9932
10010
10073
10156
10175
10221
10280
10318
10394
10464
10494
10517
10421
10380
10380
10380
10328
10328
10249
10249
10249
10249
10249
10241
10241
10173
10156
10075
9996
9977
9976
9976
9971
9928
9842
9842
9842
9842
9815
9815
9815
9815
9767
9767
9835
9916
9995
10014
10016
10021
10031
10074
10160
10160
10160
10114
10114
10065
10092
10021
10021
9941
9941
9858
9858
9821
9869
9838
9916
9854
9854
9758
9758
9718
9718
9686
9686
9684
9684
9672
9672
9721
9792
9872
9872
9909
9909
9909
9909
10005
10005
10045
10045
10077
10077
10079
10079
10091
10091
10042
9977
9903
9886
9838
9750
9714
9660
9655
9581
9540
9463
9408
9322
9322
9281
9218
9123
9123
9088
9031
9011
9009
9009
8926
8926
8862
8862
8857
8835
8820
8869
8943
8991
9056
9092
9124
9129
9129
9170
9224
9279
9352
9376
9376
9439
9525
9612
9653
9673
9673
9715
9715
9715
9715
9715
9797
9797
9861
9871
9871
9871
9871
9871
9871
9871
9871
9815
9815
9741
9741
9741
9741
9741
9741
9741
9741
9741
9741
9741
9741
9741
9741
9741
9741
9741
9741
9713
9713
9713
9713
9713
9718
9718
9720
9720
9794
9817
9915
9915
9984
10040
10106
10106
10176
10176
10251
10331
10373
10373
10418
10418
10462
10383
10383
10393
10393
10393
10421
10356
10356
10356
10356
10356
10285
10313
10265
10265
10265
10265
10185
10195
10137
10137
10137
10137
10137
10137
10216
10292
10357
10371
10442
10490
10518
10598
10656
10703
10716
10739
10739
10739
10739
10739
10639
10553
10553
10553
10553
10553
10553
10495
10475
10475
10475
10475
10475
10475
10475
10475
10386
10386
10386
10386
10439
10439
10539
10625
10650
10720
10812
10822
10880
10880
10880
10903
10903
10935
10955
10955
11035
11035
11035
11035
11122
11206
11233
11237
11265
11306
11355
11454
11517
11569
11589
11603
11685
11703
11776
11784
11784
11728
11728
11693
11693
11693
11629
11629
11629
11617
11562
11555
11555
11555
11555
11555
11555
11490
11490
11490
11554
11588
11650
11675
11730
11744
11744
11804
11902
11971
12008
12073
12117
12152
12152
12152
12152
12103
12032
11952
11952
11915
11915
11915
11915
11819
11819
11779
11779
11747
11747
11746
11746
11734
11701
11747
11796
11867
11947
11861
11921
11958
11989
12051
12051
12147
12147
12187
12187
12219
12219
12219
12219
12231
12273
12330
12341
12362
12441
12455
12462
12462
12551
12583
12586
12586
12652
12658
12747
12747
12811
12848
12848
12848
12848
12848
12848
12848
12848
12848
12889
12889
12889
12810
12734
12669
12655
12584
12577
12529
12501
12421
12363
12316
12303
12280
12280
12280
12345
12345
12345
12345
12345
12345
12403
12403
12403
12403
12391
12297
12296
12259
12164
12079
12076
12030
11944
11865
11817
11807
11734
11715
11632
11552
11643
11643
11680
11680
11680
11680
11680
11766
11833
11881
11881
11881
11881
11881
11961
11903
11823
11811
11787
11768
11736
11733
11733
11660
11606
11556
11477
11471
11440
11369
11272
11229
11175
11092
11036
10974
10967
10871
10845
10770
10734
10733
10665
10665
10612
10543
10543
10601
10601
10681
10693
10693
10693
10693
10725
10725
10798
10852
10852
10852
10923
10923
10974
10974
10974
11049
11050
11050
11050
11050
11050
11043
10982
10904
10887
10824
10741
10722
10676
10617
10579
10503
10433
10403
10392
10406
10467
10545
10588
10588
10671
10690
10736
10795
10795
10839
10909
10939
10939
10939
10939
10939
10939
10939
10939
10939
10939
10939
10864
10864
10864
10864
10864
10864
10864
10864
10864
10864
10864
10864
10864
10864
10864
10864
10864
10953
10953
10953
11028
11028
11028
11028
11028
11068
11068
11068
11068
11068
11068
11068
11068
11068
11015
11015
10915
10829
10804
10734
10642
10632
10574
10574
10574
10551
10551
10519
10499
10499
10419
10419
10419
10370
10296
10248
10212
10207
10166
10111
10087
10024
9937
9917
9875
9875
9793
9789
9838
9912
9960
9996
10001
10042
10097
10121
10184
10271
10291
10333
10333
10412
10347
10313
10313
10313
10259
10185
10185
10099
10058
10058
10058
10058
10058
9994
9984
9984
9984
9912
9977
10011
10099
10153
10227
10304
10390
10431
10526
10583
10588
10671
10735
10745
10767
10782
10777
10775
10701
10678
10580
10511
10445
10375
10300
10258
10236
10192
10182
10154
10154
10154
10154
10224
10238
10324
10324
10324
10394
10469
10469
10469
10469
10479
10479
10479
10433
10384
10313
10334
10254
10302
10219
10277
10277
10240
10267
10267
10236
10256
10191
10129
10198
10198
10198
10233
10233
10137
10167
10167
10167
10217
10217
10177
10196
10196
10196
10263
10205
10173
10173
10173
10173
10173
10173
10173
10173
10173
10173
10196
10184
10250
10315
10394
10470
10516
10581
10630
10644
10715
10786
10866
10914
10997
11025
11062
11142
11173
11231
11293
11340
11340
11340
11436
11459
11475
11515
11544
11576
11576
11576
11576
11588
11557
11546
11522
11522
11501
11409
11382
11302
11298
11240
11159
11159
11111
11111
11043
11043
10947
10947
10947
10947
10947
10947
10927
10927
10927
10927
10927
10927
10927
10927
10871
10871
10871
10791
10791
10791
10791
10791
10791
10791
10763
10763
10763
10753
10753
10753
10753
10809
10883
10883
10963
10963
10963
10963
10963
10997
10997
10997
11025
11025
11025
11035
11035
11035
10967
10894
10807
10723
10696
10692
10664
10623
10574
10475
10412
10360
10340
10326
10244
10235
10162
10158
10158
10245
10329
10356
10360
10388
10429
10436
10485
10574
10673
10747
10810
10821
10873
10873
10893
10898
10912
10912
10994
11048
11066
11155
11228
11228
11236
11236
11329
11356
11356
11356
11356
11356
11356
11356
11270
11270
11218
11218
11218
11218
11218
11218
11218
11218
11218
11218
11186
11161
11161
11072
11072
10998
10998
10998
10956
10899
10888
10867
10788
10774
10771
10771
10682
10650
10647
10647
10647
10658
10658
10737
10751
10758
10758
10847
10879
10882
10803
10727
10662
10648
10577
10529
10501
10421
10363
10316
10316
10293
10267
10267
10267
10347
10347
10309
10363
10388
10461
10514
10562
10562
10562
10562
10562
10562
10562
10562
10562
10562
10562
10515
10515
10515
10515
10478
10478
10478
10417
10417
10417
10504
10504
10538
10452
10481
10402
10417
10369
10419
10419
10497
10497
10589
10589
10589
10531
10531
10531
10451
10371
10391
10379
10379
10379
10379
10347
10347
10347
10384
10311
10311
10257
10257
10257
10257
10257
10257
10186
10272
10272
10351
10268
10316
10316
10326
10326
10399
10324
10324
10323
10323
10323
10403
10357
10415
10366
10446
10375
10387
10312
10232
10232
10149
10149
10112
10112
10081
10081
10050
10123
10123
10123
10027
10027
10011
10011
9971
10042
10013
10052
10020
10020
10020
10020
10020
10020
10020
10089
10077
10077
10077
10077
10126
10197
10277
10277
10314
10314
10314
10314
10314
10314
10354
10354
10386
10386
10386
10385
10385
10397
10333
10316
10254
10229
10174
10167
10100
10002
9933
9896
9831
9787
9752
9731
9787
9739
9739
9681
9681
9654
9679
9659
9714
9645
9659
9624
9624
9594
9648
9598
9598
9579
9616
9549
9614
9614
9614
9614
9649
9649
9626
9560
9495
9481
9420
9342
9363
9300
9348
9265
9323
9304
9331
9285
9305
9246
9315
9315
9350
9274
9304
9234
9284
9254
9273
9273
9340
9340
9340
9340
9340
9363
9429
9494
9482
9414
9333
9254
9235
9234
9231
9221
9178
9092
9092
9092
9092
9065
9065
9065
9065
9017
8932
8982
9063
9063
9063
9063
9063
9073
9073
9159
9159
9159
9159
9159
9159
9159
9237
9237
9237
9237
9237
9237
9276
9318
9318
9318
9252
9252
9252
9252
9351
9351
9282
9282
9282
9294
9294
9294
9294
9358
9358
9378
9278
9278
9278
9207
9207
9207
9257
9323
9361
9430
9520
9551
9551
9651
9722
9722
9790
9741
9667
9619
9601
9599
9558
9503
9479
9416
9329
9309
9267
9267
9185
9187
9187
9267
9294
9379
9475
9483
9494
9494
9530
9619
9674
9774
9774
9814
9814
9814
9740
9729
9631
9631
9631
9561
9486
9486
9421
9421
9404
9404
9360
9350
9296
9296
9222
9222
9145
9059
9018
9023
8928
8930
8873
8947
8945
8968
8885
8983
8919
8988
8978
9044
9022
9092
9085
9160
9202
9226
9226
9236
9264
9328
9426
9479
9561
9617
9716
9733
9769
9769
9829
9829
9866
9866
9866
9835
9755
9663
9602
9602
9542
9542
9542
9509
9509
9509
9509
9474
9474
9474
9425
9425
9425
9425
9456
9536
9628
9689
9708
9768
9849
9849
9882
9882
9889
9934
9969
9987
9987
10036
10036
10036
10036
10036
9980
9906
9906
9826
9826
9826
9826
9826
9775
9775
9747
9747
9747
9737
9737
9737
9768
9824
9898
9976
10056
10085
10161
10161
10161
10212
10311
10339
10339
10339
10349
10349
10349
10283
10277
10188
10188
10124
10087
10087
10087
10087
10087
10087
10087
10087
10087
10046
10046
10112
10118
10207
10249
10313
10350
10357
10434
10437
10494
10556
10603
10701
10705
10746
10824
10824
10775
10704
10624
10624
10587
10587
10587
10587
10587
10587
10547
10547
10515
10515
10515
10515
10503
10549
10598
10669
10749
10749
10786
10817
10817
10817
10817
10817
10857
10857
10889
10889
10889
10889
10901
10901
10901
10901
10901
10901
10901
10901
10901
10901
10901
10901
10901
10901
10901
10901
10901
10901
10842
10893
10893
10893
10893
10893
10893
10989
10989
10989
11087
11148
11148
11223
11277
11277
11332
11352
11411
11324
11240
11213
11209
11181
11140
11091
10992
10961
10909
10889
10875
10793
10775
10702
10694
10601
10601
10601
10624
10624
10624
10665
10714
10810
10810
10810
10810
10810
10810
10810
10810
10866
10866
10866
10866
10894
10894
10894
10967
10967
10967
11028
11028
11036
11095
11136
11136
11136
11136
11136
11131
11131
11052
11038
11035
11035
10946
10914
10911
10953
10953
10964
10964
11043
11057
11057
11057
11146
11178
11181
11160
11112
11054
11027
11007
10938
10903
10873
10823
10804
10737
10737
10737
10737
10714
10648
10583
10583
10631
10689
10716
10736
10791
10826
10826
10826
10826
10826
10826
10826
10826
10826
10826
10891
10833
10753
10747
10747
10747
10747
10747
10674
10674
10674
10674
10603
10560
10560
10560
10560
10485
10485
10485
10543
10623
10635
10635
10635
10667
10667
10740
10771
10771
10771
10842
10842
10842
10842
10938
11013
11013
11013
11013
11013
10976
10976
10976
10976
10976
10890
10811
10763
10753
10680
10680
10680
10600
10600
10600
10637
10637
10637
10637
10637
10723
10723
10771
10781
10781
10781
10781
10781
10735
10686
10615
10535
10535
10498
10467
10467
10467
10467
10467
10427
10427
10395
10395
10395
10395
10383
10383
10432
10432
10432
10432
10432
10432
10432
10432
10432
10432
10472
10472
10472
10472
10472
10472
10472
10467
10465
10391
10368
10270
10201
10135
10065
9990
9969
9947
9947
9937
9909
9822
9824
9889
9978
10059
10062
10116
10196
10290
10360
10397
10485
10530
10596
10625
10696
10774
10836
10918
10820
10767
10680
10624
10525
10517
10495
10495
10435
10435
10398
10398
10398
10496
10549
10636
10692
10791
10808
10853
10946
11006
11011
11048
11061
11144
11080
11080
11080
11055
11000
10993
10993
10895
10895
10858
10793
10793
10758
10758
10710
10652
10639
10619
10550
10515
10515
10515
10515
10515
10515
10515
10515
10515
10515
10450
10450
10498
10556
10583
10603
10672
10707
10737
10737
10756
10804
10804
10804
10804
10804
10870
10935
10904
10848
10774
10696
10616
10587
10511
10511
10511
10460
10361
10333
10333
10333
10323
10323
10323
10354
10410
10484
10539
10619
10619
10619
10619
10619
10670
10769
10797
10797
10797
10807
10807
10807
10807
10807
10807
10807
10718
10718
10718
10643
10643
10643
10643
10643
10603
10603
10603
10603
10603
10603
10603
10651
10751
10764
10816
10861
10936
11015
11091
11122
11193
11275
11281
11328
11257
11225
11125
11033
10948
10906
10906
10895
10895
10816
10802
10802
10802
10713
10681
10678
10720
10777
10788
10788
10867
10881
10888
10888
10888
10839
10928
10928
10960
10960
10963
10963
10963
10963
10963
10963
10963
10963
10963
10923
10923
10923
10923
10923
10923
10923
10923
10969
11018
11089
11169
11169
11206
11237
11299
11299
11395
11411
11451
11472
11504
11504
11504
11504
11516
11513
11420
11346
11335
11335
11331
11331
11277
11188
11188
11188
11161
11161
11161
11161
11161
11134
11134
11134
11134
11134
11134
11093
11044
11044
11051
11051
11144
11144
11218
11218
11229
11229
11320
11320
11329
11329
11377
11304
11358
11358
11447
11447
11486
11568
11595
11682
11754
11838
11936
11963
12041
12045
12051
12079
12079
12120
12169
12268
12331
12383
12403
12403
12403
12403
12476
12484
12484
12426
12346
12334
12334
12334
12302
12302
12229
12175
12175
12175
12104
12104
12104
12104
12008
11933
11933
11933
11933
11868
11799
11739
11674
11712
11738
11738
11738
11738
11755
11755
11755
11755
11755
11718
11774
11774
11860
11860
11892
11892
11892
11892
11909
11964
11964
11964
11945
12029
12094
12094
12091
12091
12091
12091
12091
12091
12091
12005
12104
12104
12124
12124
12124
12182
12182
12134
12134
12124
12187
12258
12258
12258
12306
12306
12306
12306
12306
12400
12403
12440
12535
12620
12626
12672
12758
12837
12885
12895
12834
12907
12926
13009
13089
13089
13049
12949
12881
12881
12800
12800
12800
12800
12800
12790
12790
12704
12704
12704
12704
12704
12704
12704
12704
12656
12656
12592
12592
12592
12544
12486
12459
12439
12370
12335
12305
12305
12286
12219
12219
12219
12219
12219
12219
12219
12219
12153
12066
12066
12066
12066
12131
12131
12066
12139
12105
12175
12161
12161
12152
12152
12085
12085
12085
12133
12055
12089
12023
12081
11989
11983
11983
11983
11894
11934
11954
11954
11912
11963
11963
11943
11879
11879
11842
11842
11835
11835
11758
11758
11755
11755
11698
11698
11636
11636
11589
11589
11491
11491
11487
11487
11446
11511
11433
11499
11497
11503
11592
11592
11656
11693
11700
11777
11777
11824
11824
11824
11824
11824
11865
11865
11865
11814
11716
11663
11576
11520
11421
11404
11382
11289
11229
11224
11187
11174
11091
11142
11142
11142
11198
11297
11297
11297
11297
11297
11297
11334
11334
11334
11288
11239
11168
11088
11088
11051
11020
10958
10958
10862
10854
10814
10785
10753
10753
10753
10753
10741
10787
10836
10907
10987
10987
11024
11055
11055
11055
11151
11151
11191
11191
11223
11223
11223
11223
11223
11235
11139
11139
11053
11053
11052
10987
10898
10817
10816
10762
10682
10635
10565
10528
10440
10417
10351
10336
10265
10187
10102
10004
10004
10069
10038
10127
10071
10152
10078
10081
10003
10057
9977
10057
10057
10148
10148
10218
10218
10251
10251
10329
10278
10278
10179
10222
10194
10194
10194
10265
10265
10265
10255
10255
10255
10305
10305
10336
10392
10466
10544
10624
10653
10729
10732
10785
10836
10935
10963
11046
11046
11056
11056
11056
10960
10960
10960
10960
10904
10904
10876
10876
10876
10815
10807
10748
10707
10707
10707
10803
10821
10878
10946
11002
11002
11030
11030
10988
11086
11029
11090
11085
11093
11093
11152
11073
11114
11107
11207
11204
11215
11215
11126
11094
11093
11093
11127
11138
11138
11217
11231
11231
11231
11320
11352
11352
11265
11181
11154
11150
11122
11081
11032
10933
10870
10818
10798
10798
10798
10750
10750
10692
10692
10692
10619
10599
10591
10591
10591
10591
10591
10591
10591
10591
10591
10591
10618
10618
10618
10618
10618
10618
10618
10618
10667
10667
10667
10621
10556
10556
10507
10559
10488
10508
10428
10428
10428
10428
10476
10476
10439
10497
10515
10484
10511
10584
10584
10604
10604
10604
10604
10604
10508
10543
10543
10543
10503
10503
10503
10503
10471
10471
10471
10471
10377
10377
10377
10374
10374
10374
10337
10325
10348
10301
10364
10279
10344
10341
10318
10232
10153
10105
10095
10022
10013
9930
9850
9944
9947
9984
10079
10164
10170
10216
10302
10381
10429
10439
10512
10531
10614
10694
10646
10546
10533
10481
10436
10361
10282
10206
10175
10104
10022
10016
9969
10017
10088
10088
10140
10140
10215
10265
10265
10265
10336
10336
10336
10336
10238
10238
10238
10182
10083
10083
10083
10083
10083
10083
10046
10046
10046
10144
10149
10202
10274
10361
10390
10446
10530
10629
10646
10735
10780
10879
10921
11014
11020
11080
11085
11159
11196
11245
11245
11308
11308
11342
11347
11395
11395
11436
11436
11456
11456
11456
11556
11556
11579
11663
11722
11797
11797
11889
11889
11858
11802
11728
11650
11570
11541
11465
11462
11409
11358
11259
11231
11231
11148
11100
11100
11042
11032
11005
11005
10985
10985
10985
10950
10950
10950
10950
10950
10950
10950
10950
10927
10861
10796
10817
10865
10923
10950
10970
11039
11074
11104
11104
11123
11190
11243
11243
11243
11266
11332
11397
11397
11369
11358
11358
11279
11265
11265
11265
11176
11144
11144
11176
11176
11187
11187
11266
11280
11280
11280
11369
11401
11401
11401
11336
11247
11166
11163
11109
11029
10935
10865
10828
10740
10740
10674
10674
10603
10603
10603
10505
10507
10572
10661
10742
10745
10799
10879
10973
11043
11080
11168
11214
11280
11311
11382
11460
11544
11642
11642
11576
11570
11481
11481
11417
11380
11373
11296
11296
11268
11268
11268
11268
11268
11227
11227
11293
11299
11388
11430
11494
11531
11538
11592
11592
11592
11498
11498
11495
11495
11458
11458
11363
11363
11278
11319
11313
11313
11267
11181
11102
11054
11044
10971
10952
10869
10789
10786
10693
10619
10608
10517
10508
10460
10406
10317
10274
10192
10165
10093
9995
9917
9914
9914
9921
10014
10088
10099
10190
10199
10247
10301
10390
10429
10429
10511
10511
10538
10511
10583
10583
10681
10681
10759
10759
10765
10716
10766
10766
10766
10714
10704
10704
10704
10686
10613
10613
10613
10613
10613
10640
10640
10640
10681
10730
10730
10730
10730
10750
10750
10750
10750
10750
10750
10750
10716
10711
10663
10663
10622
10622
10602
10602
10602
10502
10502
10479
10395
10336
10261
10261
10169
10169
10203
10208
10256
10285
10285
10326
10419
10439
10496
10556
10656
10747
10770
10854
10913
10988
11018
11110
11163
11163
11163
11163
11065
11012
10925
10869
10770
10753
10708
10615
10555
10550
10513
10513
10513
10513
10611
10664
10751
10807
10906
10923
10923
10923
10974
10974
11011
11011
11011
10926
10906
10906
10928
10928
11017
11017
10996
10996
10948
10948
10890
10890
10863
10863
10843
10843
10774
10774
10739
10739
10709
10709
10709
10709
10690
10690
10623
10623
10570
10570
10568
10568
10568
10545
10465
10399
10372
10307
10222
10126
10122
10143
10132
10180
10180
10238
10170
10197
10108
10128
10073
10142
10042
10077
10077
10107
10067
10117
10136
10203
10205
10258
10262
10319
10399
10481
10508
10531
10616
10682
10778
10843
10851
10862
10865
10933
11022
11077
11177
11253
11293
11287
11217
11169
11069
11069
11017
11017
10942
10863
10863
10863
10792
10792
10792
10792
10840
10940
10953
11005
11050
11125
11204
11280
11311
11382
11464
11470
11470
11422
11422
11422
11422
11323
11323
11227
11209
11152
11118
11050
11045
10989
10941
10941
10912
10884
10843
10843
10750
10652
10632
10571
10514
10506
10446
10387
10287
10246
10155
10055
10032
10021
9937
9878
9803
9899
9869
9887
9795
9852
9799
9867
9825
9881
9881
9884
9918
9907
9935
9940
9940
10021
10069
9990
10088
10117
10103
10164
10205
10205
10213
10306
10306
10365
10385
10296
10337
10337
10305
10405
10465
10465
10465
10476
10576
10576
10599
10641
10641
10698
10757
10768
10843
10864
10864
10943
11035
11049
11049
11056
11140
11229
11261
11264
11264
11264
11264
11285
11313
11313
11313
11263
11263
11197
11236
11217
11296
11296
11227
11296
11361
11387
11387
11297
11363
11389
11374
11463
11463
11533
11632
11632
11660
11660
11660
11709
11609
11609
11538
11538
11563
11563
11495
11495
11561
11561
11630
11630
11661
11661
11761
11832
11832
11832
11886
11986
12070
12149
12187
12259
12357
12362
12389
12408
12408
12408
12408
12408
12408
12408
12500
12500
12500
12500
12500
12500
12563
12563
12563
12563
12563
12563
12542
12494
12436
12409
12389
12320
12285
12255
12205
12186
12119
12066
12009
11927
11904
11838
11773
11773
11821
11790
11848
11768
11795
11703
11723
11662
11731
11722
11757
11697
11727
11646
11646
11646
11659
11626
11667
11667
11667
11664
11664
11642
11642
11607
11630
11612
11678
11678
11743
11694
11694
11694
11694
11694
11774
11836
11897
11897
11897
11897
11897
11897
11897
11870
11903
11903
11903
11903
11903
11862
11862
11813
11848
11848
11848
11848
11907
11907
11956
11936
11936
11936
11936
11936
11936
11936
11936
11936
11936
11935
11870
11781
11700
11699
11645
11565
11471
11401
11364
11276
11253
11187
11156
11085
11007
10922
10824
10824
10889
10978
11041
11044
11098
11178
11178
11248
11285
11285
11285
11351
11351
11422
11496
11496
11496
11398
11345
11258
11202
11103
11095
11095
11095
11061
11031
11026
11026
10978
10941
10912
10912
10871
10871
10778
10758
10758
10856
10796
10849
10749
10836
10836
10892
10869
10968
10968
10985
10926
10971
10896
10896
10896
10955
10863
10868
10868
10905
10905
10905
10939
10944
10992
11021
11062
11155
11175
11232
11292
11392
11392
11415
11496
11555
11630
11630
11722
11722
11697
11697
11697
11697
11697
11697
11601
11601
11601
11503
11442
11442
11367
11313
11313
11258
11238
11179
11216
11216
11216
11216
11284
11371
11371
11428
11428
11448
11471
11562
11562
11648
11648
11746
11807
11904
11904
11923
11998
11999
12053
12068
12068
12136
12191
12224
12224
12301
12360
12412
12441
12447
12447
12425
12425
12336
12336
12336
12336
12336
12336
12336
12336
12336
12336
12336
12336
12336
12419
12441
12446
12535
12562
12593
12640
12716
12754
12804
12864
12864
12934
12944
12945
12945
12945
12945
12945
12945
12945
12945
12945
12945
13020
13020
13020
13020
13020
13032
13032
13032
13032
13032
13032
13032
13032
13032
13032
13072
13072
13072
13018
12918
12834
12755
12717
12645
12603
12505
12439
12382
12377
12371
12360
12347
12258
12237
12218
12176
12097
12097
12033
12019
12019
11982
11975
11975
11972
11888
11888
11811
11811
11722
11722
11722
11690
11690
11687
11687
11741
11741
11841
11841
11841
11919
11919
11919
11998
11957
11968
11968
11968
11968
12038
12117
12117
12117
12117
12183
12183
12206
12206
12206
12206
12295
12384
12384
12384
12416
12416
12480
12480
12480
12517
12517
12517
12517
12517
12517
12517
12517
12517
12603
12603
12603
12603
12504
12433
12334
12248
12228
12228
12202
12202
12202
12154
12096
12096
12069
12049
11980
11945
11915
11915
11896
11829
11829
11829
11829
11806
11740
11675
11675
11627
11527
11514
11462
11417
11342
11263
11187
11156
11085
11051
10969
10967
10961
10913
10913
10884
10843
10750
10798
10778
10878
10821
10821
10761
10813
10713
10713
10713
10788
10777
10856
10772
10772
10713
10744
10669
10740
10740
10740
10648
10648
10648
10648
10682
10687
10735
10764
10805
10898
10918
10918
10978
11078
11078
11101
11101
11160
11235
11265
11357
11357
11301
11243
11170
11170
11259
11259
11259
11322
11355
11355
11404
11404
11484
11501
11501
11501
11432
11432
11432
11432
11432
11432
11432
11432
11432
11429
11336
11262
11257
11166
11162
11114
11060
10971
10928
10846
10819
10747
10649
10571
10568
10515
10515
10467
10467
10369
10316
10229
10173
10074
10057
10012
10012
9952
9947
9910
9910
9910
9910
9888
9888
9888
9888
9888
9871
9839
9839
9769
9769
9714
9660
9560
9476
9397
9397
9325
9325
9325
9298
9298
9298
9298
9298
9298
9298
9352
9430
9514
9593
9593
9665
9760
9760
9786
9786
9786
9786
9786
9786
9786
9703
9681
9679
9590
9563
9541
9494
9418
9380
9330
9270
9270
9200
9190
9190
9190
9190
9273
9295
9300
9389
9416
9456
9481
9557
9557
9557
9617
9617
9687
9697
9697
9714
9680
9678
9630
9601
9560
9467
9447
9447
9387
9287
9287
9264
9213
9213
9154
9079
9049
8957
8957
8888
8922
8927
8975
9004
9045
9138
9158
9215
9275
9375
9451
9474
9558
9617
9692
9722
9814
9814
9814
9797
9797
9779
9779
9714
9625
9544
9541
9487
9407
9407
9337
9300
9300
9300
9234
9234
9194
9123
9045
9045
9045
9045
9110
9110
9199
9251
9251
9305
9385
9385
9455
9492
9492
9492
9555
9555
9626
9626
9626
9626
9626
9626
9546
9546
9492
9480
9407
9323
9228
9228
9228
9228
9132
9114
9086
9018
8962
8959
8931
8850
8752
8691
8687
8628
8587
8487
8482
8482
8482
8578
8567
8585
8585
8642
8563
8631
8631
8687
8687
8690
8690
8718
8629
8710
8678
8776
8776
8837
8845
8904
8904
8945
8945
9045
9053
9064
9064
9143
9143
9143
9143
9232
9256
9256
9256
9191
9157
9152
9104
9090
9049
8956
8936
8879
8819
8719
8628
8605
8521
8462
8387
8357
8265
8265
8299
8304
8352
8381
8422
8422
8442
8442
8502
8602
8602
8625
8709
8768
8843
8873
8965
9003
8949
8849
8765
8686
8686
8614
8516
8516
8489
8489
8489
8489
8489
8489
8489
8543
8643
8727
8806
8839
8839
8937
8937
8937
8937
8937
8937
8937
8937
8937
8937
8937
8937
8937
8937
8937
8937
8937
8862
8862
8862
8862
8862
8850
8865
8929
9019
9100
9178
9222
9289
9366
9441
9477
9484
9486
9486
9498
9498
9506
9506
9580
9580
9620
9620
9620
9695
9695
9695
9647
9547
9547
9495
9495
9420
9341
9341
9310
9239
9239
9239
9239
9287
9387
9400
9452
9497
9572
9651
9727
9758
9829
9829
9829
9829
9829
9737
9737
9737
9737
9737
9737
9668
9668
9668
9668
9668
9581
9581
9524
9504
9413
9413
9327
9419
9321
9375
9278
9278
9259
9259
9258
9258
9251
9252
9184
9253
9220
9220
9143
9143
9091
9146
9117
9117
9114
9114
9201
9258
9278
9340
9426
9524
9621
9640
9641
9655
9723
9756
9833
9885
9914
9920
9920
9920
9920
9920
9920
9920
9920
9920
9920
9880
9880
9880
9887
9892
9910
9913
9966
10033
10067
10088
10155
10195
10259
10298
10232
10232
10143
10143
10079
10042
10042
10042
10042
10042
10042
10042
9944
9944
9944
9944
9861
9839
9837
9748
9721
9699
9652
9576
9576
9576
9516
9516
9446
9441
9441
9424
9507
9529
9534
9623
9647
9691
9727
9779
9779
9779
9828
9828
9898
9908
9909
9909
9907
9835
9821
9734
9645
9546
9504
9498
9424
9375
9312
9317
9389
9418
9505
9594
9693
9735
9741
9815
9864
9927
9927
9927
9916
9916
9837
9837
9837
9837
9748
9716
9716
9682
9677
9629
9600
9559
9559
9539
9539
9479
9379
9379
9356
9272
9213
9138
9108
9016
8963
8997
9002
9050
9079
9120
9120
9140
9140
9190
9290
9290
9313
9313
9372
9447
9477
9569
9569
9515
9415
9331
9252
9214
9214
9116
9116
9116
9116
9116
9116
9116
9116
9116
9170
9270
9354
9433
9433
9505
9603
9608
9635
9635
9635
9635
9642
9642
9642
9642
9577
9488
9407
9407
9353
9273
9273
9203
9260
9223
9296
9296
9352
9352
9352
9286
9286
9286
9364
9293
9347
9347
9379
9379
9453
9453
9534
9585
9634
9634
9639
9704
9739
9827
9864
9864
9880
9880
9891
9945
10025
10025
10095
10095
10095
10095
10095
10095
10166
10166
10166
10166
10229
10289
10382
10441
10482
10534
10564
10637
10717
10814
10848
10924
10970
11028
10994
10989
10941
10912
10871
10871
10851
10851
10791
10691
10691
10668
10719
10719
10747
10688
10697
10622
10682
10652
10728
10636
10690
10690
10691
10779
10831
10836
10908
10932
10975
11020
11110
11206
11222
11222
11239
11239
11231
11231
11157
11157
11117
11117
11117
11042
11042
11042
11042
11050
11050
11124
11135
11175
11175
11175
11250
11250
11250
11167
11156
11151
11062
11035
10991
10968
10892
10892
10892
10832
10832
10762
10752
10752
10752
10752
10771
10771
10860
10887
10887
10887
10887
10887
10887
10887
10887
10953
10963
10963
10963
10963
10909
10809
10725
10646
10646
10574
10476
10471
10444
10444
10444
10444
10441
10441
10441
10495
10595
10679
10758
10796
10868
10966
10971
10998
11017
11017
11017
11024
11024
11024
11023
11019
10939
10912
10827
10731
10727
10722
10721
10653
10564
10509
10409
10384
10308
10268
10172
10154
10097
10029
9973
9970
9942
9861
9763
9702
9694
9635
9594
9494
9483
9483
9435
9335
9322
9270
9225
9150
9071
8995
8964
8893
8893
8893
8893
8893
8941
9041
9051
9103
9103
9178
9257
9257
9288
9359
9441
9441
9441
9415
9415
9501
9560
9560
9560
9560
9634
9690
9690
9749
9749
9766
9807
9807
9872
9835
9835
9754
9703
9675
9666
9606
9530
9476
9475
9387
9335
9330
9258
9234
9191
9146
9056
8960
8944
8944
8927
8978
9006
9015
9075
9075
9129
9130
9130
9130
9130
9202
9202
9245
9245
9245
9245
9261
9261
9278
9263
9199
9109
9028
8950
8906
8839
8762
8762
8687
8651
8644
8642
8642
8630
8645
8709
8799
8880
8958
9002
9069
9146
9221
9257
9264
9266
9266
9278
9278
9208
9258
9358
9369
9369
9377
9469
9469
9472
9536
9601
9601
9628
9628
9628
9693
9693
9624
9596
9570
9563
9561
9552
9549
9492
9439
9366
9299
9243
9209
9209
9199
9199
9123
9045
9005
8951
8887
8855
8816
8742
8661
8596
8545
8551
8502
8507
8502
8520
8485
8485
8448
8448
8432
8496
8485
8511
8511
8511
8511
8511
8551
8624
8559
8559
8615
8526
8526
8526
8526
8526
8526
8604
8550
8604
8524
8556
8556
8630
8560
8560
8560
8611
8611
8660
8660
8660
8660
8695
8695
8732
8661
8677
8677
8688
8688
8688
8690
8755
8844
8925
8928
8982
9062
9156
9226
9263
9351
9397
9463
9494
9565
9643
9728
9826
9739
9711
9691
9600
9514
9416
9319
9310
9256
9256
9156
9141
9057
8989
8910
8877
8839
8801
8729
8678
8626
8528
8499
8494
8491
8464
8445
8445
8532
8532
8589
8582
8602
8602
8602
8602
8688
8786
8883
8937
8956
9056
9057
9141
9156
9235
9283
9321
9354
9426
9495
9593
9645
9650
9650
9677
9677
9696
9702
9765
9765
9772
9814
9814
9765
9666
9667
9740
9814
9814
9889
9889
9941
10012
10076
10113
10113
10027
9968
9968
9968
9968
9894
9838
9838
9740
9740
9723
9682
9682
9617
9617
9666
9752
9811
9811
9811
9811
9811
9885
9941
9941
10038
10038
10055
10096
10096
10161
10072
10053
10053
9987
9936
9908
9899
9839
9857
9857
9868
9814
9814
9814
9814
9814
9814
9822
9822
9756
9842
9916
9916
9970
9970
9970
9898
9898
9829
9857
9857
9857
9857
9949
9906
9891
9940
9940
9940
9940
9940
9940
9840
9840
9769
9769
9779
9771
9771
9771
9771
9754
9804
9855
9921
9949
9987
9992
10061
10120
10210
10210
10210
10210
10210
10210
10310
10310
10381
10381
10381
10381
10381
10381
10381
10381
10381
10381
10381
10381
10381
10381
10381
10359
10359
10270
10243
10243
10243
10243
10235
10235
10235
10235
10161
10161
10150
10150
10110
10110
10110
10040
10040
10030
9955
9955
9955
9955
9955
9955
10042
10042
10050
10050
10072
10161
10235
10235
10246
10246
10286
10286
10310
10310
10311
10311
10386
10386
10471
10471
10513
10513
10583
10593
10593
10593
10593
10501
10447
10447
10447
10447
10446
10377
10377
10377
10322
10322
10322
10322
10414
10414
10414
10414
10493
10493
10524
10524
10584
10584
10658
10658
10693
10693
10757
10812
10849
10849
10925
10925
10925
10925
10925
10942
11000
11000
11025
11025
11086
11036
10936
10931
10923
10831
10831
10828
10764
10693
10693
10666
10666
10666
10601
10601
10701
10712
10712
10804
10804
10804
10859
10930
10930
10930
10930
10950
11015
11015
10935
10843
10782
10782
10782
10782
10782
10749
10749
10749
10749
10714
10714
10650
10601
10601
10601
10601
10601
10681
10773
10834
10834
10834
10834
10834
10867
10867
10867
10867
10902
10902
10902
10951
10951
10951
10951
11017
11068
11093
11190
11280
11286
11326
11336
11344
11366
11455
11496
11544
11631
11705
11648
11562
11503
11503
11503
11503
11503
11503
11503
11503
11429
11429
11373
11385
11385
11385
11287
11367
11367
11459
11442
11442
11401
11460
11460
11395
11395
11481
11540
11540
11540
11540
11540
11540
11540
11540
11540
11540
11581
11581
11646
11592
11492
11450
11371
11333
11261
11163
11161
11134
11115
11112
11049
11046
10995
10953
10953
10953
10953
10953
10885
10885
10885
10862
10862
10862
10801
10801
10726
10672
10672
10617
10617
10558
10605
10605
10626
10626
10674
10674
10674
10674
10674
10674
10735
10735
10810
10864
10864
10919
10933
10992
10941
10913
10904
10844
10844
10844
10844
10844
10844
10844
10844
10844
10844
10844
10844
10844
10844
10844
10844
10844
10844
10844
10844
10844
10844
10844
10844
10844
10844
10844
10844
10844
10844
10844
10844
10844
10844
10844
10844
10844
10844
10844
10844
10844
10893
10893
10845
10902
10802
10802
10789
10789
10737
10737
10662
10583
10583
10552
10481
10399
10399
10399
10462
10511
10571
10633
10726
10726
10804
10870
10967
10979
10979
11037
11057
11067
11067
11067
11121
11180
11180
11180
11080
11075
11075
10983
10983
10983
10919
10848
10848
10848
10848
10828
10763
10763
10863
10874
10882
10974
10974
10974
11038
11103
11103
11103
11103
11123
11188
11224
11239
11242
11315
11355
11386
11402
11428
11511
11529
11618
11711
11753
11829
11917
11944
12028
12076
12076
12003
11947
11947
11947
11869
11815
11783
11709
11709
11658
11609
11609
11574
11537
11529
11518
11518
11591
11647
11647
11647
11581
11581
11530
11584
11559
11587
11490
11490
11400
11400
11398
11392
11392
11327
11287
11336
11247
11237
11237
11156
11148
11148
11145
11123
11123
11069
10980
10980
10900
10859
10859
10765
10717
10647
10560
10523
10449
10361
10315
10315
10249
10315
10229
10214
10265
10206
10135
10160
10160
10082
10179
10179
10094
10184
10184
10086
10092
10092
10132
10132
10142
10142
10150
10150
10172
10172
10261
10261
10302
10261
10309
10309
10396
10331
10405
10405
10491
10550
10550
10550
10550
10624
10680
10680
10778
10778
10795
10836
10836
10901
10901
10901
10901
10812
10812
10812
10812
10812
10812
10812
10812
10812
10742
10732
10732
10732
10732
10732
10732
10820
10820
10820
10820
10820
10820
10820
10820
10820
10820
10820
10820
10820
10813
10749
10659
10578
10500
10456
10389
10312
10312
10237
10237
10219
10219
10216
10216
10215
10215
10215
10215
10203
10203
10203
10203
10203
10203
10203
10203
10203
10203
10203
10203
10203
10203
10254
10282
10291
10351
10427
10481
10482
10570
10570
10617
10617
10621
10621
10663
10663
10687
10687
10730
10718
10718
10718
10718
10638
10734
10642
10655
10655
10655
10596
10613
10631
10713
10758
10761
10674
10688
10684
10696
10674
10713
10639
10719
10714
10806
10766
10766
10742
10801
10801
10726
10641
10599
10599
10607
10626
10700
10711
10751
10751
10752
10827
10908
10908
10908
10808
10803
10795
10703
10703
10703
10639
10568
10568
10568
10568
10548
10483
10533
10633
10644
10652
10744
10838
10841
10905
10976
10976
11003
11055
11075
11140
11140
11140
11140
11140
11140
11140
11091
11091
11018
11018
11018
11115
11108
11201
11199
11205
11196
11273
11273
11273
11273
11273
11206
11255
11221
11228
11228
11301
11301
11301
11261
11261
11261
11261
11267
11272
11286
11286
11286
11353
11353
11353
11353
11393
11393
11393
11393
11307
11248
11248
11248
11248
11174
11118
11118
11020
11034
11034
11049
11032
11107
11066
11103
11103
11127
11062
11158
11257
11266
11266
11296
11382
11410
11469
11487
11487
11487
11487
11522
11522
11522
11596
11596
11652
11723
11723
11644
11695
11695
11664
11664
11664
11604
11621
11547
11588
11553
11553
11489
11554
11517
11435
11435
11435
11435
11418
11360
11360
11335
11335
11274
11353
11384
11384
11384
11419
11419
11456
11456
11456
11456
11456
11390
11390
11339
11397
11372
11372
11275
11275
11185
11185
11182
11182
11142
11132
11124
11102
11013
10972
10924
10837
10763
10829
10877
10902
10902
10902
10902
10942
10952
10952
10952
11041
11041
11041
11041
11041
10954
10897
10877
10877
10791
10693
10596
10577
10577
10570
10502
10469
10392
10340
10340
10340
10289
10261
10257
10227
10151
10097
10097
10009
9957
9955
9883
9859
9816
9816
9816
9720
9704
9704
9687
9730
9756
9756
9798
9798
9852
9852
9902
9902
9902
9974
9974
9974
9974
9974
9974
9974
9974
9974
9956
9941
9940
9867
9827
9796
9788
9762
9679
9661
9572
9479
9461
9419
9337
9299
9254
9166
9163
9136
9122
9038
9026
8978
8939
8859
8767
8803
8803
8818
8759
8762
8835
8875
8893
8924
9006
9022
9067
9093
9093
9158
9172
9190
9202
9291
9330
9423
9503
9503
9595
9671
9729
9815
9874
9901
9901
9949
10022
10022
10022
10022
10114
10114
10131
10131
10131
10131
10131
10143
10143
10143
10233
10183
10083
10072
10064
9972
9878
9875
9811
9740
9740
9713
9661
9641
9576
9576
9676
9687
9687
9779
9779
9779
9829
9894
9894
9894
9894
9894
9959
9959
9959
9959
9870
9870
9870
9870
9870
9870
9870
9870
9870
9870
9870
9870
9870
9953
9975
9980
10069
10096
10140
10187
10263
10301
10301
10361
10361
10431
10441
10442
10459
10459
10373
10314
10314
10314
10314
10240
10184
10184
10184
10184
10167
10126
10126
10061
10061
10147
10206
10206
10206
10206
10280
10336
10336
10434
10434
10451
10492
10492
10557
10557
10484
10428
10428
10428
10428
10494
10440
10515
10449
10417
10417
10366
10366
10366
10341
10341
10341
10341
10341
10341
10341
10292
10303
10303
10303
10303
10263
10263
10263
10253
10253
10253
10253
10253
10253
10253
10253
10164
10164
10164
10164
10164
10237
10237
10293
10293
10293
10293
10293
10293
10347
10347
10379
10379
10379
10379
10379
10379
10379
10419
10468
10468
10468
10468
10503
10503
10503
10503
10503
10503
10503
10503
10503
10503
10452
10424
10424
10364
10364
10310
10310
10310
10306
10218
10196
10196
10122
10122
10111
10039
9999
9999
9999
9999
9998
9998
9923
9923
9838
9838
9838
9838
9838
9838
9925
9933
9955
9955
10029
10029
10040
10040
10080
10080
10104
10104
10105
10105
10180
10180
10265
10265
10307
10302
10354
10282
10282
10253
10325
10238
10238
10149
10192
10093
10093
10051
10051
10048
10144
10070
10086
10037
10051
9954
9891
9908
9815
9812
9735
9735
9735
9686
9679
9606
9606
9606
9703
9796
9796
9863
9863
9863
9912
9912
9985
9985
9985
9985
9893
9893
9893
9893
9893
9893
9893
9893
9893
9838
9838
9838
9916
10008
10062
10064
10140
10193
10194
10263
10279
10285
10340
10340
10340
10277
10277
10228
10128
10068
10063
10001
10001
9908
9816
9816
9816
9738
9738
9672
9608
9511
9440
9428
9428
9428
9428
9370
9370
9350
9350
9340
9275
9275
9275
9221
9271
9212
9312
9312
9323
9331
9423
9423
9423
9472
9475
9457
9501
9565
9483
9515
9586
9564
9564
9564
9564
9564
9591
9577
9624
9624
9612
9612
9632
9593
9593
9658
9578
9590
9498
9498
9417
9475
9416
9436
9436
9436
9454
9454
9454
9508
9508
9567
9567
9567
9567
9579
9579
9659
9751
9751
9810
9810
9724
9665
9665
9665
9665
9591
9535
9535
9437
9437
9420
9379
9379
9314
9371
9457
9516
9518
9554
9554
9628
9684
9777
9875
9956
9973
10014
10108
10173
10173
10097
10023
10023
9948
9948
9854
9783
9716
9679
9680
9756
9830
9866
9941
9927
9969
9954
10048
9973
10044
10007
10074
10050
10087
9991
9892
9888
9858
9830
9812
9812
9777
9777
9777
9706
9655
9655
9655
9655
9730
9766
9766
9851
9851
9851
9851
9851
9851
9851
9886
9886
9886
9886
9886
9886
9813
9813
9813
9813
9813
9813
9721
9721
9721
9721
9704
9704
9704
9704
9704
9704
9704
9704
9704
9652
9640
9640
9640
9568
9568
9568
9470
9427
9427
9427
9500
9404
9404
9420
9404
9404
9404
9395
9395
9469
9452
9452
9544
9544
9544
9544
9561
9612
9572
9572
9600
9600
9600
9609
9609
9609
9591
9651
9651
9709
9694
9770
9770
9782
9781
9835
9835
9835
9762
9763
9763
9763
9723
9811
9811
9909
9894
9946
9946
9938
9943
9917
9989
9906
9930
9996
9978
10021
10072
9983
10023
10048
9955
10045
10142
10142
10238
10328
10252
10265
10265
10177
10177
10217
10204
10221
10231
10231
10238
10190
10190
10279
10311
10311
10359
10374
10374
10374
10374
10447
10487
10487
10487
10487
10487
10499
10588
10588
10588
10588
10588
10606
10606
10606
10523
10512
10507
10418
10391
10347
10300
10224
10186
10186
10126
10126
10056
10046
10046
10029
9950
9919
9919
10002
10002
10024
9989
9994
9994
10083
10046
10073
10073
10117
10117
10164
10164
10240
10240
10278
10278
10328
10270
10330
10330
10333
10333
10403
10403
10413
10413
10414
10431
10487
10487
10487
10548
10583
10583
10620
10620
10620
10620
10620
10620
10678
10678
10678
10678
10678
10628
10528
10517
10509
10417
10417
10414
10350
10279
10279
10252
10252
10232
10167
10217
10317
10328
10336
10428
10522
10522
10586
10657
10657
10684
10736
10756
10821
10724
10631
10631
10554
10554
10554
10505
10505
10432
10432
10432
10432
10432
10432
10432
10432
10432
10481
10481
10540
10540
10540
10633
10682
10696
10744
10777
10856
10893
10969
10966
11026
11021
11087
11069
11143
11143
11237
11237
11258
11191
11249
11249
11326
11326
11404
11404
11421
11381
11406
11406
11406
11413
11418
11436
11439
11492
11559
11593
11614
11614
11654
11718
11757
11700
11614
11555
11553
11517
11517
11443
11387
11294
11196
11115
11098
11057
10963
10898
10898
10984
11043
11043
11043
11043
11043
11099
11099
11171
11171
11184
11184
11184
11249
11231
11231
11231
11231
11231
11219
11219
11139
11047
11047
10988
10988
10988
10988
10988
10988
10988
10988
10988
10988
10988
11047
10960
10952
10930
10856
10845
10805
10781
10780
10705
10620
10578
10578
10586
10586
10660
10671
10711
10711
10711
10786
10786
10786
10735
10707
10703
10643
10567
10513
10513
10425
10399
10397
10325
10301
10258
10213
10123
10027
10011
10011
10003
10051
10079
10079
10128
10128
10173
10173
10173
10173
10173
10231
10231
10231
10231
10231
10231
10231
10231
10248
10182
10131
10106
10009
9919
9919
9879
9869
9865
9865
9776
9776
9735
9662
9614
9558
9558
9558
9558
9558
9558
9504
9504
9472
9472
9472
9472
9472
9472
9472
9472
9423
9423
9423
9455
9420
9420
9420
9420
9420
9420
9420
9509
9509
9552
9552
9552
9552
9503
9471
9421
9321
9310
9302
9210
9116
9116
9052
8981
8981
8954
8902
8882
8817
8867
8967
8978
8986
9078
9078
9081
9145
9216
9216
9243
9295
9315
9380
9380
9294
9235
9235
9235
9235
9162
9162
9154
9098
9098
9098
9016
8918
8826
8826
8826
8809
8801
8801
8801
8801
8801
8736
8736
8653
8641
8698
8698
8784
8784
8843
8745
8747
8783
8827
8900
8974
8990
9046
9082
9175
9257
9355
9447
9528
9549
9566
9583
9624
9717
9811
9811
9876
9921
9921
9933
9933
9933
10031
9977
9977
9914
9854
9761
9702
9661
9609
9579
9506
9426
9329
9304
9228
9228
9205
9198
9140
9140
9067
9027
9027
9027
9027
9027
9009
8920
8920
8920
8920
8920
8907
8907
8907
8907
8922
8922
8995
9035
9066
9082
9097
9097
9115
9204
9204
9204
9267
9317
9344
9398
9446
9353
9304
9290
9242
9209
9130
9093
9055
9025
8959
8885
8791
8781
8723
8646
8568
8551
8526
8619
8545
8594
8608
8656
8689
8768
8805
8881
8941
9007
9081
9175
9196
9254
9331
9409
9426
9444
9451
9530
9579
9637
9669
9767
9786
9865
9893
9968
9976
10003
10003
10003
10003
10003
10003
10003
9952
9952
9924
9924
9924
9924
9864
9864
9864
9864
9810
9751
9751
9751
9751
9769
9769
9851
9779
9824
9824
9827
9827
9841
9841
9853
9853
9770
9809
9809
9798
9878
9878
9876
9968
9968
9879
9960
9943
9930
9989
9945
9898
9822
9822
9784
9784
9734
9659
9599
9562
9559
9559
9489
9393
9383
9383
9382
9382
9374
9374
9374
9374
9374
9374
9339
9339
9339
9339
9339
9339
9353
9353
9368
9368
9443
9443
9480
9480
9480
9480
9572
9572
9652
9603
9603
9603
9633
9560
9588
9588
9598
9598
9598
9633
9633
9730
9730
9823
9885
9891
9891
9968
9968
10004
10042
10091
10098
10171
10216
10262
10262
10262
10257
10257
10257
10257
10257
10257
10257
10257
10257
10217
10217
10217
10217
10128
10128
10080
10080
10080
10146
10197
10193
10218
10315
10405
10411
10451
10461
10469
10491
10580
10621
10669
10669
10743
10651
10651
10638
10671
10738
10830
10867
10949
11004
11024
11040
11127
11158
11231
11239
11334
11344
11420
11420
11420
11370
11270
11259
11251
11159
11159
11156
11092
11021
11021
10994
10942
10922
10857
10857
10957
10968
10976
11068
11068
11068
11132
11196
11196
11219
11219
11230
11295
11238
11152
11147
11088
11086
11050
11006
10932
10876
10783
10685
10604
10587
10546
10452
10366
10301
10301
10212
10212
10212
10146
10113
10113
10064
10064
9984
9967
9967
9967
9967
9967
9967
9967
9917
9917
9944
10036
9970
10007
10068
10069
10069
10069
10050
9981
10011
10011
9921
9930
9930
9930
9930
10005
10094
10094
10094
9994
9994
9994
9923
9964
9964
9964
10014
10080
10110
10179
10269
10300
10300
10400
10471
10471
10539
10460
10460
10460
10386
10351
10351
10314
10314
10314
10314
10314
10314
10256
10256
10312
10312
10312
10312
10312
10312
10381
10381
10398
10398
10398
10398
10398
10349
10428
10398
10398
10412
10412
10412
10433
10464
10537
10506
10506
10506
10566
10650
10650
10650
10650
10723
10723
10797
10797
10797
10797
10797
10832
10754
10794
10834
10898
10946
10946
10946
10946
11017
11054
11054
11109
11109
11109
11109
11097
11152
11152
11217
11228
11228
11228
11228
11228
11228
11228
11170
11170
11150
11150
11167
11167
11167
11192
11250
11250
11250
11250
11250
11250
11260
11260
11206
11206
11206
11147
11139
11200
11200
11200
11126
11115
11115
11075
11124
11124
11124
11124
11124
11049
11049
11049
11049
11049
11049
11049
11049
11049
11061
11069
11069
11091
11149
11223
11243
11250
11260
11300
11300
11300
11311
11311
11311
11386
11445
11445
11445
11445
11491
11526
11548
11576
11654
11667
11692
11699
11718
11728
11791
11875
11946
12040
12102
12102
12187
12187
12273
12195
12103
12049
12047
11971
11918
11917
11848
11832
11826
11771
11771
11771
11778
11802
11897
11804
11807
11758
11815
11808
11856
11808
11897
11864
11881
11802
11889
11852
11856
11780
11876
11816
11846
11780
11845
11771
11813
11719
11709
11651
11574
11496
11479
11454
11547
11596
11610
11658
11691
11770
11807
11807
11867
11933
12007
12063
12063
12121
12121
12199
12216
12241
12232
12150
12105
12102
12095
12083
12044
11964
11872
11791
11732
11750
11750
11750
11750
11764
11776
11776
11856
11948
11948
12007
11941
11890
11865
11768
11678
11672
11632
11622
11618
11596
11507
11466
11418
11418
11344
11410
11455
11472
11472
11472
11472
11512
11522
11522
11522
11522
11595
11515
11556
11464
11464
11403
11403
11403
11477
11477
11477
11477
11444
11444
11444
11444
11409
11409
11409
11360
11360
11360
11360
11360
11360
11287
11287
11271
11271
11235
11235
11153
11153
11061
11061
11040
11040
11023
11023
10930
10930
10930
10930
10885
10885
10885
10885
10873
10873
10873
10873
10873
10922
10824
10824
10824
10824
10897
10913
10949
11031
11123
11144
11161
11254
11254
11299
11299
11311
11311
11311
11409
11409
11409
11409
11409
11409
11409
11409
11409
11409
11409
11409
11409
11409
11409
11409
11409
11467
11370
11277
11271
11194
11158
11120
11071
11064
10991
10991
10946
10939
10893
10893
10820
10780
10877
10862
10862
10854
10854
10841
10841
10841
10841
10823
10823
10734
10783
10783
10790
10790
10863
10787
10787
10699
10699
10699
10672
10572
10488
10477
10429
10421
10329
10329
10365
10365
10380
10316
10319
10248
10321
10321
10361
10334
10365
10365
10381
10361
10387
10322
10397
10415
10504
10597
10639
10715
10803
10830
10830
10878
10875
10873
10855
10852
10799
10732
10698
10688
10688
10648
10584
10545
10494
10494
10475
10475
10407
10407
10407
10407
10407
10407
10346
10346
10271
10217
10217
10162
10142
10083
10134
10189
10226
10276
10276
10276
10372
10372
10372
10372
10433
10433
10508
10508
10508
10563
10583
10642
10682
10701
10760
10766
10811
10844
10940
11029
11077
11142
11153
11164
11236
11246
11315
11375
11473
11514
11481
11514
11447
11525
11433
11512
11475
11555
11473
11488
11433
11413
11399
11391
11384
11297
11222
11191
11154
11073
11073
11065
10969
10874
10775
10765
10765
10689
10659
10659
10631
10631
10622
10622
10587
10620
10620
10687
10687
10779
10708
10745
10745
10827
10827
10882
10902
10902
10916
10916
10931
10962
11037
11037
11074
11074
11098
11151
11247
11257
11356
11356
11365
11365
11395
11452
11480
11498
11520
11555
11622
11622
11693
11744
11741
11764
11685
11636
11578
11546
11448
11429
11339
11311
11236
11228
11197
11197
11204
11283
11332
11390
11422
11520
11539
11619
11647
11722
11730
11730
11730
11664
11613
11588
11588
11588
11588
11548
11538
11538
11538
11449
11408
11408
11408
11334
11400
11451
11476
11573
11663
11669
11709
11719
11727
11727
11816
11857
11905
11905
11979
11886
11837
11823
11775
11742
11663
11626
11626
11566
11500
11426
11332
11332
11314
11256
11256
11256
11256
11178
11178
11161
11154
11129
11117
11117
11037
11037
10945
10994
10994
10994
10935
10983
11016
11016
11034
11034
11116
11116
11161
11161
11161
11161
11175
11242
11254
11254
11293
11293
11373
11431
11523
11523
11523
11523
11582
11582
11582
11516
11441
11441
11441
11441
11441
11430
11430
11430
11430
11430
11430
11505
11505
11505
11505
11505
11505
11505
11505
11505
11505
11505
11501
11479
11405
11400
11360
11360
11360
11285
11285
11285
11285
11285
11285
11285
11285
11285
11285
11285
11285
11285
11285
11285
11285
11285
11285
11301
11301
11343
11285
11285
11324
11344
11406
11433
11440
11440
11439
11536
11536
11498
11498
11540
11466
11498
11498
11462
11514
11514
11439
11503
11557
11515
11568
11600
11506
11460
11460
11488
11417
11382
11391
11428
11361
11339
11422
11514
11477
11449
11480
11545
11545
11467
11502
11502
11573
11560
11560
11603
11578
11634
11634
11627
11727
11727
11708
11766
11766
11756
11756
11693
11765
11723
11723
11652
11673
11579
11548
11548
11463
11463
11377
11377
11412
11412
11435
11505
11505
11521
11521
11521
11531
11531
11531
11597
11597
11597
11597
11597
11597
11683
11610
11594
11558
11476
11384
11363
11346
11253
11253
11208
11208
11196
11196
11196
11098
11171
11187
11223
11305
11397
11418
11435
11528
11591
11551
11596
11577
11660
11601
11504
11516
11510
11510
11556
11511
11511
11601
11568
11568
11666
11570
11570
11481
11481
11433
11384
11319
11312
11301
11228
11228
11228
11268
11287
11346
11346
11346
11379
11379
11468
11516
11581
11592
11513
11482
11422
11348
11313
11249
11212
11176
11176
11161
11161
11158
11158
11085
11085
11045
11028
10997
10939
10931
10931
10905
10905
10822
10822
10804
10743
10654
10561
10519
10443
10355
10328
10328
10280
10308
10308
10311
10384
10424
10455
10455
10455
10455
10455
10544
10544
10544
10544
10544
10544
10544
10582
10516
10465
10440
10343
10253
10247
10207
10197
10189
10189
10100
10059
10011
10011
9937
9919
9837
9792
9792
9785
9773
9734
9654
9562
9562
9503
9521
9603
9648
9651
9665
9677
9716
9796
9888
9969
9969
10028
9979
9979
9931
9898
9898
9898
9898
9898
9898
9824
9824
9824
9766
9766
9766
9766
9766
9859
9908
9922
9970
10003
10082
10119
10195
10255
10321
10395
10489
10510
10568
10568
10568
10585
10610
10577
10510
10418
10381
10299
10244
10224
10224
10224
10193
10193
10193
10098
10088
10088
10088
10000
10033
10100
10192
10229
10311
10366
10386
10402
10489
10520
10601
10609
10704
10714
10714
10714
10703
10703
10631
10621
10552
10492
10394
10353
10320
10242
10163
10083
10076
10087
10087
10097
10166
10166
10264
10264
10264
10264
10264
10344
10344
10304
10285
10226
10226
10226
10193
10193
10104
10056
9991
9980
10020
10039
10098
10104
10149
10182
10278
10367
10415
10480
10491
10491
10442
10442
10442
10442
10442
10442
10442
10442
10430
10430
10372
10352
10342
10342
10331
10331
10272
10272
10272
10321
10321
10321
10321
10321
10321
10321
10321
10333
10333
10391
10391
10401
10401
10401
10450
10509
10509
10447
10444
10347
10347
10315
10263
10199
10146
10146
10137
10130
10047
10032
10001
9926
9891
9854
9854
9830
9774
9678
9578
9479
9421
9417
9387
9359
9392
9383
9383
9361
9429
9394
9394
9327
9359
9359
9359
9288
9288
9237
9237
9214
9214
9214
9214
9228
9228
9243
9278
9353
9353
9390
9390
9390
9390
9486
9544
9643
9652
9682
9710
9728
9750
9785
9852
9852
9923
9974
9974
9967
9888
9839
9781
9749
9651
9642
9552
9524
9449
9441
9441
9441
9448
9527
9576
9634
9666
9760
9760
9760
9760
9835
9835
9835
9835
9762
9746
9710
9628
9536
9515
9498
9405
9342
9297
9214
9202
9156
9066
8968
9032
9032
9032
9032
9124
9124
9124
9124
9124
9124
9124
9124
9124
9124
9124
9124
9053
9010
9010
9010
9010
9010
8938
8938
8910
8910
8981
8981
8981
8981
8981
8981
8981
8981
8981
9051
9116
9116
9116
9116
9164
9164
9250
9232
9232
9150
9151
9106
9157
9157
9189
9186
9239
9255
9255
9241
9278
9345
9333
9392
9353
9435
9355
9428
9499
9553
9461
9380
9321
9321
9286
9286
9258
9180
9180
9155
9155
9155
9150
9150
9150
9079
9079
9079
9079
9079
9079
8993
8993
9028
9028
9056
9056
9056
9081
8988
8988
8939
8939
8925
8935
8887
8887
8854
8854
8775
8846
8809
8809
8733
8733
8673
8673
8607
8692
8618
8618
8524
8610
8589
8531
8531
8531
8514
8489
8582
8631
8645
8693
8726
8805
8842
8918
8978
9044
9118
9212
9233
9291
9368
9446
9463
9481
9441
9422
9363
9357
9321
9276
9276
9243
9240
9144
9071
8982
8942
8894
8863
8798
8798
8787
8787
8787
8787
8827
8738
8738
8738
8797
8797
8797
8797
8797
8797
8830
8830
8926
8926
8926
8878
8878
8943
8943
8979
8994
8997
9070
9110
9141
9157
9183
9266
9284
9373
9466
9508
9584
9672
9699
9783
9831
9823
9781
9781
9762
9752
9725
9725
9725
9663
9663
9663
9609
9577
9549
9512
9420
9351
9351
9367
9409
9459
9498
9518
9545
9551
9611
9673
9694
9694
9748
9780
9808
9845
9937
10006
10094
10109
10146
10162
10237
10314
10317
10345
10409
10469
10541
10623
10701
10707
10777
10816
10849
10853
10853
10876
10968
10968
10968
10968
10968
11048
11048
11048
11048
11113
11113
11113
11113
11113
11113
11113
11080
11013
10921
10884
10802
10747
10727
10711
10624
10593
10512
10504
10409
10399
10399
10399
10399
10432
10499
10591
10628
10710
10765
10785
10801
10888
10919
11000
11008
11103
11113
11113
11113
11113
11108
11108
11166
11156
11230
11161
11161
11161
11161
11063
11091
11091
11189
11189
11199
11199
11199
11199
11199
11119
11119
11119
11119
11119
11198
11198
11198
11198
11198
11198
11257
11257
11257
11257
11257
11298
11326
11326
11326
11406
11406
11344
11344
11247
11247
11215
11215
11215
11215
11215
11215
11215
11215
11180
11180
11180
11180
11122
11184
11191
11288
11288
11320
11372
11372
11372
11372
11372
11372
11372
11407
11407
11407
11407
11465
11475
11534
11603
11651
11658
11699
11722
11738
11738
11822
11922
11999
12017
12050
12050
12087
12104
12127
12179
12233
12261
12291
12309
12382
12382
12450
12450
12410
12410
12351
12351
12351
12318
12222
12222
12222
12157
12157
12197
12216
12275
12281
12326
12359
12455
12544
12592
12657
12668
12575
12526
12519
12471
12438
12359
12322
12246
12186
12120
12046
11952
11931
11873
11796
11718
11701
11676
11676
11725
11725
11773
11806
11806
11806
11806
11806
11806
11806
11806
11806
11864
11864
11864
11864
11864
11791
11791
11791
11791
11699
11699
11699
11699
11699
11699
11699
11699
11699
11699
11699
11699
11699
11699
11699
11791
11791
11791
11791
11791
11791
11791
11803
11803
11803
11803
11789
11774
11699
11662
11662
11566
11467
11458
11428
11400
11382
11360
11325
11258
11258
11187
11136
11136
11136
11136
11211
11248
11248
11344
11443
11443
11443
11443
11443
11443
11478
11478
11478
11549
11549
11549
11549
11614
11614
11614
11614
11614
11687
11687
11746
11746
11746
11675
11675
11675
11675
11675
11675
11675
11675
11675
11758
11829
11872
11949
11996
12015
12017
12089
12104
12132
12129
12050
12001
11943
11911
11813
11813
11813
11813
11738
11738
11738
11738
11745
11824
11873
11931
11963
12061
12079
12079
12079
12079
12079
12079
12079
12043
12028
12025
11952
11912
11881
11865
11839
11756
11738
11649
11556
11514
11438
11350
11323
11239
11191
11191
11191
11191
11191
11231
11231
11231
11231
11231
11231
11231
11231
11231
11231
11231
11231
11231
11231
11231
11231
11231
11196
11196
11168
11168
11168
11143
11143
11143
11133
11133
11133
11062
11062
11062
11062
10977
10977
10891
10937
10972
10994
11022
11100
11113
11138
11145
11164
11153
11163
11163
11226
11310
11381
11475
11475
11427
11427
11512
11512
11598
11536
11529
11432
11432
11400
11348
11348
11348
11348
11348
11348
11348
11313
11313
11313
11313
11255
11317
11324
11324
11421
11511
11543
11543
11595
11659
11712
11736
11736
11736
11705
11714
11797
11828
11863
11913
11969
12069
12127
12094
12085
12018
11926
11871
11834
11794
11712
11693
11638
11579
11559
11553
11537
11492
11405
11372
11341
11245
11164
11075
11067
11019
10924
10859
10849
10838
10838
10838
10838
10878
10878
10937
10897
10930
10930
10997
10997
11089
11122
11159
11255
11337
11426
11481
11529
11549
11614
11630
11630
11642
11729
11761
11792
11792
11873
11883
11891
11891
11986
12023
12033
12033
12033
12033
12033
12098
12186
12186
12186
12186
12186
12186
12186
12186
12145
12203
12203
12203
12203
12203
12148
12148
12148
12148
12197
12197
12197
12197
12197
12197
12197
12197
12197
12197
12172
12172
12172
12172
12172
12172
12172
12131
12098
12098
12098
12018
12018
12029
12101
12111
12180
12240
12338
12379
12412
12490
12569
12649
12664
12664
12664
12648
12606
12556
12517
12497
12470
12467
12404
12342
12321
12321
12267
12230
12198
12170
12133
12041
11972
11884
11884
11900
11900
11900
11900
11920
11947
11947
11947
12009
12009
12009
12063
12095
12121
12158
12250
12299
12299
12299
12299
12299
12299
12243
12213
12213
12213
12213
12164
12165
12165
12242
12320
12320
12389
12341
12418
12437
12453
12404
12371
12373
12391
12391
12391
12391
12391
12391
12391
12391
12391
12477
12527
12561
12606
12619
12619
12638
12638
12638
12638
12638
12638
12732
12732
12732
12818
12818
12818
12806
12806
12806
12820
12820
12820
12762
12762
12801
12862
12804
12804
12804
12804
12901
12957
12957
12952
12952
12952
12952
12952
12952
12952
13000
13000
13000
13000
13089
13150
13096
13037
13037
13037
12976
12976
12968
12968
12958
12863
12788
12715
12685
12685
12685
12685
12777
12866
12886
12912
12948
12948
13004
13004
13059
13093
13093
13093
13103
13103
13103
13103
13114
13114
13114
13114
13114
13114
13114
13114
13114
13022
13022
13022
13022
13022
13022
13022
13022
13010
13010
13010
13010
13083
13083
13083
13083
13175
13175
13192
13192
13192
13192
13192
13204
13204
13204
13204
13204
13204
13133
13133
13133
13068
13068
13068
13068
13068
13068
12995
12995
12936
12936
12981
13046
13109
13199
13199
13230
13313
13386
13346
13346
13346
13405
13346
13348
13348
13348
13315
13219
13130
13082
13017
13017
13017
13057
13057
13116
13116
13116
13149
13149
13149
13149
13149
13214
13214
13214
13214
13214
13125
13125
13033
13033
13033
13033
13087
13087
13160
13160
13160
13160
13160
13160
13160
13160
13160
13160
13160
13160
13095
13095
13055
12986
12924
12917
12820
12730
12698
12646
12582
12529
12505
12492
12483
12400
12369
12334
12284
12228
12128
12070
12128
12128
12225
12225
12257
12257
12257
12257
12182
12182
12182
12182
12182
12182
12182
12182
12182
12182
12182
12182
12223
12282
12317
12317
12317
12317
12317
12317
12267
12267
12323
12323
12334
12350
12350
12350
12284
12384
12384
12389
12351
12409
12409
12340
12398
12308
12389
12444
12413
12425
12480
12497
12497
12513
12413
12439
12447
12498
12498
12427
12427
12359
12359
12359
12359
12359
12286
12286
12286
12286
12286
12286
12286
12286
12286
12286
12211
12174
12174
12078
11979
11979
11979
11979
11979
11979
11944
11944
11944
11873
11873
11873
11887
11887
11962
11962
11962
11962
12061
12061
12061
12061
12061
12061
12061
12061
12061
12061
12061
12061
12061
12061
12061
12061
12021
12021
12021
12021
12021
12021
12021
12021
12021
12021
12021
12021
12021
12021
11938
11867
11824
11747
11700
11681
11679
11607
11592
11564
11564
11635
11678
11678
11678
11678
11678
11678
11678
11706
11694
11662
11662
11652
11652
11615
11615
11615
11550
11550
11550
11550
11550
11550
11492
11492
11492
11492
11492
11504
11536
11608
11618
11660
11697
11774
11789
11854
11898
11981
11987
12009
12090
12148
12148
12162
12162
12200
12167
12100
12008
11971
11889
11834
11814
11798
11711
11680
11599
11591
11496
11486
11486
11486
11398
11352
11317
11295
11267
11189
11176
11151
11144
11125
11115
11052
10968
10897
10803
10803
10803
10803
10718
10718
10718
10718
10632
10632
10632
10632
10678
10678
10713
10713
10735
10735
10763
10763
10841
10841
10854
10854
10879
10879
10886
10886
10886
10886
10896
10847
10847
10847
10847
10847
10918
10918
10918
10918
10918
10918
11003
11083
11083
11175
11261
11322
11322
11322
11322
11322
11355
11348
11348
11269
11269
11220
11220
11162
11151
11186
11154
11082
11082
10984
10974
10974
10955
10886
10886
10935
10935
10875
10931
10931
10931
10833
10907
10907
10907
10866
10866
10866
10866
10833
10913
10913
10835
10835
10835
10756
10756
10676
10676
10661
10661
10661
10661
10661
10760
10809
10820
10820
10820
10892
10892
10892
10902
10902
10902
10971
10981
10981
10981
10981
10981
11079
11079
11079
11120
11120
11153
11153
11153
11153
11232
11232
11312
11312
11272
11272
11213
11213
11213
11180
11180
11180
11180
11115
11115
11155
11155
11214
11214
11214
11247
11247
11247
11247
11312
11312
11312
11312
11312
11347
11347
11347
11347
11422
11422
11422
11422
11422
11422
11422
11422
11422
11422
11422
11371
11295
11288
11269
11245
11217
11122
11122
11121
11121
11093
10997
10949
10949
10860
10860
10852
10852
10765
10704
10702
10702
10606
10531
10501
10501
10436
10436
10415
10360
10350
10291
10342
10418
10457
10514
10582
10628
10724
10747
10749
10847
10908
10920
10995
11049
11049
11104
11124
11183
11138
11073
11010
10920
10889
10806
10733
10733
10674
10672
10672
10737
10798
10885
10885
10885
10958
10958
11017
11017
10944
10944
10944
10944
10852
10852
10835
10835
10835
10835
10867
10867
10923
10923
10923
10911
10946
10946
10955
10955
10955
10955
10955
11032
11032
11063
11128
11163
11234
11280
11280
11342
11420
11465
11546
11555
11539
11567
11567
11588
11603
11603
11682
11682
11740
11740
11810
11882
11959
11959
11939
11912
11912
11912
11912
11953
12019
12019
12090
12028
12028
12069
12069
12078
12078
12078
12078
12024
12024
11992
12062
12034
12083
12083
12083
12115
12115
12182
12145
12145
12231
12139
12070
12070
12070
12086
12086
12086
12086
12106
12133
12133
12133
12133
12133
12133
12133
12133
12133
12170
12262
12325
12325
12263
12263
12166
12166
12134
12134
12134
12134
12134
12134
12134
12134
12099
12099
12043
11943
11885
11885
11885
11885
11885
11885
11885
11885
11885
11885
11885
11885
11885
11885
11885
11885
11885
11943
11943
12002
12002
12002
12002
12043
12043
12114
12114
12114
12074
12074
12015
12015
12015
11982
11982
11982
11982
11917
11917
11905
11873
11801
11791
11749
11712
11635
11620
11555
11511
11428
11422
11400
11319
11261
11261
11247
11247
11209
11221
11253
11325
11335
11335
11372
11372
11387
11452
11452
11452
11452
11452
11452
11510
11512
11512
11610
11610
11649
11649
11731
11731
11807
11873
11898
11998
12086
12181
12089
12000
11980
11954
11918
11918
11862
11862
11807
11773
11773
11773
11763
11763
11763
11758
11758
11758
11758
11850
11939
11954
11954
11954
11954
11954
11954
11954
11954
11954
11954
11954
11954
12014
12025
12025
12025
12025
12025
11954
11911
11911
11911
11911
11911
11911
11911
11883
11966
12037
12080
12157
12204
12223
12225
12297
12312
12340
12326
12326
12251
12251
12251
12251
12152
12152
12152
12152
12152
12152
12152
12152
12152
12152
12152
12152
12152
12096
12022
12022
11942
11942
11942
11942
11942
11942
11843
11843
11843
11843
11833
11833
11822
11822
11750
11740
11671
11702
11702
11758
11660
11734
11693
11771
11738
11818
11818
11818
11739
11815
11735
11735
11735
11735
11786
11786
11797
11797
11869
11869
11879
11879
11948
11958
12018
12018
12116
12116
12157
12190
12268
12341
12421
12436
12470
12475
12523
12552
12593
12593
12613
12670
12730
12830
12830
12853
12937
12996
13071
13071
13163
13163
13117
13082
13060
13032
12954
12941
12916
12909
12909
12899
12899
12899
12828
12828
12828
12828
12743
12743
12657
12657
12657
12657
12657
12657
12657
12657
12657
12657
12657
12657
12657
12657
12657
12657
12657
12657
12657
12743
12743
12743
12678
12615
12562
12472
12472
12472
12399
12399
12340
12340
12340
12405
12405
12405
12405
12405
12405
12405
12464
12464
12464
12464
12464
12464
12464
12464
12464
12464
12464
12464
12464
12464
12464
12464
12464
12464
12406
12468
12475
12572
12662
12694
12746
12810
12863
12887
12896
12896
12927
12962
12962
13018
13118
13176
13176
13117
13117
13117
13117
13046
13005
13005
12934
12934
12934
12984
13043
13140
13149
13211
13252
13290
13361
13395
13400
13400
13368
13312
13312
13277
13272
13272
13272
13272
13272
13187
13138
13138
13138
13068
13068
13068
13068
12984
12984
12947
12947
12947
12947
12971
12971
13003
13003
13059
13059
13065
13100
13110
13146
13189
13274
13331
13401
13447
13531
13568
13568
13568
13568
13553
13516
13500
13425
13348
13345
13317
13253
13193
13121
13039
12961
12958
12888
12849
12816
12814
12825
12862
12862
12937
12983
12983
13011
13045
13045
13045
12963
12963
12963
12963
13033
13033
13066
13066
13049
13026
12974
12920
12920
12892
12862
12844
12771
12771
12703
12703
12800
12817
12817
12840
12840
12892
12892
12946
12995
13023
13063
13093
13105
13123
13148
13221
13221
13235
13235
13303
13303
13310
13310
13310
13310
13310
13310
13310
13310
13310
13245
13245
13245
13245
13196
13196
13196
13196
13196
13196
13196
13196
13196
13196
13196
13196
13196
13245
13245
13245
13245
13282
13282
13299
13299
13299
13299
13226
13210
13198
13166
13094
13084
13084
13047
13047
13032
12967
12967
12967
12967
12967
12967
12909
12909
12909
12909
12909
12909
12921
12921
12921
12931
12931
12931
12931
12931
12996
12996
12996
12996
12996
12996
12996
13054
13054
13054
13054
13054
13020
13015
12967
12938
12897
12827
12827
12807
12750
12690
12590
12590
12567
12483
12424
12349
12349
12257
12257
12291
12296
12344
12344
12385
12385
12405
12405
12405
12505
12505
12528
12528
12587
12662
12662
12754
12754
12738
12738
12738
12738
12718
12691
12691
12691
12691
12691
12691
12691
12691
12691
12654
12562
12493
12493
12493
12493
12493
12493
12513
12513
12513
12513
12513
12513
12513
12567
12599
12599
12636
12636
12636
12636
12636
12550
12499
12499
12499
12499
12464
12464
12464
12464
12389
12389
12389
12389
12389
12389
12389
12389
12389
12389
12389
12415
12470
12470
12505
12505
12505
12505
12580
12680
12680
12680
12680
12680
12680
12680
12680
12680
12680
12613
12559
12630
12709
12782
12846
12894
12974
13073
13075
13114
13130
13082
12999
12928
12885
12808
12761
12752
12750
12678
12663
12635
12718
12789
12832
12909
12956
12975
12977
13049
13064
13092
13061
13005
12973
12899
12821
12741
12741
12665
12665
12665
12614
12614
12555
12555
12555
12555
12550
12545
12545
12473
12473
12463
12394
12364
12395
12297
12260
12316
12275
12349
12316
12383
12305
12385
12306
12306
12226
12226
12211
12211
12211
12262
12273
12372
12444
12472
12482
12482
12551
12551
12611
12621
12621
12621
12662
12662
12695
12664
12741
12738
12817
12720
12800
12710
12710
12678
12626
12562
12509
12509
12485
12420
12411
12411
12411
12411
12380
12380
12345
12345
12345
12345
12289
12289
12189
12130
12072
12072
12134
12179
12179
12244
12321
12321
12321
12321
12353
12372
12372
12372
12436
12509
12509
12509
12509
12568
12568
12568
12568
12568
12603
12603
12659
12754
12812
12762
12703
12606
12597
12535
12494
12456
12385
12351
12346
12346
12405
12405
12405
12405
12446
12446
12517
12517
12517
12425
12336
12326
12326
12326
12326
12326
12326
12326
12326
12326
12326
12326
12326
12256
12245
12245
12245
12245
12337
12426
12446
12472
12508
12592
12648
12710
12676
12731
12726
12760
12712
12734
12734
12734
12693
12703
12703
12802
12782
12852
12852
12852
12852
12852
12752
12752
12752
12752
12729
12729
12670
12595
12595
12503
12503
12537
12542
12590
12619
12660
12660
12680
12737
12797
12897
12897
12920
12920
12979
13054
13084
13176
13176
13152
13120
13064
13058
13023
13013
12977
12934
12849
12792
12722
12676
12592
12592
12555
12555
12555
12555
12555
12555
12587
12587
12643
12643
12643
12643
12678
12678
12678
12678
12678
12678
12678
12678
12678
12678
12678
12678
12678
12678
12678
12678
12678
12678
12678
12678
12592
12592
12592
12592
12592
12592
12592
12592
12592
12592
12592
12592
12592
12592
12592
12592
12592
12592
12592
12678
12678
12726
12726
12655
12655
12576
12576
12503
12561
12497
12497
12449
12449
12369
12369
12270
12285
12284
12319
12280
12336
12320
12383
12383
12456
12456
12504
12584
12584
12584
12584
12584
12572
12572
12572
12567
12567
12567
12567
12567
12502
12502
12502
12502
12502
12502
12444
12444
12444
12444
12444
12456
12488
12488
12488
12488
12488
12488
12488
12553
12553
12553
12553
12553
12553
12589
12589
12589
12589
12589
12589
12539
12481
12407
12407
12407
12379
12281
12276
12276
12276
12276
12276
12276
12197
12197
12197
12138
12138
12136
12038
11999
11917
11841
11775
11750
11650
11562
11467
11433
11428
11380
11382
11353
11451
11395
11354
11393
11393
11475
11455
11531
11474
11540
11480
11505
11505
11405
11505
11505
11593
11570
11665
11665
11606
11531
11501
11409
11409
11409
11409
11457
11457
11457
11457
11477
11477
11477
11477
11477
11477
11477
11536
11536
11536
11536
11536
11441
11364
11302
11302
11205
11205
11173
11173
11109
11109
11101
11101
11101
11101
11101
11066
11066
11010
10910
10852
10847
10788
10719
10671
10668
10627
10604
10596
10596
10512
10412
10374
10365
10332
10332
10295
10295
10250
10185
10099
10099
10099
10068
10068
9995
9995
9995
9936
9936
9972
10037
10037
10037
9978
10045
10045
10076
10076
10076
10076
10149
10108
10108
10108
10167
10096
10096
10096
10096
10146
10205
10302
10311
10373
10414
10452
10523
10437
10471
10476
10457
10457
10457
10457
10457
10437
10437
10437
10437
10437
10437
10437
10383
10351
10351
10314
10393
10362
10362
10438
10382
10382
10447
10373
10373
10387
10309
10380
10300
10348
10348
10348
10376
10376
10376
10456
10456
10456
10514
10514
10514
10554
10503
10523
10523
10424
10347
10374
10397
10369
10369
10369
10369
10369
10369
10358
10348
10348
10276
10276
10276
10266
10266
10320
10251
10282
10222
10250
10250
10278
10315
10274
10330
10422
10389
10389
10458
10380
10380
10380
10301
10301
10221
10221
10150
10150
10150
10150
10150
10077
10077
10077
10124
10027
9979
9979
9899
9899
9899
9899
9899
9899
9899
9899
9899
9899
9899
9899
9899
9899
9899
9899
9899
9899
9899
9899
9899
9816
9745
9724
9647
9600
9581
9579
9507
9492
9464
9464
9451
9433
9344
9344
9344
9296
9296
9296
9296
9238
9238
9238
9238
9223
9188
9132
9132
9227
9275
9371
9461
9468
9526
9549
9549
9625
9625
9660
9716
9619
9619
9619
9619
9570
9530
9508
9483
9483
9483
9483
9483
9483
9483
9483
9483
9483
9483
9483
9483
9483
9580
9626
9683
9713
9762
9802
9824
9849
9849
9849
9849
9849
9849
9882
9882
9882
9882
9948
9948
9940
9940
9908
9852
9852
9817
9817
9817
9817
9817
9817
9817
9817
9817
9817
9798
9798
9830
9886
9886
9921
9921
9931
9931
9931
9931
9931
10001
10001
10001
10001
10001
10001
9994
9960
10013
10096
10035
10135
10094
10180
10205
10275
10367
10367
10377
10377
10435
10387
10389
10389
10418
10418
10441
10441
10446
10426
10458
10458
10478
10478
10577
10577
10657
10657
10665
10665
10678
10678
10619
10619
10619
10619
10619
10653
10658
10706
10735
10776
10869
10889
10946
11006
11106
11197
11220
11304
11363
11438
11468
11560
11613
11613
11587
11527
11527
11492
11492
11492
11492
11417
11317
11317
11317
11317
11317
11317
11317
11317
11317
11317
11317
11317
11335
11335
11335
11370
11370
11370
11370
11289
11364
11352
11452
11420
11445
11445
11445
11445
11445
11445
11445
11445
11445
11445
11445
11445
11473
11408
11408
11408
11408
11408
11408
11408
11408
11350
11311
11311
11311
11311
11311
11233
11245
11277
11349
11359
11359
11396
11396
11396
11461
11461
11529
11450
11450
11374
11374
11374
11309
11309
11302
11360
11289
11289
11241
11241
11213
11213
11133
11133
11075
11028
11028
11005
11084
11160
11225
11239
11310
11358
11386
11466
11524
11571
11571
11594
11594
11594
11594
11594
11594
11594
11594
11594
11594
11594
11594
11594
11594
11594
11594
11594
11594
11594
11594
11508
11455
11394
11393
11389
11320
11272
11272
11272
11272
11272
11272
11272
11272
11272
11272
11272
11272
11343
11422
11495
11559
11607
11687
11786
11786
11786
11786
11694
11605
11585
11559
11523
11439
11383
11321
11266
11232
11210
11210
11200
11101
11031
11031
11031
11031
11031
11123
11212
11232
11258
11294
11378
11434
11496
11551
11585
11607
11651
11661
11760
11830
11841
11855
11929
12022
12119
12137
12198
12278
12359
12359
12387
12442
12442
12442
12506
12605
12702
12702
12702
12702
12712
12745
12799
12788
12738
12679
12582
12573
12511
12470
12432
12361
12327
12322
12322
12381
12381
12381
12381
12422
12422
12493
12493
12493
12493
12471
12569
12504
12556
12556
12643
12553
12558
12527
12569
12569
12647
12574
12587
12587
12587
12528
12529
12529
12529
12470
12504
12577
12482
12434
12338
12248
12241
12183
12153
12153
12076
12076
12041
11985
12080
12128
12224
12224
12224
12282
12304
12304
12304
12304
12304
12339
12395
12395
12316
12240
12175
12161
12090
12042
12014
11934
11876
11829
11829
11806
11885
11961
12026
12040
12111
12159
12187
12267
12325
12325
12325
12325
12348
12314
12309
12261
12232
12232
12191
12223
12130
12188
12168
12189
12132
12132
12072
12072
11972
11972
11881
11881
11858
11858
11774
11774
11715
11715
11640
11640
11625
11625
11533
11533
11480
11480
11531
11596
11596
11596
11596
11596
11637
11637
11637
11637
11637
11637
11637
11637
11637
11696
11696
11696
11696
11696
11690
11682
11682
11649
11557
11557
11557
11557
11557
11477
11477
11477
11477
11406
11402
11402
11402
11402
11402
11402
11402
11402
11387
11331
11331
11331
11261
11261
11261
11261
11261
11261
11210
11210
11210
11210
11210
11210
11178
11178
11178
11209
11265
11339
11293
11371
11451
11480
11556
11559
11612
11663
11762
11790
11764
11847
11891
11901
11956
11956
11901
11846
11793
11793
11710
11652
11552
11466
11464
11439
11388
11318
11226
11216
11158
11157
11128
11105
11103
11071
11051
10952
10872
10864
10864
10851
10904
10987
11087
11173
11198
11268
11360
11370
11428
11430
11459
11482
11487
11519
11539
11637
11717
11725
11738
11730
11649
11649
11748
11833
11860
11860
11866
11866
11949
11949
11979
11979
11989
11989
12012
12094
12094
12160
12251
12271
12271
12222
12289
12314
12314
12314
12334
12355
12355
12382
12433
12433
12433
12433
12525
12525
12488
12517
12606
12606
12606
12700
12700
12683
12683
12683
12683
12683
12683
12749
12749
12749
12818
12831
12831
12831
12859
12908
12908
12908
13008
13008
13079
13079
13079
13116
13184
13184
13201
13201
13201
13300
13242
13171
13092
13019
12955
12907
12827
12728
12728
12728
12728
12799
12878
12951
13003
13051
13131
13216
13216
13216
13138
13138
13067
12995
12995
12963
12907
12907
12872
12862
12862
12862
12862
12862
12792
12792
12792
12792
12792
12824
12880
12880
12915
12925
12925
12925
12925
12925
12995
12995
12995
12995
13032
13065
13096
13185
13199
13199
13298
13298
13298
13373
13373
13373
13373
13373
13413
13413
13413
13413
13413
13413
13413
13413
13413
13413
13413
13413
13413
13413
13413
13413
13413
13393
13448
13448
13421
13421
13421
13421
13421
13456
13456
13456
13456
13456
13521
13521
13521
13521
13521
13592
13592
13592
13592
13592
13538
13538
13506
13506
13592
13564
13493
13456
13456
13364
13295
13295
13283
13251
13179
13169
13169
13160
13123
13123
13123
13058
13058
12975
12975
12975
12975
12917
12917
12917
12917
12917
12868
12789
12713
12648
12634
12563
12515
12487
12407
12349
12349
12349
12326
12405
12481
12546
12560
12631
12679
12707
12787
12845
12892
12905
12928
12831
12813
12752
12672
12591
12591
12563
12508
12508
12508
12441
12342
12244
12244
12244
12244
12234
12201
12147
12244
12244
12305
12385
12385
12385
12408
12463
12463
12463
12463
12463
12463
12463
12383
12383
12291
12291
12230
12230
12230
12240
12240
12273
12273
12273
12273
12240
12240
12240
12240
12205
12205
12205
12156
12156
12156
12156
12156
12236
12323
12374
12374
12374
12374
12374
12374
12374
12374
12374
12374
12374
12374
12423
12423
12423
12423
12423
12382
12315
12315
12315
12315
12315
12315
12274
12274
12243
12243
12243
12243
12243
12243
12243
12243
12184
12184
12184
12184
12184
12218
12223
12271
12230
12259
12300
12393
12413
12470
12460
12520
12620
12711
12734
12734
12734
12793
12868
12868
12898
12839
12931
12931
12931
12931
12931
12890
12890
12819
12819
12819
12869
12869
12928
13025
13034
13096
13137
13175
13246
13280
13285
13190
13142
13046
13046
13046
12988
12973
12973
12973
12973
12938
12882
12882
12930
13026
13026
13019
13019
13077
13077
13077
13077
13077
13112
13168
13168
13168
13120
13062
13035
13035
13035
13035
13035
13035
13035
13035
13035
13035
13035
13035
12969
12904
12904
12941
12999
12933
12960
12980
12980
13000
13000
13000
13000
13000
13000
13000
13000
13000
13000
13065
13065
13030
12979
12903
12884
12827
12759
12713
12617
12606
12605
12507
12446
12433
12358
12304
12304
12249
12229
12170
12221
12221
12260
12306
12367
12367
12463
12463
12463
12463
12463
12463
12538
12592
12592
12647
12667
12726
12655
12576
12503
12439
12391
12309
12229
12130
12130
12130
12130
12068
12139
12218
12291
12355
12403
12483
12582
12584
12622
12638
12692
12692
12692
12756
12766
12766
12766
12864
12864
12778
12778
12778
12818
12818
12818
12904
12904
12825
12772
12689
12589
12503
12478
12408
12316
12306
12248
12247
12218
12195
12190
12158
12088
12068
11969
11889
11881
11868
11868
11868
11868
11954
11954
11954
11954
11954
11937
11995
11972
11972
11920
11920
11866
11866
11838
11838
11808
11808
11790
11790
11717
11717
11703
11703
11635
11635
11635
11628
11628
11549
11473
11408
11394
11323
11275
11247
11167
11109
11062
11049
11026
11105
11181
11246
11260
11331
11379
11407
11487
11545
11545
11545
11568
11567
11469
11430
11348
11272
11206
11181
11081
10993
10898
10898
10967
10967
10967
10967
10967
10967
11067
11067
11067
10970
10924
10867
10837
10788
10748
10726
10701
10701
10701
10701
10701
10701
10668
10668
10668
10668
10602
10602
10699
10745
10802
10832
10881
10921
10943
10968
11039
11042
11042
11068
11068
11142
11142
11227
11260
11359
11359
11411
11411
11425
11425
11472
11538
11553
11553
11633
11722
11750
11772
11797
11799
11868
11868
11868
11964
12005
12081
12141
12193
12196
12275
12277
12322
12326
12413
12421
12503
12520
12489
12433
12359
12333
12255
12255
12175
12175
12146
12111
12035
12035
12032
12032
12006
12006
11955
11880
11781
11681
11653
11628
11545
11545
11501
11501
11491
11491
11409
11409
11409
11409
11381
11381
11381
11381
11381
11381
11381
11461
11461
11461
11461
11461
11461
11461
11461
11461
11461
11471
11471
11471
11379
11290
11270
11244
11208
11124
11068
11006
10951
10917
10906
10862
10852
10753
10683
10672
10665
10650
10576
10539
10446
10446
10371
10294
10386
10386
10475
10447
10467
10403
10429
10429
10429
10429
10429
10429
10485
10485
10451
10451
10451
10446
10501
10431
10383
10409
10409
10380
10380
10347
10306
10306
10306
10213
10223
10203
10302
10245
10315
10255
10255
10155
10155
10064
10136
10113
10113
10113
10054
9979
9949
9857
9857
9857
9857
9895
9895
9922
9922
9937
9937
9937
9937
9937
9937
9937
9996
10071
10071
10071
10071
9974
9974
9913
9833
9833
9833
9805
9750
9750
9750
9750
9750
9750
9750
9750
9750
9745
9712
9712
9809
9827
9888
9968
10049
10095
10123
10178
10260
10261
10328
10427
10525
10593
10659
10737
10747
10780
10834
10834
10802
10746
10746
10711
10701
10701
10701
10701
10701
10631
10631
10631
10594
10594
10626
10682
10688
10723
10733
10733
10776
10861
10861
10931
10931
10931
10968
10897
10818
10745
10681
10633
10553
10454
10453
10414
10406
10477
10556
10629
10693
10741
10821
10920
10922
10922
10961
10913
10929
10833
10833
10833
10775
10775
10775
10775
10696
10696
10620
10585
10520
10464
10450
10379
10331
10426
10398
10446
10366
10462
10404
10468
10468
10468
10468
10526
10503
10533
10614
10614
10693
10708
10784
10819
10884
10940
10954
11025
11073
11073
11101
11053
11133
11075
11133
11120
11167
11147
11160
11160
11183
11148
11148
11148
11148
11148
11148
11148
11148
11148
11148
11083
11104
11152
11210
11237
11257
11326
11361
11391
11441
11460
11527
11580
11637
11719
11742
11808
11873
11823
11764
11667
11658
11596
11555
11517
11446
11412
11407
11407
11466
11563
11563
11563
11604
11604
11675
11695
11695
11641
11641
11641
11577
11572
11572
11572
11474
11474
11474
11474
11434
11434
11434
11348
11402
11449
11509
11573
11583
11583
11583
11681
11733
11733
11733
11773
11778
11778
11864
11864
11864
11864
11778
11778
11778
11778
11778
11720
11720
11720
11720
11720
11720
11720
11720
11720
11720
11720
11720
11720
11820
11906
11931
12001
12093
12103
12161
12163
12163
12163
12163
12195
12215
12215
12295
12295
12295
12295
12295
12247
12247
12206
12206
12186
12186
12186
12186
12186
12186
12186
12127
12052
12052
12052
12052
11973
11897
11832
11818
11747
11699
11671
11591
11533
11486
11473
11450
11529
11598
11663
11677
11748
11796
11824
11904
11962
11962
11962
11962
11891
11812
11739
11675
11627
11547
11448
11446
11407
11391
11462
11462
11535
11535
11535
11615
11714
11714
11714
11714
11617
11599
11538
11458
11377
11331
11303
11248
11166
11165
11098
10999
10901
10833
10767
10689
10679
10646
10592
10592
10592
10653
10733
10733
10733
10733
10788
10788
10788
10788
10788
10788
10788
10788
10788
10798
10831
10831
10831
10831
10831
10777
10777
10704
10704
10704
10704
10704
10704
10609
10561
10465
10375
10375
10317
10287
10205
10205
10190
10155
10134
10078
10030
9972
9945
10040
10020
10068
9999
10095
10060
10150
10120
10127
10077
10135
10116
10146
10079
10079
10026
10026
9969
9984
9902
9937
9914
9970
9904
9839
9860
9908
9966
9993
10013
10082
10117
10147
10197
10216
10283
10336
10336
10336
10359
10425
10490
10490
10490
10490
10490
10410
10410
10410
10410
10410
10410
10410
10410
10410
10410
10400
10400
10400
10400
10456
10530
10596
10676
10676
10676
10676
10676
10676
10676
10676
10676
10622
10622
10575
10585
10525
10525
10461
10461
10451
10451
10451
10353
10301
10301
10301
10261
10256
10256
10170
10170
10170
10170
10170
10170
10170
10170
10170
10170
10170
10170
10210
10210
10210
10210
10184
10110
10025
9926
9874
9860
9813
9798
9718
9629
9601
9579
9554
9552
9483
9483
9483
9509
9583
9668
9767
9819
9833
9880
9895
9975
10064
10092
10114
10139
10139
10208
10208
10208
10208
10149
10052
10052
10052
10011
10011
9940
9906
9906
9906
9965
9965
9965
9965
10006
10006
10077
10077
10077
10077
10077
9977
9891
9866
9796
9704
9694
9636
9634
9634
9634
9634
9602
9523
9503
9427
9427
9362
9282
9268
9268
9197
9197
9149
9121
9041
9094
9036
9036
9036
9036
9136
9136
9104
9190
9190
9134
9159
9153
9223
9188
9280
9359
9349
9359
9435
9435
9493
9558
9515
9515
9529
9444
9444
9515
9515
9538
9586
9516
9516
9544
9544
9576
9656
9656
9676
9734
9697
9796
9843
9923
9936
9936
9959
9959
9959
9991
10047
10047
10082
10092
10128
10171
10256
10256
10326
10326
10326
10363
10292
10292
10219
10219
10219
10139
10040
10040
10040
10040
10111
10190
10263
10327
10375
10455
10554
10556
10595
10611
10519
10430
10410
10384
10384
10384
10328
10328
10273
10239
10239
10239
10229
10130
10060
10060
10060
9986
9986
10078
10167
10187
10213
10249
10333
10389
10451
10506
10540
10562
10606
10616
10715
10785
10796
10810
10884
10884
10788
10747
10671
10611
10559
10556
10477
10475
10430
10426
10339
10331
10249
10232
10328
10369
10445
10505
10557
10560
10639
10641
10686
10686
10686
10694
10776
10793
10696
10650
10593
10563
10514
10474
10463
10438
10356
10355
10355
10355
10355
10322
10322
10322
10322
10256
10256
10352
10352
10352
10375
10424
10464
10482
10482
10482
10482
10482
10482
10482
10515
10515
10515
10515
10515
10515
10436
10360
10295
10288
10217
10169
10141
10061
10003
9956
9943
9920
9999
10075
10140
10154
10225
10225
10273
10273
10301
10240
10320
10240
10298
10298
10345
10324
10324
10337
10289
10289
10312
10254
10199
10172
10172
10152
10152
10083
10083
10048
10048
10018
10018
9968
9873
9873
9854
9806
9806
9739
9643
9643
9590
9500
9490
9490
9483
9450
9450
9392
9392
9381
9351
9285
9285
9373
9308
9308
9405
9390
9390
9408
9373
9373
9434
9514
9535
9479
9491
9571
9619
9619
9700
9758
9745
9779
9825
9839
9866
9939
9939
9939
9967
9967
9987
10035
9986
10041
10041
10041
10110
10110
10110
10142
10142
10177
10177
10177
10177
10177
10195
10195
10225
10225
10225
10225
10225
10283
10246
10345
10420
10420
10420
10420
10420
10420
10487
10487
10479
10547
10600
10600
10600
10600
10600
10600
10600
10600
10600
10635
10536
10546
10569
10625
10658
10724
10778
10843
10843
10843
10843
10843
10843
10843
10843
10843
10843
10843
10843
10803
10803
10803
10803
10857
10857
10857
10921
10921
10921
10921
10921
10921
10921
10921
10961
10961
10961
11047
10949
10923
10836
10834
10792
10714
10701
10701
10701
10701
10667
10594
10692
10744
10831
10836
10836
10914
10914
10914
10915
10915
10946
11019
10966
10966
10866
10780
10755
10685
10593
10583
10525
10525
10525
10502
10502
10470
10450
10351
10271
10271
10271
10324
10407
10507
10593
10618
10688
10688
10780
10682
10692
10692
10750
10750
10752
10752
10752
10752
10775
10775
10780
10680
10712
10712
10732
10661
10661
10760
10681
10761
10688
10696
10632
10632
10584
10504
10405
10403
10364
10348
10348
10289
10289
10289
10289
10248
10248
10177
10177
10177
10227
10286
10383
10392
10454
10495
10528
10599
10599
10599
10599
10543
10469
10391
10311
10311
10311
10311
10311
10311
10311
10311
10311
10311
10301
10301
10301
10222
10146
10081
10067
9996
9948
9920
9840
9782
9735
9722
9699
9778
9854
9919
9933
10004
10052
10080
10160
10218
10265
10278
10301
10301
10269
10213
10213
10178
10168
10132
10089
10004
10004
9934
9934
9934
9897
9871
9797
9712
9613
9561
9547
9500
9485
9405
9316
9288
9266
9241
9241
9172
9172
9172
9198
9272
9357
9456
9508
9522
9569
9584
9664
9753
9781
9803
9828
9830
9899
9980
10057
10036
9988
9930
9903
9883
9814
9779
9749
9749
9749
9682
9629
9629
9629
9606
9540
9475
9475
9523
9581
9581
9581
9581
9581
9581
9486
9486
9438
9438
9438
9438
9438
9438
9438
9438
9380
9380
9380
9403
9403
9403
9403
9468
9468
9433
9377
9323
9323
9323
9259
9259
9259
9259
9259
9259
9259
9259
9219
9219
9219
9133
9187
9234
9294
9356
9391
9455
9455
9465
9465
9551
9608
9608
9701
9776
9776
9679
9777
9777
9825
9807
9859
9798
9876
9946
9866
9887
9806
9846
9904
9904
9858
9863
9920
9920
9991
9963
9970
10003
9948
10006
10092
10092
10092
10092
10092
10092
10092
10092
9993
10030
10030
10030
10030
10060
9992
9992
10066
10066
10066
10066
10066
10084
10158
10158
10148
10115
10115
10061
10158
10176
10237
10317
10398
10444
10472
10527
10609
10610
10610
10709
10709
10777
10777
10777
10787
10820
10820
10741
10665
10600
10586
10515
10467
10439
10359
10301
10254
10241
10218
10165
10082
9982
9896
9871
9801
9709
9699
9641
9639
9639
9616
9611
9579
9559
9460
9380
9372
9372
9372
9372
9472
9558
9558
9628
9720
9720
9778
9778
9778
9778
9778
9778
9798
9798
9878
9878
9878
9873
9781
9739
9724
9674
9615
9518
9514
9452
9411
9373
9302
9302
9302
9292
9209
9169
9169
9169
9169
9169
9169
9077
8988
8968
8942
8906
8896
8812
8756
8694
8639
8605
8583
8539
8529
8430
8360
8349
8335
8261
8261
8172
8087
8087
8084
8084
8084
8013
8013
7965
7907
7907
7907
7907
7907
7907
7907
7907
7907
7907
7907
7907
7884
7884
7819
7840
7888
7822
7880
7907
7907
7927
7996
8031
8061
8061
8061
8061
8128
8128
8128
8172
8118
8141
8094
8160
8100
8165
8101
8091
8034
7941
7843
7791
7713
7692
7652
7647
7640
7554
7608
7644
7680
7744
7754
7754
7754
7754
7754
7754
7754
7794
7794
7794
7880
7880
7825
7736
7723
7627
7586
7548
7488
7436
7433
7354
7353
7308
7308
7257
7257
7257
7160
7156
7138
7056
6995
6978
6898
6817
6771
6867
6839
6880
6849
6794
6870
6788
6848
6847
6899
6899
6902
6803
6882
6882
6884
6816
6861
6861
6865
6865
6929
6919
6927
6894
6974
6974
6991
6991
7088
7106
7167
7167
7167
7247
7247
7247
7275
7330
7330
7331
7331
7331
7429
7518
7518
7518
7518
7528
7560
7560
7560
7466
7466
7466
7380
7313
7306
7212
7115
7115
7115
7115
7085
7036
6996
6974
6974
6974
6974
6963
6963
6963
6963
6930
6930
6930
6930
6930
6930
6830
6830
6765
6679
6679
6679
6679
6609
6517
6517
6459
6459
6459
6459
6360
6360
6360
6340
6340
6260
6260
6260
6313
6396
6496
6582
6607
6677
6769
6779
6837
6839
6868
6891
6896
6928
6948
7047
7127
7135
7148
7148
7148
7066
7056
7056
6981
6981
6968
6942
6868
6783
6684
6632
6618
6571
6556
6476
6387
6359
6337
6312
6310
6241
6160
6083
6109
6183
6268
6367
6419
6433
6480
6495
6575
6664
6692
6714
6739
6741
6810
6891
6968
6968
6935
6923
6985
7079
7143
7197
7207
7232
7240
7285
7375
7421
7427
7427
7361
7369
7409
7424
7424
7355
7395
7467
7490
7490
7513
7605
7657
7626
7626
7684
7692
7715
7715
7615
7692
7621
7699
7699
7699
7774
7706
7607
7607
7607
7607
7607
7572
7572
7572
7572
7572
7562
7514
7456
7429
7409
7340
7305
7275
7275
7275
7208
7208
7208
7126
7103
7037
6972
6918
6895
6835
6856
6792
6840
6830
6888
6888
6915
6915
6935
6935
7004
7004
7039
7039
7058
7058
7108
7068
7087
7087
7154
7154
7207
7121
7178
7260
7283
7337
7403
7449
7514
7574
7638
7648
7694
7787
7885
7937
7937
7937
7977
7977
7984
8070
8070
7990
7898
7837
7837
7837
7837
7837
7837
7837
7837
7837
7837
7837
7837
7788
7788
7788
7788
7691
7673
7612
7532
7532
7532
7504
7449
7449
7449
7449
7350
7252
7252
7252
7252
7242
7209
7209
7306
7324
7385
7465
7546
7592
7620
7675
7757
7758
7825
7924
8022
8090
8156
8234
8244
8277
8331
8278
8195
8095
8009
7984
7914
7822
7812
7754
7752
7723
7700
7695
7663
7643
7544
7464
7456
7443
7496
7579
7679
7765
7790
7860
7952
7962
8020
8022
8051
8074
8079
8111
8131
8230
8310
8318
8331
8280
8280
8241
8213
8145
8145
8049
8049
8049
8049
8049
8049
7974
7920
7920
7865
7845
7786
7837
7884
7923
7980
8048
8094
8190
8213
8213
8299
8360
8360
8435
8489
8489
8544
8564
8623
8613
8565
8511
8453
8406
8379
8319
8299
8235
8166
8156
8121
8064
8034
7941
7891
7793
7774
7722
7655
7655
7602
7602
7574
7534
7452
7452
7441
7434
7368
7282
7217
7271
7285
7332
7380
7440
7498
7562
7589
7599
7619
7676
7745
7838
7873
7971
7990
8042
8092
8170
8189
8201
8268
8308
8361
8366
8366
8370
8370
8456
8479
8545
8610
8513
8495
8434
8354
8273
8227
8199
8144
8062
8061
8035
7968
7894
7795
7710
7612
7513
7445
7393
7327
7313
7235
7188
7178
7163
7130
7050
6996
6907
6879
6868
6965
6940
6958
6957
7018
6949
7029
6948
7029
6952
6998
7026
7081
7107
7166
7240
7241
7326
7393
7492
7591
7643
7741
7755
7823
7870
7936
7951
8029
8109
8119
8208
8241
8269
8322
8344
8369
8371
8440
8521
8598
8545
8462
8362
8276
8251
8181
8089
8079
8021
8019
7990
7967
7962
7930
7910
7811
7731
7723
7717
7717
7717
7817
7903
7903
7973
8065
8075
8075
8075
8075
8075
8075
8075
8075
8075
8155
8155
8155
8059
8018
7942
7882
7830
7829
7750
7749
7727
7723
7636
7628
7546
7538
7634
7675
7751
7811
7863
7866
7945
7947
7992
7996
8083
8091
8171
8188
8090
8038
7951
7949
7949
7871
7871
7871
7870
7870
7836
7763
7709
7662
7602
7538
7528
7471
7378
7280
7228
7150
7129
7089
7087
7080
7070
6984
6936
6878
6851
6831
6762
6727
6697
6647
6628
6561
6508
6508
6508
6485
6419
6354
6322
6234
6213
6213
6213
6116
6098
6037
5957
5876
5853
5825
5770
5688
5688
5688
5621
5621
5522
5422
5324
5238
5170
5170
5104
5034
4956
4864
4854
4844
4811
4811
4757
4757
4757
4757
4757
4757
4757
4757
4677
4677
4677
4677
4597
4585
4585
4510
4510
4510
4510
4484
4410
4410
4325
4226
4174
4160
4113
4098
4018
3929
3901
3879
3854
3852
3783
3702
3625
3590
3590
3572
3558
3528
3480
3418
3418
3418
3418
3360
3360
3360
3360
3360
3286
3286
3286
3190
3116
3075
2999
2939
2887
2884
2805
2803
2758
2756
2669
2661
2579
2562
2562
2562
2525
2525
2468
2468
2398
2327
2241
2241
2232
2157
2157
2124
2124
2066
2066
2066
2004
1994
1930
1930
1852
1780
1765
1742
1665
1642
1634
1544
1538
1480
1435
1389
1295
1291
1237
1229
1189
1137
1097
1074
1049
1049
970
878
827
751
712
655
587
541
445
422
422
324
263
263
188
134
134
79
59
0
51
127
166
203
242
288
361
384
386
484
545
557
632
686
730
785
805
864
813
737
718
690
622
599
503
480
479
381
320
307
232
178
134
79
59
0
51
127
166
203
242
288
361
384
386
484
545
557
632
686
730
785
805
864
813
737
718
690
622
599
503
480
479
381
320
307
232
178
134
79
59
0
