0.047
0.035
0.043
0.035
0.035
0.091
0.083
0.034
0.038
0.034
0.036
0.034
0.082
0.034
0.086
0.035
0.045
0.034
0.084
0.037
0.08
0.034
0.037
0.034
0.036
0.035
0.034
0.035
0.092
0.034
0.035
0.088
0.033
0.033
0.063
0.035
0.09
0.035
0.083
0.034
0.04
0.035
0.035
0.034
0.082
0.094
0.043
0.041
0.035
0.033
0.035
0.034
0.085
0.035
0.037
0.081
0.035
0.084
0.081
0.036
0.033
0.083
0.035
0.034
0.035
0.036
0.082
0.034
0.082
0.034
0.034
0.124
0.109
0.087
0.081
0.038
0.088
0.042
0.111
0.041
0.045
0.11
0.036
0.037
0.034
0.112
0.034
0.037
0.034
0.084
0.034
0.034
0.036
0.035
0.081
0.084
0.034
0.037
0.081
0.034
0.081
0.084
0.033
0.035
0.037
0.034
0.035
0.086
0.08
0.087
0.08
0.081
0.034
0.034
0.036
0.035
0.081
0.083
0.035
0.034
0.082
0.037
0.035
0.081
0.038
0.082
0.033
0.035
0.033
0.035
0.046
0.034
0.034
0.037
0.034
0.034
0.034
0.098
0.048
0.042
0.047
0.041
0.036
0.035
0.038
0.082
0.083
0.08
0.082
0.081
0.09
0.044
0.043
0.045
0.114
0.114
0.113
0.035
0.042
0.041
0.041
0.035
0.034
0.042
0.04
0.115
0.082
0.044
0.041
0.081
0.084
0.093
0.045
0.042
0.042
0.041
0.114
0.042
0.042
0.044
0.11
0.038
0.092
0.034
0.09
0.041
0.041
0.045
0.042
0.111
0.042
0.109
0.14
0.123
0.12
0.089
0.074
0.035
0.051
0.034
0.039
0.034
0.035
0.033
0.037
0.034
0.09
0.044
0.041
0.041
0.042
0.108
0.035
0.036
0.034
0.035
0.036
0.037
0.035
0.083
0.036
0.037
0.034
0.037
0.036
0.035
0.086
0.035
0.036
0.035
0.039
0.036
0.036
0.099
0.112
0.117
0.045
0.043
0.11
0.12
0.063
0.05
0.143
0.154
0.178
0.064
0.063
0.042
0.112
0.049
0.052
0.143
0.146
0.044
0.052
0.044
0.043
0.045
0.046
0.154
0.044
0.045
0.04
0.035
0.036
0.035
0.038
0.035
0.049
0.042
0.117
0.042
0.043
0.114
0.114
0.11
0.144
0.055
0.049
0.05
0.053
0.183
0.073
0.153
0.046
0.045
0.045
0.05
0.166
0.623
0.105
0.044
0.041
0.108
0.047
0.041
0.096
0.035
0.111
0.123
0.042
0.057
0.034
0.036
0.124
0.035
0.082
0.082
0.079
0.089
0.042
0.04
0.122
0.035
0.082
0.037
0.081
0.034
0.034
0.101
0.077
0.042
0.05
0.09
0.05
0.053
0.048
0.05
0.054
0.038
0.036
0.035
0.039
0.039
0.038
0.04
0.037
0.091
0.086
0.088
0.124
0.117
0.139
0.05
0.047
0.044
0.043
0.044
0.074
0.262
0.112
0.046
0.044
0.113
0.116
0.137
0.144
0.05
0.049
0.043
0.042
0.042
0.048
0.044
0.117
0.043
0.116
0.037
0.036
0.036
0.038
0.036
0.036
0.035
0.088
0.148
0.051
0.157
0.051
0.05
0.053
0.052
0.044
0.051
0.045
0.044
0.043
0.043
0.043
0.046
0.043
0.043
0.043
0.12
0.044
0.114
0.083
0.036
0.038
0.088
0.09
0.058
0.092
0.035
0.089
0.037
0.107
0.036
0.037
0.092
0.036
0.127
0.051
0.044
0.046
0.044
0.129
0.146
0.05
0.054
0.041
0.076
0.041
0.106
0.101
0.043
0.125
0.054
0.051
0.051
0.156
0.061
0.062
0.09
0.085
0.097
0.045
0.042
0.123
0.122
0.051
0.054
0.035
0.036
0.039
0.037
0.036
0.038
0.04
0.09
0.091
0.089
0.095
0.037
0.086
0.102
0.094
0.038
0.036
0.036
0.102
0.045
0.045
0.12
0.119
0.087
0.129
0.053
0.051
0.044
0.048
0.045
0.044
0.069
0.045
0.045
0.045
0.043
0.052
0.055
0.068
0.044
0.049
0.044
0.043
0.061
0.045
0.047
0.044
0.122
0.117
0.047
0.044
0.045
0.043
0.101
0.117
0.045
0.043
0.044
0.123
0.157
0.043
0.047
0.044
0.045
0.043
0.058
0.062
0.059
0.044
0.044
0.046
0.043
0.044
0.119
0.126
0.044
0.043
0.043
0.046
0.043
0.046
0.043
0.043
0.113
0.056
0.051
0.05
0.151
0.053
0.062
0.059
0.06
0.177
0.057
0.06
0.058
0.061
0.185
0.036
0.086
0.087
0.036
0.084
0.046
0.045
0.044
0.037
0.035
0.091
0.036
0.103
0.103
0.045
0.156
0.123
0.046
0.116
0.063
0.118
0.126
0.123
0.119
0.133
0.053
0.047
0.121
0.043
0.052
0.149
0.151
0.051
0.157
0.059
0.058
0.187
0.072
0.041
0.041
0.036
0.04
0.087
0.046
0.047
0.046
0.062
0.059
0.061
0.062
0.06
0.06
0.063
0.059
0.1
0.044
0.045
0.047
0.045
0.053
0.051
0.052
0.15
0.161
0.06
0.06
0.064
0.19
0.06
0.18
0.046
0.045
0.046
0.189
0.045
0.05
0.046
0.044
0.044
0.045
0.045
0.044
0.047
0.129
0.119
0.119
0.189
0.064
0.137
0.042
0.042
0.043
0.041
0.041
0.043
0.041
0.041
0.04
0.04
0.043
0.039
0.049
0.142
0.133
0.06
0.042
0.043
0.04
0.044
0.04
0.044
0.041
0.041
0.04
0.316
0.05
0.046
0.047
0.149
0.052
0.046
0.135
0.154
0.178
0.199
0.273
0.061
0.198
0.081
0.091
0.068
0.086
0.224
0.069
0.071
0.069
0.071
0.068
0.07
0.217
0.229
0.066
0.053
0.048
0.048
0.138
0.132
0.167
0.054
0.058
0.164
0.056
0.054
0.041
0.045
0.048
0.05
0.048
0.113
0.041
0.04
0.041
0.108
0.119
0.048
0.138
0.047
0.041
0.042
0.057
0.126
0.11
0.117
0.04
0.04
0.116
0.118
0.048
0.185
0.049
0.04
0.04
0.043
0.039
0.032
0.037
0.033
0.036
0.033
0.086
0.037
0.034
0.033
0.033
0.035
0.087
0.077
0.041
0.132
0.125
0.06
0.042
0.04
0.043
0.04
0.041
0.042
0.042
0.041
0.048
0.053
0.048
0.05
0.048
0.043
0.113
0.043
0.117
0.048
0.048
0.041
0.118
0.124
0.12
0.048
0.05
0.056
0.049
0.051
0.055
0.057
0.053
0.167
0.047
0.168
0.064
0.047
0.21
0.047
0.05
0.047
0.047
0.076
0.048
0.047
0.05
0.14
0.148
0.044
0.04
0.041
0.043
0.116
0.048
0.137
0.074
0.137
0.055
0.056
0.172
0.198
0.068
0.071
0.068
0.223
0.042
0.042
0.041
0.122
0.048
0.047
0.169
0.05
0.137
0.049
0.048
0.042
0.041
0.043
0.042
0.04
0.111
0.041
0.056
0.118
0.111
0.111
0.042
0.041
0.111
0.042
0.113
0.166
0.043
0.041
0.041
0.045
0.042
0.041
0.111
0.115
0.049
0.05
0.046
0.146
0.055
0.054
0.058
0.057
0.056
0.058
0.054
0.056
0.056
0.054
0.055
0.049
0.043
0.041
0.11
0.042
0.041
0.108
0.041
0.146
0.049
0.048
0.053
0.048
0.047
0.05
0.047
0.047
0.044
0.118
0.108
0.042
0.116
0.047
0.051
0.046
0.047
0.05
0.047
0.055
0.055
0.054
0.057
0.055
0.054
0.057
0.055
0.172
0.045
0.041
0.055
0.048
0.04
0.119
0.047
0.052
0.049
0.055
0.048
0.116
0.048
0.048
0.051
0.048
0.047
0.041
0.041
0.047
0.048
0.11
0.041
0.04
0.04
0.112
0.11
0.041
0.055
0.056
0.055
0.058
0.058
0.055
0.057
0.055
0.056
0.057
0.056
0.041
0.04
0.041
0.04
0.04
0.11
0.041
0.549
0.337
0.059
0.047
0.144
0.135
0.132
0.046
0.141
0.04
0.039
0.039
0.041
0.04
0.115
0.047
0.046
0.049
0.133
0.049
0.046
0.046
0.045
0.045
0.045
0.142
0.049
0.047
0.04
0.042
0.039
0.039
0.039
0.106
0.039
0.048
0.132
0.05
0.132
0.134
0.046
0.058
0.173
0.106
0.133
0.04
0.04
0.039
0.039
0.042
0.04
0.039
0.107
0.039
0.042
0.111
0.039
0.042
0.105
0.131
0.109
0.04
0.039
0.142
0.046
0.05
0.047
0.046
0.047
0.05
0.046
0.049
0.055
0.055
0.057
0.053
0.052
0.053
0.052
0.055
0.04
0.039
0.108
0.039
0.039
0.054
0.057
0.052
0.056
0.054
0.04
0.039
0.054
0.053
0.053
0.052
0.056
0.052
0.055
0.052
0.055
0.161
0.054
0.052
0.162
0.166
0.054
0.057
0.053
0.039
0.056
0.052
0.054
0.042
0.108
0.115
0.136
0.046
0.05
0.055
0.05
0.054
0.139
0.178
0.185
0.057
0.053
0.052
0.056
0.041
0.04
0.04
0.04
0.114
0.045
0.046
0.049
0.111
0.047
0.047
0.049
0.046
0.048
0.046
0.04
0.041
0.04
0.04
0.107
0.039
0.108
0.039
0.118
0.144
0.066
0.054
0.175
0.063
0.064
0.061
0.195
0.194
0.205
0.068
0.229
0.072
0.075
0.071
0.072
0.075
0.072
0.074
0.115
0.143
0.164
0.053
0.057
0.168
0.194
0.07
0.085
0.041
0.043
0.04
0.04
0.139
0.047
0.039
0.067
0.111
0.039
0.166
0.04
0.065
0.039
0.038
0.115
0.139
0.167
0.209
0.067
0.07
0.223
0.042
0.042
0.042
0.045
0.04
0.044
0.04
0.047
0.14
0.047
0.142
0.057
0.053
0.183
0.193
0.065
0.219
0.091
0.076
0.078
0.074
0.078
0.075
0.076
0.251
0.281
0.049
0.048
0.05
0.047
0.047
0.047
0.047
0.054
0.055
0.056
0.055
0.057
0.053
0.178
0.226
0.229
0.041
0.041
0.042
0.039
0.057
0.043
0.044
0.043
0.041
0.04
0.113
0.144
0.053
0.158
0.173
0.069
0.057
0.169
0.056
0.18
0.083
0.089
0.083
0.087
0.084
0.083
0.084
0.053
0.05
0.048
0.054
0.049
0.052
0.048
0.041
0.043
0.04
0.058
0.044
0.063
0.042
0.043
0.106
0.04
0.116
0.041
0.059
0.054
0.054
0.055
0.172
0.054
0.055
0.058
0.055
0.051
0.047
0.048
0.085
0.055
0.057
0.058
0.166
0.054
0.057
0.048
0.048
0.049
0.047
0.054
0.129
0.057
0.174
0.048
0.061
0.193
0.084
0.198
0.043
0.067
0.253
0.247
0.069
0.245
0.04
0.048
0.048
0.06
0.09
0.054
0.063
0.062
0.061
0.062
0.047
0.145
0.171
0.126
0.085
0.08
0.075
0.081
0.056
0.051
0.057
0.053
0.059
0.059
0.756
0.055
0.118
0.052
0.056
0.054
0.043
0.104
0.097
0.225
0.055
0.054
0.048
0.04
0.054
0.065
0.053
0.063
0.061
0.162
0.064
0.054
0.063
0.061
0.168
0.062
0.16
0.068
0.054
0.052
0.053
0.052
0.075
0.06
0.074
0.065
0.044
0.056
0.055
0.044
0.049
0.041
0.041
0.042
0.041
0.117
0.041
0.052
0.049
0.051
0.048
0.049
0.063
0.207
0.186
0.199
0.041
0.04
0.043
0.114
0.04
0.043
0.06
0.081
0.055
0.056
0.057
0.071
0.068
0.059
0.255
0.179
0.062
0.063
0.07
0.2
0.068
0.051
0.047
0.047
0.068
0.233
0.077
0.103
0.076
0.079
0.071
0.217
0.073
0.073
0.072
0.071
0.061
0.061
0.204
0.069
0.071
0.068
0.173
0.198
0.069
0.04
0.071
0.071
0.068
0.069
0.226
0.078
0.064
0.198
0.116
0.048
0.049
0.044
0.063
0.074
0.065
0.062
0.06
0.203
0.071
0.071
0.069
0.047
0.249
0.242
0.051
0.07
0.054
0.044
0.062
0.048
0.048
0.226
0.059
0.056
0.069
0.041
0.054
0.056
0.055
0.076
0.229
0.067
0.076
0.059
0.042
0.042
0.057
0.07
0.067
0.043
0.075
0.07
0.08
0.042
0.075
0.114
0.121
0.146
0.117
0.048
0.054
0.062
0.06
0.048
0.055
0.055
0.151
0.055
0.174
0.178
0.065
0.063
0.06
0.056
0.056
0.048
0.058
0.069
0.059
0.068
0.062
0.065
0.048
0.055
0.058
0.055
0.069
0.286
0.06
0.062
0.149
0.06
0.063
0.059
0.056
0.174
0.056
0.171
0.18
0.071
0.073
0.07
0.073
0.071
0.072
0.086
0.074
0.071
0.074
0.071
0.096
0.237
0.08
0.068
0.058
0.063
0.059
0.055
0.168
0.177
0.207
0.069
0.066
0.074
0.062
0.198
0.066
0.149
0.058
0.056
0.097
0.057
0.183
0.086
0.068
0.064
0.063
0.211
0.071
0.219
0.069
0.257
0.079
0.083
0.074
0.077
0.075
0.077
0.067
0.073
0.076
0.078
0.077
0.076
0.075
0.076
0.077
0.072
0.054
0.071
0.068
0.083
0.076
0.232
0.236
0.075
0.082
0.074
0.07
0.073
0.07
0.074
0.252
0.076
0.08
0.078
0.081
0.111
0.082
0.076
0.303
0.284
0.087
0.083
0.05
0.078
0.074
0.052
0.049
0.049
0.07
0.048
0.049
0.055
0.059
0.055
0.056
0.058
0.176
0.055
0.056
0.236
0.074
0.092
0.244
0.078
0.074
0.174
0.095
0.066
0.186
0.063
0.065
0.065
0.204
0.068
0.066
0.063
0.103
0.082
0.076
0.082
0.081
0.077
0.068
0.065
0.066
0.101
0.068
0.063
0.066
0.063
0.063
0.066
0.063
0.063
0.594
0.097
0.188
0.188
0.346
0.072
0.075
0.061
0.194
0.06
0.063
0.197
0.217
0.065
0.076
0.079
0.076
0.074
0.076
0.078
0.069
0.071
0.068
0.073
0.247
0.138
0.395
0.096
0.082
0.082
0.078
0.269
0.087
0.102
0.301
0.064
0.058
0.052
0.316
0.08
0.139
0.051
0.094
0.173
0.076
0.147
0.094
0.151
0.094
0.074
0.097
0.095
0.056
0.056
0.18
0.066
0.095
0.096
0.107
0.091
0.092
0.093
0.332
0.208
0.362
0.231
0.213
0.06
0.104
0.081
0.069
0.383
0.116
0.111
0.139
0.118
0.114
0.06
0.055
0.056
0.056
0.064
0.069
0.078
0.08
0.079
0.07
0.057
0.077
0.079
0.267
0.077
0.099
0.077
0.08
0.056
0.067
0.07
0.071
0.075
0.073
0.069
0.069
0.063
0.114
0.072
0.073
0.07
0.074
0.069
0.072
0.065
0.075
0.066
0.115
0.115
0.111
0.113
0.114
0.079
0.115
0.062
0.065
0.063
0.063
0.066
0.063
0.094
0.068
0.064
0.066
0.064
0.066
0.07
0.08
0.056
0.063
0.111
0.06
0.055
0.061
0.056
0.062
0.065
0.063
0.203
0.195
0.063
0.062
0.208
0.056
0.058
0.057
0.056
0.057
0.182
0.075
0.07
0.081
0.064
0.074
0.069
0.069
0.073
0.072
0.073
0.07
0.203
0.068
0.063
0.063
0.208
0.073
0.07
0.08
0.071
0.234
0.082
0.255
0.102
0.084
0.076
0.08
0.234
0.108
0.064
0.079
0.071
0.074
0.235
0.078
0.076
0.065
0.079
0.08
0.081
0.28
0.083
0.086
0.064
0.067
0.063
0.067
0.064
0.067
0.067
0.058
0.085
0.065
0.082
0.063
0.065
0.121
0.24
0.077
0.266
0.068
0.091
0.056
0.071
0.076
0.064
0.287
0.109
0.095
0.09
0.091
0.092
0.093
0.21
0.073
0.077
0.088
0.27
0.084
0.102
0.087
0.089
0.086
0.086
0.09
0.086
0.305
0.26
0.077
0.079
0.076
0.094
0.095
0.092
0.094
0.11
0.064
0.082
0.096
0.094
0.094
0.102
0.342
0.102
0.113
0.108
0.109
0.105
0.25
0.111
0.083
0.094
0.093
0.08
0.055
0.081
0.077
0.079
0.076
0.079
0.079
0.095
0.073
0.106
0.094
0.119
0.092
0.094
0.093
0.095
0.094
0.094
0.093
0.081
0.063
0.065
0.063
0.063
0.07
0.074
0.07
0.076
0.077
0.07
0.075
0.069
0.07
0.07
0.07
0.07
0.102
0.075
0.098
0.1
0.073
0.069
0.074
0.071
0.077
0.08
0.078
0.077
0.093
0.082
0.272
0.084
0.077
0.104
0.148
0.1
0.101
0.103
0.097
0.081
0.076
0.262
0.27
0.085
0.294
0.316
0.098
0.073
0.229
0.241
0.238
0.263
0.088
0.1
0.088
0.118
0.121
0.109
0.116
0.114
0.131
0.114
0.109
0.109
0.068
0.091
0.07
0.067
0.069
0.065
0.069
0.068
0.096
0.088
0.094
0.096
0.118
0.1
0.086
0.09
0.086
0.228
0.236
0.198
0.106
0.156
0.082
0.1
0.098
0.094
0.095
0.107
0.102
0.105
0.102
0.102
0.113
0.103
0.104
0.099
0.091
0.078
0.063
0.077
0.061
0.065
0.075
0.077
0.061
0.077
0.265
0.08
0.081
0.108
0.08
0.084
0.082
0.259
0.082
0.259
0.08
0.081
0.274
0.076
0.07
0.244
0.078
0.064
0.066
0.062
0.207
0.076
0.066
0.209
0.085
0.076
0.278
0.082
0.079
0.08
0.081
0.079
0.081
0.082
0.268
0.08
0.279
0.084
0.081
0.082
0.277
0.263
0.086
0.11
0.089
0.138
0.083
0.084
0.079
0.079
0.123
0.09
0.113
0.285
0.083
0.127
0.084
0.082
0.077
0.08
0.106
0.272
0.083
0.079
0.089
0.09
0.09
0.086
0.294
0.097
0.101
0.113
0.088
0.269
0.095
0.339
0.103
0.1
0.058
0.063
0.06
0.058
0.06
0.174
0.057
0.058
0.081
0.081
0.084
0.084
0.071
0.09
0.115
0.085
0.081
0.078
0.083
0.078
0.084
0.27
0.078
0.093
0.084
0.082
0.082
0.086
0.084
0.079
0.266
0.079
0.11
0.114
0.112
0.111
0.109
0.084
0.103
0.103
0.096
0.101
0.093
0.095
0.096
0.106
0.094
0.096
0.096
0.094
0.097
0.085
0.09
0.079
0.083
0.087
0.078
0.085
0.082
0.082
0.09
0.091
0.086
0.09
0.102
0.084
0.083
0.081
0.078
0.128
0.137
0.143
0.115
0.099
0.11
0.117
0.113
0.113
0.087
0.086
0.158
0.094
0.09
0.114
0.088
0.099
0.088
0.095
0.114
0.088
0.087
0.091
0.388
0.331
0.081
0.084
0.08
0.083
0.08
0.057
0.061
0.058
0.062
0.057
0.063
0.062
0.31
0.087
0.059
0.099
0.108
0.058
0.06
0.083
0.083
0.079
0.082
0.08
0.082
0.08
0.095
0.094
0.096
0.097
0.079
0.273
0.087
0.076
0.087
0.094
0.088
0.079
0.098
0.094
0.094
0.096
0.079
0.094
0.081
0.093
0.092
0.081
0.078
0.061
0.08
0.082
0.082
0.303
0.089
0.102
0.086
0.102
0.089
0.086
0.09
0.088
0.087
0.085
0.089
0.087
0.089
0.086
0.073
0.071
0.074
0.072
0.078
0.247
0.085
0.079
0.082
0.103
0.104
0.182
0.165
0.164
0.164
0.159
0.168
0.169
0.087
0.082
0.084
0.084
0.081
0.079
0.081
0.08
0.082
0.083
0.086
0.086
0.087
0.104
0.101
0.104
0.106
0.103
0.104
0.105
0.081
0.081
0.08
0.089
0.081
0.083
0.082
0.078
0.082
0.078
0.084
0.084
0.077
0.085
0.079
0.107
0.081
0.095
0.081
0.078
0.083
0.091
0.09
0.087
0.318
0.092
0.091
0.089
0.057
0.058
0.064
0.058
0.056
0.061
0.058
0.06
0.058
0.091
0.087
0.06
0.086
0.085
0.079
0.088
0.088
0.089
0.085
0.204
0.07
0.065
0.068
0.065
0.064
0.065
0.065
0.084
0.08
0.089
0.208
0.106
0.066
0.064
0.064
0.065
0.069
0.264
0.072
0.072
0.071
0.09
0.1
0.096
0.083
0.08
0.08
0.082
0.09
0.086
0.084
0.08
0.082
0.079
0.089
0.091
0.087
0.101
0.087
0.305
0.087
0.082
0.084
0.083
0.082
0.079
0.087
0.079
0.083
0.079
0.081
0.283
0.089
0.103
0.094
0.105
0.103
0.1
0.102
0.088
0.075
0.088
0.09
0.106
0.072
0.072
0.076
0.072
0.074
0.308
0.079
0.078
0.071
0.09
0.1
0.094
0.097
0.093
0.094
0.098
0.092
0.272
0.268
0.22
0.13
0.099
0.091
0.089
0.083
0.087
0.098
0.103
0.087
0.079
0.086
0.078
0.075
0.076
0.077
0.079
0.075
0.076
0.078
0.075
0.075
0.101
0.075
0.087
0.085
0.082
0.084
0.087
0.085
0.081
0.081
0.085
0.09
0.082
0.082
0.085
0.083
0.085
0.117
0.077
0.077
0.259
0.079
0.257
0.085
0.086
0.286
0.095
0.069
0.086
0.077
0.086
0.083
0.082
0.075
0.078
0.076
0.077
0.092
0.174
0.177
0.079
0.287
0.088
0.082
0.086
0.088
0.097
0.299
0.095
0.092
0.095
0.104
0.36
0.348
0.322
0.109
0.107
0.107
0.301
0.1
0.098
0.096
0.1
0.335
0.099
0.096
0.085
0.081
0.287
0.082
0.069
0.077
0.076
0.085
0.092
0.076
0.11
0.096
0.077
0.085
0.089
0.084
0.104
0.388
0.094
0.111
0.328
0.081
0.077
0.078
0.078
0.078
0.077
0.079
0.272
0.105
0.105
0.103
0.102
0.347
0.352
0.293
0.307
0.091
0.093
0.091
0.091
0.091
0.089
0.07
0.095
0.107
0.107
0.098
0.103
0.101
0.1
0.101
0.102
0.098
0.105
0.301
0.1
0.083
0.11
0.079
0.104
0.1
0.104
0.103
0.101
0.094
0.098
0.093
0.101
0.101
0.098
0.094
0.099
0.082
0.077
0.08
0.077
0.08
0.275
0.081
0.265
0.085
0.088
0.297
0.09
0.329
0.097
0.324
0.095
0.091
0.352
0.093
0.134
0.072
0.071
0.109
0.11
0.108
0.109
0.105
0.105
0.109
0.109
0.107
0.11
0.108
0.106
0.107
0.109
0.426
0.118
0.116
0.114
0.129
0.117
0.114
0.116
0.113
0.112
0.092
0.102
0.09
0.114
0.113
0.112
0.116
0.165
0.418
0.41
0.129
0.077
0.092
0.415
0.105
0.076
0.068
0.071
0.069
0.069
0.066
0.073
0.067
0.072
0.068
0.067
0.07
0.068
0.241
0.08
0.08
0.075
0.078
0.077
0.079
0.075
0.078
0.093
0.083
0.093
0.101
0.089
0.088
0.092
0.319
0.089
0.091
0.091
0.089
0.084
0.085
0.085
0.082
0.081
0.075
0.078
0.099
0.097
0.098
0.098
0.102
0.098
0.101
0.09
0.092
0.089
0.09
0.092
0.088
0.109
0.095
0.097
0.1
0.098
0.095
0.091
0.096
0.09
0.097
0.1
0.1
0.094
0.098
0.076
0.097
0.342
0.095
0.11
0.113
0.143
0.114
0.12
0.11
0.109
0.13
0.086
0.082
0.086
0.087
0.085
0.082
0.085
0.083
0.085
0.081
0.082
0.083
0.098
0.092
0.081
0.083
0.086
0.083
0.085
0.085
0.085
0.082
0.092
0.112
0.089
0.092
0.069
0.092
0.093
0.088
0.407
0.089
0.088
0.122
0.091
0.076
0.074
0.078
0.26
0.491
0.13
0.405
0.109
0.332
0.093
0.087
0.084
0.081
0.081
0.091
0.102
0.083
0.091
0.088
0.091
0.087
0.1
0.088
0.09
0.072
0.072
0.121
0.117
0.118
0.118
0.12
0.123
0.115
0.097
0.305
0.093
0.089
0.094
0.09
0.091
0.09
0.09
0.09
0.11
0.067
0.068
0.238
0.077
0.076
0.079
0.078
0.078
0.074
0.083
0.085
0.085
0.083
0.282
0.09
0.092
0.086
0.111
0.087
0.083
0.085
0.081
0.292
0.083
0.083
0.282
0.081
0.085
0.086
0.294
0.092
0.089
0.091
0.085
0.086
0.094
0.09
0.09
0.088
0.092
0.095
0.089
0.09
0.089
0.088
0.092
0.09
0.093
0.089
0.092
0.092
0.09
0.088
0.092
0.093
0.07
0.093
0.09
0.09
0.091
0.068
0.071
0.09
0.09
0.093
0.068
0.07
0.068
0.093
0.093
0.088
0.092
0.091
0.088
0.089
0.09
0.117
0.118
0.077
0.074
0.086
0.298
0.086
0.084
0.085
0.089
0.084
0.077
0.075
0.083
0.085
0.083
0.085
0.072
0.068
0.07
0.068
0.068
0.072
0.231
0.068
0.068
0.091
0.315
0.096
0.098
0.096
0.098
0.334
0.12
0.099
0.083
0.085
0.083
0.086
0.085
0.081
0.1
0.095
0.082
0.083
0.292
0.08
0.083
0.079
0.086
0.068
0.071
0.226
0.234
0.118
0.116
0.117
0.12
0.12
0.12
0.117
0.115
0.119
0.086
0.086
0.085
0.082
0.091
0.085
0.082
0.082
0.086
0.083
0.083
0.085
0.085
0.074
0.077
0.095
0.083
0.078
0.082
0.075
0.086
0.075
0.085
0.094
0.197
0.093
0.09
0.094
0.089
0.093
0.095
0.09
0.088
0.08
0.09
0.084
0.084
0.084
0.082
0.082
0.084
0.088
0.082
0.085
0.082
0.082
0.084
0.082
0.085
0.117
0.094
0.119
0.114
0.119
0.117
0.118
0.119
0.092
0.088
0.118
0.089
0.109
0.095
0.075
0.078
0.067
0.068
0.071
0.067
0.071
0.236
0.085
0.081
0.229
0.085
0.075
0.075
0.078
0.255
0.078
0.076
0.078
0.074
0.091
0.092
0.092
0.089
0.089
0.091
0.093
0.092
0.122
0.118
0.085
0.084
0.087
0.089
0.084
0.082
0.082
0.081
0.084
0.08
0.084
0.079
0.076
0.075
0.075
0.077
0.086
0.082
0.085
0.091
0.092
0.091
0.11
0.089
0.092
0.09
0.094
0.093
0.083
0.086
0.085
0.077
0.077
0.078
0.069
0.071
0.07
0.071
0.073
0.071
0.09
0.099
0.093
0.092
0.092
0.093
0.121
0.12
0.119
0.072
0.074
0.07
0.093
0.087
0.093
0.088
0.091
0.092
0.094
0.09
0.088
0.099
0.091
0.091
0.097
0.092
0.088
0.086
0.083
0.086
0.082
0.085
0.083
0.082
0.082
0.082
0.118
0.121
0.078
0.078
0.076
0.078
0.075
0.076
0.078
0.076
0.074
0.073
0.067
0.087
0.082
0.083
0.082
0.084
0.084
0.081
0.084
0.084
0.088
0.082
0.084
0.081
0.08
0.087
0.083
0.085
0.082
0.085
0.071
0.071
0.072
0.068
0.081
0.069
0.069
0.215
0.079
0.074
0.076
0.076
0.076
0.083
0.098
0.08
0.075
0.068
0.075
0.067
0.079
0.074
0.068
0.235
0.432
0.289
0.141
0.116
0.117
0.089
0.083
0.076
0.076
0.074
0.077
0.074
0.071
0.069
0.072
0.074
0.228
0.231
0.074
0.079
0.249
0.121
0.119
0.12
0.119
0.119
0.12
0.12
0.123
0.116
0.076
0.087
0.074
0.077
0.08
0.082
0.08
0.075
0.084
0.085
0.074
0.089
0.084
0.099
0.09
0.083
0.085
0.085
0.074
0.069
0.074
0.07
0.072
0.069
0.072
0.067
0.072
0.071
0.069
0.071
0.067
0.072
0.233
0.068
0.068
0.077
0.074
0.078
0.091
0.092
0.09
0.092
0.093
0.093
0.092
0.068
0.072
0.069
0.067
0.067
0.067
0.07
0.068
0.069
0.071
0.066
0.08
0.084
0.073
0.07
0.068
0.068
0.072
0.091
0.081
0.081
0.084
0.085
0.083
0.08
0.069
0.07
0.074
0.067
0.072
0.069
0.067
0.076
0.258
0.075
0.075
0.076
0.075
0.077
0.077
0.074
0.072
0.071
0.068
0.078
0.254
0.074
0.074
0.078
0.074
0.264
0.099
0.095
0.1
0.1
0.095
0.096
0.099
0.099
0.096
0.081
0.084
0.083
0.101
0.089
0.081
0.087
0.087
0.086
0.078
0.074
0.07
0.077
0.075
0.075
0.071
0.072
0.071
0.076
0.067
0.077
0.068
0.088
0.074
0.099
0.098
0.119
0.101
0.095
0.096
0.099
0.098
0.095
0.082
0.085
0.085
0.082
0.083
0.08
0.085
0.081
0.1
0.097
0.095
0.096
0.097
0.092
0.072
0.07
0.068
0.071
0.068
0.07
0.068
0.068
0.071
0.067
0.067
0.071
0.067
0.071
0.069
0.235
0.068
0.068
0.068
0.068
0.071
0.082
0.072
0.07
0.071
0.227
0.068
0.252
0.098
0.069
0.073
0.068
0.067
0.071
0.072
0.069
0.071
0.067
0.07
0.077
0.079
0.075
0.081
0.085
0.083
0.085
0.082
0.083
0.077
0.077
0.079
0.074
0.078
0.075
0.077
0.078
0.095
0.089
0.093
0.088
0.09
0.11
0.092
0.092
0.087
0.092
0.121
0.09
0.092
0.069
0.069
0.07
0.069
0.068
0.069
0.079
0.076
0.079
0.076
0.076
0.076
0.08
0.077
0.102
0.098
0.098
0.095
0.099
0.1
0.097
0.095
0.091
0.092
0.091
0.09
0.091
0.092
0.073
0.07
0.072
0.068
0.07
0.07
0.069
0.069
0.097
0.1
0.099
0.075
0.076
0.077
0.078
0.073
0.078
0.076
0.078
0.107
0.08
0.074
0.075
0.079
0.076
0.078
0.077
0.079
0.075
0.077
0.076
0.077
0.092
0.081
0.075
0.078
0.076
0.078
0.075
0.077
0.075
0.1
0.094
0.098
0.095
0.096
0.096
0.089
0.094
0.092
0.108
0.09
0.091
0.092
0.088
0.096
0.078
0.078
0.075
0.075
0.077
0.076
0.07
0.069
0.068
0.087
0.07
0.067
0.075
0.076
0.076
0.08
0.075
0.078
0.075
0.074
0.1
0.075
0.08
0.079
0.125
0.089
0.091
0.094
0.16
0.156
0.163
0.162
0.178
0.155
0.158
0.162
0.154
0.103
0.071
0.07
0.069
0.071
0.068
0.071
0.07
0.071
0.069
0.056
0.054
0.057
0.054
0.057
0.055
0.058
0.078
0.075
0.079
0.075
0.074
0.079
0.074
0.08
0.075
0.079
0.079
0.074
0.079
0.077
0.078
0.074
0.078
0.075
0.099
0.101
0.096
0.099
0.08
0.078
0.075
0.09
0.087
0.083
0.086
0.082
0.082
0.085
0.069
0.077
0.072
0.075
0.071
0.074
0.071
0.068
0.079
0.076
0.214
0.098
0.095
0.103
0.101
0.084
0.082
0.075
0.101
0.088
0.092
0.097
0.089
0.092
0.096
0.075
0.102
0.092
0.094
0.088
0.09
0.092
0.088
0.091
0.093
0.081
0.076
0.074
0.071
0.067
0.071
0.069
0.057
0.054
0.061
0.065
0.061
0.064
0.054
0.057
0.053
0.056
0.054
0.054
0.057
0.059
0.054
0.099
0.069
0.071
0.069
0.068
0.071
0.163
0.081
0.072
0.068
0.072
0.067
0.069
0.069
0.07
0.091
0.072
0.07
0.078
0.069
0.068
0.071
0.093
0.091
0.087
0.09
0.09
0.093
0.068
0.068
0.067
0.068
0.068
0.072
0.072
0.069
0.071
0.069
0.071
0.068
0.069
0.068
0.068
0.068
0.231
0.071
0.069
0.068
0.069
0.072
0.062
0.062
0.061
0.065
0.06
0.076
0.075
0.078
0.075
0.092
0.089
0.092
0.109
0.093
0.09
0.092
0.091
0.089
0.075
0.078
0.077
0.129
0.076
0.074
0.075
0.08
0.079
0.072
0.069
0.072
0.071
0.068
0.071
0.074
0.074
0.08
0.088
0.092
0.088
0.092
0.142
0.097
0.09
0.089
0.091
0.089
0.092
0.091
0.089
0.092
0.309
0.09
0.091
0.091
0.326
0.074
0.072
0.067
0.069
0.067
0.072
0.068
0.106
0.073
0.069
0.069
0.068
0.071
0.068
0.07
0.071
0.07
0.068
0.071
0.06
0.061
0.061
0.062
0.063
0.06
0.054
0.058
0.054
0.063
0.062
0.064
0.06
0.074
0.061
0.062
0.063
0.062
0.062
0.064
0.186
0.061
0.062
0.192
0.199
0.061
0.079
0.099
0.069
0.073
0.067
0.07
0.067
0.068
0.068
0.068
0.071
0.079
0.076
0.09
0.076
0.078
0.075
0.076
0.074
0.068
0.071
0.067
0.069
0.07
0.071
0.068
0.069
0.072
0.069
0.058
0.055
0.056
0.054
0.057
0.055
0.056
0.053
0.068
0.07
0.067
0.095
0.068
0.068
0.067
0.068
0.062
0.22
0.198
0.193
0.194
0.063
0.061
0.061
0.073
0.07
0.068
0.068
0.071
0.068
0.079
0.087
0.141
0.07
0.077
0.078
0.075
0.07
0.069
0.07
0.075
0.074
0.075
0.08
0.068
0.07
0.068
0.068
0.071
0.068
0.069
0.055
0.054
0.054
0.094
0.092
0.088
0.095
0.103
0.089
0.094
0.088
0.071
0.069
0.059
0.058
0.055
0.054
0.056
0.17
0.054
0.167
0.165
0.054
0.055
0.057
0.053
0.057
0.055
0.058
0.068
0.055
0.171
0.168
0.07
0.072
0.07
0.072
0.069
0.072
0.068
0.23
0.092
0.093
0.09
0.094
0.092
0.091
0.08
0.074
0.244
0.073
0.224
0.072
0.071
0.072
0.071
0.071
0.071
0.073
0.068
0.071
0.077
0.08
0.076
0.08
0.077
0.078
0.063
0.066
0.063
0.072
0.09
0.07
0.073
0.071
0.055
0.057
0.055
0.07
0.093
0.073
0.074
0.056
0.072
0.07
0.072
0.069
0.073
0.072
0.069
0.073
0.069
0.109
0.072
0.078
0.078
0.07
0.075
0.074
0.077
0.094
0.119
0.081
0.078
0.077
0.078
0.091
0.079
0.092
0.055
0.096
0.093
0.091
0.095
0.091
0.092
0.092
0.071
0.073
0.089
0.07
0.08
0.075
0.409
0.095
0.092
0.116
0.089
0.41
0.087
0.085
0.08
0.079
0.076
0.071
0.069
0.073
0.07
0.069
0.071
0.069
0.074
0.068
0.08
0.076
0.078
0.055
0.067
0.055
0.059
0.056
0.076
0.063
0.059
0.066
0.061
0.057
0.06
0.06
0.074
0.075
0.069
0.08
0.069
0.072
0.055
0.059
0.054
0.056
0.056
0.058
0.07
0.237
0.069
0.072
0.07
0.073
0.068
0.073
0.069
0.069
0.069
0.069
0.167
0.077
0.08
0.077
0.071
0.07
0.07
0.093
0.227
0.072
0.071
0.073
0.07
0.071
0.07
0.069
0.073
0.07
0.072
0.107
0.073
0.061
0.054
0.055
0.056
0.058
0.056
0.059
0.055
0.06
0.055
0.056
0.057
0.056
0.057
0.056
0.079
0.077
0.081
0.076
0.08
0.076
0.077
0.095
0.103
0.092
0.094
0.092
0.092
0.113
0.091
0.091
0.073
0.072
0.071
0.073
0.07
0.072
0.07
0.073
0.07
0.073
0.071
0.072
0.07
0.056
0.057
0.059
0.055
0.056
0.093
0.057
0.074
0.072
0.073
0.07
0.071
0.069
0.071
0.064
0.063
0.065
0.063
0.061
0.066
0.062
0.072
0.07
0.073
0.085
0.074
0.07
0.068
0.071
0.07
0.073
0.071
0.074
0.07
0.073
0.233
0.071
0.072
0.07
0.072
0.069
0.072
0.07
0.071
0.069
0.07
0.069
0.073
0.072
0.07
0.072
0.07
0.074
0.069
0.068
0.056
0.057
0.055
0.055
0.11
0.077
0.097
0.08
0.076
0.08
0.077
0.076
0.059
0.073
0.056
0.054
0.072
0.055
0.059
0.07
0.059
0.067
0.066
0.063
0.062
0.062
0.063
0.095
0.097
0.09
0.093
0.132
0.083
0.077
0.079
0.077
0.079
0.076
0.08
0.075
0.058
0.059
0.055
0.172
0.17
0.055
0.058
0.055
0.092
0.094
0.096
0.072
0.073
0.073
0.07
0.073
0.069
0.073
0.071
0.071
0.07
0.069
0.07
0.073
0.068
0.071
0.073
0.062
0.066
0.063
0.062
0.066
0.066
0.081
0.068
0.071
0.072
0.091
0.075
0.071
0.073
0.07
0.072
0.068
0.068
0.073
0.072
0.071
0.07
0.092
0.09
0.092
0.094
0.092
0.089
0.095
0.093
0.07
0.07
0.07
0.07
0.07
0.074
0.078
0.07
0.071
0.072
0.057
0.055
0.055
0.055
0.056
0.059
0.055
0.056
0.074
0.071
0.07
0.074
0.07
0.081
0.071
0.072
0.063
0.066
0.064
0.07
0.068
0.07
0.07
0.069
0.07
0.071
0.24
0.092
0.124
0.093
0.062
0.055
0.074
0.07
0.086
0.064
0.057
0.058
0.237
0.091
0.092
0.092
0.122
0.116
0.159
0.112
0.128
0.073
0.095
0.086
0.076
0.07
0.07
0.071
0.07
0.069
0.073
0.072
0.071
0.072
0.07
0.072
0.07
0.072
0.069
0.096
0.071
0.057
0.056
0.055
0.067
0.062
0.063
0.062
0.063
0.066
0.063
0.066
0.062
0.071
0.07
0.069
0.07
0.07
0.072
0.068
0.072
0.078
0.078
0.057
0.078
0.056
0.058
0.073
0.073
0.074
0.071
0.074
0.07
0.081
0.077
0.072
0.069
0.072
0.07
0.07
0.069
0.081
0.073
0.094
0.083
0.079
0.08
0.076
0.077
0.08
0.077
0.08
0.077
0.079
0.078
0.08
0.073
0.07
0.069
0.072
0.07
0.069
0.07
0.072
0.07
0.083
0.074
0.055
0.059
0.055
0.057
0.058
0.07
0.234
0.07
0.071
0.097
0.077
0.079
0.076
0.082
0.076
0.08
0.077
0.079
0.096
0.094
0.092
0.091
0.095
0.094
0.094
0.07
0.075
0.057
0.058
0.055
0.091
0.094
0.094
0.092
0.093
0.07
0.073
0.228
0.073
0.07
0.074
0.066
0.067
0.062
0.092
0.094
0.091
0.09
0.095
0.093
0.07
0.07
0.072
0.092
0.091
0.095
0.078
0.078
0.093
0.094
0.095
0.096
0.093
0.09
0.094
0.089
0.058
0.057
0.076
0.079
0.107
0.077
0.114
0.068
0.063
0.059
0.057
0.08
0.076
0.08
0.077
0.064
0.064
0.064
0.095
0.093
0.093
0.248
0.117
0.115
0.291
0.087
0.09
0.245
0.18
0.276
0.079
0.08
0.08
0.078
0.077
0.069
0.07
0.07
0.07
0.075
0.07
0.07
0.07
0.073
0.078
0.085
0.077
0.077
0.078
0.078
0.079
0.076
0.092
0.094
0.073
0.068
0.059
0.054
0.073
0.07
0.057
0.056
0.058
0.073
0.085
0.058
0.075
0.06
0.056
0.056
0.058
0.077
0.078
0.09
0.077
0.081
0.08
0.077
0.079
0.058
0.057
0.055
0.175
0.056
0.057
0.055
0.058
0.072
0.069
0.071
0.074
0.07
0.069
0.073
0.077
0.073
0.071
0.073
0.069
0.07
0.071
0.071
0.069
0.074
0.056
0.056
0.055
0.083
0.08
0.077
0.081
0.076
0.08
0.068
0.068
0.063
0.062
0.064
0.064
0.062
0.064
0.077
0.074
0.07
0.07
0.071
0.073
0.069
0.072
0.095
0.09
0.099
0.095
0.092
0.092
0.093
0.095
0.077
0.077
0.082
0.077
0.08
0.077
0.058
0.056
0.057
0.055
0.055
0.056
0.061
0.092
0.078
0.076
0.07
0.074
0.07
0.073
0.077
0.071
0.074
0.223
0.072
0.077
0.075
0.07
0.069
0.072
0.082
0.084
0.077
0.079
0.078
0.083
0.07
0.077
0.081
0.078
0.078
0.072
0.07
0.077
0.075
0.094
0.073
0.096
0.092
0.074
0.069
0.074
0.092
0.07
0.073
0.069
0.071
0.069
0.07
0.07
0.07
0.071
0.07
0.07
0.072
0.067
0.081
0.076
0.081
0.078
0.08
0.075
0.076
0.056
0.055
0.056
0.064
0.056
0.072
0.063
0.055
0.058
0.055
0.055
0.058
0.055
0.06
0.055
0.055
0.056
0.064
0.059
0.054
0.057
0.078
0.072
0.094
0.076
0.095
0.079
0.074
0.232
0.098
0.232
0.223
0.071
0.079
0.075
0.072
0.072
0.075
0.071
0.072
0.073
0.058
0.061
0.057
0.057
0.058
0.057
0.06
0.178
0.059
0.236
0.074
0.074
0.071
0.074
0.076
0.075
0.071
0.075
0.074
0.071
0.06
0.209
0.069
0.065
0.065
0.207
0.07
0.085
0.079
0.078
0.081
0.078
0.068
0.067
0.065
0.066
0.063
0.067
0.065
0.077
0.071
0.081
0.073
0.074
0.076
0.07
0.073
0.072
0.113
0.087
0.072
0.073
0.075
0.072
0.08
0.072
0.075
0.08
0.081
0.08
0.082
0.073
0.244
0.071
0.238
0.071
0.081
0.076
0.1
0.095
0.098
0.097
0.094
0.097
0.097
0.094
0.092
0.072
0.074
0.071
0.073
0.074
0.07
0.072
0.077
0.059
0.057
0.057
0.057
0.18
0.082
0.081
0.081
0.079
0.083
0.077
0.079
0.099
0.094
0.096
0.093
0.097
0.097
0.321
0.095
0.097
0.066
0.068
0.066
0.064
0.066
0.209
0.233
0.069
0.064
0.068
0.075
0.073
0.073
0.06
0.058
0.073
0.057
0.06
0.073
0.06
0.072
0.075
0.072
0.074
0.081
0.083
0.086
0.078
0.08
0.084
0.084
0.067
0.068
0.063
0.07
0.079
0.082
0.079
0.088
0.079
0.211
0.067
0.207
0.203
0.22
0.075
0.232
0.277
0.274
0.3
0.098
0.095
0.074
0.074
0.074
0.072
0.073
0.075
0.072
0.075
0.075
0.072
0.068
0.065
0.069
0.064
0.099
0.097
0.101
0.098
0.073
0.075
0.071
0.075
0.075
0.074
0.079
0.082
0.081
0.082
0.08
0.081
0.08
0.397
0.171
0.142
0.101
0.119
0.121
0.099
0.098
0.096
0.092
0.317
0.097
0.094
0.093
0.096
0.325
0.101
0.104
0.108
0.072
0.075
0.076
0.101
0.1
0.072
0.075
0.072
0.075
0.07
0.074
0.104
0.075
0.094
0.078
0.071
0.075
0.072
0.074
0.077
0.23
0.072
0.076
0.073
0.06
0.069
0.061
0.057
0.059
0.181
0.067
0.064
0.065
0.069
0.066
0.064
0.064
0.068
0.064
0.114
0.08
0.082
0.07
0.065
0.067
0.068
0.064
0.066
0.079
0.073
0.072
0.071
0.074
0.075
0.073
0.071
0.072
0.073
0.073
0.07
0.236
0.072
0.075
0.234
0.073
0.07
0.247
0.224
0.074
0.07
0.07
0.074
0.078
0.077
0.076
0.094
0.092
0.108
0.092
0.1
0.092
0.09
0.093
0.063
0.066
0.063
0.066
0.062
0.063
0.226
0.065
0.062
0.065
0.195
0.071
0.073
0.071
0.206
0.198
0.203
0.226
0.072
0.235
0.095
0.264
0.088
0.071
0.071
0.071
0.069
0.07
0.072
0.07
0.231
0.073
0.07
0.072
0.071
0.072
0.07
0.072
0.07
0.066
0.062
0.063
0.063
0.062
0.063
0.062
0.064
0.063
0.092
0.095
0.095
0.072
0.073
0.08
0.07
0.079
0.076
0.08
0.076
0.108
0.07
0.068
0.07
0.075
0.072
0.073
0.07
0.074
0.07
0.231
0.07
0.075
0.079
0.079
0.076
0.078
0.081
0.077
0.079
0.07
0.07
0.088
0.07
0.071
0.229
0.07
0.073
0.068
0.073
0.073
0.069
0.07
0.071
0.069
0.07
0.071
0.071
0.069
0.072
0.072
0.073
0.069
0.072
0.069
0.071
0.069
0.072
0.068
0.08
0.069
0.08
0.069
0.071
0.073
0.063
0.063
0.213
0.068
0.064
0.214
0.064
0.194
0.063
0.077
0.081
0.076
0.079
0.076
0.078
0.08
0.093
0.074
0.09
0.073
0.072
0.069
0.07
0.073
0.068
0.073
0.231
0.069
0.073
0.09
0.072
0.07
0.071
0.071
0.073
0.07
0.074
0.101
0.073
0.069
0.099
0.094
0.092
0.092
0.091
0.093
0.098
0.091
0.071
0.066
0.078
0.07
0.073
0.069
0.073
0.07
0.07
0.072
0.075
0.07
0.077
0.075
0.09
0.08
0.077
0.077
0.079
0.065
0.072
0.08
0.076
0.072
0.069
0.072
0.068
0.072
0.07
0.069
0.255
0.07
0.073
0.077
0.069
0.07
0.068
0.069
0.071
0.072
0.073
0.071
0.072
0.082
0.077
0.077
0.079
0.088
0.078
0.08
0.257
0.253
0.07
0.071
0.068
0.068
0.069
0.227
0.068
0.223
0.061
0.064
0.061
0.067
0.071
0.067
0.07
0.068
0.069
0.068
0.067
0.227
0.221
0.08
0.074
0.068
0.093
0.069
0.069
0.072
0.069
0.07
0.068
0.079
0.076
0.076
0.074
0.084
0.075
0.079
0.088
0.07
0.07
0.067
0.07
0.231
0.075
0.076
0.089
0.077
0.257
0.075
0.079
0.074
0.248
0.246
0.24
0.253
0.085
0.072
0.068
0.071
0.068
0.071
0.068
0.071
0.073
0.075
0.081
0.068
0.071
0.068
0.073
0.072
0.232
0.229
0.067
0.23
0.074
0.069
0.07
0.105
0.068
0.072
0.067
0.07
0.09
0.079
0.075
0.082
0.077
0.063
0.078
0.063
0.275
0.063
0.066
0.064
0.078
0.065
0.063
0.076
0.064
0.071
0.07
0.068
0.231
0.228
0.069
0.07
0.227
0.073
0.284
0.178
0.164
0.144
0.099
0.092
0.098
0.49
0.084
0.074
0.076
0.236
0.07
0.069
0.072
0.241
0.258
0.102
0.096
0.093
0.094
0.091
0.093
0.095
0.094
0.095
0.081
0.063
0.08
0.063
0.068
0.065
0.065
0.095
0.069
0.093
0.094
0.097
0.093
0.091
0.095
0.313
0.091
0.072
0.074
0.072
0.072
0.074
0.07
0.069
0.071
0.07
0.071
0.07
0.069
0.261
0.074
0.228
0.073
0.226
0.239
0.081
0.07
0.112
0.077
0.071
0.099
0.077
0.074
0.069
0.08
0.423
0.082
0.26
0.096
0.078
0.076
0.078
0.07
0.075
0.07
0.075
0.073
0.07
0.08
0.068
0.079
0.08
0.081
0.277
0.079
0.083
0.076
0.08
0.079
0.065
0.083
0.094
0.094
0.093
0.092
0.095
0.072
0.08
0.072
0.07
0.07
0.073
0.092
0.08
0.079
0.08
0.077
0.079
0.077
0.08
0.08
0.096
0.081
0.08
0.077
0.08
0.081
0.078
0.081
0.078
0.078
0.074
0.072
0.079
0.069
0.078
0.077
0.08
0.081
0.073
0.078
0.079
0.08
0.077
0.079
0.08
0.076
0.071
0.062
0.08
0.063
0.064
0.064
0.065
0.065
0.077
0.081
0.077
0.081
0.077
0.08
0.077
0.094
0.077
0.094
0.083
0.07
0.096
0.092
0.07
0.091
0.073
0.071
0.066
0.07
0.094
0.071
0.081
0.076
0.082
0.075
0.123
0.109
0.187
0.167
0.185
0.181
0.176
0.202
0.171
0.189
0.166
0.106
0.102
0.102
0.097
0.359
0.104
0.101
0.12
0.104
0.109
0.12
0.116
0.12
0.116
0.118
0.115
0.118
0.116
0.117
0.106
0.118
0.116
0.128
0.12
0.13
0.15
0.114
0.329
0.117
0.113
0.116
0.114
0.112
0.116
0.117
0.112
0.114
0.103
0.118
0.103
0.103
0.107
0.154
0.103
0.107
0.106
0.108
0.117
0.113
0.115
0.115
0.114
0.099
0.093
0.098
0.091
0.091
0.097
0.091
0.106
0.096
0.113
0.117
0.103
0.092
0.113
0.104
0.103
0.107
0.107
0.108
0.105
0.126
0.117
0.112
0.134
0.115
0.119
0.115
0.119
0.119
0.121
0.114
0.124
0.106
0.104
0.107
0.108
0.12
0.107
0.107
0.105
0.113
0.106
0.262
0.238
0.074
0.071
0.072
0.099
0.072
0.104
0.243
0.22
0.072
0.272
0.102
0.093
0.087
0.076
0.074
0.072
0.075
0.071
0.073
0.071
0.075
0.07
0.07
0.069
0.075
0.084
0.078
0.072
0.101
0.142
0.077
0.278
0.085
0.087
0.086
0.093
0.079
0.085
0.096
0.077
0.08
0.077
0.08
0.081
0.073
0.074
0.07
0.13
0.076
0.074
0.074
0.069
0.072
0.074
0.077
0.081
0.09
0.085
0.078
0.27
0.082
0.079
0.079
0.065
0.066
0.063
0.065
0.066
0.078
0.1
0.106
0.113
0.137
0.109
0.132
0.125
0.131
0.126
0.158
0.115
0.104
0.083
0.088
0.063
0.062
0.063
0.066
0.098
0.092
0.108
0.096
0.091
0.092
0.094
0.091
0.091
0.074
0.074
0.069
0.071
0.072
0.076
0.07
0.245
0.093
0.072
0.07
0.07
0.073
0.069
0.073
0.071
0.074
0.082
0.078
0.086
0.089
0.086
0.077
0.075
0.236
0.105
0.23
0.075
0.07
0.075
0.073
0.069
0.069
0.07
0.243
0.231
0.097
0.08
0.081
0.08
0.076
0.08
0.078
0.078
0.081
0.08
0.076
0.082
0.076
0.092
0.093
0.091
0.098
0.094
0.099
0.236
0.081
0.079
0.076
0.079
0.077
0.08
0.076
0.078
0.073
0.076
0.072
0.069
0.069
0.071
0.074
0.063
0.077
0.073
0.07
0.077
0.081
0.076
0.081
0.078
0.08
0.205
0.109
0.075
0.065
0.067
0.063
0.065
0.063
0.068
0.069
0.072
0.071
0.071
0.072
0.077
0.082
0.413
0.181
0.113
0.096
0.099
0.085
0.083
0.078
0.082
0.077
0.081
0.076
0.255
0.083
0.087
0.078
0.08
0.081
0.078
0.079
0.08
0.081
0.076
0.079
0.08
0.076
0.073
0.07
0.089
0.07
0.069
0.07
0.071
0.072
0.069
0.078
0.075
0.077
0.073
0.26
0.074
0.078
0.073
0.074
0.07
0.069
0.071
0.077
0.08
0.07
0.077
0.078
0.08
0.123
0.077
0.096
0.063
0.09
0.238
0.074
0.071
0.094
0.091
0.094
0.093
0.091
0.073
0.091
0.07
0.07
0.074
0.07
0.073
0.071
0.072
0.076
0.071
0.067
0.062
0.062
0.064
0.065
0.063
0.065
0.063
0.405
0.071
0.086
0.071
0.075
0.072
0.074
0.07
0.242
0.072
0.072
0.095
0.091
0.091
0.077
0.094
0.082
0.075
0.077
0.079
0.079
0.076
0.081
0.077
0.092
0.092
0.093
0.095
0.092
0.352
0.102
0.101
0.078
0.08
0.078
0.078
0.078
0.371
0.102
0.101
0.356
0.106
0.109
0.106
0.111
0.109
0.082
0.077
0.072
0.071
0.081
0.07
0.073
0.07
0.073
0.069
0.069
0.245
0.236
0.077
0.258
0.079
0.075
0.262
0.073
0.078
0.078
0.076
0.085
0.087
0.084
0.087
0.085
0.083
0.091
0.082
0.083
0.091
0.085
0.084
0.085
0.083
0.084
0.086
0.085
0.106
0.081
0.071
0.07
0.081
0.075
0.077
0.08
0.077
0.077
0.079
0.076
0.08
0.076
0.08
0.079
0.107
0.079
0.191
0.078
0.07
0.073
0.07
0.07
0.068
0.072
0.085
0.07
0.083
0.07
0.069
0.073
0.07
0.072
0.07
0.073
0.242
0.079
0.081
0.119
0.078
0.078
0.08
0.115
0.092
0.064
0.082
0.08
0.086
0.087
0.087
0.084
0.085
0.083
0.079
0.076
0.063
0.08
0.26
0.081
0.256
0.08
0.076
0.271
0.064
0.064
0.066
0.083
0.085
0.08
0.077
0.072
0.076
0.077
0.088
0.076
0.08
0.076
0.288
0.086
0.083
0.083
0.077
0.08
0.077
0.076
0.267
0.087
0.285
0.242
0.073
0.085
0.101
0.085
0.083
0.088
0.084
0.073
0.062
0.088
0.078
0.085
0.085
0.077
0.086
0.091
0.076
0.296
0.093
0.072
0.073
0.069
0.102
0.071
0.073
0.081
0.066
0.063
0.323
0.236
0.103
0.078
0.077
0.098
0.082
0.078
0.077
0.08
0.08
0.076
0.073
0.252
0.078
0.08
0.088
0.258
0.089
0.084
0.295
0.092
0.094
0.064
0.095
0.093
0.092
0.091
0.095
0.091
0.094
0.093
0.091
0.09
0.077
0.094
0.093
0.064
0.092
0.093
0.093
0.102
0.094
0.09
0.091
0.096
0.322
0.066
0.087
0.082
0.09
0.086
0.09
0.086
0.091
0.093
0.091
0.091
0.094
0.102
0.098
0.097
0.063
0.099
0.079
0.265
0.078
0.08
0.077
0.079
0.325
0.116
0.085
0.095
0.096
0.08
0.079
0.077
0.088
0.095
0.062
0.095
0.087
0.095
0.076
0.091
0.078
0.077
0.082
0.077
0.081
0.082
0.08
0.078
0.081
0.26
0.079
0.077
0.079
0.256
0.095
0.063
0.084
0.089
0.087
0.091
0.099
0.09
0.096
0.092
0.115
0.092
0.092
0.092
0.096
0.116
0.088
0.101
0.066
0.076
0.092
0.088
0.088
0.084
0.092
0.328
0.092
0.083
0.081
0.076
0.085
0.078
0.259
0.251
0.066
0.063
0.065
0.064
0.321
0.074
0.215
0.098
0.078
0.069
0.07
0.24
0.076
0.074
0.085
0.086
0.081
0.082
0.267
0.078
0.076
0.078
0.261
0.077
0.078
0.084
0.088
0.085
0.089
0.1
0.101
0.101
0.353
0.105
0.089
0.088
0.084
0.085
0.082
0.088
0.083
0.085
0.269
0.289
0.094
0.092
0.111
0.095
0.089
0.092
0.316
0.085
0.081
0.092
0.076
0.088
0.084
0.087
0.087
0.087
0.085
0.096
0.095
0.145
0.085
0.085
0.292
0.086
0.087
0.086
0.084
0.083
0.294
0.096
0.093
0.094
0.09
0.096
0.13
0.092
0.082
0.071
0.307
0.087
0.086
0.29
0.092
0.075
0.237
0.236
0.075
0.069
0.235
0.081
0.087
0.085
0.092
0.093
0.095
0.091
0.08
0.264
0.257
0.259
0.086
0.086
0.084
0.087
0.089
0.088
0.299
0.08
0.078
0.08
0.076
0.273
0.095
0.094
0.094
0.092
0.117
0.105
0.094
0.084
0.089
0.084
0.085
0.357
0.108
0.109
0.107
0.104
0.104
0.107
0.105
0.089
0.085
0.087
0.084
0.083
0.295
0.296
0.093
0.093
0.094
0.094
0.096
0.093
0.091
0.092
0.127
0.091
0.154
0.091
0.093
0.094
0.093
0.07
0.077
0.07
0.073
0.234
0.232
0.073
0.094
0.301
0.095
0.102
0.069
0.073
0.234
0.096
0.096
0.35
0.104
0.102
0.1
0.096
0.099
0.095
0.093
0.09
0.094
0.092
0.094
0.095
0.069
0.355
0.109
0.128
0.106
0.11
0.376
0.081
0.077
0.076
0.092
0.091
0.078
0.079
0.093
0.096
0.078
0.079
0.095
0.095
0.092
0.08
0.094
0.091
0.094
0.093
0.09
0.092
0.094
0.092
0.093
0.094
0.086
0.092
0.094
0.116
0.07
0.092
0.094
0.097
0.32
0.094
0.09
0.092
0.096
0.09
0.314
0.348
0.1
0.103
0.1
0.37
0.08
0.104
0.388
0.081
0.078
0.081
0.078
0.08
0.089
0.096
0.07
0.074
0.241
0.077
0.082
0.078
0.082
0.066
0.065
0.067
0.063
0.204
0.067
0.117
0.107
0.093
0.095
0.091
0.091
0.096
0.086
0.205
0.101
0.102
0.101
0.344
0.107
0.107
0.108
0.095
0.117
0.098
0.07
0.073
0.07
0.072
0.069
0.072
0.071
0.073
0.079
0.064
0.062
0.067
0.066
0.206
0.064
0.094
0.093
0.092
0.326
0.099
0.1
0.139
0.105
0.065
0.242
0.212
0.069
0.072
0.07
0.071
0.07
0.073
0.24
0.079
0.077
0.08
0.106
0.096
0.077
0.086
0.083
0.084
0.086
0.083
0.095
0.098
0.089
0.088
0.127
0.085
0.086
0.084
0.086
0.084
0.089
0.107
0.091
0.079
0.08
0.078
0.08
0.08
0.125
0.107
0.078
0.112
0.093
0.096
0.093
0.091
0.09
0.094
0.095
0.091
0.101
0.101
0.101
0.331
0.101
0.099
0.085
0.119
0.107
0.091
0.088
0.089
0.092
0.094
0.096
0.092
0.091
0.092
0.096
0.096
0.093
0.114
0.091
0.091
0.096
0.077
0.081
0.077
0.081
0.077
0.086
0.085
0.088
0.102
0.102
0.099
0.098
0.145
0.1
0.099
0.066
0.063
0.066
0.064
0.063
0.068
0.063
0.066
0.206
0.08
0.067
0.063
0.344
0.522
0.146
0.547
0.072
0.068
0.105
0.101
0.102
0.102
0.101
0.103
0.151
0.086
0.089
0.088
0.089
0.084
0.085
0.086
0.085
0.085
0.083
0.103
0.104
0.099
0.102
0.097
0.08
0.08
0.08
0.079
0.08
0.08
0.095
0.319
0.091
0.091
0.095
0.091
0.093
0.103
0.104
0.099
0.099
0.102
0.101
0.098
0.103
0.099
0.097
0.108
0.105
0.109
0.11
0.106
0.106
0.108
0.087
0.083
0.085
0.085
0.085
0.085
0.087
0.079
0.076
0.078
0.088
0.091
0.071
0.076
0.071
0.07
0.073
0.073
0.086
0.087
0.085
0.088
0.084
0.086
0.09
0.093
0.084
0.091
0.094
0.318
0.087
0.093
0.091
0.096
0.094
0.333
0.094
0.093
0.078
0.08
0.083
0.077
0.081
0.077
0.08
0.073
0.234
0.088
0.232
0.08
0.076
0.08
0.076
0.078
0.089
0.087
0.087
0.085
0.082
0.067
0.063
0.063
0.243
0.071
0.072
0.068
0.069
0.119
0.108
0.108
0.234
0.072
0.103
0.101
0.079
0.073
0.099
0.103
0.101
0.1
0.098
0.097
0.083
0.077
0.079
0.077
0.077
0.256
0.083
0.077
0.262
0.101
0.101
0.1
0.101
0.098
0.1
0.103
0.101
0.085
0.088
0.092
0.095
0.09
0.093
0.095
0.09
0.094
0.093
0.11
0.109
0.072
0.07
0.073
0.076
0.084
0.087
0.083
0.082
0.087
0.083
0.087
0.084
0.088
0.1
0.1
0.101
0.1
0.098
0.099
0.1
0.101
0.091
0.316
0.09
0.093
0.095
0.116
0.15
0.091
0.098
0.085
0.094
0.081
0.071
0.079
0.079
0.079
0.27
0.29
0.087
0.069
0.09
0.083
0.088
0.086
0.09
0.085
0.088
0.085
0.084
0.088
0.108
0.11
0.107
0.109
0.103
0.108
0.108
0.108
0.098
0.099
0.1
0.098
0.099
0.095
0.096
0.069
0.072
0.07
0.087
0.091
0.088
0.087
0.087
0.079
0.08
0.095
0.078
0.088
0.088
0.085
0.088
0.085
0.085
0.066
0.063
0.087
0.085
0.085
0.086
0.083
0.087
0.088
0.085
0.083
0.088
0.089
0.076
0.064
0.11
0.108
0.111
0.109
0.092
0.095
0.089
0.085
0.088
0.083
0.086
0.107
0.089
0.091
0.094
0.092
0.076
0.095
0.094
0.094
0.077
0.078
0.079
0.093
0.081
0.078
0.081
0.077
0.082
0.077
0.09
0.074
0.108
0.108
0.104
0.112
0.108
0.107
0.107
0.105
0.108
0.108
0.107
0.105
0.109
0.109
0.109
0.103
0.089
0.085
0.089
0.088
0.087
0.089
0.086
0.066
0.063
0.067
0.062
0.067
0.085
0.065
0.088
0.066
0.088
0.086
0.096
0.094
0.106
0.116
0.106
0.071
0.073
0.07
0.071
0.074
0.074
0.087
0.081
0.076
0.079
0.08
0.079
0.078
0.08
0.086
0.086
0.085
0.066
0.063
0.065
0.063
0.063
0.062
0.065
0.062
0.062
0.109
0.108
0.109
0.106
0.083
0.086
0.087
0.085
0.105
0.083
0.085
0.077
0.078
0.078
0.094
0.094
0.122
0.099
0.097
0.09
0.084
0.087
0.084
0.086
0.084
0.085
0.087
0.084
0.087
0.087
0.077
0.086
0.08
0.079
0.082
0.076
0.081
0.076
0.081
0.081
0.075
0.082
0.085
0.096
0.077
0.082
0.077
0.083
0.258
0.099
0.098
0.092
0.086
0.087
0.084
0.07
0.065
0.062
0.064
0.064
0.068
0.087
0.064
0.096
0.091
0.094
0.094
0.09
0.094
0.068
0.062
0.066
0.212
0.07
0.228
0.072
0.11
0.109
0.107
0.105
0.109
0.107
0.141
0.104
0.079
0.078
0.077
0.082
0.077
0.077
0.077
0.08
0.08
0.08
0.078
0.104
0.108
0.107
0.107
0.107
0.108
0.093
0.096
0.131
0.091
0.09
0.093
0.096
0.092
0.086
0.087
0.087
0.082
0.086
0.085
0.087
0.085
0.08
0.08
0.077
0.08
0.08
0.077
0.075
0.105
0.109
0.105
0.104
0.105
0.108
0.093
0.097
0.092
0.094
0.092
0.094
0.093
0.09
0.094
0.094
0.091
0.118
0.096
0.101
0.092
0.093
0.094
0.093
0.077
0.08
0.079
0.08
0.076
0.078
0.076
0.077
0.11
0.108
0.11
0.129
0.108
0.108
0.107
0.108
0.076
0.078
0.11
0.071
0.07
0.07
0.072
0.069
0.074
0.073
0.07
0.07
0.074
0.07
0.066
0.066
0.074
0.232
0.073
0.07
0.231
0.255
0.076
0.064
0.074
0.07
0.071
0.073
0.073
0.069
0.075
0.073
0.072
0.126
0.084
0.083
0.086
0.083
0.084
0.087
0.078
0.08
0.08
0.079
0.081
0.077
0.078
0.076
0.081
0.079
0.078
0.079
0.077
0.078
0.071
0.073
0.071
0.072
0.073
0.07
0.093
0.092
0.089
0.094
0.094
0.091
0.093
0.08
0.076
0.078
0.087
0.084
0.088
0.083
0.087
0.074
0.07
0.072
0.07
0.099
0.105
0.092
0.088
0.087
0.093
0.09
0.085
0.088
0.083
0.088
0.079
0.079
0.076
0.079
0.08
0.081
0.077
0.08
0.077
0.116
0.082
0.078
0.078
0.08
0.077
0.096
0.08
0.083
0.083
0.078
0.079
0.08
0.081
0.093
0.065
0.067
0.064
0.064
0.066
0.065
0.074
0.074
0.075
0.082
0.08
0.077
0.08
0.079
0.08
0.081
0.078
0.082
0.106
0.107
0.085
0.086
0.107
0.089
0.089
0.102
0.104
0.099
0.063
0.063
0.066
0.064
0.062
0.101
0.082
0.082
0.08
0.099
0.096
0.097
0.099
0.096
0.099
0.094
0.089
0.092
0.097
0.082
0.082
0.079
0.072
0.095
0.078
0.071
0.075
0.073
0.075
0.087
0.08
0.079
0.092
0.088
0.087
0.096
0.094
0.097
0.094
0.096
0.096
0.066
0.069
0.065
0.107
0.105
0.1
0.084
0.101
0.101
0.084
0.103
0.08
0.08
0.081
0.08
0.101
0.102
0.102
0.101
0.084
0.097
0.083
0.08
0.081
0.078
0.081
0.099
0.1
0.095
0.088
0.085
0.086
0.089
0.09
0.087
0.089
0.079
0.076
0.077
0.101
0.11
0.098
0.098
0.093
0.094
0.098
0.067
0.063
0.064
0.088
0.066
0.065
0.066
0.076
0.072
0.074
0.073
0.075
0.073
0.074
0.072
0.076
0.076
0.105
0.077
0.071
0.071
0.076
0.072
0.065
0.068
0.065
0.075
0.079
0.082
0.079
0.072
0.072
0.072
0.075
0.072
0.073
0.072
0.099
0.094
0.111
0.088
0.087
0.085
0.087
0.089
0.09
0.087
0.081
0.087
0.087
0.09
0.089
0.087
0.09
0.088
0.089
0.085
0.089
0.073
0.072
0.072
0.07
0.075
0.269
0.121
0.113
0.378
0.136
0.111
0.106
0.112
0.144
0.139
0.139
0.141
0.142
0.109
0.107
0.111
0.157
0.131
0.113
0.097
0.098
0.097
0.136
0.132
0.126
0.13
0.129
0.136
0.131
0.149
0.129
0.128
0.132
0.126
0.134
0.129
0.122
0.124
0.122
0.12
0.122
0.12
0.119
0.122
0.115
0.117
0.125
0.108
0.353
0.106
0.13
0.3
0.112
0.107
0.09
0.091
0.091
0.139
0.207
0.065
0.067
0.063
0.071
0.062
0.067
0.062
0.08
0.077
0.077
0.077
0.075
0.072
0.075
0.073
0.069
0.073
0.077
0.07
0.07
0.078
0.079
0.076
0.078
0.082
0.08
0.077
0.093
0.071
0.235
0.081
0.09
0.232
0.232
0.228
0.074
0.108
0.093
0.098
0.09
0.092
0.096
0.09
0.094
0.088
0.084
0.087
0.083
0.089
0.081
0.077
0.083
0.08
0.078
0.08
0.075
0.078
0.091
0.089
0.082
0.084
0.088
0.083
0.085
0.082
0.09
0.077
0.085
0.076
0.079
0.074
0.07
0.071
0.07
0.072
0.069
0.069
0.07
0.26
0.072
0.069
0.23
0.072
0.235
0.114
0.086
0.076
0.078
0.085
0.084
0.086
0.085
0.085
0.087
0.084
0.084
0.08
0.082
0.077
0.079
0.081
0.077
0.08
0.08
0.079
0.07
0.073
0.07
0.069
0.072
0.075
0.07
0.071
0.072
0.07
0.069
0.238
0.079
0.08
0.087
0.084
0.089
0.09
0.087
0.085
0.111
0.095
0.096
0.092
0.094
0.095
0.094
0.093
0.092
0.103
0.095
0.095
0.092
0.091
0.093
0.091
0.094
0.093
0.093
0.09
0.093
0.092
0.095
0.093
0.09
0.323
0.098
0.081
0.078
0.078
0.077
0.081
0.077
0.077
0.08
0.077
0.065
0.065
0.068
0.063
0.082
0.077
0.08
0.064
0.066
0.062
0.061
0.082
0.063
0.223
0.063
0.063
0.07
0.069
0.07
0.073
0.07
0.09
0.084
0.084
0.087
0.073
0.07
0.069
0.069
0.074
0.07
0.072
0.07
0.073
0.106
0.075
0.069
0.073
0.069
0.069
0.073
0.068
0.072
0.069
0.075
0.068
0.074
0.073
0.07
0.08
0.078
0.077
0.081
0.077
0.077
0.08
0.087
0.083
0.084
0.084
0.083
0.087
0.09
0.087
0.096
0.071
0.073
0.069
0.073
0.08
0.076
0.077
0.079
0.076
0.088
0.087
0.083
0.086
0.083
0.086
0.083
0.081
0.075
0.069
0.071
0.07
0.07
0.07
0.07
0.072
0.07
0.073
0.069
0.068
0.117
0.066
0.063
0.066
0.063
0.066
0.062
0.065
0.082
0.076
0.079
0.083
0.083
0.086
0.089
0.083
0.087
0.08
0.08
0.077
0.076
0.078
0.092
0.095
0.093
0.091
0.094
0.093
0.09
0.078
0.079
0.077
0.08
0.075
0.078
0.078
0.08
0.246
0.09
0.091
0.092
0.091
0.094
0.101
0.093
0.094
0.072
0.071
0.069
0.071
0.074
0.072
0.076
0.07
0.105
0.07
0.072
0.106
0.073
0.082
0.082
0.076
0.078
0.078
0.077
0.079
0.08
0.077
0.08
0.08
0.078
0.096
0.08
0.073
0.073
0.071
0.069
0.069
0.071
0.069
0.072
0.075
0.063
0.063
0.067
0.062
0.063
0.062
0.196
0.096
0.087
0.09
0.086
0.084
0.109
0.087
0.084
0.09
0.083
0.288
0.086
0.086
0.084
0.284
0.087
0.085
0.083
0.292
0.285
0.085
0.071
0.075
0.072
0.074
0.069
0.072
0.074
0.078
0.213
0.087
0.1
0.078
0.082
0.105
0.08
0.103
0.082
0.092
0.081
0.078
0.083
0.081
0.249
0.08
0.076
0.085
0.078
0.077
0.078
0.081
0.077
0.08
0.084
0.086
0.076
0.075
0.094
0.093
0.096
0.091
0.09
0.097
0.091
0.072
0.072
0.071
0.074
0.068
0.073
0.07
0.073
0.069
0.072
0.073
0.07
0.072
0.073
0.07
0.072
0.072
0.076
0.081
0.076
0.08
0.077
0.079
0.08
0.076
0.079
0.064
0.073
0.069
0.064
0.065
0.064
0.062
0.072
0.103
0.09
0.078
0.087
0.077
0.089
0.087
0.081
0.084
0.085
0.083
0.084
0.079
0.077
0.067
0.062
0.063
0.066
0.064
0.062
0.061
0.063
0.102
0.091
0.094
0.094
0.091
0.094
0.093
0.092
0.094
0.086
0.087
0.082
0.072
0.293
0.159
0.169
0.256
0.083
0.072
0.072
0.082
0.081
0.069
0.08
0.085
0.077
0.072
0.072
0.07
0.072
0.086
0.097
0.083
0.085
0.086
0.088
0.084
0.087
0.074
0.074
0.069
0.072
0.233
0.069
0.072
0.231
0.079
0.07
0.08
0.064
0.062
0.062
0.062
0.064
0.064
0.065
0.096
0.093
0.076
0.093
0.096
0.097
0.092
0.076
0.079
0.078
0.091
0.095
0.077
0.079
0.077
0.079
0.093
0.071
0.071
0.072
0.07
0.07
0.072
0.226
0.08
0.078
0.079
0.08
0.143
0.078
0.08
0.078
0.081
0.08
0.077
0.106
0.078
0.074
0.069
0.079
0.07
0.074
0.07
0.105
0.076
0.062
0.065
0.065
0.088
0.082
0.086
0.087
0.083
0.087
0.169
0.141
0.137
0.155
0.163
0.131
0.139
0.109
0.109
0.117
0.114
0.116
0.109
0.114
0.112
0.109
0.35
0.379
0.109
0.11
0.109
0.109
0.115
0.36
0.113
0.114
0.111
0.111
0.11
0.142
0.131
0.135
0.139
0.137
0.13
0.156
0.147
0.131
0.134
0.121
0.124
0.123
0.124
0.147
0.144
0.165
0.147
0.104
0.097
0.109
0.117
0.131
0.107
0.112
0.125
0.12
0.148
0.126
0.12
0.125
0.152
0.149
0.135
0.131
0.12
0.109
0.172
0.107
0.11
0.105
0.107
0.104
0.153
0.155
0.13
0.128
0.147
0.133
0.151
0.115
0.12
0.153
0.117
0.101
0.098
0.099
0.11
0.112
0.108
0.11
0.124
0.128
0.129
0.13
0.151
0.14
0.145
0.164
0.144
0.114
0.101
0.094
0.1
0.116
0.109
0.109
0.106
0.108
0.104
0.135
0.107
0.14
0.143
0.139
0.136
0.167
0.142
0.142
0.135
0.11
0.111
0.127
0.108
0.11
0.108
0.117
0.12
0.139
0.122
0.127
0.122
0.122
0.121
0.116
0.121
0.117
0.12
0.134
0.126
0.149
0.131
0.118
0.116
0.118
0.138
0.112
0.12
0.115
0.134
0.144
0.132
0.129
0.126
0.124
0.133
0.151
0.097
0.134
0.097
0.1
0.124
0.098
0.118
0.117
0.12
0.117
0.15
0.1
0.128
0.131
0.145
0.122
0.13
0.115
0.138
0.153
0.129
0.131
0.126
0.129
0.124
0.131
0.152
0.124
0.128
0.129
0.151
0.128
0.129
0.134
0.122
0.117
0.115
0.118
0.148
0.125
0.118
0.113
0.119
0.14
0.12
0.113
0.121
0.096
0.092
0.099
0.098
0.097
0.123
0.096
0.109
0.125
0.105
0.103
0.102
0.218
0.176
0.101
0.134
0.148
0.122
0.125
0.121
0.127
0.095
0.093
0.092
0.092
0.32
0.097
0.091
0.307
0.105
0.111
0.108
0.132
0.102
0.11
0.106
0.14
0.134
0.137
0.136
0.139
0.198
0.23
0.226
0.171
0.109
0.1
0.108
0.109
0.153
0.118
0.12
0.117
0.118
0.149
0.149
0.106
0.108
0.13
0.148
0.113
0.113
0.11
0.115
0.113
0.112
0.151
0.135
0.146
0.149
0.293
0.258
0.193
0.165
0.173
0.102
0.085
0.085
0.092
0.092
0.084
0.083
0.082
0.084
0.083
0.085
0.081
0.081
0.086
0.082
0.083
0.083
0.084
0.083
0.081
0.079
0.074
0.078
0.074
0.075
0.077
0.075
0.078
0.077
0.074
0.074
0.075
0.076
0.075
0.069
0.071
0.067
0.071
0.067
0.068
0.071
0.069
0.069
0.068
0.071
0.067
0.068
0.067
0.091
0.09
0.093
0.092
0.088
0.09
0.084
0.082
0.085
0.084
0.083
0.083
0.082
0.082
0.064
0.085
0.068
0.061
0.064
0.062
0.06
0.062
0.077
0.076
0.075
0.073
0.078
0.078
0.065
0.061
0.063
0.061
0.064
0.064
0.075
0.078
0.075
0.082
0.073
0.067
0.071
0.068
0.068
0.066
0.068
0.069
0.075
0.078
0.074
0.077
0.074
0.077
0.075
0.071
0.068
0.071
0.068
0.073
0.077
0.076
0.094
0.093
0.096
0.092
0.092
0.08
0.075
0.117
0.078
0.079
0.068
0.07
0.069
0.072
0.068
0.07
0.067
0.071
0.069
0.072
0.068
0.084
0.083
0.084
0.083
0.085
0.082
0.083
0.083
0.072
0.068
0.069
0.068
0.07
0.068
0.071
0.077
0.075
0.078
0.081
0.075
0.075
0.079
0.076
0.069
0.071
0.071
0.071
0.069
0.072
0.069
0.067
0.067
0.071
0.069
0.071
0.072
0.082
0.085
0.086
0.104
0.082
0.085
0.082
0.066
0.065
0.062
0.061
0.064
0.062
0.061
0.062
0.069
0.068
0.072
0.071
0.067
0.07
0.069
0.072
0.083
0.081
0.085
0.082
0.085
0.061
0.067
0.062
0.076
0.078
0.076
0.076
0.078
0.09
0.091
0.093
0.089
0.089
0.088
0.091
0.089
0.076
0.077
0.075
0.078
0.075
0.075
0.083
0.075
0.073
0.069
0.071
0.068
0.069
0.068
0.068
0.069
0.079
0.076
0.078
0.075
0.079
0.078
0.075
0.085
0.084
0.082
0.082
0.084
0.083
0.084
0.082
0.077
0.075
0.078
0.096
0.077
0.091
0.082
0.085
0.083
0.085
0.082
0.085
0.085
0.082
0.071
0.068
0.072
0.068
0.069
0.069
0.069
0.071
0.072
0.08
0.074
0.078
0.075
0.077
0.062
0.063
0.065
0.062
0.064
0.085
0.085
0.082
0.075
0.072
0.072
0.068
0.07
0.076
0.078
0.077
0.075
0.078
0.079
0.075
0.076
0.078
0.069
0.072
0.066
0.071
0.067
0.072
0.069
0.068
0.074
0.069
0.069
0.073
0.076
0.073
0.068
0.072
0.071
0.069
0.096
0.062
0.061
0.06
0.062
0.064
0.061
0.064
0.06
0.062
0.081
0.078
0.075
0.077
0.075
0.074
0.075
0.076
0.074
0.068
0.071
0.068
0.072
0.07
0.075
0.077
0.074
0.075
0.087
0.085
0.082
0.08
0.086
0.086
0.084
0.075
0.098
0.079
0.082
0.078
0.077
0.078
0.08
0.074
0.068
0.069
0.067
0.069
0.068
0.067
0.067
0.067
0.071
0.095
0.067
0.086
0.074
0.085
0.09
0.071
0.063
0.085
0.063
0.081
0.079
0.062
0.084
0.061
0.066
0.068
0.063
0.075
0.065
0.061
0.068
0.07
0.07
0.071
0.067
0.092
0.067
0.069
0.071
0.085
0.231
0.223
0.222
0.072
0.067
0.071
0.09
0.086
0.085
0.069
0.091
0.075
0.076
0.079
0.084
0.083
0.085
0.082
0.086
0.088
0.068
0.09
0.091
0.091
0.076
0.071
0.075
0.094
0.095
0.094
0.076
0.073
0.083
0.092
0.095
0.093
0.104
0.091
0.091
0.095
0.093
0.09
0.07
0.072
0.069
0.069
0.068
0.094
0.078
0.08
0.076
0.08
0.077
0.067
0.083
0.086
0.076
0.073
0.078
0.074
0.084
0.066
0.094
0.081
0.07
0.069
0.07
0.088
0.07
0.075
0.09
0.073
0.075
0.072
0.073
0.072
0.072
0.069
0.093
0.092
0.092
0.094
0.07
0.074
0.091
0.079
0.079
0.075
0.076
0.082
0.07
0.094
0.079
0.077
0.076
0.079
0.233
0.091
0.229
0.07
0.096
0.096
0.077
0.079
0.078
0.102
0.078
0.079
0.086
0.085
0.086
0.084
0.087
0.086
0.085
0.085
0.084
0.073
0.073
0.102
0.086
0.089
0.085
0.083
0.083
0.217
0.071
0.071
0.077
0.087
0.231
0.108
0.083
0.085
0.083
0.079
0.082
0.079
0.078
0.076
0.08
0.099
0.137
0.1
0.098
0.098
0.316
0.072
0.073
0.073
0.073
0.254
0.244
0.07
0.07
0.066
0.084
0.079
0.071
0.068
0.072
0.072
0.068
0.088
0.071
0.072
0.101
0.066
0.063
0.088
0.063
0.064
0.062
0.067
0.061
0.079
0.108
0.097
0.102
0.171
0.111
0.098
0.344
0.229
0.074
0.089
0.072
0.075
0.095
0.095
0.093
0.095
0.092
0.094
0.126
0.079
0.084
0.09
0.071
0.079
0.08
0.076
0.076
0.077
0.095
0.091
0.085
0.085
0.081
0.088
0.081
0.084
0.07
0.103
0.08
0.078
0.082
0.077
0.079
0.075
0.08
0.087
0.076
0.08
0.073
0.074
0.078
0.075
0.086
0.09
0.084
0.081
0.082
0.074
0.07
0.072
0.068
0.07
0.074
0.07
0.069
0.083
0.077
0.087
0.083
0.072
0.091
0.091
0.092
0.074
0.091
0.083
0.092
0.087
0.081
0.085
0.084
0.091
0.081
0.106
0.099
0.086
0.065
0.089
0.074
0.069
0.087
0.075
0.077
0.115
0.113
0.095
0.091
0.127
0.075
0.076
0.114
0.103
0.096
0.12
0.139
0.135
0.124
0.119
0.115
0.113
0.111
0.149
0.154
0.155
0.147
0.101
0.134
0.168
0.16
0.199
0.2
0.145
0.199
0.104
0.123
0.132
0.138
0.128
0.109
0.17
0.233
0.134
0.197
0.183
0.136
0.428
0.102
0.348
0.101
0.11
0.108
0.133
0.134
0.17
0.157
0.169
0.219
0.115
0.101
0.159
0.109
0.099
0.13
0.112
0.12
0.109
0.146
0.136
0.128
0.134
0.11
0.119
0.095
0.116
0.098
0.118
0.114
0.378
0.149
0.518
0.157
0.113
0.139
0.135
0.127
0.128
0.125
0.126
0.128
0.137
0.165
0.142
0.402
0.132
0.186
0.152
0.173
0.152
0.161
0.133
0.143
0.116
0.146
0.662
0.183
0.171
0.13
0.151
0.502
0.148
0.158
0.144
0.543
0.23
0.134
0.128
0.113
0.126
0.121
0.128
0.129
0.113
0.148
0.146
0.145
0.155
0.153
0.129
0.126
0.123
0.119
0.132
0.133
0.106
0.121
0.16
0.321
0.18
0.14
0.123
0.166
0.145
0.152
0.174
0.156
0.147
0.155
0.121
0.121
0.41
0.566
0.123
0.391
0.112
0.122
0.408
0.147
0.166
0.13
0.116
0.107
0.112
0.112
0.112
0.111
0.108
0.384
0.402
0.121
0.111
0.113
0.11
0.128
0.122
0.122
0.143
0.139
0.132
0.13
0.135
0.133
0.13
0.134
0.133
0.133
0.127
0.13
0.131
0.119
0.128
0.146
0.127
0.13
0.119
0.128
0.116
0.12
0.12
0.124
0.12
0.122
0.124
0.126
0.117
0.144
0.135
0.121
0.148
0.162
0.119
0.137
0.137
0.13
0.136
0.134
0.13
0.138
0.114
0.11
0.13
0.112
0.132
0.084
0.077
0.077
0.076
0.081
0.095
0.088
0.133
0.111
0.101
0.144
0.107
0.099
0.1
0.098
0.07
0.075
0.073
0.067
0.224
0.222
0.071
0.067
0.145
0.269
0.079
0.089
0.094
0.09
0.088
0.09
0.075
0.25
0.075
0.08
0.082
0.076
0.264
0.076
0.097
0.091
0.096
0.096
0.085
0.086
0.15
0.1
0.094
0.103
0.105
0.107
0.103
0.112
0.101
0.103
0.355
0.077
0.075
0.246
0.076
0.114
0.095
0.075
0.079
0.075
0.075
0.255
0.088
0.087
0.111
0.131
0.181
0.129
0.133
0.132
0.132
0.127
0.142
0.138
0.146
0.141
0.138
0.145
0.152
0.131
0.154
0.146
0.142
0.136
0.143
0.153
0.477
0.156
0.13
0.133
0.131
0.136
0.141
0.167
0.135
0.464
0.351
0.125
0.118
0.123
0.125
0.14
0.125
0.125
0.135
0.14
0.133
0.138
0.137
0.141
0.138
0.441
0.125
0.158
0.152
0.151
0.15
0.144
0.149
0.15
0.143
0.129
0.126
0.125
0.146
0.126
0.228
0.11
0.095
0.099
0.097
0.099
0.09
0.09
0.306
0.095
0.325
0.77
0.224
0.94
0.249
0.133
0.138
0.242
0.167
0.142
0.133
0.134
0.458
0.132
0.454
0.147
0.144
0.515
0.182
0.176
0.123
0.15
0.17
0.159
0.165
0.158
0.155
0.161
0.526
0.522
0.163
0.166
0.568
0.175
0.153
0.165
0.128
0.16
0.155
0.154
0.512
0.162
0.148
0.146
0.14
0.133
0.143
0.136
0.44
0.143
0.506
0.135
0.1
0.131
0.119
0.095
0.097
0.35
0.096
0.102
0.109
0.089
0.092
0.088
0.091
0.096
0.092
0.089
0.304
0.299
0.09
0.089
0.092
0.1
0.086
0.281
0.088
0.087
0.089
0.109
0.093
0.132
0.105
0.106
0.108
0.115
0.107
0.106
0.111
0.106
0.104
0.107
0.083
0.083
0.101
0.102
0.081
0.085
0.082
0.08
0.081
0.081
0.084
0.079
0.271
0.109
0.104
0.109
0.109
0.114
0.08
0.088
0.082
0.084
0.265
0.101
0.096
0.091
0.099
0.093
0.092
0.1
0.11
0.261
0.099
0.147
0.149
0.146
0.145
0.144
0.104
0.103
0.095
0.113
0.097
0.091
0.1
0.098
0.141
0.112
0.082
0.107
0.107
0.103
0.102
0.092
0.094
0.303
0.094
0.094
0.088
0.089
0.12
0.089
0.094
0.085
0.105
0.104
0.094
0.11
0.096
0.098
0.101
0.099
0.096
0.095
0.1
0.098
0.1
0.091
0.096
0.116
0.09
0.106
0.1
0.097
0.083
0.099
0.096
0.091
0.081
0.084
0.081
0.08
0.085
0.269
0.084
0.093
0.083
0.083
0.097
0.091
0.106
0.108
0.265
0.286
0.086
0.085
0.089
0.088
0.085
0.107
0.086
0.088
0.11
0.111
0.08
0.084
0.102
0.083
0.083
0.267
0.1
0.103
0.099
0.103
0.1
0.101
0.1
0.104
0.158
0.152
0.471
0.166
0.144
0.151
0.174
0.149
0.136
0.139
0.136
0.137
0.136
0.144
0.164
0.166
0.162
0.154
0.146
0.148
0.15
0.145
0.155
0.163
0.123
0.141
0.184
0.161
0.159
0.146
0.153
0.605
0.095
0.086
0.113
0.084
0.108
0.386
0.112
0.108
0.086
0.11
0.103
0.097
0.084
0.085
0.083
0.088
0.083
0.085
0.083
0.085
0.114
0.088
0.094
0.086
0.113
0.11
0.296
0.1
0.113
0.107
0.133
0.106
0.095
0.096
0.09
0.087
0.09
0.114
0.113
0.108
0.39
0.412
0.492
0.13
0.129
0.254
0.205
0.126
0.126
0.102
0.09
0.109
0.098
0.09
0.096
0.129
0.096
0.092
0.094
0.095
0.346
0.107
0.106
0.097
0.094
0.134
0.105
0.172
0.165
0.117
0.106
0.091
0.097
0.095
0.099
0.104
0.096
0.105
0.099
0.112
0.111
0.095
0.097
0.2
0.131
0.164
0.102
0.087
0.359
0.107
0.173
0.179
0.416
0.111
0.112
0.106
0.095
0.114
0.107
0.163
0.175
0.137
0.169
0.157
0.159
0.098
0.095
0.119
0.112
0.158
0.474
0.13
0.123
0.128
0.123
0.127
0.429
0.142
0.154
0.165
0.141
0.152
0.159
0.152
0.138
0.094
0.091
0.316
0.147
0.083
0.275
0.081
0.103
0.399
0.314
0.09
0.108
0.091
0.093
0.299
0.101
0.35
0.34
0.339
0.1
0.101
0.099
0.094
0.09
0.092
0.108
0.1
0.173
0.103
0.126
0.137
0.128
0.127
0.694
0.188
0.68
0.201
0.156
0.153
0.141
0.191
0.156
0.165
0.166
0.14
0.14
0.168
0.143
0.162
0.217
0.144
0.165
0.165
0.141
0.482
0.155
0.191
0.156
0.158
0.507
0.163
0.151
0.154
0.127
0.139
0.157
0.167
0.166
0.584
0.604
0.174
0.627
0.176
0.17
0.163
0.15
0.178
0.177
0.223
0.434
0.851
0.196
0.183
0.311
0.103
0.353
0.109
0.109
0.111
0.107
0.451
0.109
0.113
0.106
0.106
0.106
0.1
0.099
0.099
0.084
0.133
0.704
0.206
0.194
0.19
0.194
0.184
0.186
0.14
0.198
0.146
0.138
0.128
0.131
0.126
0.129
0.124
0.131
0.123
0.128
0.158
0.142
0.147
0.135
0.121
0.454
0.415
0.096
0.096
0.096
0.1
0.091
0.094
0.081
0.134
0.075
0.135
0.133
0.105
0.463
0.074
0.105
0.102
0.351
0.341
0.107
0.127
0.385
0.147
0.113
0.113
0.106
0.093
0.102
0.102
0.101
0.104
0.098
0.091
0.114
0.103
0.195
0.14
0.134
0.115
0.11
0.109
0.113
0.111
0.108
0.105
0.099
0.104
0.103
0.096
0.307
0.166
0.119
0.336
0.076
0.077
0.074
0.078
0.078
0.117
0.111
0.105
0.104
0.108
0.1
0.101
0.099
0.126
0.126
0.129
0.118
0.092
0.097
0.163
0.131
0.118
0.131
0.118
0.114
0.109
0.106
0.111
0.111
0.103
0.114
0.325
0.113
0.107
0.112
0.113
0.111
0.112
0.107
0.107
0.109
0.076
0.107
0.123
0.118
0.311
0.186
0.115
0.077
0.08
0.075
0.101
0.108
0.103
0.117
0.106
0.117
0.119
0.113
0.109
0.104
0.14
0.117
0.131
0.128
0.103
0.113
0.106
0.1
0.102
0.356
0.104
0.099
0.098
0.102
0.104
0.154
0.113
0.114
0.091
0.093
0.093
0.094
0.093
0.118
0.381
0.078
0.101
0.097
0.092
0.106
0.1
0.101
0.091
0.094
0.112
0.11
0.363
0.103
0.111
0.121
0.111
0.118
0.121
0.111
0.116
0.117
0.113
0.118
0.153
0.117
0.111
0.426
0.092
0.103
0.111
0.111
0.076
0.103
0.12
0.099
0.109
0.108
0.11
0.108
0.109
0.121
0.103
0.103
0.098
0.102
0.12
0.096
0.107
0.106
0.114
0.115
0.121
0.103
0.076
0.105
0.1
0.103
0.097
0.101
0.102
0.137
0.119
0.116
0.1
0.075
0.119
0.123
0.099
0.09
0.092
0.095
0.091
0.096
0.09
0.484
0.258
0.422
0.074
0.093
0.363
0.123
0.136
0.109
0.111
0.183
0.108
0.163
0.149
0.174
0.102
0.114
0.113
0.382
0.115
0.119
0.383
0.118
0.117
0.081
0.076
0.072
0.078
0.072
0.075
0.078
0.147
0.161
0.08
0.104
0.103
0.101
0.105
0.099
0.105
0.101
0.099
0.132
0.1
0.113
0.107
0.112
0.111
0.109
0.112
0.113
0.131
0.122
0.167
0.109
0.111
0.394
0.111
0.108
0.126
0.113
0.385
0.166
0.096
0.127
0.107
0.256
0.095
0.11
0.125
0.107
0.13
0.124
0.126
0.129
0.128
0.127
0.123
0.081
0.274
0.094
0.09
0.09
0.095
0.091
0.091
0.105
0.098
0.092
0.092
0.092
0.091
0.095
0.093
0.09
0.095
0.117
0.105
0.114
0.12
0.102
0.096
0.113
0.109
0.11
0.108
0.112
0.11
0.107
0.119
0.13
0.187
0.148
0.158
0.123
0.16
0.123
0.152
0.122
0.19
0.177
0.128
0.201
0.096
0.12
0.091
0.092
0.215
0.184
0.469
0.101
0.112
0.108
0.124
0.117
0.108
0.192
0.198
0.19
0.185
0.19
0.211
0.186
0.183
0.19
0.182
0.165
0.134
0.145
0.195
0.128
0.128
0.222
0.133
0.146
0.185
0.12
0.104
0.11
0.116
0.171
0.19
0.571
0.191
0.167
0.194
0.224
0.612
0.124
0.159
0.123
0.223
0.118
0.118
0.147
0.118
0.107
0.106
0.099
0.106
0.405
0.304
0.244
0.257
0.243
0.237
0.233
0.21
0.535
0.229
0.229
0.214
0.227
0.228
0.215
0.222
0.223
0.498
0.256
0.914
0.111
0.099
0.1
0.364
0.107
0.105
0.1
0.303
0.094
0.304
0.103
0.129
0.103
0.098
0.108
0.114
0.094
0.092
0.092
0.089
0.095
0.102
0.098
0.104
0.097
0.097
0.439
0.112
0.104
0.135
0.123
0.099
0.105
0.101
0.099
0.103
0.099
0.099
0.1
0.103
0.109
0.105
0.109
0.1
0.101
0.102
0.146
0.361
0.113
0.108
0.114
0.099
0.329
0.134
0.11
0.108
0.131
0.13
0.129
0.129
0.126
0.107
0.109
0.111
0.108
0.109
0.125
0.114
0.107
0.113
0.109
0.109
0.107
0.403
0.116
0.237
0.1
0.096
0.091
0.089
0.105
0.097
0.094
0.482
0.301
0.102
0.104
0.12
0.126
0.12
0.119
0.118
0.119
0.107
0.09
0.103
0.102
0.094
0.104
0.101
0.102
0.098
0.104
0.1
0.097
0.105
0.102
0.357
0.109
0.109
0.112
0.316
0.112
0.091
0.121
0.102
0.116
0.109
0.101
0.096
0.104
0.099
0.103
0.102
0.099
0.103
0.101
0.1
0.345
0.107
0.103
0.103
0.136
0.15
0.156
0.135
0.1
0.127
0.112
0.109
0.119
0.114
0.356
0.109
0.111
0.112
0.111
0.102
0.129
0.128
0.389
0.102
0.101
0.126
0.102
0.103
0.128
0.119
0.373
0.154
0.12
0.12
0.111
0.106
0.111
0.13
0.112
0.122
0.12
0.115
0.118
0.119
0.115
0.118
0.38
0.404
0.128
0.172
0.161
0.125
0.143
0.116
0.418
0.415
0.127
0.13
0.127
0.122
0.113
0.141
0.108
0.111
0.107
0.1
0.121
0.121
0.107
0.109
0.11
0.391
0.12
0.094
0.115
0.118
0.14
0.118
0.116
0.119
0.117
0.116
0.116
0.141
0.115
0.501
0.125
0.447
0.121
0.13
0.118
0.517
0.206
0.798
0.214
0.161
0.227
0.163
0.604
0.179
0.177
0.162
0.152
0.245
0.721
0.118
0.119
0.145
0.115
0.092
0.11
0.102
0.117
0.118
0.12
0.118
0.114
0.12
0.119
0.089
0.09
0.092
0.09
0.093
0.091
0.116
0.09
0.125
0.117
0.1
0.112
0.121
0.116
0.119
0.44
0.158
0.117
0.121
0.116
0.108
0.117
0.119
0.118
0.099
0.1
0.101
0.099
0.104
0.098
0.1
0.122
0.119
0.411
0.128
0.126
0.125
0.098
0.098
0.117
0.109
0.375
0.12
0.114
0.119
0.114
0.118
0.12
0.116
0.124
0.117
0.117
0.118
0.415
0.151
0.127
0.101
0.107
0.116
0.114
0.109
0.374
0.127
0.121
0.119
0.105
0.099
0.12
0.123
0.125
0.096
0.088
0.088
0.095
0.092
0.087
0.091
0.088
0.094
0.096
0.104
0.104
0.103
0.107
0.107
0.104
0.364
0.115
0.113
0.113
0.098
0.095
0.352
0.359
0.114
0.398
0.106
0.111
0.112
0.116
0.115
0.113
0.111
0.111
0.113
0.127
0.116
0.168
0.117
0.116
0.124
0.115
0.389
0.125
0.12
0.12
0.123
0.124
0.124
0.117
0.113
0.114
0.091
0.092
0.112
0.116
0.117
0.111
0.123
0.111
0.116
0.116
0.396
0.103
0.145
0.126
0.122
0.12
0.123
0.12
0.123
0.121
0.097
0.096
0.1
0.098
0.101
0.096
0.096
0.113
0.116
0.097
0.098
0.095
0.125
0.327
0.095
0.098
0.344
0.175
0.121
0.119
0.411
0.128
0.448
0.136
0.137
0.48
0.096
0.112
0.113
0.096
0.095
0.098
0.094
0.096
0.092
0.273
0.145
0.12
0.125
0.138
0.119
0.141
0.14
0.179
0.112
0.096
0.093
0.098
0.369
0.097
0.114
0.108
0.114
0.109
0.107
0.112
0.111
0.109
0.112
0.094
0.105
0.103
0.14
0.107
0.094
0.112
0.114
0.118
0.113
0.113
0.113
0.115
0.108
0.388
0.113
0.11
0.154
0.099
0.107
0.104
0.122
0.101
0.12
0.098
0.092
0.095
0.096
0.096
0.088
0.086
0.086
0.096
0.093
0.338
0.106
0.101
0.13
0.103
0.115
0.105
0.102
0.122
0.104
0.104
0.101
0.112
0.116
0.104
0.109
0.113
0.11
0.112
0.398
0.121
0.116
0.115
0.122
0.099
0.109
0.097
0.118
0.094
0.337
0.12
0.16
0.365
0.38
0.123
0.442
0.122
0.103
0.104
0.1
0.105
0.1
0.102
0.113
0.12
0.112
0.112
0.11
0.113
0.11
0.114
0.112
0.097
0.093
0.095
0.097
0.092
0.097
0.119
0.117
0.416
0.128
0.445
0.471
0.513
0.15
0.532
0.102
0.089
0.086
0.089
0.091
0.109
0.107
0.109
0.39
0.117
0.114
0.099
0.403
0.434
0.466
0.499
0.54
0.184
0.157
0.155
0.332
0.105
0.156
0.113
0.105
0.097
0.109
0.106
0.129
0.107
0.112
0.11
0.114
0.087
0.099
0.093
0.108
0.107
0.106
0.109
0.106
0.118
0.374
0.111
0.114
0.107
0.11
0.373
0.113
0.403
0.433
0.521
0.143
0.544
0.149
0.165
0.094
0.092
0.095
0.094
0.094
0.088
0.086
0.093
0.109
0.402
0.118
0.119
0.137
0.12
0.091
0.085
0.294
0.09
0.096
0.091
0.312
0.121
0.421
0.118
0.103
0.442
0.126
0.099
0.124
0.441
0.132
0.473
0.102
0.12
0.113
0.093
0.111
0.107
0.137
0.569
0.156
0.17
0.157
0.153
0.154
0.563
0.172
0.165
0.165
0.167
0.172
0.195
0.161
0.186
0.154
0.184
0.183
0.655
0.202
0.721
0.265
0.163
0.222
0.741
0.163
0.368
0.318
0.234
0.195
0.163
0.173
0.164
0.17
0.158
0.147
0.166
0.165
0.172
0.177
0.166
0.173
0.168
0.17
0.168
0.627
0.175
0.183
0.172
0.181
0.173
0.165
0.17
0.17
0.173
0.603
0.68
0.174
0.656
0.18
0.176
0.175
0.164
0.175
0.178
0.166
0.173
0.597
0.685
0.714
0.222
0.208
0.273
0.755
0.162
0.141
0.135
0.149
0.315
0.118
0.11
0.131
0.317
0.106
0.103
0.1
0.097
0.098
0.108
0.103
0.118
0.102
0.349
0.109
0.108
0.117
0.092
0.116
0.115
0.116
0.117
0.11
0.107
0.104
0.108
0.115
0.114
0.11
0.108
0.136
0.111
0.113
0.107
0.106
0.11
0.152
0.113
0.105
0.116
0.122
0.118
0.131
0.379
0.099
0.367
0.118
0.404
0.126
0.122
0.122
0.124
0.426
0.124
0.096
0.118
0.104
0.11
0.118
0.11
0.103
0.342
0.11
0.109
0.129
0.123
0.124
0.121
0.107
0.106
0.108
0.106
0.104
0.105
0.106
0.105
0.098
0.095
0.092
0.103
0.364
0.106
0.103
0.107
0.106
0.106
0.111
0.107
0.103
0.117
0.421
0.146
0.111
0.1
0.111
0.114
0.114
0.111
0.111
0.097
0.33
0.333
0.103
0.386
0.111
0.114
0.114
0.096
0.114
0.106
0.102
0.102
0.113
0.114
0.111
0.108
0.105
0.102
0.105
0.121
0.117
0.433
0.126
0.126
0.13
0.129
0.128
0.126
0.102
0.101
0.104
0.111
0.334
0.098
0.341
0.4
0.114
0.113
0.11
0.111
0.114
0.096
0.114
0.114
0.106
0.133
0.111
0.395
0.108
0.42
0.117
0.446
0.096
0.107
0.091
0.106
0.088
0.088
0.098
0.098
0.097
0.094
0.096
0.099
0.098
0.133
0.1
0.133
0.098
0.097
0.096
0.34
0.093
0.089
0.096
0.097
0.1
0.34
0.108
0.11
0.116
0.105
0.104
0.104
0.107
0.135
0.11
0.107
0.104
0.104
0.105
0.102
0.102
0.104
0.105
0.105
0.398
0.111
0.109
0.107
0.104
0.108
0.106
0.102
0.104
0.107
0.106
0.105
0.103
0.112
0.115
0.114
0.114
0.111
0.111
0.104
0.104
0.108
0.114
0.116
0.11
0.112
0.111
0.113
0.115
0.415
0.389
0.113
0.114
0.113
0.113
0.111
0.114
0.11
0.111
0.113
0.114
0.11
0.408
0.142
0.126
0.107
0.121
0.108
0.107
0.103
0.107
0.108
0.108
0.364
0.094
0.087
0.092
0.096
0.142
0.092
0.087
0.091
0.116
0.113
0.109
0.116
0.115
0.105
0.107
0.114
0.105
0.106
0.375
0.368
0.108
0.103
0.108
0.106
0.103
0.107
0.107
0.087
0.092
0.112
0.087
0.112
0.09
0.114
0.104
0.092
0.088
0.105
0.108
0.121
0.107
0.102
0.094
0.114
0.11
0.107
0.113
0.104
0.104
0.106
0.102
0.105
0.105
0.105
0.103
0.104
0.129
0.103
0.104
0.105
0.106
0.369
0.106
0.103
0.364
0.114
0.4
0.124
0.105
0.111
0.102
0.102
0.106
0.104
0.104
0.125
0.106
0.121
0.092
0.122
0.101
0.38
0.1
0.102
0.104
0.369
0.107
0.115
0.103
0.103
0.102
0.101
0.102
0.105
0.103
0.099
0.088
0.091
0.087
0.085
0.086
0.091
0.088
0.106
0.101
0.103
0.104
0.103
0.109
0.121
0.101
0.108
0.103
0.102
0.102
0.105
0.103
0.103
0.104
0.363
0.095
0.094
0.097
0.096
0.092
0.092
0.098
0.102
0.102
0.101
0.102
0.103
0.103
0.104
0.105
0.1
0.104
0.106
0.138
0.106
0.105
0.101
0.109
0.113
0.11
0.112
0.108
0.109
0.131
0.104
0.101
0.405
0.108
0.101
0.105
0.101
0.104
0.096
0.096
0.111
0.095
0.109
0.094
0.114
0.112
0.111
0.109
0.11
0.092
0.103
0.104
0.101
0.102
0.104
0.099
0.103
0.1
0.105
0.102
0.105
0.103
0.121
0.164
0.134
0.28
0.182
0.122
0.116
0.121
0.119
0.102
0.095
0.097
0.094
0.094
0.097
0.093
0.093
0.119
0.12
0.118
0.118
0.127
0.119
0.117
0.426
0.106
0.102
0.1
0.115
0.107
0.1
0.104
0.1
0.109
0.103
0.126
0.114
0.109
0.105
0.106
0.105
0.109
0.112
0.111
0.109
0.111
0.103
0.108
0.102
0.111
0.101
0.108
0.104
0.1
0.101
0.1
0.101
0.111
0.112
0.115
0.108
0.112
0.111
0.111
0.387
0.089
0.09
0.089
0.088
0.084
0.089
0.086
0.295
0.11
0.105
0.103
0.114
0.106
0.106
0.087
0.089
0.089
0.088
0.127
0.119
0.103
0.103
0.103
0.101
0.104
0.092
0.085
0.087
0.092
0.086
0.088
0.099
0.093
0.095
0.094
0.094
0.094
0.093
0.097
0.096
0.109
0.103
0.101
0.106
0.104
0.107
0.105
0.1
0.106
0.101
0.12
0.105
0.096
0.094
0.093
0.094
0.097
0.094
0.102
0.104
0.101
0.122
0.103
0.107
0.104
0.116
0.095
0.097
0.096
0.088
0.089
0.086
0.118
0.117
0.118
0.119
0.134
0.116
0.119
0.105
0.104
0.102
0.116
0.11
0.11
0.111
0.11
0.11
0.11
0.094
0.097
0.098
0.094
0.093
0.094
0.096
0.11
0.11
0.119
0.113
0.097
0.095
0.097
0.134
0.114
0.102
0.093
0.086
0.089
0.087
0.09
0.086
0.106
0.101
0.101
0.104
0.128
0.11
0.102
0.105
0.103
0.105
0.101
0.101
0.104
0.103
0.107
0.101
0.103
0.122
0.104
0.104
0.101
0.109
0.111
0.109
0.111
0.111
0.111
0.089
0.089
0.086
0.095
0.087
0.09
0.087
0.098
0.095
0.093
0.096
0.094
0.096
0.095
0.096
0.098
0.094
0.097
0.096
0.094
0.097
0.094
0.096
0.099
0.094
0.094
0.096
0.093
0.092
0.101
0.096
0.094
0.097
0.103
0.106
0.104
0.146
0.112
0.101
0.103
0.168
0.158
0.178
0.17
0.199
0.13
0.168
0.101
0.105
0.105
0.106
0.183
0.12
0.117
0.118
0.117
0.122
0.119
0.105
0.104
0.1
0.105
0.102
0.105
0.105
0.137
0.101
0.104
0.102
0.104
0.103
0.101
0.103
0.104
0.093
0.092
0.086
0.087
0.089
0.088
0.087
0.09
0.132
