8.481
45.75
83.019
93.548
128.856
170.856
133.587
125.106
162.375
170.856
135.548
93.548
56.279
45.75
56.279
93.548
128.856
170.856
172.933
188.856
198.817
268.971
233.663
225.183
214.654
177.385
140.115
98.115
133.423
170.692
179.173
221.173
231.702
268.971
302.048
375.433
389.163
398.106
506.337
516.865
708.884
676.098
641.491
602.491
592.714
625.5
635.277
674.277
708.884
674.277
666.402
701.009
708.884
699.107
660.107
627.321
592.714
625.5
635.277
674.277
708.884
729.509
816.55
844.55
845.017
814.417
805.292
772.992
736.592
768.892
778.017
808.617
845.017
812.717
805.367
773.067
763.942
727.542
696.942
727.542
738.475
810.342
841.592
1055.267
1069.067
1116.4
1124.15
1157.75
1413.516
1430.469
1507.031
1486.941
1491.882
1497.904
1519.007
1561.831
1579.831
1626.301
1542.076
1591.16
1614.526
1615.592
1609.789
1650.139
1649.014
1626.301
1579.831
1561.831
1588.125
1632.014
1649.014
1568.026
1614.526
1615.592
1599.487
1593.684
1486.572
1525.271
1524.146
1561.831
1613.801
1614.993
1661.463
1679.463
1592.285
1615.592
1551.118
1545.73
1541.309
1522.428
1542.257
1501.813
1452.729
1458.417
1463.083
1531.139
1614.721
1596.721
1639.544
1614.82
1637.242
1609.493
1563.022
1561.831
1613.801
1637.208
1638.333
1655.333
1699.222
1615.592
1599.487
1492.375
1569.16
1568.035
1613.801
1561.831
1579.831
1586.316
1632.787
1655.139
1656.264
1705.347
1496.838
1480.882
1451.235
1662.278
1601.316
1615.592
1784.283
1834.493
1796.669
1811.106
1709.35
1669.85
1625.675
1710.171
1704.368
1688.263
1694.066
1719.566
1694.066
1688.263
1694.066
1633.588
1597.188
1592.988
1531.738
1513.8
1532.132
1526.743
1531.164
1592.507
1574.131
1592.069
1628.469
1633.588
1694.066
1688.263
1694.066
1719.566
1721.283
1758.651
1765.855
1782.829
1757.329
1751.526
1757.329
1782.829
1767.632
1767.263
1660.151
1729.049
1745.09
1745.479
1760.724
1782.829
1757.329
1751.526
1736.329
1686.118
1719.903
1541.84
1601.729
1617.771
1795.833
1751.526
1755.967
1893.257
1616.941
1678.771
1761.566
2070.39
1983.368
1998.438
2004.563
2048.451
2168.764
2219.431
2272.431
2277.931
2398.243
2400.056
2459.944
2480.361
2424.553
2444.684
2451.888
2453.309
2522.112
2658.506
2663.756
2684.756
2707.706
2689.769
2628.519
2623.4
2723.158
2718.737
2657.395
2560.925
2622.175
2626.375
2644.313
2649.431
2578.768
2494.483
2494.832
2497.516
2433.036
2453.224
2486.141
2525.891
2543.807
2558.755
2564.458
2550.43
2550.71
2550.99
2617.77
2641.78
2649.7
2644.038
2648.077
2654.385
2658.423
2665.288
2691.519
2694.827
2711.327
2727.827
2789.313
2794.293
2828.091
2724.319
2728.208
2818.272
2763.332
2779.496
2794.323
2803.677
2816.349
2835.177
2838.086
2885.672
2916.138
2941.241
2944.138
2951.534
2985.103
2972.55
3027.063
3045.263
3051.863
3004.984
3074.843
3127.101
3132.859
3141.609
3156.415
3187.06
3138.09
3171.957
3200.457
3203.738
3122.61
3065.048
3112.066
3116.184
3118.713
3121.625
3126.449
3127.408
3063.296
3066.125
3102.288
3174.747
3191.42
3198.191
3224.774
3241.733
3272.08
3228.767
3146.701
3148.326
3232.671
3236.355
3161.109
3179.776
3198.353
3210.776
3219.974
3244.436
3272.525
3221.134
3148.753
3153.515
3206.223
3217.152
3233.39
3216.392
3219.648
3222.09
3230.433
3234.247
3203.696
3233.406
3245.372
3254.065
3275.747
3282.565
3307.395
3255.008
3267.208
3216.834
3228.704
3247.807
3250.09
3256.611
3275.715
3310.932
3255.976
3271.082
3272.878
3275.856
3280.112
3314.125
3311.854
3320.792
3321.339
3350.651
3356.938
3357.5
3292.676
3302.242
3302.778
3309.023
3309.574
3327.605
3275.253
3287.463
3308.65
3308.787
3312.669
3331.434
3282.945
3289.147
3320.3
3323.784
3340.774
3343.264
3361.986
3389.043
3412.601
3415.233
3415.861
3421.077
3432.802
3457.467
3463.241
3466.335
3469.759
3476.976
3490.259
3471.968
3472.097
3488.386
3533.886
3539.341
3508.058
3514.621
3527.558
3543.844
3514.829
3531.908
3533.645
3557.592
3516.349
3517.414
3524.397
3533.474
3552.06
3567.293
3595.489
3597.903
3553.023
3575.18
3575.733
3559.613
3503.066
3504.449
3511.973
3514.268
3527.953
3530.197
3557.006
3532.46
3544.145
3546.403
3572.532
3593.617
3566.575
3574.933
3593.433
3610.774
3562.934
3565.77
3571.375
3575.887
3596.313
3599.406
3546.338
3547.954
3572.548
3583.694
3594.617
3595.633
3605.025
3638.342
3647.735
3621.102
3622.375
3629.716
3631.307
3632.585
3644.04
3603.935
3605.412
3609.979
3569.167
3537.109
3535.674
3536.897
3556.897
3512.084
3517.87
3496.986
3498.169
3491.704
3505.415
3487.004
3506.82
3531.996
3547.261
3570.077
3577.81
3583.725
3586.514
3587.697
3554.056
3554.337
3564.837
3571.566
3525.979
3527.382
3540.717
3563.816
3551.078
3558.098
3559.825
3561.65
3562.97
3569.22
3583.593
3583.687
3596.135
3606.668
3610.668
3565.508
3570.344
3571.725
3579.623
3584.952
3595.61
3581.414
3585.164
3626.789
3634.718
3634.377
3655.615
3659.138
3664.722
3665.063
3670.031
3684.031
3685.317
3656.107
3668.338
3669.441
3671.768
3689.268
3692.393
3699.431
3716.83
3728.157
3730.484
3740.176
3719.681
3720.066
3722.354
3722.614
3692.04
3720.062
3723.495
3724.891
3680.205
3684.236
3685.311
3664.442
3667.03
3677.811
3678.861
3686.364
3674.964
3692.552
3691.477
3702.877
3658.523
3657.259
3648.272
3633.883
3618.759
3614.33
3613.293
3617.722
3588.543
3602.756
3611.634
3612.659
3613.907
3611.492
3617.209
3623.63
3612.044
3601.27
3591.636
3584.316
3585.12
3589.785
3558.065
3562.673
3566.152
3585.413
3586.973
3597.56
3598.304
3599.953
3563.097
3587.324
3593.092
3597.646
3602.879
3622.032
3625.39
3627.496
3631.943
3629.868
3642.403
3658.183
3644.899
3645.274
3645.516
3632.527
3646.447
3648.697
3632.034
3632.261
3616.756
3614.75
3615.492
3591.159
3593.897
3604.65
3577.549
3581.132
3582.954
3591.581
3592.504
3607.504
3583.727
3574.175
3579.164
3582.49
3581.414
3590.789
3586.89
3600.837
3599.332
3571.148
3582.77
3546.217
3556.259
3547.943
3556.486
3564.923
3548.271
3556.5
3556.219
3561.703
3564.711
3564.984
3564.105
3532.558
3541.45
3542.861
3541.45
3550.852
3555.847
3559.929
3566.117
3567.2
3571.143
3567.988
3549.82
3554.106
3553.83
3553.497
3567.579
3551.048
3553.161
3547.589
3552.533
3551.105
3551.982
3557.355
3562.298
3569.543
3568.913
3533.977
3536.439
3552.803
3536.439
3544.755
3545.415
3545.715
3548.603
3552.19
3554.005
3560.008
3560.668
3536.953
3537.276
3494.028
3507.692
3474.384
3441.722
3448.756
3458.047
3465.081
3471.975
3440.857
3457.066
3465.17
3466.131
3446.457
3434.717
3405.16
3391.764
3362.343
3367.054
3367.299
3382.439
3387.36
3361.079
3381.131
3361.079
3361.995
3368.569
3369.646
3329.201
3311.109
3316.118
3298.779
3305.54
3307.19
3315.89
3323.072
3323.972
3322.699
3310.815
3334.528
3354.216
3352
3322.863
3313.063
3340.808
3332.056
3341.946
3344.595
3343.632
3353.655
3350.886
3380.291
3376.92
3400.851
3409.603
3406.835
3414.748
3411.789
3403.009
3389.982
3388.477
3375.954
3365.261
3325.188
3324.417
3325.188
3334.668
3345.264
3327.919
3336.541
3339.446
3351.743
3353.221
3342.721
3343.667
3340.435
3335.516
3333.583
3333.646
3326.126
3340.528
3341.474
3342.735
3343.729
3335.17
3339.044
3343.409
3344.886
3345.069
3343.807
3343.87
3346.627
3348.411
3333.678
3342.448
3359.48
3337.136
3339.868
3351.985
3353.603
3350.924
3342.379
3323.642
3326.312
3329.697
3325.98
3321.122
3311.454
3319.896
3328.511
3332.316
3323.701
3322.772
3322.483
3309.918
3312.056
3307.806
3309.372
3310.938
3312.376
3309.021
3315.376
3315.315
3334.311
3326.311
3325.575
3325.838
3326.578
3320.223
3318.486
3330.459
3322.126
3313.587
3309.815
3311.407
3315.179
3322.501
3323.422
3322.682
3317.327
3324.649
3323.728
3309.518
3332.399
3326.171
3354.286
3349.021
3355.407
3352.874
3360.196
3341.629
3350.477
3353.969
3356.07
3360.247
3382.734
3390.984
3387.027
3341.768
3339.43
3335.085
3310.888
3327.321
3329.62
3337.87
3340.168
3351.247
3351.523
3351.247
3352.76
3360.207
3363.448
3341.342
3343.885
3340.24
3326.693
3335.951
3345.21
3337.763
3340.803
3349.987
3348.292
3339.034
3338.322
3342.428
3361.189
3342.737
3347.351
3350.565
3336.952
3327.893
3328.616
3340.086
3344.158
3346.693
3345.315
3343.937
3345.601
3337.618
3338.137
3340.847
3340.595
3318.674
3320.196
3319.27
3315.665
3327.488
3332.533
3342.327
3351.507
3314.801
3303.331
3301.953
3293.911
3281.978
3272.184
3271.478
3296.469
3304.579
3314.457
3315.846
3318.579
3327.398
3311.503
3322.878
3323.578
3331.528
3345.028
3345.881
3353.244
3358.927
3361.188
3366.19
3381.758
3368.243
3369.061
3381.478
3370.355
3349.842
3323.571
3311.082
3293.084
3290.097
3295.06
3295.743
3284.304
3272.865
3283.962
3284.182
3305.389
3316.423
3325.898
3317.984
3310.801
3311.5
3315.939
3326.973
3339.529
3342.795
3343.058
3343.884
3342.78
3339.321
3350.45
3349.603
3351.272
3359.406
3363.156
3361.707
3365.583
3370.955
3378.806
3371.849
3376.149
3368.613
3362.235
3360.676
3347.92
3345.381
3343.955
3356.711
3331.901
3338.229
3340.749
3342.296
3323.805
3326.654
3328.058
3326.508
3327.275
3323.519
3324.791
3324.994
3315.498
3306.463
3309.312
3268.614
3274.738
3277.11
3278.114
3275.149
3275.816
3275.612
3285.746
3289.828
3286.194
3280.165
3280.219
3280.063
3282.417
3275.621
3266.656
3256.156
3263.171
3275.544
3278.349
3286.604
3291.229
3296.744
3295.684
3303.85
3303.055
3309.191
3309.828
3306.759
3309.045
3275.955
3274.386
3275.367
3274.617
3267.708
3268.208
3265.89
3265.39
3274.67
3286.781
3298.79
3300.155
3312.175
3313.049
3317.177
3328.869
3330.201
3321.575
3322.353
3317.831
3321.875
3311.653
3313.662
3315.006
3325.525
3324.903
3319.51
3316.853
3308.219
3299.145
3298.387
3307.02
3291.711
3292.329
3297.682
3298.435
3301.073
3285.149
3285.902
3309.469
3308.517
3308.465
3309.417
3315.555
3305.943
3309.031
3309.842
3317.768
3319.29
3318.67
3318.863
3329.209
3317.454
3306.286
3313.392
3312.588
3311.642
3311.404
3311.251
3306.112
3299.455
3304.744
3305.194
3340.844
3345.3
3340.322
3339
3332.036
3321.672
3313.164
3327.489
3326.283
3325.665
3323.294
3315.556
3308.467
3315.556
3299.746
3300.364
3301.117
3287.386
3288.583
3298.547
3298.694
3306.443
3308.78
3311.889
3314.552
3307.639
3314.573
3319.823
3312.91
3320.764
3300.499
3297.478
3302.799
3303.402
3304.934
3305.148
3299.973
3305.759
3300.888
3301.619
3296.444
3289.49
3258.29
3256.549
3253.817
3257.717
3253.817
3252.403
3258.365
3243.829
3206.329
3207.861
3204.4
3227.294
3196.094
3196.708
3198.187
3192.987
3190.254
3197.208
3196.208
3203.044
3203.658
3203.058
3209.844
3213.604
3216.497
3217.912
3223.112
3225.737
3224.987
3221.638
3209.957
3209.354
3212.815
3194.94
3198.401
3204.562
3208.022
3213.422
3214.21
3212.067
3211.089
3201.396
3202.321
3214.002
3209.641
3206.18
3196.119
3194.195
3198.525
3198.087
3203.449
3190.044
3191.968
3174.22
3175.624
3157.124
3165.39
3161.656
3176.363
3183.954
3189.056
3183.93
3181.403
3177.176
3182.5
3177.176
3175.143
3179.37
3189.278
3190.535
3185.724
3185.675
3179.497
3190.825
3190.684
3196.348
3199.285
3210.464
3206.782
3208.88
3213.947
3213.758
3215.027
3210.062
3201.912
3204.587
3202.476
3199.088
3208.23
3207.538
3206.391
3206.538
3198.898
3214.378
3215.358
3214.088
3225.763
3230.032
3229.442
3247.684
3247.893
3244.212
3247.421
3248.921
3255.614
3260.383
3250.866
3239.765
3241.77
3238.791
3224.903
3224.447
3220.308
3219.056
3217.375
3209.901
3201.453
3202.034
3206.89
3210.366
3203.814
3204.538
3199.324
3197.643
3200.609
3199.378
3194.381
3166.502
3179.536
3177.312
3169.274
3162.674
3132.55
3131.419
3130.84
3121.426
3133.241
3139.887
3126.271
3134.776
3135.899
3124.226
3133.512
3135.706
3136.277
3142.628
3151.521
3153.574
3144.681
3144.503
3124.001
3123.309
3136.079
3136.748
3142.718
3145.885
3139.439
3139.576
3175.049
3174.34
3174.476
3173.601
3164.432
3163.722
3163.905
3162.567
3142.081
3142.258
3148.68
3149.549
3132.043
3124.711
3146.221
3146.398
3133.588
3098.588
3094.928
3100.328
3098.703
3093.97
3089.9
3103.468
3102.733
3101.82
3113.737
3100.169
3114.607
3116.607
3116.56
3112.9
3112.765
3127.523
3128.731
3140.355
3150.942
3152.142
3139.625
3140.034
3130.994
3132.981
3130.547
3116.201
3099.738
3065.198
3059.417
3058.692
3058.257
3058.043
3054.026
3043.509
3049.001
3059.984
3059.259
3063.208
3064.57
3061.254
3062.106
3055.81
3047.751
3044.287
3044.693
3053.622
3056.641
3052.692
3049.229
3044.255
3061.416
3060.337
3061.102
3062.023
3072.54
3074.325
3081.417
3092.176
3090.163
3088.378
3089.57
3093.182
3102.11
3099.281
3098.715
3095.528
3094.975
3103.956
3118.203
3101.042
3091.785
3088.598
3091.785
3089.022
3091.382
3105.947
3114.875
3112.359
3111.707
3105.431
3104.865
3115.849
3114.487
3118.099
3116.199
3110.707
3110.141
3107.477
3090.461
3091.441
3084.301
3072.618
3056.261
3053.261
3045.644
3044.477
3052.484
3055.925
3049.562
3054.32
3055.722
3064.592
3070.336
3071.929
3070.949
3059.266
3050.721
3047.555
3056.425
3051.69
3068.739
3068.018
3073.792
3072.609
3073.04
3073.761
3078.218
3075.873
3069.664
3069.836
3075.292
3074.571
3067.488
3064.194
3074.642
3077.809
3083.583
3095.936
3099
3104.637
3098.382
3089.461
3100.444
3099.365
3098.813
3096.691
3088.272
3080.553
3086.891
3087.447
3088.533
3077.556
3085.99
3094.912
3102.529
3104.637
3117.939
3107.027
3094.674
3103.218
3102.303
3097.009
3095.715
3094.82
3084.232
3085.147
3099.301
3101.301
3098.238
3102.996
3101.403
3111.851
3112.52
3113.704
3104.508
3087.459
3066.511
3064.166
3068.089
3061.834
3061.971
3061.324
3060.138
3069.334
3075.589
3073.628
3077.618
3080.207
3076.618
3081.377
3052.828
3058.93
3058.717
3064.491
3061.746
3063.099
3080.148
3077.648
3063.179
3091.728
3094.316
3092.316
3100.86
3101.581
3102.875
3101.708
3101.532
3116.001
3111.36
3111.189
3113.297
3086.875
3077.679
3106.228
3099.993
3104.934
3106.934
3113.036
3123.948
3122.876
3123.427
3121.654
3115.88
3115.194
3113.6
3112.841
3129.89
3122.844
3116.481
3121.422
3125.413
3131.775
3114.726
3097.677
3095.177
3104.099
3103.927
3109.565
3077.643
3077.689
3076.395
3077.797
3078.2
3061.151
3064.151
3068.141
3061.058
3053.917
3049.277
3056.417
3068.77
3070.658
3068.685
3069.852
3061.308
3060.904
3060.501
3061.17
3061.342
3063.989
3050.261
3045.651
3035.27
3026.407
3033.501
3033.637
3028.91
3028.021
3031.586
3028.956
3030.242
3032.336
3035.063
3031.917
3028.372
3017.991
3022.42
3016.819
3002.756
3003.597
3000.052
3003.198
3008.458
3005.477
3004.318
3038.409
3037.861
3038.543
3038.373
3032.952
3026.631
3026.585
3029.313
3032.105
3028.207
3029.79
3029.074
3043.402
3048.077
3049.245
3042.29
3042.845
3042.168
3049.216
3045.694
3046.354
3056.668
3044.926
3028.205
3034.34
3035.715
3024.256
3018.41
3015.66
3008.75
3006.899
3000.784
2980.238
3000.784
3002.635
3008.75
3015.66
3020.853
3017.747
3017.915
3013.271
3004.571
3025.117
3023.155
3017.804
3012.454
3017.005
3023.12
3023.793
3022.63
3022.803
3016.512
3018.566
3023.05
3022.515
3017.878
3017.226
3009.803
3002
2999.715
2971.893
2970.849
2961.804
2961.269
2952.575
2946.479
2944.425
2937.002
2939.056
2929.441
2929.973
2931.011
2937.068
2944.445
2953.398
2961.983
2961.568
2962.599
2963.259
2968.786
2969.43
2971.355
2969.043
2979.232
2974.675
2981.546
2988.877
2989.737
2990.879
2990.923
2980.423
2963.681
2963.808
2963.152
2953.027
2956.317
2956.73
2957.456
2967.448
2972.173
2972.829
2967.438
2968.732
2957.56
2959.255
2960.505
2962.748
2962.584
2959.171
2958.515
2948.294
2953.356
2951.833
2951.193
2952.716
2951.841
2951.032
2950.413
2950.249
2922.949
2920.08
2925.78
2919.696
2933.231
2928.681
2928.156
2927.538
2911.897
2912.752
2910.948
2910.76
2907.329
2904.938
2905.07
2891.534
2902.706
2905.636
2906.048
2917.22
2917.094
2919.391
2916.1
2916.264
2926.698
2926.161
2927.295
2925.383
2911.547
2912.072
2932.104
2937.939
2938.748
2939.864
2945.356
2948.384
2951.675
2949.98
2941.498
2942.791
2943.329
2940.038
2945.738
2939.001
2944.836
2941.906
2940.774
2941.463
2936.401
2926.276
2925.144
2919.163
2917.925
2915.909
2917.147
2918.279
2923.341
2933.466
2935.482
2941.463
2940.348
2931.723
2923.098
2910.378
2920.813
2918.422
2915.272
2909.291
2889.259
2887.454
2892.976
2882.851
2879.42
2873.438
2871.552
2877.252
2868.459
2870.701
2869.566
2866.538
2867.157
2866.63
2868.434
2865.959
2865.303
2862.913
2865.444
2870.506
2867.216
2866.576
2864.334
2853.162
2844.537
2845.177
2845.563
2846.695
2846.309
2871.574
2868.887
2874.849
2870.124
2867.096
2875.266
2877.891
2879.415
2887.071
2886.534
2885.877
2888.502
2886.807
2883.877
2858.612
2853.887
2856.129
2844.316
2845.341
2839.951
2841.245
2841.113
2839.876
2831.394
2828.103
2827.248
2813.713
2833.745
2850.048
2853.863
2851.473
2852.41
2850.715
2817.902
2814.752
2800.4
2802.085
2817.195
2810.001
2808.988
2800.563
2794.655
2785.89
2785.371
2775.541
2773.538
2774.06
2780.004
2781.023
2789.842
2798.321
2800.324
2810.001
2817.195
2814.541
2813.423
2821.492
2821.307
2814.113
2814.298
2798.85
2790.473
2763.51
2753.51
2753.677
2748.677
2754.306
2749.306
2748.626
2742.718
2743.239
2741.961
2743.079
2745.294
2753.979
2754.779
2767.841
2772.479
2769.995
2771.846
2771.202
2766.757
2782.76
2784.424
2776.404
2779.377
2780.053
2777.798
2774.826
2769.435
2785.85
2784.067
2784.867
2786.649
2786.606
2774.939
2778.328
2768.233
2762.909
2763.034
2757.881
2755.289
2749.381
2748.701
2748.293
2761.661
2756.785
2764.854
2764.137
2762.813
2756.158
2749.504
2748.383
2747.772
2741.883
2733.458
2732.927
2741.162
2741.684
2711.349
2707.557
2708.426
2711.818
2711.013
2706.777
2702.255
2693.516
2691.001
2685.97
2689.361
2688.839
2689.007
2687.322
2687.196
2686.512
2672.762
2670.759
2669.827
2678.343
2675.952
2670.89
2672.695
2667.757
2676.382
2674.507
2673.818
2668.88
2661.224
2663.24
2654.709
2664.7
2668.963
2668.577
2671.445
2657.91
2658.599
2653.107
2651.766
2647.216
2646.804
2643.513
2653.948
2656.19
2656.359
2648.702
2651.39
2651.577
2654.99
2654.826
2665.047
2676.219
2666.227
2679.826
2685.076
2688.123
2688.652
2685.605
2688.01
2684.171
2683.527
2675.305
2666.72
2670.56
2670.145
2658.258
2666.793
2658.258
2663.508
2647.138
2649.074
2661.955
2655.898
2656.104
2656.84
2677.126
2687.244
2684.823
2685.861
2679.699
2680.953
2682.218
2676.446
2686.564
2690.039
2691.305
2685.846
2684.018
2683.474
2699.983
2691.394
2693.665
2694.811
2691.012
2693.518
2698.104
2685.223
2688.679
2661.033
2653.657
2644.669
2642.628
2633.989
2633.457
2627.4
2626.362
2620.771
2619.733
2622.922
2633.489
2630.014
2626.215
2629.69
2638.677
2639.627
2656.136
2625.225
2626.491
2627.848
2617.73
2618.983
2617.074
2614.007
2598.169
2599.298
2608.203
2603.618
2606.585
2592.574
2588.257
2588.067
2577.949
2569.44
2569.605
2568.464
2567.219
2566.688
2553.068
2564.1
2560.236
2565.362
2564.214
2565.756
2566.288
2561.68
2564.006
2569.133
2555.122
2553.764
2546.388
2546.432
2547.059
2543.195
2512.283
2512.077
2517.077
2514.355
2513.102
2499.396
2499.813
2494.354
2503.089
2513.206
2485.561
2483.624
2482.081
2477.496
2476.186
2470.903
2484.914
2477.999
2481.189
2489.778
2487.453
2486.826
2484.5
2481.842
2486.627
2479.767
2479.812
2481.748
2496.857
2511.513
2511.307
2516.766
2515.456
2513.546
2512.726
2518.888
2510.298
2510.426
2511.969
2513.906
2509.121
2515.159
2512.833
2518.994
2514.501
2514.456
2514.627
2507.251
2504.284
2504.156
2509.439
2501.686
2499.749
2495.164
2494.619
2492.683
2461.771
2470.361
2467.171
2469.677
2449.392
2418.48
2423.066
2424.331
2430.388
2419.075
2419.241
2421.662
2413.388
2407.827
2408.491
2401.115
2401.532
2410.438
2416.599
2414.558
2417.279
2423.714
2426.447
2427.149
2454.971
2457.956
2462.988
2449.194
2459.828
2462.408
2468.484
2477.274
2446.166
2453.589
2454.726
2436.808
2449.853
2449.302
2453.853
2459.988
2454.003
2460.138
2460.772
2466.907
2469.359
2458.876
2452.741
2419.087
2419.28
2419.409
2424.938
2425.836
2423.874
2427.249
2424.143
2427.643
2424.639
2430.302
2429.557
2432.663
2439.61
2436.667
2448.783
2454.446
2453.79
2448.598
2447.72
2443.807
2433.422
2418.878
2421.553
2414.687
2419.302
2419.168
2420.442
2426.643
2434.445
2428.818
2425.607
2426.926
2425.198
2397.377
2397.77
2398.4
2386.362
2388.201
2393.799
2394.952
2397.627
2405.954
2404.693
2409.33
2414.927
2417.912
2435.837
2440.837
2429.524
2413.014
2397.176
2404.929
2407.896
2410.862
2415.356
2417.627
2434.136
2437.935
2443.948
2445.094
2450.686
2456.724
2456.192
2455.494
2446.905
2446.371
2441.786
2435.773
2425.655
2416.374
2410.399
2410.569
2412.494
2413.154
2438.579
2435.267
2430.173
2426.333
2446.491
2440.935
2440.274
2434.403
2408.978
2410.327
2379.61
2378.579
2381.626
2375.754
2376.282
2370.263
2371.386
2361.332
2362.681
2368.656
2375.472
2376.203
2366.149
2379.769
2377.222
2370.351
2370.879
2356.956
2365.805
2361.05
2359.748
2355.973
2356.138
2362.138
2356.612
2357.14
2345.898
2344.011
2343.48
2340.99
2341.117
2338.07
2335.523
2336.403
2319.998
2318.858
2324.833
2314.333
2318.108
2318.969
2311.639
2316.218
2315.829
2326.115
2325.574
2330.039
2340.094
2340.754
2342.012
2340.125
2338.309
2327.809
2355.281
2354.637
2341.837
2344.884
2348.318
2350.866
2325.441
2332.771
2334.029
2322.142
2323.284
2336.083
2338.112
2371.131
2371.175
2369.277
2369.321
2369.448
2375.005
2376.929
2381.898
2394.697
2395.391
2394.768
2395.309
2394.167
2408.09
2405.043
2422.824
2415.54
2412.109
2412.065
2412.592
2412.461
2413.802
2383.277
2374.374
2366.766
2375.585
2377.961
2386.439
2406.347
2405.964
2413.203
2413.839
2422.317
2420.089
2428.567
2431.576
2431.054
2422.935
2422.003
2421.84
2415.054
2416.163
2416.289
2407.238
2394.675
2394.49
2393.691
2383.385
2384.709
2379.255
2381.118
2377.35
2384.093
2375.328
2370.982
2366.488
2367.766
2368.988
2371.637
2369.044
2367.262
2369.325
2369.281
2369.325
2371.933
2373.727
2386.367
2392.414
2391.128
2391.65
2391.116
2391.838
2387.465
2400.106
2402.621
2408.42
2406.137
2418.248
2418.291
2418.416
2419.342
2420.187
2420.692
2422.946
2436.528
2439.012
2438.497
2406.288
2412.902
2413.761
2416.393
2417.106
2434.38
2435.599
2451.505
2452.213
2451.541
2438.336
2449.946
2458.32
2459.433
2461.285
2462.291
2465.166
2463.188
2465.442
2461.697
2459.719
2456.35
2451.504
2446.084
2445.407
2432.922
2432.798
2430.92
2435.767
2435.891
2437.768
2438.445
2443.865
2456.35
2459.7
2459.093
2463.559
2469.154
2469.949
2499.912
2502.488
2506.955
2512.55
2511.922
2506.069
2504.192
2505.406
2504.4
2507.216
2505.946
2505.785
2510.632
2505.34
2502.525
2502.34
2507.632
2520.117
2521.038
2547.835
2546.976
2552.268
2560.288
2575.64
2588.289
2574.624
2573.976
2585.01
2582.177
2581.332
2582.554
2578.082
2574.377
2554.592
2551.342
2547.953
2567.738
2568.258
2560.189
2561.307
2570.073
2567.804
2581.469
2580.457
2589.142
2587.637
2586.989
2578.92
2577.994
2580.355
2570.487
2572.848
2562.542
2565.197
2559.188
2567.873
2570.706
2565.706
2559.799
2549.799
2547.808
2546.586
2541.586
2540.468
2538.685
2518.9
2513.012
2506.357
2513.012
2518.9
2538.685
2540.468
2541.972
2539.318
2552.983
2553.782
2555.565
2554.917
2553.412
2560.156
2559.475
2543.373
2538.221
2538.628
2540.133
2531.755
2515.654
2521.417
2522.921
2522.122
2527.576
2527.701
2524.33
2516.769
2521.151
2521.318
2525.79
2537.457
2538.577
2541.948
2541.823
2540.588
2547.332
2546.214
2545.112
2538.458
2542.226
2543.346
2533.478
2536.133
2532.169
2529.196
2531.048
2531.209
2525.788
2523.911
2523.235
2518.388
2518.264
2505.778
2507.656
2520.141
2520.817
2525.664
2531.084
2531.209
2532.525
2536.27
2536.399
2530.804
2535.925
2539.275
2539.15
2535.782
2537.983
2554.52
2553.896
2554.095
2556.282
2557.136
2562.697
2570.166
2572.407
2573.407
2583.379
2580.521
2579.731
2589.911
2592.769
2592.812
2593.214
2617.864
2623.8
2623.064
2618.005
2623.763
2623.095
2626.404
2626.778
2640.376
2638.558
2637.311
2636.468
2637.311
2661.663
2653.788
2658.984
2658.862
2654.103
2664.871
2660.317
2658.156
2653.77
2645.457
2629.743
2634.939
2642.814
2651.127
2650.034
2651.239
2649.499
2649.696
2653.973
2659.72
2663.997
2674.054
2681.075
2683.515
2683.637
2683.834
2691.969
2692.131
2693.415
2692.64
2691.016
2671.823
2680.539
2676.431
2684.654
2671.608
2668.319
2665.788
2667.95
2670.868
2670.995
2681.763
2686.522
2678.046
2683.91
2689.675
2692.206
2686.341
2685.049
2683.242
2673.184
2674.653
2671.734
2672.132
2673.207
2688.899
2687.255
2687.876
2679.651
2674.123
2669.064
2662.001
2662.621
2687.121
2683.794
2683.921
2688.503
2683.594
2675.321
2673.844
2671.444
2672.273
2678.842
2681.242
2696.104
2695.464
2695.341
2695.464
2695.989
2695.316
2689.929
2689.806
2687.94
2683.123
2670.713
2683.123
2684.989
2685.661
2685.784
2691.171
2695.989
2691.379
2704.877
2702.463
2701.822
2712.722
2732.265
2727.848
2727.683
2727.306
2728.221
2722.386
2721.532
2716.174
2716.688
2716.085
2715.708
2726.607
2728.795
2728.63
2728.228
2727.139
2728.246
2732.856
2727.597
2731.257
2736.95
2738.816
2744.203
2749.142
2749.325
2749.165
2750.473
2748.003
2751.213
2752.318
2751.806
2751.934
2732.39
2705.756
2708.71
2711.125
2715.284
2714.179
2715.268
2709.432
2708.76
2712.089
2712.924
2712.881
2680.869
2694.074
2691.513
2689.272
2688.01
2674.773
2675.148
2681.681
2680.469
2681.254
2680.054
2678.304
2662.495
2662.095
2674.429
2675.906
2678.08
2691.205
2695.787
2708.912
2707.812
2706.062
2700.835
2700.676
2702.153
2701.989
2703.818
2706.755
2708.709
2708.073
2705.018
2707.418
2708.618
2682.145
2683.895
2682.683
2678.55
2677.641
2676.341
2708.159
2705.377
2718.794
2714.212
2708.455
2703.873
2707.182
2701.424
2704.206
2698.406
2708.095
2711.031
2706.243
2711.902
2709.061
2708.44
2696.986
2687.297
2684.752
2686.006
2683.832
2682.734
2681.652
2675.87
2676.575
2683.143
2677.789
2673.001
2660.667
2658.812
2658.144
2658.021
2652.667
2652.789
2653.458
2655.312
2660.667
2665.455
2677.789
2669.183
2667.539
2679.873
2676.818
2675.174
2665.056
2689.556
2682.132
2672.014
2664.091
2668.358
2683.838
2671.429
2670.121
2638.109
2641.182
2642.836
2674.848
2669.013
2671.635
2670.428
2659.528
2662.089
2664.277
2667.606
2668.606
2669.315
2661.845
2663.332
2657.944
2658.072
2663.865
2664.268
2664.871
2658.935
2661.405
2671.152
2669.287
2668.614
2661.145
2663.706
2651.296
2650.588
2650.545
2649.691
2674.341
2674.298
2676.486
2684.9
2684.74
2684.9
2688.229
2696.505
2706.252
2709.325
2717.649
2720.063
2725.153
2738.652
2739.164
2736.694
2723.489
2707.584
2708.672
2698.925
2699.437
2699.313
2698.209
2700.541
2694.605
2702.928
2697.541
2698.648
2699.16
2699.032
2700.252
2694.434
2704.614
2688.709
2689.916
2686.587
2686.544
2676.796
2692.392
2691.294
2692.394
2684.03
2684.539
2678.758
2678.598
2691.723
2691.323
2689.495
2693.628
2693.008
2688.617
2686.762
2686.094
2681.306
2675.952
2663.617
2663.495
2665.813
2666.433
2663.827
2662.833
2659.527
2654.437
2654.06
2652.841
2663.74
2655.769
2647.19
2641.629
2647.016
2645.708
2651.543
2651.031
2640.498
2640.877
2646.297
2647.156
2652.883
2658.479
2670.964
2676.355
2696.018
2694.791
2689.945
2692.291
2696.758
2664.549
2663.709
2664.088
2658.36
2663.956
2662.291
2653.66
2653.821
2647.118
2634.05
2614.507
2623.086
2624.001
2619.184
2620.403
2611.824
2611.659
2615.007
2622.978
2625.165
2623.958
2622.751
2622.586
2617.025
2616.236
2614.973
2614.12
2613.411
2610.789
2626.048
2627.268
2640.945
2646.745
2651.327
2647.023
2648.278
2641.657
2647.184
2644.639
2654.327
2652.009
2649.835
2658.198
2649.926
2657.809
2651.147
2650.059
2658.638
2667.296
2660.688
2666.505
2666.377
2674.957
2680.518
2679.728
2679.911
2670.163
2674.581
2671.782
2670.474
2683.973
2684.096
2685.925
2687.579
2695.049
2696.915
2712.82
2714.787
2727.992
2731.714
2740.293
2741.382
2742.236
2746.845
2748.812
2748.972
2749.886
2754.976
2753.01
2751.043
2759.014
2753.079
2766.284
2746.74
2745.886
2746.74
2736.992
2769.005
2775.666
2776.755
2765.855
2785.399
2795.37
2798.325
2799.034
2804.595
2812.097
2822.93
2814.479
2814.521
2816.155
2821.184
2821.38
2820.6
2816.922
2806.865
2807.371
2811.648
2807.371
2794.035
2784.184
2787.102
2793.596
2794.889
2795.792
2796.867
2798.81
2796.649
2796.053
2782.717
2784.878
2782.054
2786.813
2785.074
2790.367
2789.163
2796.542
2767.12
2772.843
2776.521
2777.714
2777.551
2785.727
2788.257
2787.477
2781.983
2795.029
2789.833
2783.968
2799.682
2791.128
2790.035
2795.899
2796.992
2795.149
2819.502
2825.366
2824.586
2831.08
2829.887
2816.841
2815.75
2814.458
2812.614
2812.242
2820.718
2818.414
2813.218
2807.724
2802.002
2796.236
2795.032
2819.384
2811.161
2798.901
2808.297
2807.684
2810.055
2819.756
2820.349
2823.943
2799.737
2799.575
2798.49
2798.885
2798.293
2801.562
2800.866
2804.153
2808.237
2807.541
2804.966
2814.759
2811.103
2812.563
2801.246
2800.177
2803.329
2815.714
2821.393
2822.844
2822.723
2822.221
2831.737
2818.56
2810.435
2813.568
2812.378
2810.101
2807.101
2809.458
2818.974
2813.295
2810.045
2795.15
2784.51
2781.376
2770.736
2767.486
2766.406
2777.045
2777.166
2777.775
2780.565
2780.063
2792.513
2793.782
2791.518
2791.359
2789.236
2789.391
2788.894
2795.307
2795.5
2799.666
2802.533
2808.945
2813.62
2816.105
2816.604
2811.665
2808.798
2810.584
2817.832
2820.814
2823.681
2828.155
2825.616
2822.385
2828.798
2833.591
2832.322
2827.529
2827.032
2826.446
2831.842
2841.519
2838.271
2841.822
2839.648
2841.991
2845.222
2847.396
2845.053
2851.518
2848.651
2848.811
2848.123
2848.081
2848.59
2849.243
2854.639
2850.352
2850.175
2847.401
2839.075
2833.551
2839.93
2840.123
2838
2835.133
2831.581
2830.525
2824.862
2822.377
2824.5
2828.701
2834.226
2839.871
2839.678
2841.852
2832.175
2801.11
2801.303
2800.416
2792.68
2773.715
2766.819
2742.899
2738.425
2738.232
2728.354
2721.457
2697.537
2697.417
2693.216
2690.82
2706.676
2706.87
2706.99
2707.151
2731.214
2735.44
2742.377
2752.315
2754.725
2754.569
2754.449
2762.824
2757.266
2747.329
2742.996
2742.162
2737.341
2726.701
2732.379
2732.772
2745.949
2746.342
2750.402
2750.914
2749.833
2749.321
2746.768
2741.211
2746.768
2746.643
2756.58
2759.464
2757.054
2761.366
2762.981
2771.356
2772.588
2771.137
2775.327
2784.843
2782.343
2813.593
2812.984
2812.591
2810.671
2811.039
2815.098
2816.817
2803.64
2813.577
2813.734
2789.671
2790.327
2783.036
2791.488
2791.99
2786.731
2784.321
2799.217
2797.766
2795.206
2779.679
2779.523
2770.007
2770.597
2774.909
2769.679
2779.194
2777.059
2780.193
2780.349
2790.083
2788.905
2789.272
2791.094
2788.958
2795.896
2786.38
2783.969
2778.836
2772.385
2770.465
2769.387
2770.363
2768.912
2767.85
2766.399
2774.477
2777.267
2774.383
2779.642
2778.452
2776.175
2775.782
2774.806
2763.556
2779.083
2779.708
2792.885
2790.094
2787.594
2784.344
2783.842
2789.271
2803.831
2799.63
2807.956
2808.643
2802.883
2801.441
2801.596
2798.481
2790.315
2795.712
2794.64
2804.518
2804.325
2817.14
2817.639
2818.03
2818.796
2819.683
2819.175
2827.577
2824.595
2824.402
2848.322
2853.425
2856.674
2866.351
2865.081
2864.584
2863.896
2864.089
2861.374
2890.273
2893.521
2892.755
2889.982
2892.52
2879.706
2881.148
2881.914
2879.047
2883.84
2876.105
2890.069
2896.444
2890.069
2895.143
2906.26
2906.624
2887.77
2882.158
2875.817
2874.118
2866.913
2868.508
2880.295
2886.599
2889.678
2895.011
2896.7
2897.202
2902.536
2876.992
2878.878
2866.977
2872.556
2882.119
2900.863
2901.542
2900.385
2898.595
2898.42
2900.006
2900.181
2898.927
2901.025
2899.963
2904.583
2896.647
2894.138
2893.645
2889.656
2889.058
2887.9
2888.777
2890.202
2882.22
2884.457
2886.043
2874.142
2874.26
2868.567
2868.444
2872.596
2872.787
2872.669
2882.361
2884.136
2874.516
2866.399
2874.382
2869.735
2867.405
2865.707
2867.482
2867.605
2882.326
2881.677
2873.694
2873.306
2902.035
2899.278
2914.17
2912.987
2907.324
2907.484
2906.428
2901.031
2887.932
2888.698
2886.302
2887.473
2888.444
2888.251
2857.186
2858.014
2853.706
2868.514
2880.556
2874.893
2880.093
2877.919
2876.862
2875.077
2887.891
2906.857
2930.777
2935.451
2938.167
2933.623
2933.664
2938.861
2939.623
2941.52
2942.026
2933.749
2918.405
2922.417
2924.579
2936.037
2938.353
2919.61
2924.749
2910.114
2914.996
2924.559
2924.436
2927.27
2923.76
2923.641
2919.22
2918.401
2917.442
2912.303
2906.748
2906.572
2906.454
2894.553
2893.383
2887.804
2886.039
2885.221
2880.984
2870.531
2864.934
2863.68
2863.066
2862.943
2861.732
2859.635
2835.994
2829.69
2804.146
2802.892
2791.839
2768.199
2762.62
2759.409
2756.895
2756.854
2757.499
2760.332
2754.776
2748.387
2717.686
2686.984
2684.151
2669.516
2663.961
2662.791
2657.624
2654.054
2628.51
2618.057
2610.075
2607.618
2605.829
2601.677
2616.099
2615.907
2607.877
2606.102
2605.035
2600.752
2599.685
2596.927
2596.243
2608.375
2596.333
2588.598
2564.678
2561.447
2555.686
2551.379
2550.988
2550.833
2524.987
2520.513
2520.358
2519.548
2513.169
2504.767
2504.27
2498.746
2498.355
2497.13
2490.234
2486.198
2467.233
2467.073
2458.748
2458.706
2458.341
2429.442
2428.37
2399.47
2395.305
2391.692
2388.825
2388.173
2386.05
2376.591
2374.106
2369.632
2361.23
2360.342
2359.073
2353.452
2347.039
2344.172
2343.52
2344.172
2347.039
2340.575
2321.609
2321.11
2297.19
2294.847
2296.393
2293.143
2292.987
2283.049
2282.537
2280.35
2278.735
2247.485
2244.485
2243.253
2240.369
2243.369
2241.012
2272.262
2282.716
2284.34
2297.979
2296.036
2291.008
2289.2
2279.143
2269.513
2266.224
2253.178
2244.623
2242.319
2253.364
2240.239
2237.839
2234.53
2229.002
2199.402
2207.252
2206.399
2199.79
2197.168
2191.476
2190.561
2185
2171.502
2181.732
2168.446
2163.476
2161.383
2161.258
2151.164
2144.42
2141.429
2131.561
2129.57
2121.193
2111.098
2110.579
2097.211
2100.045
2100.89
2104.26
2107.251
2117.964
2130.263
2124.326
2127.401
2109.954
2108.597
2108.641
2124.479
2122.209
2116.437
2114.894
2125.379
2119.885
2094.137
2089.615
2089.407
2092.099
2089.502
2089.373
2081.901
2081.728
2081.938
2082.067
2086.619
2097.321
2104.792
2130.705
2130.878
2133.474
2127.628
2113.438
2123.947
2121.479
2119.165
2115.768
2118.666
2117.777
2111.582
2110.283
2101.147
2100.306
2091.085
2100.112
2092.971
2103.149
2113.868
2113.138
2116.347
2117.077
2116.219
2113.844
2112.986
2108.165
2107.608
2095.771
2061.002
2058.976
2024.208
2021.103
2018.728
2012.545
2009.207
1999.889
1998.803
2010.32
2010.145
2009.965
2008.04
2004.98
2001.75
1998.11
1997.198
2000.258
2003.488
2007.128
2008.04
2018.859
2004.002
1993.026
1987.128
1985.799
1989.71
1988.925
1984.168
1982.101
1981.391
1990.081
1994.259
1990.941
1986.27
1980.722
1974.188
1968.777
1959.823
1970.608
1967.711
1963.008
1959.666
1958.865
1955.899
1954.668
1932.564
1931.62
1925.041
1928.638
1950.896
1960.667
1961.617
1968.242
1969.049
1972.036
1973.275
1969.911
1966.723
1965.773
1961.981
1962.931
1962.348
1958.18
1961.367
1964.732
1968.523
1960.016
1954.22
1946.694
1945.001
1929.628
1907.37
1906.419
1897.341
1891.206
1887.841
1884.185
1880.685
1880.477
1877.289
1876.692
1888.111
1883.342
1883.293
1882.601
1881.216
1890.619
1875.029
1887.545
1884.109
1884.891
1878.125
1881.561
1875.093
1874.655
1871.942
1871.504
1870.909
1870.084
1872.023
1870.727
1870.02
1869.189
1844.867
1843.583
1842.277
1855.409
1846.533
1858.989
1855.639
1826.131
1838.926
1832.43
1832.379
1830.007
1829.055
1823.246
1820.71
1827.255
1843.296
1843.348
1844.307
1850.159
1853.559
1855.948
1885.893
1886.53
1883.13
1879.085
1878.071
1874.482
1875.496
1879.085
1883.13
1886.53
1886.33
1890.108
1879.922
1875.847
1883.094
1879.135
1877.579
1871.303
1868.605
1855.165
1849.718
1839.041
1808.647
1798.067
1810.906
1817.82
1814.093
1814.299
1815.697
1828.474
1829.382
1840.476
1865.516
1869.301
1883.266
1890.391
1921.973
1923.961
1921.825
1883.368
1876.411
1874.492
1867.919
1826.581
1824.661
1838.935
1837.744
1837.22
1824.533
1819.12
1787.037
1774.18
1772.027
1781.401
1775.945
1747.928
1747.103
1753.551
1760.682
1759.195
1732.923
1729.911
1736.356
1735.846
1750.093
1763.939
1760.082
1755.494
1751.422
1750.272
1754.129
1755.279
1759.351
1763.939
1763.42
1744.106
1749.675
1762.157
1769.798
1777.757
1758.76
1774.092
1773.116
1768.829
1772.504
1785.568
1784.676
1800.133
1798.51
1814.769
1804.88
1799.279
1807.494
1804.147
1805.417
1821.183
1819.621
1810.536
1807.786
1797.519
1783.984
1814.803
1823.976
1826.752
1837.118
1843.638
1823.88
1810.22
1818.423
1817.817
1816.814
1811.461
1819.95
1814.515
1813.16
1808.363
1802.957
1798.412
1799.767
1804.564
1809.109
1814.515
1805.485
1784.043
1783.208
1800.714
1800.388
1792.288
1781.45
1798.03
1789.76
1783.531
1782.102
1785.969
1784.129
1776.335
1749.443
1727.117
1723.793
1730.086
1752.412
1766.918
1768.361
1771.686
1779.479
1806.371
1808.211
1823.31
1797.242
1799.477
1816.129
1821.176
1833.936
1845.165
1847.704
1866.324
1870.449
1862.574
1875.862
1885.461
1880.993
1863.759
1856.052
1852.723
1844.228
1861.326
1824.088
1795.423
1790.099
1784.099
1779.055
1777.551
1773.199
1769.257
1769.034
1766.054
1764.251
1729.588
1728.632
1734.291
1749.499
1741.266
1729.016
1715.771
1715.401
1707.332
1661.395
1661.165
1656.563
1656.256
1656.103
1664.264
1668.92
1715.385
1728.782
1729.092
1729.467
1748.657
1748.889
1736.432
1753.789
1755.182
1744.844
1703.116
1673.324
1644.78
1651.692
1652.347
1656.038
1673.345
1671.949
1668.516
1665.896
1680.215
1638.607
1638.183
1659.309
1630.181
1651.037
1652.507
1664.955
1677.115
1675.115
1685.135
1619.135
1637.182
1654.816
1642.611
1645.93
1649.343
1660.029
1649.739
1671.794
1695.761
1647.455
1640.114
1665.238
1652.156
1677.333
1677.444
1717.167
1708.452
1668.73
1655.04
1642.5
1637.71
1659.75
1651.621
1674.25
1588.184
1592.631
1600.893
1686.959
1707.925
1692.725
1688.663
1621.288
1640.987
1627.597
1627.479
1612.504
1638.073
1628.818
1627.309
1650.609
1616.859
1601.953
1601.345
1630.611
1647.981
1672.606
1672.471
1666.918
1691.368
1651.463
1691.368
1664.394
1672.471
1672.606
1672.216
1594.476
1625.1
1649.503
1648.963
1625.653
1611.453
1578.063
1601.373
1601.778
1615.978
1624.078
1671.498
1671.459
1672.087
1672.606
1658.952
1638.221
1629.394
1626.24
1617.226
1614.99
1611.01
1549.373
1558.2
1571.853
1580.868
1583.103
1644.74
1665.471
1669.452
1672.606
1651.875
1621.419
1602.713
1597.051
1615.757
1636.895
1642.556
1705.402
1687.096
1677.596
1675.056
1664.733
1661.233
1644.002
1653.502
1670.733
1674.233
1676.772
1687.096
1705.402
1675.408
1594.558
1617.212
1614.839
1629.482
1629.356
1633.908
1630.494
1670.217
1701.772
1704.356
1740.697
1811.922
1822.689
1842.956
1890.772
1907.946
1914.598
1918.946
1936.554
1942.832
1946.397
1981.149
1980.997
1926.595
1980.997
1981.149
1975.253
1964.296
1850.166
1861.122
1867.019
1938.997
1934.071
1945.783
1976.131
1916.847
1953.924
1996.196
2026.445
2023.03
2037.921
2051.506
2059.185
2110.747
2064.916
2097.637
2101.788
2119.369
2092.265
2075.753
2075.282
1981.27
1988.693
1979.051
1978.408
2025.866
2026.36
2027.018
2006.506
2016.149
2016.926
2033.83
2080.544
2119.369
2097.657
2097.494
2072.424
2117.518
2098.708
2091.565
2110.375
2136.042
2140.292
2162.521
2162.688
2169.83
2189.116
2193.83
2205.366
2207.991
2209.461
2209.961
2211.97
2212.613
2216.185
2223.369
2225.994
2239.065
2244.173
2232.637
2230.012
2180.715
2191.983
2185.267
2160.198
2138.012
2063.474
2088.544
2163.081
2169.797
2142.165
2131.153
2178.151
2189.419
2142.165
2085.29
2085.131
2142.006
2142.165
2115.676
2115.216
2077.273
2076.659
2030.942
2021.523
2020.765
2051.973
2061.616
2078.521
2118.271
2118.914
2119.69
2147.44
2191.512
2191.983
2170.773
2137.75
2135.047
2093.477
2082.209
2044.177
1969.64
1920.286
1954.095
1993.033
2021.221
2032.488
2026.92
2071.711
2074.294
2094.561
2083.794
2128.648
2139.659
2142.165
2188.418
2238.73
2252.372
2289.19
2354.986
2409.965
2396.721
2417.019
2423.439
2473.726
2453.429
2433.603
2384.17
2403.574
2423.439
2413.13
2463.193
2457.296
2343.166
2332.209
2331.5
2324.489
2321.514
2306.079
2321.514
2328.524
2329.234
2332.209
2291.524
2292.082
2346.081
2348.779
2342.763
2322.888
2256.115
2281.181
2266.074
2265.644
2264.949
2256.332
2217.503
2216.916
2191.579
2155.285
2170.72
2258.601
2259.188
2284.524
2285.234
2285.674
2294.478
2330.772
2314.337
2352.2
2349.089
2345.122
2366.443
2317.224
2257.94
2250.611
2264.486
2323.77
2340.952
2348.281
2299.208
2303.175
2334.442
2330.772
2330.62
2276.217
2237.359
2206.489
2203.962
2184.136
2114.459
2103.927
2016.046
1980.495
2068.375
2107.234
2138.103
2207.78
2243.332
2245.859
2265.685
2276.217
2295.424
2295.864
2298.261
2315.435
2309.471
2315.981
2315.407
2314.713
2306.096
2220.085
2204.979
2180.181
2179.75
2144.229
2159.335
2194.856
2203.473
2203.904
2242.208
2242.771
2243.451
2267.732
2284.607
2288.38
2322.13
2294.27
2298.311
2304.893
2310.513
2208.763
2196.258
2208.519
2188.221
2121.66
2082.802
2122.381
2120.304
2170.616
2207.435
2179.581
2296.247
2285.188
2291.747
2304.796
2299.059
2352.911
2346.536
2344.24
2325.833
2309.375
2308.953
2266.555
2272.93
2289.388
2331.786
2350.193
2304.48
2304.893
2296.321
2254.788
2295.747
2295.602
2338
2344.016
2344.161
2352.911
2352.49
2310.091
2303.716
2287.258
2317.125
2314.779
2321.29
2338.098
2338.529
2357.327
2350.615
2304.893
2287.857
2242.679
2213.699
2211.679
2228.714
2230.735
2214.52
2258.795
2254.505
2218.755
2259.061
2296.031
2287.781
2302.444
2276.38
2302.432
2341.291
2376.043
2386.576
2395.185
2418.62
2372.346
2376.91
2402.973
2396.463
2353.162
2350.816
2350.386
2331.588
2314.779
2358.08
2358.511
2375.319
2394.117
2396.463
2402.973
2396.463
2379.654
2375.399
2371.91
2354.676
2348.532
2364.834
2371.486
2375.052
2381.329
2416.082
2433.255
2437.603
2455.212
2349.038
2339.908
2391.322
2442.727
2424.773
2424.313
2404.233
2397.278
2351.026
2348.52
2366.474
2373.429
2340.319
2385.544
2336.082
2336.522
2317.315
2273.073
2255.899
2303.581
2355.474
2348.52
2348.06
2256.185
2255.443
2246.239
2208.295
2181.807
2216.035
2215.407
2215.878
2216.506
2258.006
2284.494
2285.236
2301.372
2287.331
2296.331
2275.583
2273.133
2252.867
2255.317
2276.064
2296.331
2300.775
2336.3
2363.522
2364.989
2373.489
2421.614
2407.829
2411.394
2426.698
2419.688
2384.47
2380.533
2362.924
2358.62
2337.815
2355.424
2390.641
2394.579
2401.59
2405.894
2426.698
2396.111
2393.068
2386.057
2435.114
2441.239
2427.364
2368.08
2350.898
2353.284
2385.557
2402.023
2329.179
2296.906
2285.895
2283.253
2262.526
2221.901
2130.026
2092.858
2133.483
2136.125
2120.211
2130.978
2151.244
2174.155
2209.707
2248.702
2230.005
2218.803
2263.158
2310.572
2341.866
2330.855
2334.912
2345.923
2348.866
2368.838
2390.057
2402.023
2364.08
2409.64
2387.453
2349.779
2302.451
2275.346
2268.328
2197.336
2180.432
2064.146
2063.503
1967.253
1924.693
1910.402
1956.201
2004.6
1949.256
2004.6
2028.45
2043.456
2112.738
2110.89
2153.449
2192.021
2199.205
2270.154
2288.991
2308.404
2341.427
2360.84
2377.212
2415.06
2417.003
2440.958
2422.958
2386.958
2365.692
2361.292
2354.125
2350.1
2334.228
2341.239
2358.848
2379.652
2383.957
2387.894
2353.141
2349.576
2348.141
2309.283
2282.652
2274.337
2227.258
2211.954
2207.606
2215.921
2231.226
2221.785
2223.189
2226.678
2230.934
2264.947
2262.878
2241.696
2238
2272.12
2252.328
2285.144
2229.644
2222.011
2251.109
2258.908
2315.614
2336.266
2351.701
2370.908
2374.845
2387.894
2300.014
2230.337
2219.804
2180.946
2161.12
2158.592
2123.041
2092.171
2115.851
2101.354
2135.424
2137.846
2176.717
2186.605
2178.623
2196.863
2284.223
2307.533
2334.833
2338.113
2357.253
2358.933
2365.383
2393.783
2374.643
2358.443
2354.82
2350.86
2318.46
2359.194
2330.214
2326.867
2303.082
2296.5
2268.643
2179.5
2177.786
2158.255
2247.398
2271.184
2300.163
2328.02
2329.735
2336.316
2339.663
2359.194
2386.89
2389.14
2399.028
2379.559
2319.758
2313.471
2211.721
2169.323
2123.203
2130.346
2141.44
2128.391
2126.407
2183.857
2246.431
2258.681
2278.151
2284.309
2320.788
2318.648
2351.048
2354.832
2322.207
2314.401
2310.319
2306.972
2270.492
2292.273
2277.607
2324.662
2358.676
2373.654
2349.724
2351.099
2339.597
2343.679
2347.026
2354.832
2351.048
2323.748
2322.068
2293.668
2290.388
2267.078
2179.718
2173.268
2154.128
2173.268
2216.301
2222.625
2224.272
2247.125
2273.89
2277.105
2304.949
2302.787
2293.287
2302.787
2304.949
2286.642
2284.48
2266.598
2284.48
2302.787
2304.949
2304.811
2299.15
2290.914
2251.01
2247.794
2219.951
2193.186
2170.333
2164.01
2162.363
2118.25
2099.11
2118.25
2145.55
2168.86
2211.98
2213.627
2241.471
2244.686
2251.01
2290.255
2258.283
2242.083
2238.083
2222.283
2261.39
2305.086
2309.253
2342.557
2345.974
2351.99
2358.365
2374.823
2391.698
2381.604
2379.307
2389.401
2391.698
2363.26
2361.51
2354.792
2334.854
2243.854
2288.106
2257.894
2233.096
2277.573
2280.99
2258.224
2264.806
2292.663
2275.21
2294.35
2296.03
2293.825
2284.135
2293.825
2251.01
2232.245
2146.598
2118.755
2112.431
2151.4
2124.1
2165.735
2186.573
2193.292
2221.729
2225.146
2245.083
2228.245
2229.959
2253.745
2296.03
2298.078
2330.785
2331.19
2332.91
2334.89
2368.28
2372.24
2379.59
2389.28
2396.63
2437.333
2399.424
2406.63
2415.042
2428.963
2432.515
2460.103
2511.25
2518.284
2508.784
2506.623
2509.162
2463.793
2486.207
2487.861
2501.514
2518.413
2520.433
2522.337
2543.178
2548.981
2556.337
2557.99
2559.644
2567
2583.99
2556.683
2540.63
2567.938
2583.99
2614.733
2599.125
2607.785
2615.88
2593.734
2599.081
2600.644
2605.157
2612.935
2642.539
2649.345
2697.65
2735.338
2748.486
2748.616
2750.56
2725.641
2749.409
2759.391
2763.291
2772.1
2773.634
2813.009
2817.441
2824.123
2827.423
2847.023
2935.823
2937.936
2938.53
2955.505
2957.993
2961.286
2978.632
2980.195
3038.47
3055.743
3060.993
3061.12
3031.386
3022.577
2964.302
2890.802
2864.984
2832.484
2830.37
2813.789
2822.598
2839.18
2897.455
2899.568
2873.147
2854.101
2882.792
2902.787
2885.621
2894.926
2906.96
2919.773
2924.667
2947.669
2970.672
2980.845
2961.091
2937.023
2934.244
2928.778
2905.642
2904.218
2830.184
2813.964
2790.731
2813.481
2829.431
2834.806
2807.441
2810.129
2835.256
2836.611
2836.724
2840.063
2855.121
2859.96
2862.605
2870.734
2912.806
2938.935
2964.72
2966.317
2967.704
2972.639
2977.478
2996.276
3003.196
3020.817
3062.889
3078.438
3119.843
3100.627
3107.189
3124.123
3137.854
3143.83
3157.561
3170.604
3170.92
3187.99
3215.92
3226.92
3229.709
3231.732
3237.475
3278.232
3285.404
3242.613
3256.133
3261.652
3268.863
3270.652
3272.758
3274.454
3258.383
3261.087
3274.155
3282.428
3286.538
3289.538
3259.951
3267.183
3236.276
3246.629
3247.864
3221.185
3221.478
3225.409
3226.304
3246.696
3249.326
3252.859
3268.565
3269.522
3299.016
3300.614
3313.832
3320.063
3323.063
3323.357
3277.88
3290.909
3289.966
3267.129
3241.593
3231.536
3226.071
3223.214
3192.277
3174.777
3218.411
3220.788
3226.332
3197.741
3220.579
3200.394
3186.023
3188.8
3198.578
3199.495
3195.016
3178.828
3176.55
3157.592
3137.87
3136.703
3167.403
3105.882
3123.411
3139.599
3158.557
3160.835
3162.002
3138.139
3151.248
3155.666
3157.176
3164.389
3167.224
3173.861
3187.197
3259.115
3264.539
3270.293
3288.991
3296.512
3264.897
3265.338
3265.703
3265.986
3240.535
3244.152
3298.052
3299.417
3300.297
3286
3307.035
3316.008
3317.113
3335.271
3336.382
3359.901
3363.928
3375.276
3396.311
3393.962
3351.789
3339.237
3337.707
3332.049
3330.248
3311.735
3317.393
3318.923
3337.436
3339.237
3337.495
3349.885
3352.203
3337.607
3337.697
3347.825
3332.861
3346.579
3350.661
3310.156
3318.681
3331.636
3340.056
3351.833
3352.083
3353.444
3334.348
3305.669
3304.472
3311.74
3314.969
3319.522
3357.679
3352.571
3353.79
3354.969
3337.734
3313.167
3329.214
3331.708
3344.411
3327.694
3329.746
3348.366
3354.677
3364.591
3380.453
3381.418
3385.97
3400.996
3382.198
3359.901
3370.264
3378.497
3379.452
3382.881
3386.358
3386.699
3386.929
3395.202
3395.952
3402.19
3405.668
3420.523
3440.835
3443.605
3448.821
3439.379
3446.124
3413.433
3377.571
3386.473
3385.348
3403.15
3405.348
3401.144
3379.61
3403.673
3372.493
3373.679
3375.151
3376.914
3378.419
3375.194
3365.155
3363.235
3363.16
3351.569
3343.074
3343.397
3351.526
3353.138
3355.445
3355.52
3365.559
3377.151
3343.122
3346.314
3356.463
3366.165
3374.569
3382.122
3399.52
3396.089
3381.568
3366.461
3354.063
3353.169
3351.424
3304.956
3294.775
3304.124
3304.443
3296.001
3306.075
3309.233
3313.259
3323.087
3303.263
3305.497
3307.206
3324.081
3295.008
3296.343
3304.137
3320.617
3322.061
3329.566
3349.162
3337.693
3335.864
3352.227
3352.432
3357.947
3358.816
3357.947
3362.038
3367.553
3372.189
3386.129
3364.254
3380.402
3358.848
3360.828
3332.542
3333.824
3344.554
3344.814
3331.377
3344.814
3345.015
3337.985
3347.229
3343.677
3352.217
3352.514
3355.484
3363.504
3362.222
3366.38
3345.386
3336.033
3320.151
3302.626
3296.741
3248.859
3229.046
3207.127
3236.181
3248.313
3254.376
3224.85
3245.201
3230.769
3240.214
3262.132
3281.621
3297.178
3312.907
3316.751
3335.34
3339.018
3348.818
3344.446
3342.885
3355.81
3363.524
3372.638
3353.624
3357.954
3359.245
3363.816
3365.363
3365.429
3366.363
3371.514
3368.047
3377.075
3401.684
3403.552
3418.633
3423.6
3423.666
3433.836
3427.138
3435.473
3431.737
3416.656
3414.356
3409.785
3392.922
3390.899
3379.342
3401.26
3411.526
3416.14
3431.365
3448.389
3450.711
3454.482
3456.525
3435.473
3435.728
3437.143
3439.096
3442.704
3443.995
3445.708
3416.939
3425.152
3426.362
3447.051
3460.356
3463.03
3470.345
3468.088
3471.41
3472.609
3435.178
3427.449
3419.949
3397.289
3400.798
3402.174
3422.484
3430.142
3439.073
3435.138
3441.651
3413.107
3420.47
3421.07
3423.798
3431.786
3429.005
3430.627
3421.955
3410.636
3411.393
3417.537
3419.339
3425.898
3432.456
3442.168
3450.789
3452.722
3464.499
3476.796
3468.88
3469.873
3439.876
3448.09
3445.419
3460.194
3445.419
3459.566
3464.425
3464.657
3435.232
3436.154
3437.075
3445.264
3452.194
3453.092
3424.64
3459.792
3473.879
3481.998
3483.798
3495.869
3496.401
3497.125
3493.957
3489.78
3481.732
3486.995
3495.387
3501.456
3478.969
3484.143
3487.236
3497.283
3474.796
3475.798
3483.847
3480.55
3484.041
3487.532
3489.634
3497.884
3509.651
3510.556
3510.381
3515.114
3514.582
3517.071
3528.341
3535.957
3532.259
3541.601
3545.3
3522.132
3520.44
3519.333
3521.417
3527.434
3539.459
3535.536
3536.434
3535.491
3537.575
3539.344
3539.872
3543.141
3556.804
3557.702
3560.768
3556.46
3559.73
3566.482
3571.612
3574.08
3582.234
3581.955
3583.357
3584.35
3585.899
3584.129
3591.264
3578.076
3572.297
3569.182
3576.629
3577.727
3581.083
3580.911
3584.547
3577.1
3556.834
3549.17
3560.994
3527.023
3527.729
3535.393
3534.216
3540.305
3552.128
3559.143
3547.53
3552.618
3533.381
3530.108
3541.844
3544.338
3522.78
3533.996
3536.661
3524.926
3526.698
3527.938
3528.208
3519.179
3507.774
3509.129
3513.133
3526.649
3524.407
3533.316
3534.813
3534.59
3533.09
3542.722
3544.375
3537.247
3538.883
3539.581
3541.353
3540.442
3541.512
3534.983
3526.027
3526.724
3524.71
3532.011
3535.284
3541.532
3538.495
3520.199
3518.702
3524.339
3519.826
3525.843
3519.149
3510.192
3520.996
3528.298
3529.008
3525.537
3514.733
3510.382
3510.556
3516.192
3518.721
3526.258
3526.481
3515.327
3522.98
3523.225
3521.996
3506.504
3503.564
3493.523
3495.982
3500.482
3499.334
3507.154
3508.498
3511.141
3514.277
3518.752
3505.649
3487.503
3488.315
3466.933
3467.149
3473.087
3461.963
3445.282
3447.505
3453.276
3453.543
3448.539
3449.227
3450.715
3460.268
3469.152
3467.689
3466.736
3465.875
3462.432
3446.941
3445.318
3448.76
3450.245
3454.216
3450.774
3454.745
3453.623
3459.213
3459.047
3472.151
3465.511
3457.532
3459.899
3463.341
3465.099
3446.403
3452.55
3453.236
3447.089
3439.333
3439.089
3442.577
3440.596
3434.823
3436.805
3436.106
3437.439
3440.854
3440.049
3413.516
3419.387
3427.238
3444.703
3430.287
3436.82
3428.126
3426.916
3426.384
3419.259
3409.23
3402.2
3416.865
3419.018
3421.865
3428.71
3403.273
3401.686
3402.797
3383.483
3390.403
3388.027
3396.56
3406.853
3399.788
3391.366
3376.601
3374.257
3386.913
3384.042
3385.054
3377.632
3376.976
3371.647
3360.866
3364.452
3367.812
3358.706
3355.835
3368.611
3367.75
3366.188
3373.793
3384.457
3386.361
3386.525
3376.955
3375.279
3376.694
3378.257
3385.733
3382.745
3381.837
3380.442
3384.731
3372.242
3374.146
3384.811
3387.33
3397.543
3395.424
3395.266
3370.226
3373.577
3373.522
3374.694
3373.921
3361.265
3361.03
3360.358
3360.613
3343.318
3341.414
3339.158
3340.02
3334.473
3342.895
3332.292
3331.492
3327.906
3332.596
3332.801
3334.92
3347.696
3348.47
3338.257
3340.513
3340.718
3345.407
3346.181
3346.415
3335.321
3335.978
3337.653
3340.456
3327.68
3329.227
3329.021
3342.986
3358.886
3345.79
3345.735
3344.65
3342.15
3333.749
3330.784
3362.121
3349.729
3336.804
3340.104
3320.038
3327.527
3317.027
3316.031
3318.512
3326
3312.25
3301.327
3281.262
3280.108
3270.052
3270.208
3270.683
3239.587
3236.356
3229.935
3233.465
3222.965
3223.727
3216.931
3217.58
3221.803
3212.838
3223.761
3222.913
3228.328
3228.559
3230.866
3228.559
3232.436
3225.128
3228.659
3230.055
3213.026
3210.805
3214.532
3224.971
3222.617
3228.433
3229.587
3217.289
3206.466
3201.051
3199.513
3182.854
3179.912
3179.404
3169.981
3156.231
3154.969
3142.672
3148.088
3160.385
3174.135
3183.558
3185.096
3186.358
3189.3
3205.959
3206.466
3205.805
3209.113
3210.007
3193.348
3192.295
3205.138
3192.676
3211.926
3215.157
3215.211
3215.998
3221.46
3225.065
3235.565
3228.384
3229.922
3230.397
3230.451
3233.751
3239.166
3259.232
3252.216
3221.12
3220.226
3206.476
3195.553
3207.647
3203.891
3179.046
3191.723
3192.624
3199.694
3203.45
3228.296
3259.633
3270.641
3284.497
3289.15
3304.926
3300.671
3288.278
3272.502
3272.711
3262.191
3266.447
3263.666
3254.631
3240.518
3200.134
3209.049
3206.243
3219.888
3236.787
3242.207
3241.451
3246.657
3257.017
3252.435
3251.073
3251.019
3253.939
3246.656
3242.466
3243.11
3246.03
3258.438
3221.438
3213.5
3214.132
3215.105
3215.308
3215.256
3215.053
3216.885
3216.938
3211.254
3221.63
3220.397
3208.216
3207.187
3212.525
3210.913
3214.07
3213.281
3213.123
3226.563
3209.918
3246.64
3244.384
3247.61
3247.114
3247.76
3254.403
3260.493
3256.704
3261.997
3258.354
3241.71
3236.193
3238.477
3243.91
3231.979
3231.828
3231.199
3232.743
3214.068
3207.632
3205.477
3212.444
3224.826
3227.759
3224.926
3186.037
3193.104
3196.576
3194.309
3171.925
3163.355
3162.583
3152.971
3154.176
3157.154
3144.011
3134.032
3133.981
3146.256
3158.941
3145.893
3139.236
3137.725
3133.74
3133.112
3138.426
3167.933
3159.959
3166.052
3165.436
3163.203
3164.505
3152.319
3146.226
3144.246
3142.467
3136.053
3130.914
3124.5
3131.464
3153.678
3155.897
3155.086
3156.399
3154.193
3177.76
3184.775
3178.637
3179.843
3172.978
3166.113
3165.302
3158.597
3165.461
3143.161
3149.818
3114.168
3120.08
3123.146
3113.073
3122.979
3118.972
3125.421
3144.461
3134.388
3125.446
3128.129
3121.472
3121.71
3122.338
3121.571
3134.619
3131.827
3130.63
3117.582
3123.349
3124.673
3121.137
3119.815
3120.034
3113.118
3112.126
3114.313
3121.078
3118.306
3119.067
3115.089
3105.538
3111.743
3114.495
3111.009
3109.725
3103.008
3102.076
3095.754
3091.967
3091.362
3092.906
3111.672
3109.594
3113.382
3114.314
3120.636
3119.924
3126.787
3121.348
3124.834
3131.55
3135.869
3135.25
3136.534
3114.918
3114.318
3115.068
3116.362
3108.558
3102.915
3091.496
3092.204
3088.021
3090.894
3092.817
3086.585
3087.053
3087.245
3090.569
3103.199
3087.609
3086.334
3089.635
3090.453
3084.031
3076.399
3083.117
3085.23
3078.799
3079.389
3079.531
3073.499
3070.73
3071.317
3062.176
3060.066
3054.999
3048.622
3039.131
3037.684
3042.607
3039.932
3034.267
3036.407
3026.568
3020.039
3019.856
3019.254
3016.045
3022.422
3022.854
3028.999
3031.018
3032.723
3035.398
3036.898
3033.216
3047.448
3046.542
3051.507
3057.031
3056.26
3052.415
3046.299
3049.641
3053.272
3049.796
3048.83
3076.709
3080.92
3082.285
3084.509
3082.285
3085.627
3079.047
3079.272
3076.376
3071.355
3070.649
3071.615
3071.035
3079.484
3079.259
3081.369
3079.498
3079.043
3084.491
3074.974
3074.081
3080.714
3083.231
3076.985
3098.938
3101.883
3102.106
3097.925
3088.288
3083.11
3081.866
3079.409
3068.46
3057.364
3046.225
3047.44
3040.067
3022.322
3011.496
3011.448
3011.271
3014.438
3023.523
3029.925
3028.825
3022.291
3021.19
3024.07
3023.33
3016.907
3018.236
3029.211
3028.205
3028.909
3056.04
3061.114
3059.176
3064.062
3062.733
3070.007
3064.218
3064.082
3046.576
3044.562
3047.643
3049.581
3052.399
3052.54
3058.329
3064.732
3064.779
3091.909
3088.245
3084.993
3091.416
3082.643
3083.743
3088.817
3088.616
3085.233
3081.982
3075.448
3076.664
3072.979
3081.201
3087.623
3087.06
3086.919
3087.606
3096.714
3089.479
3083.076
3088.15
3090.617
3094.645
3104.088
3121.595
3112.821
3095.429
3080.992
3082.372
3079.672
3092.272
3091.178
3093.103
3088.557
3084.487
3089.527
3090.847
3090.435
3089.873
3085.019
3083.589
3082.379
3081.819
3086.513
3086.378
3088.769
3087.339
3086.476
3087.176
3090.301
3087.176
3089.216
3082.992
3082.292
3077.462
3067.995
3068.695
3073.525
3062.575
3068.892
3054.55
3053.239
3056.875
3064.052
3060.714
3071.443
3077.262
3083.709
3083.883
3069.541
3069.363
3071.159
3070.589
3067.742
3063.079
3060.546
3060.762
3047.285
3047.086
3049.462
3051.896
3054.031
3055.118
3053.091
3062.079
3055.741
3055.185
3055.743
3056.943
3057.673
3060.049
3058.628
3057.429
3059.416
3068.733
3059.746
3048.958
3052.274
3042.932
3039.616
3036.853
3039.369
3039.323
3038.672
3037.771
3028.429
3022.938
3026.53
3027.832
3025.227
3023.816
3022.829
3030.888
3030.237
3039.579
3038.217
3047.197
3047.243
3049.76
3050.315
3055.807
3056.004
3056.177
3061.989
3070.918
3069.743
3071.059
3080.316
3081.632
3090.974
3081.993
3047.454
3050.918
3056.115
3059.303
3060.664
3050.007
3057.674
3052.477
3064.911
3058.615
3057.942
3057.727
3047.023
3039.977
3039.131
3039.693
3036.105
3032.516
3031.796
3031.619
3030.217
3029.237
3029.1
3027.127
3026.576
3026.172
3026.31
3027.712
3028.432
3028.836
3029.387
3032.975
3034.948
3035.124
3036.105
3034.144
3027.098
3026.026
3025.266
3024.286
3021.222
3019.82
2998.872
2999.048
2997.695
2996.342
3008.695
3004.055
3001.408
2996.767
3002.542
2999.542
3000.301
3021.25
3024.314
3027.314
3028.667
3029.739
3036.784
3041.425
3038.131
3038.693
3032.438
3034.938
3003.016
3003.212
3003.08
3002.649
3001.465
3001.269
2980.32
2980.188
2994.927
2991.362
3002.203
3012.584
3009.293
3008.122
2979.941
2987.46
2986.183
2977.022
2948.841
2954.725
2951.599
2965.571
2968.595
3002.466
3003.637
2996.645
2997.528
2992.831
3007.837
3010.223
3008.64
3003.936
3000.371
2997.098
3002.228
2999.442
2998.8
2999.976
3008.802
3008.971
2998.657
3024.738
3022.423
3020.851
3020.14
3011.062
3008.101
3008.146
3015.101
3015.74
3003.546
2969.675
2963.52
2950.39
2946.518
2936.066
2921.784
2909.042
2916.373
2914.4
2915.295
2915.427
2913.455
2915.8
2915.663
2909.427
2905.504
2900.864
2899.462
2898.39
2900.277
2900.323
2906.066
2906.628
2901.465
2902.759
2902.038
2895.676
2898.842
2899.489
2901.597
2918.646
2918.095
2917.543
2915.656
2928.438
2929.412
2923.349
2918.92
2926.489
2925.515
2928.086
2927.891
2924.346
2927.492
2918.628
2914.018
2916.502
2920.399
2921.558
2908.343
2925.282
2925.457
2914.838
2916.797
2914.011
2905.199
2904.653
2894.134
2891.748
2920.111
2903.861
2915.468
2909.406
2906.425
2907.068
2903.17
2902.489
2904.25
2904.795
2906.557
2900.82
2913.615
2909.073
2905.2
2894.886
2900.586
2902.56
2913.012
2900.429
2897.977
2872.063
2866.4
2866.823
2862.31
2862.142
2863.286
2864.613
2858.478
2853.966
2856.716
2861.36
2863.956
2869.941
2859.239
2862.758
2867.95
2870.018
2873.865
2866.955
2879.803
2879.595
2880.467
2885.783
2889.672
2902.635
2874.813
2871.727
2875.55
2872.564
2874.475
2868.848
2869.588
2866.111
2886.525
2889.511
2891.947
2892.368
2891.627
2892.162
2887.678
2890.602
2895.634
2890.317
2880.135
2883.631
2884.456
2889.615
2890.507
2888.051
2880.675
2890.928
2911.214
2898.879
2888.594
2885.546
2885.716
2882.829
2874.294
2873.351
2875.607
2844.89
2848.343
2843.248
2852.179
2858.302
2862.077
2859.821
2849.535
2852.483
2848.056
2847.667
2843.202
2842.814
2837.257
2839.748
2837.043
2836.515
2837.546
2832.02
2823.798
2820.345
2815.767
2819.606
2819.776
2803.37
2772.653
2774.54
2769.785
2776.601
2777.462
2783.019
2770.219
2771.752
2766.226
2771.782
2772.476
2773.017
2772.285
2769.795
2786.2
2787.502
2793.029
2799.152
2797.894
2802.359
2818.098
2818.742
2827.591
2828.006
2826.657
2826.269
2834.948
2835.98
2841.536
2844.083
2843.439
2842.138
2844.024
2846.911
2847.772
2846.527
2845.998
2844.074
2848.539
2850.945
2851.605
2858.476
2846.59
2840.59
2860.748
2869.283
2860.352
2849.852
2850.017
2848.093
2848.786
2849.928
2856.744
2862.48
2856.461
2847.925
2841.925
2846.391
2842.101
2840.285
2839.663
2838.521
2834.232
2832.204
2832.935
2848.674
2849.204
2846.506
2849.204
2847.498
2848.192
2847.461
2838.876
2838.706
2836.89
2833.115
2840.819
2843.866
2839.439
2845.414
2844.382
2830.762
2830.101
2818.859
2802.454
2811.303
2809.487
2796.687
2803.558
2797.436
2796.178
2794.253
2784.199
2782.383
2777.289
2776.257
2771.289
2772.546
2773.578
2783.632
2785.557
2787.373
2792.467
2797.436
2799.841
2800.983
2812.869
2816.181
2817.887
2818.092
2816.953
2816.138
2820.893
2837.299
2834.351
2841.681
2841.476
2837.01
2834.52
2832.445
2834.976
2837.845
2833.582
2839.074
2835.323
2835.86
2835.904
2831.504
2823.848
2822.598
2812.606
2811.581
2800.409
2799.997
2797.606
2784.071
2794.063
2784.317
2786.693
2787.102
2788.345
2789.363
2802.814
2807.187
2800.893
2796.421
2801.421
2799.059
2801.559
2800.547
2801.078
2785.63
2779.742
2773.732
2779.495
2779.681
2781.671
2782.906
2781.894
2779.301
2784.931
2776.245
2773.653
2776.245
2808.653
2809.37
2810.296
2808.972
2809.817
2811.141
2810.493
2809.169
2810.271
2806.502
2802.797
2808.686
2800.001
2797.01
2797.053
2806.921
2801.158
2801.325
2798.825
2773.871
2775.376
2775.174
2774.526
2774.651
2778.022
2781.392
2786.269
2784.991
2776.613
2777.731
2784.926
2789.272
2791.716
2791.068
2798.63
2794.136
2792.353
2798.218
2796.403
2785.437
2786.065
2783.581
2782.786
2777.395
2776.168
2782.021
2776.729
2779.306
2771.791
2772.585
2771.09
2765.237
2770.084
2761.452
2761.967
2763.283
2764.947
2759.119
2734.318
2734.995
2728.346
2722.373
2717.527
2749.735
2752.708
2755.524
2755.34
2763.666
2773.699
2760.413
2761.089
2766.942
2778.537
2765.251
2762.619
2761.524
2741.86
2741.343
2737.975
2732.683
2737.15
2736.436
2737.357
2736.839
2742.692
2734.317
2729.851
2726.879
2725.002
2726.008
2729.357
2728.143
2725.888
2736.854
2736.811
2738.689
2737.193
2728.482
2721.331
2727.16
2720.009
2749.972
2757.992
2756.497
2754.242
2753.448
2751.952
2751.435
2755.18
2759.364
2766.067
2767.383
2778.978
2776.346
2767.634
2769.835
2766.959
2762.64
2755.49
2755.447
2750.056
2749.412
2754.803
2753.692
2759.664
2772.95
2782.889
2772.95
2775.527
2775.366
2782.015
2782.139
2783.234
2773.426
2778.396
2775.966
2795.63
2795.464
2802.166
2796.314
2794.462
2769.662
2801.87
2807.843
2816.475
2816.854
2800.85
2797.168
2796.561
2788.235
2787.719
2789.974
2788.747
2788.547
2798.789
2800.059
2808.385
2815.9
2805.658
2805.534
2802.561
2803.673
2804.301
2806.555
2820.137
2817.56
2818.075
2819.847
2830.813
2830.295
2828.455
2826.254
2818.738
2815.863
2812.89
2820.041
2833.327
2832.213
2832.052
2833.903
2833.19
2832.514
2822.575
2829.189
2826.097
2827.192
2832.787
2848.769
2849.87
2850.67
2849.448
2844.954
2843.091
2832.057
2837.511
2837.468
2832.591
2832.06
2825.37
2826.472
2823.88
2826.528
2817.762
2814.772
2809.142
2798.108
2797.39
2772.437
2752.652
2742.557
2741.877
2744.867
2739.003
2769.151
2772.522
2773.042
2770.681
2738.274
2735.283
2734.438
2739.438
2742.429
2742.267
2738.878
2742.647
2737.98
2738.181
2746.251
2730.803
2728.813
2726.451
2731.328
2734.319
2738.985
2740.66
2735.66
2731.166
2746.336
2749.001
2749.411
2747.408
2749.783
2750.653
2754.044
2754.001
2753.467
2754.102
2764.26
2761.595
2748.144
2755.384
2752.719
2758.663
2770.383
2774.783
2772.158
2771.283
2758.563
2763.001
2760.132
2762.607
2761.988
2761.857
2766.257
2764.963
2765.838
2768.313
2770.188
2775.126
2779.851
2778.155
2781.446
2775.746
2801.012
2792.137
2797.629
2803.02
2805.495
2801.743
2806.96
2802.166
2802.352
2803.005
2804.13
2787.928
2785.925
2760.816
2761.943
2762.793
2760.565
2785.674
2784.742
2786.536
2774.797
2772.922
2766.191
2765.259
2768.269
2768.884
2771.734
2769.275
2764.579
2766.453
2769.863
2772.323
2772.12
2764.881
2768.673
2758.304
2758.988
2758.119
2773.662
2779.709
2778.024
2776.915
2780.707
2795.95
2765.802
2767.306
2766.785
2770.174
2765.298
2767.512
2780.88
2789.646
2795.275
2798.109
2800.47
2773.507
2772.495
2781.18
2778.819
2793.979
2794.358
2786.338
2788.11
2787.582
2782.461
2767.108
2769.087
2767.108
2759.593
2746.307
2748.653
2750.854
2759.321
2753.449
2746.299
2741.452
2742.566
2745.382
2743.541
2743.376
2752.008
2750.781
2749.117
2743.144
2751.164
2753.041
2752.365
2755.003
2741.422
2749.748
2752.324
2751.318
2750.791
2754.473
2759.864
2751.538
2753.31
2748.844
2746.212
2744.011
2743.827
2753.765
2753.387
2726.589
2725.669
2720.074
2731.04
2731.555
2725.702
2724.607
2738.189
2736.919
2731.528
2729.181
2734.028
2729.672
2754.472
2750.117
2746.434
2744.594
2752.968
2772.631
2770.791
2768.913
2801.122
2806.85
2811.696
2804.546
2803.918
2812.292
2813.087
2799.801
2797.371
2802.663
2805.893
2800.165
2803.257
2798.901
2798.717
2796.738
2796.573
2793.697
2798.016
2799.995
2810.237
2811.464
2825.045
2822.407
2812.469
2804.002
2811.153
2809.488
2801.163
2781.499
2787.352
2790.168
2791.484
2792.112
2794.597
2791.229
2785.808
2790.275
2787.928
2786.817
2786.289
2787.002
2792.855
2784.223
2783.616
2786.588
2784.924
2794.863
2792.985
2788.016
2772.013
2773.785
2774.429
2769.791
2765.153
2757.637
2760.122
2757.03
2759.008
2753.281
2780.078
2774.651
2775.163
2750.514
2749.306
2757.277
2741.372
2736.762
2704.75
2703.543
2702.708
2701.4
2704.729
2704.021
2706.353
2681.704
2651.923
2650.923
2680.704
2687.277
2689.117
2688.993
2683.2
2694.725
2664.944
2635.164
2630.225
2630.737
2600.957
2620.5
2629.928
2631.779
2625.908
2629.138
2634.529
2634.572
2640.3
2641.306
2611.343
2610.128
2615.419
2620.53
2619.412
2605.346
2600.439
2600.396
2613.847
2616.512
2613.502
2621.932
2628.663
2628.826
2637.646
2636.627
2635.905
2624.803
2625.653
2618.044
2622.544
2620.168
2616.777
2614.168
2621.408
2625.78
2629.509
2629.345
2620.526
2623.535
2623.665
2635.405
2641.203
2643.663
2633.505
2630.99
2626.58
2625.965
2628.816
2613.273
2612.863
2610.962
2591.054
2605.208
2606.486
2606.079
2625.863
2623.363
2628.817
2631.465
2626.589
2631.255
2633.755
2627.891
2624.502
2629.169
2635.033
2634.385
2635.033
2602.626
2592.487
2602.729
2603.65
2603.607
2604.122
2606.377
2609.252
2619.285
2616.469
2625.181
2631.794
2638.945
2637.449
2638.244
2636.974
2637.581
2644.284
2669.084
2671.9
2670.584
2668.383
2668.584
2663.163
2658.525
2659.752
2627.544
2636.176
2627.464
2626.544
2627.151
2628.01
2626.031
2625.355
2618.653
2611.95
2615.042
2614.637
2618.005
2619.1
2622.783
2621.688
2622.801
2633.084
2637.961
2632.072
2621.038
2594.075
2592.973
2588.627
2591.461
2590.616
2592.398
2595.389
2588.699
2589.977
2590.162
2587.269
2581.404
2576.932
2574.571
2579.043
2584.367
2586.728
2581.728
2584.622
2581.974
2586.356
2590.85
2590.665
2588.397
2587.876
2596.253
2602.16
2599.506
2598.386
2595.793
2615.578
2607.059
2607.184
2609.927
2602.688
2606.48
2603.629
2598.141
2602.641
2612.571
2606.645
2591.102
2575.558
2575.761
2585.823
2583.158
2576.463
2576.295
2576.91
2585.481
2584.55
2598.3
2606.778
2607.302
2603.911
2595.481
2592.966
2596.096
2594.971
2596.872
2602.918
2603.302
2610.033
2611.827
2613.512
2603.142
2605.37
2611.169
2625.098
2625.286
2619.586
2627.756
2630.784
2631.659
2629.269
2628.613
2629.15
2632.178
2604.878
2602.347
2599.056
2600.397
2603.688
2602.832
2602.023
2601.979
2602.668
2603.054
2601.804
2596.282
2597.977
2584.141
2572.329
2571.454
2562.972
2560.103
2558.298
2556.423
2561.148
2560.123
2557.095
2553.664
2553.139
2552.023
2551.384
2551.18
2551.566
2544.792
2543.677
2546.208
2547.903
2558.338
2564.422
2573.216
2576.084
2571.822
2574.752
2590.392
2589.773
2583
2588.522
2583
2587.438
2587.965
2593.027
2560.215
2560.011
2565.503
2562.213
2577.853
2577.234
2578.484
2578.098
2578.511
2584.003
2590.741
2598.397
2598.353
2592.372
2590.13
2605.77
2585.738
2594.27
2593.395
2584.601
2581.188
2575.696
2583.311
2584.171
2583.528
2567.789
2562.82
2557.395
2555.509
2549.509
2549.674
2544.705
2541.658
2544.064
2542.762
2543.406
2543.934
2544.795
2543.653
2543.112
2549.983
2529.825
2520.895
2517.947
2511.824
2514.314
2520.333
2511.403
2508.516
2502.78
2501.247
2492.568
2491.426
2489.115
2489.775
2487.464
2483.689
2481.198
2472.267
2468.814
2474.371
2480.494
2479.8
2466.18
2464.152
2465.291
2481.03
2492.823
2498.041
2502.978
2501.455
2499.759
2490.966
2489.941
2478.769
2477.519
2473.119
2470.728
2470.316
2456.78
2464.528
2454.473
2456.879
2457.91
2469.153
2482.773
2490.477
2500.531
2500.947
2502.204
2506.632
2510.066
2514.623
2513.808
2514.339
2524.393
2516.171
2524.756
2520.981
2510.792
2513.679
2515.495
2513.09
2513.618
2515.542
2518.854
2521.552
2523.258
2520.211
2520.871
2517.031
2515.325
2525.514
2535.703
2531.237
2530.377
2530.171
2528.143
2527.45
2516.95
2523.766
2525.664
2529.116
2526.86
2526.445
2520.888
2523.436
2524.129
2515.28
2511.827
2510.688
2510.815
2524.436
2529.686
2530.943
2532.972
2531.074
2526.646
2536.835
2540.269
2539.741
2537.335
2539.825
2542.995
2534.774
2537.03
2541.785
2542.816
2549.687
2548.564
2539.715
2541.744
2552.986
2554.108
2554.297
2553.909
2523.192
2522.331
2522.991
2511.105
2525.028
2524.167
2533.016
2533.747
2530.86
2531.553
2534.044
2541.374
2541.579
2542.223
2525.818
2523.176
2524.478
2519.228
2523.693
2518.599
2520.132
2527.836
2536.058
2546.558
2541.308
2538.818
2533.291
2531.263
2535.038
2540.132
2545.382
2552.162
2552.294
2553.025
2558.275
2554.436
2553.621
2549.781
2549.825
2546.877
2549.189
2549.354
2555.09
2555.95
2557.092
2571.635
2566.143
2568.83
2566.588
2561.651
2562.063
2559.438
2560.127
2562.752
2557.69
2558.627
2560.643
2556.243
2558.718
2559.104
2556.423
2561.945
2561.42
2564.349
2566.154
2560.454
2568.936
2570.811
2545.545
2536.752
2520.448
2517.017
2517.148
2517.561
2504.026
2498.063
2498.227
2514.53
2534.563
2518.922
2513.087
2513.213
2521.838
2522.457
2523.589
2526.739
2531.139
2531.013
2527.984
2540.704
2534.741
2522.128
2527.586
2528.222
2541.972
2553.244
2546.59
2556.684
2554.036
2554.221
2555.066
2554.904
2544.809
2512.402
2501.368
2484.296
2471.655
2475.891
2480.587
2489.016
2488.849
2480.029
2478.743
2489.845
2488.737
2482.69
2477.783
2477.249
2474.398
2476.299
2473.448
2488.218
2521.03
2524.782
2524.613
2522.138
2535.673
2532.383
2529.908
2532.533
2528.781
2530.667
2534.93
2528.102
2528.957
2528.545
2528.02
2529.905
2532.202
2519.605
2518.477
2518.275
2513.244
2515.144
2512.769
2505.16
2499.113
2468.778
2471.443
2474.293
2441.685
2434.446
2444.603
2438.678
2433.982
2441.591
2442.718
2433.979
2431.603
2429.321
2428.47
2432.97
2433.821
2430.97
2425.069
2429.479
2443.229
2433.3
2441.68
2440.564
2450.785
2455.335
2455.204
2429.938
2433.229
2432.54
2432.413
2426.713
2426.024
2420.189
2420.878
2426.578
2432.413
2435.441
2433.637
2436.324
2420.684
2420.146
2419.609
2409.484
2402.199
2397.762
2400.912
2405.849
2404.154
2393.72
2387.757
2377.536
2361.895
2364.825
2365.029
2362.554
2368.046
2366.16
2354.348
2353.473
2346.735
2357.907
2357.72
2355.845
2381.11
2387.848
2384.82
2385.954
2394.436
2391.506
2381.381
2361.349
2364.279
2365.216
2369.616
2364.095
2370.057
2370.101
2371.038
2372.562
2352.53
2362.655
2376.19
2343.377
2347.905
2350.934
2366.574
2381.289
2379.939
2377.911
2368.98
2363.73
2368.98
2377.911
2378.076
2371.26
2365.733
2376.019
2380.597
2377.164
2381.72
2373.498
2372.357
2360.47
2359.212
2356.956
2354.008
2350.168
2360.454
2344.715
2350.45
2350.578
2353.125
2347.125
2344.421
2340.987
2341.031
2338.774
2338.131
2365.602
2379.222
2377.873
2382.452
2390.674
2390.801
2391.006
2408.875
2410.761
2411.636
2406.698
2403.67
2417.205
2415.401
2429.237
2418.802
2424.887
2425.013
2430.713
2436.676
2434.145
2433.98
2433.595
2431.899
2437.88
2433.33
2438.268
2438.437
2437.818
2437.091
2436.927
2438.043
2439.929
2439.273
2440.523
2435.305
2428.532
2430.923
2434.335
2448.171
2444.355
2443.716
2453.707
2457.138
2459.435
2459.479
2473.014
2483.448
2484.138
2486.613
2477.068
2476.544
2475.419
2476.034
2476.558
2477.788
2483.835
2484.943
2478.897
2467.794
2462.437
2461.913
2465.641
2457.163
2451.116
2445.318
2460.371
2450.066
2458.492
2459.593
2460.458
2456.075
2466.957
2459.718
2465.662
2498.271
2500.554
2500.756
2506.7
2500.901
2503.752
2511.872
2507.372
2503.981
2503.366
2502.241
2504.849
2503.564
2512.135
2511.611
2511.089
2513.605
2510.754
2505.397
2499.35
2497.476
2507.845
2527.753
2524.744
2514.682
2512.166
2509.651
2518.222
2515.846
2510.815
2507.545
2523.747
2524.874
2522.974
2525.825
2524.539
2512.8
2515.175
2516.284
2500.741
2507.526
2521.276
2519.592
2535.793
2536.516
2516.608
2508.13
2507.608
2510.519
2510.317
2510.7
2514.092
2519.756
2524.787
2524.135
2524.939
2531.671
2531.857
2532.025
2542.394
2541.71
2541.873
2535.972
2536.694
2531.207
2531.842
2540.582
2540.768
2542.668
2529.217
2537.696
2543.183
2546.034
2540.576
2530.758
2527.508
2519.438
2516.79
2517.892
2518.904
2510.966
2510.587
2526.59
2523.775
2518.179
2515.925
2514.83
2513.603
2502.008
2501.824
2488.538
2476.052
2471.586
2463.26
2461.409
2461.225
2431.262
2427.912
2438.427
2437.627
2434.516
2429.092
2429.049
2427.266
2422.883
2407.436
2405.445
2402.797
2392.702
2399.134
2396.004
2379.802
2368.7
2380.476
2373.648
2382.454
2380.197
2379.166
2369.112
2368.231
2363.476
2354.941
2344.752
2338.881
2333.145
2333.101
2331.214
2323.884
2318.357
2315.47
2304.97
2317.731
2310.354
2305.861
2315.516
2310.484
2310.293
2304.696
2297.272
2294.349
2306.114
2302.739
2301.994
2294.141
2266.141
2262.293
2253.594
2250.488
2263.144
2263.009
2256.054
2250.385
2249.502
2249.371
2235.399
2232.273
2221.96
2218.708
2215.456
2214.398
2207.35
2206.673
2213.047
2211.748
2206.839
2190.589
2189.7
2187.129
2178.317
2176.555
2173.282
2167.576
2165.093
2159.356
2155.81
2141.435
2125.185
2114.566
2108.244
2107.528
2104.736
2103.577
2077.327
2076.645
2055.833
2066.77
2057.574
2056.926
2065.262
2075.452
2061.974
2059.948
2058.527
2057.325
2053.35
2051.438
2048.597
2047.397
2046.667
2037.68
2035.057
2029.238
2026.39
2025.065
2023.269
2021.243
2018.461
2014.418
2007.279
2018.511
2018.376
2015.926
2010.886
2009.506
2008.506
1997.706
1988.326
1985.686
1973.086
1951.718
1964.598
1952.602
1937.744
1931.321
1930.758
1929.839
1937.051
1928.218
1937.252
1933.823
1931.77
1928.036
1941.062
1911.144
1906.473
1905.795
1900.247
1899.824
1899.104
1891.622
1882.272
1880.295
1871.904
1870.534
1869.411
1864.589
1876.993
1862.058
1851.033
1848.395
1836.067
1837.447
1840.084
1841.216
1852.241
1864.568
1879.503
1887.952
1888.407
1893.262
1886.823
1884.953
1882.842
1852.718
1846.961
1856.532
1854.527
1853.138
1865.14
1864.424
1859.137
1857.027
1869.141
1863.817
1858.859
1858.138
1854.43
1838.841
1832.266
1830.549
1830.407
1818.998
1828.324
1828.138
1823
1822.255
1817.926
1811.66
1819.571
1817.268
1812.068
1811.596
1808.248
1814.901
1811.599
1807.281
1807.129
1801.917
1801.728
1798.815
1788.887
1787.707
1787.232
1793.299
1793.152
1786.75
1796.113
1794.788
1778.63
1773.316
1768.027
1757.662
1749.752
1743.438
1742.82
1754.77
1745.087
1742.948
1736.765
1719.558
1729.036
1727.671
1740.123
1734.396
1731.328
1714.921
1714.694
1712.848
1711.223
1697.681
1694.01
1685.844
1673.733
1664.453
1674.135
1683.487
1691.716
1693.353
1696.376
1710.021
1722.224
1724.085
1727.783
1714.138
1705.241
1717.571
1730.031
1712.87
1702.736
1701.574
1701.095
1713.585
1726.416
1715.55
1709.33
1720.501
1731.205
1713.495
1696.17
1706.462
1699.506
1695.599
1687.881
1687.083
1675.631
1682.467
1664.47
1676.014
1694.012
1694.817
1701.604
1700.152
1696.341
1683.171
1671.732
1670.927
1669.814
1669.595
1658.497
1665.249
1653.938
1650.997
1646.497
1643.853
1653.435
1642.631
1638.627
1638.379
1629.47
1629.2
1639.402
1642.884
1656.531
1644.963
1637.634
1610.239
1620.707
1616
1614.435
1614.253
1619.874
1616.19
1591.837
1589.167
1583.855
1583.108
1574.639
1568.409
1567.503
1565.751
1557.68
1570.55
1565.675
1565.124
1569.512
1577.581
1563.048
1562.751
1571.581
1526.774
1523.967
1521.159
1523.902
1518.846
1518.065
1527.332
1540.028
1547.795
1534.795
1484.795
1483.07
1475.546
1485.321
1483.864
1479.932
1489.846
1489.777
1482.674
1445.374
1440.829
1451.413
1449.71
1445.997
1392.967
1405.86
1418.807
1407.544
1407.831
1414.987
1413.763
1424.894
1424.678
1439.288
1436.043
1438.337
1409.984
1399.582
1414.665
1404.643
1400.604
1376.806
1368.042
1360.153
1375.098
1356.723
1351.828
1347.328
1360.763
1374.958
1366.772
1366.467
1360.083
1348.99
1363.096
1305.637
1319.055
1309.65
1306.213
1303.832
1294.189
1290.546
1286.834
1284.858
1286.834
1296.593
1300.28
1302.69
1321.95
1325.429
1334.947
1331.284
1330.965
1303.634
1308.055
1323.217
1317.283
1314.198
1325.97
1341.412
1336.153
1319.411
1313.243
1325.033
1324.94
1322.273
1329.196
1328.755
1306.194
1293.762
1280.652
1279.06
1277.142
1277.046
1279.731
1266.576
1243.062
1229.882
1189.12
1205.366
1175.519
1164.653
1167.845
1174.981
1141.663
1158.471
1148.486
1164.365
1144.607
1137.164
1149.742
1165.839
1172.322
1184.254
1211.35
1214.129
1244.426
1247.816
1248.934
1285.64
1306.403
1328.578
1311.793
1331.675
1339.17
1355.173
1348.218
1355.593
1354.623
1323.123
1319.755
1317.311
1316.745
1331.942
1313.988
1330.252
1313.022
1311.983
1315.553
1318.143
1335.718
1345.408
1355.938
1374.61
1371.04
1381.985
1381.193
1398.583
1428.167
1405.309
1420.554
1332.674
1309.239
1288.943
1269.117
1266.72
1286.546
1306.842
1309.239
1291.63
1315.933
1297.933
1279.383
1297.383
1315.933
1299.833
1297.5
1265.944
1268.278
1299.833
1315.933
1300.289
1291.789
1243.664
1268.202
1231.869
1230.369
1225.824
1225.843
1212.47
1221.577
1198.958
1136.851
1115.815
1111.503
1163.065
1154.524
1171.286
1209.348
1195.057
1171.078
1212.648
1217.299
1217.474
1229.276
1230.811
1252.904
1244.509
1252.662
1268.798
1328.082
1341.724
1345.841
1352.07
1330.358
1330.195
1323.218
1350.473
1331.664
1335.914
1354.723
1376.952
1377.119
1384.262
1409.929
1400.821
1371.655
1403.5
1350.68
1311.689
1268.091
1263.213
1277.194
1273.094
1237.594
1216.725
1237.594
1242.043
1222.287
1218.287
1213.409
1205.945
1166.954
1159.912
1169.159
1209.125
1229.375
1233.475
1240.694
1245.694
1265.444
1273.094
1270.338
1246.997
1224.197
1213.447
1210.025
1205.563
1202.656
1122.528
1126.849
1119.477
1123.079
1148.184
1151.243
1235.589
1240.286
1251.602
1255.587
1224.176
1196.535
1190.285
1180.131
1167.708
1156.368
1150.724
1133.514
1139.311
1145.899
1157.813
1168.234
1180.984
1228.023
1227.946
1255.587
1234.817
1213.413
1234.183
1255.587
1287.918
1286.293
1282.345
1314.024
1313.456
1334.691
1326.309
1361.793
1355.664
1370.985
1329.221
1353.772
1395.537
1433.902
1417.947
1447.117
1463.681
1483.179
1477.229
1508.35
1525.9
1492.306
1496.484
1502.242
1530.589
1523.911
1518.621
1553.617
1591.362
1644.045
1586.227
1605.774
1578.466
1516.981
1510.673
1480.288
1449.135
1438.029
1426.26
1418.567
1448.952
1456.644
1468.413
1529.899
1541.005
1572.159
1578.466
1574.428
1519.813
1491.947
1546.563
1574.428
1578.466
1546.361
1491.745
1546.361
1578.466
1546.361
1515.207
1576.692
1604.692
1581.315
1594.926
1655.495
1805.218
1856.329
1870.495
1923.088
1898.156
1936.862
1969.433
1983.576
1916.082
1891.063
1907.213
1913.263
1926.013
1929.888
1945.513
1952.413
1958.463
1908.835
1909.512
1909.738
1925.996
1929.746
1878.871
1888.246
1881.617
2013.981
2023.254
2037.936
2040.481
2073.148
2096.057
2110.261
2128.761
2157.053
2160.576
2122.397
2140.051
2168.684
2174.507
2200.493
2265.603
2293.063
2254.889
2280.132
2342.007
2281.118
2307.618
2326.563
2395.682
2357.638
2301.763
2343.301
2344.885
2357.308
2392.692
2400.962
2405.167
2407.33
2407.869
2432.83
2436.34
2471.34
2512.878
2470.306
2488.419
2499.169
2499.25
2504.299
2513.628
2518.86
2522.198
2533.631
2535.241
2544.57
2495.521
2515.396
2555.146
2557.503
2564.646
2574.289
2574.455
2574.955
2542.177
2543.613
2565.326
2687.419
2690.602
2691.073
2713.712
2734.148
2743.044
2744.48
2684.611
2698.486
2700.403
2711.057
2732.739
2735.125
2686.044
2688.244
2735.978
2743.967
2753.293
2780.723
2795.234
2812.043
2822.351
2824.585
2840.074
2847.894
2850.872
2865.851
2869.713
2892.771
2895.245
2910.351
2910.782
2928.016
2951.261
2985.729
2994.878
2952.422
2918.847
2936.878
2958.99
2967.57
2989.42
2940.686
2949.118
2960.887
2966.887
2972.206
2978.206
2986.618
3003.848
3023.822
3050.88
3056.764
3071.303
3073.272
3089.325
3115.575
3123.19
3077.998
3113.658
3120.592
3151.448
3185.175
3192.646
3149.495
3092.709
3095.255
3111.836
3126.2
3146.064
3147.591
3096.772
3107.491
3121.598
3121.96
3096.478
3097.05
3116.064
3071.804
3074.39
3056.775
3058.453
3054.818
3048.106
3039.894
3009.597
3033.925
3012.804
2994.218
2990.015
3008.601
3012.3
2991.54
2998.252
3002.383
3010.595
2980.835
3007.479
3010.779
3017.946
3019.883
3020.333
3027.333
2999.953
3016.768
3020.107
3048.938
3084.643
3087.522
3057.014
3071.49
3075.796
3077.161
3083.446
3086.327
3090.196
3090.53
3092.196
3103.466
3112.133
3133.675
3140.96
3156.103
3182.062
3184.942
3187.823
3140.357
3143.592
3160.525
3162.125
3163.941
3172.52
3173.863
3182.09
3184.434
3218.271
3229.646
3207.46
3210.246
3216.862
3233.535
3233.858
3199.254
3213.708
3215.379
3220.015
3230.348
3231.652
3198.11
3176.595
3163.947
3162.447
3170.424
3177.379
3186.629
3191.515
3197.083
3214.56
3220.828
3226.183
3195.879
3203.621
3176.975
3183.768
3204.159
3227.861
3195.32
3211.97
3169.245
3150.054
3148.439
3150.34
3155.323
3167.594
3177.066
3187.177
3174.21
3171.731
3167.564
3152.592
3152.495
3141.523
3141.62
3156.592
3169.559
3180.531
3183.01
3187.177
3168.003
3177.729
3197.003
3181.038
3187.675
3192.914
3218.805
3224.558
3187.794
3169.145
3193.301
3194.72
3197.167
3224.538
3203.223
3205.09
3164.368
3181.569
3195.753
3198.576
3205.799
3208.148
3209.949
3210.762
3215.794
3230.169
3204.128
3238.005
3208.671
3211.236
3216.62
3220.755
3213.005
3216.802
3233.35
3235.082
3236.722
3224.608
3207.925
3211.316
3190.873
3207.838
3198.388
3196.156
3175.906
3190.623
3193.633
3156.515
3156.762
3167.434
3168.229
3184.675
3194.887
3204.824
3215.682
3183.779
3192.344
3208.897
3175.093
3179.541
3180.308
3184.756
3195.884
3199.241
3204.241
3220.113
3224.387
3231.485
3236.369
3258.346
3277.183
3306.282
3304.172
3309.805
3310.782
3310.538
3319.003
3302.578
3305.379
3327.477
3327.818
3334.756
3335.097
3336.222
3346.261
3353.082
3356.364
3352.188
3317.913
3322.733
3324.419
3336.596
3335.483
3340.64
3342.096
3337.646
3338.594
3327.656
3328.6
3329.566
3294.583
3271.841
3256.821
3255.904
3261.626
3261.406
3263.189
3277.398
3285.273
3286.208
3300.959
3303.111
3310.829
3306.671
3318.389
3321.894
3326.198
3328.171
3337.774
3327.193
3337.774
3372.613
3380.83
3367.763
3350.952
3348.67
3350.952
3360.128
3367.383
3364.128
3376.527
3366.824
3371.133
3381.282
3392.904
3394.021
3371.189
3372.663
3373.547
3369.521
3359.693
3358.083
3338.103
3313.806
3297.197
3294.106
3303.03
3308.545
3308.75
3309.417
3326.28
3307.218
3297.678
3309.333
3310.495
3314.083
3327.155
3337.993
3321.793
3317.493
3316.38
3320.167
3319.016
3309.772
3277.581
3286.243
3286.537
3282.787
3279.037
3264.556
3243.063
3268.388
3261.354
3263.087
3271.461
3264.84
3269.005
3273.083
3250.745
3237.696
3237.898
3228.144
3215.001
3225.323
3230.551
3232.251
3231.94
3233.64
3227.924
3231.695
3235.552
3234.219
3234.505
3235.738
3244.152
3251.352
3251.552
3243.602
3246.674
3250.174
3252.757
3239.233
3239.426
3255.326
3274.708
3271.065
3272.79
3269.933
3272.255
3266.44
3275.712
3274.408
3273.433
3273.626
3279.343
3279.593
3257.616
3265.491
3280.572
3254.623
3235.83
3240.316
3237.522
3248.314
3253.189
3253.466
3253.272
3271.591
3272.554
3272.802
3273.868
3280.515
3286.022
3290.322
3287.57
3296.322
3298.558
3311.009
3311.195
3306.571
3304.906
3279.443
3280.21
3272.369
3284.915
3288.256
3284.656
3276.624
3255.663
3260.028
3251.812
3233.184
3247.458
3247.52
3254.27
3245.062
3248.858
3252.243
3261.834
3262.863
3242.636
3226.057
3227.496
3228.232
3231.379
3225.204
3226.102
3218.78
3219.016
3226.122
3221.872
3228.977
3193.516
3194.058
3196.887
3198.769
3194.15
3193.396
3188.975
3179.391
3177.576
3142.115
3149.438
3149.499
3161.404
3160.088
3164.877
3170.143
3160.559
3159.98
3166.612
3160.629
3174.652
3194.071
3202.071
3203.637
3188.127
3200.362
3208.292
3215.792
3216.705
3234.402
3218.859
3219.72
3225.65
3244.9
3236.782
3240.995
3244.647
3250.977
3258.477
3293.629
3304.997
3309.21
3300.914
3291.49
3276.973
3259.283
3263.24
3273.801
3274.082
3275.643
3277.428
3280.725
3284.432
3284.713
3264.759
3261.092
3234.968
3219.82
3221.091
3229.176
3227.663
3228.392
3234.532
3238.167
3224.019
3237.567
3230.079
3219.001
3201.754
3200
3206.695
3196.314
3173.689
3172.008
3172.985
3184.582
3170.839
3169.862
3177.287
3162.643
3126.243
3137.136
3135.624
3140.711
3146.578
3150.616
3142.699
3146.736
3145.596
3152.179
3159.367
3160.083
3153.333
3154.413
3155.288
3151.25
3150.735
3153.798
3159.865
3151.948
3115.548
3133.595
3151.086
3150.24
3149.372
3149.149
3152.31
3148.756
3170.314
3181.53
3185.404
3188.958
3185.404
3185.621
3184.49
3197.878
3206.835
3202.961
3194.852
3205.976
3197.093
3196.921
3201.841
3208.481
3211.616
3220.452
3221.796
3216.792
3212.292
3202.739
3202.985
3197.394
3189.575
3193.091
3181.664
3170.566
3173.188
3176.684
3175.464
3175.73
3175.995
3172.499
3164.909
3160.97
3156.689
3149.545
3148.492
3147.041
3143.545
3145.154
3152.299
3163.518
3168.482
3166.028
3171.573
3163.659
3158.327
3159.536
3168.276
3171.169
3150.988
3152.718
3155.681
3155.851
3155.052
3158.512
3160.125
3176.844
3179.904
3172.304
3170.855
3181.313
3178.865
3181.925
3175.605
3188.565
3181.497
3182.316
3183.436
3183.697
3180.257
3187.157
3184.847
3182.399
3169.61
3168.298
3161.818
3160.218
3153.898
3160.218
3161.53
3168.01
3170.458
3172.768
3185.557
3187.157
3185.957
3168.211
3164.568
3166.963
3159.368
3156.225
3155.303
3156.115
3158.05
3157.264
3156.597
3163.571
3149.385
3147.742
3142.661
3142.502
3158.967
3127.385
3113.42
3113.578
3106.84
3114.134
3097.358
3102.815
3106.571
3108.175
3118.873
3115.617
3116.129
3116.608
3122.732
3123.793
3121.69
3121.533
3117.899
3104.355
3105.408
3091.658
3095.188
3088.554
3088.762
3088.287
3086.694
3046.31
3046.817
3046.587
3029.928
3033.228
3028.532
3025.232
3023.836
3025.232
3035.847
3048.309
3043.691
3047.914
3047.713
3044.886
3042.532
3046.755
3039.995
3029.939
3034.636
3048.753
3049.394
3048.923
3036.439
3035.053
3004.195
3005.775
3001.193
3007.376
3017.91
3014.212
3014.868
3020.074
3027.357
3024.437
3024.908
3035.443
3023.205
3022.455
3022.608
3013.778
3030.549
3030.748
3027.271
3020.737
3011.907
3011.256
3008.472
3009.123
3008.964
3014.297
3011.116
2995.618
2992.855
3004.875
3028.974
3027.485
3032.959
3035.936
3044.041
3043.252
3029.683
3021.595
3017.979
3017.828
3036.504
3034.265
3050.678
3065.753
3058.542
3060.008
3065.608
3067.747
3062.355
3061.244
3062.203
3061.581
3065.647
3068.036
3073.429
3072.804
3076.393
3092.791
3094.135
3097.535
3073.794
3080.882
3073.845
3093.168
3087.908
3091.094
3084.338
3074.802
3073.468
3083.813
3083.193
3084.985
3080.496
3073.482
3079.619
3077.827
3041.915
3044.165
3022.75
3019.684
3025.597
3029.978
3032.168
3018.372
3020.575
3021.9
3021.708
3009.883
3008.788
3015.445
3016.77
3021.151
3031.516
3023.648
3024.414
3026.648
3025.345
3033.319
3039.412
3029.449
3028.833
3038.906
3025.859
3009.7
3001.789
3011.753
3010.307
2992.146
3015.371
3001.676
2998.741
2998.132
2995.024
2998.42
2998.471
2995.699
2997.917
3013.958
3016.295
3021.397
3021.844
3003.71
3019.752
3007.654
3003.697
3000.301
2998.335
2998.531
2996.976
3000.792
3003.563
3007.074
3007.125
3001.85
2991.56
2990.717
2984.467
2981.424
2977.609
2976.766
2980.163
2996.493
2994.739
2994.264
2994.883
2991.397
2994.041
2990.254
2992.007
2986.568
2976.805
2979.719
2978.711
2975.226
2987.237
2984.215
2984.165
2982.985
2994.996
2995.147
3004.91
3006.399
3005.415
3000.177
3003.663
2994.258
2959.121
2964.334
2960.961
2957.476
2967.598
2971.084
2976.296
2986.418
2988.62
2982.614
2953.531
2956.175
2949.596
2952.329
2958.639
2963
2964.294
2954.544
2949.144
2952.215
2963.634
2960.741
2962.22
2973.638
2992.271
2987.071
2981.671
2981.821
2981.071
2977.61
2977.01
2975.478
2968.663
2966.101
2965.351
2960.99
2961.915
2962.515
2960.329
2958.174
2952.388
2955.388
2949.746
2948.915
2949.515
2949.708
2953.996
2945.246
2961.058
2957.458
2961.379
2961.594
2962.035
2961.304
2974.94
2965.152
2978.557
2978.995
2966.643
2970.509
2971.664
2977.886
2979.602
2991.011
2984.271
2980.044
2971.836
3000.305
3003.606
3001.335
2986.084
2978.39
2986.598
2993.982
3009.648
2997.235
2989.648
2984.912
2979.426
2986.023
2982.367
2996.5
2988.162
2987.736
2980.262
2981.064
2973.026
2976.812
2977.614
2978.845
2980.926
2984.267
2978.174
2962.907
2965.866
2956.162
2970.197
2963.908
2962.659
2963.241
2960.008
2967.542
2973.635
2974.341
2980.098
2981.042
2944.835
2939.387
2944.091
2948.946
2948.053
2946.803
2943.907
2941.372
2951.144
2957.051
2974.918
2974.694
2975.491
2957.624
2942.791
2937.928
2934.99
2931.384
2933.901
2930.14
2920.845
2932.28
2932.424
2926.405
2920.158
2902.292
2904.809
2902.831
2905.04
2892.095
2883.141
2919.1
2912.593
2912.545
2910.028
2910.208
2911.449
2927.357
2916.337
2880.622
2887.112
2891.942
2899.276
2893.298
2891.104
2879.747
2882.187
2876.177
2882.799
2877.656
2878.889
2881.746
2881.174
2875.496
2884.884
2900.864
2900.687
2894.268
2893.16
2891.327
2893.81
2891.184
2890.404
2901.608
2898.462
2911.147
2908.58
2907.382
2921.916
2916.842
2914.08
2913.52
2912.785
2912.738
2903.691
2903.279
2912.746
2905.521
2911.881
2925.448
2937.26
2910.129
2919.572
2926.106
2923.539
2922.758
2923.336
2923.154
2924.975
2927.383
2924
2921.433
2932.305
2905.174
2913.948
2908.018
2918.891
2918.448
2916.812
2929.927
2927.377
2926.677
2929.477
2908.109
2910.659
2910.442
2919.908
2920.083
2917.533
2915.083
2919.817
2922.877
2916.517
2908.35
2908.215
2914.295
2906.525
2895.623
2894.923
2900.488
2909.868
2910.43
2919.81
2917.26
2952.26
2947.407
2950.047
2945.193
2942.553
2947.82
2963.066
2963.475
2968.482
2962.144
2956.912
2956.217
2958.204
2949.164
2938.577
2938.378
2938.18
2938.396
2937.196
2940.405
2935.041
2926.053
2929.669
2932.291
2926
2932.318
2931.748
2938.066
2936.867
2936.137
2928.998
2928.267
2924.93
2924.521
2925.72
2939.198
2936.357
2927.039
2933.222
2933.781
2933.344
2935.777
2935.643
2906.716
2900.378
2900.239
2894.875
2895.802
2913.077
2915.453
2898.178
2876.952
2873.912
2873.696
2864.292
2862.156
2860.542
2866.393
2851.733
2850.739
2848.943
2848.016
2847.579
2838.591
2834.616
2832.182
2817.522
2813.886
2811.452
2806.631
2811.147
2809.945
2802.768
2813.825
2813.685
2814.772
2802.934
2800.311
2799.109
2808.097
2800.862
2791.723
2785.405
2779.113
2786.349
2795.752
2797.739
2795.603
2788.464
2789.023
2788.096
2793.947
2792.765
2807.425
2799.313
2800.495
2799.313
2804.32
2805.522
2803.907
2811.046
2810.477
2813.01
2806.97
2807.897
2808.755
2811.964
2811.308
2817.02
2817.698
2832.04
2827.338
2828.54
2829.099
2830.469
2803.698
2814.285
2819.106
2818.113
2817.897
2817.698
2812.877
2810.095
2807.254
2808.024
2806.842
2802.044
2799.908
2802.948
2815.464
2820.993
2820.086
2821.998
2800.772
2801.7
2803.07
2795.931
2794.729
2789.931
2787.084
2787.642
2772.618
2771.257
2768.896
2769.449
2770.623
2781.141
2781.007
2779.596
2785.738
2776.482
2774.582
2777.666
2791.914
2787.965
2791.152
2791.106
2792.007
2788.691
2776.257
2775.405
2769
2764.984
2767.344
2772.015
2789.176
2794.505
2795.357
2795.91
2830.449
2830.311
2830.525
2843.914
2843.349
2854.332
2859.099
2853.286
2832.2
2826.871
2827.044
2817.787
2817.234
2821.251
2824.335
2815.354
2817.254
2823.254
2821.132
2828.8
2831.405
2835.354
2842.484
2839.169
2848.425
2847.525
2851.117
2850.984
2851.97
2869.132
2860.203
2845.639
2842.047
2840.062
2847.729
2850.246
2850.897
2849.818
2853.006
2858.335
2843.771
2841.649
2832.669
2824.068
2824.623
2824.409
2789.869
2792.229
2798.506
2796.493
2797.345
2797.167
2793.218
2799.218
2798.652
2812.365
2810.945
2801.627
2807.945
2802.094
2796.382
2779.107
2778.18
2791.657
2782.67
2782.233
2803.459
2804.658
2808.274
2797.546
2798.728
2813.07
2813.997
2815.983
2819.088
2817.474
2804.957
2801.748
2812.477
2812.611
2820.329
2830.916
2827.43
2830.271
2825.608
2819.317
2818.135
2807.079
2805.877
2800.349
2803.19
2803.05
2795.911
2796.607
2788.494
2788.296
2776.201
2773.014
2768.248
2762.435
2753.178
2750.356
2747.169
2746.762
2746.585
2712.045
2711.28
2714.468
2712.494
2709.731
2710.496
2711.858
2713.871
2713.318
2710.131
2714.92
2716.282
2737.368
2754.53
2757.046
2763.296
2768.97
2771.635
2764.505
2757.375
2746.858
2755.937
2755.085
2746.006
2749.598
2749.4
2756.493
2767.476
2772.45
2773.101
2775.461
2776.313
2771.524
2772.511
2777.277
2780.593
2789.521
2791.882
2785.987
2768.938
2766.593
2765.873
2766.435
2767.082
2756.493
2747.212
2748.52
2746.118
2732.816
2730.316
2729.647
2701.098
2696.641
2679.592
2673.817
2678.275
2674.686
2675.993
2674.81
2681.855
2664.96
2653.976
2649.305
2643.055
2643.608
2641.248
2640.574
2636.625
2634.64
2634.594
2630.645
2631.211
2628.85
2624.179
2625.59
2631.733
2620.749
2615.075
2615.121
2606.521
2599.391
2595.442
2612.603
2618.095
2616.792
2610.387
2604.111
2605.012
2622.299
2620.992
2619.808
2619.636
2619.46
2619.592
2614.136
2616.097
2610.323
2624.792
2632.798
2631.504
2638.645
2651.946
2660.868
2651.998
2647.262
2643.694
2644.588
2634
2636.5
2634
2636.804
2645.348
2644.797
2650.571
2651.486
2642.205
2645.009
2644.458
2645.02
2641.096
2646.552
2650.475
2642.469
2648.094
2645.01
2631.621
2632.294
2635.758
2609.163
2626.324
2642.788
2641.709
2658.795
2653.997
2651.374
2654.99
2660.09
2660.953
2654.873
2661.363
2664.723
2671.948
2661.291
2658.899
2659.473
2660.248
2668.018
2665.868
2667.058
2664.198
2637.248
2631.498
2642.628
2647.321
2648.233
2633.475
2635.487
2632.787
2638.867
2631.097
2621.897
2621.323
2618.683
2618.503
2618.092
2616.08
2624.529
2625.31
2614.581
2613.8
2607.534
2608.274
2602.345
2602.759
2591.887
2592.893
2595.612
2610.868
2604.508
2600.438
2603.798
2600.938
2602.145
2567.145
2594.095
2593.92
2601.203
2602.137
2590.22
2591.845
2593.178
2591.138
2602.041
2601.178
2592.463
2590.013
2586.783
2582.236
2572.769
2576.771
2576.631
2576.058
2577.391
2586.591
2588.591
2591.041
2612.408
2616.048
2612.818
2577.818
2595.208
2592.083
2592.13
2599.997
2590.735
2587.916
2573.059
2588.465
2574.028
2572.403
2580.173
2570.973
2574.203
2576.203
2590.64
2594.71
2601.2
2593.033
2578.275
2584.765
2582.065
2586.758
2592.838
2593.521
2579.953
2574.553
2574.413
2574.631
2569.591
2568.401
2574.481
2585.138
2591.218
2626.218
2623.668
2624.581
2626.389
2623.159
2652.279
2641.006
2638.87
2627.814
2630.496
2631.353
2631.532
2628.324
2639.154
2631.977
2625.659
2632.894
2630.361
2632.387
2618.91
2618.34
2621.549
2622.748
2626.364
2625.371
2625.51
2627.944
2630.477
2633.01
2632.152
2630.166
2632.699
2632.003
2635.639
2641.822
2643.022
2634.909
2640.141
2644.657
2647.19
2648.276
2648.972
2644.151
2644.881
2651.219
2652.53
2651.33
2651.887
2655.502
2649.211
2632.638
2635.072
2638.708
2649.966
2651.176
2654.036
2686.596
2677.129
2674.069
2673.852
2657.168
2622.168
2618.508
2629.166
2628.483
2626.092
2634.807
2636.014
2621.577
2618.347
2625.572
2627.38
2624.52
2619.973
2624.707
2629.973
2622.69
2637.128
2642.878
2639.818
2639.406
2628.748
2626.198
2593.638
2587.258
2585.878
2588.745
2591.805
2600.905
2600.042
2593.962
2596.762
2602.028
2608.408
2597.608
2597.783
2596.871
2591.831
2581.173
2591.973
2600.14
2601.765
2604.215
2608.948
2617.996
2618.569
2633.007
2643.807
2676.367
2679.597
2679.185
2680.615
2677.748
2675.357
2672.232
2674.04
2675.25
2681.474
2686.514
2691.368
2658.808
2652.448
2647.754
2648.618
2666.008
2668.558
2666.108
2661.561
2655.811
2652.581
2658.439
2663.173
2663.908
2656.624
2653.758
2660.138
2657.078
2622.078
2616.811
2609.624
2610.537
2609.537
2605.877
2614.592
2618.593
2627.308
2628.688
2628.553
2627.173
2628.553
2619.087
2651.647
2654.038
2653.263
2618.263
2614.193
2608.303
2616.073
2620.62
2588.06
2593.918
2588.028
2575.428
2566.048
2566.611
2568.236
2565.176
2565.001
2565.201
2562.334
2567.188
2572.018
2564.248
2567.478
2572.331
2570.406
2567.546
2558.166
2558.728
2541.338
2558.022
2557.462
2562.315
2556.425
2539.035
2535.395
2535.968
2534.588
2536.513
2537.196
2540.426
2544.973
2534.456
2535.151
2535.368
2543.48
2546.103
2548.785
2543.421
2545.217
2553.329
2556.111
2557.482
2561.457
2550.87
2545.342
2545.541
2544.845
2555.675
2552.828
2556.444
2569.921
2573.13
2573.176
2558.834
2559.762
2568.901
2563.373
2558.71
2558.571
2549.914
2548.712
2550.132
2555.661
2555.487
2564.526
2550.185
2550.863
2552.187
2546.659
2561.001
2567.339
2568.953
2569.723
2563.683
2573.004
2572.322
2565.988
2566.128
2549.445
2560.575
2556.028
2547.313
2544.863
2535.663
2548.263
2545.872
2540.472
2545.018
2546.943
2548.568
2544.928
2546.136
2540.246
2542.696
2539.466
2540.673
2557.159
2549.885
2535.028
2499.793
2499.574
2504.436
2503.497
2468.262
2467.343
2473.241
2475.808
2474.592
2471.713
2459.029
2462.174
2464.742
2429.507
2423.104
2419.852
2418.654
2425.188
2426.107
2419.841
2416.156
2406.713
2405.515
2402.369
2416.028
2414.699
2401.04
2403.205
2388.347
2384.965
2384.046
2391.32
2397.695
2395.67
2403.492
2392.288
2400.11
2399.909
2403.16
2381.649
2385.183
2387.347
2387.171
2393.574
2394.14
2409.749
2412.851
2416.124
2416.834
2419.509
2420.617
2427.063
2429.901
2414.943
2398.035
2398.237
2397.224
2397.366
2395.967
2407.017
2414.34
2417.507
2416.926
2424.248
2416.867
2418.934
2418.364
2421.263
2413.94
2416.423
2417.761
2419.8
2420.003
2417.935
2415.351
2408.932
2406.905
2402.78
2405.617
2403.785
2397.847
2390.465
2402.543
2409.827
2407.344
2398.019
2398.894
2401.479
2394.097
2397.003
2388.726
2353.253
2353.205
2352.624
2356.334
2358.918
2366.202
2368.153
2340.839
2340.981
2338.497
2339.511
2338.636
2344.606
2339.849
2340.518
2345.274
2346.22
2329.312
2364.785
2347.16
2346.285
2342.575
2356.326
2351.218
2333.593
2337.282
2334.799
2333.593
2335.426
2334.64
2335.867
2337.934
2333.878
2339.816
2336.649
2336.068
2331.943
2345.607
2378.386
2376.75
2387.955
2397.216
2383.558
2384.776
2388.805
2402.463
2401.247
2396.523
2394.358
2394.577
2380.919
2380.783
2388.056
2387.492
2396.935
2393.402
2385.58
2382.862
2376.741
2375.822
2389.037
2389.729
2390.31
2387.726
2384.016
2378.188
2376.121
2379.222
2383.979
2384.121
2384.303
2393.628
2401.503
2406.976
2411.894
2409.856
2408.632
2394.881
2394.095
2390.822
2388.754
2387.808
2393.146
2393.727
2395.906
2389.598
2389.818
2393.528
2392.177
2390.226
2389.301
2390.652
2390.829
2387.14
2383.084
2378.287
2383.927
2368.97
2367.632
2374.954
2375.74
2361.989
2359.313
2355.908
2346.584
2341.688
2332.094
2331.384
2332.094
2341.688
2346.584
2343.999
2342.352
2342.933
2336.356
2340.411
2343.685
2354.486
2348.041
2353.378
2350.794
2349.869
2346.16
2344.936
2339.296
2339.498
2345.436
2339.017
2326.247
2334.524
2335.73
2329.264
2334.159
2327.581
2327.758
2335.14
2332.242
2331.317
2336.655
2333.553
2323.959
2314.452
2304.857
2303.631
2297.991
2303.631
2302.921
2302.136
2301.261
2300.247
2306.075
2303.237
2292.291
2289.808
2299.031
2299.776
2300.468
2299.682
2307.557
2308.784
2309.659
2307.708
2343.181
2343.363
2338.025
2340.508
2342.341
2345.747
2346.416
2331.783
2330.577
2324.111
2312.033
2314.871
2321.337
2304.428
2306.607
2307.175
2303.486
2297.177
2295.954
2310.586
2325.544
2307.919
2306.693
2305.584
2305.014
2305.724
2270.251
2264.913
2268.187
2257.241
2265.116
2271.562
2270.637
2271.382
2280.889
2282.287
2291.12
2291.073
2301.874
2298.601
2293.705
2285.83
2283.246
2288.584
2270.959
2268.374
2268.552
2264.862
2268.42
2257.618
2258.632
2260.03
2287.345
2292.818
2292.954
2289.787
2289.924
2278.644
2291.389
2280.514
2286.525
2288.719
2297.951
2291.461
2297.328
2302.158
2297.369
2308.244
2307.128
2310.424
2314.006
2292.202
2291.631
2298.141
2310.998
2307.702
2308.376
2307.015
2289.27
2290.02
2284.51
2288.245
2291.367
2293.867
2294.658
2295.23
2302.662
2296.457
2296.279
2296.422
2286.85
2285.919
2291.598
2277.753
2269.42
2258.4
2257.519
2261.672
2228.447
2226.406
2219.073
2230.094
2196.869
2182.137
2183.157
2166.134
2165.437
2154.312
2147.115
2145.697
2166.815
2173.166
2171.805
2172.225
2178.848
2178.895
2167.538
2149.793
2157.225
2150.874
2150.827
2153.429
2153.878
2156.378
2156.963
2156.543
2161.332
2160.747
2151.514
2166.247
2164.165
2154.933
2153.088
2158.598
2151.166
2146.377
2140.698
2142.751
2170.251
2174.404
2196.207
2196.386
2197.338
2194.216
2195.007
2181.162
2181.912
2177.273
2176.699
2170.348
2168.69
2168.016
2156.891
2164.82
2162.855
2164.07
2164.213
2164.391
2155.498
2160.287
2173.145
2175.185
2179.974
2182.73
2190.658
2208.403
2226.481
2224.302
2218.365
2214.309
2222.184
2225.742
2228.225
2227.655
2229.722
2235.692
2240.448
2240.496
2241.702
2238.535
2239.244
2242.933
2247.731
2247.594
2241.128
2236.33
2225.05
2222.465
2214.59
2211.317
2210.09
2199.289
2202.025
2213.306
2220.59
2224.147
2221.664
2220.265
2221.471
2215.005
2222.387
2223.725
2215.85
2215.28
2208.702
2203.783
2204.989
2226.645
2225.439
2219.47
2216.196
2222.358
2222.939
2221.541
2218.135
2219.243
2218.017
2223.125
2222.433
2223.358
2223.939
2223.064
2215.742
2212.052
2229.677
2224.758
2226.096
2214.816
2220.978
2185.505
2179.343
2170.12
2166.953
2162.345
2180.611
2183.178
2181.542
2194.227
2200.156
2195.391
2195.19
2195.877
2199.974
2209.135
2207.695
2210.263
2209.482
2198.278
2196.838
2197.404
2199.458
2201.866
2207.468
2208.857
2211.515
2215.544
2215.403
2214.187
2206.365
2205.425
2197.603
2204.877
2204.299
2201.414
2198.162
2195.504
2200.806
2199.17
2198.231
2209.103
2205.57
2199.036
2201.201
2202.529
2191.8
2197.103
2194.265
2194.957
2198.514
2195.839
2223.153
2224.028
2223.242
2229.661
2224.742
2220.687
2219.995
2217.571
2212.233
2218.061
2218.73
2219.176
2231.253
2229.186
2234.826
2234.684
2237.269
2238.492
2239.278
2233.45
2229.761
2234.869
2236.908
2233.634
2229.509
2226.104
2225.359
2214.557
2222.432
2225.6
2214.55
2215.12
2218.677
2217.968
2215.485
2214.086
2214.796
2220.733
2224.007
2216.684
2214.201
2199.568
2194.095
2200.404
2218.029
2219.676
2221.627
2236.584
2239.686
2244.581
2251.047
2240.101
2237.264
2236.339
2238.366
2238.224
2235.325
2240.663
2234.217
2229.322
2214.689
2221.267
2218.843
2219.26
2216.836
2223.302
2190.302
2203.073
2170.073
2164.135
2172.235
2172.82
2186.664
2199.664
2192.28
2214.233
2208.83
2214.34
2247.565
2246.612
2237.041
2257.399
2269.476
2268.895
2269.463
2270.208
2273.897
2275.103
2282.978
2293.924
2291.248
2287.539
2289.963
2289.76
2283.341
2283.922
2272.642
2282.149
2281.274
2290.106
2287.522
2293.35
2301.225
2293.902
2295.108
2295.678
2301.84
2303.487
2309.649
2305.041
2297.758
2295.925
2290.817
2295.925
2305.095
2305.047
2312.922
2317.841
2317.132
2320.233
2329.813
2328.932
2315.088
2318.384
2315.088
2316.547
2331.279
2329.226
2332.349
2340.682
2337.253
2342.043
2349.376
2352.07
2351.485
2352.181
2360.11
2356.814
2368.204
2368.621
2375.198
2376.845
2375.899
2361.267
2364.672
2364.47
2363.071
2362.196
2368.615
2359.291
2355.601
2322.601
2316.439
2314.412
2310.703
2304.236
2308.845
2310.068
2331.725
2328.557
2325.652
2325.47
2317.595
2320.696
2330.203
2319.401
2318.656
2321.93
2319.447
2320.028
2332.798
2315.443
2308.98
2312.276
2314.358
2318.072
2320.991
2316.062
2316.776
2289.276
2287.868
2288.453
2283.623
2287.205
2290.919
2291.057
2302.182
2294.81
2293.401
2292.728
2295.33
2304.562
2304.746
2304.174
2305.535
2300.582
2296.499
2293.642
2289.559
2286.957
2287.528
2278.296
2276.451
2275.866
2272.284
2254.539
2254.401
2243.526
2254.401
2256.454
2270.721
2272.748
2274.699
2272.275
2275.549
2274.198
2276.149
2293.651
2288.577
2282.174
2284.582
2281.502
2282.068
2291.176
2291.317
2288.438
2295.711
2292.027
2282.765
2280.357
2279.418
2286.653
2287.216
2281.614
2280.272
2286.538
2303.333
2301.513
2298.945
2286.949
2283.697
2280.164
2294.698
2305.57
2301.906
2296.117
2303.391
2317.925
2317.724
2315.786
2314.57
2313.79
2316.936
2316.359
2317.099
2328.075
2320.801
2327.335
2324.768
2325.331
2324.113
2323.449
2323.59
2326.736
2318.914
2316.034
2310.432
2310.213
2320.942
2322.88
2329.303
2328.638
2339.764
2333.318
2368.791
2339.278
2342.445
2340.612
2334.675
2337.573
2336.56
2341.317
2355.05
2350.411
2355.554
2355.691
2356.482
2347.094
2343.513
2338.003
2349.36
2353.513
2348.683
2349.703
2340.132
2339.547
2339.751
2345.618
2345.033
2346.394
2339.884
2338.044
2355.184
2360.006
2361.864
2367.042
2362.056
2365.374
2370.045
2371.289
2374.227
2375.47
2370.607
2370.655
2361.203
2360.176
2351.222
2347.903
2351.222
2356.633
2362.54
2363.499
2364.254
2365.924
2365.335
2363.917
2356.434
2355.211
2355.913
2358.43
2355.913
2362.447
2353.098
2347.687
2342.865
2343.988
2349.536
2360.632
2357.858
2356.735
2356.873
2353.267
2347.36
2345.942
2363.082
2350.839
2360.188
2366.723
2330.764
2326.582
2326.438
2323.818
2316.336
2316.911
2305.476
2305.524
2304.769
2304.545
2304.497
2311.032
2338.72
2343.682
2344.806
2357.751
2358.991
2370.087
2377.51
2378.88
2386.863
2386.815
2394.238
2392.142
2392.366
2386.347
2383.573
2355.884
2359.336
2373.276
2371.606
2374.123
2373
2402.918
2403.595
2414.616
2410.532
2416.043
2410.065
2409.645
2402.311
2399.015
2401.617
2401.043
2398.849
2401.543
2399.503
2427.003
2428.363
2436.292
2433.69
2431.725
2438.215
2435.297
2440.975
2432.642
2430.448
2432.642
2433.338
2418.279
2424.146
2420.718
2415.344
2414.391
2410.81
2415.952
2413.912
2404.524
2409.898
2437.398
2437.219
2436.77
2450.615
2455.989
2465.221
2451.377
2454.295
2463.955
2464.098
2462.866
2456.355
2454.995
2456.342
2450.332
2448.367
2446.286
2440.912
2439.796
2428.921
2427.56
2422.05
2432.925
2438.435
2439.796
2445.17
2447.134
2449.216
2450.332
2453.087
2444.194
2444.015
2439.063
2439.759
2439.616
2439.664
2440.113
2447.545
2452.375
2452.196
2455.054
2455.276
2454.043
2456.543
2449.111
2464.171
2458.304
2460.268
2461.22
2453.292
2453.866
2452.457
2454.898
2451.776
2468.799
2474.81
2474.238
2468.728
2478.116
2490.276
2488.43
2487.478
2490.774
2490.06
2489.31
2476.452
2479.31
2479.493
2479.913
2481.321
2481.464
2478.862
2491.719
2491.023
2491.814
2494.008
2493.786
2480.929
2483.684
2474.791
2485.666
2485.092
2497.949
2499.408
2499.27
2498.696
2499.577
2494.938
2487.605
2479.271
2485.781
2471.937
2467.148
2460.526
2478.27
2484.281
2486.126
2495.412
2502.745
2511.638
2516.59
2520.172
2519.587
2521.668
2518.974
2515.852
2509.23
2526.974
2521.296
2520.546
2520.408
2520.23
2520.277
2511.944
2510.712
2532.515
2550.26
2546.964
2548.179
2553.009
2549.294
2540.009
2536.427
2529.094
2543.826
2553.111
2552.321
2543.088
2541.874
2536.5
2525.48
2528.082
2531.796
2528.5
2537.393
2536.643
2541.473
2542.044
2542.223
2539.1
2540.447
2527.59
2526.243
2530.883
2528.383
2532.097
2534.791
2544.077
2542.842
2539.719
2537.667
2528.435
2519.149
2519.863
2527.196
2523.462
2523.319
2527.054
2531.884
2535.598
2538.516
2537.931
2539.589
2546.099
2549.018
2558.406
2544.524
2543.6
2546.438
2541.542
2530.741
2516.99
2517.682
2523.155
2512.105
2514.529
2516.48
2489.166
2492.571
2519.885
2513.419
2514.625
2497
2497.581
2500.166
2489.762
2476.103
2477.445
2512.68
2521.454
2517.92
2533.286
2530.803
2521.209
2520.54
2520.398
2526.335
2526.538
2525.613
2524.828
2523.622
2520.716
2511.209
2504.764
2499.999
2500.673
2515.405
2521.756
2510.736
2522.093
2529.465
2524.091
2524.27
2506.525
2506.105
2507.339
2508.013
2510.054
2516.564
2517.314
2487.599
2490.202
2485.412
2484.065
2498.798
2508.457
2507.761
2507.19
2503.475
2508.404
2507.69
2540.914
2542.149
2540.69
2532.356
2529.06
2518.185
2506.026
2498.692
2497.034
2511.425
2516.603
2519.223
2522.541
2521.822
2551.74
2550.271
2552.337
2559.721
2574.554
2586.797
2583.057
2582.261
2593.211
2594.68
2606.923
2615.313
2616.983
2607.634
2604.027
2606.74
2601.562
2600.339
2592.356
2592.536
2587.714
2574.769
2587.012
2599.957
2600.64
2593.166
2565.286
2529.079
2535.518
2535.378
2536.103
2536.151
2541.365
2526.429
2527.795
2528.688
2527.007
2527.462
2527.007
2528.878
2527.843
2535.278
2536.222
2536.815
2541.518
2545.658
2543.184
2554.209
2554.634
2558.4
2557.169
2560.334
2557.376
2554.417
2565.696
2567.123
2551.856
2556.753
2572.02
2576.916
2580.258
2577.361
2571.268
2571.408
2580.767
2582.147
2591.506
2587.296
2584.761
2585.444
2592.158
2591.951
2586.194
2583.401
2588.104
2588.329
2584.119
2587.595
2580.121
2577.483
2565.969
2559.417
2563.048
2572.753
2577.684
2575.991
2588.405
2588.631
2596.725
2596.139
2599.931
2596.118
2603.644
2600.28
2600.328
2608.835
2626.214
2621.283
2622.325
2625.311
2625.128
2624.418
2646.675
2640.192
2674.109
2669.077
2667.588
2668.395
2662.26
2663.499
2670.26
2633.801
2638.857
2642.513
2637.263
2637.721
2636.582
2631.096
2641.345
2641.492
2607.338
2616.829
2611.906
2611.316
2613.413
2607.749
2610.686
2610.458
2610.026
2612.281
2602.791
2617.023
2613.635
2615.019
2621.548
2617.73
2618.999
2637.24
2635.971
2635.237
2601.083
2623.497
2624.402
2625.359
2625.501
2641.185
2640.497
2639.24
2630.161
2636.807
2637.849
2638.446
2632.96
2633.168
2635.408
2636.666
2634.426
2645.528
2642.611
2648.097
2649.981
2651.239
2651.697
2646.808
2647.537
2649.662
2644.607
2643.841
2638.044
2643.669
2642.94
2636.294
2618.916
2616.424
2610.938
2599.837
2609.261
2608.55
2601.953
2603.328
2596.703
2582.57
2593.927
2607.052
2607.638
2603.47
2605.162
2604.579
2609.61
2615.6
2621.086
2639.201
2642.18
2641.997
2643.435
2638.546
2645.323
2645.551
2645.779
2646.24
2657.42
2660.944
2662.444
2661.177
2666.842
2659.303
2661.812
2662.274
2658.885
2653.962
2659.342
2674.593
2673.817
2665.19
2665
2664.81
2671.528
2670.616
2675.718
2688.306
2694.495
2679.177
2683.016
2679.738
2710.283
2707.608
2725.264
2724.667
2725.396
2727.479
2727.661
2727.87
2725.745
2741.118
2747.743
2746.306
2742.806
2731.556
2730.316
2744.449
2742.209
2737.473
2742.385
2742.573
2720.16
2697.747
2702.016
2705.404
2702.016
2695.837
2695.691
2693.435
2688.369
2703.85
2710.378
2722.053
2730.62
2740.11
2745.397
2742.827
2740.058
2749.897
2745.699
2742.867
2757.736
2754.924
2756.361
2761.417
2761.643
2756.157
2754.768
2753.796
2764.928
2764.127
2762.058
2755.997
2757.363
2764.897
2752.467
2745.932
2736.979
2719.112
2721.629
2715.235
2715.096
2700.263
2702.241
2713.336
2698.307
2713.075
2705.693
2706.707
2700.545
2703.383
2702.274
2709.597
2716.175
2725.682
2736.483
2741.24
2740.495
2740.912
2731.405
2732.074
2732.216
2725.639
2717.764
2717.581
2715.514
2745.027
2743.076
2740.492
2749.715
2749.917
2748.691
2748.738
2747.091
2743.818
2745.997
2738.674
2739.9
2747.282
2711.809
2717.282
2714.606
2706.731
2715.901
2708.579
2713.474
2714.166
2712.333
2718.16
2720.745
2728.068
2728.288
2733.085
2722.139
2725.413
2725.366
2721.677
2738.585
2740.624
2745.962
2742.688
2745.364
2767.02
2762.101
2760.993
2760.423
2764.133
2781.758
2780.552
2787.129
2779.747
2780.165
2780.732
2766.1
2771.438
2744.123
2746.799
2752.769
2756.458
2758.882
2770.162
2769.985
2764.345
2767.618
2767.476
2775.351
2774.66
2757.751
2764.197
2763.505
2764.856
2774.363
2777.201
2776.326
2770.686
2761.463
2778.164
2779.985
2786.408
2768.901
2770.117
2752.61
2731.099
2731.676
2730.896
2720.023
2717.557
2713.46
2722.621
2711.645
2710.316
2710.115
2703.581
2701.556
2707.454
2709.392
2715.289
2712.143
2712.284
2721.445
2722.643
2727.529
2733.952
2728.516
2713.982
2718.706
2685.928
2688.394
2686.369
2684.356
2684.309
2687.455
2689.921
2679.192
2682.857
2682.192
2694.877
2698.259
2692.957
2699.38
2700.249
2709.41
2709.546
2712.365
2709.284
2703.018
2688.484
2691.303
2693.123
2728.358
2722.756
2723.695
2717.575
2716.246
2686.93
2685.602
2683.548
2687.645
2678.383
2651.253
2616.018
2613.138
2620.471
2624.155
2627.84
2627.704
2630.956
2624.553
2616.731
2610.61
2612.635
2622.165
2617.588
2622.662
2623.105
2632.266
2635.951
2642.353
2639.786
2652.471
2667.328
2672.093
2673.422
2673.241
2658.303
2656.656
2650.687
2658.009
2657.34
2665.215
2665.785
2683.129
2661.618
2660.276
2650.746
2654.843
2684.159
2681.279
2664.484
2662.471
2627.236
2625.298
2636.17
2639.704
2641.033
2647.456
2648.798
2649.462
2644.697
2630.163
2641.138
2636.373
2639.454
2638.877
2633.44
2639.816
2638.474
2639.04
2631.218
2620.346
2605.811
2613.046
2611.226
2610.648
2610.071
2612.009
2608.758
2600.935
2618.442
2621.009
2622.645
2625.303
2595.987
2605.096
2597.273
2603.394
2603.53
2602.332
2599.186
2607.008
2610.26
2612.727
2612.525
2614.992
2614.252
2616.819
2634.326
2634.768
2634.104
2627.57
2637.101
2634.534
2635.1
2627.865
2592.63
2588.053
2579.831
2580.701
2597.496
2598.062
2599.698
2603.081
2602.211
2613.416
2611.008
2602.787
2603.201
2588.667
2589.11
2595.376
2601.305
2628.436
2629.013
2635.416
2636.335
2630.069
2630.633
2632.646
2619.961
2607.965
2608.531
2602.108
2608.642
2600.82
2602.64
2596.852
2589.578
2588.38
2571.585
2572.8
2572.581
2566.793
2568.806
2559.645
2562.531
2565.417
2560.531
2558.518
2549.409
2534.552
2533.336
2541.284
2552.334
2563.614
2557.148
2572.106
2565.797
2562.108
2577.691
2582.554
2579.896
2583.924
2584.589
2585.294
2614.609
2609.844
2609.18
2611.193
2610.992
2614.138
2615.466
2620.54
2620.676
2622.614
2632.144
2599.366
2608.809
2615.211
2609.091
2606.272
2605.054
2598.651
2605.054
2598.52
2598.661
2615.456
2612.799
2577.564
2583.987
2582.644
2584.658
2583.44
2577.037
2579.755
2580.198
2582.765
2584.094
2586.502
2589.753
2588.973
2586.507
2585.842
2578.607
2566.611
2567.94
2568.644
2568.201
2570.859
2571.639
2606.874
2614.696
2603.721
2604.939
2610.836
2610.273
2609.568
2608.239
2601.706
2599.885
2572.754
2555.959
2556.16
2560.925
2561.63
2576.487
2586.018
2589.269
2589.684
2593.368
2590.288
2591.506
2582.732
2583.472
2584.801
2596.689
2599.749
2596.949
2594.909
2602.679
2604.604
2604.044
2605.252
2606.185
2606.045
2608.685
2587.318
2590.018
2589.843
2584.576
2575.196
2573.271
2572.711
2567.671
2562.631
2553.431
2562.811
2572.191
2567.498
2566.288
2566.07
2570.617
2576.017
2570.977
2571.537
2572.857
2569.99
2566.35
2559.125
2576.945
2572.147
2563.108
2565.641
2568.422
2570.036
2570.215
2567.682
2567.636
2567.77
2581.248
2569.41
2557.572
2560.105
2569.244
2560.257
2557.823
2557.145
2558.327
2557.757
2556.555
2550.844
2545.132
2530.471
2541.058
2542.97
2549.288
2549.149
2547.013
2559.53
2559.314
2577.016
2584.108
2586.937
2586.085
2583.001
2572.017
2568.553
2563.882
2568.856
2570.05
2578.65
2580.636
2577.813
2579.129
2578.229
2573.462
2562.479
2561.176
2554.046
2552.684
2551.959
2555.146
2560.344
2555.673
2556.079
2562.221
2561.548
2550.564
2549.39
2543.715
2558.28
2590.411
2585.924
2583.564
2551.433
2551.839
2551.286
2560.365
2561.539
2550.78
2547.465
2541.169
2537.705
2540.892
2547.035
2541.222
2550.479
2547.715
2546.413
2537.433
2536.998
2541.015
2534.873
2530.201
2530.068
2529.93
2533.394
2531.609
2528.945
2536.037
2535.864
2542.114
2540.129
2541.733
2544.15
2550.555
2551.917
2553.701
2550.09
2547.968
2549.162
2551.136
2548.373
2557.301
2556.627
2559.647
2561.621
2562.608
2565.124
2564.558
2562.955
2559.767
2557.251
2553.935
2549.169
2545.576
2546.267
2517.53
2525.198
2526.56
2524.2
2511.766
2513.068
2513.502
2514.193
2520.598
2523.785
2528.983
2526.861
2523.674
2531.347
2531.526
2542.113
2546.088
2549.192
2550.988
2551.558
2552.757
2538.097
2539.003
2528.416
2519.377
2520.072
2512.353
2509.145
2500.157
2498.361
2507.401
2501.083
2503.864
2501.952
2499.419
2488.69
2492.177
2489.336
2478.749
2491.178
2502.938
2503.59
2508.563
2509.118
2509.792
2506.604
2498.004
2508.099
2497.41
2490.327
2490.19
2494.948
2491.359
2488.193
2483.029
2476.82
2471.879
2472.548
2459.765
2446.55
2443.131
2456.347
2459.074
2458.862
2467.351
2476.487
2478.971
2476.584
2482.321
2491.185
2502.026
2502.915
2505.009
2512.009
2491.196
2490.287
2492.859
2488.961
2492.925
2497.497
2492.588
2487.679
2487.484
2491.381
2488.654
2485.089
2483.214
2487.942
2485.847
2468.909
2468.154
2476.109
2469.071
2469.026
2474.732
2474.903
2475.812
2474.838
2465.974
2467.735
2471.154
2467.609
2467.208
2501.299
2502.643
2505.435
2498.435
2501.708
2493.753
2493.89
2465.526
2471.448
2480.261
2475.832
2479.377
2483.806
2485.105
2486.866
2490.412
2487.928
2476.321
2481.58
2481.449
2469.176
2478.04
2451.79
2452.335
2420.621
2415.02
2414.462
2417.608
2417.653
2417.824
2408.96
2405.814
2377.45
2382.178
2383.067
2386.213
2400.588
2394.987
2394.775
2395.616
2396.525
2397.918
2402.623
2396.428
2396.296
2385.777
2387.121
2383.848
2373.468
2374.532
2377.318
2383.513
2381.565
2381.006
2385.734
2384.76
2391.081
2390.653
2393.633
2395.216
2366.852
2363.706
2365.05
2358.05
2331.8
2332.348
2329.075
2332.494
2330.011
2332.34
2339.34
2333.126
2336.272
2340.999
2338.428
2339.144
2330.655
2331.941
2330.967
2332.145
2341.282
2330.762
2324.7
2312.427
2313.268
2308.008
2309.769
2313.734
2312.341
2313.627
2318.237
2309.016
2305.451
2306.844
2306.981
2307.156
2307.201
2292.826
2294.17
2300.093
2298.51
2298.081
2293.172
2321.536
2347.786
2337.405
2342.015
2341.587
2346.847
2340.784
2333.216
2347.278
2347.147
2349.476
2354.048
2353.912
2353.7
2362.188
2364.282
2363.123
2364.706
2362.758
2360.429
2354.692
2349.964
2353.51
2353.464
2351.505
2346.8
2346.606
2357.547
2363.431
2346.602
2367.28
2364.812
2355.735
2351.796
2351.135
2353.603
2344.848
2336.092
2338.56
2332.89
2326.716
2329.031
2324.45
2323.115
2320.09
2319.452
2318.91
2318.365
2315.656
2317.406
2317.007
2312.333
2309.778
2307.165
2314.12
2297.291
2299.759
2299.215
2304.915
2288.085
2288.989
2288.815
2288.769
2287.934
2288.992
2287.129
2294.648
2297.116
2297.161
2297.703
2300.665
2305.206
2304.808
2301.411
2303.358
2297.184
2296.758
2301.339
2318.168
2302.023
2333.532
2331.585
2340.489
2339.85
2346.024
2379.895
2378.605
2383.279
2384.615
2381.092
2377.84
2378.676
2375.424
2366.347
2345.669
2331.386
2328.677
2333.902
2335.071
2333.097
2336.494
2338.244
2339.415
2342.376
2341.085
2346.311
2349.335
2355.616
2356.171
2355.773
2366.086
2362.148
2365.109
2352.103
2352.768
2352.086
2340.479
2336.914
2336.744
2341.315
2335.609
2348.824
2351.308
2350.022
2349.34
2346.554
2345.645
2345.691
2354.179
2365.787
2363.457
2364.636
2367.207
2379.385
2377.983
2346.061
2352.424
2360.042
2358.154
2361.154
2360.308
2365.602
2359.239
2369.688
2368.502
2369.855
2364.56
2367.208
2367.253
2366.567
2377.155
2394.204
2385.185
2392.802
2390.302
2407.351
2409.851
2404.688
2400.047
2406.41
2403.6
2408.057
2407.077
2411
2410.438
2421.026
2416.425
2406.903
2401.773
2402.932
2399.659
2399.705
2385.642
2388.369
2383.11
2385.204
2383.621
2390.621
2392.382
2391.223
2388.243
2386.295
2394.783
2389.874
2375.812
2375.383
2378.175
2394.342
2396.897
2388.141
2404.14
2393.893
2397.393
2398.675
2401.431
2415.313
2415.948
2412.842
2415.294
2413.443
2407.81
2407.765
2419.224
2419.775
2419.82
2420.216
2425.28
2431.52
2429.958
2440.205
2440.601
2437.082
2431.236
2428.88
2429.553
2434.197
2432.635
2430.096
2421.077
2426.269
2435.115
2429.923
2429.5
2395.846
2400.513
2402.252
2402.425
2401.143
2401.566
2396.899
2389.896
2389.5
2417.5
2419.8
2410.438
2404.387
2395.425
2398.1
2392.503
2387.471
2385.632
2384.479
2382.042
2388.945
2378.763
2380.037
2388.826
2389.651
2384.836
2378.76
2384.855
2384.186
2384.014
2379.199
2374.562
2384.979
2382.456
2380.617
2385.934
2386.101
2381.486
2387.114
2393.19
2390.267
2393.764
2394.917
2394.783
2399.127
2398.256
2405.122
2401.233
2389.195
2388.658
2387.502
2393.578
2398.215
2370.393
2369.973
2357.935
2357.063
2359.585
2359.377
2360.046
2359.377
2350.683
2351.424
2356.038
2354.777
2357.516
2358.408
2350.984
2317.545
2319.384
2328.346
2331.269
2337.078
2337.95
2340.004
2340.552
2341.424
2334.557
2339.373
2339.91
2343.264
2331.225
2331.966
2343.067
2334.367
2333.971
2323.269
2317.606
2307.358
2296.875
2294.952
2294.413
2300.077
2297.625
2298.502
2298.675
2299.332
2290.229
2284.596
2281.654
2280.327
2291.029
2281.926
2282.583
2283.217
2276.27
2275.373
2285.757
2269.036
2289.582
2290.726
2277.68
2277.471
2276.815
2279.353
2278.026
2269.007
2248.462
2246.723
2244.423
2246.875
2247.62
2258.005
2258.135
2255.779
2255.106
2254.276
2254.41
2253.141
2259.126
2256.121
2263.974
2263.435
2249.857
2253.796
2251.86
2217.99
2217.278
2229.472
2218.411
2217.25
2216.106
2242.019
2210.712
2210.88
2214.38
2211.438
2212.315
2216.959
2225.088
2226.378
2226.572
2229.596
2234.293
2234.503
2229.923
2230.053
2231.021
2247.166
2221.085
2222.658
2226.181
2228.552
2234.252
2229.555
2232.11
2242.561
2242.017
2241.34
2238.969
2242.365
2241.197
2240.314
2247.269
2257.582
2258.751
2266.654
2264.186
2247.357
2243.835
2244.39
2243.099
2242.673
2246.196
2230.051
2263.922
2262.172
2264.035
2258.938
2264.607
2264.065
2258.042
2257.873
2268.423
2274.307
2265.146
2258.972
2254.43
2260.585
2261.296
2249.764
2248.191
2249.481
2250.449
2271.127
2271.338
2270.677
2269.927
2269.383
2277.817
2286.978
2283.727
2289.61
2298.044
2294.793
2292.083
2278.953
2284.623
2277.103
2280.976
2278.015
2276.846
2274.531
2271.406
2266.825
2259.777
2266.057
2273.96
2271.348
2254.519
2264.97
2256.215
2255.67
2248.151
2241.87
2235.741
2227.499
2213.308
2223.792
2235.25
2235.646
2235.095
2231.989
2228.489
2238.736
2240.006
2244.377
2246.829
2242.458
2244.813
2240.262
2240.43
2240.599
2233.595
2235.895
2238.491
2251.36
2250.083
2254.78
2286.29
2285.864
2281.167
2281.827
2286.502
2285.35
2294.106
2294.28
2296.143
2297.433
2298.401
2298.57
2303.267
2296.986
2287.909
2290.522
2294.922
2280.64
2281.607
2284.375
2288.248
2276.81
2279.916
2274.07
2277.445
2277.272
2270.325
2271.488
2272.318
2267.651
2267.696
2267.062
2268.113
2266.786
2267.182
2265.248
2266.411
2267.046
2272.238
2240.93
2224.889
2223.562
2220.062
2221.225
2210.742
2204.627
2195.607
2197.53
2205.91
2202.535
2201.208
2197.833
2197.16
2197.03
2188.011
2174.966
2185.449
2184.619
2178.484
2175.542
2166.842
2166.669
2164.746
2166.121
2168.188
2169.333
2170.21
2172.061
2168.955
2164.442
2163.391
2155.92
2158.862
2179.408
2177.052
2175.313
2176.458
2170.342
2168.603
2174.267
2173.106
2181.805
2185.305
2192.308
2183.609
2194.092
2185.342
2151.688
2154.445
2159.796
2160.43
2169.18
2169.925
2172.868
2170.175
2169.541
2167.089
2158.243
2162.156
2156.022
2139.3
2141.752
2137.086
2135.804
2136.948
2137.157
2144.665
2151.656
2150.379
2155.076
2156.247
2159.373
2176.202
2169.247
2169.789
2173.185
2171.25
2173.224
2171.947
2170.669
2173.282
2162.969
2167.665
2168.415
2154.133
2153.589
2159.744
2170.515
2176.215
2170.545
2160.094
2168.9
2171.271
2167.748
2158.942
2153.845
2156.619
2156.065
2162.239
2162.449
2159.425
2180.103
2178.932
2172.777
2172.235
2174.21
2167.929
2163.99
2159.221
2162.163
2128.51
2128.554
2124.641
2129.013
2128.617
2131.992
2136.636
2135.963
2135.79
2142.737
2136.622
2145.372
2145.327
2144.786
2145.748
2132.702
2129.327
2095.673
2096.224
2093.772
2060.119
2062.474
2062.647
2059.128
2063.641
2052.939
2057.452
2056.183
2059.025
2047.64
2041.831
2042.379
2026.439
2036.758
2036.127
2029.927
2027.404
2028.558
2030.994
2039.689
2037.252
2032.093
2030.832
2037.735
2036.007
2040.351
2053.314
2049.96
2047.438
2044.228
2041.943
2010.834
2008.096
2006.368
2009.578
2009.449
2019.631
2025.727
2022.373
2021.721
2022.613
2048.361
2076.183
2088.221
2085.785
2081.962
2084.637
2118.076
2149.185
2146.748
2152.844
2146.643
2152.694
2145.271
2138.404
2139.558
2153.658
2152.502
2140.464
2146.061
2147.217
2143.74
2144.275
2139.459
2139.627
2140.047
2132.623
2140.426
2153.389
2155.825
2161.92
2172.337
2164.01
2157.144
2162.461
2179.076
2164.975
2162.635
2142.22
2142.029
2139.29
2135.401
2135.008
2155.423
2158.509
2159.046
2161.387
2160.068
2179.625
2179.581
2177.54
2175.119
2169.106
2161.439
2133.967
2133.323
2135.634
2132.748
2137.304
2144.084
2142.839
2129.219
2137.754
2135.263
2133.235
2133.362
2132.105
2136.532
2139.174
2138.513
2144.513
2155.013
2152.127
2153.943
2159.678
2154.584
2155.112
2153.406
2156.048
2155.404
2155.569
2156.45
2157.481
2156.94
2157.105
2155.208
2155.83
2154.572
2163.503
2161.687
2128.668
2154.093
2151.687
2150.807
2166.546
2180.166
2174.147
2174.688
2180.244
2179.704
2184.26
2170.439
2174.933
2171.6
2174.567
2176.893
2168.159
2173.159
2172.21
2172.081
2178.904
2187.544
2186.395
2188.294
2185.227
2180.642
2179.906
2180.112
2182.153
2182.78
2183.445
2183.989
2182.736
2178.937
2199.222
2194.906
2196.623
2196.578
2195.449
2193.55
2187.641
2194.709
2189.677
2186.199
2183.213
2190.172
2197.038
2196.386
2195.232
2197.143
2191.334
2184.468
2189.5
2202.463
2201.928
2200.771
2213.718
2208.526
2209.901
2219.003
2226.365
2230.906
2237.081
2246.242
2243.532
2238.655
2251.785
2254.252
2253.417
2262.223
2256.069
2222.198
2219.423
2224.301
2233.462
2235.212
2233.877
2240.006
2230.844
2241.158
2235.274
2242.229
2244.31
2247.832
2261.804
2274.934
2275.069
2301.15
2295.45
2298.218
2297.315
2295.452
2292.326
2298.21
2298.42
2305.375
2305.549
2311.3
2305.131
2307.46
2326.444
2336.995
2331.61
2330.642
2331.392
2331.936
2333.91
2346.104
2325.426
2316.619
2314.065
2321.019
2316.619
2306.168
2307.071
2310.095
2301.661
2304.129
2298.106
2294.854
2295.757
2298.225
2289.148
2287.87
2285.935
2277.501
2267.187
2268.358
2277.165
2284.213
2284.757
2283.854
2292.931
2295.544
2303.064
2300.596
2302.531
2305.657
2303.794
2301.714
2307.888
2305.42
2304.13
2302.746
2305.301
2305.845
2301.973
2296.747
2297.458
2294.684
2303.761
2337.632
2338.174
2335.465
2329.765
2324.065
2324.9
2320.226
2319.827
2323.369
2351.55
2351.381
2348.255
2353.64
2353.43
2365.985
2372.306
2377.907
2378.588
2384.651
2384.25
2393.114
2402.334
2396.013
2393.032
2394.907
2393.515
2388.943
2393.372
2396.937
2365.222
2368.768
2369.946
2373.911
2374.123
2375.884
2371.157
2363.588
2377.651
2377.25
2372.679
2363.718
2361.843
2360.778
2359.195
2357.433
2360.226
2349.845
2363.203
2357.909
2352.746
2353.432
2352.125
2353.197
2342.285
2339.785
2338.891
2328.442
2328.993
2331.797
2334.964
2331.041
2334.964
2336.964
2336.069
2342.172
2340.064
2339.083
2340.064
2342.036
2354.389
2357.199
2360.788
2365.546
2364.651
2362.249
2368.458
2365.292
2379.761
2374.597
2377.097
2375.324
2370.684
2366.043
2361.285
2371.873
2369.373
2366.373
2372.736
2351.788
2352.219
2352.94
2353.343
2355.931
2372.288
2372.974
2376.415
2373.248
2352.3
2351.114
2351.246
2344.883
2359.352
2348.279
2362.843
2362.288
2362.15
2330.018
2312.857
2311.683
2305.901
2297.301
2299.661
2294.895
2291.811
2283.752
2282.56
2283.971
2279.182
2280.484
2276.873
2280.06
2290.718
2288.596
2278.079
2276.294
2278.268
2278.401
2281.421
2278.757
2280.168
2277.345
2283.488
2283.922
2272.938
2280.998
2287.274
2283.81
2285.932
2281.445
2280.251
2273.159
2274.238
2273.251
2283.768
2286.59
2286.805
2275.822
2259.358
2268.338
2267.613
2262.284
2265.368
2273.968
2273.795
2259.548
2247.788
2279.919
2283.107
2282.382
2285.465
2287.826
2283.194
2284.115
2277.023
2283.165
2285.682
2280.892
2282.254
2281.354
2293.929
2294.063
2292.642
2290.209
2287.833
2288.242
2285.394
2274.564
2287.08
2293.12
2282.29
2282.151
2283.333
2300.608
2300.561
2301.982
2303.596
2301.063
2294.88
2296.906
2295.704
2301.233
2298.55
2299.75
2332.094
2333.891
2345.728
2346.815
2346.599
2349.221
2351.208
2353.989
2366.506
2372.797
2372.751
2376.387
2369.209
2385.754
2386.655
2385.051
2382.288
2373.688
2374.609
2387.998
2384.682
2384.636
2393.564
2404.323
2395.395
2416.481
2421.271
2418.91
2409.982
2416.278
2416.145
2416.359
2437.446
2443.696
2450.826
2449.974
2448.671
2459.329
2458.155
2457.076
2455.882
2455.191
2457.164
2461.931
2464.951
2459.622
2459.819
2462.903
2463.309
2462.636
2465.655
2473.715
2447.119
2463.151
2452.423
2455.264
2456.122
2457.446
2457.883
2458.653
2461.087
2462.701
2459.085
2462.125
2462.324
2452.92
2467.58
2451.007
2444.67
2455.257
2426.329
2415.601
2415.555
2412.515
2407.853
2406.995
2416.313
2387.386
2397.973
2408.56
2411.768
2410.998
2432.224
2434.36
2428.996
2426.562
2426.006
2423.383
2416.206
2418.118
2428.349
2428.549
2429.109
2426.243
2419.883
2417.433
2417.386
2428.186
2435.411
2436.093
2446.751
2450.411
2449.971
2432.581
2432.406
2449.796
2451.796
2442.596
2410.036
2405.206
2405.906
2415.106
2382.546
2382.726
2384.738
2385.517
2388.2
2378.796
2372.478
2383.206
2412.133
2413.748
2410.132
2375.363
2373.943
2379.794
2394.136
2402.248
2411.652
2425.994
2432.332
2431.474
2435.517
2408.746
2413.978
2411.951
2412.13
2411.571
2422.3
2424.982
2420.184
2416.697
2422.061
2419.214
2453.982
2460.022
2460.677
2458.881
2458.702
2455.086
2447.851
2446.924
2440.586
2443.119
2442.192
2438.149
2443.513
2436.374
2427.717
2424.508
2425.067
2423.696
2428.358
2433.18
2434.379
2433.942
2451.217
2443.498
2446.707
2446.528
2440.081
2440.651
2444.694
2434.107
2434.305
2436.928
2440.971
2428.454
2425.921
2430.743
2429.973
2429.203
2426.769
2428.767
2423.403
2415.291
2407.178
2403.969
2395.312
2403.969
2407.456
2416.496
2409.357
2419.944
2410.904
2409.579
2409.406
2424.278
2425.658
2440.417
2439.854
2440.767
2446.332
2444.332
2450.222
2450.957
2441.857
2445.858
2441.788
2438.928
2440.553
2440.753
2431.706
2434.406
2442.573
2445.698
2444.318
2437.984
2437.804
2425.888
2419.398
2422.038
2417.208
2416.508
2420.509
2419.849
2417.299
2384.739
2380.669
2375.816
2392.426
2392.6
2397.302
2408.358
2410.271
2406.296
2410.958
2384.186
2381.082
2379.286
2379.723
2385.574
2385.752
2375.024
2367.305
2367.522
2367.695
2370.904
2372.275
2389.55
2382.315
2383.514
2379.898
2381.897
2380.81
2386.993
2389.526
2394.533
2402.646
2396.354
2396.924
2391.073
2391.247
2393.929
2399.457
2404.255
2401.474
2416.134
2412.647
2411.741
2412.511
2425.376
2411.987
2409.322
2413.954
2418.743
2415.556
2411.607
2428.071
2434.213
2425.613
2422.001
2423.9
2421.295
2420.729
2423.147
2425.976
2423.371
2417.59
2419.001
2409.4
2409.262
2396.89
2397.061
2390.866
2397.96
2397.415
2388.551
2401.766
2391.147
2392.323
2392.128
2394.458
2389.731
2394.458
2391.974
2392.106
2397.526
2425.89
2430.799
2426.071
2436.591
2436.766
2440.664
2443.708
2440.562
2439.588
2431.633
2436.763
2440.036
2455.803
2467.335
2470.732
2462.298
2463.576
2460.615
2459.731
2462.102
2463.006
2464.296
2463.006
2462.795
2453.718
2458.26
2472.231
2480.987
2482.371
2474.468
2483.545
2491.065
2493.839
2487.955
2489.126
2476.932
2472.235
2474.171
2494.849
2496.233
2495.678
2493.704
2504.255
2504.465
2503.314
2513.765
2518.462
2519.298
2514.601
2540.681
2541.833
2531.282
2530.114
2530.825
2525.125
2529.706
2535.986
2535.442
2522.312
2519.602
2529.916
2530.666
2538.185
2542.058
2540.195
2568.376
2577.537
2603.618
2602.65
2602.481
2613.031
2615.741
2621.915
2617.241
2626.402
2618.499
2616.185
2616.054
2613.973
2613.804
2615.554
2624.715
2629.412
2630.47
2621.309
2620.631
2615.957
2616.635
2621.309
2613.608
2616.06
2621.724
2617.352
2586.044
2586.253
2572.063
2575.168
2564.784
2563.457
2565.909
2554.45
2564.698
2564.653
2564.444
2575.902
2578.652
2577.489
2567.241
2562.728
2572.976
2573.106
2575.558
2570.494
2549.948
2549.071
2559.772
2560.936
2561.104
2561.934
2558.434
2557.059
2577.605
2578.887
2577.743
2578.284
2564.401
2547.68
2549.055
2552.903
2552.773
2551.398
2551.189
2556.54
2559.771
2566.718
2566.083
2565.122
2565.663
2563.74
2554.99
2553.139
2553.812
2551.512
2557.145
2556.972
2554.376
2556.443
2546.058
2544.208
2545.77
2549.001
2545.996
2551.188
2548.432
2550.283
2553.658
2561.51
2556.959
2551.113
2559.863
2559.467
2548.984
2569.53
2566.587
2572.572
2577.636
2576.739
2569.792
2570.843
2571.894
2578.135
2590.25
2593.75
2599.885
2604.731
2601.788
2600.05
2616.091
2618.784
2612.694
2613.524
2622.627
2628.716
2634.067
2637.587
2640.183
2612.183
2619.13
2617.848
2618.389
2617.837
2604.792
2605.498
2607.46
2607.998
2608.671
2609.833
2608.669
2608.273
2605.821
2610.193
2627.007
2618.217
2618.765
2624.259
2624.431
2618.335
2628.518
2633.002
2635.581
2629.505
2640.139
2637.559
2638.431
2633.615
2627.807
2594.367
2593.211
2583.029
2584.185
2591.143
2589.232
2576.27
2571.926
2567.311
2568.356
2580.394
2578.666
2579.204
2587.848
2588.893
2591.329
2582.367
2587.964
2587.797
2589.746
2591.299
2593.221
2590.88
2588.931
2582.835
2584.201
2583.654
2584.928
2588.014
2587.806
2590.892
2578.854
2571.951
2569.896
2578.541
2579.678
2590.311
2604.105
2615.49
2617.218
2612.604
2612.066
2628.762
2631.42
2625.382
2609.544
2618.133
2617.506
2616.62
2607.981
2606.153
2626.439
2617.8
2616.98
2617.678
2612.116
2622.683
2624.581
2625.847
2624.131
2612.169
2617.295
2620.77
2623.737
2623.192
2620.477
2630.828
2623.074
2616.16
2616.979
2625.714
2620.255
2617.35
2606.999
2594.119
2603.024
2610.777
2613.198
2608.198
2608.032
2606.722
2581.136
2592.449
2601.089
2600.882
2600.692
2591.705
2585.796
2587.049
2583.983
2587.782
2586.633
2587.991
2588.655
2588.788
2575.081
2574.455
2574.037
2577.836
2588.187
2608.472
2613.257
2599.551
2595.234
2588.411
2594.468
2588.411
2582.399
2585.465
2578.642
2572.63
2578.668
2570.028
2573.503
2572.969
2574.007
2557.498
2562.083
2565.947
2568.273
2558.155
2562.741
2559.266
2569.384
2569.517
2578.422
2579.371
2578.839
2578.104
2578.638
2576.739
2577.366
2579.302
2559.017
2553.425
2556.146
2551.83
2551.786
2552.605
2551.907
2548.575
2552.892
2536.382
2537.03
2536.294
2535.028
2501.801
2495.763
2501.354
2498.165
2499.707
2499.501
2501.771
2503.681
2508.964
2506.923
2504.265
2506.987
2511.594
2508.879
2513.373
2510.468
2507.809
2507.074
2509.01
2514.809
2518.632
2509.938
2512.374
2503.33
2502.285
2491.869
2485.818
2491.135
2497.211
2488.166
2487.122
2478.478
2473.161
2473.352
2472.091
2466.774
2456.455
2457.196
2463.005
2467.489
2469.411
2465.588
2449.648
2447.737
2448.285
2450.807
2444.756
2446.667
2445.511
2435.193
2442.096
2448.998
2448.791
2448.92
2451.652
2438.689
2439.225
2446.091
2445.266
2447.788
2447.58
2449.502
2455.703
2476.118
2473.596
2478.08
2471.213
2467.736
2469.288
2464.129
2465.682
2468.42
2469.973
2473.059
2458.959
2459.352
2464.979
2464.812
2464.419
2459.804
2462.24
2457.756
2447.574
2447.765
2445.186
2446.913
2452.23
2449.945
2477.767
2480.499
2479.962
2473.866
2442.758
2426.143
2426.678
2427.834
2428.002
2429.912
2437.336
2443.283
2448.442
2449.808
2439.49
2429.073
2423.022
2416.156
2405.974
2405.439
2403.385
2404.037
2387.422
2384.068
2382.516
2376.569
2386.888
2387.932
2389.206
2388.314
2388.186
2390.861
2393.947
2395.869
2393.432
2396.418
2401.912
2396.595
2394.158
2396.738
2396.946
2397.118
2394.538
2390.194
2396.245
2406.879
2400.013
2389.379
2389.188
2392.685
2393.822
2394.866
2403.51
2383.096
2389.172
2389.565
2395.616
2395.081
2394.209
2388.009
2373.908
2371.472
2368.386
2373.983
2362.148
2356.376
2360.751
2361.623
2360.469
2366.066
2376.385
2376.552
2369.128
2360.084
2363.069
2373.486
2387.279
2393.226
2389.403
2388.855
2384.04
2388.384
2390.111
2389.443
2391.365
2407.141
2409.704
2412.03
2405.973
2407.883
2410.304
2377.076
2380.408
2382.829
2379.862
2380.634
2374.615
2373.954
2371.643
2374.954
2375.752
2378.283
2380.169
2371.638
2371.019
2371.223
2371.349
2371.874
2391.906
2388.475
2388.602
2390.898
2387.87
2381.786
2385.217
2384.342
2380.911
2387.684
2392.084
2382.093
2376.112
2373.182
2345.882
2343.201
2340.513
2337.832
2335.957
2330.435
2329.185
2321.015
2312.14
2303.265
2291.452
2287.052
2277.061
2276.934
2271.099
2251.067
2249.935
2244.873
2240.323
2238.448
2233.23
2227.53
2218.655
2215.224
2212.295
2210.771
2208.084
2207.395
2206.705
2205.365
2203.452
2193.327
2187.805
2187.637
2186.612
2183.682
2181.77
2174.996
2173.971
2173.802
2146.502
2146.371
2141.821
2137.421
2135.616
2121.78
2120.648
2118.736
2114.92
2109.085
2107.199
2116.677
2110.658
2118.733
2116.313
2114.955
2111.988
2111.57
2110.906
2105.623
2115.824
2115.633
2110.996
2097.202
2088.24
2084.887
2082.546
2049.107
2035.313
2039.341
2027.225
2024.119
2012.661
2011.099
2009.724
1999.476
1991.623
1989.085
1982.175
1992.422
1999.333
2007.185
2010.291
2011.853
2023.312
2024.687
2027.225
2021.24
2020.817
2018.966
2018.293
1986.986
1986.793
1976.409
1976.279
1985.777
1984.027
1983.853
1983.684
1982.532
1956.452
1951.755
1942.852
1938.31
1934.371
1926.119
1921.548
1918.976
1917.678
1912.973
1922.976
1928.44
1927.248
1913.001
1891.914
1898.916
1908.715
1908.275
1906.225
1917.878
1916.77
1914.743
1912.704
1910.677
1905.34
1902.603
1902.035
1898.762
1895.488
1892.583
1889.677
1888.968
1886.544
1883.639
1881.992
1880.883
1887.668
1885.228
1880.398
1878.345
1845.121
1839.111
1829.451
1826.155
1821.202
1804.179
1774.464
1772.024
1768.901
1767.243
1774.361
1773.565
1772.096
1768.777
1763.599
1769.323
1769.178
1747.074
1740.522
1723.264
1710.229
1707.498
1707.072
1695.9
1694.651
1704.336
1691.923
1685.589
1694.377
1691.608
1700.668
1685.078
1670.746
1670.604
1669.998
1652.375
1652.145
1651.551
1659.828
1653.062
1642.991
1620.26
1614.657
1617.44
1615.699
1595.898
1593.254
1590.406
1589.398
1598.144
1592.095
1589.052
1577.201
1574.429
1571.386
1557.69
1546.106
1545.659
1545.047
1542.861
1538.882
1533.781
1528.679
1527.962
1524.31
1512.212
1506.342
1494.245
1485.368
1487.268
1481.954
1473.013
1465.144
1459.856
1458.565
1456.773
1455.821
1449.115
1447.78
1444.692
1442.486
1440.909
1440.156
1438.364
1428.018
1423.605
1422.984
1409.841
1386.274
1385.463
1382.485
1376.282
1385.288
1377.139
1346.744
1345.511
1354.136
1352.621
1342.34
1341.279
1339.224
1332.152
1328.6
1327.961
1326.609
1334.531
1330.684
1337.978
1336.582
1328.245
1327.596
1320.8
1306.193
1293.635
1291.972
1291.768
1286.482
1293.661
1293.406
1290.835
1283.878
1283.072
1272.324
1271.544
1271.332
1280.12
1284.905
1271.945
1264.738
1274.337
1261.042
1253.897
1246.753
1245.784
1255.212
1257.755
1257.055
1259.773
1259.064
1258.812
1245.378
1231.944
1227.52
1227.35
1231.582
1219.658
1219.486
1218.552
1216.874
1214.317
1197.301
1191.233
1190.126
1186.665
1193.196
1192.016
1199.055
1192.882
1188.805
1174.904
1179.945
1177.261
1167.754
1166.166
1166.895
1163.643
1161.89
1159.992
1168.885
1166.307
1166.073
1163.34
1168.321
1161.51
1149.284
1159.493
1159.438
1166.771
1163.977
1172.577
1171.491
1168.671
1168.139
1167.831
1167.548
1163.813
1151.009
1104.934
1103.387
1102.396
1111.788
1113.501
1113.705
1112.87
1099.694
1086.442
1091.208
1100.215
1105.953
1111.609
1109.442
1098.495
1100.689
1088.796
1083.161
1075.367
1085.421
1082.061
1089.583
1083.414
1083.134
1082.787
1085.454
1084.53
1075.82
1078.927
1077.975
1080.678
1090.41
1097.074
1107.799
1102.411
1104.102
1069.532
1063.074
1067.348
1078.648
1086.68
1079.485
1074.176
1082.228
1078.117
1091.603
1070.636
1079.398
1082.252
1079.62
1073.245
1061.896
1063.075
1061.075
1071.748
1068.083
1056.802
1058.211
1063.436
1057.811
1069.276
1064.967
1078.225
1091.975
1086.105
1081.732
1071.353
1063.164
1064.879
1059.083
1057.121
1072.092
1067.477
1078.18
1068.641
1085.27
1096.242
1095.246
1112.869
1122.267
1106.317
1036.085
1050.871
1050.405
1056.482
1057.964
1070.245
1059.148
1076.55
1086.695
1096.233
1100.583
1015.901
970.292
978.165
995.082
1001.55
1018.773
1019.826
967.795
979.582
961.912
965.709
949.481
966.526
981.703
1000.59
1005.329
1023.647
1049.697
1040.553
1072.227
1103.512
1130.238
967.438
926.121
920.491
953.472
822.144
833.97
812.01
796.71
809.719
705.448
694.641
683.034
692.488
627.863
586.018
560.946
441.78
436.78
387.619
351.394
305.414
233.569
142.162
120.766
112.567
92.321
82.923
0
