104
104
104
104
104
104
104
104
104
104
104
104
104
104
104
104
104
104
104
104
104
104
104
104
104
104
104
104
104
104
104
104
104
104
104
104
104
104
112
112
112
112
112
112
112
112
112
112
112
112
112
112
112
112
112
112
112
112
112
112
112
112
112
112
112
112
112
112
112
112
112
112
112
112
112
112
112
112
112
112
112
112
112
112
112
112
112
112
112
120
120
120
128
128
128
128
128
128
136
144
144
144
144
144
136
136
136
128
136
136
136
136
144
144
144
144
144
144
136
128
128
128
128
128
136
136
136
136
136
136
128
128
128
128
128
128
128
128
128
128
128
136
136
128
136
136
136
144
144
144
144
144
144
136
128
128
128
128
128
136
136
136
128
128
128
136
136
144
144
144
152
152
152
144
144
144
144
144
144
144
144
144
144
144
144
144
144
144
136
136
136
136
136
136
144
144
144
144
144
144
144
144
144
144
144
144
144
144
144
144
144
144
144
144
144
144
144
144
144
144
144
136
136
136
136
136
136
128
128
120
120
128
128
128
128
128
128
128
128
128
128
128
128
128
120
120
120
128
128
136
136
136
144
144
144
144
144
144
152
152
152
152
152
152
152
152
152
152
152
152
152
152
152
160
160
160
160
160
160
160
168
168
168
168
176
176
176
176
184
184
184
192
192
192
192
192
192
192
192
192
192
200
200
200
208
208
232
240
240
240
240
240
240
248
248
248
248
256
256
256
256
256
256
256
256
256
256
256
256
256
280
280
280
288
296
296
320
320
328
328
328
328
328
328
328
328
328
328
328
336
336
336
336
344
344
344
344
344
344
344
352
352
352
352
352
360
360
360
360
360
360
288
288
288
288
288
288
288
288
288
288
288
288
312
312
288
288
288
288
288
288
288
288
288
296
296
320
320
296
296
296
296
296
320
344
344
368
392
296
296
296
296
296
296
296
296
296
296
296
296
320
320
296
296
304
328
328
328
328
328
328
328
352
376
400
424
424
448
456
312
312
312
312
312
312
312
312
312
312
312
312
336
360
384
408
312
312
312
312
312
312
312
312
312
336
336
336
336
360
384
408
408
312
312
312
312
312
312
320
320
320
320
320
320
320
320
344
320
320
320
320
320
320
320
320
320
320
328
328
328
328
328
328
352
376
376
376
376
328
328
352
352
328
328
328
336
336
336
336
336
336
336
336
336
336
360
360
360
360
360
360
360
360
360
384
384
384
384
384
408
432
432
336
336
336
336
360
336
336
336
336
336
336
360
336
336
360
336
336
336
336
336
336
336
336
360
360
384
408
336
336
336
336
336
336
336
336
360
360
336
336
336
336
336
360
360
336
336
336
336
336
336
336
336
336
336
360
384
408
408
408
408
432
336
336
336
336
336
336
336
336
336
360
336
336
336
336
336
336
336
336
360
360
360
360
384
384
384
336
360
360
336
336
336
336
336
336
336
336
360
360
360
336
336
336
336
360
360
336
336
336
336
336
336
360
360
384
336
360
336
360
336
336
336
336
336
336
336
336
360
360
360
336
336
336
336
336
336
336
336
336
336
336
336
336
336
336
336
336
336
336
360
384
408
408
408
432
456
480
480
480
480
480
480
336
336
336
336
336
336
336
360
336
336
336
336
336
336
336
336
336
336
336
336
336
336
336
336
336
336
336
336
336
336
336
336
336
360
336
336
336
336
336
336
336
336
336
336
336
336
336
336
336
336
336
336
336
336
336
336
336
360
384
408
432
432
336
336
336
336
336
336
336
336
336
328
328
328
328
328
328
328
328
328
328
328
328
328
328
328
328
328
328
328
328
328
328
328
328
328
328
328
352
352
352
352
320
320
320
320
320
320
320
320
320
320
320
320
320
320
320
320
320
320
320
320
320
320
320
320
320
320
320
320
320
320
320
320
320
320
320
320
320
320
344
344
344
344
368
392
416
416
416
320
344
344
344
344
320
320
320
320
320
320
320
344
344
344
320
320
320
320
320
320
320
320
320
320
320
320
320
320
320
320
320
320
320
320
320
320
320
320
320
320
320
320
320
320
320
320
320
320
320
320
320
320
320
320
320
320
320
320
344
344
368
320
320
320
320
320
320
320
320
320
320
344
320
320
320
320
344
368
320
320
320
320
320
320
320
320
320
344
344
344
344
344
368
392
320
320
320
320
320
320
344
320
320
320
320
320
320
320
320
320
320
320
320
320
320
320
320
320
320
320
320
320
320
320
320
320
320
320
320
320
320
320
320
320
320
320
320
320
320
320
320
320
320
344
344
320
320
320
320
320
320
320
320
320
320
320
320
320
320
320
320
320
320
320
320
320
320
320
320
320
320
320
320
320
312
312
312
312
312
312
312
312
312
312
336
336
336
336
312
312
312
312
312
312
312
312
312
312
312
312
312
312
312
312
312
336
336
312
336
336
312
312
304
304
304
304
304
304
304
304
304
304
304
304
304
304
304
304
304
304
304
328
328
328
328
328
328
328
328
328
336
336
312
312
312
312
312
312
312
320
320
320
320
320
320
320
320
320
320
320
320
320
320
320
320
320
320
320
320
320
320
320
320
320
328
328
328
328
328
328
328
352
352
320
320
320
320
320
320
320
320
320
320
320
320
320
320
344
344
344
344
344
344
344
344
320
344
344
344
344
352
352
352
352
352
328
328
328
328
328
328
352
352
352
352
352
376
376
384
384
384
384
336
336
360
384
384
336
336
336
360
328
328
328
352
352
328
328
328
328
328
328
328
328
328
328
328
328
328
328
336
336
336
336
336
336
336
336
336
336
336
336
336
336
336
336
336
336
336
336
336
336
336
336
336
336
336
360
360
360
360
360
360
360
360
336
336
336
336
336
336
336
336
360
368
368
392
392
344
344
344
344
344
344
344
368
392
416
416
344
344
344
344
344
344
344
344
368
344
344
344
344
344
344
344
344
344
344
344
344
344
344
344
344
344
344
344
368
368
344
344
344
344
344
344
368
368
344
344
344
344
344
344
344
344
344
344
344
344
344
344
344
368
368
344
344
344
344
344
344
344
344
344
344
344
344
344
344
344
344
344
344
344
344
344
344
344
344
344
344
344
344
344
344
368
368
368
368
368
344
344
344
368
392
344
344
344
344
344
344
344
344
344
344
368
344
344
344
344
344
344
336
336
336
336
336
336
360
336
336
336
336
360
336
336
336
336
336
336
336
336
336
336
336
336
336
360
336
336
336
336
336
336
336
336
336
336
336
336
360
360
336
336
360
336
336
336
336
360
360
384
384
384
384
408
432
456
336
336
360
384
384
384
336
336
336
336
336
360
384
336
336
336
360
336
336
336
336
360
328
328
328
328
328
352
328
328
328
328
328
328
352
352
328
328
328
328
352
352
376
328
328
328
328
328
328
328
328
328
328
328
328
328
352
328
328
328
328
328
328
328
328
328
328
328
352
352
376
376
376
400
400
424
328
328
328
328
328
328
328
328
328
328
328
328
328
328
352
328
328
328
328
328
328
328
328
328
328
328
328
328
328
328
328
328
352
328
328
328
328
328
328
328
328
352
352
328
352
328
328
328
328
352
352
352
328
328
328
328
328
328
352
352
352
352
328
328
336
336
360
336
336
336
336
336
360
336
328
328
328
352
352
352
360
360
384
384
384
384
384
384
336
336
336
336
336
336
336
336
336
336
336
336
328
328
328
328
328
328
352
352
328
328
328
328
328
328
328
328
328
328
328
328
328
328
328
328
328
328
328
328
320
320
320
320
320
320
320
320
312
312
312
312
312
312
312
312
312
336
360
312
312
312
312
312
304
304
304
304
304
304
304
304
304
304
304
304
304
304
304
304
304
304
304
304
304
304
304
304
304
304
304
304
304
304
304
304
304
304
304
328
352
352
352
352
304
304
304
304
304
304
304
304
304
304
304
304
304
304
304
304
296
296
296
296
296
296
296
296
296
296
296
296
296
296
296
296
296
296
296
296
296
296
296
296
296
296
296
296
296
296
296
296
296
296
296
296
296
296
296
296
296
296
288
288
288
288
288
280
280
272
272
280
280
280
280
280
280
280
280
280
280
280
280
280
272
272
272
272
272
272
272
272
272
272
272
272
272
272
272
272
272
272
272
272
272
272
272
272
264
264
264
264
272
272
272
272
280
280
288
312
288
288
288
288
288
288
288
280
280
272
272
272
272
272
272
272
272
272
272
272
272
272
272
272
264
264
256
256
248
248
248
240
232
232
232
240
240
240
240
240
240
240
240
240
240
240
240
240
240
240
240
240
240
240
240
240
240
240
240
240
240
240
248
248
248
248
248
240
240
240
240
240
240
264
264
264
240
240
240
240
240
240
240
240
240
240
240
240
240
248
248
272
272
272
272
272
272
248
248
248
248
248
248
248
248
248
248
248
240
240
240
240
240
240
232
224
224
224
224
224
224
224
224
224
224
232
240
240
240
240
240
240
240
240
240
240
240
240
240
240
240
240
248
248
248
248
248
248
248
248
248
240
240
240
240
248
248
248
256
256
256
256
256
256
256
256
256
256
256
256
256
256
256
256
256
256
256
256
256
256
256
256
256
256
256
256
256
256
256
256
256
256
256
256
256
256
256
256
248
240
240
240
232
232
232
240
240
240
240
240
264
264
288
288
288
288
288
288
288
288
240
240
240
240
232
232
224
224
224
248
224
224
216
216
216
216
208
208
208
208
216
216
216
224
224
224
224
224
224
216
216
216
208
208
208
216
216
240
240
240
240
240
216
216
216
216
216
216
216
216
216
216
216
240
240
240
240
240
240
240
240
240
248
248
248
248
248
224
224
248
248
224
224
224
224
224
224
224
224
224
224
224
232
232
232
232
240
240
240
240
240
232
232
232
232
256
256
256
280
280
304
328
352
232
232
232
232
232
232
232
224
232
232
240
240
240
248
248
272
240
240
240
240
240
264
264
288
312
336
360
360
360
240
240
240
240
248
248
248
248
248
248
248
248
248
248
248
248
248
248
248
248
256
256
256
256
256
256
256
256
256
256
256
256
256
256
256
256
256
256
256
256
256
256
256
256
256
256
256
256
248
240
240
240
240
248
248
248
248
248
256
248
248
248
248
248
248
248
248
248
248
256
256
280
280
280
304
328
328
328
328
328
336
336
336
264
264
264
264
264
264
264
264
264
264
272
272
272
272
272
272
272
272
272
296
320
344
264
264
264
264
264
264
264
264
264
264
264
264
272
296
320
320
320
344
272
272
272
272
272
272
272
272
280
280
280
280
280
280
280
272
272
272
272
272
272
272
272
272
264
264
264
264
264
264
264
272
272
272
272
272
272
272
272
296
272
272
272
272
272
272
264
264
264
264
264
264
264
272
272
272
272
272
272
272
272
272
272
272
272
272
272
272
272
272
272
272
272
272
272
272
272
272
272
272
272
272
272
264
264
264
264
264
264
264
264
264
264
272
272
280
280
280
280
280
280
272
272
264
264
264
264
264
264
264
256
256
280
280
304
328
328
328
352
376
248
248
248
248
248
256
256
256
256
256
256
256
256
264
264
264
264
264
264
264
264
264
264
264
264
264
264
264
264
264
264
264
256
248
248
248
248
248
248
248
248
248
248
248
240
240
240
248
248
256
256
264
264
264
264
264
264
256
248
248
248
248
248
248
248
248
248
248
248
248
248
248
248
248
248
248
248
248
248
248
248
248
248
272
272
272
296
320
344
368
392
416
424
424
424
424
424
424
448
448
256
256
256
256
256
256
264
264
264
264
264
264
264
264
264
256
256
256
256
256
256
256
280
280
280
280
280
304
328
352
256
256
256
256
256
256
256
256
256
256
280
280
304
304
256
256
256
256
256
256
256
256
264
288
288
288
288
288
312
336
336
336
336
336
336
336
336
336
264
264
264
264
264
264
264
264
264
264
264
264
264
264
264
264
264
264
264
272
272
272
272
272
272
272
272
272
272
272
272
272
272
272
272
280
280
280
288
288
288
296
296
296
296
296
296
296
296
296
296
288
288
312
312
336
336
360
360
384
384
288
288
288
280
280
280
280
280
280
288
288
288
288
288
312
312
288
288
288
288
288
280
280
280
280
280
280
280
280
280
280
280
280
280
280
272
272
272
296
296
320
320
320
320
320
320
272
272
272
264
264
264
264
264
264
264
264
264
264
264
264
264
264
264
264
264
264
264
264
264
264
264
272
272
272
272
272
280
288
288
288
288
312
312
288
280
280
272
272
264
264
264
288
312
336
360
360
384
408
432
432
432
432
456
456
456
456
480
480
480
480
480
264
264
264
264
264
264
264
264
264
264
256
256
256
256
256
256
264
288
288
288
288
288
312
312
312
312
312
312
312
320
272
272
272
272
272
272
272
272
272
272
272
272
272
296
296
296
272
272
272
272
272
272
272
272
280
280
280
288
288
288
296
296
296
320
344
344
368
368
392
392
392
392
392
392
392
392
392
416
416
416
440
440
440
296
296
296
296
296
296
296
296
296
296
296
296
296
296
296
304
304
312
304
304
304
304
304
296
288
288
288
312
336
360
360
360
384
408
416
416
416
416
416
416
416
424
424
424
432
312
312
312
312
312
312
312
312
336
360
360
384
384
408
408
408
408
408
408
408
416
416
440
440
440
320
320
320
320
320
320
320
320
344
344
344
344
320
320
328
328
328
352
328
328
328
328
328
328
328
328
328
328
328
328
328
328
328
328
328
328
328
328
328
328
328
328
352
352
352
352
352
352
376
376
328
328
328
328
352
328
328
328
328
328
328
328
328
328
328
328
320
320
312
312
336
360
360
384
408
432
432
456
480
312
336
360
360
360
360
312
312
312
312
312
312
312
312
312
312
312
312
312
320
320
320
320
320
320
320
320
320
320
320
320
320
320
320
320
328
328
352
352
376
376
376
328
328
328
352
352
328
328
328
328
328
328
328
328
352
328
328
328
328
328
328
336
336
336
336
336
360
384
384
336
360
360
336
336
336
336
336
336
336
336
344
344
344
344
344
344
344
344
344
344
344
344
344
344
344
344
344
344
344
344
344
344
344
344
344
368
344
344
344
344
344
344
344
344
344
344
344
344
344
344
344
344
344
344
344
344
344
368
344
344
344
344
344
368
344
344
344
344
344
344
344
344
344
344
344
344
344
344
344
344
344
344
368
392
392
392
392
392
416
344
344
344
344
344
344
344
344
344
344
344
344
344
344
344
344
344
344
344
368
368
344
344
344
344
336
336
336
336
336
336
336
336
336
336
336
336
336
336
336
360
336
336
336
336
336
336
336
336
336
336
336
336
360
336
336
336
336
360
384
336
336
336
336
336
336
336
336
336
336
336
336
336
336
336
336
336
336
336
360
336
360
336
336
336
360
360
384
408
336
336
336
336
360
360
384
384
336
336
336
336
336
336
336
336
336
336
336
360
336
336
336
336
336
360
360
336
336
336
336
328
328
328
328
328
328
328
328
328
352
328
328
328
328
328
328
328
328
328
328
328
328
328
328
352
328
328
328
328
352
328
328
328
328
328
328
328
328
328
328
328
328
328
328
328
328
352
328
328
328
328
352
352
328
328
328
328
328
328
328
328
328
328
328
328
328
328
328
352
376
376
376
400
424
448
448
448
328
328
328
328
328
328
328
328
328
328
328
328
328
328
328
328
352
352
328
328
328
328
328
328
328
328
328
328
328
328
336
336
360
360
336
336
336
336
336
336
336
336
336
336
336
336
336
336
336
336
336
336
336
336
336
336
360
360
360
360
336
336
336
344
344
368
344
344
344
368
368
392
392
392
392
344
344
368
344
344
344
344
344
344
344
344
344
368
368
368
368
368
344
344
344
344
344
344
344
344
344
368
368
368
344
344
344
344
344
344
344
344
344
344
344
344
344
344
344
344
344
344
368
344
344
344
344
344
344
344
344
344
344
344
344
344
344
344
344
344
344
344
344
368
344
344
344
344
344
344
344
344
344
344
344
344
344
344
344
344
368
392
416
440
440
464
464
488
488
344
336
336
336
336
336
336
360
360
360
384
384
384
328
328
328
328
328
328
352
352
328
328
328
328
328
328
328
328
352
328
328
328
328
328
328
328
328
328
336
336
336
336
336
336
336
336
336
336
336
336
336
336
336
336
336
336
336
360
336
336
336
336
336
336
336
336
336
336
336
336
336
336
336
336
336
336
336
336
336
336
336
328
328
328
328
328
328
328
328
328
328
328
328
352
328
328
328
328
328
328
328
328
328
328
328
328
352
376
376
376
376
328
328
328
328
328
328
328
328
328
328
328
352
328
352
328
328
328
328
328
328
328
328
328
328
328
328
328
328
328
328
328
328
328
328
328
328
328
328
328
328
328
328
328
328
328
328
328
328
328
328
328
328
328
328
328
328
328
328
328
328
328
328
328
352
352
352
352
328
328
328
328
328
328
328
328
328
328
328
328
328
328
328
328
328
328
328
328
320
320
320
320
320
320
320
320
320
320
320
320
320
320
320
320
344
344
320
320
320
320
320
320
320
320
320
320
320
320
320
320
320
328
328
328
328
328
328
352
352
352
360
328
328
328
328
328
328
328
328
328
328
328
328
328
328
328
328
328
328
328
328
328
328
328
328
328
328
352
376
376
400
400
328
328
328
328
328
328
328
328
352
328
328
328
328
328
328
352
352
352
328
328
328
328
328
328
328
328
328
328
328
328
328
328
328
328
328
328
328
328
328
328
328
328
320
320
320
320
320
320
320
344
320
328
328
336
336
336
336
336
336
336
336
360
336
336
336
336
336
336
336
336
336
336
336
336
336
336
336
360
336
336
336
336
336
336
336
328
328
328
328
328
328
328
328
328
328
328
328
328
328
328
328
328
328
352
352
328
328
328
328
328
328
352
352
352
328
320
320
320
320
320
320
320
320
320
320
320
320
320
344
344
320
320
320
320
320
344
344
344
320
320
344
344
352
352
328
328
328
328
328
328
328
328
336
336
336
336
336
336
336
336
336
336
328
328
328
328
328
328
328
328
328
328
328
328
328
328
328
328
328
328
328
328
328
328
328
328
328
328
328
328
328
328
328
328
328
328
328
328
328
328
328
328
328
328
328
320
320
320
320
320
320
320
320
320
320
320
320
320
320
320
320
320
320
320
320
320
320
320
320
320
320
320
320
328
328
328
328
328
328
328
328
328
328
328
328
328
328
328
328
328
328
328
328
328
328
328
320
320
320
320
320
320
320
320
320
320
320
320
320
320
320
320
320
344
344
368
320
320
320
320
320
320
320
320
320
320
312
312
304
304
304
304
304
304
304
304
304
304
304
304
296
296
296
296
296
296
288
288
288
288
288
288
288
280
280
280
280
280
280
280
280
280
280
272
272
272
272
264
264
264
264
264
264
264
264
264
264
264
264
264
264
264
264
264
264
264
264
264
264
264
264
256
256
256
256
256
256
248
248
240
232
232
232
232
232
232
232
240
240
240
240
240
232
232
232
224
224
224
224
224
224
224
224
224
224
224
224
224
224
224
224
224
224
216
216
216
216
216
216
216
216
216
208
208
208
208
208
208
208
208
208
208
208
208
208
200
200
200
200
200
200
200
200
200
200
200
200
200
200
200
200
200
200
208
208
216
216
216
216
216
216
216
224
224
224
224
224
224
216
208
208
208
208
208
208
208
208
208
208
200
192
192
192
192
192
192
192
192
192
200
200
200
200
200
200
200
200
200
200
200
200
200
200
200
200
200
200
200
200
200
200
200
192
192
192
192
192
192
192
200
200
200
200
200
200
200
192
192
192
200
200
200
200
200
200
200
200
200
200
200
208
208
208
208
208
208
208
208
200
200
200
200
200
200
200
200
192
192
184
184
184
192
192
192
192
192
192
184
184
184
184
176
176
176
176
176
176
176
176
176
176
176
176
176
176
176
176
176
176
176
176
176
176
176
176
176
176
176
176
168
168
168
168
168
168
168
168
168
168
168
168
168
168
176
176
176
176
176
176
176
176
176
176
184
184
184
184
184
184
184
184
184
184
184
184
184
192
200
200
200
200
200
208
208
208
208
208
208
208
216
216
216
224
232
232
240
240
240
240
240
240
240
240
240
240
240
248
248
248
256
256
256
256
264
264
264
264
264
264
264
264
264
264
272
280
280
280
280
280
280
280
280
280
280
288
288
288
288
296
296
296
296
296
296
296
296
288
288
288
288
288
288
288
288
288
288
288
288
312
312
288
288
288
288
296
296
296
296
296
296
296
296
296
296
296
304
304
304
312
312
312
320
344
344
344
320
320
320
320
320
320
320
320
320
344
344
344
344
344
344
320
320
320
320
344
344
344
344
320
320
320
320
344
344
320
320
320
320
328
328
328
328
328
328
328
352
352
352
352
328
328
328
328
328
352
376
328
328
328
328
328
328
328
328
328
328
328
328
328
328
328
328
328
328
328
328
328
328
328
352
352
376
328
328
328
352
328
328
328
328
328
328
352
328
328
328
328
352
376
400
424
328
328
352
352
376
328
328
328
352
328
328
328
328
328
328
328
328
328
328
328
328
352
352
352
328
352
328
328
328
328
328
328
328
328
328
352
352
352
352
376
328
328
328
328
328
328
328
328
328
328
328
328
328
328
328
328
328
328
328
328
352
328
328
328
328
328
352
328
328
328
328
328
352
328
328
328
320
320
320
320
320
320
320
320
320
320
320
320
320
320
320
320
328
328
328
328
352
328
328
328
328
328
328
328
328
352
328
328
328
328
328
328
328
328
328
328
328
328
328
328
328
328
328
328
328
328
328
328
328
328
328
328
328
328
328
328
328
352
352
352
352
328
328
328
328
328
352
328
328
328
328
328
352
352
328
328
328
328
352
328
328
328
328
328
328
328
328
328
328
328
328
328
328
328
352
328
328
328
328
328
328
328
328
328
328
328
352
352
352
352
328
328
328
328
328
328
328
328
328
328
328
328
328
328
328
352
328
328
328
328
328
328
328
328
328
328
328
328
328
328
328
328
328
328
328
328
328
328
328
328
328
328
328
352
328
328
328
328
328
328
352
352
320
320
320
320
320
320
320
320
320
320
320
320
320
320
320
320
320
320
320
312
312
312
312
304
304
304
304
304
304
304
304
304
304
304
304
304
304
304
304
304
304
304
304
304
304
304
312
312
336
336
312
312
312
312
312
312
312
312
312
312
312
312
304
304
304
304
304
304
304
304
304
296
304
304
304
304
304
304
304
304
304
304
304
304
304
304
304
304
304
304
296
296
304
304
304
304
304
304
304
304
304
304
304
304
304
304
304
304
296
296
304
304
304
304
304
304
304
328
304
304
304
304
304
304
304
304
304
304
304
328
328
328
304
304
304
304
304
304
304
304
304
304
304
304
304
304
304
296
296
320
320
320
320
320
320
296
296
296
296
296
296
296
296
296
296
296
296
296
296
296
296
296
304
304
304
304
304
304
304
304
296
296
296
296
304
304
304
304
304
304
304
304
304
304
304
304
304
304
304
304
304
304
304
304
304
304
304
304
304
304
304
304
304
304
304
304
304
304
304
304
304
304
304
304
304
304
304
312
312
336
312
312
312
312
312
312
312
312
312
336
336
360
312
312
312
312
312
312
312
312
312
312
312
312
312
312
312
336
312
312
312
312
312
312
312
312
312
312
312
312
312
312
312
312
312
312
312
312
312
312
312
312
312
312
312
312
312
312
312
312
312
312
312
312
312
312
312
312
336
336
312
312
312
312
312
312
312
312
312
312
312
312
312
312
312
312
312
312
336
336
336
312
312
312
312
312
312
312
312
312
312
312
312
320
320
320
320
320
320
320
320
320
320
320
320
320
320
320
320
320
320
320
320
320
320
320
320
320
320
320
320
312
312
312
312
312
312
312
312
312
312
312
312
312
312
312
312
312
312
312
312
304
304
304
304
304
304
304
304
304
304
304
304
304
304
304
304
328
328
328
328
304
304
304
304
304
304
304
304
304
328
304
328
304
304
304
304
304
304
304
328
296
296
296
296
296
296
296
296
296
320
296
296
296
296
296
296
296
296
296
296
296
296
296
296
296
296
296
296
296
320
320
320
320
320
296
296
296
296
296
296
296
296
296
296
296
296
296
296
296
296
296
296
296
296
304
304
304
304
304
304
304
304
304
304
304
304
304
304
304
304
304
304
304
304
304
304
304
304
304
312
312
312
336
312
312
312
312
336
336
312
312
312
312
312
336
336
304
304
304
312
312
312
312
312
312
312
312
312
312
312
312
312
312
312
312
312
312
336
336
336
336
312
312
312
312
320
320
320
320
320
320
320
312
312
312
312
312
336
312
312
312
312
312
312
320
320
320
320
320
320
320
320
320
320
320
320
320
320
320
320
320
320
320
320
344
320
344
320
320
320
320
320
320
320
320
312
312
336
312
312
312
312
312
312
312
312
312
312
312
312
312
312
312
312
312
312
312
312
304
304
304
296
296
320
320
320
344
344
344
368
368
368
392
296
296
296
296
296
296
296
296
296
296
296
296
296
296
296
296
296
296
296
296
296
296
296
320
320
320
296
296
296
296
296
296
296
296
296
296
320
320
296
296
296
296
296
296
296
320
320
320
320
320
296
296
296
296
296
296
296
296
296
296
296
296
296
296
296
296
296
296
296
320
320
320
320
296
296
296
296
296
296
296
304
304
328
328
304
304
328
304
304
304
328
304
304
304
304
304
304
304
304
304
304
328
328
328
336
336
336
336
312
312
312
312
312
312
312
312
312
312
312
312
312
312
312
312
312
312
312
304
304
304
304
304
312
312
312
312
312
312
312
312
312
312
336
312
312
312
312
312
312
312
312
312
312
312
312
312
312
312
312
312
312
312
312
312
312
312
312
312
312
312
312
312
312
312
312
312
336
312
312
312
312
312
312
312
312
312
312
312
312
312
312
312
312
312
312
312
312
312
320
312
312
312
312
312
312
312
312
312
312
312
312
312
312
312
312
312
312
312
312
312
312
312
312
312
312
312
312
312
312
312
312
312
312
312
312
312
320
320
320
320
320
320
320
320
320
320
320
320
320
320
320
320
320
320
320
320
344
320
320
320
320
320
320
320
320
320
320
320
320
320
320
320
320
312
312
312
312
312
312
312
312
312
320
320
320
320
320
320
320
320
320
320
320
320
320
320
320
320
320
320
320
320
344
344
320
320
320
320
320
344
344
320
320
320
320
320
320
320
320
320
320
320
320
320
320
320
320
320
320
320
320
320
320
312
320
320
320
320
320
320
320
320
320
320
320
320
320
344
320
320
320
312
312
312
312
312
312
312
312
312
312
312
312
312
336
336
312
312
312
312
312
320
320
320
320
320
320
320
320
320
320
320
312
312
312
312
312
312
312
336
336
312
312
312
312
312
312
312
312
312
312
312
312
312
312
304
304
304
304
304
304
304
304
304
304
304
304
304
304
304
304
312
312
312
312
312
312
320
320
320
320
320
320
320
320
320
320
320
320
312
312
312
312
312
312
312
312
312
312
312
312
312
312
312
312
312
312
312
312
312
312
312
312
312
312
312
312
312
312
312
312
312
312
312
312
312
312
312
312
312
312
304
304
304
304
296
296
296
296
296
296
296
288
288
288
288
288
312
288
288
288
288
288
288
288
288
288
288
296
296
296
296
320
320
320
320
296
296
296
296
296
296
296
296
296
296
296
296
296
296
296
296
296
296
296
296
296
296
296
296
296
296
296
296
296
296
296
296
296
296
296
296
296
320
296
296
296
296
296
296
320
320
320
296
296
296
296
296
296
320
296
296
296
296
296
296
296
296
296
296
296
296
296
296
296
288
296
296
296
296
296
296
296
296
296
296
320
296
296
304
304
296
296
296
296
296
320
320
296
320
296
296
296
296
296
296
296
296
296
296
296
296
296
296
296
296
296
296
296
296
296
296
296
296
296
296
296
320
320
328
328
328
328
328
304
304
304
304
304
304
304
304
304
304
296
296
296
296
296
296
296
296
296
304
304
296
304
304
304
304
304
304
304
304
304
304
304
304
304
304
304
304
304
304
304
304
304
304
304
304
304
304
304
304
304
312
312
312
336
336
312
312
312
312
312
312
312
312
312
312
312
312
312
312
312
312
312
312
312
312
312
312
312
312
312
312
312
312
312
312
312
312
312
312
312
320
320
320
320
320
320
320
320
344
320
320
320
320
320
320
320
320
320
312
336
312
312
312
312
312
312
312
312
312
312
312
312
312
312
312
312
312
312
312
312
320
320
320
320
328
328
328
328
328
328
352
352
352
328
328
328
328
328
328
328
328
328
328
328
328
328
328
328
328
328
328
328
328
328
328
328
352
328
328
328
328
328
328
328
328
328
328
328
328
352
328
328
352
352
376
328
328
328
352
352
352
352
328
328
328
328
328
328
328
328
328
328
328
328
328
328
328
328
328
328
328
328
328
328
328
328
352
352
328
328
328
328
328
328
328
328
328
328
328
328
328
328
328
328
328
328
328
328
352
352
352
352
328
328
328
328
328
328
328
328
328
328
328
328
352
352
328
328
328
328
328
328
328
320
320
320
320
320
320
320
320
320
320
320
320
320
320
320
320
320
320
320
320
320
320
320
320
328
328
328
328
328
328
328
328
328
328
328
328
328
328
328
328
328
328
328
328
328
328
328
328
328
328
328
328
328
328
328
328
328
328
328
328
328
328
328
328
328
328
328
328
328
328
328
328
320
320
320
320
320
320
320
344
320
320
320
320
320
320
320
320
344
320
320
320
320
320
320
320
320
320
320
320
320
320
320
320
320
320
320
320
320
320
320
328
328
328
328
328
328
328
328
328
328
328
328
328
328
328
328
328
328
320
320
320
320
320
320
320
320
320
320
320
320
320
320
320
320
320
320
320
320
320
320
320
320
320
320
320
320
328
352
352
352
352
328
328
328
328
328
328
328
328
328
328
328
328
328
328
328
328
328
328
328
328
328
328
328
328
328
328
328
328
328
328
328
328
328
328
328
320
320
320
320
312
312
312
304
304
304
304
304
304
296
296
296
296
296
296
296
296
296
288
288
280
280
280
280
280
280
272
272
272
272
272
264
256
256
256
248
248
248
248
248
248
248
248
240
240
240
240
240
240
240
240
240
232
232
232
232
224
224
224
216
216
208
208
208
200
192
184
184
184
184
184
184
184
176
168
160
152
152
144
144
144
144
144
136
136
136
136
128
128
128
128
128
128
120
120
112
104
104
