0.201
0.155
0.151
0.151
0.15
0.15
0.148
0.15
0.196
0.154
0.153
0.151
0.152
0.172
0.152
0.154
0.152
0.154
0.15
0.151
0.17
0.153
0.151
0.154
0.152
0.169
0.154
0.151
0.45
0.156
0.152
0.174
0.154
0.15
0.152
0.151
0.15
0.15
0.195
0.264
0.196
0.195
0.214
0.155
0.152
0.187
0.154
0.148
0.152
0.149
0.153
0.154
0.15
0.151
0.151
0.176
0.155
0.449
0.173
0.442
0.151
0.151
0.161
0.156
0.15
0.299
0.22
0.194
0.218
0.378
0.275
0.194
0.261
0.503
0.187
0.19
0.148
0.163
0.145
0.145
0.244
0.521
0.151
0.146
0.145
0.251
0.189
0.189
0.363
0.191
0.189
0.826
0.978
0.23
0.164
0.164
0.3
0.254
0.204
0.191
0.277
0.455
0.192
0.148
0.151
0.249
0.19
0.149
0.168
0.192
0.512
0.151
0.15
0.149
0.173
0.15
0.29
0.151
0.148
0.145
0.145
0.148
0.148
0.152
0.148
0.15
0.15
0.485
0.151
0.152
0.151
0.149
0.447
0.148
0.337
0.148
0.238
0.192
0.189
0.149
0.154
1.137
0.377
0.313
0.508
0.193
0.189
0.675
0.154
0.534
0.194
0.45
0.506
0.261
0.51
0.267
0.149
0.211
0.251
0.212
0.192
0.19
0.189
0.375
0.191
0.549
0.15
0.191
0.219
0.652
0.15
0.152
0.19
0.189
0.245
0.147
0.146
0.19
0.192
0.246
0.195
0.189
0.533
0.149
0.149
0.193
0.359
1.367
0.456
0.15
0.188
0.188
0.188
0.412
0.27
0.446
0.192
0.188
0.188
0.53
0.348
0.192
0.188
0.823
0.357
0.147
0.905
0.246
0.224
0.19
0.23
0.384
0.15
0.389
0.884
0.352
0.148
0.193
0.896
0.171
0.204
0.154
0.406
0.916
0.151
0.353
0.189
0.259
0.366
0.393
0.974
0.422
0.194
0.192
0.19
0.192
1.205
0.186
0.386
0.38
0.19
0.25
0.36
1.172
0.191
0.35
0.384
0.353
1.279
0.19
0.288
1.291
0.247
0.188
0.195
1.33
0.452
0.397
0.188
0.357
0.837
0.247
0.545
0.364
1.591
0.354
1.543
0.356
0.188
0.189
0.488
0.358
0.191
0.357
0.346
0.35
1.712
0.352
0.383
1.83
0.689
0.381
1.975
0.767
2.281
0.2
0.366
1.794
0.196
1.778
0.372
0.358
1.778
0.358
0.353
0.194
0.354
0.359
0.196
0.195
0.193
0.358
0.358
0.348
0.194
0.358
0.379
0.352
0.422
0.648
1.784
0.361
0.195
0.356
0.38
1.838
0.362
0.354
0.355
0.199
0.354
0.421
0.357
0.385
0.237
0.419
0.374
0.379
0.204
0.407
0.246
0.234
0.243
0.377
0.374
0.392
2.735
0.196
0.196
1.752
0.361
0.196
0.355
0.356
0.36
0.349
0.359
0.357
0.197
1.754
0.355
1.791
1.722
1.772
0.385
0.195
2.801
0.198
0.199
0.38
0.196
1.763
1.72
0.455
0.381
0.359
0.197
0.365
0.198
0.363
1.919
0.195
0.362
0.363
0.196
0.359
0.357
0.38
0.361
0.199
0.39
0.356
0.197
0.349
0.357
0.758
0.64
0.22
1.823
0.357
0.387
0.361
1.774
0.387
1.769
0.38
1.799
0.386
0.377
0.36
0.381
0.36
0.218
0.379
0.198
0.195
0.362
0.356
0.196
0.371
1.705
0.368
0.368
0.197
0.42
0.364
0.361
0.364
0.402
0.365
0.367
0.367
0.361
0.363
1.589
0.37
0.348
0.366
0.36
0.193
0.354
0.35
0.198
0.355
1.773
0.196
0.359
0.573
0.473
0.627
0.2
0.199
0.195
1.851
0.397
1.753
1.761
1.812
0.195
0.364
0.361
0.197
0.368
0.365
0.386
0.362
0.357
0.358
0.383
0.354
0.366
0.785
0.652
0.379
1.746
0.389
0.198
0.364
0.351
0.356
0.194
0.199
0.359
0.354
0.354
0.345
0.36
0.361
0.387
0.363
0.195
0.36
0.359
0.358
0.351
0.352
0.352
0.358
0.352
0.194
0.191
0.391
0.367
0.376
0.358
0.358
0.225
0.384
0.395
0.195
0.395
0.384
0.197
0.367
0.399
0.372
0.364
0.366
0.199
0.248
0.196
1.688
0.199
0.195
0.194
0.368
0.388
0.416
0.356
2.703
0.358
0.353
0.383
0.41
0.364
0.197
0.197
1.647
1.669
0.197
0.408
1.694
0.368
0.365
0.363
0.196
0.366
0.386
1.627
0.358
0.388
0.604
0.518
0.36
0.352
0.357
0.356
0.361
0.36
0.366
0.362
0.391
0.196
0.367
0.391
0.369
1.666
0.393
0.396
0.358
0.197
0.366
0.465
0.364
1.488
0.19
0.819
0.379
0.395
0.193
0.193
0.191
0.357
0.354
0.356
0.472
0.927
0.366
0.194
1.955
0.397
0.361
0.376
0.358
0.359
0.349
0.351
0.192
0.354
0.355
0.192
0.38
0.192
0.426
0.311
0.238
2.581
0.357
0.372
0.373
0.428
0.35
0.468
0.354
0.352
0.863
0.791
1.774
0.361
0.521
0.532
0.36
0.363
0.504
0.494
0.56
0.214
0.19
0.358
0.441
0.192
0.356
0.247
0.246
0.28
0.197
0.366
0.542
0.196
0.368
0.363
0.361
0.393
0.367
0.446
0.486
0.365
0.363
0.376
0.361
0.367
0.477
0.368
0.352
0.203
0.246
0.405
0.867
0.205
0.194
0.205
0.191
0.193
0.205
0.363
0.204
0.36
0.377
0.194
0.363
0.198
0.358
0.36
0.358
0.373
0.361
0.204
0.401
1.457
0.202
0.4
0.362
0.363
0.363
0.585
0.891
0.356
0.22
1.33
0.357
0.355
1.348
0.354
0.189
0.224
0.397
0.191
0.36
0.356
0.353
0.526
0.372
0.362
0.361
0.367
0.8
0.202
0.367
0.362
0.196
0.196
1.434
0.196
0.362
0.37
0.197
0.365
0.199
0.367
0.197
0.365
0.198
0.197
1.489
0.366
0.195
0.194
0.368
0.38
0.373
0.368
0.405
0.668
0.874
0.394
0.197
0.195
0.367
0.196
0.363
0.381
0.365
0.365
0.197
0.366
0.368
0.367
0.196
0.368
0.388
0.386
0.196
0.195
0.364
0.365
0.363
0.369
0.362
0.237
0.369
0.832
0.652
0.369
0.384
0.371
0.2
0.201
1.422
0.377
0.377
0.363
0.363
0.206
0.36
0.195
0.196
0.2
0.206
0.198
0.368
0.367
0.368
0.199
0.195
2.32
0.375
0.366
0.363
0.373
0.364
0.391
0.364
0.368
0.367
0.366
0.364
0.37
0.368
0.196
0.367
0.198
0.202
0.419
0.208
0.376
0.375
0.37
0.197
0.2
1.609
0.709
0.4
0.369
0.198
0.371
0.195
0.414
0.2
0.406
0.394
0.378
0.387
0.201
0.371
0.197
0.241
0.372
0.2
0.367
0.198
0.37
0.37
0.405
0.364
1.679
0.198
1.654
0.491
0.373
0.382
0.359
0.197
0.371
0.367
0.387
0.366
0.199
0.366
0.248
0.211
0.363
0.366
0.191
0.191
0.362
0.359
0.193
0.359
0.191
0.357
0.36
0.354
0.393
0.19
1.874
0.359
0.359
0.193
0.361
1.36
0.398
0.378
0.2
0.191
1.425
0.357
0.192
0.195
0.356
0.36
0.362
0.353
0.189
1.663
0.362
0.399
0.366
0.199
0.193
0.824
0.515
0.194
0.198
0.405
1.637
0.198
0.4
0.194
0.461
0.357
0.36
1.39
0.354
0.349
0.19
0.493
0.365
0.363
0.359
0.405
1.392
0.689
0.794
0.699
0.382
0.36
0.641
0.361
0.36
0.44
0.251
0.397
1.381
1.338
0.364
1.671
0.195
0.513
0.357
1.447
1.759
0.26
0.452
0.191
1.277
0.358
0.351
0.358
0.353
0.354
0.194
0.357
0.233
0.49
1.252
0.396
0.191
0.189
1.292
0.192
0.193
0.362
0.357
0.411
0.372
0.394
0.241
0.375
0.211
0.37
1.346
0.38
0.357
0.492
0.39
0.375
0.384
0.249
0.55
0.196
0.197
0.37
0.361
0.376
0.188
0.364
0.356
0.368
2.716
0.417
0.359
0.36
0.196
1.469
1.341
0.361
0.364
0.368
0.194
0.356
0.359
0.362
0.192
0.217
0.193
0.357
0.19
0.357
0.355
0.404
0.356
0.192
0.807
0.875
0.37
1.561
0.365
1.485
0.198
0.367
0.383
0.366
0.195
0.367
0.195
0.194
0.192
0.193
1.209
0.362
0.357
0.358
0.371
0.197
0.193
0.642
0.763
0.442
0.361
0.359
0.356
1.261
0.362
0.195
0.361
0.195
0.359
0.36
0.362
0.362
0.224
0.359
0.356
0.355
0.194
0.194
0.417
0.213
0.193
0.986
0.428
0.361
0.381
0.194
0.434
0.203
0.363
0.359
0.191
0.36
0.201
0.358
0.395
0.354
1.176
1.194
0.364
0.402
0.194
0.407
0.364
0.19
0.188
0.367
0.375
0.37
0.83
2.07
0.363
0.357
0.364
0.361
0.507
0.357
0.358
0.192
0.193
1.165
0.383
0.24
0.358
0.359
0.401
1.204
0.361
0.408
0.219
0.463
0.365
1.699
0.193
0.375
1.47
0.194
0.4
0.36
1.162
0.356
0.379
0.353
0.355
0.358
0.51
0.36
0.358
0.441
0.196
0.36
1.534
1.177
0.846
0.21
0.192
0.192
0.205
0.362
0.193
0.194
0.355
1.276
0.356
0.19
0.361
0.19
0.358
0.19
0.236
1.227
0.361
0.381
1.203
0.207
0.197
0.361
0.645
0.888
0.204
1.181
0.193
0.359
0.357
0.358
0.198
0.438
1.195
0.192
0.193
0.357
0.369
0.357
0.198
1.199
0.362
0.364
0.194
0.359
1.365
0.358
0.599
0.241
0.738
1.297
0.362
0.358
0.395
0.365
0.363
0.414
1.298
0.38
0.191
0.354
0.351
0.372
0.191
0.192
0.211
0.36
1.265
0.392
0.362
0.21
0.991
0.2
0.19
1.298
0.376
0.198
1.234
0.195
0.191
0.19
0.362
0.354
0.375
0.359
1.227
0.381
0.189
0.195
0.191
0.216
0.381
0.245
1.21
1.186
0.36
0.273
0.41
0.236
0.385
0.358
0.383
0.356
0.383
1.197
0.357
0.44
0.358
0.379
0.19
0.379
0.363
0.381
0.374
0.194
0.391
0.375
0.49
0.352
0.409
0.356
0.533
1.022
1.115
0.238
0.193
0.357
0.354
0.193
0.191
0.191
0.365
0.194
0.193
0.356
0.191
0.386
0.486
0.731
0.416
1.151
0.461
0.624
0.47
0.799
0.429
0.358
0.357
0.566
0.5
0.399
0.409
0.381
0.509
1.606
0.361
0.37
0.192
0.442
0.362
0.355
0.364
1.473
0.36
0.534
0.194
0.191
1.028
0.196
0.361
0.355
0.192
0.402
0.354
0.381
0.256
0.47
0.362
0.472
1.369
0.499
0.195
0.213
0.363
0.189
0.361
0.193
0.374
0.397
0.194
0.377
0.708
0.194
0.191
0.359
0.201
1.084
0.196
1.04
0.366
1.077
1.156
0.354
0.203
0.191
0.381
0.358
0.192
0.521
0.193
0.407
1.31
0.456
0.194
0.192
0.212
0.402
0.385
0.37
0.368
1.047
0.366
0.197
0.197
0.368
0.195
0.356
0.197
0.366
0.196
0.367
0.194
0.368
0.2
0.367
1
0.194
0.391
0.378
0.361
0.993
0.439
0.2
0.364
0.367
0.196
0.365
0.366
0.367
0.194
0.367
0.367
0.197
0.368
0.196
0.368
0.367
0.197
0.367
0.195
0.367
0.195
0.195
0.372
0.393
0.2
0.375
0.368
0.198
0.209
0.374
0.368
0.418
0.199
0.96
0.197
0.961
0.37
0.431
0.381
0.367
0.368
0.447
1.188
0.582
0.956
0.37
0.367
0.196
0.21
0.365
0.196
0.369
0.196
0.195
0.196
0.363
0.365
0.195
0.99
0.196
0.367
0.368
0.363
0.196
0.367
0.357
0.387
0.365
0.366
0.241
0.369
0.363
0.209
1.564
1.52
0.221
0.196
0.372
0.366
0.367
0.371
0.197
0.367
0.196
0.368
0.196
0.366
0.196
0.195
0.197
0.194
0.197
0.375
0.221
0.95
0.375
0.198
0.373
0.197
0.2
0.369
0.365
1.074
0.2
0.396
0.889
0.833
0.418
0.198
0.197
1.153
0.2
0.378
0.372
0.373
0.372
0.38
0.373
0.21
0.378
0.195
0.194
0.371
0.928
0.197
0.371
0.445
0.195
0.917
0.361
0.385
0.362
0.512
0.927
0.365
0.353
0.213
0.195
0.359
0.191
0.889
0.188
0.36
0.352
0.51
0.356
0.355
0.195
0.192
0.867
0.895
0.192
0.189
0.355
0.192
0.228
0.87
0.357
0.191
0.363
0.192
0.362
0.36
0.191
0.391
2.088
0.191
0.191
0.355
0.357
0.189
0.404
0.191
0.352
0.191
0.198
0.362
0.193
0.924
0.478
0.207
0.723
0.364
0.361
0.196
0.355
0.378
0.41
0.94
0.343
0.365
0.658
0.199
0.378
0.363
0.196
0.387
1.076
0.364
0.193
0.398
0.191
0.19
0.19
0.19
0.223
0.36
0.362
0.972
0.902
0.354
0.199
0.356
0.354
0.189
0.364
0.191
0.352
0.953
0.223
0.188
0.371
0.645
0.487
0.361
0.357
0.416
0.194
0.19
0.356
0.355
0.357
0.461
0.425
0.222
0.198
0.431
0.365
0.361
0.193
0.191
0.419
0.191
0.193
0.365
0.358
0.361
0.361
1.057
0.189
0.358
0.418
0.404
0.369
0.356
0.361
0.362
0.193
0.357
0.357
0.361
0.36
0.908
0.192
0.26
0.36
0.354
0.36
1.051
0.362
0.358
0.193
1.014
0.946
0.768
0.2
0.192
0.233
0.364
0.415
0.449
0.271
0.193
0.19
0.189
0.932
0.362
0.991
0.358
0.189
0.386
0.355
0.444
0.191
0.19
0.363
1.012
0.358
0.354
1.266
0.193
0.582
0.761
0.195
0.381
0.415
0.364
0.434
0.378
0.361
0.352
0.193
0.932
0.189
0.36
0.36
0.357
0.355
0.405
0.361
0.354
0.192
0.19
1.086
0.358
0.401
0.429
0.191
0.436
0.357
0.361
0.935
0.401
0.404
0.195
0.193
0.362
0.192
0.19
0.214
0.361
0.398
0.357
0.357
0.195
0.359
0.352
0.195
0.358
0.354
0.376
0.36
0.36
0.358
0.22
0.361
0.19
0.358
0.192
0.192
0.415
0.383
0.479
0.993
0.5
0.387
0.359
0.318
0.202
0.191
0.36
0.358
0.36
0.19
0.453
0.228
0.363
0.979
0.191
0.357
0.188
0.242
0.22
0.399
0.354
1.077
1.137
0.236
0.47
0.356
0.359
0.404
0.355
0.193
0.355
0.54
0.247
0.19
0.19
0.193
0.932
0.369
0.422
0.193
0.358
0.407
0.96
0.359
0.358
0.356
0.195
0.349
0.19
0.358
0.19
0.194
0.36
0.356
0.216
0.365
0.192
0.359
0.359
0.359
0.358
0.353
0.356
0.357
0.354
0.357
0.433
0.201
0.359
0.944
1.146
0.218
0.207
0.361
1.102
0.253
0.614
0.199
0.198
0.371
0.22
0.374
0.371
0.383
0.2
0.368
0.37
0.37
0.199
0.363
0.195
0.367
0.362
0.384
0.199
0.196
0.928
0.208
0.371
0.2
0.372
0.198
0.197
0.372
0.201
0.195
0.959
0.98
0.372
0.366
0.925
0.364
0.362
0.996
0.369
0.993
0.37
0.197
0.223
0.372
0.376
0.201
0.197
0.371
0.372
0.374
0.368
0.375
0.2
0.927
0.251
0.202
0.363
0.196
0.368
0.372
0.925
0.371
0.378
0.195
0.37
0.196
0.366
0.922
0.375
0.367
0.206
0.195
0.22
0.369
0.365
0.454
0.243
0.368
0.194
0.394
0.856
0.676
0.197
0.195
0.922
0.364
0.199
0.362
0.196
0.364
0.197
0.998
0.917
0.372
0.365
0.367
0.369
0.196
0.195
0.194
0.371
0.196
0.196
0.197
0.371
0.363
0.194
1.093
0.712
0.37
0.394
1.235
0.369
0.36
0.363
0.194
0.36
0.939
0.383
0.368
0.368
0.365
0.364
0.36
0.363
0.36
0.366
0.363
0.364
0.362
0.197
0.195
0.219
1.217
0.369
0.196
0.387
0.195
0.196
0.649
0.955
0.196
0.196
0.216
0.211
0.37
1.055
0.193
0.191
0.361
0.356
0.359
0.22
0.36
0.361
0.358
0.36
0.362
0.443
0.359
0.192
0.381
0.911
0.358
0.542
0.702
0.196
0.194
0.911
0.194
0.359
0.35
0.374
0.358
0.355
0.356
0.358
0.362
0.352
0.355
0.356
0.359
0.194
0.215
0.192
1.011
0.19
0.189
0.193
0.192
1.137
0.989
0.197
0.215
0.487
0.925
0.36
1.14
0.195
0.192
0.191
0.365
0.189
0.19
0.354
0.359
0.355
0.215
0.35
1.086
0.194
0.189
0.356
0.187
1.169
0.657
0.48
0.19
0.364
0.199
0.366
1.069
0.365
0.359
0.362
0.357
0.219
0.361
0.922
0.361
0.964
0.193
1.137
0.193
0.403
1.011
0.419
0.546
0.207
0.191
0.359
0.732
0.226
0.37
0.196
1.197
0.363
0.365
0.362
0.985
1.111
0.368
0.192
0.641
0.361
0.964
0.194
1.009
0.442
0.363
0.38
0.192
0.366
0.518
0.814
0.97
0.191
0.355
0.358
0.19
0.353
0.189
0.355
0.358
0.236
0.355
0.355
0.473
0.353
0.227
0.933
0.403
0.396
0.958
0.371
0.196
1.007
0.362
0.552
0.406
0.399
0.194
0.192
0.199
0.383
0.358
0.382
0.358
0.386
0.38
0.192
0.192
0.221
0.362
0.388
0.361
0.361
0.976
0.195
0.361
0.362
0.193
0.383
0.356
0.377
0.192
0.364
0.362
0.194
0.585
0.483
0.374
0.368
0.379
0.368
0.371
0.372
0.368
0.373
0.36
0.205
0.369
0.367
0.209
0.384
0.4
0.365
0.965
0.357
0.202
0.194
0.228
0.195
0.197
0.375
0.368
0.364
0.22
0.369
0.31
0.37
0.196
0.363
0.976
0.411
0.381
0.22
0.192
0.394
0.363
0.196
0.361
0.363
0.385
0.221
0.196
0.194
0.193
0.363
0.364
0.384
0.365
1.291
0.376
0.386
1.005
0.388
0.365
0.213
0.194
0.193
0.378
0.395
0.393
0.458
0.377
0.395
0.385
0.198
0.199
0.195
0.945
0.194
0.392
0.197
0.194
0.375
0.364
1.094
0.197
0.649
0.279
0.198
0.366
0.261
0.192
0.19
0.189
0.194
0.192
0.19
1.053
0.191
0.192
0.36
0.238
0.199
1.129
0.212
0.193
0.359
0.191
0.362
0.189
0.19
0.19
0.19
0.268
0.459
0.189
0.192
0.228
0.191
0.189
0.402
0.191
0.194
0.424
0.452
0.627
0.2
1.021
0.195
0.19
0.189
0.189
0.195
0.189
0.189
0.262
0.192
0.19
0.189
0.194
0.193
0.9
0.91
0.9
0.546
0.44
0.36
0.191
0.193
0.19
0.191
0.359
0.354
0.973
0.192
0.398
0.196
0.36
0.193
0.188
0.189
0.421
0.353
0.357
0.151
0.149
0.147
0.195
0.197
0.196
0.212
0.367
0.192
0.19
0.192
0.192
0.195
0.951
0.399
0.235
0.527
0.27
0.364
0.191
0.151
0.194
0.654
0.15
0.149
0.251
0.19
0.192
0.151
0.169
0.149
0.149
0.193
0.19
0.188
1.588
0.219
0.846
0.191
0.754
0.214
0.803
0.369
0.387
0.376
0.194
0.191
0.204
0.195
0.199
0.195
0.205
0.193
0.153
0.153
0.697
0.372
0.195
0.255
0.194
0.249
0.196
0.699
0.195
0.706
0.663
0.393
0.194
0.21
0.713
0.38
0.204
0.68
0.919
0.2
0.197
0.389
0.197
0.197
0.778
0.152
0.156
0.196
0.196
0.197
0.194
0.2
0.195
0.197
0.197
0.196
0.735
0.371
0.396
0.732
0.15
0.151
0.153
0.155
0.155
0.256
0.372
0.196
0.379
0.369
0.215
0.196
0.37
0.367
0.375
0.363
0.155
0.28
0.393
0.197
0.362
0.775
0.359
0.195
0.147
0.149
0.192
0.413
0.755
0.774
0.359
0.358
0.36
0.358
0.361
0.245
0.195
0.194
0.705
0.396
0.197
0.197
0.256
0.194
0.76
0.195
0.199
0.194
0.373
0.312
1.313
0.204
0.213
0.197
0.155
0.659
0.243
0.194
0.193
0.196
0.352
0.195
0.771
0.368
0.368
0.366
0.195
0.198
0.366
0.359
0.195
0.195
0.195
0.195
0.921
0.194
0.153
0.153
0.151
0.668
0.262
0.33
0.197
0.199
0.424
0.375
0.372
0.362
0.512
0.266
0.733
0.731
0.361
0.366
0.365
0.194
0.832
0.366
0.367
0.182
0.155
0.655
0.174
0.154
0.149
0.197
0.196
0.195
0.194
0.196
0.196
0.713
0.364
0.368
0.199
0.369
0.195
0.363
0.359
0.177
0.16
0.161
0.158
0.15
0.15
0.603
0.768
0.197
0.195
0.193
0.193
0.193
0.193
0.195
0.192
0.204
0.194
0.195
0.192
0.193
0.196
0.194
0.196
0.732
0.43
0.195
0.698
0.191
0.356
0.188
0.354
0.354
0.189
0.352
0.192
0.212
0.358
0.191
0.188
0.192
0.189
0.191
0.188
0.187
0.914
0.409
0.198
0.707
0.351
0.19
0.188
0.753
0.153
0.151
0.189
0.153
0.149
0.241
0.193
0.19
0.191
0.36
0.36
0.215
0.193
0.19
0.19
0.358
0.36
0.356
0.763
0.353
0.355
0.19
0.352
0.353
0.395
0.356
0.193
1.58
0.265
1.008
1.075
0.363
0.193
0.362
0.239
0.206
0.312
0.804
0.188
0.794
0.192
0.356
0.353
0.342
0.352
0.353
0.998
0.355
0.189
0.192
0.785
0.355
0.224
1.095
0.45
0.963
0.367
0.353
0.821
0.189
0.352
0.867
0.35
0.188
0.19
0.188
0.187
0.187
0.188
0.906
0.353
0.187
0.193
0.191
0.19
0.214
0.776
0.19
0.357
0.203
0.191
0.363
0.208
0.813
0.633
0.336
0.589
0.193
0.358
0.354
0.388
0.392
0.477
0.847
0.346
0.192
0.875
0.343
0.348
0.352
0.352
0.256
0.397
0.19
0.191
0.829
0.189
0.186
0.353
0.192
0.191
0.148
0.147
0.145
0.217
0.207
0.19
0.27
0.637
1.545
0.894
0.356
0.196
0.191
0.192
0.194
0.412
0.21
0.861
0.146
0.152
0.152
0.728
0.151
0.246
0.348
0.19
0.926
0.191
0.218
0.363
0.361
0.358
0.938
0.36
0.417
0.386
0.467
0.372
0.239
0.15
0.199
0.151
0.194
0.149
0.746
0.712
0.196
0.19
0.149
0.194
1.114
0.186
0.353
0.467
0.355
0.146
0.351
0.189
0.238
0.189
0.148
0.148
0.352
0.189
0.188
0.191
0.19
0.188
0.191
0.191
0.192
0.19
0.191
0.191
0.189
0.355
0.356
0.888
0.173
0.191
0.364
0.935
0.964
0.209
0.192
0.191
0.19
0.355
0.355
0.244
0.189
0.188
0.188
1.42
0.356
0.189
0.352
0.207
0.19
0.357
0.19
0.192
0.189
0.19
1.249
0.191
0.191
0.355
0.356
0.188
0.354
1.516
1.221
0.191
0.195
0.188
0.359
0.198
0.208
0.357
0.19
0.354
0.432
0.376
0.376
0.189
0.198
0.191
0.355
0.443
0.193
0.725
0.239
0.897
1.008
0.357
0.192
0.358
0.191
0.355
0.188
0.367
0.19
1.18
0.578
0.372
0.357
0.374
0.191
0.219
0.2
1.329
1.17
0.366
0.191
0.367
0.36
0.364
0.355
0.357
0.246
0.191
0.372
0.253
0.23
0.24
0.192
0.367
0.924
0.218
1.673
0.193
0.19
0.359
0.354
0.19
0.381
0.191
0.187
0.189
1.703
0.189
1.641
0.372
0.346
0.347
0.347
0.388
0.35
0.189
0.277
1.703
0.386
0.349
0.192
0.343
0.191
0.341
2.074
2.187
0.217
0.188
0.358
0.346
0.188
0.349
1.7
0.366
0.348
0.372
0.191
0.345
0.189
0.425
0.233
1.811
0.353
0.38
0.4
0.419
1.721
0.193
0.196
0.223
1.047
0.353
0.358
0.357
0.46
0.352
0.194
1.169
0.361
0.351
0.403
0.189
0.193
0.355
0.353
1.188
0.401
0.354
0.353
0.353
0.356
0.351
1.447
1.493
0.355
0.355
0.85
0.405
0.199
0.365
0.438
0.356
0.194
0.503
0.195
0.353
0.191
0.344
0.191
0.353
0.387
0.418
0.526
0.353
0.352
0.194
0.347
0.193
0.41
0.353
0.428
0.363
0.36
0.357
0.19
0.362
0.383
0.361
0.195
0.355
0.443
0.357
0.354
0.358
0.862
0.343
0.487
0.373
0.193
0.352
0.407
0.348
0.232
0.349
0.346
0.348
0.393
0.189
0.357
0.189
0.238
0.193
0.379
0.19
0.354
1.192
0.356
0.354
0.393
0.19
0.351
0.351
0.353
1.495
0.255
0.191
0.355
0.985
0.398
0.379
0.23
0.434
0.432
0.355
0.35
0.386
0.353
0.287
0.358
0.19
0.355
0.373
0.498
0.192
0.375
0.361
0.38
0.36
0.375
1.266
0.387
0.209
0.393
0.374
0.19
0.358
0.372
0.356
0.413
0.361
2.107
0.364
0.365
0.191
0.39
0.19
0.196
0.363
0.345
0.19
0.356
1.313
0.189
0.359
0.354
0.191
0.191
0.354
0.361
0.449
0.363
0.359
0.386
0.191
0.356
0.396
0.379
0.209
1.506
0.388
0.397
1.375
0.454
1.336
0.373
0.24
0.367
0.357
0.36
0.362
0.191
0.356
0.359
0.399
0.193
0.498
0.358
0.36
0.357
0.355
0.358
0.358
0.191
0.363
0.366
0.191
1.204
0.191
0.357
0.363
0.362
0.357
0.364
0.359
0.712
0.851
0.359
0.356
0.424
0.353
1.758
0.36
0.189
0.355
0.352
0.397
0.194
0.377
0.213
0.353
0.351
0.342
0.36
0.363
0.352
0.361
0.195
0.355
0.437
0.358
0.208
0.357
0.266
0.194
0.194
2.261
0.371
0.36
0.43
0.359
0.465
0.358
0.197
0.19
0.207
0.189
0.365
0.193
0.357
0.365
0.358
0.356
0.366
0.19
1.264
0.354
0.394
0.365
0.356
0.368
0.357
1.231
0.379
0.192
0.402
0.405
1.196
0.872
0.265
0.207
0.36
0.194
0.367
0.191
0.455
0.368
0.363
0.357
0.363
0.354
0.19
0.368
0.356
0.19
0.358
0.38
0.368
0.356
0.352
0.386
0.192
0.191
0.369
0.359
0.192
0.68
0.397
0.48
0.68
0.425
0.19
0.363
0.363
0.194
0.352
0.347
3.071
0.356
0.348
0.361
0.189
0.188
0.356
0.353
0.191
1.338
1.156
0.441
1.327
0.408
0.355
0.354
0.205
0.377
0.356
0.358
0.355
0.191
0.374
1.174
0.356
0.362
0.352
0.353
0.688
0.212
0.366
0.358
0.192
0.359
0.359
0.188
0.355
0.193
0.356
0.358
0.19
0.19
0.356
1.183
0.399
1.311
0.359
0.354
0.354
0.191
0.356
0.356
0.381
0.358
1.156
0.356
0.355
0.355
0.192
0.356
0.617
0.706
0.363
0.398
0.357
0.391
0.363
0.356
0.389
0.4
0.281
1.16
0.359
0.358
0.359
0.406
0.435
0.194
0.359
0.355
0.192
0.357
0.356
0.191
0.358
0.364
0.393
0.407
0.359
0.195
1.472
0.194
0.377
0.354
0.191
0.192
0.354
0.348
0.19
0.347
0.367
0.353
0.36
0.19
1.289
0.359
0.354
0.391
0.191
0.354
0.356
0.35
0.35
0.395
1.186
0.44
0.433
0.357
0.354
0.358
0.194
0.21
0.366
0.38
0.376
0.399
0.358
1.21
0.358
0.286
0.365
0.399
0.191
0.389
0.396
0.357
0.355
0.363
0.559
0.24
0.36
0.359
0.195
0.417
1.458
0.357
0.956
0.192
0.393
0.36
0.191
1.128
0.361
1.142
0.356
0.363
0.359
0.194
0.381
0.191
0.4
0.401
0.356
0.192
0.387
0.199
0.406
0.359
0.192
0.36
0.192
0.389
0.205
1.692
0.365
0.191
1.205
0.194
0.191
0.361
0.194
0.358
0.365
0.358
0.359
0.372
0.191
0.191
0.189
0.359
0.365
0.362
0.192
0.19
0.189
1.551
0.357
0.359
0.362
0.357
0.372
0.366
0.354
0.36
0.378
0.364
0.406
0.413
0.19
0.19
0.198
1.14
1.244
0.195
0.199
0.362
0.365
0.192
0.411
0.791
0.203
0.192
0.2
1.328
0.366
0.355
1.175
0.191
0.395
0.366
0.226
0.193
0.249
0.19
0.191
0.358
0.198
0.353
0.193
1.216
0.363
0.355
0.383
1.174
0.197
0.226
0.38
0.356
0.36
0.192
0.359
0.357
0.358
0.356
0.357
0.419
0.237
0.193
0.191
0.363
0.187
0.194
0.218
0.235
0.196
0.222
0.192
1.174
0.362
0.362
0.358
0.356
0.4
1.089
0.359
0.371
0.359
0.355
0.369
0.361
0.195
0.381
0.449
0.357
0.357
0.201
0.353
0.358
0.36
0.362
0.194
0.19
0.356
0.191
0.356
0.363
0.382
0.358
0.192
0.394
0.458
0.676
0.382
1.168
0.222
0.38
0.357
0.228
0.24
0.388
0.36
0.421
1.16
0.353
0.189
0.353
1.151
0.352
0.192
0.383
0.354
0.355
0.354
0.359
0.214
0.353
0.504
0.526
0.406
0.354
0.195
0.361
0.432
0.397
1.073
0.192
0.356
0.36
0.194
0.362
0.356
0.446
0.364
0.361
0.192
0.36
1.125
0.194
0.38
1.196
0.196
0.276
1.218
0.378
0.198
0.189
0.192
0.358
0.188
1.153
0.36
0.357
0.187
1.025
1.037
1.01
0.436
0.353
0.227
0.362
0.349
0.355
0.191
0.366
0.192
0.192
0.362
0.201
0.191
0.496
0.28
0.2
0.261
1.029
1.014
0.608
0.607
0.621
0.436
0.442
0.319
0.604
1.766
0.323
0.667
0.321
0.604
0.335
0.319
1.841
0.607
0.615
0.602
0.645
0.597
0.683
0.32
0.609
0.319
2.418
0.387
0.353
0.19
0.189
0.351
0.353
0.353
0.189
0.356
1.006
0.353
0.354
0.356
0.19
0.353
1.038
0.19
0.352
0.354
0.392
1.084
0.355
0.359
0.393
2.198
0.363
0.357
0.367
0.356
0.377
0.19
0.364
0.355
0.36
0.362
0.363
0.369
0.355
0.379
0.365
0.35
0.191
0.353
0.352
0.359
0.354
0.19
0.357
0.36
0.352
0.238
1.021
0.461
0.838
0.359
0.361
0.357
0.369
0.191
0.346
0.358
0.197
0.374
0.192
0.19
0.197
0.359
0.973
0.358
0.237
0.231
0.392
0.19
0.189
0.903
0.935
0.383
0.356
0.681
0.356
0.982
0.191
0.188
0.192
0.212
0.202
0.359
0.359
0.375
0.592
0.406
0.364
0.445
0.356
0.452
0.198
0.191
0.358
0.36
0.361
0.397
1.015
0.387
0.693
0.396
0.508
0.708
0.688
2.05
0.961
0.381
1.111
0.218
0.201
0.27
0.442
0.222
0.448
0.437
0.615
0.363
0.369
0.193
0.377
0.192
0.191
0.365
0.192
0.188
0.407
1.133
0.192
1.06
0.38
1.14
0.193
0.361
0.193
0.357
0.355
0.356
0.361
0.358
0.194
0.361
0.19
0.19
0.386
0.359
0.358
0.356
0.352
0.356
0.935
0.217
0.41
0.359
0.404
1.029
0.216
0.544
1.601
0.196
0.368
0.991
0.365
0.365
0.975
0.198
0.194
0.194
0.195
0.193
0.193
0.925
0.192
0.366
0.982
0.196
0.364
0.195
0.362
0.193
1.274
0.369
0.36
0.369
1.098
0.387
0.208
0.368
0.202
0.367
0.373
0.364
0.197
0.195
0.202
0.199
0.194
0.37
0.367
0.367
0.365
0.387
0.195
0.37
0.37
0.415
0.197
0.38
1.005
0.196
0.367
0.196
1.097
0.371
0.371
0.594
0.931
0.367
0.366
0.983
0.359
0.36
0.373
0.195
0.364
0.975
0.194
0.252
1.169
0.219
0.388
0.364
0.362
1.002
0.193
0.194
0.37
0.363
0.356
0.358
0.36
0.36
0.362
0.391
0.368
0.36
0.776
0.372
0.368
0.199
0.198
0.372
0.223
0.391
0.369
1.039
1.031
0.201
0.195
0.371
0.372
0.401
0.196
0.369
0.196
0.379
0.196
0.987
0.374
0.198
0.37
0.392
0.369
0.369
0.955
0.373
1.007
0.958
0.384
0.199
0.372
1.069
0.366
0.372
0.365
0.198
0.378
0.198
0.373
0.403
0.197
0.412
0.369
0.197
0.199
0.366
0.196
0.367
0.196
0.214
0.401
1.156
0.475
0.784
0.371
0.359
0.192
0.978
0.361
0.357
0.208
0.192
0.191
0.898
0.955
0.356
0.189
0.363
0.357
0.358
0.198
0.354
0.357
0.277
0.191
0.912
0.214
0.888
0.191
1.506
1.213
0.358
0.364
0.359
0.352
0.356
0.363
1.126
0.362
0.352
0.198
0.354
0.233
0.189
0.192
0.192
0.189
1.075
0.356
0.883
0.356
0.223
0.195
0.418
0.219
0.362
0.355
0.892
0.359
0.359
0.366
0.646
0.363
0.896
0.36
0.362
0.217
0.35
0.193
0.192
0.357
0.355
0.194
0.189
0.552
0.353
0.19
1.003
0.359
0.358
0.191
0.355
0.191
0.192
0.191
0.195
0.365
0.433
0.359
0.36
1.023
0.363
1.03
0.197
0.358
0.362
0.35
0.357
0.195
0.462
0.364
0.36
0.194
0.197
0.403
0.51
0.361
0.371
0.211
0.957
0.189
0.367
0.354
0.189
0.226
0.88
0.356
0.991
1.059
0.2
0.958
0.197
0.373
0.375
0.353
0.357
0.356
0.438
0.311
0.458
0.358
0.365
0.387
0.411
0.362
0.19
0.405
0.355
0.191
0.367
0.356
0.398
0.355
1.002
0.967
0.408
0.358
0.191
0.403
0.19
0.362
0.45
0.362
0.358
0.901
0.359
0.361
0.359
0.897
0.919
0.193
0.189
0.355
0.359
0.363
0.189
1.378
0.218
0.194
0.359
0.411
0.367
0.192
0.361
0.193
0.196
0.363
0.195
0.191
0.363
0.192
0.191
0.356
0.365
0.399
0.197
0.194
0.364
0.358
0.367
0.191
0.356
0.904
0.431
0.192
0.362
0.197
0.191
0.192
1.054
0.202
0.363
0.36
0.19
0.193
0.19
0.194
0.398
0.191
0.358
0.398
0.357
0.192
0.189
0.357
0.355
0.355
0.356
0.351
0.354
0.38
0.19
0.191
0.19
0.359
0.19
0.191
0.999
0.358
0.353
0.374
0.918
0.363
0.929
0.889
0.189
0.908
0.19
0.357
0.935
0.355
0.19
0.378
0.929
0.354
0.421
0.356
0.909
0.404
0.397
0.354
0.413
0.385
0.864
0.714
0.222
0.195
0.193
0.363
0.363
0.902
0.36
0.194
0.193
0.231
0.394
0.193
0.358
0.193
0.362
0.36
0.36
0.356
0.36
0.192
0.193
0.213
0.361
0.197
0.192
0.193
0.19
0.196
0.366
0.192
1.351
0.392
0.195
0.357
0.353
0.19
0.375
0.189
0.19
0.19
0.191
0.193
0.395
0.359
0.192
0.407
0.36
0.351
0.352
0.384
0.355
0.353
0.19
0.189
0.189
0.188
0.365
0.354
0.358
0.355
0.403
0.379
0.189
0.21
0.455
1.313
0.377
0.206
0.192
0.351
0.825
0.371
0.353
0.189
0.358
0.384
0.874
0.217
0.369
0.254
0.217
0.93
0.434
0.192
0.292
0.365
0.251
0.38
0.424
0.389
0.579
0.207
0.557
0.366
0.62
0.561
0.492
1.585
0.657
0.297
0.199
0.193
0.367
0.374
1.001
0.197
0.376
0.441
0.198
0.884
0.275
0.215
0.193
1.028
0.867
0.575
0.373
0.273
0.237
1.043
0.919
0.464
0.703
0.234
0.537
0.325
0.525
1.044
0.766
0.396
0.27
1.193
1.016
0.22
1.096
0.243
0.392
0.194
0.194
0.439
0.273
0.361
0.891
0.361
0.44
0.192
0.724
0.193
0.192
0.36
0.474
0.355
0.38
0.475
0.201
0.566
0.462
0.43
0.335
0.53
0.983
1.458
0.278
0.44
0.663
0.453
0.306
0.319
0.391
0.197
0.218
0.206
0.453
0.193
0.366
0.449
0.434
0.249
0.2
0.425
0.216
0.373
0.386
1.043
1.133
0.479
2.38
0.276
0.504
0.256
0.829
0.442
0.818
0.383
0.379
0.227
0.377
0.373
0.198
0.366
0.196
0.368
0.374
0.199
0.376
0.368
0.368
0.364
1.102
0.427
0.798
0.203
0.388
0.38
0.402
0.376
0.368
0.366
1.245
1.274
1.259
0.198
0.379
0.958
0.376
1.007
0.221
0.197
0.196
0.2
0.503
0.371
0.373
1.163
0.377
0.375
0.205
1.041
0.754
0.241
0.555
0.203
0.377
0.368
0.393
0.2
0.506
0.383
0.199
0.372
0.377
1.152
0.204
0.373
0.229
0.198
0.374
0.371
0.219
0.268
0.379
0.218
0.434
0.213
0.432
0.2
0.377
0.391
0.378
0.375
0.376
0.376
0.842
0.364
0.362
0.366
0.38
0.2
0.365
0.358
0.194
0.449
0.199
1.003
0.369
0.196
0.37
0.367
0.366
0.378
0.201
0.366
0.197
0.196
1.027
0.199
0.374
0.368
0.393
0.215
1.432
0.201
1.027
0.195
0.364
0.369
0.195
0.369
0.368
0.368
0.238
0.37
0.39
0.368
0.398
0.368
1.011
0.196
0.37
0.365
0.389
0.203
0.199
0.196
0.379
0.199
0.368
0.382
0.367
0.363
0.371
0.364
0.797
0.371
0.362
0.362
0.363
0.193
0.372
0.371
0.37
0.2
0.366
0.384
0.194
0.367
0.362
0.369
0.195
0.361
0.22
0.196
0.195
0.193
0.988
0.368
0.373
0.398
0.372
0.364
1.257
1.285
0.47
0.372
0.223
0.197
0.198
0.369
0.374
0.367
0.404
1.051
0.196
0.406
1.022
0.368
0.374
0.396
0.196
0.37
0.364
0.394
0.371
0.365
0.196
0.199
0.715
0.368
1.086
0.196
0.381
0.511
0.46
1.068
0.381
1.045
0.206
0.2
0.193
0.195
0.197
0.484
0.452
0.392
1.162
0.424
0.286
1.348
0.406
0.508
0.792
0.429
0.454
0.377
0.201
0.377
0.206
0.377
0.383
0.378
0.395
0.447
0.371
1.042
0.375
0.368
0.201
0.378
0.376
0.471
0.374
0.2
0.45
0.411
1.066
0.199
0.371
0.198
0.196
0.912
0.713
0.198
0.473
0.379
0.373
0.371
0.384
0.202
1.011
0.316
0.504
0.358
0.49
0.587
0.374
0.212
1.031
0.378
0.37
0.379
0.369
0.206
0.224
0.384
0.197
0.997
0.245
0.7
0.933
0.302
0.275
0.202
1.001
0.208
0.378
0.274
0.368
0.388
1.013
0.372
0.395
0.198
1.028
0.2
0.196
0.391
0.376
0.214
0.213
0.369
0.382
0.425
0.371
0.399
0.375
0.388
0.215
0.209
1.017
1.044
0.41
0.203
0.376
0.202
0.199
0.877
0.378
0.378
0.414
0.366
0.2
0.372
0.372
0.2
0.195
0.199
0.199
0.206
0.207
0.196
0.207
0.198
0.196
0.197
0.242
0.199
0.413
0.536
0.294
0.818
0.198
0.195
0.746
0.16
0.155
0.151
0.176
0.154
0.689
0.151
0.151
0.198
0.206
0.203
0.163
0.149
0.255
0.73
0.211
0.155
0.153
0.16
0.641
0.159
0.153
0.154
0.289
0.205
0.154
0.153
0.156
0.175
0.257
0.203
0.194
0.2
0.21
0.197
0.206
0.195
0.203
0.166
0.266
0.165
0.152
0.15
0.156
0.149
0.15
0.149
0.154
0.156
0.179
0.16
0.155
0.158
0.586
0.337
0.242
0.195
0.197
0.425
0.361
0.195
0.711
0.199
0.638
0.196
0.534
0.198
0.374
0.201
0.205
0.222
0.374
0.2
0.196
0.194
0.197
0.239
0.245
0.389
0.188
0.19
0.194
0.156
0.152
0.154
0.382
0.198
0.202
0.7
0.545
0.157
0.154
0.195
0.608
0.375
0.155
0.267
0.261
0.433
0.202
0.196
0.153
0.206
0.219
0.158
0.258
0.264
0.198
0.197
0.405
0.192
0.371
0.196
0.197
0.256
0.199
0.196
0.231
0.199
0.152
0.195
0.15
0.156
0.193
0.197
0.15
0.195
0.193
0.254
0.79
0.228
0.198
0.153
0.203
0.766
0.788
0.214
0.189
0.222
0.82
0.398
0.25
1.193
0.248
0.431
0.874
0.192
0.883
0.86
0.194
0.388
0.365
0.366
0.953
0.195
0.364
0.191
0.193
0.191
0.193
0.22
0.195
0.195
0.198
0.192
0.364
0.364
0.194
0.194
0.192
1.082
0.194
0.514
0.381
0.196
0.197
0.198
0.372
0.195
0.385
0.375
0.213
1.318
0.364
0.5
0.776
0.224
0.198
0.369
0.195
0.195
0.377
0.196
0.369
0.362
0.21
0.378
0.366
0.195
0.195
0.369
1.748
1.804
0.368
0.198
0.195
0.352
0.356
1.785
0.361
0.357
0.198
0.357
0.192
0.198
0.195
0.2
0.394
0.357
0.352
0.398
0.6
0.197
0.196
0.357
0.196
0.194
0.195
0.192
0.363
0.357
0.198
0.196
1.747
0.358
1.844
0.366
0.358
1.747
0.363
0.399
1.775
1.753
0.363
0.193
0.194
2.361
0.217
0.363
0.356
0.384
0.364
0.361
0.353
0.36
0.375
0.354
0.358
0.352
0.355
0.354
0.351
0.194
0.355
0.196
0.193
1.775
0.35
0.968
0.195
0.372
0.199
0.407
0.39
0.366
0.411
0.371
0.359
0.36
0.697
0.51
0.892
1.476
0.38
0.372
0.371
0.197
0.194
0.367
0.366
0.366
1.698
0.366
0.195
0.363
0.197
0.361
0.363
0.405
0.416
0.363
1.742
0.195
1.77
0.363
0.354
1.727
0.195
0.199
2.641
0.363
0.196
1.769
0.363
0.193
0.372
0.357
0.354
0.356
0.354
0.361
0.386
0.357
0.198
0.194
0.386
0.361
0.359
0.204
0.4
0.352
0.348
0.491
0.365
0.354
0.192
0.354
0.352
0.36
0.357
0.357
0.356
0.353
0.408
0.359
0.437
0.521
0.589
0.358
0.354
0.347
0.375
0.435
0.352
0.356
0.189
0.362
0.19
1.12
0.19
0.36
0.189
0.354
1.065
0.363
0.192
0.188
0.353
0.359
0.353
0.358
0.351
0.19
0.359
0.351
0.38
0.356
0.189
0.358
0.446
0.192
0.364
0.436
0.542
0.442
0.791
0.363
0.227
0.211
0.556
0.354
0.353
0.192
0.357
0.352
0.348
1.79
0.356
0.354
0.19
1.749
0.348
0.403
0.483
0.358
0.415
1.167
0.192
0.39
0.358
0.36
1.221
0.36
0.353
1.556
0.25
0.876
0.194
0.358
0.357
0.354
0.352
0.37
0.358
0.361
0.357
0.354
0.349
0.349
0.35
0.353
0.352
0.353
0.291
0.193
0.403
0.448
0.352
1.435
0.364
0.488
0.392
0.401
0.36
0.358
1.151
0.362
0.354
0.346
0.381
0.192
0.584
0.221
1.836
0.365
0.193
0.368
0.361
0.363
0.312
0.361
0.365
0.356
0.355
1.18
1.075
0.36
0.38
0.194
0.357
0.354
0.191
0.193
1.066
0.36
0.191
1.069
0.377
0.36
0.193
0.364
0.358
0.358
0.437
0.195
0.36
0.358
0.192
0.384
0.742
0.565
0.356
0.463
0.366
0.362
0.377
0.361
0.355
0.385
0.196
0.358
0.377
0.384
0.385
0.191
0.38
0.384
0.354
0.357
1.024
0.362
0.192
0.382
0.383
0.35
0.358
0.483
0.386
0.412
0.379
0.194
0.492
0.359
0.374
1.154
0.418
0.195
0.19
0.359
0.358
0.984
0.191
0.189
0.277
0.364
0.359
0.189
0.356
0.354
0.191
1.096
0.191
0.19
0.397
0.395
0.402
0.357
0.194
1.018
0.425
0.39
1.289
0.385
0.355
0.36
0.359
0.355
0.196
0.382
0.239
0.192
0.36
0.191
0.726
0.461
0.205
0.36
0.403
0.192
0.189
0.378
0.382
0.376
0.21
0.407
0.355
0.363
0.366
0.38
0.422
0.501
0.69
1.285
0.189
0.385
1.282
0.364
0.19
0.373
0.193
0.36
0.194
0.36
0.191
0.36
0.192
0.363
0.191
0.192
0.192
0.19
0.844
1.053
1.07
0.499
0.365
0.986
0.193
0.19
0.358
0.568
0.36
0.194
1.169
0.196
0.361
0.189
1.045
0.362
0.369
0.36
0.359
0.408
0.376
0.53
0.375
0.364
0.194
0.362
0.358
0.191
0.357
1.221
0.362
0.193
0.514
0.702
0.67
1.489
0.193
0.194
0.36
0.357
0.358
0.355
0.36
0.359
0.358
0.362
0.437
0.377
0.366
0.364
1.201
0.215
0.359
0.361
0.364
0.378
0.193
1.12
0.36
0.36
0.192
0.192
0.365
0.988
0.618
0.626
0.619
0.598
0.652
0.602
0.601
0.593
0.625
0.374
0.605
0.589
0.631
0.613
0.332
0.6
0.636
0.609
0.318
0.32
0.688
0.6
0.599
0.339
0.318
0.315
0.314
0.324
0.329
0.594
0.581
0.61
0.601
0.92
0.249
0.837
0.374
0.191
0.354
0.348
0.187
0.354
0.189
0.469
0.317
1.267
0.36
0.189
0.192
0.381
0.368
1.086
0.189
0.351
0.356
0.19
0.189
0.358
0.355
0.352
1.168
1.079
0.355
0.392
2.438
0.196
0.362
0.355
0.378
0.256
0.371
0.217
0.362
0.38
0.191
0.211
0.402
0.192
0.386
0.192
0.374
1.123
0.356
0.197
1.139
0.355
0.191
0.271
0.191
0.406
0.254
0.377
0.379
0.361
0.382
0.197
0.379
0.354
0.744
1.109
0.191
0.401
0.193
0.192
1.079
0.358
0.352
0.191
0.384
0.195
0.354
1.091
0.21
1.144
0.19
0.359
0.355
0.209
0.407
0.364
0.215
0.365
0.359
0.356
0.575
0.368
1.289
0.359
0.364
0.193
0.355
1.168
0.38
0.396
0.353
0.362
0.362
0.361
0.359
0.195
0.354
0.189
0.428
0.189
0.373
0.19
0.192
0.355
0.376
0.191
0.358
0.359
0.359
0.592
1.486
0.329
0.212
0.389
0.258
0.417
1.144
0.382
0.227
0.236
0.195
0.363
0.401
0.192
0.364
0.2
0.382
1.231
0.381
0.193
0.36
1.114
0.382
0.193
0.192
0.356
0.385
0.189
0.664
0.485
1.261
0.362
0.352
0.358
0.19
0.189
1.11
0.355
0.355
0.191
0.19
0.364
0.353
0.356
0.408
0.359
0.349
0.357
0.357
0.348
0.191
0.4
0.369
1.643
0.415
0.365
0.375
1.227
0.362
0.36
0.353
0.453
0.191
0.191
0.361
0.361
0.193
0.354
1.172
1.13
0.194
0.306
1.166
0.191
0.191
1.234
0.194
0.363
0.193
0.861
0.471
0.193
0.363
0.359
0.191
0.358
0.355
0.359
0.19
0.354
0.359
0.356
0.356
0.358
0.364
0.393
0.356
0.353
0.367
0.385
0.398
0.191
0.358
0.19
1.15
0.192
0.362
0.366
0.19
0.198
1.03
1.115
1.141
0.191
0.207
0.362
0.191
0.355
0.432
0.269
0.36
0.358
0.19
0.358
0.352
0.189
0.445
0.189
0.354
0.364
0.357
1.049
0.189
0.36
0.452
1.793
0.363
1.06
0.355
0.414
0.354
0.355
0.404
0.404
0.405
0.197
1.066
0.355
0.359
0.192
0.442
0.352
0.353
0.36
0.211
0.981
0.357
0.357
0.374
0.544
1.241
0.365
1.004
0.413
0.359
0.358
0.962
0.355
0.963
0.36
0.191
0.984
0.19
0.188
0.191
1.146
0.424
0.219
0.196
0.403
1.083
0.195
0.404
0.498
0.395
0.362
0.963
0.193
0.363
0.354
0.357
0.367
0.972
0.188
0.359
0.661
0.189
0.361
0.97
0.366
1.057
0.19
0.525
0.647
0.19
0.403
0.201
0.362
0.38
0.36
0.191
0.358
0.358
0.192
0.189
0.349
0.192
0.19
1.035
0.193
0.359
0.361
0.239
0.19
0.358
0.23
0.193
0.411
0.417
0.392
0.373
0.395
0.198
0.372
0.197
0.374
0.355
0.381
1.041
0.37
0.196
0.372
0.197
0.196
0.977
0.2
0.197
0.372
0.37
0.197
0.367
0.201
0.223
0.373
0.361
0.368
0.265
0.375
0.198
0.197
0.197
0.368
0.197
0.369
0.371
0.398
1.072
0.99
0.197
0.521
0.596
1.045
1.05
0.197
0.372
0.398
0.372
1.06
0.223
0.371
0.37
0.199
0.395
0.366
0.197
1.055
0.976
0.369
0.364
0.368
0.367
0.366
0.359
0.368
0.377
0.689
1.76
0.366
0.199
0.196
0.192
0.379
0.996
0.381
0.197
0.37
0.199
0.197
0.37
0.368
0.365
0.355
0.364
0.366
0.212
0.365
1
0.196
0.21
0.366
0.392
0.369
0.366
1.071
0.466
0.258
0.416
0.365
1.217
0.374
0.368
0.196
0.197
0.193
0.366
0.45
0.367
0.221
0.367
0.197
0.364
0.197
0.2
0.197
0.198
1.041
0.201
0.444
0.39
0.203
0.365
0.196
0.197
0.197
0.373
0.603
0.254
0.777
0.371
0.367
1.036
0.37
0.42
0.366
0.364
0.203
0.402
0.195
0.368
0.196
0.209
0.419
0.197
0.397
0.3
0.385
0.901
0.408
0.295
0.362
0.359
0.361
0.951
0.28
0.379
0.927
0.459
0.195
0.387
0.217
0.366
0.218
0.381
0.193
0.382
0.191
0.374
0.369
0.378
0.359
0.191
0.241
0.36
0.261
0.36
0.389
0.361
0.217
0.901
0.365
0.21
0.355
0.213
0.379
0.19
0.382
0.389
1.825
1.351
0.418
0.226
0.439
0.362
0.189
0.207
0.191
0.21
1.026
0.375
0.354
0.211
0.208
0.908
0.38
0.354
0.217
0.189
0.868
0.191
0.89
1.226
0.191
0.479
0.918
0.364
0.401
0.355
0.401
0.387
0.84
0.48
0.756
2.307
0.229
0.385
0.352
0.354
0.35
0.347
0.354
1.136
0.234
1.011
0.192
0.395
0.443
0.232
0.404
0.394
0.19
0.358
0.355
0.937
0.361
0.191
0.379
0.374
0.413
0.358
0.363
0.381
0.192
0.364
0.552
0.861
0.924
0.424
0.36
1.013
0.359
0.343
0.356
1.102
0.359
0.356
0.354
0.39
0.191
0.193
0.187
0.19
0.359
0.357
0.188
0.354
0.862
0.191
0.499
0.19
0.356
0.23
0.48
0.193
0.358
1.395
0.916
0.366
0.37
0.203
0.366
0.367
0.225
0.368
0.195
0.367
0.361
0.195
0.196
0.364
0.195
0.37
0.975
0.372
0.196
0.37
1.062
0.368
0.195
0.365
0.217
0.94
0.375
0.199
0.235
1.336
0.513
0.373
0.368
0.367
0.226
0.368
0.196
0.195
0.371
0.962
0.979
0.235
0.412
0.198
0.395
0.196
0.381
0.371
0.195
0.397
0.197
0.378
0.455
0.424
0.402
0.199
0.196
0.195
0.369
0.198
0.412
0.197
0.361
0.206
0.373
0.769
0.372
0.194
0.371
0.39
0.201
0.196
0.37
0.373
0.197
0.889
0.371
0.369
0.365
0.367
0.226
0.198
0.2
0.376
0.197
0.37
0.362
0.961
0.371
0.224
0.201
0.199
0.422
0.226
0.203
0.906
0.885
0.913
0.857
0.928
0.366
0.194
0.359
0.427
0.373
0.369
0.364
0.915
0.364
0.876
0.224
0.369
0.371
0.371
0.37
0.367
0.194
0.366
0.195
0.366
0.195
0.395
0.368
0.364
1.929
0.366
0.365
0.193
0.194
0.362
0.365
0.193
0.845
0.37
0.361
0.193
0.412
0.366
0.361
0.197
0.194
0.195
0.363
0.899
0.37
0.197
0.196
0.366
0.383
0.195
0.193
0.857
0.398
0.363
0.195
0.198
0.365
0.902
0.245
0.419
0.366
0.356
0.858
0.355
0.831
0.359
0.384
0.354
0.28
0.357
0.354
0.191
0.357
0.355
0.188
0.191
0.206
0.188
0.194
0.353
0.357
0.383
0.359
0.191
0.357
0.191
0.199
0.193
0.187
0.355
0.357
1.792
0.368
0.191
0.194
0.196
0.365
0.358
0.358
0.192
0.359
0.448
0.214
0.232
0.4
0.362
0.355
0.355
0.193
0.396
0.365
1.077
0.423
0.933
0.363
0.364
0.367
0.356
0.196
0.193
0.248
0.678
0.361
0.362
0.357
0.357
0.351
0.831
0.485
0.191
0.354
0.19
0.431
0.189
0.355
0.352
0.886
0.193
0.358
0.188
0.355
0.864
0.189
0.358
0.881
0.85
0.213
0.197
0.822
0.189
0.188
0.355
0.61
0.453
0.707
0.232
0.221
0.361
0.86
0.201
0.375
0.361
0.193
0.863
0.19
0.361
0.352
0.359
0.352
0.19
0.429
0.187
0.381
0.19
0.188
0.189
0.869
0.354
0.36
0.357
0.352
0.359
0.357
0.375
0.192
0.455
0.586
0.424
0.359
0.364
0.358
0.896
0.413
0.194
0.831
0.852
0.189
0.22
0.191
0.362
0.36
0.365
0.189
0.362
0.19
0.357
0.953
0.399
0.189
0.954
0.381
1.008
0.373
0.364
0.192
0.358
0.363
0.191
0.809
0.398
0.191
0.191
0.361
0.359
0.193
0.192
0.189
0.359
0.358
0.943
0.355
0.19
0.191
0.726
0.24
0.191
0.189
0.955
0.969
0.367
0.225
0.902
0.191
0.191
0.385
0.878
0.916
0.362
0.75
0.193
0.211
0.36
0.918
0.221
1.503
0.377
0.356
0.47
0.191
0.207
0.405
0.364
0.382
0.192
0.208
0.358
0.188
0.369
0.361
0.189
0.212
0.36
0.365
0.189
0.359
0.357
0.846
0.72
0.987
0.193
0.191
0.889
0.386
0.192
0.843
0.188
0.19
0.357
0.353
0.348
0.354
0.354
0.212
0.192
0.383
0.358
0.928
0.357
0.198
0.354
0.354
0.353
1.006
0.402
0.591
0.613
0.399
0.455
0.362
0.194
1.358
0.194
0.367
0.358
0.19
0.187
0.188
0.361
0.189
0.19
0.355
0.354
0.188
0.851
0.188
0.84
0.188
0.351
0.187
0.353
0.188
0.19
0.357
0.353
0.191
0.353
0.35
0.374
0.379
0.363
0.356
0.234
0.372
0.349
0.353
0.195
0.357
0.354
0.187
0.356
0.191
0.188
0.352
0.187
0.355
0.188
0.21
0.272
0.342
0.353
0.948
0.188
0.356
0.498
0.378
0.359
0.418
0.36
0.194
0.365
0.853
0.393
0.367
0.952
0.7
0.249
1.324
0.364
0.366
0.193
0.195
0.194
0.368
0.193
0.364
0.364
0.197
0.873
0.366
0.196
0.832
0.196
0.367
0.364
0.197
0.387
0.195
0.363
0.195
0.366
0.917
0.37
0.195
0.197
1.1
0.907
0.199
0.371
0.364
0.196
0.362
0.368
0.373
0.221
0.229
0.195
0.372
0.197
0.367
0.198
0.843
0.368
0.205
0.197
0.367
0.911
0.194
0.197
0.849
0.864
0.195
0.198
0.197
0.198
0.368
0.368
0.401
0.575
0.713
0.385
0.198
0.39
0.367
0.197
0.368
0.198
0.198
0.354
0.377
0.911
0.195
0.369
0.395
0.197
0.2
0.195
0.197
0.198
0.195
0.368
0.371
0.196
0.365
0.365
0.214
0.364
0.197
0.388
0.365
0.37
0.37
0.37
0.214
0.212
0.262
0.938
0.372
0.948
0.194
0.362
0.41
0.367
0.372
0.216
0.366
0.91
0.196
0.427
0.369
0.389
0.197
0.383
0.389
0.367
0.195
0.872
0.195
0.396
0.194
0.193
0.367
0.194
0.384
0.364
0.203
0.369
0.353
0.477
0.468
0.198
0.196
0.883
0.367
0.195
0.194
0.38
0.365
0.194
0.858
0.361
0.193
0.233
0.197
0.364
0.437
0.211
0.356
0.359
0.188
0.187
0.188
0.357
0.353
0.189
0.354
0.373
0.362
0.361
0.356
0.362
0.365
0.977
0.37
0.599
0.456
0.196
0.363
0.362
0.36
0.866
0.36
0.356
0.416
0.229
0.43
0.829
0.897
0.193
0.192
0.36
0.192
0.924
0.363
0.191
0.875
0.359
0.19
0.357
0.9
0.9
0.975
0.196
0.348
0.394
0.425
0.357
0.355
0.352
0.352
0.337
0.209
0.354
0.437
0.359
0.356
0.35
0.191
0.189
0.36
0.402
0.258
0.354
0.188
0.187
0.906
0.21
0.189
0.189
0.358
0.187
0.437
0.359
0.191
0.188
0.761
0.363
0.473
0.192
0.358
0.926
0.355
0.352
0.191
0.378
0.358
0.352
0.348
0.348
0.356
0.187
0.453
0.347
0.964
0.376
0.207
0.412
0.205
0.19
0.198
0.36
0.357
0.189
0.187
0.377
0.476
0.713
0.365
0.192
0.19
0.938
0.19
0.35
0.188
0.189
0.189
0.187
0.991
0.191
0.357
0.495
0.189
0.192
0.358
0.206
0.408
0.356
0.411
0.371
0.4
0.188
0.352
0.188
0.359
0.188
0.353
0.878
0.4
0.188
0.355
0.847
0.357
0.266
0.408
0.195
0.363
0.355
0.353
0.191
0.424
0.4
0.192
0.328
0.227
0.362
0.404
0.202
0.192
0.854
0.19
0.362
0.395
0.384
0.192
0.189
0.19
0.36
0.359
0.839
0.367
0.199
0.189
0.364
0.192
0.196
0.359
1.751
0.467
0.24
0.197
0.191
0.193
0.362
0.189
0.192
0.2
0.902
0.836
0.191
0.395
0.356
0.369
0.192
0.355
0.37
0.351
0.363
0.354
0.358
0.834
0.189
0.189
0.19
0.211
0.393
0.368
0.189
0.522
0.478
0.192
0.191
0.199
0.357
1.524
0.196
0.364
0.887
0.192
0.194
0.359
0.406
0.19
0.383
0.358
0.191
0.359
0.361
0.189
0.355
0.187
0.19
0.188
0.421
0.357
0.195
0.407
0.354
0.409
0.36
0.357
0.382
0.193
0.361
0.36
0.188
0.359
0.193
0.191
0.542
0.193
0.821
0.356
0.438
0.926
0.356
0.357
0.358
0.359
0.357
0.902
0.408
0.378
0.358
0.936
0.352
0.388
0.4
0.191
0.189
0.271
0.209
0.359
0.859
0.189
0.192
0.19
0.83
0.867
0.238
0.819
1.738
0.29
0.357
0.189
0.87
0.189
0.83
0.354
0.352
0.354
0.857
0.189
0.355
0.354
0.858
0.187
0.353
0.4
0.187
0.354
0.352
0.187
0.189
0.353
0.187
0.354
0.374
0.187
0.189
0.352
0.353
0.356
1.558
0.657
0.379
0.392
1.046
0.358
0.353
0.831
0.187
0.893
0.188
0.358
0.356
0.35
0.839
0.351
0.352
0.189
0.352
0.372
0.191
0.349
0.928
0.949
0.361
0.954
0.358
0.206
0.192
0.354
0.189
0.479
0.772
0.369
0.867
0.826
0.357
0.354
0.271
0.36
0.355
0.353
0.354
0.19
0.357
0.42
0.96
0.981
0.357
0.357
0.357
0.406
0.191
1.121
0.366
0.914
0.363
0.356
0.358
0.356
0.25
0.377
0.838
0.355
0.361
0.192
0.189
0.823
0.357
0.357
0.521
0.194
0.364
0.19
0.362
0.191
0.191
0.191
0.828
0.362
0.375
0.973
0.361
0.19
0.421
0.359
0.884
0.191
0.262
1.242
0.408
0.192
0.356
0.191
0.355
0.191
0.403
0.495
0.192
0.209
0.192
0.36
0.36
0.223
0.218
0.281
0.192
0.406
0.36
0.356
0.192
0.192
0.19
0.355
0.192
0.389
0.358
0.192
0.353
0.189
0.355
0.356
0.191
0.362
0.359
0.193
0.953
1.025
0.196
0.364
0.189
0.357
0.352
0.355
0.352
0.187
0.35
0.351
0.188
0.37
0.188
0.188
0.353
0.963
0.349
0.893
0.356
0.187
0.354
0.355
0.188
0.191
0.355
0.191
0.252
0.232
0.352
0.354
0.651
0.238
0.469
0.491
0.754
0.37
0.351
0.357
0.355
0.344
0.36
0.892
0.368
0.36
0.192
0.191
0.356
0.359
0.353
0.892
0.19
0.354
0.357
0.419
0.351
0.189
0.189
0.858
0.19
0.187
0.231
0.378
0.356
0.4
0.19
0.356
0.998
1.147
0.363
0.19
0.926
0.392
0.188
0.203
0.359
0.933
0.192
1.146
0.355
0.381
0.191
0.219
0.203
0.382
0.195
0.38
0.358
0.355
0.409
0.389
0.191
0.361
0.214
0.365
0.376
1.793
0.191
0.19
0.19
0.891
0.38
0.434
0.232
0.364
0.391
0.432
0.356
0.394
0.361
0.886
0.356
0.354
0.353
0.218
0.889
0.191
0.347
0.359
0.195
0.189
0.349
0.361
0.381
0.359
0.191
0.191
0.19
0.355
0.193
2.187
0.364
0.942
0.209
0.385
0.194
0.366
0.193
0.193
0.874
0.362
0.362
0.194
0.361
0.193
0.36
0.365
0.195
0.452
0.233
0.192
0.458
0.457
0.38
1.095
0.272
1.49
1.065
0.37
0.579
0.19
0.19
0.904
0.354
0.365
0.348
0.35
0.187
0.388
0.187
0.352
0.919
0.348
0.592
0.19
0.186
0.349
0.924
0.187
0.188
0.418
0.189
1.028
0.43
0.379
0.361
0.187
0.189
0.189
0.353
0.399
0.187
0.188
0.204
1.495
0.261
0.361
0.353
0.189
0.354
0.354
0.354
0.355
0.47
0.354
0.435
0.188
0.379
0.189
0.355
0.35
0.189
0.189
0.191
0.355
0.367
0.917
0.357
0.356
0.21
0.358
0.191
0.189
0.189
0.357
0.289
0.357
0.19
0.35
0.191
0.359
0.19
0.189
0.246
0.192
0.397
0.356
0.343
0.876
0.397
0.958
0.874
0.357
0.352
0.188
0.194
0.363
0.358
0.364
0.192
0.887
0.191
0.955
0.928
0.35
0.355
0.228
0.191
0.502
0.682
0.356
0.353
0.354
0.363
0.356
0.188
0.188
0.355
0.384
0.357
0.19
0.189
0.189
0.402
0.352
0.189
0.192
0.854
0.858
0.188
0.192
0.896
0.191
0.351
0.351
0.189
0.239
0.205
0.384
0.378
0.378
0.191
0.357
0.788
1.118
0.669
0.245
0.216
0.238
0.365
0.366
0.367
0.214
0.47
0.36
0.615
0.964
0.437
0.381
0.368
0.201
0.214
0.363
0.214
0.444
0.367
0.193
1.03
0.355
0.916
0.195
0.193
0.901
0.365
0.261
0.192
0.692
0.198
0.195
1.211
0.407
0.359
0.194
0.269
0.578
1.012
0.199
0.209
0.2
0.373
0.374
0.378
0.852
0.208
0.196
0.843
0.23
0.391
0.195
0.196
0.374
0.198
0.38
0.364
0.375
0.233
0.217
0.238
0.418
0.378
0.767
0.977
0.197
0.195
0.195
0.194
0.193
0.192
0.365
0.195
0.368
0.364
0.369
0.367
0.197
0.367
0.367
0.364
0.217
0.38
0.196
0.194
0.198
0.784
0.371
0.194
0.194
0.192
0.847
0.412
0.255
0.201
0.376
0.194
0.197
0.369
0.195
1.185
0.473
1.017
0.214
0.196
0.372
0.193
0.193
0.365
0.192
0.363
0.194
0.196
0.192
0.367
0.194
0.365
0.196
0.366
0.803
0.218
0.369
0.367
0.362
0.4
0.365
0.194
0.812
0.763
0.195
0.388
0.195
0.195
0.359
0.365
0.373
0.861
0.194
0.64
0.463
0.59
0.196
0.369
0.196
0.756
0.788
0.366
0.403
0.387
0.196
0.381
0.368
0.194
0.194
0.195
0.364
0.815
0.367
0.362
0.363
0.379
0.192
0.365
0.358
0.193
0.384
0.385
0.194
0.782
0.191
0.366
0.366
0.532
0.201
0.369
0.366
0.362
0.367
0.367
0.366
0.386
0.387
0.364
0.371
0.196
0.362
0.826
0.197
0.196
0.366
0.195
0.195
0.199
0.368
0.195
0.362
0.39
0.368
0.365
0.935
0.792
0.196
0.395
0.371
0.212
0.395
0.391
0.519
0.373
0.193
0.192
0.195
0.194
0.193
0.194
0.196
0.193
0.193
0.365
0.366
0.375
0.195
0.384
0.195
0.363
0.195
0.771
0.194
0.366
0.763
0.194
0.364
0.362
0.36
0.196
0.779
0.369
0.228
0.194
0.195
0.194
1.38
0.367
0.385
0.193
0.194
0.361
0.211
0.771
0.366
0.192
0.361
0.193
0.382
0.366
0.366
0.193
0.361
0.361
0.361
0.368
0.393
0.207
0.397
0.364
0.366
0.2
0.363
0.193
0.367
0.194
0.195
0.215
0.366
0.426
0.363
0.364
0.359
0.357
0.256
0.515
0.625
0.614
0.628
1.385
0.622
0.614
0.61
0.646
0.611
0.615
1.485
0.614
0.613
0.329
1.535
0.619
0.62
0.641
0.611
0.638
0.614
1.496
0.629
0.642
0.621
1.543
0.619
0.949
0.582
0.419
0.363
0.195
0.193
0.365
0.36
0.198
0.194
0.362
0.361
0.196
0.367
0.365
0.389
0.363
0.366
0.193
0.193
0.358
0.363
0.373
0.367
0.365
0.196
0.811
0.371
0.365
0.363
0.194
0.417
0.36
0.363
0.403
0.197
0.367
0.195
0.651
0.371
0.418
0.359
0.359
0.191
0.189
0.191
0.189
0.19
0.767
0.357
0.193
0.77
0.765
0.356
0.193
0.401
0.191
0.192
0.192
0.359
0.192
0.191
0.768
0.819
0.356
0.359
0.193
0.373
0.756
0.357
0.353
0.709
0.39
0.758
0.355
0.353
0.189
0.753
0.354
0.191
0.35
0.349
0.353
0.945
0.352
0.357
0.847
0.357
0.189
0.228
0.403
0.766
0.19
0.355
0.189
0.409
0.418
0.358
0.192
0.361
0.235
0.215
0.36
0.352
0.189
0.384
0.987
0.442
0.237
0.199
0.192
0.364
0.359
0.19
0.756
0.191
0.38
0.768
0.378
0.41
0.191
0.19
0.365
0.192
0.792
0.357
0.356
0.355
0.195
0.19
0.361
0.427
0.36
0.357
0.191
0.193
0.192
0.367
0.81
0.203
0.19
0.191
0.209
0.19
0.772
0.518
0.834
0.193
0.302
0.193
0.367
0.194
0.21
0.206
0.56
0.199
0.365
0.355
0.356
0.358
0.191
0.356
0.356
0.193
0.189
0.19
0.362
0.189
0.4
0.359
0.361
0.19
0.81
0.36
0.19
0.188
0.203
0.355
0.189
0.398
0.36
0.361
0.534
0.192
0.753
0.363
0.773
0.193
0.19
0.191
0.852
0.353
0.358
0.189
0.192
0.765
0.356
0.194
0.36
0.189
0.36
0.191
0.36
0.359
0.816
0.421
0.189
0.192
0.642
0.765
0.39
0.197
0.335
0.665
0.469
0.364
0.387
0.364
0.435
0.194
0.365
0.247
0.189
0.379
0.356
0.94
0.364
0.353
0.383
0.463
0.36
0.355
0.19
0.355
0.356
0.355
0.359
0.517
0.435
0.2
0.192
0.359
0.356
0.355
0.36
0.354
0.363
0.36
0.192
0.19
0.189
0.724
0.885
0.195
0.19
0.359
0.189
0.859
0.357
0.359
0.19
0.245
0.192
0.193
0.355
0.357
0.363
0.405
0.424
0.368
0.398
0.196
0.36
0.359
0.363
0.362
0.356
0.192
0.19
0.191
0.357
0.386
0.19
0.356
0.355
0.359
0.357
0.356
0.189
0.836
0.361
0.356
0.218
0.804
0.19
0.364
0.355
0.377
0.355
0.885
0.35
0.798
0.358
0.358
0.19
0.354
0.356
0.188
0.808
0.231
0.191
0.358
0.188
0.192
0.813
0.195
0.189
0.838
0.242
0.466
0.43
0.359
0.366
0.37
0.2
0.192
0.188
0.366
0.19
0.201
0.804
0.371
0.357
0.406
0.191
0.192
0.359
0.811
0.266
0.358
0.547
1.128
0.195
0.311
0.371
0.201
0.26
0.367
0.25
0.199
0.191
0.365
0.353
0.934
0.328
0.361
0.191
0.216
0.361
0.382
0.383
0.216
0.38
0.191
0.193
1.065
0.194
0.32
0.193
0.293
0.469
0.474
0.42
0.256
0.568
0.511
0.211
0.56
0.197
0.232
0.375
0.196
0.85
0.201
0.371
0.374
0.198
0.197
0.37
0.234
0.4
1.098
0.37
0.194
0.361
0.371
0.366
0.195
0.359
0.364
0.362
0.365
0.816
0.194
0.825
0.193
0.84
0.391
0.362
0.193
0.364
0.36
0.193
0.363
0.195
0.193
0.192
0.363
0.362
0.196
0.363
0.193
0.387
0.381
0.941
0.7
0.44
0.267
0.369
0.194
0.363
0.361
0.193
0.364
0.411
0.36
0.369
0.195
0.386
0.366
0.367
0.364
0.36
0.36
0.363
0.192
0.861
0.861
0.357
0.876
0.393
0.2
0.403
0.363
0.362
0.364
0.195
0.194
0.365
0.232
0.831
0.194
0.702
0.247
0.371
0.81
0.363
0.84
0.193
0.794
0.382
0.193
0.194
0.364
0.362
0.364
0.198
0.195
0.195
0.192
0.366
0.194
0.365
0.359
0.366
0.203
0.833
0.193
0.193
0.195
0.194
0.204
0.222
0.371
0.362
0.37
0.364
0.699
0.374
0.362
0.212
0.367
0.194
0.193
0.843
0.366
1.057
0.83
0.415
0.47
0.365
0.367
0.253
0.398
0.196
0.832
0.366
0.367
0.364
0.362
0.969
0.37
0.367
0.364
0.195
0.408
0.361
0.196
0.196
0.37
0.405
0.366
0.364
0.367
0.775
0.573
0.217
0.197
0.366
0.193
0.193
0.202
0.363
0.363
0.193
0.357
0.19
0.194
0.361
0.194
0.398
0.402
0.351
0.353
0.355
1.014
0.867
0.36
0.193
0.361
1
0.438
0.352
0.358
0.357
0.359
0.363
0.353
0.349
0.602
0.929
0.358
0.572
0.436
0.361
0.237
0.356
0.358
0.191
0.382
0.355
0.194
0.189
0.362
0.354
0.89
0.19
0.19
0.188
0.36
0.359
0.378
0.363
0.189
0.361
0.471
0.775
0.356
0.243
0.431
1.057
0.747
1.145
0.345
0.401
0.997
0.195
0.191
0.19
0.219
0.816
0.191
0.193
0.191
0.19
0.813
0.805
0.19
0.389
0.19
0.355
0.271
0.29
0.485
0.19
0.398
0.353
0.443
0.194
0.4
0.877
0.267
0.514
0.19
0.814
1.313
0.388
0.273
0.803
0.85
0.846
0.189
0.191
0.357
0.357
1.092
0.195
0.832
0.359
0.828
0.358
0.295
0.836
0.851
0.376
0.359
0.358
0.898
0.863
0.227
0.958
0.561
0.188
0.515
0.19
0.189
0.844
0.758
0.367
0.195
0.383
0.358
0.364
0.383
1.05
0.36
0.211
0.212
0.473
0.19
0.189
0.359
0.401
0.397
0.189
0.353
0.355
0.351
0.329
0.195
0.359
0.972
0.192
0.395
0.447
0.197
0.193
0.368
0.367
0.366
0.368
0.629
0.905
0.197
0.191
0.359
0.896
0.368
0.195
0.362
0.906
0.896
0.362
0.192
0.848
0.389
0.361
0.362
0.362
0.857
0.193
0.375
0.368
0.358
0.362
0.194
0.361
0.363
0.407
0.37
0.364
0.362
0.359
0.631
0.343
0.203
0.372
0.409
1.018
0.881
0.915
0.442
0.197
0.44
0.388
0.2
0.195
0.392
0.193
0.877
0.361
0.193
0.362
