206.783
209.304
289.652
334.261
594.478
950.565
967.261
1063.261
1400.652
1496.652
1499.174
1242.13
1286.739
1624.13
1980.217
1996.913
2203.696
1400.652
1445.261
1461.957
1557.957
1914.043
2251.435
2251.435
2253.957
2460.739
2651.478
1540.478
1227.957
472.043
552.391
597
693
1030.391
1386.478
1336.217
467
804.391
884.739
929.348
739.261
835.261
1042.043
1398.13
1400.652
1756.739
1852.739
2112.957
729
809.348
853.957
1210.043
1306.043
1141.826
1141.826
1306.043
1322.739
994.565
1045.957
1321.696
1402.043
1386.391
1482.391
1838.478
2175.87
2436.087
2642.87
2678.174
2501.826
2145.739
2405.957
2743.348
3099.435
3195.435
2678.174
2244.913
1858.261
1954.261
2310.348
2647.739
2854.522
2793.826
3034.261
3050.957
3407.043
3487.391
3583.391
3356.217
3391.522
3260.913
3257.739
3311.174
3311.043
3407.043
3131.304
3227.304
3564.696
3704.522
3741.696
3628.542
3662.375
3678.375
4019.625
4281.542
4297.542
4191.375
4157.417
4355.583
4355.583
4048.167
4371.5
4297.542
4638.792
4654.792
4996.042
4654.792
4620.958
4962.208
5211.583
5409.75
5273
5532.167
5566
4241.125
4318.125
4318.125
4360.875
4376.875
4453.875
4437.875
4453.875
3758.083
4007.458
4084.458
4118.292
4120.708
4136.708
4228.708
4426.875
4750.208
4784.042
4600.875
4616.875
4958.125
3961.083
4210.458
4287.458
4485.625
4426.875
4442.875
4518.875
4595.875
4794.042
5043.417
5077.25
5079.667
5156.667
5156.667
5480
5678.167
5927.542
5943.542
5977.375
5977.375
5749.875
5826.875
5636.125
5977.375
5652.125
5977.375
5979.792
5704.625
5781.625
5977.375
6069.375
6254.583
6177.458
6179.875
6271.875
6287.875
6321.708
6287.875
5731.042
5929.208
5555.958
5897.208
6082.417
6174.417
5669.261
5556.348
5763.13
5744.522
5667.348
5068.739
5424.826
5762.217
5797.522
5458.13
5797.522
5877.87
5937.348
5732.708
5824.708
5901.708
5799.292
5833.125
5884.333
5976.333
6174.5
5965.875
5548.625
5591.375
5932.625
6024.625
5944.458
6099.875
6176.875
6219.625
6311.625
6327.625
6668.875
6671.292
6705.125
6954.5
6408
6420.833
6171.458
5814.208
6155.458
6125.125
6217.125
6222.458
6014.6
6196.36
6480.84
5708
5836.64
5704.04
5515.64
5548.12
5582.32
5670.64
5655.68
5668
5293.64
4966.04
5293.64
5367.56
5387.72
5627.12
5817.36
6144.96
6233.28
6187.04
5984.16
5026.84
5031.96
5064.44
4909.115
5139.308
5322.231
5407.154
5637.346
5668.577
5713.962
5800.308
5871.385
5655.038
5570.115
5800.308
4848.038
5103.808
4662.577
5016.769
5101.692
5284.615
4921.115
4960.962
4992.192
4394.577
4624.769
4480.615
4265.192
4350.115
4492.333
4668.481
4698.556
4712.185
4726.407
4764.407
5067.741
5149.519
4946.731
5017.808
4424.115
4739.115
4922.038
4907.269
4938.5
5253.5
5483.692
5485.923
5320.741
5402.519
5689.926
5397.074
5573.222
5603.296
5671.741
5893.407
6196.741
6278.519
6292.741
6278.519
6454.667
6430
6498.444
6536.444
6536.462
6377.346
6590.038
6362.654
6364.885
6135.923
6218.615
6391.692
6690.154
6920.346
6934.192
6974.038
7289.038
7471.962
6391.692
6422.923
6494
6676.923
6452.462
6682.654
6591.077
6520
6835
6604.923
6919.923
7218.385
7218.385
7249.615
7249.615
7164.692
6750.192
6151.308
6190.769
6064.538
6188.231
6203
6442.231
6698
6928.192
7013.115
7328.115
7413.038
7452.5
7253.538
7483.731
7498.5
7359.346
7542.269
6997
7312
7610.462
7840.654
7728.808
7944.115
7792.423
7598.885
7569.885
7372.577
7246.346
7201.885
7286.808
6885.962
6885.962
6174.5
6489.5
6516.423
6587.5
6826.731
6838.577
7153.577
6516.885
6313.519
6395.296
6631.962
6703.038
6885.962
6957.038
7041.962
7224.885
7180.423
7219.885
7518.346
7461.346
7776.346
7809.231
8107.692
8138.923
8113.231
8198.154
8269.231
8499.423
7899.692
7883.231
7885.462
7916.692
8215.154
8398.077
8628.269
8745.962
8619.731
8704.654
8706.885
8738.115
8883.385
8583.154
8650.962
8833.885
9089.654
8963.423
9191.385
8975.962
8667.885
8707.346
9005.808
9320.808
9405.731
9588.654
9286.692
8161.154
8246.077
8030.654
8101.731
8329.115
8644.115
8646.346
8874.308
7940.667
7764.519
7732.852
7954.519
7507.308
7675.462
7690.231
7531.115
7290.185
7292.333
7595.667
7817.333
7954.519
7942.444
8245.778
8134.222
8164.296
8340.444
8408.889
8423.111
8504.889
8215.778
8519.111
8297.444
8327.519
8365.519
8519.111
8342.296
8220.741
7963.786
8042.643
8530.519
8380.111
8556.259
7775.148
7994.111
7745.25
7747.321
7961.071
8519.111
8822.444
8822.444
8822.444
8398.444
8436.444
8450.667
8519.111
8500.074
8462.074
8581.185
8708.37
8995.778
9077.556
9115.556
9145.63
9367.296
9435.741
9437.889
8547.077
8561.846
7629.5
7629.5
7314.5
7629.5
7944.5
7944.5
7399.308
7629.5
7944.5
7944.5
7959.269
7961.5
8032.577
8117.5
8415.962
7871.077
7715.077
7886.038
7426.846
7458.077
7641
7871.192
7885.962
7627.346
7515.885
7430.962
7502.038
7516.808
7556.269
7571.038
7562.808
7602.269
7832.462
7627.346
7556.269
7556.269
7558.5
7589.731
7589.731
7904.731
7101.808
7186.731
7257.808
7556.269
7854.731
7925.808
8108.731
8193.654
8195.885
8426.077
8440.846
8480.308
8795.308
8797.538
9027.731
9058.962
8960.962
8947.115
9019.5
8723.444
9026.778
9248.444
9024.63
9026.778
9041
9072.667
8769.333
8547.778
8517.593
8296.778
7985.407
8067.185
8180.519
8182.667
8486
8182.667
8404.333
8184.815
8220.667
7931.556
8000
8303.333
8182.667
8358.815
8182.667
8194.074
8125.63
8207.407
8295.481
8296.556
8292.75
8569.893
8635.893
8664.893
8701.536
8574.786
8603.786
8634.321
8619.571
8353.893
8390.536
8604.286
8066.036
7850.214
8063.964
8066.036
8068.107
8182.964
8292.25
8303.25
8339.893
8368.893
8438.607
8469.143
8761.643
7211.179
7503.679
7367.393
7446.25
7457.25
7404.321
7440.964
7469.964
7498.964
7846.407
8011.037
7305.536
7598.036
7676.893
7705.893
7919.643
7985.643
7987.714
7996.75
8007.75
8086.607
8201.464
8203.536
8232.536
8263.071
8204.214
8180.464
8209.464
8211.536
8183.5
8251.357
8288
8354
8632.786
8736.643
8773.286
8839.286
8342.357
8090.069
8166.207
8023.552
8291.138
8319.138
8414
8335.103
8348.345
8630.759
8666.138
8694.138
8900.517
8902.517
8414.862
8697.276
8761
8837.138
8641.379
7439.276
7208.931
7285.069
7054.414
7225.414
7507.828
6682.929
6719.571
6748.571
6762.286
6518.25
6442.107
6413.036
6449.679
6742.179
6744.25
6810.25
6889.107
7058.964
6774.179
6853.036
6855.107
6868.821
7161.321
7190.321
7467.464
7504.107
7517.821
7504.107
6733.259
6735.407
6559.259
6387.148
6608.815
6557.111
6542.889
6557.111
6860.444
6874.667
6638.889
6815.037
6883.481
6853.407
6898.926
6929
6587.185
6668.963
6956.37
7083.556
7114
7116.148
7154.148
6625.556
6557.111
6557.111
6587.556
6890.889
6972.667
6462.074
6267.929
6264.179
6541.321
6711.179
7003.679
6547.286
6613.286
6890.429
6919.429
7089.286
6848.786
6947.036
6976.036
6976.036
6574.821
6653.679
6744.679
6530.929
6559.929
6773.679
6565.107
5930.321
6222.821
6486.25
6488.321
6524.964
6603.821
6632.821
6669.464
6390.071
6603.821
6603.821
6773.679
6878.893
6944.893
7023.75
6458.643
6495.286
6787.786
6957.643
6642.929
6645
6803.75
6605.464
6775.321
6592.107
6310.607
6073.286
6044.286
6058
6350.5
6429.357
6312.143
5941.379
4944.621
5108.621
4992.759
5199.138
4752.138
4916.138
5122.517
5122.517
5286.517
4971.034
5047.172
5276.483
5544.069
5573.552
5549.276
5389
5575.207
5573.724
5596.931
5660.655
5645.828
5928.241
6004.379
6394.964
6431.607
6445.321
6511.321
6218.821
6083.929
6297.679
6377.571
6406.571
6408.643
6223.034
6286.759
6362.897
6645.31
6691.034
6877.037
6449.148
6463.37
6463.37
6456.037
6486.111
6291.107
6086.607
6297.679
6449.148
6625.296
6846.963
6928.741
6997.185
6145.815
6449.148
6449.148
6354.778
6384.852
6561
6782.667
6827.556
6808.889
6489.519
6519.593
6588.037
6875.444
6994.556
7216.222
7246.296
7227.63
7473.926
7524.037
6694.037
6870.185
6524.074
6745.741
6105.519
6281.667
6354.148
6641.556
6501.667
6805
6835.074
7138.407
7360.074
7441.852
6273
6303.074
6354.778
5940.185
5951.593
5907.815
6158.926
6446.333
6528.111
6520.185
6522.333
6825.667
6144.704
5968.926
6050.704
6050.704
4951.63
4981.704
5050.148
4874
5050.148
5131.926
5050.148
5337.556
5285.667
5240.148
5543.481
5719.63
5552
5554.071
5767.821
5981.571
6060.429
6352.929
6566.679
6859.179
6859.179
6431.786
6724.286
6894.143
6907.857
6936.857
6938.929
7216.071
7245.071
7216.071
7121.071
7187.071
7216.071
6553.357
6555.429
6569.143
6519.286
6798.071
7075.214
7216.071
7229.786
7295.786
7332.429
7374.643
7216.071
7429.821
7216.071
7003.857
7015.5
7008.429
7276.429
7355.286
6523.214
6580.69
6742.828
6744.828
6772.828
7040.414
7329.655
6952.483
6775.241
6785.862
6722.138
6669.034
6592.897
6669.034
6671.034
6552.621
6759
6797.655
6446.733
6247.333
6446.833
6719.833
6719.733
6572.633
6446.733
5714.733
5987.733
6000.533
6034.733
6096.333
6355
6382.067
6369.267
6640.333
6899
6900.933
6928
6940.8
6602.138
6604.138
6871.724
7154.138
7189.517
7202.759
7230.759
7306.897
7513.276
7677.276
7666.655
7730.379
8012.793
8088.931
7783.483
7982.607
8061.464
7228.667
7258.741
7327.185
6873.111
7160.519
7447.926
7485.926
7500.148
7281.185
7362.963
7656.815
7686.889
7990.222
8154.852
8331
8333.148
8290.333
8320.407
8331.815
8507.963
8220.556
8250.63
8472.296
8759.704
9063.037
9144.815
9213.259
9213.259
9500.667
8798.037
8227.964
8397.821
8690.321
8967.464
8996.464
9075.321
9077.393
9225.5
8127.393
8206.25
8498.75
8775.893
8989.643
9159.5
9225.5
9304.357
9333.357
9610.5
9903
10116.75
10091.607
9779
9842.724
9900.759
10031
9547.207
9549.207
9584.586
9867
10031
9853.276
9863.897
10137.483
9962.448
9664.567
9701.567
9747.967
9947.467
10106
10179.6
10192.4
10194.333
10458.8
10338.4
10365.467
10439.067
10439.067
10500.667
10759.333
10958.833
11117.367
11144.433
10759.333
10194.467
10369.103
10575.483
10263.586
10546
10102.069
10266.069
10051.586
8990.034
9155.621
9423.207
9576.483
9604.483
9619.034
9695.172
9903.241
9757.897
9486.103
9515.586
9626.483
9654.483
9755.241
9783.241
9859.379
9964.897
9991.448
10070.759
10081.379
10190.414
9687.379
9356.345
9005.067
9278.067
9290.867
9364.467
8537.967
8512.833
8712.333
9278.345
9560.759
9767.138
9789.276
9817.276
9981.276
9994.517
9790.138
9968.517
10132.517
10414.931
10491.069
10250.138
10278.138
10291.379
9266.862
9343
9549.379
9713.379
9741.379
9770.759
10038.345
8872.655
8948.793
9248.931
8974.833
8927.5
8812.5
8874.1
8874.1
8615.433
8874.1
9032.633
9066.833
9339.833
9341.767
9541.267
9602.867
9615.667
9689.267
9947.933
10106.467
10180.067
10091.4
10118.467
9980.567
9822.033
9935.133
9947.933
9358.933
8903.613
8905.484
9169.677
9362.742
9433.968
9627.032
9362.742
9388.935
9639.258
9792.677
10056.871
9839.645
9898.484
10091.548
10058.452
10070.839
9433.968
9627.032
9891.226
9388.935
9542.355
9554.742
9195.129
9197
9461.194
9363.367
9365.3
9564.8
9823.467
9675.2
9419.267
9021.9
9095.5
9108.3
9381.3
9639.967
9362.097
8112.968
8306.032
8707.233
8780.833
8842.433
9101.1
9374.1
9401.167
9663.9
9922.567
9759.3
9786.367
9503.774
9350.355
9362.742
9433.968
9435.839
9435.839
8948.484
8981.581
9231.903
9496.097
9508.484
9661.903
9364.613
9628.806
9700.032
9335.677
9528.742
9588.355
9614.548
9626.935
9613.065
9684.29
9717.387
9743.581
9803.194
9765.903
9909.29
10062.71
10161.419
10425.613
10463.742
10415.677
10415.677
10376.581
9246.032
8997.581
9057.194
9090.29
9340.613
9411.839
9482.968
9676.032
9829.452
9829.452
9605.323
9779.774
10043.968
10115.194
10141.387
9856.531
9868.531
10111.031
9822.531
9764.781
9079.313
8971.125
8983.125
9170.156
9426.094
9495.094
9520.469
9522.281
9591.281
9107.25
9119.25
9213.125
9245.188
9302.938
9304.75
9453.375
9474.156
9730.094
9799.094
9762.969
9417.438
9161.5
9058.938
9085.656
8937.094
8969.156
8981.156
8800.156
9042.656
9298.594
9342.219
9399.969
9548.594
9018.094
7176.233
7237.833
7250.633
7189.033
7413.5
7401.552
7161.967
7235.567
7435.067
7161.967
6962.567
7161.967
7161.967
7393.567
7408.931
7618.536
7832.286
7706.321
7876.179
8153.321
7935.964
8185.75
8214.75
8507.25
8520.964
8599.821
8769.679
8848.536
8850.607
8864.321
8993.821
9022.821
8747.069
8119.966
8387.552
8415.552
8450.931
8464.172
8463.345
7807.586
7871.31
7948.448
8112.448
8176.172
8178.172
8206.172
8412.552
8488.69
8396.966
8491.103
8242.267
8255.067
8316.667
8343.733
8488.69
8221.379
8234.621
8517.034
8552.414
8628.552
8516.69
8784.276
8889.793
9087.345
8060.4
8111.733
8185.8
8257.067
7463.367
7476.167
7537.767
7571.967
7645.567
7804.1
8003.6
8005.533
8264.2
8266.133
8539.133
8697.667
8771.267
8697.667
8724.733
8513.333
8291.267
8030.133
7978.8
8005.867
7956.467
8030.067
8017.6
8064.133
8285.8
8359.4
8041.733
8273.333
8546.333
8559.133
8593.333
8558.8
8407.862
8409.862
8486
8506.138
8712.517
8994.931
9022.931
9186.931
9200.172
8571.862
8407.862
8675.448
8957.862
8971.103
9047.241
8821.862
8602.345
8666.069
8933.655
9009.793
8743.667
8388.067
8388.067
8390
8663
8663
8862.5
9021.033
7558.6
7823.067
7850.133
8114.6
8314.1
8041
8114.6
8069
8069
8042.433
8104.8
8178.4
8285.6
8073.3
8272.8
8274.733
8336.333
8494.867
8568.467
8581.267
8854.267
8788.6
8612.345
8641.828
8529.69
7941.724
8007.172
8289.586
8138.828
8140.828
8168.828
8375.207
8388.448
8256.207
8228.207
6765.103
6969.483
6992.414
6635
6893.667
6955.267
6968.067
7041.667
7200.2
7473.2
7486
6161
6222.6
6249.667
6224.533
6191.9
6265.5
6215.9
6488.9
6523.1
6535.9
6597.5
6238.1
6311.7
6338.767
6497.3
6755.967
6846.967
6638.484
6640.355
6833.419
6447.903
6103
6022.567
6035.367
6308.367
6567.033
6601.233
6662.833
6736.433
6736.433
6749.233
6810.033
6490.5
6736.433
6738.367
6765.433
6592.167
6730.067
6742.867
7015.867
7174.4
6736.433
6749.233
6736.433
5359.613
5623.806
5777.226
5970.29
5851.839
5883.387
5909.581
6102.645
6173.871
6200.065
5959.194
5985.387
6178.452
6249.677
6223.161
6282.774
6249.677
6500
6764.194
6652.586
6665.828
6933.414
6968.793
7044.931
7251.31
7253.31
7417.31
7481.034
6885.393
7177.893
7214.536
7428.286
7442
7734.5
8027
7734.5
7902.286
7139.5
7246.786
7283.429
7349.429
7363.143
7442
7442
6294.815
6516.481
6819.815
6849.889
7026.037
6546.63
6817.667
6855.667
6745.963
6776.037
6306.571
6599.071
6677.929
6891.679
7105.429
6338.75
6631.25
6632.286
6253.607
6201.966
6278.103
6484.483
6512.483
6555.862
6632
6402.586
6478.724
6554.862
6910.143
6912.214
6709.241
6976.828
6990.069
7066.207
7230.207
6846.586
6478.724
6160.931
6188.931
6471.345
6506.724
6478.724
6685.103
6670.345
6557.172
5850.567
6109.233
6009.167
6167.7
6194.767
6022.333
6231.2
6063.29
6139.484
6403.677
6416.065
6236.968
6340.71
5640.031
5641.844
5808
6050.5
5889.875
5889.875
6145.813
6214.813
5958.875
5659.313
5889.875
5901.875
6157.813
6221.267
6248.333
6079.871
6233.29
6292.903
6326
6576.323
6840.516
6852.903
6924.129
6233.29
6282.533
5892.4
5966
5933.733
5946.533
6205.2
6205.2
6363.733
6376.6
6473.5
6001.069
5199.643
5228.643
4544.929
4837.429
4916.286
5060
4179.519
4190.926
4177.074
4064.536
4341.679
4634.179
4847.929
4946.821
4837.429
4916.286
3972.607
3945.679
3974.679
4251.821
4317.821
3943.593
4025.37
3533.815
3837.148
3905.593
3943.593
3943.593
4246.926
4277
3913.519
3943.593
3722.037
3943.704
4247.037
3476.704
3389.179
3681.679
3958.821
4128.679
4142.393
4113.036
3990.393
3805.643
3884.5
3483.407
3770.815
3992.481
4295.815
3270.481
3308.481
3390.259
3390.259
3693.593
3966.852
3996.926
3707.815
4011.148
4187.296
4192.037
4356.667
4168.815
4250.593
4280.667
4164.429
4334.286
4626.786
4692.786
4729.429
4731.5
4810.357
4839.357
5131.857
5409
5411.071
5624.821
5638.536
5852.286
5881.286
5895
6187.5
6237.929
6251.643
5235.75
5528.25
5406.786
5408.857
5182.357
5474.857
5224.107
5250.429
5420.286
5456.929
5734.071
5208.321
5222.036
5235.75
5222.036
5193.036
5222.036
5514.536
5006.214
5008.286
5087.143
5300.893
5287.536
5564.679
5075.464
5367.964
5381.679
5076.321
5263.444
5255.519
5293.519
5580.926
5649.37
5762.704
5844.481
6009.111
5985.407
5797.407
5125
5155.074
5236.852
5413
5451
5754.333
5822.778
6044.444
6130.185
6132.333
6162.407
6408.704
6218.704
5585.481
5269.444
5301.111
5293.778
5298.519
5272.444
5120.786
5552.143
5765.893
5779.607
5816.25
6108.75
6278.607
6357.464
5854.179
6146.679
6423.821
6460.464
6474.179
6476.25
6646.107
6675.107
6503.607
6532.607
6770.107
6800.643
6619.5
6570.75
6584.464
6861.607
6808.679
6819.679
6980.393
7009.393
7292.75
7311.5
7010.607
7024.321
6854.464
7024.321
7301.464
7593.964
7621.643
7658.286
7724.286
7798.571
8001.214
8080.071
7836.828
7850.069
7913.793
8196.207
8349.483
8455
8278.103
8306.103
7736.207
8018.621
8046.621
8210.621
8417
8684.586
8760.724
8824.448
9106.862
8627.138
8662.517
8826.517
9094.103
9058.724
9265.103
8822.448
8647.552
8523
8240.586
8253
8482.31
8561.621
8461.207
7852.724
7625.167
7627.1
7951.8
8099.967
8173.567
8448.034
8450.448
7671.931
7537.414
7320.367
7478.9
7737.567
8010.567
8195.833
8354.367
8553.867
8812.533
9085.533
9256.533
8952.133
8816.767
9089.767
8176.533
8238.133
8511.133
8449.533
8449.533
7369.833
7416.367
7689.367
7948.033
8106.567
8306.067
8174.6
8236.2
7808.767
7578.6
7605.667
7513.742
7584.968
7849.161
7887.419
7363.774
7376.161
7168.935
7362
7363.871
7517.29
7767.613
7866.323
7782.71
7795.097
7544.774
7507.484
7304.938
7547.438
7803.375
7583.563
7620.5
7284.844
7471.875
7714.375
7345.125
7402.875
7551.5
7738.531
7994.469
8019.844
8077.594
7551.5
7583.563
7652.563
7352.563
7364.563
7620.5
7551.5
7508.188
7520.188
7519.438
7551.5
6777.065
7041.258
7027.387
7039.774
7041.645
7112.871
7195.065
7254.677
7447.742
6970.129
6970.129
6610.194
6635.032
6588.129
6579.871
6596.806
6668.032
6584.419
6777.484
6779.355
6805.548
6657.355
6728.581
6904.71
7008.452
7258.774
7473.29
7295.355
7354.097
7604.419
7604.419
7637.516
7830.581
8015.387
8040.226
8017.645
6561.433
6820.1
6847.167
6834.367
6847.167
6908.767
7181.767
7381.267
7406.4
7408.333
7183.7
7383.2
7410.267
7444.467
7518.067
7791.067
7949.6
7840.2
7730.8
7942.2
7669.2
7942.2
7230.6
6837.387
6990.806
7241.129
7658.419
7851.484
8011.2
8210.7
8210.7
8210.7
8210.7
8093.4
8106.2
8133.267
7540.933
7799.2
8057.867
8216.4
7984.452
7648.258
7912.452
7924.839
7984.452
8055.677
8017.548
8019.419
8045.613
8083.742
8347.935
7995.968
7924.839
7984.452
7769.161
8033.355
8045.742
8078.839
8138.452
8093.742
8357.935
8298.323
8298.323
7867.258
7869.129
8060.323
8093.742
8046.516
8072.71
8265.774
8267.645
8421.065
8638.29
8671.387
8453.71
8479.903
8250.613
7922.968
8116.032
8117.903
7865.548
7925.161
8189.355
7951.355
7984.452
8177.516
8427.839
8581.258
8350.161
8421.29
7984.452
7984.452
7996.839
8248.645
8175.645
8201.839
8034.129
8093.742
8298.323
8451.742
8477.935
8728.258
8799.484
8811.871
7851.581
8044.645
8046.516
8298.323
7940.323
7257.645
7259.516
7376.71
7253
7446.065
7710.258
6692.226
6692.226
5963.867
6236.867
5867.2
5880
5941.6
5742.2
6015.2
5788.633
5644.7
5835.667
6108.667
6182.267
5850.267
5692.067
5726.267
5726.267
5965.517
5790.483
5522.828
5589.724
5416.2
5639.367
5797.9
5628.833
5470.633
5544.233
5751.367
6113.233
6177.9
5858.29
5812.903
5872.516
5825.29
5896.516
5929.613
5962.194
5937.871
6130.935
6271.968
5587.645
5587.645
5707.968
5373.871
5566.935
5600.032
5573.774
5727.194
5920.258
5834.452
5114.129
5307.194
5557.516
5710.935
5782.161
5784.032
5584.065
5596.452
5139.194
5332.258
5596.452
5860.645
6110.968
6137.161
6089.355
6242.774
6305.742
6142
6154.387
6225.613
6281.097
6545.29
6376.065
6151.935
6138.129
6588.6
6861.6
6895.8
6857.267
6910.333
7147.793
6960.138
7227.724
7255.724
7268.966
7432.966
6943.862
6917.862
6711.483
6724.724
6752.724
6788.103
6836.241
7042.621
7044.621
4312
4388.138
4146.345
4282.345
4275.517
4549.103
4577.103
4783.483
5065.897
5140.034
5304.034
5264.172
5266.172
5294.172
5388.31
5085.966
4853.759
4917.483
5185.069
5349.069
5555.448
5837.862
5865.862
5942
5583.448
5865.862
5942
5970
5674.414
5942
5388.69
5424.069
5529.586
5605.724
5320.69
4974.552
5002.897
5002.897
5285.31
5320.69
5475.862
5505.345
5393.724
4876.655
4940.379
5207.966
5414.345
5427.586
5591.586
5797.966
5961.966
6244.379
6279.759
6281.759
6564.172
6281.759
6309.759
6577.345
6281.759
6205.621
6488.034
6281.759
6564.172
6599.552
6675.69
6741.069
6804.793
6534.793
6598.517
6804.897
6880.931
6908.931
7072.931
7108.31
7093.483
6494.034
6776.448
6852.586
6408.172
6458.655
6687.966
6851.966
6738.793
6687.69
6715.69
6540.655
6607.552
6674.862
6688.103
6955.69
6957.69
7021.414
7227.793
7263.172
7339.31
7503.31
7785.724
7815.207
7100.759
7182.483
6977.267
6979.2
7137.733
7193.833
7206.633
7030.5
6799.4
6750
6565.355
6815.677
7079.871
7139.484
7403.677
7654
7847.065
7848.935
8002.355
8073.581
8099.774
8112.161
8053.516
8303.839
8316.226
8696.516
8817.323
8599.516
8533.548
8197.742
8210.129
8460.452
8674.968
8702.548
8538.935
8563.774
8827.968
8840.355
8504.935
8769.129
8840.355
8866.548
9116.871
9118.742
9131.129
9284.548
9548.742
9619.968
9632.355
9785.774
9556.387
9820.581
10070.903
10104
10163.613
10115.806
9877.323
9797.839
9885.903
9262.839
9416.258
9609.323
9549.71
9214.29
9285.516
9345.129
9609.323
9542.226
9254.871
8997.719
9253.656
9322.656
9412.469
9437.844
9506.844
9749.344
9761.344
10017.281
10165.906
9499.656
9801.906
9870.906
9640.094
9780.719
9838.469
9571.424
9573.182
9402.273
9165.727
9413.909
9413.909
9402.273
9583.636
9831.818
9898.727
10042.848
10098.848
10334
10060.235
10084.118
10095.412
9348.333
9359.97
9504.091
9571
9165.364
9400.515
9425.121
9569.242
9636.152
9660.758
9716.758
9412.485
9443.576
9691.758
9873.121
9438.152
9449.788
9178.333
9209.424
9457.606
9459.364
9515.364
9582.273
9726.394
9961.545
9992.636
9994.394
10175.758
10319.879
10209.727
10028.455
10053.061
10197.182
10198.939
10434.091
10445.727
9961.545
9705.606
9946.03
9946.03
10194.212
9742.273
9886.394
10021.091
9877.273
9901.879
9925.273
9239.848
9419
9475
9541.909
9723.273
9734.909
9970.061
9994.667
10198.182
9768.545
9949.909
10016.818
9942.152
9951.485
9993.788
9579.788
9101
9125.606
8936.273
9201.531
9425.406
9457.469
9469.469
9527.219
9584.219
8805.031
8912.344
9099.375
9124.75
9273.375
9275.188
9332.938
9401.938
9365.813
8432.375
8277.563
8362.875
8104.625
7872.25
7664.788
7817.818
8052.97
8088.727
7995.75
7857.188
7687.313
7923.25
7935.25
7967.313
8115.938
8184.938
8186.75
8282.375
8332.125
8526.5
8542.906
8568.281
8577.906
8646.906
8732.219
8710.219
8736.938
8931.313
8782.25
9038.188
9232.563
8907.625
8573.813
8541.438
8313.697
8457.818
8513.818
8525.455
8491.121
8547.121
8728.485
8795.394
9043.576
9187.697
9477.152
9588.848
9829.273
9694.909
9696.667
9444.727
9469.333
9613.455
9794.818
10029.97
10096.879
10345.061
9736.364
9340.667
9575.818
9600.424
9149.879
9129.697
8891.353
9132.235
9166.941
9190.824
9245.176
9163.647
9303.529
9296.176
9781.882
9706.941
9458.914
9521.914
9692.914
9561.088
9508.882
9737.118
9978
10042.941
10195.088
9689.824
9648.765
9877
9737.118
9537.294
9278.118
9506.353
9530.235
9771.118
9801.294
9947.147
10087.029
10141.382
9320.206
9496.235
9737.118
9954.118
9788.176
9812.059
10040.294
10161.971
10216.324
9737.118
9737.118
9597.529
9436.059
9501
9247.886
9481.886
9469.886
9605.771
9630.2
9708.2
9885.914
9909.114
9662.361
9713.694
9775.028
9906.639
10134.139
10179.028
10207.528
10197.528
10220.083
10447.583
10613.833
10665.167
9981.972
10197.528
10197.528
10425.028
10591.278
10619.778
10751.889
10967.444
10978.111
11205.611
11176.833
10664.083
10715.417
10776.75
10188.917
10351.528
10101.472
9413.167
9381.056
9547.306
9774.806
9990.361
10018.861
10020.472
10081.806
10092.472
10224.583
10233.139
9253.162
9095.378
9305.108
9355.054
9155.324
9155.324
9165.703
9337.108
9491.946
8616.676
8627.054
8848.405
8856.73
8858.297
8880.243
8883.703
9041.432
8641.917
8766.917
8686.139
8686.139
8427.972
8291.806
8291.806
8353.139
8363.806
8591.306
8619.806
8835.361
8796.583
8655.583
8679.333
8733.556
8742.111
8817.944
8667.889
8638.333
8865.833
8638.333
8865.833
8638.333
8699.667
8927.167
9093.417
8507.028
8515.583
8313.162
8522.892
8533.27
8592.946
8721.486
8839.432
8879.73
8420.919
8290.054
8151.784
8153.351
8374.703
8402.432
8424.378
8634.108
8139.892
8361.243
8389.243
8416.973
8545.514
8605.189
8773.297
8856
8829.162
8473.405
8002.757
8052.703
7880.649
8102
8129.73
8318.111
8328.778
8390.111
8556.361
8783.861
8859.694
8882.25
8830.917
8371.111
8230.111
7876.806
7928.139
7970.917
8186.472
8443.139
8788.556
8849.889
9065.444
8968.5
8827.5
8634.111
8618.667
8699.444
8699.444
8543.861
8667.333
8689.889
8536.722
8588.056
8780.629
8815.743
8826.714
8962.6
8780.629
8682.514
8711.829
8577.257
8577.257
8588.229
8780.629
8539.314
8529.611
8645.083
8811.333
8812.944
8864.278
9091.778
9307.333
9318
9249.444
8982.556
5631.114
5694.2
5812.686
6034.4
6057.6
6291.6
5930.743
5960.057
5800.029
5927.114
5828.629
5881.429
5747.2
5758.171
5821.257
5819.6
5990.6
6161.6
6297.486
6519.2
6572
6573.657
6807.657
6830.857
7064.857
7075.829
7138.914
7168.229
7402.229
7573.229
7221.029
7442.743
7676.743
7695.086
7866.086
7867.743
7657
7584.2
7720.086
7231.314
7465.314
7168.229
7402.229
7623.943
7634.914
7805.914
7835.229
7836.886
7889.686
8025.571
7168.229
7179.2
7350.2
7584.2
7647.286
7612.171
7635.371
7688.171
7124.229
7134.514
7187.314
7168.971
7198.286
7421.314
6249.457
6483.457
6227.914
5548.971
5684.857
5747.943
5758.914
5992.914
6214.629
6385.629
6226.257
6066.229
6237.229
6266.543
6402.429
6500.543
6409.382
6263.529
6087.588
6227.471
6053.588
5937.588
6178.471
6406.706
6552.559
6481.441
6722.324
6746.206
6747.912
6574.029
6638.971
6459.485
6603.606
6747.727
6486.152
6025.273
6239.25
6271.313
6513.813
6769.75
6956.781
7029.645
7222.71
7183.065
7337.452
7182.161
7208.355
6956.548
7027.774
7029.645
7042.032
7101.645
7351.968
7505.387
7576.613
7840.806
7842.677
8035.742
7816.688
7885.594
7910.969
6308.097
6308.097
6309.968
6322.355
6196.903
5970.484
6030.097
6043.903
6236.097
6307.323
6319.71
6010.806
6043.903
6070.097
6043.903
6236.968
6501.161
5878.097
5890.484
5890.484
6043.903
5184.333
5218.533
5477.2
5550.8
5612.4
5885.4
6084.9
6086.833
6245.367
6245.367
5999.433
5950.033
5807.2
5663.633
5885.3
5958.9
5963.167
6221.833
6248.9
6310.5
6357.033
6458.7
6717.367
6916.867
7075.4
7102.467
7102.467
5730.667
5713.533
5872.067
5945.667
5936.733
6201.2
6229.7
6013.167
5959.033
5986.1
6077.1
6104.167
6132.667
6197.333
6146.8
5201
5011.767
5013.7
5026.5
4941.567
5100.1
5358.767
5385.833
5658.833
5732.433
6005.433
6177.867
6239.467
6398
6438.967
6487.3
6295.367
6295.367
6453.9
6653.4
6912.067
6985.667
7258.667
6355.967
5636.419
5674.484
5745.71
6009.903
6264.484
5551.419
5563.806
5596.903
5847.226
5918.452
5978.065
6242.258
6301.871
6494.935
6745.258
6771.452
6523
6502.484
6528.677
5974.613
5289.613
5539.935
5733
5759.194
5792.613
5863.839
5935.065
5968.161
6161.226
6173.613
6233.226
6266.323
6419.742
6405.871
6167.323
6181.194
6207.387
6217.323
6410.387
6091.484
5786.29
5788.161
5788.161
5792.29
5601.581
5698.484
5419.613
5445.806
5638.871
5792.29
5792.29
5818.484
5878.097
6071.161
6335.355
6585.677
6598.065
6751.484
6822.71
6855.806
6888.903
6901.29
7054.71
7114.323
7364.645
7557.71
7583.903
7536.097
7607.323
6615.484
6879.677
6255.839
6170.032
6196.226
5204.71
5217.097
5397.774
5399.645
5380.419
5295.323
5161.906
5310.531
4984.313
4864.364
4920.364
4987.273
5148.394
5215.303
5463.485
5698.636
5663.606
5807.727
5762.818
5793.909
6042.091
5873.156
5930.906
5942.906
5993.281
5936.281
5712.406
5714.219
5901.25
6049.875
6107.625
5989.594
6096.906
6295.094
6039.156
6013.469
5415.5
5309.625
5348.031
5496.656
5603.969
5846.469
5858.469
5916.219
5985.219
5149.813
4957.939
5013.939
5038.545
5264.364
5016.242
4975.273
4744.394
4800.394
4632.152
4813.515
4838.121
5026.606
4957.939
5139.303
5141.061
5165.667
5232.576
5376.697
5432.697
4525.152
4617.879
4853.03
4740.471
4794.824
4796.529
4972.559
4983.853
5123.735
5167.324
4932.735
4944.029
5032.382
5097.324
5099.029
5339.912
5515.941
5504.941
5115.676
4420.545
4487.455
4722.606
4753.697
4809.697
4811.455
4992.818
5241
5252.636
5029.061
5030.818
5212.182
5279.091
5423.212
5423.212
4059.333
4095.152
4083.515
4331.697
4028.242
4052.848
4028.242
4084.242
3963.091
3963.091
4144.455
4211.364
4355.485
4411.485
4085.125
4117.188
4085.125
3693.219
3750.969
3993.469
4062.469
4094.531
3957.906
3959.719
4058.406
4237.438
4239.25
4285.563
4297.563
4322.938
4233.125
4196.188
4253.938
4496.438
4528.063
3797.781
3946.406
4133.438
4202.438
4260.188
4285.563
4528.063
4585.813
4285.563
4352.75
4501.375
4559.125
4584.5
4586.313
4773.344
4343.313
4368.688
4380.688
4623.188
4810.219
4812.031
4881.031
4764.212
4764.212
4491.121
4739.303
4750.939
4806.939
4788.818
4765.97
4517.697
4584.606
4728.727
4764.212
3941.636
4085.758
4220.455
4468.636
4369.182
4413.545
4313.912
4325.206
4390.147
4444.5
4474.676
4631.618
4597.618
4582.5
4647.441
4823.471
5064.353
5204.235
5281.588
5107.706
5281.588
5305.471
4823.906
4835.906
4867.969
4936.969
4962.344
5147.563
4699.531
4848.156
4837.969
4497
4566
4808.5
4995.531
5251.469
5263.469
5295.531
4406.125
4648.625
4835.656
4837.469
4869.531
4881.531
5137.469
5286.094
5355.094
5542.125
5424.094
5436.094
5436.094
5692.031
5782.906
5784.719
5842.469
5867.344
5469.844
5481.844
5513.906
5756.406
5814.156
6001.094
5932.188
5934
5655.344
5387.156
5444.906
5456.906
5286.094
5355.094
5585.594
5617.656
5629.656
5885.594
6034.219
5954.594
5885.688
5355.094
5412.844
5655.344
5367.094
5367.094
5368.906
5368.906
5555.938
5796.625
5854.375
5879.75
5542.125
5599.875
5842.375
5796.063
5865.063
5828.938
5854.313
5949.938
5961.938
5931.344
5933.156
5965.219
6207.719
6463.656
6521.406
6020.968
6092.194
5915.613
5959.742
5805.563
5820.906
5822.719
5407.438
5476.438
5488.438
5744.375
5938.75
6087.375
6050.438
5755.563
5904.188
5936.25
5994
6063
6305.5
6330.875
5995.531
5629.313
5698.313
5403.969
5659.906
5902.406
6089.438
6121.5
5629.313
5599.063
5656.813
5688.875
5700.125
5689.065
5689.065
5424.871
5689.065
5716.645
5678.516
5680.387
5833.806
5423.194
5482.806
5495.194
5566.419
5816.742
5946.097
5972.29
6011.935
6071.548
4999.258
5087.323
5337.645
5100.613
5293.677
5364.903
5518.323
5530.71
5115.375
5090.969
5338.906
4737.219
4993.156
5025.219
5082.969
5082.969
5334.906
5098.969
5167.969
5355
5503.625
5759.563
5791.625
5793.438
5980.469
6050.969
6108.719
6140.781
6152.781
6396.719
5418.903
5378.935
5391.323
5010.161
5260.484
5331.71
5475.097
5476.968
5140.839
4689.29
4689.29
4574.813
4723.438
5002.063
5071.063
5258.094
5283.469
5295.469
5140.839
4222.548
4282.161
4308.355
4572.548
4822.871
4976.29
5003.871
5003.871
4966.581
4832.355
5025.419
5013.806
5278
5528.323
5681.742
5837.194
5119.677
5119.677
4785.839
4333.226
4486.645
4736.968
4796.581
4867.806
5132
4905.161
4976.387
5240.581
5300.194
4964
5085.839
5336.161
5600.355
5671.581
5731.194
4866.581
4892.774
4727.29
4798.516
4880.71
4913.806
4940
5133.065
5192.677
5194.548
5265.774
5529.968
5794.161
5343.452
5376.548
5569.613
5723.032
5350.032
5503.452
5529.968
5589.581
5700.355
5950.677
6143.742
6297.161
6323.355
5529.968
5542.355
5613.581
5646.677
5839.742
5865.935
6130.129
6189.742
6343.161
6345.032
6346.903
6392.742
6452.355
6509.613
6535.806
6800
6812.387
6870.129
6619.806
6647.387
6613.968
6767.387
6866.097
7059.161
7309.484
7573.677
7479.871
6746.097
6072.129
5920.581
5991.806
5589.871
5782.935
5842.548
6106.742
5895.226
4998.097
5048.71
5119.935
5177.194
5236.806
5189.581
4686.903
4655.677
4688.774
4881.839
4926.871
4926.871
5093.742
5153.355
5224.581
5488.774
5580.71
5251.344
5221.094
4926.871
5119.935
5121.806
5148
5207.613
5219.226
5219.226
5231.613
5264.71
5528.903
5148
5148
5207.613
4524.367
4797.367
4955.9
4772.233
4774.167
4774.167
4801.233
4661.167
4736.367
4736.367
4343.8
3793.933
3822.433
3897.367
3970.967
3874.097
3933.71
3993.323
4363.387
4430.161
4583.581
4776.645
5040.839
5067.032
5068.903
5081.29
5152.516
5212.129
5403.323
5210.258
5212.129
5271.742
5284.29
5355.516
5162.452
5355.516
5357.387
5162.452
5086.677
5350.871
5422.097
5481.71
5494.097
5495.968
5522.161
5561.806
5476.323
5535.161
5785.484
5845.097
5871.29
5834
5068.219
5070.031
5257.063
5257.063
4899.313
4931.375
4989.125
5245.063
5257.063
5095.406
5255.25
5257.063
5188.063
5257.063
5314.813
5307
5494.031
5126.313
5158.375
5414.313
5305.188
5409.75
5478.75
5254.875
5510.813
5536.188
5593.938
5605.938
5143.531
5257.063
5418.719
5526.031
5502.781
5526.344
5468.594
5617.219
5686.219
5873.25
5755.219
5757.031
5769.031
5423.5
5448.875
5475.594
5390.656
5646.594
5390.656
5459.656
5646.688
5148.094
5160.094
5416.031
5485.031
5542.781
5785.281
5946.938
5459.656
5386.688
5412.063
5599.094
5784.219
5796.219
5757.813
5849.719
5446.969
5515.969
5573.719
5599.094
5599.094
5640.813
5883.313
6031.938
6043.938
6230.969
6263.031
6104.333
6192.879
6000.697
6011.606
6259.788
6228.697
6295.606
6476.97
6284.697
6428.818
6495.727
6520.333
6701.697
6703.455
6442.303
6466.909
6533.818
6782
6926.121
6678.879
6860.242
6849.333
6276.219
6518.719
6587.719
6774.75
6806.813
6294.156
6287.469
6490.29
6683.355
6191.774
6193.645
6226.742
6490.935
6562.161
6715.581
6463.774
6490.29
6683.355
6716.452
6776.065
6929.484
6931.355
6943.742
7014.968
7208.032
7472.226
7722.548
7458.258
7529.484
7793.677
7793.677
7986.742
7276.774
7278.645
7349.871
7503.29
7562.903
7589.097
7326.25
7513.281
7769.219
7781.219
7929.844
8172.344
8359.375
8172.344
8428.281
7569.5
7594.875
7596.688
7640.313
7731.188
7918.219
7916.406
8172.344
8054.313
8202.938
7959.938
7984.844
8010.219
8012.031
7634.188
7606.125
7754.75
8010.688
8253.188
7571.719
7795.594
8038.094
8107.094
8139.156
8151.156
8176.531
8363.563
8375.563
8377.375
8402.75
8658.688
8807.313
8839.375
9087.313
9156.313
9161.938
8747.375
8475.031
8730.969
8799.969
8803.969
8797.781
8880.656
8394.625
8404.25
8168.281
8392.156
8217.125
8242.5
8429.531
8215.406
8402.438
8427.813
8532.188
8372.313
8308.531
8305.656
8307.469
8303.469
8452.094
8464.094
8548.719
8791.219
8620.594
8209.091
8242.788
8267.394
8583.121
8542.515
8475.697
8421.455
8233.273
8244.909
8389.03
8606.121
8383.176
8236.912
8301.853
8317.294
7925.441
7925.441
8101.471
8065.324
8051.029
8074.912
8166.882
8153.029
7936.029
8164.265
8405.147
8230.5
8231.853
8296.794
8298.5
8460.265
8055.529
8195.412
8196.265
8174.853
8198.294
8204.118
8445
8509.941
8521.235
8522.941
8546.824
8601.176
8731.912
8262.824
8286.706
8295.765
8505.176
8681.206
8462.486
8490.6
8034.457
8022.086
8157.971
8176.314
8347.314
8358.286
8445.714
8288.294
7881.824
7905.706
7930.853
7728.412
7868.294
7753.147
7981.382
7587.794
7652.735
7664.029
7904.912
8145.794
8157.088
8180.971
8206.118
7869.629
8005.514
8176.514
8199.714
8201.371
8176.914
8240
8016.2
8056
8277.714
8066.971
8174.886
7942.543
7965.743
8016.2
8031.2
8265.2
8171.429
8138.4
8360.114
8085.771
8256.771
8286.086
8421.971
8643.686
8877.686
7755.824
7527.206
7581.559
7605.441
7607.147
7617.735
7858.618
7998.5
7974.912
7692.559
7933.441
7890.382
7920.559
7489.941
7501.235
7677.265
7918.147
8146.382
8286.265
8503.265
8176.059
8141.294
8482.273
8506.879
8518.515
8574.515
8718.636
8738.879
7477.242
7725.424
7906.788
7425.848
7451.758
6449.545
6630.909
6469
6704.152
6324.879
6469
6189.636
6371
6402.091
6390.515
6534.636
6769.788
6729.094
6971.594
7003.656
6722.75
6734.75
6921.781
6921.781
6933.781
7189.719
7246.625
7315.625
7125.03
7360.182
7359.688
7348.438
7247.469
7164.281
7420.219
7477.969
7665
7677
7746
7933.031
8081.656
8289.469
8301.469
8326.844
8336.469
8177.969
8054.188
7998.719
8241.219
8389.844
8145.906
8177.969
8406.719
8597.313
8629.375
8173.688
8360.719
8386.094
8398.094
8295.531
8338.281
8594.219
8615.625
8802.656
8546.719
8546.719
8604.469
8860.406
8743.906
8547.25
8549.063
8695.875
8882.906
8803.281
9045.781
8802.758
8814.394
9062.576
8499.273
8536.515
8671.212
8527.394
8306.765
8445
8184.441
8425.324
8425.324
8666.206
8677.5
8664.853
8612.647
8285.441
8287.147
8031.176
8171.059
7966.324
8020.676
8044.559
8109.5
8305.088
7999.265
8240.147
8294.5
8324.676
8281.618
7679.706
7734.059
7910.088
7921.382
7664.242
7585.788
7820.939
7832.576
7888.576
8136.758
7695.333
7132.03
7097
7231.697
7472.121
7563.152
7619.152
7342.909
7274.273
7341.182
7365.788
7367.545
7348.091
7520.121
7664.242
7845.606
7912.515
7664.242
7290.697
7315.303
7317.061
7363.727
7611.909
7793.273
7318.606
7281.364
7293
7474.364
7505.455
7649.576
7884.727
7281.364
7516.515
7660.636
7691.727
7703.364
7683.97
7402.152
7246.406
7521.903
7786.097
7857.323
7869.71
7871.581
7897.774
7907.71
7001.226
6732.903
6664.129
6723.742
6794.968
7045.29
7078.387
7259.065
7271.452
7271.452
7424.871
7059.161
7118.774
7369.097
7562.161
7238.355
7032.903
7045.29
7104.903
7369.097
6745.29
6771.484
6901.484
6972.71
7236.903
7270
7097.968
7110.355
7303.419
7305.29
6866.194
6915.871
7108.935
6844.645
6915.871
6928.258
6829
6758.839
6783.161
6785.032
6844.645
5997.774
5999.645
5844.219
5856.219
6043.25
6101
6170
6195.375
5941.25
6052.5
6064.5
5984.781
5893.063
5962.063
6137.094
6137.094
5893.156
5925.219
6073.844
6073.844
6085.844
6272.875
6298.25
6356
6598.5
6508.688
6566.438
6566.438
6598.5
6598.5
6374.625
6630.563
6156.969
6399.469
6586.5
6598.5
6785.531
6843.281
6721.75
6707.938
6776.938
6788.938
6790.75
6816.125
6507.625
6509.438
6521.438
5808.906
6064.844
6203.75
6112.438
5816.25
5874
6129.938
6316.969
5820.906
5995.938
5926.188
5983.938
5987.938
6182.313
5741.094
5767.813
6010.313
5875.375
5960.688
6029.688
6039.313
6064.688
6064.688
6158.563
5867
6002.938
5991.25
6000.875
6144.906
6026.875
6282.813
6294.813
6046.938
6233.969
6291.719
6130.063
6131.875
6143.875
6212.875
6308.5
6402.125
6197.813
6440.313
6627.344
6775.969
6801.344
6698.281
6574.781
6578.781
6717.688
6545.212
6571.063
6719.688
6975.625
6671.563
6914.063
6639.188
6787.813
6974.844
7230.781
7299.781
7197.219
6559.375
6559.375
6391.697
6447.697
6457.576
6360.606
6404.97
6416.606
6447.697
6695.879
6360.606
6243.182
6051
6064.03
6299.182
6323.788
6449.152
6516.061
6582.97
6594.606
6738.727
6740.485
6975.636
7223.818
7248.424
6513.848
6513.848
6762.03
5470.121
5169.242
5417.424
5652.576
5833.939
5718.303
5718.303
5897.455
5964.364
6212.545
6393.909
6538.03
6562.636
6574.273
6630.273
6632.03
6404.606
6652.788
6834.152
6858.758
7082.333
6834.152
7069.303
7093.909
7095.667
7162.576
7174.212
7318.333
7499.697
7309.294
7550.176
7561.471
7483.529
5957.618
5718.088
5958.971
6187.206
6363.235
5957.618
5901.029
6077.059
6227.941
5814.618
5868.971
6097.206
6338.088
6008.853
6020.147
5956.912
6161.265
6226.206
6110.206
5758.794
5760.5
5814.853
5845.029
5984.912
6039.265
6040.971
6105.912
6129.794
6159.971
6400.853
6576.882
5573.147
5214.618
5442.853
5659.853
5596.618
5620.5
5685.441
5696.735
5720.912
5961.794
6026.735
5750.382
5926.324
5991.265
6021.441
6045.324
5741.206
5917.235
5599.912
5739.794
4998.5
5028.971
5052.853
5064.147
5204.029
5380.059
4974.618
4547.118
4556.706
4547.118
4547.118
4436.706
4677.588
4817.471
4811.176
4841.353
4513.353
4567.706
4492.765
4522.941
4698.971
4710.265
4492.765
4414.471
4379.909
4435.909
4447.545
4628.909
4773.03
4954.394
4909.485
4965.485
5153.97
5010.152
5102.879
4982.971
5047.912
5059.206
5117.147
5171.5
5347.529
5605.121
5501.061
5682.424
5930.606
6165.758
6232.667
6244.303
5524.515
5549.121
5605.121
4852.848
4996.97
4827.242
5075.424
5310.576
5366.576
5547.939
5614.848
5166.182
4556.697
4791.848
5040.03
5051.667
5195.788
5260.939
5411.212
5257.515
5266.848
4660.606
4908.788
4975.697
5006.788
5031.697
4819.625
4806.25
4746.688
4792.438
4794.25
4897.563
5153.5
5050.938
5145.781
5388.281
5457.281
5436.03
5332.667
5086.242
4918
4942.606
5123.97
5359.121
5415.121
5446.212
5694.394
5750.394
5894.515
5925.606
6106.97
5466.121
5477.758
5479.515
5459.242
5694.394
4729.818
4749.273
4773.879
4865.625
5052.656
5295.156
4807.875
4865.625
4877.625
4923.375
4935.375
5177.875
4992.281
5179.313
4877.625
4935.375
4937.188
4969.25
4891
4620.938
4807.875
4819.875
4877.625
4877.625
5121.563
5364.063
5389.438
5391.25
5423.313
5571.938
5640.938
5698.688
4698.656
4730.719
4740.344
4742.156
4504.281
4652.906
4597.438
4622.813
4632.438
4826.813
4556.969
4582.344
4614.406
4614.406
4844.906
4856.906
5043.938
5160.969
4941.156
4698.656
4173.031
4242.031
4243.844
4499.781
4376.531
4619.031
4698.656
4698.656
4883.406
5070.438
5034.313
5043.938
4856.906
4943.935
5208.129
5279.355
5529.677
5555.871
5615.484
5362.903
5627.097
5660.194
5719.806
5615.484
5627.871
5660.968
5687.161
5951.355
6022.581
6272.903
6426.323
6485.935
6679
6724.355
6757.452
6666.613
6679
6750.226
6776.419
7026.742
7059.839
6535.323
6594.935
6596.806
6861
6750.226
6616.774
6629.161
6655.355
6468.516
6718.839
6933.355
7118.161
6927.781
6996.781
7239.281
7495.219
7643.844
7712.844
7724.031
7488.094
7643.063
7420.938
7569.563
7569.563
7812.063
7837.438
7652.688
7825.5
7638.563
7569.563
7510
7511.813
7523.813
7581.563
6976
7008.063
7033.438
6826.344
7070.281
7257.313
7490.188
7502.188
7559.938
6979.594
6922.594
6735.656
6858.906
6616.406
6685.406
6743.156
6351.469
6376.844
6584.656
6616.719
6872.656
6874.469
6932.219
6406.281
6464.031
6476.031
6290.531
6302.531
6302.531
6360.281
6385.656
6155.094
6342.125
6411.125
6572.781
6828.719
7071.219
7071.219
6608.813
6864.75
6862.469
7011.094
7198.125
7440.625
7498.375
7255.875
7488.75
7675.781
7701.156
7758.906
7827.906
8035.719
8067.781
8067.781
8069.594
8256.625
8180.188
8189.813
8338.438
8407.438
8554.25
8612
8624
8693
8880.031
9135.969
9378.469
9410.531
9533.781
9084.75
8844.625
8902.375
8971.375
8602.531
8858.469
9100.969
9126.344
9158.406
8602.375
8033.438
8218.188
8287.188
8289
8384.625
8161.636
8186.242
8197.576
7882.485
8130.667
8197.576
7622.455
7634.091
7658.697
7802.818
7858.818
7889.909
7956.818
8138.182
8194.182
8429.333
8573.455
8821.636
8888.545
8567.242
8711.364
8591.848
8546.939
8572.848
8597.455
8832.606
8653.455
8607.879
8743.091
8810
8743.879
8728.303
8909.667
8934.273
8480.121
8027.061
8231.121
8237.606
8175.424
7752.636
7819.545
7831.182
7887.182
8031.303
7312.727
7141.03
7165.636
6413.818
6436.667
5965.424
6146.788
6213.697
6357.818
6606
6662
6728.909
6873.03
7108.182
7132.788
7314.152
7562.333
7698.697
7544.879
7570.788
7580.121
7604.727
7598.727
7665.636
8078.688
8104.063
8105.875
8117.875
8192.188
8261.188
8259.03
8257
8447.294
8675.529
8740.471
8759
8797.294
8580.294
8720.176
8556.882
8797.765
9026
9049.882
9051.588
9062.882
9202.765
8785.118
8839.471
8803.324
8805.029
8828.912
9004.941
8744.059
8883.941
8472.206
8612.088
8155.147
8090.294
8318.529
8383.471
8437.824
7839.324
8154.091
8333.242
8129.485
8154.091
8402.273
8040.606
8288.788
8355.697
8211.879
8347.485
8193.788
8001.606
7835.424
7891.424
7958.333
8206.515
8441.667
8623.03
7810.818
7835.424
7893.545
7872.212
7939.121
7952.091
7720.455
7440.394
7557.061
7478
7229.818
7411.182
7599.667
7743.788
7769.697
7265.061
7296.152
7440.273
7399.848
7410.758
7257.061
7281.667
7032.939
6898.152
6922.758
7104.121
6853.152
6662.879
7051.909
7287.061
7431.182
7431.182
7455.788
7511.788
7746.939
7748.697
7892.818
7690.853
7714.735
7830.735
7690.853
7830.735
7755.794
7906.676
7961.029
7991.206
8083.206
8059.324
8059.324
8199.206
8440.088
8505.029
8451.382
8083.206
7624.206
7472.059
7611.941
7787.971
7797.029
7764.382
7947.324
7521.882
7411.735
7229.286
7252.486
7486.486
7549.571
7866.829
7898.6
7921.8
7951.114
8124.6
8128.257
8354.943
8200.6
7850.943
7743.029
7628.371
7637.171
7637.171
7296.8
7432.686
7549.229
7612.314
7635.514
7635.514
6457.943
6428.343
6481.143
6457.943
6481.143
6322.057
6457.943
6457.943
5873.257
6009.143
6388.057
6451.143
6462.114
6514.914
6514.914
6209.686
6186.2
6187.857
6323.743
6557.743
6580.943
6468.257
6604.143
6557.743
6580.943
6814.943
6346.943
6517.943
6580.943
6421.571
6445.057
6580.943
6633.743
6855.457
6884.771
7020.657
6579.286
6580.943
6716.829
6746.143
6769.343
6991.057
7162.057
6993.143
7227.143
7448.857
7383.829
7617.829
7290.743
7301.714
7331.029
7383.829
7554.829
6949.2
6972.4
6930.057
6941.029
7065.943
7445.471
7510.412
7510.412
7534.294
7674.176
7510.412
7510.412
7521.706
7576.059
7641
7780.882
7956.912
7980.794
8209.029
8165.441
7125.735
7301.765
7356.118
7597
7736.882
7748.176
7749.882
7773.765
7797.647
7773.765
7889.765
7773.765
8002
8096.588
7981.853
7601.471
7631.941
7631.941
7282.353
7336.706
7360.588
7601.471
7401.559
7577.588
7588.882
7829.765
7894.706
7875.059
8051.088
7151.382
7205.735
7291.265
7057.971
7026.088
7026.088
7056.265
7270.091
6789
6845
6804
6769.515
6733.667
6870.03
7268.594
7081.656
7156.677
7156.677
7248.032
7053.594
7065.594
7152.125
7408.063
7433.438
7208.656
7034.906
7022.906
7034.906
6860.906
6872.156
7128.094
7185.844
7084.781
7084.781
7096.781
6841.875
6990.5
7233
7258.375
7076
6645.844
6714.844
6668.531
6726.281
6886.594
7130.531
7155.906
6911.969
7000.219
6876.969
7025.594
6876.969
7025.594
7081.531
7106.906
7108.719
7120.719
7189.719
7445.656
7147.125
6878.781
6890.781
7039.406
7071.469
7129.219
7198.219
7385.25
7410.625
7653.125
7897.063
7653.125
7653.125
7909.063
7627.75
7653.125
7776.375
7653.125
7405.969
7432.688
7501.688
7178.563
7365.594
7377.594
7620.094
7768.719
7837.719
8093.656
8151.406
8176.781
8208.844
8234.219
8490.156
8557.344
7988.656
8000.656
7898.094
8046.719
8056.344
8048.344
7748.455
7265.939
7297.03
7478.394
7622.515
7833.061
7844.697
7844.697
7875.788
8123.97
8135.606
7844.697
8092.879
8237
8268.091
8449.455
8461.091
8696.242
8698
8754
8785.091
8809.697
9044.848
9188.97
9333.091
9213.576
9221.758
9365.879
8762.424
8534.882
8558.765
8712.029
8735.912
8800.853
8855.206
8866.5
9094.735
9227.088
9121.147
8201.676
8212.971
8277.912
8453.941
8694.824
8923.059
8668.114
8720.914
8191.457
8180.486
8351.486
8487.371
7810.971
7863.771
7926.857
7880.171
7817.171
8051.171
7981.971
8203.686
8214.657
8252.886
8474.6
8527.4
8663.286
8664.943
8835.943
8658.829
8242.694
7986.472
8118.583
8284.833
8346.167
8573.667
8579.611
8795.167
8673.722
8735.056
8786.389
8808.944
8941.056
9107.306
9322.861
9550.361
9611.694
9827.25
10054.75
10221
10353.111
10375.667
10343.556
10345.167
10353.722
10021.306
10035.806
10159.278
10210.611
9721.861
9949.361
10164.917
10297.028
10319.583
10353.722
10376.278
10552.444
10718.694
10780.028
10699.25
10558.4
10694.286
10660.514
10871.257
10756.114
10791.229
10844.029
10979.914
10703.417
10930.917
10890.25
10918.75
11134.306
11333.306
11394.639
11560.889
10985.722
11117.833
11146.333
11361.889
11307.083
10767.306
10791.056
10527.135
10655.676
10814.865
10896.568
10924.297
10924.297
10965.919
11025.595
11075.541
11274.946
10917.514
11127.243
10975.865
11104.405
10916.622
10944.351
10965.838
11175.568
11304.108
11465.865
11254.892
10976.297
10998.243
11025.973
11207.973
11235.703
11364.243
11365.811
11377.432
11235.757
11285.703
11335.649
11357.595
11309.216
11518.946
11578.622
11788.351
11699.649
11721.595
11690.351
11718.081
11872.919
11685.135
11582.622
11803.973
11965.73
12094.27
12144.216
12144.216
11932.595
11934.162
12143.892
12365.243
12392.973
12442.919
12571.459
12581.838
12743.595
12201.189
12362.946
12491.486
12541.432
12751.162
12879.703
12981.784
13003.73
12430.243
12489.919
12491.486
12271.378
12481.108
12491.486
12620.027
12641.973
12803.73
13025.081
13075.027
12691.486
12541.432
12574.189
12617.216
12676.892
12797.027
13006.757
12925.568
12332.73
12326.946
11939.974
11998.079
12038.605
12065.605
12075.711
12070.216
12179.973
12253.757
12463.486
12485.432
12647.189
12674.919
12724.865
12946.216
13005.892
13203.73
13231.459
13110.919
13112.486
13134.432
12983.946
12664.595
12874.324
12913.892
12924.27
12983.946
13005.892
13065.568
12958.973
12833.324
12861.054
12909.027
13037.568
12988.27
12989.838
13016.27
13428.5
13479.833
13090.194
13317.694
13449.806
13616.056
13568.722
12702.75
12918.306
12435.222
12447.167
12613.417
12674.75
12806.861
12901.111
13128.611
13189.944
12480.194
12490.861
12542.194
12570.694
12593.25
12808.806
12884.472
12100.778
12328.278
12494.528
12545.861
12321.972
12454.083
12482.583
12482.583
12350.472
11970.278
12136.528
12364.028
12415.361
12476.694
12692.25
12376.946
12387.324
12515.865
12015.838
12026.216
12015.838
12225.568
12354.108
12377.216
12427.811
12649.162
12676.892
12687.27
12737.216
12526.243
12688
12715.73
12844.27
13054
12515.865
11942.378
11964.324
12014.27
12073.946
12295.297
12297.757
11576.378
11604.108
11637.243
11659.189
11820.946
11597.892
11469.622
11529.297
11309.189
11437.73
11659.081
11358.054
11267.135
10997.632
11019
11077.105
11281.316
11158.105
11373.632
11386.216
11307.622
11517.351
11577.027
11738.784
11753.833
11755.444
11757.056
11575.639
11636.972
11688.306
11698.972
11914.528
11741.444
11764
11735.222
11950.778
12117.028
12143.917
12145.528
12206.861
12258.194
11712.667
11517.056
11268.528
11279.194
11484.083
11535.417
11539.444
11671.556
11690.111
11712.667
10808.306
10543.919
10753.649
10635.486
10498.135
10535.865
10757.216
10758.784
10780.73
10780.73
10729.486
10757.216
10739.865
10546.243
10755.973
10884.514
10805.919
10865.595
11027.351
11028.919
10807.162
9794.676
9822.405
10032.135
10042.514
10065.622
10108.486
10179.297
10189.676
10211.622
10191.514
10251.189
9803.189
9824
9624.378
9752.919
9962.649
9225.378
9448.139
9397.472
9458.806
9458.806
9436.25
9651.806
9674.361
9679.194
9802.667
9565.459
9694
9903.73
9914.108
9398.676
9527.216
9586.892
9748.649
9770.595
9772.162
9122.838
9133.216
8517.405
8358.108
8567.838
8358.108
8417.784
8439.73
8489.676
8129.676
8344.108
8345.676
8355.405
8405.351
8288.946
8322.162
8344.108
8338.757
8138.757
7974.595
7791.737
7916.895
7927
8084.5
8103.158
8124.526
8126.053
8153.053
8201.053
8405.263
8415.368
8540.526
8756.053
8756.053
8587.632
8182.632
8398.158
8324.368
8042.184
8199.684
8201.211
8228.211
8286.316
8334.947
8356.316
8231.421
8445.421
8301.579
8144.158
8154.263
8202.895
8018.872
8018.872
8228.872
8028.718
7196.846
7318.795
7472.256
7493.077
7494.564
7320.282
7603.289
7661.395
7710.026
7731.395
7758.395
7687.054
7749.189
7749.189
7776.919
7998.27
7925.432
7935.811
7748.027
7758.405
7726.081
7726.081
7726.081
7753.811
7975.162
7997.108
7998.676
8127.216
7748.027
7969.378
8097.919
8099.486
8261.243
8269.568
8329.243
8137.053
7913.421
8128.947
8155.947
8166.053
8214.684
7663.711
7867.921
7878.026
8035.526
8150.579
7967.897
8177.897
8187.744
8151.59
7981.256
7572.744
7369.077
7522.538
7579.154
7599.974
7682.436
7721.923
7624.026
7648.846
7705.462
7752.846
7630.897
7502.077
7701.051
7671.41
7718.179
7550.875
7571.175
7492.225
7696.975
7815.875
7407.2
7483.7
7380.275
7206.575
7252.775
7294.725
7349.925
7499.55
7501
6693.85
6762.625
6956.625
7002.825
6857.049
6973.049
6947.78
7001.634
7011
7200.268
7225.293
7279.146
7298.951
7498.707
7644.683
7760.683
7770.049
7771.463
7626.902
7742.902
7742.902
7888.878
7706.143
7758.714
7952.333
7610.857
7771.19
7741.929
7884.429
7742.714
7762.048
7771.463
7791.268
7937.244
7991.098
8107.098
8152.171
7845.122
7780.829
7896.829
8096.585
7966.268
8112.244
8301.512
8170
8190.821
8192.308
8248.923
8402.385
8115.667
7894
7941.385
8140.359
7539.872
7293.718
7440.395
7275.923
7485.923
7135.923
7192.462
7039.077
7192.462
6987.359
7186.333
7233.718
7355.667
7365.513
7391.821
7344.436
6590.59
6592.077
6745.538
6944.513
6991.897
7201.897
7323.846
7166.4
7221.6
7237.65
7257.95
7376.85
7570.85
7572.3
7691.2
7895.95
7674.525
7879.275
7193.15
7177.1
7232.3
7257.95
7278.25
7231.2
7107.225
7108.675
7247.175
7293.375
7443
7637
7718.462
7775.077
6151.658
6117.789
6175.895
6186
6401.526
6440.053
6399.526
6266.053
6286.316
6190.842
6395.053
6405.158
6337.079
6298.079
6339.974
6622.974
6633.079
6837.289
6442.053
6500.158
6103.59
5826.667
5428.538
5485.154
5505.974
5627.923
5826.897
6036.897
6046.744
6200.205
6200.205
6399.179
6333.846
6487.308
6016.641
5985.128
5988.41
6008.154
6014.564
5096.538
4802.128
4695.436
4752.051
4705.282
4731.59
4930.564
5140.564
5294.026
5341.41
5084.641
5492.784
5520.514
5580.189
5418.432
5580.189
4711.081
4733.027
4741.351
4921.081
4944.189
4967.297
4960.378
4955.027
4975.405
4983.73
4614.486
4487.8
4708.686
4930.4
4919.429
4982.514
5187.2
5198.171
5199.829
5370.829
5506.714
4847.176
4877.353
4901.235
4902.941
5042.824
4847.176
4562.676
4738.706
4966.941
4653.176
4868.912
5044.941
4979.471
4958.147
5103.853
5127.735
5303.765
5532
5596.941
5606
5679.829
5071.343
5242.343
5476.343
5624
5758.229
5787.543
5798.514
5861.6
5914.4
5943.714
5954.686
6188.686
6190.343
6243.143
6266.343
6488.057
6517.371
6688.371
6699.343
6835.229
7069.229
7290.943
7524.943
7588.029
7640.829
7185.114
7072.429
7389.382
7505.382
7733.618
7557.676
7492.735
7393.824
7417.706
7593.735
7733.618
7013.059
7078
6720.676
6745.735
6823.088
6846.971
6979.324
7001.971
6992.382
7233.265
7287.618
7298.912
7329.088
7394.029
6988.794
7164.824
7166.529
7220.882
7261.853
7140.941
7381.824
7448.758
7592.879
7766.485
7715.091
7724.424
7794.121
7861.03
7073.424
7321.606
7346.212
7043.576
7187.697
7369.061
7604.212
7852.394
7919.303
7994.758
8126.061
8343.152
8399.152
8580.515
8592.152
8171.606
8406.758
8473.667
8436.939
8459.788
8707.97
8709.727
8891.091
8629.121
8685.121
8685.121
8752.03
8685.212
8709.818
8461.545
8351.606
8382.697
8564.061
8630.97
8722
8223.848
8248.455
8427.606
8644.697
8826.061
9061.212
9072.848
9027.939
9094.848
9071.879
8193.121
8217.727
6787.03
6811.636
6831.091
6928.545
7163.697
7128.667
7376.848
6562.848
6587.455
6768.818
6770.576
6974
6772.485
6774.242
6798.848
7019.364
7031
7279.182
7512.576
7760.758
7760.758
7242.939
7298.939
7254.576
7279.182
7138.636
6958.853
6970.147
7203.853
7268.794
7092.765
7268.794
7268.794
6982.618
7072.618
7283.324
7414.059
7642.294
7556.353
7369.771
7377.114
7286.886
7335
7124.2
6827.114
7061.114
7062.771
7061.114
7072.086
7101.4
7323.114
7386.2
6774.314
7008.314
7061.114
7295.114
7084.314
6102.657
6125.857
6127.514
6298.514
6532.514
6680.314
6680.314
6532.514
6532.514
6532.514
6359.857
6530.857
6532.514
6509.314
6532.514
6416.714
6416.714
6478.057
6530.857
6532.514
6532.514
6766.514
6988.229
7159.229
7126.2
6488.514
6622.743
6424.229
6425.886
6436.857
6471.971
6501.286
6559.4
6611.514
6528.471
6539.765
6768
6791.882
6782.294
6812.765
6876
7021.853
6433.441
6674.324
6704.5
6530.176
6554.059
6704.5
5680.618
5691.912
5661.029
5596.088
5626.265
5548.576
5796.758
5796.758
5796.758
5520
5768.182
5912.303
5936.909
5992.909
6004.545
5858.118
5923.059
6099.088
6129.265
6044.735
6044.735
6099.088
5839.441
5863.324
6046.265
6070.147
6220.588
6046.265
5805.382
5873.514
6107.514
6136.829
6189.629
6200.6
6263.686
6293
6294.657
6305.629
6358.429
6360.086
6506.657
6529.857
6665.743
6887.457
7121.457
7292.457
7321.771
6505
6494.029
6505
6676
6699.2
6505
6271
6505
6528.2
6505
6640.886
6862.6
6873.571
7037.257
6870.278
6767.361
6172.667
6304.778
6327.333
6554.833
6583.333
6786.611
6541.194
6315.306
6133.889
6361.389
6422.722
6371.389
6537.556
6548.222
6093.222
6309.143
6338.457
6338.457
6349.429
6320.114
5552.714
5786.714
5575.914
5809.914
5849.8
5902.6
5913.571
5936.771
5989.571
6211.286
6106.371
5901.686
5964.771
6198.771
6432.771
6462.086
6655.8
6666.771
5352.4
5403.543
5403.543
5414.514
5604.514
5477.333
5478.944
4376.806
4604.306
4450.083
4460.75
4489.25
4704.806
4694.806
4376.806
4604.306
4626.861
4854.361
4915.694
4967.028
4968.639
4997.139
5129.25
5344.806
5088.806
5117.306
5168.639
5170.25
5180.917
5497.514
5508.486
5679.486
5815.371
6037.086
6271.086
5526.829
5315.629
5338.829
5340.486
5511.486
5564.286
5700.171
5648.057
5882.057
5882.057
5814.176
5867.824
5691.882
5703.176
5733.353
5798.206
5539.5
5426.735
5481.088
5195.029
5106.676
5021.147
4982.824
4993.412
5109.412
4892.412
4898.382
4922.265
4923.971
4868.088
4903.735
4958.088
4969.382
4963.559
4757.441
4998.324
4963.559
4840.086
4954.2
5007
5036.314
5037.971
5008.371
5061.171
5072.143
5101.457
5335.457
5533.971
5037.971
5039.629
4891.829
5062.829
5115.629
4902.086
5037.971
5048.543
4879.629
4881.286
5115.286
5337
5132.314
5061.171
4236.743
4266.057
4289.257
4352.343
4185.412
4426.294
4174.647
4229
4240.294
4270.471
4511.353
4535.235
4587.882
4424.848
4491.758
4673.121
4792.636
4794.394
4819
4581.636
4635.879
4547.758
4559.394
4590.485
4657.394
4905.576
4522.848
4578.848
4580.606
4491.758
3517.303
3698.576
3765.485
3671.182
3852.545
3702.576
3846.697
3913.606
3915.364
3656.273
3401.667
3413.303
3480.212
3504.818
3549.182
3797.364
4032.515
3636.818
3550.879
3575.485
3606.576
3854.758
3910.758
3977.667
3979.424
3492.697
3559.606
3561.364
3404.606
3585.97
3730.091
3492.697
3418.636
3450.03
3685.182
3696.818
3727.909
3468.091
3492.697
3512.152
3513.909
3525.545
3581.545
3461.303
3492.394
3727.545
3683.061
3694.697
3444.273
3446.03
3162.061
3410.242
3441.333
3443.091
3624.455
3605
3636.091
3703
3691.364
3691.364
3624.455
3859.606
3915.606
3927.242
4072.758
4097.364
3577.788
2819.182
2850.273
2917.182
2926.515
2928.273
3176.455
3398.969
3593.344
3178.594
3247.594
3503.531
3561.281
3593.344
3849.281
3861.281
3861.281
3895.969
3953.719
3965.719
4221.656
3884.031
3909.406
3919.594
3921.406
3925.469
3957.531
3969.531
4225.469
3428.531
3440.531
3428.531
3497.531
3555.281
3703.906
3890.938
3916.313
3870
3882
3893.563
3918.938
4174.875
3883.438
3837.688
4080.188
4137.938
3870
3882
3883.813
4070.844
4069.031
4217.656
3882
3582
3837.938
3906.938
3849.938
3882
3709.688
3713.688
3969.625
3996.344
4096.844
4122.219
4191.219
4200.844
4261.469
4030.969
4261.531
4319.281
4561.781
4529.406
4531.219
4273.469
4517.406
4527.031
4665.938
4586.719
4287.156
4288.969
4292.969
4361.969
4245.406
4257.406
4227.156
4283.094
4687.281
4272.719
4290.094
4198.281
4172.906
4071.188
4131.813
4158.531
4088.515
4175.788
4187.424
4218.515
4466.697
4533.606
3417.455
3304.727
3448.848
3684
3865.364
3932.273
3956.879
3845.606
4093.788
4282.273
4426.394
4493.303
4495.061
4519.667
3945.333
4126.697
4022.636
4047.242
4228.515
4463.667
4519.667
4663.788
4688.394
4700.03
4701.788
4624.576
4872.758
4625.394
4760.091
4567.909
4803.061
4984.424
4986.182
5010.788
5041.879
5290.061
5356.97
5366.303
5238.647
5378.529
5554.559
5578.441
5806.676
6047.559
6112.5
6340.735
6581.618
6646.559
6048.382
6072.265
6248.294
6212.147
6386.029
6422.088
6487.029
6510.912
6512.618
6523.912
6663.794
6297.676
6267.206
6508.088
6684.118
6912.353
6977.294
6157.794
6061.971
6071.029
5926.886
5937.857
5967.171
5968.829
6202.829
6373.829
5981.857
5835.286
5864.6
6091.286
6154.371
5954.088
6182.324
6107.382
5843.971
5802.912
5942.794
5954.088
5954.088
5049.765
5061.059
4807.912
4947.794
5188.676
5253.618
5264.912
5266.618
5290.5
5466.529
5347.765
5523.794
5435.441
5426.206
5250.265
5254.029
5311.088
5305.265
5329.147
5357.206
5040.088
5051.382
5081.559
5322.441
5322.441
5212.324
5025.794
5027.5
5268.382
5292.265
5258.265
4769.382
4399.912
4197.588
4272.529
4296.412
4537.294
4591.647
4767.676
4717.088
4688.618
4705.794
4760.147
4936.176
5001.118
5141
5195.353
5436.235
5460.118
5461.824
5492
5493.706
5523.882
5547.765
5687.647
5742
5872.735
5897.882
5681.353
5775.941
6009.294
6039.471
5600.176
5841.059
5842.765
5938.853
5897.794
5909.088
6037.676
5861.735
5776.206
5787.5
5651.457
5546.6
5609.686
5633.171
4974.457
5110.343
5139.657
5162.857
5396.857
5567.857
5653.686
5655.343
5791.229
6025.229
5979.571
5557.171
5431.306
5453.861
5620.111
5520.389
5503.778
5514.444
5231.378
5358.459
5497.108
5718.459
5778.135
5486.73
5397.108
5126.081
5127.649
5155.378
5215.054
5376.73
5347.162
5258.459
5169.486
5205.056
5432.556
5443.222
5444.833
5467.389
5572.306
5404.528
5569.167
5597.667
5620.222
5363.583
5495.694
5547.028
5216.806
5383.056
5444.389
4919.444
4970.778
4993.333
4994.944
5056.278
4661.75
4621.083
4753.194
4145.889
4373.389
4401.889
4453.222
4463.889
4369.943
4380.914
4614.914
4287.829
4317.143
3609.943
3843.943
3867.143
4088.857
4099.143
4235.029
4264.343
4317.143
4275.314
4298.514
4298.514
3905.714
4041.6
4043.257
4277.257
4340.343
4488.143
4511.343
4306.171
4317.143
4346.457
4459.143
4511.943
4682.943
4684.6
4707.8
4488.143
4500.429
4470.829
4441.429
4494.229
4692.743
4692.743
4755.829
4785.143
4722.143
4444.118
4685
4111.912
4113.618
4289.647
4319.824
4560.706
4801.588
4572
4487.471
4517.647
4572
4636.941
4700.588
4730.765
4906.794
4508.059
4536.824
4560.706
4590.882
4766.912
4906.794
5147.676
5158.971
5387.206
5387.206
5452.147
5199.971
5211.265
5241.441
5550.455
5617.364
5798.727
5810.364
5991.727
6016.333
6083.242
6139.242
6283.364
6518.515
6520.273
6768.455
6903.152
6860.424
6716.606
6418.5
6659.382
6593.265
6629.412
6857.647
6592.794
6592.794
6592.794
6732.676
6797.618
6458.294
6634.324
6875.206
6810.265
6745.412
6773.882
6828.235
6573.971
6597.853
6599.559
6709.265
6504.529
6506.235
6540.912
6569.382
6709.265
6937.5
7113.529
7178.471
7354.5
7137.706
7084.059
6676.971
6910.971
6974.057
6973.371
7144.371
7155.343
7184.657
7186.314
7322.2
7556.2
7609
7830.714
8064.714
8001.714
7665.514
7752.943
7888.829
7918.143
7537.571
7443.8
7410.771
7539.343
7563.771
7549.086
7770.8
7794
7872
7935.086
7911.6
7964.4
8198.4
7924.114
7891.086
7891.086
7775.857
7800.286
8127.2
8138.171
8167.486
8338.486
8474.371
8696.086
8652.086
8496.086
8384.629
8180.222
8317.833
8433.444
8441.417
8487.806
8516.306
8504.417
8640.4
8703.486
8467.286
8193.057
8328.943
8339.914
8510.914
8732.629
8785.429
8848.514
9092.686
8844.861
8896.194
8329.556
8340.222
8368.722
8370.333
8493.806
8666.583
8747.361
8759.306
8757.278
8126.722
8258.833
8320.167
8371.5
8394.056
8578.778
8745.028
8944.028
9110.278
9242.389
8884.389
8716.528
8882.778
8882.778
8508.676
8382.405
8392.784
8564.189
8623.865
8586.135
8714.676
8876.432
9097.784
8768.054
8827.73
8877.676
9087.405
8564.189
8725.946
8947.297
8997.243
8998.811
9009.189
9031.135
8820.474
8994.579
9198.789
9356.289
8873.105
8748.211
8942.368
8925.474
9050.632
8895.053
8643.658
8701.763
8674.5
8878.711
8748.211
8769.579
8486.526
8290.026
8440.789
8250.667
8372.615
8588.205
8798.205
8704.051
8690.872
8747.487
8747.487
8769.41
9000.184
9215.711
9225.816
8779.079
8806.079
8852.789
8911.108
8961.054
9088.027
9098.405
9260.162
9248.541
9276.27
9319.135
9291.405
9081.676
9291.405
9323.351
9351.081
9352.649
9374.595
9081.676
9081.676
8953.135
9081.676
9081.676
9303.027
8919.919
9081.676
9003.081
9212.811
9434.162
9402.919
9531.459
9567.297
8627.079
8685.184
8842.684
8852.789
8874.158
8877.579
8883.211
8904.579
8953.211
9001.842
9059.947
9086.947
9302.474
9518
9675.5
9696.868
9901.079
9605.447
9615.553
9617.079
9618.605
9371.974
9468
9494.308
9388.051
9541.513
9510.816
9568.921
9421.526
9470.158
9627.579
9685.684
9411.421
9615.632
9831.158
9988.658
10113.816
9958.237
9729.205
9586.436
9170.103
9222
9231.846
9353.795
9380.103
9533.564
9411.421
8553.921
8769.447
8796.447
8759.342
8543.816
7865.184
7890.658
8094.868
8152.974
8368.5
8526
8651.158
8652.684
8701.316
8386.316
8543.816
8553.921
8758.132
8495.895
8365.395
8570.816
8570.816
7887.892
7937.838
7674.865
7707.622
7570.541
7592.486
7369.568
7531.324
7752.676
7071.919
7233.676
7244.054
7281.081
7289.919
7451.676
7257.973
7110.243
7120.622
7128.946
7188.622
7409.973
7538.514
7588.459
7750.216
7772.162
7940.27
7999.946
7581.568
7802.919
7852.865
7912.541
7878.459
7694.486
7904.216
8032.757
8041.568
7841.703
7922.892
7933.27
8095.027
8223.568
8041.568
8091.514
8013.838
8041.568
8041.568
8051.946
8143.649
8203.324
7689.676
7869.405
8029.189
8150.811
8172.757
8183.135
8392.865
8614.216
8641.946
8770.486
8793.595
8651.417
8679.917
8688.472
8301.472
8312.139
8183.028
8246.917
8409.611
8303.083
8325.639
8386.972
8614.472
8680.306
8361.639
8395.778
8611.333
8361.639
8466.556
8527.889
8483.083
8578.472
8578.472
8578.472
8744.722
8755.389
8512.222
8436.389
8521.389
8501.833
8817.722
8879.056
8558.972
8686.889
8748.222
8799.556
8719.139
8851.25
8873.806
8938.694
8990.028
9018.528
9079.861
9102.417
9317.972
9545.472
9711.722
9877.889
9507.889
9526.444
9577.778
9658.111
9824.361
9442.556
9465.111
9298.944
9526.444
9376.389
9129.333
8566.297
8864.351
8924.027
9133.757
9295.514
9516.865
9369.946
9369.946
9429.622
9591.378
9601.757
9543.649
9603.324
9631.054
9519.243
9740.595
9908.703
10070.459
10232.216
10392
9933.135
10051.297
10073.243
9939.486
9999.162
10220.514
10228.838
10221.919
10436.351
10496.027
8009.351
8149.649
8371
8392.946
8403.324
8243.135
8302.811
8103.676
8314.649
8275.081
8243.135
8253.514
8467.946
8588.081
8298.054
8159.405
8180.216
7932.378
8142.108
8356.541
8219.351
7908.568
7603.667
7819.222
7847.722
8013.972
8024.639
8057.472
8068.139
8436.639
7464.167
7630.417
7641.083
7868.583
7897.083
8129.917
8191.25
8191.25
7501.222
7502.833
7669.083
7896.583
7947.917
8009.25
8224.806
8030.243
8158.784
7273.722
7490.556
7541.889
7570.389
7785.944
7787.556
7810.111
7976.361
8203.861
7551.889
7501.222
7523.778
7547.528
7365.861
7205.556
7433.056
7443.722
7371.722
7391.667
7414.5
7425.167
7618.333
7743.056
7107.556
7130.111
7153.861
7046.306
7035.639
7046.306
7273.806
7302.306
7312.972
7335.528
7501.778
7454.25
7586.361
7454.25
7238.694
6999.861
7227.361
7255.861
7245.861
7000.528
6841.194
7056.75
7188.861
7331.361
7342.028
7171.324
6949.973
7171.324
7199.054
6815.946
6977.703
7078.514
7299.865
7509.595
7537.324
7559.27
7021.135
7182.892
7392.622
7452.297
7502.243
7630.784
7491.865
7392.622
6799.784
6821.73
6951.784
6955.243
6976.054
6596.757
6679.459
6689.838
6711.784
6764.216
6779.135
6773.784
6754.757
6883.297
6942.973
7164.324
7216
7192.162
7281.135
7241.081
7261.892
7471.622
7531.297
7693.054
7914.405
7479.946
7542.108
7564.054
7623.73
7554.324
7271.351
7272.919
7332.595
7494.351
7715.703
7925.432
7791.405
7801.784
8011.514
8232.865
8251.351
8252.919
8263.297
8391.838
8451.514
8290.649
8318.378
8368.324
8390.27
8600
8821.351
8790.108
8849.784
8872.892
8020.811
8011.081
8021.459
8049.189
8182.486
8403.838
8431.568
8409.622
8431.568
8641.297
8210.216
8371.973
8373.541
8395.757
8603.919
8825.27
8835.649
8895.324
8409.778
8420.444
8443
8494.333
8555.667
8557.278
8772.833
8939.083
9071.194
8949.75
9011.083
8699.361
8914.917
8937.472
8939.083
9028.417
9056.917
9085.417
9146.75
9148.361
9314.611
9542.111
9593.444
9676.889
9447.278
9417.167
9122.833
9090.722
8928.028
8793.25
8651.278
8654.833
8449.472
8442.459
8454.135
8500.622
8528.351
8678.405
8597.216
8386.243
8595.973
8848.568
8815.351
8843.081
8638.838
8818.568
9028.297
9031.757
8991.703
8953.973
8492.459
8552.135
8569.486
8579.865
8639.541
8792.973
9014.324
9224.054
9246
8728.676
8728.946
8730.514
8951.865
8851.054
9060.784
9110.73
9272.486
9128.027
9256.568
9016.135
8847.973
9057.703
8826.027
6477.541
6606.081
6815.811
6810.027
6861.865
6711.811
6761.757
6890.297
6891.865
6913.811
7075.568
7097.514
7125.243
6643.135
6864.486
6993.027
7052.703
7102.649
7113.027
7322.757
6745.054
6772.784
6774.351
6784.73
6994.459
7054.135
7275.486
7303.216
7043.757
7054.135
7275.486
7275.486
6593.389
6605.278
6714.833
6746.944
6424.861
6529.778
6581.111
6539.944
6591.278
6613.833
6726.8
6543.857
6545.514
6568.714
6739.714
6802.8
6779.6
6335.943
6188.444
6415.944
6426.611
6582.722
6720.472
6731.139
6564.889
6697
6725.5
6798.278
6714.833
6737.389
6952.944
7137.667
6760.333
6510
6676.25
6903.75
7119.306
7141.861
7273.972
7203.194
7254.528
6532.833
6402.333
6236.083
6258.639
6424.889
6486.222
6618.333
6748.389
6914.639
7046.75
7075.25
7034.25
7200.5
7223.056
7284.389
7335.722
7551.278
7552.889
7178.861
7406.361
7621.917
7632.583
7798.833
7827.333
7583
7634.333
7827.333
7993.583
8044.917
8177.028
7926.889
7949.444
7878.667
7855.833
7907.167
7917.833
7940.389
8167.889
8383.444
8444.778
7539.639
7767.139
7449.139
7676.639
7705.139
7715.806
7724.361
7746.917
7630.194
7423.973
7645.324
7605.757
7614.568
7546.081
7674.622
7696.568
7756.243
7806.189
8015.919
7965.973
7827.108
7605.757
7827.108
7886.784
8015.324
8025.703
8075.649
8097.595
8099.162
8100.73
8122.676
8284.432
8344.108
8354.486
8483.027
8704.378
8866.135
8916.081
9125.811
8937.595
9099.351
9205.946
9207.514
9267.189
9125.811
9136.189
9163.919
9385.27
9444.946
9406.838
8904.459
9125.811
9185.486
9195.865
9217.811
8908.459
9058.514
9108.459
9136.189
8144.973
8366.324
8587.676
8647.351
8657.73
8867.459
8895.189
8945.135
8967.081
8757.351
8967.081
8967.081
8968.649
9028.324
9078.27
8843.054
8945.135
8967.081
9059.892
9109.838
9169.514
8796.784
8798.351
8926.892
8938.459
8985.135
9146.811
8925.459
8996.324
9124.865
8925.459
9135.189
8925.459
8919.676
8968.973
8775.351
8996.703
9007.081
9057.027
9185.135
9105.189
9127.135
8864.162
9078.595
9088.973
9112.081
8899.289
9024.447
8624.158
8839.684
8454.395
8464.5
8307.079
8355.711
8377.079
8446.289
8368.946
8365.486
8393.216
8452.892
8463.27
8453.541
8272.676
8487.108
8546.784
8409.595
8417.919
8439.865
8274.162
8107.054
7866.676
7890.514
7912.459
7964.892
7960.297
7963.757
7972.081
7995.189
7786.316
7699.553
7852.5
7937.132
7995.237
8064.447
8072.553
8095.053
8116.421
8096.842
8301.053
8289.789
8262.789
8085.579
8095.053
8143.684
8071.632
8196.789
8254.895
8265
8266.526
8239.263
8375.263
8218.158
8239.526
8373.737
8383.842
8226.421
8130.632
8276.737
8298.105
8325.105
8373.737
8177.436
8187.282
7990.205
8122.769
8105.538
8304.513
8514.513
8571.128
8724.59
8846.538
8640.231
8553.436
8600.821
8657.436
8941.051
9063
8794.154
8953.641
8974.462
8964.872
9147.487
8724.8
8614.1
8669.3
8802.125
8951.75
8853.15
8565.45
8664.05
8719.25
8838.15
8987.775
8728.85
8933.6
8935.05
8900.15
8664.05
8368.3
8209.75
8219.35
8245
8449.75
8470.05
8664.05
8868.8
8924
8944.3
9093.925
9287.925
9406.825
9227.9
8702.55
8553
8562.6
8608.8
8423.854
8443.659
8702.55
8487.1
8226.85
8247.15
8248.6
8442.6
8647.35
8702.55
8907.3
8722.85
8573.225
8777.975
8833.175
8952.075
8998.275
8552.925
8702.55
8777.65
8787.25
8936.875
9141.625
8982.4
9101.3
8925.692
8726.718
8925.692
8946.513
8690.308
8811.846
8859.231
8869.077
8715.692
8925.692
8946.513
8747.538
8957.538
9014.154
9136.103
9038.846
8794.154
8868.718
8878.564
8361
8362.487
8409.872
8563.333
8773.333
8794.154
8762.641
8783.462
8880.308
8881.795
9080.769
9233.538
9290.154
8784.308
8794.154
8814.974
8836.897
8807.256
8612.725
8817.475
9232.725
9112.675
9077.775
9268.641
9068.487
8926.128
9136.128
9162.436
9153.205
9163.051
9193.359
9335.103
9361.41
9483.359
9504.179
9136.128
8336.154
8437.282
8429.308
8430.795
8438.692
8210.077
8019.333
8076.923
8256.256
8093.641
8103.487
8266.103
8322.718
8056.103
8076.923
8097.744
8154.359
8170.821
8197.385
8370.051
8323.282
8323.282
8124.308
8145.128
8317.795
8527.795
8498.154
8311.35
7930.8
8140.769
8161.59
7887.179
7888.667
7898.513
8108.513
8041.923
8063.846
8111.231
8132.051
8331.026
7996.41
8148.256
8174.564
8073.436
8195.385
8231.179
8221.333
8231.179
8278.564
8477.538
8450.974
8462
7847.474
7855.579
7842.053
8057.579
8255.053
8313.158
8282.737
8304.105
8519.632
7558.974
7207.105
7411.316
7536.474
7563.474
7710.868
7575
7333.711
7302.237
7323.605
7333.711
7391.816
7607.342
7732.5
7558.974
7560.5
7568.605
7728.763
7750.132
7947.605
8004.184
7800.974
7557.342
7393.658
7390.289
7477.289
7535.395
7535.395
7535.395
7692.895
7692.895
7749.432
7710.189
7732.135
7593.486
7743.757
7726.135
7343.595
7335.541
7534.892
7756.243
7756.243
7783.973
7833.919
7844.297
7903.973
7914.351
7942.081
8092.135
7357.838
7379.784
7589.514
7314.324
7535.676
7454.135
7455.703
7505.649
7555.595
7102.054
7152
7179.73
7190.108
7318.649
7375.297
7536.973
7596.649
7397.243
7548.622
7548.622
7576.351
7797.703
7857.378
8244.694
8246.306
8268.861
8435.111
7242.778
7397
7141
7158.833
7118.167
6963.944
7191.444
7333.528
7168.889
7191.444
7252.778
7468.333
7695.833
7697.444
7748.778
7771.333
7937.583
8069.694
8080.361
8080.361
8140.083
8150.75
8152.361
8174.917
8341.167
8101.028
8091.028
8102.917
8235.028
8312.25
7735.722
7951.278
7952.889
7954.5
8182
8243.333
8251.889
8075.111
8124.833
8291.083
8313.639
8342.139
8569.639
8735.889
8940.833
8963.389
8746.556
8420.972
8636.528
8768.639
8797.139
8820.889
8305.556
8328.111
8543.667
8605
8615.667
8667
8799.111
9026.611
8503.278
8669.528
8669.528
8360.778
7930.811
7990.486
8211.838
8389.892
8421.838
8471.784
7964.162
7986.108
8106.243
8233.216
8412.946
8472.622
8276.658
7384.947
7406.316
7563.816
7589.289
7553.316
7574.684
7427.289
7557.079
7329.158
7387.263
7408.632
7566.132
7741.132
7724.921
7724.921
7481.237
7433.237
7460.237
7481.605
7483.132
7687.342
7325.711
7491.342
7459.605
7480.974
7529.605
7531.132
7656.289
7813.789
7871.895
7502.605
7343.579
7366.079
7367.605
7503.737
7513.842
7535.211
7583.842
7788.053
7846.158
7873.158
7874.684
7896.053
7897.579
7613.842
7613.842
7613.842
7623.947
7623.947
7839.474
7874.684
7200.447
7201.974
7170.868
6825.711
6825.711
6835.816
6893.921
7098.132
7146.763
7335.289
7255.895
7314
7231.632
7078.474
6923.282
6922.179
6923.667
7279.821
6973.436
7126.897
6633.053
6600.711
6740.605
6944.816
6946.658
6941.447
7058.421
6669.789
6718.421
6523.684
6550.684
6560.789
6502.684
6690.27
6506.568
6528.514
6690.27
6858.378
6941.081
6964.189
6835.919
6863.649
6985.27
6951.757
7001.703
7003.27
7026.378
7247.73
7307.405
7371.216
6926.243
6964.405
7185.757
6909
7037.541
6849.757
6909.432
6959.378
6799.189
6809.568
6971.324
7021.27
7031.649
7059.378
7280.73
7502.081
7663.838
7544.306
7088.389
7139.722
7170.556
7398.056
7459.389
7591.5
7685.75
7455.811
7466.189
7310.703
7321.081
7348.811
7326.865
7386.541
7348.811
7398.757
7458.432
7668.162
7669.73
7891.081
7918.811
8047.351
8268.703
8318.649
8340.595
8342.162
8503.919
8460.833
8676.389
8409.361
8541.472
8673.583
8519.361
8685.611
8913.111
8502.833
7987.389
8214.889
8243.389
8294.722
8510.278
8676.528
8678.139
8729.472
8740.139
8741.75
8957.306
8985.806
8996.472
9057.806
9080.361
9265.083
9395.583
9418.139
8934.417
9149.972
9151.583
9202.917
9265.361
9316.028
8279.056
8209.917
8211.528
8272.861
8078.25
8293.806
8449.389
8388.778
8329.056
8152.889
8319.139
8304.889
8327.444
8227.111
7919.778
8004.778
7997.667
8006.222
7817.568
7819.135
8028.865
8050.811
8272.162
8212.865
8262.811
8290.541
8350.216
7805.865
8020.297
8041.108
8161.243
8024.054
7924.324
7931.243
7917.135
7944.865
7934.757
7891.889
7754.139
7764.806
7816.139
8043.639
7676.639
7842.889
8070.389
8151.139
7925.25
7947.806
7999.139
8226.639
8017.611
7500.694
7728.194
7738.861
7954.417
7956.028
7978.583
8144.833
8206.167
8338.278
8341.194
8363.75
8372.306
8426.528
8502.361
8675.139
8764.472
8933.972
9100.222
8905.472
8916.139
8445
8483.778
8374.222
8589.778
8618.278
8845.778
8847.389
8898.722
8537.667
7569.917
7378.111
7212.833
7274.167
7282.722
7305.278
7192.917
7420.417
7428.972
7264.333
7086.417
7108.972
7158.694
7239.472
7067.472
7233.722
7461.222
7676.778
7705.556
7748.472
7520.917
7155.806
6990.135
6987.324
7239.919
7119.865
7240.081
7299.757
7301.324
7270.081
7292.027
7471.757
7542.838
7376.568
7483.162
7644.919
7866.27
7925.946
7975.892
7592.784
7553.216
7580.946
7640.622
7769.162
7930.919
8152.27
8362
8383.946
8295.243
8095.892
8257.649
8275
8403.541
8624.892
8834.622
8278.378
8306.108
8467.865
8527.541
8737.27
8724.541
8615.622
8359.838
8318.216
8319.784
8106.514
8268.27
8276.595
8276.595
7940.405
8111.811
8273.568
8333.243
8383.189
8276.595
8276.595
8260.108
8282.054
8491.784
8713.135
8594.973
8222
8350.541
8279.351
8339.027
8467.568
8619.568
8107.514
7751.784
7919.892
7941.838
8163.189
8324.946
7950.162
7767.947
7983.474
7993.579
8051.684
7971.632
7867.105
7925.211
7869.263
7901.158
8017.579
7824.553
6798.763
6829.974
7004.974
7013.079
6982.658
7040.763
7063.263
7187.658
7198.763
7247.395
7296.026
7511.553
7521.658
7523.184
7648.342
7852.553
7422.132
7443.5
7454.816
7476.184
7477.711
7681.921
7692.026
7817.184
7875.289
6872.474
7008.605
7010.132
7031.5
7080.132
6872.474
6844.342
6871.342
6881.447
7038.947
7025.079
7025.079
7150.237
7026.605
7047.974
7047.974
7014.974
7063.605
7112.237
6996.553
7014.974
7041.974
7219.184
7041.553
7099.658
7099.5
7101.026
7149.658
7030.921
7246.447
6945.184
7160.711
7187.711
7197.816
7246.447
6900.919
6902.486
6924.432
7145.784
6739.162
6960.514
7089.054
7099.432
7261.189
6668.081
6877.811
6668.081
6727.757
6949.108
6976.838
6871.139
6810.528
7018.972
7366.417
7498.528
7549.861
7716.111
7345.917
7213.806
7172.639
7040.806
7063.361
7072.417
6873.417
7100.917
7162.25
6793.583
7021.083
7263.514
7241.971
7271.286
7275.314
7497.029
7403.257
6956.086
6959.743
6953.629
5789.943
5566.429
5589.629
5760.629
5444.514
5442.343
5319.667
5547.167
5557.833
5545.5
5677.611
5905.111
5722.333
5744.889
5745.694
5427.028
5599.806
5372.306
5372.306
5382.972
5411.472
5400.806
5599.806
4732.278
4552.25
4628.083
4631.639
4640.194
4706.861
4934.361
5010.194
4819.75
4370.306
4392.861
4608.417
4669.75
4836
4864.5
4915.833
4944.333
4966.889
5194.389
5409.944
5471.278
5481.944
5504.5
5486.667
5320.639
5338.472
5504.722
5506.333
5721.889
5783.222
6010.722
6010.722
5473.306
5501.806
5501.806
5563.139
5614.472
5830.028
5614.472
3754.361
3902.472
4067.194
4095.694
4106.361
4157.694
3597.778
3626.278
3648.833
3702.722
3444.611
3459.944
3528.108
3384.865
3434.811
3280.297
3302.243
3329.973
3539.703
3542.162
3270.486
3222.432
3432.162
3454.108
3464.486
3492.216
3542.162
3342.757
3564.108
2919.5
3135.056
3157.611
3323.778
3385.111
3413.611
2917.889
2483.417
2505.972
2557.306
2772.861
2834.194
3000.444
3028.944
3030.556
3145.389
3196.722
3219.278
3434.833
3350.667
3412
3371.611
3145.389
3206.722
2956.389
3007.722
3224.556
3235.222
3196.444
2394.917
2456.25
2484.75
2651
2866.556
2917.889
3133.444
3194.778
3205.444
3233.944
3256.5
3484
3524.667
3122.833
3145.389
2940.722
2951.389
2785.222
2807.778
2836.278
3063.778
2917.889
2940.722
2854.806
2877.361
3043.611
3104.944
3133.444
2927.889
2462.278
2689.778
2712.611
2679.778
2702.333
2917.889
3145.389
2567.056
2589.889
2591.5
2620
2786.25
2847.583
2870.139
3085.694
2889.333
1898.556
1921.111
1949.611
2136.667
2198
2364.25
2415.583
1921.111
613.914
152
215.086
386.086
607.8
561.114
531.8
466.629
519.429
548.743
719.743
782.829
624.2
647.4
425.971
481.086
702.8
561.114
732.114
339.686
362.886
392.2
613.914
561.114
