2856
3672
3717
4293
4737
7845
9605
14213
11357
10541
10496
9920
9476
7716
4608
5424
14224
14269
14677
19285
14677
17785
17896
18472
18427
17851
17740
14632
5832
1224
408
0
4608
4653
7509
26157
27917
28028
28604
29420
32276
36884
38644
34036
34480
15832
16408
19516
18940
18829
18784
17024
14168
14984
15029
14213
13769
10661
8901
6045
5229
5184
4608
0
45
8845
13453
13861
14677
15253
15364
18472
18427
19003
18892
10092
6984
6168
5592
984
9784
12892
12484
12595
17203
17248
17656
18472
18361
15253
6453
1845
1029
984
576
0
45
8845
13453
13861
14677
15253
15364
18472
21328
21373
25981
25165
25120
24544
21436
21325
21901
22345
25453
27213
22605
22197
23013
14213
20533
21469
22045
23770
26842
49522
53800
56427
59523
61473
62313
63489
65274
66054
66972
69422
92102
93862
90754
95362
95317
94501
93925
96781
95021
94577
91721
92165
92981
94741
90133
93241
93286
93862
93286
88678
86918
83810
83366
83321
82505
79649
84209
85013
85301
90125
92621
95983
108415
115607
116447
127917
132406
134230
134980
135796
136642
164824
165760
163133
156813
134133
131061
134133
134709
130431
127335
129060
128484
151164
154260
152535
170924
175202
174266
180586
177224
177512
178316
180812
178316
178028
181390
186214
185410
180586
183466
194936
207436
209036
210317
211493
212243
240425
241241
242087
241271
213089
212339
211493
214925
220637
221813
224153
225209
225669
225873
228993
242757
243165
251965
252901
255781
256837
283771
283958
284582
281220
281508
276684
305628
303132
302328
305690
305824
305536
317968
318808
323297
334767
332943
334741
327549
326709
328533
316101
304631
300142
301927
327595
300661
301477
298597
298410
299670
302550
302735
304271
303215
304337
307452
334386
337506
337770
334674
339210
342306
323917
326989
320669
321605
322181
323906
320834
316556
314831
314255
313319
331708
335986
313306
319626
327270
329094
330810
331932
332205
334778
336378
337229
339523
342638
339276
339142
338518
338652
338364
338652
343476
346838
317894
320390
319640
318794
317978
289796
262862
262598
259718
258596
258860
285794
288674
289796
291707
290107
293222
294822
295944
296795
299368
297074
295952
307422
304307
304034
301461
300610
301054
305662
324310
324355
333155
333563
334139
334955
337295
338111
340865
347185
349550
352406
365096
365947
367547
369841
372414
373536
374387
377502
379413
376840
365370
362255
360655
359533
358682
356771
364415
362699
360875
373643
377075
369431
374039
374084
377192
377600
378416
378527
379103
378695
378119
377303
368503
363895
372695
372251
353603
353558
353294
352172
352436
349556
376490
379370
380492
353558
353270
350774
347412
349908
350196
379140
374316
384402
384268
384402
382491
381369
380518
381640
380040
391510
394625
395476
393182
392366
392774
394374
391801
394374
391259
392795
393611
393722
394298
394343
397451
397406
388606
385498
385387
384811
384403
386314
381706
390506
393626
395162
395402
396302
398252
400825
397717
406517
406562
406517
406925
405389
405965
405389
408497
413105
412289
403489
403378
402970
403786
403897
392427
389312
389585
387985
387134
385223
382650
385223
386074
387196
388796
391911
390789
402259
406867
409747
406867
405745
405481
378547
378811
381821
408755
409877
417857
423569
426065
428839
434983
446763
472431
485199
484359
487791
495435
506905
511049
506560
511049
503405
509285
505853
504055
505853
518621
507151
494383
492559
480127
480142
498790
507590
510446
510335
514943
515054
515630
512522
513338
512762
511946
507338
498538
498493
498085
493549
490453
491389
488317
510997
514069
512344
534016
533440
534016
515627
509307
512467
511531
515809
517534
520161
515883
514761
512188
500718
497603
499203
497603
509073
510195
509344
509071
510982
513555
516670
517521
520363
523756
524560
543208
543652
543076
547684
546868
548628
548613
549021
540221
541037
540926
541502
522854
519998
520043
515435
512939
512805
502719
473775
473487
446553
445431
449920
450976
450712
453592
453779
450899
449299
451872
451021
453315
452193
453793
456908
454997
452424
452611
453462
450347
450620
439150
439726
444334
453134
456242
456686
456731
459587
460403
441755
441311
440735
436127
436082
434322
433506
433098
420330
416898
409254
418054
421162
425770
424954
425362
424786
424741
421633
421744
418888
414280
414856
414901
415717
415273
406473
403358
401758
401485
401298
399004
398153
395580
396431
390111
377421
375081
372327
375183
374367
372002
378322
381076
380225
377369
379734
381849
382665
385005
386127
360459
387393
393537
396417
393921
399633
407613
412221
437889
440385
437375
440385
434673
431899
434673
433617
445397
437417
432809
421029
420213
420102
420546
429346
429391
429204
429612
420812
420404
421220
416612
416567
421175
424283
418139
419195
416087
416663
413783
413207
408718
409978
409162
416272
417012
413897
412361
415957
419757
417972
421092
424207
424022
428630
430016
431552
430292
427172
452840
455413
461557
435889
438339
439155
446995
448780
448372
451592
437828
440948
441560
441968
450768
447648
438848
439784
439580
438644
438184
451948
451504
448396
447988
443380
434580
433764
433719
433143
434199
437079
435957
437079
441568
440512
413578
410698
408938
407153
406373
405455
403505
402329
404279
381599
380759
381935
382425
379975
402655
404440
407560
409320
412074
412914
411378
408928
401818
395674
387834
385261
383875
388483
384887
392727
396527
402671
438221
441817
443203
439403
439893
442466
453936
475608
482800
488680
491307
494467
490323
515991
503223
525903
552837
548348
552492
546612
544814
533344
532408
529781
508109
507533
508109
511181
508021
503743
516511
513439
514375
491695
489970
491695
517363
505583
508593
511089
505377
506193
507789
510563
513635
507491
515471
517827
492159
487551
489729
488673
480693
477683
479219
478097
475601
472721
475361
470872
468098
465525
465035
460427
454283
455669
463509
468117
432567
436367
438940
474490
476940
475554
479150
485294
481698
477898
470058
472900
476293
473451
473585
472781
469388
468212
469812
481282
482563
495063
496239
494958
492078
480608
483488
481888
469388
463068
460212
457458
455343
457683
455318
456134
455283
454467
456582
459742
460924
463678
461338
461746
462597
457989
465829
463379
464765
469373
469863
476007
478580
474780
478580
477194
441644
439071
432927
454503
490053
486457
478617
479739
489014
507662
509840
517820
515180
513002
515642
507662
530342
538182
540522
542433
551708
552830
534182
533060
523785
526893
524537
530249
504581
501571
498797
510577
518557
516961
516145
514609
512113
516721
522865
525875
530153
532649
535423
532351
532927
535587
536031
536076
539672
575222
571422
573995
552419
549846
548460
543852
508302
512102
504262
503772
509916
512366
513752
521592
515448
519044
523652
524264
527018
531578
532394
533294
530186
531308
534416
543691
542569
533294
531569
554249
557321
578993
557321
582989
584714
591034
609423
610359
607199
606623
583943
581316
578244
577308
551640
552216
546336
559104
586038
598470
609940
617132
590198
578728
574584
567392
554624
555464
558572
559897
558775
559897
550622
547514
539534
536894
539072
541712
549692
547514
543714
542328
538732
530892
533342
536414
571964
575560
578133
579519
583319
580869
585477
580869
588709
586136
550586
544442
566018
566462
566507
562911
563487
560827
560251
562911
562467
562422
559314
560054
563174
562052
566660
567476
568736
573014
574799
577914
552246
550461
547341
546525
543410
538802
538062
536802
546077
564725
565847
564522
561090
558750
559926
558750
553038
558750
559806
558750
562182
564522
583940
581444
593224
587080
590090
578310
603978
611958
616566
613556
616052
622196
617918
615144
607164
601452
596844
602556
601705
600523
597363
596241
593487
595852
595444
597784
604104
616794
617610
615270
596622
595806
596657
599513
602267
600152
603260
604382
595107
596432
592836
591450
588378
580538
578088
573480
576053
573480
609030
616870
638446
642246
606696
602896
609040
613648
615034
617484
612924
614524
617380
620260
620126
616733
613891
616747
619867
616747
617683
616747
619967
616747
616135
616747
623629
614829
614421
616181
602417
594437
596615
594437
597077
598407
595767
594645
613293
614618
613293
610185
611307
612207
607647
606831
606219
606423
607341
604587
603687
605967
606783
609443
609887
631463
630887
631463
609887
609932
609887
607227
606783
610583
613033
617641
620713
628553
632149
634722
636108
632308
629858
622018
657568
635992
631384
629998
623854
621281
585731
584609
565961
564636
538968
538392
520003
497323
475651
473926
470854
471430
470494
473654
478190
471870
476148
478775
481847
503519
504455
506180
531848
537992
541002
543498
545854
553834
559546
564154
583572
578964
573252
565272
545854
543358
540348
528568
502900
496756
484324
472854
485286
478094
485286
484446
471678
472518
483988
457054
469822
496756
505556
508988
510608
512390
514340
542522
534682
532232
528432
492882
491496
494250
491677
499657
496585
491977
488381
486203
484873
487051
495031
497671
495031
516703
517111
525911
526727
531335
531446
534554
535130
535175
556751
556796
535220
535664
536044
533384
532808
532763
533339
532895
535751
532643
541443
540627
531827
531716
531671
536279
537095
537539
538115
537539
532931
532523
532568
535676
540236
541172
548816
558091
551771
550955
548590
550930
548074
547223
559913
560729
558389
555635
558389
560754
567074
554384
557240
558091
557515
548715
549159
552015
556623
565423
584071
584116
581260
580816
580000
579955
580771
577663
578239
573631
574447
574243
575143
579703
578803
576523
577135
579889
578971
578155
600835
608675
606335
608246
606335
608675
585995
578155
586135
586579
589435
587079
606497
612209
615281
612425
606281
610889
613385
608777
613055
616065
610353
619153
637801
638617
638041
637996
635356
637712
636896
637472
629492
626996
622388
614408
611398
610954
592306
583506
583551
557883
555705
560313
540895
540319
540895
540319
539503
539458
548258
548702
553310
553355
553466
531890
532466
535574
535619
536435
539291
541951
563527
563083
562639
559783
559738
559358
554750
536102
527302
528922
532042
543512
543557
557321
566051
569166
577006
589506
586879
609559
635227
633502
651891
673563
669285
675605
671069
672794
671858
674930
675866
672794
673370
672794
669634
647962
652570
652525
651949
651838
648982
648166
645058
647914
643306
643882
644326
647434
648250
639450
639495
641255
636977
636237
634452
633636
629028
625908
624648
621533
621977
621533
618677
617861
613253
611493
611448
612264
609156
609732
612828
612873
615981
624781
629389
628813
607141
607549
596079
588887
588047
561113
548681
535913
533159
541139
533159
535913
535958
535514
535469
536285
533177
532601
531785
527177
527621
532229
523429
523021
525877
527637
528213
546861
544365
542009
553789
559933
555655
561367
541949
544445
539837
536827
538423
543031
547309
539329
542103
539031
533319
536329
535753
533093
532649
532604
511028
509428
506548
509428
508147
506971
495501
497101
484601
485777
498277
499558
511028
511604
511649
512465
507857
506097
524745
525189
529797
529752
529308
531068
528212
528620
528044
527228
508580
506980
508580
505700
508580
511436
508580
513140
508580
507764
508376
511130
508376
507764
508664
509480
508580
495890
495074
492734
486414
483660
482809
480444
477588
477543
477099
475339
474931
474115
455467
450859
450283
464325
464815
461959
462571
471371
472307
465425
468281
471501
470889
467669
465909
469029
482793
479673
478737
478247
481001
482951
484736
485912
487672
485722
463042
466162
470698
468938
465818
464978
462224
461048
459263
460103
462553
463533
463043
449001
463043
463088
466203
474933
476055
476499
481197
482797
488677
491687
494807
483337
480217
480957
467193
475033
471918
470298
457798
460092
460047
451317
458199
459819
451979
454479
453499
439457
439947
453989
432317
406649
406073
404348
410668
392279
410668
409732
406660
407596
408172
411268
436936
414256
415981
409661
432341
435413
433813
429115
427993
422113
423235
422791
428671
427931
449603
452613
454213
451117
451561
456259
453249
453989
447845
445349
442575
430795
426517
423507
418899
417303
411591
425633
426613
426123
412081
411101
425143
411101
412081
413681
413866
412266
411526
412648
414214
415054
412044
410922
406224
400344
400455
400011
403021
400267
392287
400267
403021
417063
418043
404001
403021
402181
402921
403761
405361
405176
405065
408075
409197
407631
408075
412773
411651
410051
407041
407857
408469
407857
405103
404203
405103
400543
403297
407857
407041
409047
409537
408557
394515
395005
399703
400825
401565
404575
403735
402995
403439
405039
407045
406555
403545
403101
401979
402819
400813
396115
394515
395091
395535
395580
396396
401004
403860
412660
431308
423468
421557
398877
396537
389655
386540
378700
369970
368350
382114
379614
379569
377275
380390
377270
380390
388230
399700
412200
413820
422550
422595
436637
436147
437127
435121
434281
433541
436551
436107
431409
428399
427277
431975
437855
438299
439421
441021
441761
440161
440206
440317
440893
432093
429237
430997
430181
429737
411089
412625
413441
416549
411941
411365
411320
411728
413734
414224
413244
399202
377530
378346
396994
405794
405683
408539
408494
408938
408122
407546
405786
407546
408122
406586
409442
409034
412427
412472
417080
413972
426662
427402
426280
430978
433988
435110
435554
436394
431696
430956
427946
429546
423666
423222
421622
419616
419126
418550
395870
394145
391073
390137
371748
368652
362332
336664
332056
334912
335356
316708
316663
321271
320695
320251
338899
340659
341475
341520
332720
329864
330440
329624
328024
327284
326840
326000
321302
318292
317170
325970
326015
326831
323975
324419
324995
327851
332459
331643
331199
312551
311975
307367
307322
325970
324210
321456
320556
321456
320640
320028
315468
320028
322782
322986
323802
324858
327198
321486
324918
321486
320430
318090
319266
324978
323802
321048
313068
321048
323802
320946
302298
297690
297114
288314
288359
287915
288731
287915
289675
290119
292975
292930
311578
316186
316762
323644
324969
327263
330017
331613
332549
330949
328069
325213
326813
327221
330101
325493
325049
323289
320433
320478
321414
320598
320553
320664
321480
322056
303408
294133
302933
305789
315064
322708
327268
326692
319048
322156
321220
325828
321268
312538
310918
303078
303033
299913
288443
275943
262179
259064
277712
277757
278333
279149
283757
286613
295413
295857
295281
295170
294354
291498
291453
286845
283737
274937
270329
267473
267518
272126
280926
299574
300390
300966
300150
300105
302961
302517
283869
275069
275513
274937
261173
258317
259253
258317
261437
270237
267117
267525
264305
263693
264305
278069
281289
272489
271913
276473
302141
305256
296456
295640
295595
295151
304426
305812
302956
298348
319924
355474
336826
345793
346533
366069
367191
369764
334214
329654
328268
329593
338560
335445
357021
382689
385804
376837
412387
413127
414513
413773
388105
366529
357254
361814
360914
360098
355538
355334
352580
355695
367165
368765
369887
372460
373311
375222
373897
370782
370042
348466
339499
340239
314571
313185
277635
273075
274356
309906
314466
317581
318906
344574
366150
367536
370656
396324
406410
407466
410220
418200
415446
407466
410581
412181
414092
412181
411330
410208
421678
424251
422651
423773
422597
423448
411978
410378
398908
396028
383528
382247
379674
376559
375234
377514
376233
411783
413169
410054
411335
389759
364091
359531
360856
359470
362585
362770
327220
352888
374464
373724
374575
375697
377608
380723
379601
391071
389471
387560
376090
372975
375548
374697
376297
373724
379868
378587
379912
378587
375472
375287
373901
352325
316775
314495
315776
317162
320277
324837
325577
351245
325577
361127
382703
383279
384083
392883
400863
419511
420687
421131
423627
426077
424477
427592
439062
441635
442486
441635
443546
445146
433676
432554
429439
430561
427988
426077
451745
450464
445904
410354
407239
385663
384338
383598
357930
365040
368155
368895
370176
368790
370176
371501
376061
397637
398759
400359
402932
399817
401728
390258
401728
400606
398695
401810
399237
397637
398488
397637
398377
372709
371428
406978
416253
414928
419488
414928
416209
414823
416209
415469
408359
386783
408359
411474
415752
412637
409781
406388
393698
396554
405354
408747
421437
419677
422792
420881
420030
418908
430378
427805
416335
417457
419368
420219
421819
420219
422792
419677
415399
414118
413378
411992
390416
381141
376581
341031
337916
335343
333432
330317
318847
320447
319596
318474
321589
333059
335632
337543
338665
339516
337916
335162
327182
328782
327182
324302
323894
326774
329630
326515
325393
323793
321882
310412
307839
306988
309561
336495
341193
343853
345049
347689
349600
385150
388030
400720
398960
421640
418520
416570
418520
413984
417104
419858
419018
417233
418409
420194
421034
423484
420730
419554
421314
418864
422296
443968
450112
461892
470692
469156
466036
465136
462563
460613
460373
459761
450961
447741
446805
446397
432633
429513
430233
433243
433687
469237
471187
468433
467497
468433
477708
480462
473580
481560
479266
477670
476345
483227
494697
495273
494829
499389
502497
503673
505433
504257
496277
487477
486901
484405
465757
467353
469531
469642
468838
469328
471824
474666
479155
476705
477281
479192
480128
501704
504069
504203
506957
528629
540409
541260
559908
564606
566226
570174
595842
598502
599348
617996
618738
619314
621225
632695
634819
635799
626524
625588
626524
621964
629608
638883
631239
635799
640077
641988
670932
673686
681666
682566
684526
693493
700685
702809
715309
721453
724207
759757
763189
771029
772151
774925
777781
783661
789541
789985
793450
795070
798892
800278
801448
810723
812109
833781
837729
839689
839929
842809
850001
855761
853850
857798
855158
856094
843404
840524
843164
844360
857050
858961
894511
858961
857765
879341
891773
899417
895952
897122
898508
901973
900587
902207
911482
902207
900587
899417
895595
909359
911144
913918
918478
920078
921014
923989
927789
929409
934017
946707
948327
940683
942069
932794
936259
937429
946704
945318
943698
951342
950172
946707
940995
939939
936507
935331
936507
938847
944559
942219
943275
946707
943851
952651
955507
968197
959397
946707
943314
946707
972375
984875
986657
988439
996935
995315
993929
986285
989750
991136
989966
997610
999230
1000400
991125
1000400
996935
994055
991199
989599
1011271
1010695
1011631
1010455
1007959
1019739
998067
999243
997647
998223
995115
995004
994870
992959
990594
988834
1007482
1007926
1010376
1009886
998106
997170
1005150
1007646
1009406
1011771
1011905
1013816
1015640
1019072
1026716
1025330
1023710
1025096
1023926
1031570
1032895
1034515
1031050
1032220
1024576
1028041
1018766
1019570
1017446
1020200
1017446
1025286
1044704
1041930
1034090
1036214
1023714
1036214
1035092
1036214
1039679
1041065
1033421
1041065
1039740
1036275
1037445
1036059
1034889
1033269
1034594
1036214
1045489
1048499
1059969
1060773
1070048
1070899
1071949
1072699
1075326
1079274
1086466
1108042
1107106
1101346
1097398
1098334
1076758
1089190
1076758
1069566
1075326
1078080
1080576
1082358
1086158
1086734
1106152
1107274
1142824
1156866
1157310
1153845
1152225
1161500
1162670
1170314
1168989
1167603
1166433
1158789
1162254
1163640
1165260
1167084
1163652
1171296
1163652
1167084
1165260
1166111
1169219
1172194
1173524
1177324
1178944
1191634
1197778
1191634
1183990
1182820
1179355
1180741
1190016
1180741
1188385
1186765
1190230
1191400
1193020
1191634
1190014
1161832
1159882
1158100
1154668
1145868
1147650
1156146
1159266
1164978
1167988
1168276
1178362
1179298
1180474
1188314
1191534
1194414
1196139
1196955
1205755
1208870
1208915
1211757
1212879
1219023
1215558
1213938
1212768
1203493
1202107
1194463
1196803
1199645
1200905
1202816
1208528
1211648
1219628
1222078
1224651
1189101
1186461
1157517
1160397
1162308
1149618
1150518
1148607
1161297
1160101
1159201
1161161
1159250
1156370
1182038
1184678
1213622
1221602
1217324
1219235
1254785
1255981
1258735
1256775
1254021
1246041
1235955
1234899
1238019
1234899
1239177
1213509
1214565
1224651
1221219
1228863
1241631
1233987
1237419
1235595
1238349
1240689
1241949
1243860
1279410
1283358
1285308
1298076
1305268
1314068
1315748
1324244
1327018
1332778
1352196
1352436
1350312
1354848
1352094
1332676
1331554
1334308
1337468
1338590
1346430
1358930
1346430
1354926
1347086
1376030
1376474
1378298
1405232
1416702
1419922
1422764
1413489
1412553
1401083
1398329
1390349
1383467
1371035
1363843
1342267
1363843
1371035
1367087
1361327
1360391
1361327
1367087
1371231
1375179
1383979
1384555
1389163
1389208
1390024
1392880
1411528
1411972
1409522
1408946
1410142
1413574
1415534
1424334
1426284
1418304
1439880
1440684
1422036
1433816
1432056
1430880
1431816
1432260
1433436
1435347
1438443
1435947
1435503
1443483
1442547
1430767
1428856
1431221
1433717
1431352
1409680
1428328
1428904
1431658
1434108
1433974
1421206
1413562
1410130
1410175
1409731
1400931
1403787
1402971
1407579
1408023
1403415
1403991
1405751
1387103
1387058
1405706
1405130
1405946
1403090
1405750
1405990
1408846
1409596
1410576
1419376
1417616
1418432
1419008
1418192
1418147
1417703
1413095
1410239
1410647
1415255
1433903
1434014
1415366
1414790
1414835
1416746
1417322
1420178
1421300
1412500
1411378
1417522
1407436
1401292
1411378
1412314
1411378
1414598
1411588
1420388
1423398
1420178
1420223
1420178
1415570
1416146
1424946
1425762
1426050
1426494
1425918
1428774
1410126
1409718
1414278
1418886
1418775
1417959
1436607
1437423
1428623
1425781
1422561
1422117
1410647
1413867
1416709
1389775
1394264
1407032
1407476
1405652
1417122
1428592
1430272
1457206
1458826
1459642
1459687
1441039
1440994
1441402
1446010
1445566
1454366
1473014
1470158
1461358
1456750
1456174
1456618
1455802
1456378
1458163
1461278
1463228
1463804
1464620
1467462
1467750
1472634
1481434
1475722
1487502
1493214
1490372
1488647
1487831
1492715
1493891
1493603
1495328
1494512
1494557
1494149
1489541
1490357
1490933
1509581
1518381
1499733
1499688
1499244
1502100
1493300
1493744
1493168
1497776
1494383
1494791
1482101
1494791
1485991
1483135
1491935
1495328
1497901
1503613
1503853
1512653
1514438
1515338
1511194
1509998
1508087
1504139
1501499
1495739
1474163
1471283
1470347
1457657
1422107
1414915
1414870
1417726
1418170
1422778
1422202
1417594
1398946
1398991
1400751
1397895
1416543
1407743
1408319
1409135
1408319
1407875
1416371
1413617
1401117
1381699
1389539
1408957
1411711
1424211
1416371
1415249
1416371
1407875
1410731
1417923
1420419
1422379
1414735
1410175
1409239
1399964
1402718
1404668
1381988
1380038
1378278
1379454
1377669
1380119
1376999
1374549
1376309
1398989
1396235
1395395
1398515
1399355
1401140
1399964
1401644
1404398
1404638
1431572
1434212
1434932
1435778
1454167
1462967
1462151
1462727
1465583
1465628
1446980
1445220
1445664
1441056
1459704
1460520
1460076
1457220
1457175
1461783
1461207
1461651
1461207
1464049
1461207
1448439
1451659
1463129
1464953
1491887
1480417
1477197
1472708
1475462
1476278
1476233
1476278
1478038
1459390
1450590
1449774
1454382
1454826
1451970
1452546
1451970
1451526
1446918
1465566
1465974
1473954
1445010
1419342
1448286
1446375
1448286
1445532
1444632
1442672
1444632
1447386
1473054
1465074
1465974
1467594
1472154
1474908
1481052
1484272
1483456
1464808
1463048
1458440
1458032
1457987
1457543
1456967
1457903
1471667
1474547
1475717
1478832
1478388
1490168
1492664
1491728
1494022
1491526
1490350
1493465
1494041
1507805
1509716
1512824
1504024
1492244
1497128
1498304
1499900
1481252
1483212
1492012
1492456
1484476
1506148
1503052
1502476
1500565
1498200
1500650
1499846
1502211
1499761
1499895
1499044
1502054
1491968
1485824
1477024
1475902
1477024
1474014
1480158
1481094
1484314
1494400
1503200
1502264
1499044
1517692
1519372
1523320
1537084
1542964
1545329
1547114
1550507
1563275
1564079
1564691
1566602
1588274
1623824
1643242
1640582
1641324
1654014
1657024
1659364
1657540
1660760
1687694
1676224
1675780
1648846
1661614
1662058
1664900
1661680
1658838
1661132
1663628
1665588
1658396
1655540
1662732
1660236
1663092
1661132
1639556
1640402
1646114
1650812
1638312
1618894
1620016
1612176
1631594
1634348
1643078
1640324
1639202
1641862
1649702
1650548
1642052
1650548
1663048
1665388
1667299
1689979
1697819
1698869
1700654
1706366
1706654
1705838
1707563
1707275
1701563
1704405
1699707
1697982
1695140
1716812
1717628
1726358
1727100
1735080
1699530
1702650
1708410
1711803
1712853
1706709
1707609
1709391
1722159
1719865
1723085
1750019
1737251
1740093
1739649
1751119
1751563
1724629
1721409
1718567
1721321
1725269
1722696
1723416
1742834
1747394
1757480
1765976
1767172
1769132
1776324
1778820
1775964
1768772
1771628
1769132
1767172
1768954
1765154
1766324
1768984
1769884
1770328
1805878
1806166
1803412
1809556
1812776
1815786
1825872
1826808
1825686
1826808
1825872
1817072
1810928
1807708
1797622
1794612
1803412
1802356
1803532
1804588
1808020
1805680
1811392
1807960
1806784
1809124
1803412
1804392
1798248
1806088
1834270
1835870
1833420
1855092
1851984
1856868
1857804
1856208
1874856
1863076
1861165
1863919
1865679
1867590
1869955
1869511
1868575
1859775
1857410
1859906
1867886
1870336
1871140
1869964
1869830
1870406
1871582
1883362
1861690
1861114
1861558
1859062
1870532
1867690
1854922
1827988
1840756
1845245
1844801
1841581
1830111
1832953
1833397
1836617
1838957
1839245
1845125
1848518
1849238
1850918
1849007
1841027
1869971
1895639
1892885
1891985
1894739
1896650
1894690
1902670
1904630
1905530
1879862
1850918
1838418
1839540
1842294
1834454
1825958
1823204
1835704
1843544
1824126
1832622
1852040
1850918
1851206
1852931
1855773
1857555
1866355
1857555
1860948
1873638
1873230
1860540
1863396
1860003
1863396
1866238
1867042
1868827
1874971
1875787
1880671
1880911
1878415
1880375
1887567
1884711
1877519
1880375
1878415
1880911
1879129
1881883
1907551
1903603
1904659
1907024
1912784
1913600
1915325
1942259
1943381
1946261
1947317
1934549
1923079
1926299
1923079
1918590
1945524
1945080
1956550
1969318
1966476
1969318
1969762
1969474
1972228
1974343
1973527
1974267
1976178
1977903
1997439
2003583
2016015
2023207
2020365
2014653
2017495
2017783
2020537
2021081
2019356
2020172
2025884
2026634
2027450
2018650
2026490
2034330
2048372
2049548
2052404
2056352
2044882
2045170
2053970
2052848
2046704
2043694
2053780
2054902
2061046
2061982
2064992
2068212
2059412
2056192
2046106
2045170
2042050
2037772
2027686
2026630
2027380
2038850
2036400
2042720
2041978
2034786
2028642
2042406
2043462
2040582
2043462
2042406
2043528
2016594
2021083
2019961
2021137
2030412
2043102
2056866
2061564
2067444
2075284
2076026
2076602
2075272
2096944
2094102
2085606
2082631
2085127
2083167
2085127
2085535
2082679
2089871
2082679
2080183
2079943
2083063
2086495
2089249
2108667
2105913
2093413
2093598
2085758
2083004
2091500
2117168
2129668
2110250
2101754
2106362
2107484
2106362
2114202
2100160
2096940
2084172
2081330
2054396
2053952
2042482
2034642
2057322
2055411
2063251
2040571
2042482
2044822
2042482
2043538
2044660
2071594
2067105
2066049
2068929
2066049
2064927
2064351
2061986
2061410
2049630
2041650
2037090
2035179
2056851
2054401
2066181
2067377
2064881
2043209
2044145
2045267
2044823
2043647
2040791
2050877
2032229
2029219
2028283
2030194
2032559
2031755
2029995
2003061
1984413
1985025
1985841
1988595
1993155
1994055
1994667
1997032
1998814
1999556
2000942
1982294
1988614
1991494
1993094
1979330
1987170
1987912
1997187
1989347
1983467
1984643
1979945
1967255
1966079
1978769
1992533
1991791
1992631
1997329
1988054
1989314
1991320
1993270
1981490
1986050
1959116
1956236
1983170
1986050
1987172
1986050
1984994
1986050
1986854
1984012
1986854
1990247
1989443
1986050
2014232
2002762
1998814
2001264
2014032
2018730
2019342
2014853
2006873
2004119
2002159
2001259
1999348
1973680
1944736
1953536
1959680
1958744
1961964
1963086
1954286
1948142
1949078
1938992
1935982
1938992
1937870
1947956
1944736
1947616
1966005
1985423
1988519
1990884
1992060
1984080
1984830
1982170
1981930
1982170
1985026
1984276
1981420
1984080
1981584
1984080
1983672
1985632
1988488
1986528
1993720
1986528
1987650
1988706
1987584
2014518
2013462
2010582
2013462
1986528
2005176
1978242
1978287
1980012
1985724
1984908
1982066
1982882
1994352
1981584
1979859
1982355
1982067
1982355
1985197
1979485
1975685
1974509
1975685
1988375
1987633
1996908
1983144
1983886
1997650
1984960
1984120
1974845
1979543
1971703
1979543
1980383
1975685
1984485
1985301
1989909
1989954
1993062
1993506
1994082
1994490
1997244
2004436
2001276
2003616
2015396
2012642
2004802
2024220
2032716
2024220
2025342
2005924
2004802
1992302
1995056
2007556
2015396
2014580
2014136
2014181
2018789
2037437
2038253
2033645
2033069
2033513
2033468
2033060
2035916
2032808
2024008
2032808
2033384
2032208
2029088
2027328
2029278
2031728
2034482
2040362
2042147
2040197
2039357
2036907
2035122
2038242
2060922
2038242
2039418
2036664
2038424
2032664
2044134
2044950
2040390
2041002
2040390
2041290
2044044
2041290
2040474
2042434
2046994
2046094
2047150
2020216
2019160
2046094
2048974
2050096
2047216
2046094
2037294
2036718
2037534
2037579
2036763
2055411
2064211
2061355
2042707
2047315
2047891
2043283
2042839
2042794
2043238
2046094
2041210
2039299
2040469
2041045
2040229
2042802
2039922
2035314
2034738
2025938
2029331
2020531
2017675
1999027
1996171
1996126
1996942
2009632
2012488
2012533
2013109
2031757
2036365
2032972
2041772
2042216
2041772
2029082
2028266
2037066
2039922
2044530
2042910
2040156
2040732
2062308
2090490
2093605
2102101
2089411
2090251
2094949
2108713
2100873
2087109
2086367
2077092
2075916
2077092
2079207
2088482
2096322
2091624
2092366
2091526
2094406
2067472
2066416
2067472
2071961
2070839
2067959
2069081
2066225
2069081
2071041
2078233
2076273
2073777
2066585
2069081
2071721
2068865
2067689
2065778
2067689
2065324
2066260
2066836
2066791
2089471
2094031
2095227
2099787
2102152
2097544
2097589
2088789
2100569
2101385
2101793
2100857
2101907
2101091
2082702
2061126
2049346
2048770
2027098
2048770
2057570
2057126
2057866
2058310
2062918
2053643
2066143
2069258
2081038
2081854
2100502
2081854
2101272
2102448
2101272
2081854
2078974
2081854
2110798
2109016
2144566
2152210
2154870
2156040
2164020
2162400
2161140
2167284
2169924
2188313
2194193
2197203
2199957
2225625
2227803
2231751
2234607
2234652
2234244
2233668
2238276
2238852
2238807
2237991
2238807
2238363
2219715
2215107
2223907
2224351
2215551
2218659
2208573
2199773
2193629
2196849
2195913
2197035
2203179
2211979
2222065
2225075
2226011
2223001
2219781
2218659
2219235
2238653
2239849
2244409
2249293
2251075
2251926
2238162
2239284
2266218
2269098
2264609
2265665
2264609
2265731
2262851
2261729
2264585
2261477
2261033
2260217
2260793
2251993
2251417
2251372
2252188
2252632
2249776
2254384
2249776
2268424
2268469
2270229
2270773
2273433
2270040
2267198
2268394
2267590
2275570
2294218
2291464
2314144
2315340
2314440
2314200
2320080
2321060
2332530
2345220
2346276
2327628
2330484
2339284
2338468
2357116
2356672
2354912
2359520
2360336
2359760
2360204
2357348
2357924
2357879
2357924
2353316
2352476
2361751
2362493
2361751
2347987
2355827
2346552
2338712
2344592
2339894
2353658
2351543
2352719
2357417
2359532
2358356
2361110
2360498
2355938
2356838
2354084
2353268
2352368
2353184
2353796
2358356
2356406
2347910
2335220
2332466
2313048
2315904
2314782
2306942
2310057
2311107
2309931
2297431
2295481
2289601
2287261
2279421
2277510
2254830
2257686
2260566
2262166
2261722
2262298
2261722
2243074
2243890
2243845
2252645
2248037
2248481
2245625
2248481
2239681
2244289
2244334
2262982
2262166
2259286
2258164
2257108
2230174
2227996
2233708
2233996
2233552
2235730
2227750
2228920
2229736
2224024
2226597
2225781
2227506
2224664
2232644
2231924
2231636
2228996
2231838
2230113
2232753
2225561
2227521
2225561
2223065
2225921
2233113
2230257
2232753
2223953
2223377
2204729
2204285
2203469
2198861
2196005
2195960
2198840
2190344
2190956
2191090
2191634
2199614
2196954
2199614
2199070
2191090
2192286
2191090
2194210
2215786
2224282
2224327
2222416
2217856
2220610
2240028
2242782
2239902
2238726
2219308
2222188
2223364
2242782
2242040
2245155
2247066
2258536
2249261
2248085
2245970
2241272
2227508
2229108
2229959
2222119
2224692
2218812
2219934
2217160
2217900
2219181
2183631
2189951
2191073
2190023
2187683
2193395
2194571
2198003
2196947
2199287
2193575
2192399
2193455
2190023
2190827
2226377
2247953
2247998
2250658
2251234
2251678
2253589
2250474
2249623
2252738
2255311
2254189
2255311
2256162
2257762
2255851
2254251
2242781
2240208
2251678
2253856
2267898
2265258
2260374
2264322
2272302
2273153
2291542
2289922
2288137
2290777
2292892
2290714
2282734
2273934
2272812
2281612
2287756
2284536
2283600
2284722
2281712
2291798
2295018
2284932
2287942
2288878
2282734
2283278
2285938
2284742
2292722
2284742
2284198
2281538
2282734
2287270
2288086
2289022
2291387
2293298
2301794
2301044
2301980
2304320
2316100
2280550
2278639
2300311
2278639
2275797
2269653
2268717
2271082
2259302
2256937
2254277
2255177
2257931
2257080
2258680
2259531
2258409
2262969
2251499
2250683
2248110
2246510
2243395
2244517
2239957
2237203
2239776
2238876
2250346
2250958
2249047
2252162
2254073
2254889
2254277
2252317
2254813
2256073
2268505
2271361
2283793
2276601
2257183
2264375
2266335
2262903
2250135
2247279
2256246
2258952
2253240
2250744
2248784
2250695
2253810
2254932
2243462
2240889
2239767
2242340
2253810
2251899
2253499
2254350
2252750
2251899
2248784
2249360
2243480
2252280
2254620
2256345
2258305
2254357
2254969
2258041
2260614
2260854
2262474
2291418
2293098
2293542
2306042
2306782
2318252
2319872
2327712
2330827
2330872
2333992
2346492
2355222
2368986
2369430
2369475
2391051
2388391
2388346
2387770
2366194
2366770
2369430
2368986
2366326
2365782
2364586
2372566
2373110
2374306
2366326
2368986
2366808
2366520
2358540
2356416
2353776
2361756
2363934
2361756
2364396
2364940
2365840
2366896
2369469
2372584
2384054
2382932
2384843
2381728
2380877
2381728
2383328
2384450
2372980
2371380
2369469
2366896
2355116
2352776
2351600
2354354
2373772
2374348
2371468
2370082
2350664
2353544
2353988
2351234
2352410
2332874
2330301
2329179
2340649
2339527
2342100
2341249
2339338
2327868
2329468
2330590
2328017
2328868
2327268
2330383
2327268
2329179
2329467
2334351
2343151
2342335
2337775
2334933
2334645
2336370
2342082
2337198
2338014
2332302
2304120
2306962
2305237
2306962
2298162
2295306
2291913
2279223
2279799
2282679
2280897
2283537
2247987
2245414
2237574
2236674
2234101
2236012
2234890
2223420
2222569
2234039
2235639
2234039
2235161
2238276
2236365
2238938
2239789
2236674
2237218
2239878
2237218
2238414
2230434
2238414
2237870
2236674
2234178
2232218
2229362
2222170
2224830
2224254
2224830
2224386
2224341
2224785
2224830
2222170
2200594
2222170
2224810
2223910
2224810
2220250
2223004
2230984
2230168
2235052
2232298
2232910
2197360
2195182
2197132
2196520
2194795
2194219
2191579
2192755
2193571
2198131
2190151
2192329
2191207
2188197
2196997
2188197
2178111
2177175
2180395
2190481
2191417
2197561
2198683
2192539
2195549
2192329
2191478
2188363
2187241
2185641
2174171
2171598
2169687
2168945
2168141
2168429
2182193
2187077
2186097
2187697
2186017
2186737
2174047
2175307
2167467
2168043
2164611
2161731
2153891
2167655
2180155
2180110
2178490
2180110
2167610
2170725
2179455
2176340
2167610
2167655
2156185
2159305
2170775
2178615
2164851
2161731
2163331
2166211
2164611
2167467
2164587
2161731
2159071
2159615
2159071
2151091
2159071
2157875
2160535
2161731
2162307
2160396
2160156
2161332
2160396
2172176
2184866
2185802
2207378
2205013
2203228
2205406
2207771
2229443
2231403
2222603
2220692
2208912
2210823
2189151
2193759
2194809
2194233
2195409
2198289
2178871
2177695
2174815
2177589
2178033
2199609
2200185
2178609
2178654
2181314
2178654
2178609
2178033
2177589
2180661
2154993
2156718
2158678
2185612
2188732
2190682
2186882
2184704
2182064
2192150
2227700
2219720
2228687
2247076
2251684
2265726
2268701
2271455
2273820
2271046
2273496
2275281
2274231
2273489
2276954
2255282
2253322
2256542
2257086
2255890
2257086
2249106
2251766
2251222
2248562
2256542
2256098
2259213
2261173
2260327
2264935
2267595
2270475
2273450
2272604
2270693
2271544
2270644
2267890
2268790
2267974
2263414
2266168
2270728
2270116
2270728
2271544
2284312
2288872
2286118
2266582
2294764
2293918
2304004
2305624
2305384
2304533
2301558
2306118
2279184
2273304
2275264
2277760
2282458
2282746
2291242
2309631
2312851
2316244
2320942
2321486
2321441
2343017
2345677
2343017
2342573
2320997
2320421
2320997
2321042
2321486
2322302
2324027
2322905
2320063
2311263
2311551
2308541
2311383
2310447
2304303
2311947
2311659
2309934
2306714
2305898
2304842
2306753
2312465
2302379
2296667
2293547
2295167
2295212
2282712
2296476
2282712
2271242
2279082
2291582
2288467
2288422
2299892
2303012
2295172
2303902
2307017
2298287
2296667
2296223
2297123
2297969
2299569
2300415
2294095
2297895
2294780
2283310
2282766
2290746
2291290
2290094
2282114
2284774
2282114
2283310
2283070
2282330
2279757
2281437
2283057
2283797
2286869
2285249
2282177
2269677
2272250
2271806
2242862
2255362
2253682
2253922
2254366
2283310
2284114
2319664
2284114
2283310
2285095
2283335
2284511
2283335
2280581
2274701
2272251
2273091
2271141
2248461
2245341
2243556
2245506
2248626
2251380
2260180
2264716
2267166
2274810
2275656
2297232
2300664
2302575
2303631
2301720
2307864
2279682
2276908
2275732
2272852
2275626
2278506
2279682
2282047
2282863
2289183
2292039
2294793
2295644
2308334
2310674
2310914
2308058
2308808
2308568
2311228
2310478
2307818
2310674
2309954
2317934
2306464
2315264
2310566
2302070
2307950
2309126
2309846
2312211
2309201
2310251
2314949
2317314
2318294
2319416
2332106
2340906
2340462
2318886
2318841
2316181
2315605
2328037
2326255
2325404
2347076
2345476
2343526
2342404
2347288
2342728
2343628
2352428
2379362
2379650
2388146
2392844
2411233
2414453
2411957
2393568
2385072
2380374
2383767
2383479
2380259
2382755
2379362
2378166
2386146
2388806
2390002
2390546
2382566
2379906
2379362
2376608
2379728
2367948
2366037
2377507
2355835
2375371
2373006
2370346
2373811
2374747
2373811
2376176
2387956
2382244
2363596
2365507
2343835
2342899
2341114
2348954
2370626
2376770
2372210
2371598
2368844
2368028
2367128
2385776
2388632
2388677
2393285
2393861
2394677
2403477
2403921
2400489
2395881
2381839
2384017
2358349
2352637
2333219
2331213
2326653
2298471
2299641
2312331
2307633
2306511
2305531
2304481
2313281
2314261
2311896
2312946
2317644
2308844
2309966
2297276
2299641
2290674
2276632
2279607
2282361
2300750
2314792
2311817
2316425
2313671
2295282
2290674
2291955
2292399
2291823
2287215
2290071
2290026
2271378
2262578
2263154
2260298
2259854
2268654
2268699
2273307
2291955
2292771
2291955
2294295
2294583
2296543
2297087
2297891
2296109
2296829
2285359
2276629
2264129
2261014
2253174
2250054
2248434
2234670
2234625
2235441
2240049
2239233
2236377
2227577
2222969
2222924
2222969
2204321
2222969
2222393
2221949
2222525
2231325
2231769
2234625
2231965
2223985
2222789
2222245
2222965
2222161
2228041
2250721
2258561
2259281
2236601
2217183
2203419
2204319
2204895
2206677
2203797
2204373
2199765
2198589
2179941
2179125
2187925
2185151
2184707
2174621
2177477
2178653
2175797
2194445
2185645
2186089
2205507
2210115
2210160
2213280
2214096
2217106
2216530
2216485
2219365
2197693
2195353
2197138
2188642
2183944
2180724
2183944
2165555
2165267
2168660
2166164
2170862
2189251
2185858
2186146
2194642
2197138
2184448
2183398
2181033
2179911
2188711
2184013
2175213
2176335
2178450
2179500
2184198
2186563
2185583
2186563
2188163
2185283
2188139
2185283
2183683
2186563
2185987
2183145
2183385
2177673
2180123
2144573
2166149
2185685
2187470
2187182
2188028
2186303
2205839
2205023
2200487
2208467
2205352
2204776
2204821
2204377
2195577
2192721
2188113
2188068
2196868
2199724
2200168
2200744
2203852
2203036
2207644
2208460
2189812
2194372
2197592
2199552
2200356
2208336
2209056
2209956
2210807
2209991
2212847
2225537
2223172
2225537
2222681
2219927
2222267
2215947
2216763
2204073
2203222
2209542
2212296
2209956
2218686
2213988
2217208
2216466
2214516
2212176
2213901
2217333
2214491
2215233
2223963
2223675
2223387
2222541
2208777
2206662
2203806
2222454
2221638
2221593
2224449
2224494
2233294
2233870
2233294
2228686
2228242
2229058
2225950
2226394
2231002
2222202
2225317
2224597
2225041
2222185
2224300
2232140
2233526
2233814
2235010
2243810
2244860
2245304
2244488
2243438
2244014
2245136
2240438
2253128
2254108
2249500
2251865
2260665
2263521
2268219
2268174
2272782
2263982
2263538
2260682
2261498
2252698
2251718
2250596
2250020
2258820
2258865
2256500
2237852
2256500
2254385
2253665
2250445
2249545
2241565
2242369
2237809
2235849
2235045
2237005
2237725
2245705
2248925
2249825
2254385
2255285
2247445
2246395
2220727
2214967
2215687
2218347
2209547
2205599
2202484
2210324
2209128
2207217
2206773
2197973
2198018
2197973
2206773
2203917
2204361
2185713
2181105
2181921
2181105
2183961
2183385
2183961
2202609
2207217
2209557
2207217
2201505
2207217
2206161
2207337
2210769
2209593
2210649
2207217
2207761
2212459
2207761
2207217
2208387
2209137
2206510
2207410
2209983
2206551
2194051
2190936
2181969
2163580
2158882
2150386
2147890
2151283
2147890
2148178
2152876
2156096
2164592
2161372
2179761
2179473
2181969
2173169
2170313
2169497
2172353
2173169
2173745
2182545
2182989
2183034
2187642
2206290
2205846
2187198
2186622
2182014
2181969
2183754
2185714
2184994
2185798
2181238
2180434
2179534
2177574
2174354
2178914
2186894
2190114
2190834
2193199
2185219
2186119
2174339
2175143
2174339
2171974
2174314
2178874
2185194
2187105
2198885
2177213
2177963
2178809
2177873
2176973
2205155
2205971
2205155
2207861
2208601
2206690
2205710
2206760
2205710
2218400
2213702
2214682
2212317
2211195
2215893
2217015
2204325
2206690
2215490
2206690
2203834
2185186
2180578
2179762
2179318
2170518
2169942
2169897
2171073
2168193
2187611
2168193
2171073
2169897
2168277
2168517
2171090
2168018
2169698
2169254
2198198
2201270
2188770
2188530
2201030
2201770
2203390
2201710
2200970
2172026
2172470
2169897
2171517
2193093
2181623
2184738
2181728
2187488
2188544
2186762
2184008
2187473
2196203
2204043
2212773
2213895
2218503
2236892
2250934
2232545
2231264
2234018
2235299
2238274
2224232
2219624
2216870
2213895
2213175
2217735
2219646
2215086
2211866
2240048
2243848
2244652
2243482
2248090
2247190
2255170
2258390
2257586
2255626
2256526
2258486
2250506
2251226
2242496
2241516
2263092
2266164
2267784
2263176
2257032
2258082
2256822
2260287
2253967
2251213
2248717
2246352
2247738
2245956
2241258
2242380
2255070
2246270
2245220
2244240
2245290
2247655
2245290
2246270
2250968
2238278
2247078
2245956
2248296
2250661
2251512
2252328
2254693
2257549
2254795
2248475
2245619
2232929
2232113
2244803
2247557
2246706
2253026
2250661
2248876
2246536
2248321
2245956
2244356
2241991
2239697
2236577
2234237
2230844
2229224
2210835
2207615
2207327
2203934
2201438
2196740
2188244
2187440
2186540
2184580
2189140
2181160
2176600
2177320
2178220
2179024
2178304
2181524
2189504
2186284
2188244
2223794
2222990
2223794
2188244
2189969
2195729
2198483
2199869
2218517
2219497
2220217
2200799
2200223
2197127
2197973
2197157
2193209
2165027
2193209
2192459
2189351
2188505
2189321
2187641
2188391
2175701
2167205
2167160
2162462
2161611
2161035
2173725
2178423
2179545
2181910
2182960
2181838
2190638
2188273
2183575
2182595
2183575
2174775
2162085
2161035
2161755
2159795
2158991
2159891
2156671
2155951
2157911
2162471
2161571
2157011
2149031
2149165
2152385
2160365
2159625
2159385
2156270
2155530
2153745
2156110
2153745
2155530
2154354
2157234
2176652
2173772
2174948
2155530
2169572
2170552
2170264
2148592
2142712
2143692
2129650
2143692
2142712
2141812
2139852
2140752
2148732
2144172
2144038
2147258
2147978
2149938
2150072
2142092
2146652
2143432
2142712
2130022
2127382
2126186
2126052
2124267
2123287
2124267
2115467
2102777
2103899
2102777
2105142
2117832
2119592
2120642
2119662
2114964
2119662
2118612
2116247
2119127
2116247
2117847
2120703
2117847
2116247
2117227
2103185
2102205
2116247
2115077
2114231
2113481
2090801
2062619
2060504
2058164
2057348
2051468
2029796
2029220
2019945
2005903
2019945
2020925
2019945
2020665
2022625
2023429
2021064
2022849
2030829
2035389
2033604
2033470
2032570
2034935
2034215
2032255
2027695
2019715
2022935
2023835
2020615
2017495
2003731
2002051
1976383
1974423
1969539
1968369
1966029
1963275
1966131
1963766
1962950
1965315
1971635
1970784
1958094
1960848
1961699
1955379
1952523
1954863
1955679
1968369
1974129
1971375
1957333
1958614
1957333
1954358
1957112
1971154
1952765
1953485
1972133
1973858
1987900
1990875
2009264
2003504
1989462
1990848
1991828
1996436
1993682
1994662
1993276
1992296
1990571
1985963
1988717
1987737
1987017
1968369
1965615
1964439
1959555
1956435
1953315
1950819
1948246
1947958
1943260
1944382
1943402
1942352
1944717
1957407
1958457
1967257
1954567
1952807
1951685
1956383
1957363
1954998
1955978
1954998
1969040
1954998
1954454
1959152
1959696
1954998
1954258
1953062
1952618
1951496
1948836
1941644
1932844
1932040
1940020
1935460
1940020
1940740
1938780
1939680
1941640
1941774
1933794
1930574
1929674
1928954
1932174
1931194
1945236
1931194
1932174
1926414
1925238
1923278
1903860
1900980
1901960
1900980
1886938
1900980
1899195
1900980
1898615
1900980
1898226
1897938
1885438
1887058
1886818
1888498
1888054
1891126
1888054
1892878
1893618
1864674
1862994
1862254
1859681
1859921
1862494
1860874
1873374
1873818
1876183
1875283
1874563
1871343
1870221
1870087
1857397
1849417
1848437
1843739
1845499
1846479
1859169
1856804
1854844
1853794
1854844
1846044
1850742
1851864
1847304
1861346
1862326
1861346
1847304
1847880
1847925
1856725
1861333
1864189
1882837
1883653
1884097
1882477
1880137
1870051
1862859
1865613
1865658
1866202
1867018
1868638
1869358
1872132
1873182
1874964
1873984
1874964
1860922
1862928
1864104
1860984
1862769
1868649
1871769
1869819
1872269
1863469
1860715
1858265
1867065
1866225
1861689
1859904
1858728
1861482
1884162
1886112
1884916
1884340
1884784
1886544
1886100
1886055
1890663
1891479
1910127
1909071
1890423
1890999
1869423
1872279
1867671
1867716
1858916
1858100
1855244
1854264
1852258
1847650
1818706
1837354
1837930
1843690
1845415
1843690
1843114
1843834
1848442
1829794
1832548
1832104
1850752
1849936
1850916
1849936
1850380
1850335
1853191
1852471
1852516
1847908
1845052
1843292
1841906
1842722
1824074
1825834
1827220
1824466
1818706
1816341
1815219
1813459
1800769
1799719
1798739
1794041
1795826
1793461
1795826
1794041
1786061
1785245
1773465
1770609
1769793
1768113
1767537
1763589
1762977
1781625
1781049
1781625
1782441
1779585
1774977
1774533
1774977
1776737
1758089
1758044
1762652
1761836
1761881
1764737
1762977
1760637
1761488
1763828
1760972
1760121
1762977
1762161
1768481
1781171
1778806
1779622
1781987
1769297
1772051
1765731
1762977
1761252
1760532
1757892
1757076
1757520
1758336
1776984
1777029
1776984
1772376
1771932
1770172
1778972
1783580
1783004
1783580
1780724
1783580
1764932
1762076
1759416
1759176
1758426
1756641
1754859
1753179
1751579
1750529
1749359
1723691
1719743
1701095
1698239
1700993
1703849
1704293
1718335
1699946
1700762
1697787
1697832
1706799
1692757
1691476
1686868
1687444
1686628
1705017
1706777
1702169
1720817
1712017
1709263
1709218
1712193
1711749
1716357
1715781
1720389
1715781
1714521
1711767
1709982
1707617
1709982
1711767
1716375
1717191
1735839
1736283
1736859
1736814
1701264
1703024
1698416
1697612
1698416
1679768
1679192
1677432
1712982
1712166
1711722
1708866
1708911
1711767
1709107
1708563
1702243
1702288
1705144
1709752
1728400
1709752
1705144
1704328
1701472
1700896
1699136
1698692
1699136
1700896
1701712
1701667
1702243
1697683
1695023
1686223
1684438
1681582
1679982
1677102
1677918
1676938
1681546
1679786
1677032
1675646
1678502
1678547
1659899
1659455
1660031
1659986
1659170
1658450
1639802
1639226
1633466
1628858
1626002
1624277
1642925
1644685
1645129
1623553
1617673
1605241
1601848
1598733
1595613
1592733
1584893
1583108
1583063
1582619
1563971
1563395
1561635
1558779
1561144
1558779
1560564
1559748
1555140
1547160
1543940
1535140
1533540
1532689
1526545
1504969
1492537
1491415
1490479
1489903
1487149
1468760
1467374
1466624
1463614
1458916
1463614
1464158
1463614
1462798
1460044
1459193
1446503
1444163
1437843
1434987
1432622
1432667
1431617
1428843
1430625
1432245
1429491
1448909
1447289
1446745
1447289
1450043
1450859
1449077
1450127
1450082
1450802
1449986
1449266
1448366
1443830
1435100
1433978
1431098
1430378
1426430
1425254
1420370
1419758
1406990
1408166
1404734
1410446
1409390
1412822
1415162
1416218
1415042
1412702
1406990
1416265
1434913
1436035
1422271
1419156
1413012
1412436
1409863
1408693
1407953
1405380
1403760
1400688
1401132
1388632
1386952
1389525
1392597
1392837
1421781
1416957
1429457
1429013
1430693
1431433
1433053
1432813
1430448
1428663
1410015
1411137
1409412
1428060
1437335
1428060
1425882
1423128
1422006
1418786
1417935
1409955
1407505
1426153
1435428
1436550
1427275
1408627
1407505
1404751
1395784
1398538
1401513
1396905
1382863
1364474
1373441
1378049
1396438
1393463
1407505
1405545
1405001
1403805
1391373
1390929
1409577
1400302
1381654
1380532
1381654
1390929
1387536
1386340
1385080
1377240
1367154
1366434
1362634
1359202
1368477
1387125
1368477
1367355
1368477
1359202
1357242
1330308
1318838
1300190
1309465
1308343
1299068
1317716
1318838
1316084
1315280
1293608
1291648
1290388
1281588
1275708
1257060
1238412
1257060
1255938
1246663
1255938
1257060
1259940
1272630
1275270
1282380
1283576
1285487
1284437
1283893
1282771
1263353
1262303
1281721
1283503
1284223
1282441
1285195
1282441
1283257
1282713
1282758
1281942
1272667
1254019
1253974
1255594
1254874
1253254
1254304
1254848
1251728
1245584
1242830
1240880
1229100
1228350
1225900
1235175
1239735
1275285
1276671
1298247
1298987
1324655
1327770
1329051
1326686
1324904
1317712
1316662
1315816
1315012
1307368
1306468
1305412
1292912
1285268
1283318
1282706
1283510
1290620
1255070
1254266
1253526
1242056
1230586
1221786
1218321
1217709
1208434
1209820
1208539
1205424
1206164
1227740
1263290
1272257
1276817
1302485
1305600
1279932
1279192
1257616
1266891
1262331
1260945
1225395
1224851
1225395
1220697
1225395
1222641
1208599
1203991
1201016
1182627
1173660
1170195
1148619
1145739
1145554
1181104
1181844
1177284
1180399
1171124
1169738
1134188
1108520
1130096
1108520
1117487
1122047
1147715
1156990
1156250
1157636
1154521
1145554
1145266
1144690
1141618
1142358
1142802
1171746
1171302
1142358
1154858
1142358
1140678
1143251
1141631
1140891
1142511
1139938
1139698
1141378
1141618
1144690
1141470
1140728
1131998
1127438
1101770
1080194
1077079
1086046
1081486
1072519
1108069
1109455
1100180
1109455
1135123
1135863
1100313
1103428
1102688
1107248
1105862
1109458
1131034
1138874
1174424
1180568
1183141
1187749
1191549
1193999
1195385
1195340
1194494
1193678
1191893
1213469
1209873
1206758
1215725
1211165
1220440
1221180
1195512
1186237
1177270
1180385
1184945
1186331
1184945
1149395
1175063
1174323
1209873
1222641
1230285
1233717
1232737
1223770
1223482
1221882
1220157
1218246
1219368
1221279
1222879
1234349
1236922
1237773
1240888
1232088
1254768
1251648
1250472
1248522
1246737
1248522
1246072
1243318
1245078
1239198
1241952
1243902
1246352
1247528
1250648
1251488
1228808
1233368
1259036
1268003
1267263
1265877
1275152
1278267
1242717
1239602
1230635
1232021
1253597
1289147
1263479
1254204
1232628
1228068
1228808
1227188
1224823
1220263
1215703
1212271
1234951
1236862
1244702
1247042
1243242
1240602
1243052
1221476
1222862
1220289
1228129
1263679
1250989
1286539
1308115
1306729
1303849
1308457
1303849
1296009
1289865
1291061
1255511
1258151
1256240
1253790
1255701
1261845
1260649
1263222
1267022
1279712
1282592
1275482
1274360
1262890
1265463
1267374
1268225
1269347
1268496
1265923
1277393
1274278
1272367
1273967
1277082
1275482
1256834
1253762
1241982
1240022
1221633
1219518
1228485
1229225
1219950
1223065
1244641
1243901
1253176
1250061
1275729
1271169
1306719
1271169
1245501
1250061
1228485
1219518
1218132
1219518
1216053
1215333
1201291
1181755
1177195
1175235
1174623
1146441
1119507
1097931
1101363
1097931
1085163
1077519
1090287
1097931
1098782
1095667
1093756
1105226
1108341
1109463
1108612
1107012
1109585
1111185
1099715
1101626
1099053
1097931
1096149
1096869
1096325
1115743
1096325
1097945
1098761
1100543
1100588
1101132
1101087
1103841
1102221
1103271
1102221
1101405
1100685
1097931
1094131
1084856
1082406
1079833
1044283
1046733
1052877
1048269
1026693
1031301
1009725
1005165
1013005
1012265
986597
980453
977338
978724
977338
941788
932821
931435
966985
969558
973358
965518
987094
986518
983945
980970
945420
947331
945420
944298
945149
942576
943698
932228
929113
928262
926662
929235
930835
933950
945420
944250
943350
937590
938441
940041
942614
943736
942136
939563
937652
949122
952237
951661
950539
952450
940980
938407
937657
934542
933691
929083
964633
966019
968469
971042
992618
988818
967242
964792
970936
964792
929242
921402
926010
929810
927237
935077
933691
930259
937903
941335
954103
941335
933691
915302
914252
911912
910790
908879
905764
906886
918356
906886
907737
910852
909252
910852
910001
907428
909339
911912
909952
909106
904498
903217
898657
897757
889261
895405
891605
856055
891605
885461
883011
884397
905973
908423
900583
908423
913031
916831
914258
892682
895255
893869
889261
890112
891712
889801
890923
892834
891712
889139
888288
899758
898158
886688
889803
886688
889261
853711
846067
841183
838818
835808
831110
835808
835264
835808
823040
819608
811964
811244
810188
781244
778671
776760
775638
774787
763317
760202
758602
746170
745270
743485
740845
743485
741574
744024
742828
764404
767284
771084
763244
760604
768444
774588
769980
734430
731980
767530
745954
733264
745954
747150
749723
785273
781473
778593
780504
744954
749562
746989
745603
739459
740845
742525
740845
743917
744657
744897
715953
716397
715953
703453
706026
702954
704574
733518
746018
745778
744158
743418
740845
738480
734680
726184
726229
735029
737885
738461
738905
739721
744329
762977
761801
764141
761801
765233
761801
762977
757265
756209
757265
762977
762173
755063
748743
747687
744572
741866
746474
746519
746474
745898
727250
728066
719266
722122
730922
728066
746714
747290
747734
747290
742682
741866
749706
752156
773732
809282
813082
815655
794079
789471
786898
780754
786898
788284
792892
757342
753542
745702
743252
741866
729176
726056
721172
712676
691100
677336
674480
683755
691399
692569
693955
695575
699040
699616
702472
702517
707125
707569
704713
695913
695097
696857
696281
697097
715745
715700
711092
710648
692000
693050
692000
691280
691824
691869
711287
712103
713885
712103
712823
693405
690651
690107
692861
692045
690425
690380
692000
672582
662496
665136
667314
675294
682938
681552
678087
679707
680877
673233
671613
672999
663724
662554
666019
675294
675249
656601
651993
651549
650973
650157
658957
659002
663610
664426
661570
662146
680794
679034
679478
682334
680609
677855
675944
674822
674777
672866
674777
682617
680277
672437
695117
672437
674777
678577
684721
678577
676127
672327
667719
670169
668783
671356
663516
685092
649542
646969
654809
659417
637841
673391
674777
673391
672221
662946
659481
660867
653223
654393
662037
671312
669692
671312
674777
693425
696281
695465
694889
692033
692609
697217
706017
706461
687813
687369
687324
688140
683532
674732
674777
673601
664871
664427
663851
659243
660059
664667
673467
673911
665111
664295
667151
648503
649079
646223
646178
646223
664871
666257
662792
672067
670681
672301
670681
669511
672976
663701
664871
657227
664871
657031
653231
648623
642479
606929
605543
583967
581394
578944
570144
565536
565581
566025
570633
570057
569241
566385
585033
566385
567201
559361
546593
546548
547124
555924
555480
558336
556158
558336
566316
568956
566316
558336
556716
564360
565746
562281
565746
564576
565746
558102
559722
568997
559722
558336
564480
583898
609566
612062
615072
620784
632564
640544
645152
645968
664616
665192
646544
637744
636928
637372
646172
646217
643361
642917
647525
642917
645773
645197
645152
646752
652632
657330
658452
658896
659636
662646
661026
659640
651996
648531
656175
657345
658965
660351
651076
654541
653371
662646
660281
658331
656153
655709
655754
654938
655514
656330
659186
663794
659186
640538
631738
632182
631606
628750
637550
637505
656153
643463
640583
605033
603837
601197
599286
600408
595710
594588
599286
596276
590396
596276
595536
598546
598990
597390
598990
599730
599286
600456
596991
598611
602076
594432
595818
603462
601842
600672
599286
608561
599286
598440
596658
594933
592077
592032
591456
586848
568200
567384
558584
558140
559262
554378
553562
531986
528521
527399
528785
533483
539363
534665
538130
536510
537680
538124
547399
549019
548575
547835
546449
538805
529530
526650
525050
523880
526890
527630
524620
526220
520340
527984
520004
517826
520004
527984
530624
527984
528528
527808
527264
531962
527264
525644
522179
512904
505260
504090
502704
507264
513144
512404
509394
507794
508534
509656
512666
517364
512666
506786
506342
505220
506820
507264
519044
512900
512324
520304
524912
531056
523076
497408
491528
489032
477252
480262
482758
488470
485460
479748
505416
485998
481390
500808
500068
495370
495814
498824
499946
498346
499946
504644
503522
503078
508958
503078
503818
500808
499758
498138
496356
476938
476394
473640
469032
471786
471066
471111
472893
473613
473568
474112
474928
474112
493530
494580
496200
488360
485787
485047
484603
482983
482743
481063
468563
465491
436547
437123
438299
439103
439547
441997
450797
469445
477425
479921
482801
509735
510857
511913
503183
502283
504461
501821
509801
512441
504461
502283
503023
498325
499447
502457
504057
509937
509493
508371
506771
507215
506475
511173
505293
502283
499623
491783
491063
490487
470951
466253
464653
463913
466923
467467
461587
462709
463153
465518
466258
480300
479178
483876
486216
492096
493696
493252
490242
492996
495702
467520
464640
437706
440586
441642
440520
439464
466398
467520
455740
463720
483138
480128
475520
469808
461828
455684
458180
461190
466902
473046
453628
479296
491076
465408
462912
467520
462822
456942
456498
454898
454158
453036
450026
455906
453152
451367
449607
451557
454007
455183
457937
455487
432807
431631
430791
428841
425721
428841
451521
460321
462106
453306
450234
442254
444432
447072
455052
452412
450234
447894
440054
417374
415463
418343
417287
390353
391409
418343
415463
414341
415463
413843
391163
389252
387632
384517
387271
395251
395011
394567
375031
373975
347041
348163
375097
373975
371095
373975
375031
383011
377299
389079
369661
365053
362557
365567
353787
328119
334263
339975
342471
336327
355745
347765
352373
349363
375031
372853
364873
362233
358768
349968
350544
349740
350544
331896
323916
326366
325922
326366
323870
342518
340068
348868
351364
352540
351964
350788
358768
361648
388582
387460
386404
359470
360592
361648
358768
357952
357232
357277
355495
356039
336621
339375
338325
335571
335526
354944
356726
358346
359396
358852
359572
357952
358768
372810
375564
373199
373743
359701
362407
359701
359157
356817
359182
361522
358768
353884
352714
352170
347472
376416
379056
383004
381808
384688
357754
384688
385744
384622
381742
380686
381808
370028
364316
361306
358600
353992
365772
368782
374494
382474
374494
348826
329408
335552
333056
330716
328931
322787
348455
367873
370369
369193
373801
372679
377168
380048
353114
354236
355292
354236
351356
354110
346130
343376
351356
349016
346566
349998
346566
348906
350082
348906
349962
344250
341910
347622
346566
343446
337302
335916
336972
332483
331427
330305
327425
330305
331427
358361
360857
380275
385987
374207
368495
362351
359855
355247
352237
356845
331177
337321
317903
320913
328893
354561
346581
358361
355865
356669
357245
348445
356425
337777
336973
345773
348223
340243
340687
341863
339413
341909
341333
359981
359537
358361
357817
360571
363277
349235
346481
343775
344319
346659
344319
341954
344319
358361
357239
356183
353303
326369
329009
332957
330317
326369
355313
326369
321809
320423
312583
310672
291254
291209
290159
290204
291254
293036
292220
290438
290982
290262
309680
310496
312116
310496
309952
312706
313426
310672
311414
317294
318464
330244
352924
356020
374668
375844
367864
370618
367864
375844
350176
338396
332252
334748
337758
318340
315330
327110
331718
326006
321398
327542
335522
341234
338738
358156
350176
375844
367114
368284
365169
357189
382857
388569
400349
374681
380825
388805
383093
385589
379445
374837
377847
375351
355933
344153
348761
368179
365169
362829
348787
349331
346577
348942
348398
345692
343327
357369
359709
362463
365169
336225
340173
337533
366477
362529
365169
373149
354501
354945
373593
372789
370339
372789
364809
363633
354833
355409
364209
363765
364941
364365
361869
364365
365169
365911
362815
368695
356915
338267
332387
331645
332821
344601
321921
344601
345771
348867
347697
366345
365169
367923
365169
373149
365169
367923
367379
368999
370781
370061
367307
367851
368901
369621
368001
387419
388235
387419
368001
366951
366906
366951
365169
353389
327721
323113
316969
308989
289571
287075
284065
278353
278929
283537
302185
302629
305485
305530
314330
315146
316316
315146
316931
318881
321331
312531
313707
319587
317137
315961
324761
302081
298961
321641
324761
322007
320057
314177
316931
315146
314702
305902
287254
287209
287785
292393
301193
301238
300422
319070
319886
319310
319754
316898
319754
315146
296498
297074
296498
296054
295238
295682
304482
307338
308154
308109
312717
303917
303962
299354
296498
315146
333794
329186
328742
327926
319126
319081
316225
316801
316225
297577
300433
302193
306801
307245
308061
308106
310446
313152
327194
326650
323944
321579
307537
302977
305342
303002
300248
303002
303546
322194
322936
311156
313816
319696
313816
310720
322500
303852
304296
303554
302378
302423
324095
346775
345605
346775
324095
325271
325847
347423
328775
327015
327060
327015
322407
321831
330631
331075
331891
331075
328219
332827
333403
336259
354907
354463
325519
321571
325519
322879
351823
354463
353887
354703
353887
345087
340479
321831
321387
321342
321786
340434
345042
345618
348474
357274
354418
354463
357217
349237
357217
354463
355267
352817
353393
352589
333941
325961
334761
335937
327137
329587
337567
335071
337567
337123
355771
356215
355639
354463
359071
359647
368447
387095
382487
381671
381716
382532
382976
382400
381956
373156
354508
354463
351607
354463
373111
374233
383508
383463
382887
364239
364815
367671
363063
363879
361023
365631
365187
365232
364416
355616
374264
374708
376468
383660
396092
400040
400976
422552
428312
429482
428312
427868
428444
406868
428444
427868
430528
430483
430927
428267
428312
428357
427781
426021
407373
406929
407505
407949
407133
402525
421173
418317
418272
421128
429928
434536
435352
426077
427199
426077
435352
416704
435352
434536
425736
425160
424716
421860
421815
417207
398559
398514
397464
395844
395028
392274
372856
372312
371592
369810
351162
369810
360535
369810
368688
369810
379085
380207
398855
389580
388458
369810
375522
373182
374358
377790
378846
377670
371958
374298
373242
369810
370386
348714
346054
334274
335016
340896
352676
374348
375518
394166
371486
370910
392486
392531
373883
372713
366833
366091
366046
365602
388282
388726
391386
369810
368634
369810
370354
384396
370354
367648
367104
369444
372150
369396
367031
369396
372150
369810
370932
368292
364344
345696
364344
335400
339348
341988
332713
341988
340866
369810
361830
359076
360198
372630
378390
377268
370076
366128
375403
379351
400927
388495
395687
374111
364836
363900
358140
376788
377724
359076
357906
359076
362086
364726
373526
379238
391738
392314
392602
373954
381934
380758
381934
373954
374758
393406
384606
382156
384652
383530
383974
392774
390278
371630
371054
380329
398977
401427
402549
402105
392830
392026
392602
414178
414754
412094
390518
393178
392602
392647
392203
392647
392602
412020
413196
416076
397428
388153
387031
399531
407511
409876
413341
415252
417430
420823
421627
424469
423293
441941
419261
418519
417349
423229
411449
411893
411848
412590
406710
407886
429558
428982
429558
451134
462914
465574
443998
444043
466723
464063
445415
446585
424913
424469
430229
434177
441369
442305
429873
442305
420729
414969
407777
403829
402893
424469
422129
419764
422518
419764
405722
419764
420308
419764
422104
424810
422104
424469
428417
424469
427109
424469
395525
424469
433199
436319
447789
450904
463404
471244
472864
472909
486673
485503
486673
485497
486673
489553
486673
506091
486673
486628
483968
462392
461948
461372
458876
450076
449272
448096
447652
429004
426554
425978
417998
417062
413114
405922
400162
378586
366154
384802
385544
366896
388568
389738
395618
418298
395618
396794
375122
363342
375122
374380
368500
367330
366154
369586
371536
380336
382118
383738
411920
414762
418155
415313
414509
415313
411920
425684
434414
431294
431339
434454
442294
440674
428174
425059
437559
439179
431339
422609
422564
425684
437154
423390
411920
415385
407405
405227
413207
410842
423342
425707
427885
415385
417296
415385
411920
412771
415344
416944
428414
429536
432651
434562
425762
428516
434396
436346
434396
437516
446316
468996
466546
443866
446316
444531
443355
440601
437481
431601
433386
434562
435738
434562
434018
436772
434066
436431
450473
453179
472597
473141
470801
473141
470387
456345
453980
451100
453980
434562
405618
401670
404310
433254
437202
434562
433392
434562
436473
438073
436162
435040
434189
445659
448774
451347
452198
449083
447483
444910
433440
434562
431989
433589
431678
443148
446263
448836
447236
448087
449998
448876
437406
434291
433440
434562
431989
432840
434440
432840
435955
435104
431989
430078
441548
440426
441548
443459
446032
434562
431989
430867
431989
432840
421370
419459
418608
421181
423092
424692
427807
439277
437677
434562
433820
439700
440442
463122
474902
477998
479168
477998
456326
433646
414998
433646
434822
423042
421866
415986
419106
417486
403722
400602
414366
417481
409641
417481
426211
427831
439301
436186
436231
448731
440001
439956
427456
415986
396568
397744
417162
414282
417162
415986
413413
401943
401092
404207
401092
399492
401403
403003
414473
417046
415924
414013
415135
415986
417606
440286
446430
447600
436130
435279
436879
435757
433184
434306
432395
429280
440750
439150
441723
443634
446749
447600
444207
443403
440561
439391
440561
469505
465557
466101
463395
460641
446599
448964
446624
449330
420386
434428
436768
439408
438864
436499
433859
437807
440561
438650
437799
434684
432111
430511
419041
417919
415741
423721
425899
438399
436488
428508
431973
434338
421838
419473
421384
417919
418975
417799
412087
414427
417859
414427
413371
411031
416743
417919
422527
422572
423148
423964
432764
433208
436064
454712
446872
443757
442137
428373
419643
408173
408128
405008
392508
373860
371004
373860
373905
374721
374145
373329
372885
373329
377937
369137
387785
387740
388316
383708
385468
366050
367226
364346
383764
382588
385468
362788
384460
390340
389598
390774
384894
386064
397844
386064
386806
385630
404278
403108
425788
422692
404044
403468
422116
421300
421876
424732
425176
420568
429368
410720
408960
406104
410712
410757
410712
411528
411084
415692
411084
408228
407652
407607
408423
407979
389331
389907
408555
417355
417400
408600
409044
408228
411084
418728
420688
419518
420688
402040
397432
398008
395152
395968
395152
395197
395641
386841
386397
386352
385776
388632
393240
402040
420688
422866
425506
433486
434302
437158
437203
455851
455806
447006
428358
399414
401174
397226
394370
393926
393350
393794
389186
388370
392978
393554
390914
388574
385820
383114
382570
368528
366163
367763
355263
355551
364351
363775
366655
369511
370087
369799
360999
366711
379211
376201
373561
376571
379211
373499
376355
375779
380387
399035
398591
399035
398990
407790
404934
403174
403990
404035
404611
385963
381355
380539
377683
377638
368838
364230
364806
367662
367086
366642
367458
348810
353418
372066
371250
380050
380095
380539
399957
402837
401661
382243
379363
380539
389339
388523
369875
367019
366974
367418
370274
365666
370274
370319
371135
362335
361759
361315
379963
380539
378361
370381
367741
370381
372559
380539
406207
417677
420519
422469
399789
388009
386833
380953
403633
404375
410255
413351
431999
433169
414521
413779
425559
426735
405063
403893
412389
426431
427247
430319
430895
439625
447605
445427
447792
451257
448892
445427
443516
456016
443516
435536
437447
439625
447605
444749
435949
435133
434689
434644
430036
429460
410812
388132
389302
383158
405838
404218
410362
411982
410812
424576
425512
426124
428980
437780
441000
444120
442950
444120
441942
433962
436140
433500
441480
444120
451764
464532
467964
470939
473795
477743
482303
483983
503519
506273
518963
519814
522179
522995
525851
532171
534511
515093
516269
519149
517973
520151
528131
547549
560049
557169
569601
572097
574939
575989
576433
585708
599750
600730
603484
604384
605200
609760
610372
609392
601748
588980
592412
593392
601036
613804
610372
596330
610372
612550
615190
613012
620992
613012
610372
609630
615510
612414
613590
625370
644018
632238
654918
632238
613590
635262
636432
630552
629376
630118
628948
625828
628278
625828
627613
629563
632317
631337
617295
614541
591861
597741
620421
614541
628583
627407
625622
627382
628558
619758
617808
620928
621908
624481
637249
640003
666937
667788
666808
652766
653746
667788
679258
653590
657868
646398
648763
657730
661162
673852
674396
675996
688496
691471
699967
703039
695059
686329
685753
686569
695299
703795
704371
695875
692803
700783
686741
685925
699967
685925
699967
700947
699967
698797
691153
687721
695365
682597
695365
698797
696619
688639
696619
684119
686297
698797
684755
683775
697817
698797
701772
700092
701772
698916
694968
714504
694968
698916
695941
698797
694237
698797
696157
698797
706777
708955
706777
698797
696886
693421
680921
678556
676378
678556
680921
688901
701401
703312
706777
698797
718215
698797
695917
694741
697621
698797
701677
698797
697197
700053
701653
698797
699777
713819
699777
698797
696432
697248
694494
688174
687358
686507
687358
700048
697192
699532
702388
689698
692063
694817
692477
698797
684755
685735
699777
698797
697981
700735
705295
705907
706807
707623
703063
700309
699409
698797
695365
687721
674953
660911
674953
675933
674953
688995
689975
675933
674953
672313
664333
662155
668299
666679
643999
645619
668299
662155
663325
662155
639475
638305
632425
631683
610011
608835
597055
578407
564365
563385
565563
553063
565563
563385
555405
563385
562335
564831
574106
575156
577998
577554
575058
572216
562941
567085
554653
555097
563897
562961
554161
551041
550429
547209
544353
547209
560973
564193
564805
551041
554161
555097
552217
532799
552217
553393
552217
555097
552524
525590
528344
525590
538358
525590
552524
555097
556777
576313
580261
583117
580261
576313
579288
583848
579288
577608
558072
555097
555142
555958
556402
565202
583850
584426
589034
591890
580420
576142
587612
591890
594230
594842
600554
599378
597038
595982
599414
600230
595670
595058
597812
602372
603428
602528
601712
598958
595526
596426
597602
591890
591314
599294
607790
608366
600386
599570
590840
582344
585416
586232
600274
597202
583160
591890
594230
597086
594332
597086
609776
606920
609285
610101
597411
598262
595897
593557
592706
586386
592706
591890
592334
593150
593195
593150
592574
593150
584350
602998
611798
608942
604334
585686
590294
589850
589034
591890
579200
588167
591599
594574
595118
603614
594647
591672
594037
591672
604172
595676
592244
593844
581344
594034
592434
591890
591314
582514
581698
586306
604954
586306
589162
589738
598538
598094
595238
590630
590675
591119
591935
591890
579390
571410
579390
591890
594068
591890
589979
581999
589979
593444
595355
592990
605490
602025
589525
587347
589525
591890
594746
591890
600690
599874
600450
581802
586410
605058
600450
601266
600822
600867
601311
592511
592466
591890
594746
591890
591446
590870
609518
614126
614570
614525
609917
601117
601162
602922
584274
585090
585666
584850
583674
564256
561376
562192
561616
558760
557000
561608
564464
564908
564092
572892
554244
553800
549192
549147
567795
567840
568416
548880
544932
547788
544813
541957
543637
548197
543637
541957
544932
564468
568416
549768
540968
543824
544640
541784
540968
540392
549192
567840
567396
567840
567885
568461
568416
563808
568416
571170
570558
569658
570474
565914
566814
571374
571986
571170
568416
565560
562680
561080
563960
565560
568416
568461
568905
566049
566004
566580
547932
548748
547932
543324
546180
545736
536936
541544
540968
559616
561376
570651
568155
558880
556038
554988
556038
568470
564326
567168
569664
570108
569664
571624
563980
562020
569664
561684
569664
557164
569664
571842
569664
556896
575544
572971
572395
571951
584719
587575
588391
597191
624125
621371
618515
621088
621664
626272
621664
620848
620893
593959
593914
596668
594908
576260
576704
589394
587054
587870
587054
584689
571999
565679
568044
567193
569947
576267
577118
574364
577220
574364
576704
576749
579409
579853
580429
584025
587140
587991
590564
592164
594075
595197
606667
606223
597423
597378
596562
577914
573306
570450
569874
558404
554126
554702
563432
555452
558524
572566
558524
567020
575000
571928
563198
554702
554126
554942
554126
559838
556828
557116
556828
554188
553612
544812
532312
526600
539100
547900
550540
553550
554126
553004
553855
550740
551862
549289
547689
545778
548351
536881
536030
537630
540745
552215
554126
552506
555386
556366
591916
599896
602992
604162
602992
612267
613887
615147
592467
593637
599781
608748
602604
625284
626406
625555
637025
640140
641740
640140
638229
626759
627610
629521
632094
628979
626406
625284
616317
613952
610520
598020
606516
607060
619560
622992
631959
634934
637299
624609
621634
620034
611538
610994
612594
625284
627944
627368
627413
624753
621157
621112
642688
643264
643708
643264
640289
644237
645917
643061
646036
641476
646036
650920
631384
627436
630292
628612
631832
632444
634204
635140
634204
625404
628260
642024
641412
627648
630768
627912
624792
621572
622184
626744
622184
624938
624326
621572
620672
621572
622388
621572
624687
636157
634557
636468
637319
639892
637319
636468
637590
639190
627720
625809
622694
621572
629552
621572
609072
606894
619394
621572
618107
610127
607762
620262
623727
621549
629529
617029
619394
621305
623483
621572
619972
617399
618250
606780
603665
600823
602773
605615
608730
610330
611452
622922
624833
627406
625456
624605
623483
621572
623483
631323
633663
656343
658254
657132
655532
658105
656194
657794
658916
656343
655492
658607
659458
647988
644873
656343
691893
693063
691803
688707
691587
656037
647070
646090
647350
656625
659721
650446
651426
650256
642276
639396
648363
656343
653978
653162
655916
653576
650822
649971
662661
659805
662661
663477
669797
672137
674502
661812
662663
656343
654723
652773
649341
640541
612359
610577
611021
632597
632021
631577
631622
610046
610001
610577
607917
610577
612177
613299
624769
625620
624020
621447
609977
613092
615665
613754
612632
609517
608666
610577
608792
605672
582992
586112
583358
577478
576302
582182
583942
585118
587872
586112
588062
610742
608792
606342
608792
610577
613150
640084
637330
640084
637511
610577
597809
610577
609726
600451
588019
590861
588019
589069
598344
597294
594798
595242
594798
607230
609726
608875
597405
595805
594683
592110
588995
587084
574584
566604
564426
576926
579104
587084
586268
587948
585194
584294
584906
587762
590516
594464
597439
596827
595147
592172
587612
583664
584480
579920
584480
579596
576740
577640
582200
601736
593756
602486
610982
610406
607334
606518
592476
600456
591960
606002
606818
609890
601160
601736
602486
603332
604148
632330
631754
631709
631265
631310
609734
610310
631886
634546
634990
632330
629474
631074
633930
632330
629450
632330
635210
632114
630854
638834
629559
630819
629839
594289
595570
586603
587188
588513
589003
596113
599209
596329
595159
587179
586635
584270
587702
589302
576612
585108
597798
606765
603790
595294
591862
604362
606727
609702
597202
588235
586635
587179
584323
581569
580718
574398
572058
569693
557003
556187
534611
534656
556232
555788
555212
555167
557827
558271
555611
556187
556631
566717
569727
573527
571349
558849
550869
548691
550602
547137
544772
547137
549315
541335
539424
542889
555389
542889
550869
579051
578235
579051
578301
577455
578205
550023
550869
544725
522045
520425
519255
519831
520647
523503
542151
550951
551395
551440
556048
551488
548734
548122
547222
546406
546850
538050
537474
537030
541638
537030
537606
534750
535566
535521
534705
536465
555113
555158
536510
539366
558902
557222
553274
557222
552662
557222
554247
557222
557630
554774
556454
536918
534038
532757
524777
546449
581999
574889
576059
585334
603982
605242
608122
606797
615764
616886
616396
613300
621280
620020
619435
620760
621740
622184
630984
633840
632080
636688
632080
631264
649912
649957
647101
646657
628009
628585
629401
629356
628780
631534
634107
631534
628780
601846
589078
601846
606335
584759
584315
584270
583694
581034
584254
598018
597082
583318
581558
582494
585350
584738
593538
596658
593538
590318
587462
588074
588119
587543
587099
587915
596715
597291
615939
620547
620991
612191
612146
593498
592682
595538
590930
588074
606722
588074
589196
587871
586749
596024
593528
584253
593528
593084
595926
593084
580652
579602
582098
583148
583592
596024
601736
599396
598220
597164
598220
600560
594848
598280
599456
596024
604520
612500
615572
616148
615332
612260
626302
625726
634456
625960
617980
618796
604754
596024
598880
599696
599741
604349
604304
622952
622376
622820
618212
599564
601324
600508
601084
598228
589428
588984
596824
596074
573394
545212
547123
545212
547552
546706
545890
543550
566230
558390
539742
549017
567665
566543
557268
558390
558834
555978
555534
560142
560958
560382
560958
559198
540550
559198
562054
563814
559206
559251
559206
558390
559512
578160
559512
558390
549115
558390
577038
558390
557574
559334
558758
559574
564182
563738
561978
564834
561978
562023
562467
557859
557814
558390
577038
567763
566641
547993
557268
558390
566370
530820
529650
520375
523471
514504
492832
489952
491122
492382
492872
491612
483632
482652
483977
491087
492368
493088
493532
502332
503148
502332
501888
497280
497325
497901
479253
477493
482101
484957
484381
484336
481480
500128
480592
480184
478504
473944
470969
467021
462413
463229
462413
471213
474069
474645
474069
478677
479121
470321
470276
470321
451673
448817
467465
467021
464656
466256
457289
453857
456832
457376
466343
457847
445347
453843
450868
463558
463014
466446
478946
466256
468621
467021
468143
477418
476296
457648
448373
467021
466205
463349
462905
444257
435457
435412
434836
430228
448876
458151
459273
465417
456142
455020
436372
434461
430996
418496
416131
408151
405973
403093
400237
398637
379989
370714
369592
378867
380253
381003
383576
380822
407756
420524
417951
420524
407756
410510
406021
427693
436968
445935
448815
484365
483645
483155
491135
489810
490980
487884
486714
485454
477474
470364
471344
470063
471323
462593
454097
453281
450209
464251
472231
473047
476119
484615
493345
485365
484789
485365
471323
477467
480040
481216
482896
473621
470779
473621
482896
470464
471514
471958
470908
475052
472556
475052
474608
482252
474608
476568
474608
475588
489352
495672
496488
499344
502416
505881
508059
509659
512779
513975
521955
525903
539667
545547
546723
555998
568688
573386
574128
581968
584333
597101
600566
601466
603831
616263
621147
625707
638139
635499
635211
629499
626489
625913
613413
604613
607273
610129
610879
602899
581227
580247
581507
590474
591454
582179
585059
586229
584969
588065
579098
577928
575048
582158
590138
554588
563863
567083
563863
561007
563863
566983
580747
577627
578563
569763
555999
555063
554451
563251
563863
566228
568888
582930
582975
584886
587728
565048
557208
555297
552957
556389
553414
544447
545728
554224
566724
568324
567780
564348
567323
564958
567323
565723
557227
569917
570461
557771
545271
548281
549021
557517
558903
561657
562473
563595
565960
567156
579846
615396
617307
620187
622827
628707
637982
624218
616378
617554
611674
625438
620740
619564
627404
632102
644792
632102
622827
623569
622827
623371
623915
633190
645958
648712
651352
653032
653476
654196
662926
664651
641971
639217
640393
642343
640558
639382
641832
638712
644592
647712
645262
643312
641552
635672
658352
660137
662891
671691
674445
679053
705987
703414
705987
679053
691553
704321
706081
703327
690559
692737
695593
722527
725747
726487
728212
728788
738063
763731
766846
775813
777199
798775
803335
838885
839625
837675
834833
831761
840257
831761
823031
822455
830435
822455
831185
817143
820215
819399
833441
834257
834833
844919
870587
873707
892096
899740
898570
890590
889610
882500
879404
878144
869177
866297
857022
821472
799896
790621
764953
766234
767559
768299
767559
758592
757206
760802
765080
772190
767630
770745
772131
776691
773576
779456
792146
784306
783130
778432
792196
793372
802647
801905
796025
783335
784077
770313
775011
782851
773576
776149
766874
766124
766874
764301
765687
764301
773576
778065
782673
785427
787209
799641
818289
819135
821585
822641
823922
825704
844352
851996
853172
859316
861494
889676
890656
894088
894700
886720
887916
885738
887338
890458
898438
896838
892890
889770
891948
890752
894700
894745
913393
914209
923009
923453
928061
928637
931493
931049
931493
943925
953200
949056
946560
937285
939781
936939
935889
938731
939781
948748
944188
944928
970596
967000
966260
1001810
1000529
1005089
1023737
1028226
1026840
1023725
1025111
1018001
1021116
1016838
1020231
1018906
1040482
1049757
1069293
1050645
1049829
1049874
1052730
1048122
1047546
1048362
1045506
1046082
1045638
1046082
1046037
1054837
1046037
1050645
1069293
1096227
1108007
1109789
1113589
1116445
1118785
1119361
1129447
1103779
1068229
1068969
1068229
1072789
1071403
1080678
1077563
1084673
1085954
1064378
1067974
1063414
1066529
1070807
1061532
1062918
1053951
1053906
1054350
1072998
1068390
1067946
1068522
1049874
1049298
1040498
1043354
1052154
1056762
1055946
1056762
1053906
1053951
1059663
1062735
1070379
1073844
1074388
1075204
1074028
1069420
1069375
1063495
1054695
1055511
1036863
1055511
1054935
1054980
1054238
1046398
1059088
1066928
1053164
1053740
1062540
1063716
1063272
1077036
1067761
1077036
1077480
1064790
1069398
1072254
1067556
1066740
1067482
1072180
1069324
1075204
1076590
1112140
1105030
1101434
1123010
1148678
1157953
1148678
1144118
1144858
1147973
1146587
1147868
1152428
1151147
1146869
1146129
1143014
1143458
1145078
1148543
1151975
1154615
1158641
1149841
1131193
1131148
1130572
1149220
1149796
1149841
1150285
1145677
1145233
1144417
1141561
1144417
1153217
1157825
1158641
1161281
1186949
1191509
1192895
1191699
1189788
1191699
1192895
1180205
1182845
1147295
1144415
1141775
1148885
1151000
1153880
1152494
1157054
1157794
1179370
1143820
1122244
1131519
1128404
1137371
1138757
1164425
1163685
1162404
1153129
1148569
1155679
1158794
1133126
1128637
1126855
1139287
1138441
1135991
1131383
1132439
1113791
1115573
1118023
1144957
1163605
1168213
1155781
1156627
1153873
1156627
1155571
1155616
1157376
1157952
1176600
1181208
1172408
1171832
1167224
1148576
1148531
1149347
1149791
1146935
1146119
1148975
1148531
1151506
1154938
1142248
1133752
1134296
1131321
1130777
1139273
1141638
1142484
1140884
1153384
1154984
1167674
1155174
1152809
1151528
1160495
1168991
1170716
1183406
1179974
1171007
1206557
1180889
1184004
1179444
1205112
1204372
1197262
1218838
1215723
1224998
1215723
1224690
1223304
1224044
1202468
1203854
1208414
1207970
1212578
1211762
1212338
1213154
1216010
1213154
1194506
1196266
1191658
1210306
1208546
1208501
1208945
1208990
1208414
1211879
1214452
1211698
1224466
1221893
1224647
1211879
1234559
1248601
1252033
1278967
1252033
1261308
1273998
1278696
1284576
1275301
1274559
1261869
1275633
1276375
1275199
1276375
1268535
1262655
1257957
1265797
1252033
1251217
1263907
1263952
1264768
1261912
1265344
1283992
1287792
1300560
1301411
1304843
1286195
1290339
1297531
1296955
1304599
1316069
1316024
1316468
1318228
1318804
1317044
1312436
1315292
1321004
1325612
1325168
1289618
1288878
1279911
1278525
1275410
1253834
1249274
1223606
1214331
1213155
1214211
1211871
1217583
1211871
1215303
1214247
1215423
1217763
1214331
1214907
1228949
1228373
1227557
1236053
1227323
1218827
1219643
1228373
1231445
1223465
1231445
1228373
1214331
1217451
1218647
1220247
1212267
1216215
1218393
1217197
1214077
1210129
1211725
1210125
1207947
1210443
1221913
1224755
1227509
1229874
1231785
1227177
1227222
1227666
1229426
1230002
1232858
1232282
1236890
1255538
1252682
1252238
1253054
1253009
1252193
1233545
1231785
1218021
1214801
1206001
1205065
1204453
1201597
1198477
1200842
1206986
1200842
1204790
1207155
1208351
1214671
1219279
1229365
1228921
1226065
1226020
1221412
1219652
1218836
1218260
1199612
1180964
1193396
1194452
1196792
1199242
1203731
1206485
1208267
1209389
1208543
1205789
1208543
1227191
1226135
1223685
1224531
1227373
1214941
1210333
1214941
1213159
1186225
1198993
1202425
1210069
1212729
1213273
1214469
1222449
1221273
1220531
1215833
1203143
1193868
1187988
1180148
1166384
1178816
1179260
1169985
1168935
1166093
1175368
1162936
1165778
1168274
1165778
1166828
1166384
1167126
1168106
1172804
1176269
1179662
1182637
1185087
1186998
1187740
1194850
1195972
1198852
1201425
1202811
1193536
1220470
1221526
1220140
1217567
1216817
1226092
1226842
1234822
1243318
1245229
1248825
1256805
1257741
1259691
1262445
1280834
1293602
1297034
1284266
1291910
1284266
1280834
1280290
1272310
1272854
1275514
1283494
1284690
1283494
1280834
1282559
1308227
1319697
1321422
1323787
1351969
1360769
1361381
1359470
1362350
1335416
1338056
1335416
1336538
1372088
1373999
1366889
1365833
1378523
1376408
1377464
1374584
1401518
1400396
1397516
1396320
1397516
1400396
1401566
1404576
1407969
1414289
1409800
1410856
1415464
1414408
1413562
1432210
1433056
1445488
1447270
1449720
1445112
1442358
1423710
1421928
1424682
1412250
1439184
1436734
1437476
1410542
1419038
1419083
1423781
1432748
1433944
1421176
1418422
1420042
1424740
1422167
1409477
1410021
1407046
1409411
1417907
1414475
1412110
1415542
1428042
1415542
1417142
1426109
1429084
1441774
1441230
1432734
1431134
1422167
1418219
1445153
1446349
1444749
1443553
1445153
1446209
1449329
1457309
1430375
1428197
1427075
1431023
1427903
1426847
1427969
1426373
1429253
1431431
1428551
1415783
1417463
1409819
1406387
1419155
1437803
1441235
1442135
1449779
1459054
1451074
1453734
1454278
1462258
1461062
1458402
1457858
1459054
1459630
1451650
1451074
1442344
1439272
1438456
1446436
1432394
1423898
1437940
1446670
1449742
1450558
1459054
1459954
1471734
1483514
1491494
1492214
1492454
1504954
1505854
1513694
1517972
1521092
1535134
1536190
1533310
1532254
1559188
1532254
1535134
1536256
1535134
1536814
1538010
1538910
1540086
1541346
1541790
1545386
1548458
1552258
1554169
1556080
1558653
1559504
1570974
1572574
1573696
1576811
1564043
1560611
1552967
1544987
1546183
1545639
1544443
1544987
1542327
1550307
1552967
1553717
1556559
1559265
1563873
1566627
1564845
1583493
1582647
1579893
1582343
1583399
1580949
1554015
1541583
1546072
1546918
1542310
1554742
1556524
1555468
1536820
1544464
1546084
1549549
1550874
1552044
1553430
1552374
1553430
1552308
1525374
1522494
1523616
1550550
1553430
1552579
1541109
1539509
1538387
1535814
1537414
1540529
1541380
1552850
1553972
1555883
1558456
1555341
1553430
1550934
1553776
1554826
1554382
1563657
1564101
1576533
1564101
1563051
1553776
1550934
1553430
1561410
1590354
1593747
1600939
1623619
1621659
1624774
1617130
1619041
1633083
1640727
1641897
1638432
1630788
1629402
1630788
1640063
1641683
1640513
1638893
1642358
1641033
1643913
1663331
1665904
1667026
1655556
1667026
1670141
1669019
1667419
1665508
1666359
1665508
1662393
1663993
1661420
1663331
1672606
1664626
1663240
1662070
1660450
1662070
1662614
1670258
1669062
1672527
1669062
1659787
1660983
1658323
1660983
1668963
1670133
1662489
1661945
1663331
1669091
1698035
1726217
1737687
1743831
1745946
1743306
1746186
1747308
1734618
1733562
1706628
1705506
1702626
1703682
1701771
1728705
1725825
1690275
1689079
1688228
1689350
1690100
1691486
1688913
1692028
1689455
1698730
1689455
1692028
1690642
1688731
1685616
1686467
1684867
1686467
1674997
1677570
1679481
1678359
1689829
1689079
1691039
1691975
1693031
1678989
1676235
1678600
1676980
1678600
1679986
1681156
1684621
1692265
1682990
1692265
1690879
1689709
1682065
1678600
1670620
1669020
1671198
1670002
1673950
1675550
1673372
1676492
1677688
1673740
1670620
1678600
1655920
1650040
1651990
1650205
1647451
1670131
1672581
1673757
1682557
1685311
1682191
1683976
1682026
1685146
1683970
1689850
1681050
1678600
1683484
1684606
1706182
1733116
1744896
1733426
1735026
1734175
1736086
1734486
1737601
1735028
1733117
1730002
1730853
1742323
1744896
1743774
1745394
1753234
1753279
1756394
1765124
1768244
1780744
1794508
1805978
1807364
1816639
1818259
1808984
1801340
1797875
1805519
1804133
1805303
1808768
1807598
1805978
1807034
1805978
1779044
1781924
1780802
1807736
1804856
1805978
1808428
1806646
1794214
1791764
1796372
1808804
1790156
1789310
1784702
1780213
1779157
1781911
1779157
1797805
1802294
1804076
1805132
1805978
1807028
1813348
1814608
1814064
1816724
1815528
1816724
1824704
1822044
1814064
1814608
1813008
1824478
1826389
1827240
1825329
1824478
1827051
1830166
1831766
1828651
1829773
1827200
1826078
1814608
1801918
1789418
1780451
1777019
1774044
1771679
1770079
1769535
1761039
1768683
1772148
1770978
1767513
1765893
1767063
1757788
1759408
1758022
1759408
1768683
1761039
1752543
1744563
1735833
1721791
1721215
1720399
1717327
1745509
1743829
1747777
1748947
1749523
1750699
1750987
1756747
1755896
1753323
1741853
1742704
1741582
1739982
1736867
1738778
1750248
1751848
1749937
1751059
1753632
1756747
1749103
1750273
1748887
1747267
1748887
1758162
1756992
1753527
1756992
1747717
1755361
1756747
1753282
1771930
1779910
1782982
1786102
1787272
1784518
1784962
1785506
1788626
1761692
1788626
1787570
1784690
1785812
1788692
1787570
1788626
1782306
1786254
1792014
1793694
1793649
1796403
1818075
1816455
1815285
1806010
1807396
1810861
1803217
1804837
1803451
1799986
1801156
1808800
1818075
1815502
1814380
1812469
1800999
1797884
1797033
1795433
1803413
1802217
1801673
1804333
1801673
1793693
1794237
1795433
1804400
1805450
1800961
1798783
1806427
1807167
1809532
1811132
1818324
1820106
1820650
1823290
1831270
1850806
1849420
1840145
1832501
1830881
1829711
1826246
1825124
1798190
1795310
1794254
1794299
1795115
1813763
1818371
1818947
1820707
1821151
1824007
1811239
1819079
1819367
1819979
1839515
1841965
1850932
1852102
1854856
1852102
1870750
1869904
1882336
1883182
1878574
1880356
1881412
1886020
1867372
1854940
1857390
1854940
1850451
1849395
1847613
1852102
1840632
1826868
1814368
1812748
1814368
1817483
1808753
1808708
1817438
1817483
1825323
1828443
1842207
1854707
1851587
1848472
1859942
1852102
1854280
1862260
1864900
1865476
1865920
1874720
1872224
1871780
1870020
1851372
1851417
1850601
1847745
1844903
1844327
1846007
1836732
1836687
1832079
1843859
1848467
1849283
1863047
1861997
1869107
1873667
1876523
1895171
1894727
1923671
1911239
1914081
1911421
1911965
1914625
1906645
1905449
1906645
1908241
1907697
1921461
1931547
1957215
1966015
1968380
1970340
1964196
1972176
1966032
1978532
1972820
1972376
1972421
1975277
1993925
1991069
1991885
1983085
1982269
1982224
1982668
1983244
1992044
1996652
1999772
1991792
1987184
1989362
1990962
1989362
1970714
1967594
1965416
1966612
1974592
1970644
1974592
1973396
1972820
1969388
1968812
1976004
1979076
1978336
1980514
1981900
1980175
1976743
1982455
1982500
1973700
1970844
1971660
1971216
1980016
1975408
1974832
1993480
1993924
1993108
1993684
1996540
1977892
1977847
1982455
1982743
1983913
1979887
1984165
1965517
1965073
1965118
1960510
1969310
1968734
1967918
1972526
1975382
1975337
1978445
1978889
1979465
1976609
1977425
1968625
1966447
1963807
1965985
1968625
1976605
1968625
1971481
1965769
1971913
1973109
1976574
1973914
1972718
1973914
1972318
1971774
1974434
1974978
1982958
1980385
1971110
1969724
1978999
1981572
1982958
1983708
1982958
1991758
1996366
1991758
1990942
1990897
1990321
1987213
1984357
1983913
1984489
2003137
2003182
2006038
2006854
2007298
1998498
1999674
1996242
1990530
1989354
1987014
1985958
1989390
1991730
1997442
1998498
1999554
2026488
2029242
2028186
2027340
2031948
2013300
2014146
2032794
2030344
2028562
2016130
2028562
2023954
2019465
2016711
2018493
2020943
2023516
2005127
2004147
2023683
2025283
2013813
2018091
2020051
2020951
2049895
2051806
2059786
2062540
2063356
2063311
2063356
2054556
2049948
2049132
2048556
2051664
2052240
2056848
2057256
2038608
2038164
2038608
2035752
2044552
2050312
2056072
2053432
2075008
2086478
2105896
2117676
2121476
2123426
2118818
2121938
2113208
2110093
2117933
2106463
2109578
2109533
2109578
2122078
2120458
2134222
2135842
2128002
2115502
2126972
2135702
2121938
2118818
2114210
2118818
2119394
2128194
2131050
2131866
2131911
2123111
2122295
2121719
2122163
2140811
2140766
2137658
2137250
2136806
2139256
2164924
2156428
2154088
2172477
2201421
2201965
2200579
2191304
2188644
2188100
2186904
2178924
2197572
2178924
2176068
2176512
2167712
2167757
2170613
2166005
2166821
2166776
2165960
2170568
2170124
2169548
2170124
2178924
2176746
2184726
2187366
2189544
2181564
2178924
2181497
2190297
2209833
2231409
2231364
2230548
2227692
2223084
2222640
2222064
2203416
2194616
2196216
2199191
2200127
2208107
2243657
2240647
2240203
2236403
2226317
2227917
2229113
2226935
2229113
2232233
2228285
2225165
2223969
2227917
2235897
2234297
2226317
2233961
2235911
2255447
2258303
2259239
2258795
2278331
2275577
2304521
2305907
2308661
2307605
2306759
2307605
2334539
2336321
2333567
2331117
2335725
2354373
2356823
2338175
2336393
2323961
2297027
2298083
2310515
2305907
2307083
2307128
2303696
2307496
2304836
2286188
2290886
2298866
2301506
2299328
2291348
2288708
2290886
2298726
2299446
2273778
2279658
2302338
2289648
2292221
2310869
2322649
2345329
2335243
2337997
2339779
2337414
2334918
2347418
2350274
2347634
2345723
2342608
2342563
2340943
2332213
2329093
2321253
2309783
2297283
2283519
2283963
2285013
2287653
2296928
2310692
2320778
2322458
2328218
2329118
2341808
2344880
2347995
2347451
2346839
2356925
2353493
2359813
2351833
2352813
2354773
2374191
2364105
2364681
2361609
2349109
2358076
2362684
2365438
2379480
2382455
2400844
2403022
2395042
2392592
2390414
2389358
2362424
2343776
2339168
2336528
2334746
2337386
2324954
2322200
2330180
2329334
2330456
2333298
2335258
2338268
2339072
2358490
2371258
2390676
2387820
2409492
2410688
2414120
2414408
2417162
2419802
2422167
2418735
2414175
2426607
2435882
2434496
2435246
2437819
2437069
2438455
2435882
2426607
2418627
2419527
2445195
2443284
2442384
2444344
2415400
2423380
2452324
2449570
2445292
2448046
2449957
2447997
2445022
2464440
2486112
2479968
2484852
2484807
2487147
2489325
2492445
2489325
2490521
2486573
2485377
2477397
2478997
2486977
2485377
2489325
2487147
2484969
2484525
2487021
2488143
2486193
2485293
2483115
2480475
2472495
2474280
2473434
2476276
2475425
2471625
2475018
2472653
2481383
2489363
2490623
2492963
2484467
2485663
2488735
2491231
2495767
2487787
2488399
2488975
2497942
2500120
2498734
2476054
2478808
2497456
2488726
2497222
2501782
2496022
2492907
2498667
2500347
2487657
2490772
2489872
2502562
2500882
2501782
2504854
2501782
2504422
2510302
2519577
2506809
2526345
2524563
2529171
2527975
2535167
2537921
2536196
2535446
2526171
2526783
2531343
2522543
2521367
2544047
2547167
2549117
2543237
2549117
2551567
2553352
2551402
2554156
2555332
2552882
2550128
2558928
2557143
2554023
2531343
2566893
2565717
2562645
2571141
2580416
2578796
2577536
2599208
2577536
2574680
2580560
2580605
2572109
2584877
2586263
2597733
2599515
2608315
2611747
2613697
2615317
2643499
2649643
2661113
2662898
2671394
2674826
2672072
2681039
2685647
2688401
2670012
2672987
2658945
2677334
2668367
2682409
2677801
2674826
2681146
2684026
2687826
2685915
2686527
2689369
2687749
2690389
2684069
2680604
2688248
2691104
2691955
2666287
2664607
2662429
2661233
2653253
2651653
2648533
2644585
2657353
2643311
2648195
2644975
2644225
2646010
2653990
2654534
2635886
2648576
2654896
2657261
2658077
2660417
2663273
2664124
2666878
2688550
2696390
2695214
2695790
2698862
2693102
2698862
2701977
2698862
2711552
2710652
2708972
2705900
2706800
2694110
2695790
2697701
2700041
2707881
2730561
2729811
2728425
2725671
2720787
2721075
2722461
2725034
2722461
2723211
2713936
2709238
2713798
2723073
2694129
2696040
2694080
2672408
2674368
2700036
2697282
2668338
2667438
2689110
2691864
2689953
2697933
2672265
2664285
2693229
2694129
2693553
2681053
2681795
2680745
2678172
2686902
2682204
2688348
2689088
2686448
2666912
2667456
2675436
2667456
2686992
2686448
2689088
2691748
2693926
2665744
2666595
2658615
2631681
2618991
2620776
2617934
2617118
2639798
2637433
2636889
2634524
2635264
2636320
2639162
2620514
2626274
2634254
2631134
2628494
2625101
2644519
2646479
2643819
2643003
2643819
2642538
2645970
2651682
2649342
2650398
2644686
2645862
2642430
2641374
2643714
2642538
2643708
2631928
2644360
2616178
2616790
2619646
2621596
2624476
2624521
2616681
2613927
2616681
2607714
2610689
2624731
2620123
2606081
2608708
2613316
2594927
2603894
2600919
2599319
2601101
2602886
2605742
2607524
2620214
2607524
2613284
2616356
2610596
2608916
2608016
2608916
2610596
2607481
2604409
2607524
2605159
2607499
2613819
2611065
2604745
2617435
2615095
2614244
2613428
2616182
2603492
2606348
2608713
2605857
2606673
2607524
2587988
2590328
2587878
2606267
2618699
2620610
2598938
2601692
2589260
2588138
2581818
2576058
2578631
2577575
2613125
2625625
2627011
2630083
2624323
2621251
2618371
2619187
2620867
2619887
2600351
2597986
2596790
2593194
2595948
2598444
2590800
2597992
2604136
2618178
2612034
2623814
2632614
2646656
2649771
2652627
2655742
2656318
2655576
2654676
2655416
2654436
2649738
2651358
2648993
2636561
2632283
2633608
2652256
2653378
2650624
2652535
2654495
2628827
2626916
2655860
2647880
2645920
2645020
2649298
2620354
2621254
2629234
2631988
2622713
2621327
2620577
2618004
2598468
2603166
2615856
2597208
2598933
2610713
2609813
2610659
2611409
2639591
2640407
2617727
2617439
2611679
2647229
2644387
2650267
2630849
2630109
2633119
2634844
2635780
2635168
2636953
2639526
2641476
2642646
2623998
2633273
2651921
2653043
2651921
2650596
2651496
2657256
2669946
2664186
2662506
2659391
2661071
2664143
2667258
2654568
2653668
2650596
2648685
2671365
2673705
2651025
2648685
2640845
2642756
2650596
2651040
2651085
2653745
2654321
2657917
2657066
2659922
2657066
2659820
2666140
2668505
2669356
2663036
2662220
2664560
2665376
2663036
2660282
2672972
2670607
2657917
2658973
2656795
2652187
2652763
2653579
2672227
2674677
2683173
2691973
2704741
2705185
2708041
2705185
2705761
2710369
2710414
2707660
2712268
2730657
2739624
2735016
2732389
2729414
2743456
2729414
2720447
2723201
2726176
2716901
2718023
2727298
2726176
2744824
2726176
2737956
2736231
2745031
2743861
2745586
2719918
2732686
2768236
2766556
2767296
2776096
2771488
2772304
2763504
2763060
2762484
2761668
2764524
2764569
2745921
2743065
2747673
2766321
2766765
2767341
2767296
2768100
2771320
2779300
2780200
2780920
2785480
2787440
2784598
2786383
2776297
2775853
2764073
2760953
2779601
2780441
2779391
2780513
2793013
2797711
2806986
2797711
2796589
2777941
2775576
2780184
2771384
2774240
2773424
2773868
2769260
2769836
2769260
2768816
2750168
2768816
2768771
2769587
2766731
2775531
2775576
2787356
2784906
2785806
2784990
2762310
2760630
2758265
2748179
2776361
2750693
2754641
2755457
2754641
2782823
2754641
2755391
2756237
2755487
2754641
2753825
2753381
2744581
2739973
2740018
2740834
2745442
2745397
2726749
2723893
2742541
2741965
2750765
2753621
2754065
2754641
2745366
2744244
2725596
2744244
2745366
2754641
2754197
2754152
2754728
2754773
2752113
2754773
2755217
2751621
2755217
2754641
2755541
2754821
2753921
2754641
2759201
2760005
2752025
2751221
2746661
2743441
2751421
2753381
2751421
2754641
2755691
2757602
2758502
2777150
2776574
2777390
2768590
2768014
2767198
2775998
2775953
2775509
2794157
2775509
2770901
2771477
2771522
2774378
2778986
2779430
2776574
2795992
2797942
2800952
2811038
2813894
2815090
2840758
2843098
2824450
2825572
2844220
2834945
2844220
2843098
2843818
2863354
2865994
2865058
2867938
2869898
2870714
2870426
2869982
2858202
2822652
2819187
2793519
2793564
2793519
2793075
2790219
2789643
2785035
2784219
2802867
2807475
2808051
2816851
2817667
2818111
2809311
2790663
2793519
2796739
2794779
2793975
2801955
2798735
2797835
2798639
2797919
2793359
2797919
2799879
2800779
2792799
2793519
2781739
2763091
2760518
2753326
2756080
2784262
2785004
2788014
2779518
2787498
2769109
2765644
2758000
2750808
2731390
2719920
2718724
2709449
2690801
2700076
2718724
2719846
2718724
2719168
2714560
2715376
2696728
2697304
2706104
2705660
2708516
2708471
2705615
2710223
2728871
2728916
2720116
2719540
2718724
2731414
2733094
2727334
2725654
2724754
2730514
2717824
2720939
2724011
2724911
2721796
2718724
2715331
2725417
2730025
2727385
2725020
2750688
2750448
2749706
2746952
2744246
2741236
2744351
2765927
2765351
2765306
2761710
2761266
2761710
2761755
2759095
2759671
2762331
2753056
2751934
2733286
2736142
2742022
2741977
2738857
2739673
2733793
2742593
2739839
2741789
2739339
2730539
2735147
2726347
2724562
2723386
2722810
2745490
2745046
2742190
2744640
2745084
2746260
2746305
2749425
2751210
2746602
2745786
2743836
2725188
2727942
2728518
2747166
2748926
2726246
2732566
2745256
2748112
2747261
2744507
2731817
2734182
2735033
2728713
2731053
2728197
2729013
2726648
2725832
2728586
2726246
2735213
2730653
2731097
2723453
2726295
2714825
2714213
2706233
2710793
2707400
2703122
2674178
2675564
2669804
2673197
2665217
2667128
2670348
2670482
2671202
2675762
2675012
2674196
2672236
2664256
2672236
2669016
2664456
2665356
2664552
2663832
2662932
2662086
2633904
2635864
2635909
2636485
2631877
2650525
2659325
2659769
2660585
2651785
2654641
2635993
2635549
2634973
2634157
2638765
2638720
2635864
2637040
2629396
2627636
2629760
2622116
2622161
2624821
2646397
2642253
2642493
2656257
2655537
2656383
2657283
2661843
2664597
2665413
2666025
2657225
2657837
2644073
2640608
2636808
2637352
2635441
2635396
2636247
2635803
2638899
2636043
2635227
2616579
2622339
2621763
2617155
2617021
2617921
2615167
2610889
2606329
2598349
2599069
2599203
2598303
2606283
2610843
2612803
2616023
2615123
2614403
2585459
2583548
2575568
2573608
2570388
2568428
2563820
2582209
2563820
2572787
2586829
2583854
2586829
2591437
2577395
2574641
2577395
2568428
2560784
2560064
2557222
2552338
2553184
2546864
2547715
2569291
2569735
2567075
2545499
2544923
2544479
2544434
2547094
2547139
2547715
2569291
2550643
2551483
2550939
2549763
2549043
2551003
2555563
2547583
2545623
2548843
2549563
2550367
2550233
2551133
2546573
2554553
2551333
2550433
2556577
2559552
2555604
2556864
2544096
2538336
2533728
2521948
2507906
2510246
2512028
2510428
2513860
2518558
2518798
2520058
2520874
2522659
2548327
2551442
2556050
2559170
2559910
2560890
2558525
2555060
2554616
2563416
2560344
2566104
2564424
2551734
2554849
2556529
2553414
2552514
2555586
2549826
2550726
2552841
2550930
2528250
2525910
2518070
2513510
2515470
2518690
2517970
2518774
2510794
2511514
2510710
2511610
2516170
2512950
2520930
2520030
2518070
2517266
2515355
2518061
2498643
2486211
2487261
2484601
2484646
2506222
2506177
2484601
2485045
2487705
2488281
2487705
2487261
2493581
2496335
2493970
2506660
2503906
2491216
2492032
2489176
2491541
2489201
2488350
2490690
2491541
2494397
2493581
2487261
2485479
2488594
2491348
2488228
2491660
2491705
2504473
2506255
2506975
2518755
2489811
2502311
2497751
2500505
2499893
2500709
2497955
2493395
2494295
2494907
2499467
2498651
2497751
2497011
2497911
2497011
2495051
2493326
2497886
2489906
2482714
2481994
2481190
2502862
2505502
2508617
2509367
2507027
2513347
2531995
2533955
2541795
2542515
2543319
2540099
2538314
2533754
2536974
2544954
2544410
2547252
2555232
2552390
2525456
2524844
2522394
2518446
2521019
2522141
2541677
2512733
2511797
2511055
2509330
2501350
2502250
2501446
2489666
2491626
2503406
2500186
2492206
2495426
2496146
2504126
2503226
2504030
2502070
2497510
2496790
2501350
2495638
2493298
2499010
2497834
2501266
2503606
2504662
2503606
2500174
2501350
2479774
2479729
2479153
2478709
2476049
2447867
2455847
2455303
2426359
2398177
2395537
2396081
2398721
2397525
2377989
2375874
2395410
2387430
2401472
2419861
2422615
2425590
2426871
2408482
2405507
2402753
2388711
2379744
2375136
2379744
2372634
2363834
2361080
2360792
2359112
2351132
2350232
2349512
2346292
2344332
2343528
2338968
2333208
2336323
2339395
2337715
2339395
2337280
2349970
2350870
2356630
2353558
2352658
2349543
2352297
2351753
2349971
2368619
2374379
2372468
2372958
2365848
2364652
2360092
2361478
2362198
2359342
2358442
2355010
2356735
2359489
2371989
2391407
2399247
2407743
2408865
2404305
2403405
2402589
2403201
2404017
2408577
2409477
2412231
2404251
2401497
2365947
2365131
2364519
2367951
2368191
2372889
2368191
2367951
2364519
2361765
2360949
2358584
2352264
2351413
2348557
2346217
2333527
2332983
2325791
2323880
2318120
2309153
2304269
2294994
2291194
2271776
2270390
2234840
2233055
2230301
2228341
2234221
2231881
2229516
2228256
2225184
2225924
2227046
2228646
2229090
2233788
2212116
2210331
2201601
2198961
2194401
2197411
2205055
2208487
2221255
2220319
2219059
2222174
2219059
2217799
2192131
2196739
2195923
2196739
2193619
2219287
2214679
2215419
2216679
2218464
2216679
2219799
2219059
2219799
2219059
2223757
2224201
2223757
2222157
2217459
2214449
2217459
2219059
2219899
2214019
2212897
2214019
2200255
2187487
2186365
2180221
2178043
2166263
2164085
2163185
2156865
2138217
2136831
2142591
2161239
2163993
2158233
2158953
2160339
2157585
2156865
2155140
2156120
2155630
2157355
2156515
2156071
2156811
2155689
2161569
2166267
2163257
2166267
2164667
2165789
2167389
2162691
2161951
2162395
2139715
2120179
2117425
2114569
2111454
2110554
2097864
2092104
2090424
2087352
2090784
2098428
2111196
2098428
2090784
2087352
2088252
2087352
2088168
2087352
2090106
2090718
2087964
2083404
2087964
2087352
2090106
2098602
2086102
2084980
2086102
2083348
2095848
2087352
2095192
2114610
2106770
2087352
2084987
2079107
2076534
2062770
2051300
2039830
2037076
2010142
2011742
2012482
2009472
2012482
2007784
2007340
2005740
2005000
2006122
2010820
2009698
2010142
2004262
2005102
1986713
1985432
1971390
1968636
1965661
1961053
1953213
1934824
1913152
1910032
1909290
1907610
1899114
1877538
1876798
1882678
1883800
1888498
1887376
1888976
1888136
1891146
1891886
1888876
1887276
1886832
1882134
1882578
1873611
1871651
1850075
1849463
1846348
1845178
1835092
1835047
1827403
1830835
1838479
1825711
1838479
1835047
1832037
1826325
1813893
1813153
1811553
1811997
1816695
1818295
1819417
1814719
1808839
1807717
1804707
1805447
1805003
1808013
1813893
1822693
1822453
1825309
1828741
1833439
1830007
1825309
1826125
1844773
1849381
1849957
1850002
1850446
1850686
1847090
1839110
1837510
1842208
1841764
1844774
1840076
1845956
1840076
1841676
1842120
1839110
1837988
1838728
1837988
1839110
1840232
1837892
1840232
1840808
1843688
1848177
1829529
1828333
1838419
1837603
1837159
1836583
1837639
1841917
1846525
1841917
1816249
1816294
1834942
1843742
1846752
1849526
1846670
1848620
1839820
1829734
1832590
1813172
1813988
1813943
1815139
1812283
1812727
1815583
1812573
1810623
1808673
1796893
1794397
1789699
1790679
1809327
1807941
1808661
1811415
1817175
1816195
1815475
1809715
1811440
1809715
1791067
1788313
1789699
1801479
1801434
1802250
1801434
1800858
1792058
1800858
1805466
1808322
1796542
1815190
1815634
1816210
1816255
1815811
1812955
1808347
1789699
1786689
1783679
1780669
1779929
1778329
1773631
1767751
1767307
1766185
1762753
1755109
1742341
1737781
1740535
1741435
1738681
1738069
1737253
1737865
1738681
1743241
1742341
1741897
1739041
1747841
1743233
1742417
1747025
1746449
1746404
1737604
1737649
1719001
1721857
1722673
1723117
1723693
1742341
1742296
1741100
1743980
1745156
1733376
1727496
1719852
1739270
1725228
1724248
1723078
1725832
1722952
1727441
1728563
1727441
1735421
1736477
1735421
1730932
1733812
1753230
1754352
1762848
1760094
1767934
1760094
1772594
1775348
1755930
1754808
1746312
1733812
1735762
1732642
1735396
1732946
1735396
1758076
1756316
1758101
1759861
1765741
1764565
1762615
1765735
1766911
1744231
1741477
1739692
1733812
1722342
1722786
1722741
1731541
1732117
1732162
1713514
1716370
1717186
1708219
1712827
1711651
1709201
1700401
1699957
1718605
1713997
1713421
1712605
1712029
1709173
1710153
1724195
1723259
1721309
1720569
1717727
1718303
1716683
1714733
1711301
1729949
1727093
1727909
1726127
1727887
1699705
1690905
1690860
1690044
1685436
1684860
1684905
1689513
1670865
1662065
1662509
1662065
1664921
1665901
1679943
1665901
1664921
1663799
1662743
1663865
1666745
1662256
1663312
1690246
1687366
1695206
1706986
1709164
1711114
1711856
1713052
1726816
1734796
1737676
1736554
1728714
1725321
1725276
1720668
1721112
1739760
1739715
1739271
1739847
1740663
1722015
1726623
1726668
1724908
1724332
1726092
1723236
1722420
1725276
1723491
1709449
1683781
1684761
1685577
1684597
1698639
1695519
1697304
1696044
1695228
1696488
1697228
1700343
1704951
1708071
1704956
1700348
1699608
1703886
1682310
1673035
1666891
1675691
1672835
1672259
1672214
1673194
1673638
1659596
1662452
1661636
1659876
1660692
1665300
1646652
1647228
1646784
1645804
1645849
1664497
1659889
1673931
1675842
1678182
1700862
1708702
1690054
1688329
1686943
1686223
1685243
1679483
1676729
1670585
1643651
1642595
1641473
1668407
1669463
1672343
1673465
1670585
1671565
1657523
1656543
1670585
1669769
1665161
1669769
1688417
1688861
1688285
1685429
1694229
1697085
1678437
1677993
1678038
1678614
1678569
1679385
1670585
1673339
1677899
1677287
1678187
1675433
1676045
1676861
1675961
1675916
1661874
1661058
1656498
1670540
1671520
1657478
1656498
1675916
1678796
1678220
1677404
1677359
1676915
1674035
1672859
1674035
1655387
1650779
1655477
1655717
1659149
1654451
1654211
1651355
1647923
1639123
1619705
1615757
1614032
1615012
1614032
1599990
1614032
1611152
1610096
1611218
1615707
1616763
1619643
1618521
1591587
1594341
1595463
1594341
1613759
1622255
1619501
1607001
1614841
1595423
1587583
1579087
1591587
1569915
1567965
1566705
1558209
1557039
1549059
1546305
1549059
1557039
1559217
1570997
1559217
1557267
1543503
1542307
1540129
1547969
1561733
1575775
1576755
1568915
1567935
1567193
1567935
1559955
1561905
1559025
1544983
1547863
1549059
1557039
1556427
1553571
1544771
1536041
1532648
1513112
1511330
1508355
1496575
1495595
1481553
1495595
1496575
1483807
1477663
1476277
1440727
1432231
1428799
1428079
1429135
1456069
1454947
1456069
1455013
1452133
1447644
1450524
1449544
1450524
1464566
1450524
1449354
1446282
1443786
1440930
1433090
1429625
1432198
1434109
1434960
1446430
1447552
1449152
1452267
1451287
1437245
1430925
1428429
1421237
1413257
1415597
1412165
1411043
1416755
1415579
1416430
1413315
1414371
1412031
1411180
1410124
1407551
1409151
1410327
1408727
1406816
1409931
1421401
1409931
1412504
1415936
1417847
1418969
1413257
1412645
1411589
1438523
1441403
1438523
1437623
1434869
1407935
1407119
1402559
1403615
1404737
1403615
1400861
1398005
1379357
1377575
1376399
1356981
1376399
1379279
1380455
1377575
1369595
1370337
1367457
1359617
1367457
1365279
1363329
1371309
1359529
1361707
1347943
1347201
1348397
1360177
1363057
1376821
1378771
1377575
1376724
1377846
1375886
1376737
1375137
1378252
1380163
1391633
1388518
1377048
1375137
1372564
1360064
1361664
1364237
1361122
1360000
1346236
1343356
1340716
1339974
1338798
1335918
1362852
1365732
1364676
1337742
1336620
1337676
1338798
1340709
1338136
1336536
1324036
1304618
1303496
1300381
1299530
1298408
1306904
1308504
1297034
1294280
1295402
1297975
1290135
1290986
1302456
1305571
1318071
1319193
1327033
1325122
1316626
1336044
1338798
1350578
1338798
1336848
1335868
1334812
1333426
1324626
1323810
1331790
1323810
1326564
1323810
1321170
1301634
1301090
1293110
1293350
1293110
1288412
1284980
1288412
1293110
1295021
1293761
1292161
1294734
1292949
1281479
1280663
1277543
1279143
1278021
1281136
1276858
1276007
1274096
1271523
1266915
1263800
1264922
1276392
1275652
1272537
1273388
1263302
1262252
1259612
1258490
1255610
1254554
1227620
1225047
1206399
1203645
1177977
1177237
1174577
1175428
1177028
1175906
1172791
1170218
1172129
1174702
1173851
1185321
1186443
1184532
1187647
1186047
1174577
1175381
1178774
1181616
1178544
1174008
1173288
1172568
1173764
1174506
1176456
1175260
1183100
1169336
1172216
1164236
1156396
1144616
1158380
1156430
1168210
1166032
1168210
1165330
1173310
1172568
1170657
1147977
1149888
1147548
1139708
1162388
1164728
1172568
1170968
1169057
1157587
1154472
1151899
1153021
1152170
1163640
1164491
1166091
1164969
1166880
1169995
1172568
1153150
1151974
1149094
1168512
1169688
1150152
1147579
1134811
1125844
1125300
1124449
1123513
1126393
1123418
1119618
1116608
1108628
1105772
1101972
1100372
1098461
1097339
1085869
1083296
1082445
1079330
1078718
1064954
1063568
1076068
1077190
1074436
1073314
1065474
1052974
1033556
1041396
1044150
1035654
1055072
1063568
1044150
1041510
1032235
1032679
1037287
1037332
1046132
1046708
1049564
1068212
1069028
1049492
1049204
1043324
1040468
1039892
1037932
1035592
1034416
1042396
1034416
1031662
1034416
1034461
1037317
1036741
1037557
1046357
1065005
1064960
1056160
1056604
1053748
1035100
1039708
1039264
1034656
1035232
1034416
1035158
1034036
1033294
1036174
1034788
1032610
1030660
1038500
1035620
1021856
1029836
1032014
1043794
1044990
1046940
1038960
1052724
1044884
1043284
1031504
1030308
1025700
1007052
1006608
997808
997763
998579
998003
998048
1016696
1025496
1024680
1021824
1026432
1029288
1029864
1030308
1026508
1014008
1011668
1003688
1001115
1000365
998405
1017053
1017497
998849
998804
998849
998033
1000889
1005497
996697
997273
1006073
1001465
1002281
1001705
1001261
998405
1017823
1016647
1016887
1016647
1021345
1024777
1021345
1024225
1025401
1020703
1017823
998405
997829
1002527
1015217
1016977
1019342
1020322
1021444
1022494
1022539
1041187
1032387
1029531
1026675
1023901
1026757
1026181
1016095
1017855
1018431
1023039
1018431
1019247
1018803
1015793
1041461
1039121
1034843
1037183
1036367
1034417
1044503
1025855
1028865
1027669
1029619
1029574
1032430
1033626
1053044
1053488
1050646
1041846
1029414
1022222
1021371
1001953
1001377
988877
988073
985231
986035
989428
992270
988877
1000347
1013115
1040049
1043269
1043713
1046555
1045739
1064387
1061531
1060955
1060910
1060466
1041818
1044674
1045118
1043358
1045118
1045163
1049771
1050587
1051163
1046555
1036469
1034744
1034699
1033859
1021091
1018249
1018825
1018381
1027181
1026365
1029221
1033829
1033253
1030397
1031213
1029453
1029498
1029942
1048590
1029942
1025334
1025289
1012521
1012281
1011231
1013596
1000906
996208
997330
996208
993843
994823
999521
1012211
1011231
1012281
1010521
1019321
1020443
1023197
1014701
995283
1003123
990623
999119
996365
1015783
1007943
1020443
1019321
1031101
1044865
1046061
1048941
1037161
1045141
1052981
1050101
1052279
1051083
1043243
1041293
1039115
1025351
1027301
1028043
1027301
1019321
1016871
1018047
1016097
1017857
1040537
1037417
1040537
1038777
1040727
1043177
1037297
1043177
1044962
1043786
1042001
1019321
1022075
1019321
1019276
1020092
1020668
1020224
1011424
1030072
1029496
1029940
1027084
1035884
1033042
1033087
1032271
1027663
1026812
1031420
1029800
1029512
1032368
1013720
1001940
1000155
998244
996459
995643
995199
995154
994578
995022
976374
976950
968150
968966
973574
968966
969011
971867
990515
987659
989419
997399
1000153
988373
1000153
997399
989419
992079
1013655
1014099
1014144
1014720
1041654
1053124
1026190
1029032
1028588
1029032
1041800
1038958
1035738
1022970
1026190
1014720
1011966
1010910
988230
984798
983947
981091
976483
975907
957259
956443
954683
954239
954194
934776
935952
923262
922212
925092
923916
922936
925301
929999
930979
922179
921057
922179
934869
954287
951922
949042
950092
945394
947154
925578
924408
901728
899388
891548
889637
881141
878435
875555
889319
887369
895209
883429
886309
885113
871349
868469
869665
871843
864003
875783
867803
869753
869011
866833
867575
875555
876535
877585
879950
884648
883526
881161
893851
889153
887393
896193
883503
884625
883575
882595
887293
890725
890965
886267
886027
882595
904171
882595
883171
883216
880556
879980
879536
879980
879935
882595
877711
871831
870931
869149
868573
865501
852733
879667
879223
867753
880521
883741
856807
859649
871119
871563
868343
865501
878001
869505
870627
858127
866623
847205
839365
847205
846083
848837
868255
865501
854031
852071
847511
844631
841516
840616
839812
836970
833577
832731
814342
813172
825862
834662
837027
835905
836885
835905
831207
822407
827105
814415
813365
814487
815537
813172
810330
790912
789736
809154
812034
809154
810330
809590
801610
798856
798901
820477
821053
818393
818837
797261
799921
799876
799432
798856
796732
796288
796732
809500
806658
809878
782944
809878
812720
809500
798030
785262
796732
810496
802516
800338
799142
791302
790560
802340
788576
790526
778746
779488
787468
795308
792428
793624
791674
793852
796732
777314
749132
747350
745565
732875
741675
740695
753385
751020
742220
743200
742078
744443
739745
738695
739745
744443
745565
748997
754709
752369
751313
752489
751313
745601
747941
748997
745565
723989
723143
722403
719288
721948
722392
743968
743524
721948
721903
722479
719819
719864
719288
716446
713786
714836
723636
718938
719918
718796
719918
718868
710068
697378
695013
707703
712401
714766
713786
711032
698532
697410
689570
681074
661656
634722
661656
650186
637418
650186
647344
650186
661656
661212
657992
658436
661656
656958
647991
647175
646125
641427
644307
663725
663485
660605
641187
642363
641187
637755
623713
620857
618907
632671
629791
641571
649551
651729
654609
653413
654609
653867
640103
628323
630273
638113
635935
628095
620115
620857
608357
607235
606185
601487
592687
593737
592757
593879
606569
615369
613004
613984
601294
605992
608357
609957
612837
615693
637269
637713
637137
637713
640373
618797
618842
618398
615738
615693
603913
615693
612939
609546
618821
619943
638591
611657
583475
581795
578575
581795
581351
568583
557113
584047
586889
585107
582265
593735
606503
604778
605222
586574
587696
578421
597069
595947
605222
583550
574750
562060
564400
559702
558652
567452
580142
581264
582314
584679
589377
588397
579597
581508
604188
603066
600701
608541
609521
608681
606770
605648
624296
633571
634693
616045
606770
585194
582534
582489
582045
581469
579519
577341
574461
560697
552717
551975
544135
542939
531159
526461
507043
505867
502987
504163
523581
526461
537931
545911
546847
556122
558876
572640
553992
572640
571518
580793
571518
572640
569544
566790
564879
560931
552951
550586
549464
562154
557456
558578
570048
569604
571969
580769
568079
580847
569377
569821
572663
559895
532961
534011
531169
534389
561323
558103
557123
548323
553021
551971
552951
554073
552951
534303
552951
543676
552951
564421
565272
567183
568305
571420
573993
575593
572478
567870
549222
550344
549222
567870
577145
567870
532320
531876
519186
517401
516279
515299
518414
516814
513699
509001
509852
511763
523233
522183
520272
508802
506437
503864
495064
497637
498759
500359
499508
498386
485696
466278
463268
462072
460122
457266
431598
429258
419172
413028
394380
413028
411906
402631
411906
413028
409808
397040
370106
369662
366820
355350
356950
345480
343569
344420
346993
345393
346515
345393
347304
358774
356201
355350
358465
355350
335814
334692
325417
306769
305593
286175
283295
281695
293165
281695
280573
278662
281777
283377
284499
281926
283837
286410
283295
284146
283295
305975
307151
310271
319071
321521
319571
322325
328205
322325
324110
320990
318236
316476
314691
292011
289561
291511
290335
289285
286712
289827
288705
277235
275324
276175
275324
276924
275324
272209
283679
285590
286712
289285
290035
292891
293131
295791
293451
304921
318685
320470
321321
318206
315633
313722
312871
314471
316382
317504
306034
308607
307485
318955
322070
320470
317614
314734
317614
320470
322070
320470
314710
314098
311525
314640
326110
326961
328561
326961
315491
314369
316280
318853
315738
313827
314949
314098
314949
303169
291389
290538
288938
286365
274895
272984
269869
268747
266407
289087
290998
268318
276158
268318
266407
268747
270347
279314
290784
291960
294840
307340
302780
296460
293820
285980
273212
264412
266862
267666
268110
268686
287334
288510
296490
298986
300746
298173
297051
277515
280630
281806
291892
293842
288130
290470
289294
286954
290386
286954
285898
291610
292666
293842
284567
270803
262823
265577
279341
288616
277146
288616
296596
293842
292906
293842
297274
310042
317686
305186
307826
309737
310933
346483
349363
362053
362629
362674
363118
367726
376526
395174
398030
398846
395731
382963
386395
382963
375319
388087
395731
386931
384075
384651
403299
384651
384696
393496
393940
393124
388516
393124
393079
392503
392059
394915
395731
398587
395731
394131
391251
394131
395731
404531
423179
423224
404576
405152
405107
400499
397643
397199
397643
388843
393451
394267
393691
392875
395731
398587
398542
399118
407918
426566
425990
425174
429782
429338
430154
421354
402706
403150
403195
398587
395731
408499
400855
408499
395731
399163
395731
398587
401037
404837
413637
421477
422863
458413
453805
452989
459133
458557
458113
458929
461502
461457
461502
466110
447462
448038
439238
436382
436826
458402
477050
481658
458978
457067
454727
446887
455687
463667
461171
462347
461771
462215
461411
480059
482509
483313
482137
474157
471707
471263
469503
450855
451431
453927
453351
444551
443735
462383
457775
458219
462827
471627
472443
469587
469542
469098
469674
451026
453882
453927
454731
457227
457515
486459
496545
501153
501729
492929
490073
490889
493745
502545
502500
483852
483276
483321
501969
502413
501597
501153
496545
502689
507297
511097
513670
535246
536632
534059
541899
577449
541899
537291
534841
528697
531147
509571
505771
504385
496545
483777
476133
472701
482787
485907
511575
512631
512055
511611
511566
502766
503582
504158
504602
504647
485999
504647
501791
504647
503831
508439
503831
512631
499941
497301
494421
495617
502727
505607
504411
506322
519012
517101
481551
484191
494277
492327
494277
484191
487306
488482
487306
484191
481335
482151
486759
477959
480815
480371
499019
507819
507774
506958
502350
501774
483126
483171
483747
484191
482805
486605
492749
490176
491562
456012
434436
439044
446884
444434
446884
439044
474594
477167
473367
494943
490335
484191
484146
483570
483126
478518
469718
468902
466046
447398
449894
449090
439004
467948
439004
439292
439004
449090
449894
447398
482948
485398
493238
490788
482948
481562
484135
490279
468703
473311
470738
472124
493700
497500
461950
458150
452006
447398
450278
451454
442487
431017
429417
431017
429841
438808
450278
462778
459898
447398
449348
472028
474782
475958
474782
452102
460902
464022
462072
459318
453438
451653
448533
454413
456198
447398
444948
447398
418454
421334
411248
421334
450278
450566
453062
450566
477500
477212
478334
477530
478586
479390
481840
503416
504802
507375
505989
502189
506797
502189
499616
503416
511256
518366
512222
518366
515916
508076
486500
450950
452126
452702
444722
445526
444350
443546
441096
440520
440964
432164
450812
450368
458348
460798
442150
450950
453446
450950
452550
425616
428496
425640
424584
421704
420582
423462
420582
421638
422760
425616
452550
450950
450014
436250
428270
425516
416241
404771
402321
396177
398627
401200
393360
389560
382450
388594
367018
402568
397960
396574
401182
409022
430598
428025
431825
433211
432360
431556
434216
434966
445052
434966
437822
435162
434874
434634
437130
434634
434922
405978
403122
432066
432870
432120
432360
445050
443139
446019
448659
484209
477099
474219
473023
460333
457693
458889
460800
459678
458622
459744
456864
459744
460800
433866
460800
460845
482421
482997
485657
486101
450551
446751
442143
435999
439799
447639
483189
480616
479230
485374
487824
492432
493818
496391
517967
515517
493941
486101
484316
472846
474631
486101
499865
486101
487223
460289
459167
462047
463103
462047
488981
486101
450551
456695
448855
451428
448855
453463
452077
487627
481483
459907
481483
476875
480675
483125
490965
488515
484715
486101
482986
481810
471724
481810
479860
481036
482986
486101
476015
476819
486905
486617
457673
486617
489113
488309
488597
486101
486389
489782
493002
497700
506196
524585
527081
529741
529696
551272
551716
552292
549632
528056
527480
527525
527081
529961
527081
500147
501203
502325
501203
528137
527081
491531
485387
484001
481551
478978
471138
449562
445762
441154
443332
451312
453952
461932
459436
461886
459436
458632
458056
439408
440212
449012
449456
441476
442052
460700
463196
462020
461576
462752
453952
448240
449296
448120
453832
456172
455116
458548
455116
452776
453952
443866
443062
414118
413830
411334
412390
409510
408454
435388
438268
411334
410212
411334
408674
430250
430826
409250
409694
412354
411910
411865
411289
411334
416032
407536
410032
413425
395036
392540
410929
407536
402838
403126
411622
408402
408114
411334
375784
373873
370993
369797
367157
354467
390017
394577
403852
406967
407707
416674
442342
463918
465304
467482
475462
478102
475462
467482
465304
471016
473858
474674
476399
476687
477743
480623
479567
506501
503621
502499
503621
476687
478472
480837
485535
486657
489667
495547
496287
497887
498331
523999
532966
533706
538266
533706
524431
523045
497377
532927
554503
555889
565164
562049
526499
517532
516792
519907
498331
497887
497311
497887
495227
495272
495716
517292
495716
498376
498331
507061
519561
527401
527446
538916
540536
543656
557420
560535
560091
565971
568981
570581
575279
575723
574123
569425
563545
562805
559795
560917
561657
560535
557679
536103
534981
530421
531477
534592
531477
522202
519322
544990
543390
544512
553479
554865
559425
562305
553338
527670
536945
534065
534805
507871
507131
505745
532679
568229
567173
531623
553199
553643
558251
558827
560587
560632
563488
582136
582952
582664
574168
578866
576370
578866
582259
578866
587362
582664
582952
579732
561343
564563
582952
579942
587922
590562
592740
586860
584220
576240
575796
580494
581234
579056
580178
581778
580178
579438
574740
577750
576628
577072
582952
618502
619888
598312
619888
594220
619888
628855
633415
632675
597125
595739
586772
596047
599162
596047
591487
582212
582952
601600
599815
599239
603847
605632
607997
616797
614432
615008
615452
618308
617492
617537
617093
612485
609629
590981
590936
589176
589992
588870
585990
559056
558000
558444
563142
563882
558002
557262
558384
556784
562664
561542
556844
559854
561454
561010
558000
566967
592635
583668
586783
577508
613058
591482
586922
586182
584796
606372
603257
603997
578329
579715
584275
593550
558000
560856
569656
569701
569656
574264
569656
569212
560412
560856
561432
558576
559392
540744
540168
539352
558000
558804
558360
559536
561986
580634
581078
578628
586608
595408
592912
584112
583536
582732
583308
585804
567156
559176
558000
559176
558732
558777
559353
562013
560063
560018
561968
572054
569394
559308
559752
581328
584443
581328
559752
558576
558000
559122
559566
553686
566118
573310
579190
591958
592698
591098
594108
599988
601588
600466
595768
595028
606498
606054
603044
607742
634676
653324
653900
651044
651488
642688
643504
648112
643504
642928
642112
644968
645013
626365
635165
635120
634676
656252
653137
662412
688080
689466
692581
688021
696988
696248
694862
699422
673754
680864
671589
636039
627072
605496
606236
598256
596078
604058
606236
608876
606236
605060
606236
603356
615856
627326
628142
627326
625726
628582
619615
622495
609995
618962
607492
612100
612676
609820
618620
609820
609865
609421
608845
604237
605837
606281
606236
624884
606236
603116
613202
638870
639926
629840
628784
603116
606236
607836
610846
604966
609664
610404
609960
605262
611142
612264
612708
617268
615668
614928
613806
610796
646346
655621
657007
660122
660862
682438
684803
693770
689210
693770
692384
690599
716267
715527
689859
686744
684379
662803
653528
644561
646346
639236
657625
660121
663341
660121
657625
666121
665833
666121
647732
644339
649037
652430
647732
639236
647966
666614
652850
666614
663494
672294
667686
669306
656806
659662
658042
658087
670587
682057
682633
685748
690356
687241
678441
678486
678930
667460
648812
648236
656076
659196
658380
655524
655479
646749
646305
638465
638420
639236
636226
635104
634660
636260
634660
635782
636522
642402
636522
639532
644230
643490
638792
639236
603686
594719
585444
582329
556661
555275
550715
529139
528399
531241
529516
531241
530425
530713
525001
525817
531529
531241
528399
509751
514359
492783
493227
492651
495507
496323
514971
510363
510318
509742
508926
500126
497466
497022
494166
493722
493767
493722
494298
503098
502358
501236
499636
499192
493312
490302
485604
486420
486864
491472
492048
489192
497992
493384
493429
484629
483813
483237
483192
464544
464100
482748
485604
482964
485142
493122
485142
482964
485604
483819
486184
487969
485604
504252
507108
507063
488415
487839
496639
501247
500431
500875
496267
496843
493987
494803
494848
486048
485604
466956
466512
465936
465120
465075
460467
451667
448811
446315
441617
438224
419835
419547
416327
407831
415023
420903
423657
425442
434242
432457
420987
447921
451041
438273
435519
437469
439919
452351
463821
457941
459117
464997
438063
430871
429695
407015
394583
388703
386253
408933
405813
418581
409781
407831
409451
418181
429651
429696
428076
419346
422461
430301
418831
432595
424755
424710
412210
415330
401566
398446
395331
407831
409616
406976
405191
407556
405378
403013
395033
403013
421661
424157
424733
425537
425093
406445
405641
406817
406241
398261
398705
401155
399979
391179
388683
397483
395033
402873
404784
427464
429804
426689
424739
423563
413477
414653
424739
426689
429804
427439
425654
427439
429804
428988
434700
432975
435817
436633
433791
428079
427791
428079
429804
439079
457727
458849
455729
446999
435529
423029
422984
415144
413524
399760
396645
397395
394735
391879
392119
391879
394539
397395
396645
387370
406018
415293
396645
395523
396645
399501
401866
408186
410526
411377
412193
424883
427637
400703
393511
381079
408013
420781
433213
421743
408975
403095
414565
421757
427637
425272
427057
425272
427637
408989
399714
398592
407867
408989
427637
408989
399714
400836
410111
428759
427637
427193
408545
406049
405245
402795
402219
401043
392243
384263
370499
359029
357244
351532
352708
358420
357364
355024
353848
356188
359620
360676
357244
366519
385167
366519
367641
358366
357244
359029
357244
354879
357244
338596
329321
328199
329321
347969
357244
358090
358906
387088
387838
378563
397211
396089
405364
406486
387838
384996
390708
393550
393262
391537
392353
394078
394366
388654
387838
386053
383688
380832
378467
381323
380507
374187
375038
362348
368668
371033
371849
370998
368244
370998
383688
381348
383688
365040
363918
354643
342143
340543
339367
330400
318930
316050
328818
341250
328482
355416
328482
334362
328482
317012
324204
317012
304580
316050
325325
329885
330821
338465
340415
338465
337289
347375
350490
351666
348551
338465
337715
336869
365051
336869
337619
338435
337619
338465
346305
323625
315785
317696
315785
318125
315785
338465
337409
334289
308621
298535
300446
301297
302419
313889
315489
318604
321177
320331
319581
318765
290583
287829
285464
288320
287504
274814
268494
266154
267005
269759
272124
284814
283963
290283
291099
288243
290583
277815
272103
270503
270215
271815
270090
273205
274930
286400
280520
281336
282187
279072
291840
290989
296701
302581
309773
310895
311183
309272
320742
313550
302080
289648
262714
289648
302080
303991
301418
289948
289132
291705
288863
287741
290583
291159
291603
310251
319051
323659
323704
326560
327376
329287
317817
318668
320268
321390
323963
321390
319479
316364
315513
313913
317028
328498
327376
326932
322324
322900
323344
322768
323584
314784
313968
295320
298176
295320
304120
322768
322723
327331
327376
336651
338271
341736
349380
350550
351936
340466
338866
339717
336602
348072
349194
351105
352705
355278
352705
350794
349672
352787
351936
360736
361552
356944
357388
376036
378892
376036
367236
371844
371400
370824
370008
369963
370008
351360
351936
344292
345912
347298
345678
349143
339868
347512
348682
357957
354492
353106
351936
352752
352176
353936
358544
349744
350188
353044
348436
349012
330364
329548
329593
329149
326293
344941
344896
344045
355515
357426
358277
356677
358277
355162
357735
355824
344354
343232
346347
343774
344896
342142
364822
362372
363548
365333
367783
365833
362713
371513
373463
371678
374432
373256
367376
358576
361696
339016
344896
335621
337007
335837
332372
330986
323342
324512
326132
333776
332156
335621
344896
340288
338528
339104
336248
335432
334988
316340
317156
325956
344604
347460
347415
347460
347904
347328
351936
353536
356109
355258
354136
355258
366728
369843
358373
356773
354862
352289
354200
351085
351936
348821
346871
345695
335609
338465
329190
321546
330821
329435
325970
327356
327932
336732
338352
345996
344376
347841
352449
349593
368241
363633
363189
362613
363783
363738
345090
343920
343104
343920
344364
344409
335609
338465
341038
338673
339795
340646
339795
338944
336371
324901
328016
326105
328445
330356
341826
340226
337111
343431
330741
324421
337111
335989
333649
330793
329977
327223
328823
329639
332004
334758
335609
336185
335609
354257
353441
353486
350630
351446
346838
347282
356082
360690
360246
351446
351401
332753
335609
326334
329799
330969
323325
324711
323541
322155
320535
317070
324714
326334
335609
331049
338241
351009
362479
368359
361167
355287
343817
331385
304451
291683
318617
331049
319579
317979
314864
313742
311831
310980
308407
308362
308407
317207
321815
321239
321683
318827
314219
314795
313979
314795
314351
305551
286903
289759
308407
300763
302383
305848
315123
316293
314673
313503
321147
317682
308407
307021
308407
300567
298227
275547
273636
269028
268584
259784
241136
241181
241136
238280
237464
238040
246840
247656
266304
270912
270336
273192
273636
277068
289836
297480
299205
298917
304629
301787
304629
304917
305733
300021
298296
297480
296094
292629
291459
294924
296310
288666
287046
296321
303965
305135
306755
297480
296664
278016
277572
277527
268727
265871
261263
260687
253043
254663
253277
256742
255572
252107
250487
259762
260932
262318
253043
260687
259301
250026
248856
247236
239592
236127
248895
241251
228483
225051
228483
236127
242271
239517
241857
239492
238641
225951
228807
226467
228832
222512
223328
229648
230499
233253
245943
243087
242271
243171
268839
270750
299694
307674
309634
312388
309728
306872
306122
305882
315157
307513
306577
314221
304946
309506
304946
305882
298238
294806
298238
285470
298238
305882
307058
312770
306890
299698
287266
290698
291754
280284
279108
276768
249834
252174
248742
247686
241974
229206
221562
208794
205362
199650
199362
202204
199362
200178
205890
205074
205362
207087
205362
207144
210576
238758
240708
242328
251128
251572
273148
273193
273769
276429
270109
267769
265015
264199
261343
260492
247802
245437
264085
268693
269269
270085
270130
278930
279374
282230
288374
291384
300184
301120
302242
305462
315548
312692
331340
331784
332600
327992
332600
323800
322984
331784
331340
331916
331340
331295
331340
312692
315548
312888
334464
333888
312312
314972
315416
315461
315017
314972
315548
315593
306793
306349
305773
302917
302101
320749
321193
322009
322585
327193
335993
335948
338804
320156
315548
314648
312688
313588
315499
318253
326233
351901
343921
345881
320213
291269
320213
317459
315548
315104
310496
310940
310364
291716
300516
305124
296324
297140
315788
312932
312116
312692
312647
315503
315548
318404
299756
295148
303948
304764
305340
302484
307092
307536
307581
298781
317429
316613
316568
316124
315548
318390
320115
325827
326643
325827
320115
318390
318102
315260
315548
344492
347132
351080
351524
348864
370440
373100
372656
351080
351656
351611
351035
351080
351125
332477
331661
350309
349865
358665
361521
361965
366573
363717
364293
364248
355448
356264
351656
351080
346472
347048
338248
337804
336988
336943
336367
337183
345983
348839
345983
350591
331943
350591
351035
351080
350636
350060
350105
350921
369569
368753
359953
360397
360352
357496
358072
366872
371480
374336
369728
351080
347860
356660
346574
337774
331630
330694
340780
337770
340990
341926
348070
349192
352202
351080
353936
362736
381384
381429
362781
363225
363180
363996
363552
358944
358368
358944
356088
347288
351896
351080
351035
353695
354139
332563
354139
354715
354760
354184
353740
351080
362860
365356
391024
396736
402880
422298
425308
429916
437896
435142
412462
410012
404132
395332
397117
405917
402797
401012
406892
429572
430748
432698
430748
433502
435952
439072
437896
437851
437275
418627
418183
409383
404775
401919
401103
412883
414794
417159
438831
439767
440343
440388
418812
421472
421028
442604
443048
440388
440343
439767
442407
413463
442407
438459
435819
439767
445911
439767
440703
445263
454538
449978
449042
456686
449042
439767
414099
416595
421203
413223
419367
427347
439127
436117
431509
434519
460187
465899
460187
479605
467825
448407
442263
439767
434055
433767
432951
431226
428384
429284
430100
434660
435272
438026
438926
464594
461840
469820
467909
470663
441719
433739
435699
433739
408071
409982
438926
438026
441246
431160
422360
423296
429440
438240
448326
442182
445192
446314
443304
442182
441246
438026
437981
437537
434877
434301
412725
418869
399451
401947
398937
387157
382549
356881
350737
348241
373909
376919
384899
389507
395219
414637
426417
420705
412725
416157
418497
424209
421869
418437
417381
418437
412725
413901
412725
411825
412437
413373
412437
414348
392676
390311
402091
405187
407552
408452
411206
406646
406034
394254
395070
393159
397719
396903
394149
423093
420453
423093
427041
398097
394149
397369
396247
397183
393963
402763
396619
402763
401827
398817
390017
400103
403113
404235
394149
419817
427797
423189
442607
439597
431617
434627
446407
420739
426451
423955
428563
409145
397365
403509
406005
399861
394149
397005
398625
401379
410109
411045
411861
412405
415045
415849
428617
432082
438226
440186
458575
458863
459913
473955
481599
487359
488745
508163
537107
551149
552000
554450
562430
569622
575502
567522
565611
564711
565691
536747
538707
546687
550080
550980
579924
580164
578204
580958
582869
589013
563345
560591
568571
577538
603206
604106
603206
604022
599462
604022
603410
602594
603206
605960
603206
603948
606126
610074
614772
617782
625762
631906
612488
614984
634402
629794
641574
639078
636068
630356
636068
640676
632696
607028
595248
620916
614772
622752
624432
626217
627942
640442
648086
652034
654374
661566
658926
654978
658926
661566
690510
661566
663931
662995
684667
672887
670976
667880
669791
667426
679206
680142
691612
727162
733306
734428
745898
742888
746108
749118
747996
741852
742788
743538
753624
752688
754648
773296
782096
778876
779932
771132
761046
763386
766026
766768
767312
768572
774892
777902
782510
776366
778862
759444
765588
739920
728140
725130
719418
725130
717150
742818
750798
748302
743694
763112
774892
770332
769720
770332
774892
773992
774808
773992
771238
772138
774892
776492
776936
779276
781187
789027
811707
814413
817053
817629
818475
840051
841311
849807
850611
851351
843707
842771
838211
828936
832329
867879
870889
896557
898157
898769
912811
914596
916321
920121
913977
916637
938213
938789
939233
939278
933566
931070
905402
911546
916154
904374
912354
909344
912354
907746
888328
894040
886060
911728
923508
926004
919860
939278
941038
949838
939752
930952
939682
936562
934942
932992
935746
936682
914002
908122
905368
904192
901182
900366
903006
901884
899434
898890
921570
912770
913946
924032
923096
925952
928706
922562
925012
926797
929807
930929
931745
933695
934239
935859
927129
928065
931285
928429
934573
940453
937233
936297
933657
936777
934992
932238
903294
906726
909736
912376
941320
938680
965614
961666
963391
966511
986047
989995
982015
980104
951160
950260
924592
922632
919878
926198
932078
943858
950002
962692
963136
981784
990584
993440
994016
994061
998669
999485
998669
999569
998633
976961
988741
976961
981521
976961
975050
974438
973538
974150
976904
977840
979751
982116
982932
980567
983663
980909
994951
995887
999002
1003700
1013786
1032434
1033285
1037893
1038505
1044385
1053352
1054612
1045812
1046628
1055428
1050820
1050004
1054612
1054036
1051180
1050736
1050691
1032043
1032619
1051267
1051711
1051756
1054612
1056790
1058572
1065764
1073408
1073984
1073939
1076599
1076155
1054579
1055023
1052363
1051787
1051832
1073408
1054760
1055204
1054760
1055336
1055291
1052435
1052480
1053296
1056152
1055336
1057096
1075744
1080352
1079776
1070976
1066368
1092036
1099876
1118524
1124284
1118140
1115130
1103350
1095370
1103350
1109062
1089644
1063976
1070120
1067624
1079404
1073692
1076702
1072094
1097762
1117180
1119676
1124284
1105636
1104820
1105396
1105840
1105885
1108741
1109557
1128205
1127761
1127185
1124329
1133129
1137737
1133129
1131369
1131324
1132170
1133770
1135720
1138576
1143184
1124536
1123960
1121104
1116496
1116451
1118211
1119027
1137675
1137231
1137807
1137852
1138296
1129496
1128680
1131536
1132286
1141016
1143858
1146930
1146975
1149635
1185185
1182329
1184240
1185091
1180483
1181059
1181875
1191961
1191385
1189625
1189580
1189625
1170977
1175585
1177345
1176901
1176085
1183729
1202377
1202821
1205677
1208337
1208382
1205722
1227298
1226854
1227430
1227874
1227829
1227253
1205677
1199533
1198411
1197475
1194255
1184169
1187389
1196189
1206275
1207397
1213541
1211781
1214791
1215727
1212717
1216149
1218809
1219931
1217075
1216631
1219487
1220063
1201415
1202231
1200471
1195863
1209905
1214513
1213937
1213892
1214872
1214056
1214101
1214545
1216305
1234953
1235565
1234953
1230393
1231209
1232109
1236669
1235853
1233099
1232199
1234953
1263897
1261257
1232313
1236261
1232313
1234953
1240665
1254707
1255687
1254707
1240665
1240620
1240044
1240860
1238004
1219356
1218912
1219356
1223964
1223148
1221388
1221433
1223193
1223769
1242417
1237809
1240665
1236057
1229913
1221933
1219437
1200019
1174351
1168639
1156859
1153849
1158409
1162969
1164751
1164796
1165992
1169385
1170135
1170885
1193565
1207607
1234541
1235663
1243503
1235663
1238003
1215323
1201281
1198941
1197030
1198086
1199066
1200977
1203857
1202877
1203321
1204137
1185489
1204137
1203693
1201933
1197325
1206125
1208981
1208936
1206080
1206125
1206701
1205885
1205309
1209917
1211093
1223525
1237289
1244399
1230357
1231337
1230357
1244399
1247059
1247503
1247059
1225483
1222823
1222778
1223354
1223399
1244975
1244399
1238687
1239743
1236311
1237487
1235147
1233971
1232915
1232339
1235771
1226971
1226926
1224070
1226410
1225594
1206946
1206502
1201894
1207606
1210702
1211638
1199858
1202223
1200312
1202223
1199127
1196762
1195826
1207606
1208782
1207802
1208782
1222824
1208782
1207660
1208782
1205902
1178968
1183457
1186337
1185281
1186337
1194177
1195353
1198363
1226545
1232425
1241700
1242440
1247138
1248738
1249480
1251160
1264924
1269622
1282312
1283482
1284604
1285048
1290928
1291908
1305950
1291908
1290928
1291168
1291780
1294534
1280492
1294534
1293554
1294534
1292934
1289924
1289480
1288358
1282478
1288358
1287618
1290628
1291368
1292490
1297188
1297632
1292934
1294534
1291678
1292614
1290994
1292614
1291798
1283068
1282132
1282948
1285702
1294432
1294976
1294432
1297072
1299928
1297288
1294534
1289974
1289362
1288462
1287646
1284892
1281427
1282477
1291752
1293372
1299516
1317905
1322465
1321485
1322465
1336507
1337563
1364497
1361617
1364497
1363375
1358886
1360008
1345966
1344910
1341690
1342266
1333466
1327322
1329982
1330027
1329091
1329046
1329982
1329406
1333002
1332558
1329548
1339634
1329548
1326888
1325766
1328986
1330108
1308532
1314676
1315120
1316880
1319890
1316880
1318002
1322700
1322256
1316376
1317976
1313278
1312538
1313278
1319158
1318036
1318480
1321490
1319890
1311090
1316802
1315182
1319130
1319850
1291668
1288236
1286286
1284504
1292344
1300184
1314226
1313246
1314226
1300184
1300934
1295054
1295796
1305071
1295796
1287956
1286780
1286038
1287763
1273999
1275175
1270477
1271053
1278893
1283591
1290473
1319417
1320593
1321433
1334123
1321433
1320453
1321433
1307391
1321433
1323033
1321911
1316031
1311333
1310593
1308993
1312003
1312843
1312399
1313521
1318219
1315209
1315949
1316393
1345337
1349285
1346645
1317701
1313753
1316393
1315271
1342205
1343261
1346141
1345085
1342205
1343327
1316393
1307426
1309337
1330913
1316871
1315891
1317013
1321711
1320589
1319849
1318249
1319849
1325729
1322719
1321879
1322323
1317625
1317181
1320191
1320931
1342507
1350487
1353241
1355901
1353241
1352665
1352620
1352176
1348580
1361270
1366154
1366894
1380658
1381102
1383808
1384252
1387132
1384252
1357318
1358440
1357318
1356262
1357318
1361807
1364817
1363217
1360207
1355509
1355065
1355509
1360207
1360947
1366827
1368427
1369549
1368427
1362547
1361807
1362549
1365981
1379745
1380289
1381485
1376787
1389477
1388735
1416917
1417637
1410755
1418595
1409320
1410496
1412116
1415212
1424487
1426827
1427667
1414977
1407137
1411835
1413160
1412320
1411144
1410402
1411572
1423352
1429232
1426867
1424956
1425892
1425448
1423848
1424588
1425710
1426154
1429164
1417384
1414288
1417384
1419295
1423993
1420983
1415103
1410405
1412770
1414370
1413434
1412312
1411572
1414965
1417807
1418611
1412731
1411345
1409620
1410742
1413622
1410742
1409686
1405197
1404075
1431009
1432065
1440865
1443721
1462369
1466977
1467793
1468369
1468414
1468858
1468414
1467292
1465692
1464952
1461942
1456062
1457847
1458291
1485225
1480527
1478767
1479703
1478767
1481987
1471901
1481987
1483109
1479889
1486033
1489043
1487921
1484911
1486671
1480527
1481103
1483959
1483143
1483587
1479639
1460991
1458135
1461600
1462416
1466364
1475164
1470556
1489204
1489249
1507897
1507852
1512460
1512016
1511440
1502640
1505755
1510315
1502475
1505115
1504059
1502734
1508614
1511368
1516066
1515324
1516066
1525341
1538031
1551795
1539105
1540281
1552971
1579905
1587745
1592569
1592857
1579093
1574395
1573555
1586323
1585147
1585591
1586647
1584307
1587163
1605811
1605856
1578922
1577866
1576744
1572136
1573896
1600830
1592990
1592174
1592990
1593566
1590686
1591808
1569128
1568552
1559752
1559707
1559263
1556407
1537759
1535848
1538728
1543336
1547284
1553044
1560236
1564380
1567976
1568912
1567932
1569882
1572762
1594338
1600482
1599678
1600254
1599438
1596582
1601190
1599430
1600246
1603102
1603057
1603102
1621750
1623510
1604862
1605306
1604862
1604286
1599678
1603626
1608450
1604502
1575558
1572918
1575558
1581318
1586202
1587398
1597484
1604676
1590634
1592416
1592860
1593436
1593391
1602191
1606799
1603943
1603367
1602551
1597943
1597988
1600844
1582196
1583012
1582568
1580808
1599456
1572522
1571466
1572588
1575468
1576524
1575402
1579891
1577011
1590775
1591495
1592431
1593601
1594447
1593631
1602431
1605287
1623935
1623359
1623314
1618706
1619522
1616666
1617110
1617686
1617731
1622339
1603691
1594891
1594447
1608211
1603513
1604689
1611009
1615707
1606432
1607174
1599334
1586644
1599334
1600659
1594779
1594037
1594877
1588733
1587557
1588307
1591013
1598853
1585089
1583919
1585089
1576289
1585089
1584645
1580037
1580613
1583469
1564821
1583469
1583424
1582608
1587216
1587261
1587705
1587129
1584273
1585089
1587945
1585191
1576391
1573751
1582481
1584931
1576201
1575025
1573405
1574581
1575125
1581005
1580189
1579253
1578709
1576759
1599439
1593559
1596313
1593457
1591672
1594426
1596046
1593596
1596716
1598501
1595381
1597331
1594577
1571897
1572713
1573649
1582449
1585089
1586211
1587147
1589107
1587985
1586929
1582440
1579560
1576704
1595352
1598208
1589408
1588964
1588148
1589908
1589953
1585345
1585789
1586605
1586560
1591168
1590592
1591168
1572520
1562434
1559424
1558488
1557366
1554146
1552386
1546242
1546992
1547972
1548788
1567436
1566585
1578055
1578901
1586545
1587361
1579381
1583407
1582471
1570691
1568326
1565230
1566166
1564255
1566620
1568531
1571627
1583407
1584211
1583407
1586249
1582856
1580014
1583407
1581647
1581203
1576595
1576640
1577456
1574600
1555952
1574600
1574024
1573979
1576835
1585635
1590243
1590819
1591263
1590447
1593879
1601523
1614291
1610695
1606747
1610695
1603503
1604679
1605615
1604679
1611871
1619063
1614919
1627351
1633111
1627351
1625626
1626796
1648372
1649176
1651516
1677184
1680299
1689574
1698541
1699927
1721503
1728613
1729353
1733913
1733097
1724297
1705649
1701041
1700465
1697609
1697564
1697120
1716656
1708816
1695052
1694212
1697308
1684618
1679920
1691390
1690065
1688889
1700669
1699927
1700907
1701957
1737507
1746782
1725206
1723820
1749488
1753084
1749969
1754529
1745254
1746535
1747275
1750390
1741423
1734313
1708645
1704085
1703345
1704731
1706351
1709231
1712663
1712423
1716912
1718592
1715952
1715202
1711254
1711996
1707172
1742722
1742146
1749790
1737022
1749790
1746358
1738714
1742146
1751421
1748306
1773974
1772693
1794269
1798829
1773161
1768601
1769987
1766391
1757116
1760231
1795781
1760231
1761512
1760126
1759386
1760126
1760876
1756850
1760315
1759469
1787651
1791599
1792415
1791665
1792511
1798831
1802263
1810243
1816563
1817007
1816191
1816931
1781381
1807049
1828625
1807049
1805663
1801103
1800363
1804923
1806204
1804923
1795648
1831198
1834313
1835638
1832523
1833909
1808241
1807953
1810613
1818453
1821309
1818969
1821334
1820592
1821642
1823592
1824762
1823592
1833678
1835278
1856854
1876272
1875421
1878277
1874329
1875654
1876935
1876195
1880473
1889748
1854198
1849638
1846523
1868099
1872659
1874045
1909595
1883927
1884667
1883386
1882000
1880675
1859099
1862214
1865646
1862214
1869858
1862214
1849446
1862214
1856454
1857390
1863150
1855958
1859554
1863502
1870694
1849118
1836686
1849118
1848182
1844234
1849994
1851614
1870003
1871053
1874518
1883248
1887196
1888318
1900818
1922490
1921440
1908672
1906032
1909147
1910083
1909343
1918310
1943978
1945364
1980914
1979633
1978247
1942697
1947257
1942697
1938419
1939159
1942755
1921179
1930454
1921179
1918064
1921179
1940715
1938930
1937205
1940215
1953979
1957411
1951651
1923469
1924273
1923427
1926892
1926076
1925272
1924522
1946098
1936823
1935437
1899887
1901168
1926836
1926096
1935371
1939931
1941317
1942057
1938942
1934382
1908714
1911829
1902862
1899266
1906376
1912088
1913144
1907432
1906376
1908716
1905284
1906460
1909892
1908716
1906376
1918156
1920067
1941739
1939374
1937463
1936527
1937463
1939828
1936732
1924952
1922110
1918717
1917913
1905145
1901713
1894069
1887925
1894069
1875421
1888111
1889791
1892911
1905343
1919385
1916270
1914884
1907774
1898499
1893939
1868271
1846695
1845955
1844674
1840874
1849841
1848581
1846621
1882171
1883071
1885411
1888526
1895718
1901862
1903622
1916054
1918808
1926788
1927768
1929154
1920187
1921003
1918249
1921321
1912591
1911775
1911231
1912401
1910781
1908027
1905171
1904001
1901361
1900425
1908921
1909641
1921111
1914967
1933356
1935996
1937907
1941022
1942144
1942756
1945828
1947553
1946293
1938649
1940249
1941100
1943673
1946788
1939596
1938660
1935064
1931116
1918684
1912924
1917068
1920288
1922948
1928828
1932776
1934057
1946747
1956022
1957144
1975792
1977703
1978825
1977225
1976103
1979218
1967748
1979218
1978367
1979967
1977394
1974279
1972368
1973219
1975792
1976236
1973596
1975546
1994964
2005050
2012694
2013870
2035542
2036522
2029330
2010682
2001407
2002529
2001407
2020055
2029330
2028208
2025093
2027004
2029577
2030699
2028126
2031241
2032841
2044311
2045162
2033692
2032092
2031241
2029330
2040800
2043642
2070576
2075136
2075952
2076756
2077952
2081900
2100548
2099426
2090151
2091273
2072625
2073950
2075550
2078622
2090092
2097736
2117272
2119845
2116730
2114157
2112246
2113368
2114219
2117334
2118934
2120845
2119245
2118123
2129593
2128742
2117272
2119183
2121633
2131719
2121633
2122077
2125297
2126143
2129575
2100631
2109361
2112469
2111144
2112469
2093821
2092699
2093821
2092221
2091370
2079900
2077989
2081104
2078531
2075416
2077016
2088486
2087364
2089275
2090397
2091248
2093821
2096161
2098072
2100712
2101452
2101692
2104057
2096217
2097387
2100141
2092161
2100141
2097387
2099752
2097841
2095476
2117148
2105368
2107279
2106343
2107279
2085607
2097387
2116035
2114710
2123985
2122863
2123985
2120877
2123537
2105148
2108268
2108313
2136495
2148275
2157005
2158965
2160565
2158654
2159776
2158654
2156081
2159196
2161769
2158654
2157054
2145584
2147495
2148346
2147495
2158965
2160135
2158965
2158353
2166849
2165727
2166849
2148201
2138926
2157574
2158899
2156326
2157448
2159048
2159899
2163014
2164925
2161810
2160210
2148740
2160210
2159088
2161661
2159750
2158899
2161349
2163689
2154959
2160839
2169806
2170046
2171996
2173907
2196587
2198927
2206767
2205645
2208525
2227173
2229813
2228488
2237763
2273313
2274435
2276346
2277542
2258894
2271584
2265872
2270150
2258680
2259400
2256285
2254374
2253523
2258131
2264275
2263153
2261553
2258438
2272202
2270477
2267904
2279374
2287214
2290329
2291949
2300679
2313179
2326943
2326988
2330108
2328848
2327063
2300129
2302079
2304739
2286091
2284969
2275694
2274014
2272064
2272508
2270908
2243974
2245759
2255845
2277421
2272537
2244355
2247235
2249941
2250553
2253773
2254385
2275961
2273783
2276639
2298215
2299066
2305386
2304264
2306604
2300892
2308872
2308917
2310113
2313578
2314514
2317524
2320164
2312972
2315150
2317904
2309924
2317904
2315150
2313365
2316119
2293439
2287559
2293439
2296559
2319239
2328039
2326089
2327265
2329050
2327874
2325120
2322670
2325120
2316320
2318270
2315150
2316346
2297957
2297413
2288917
2290087
2288917
2281807
2290607
2299103
2287323
2295163
2296009
2300569
2301420
2303598
2281926
2282862
2285227
2297007
2298918
2297007
2294642
2297738
2296802
2285022
2270980
2272036
2260566
2250480
2273160
2275914
2274132
2273196
2276052
2289816
2292931
2292976
2279212
2279788
2280604
2281048
2288888
2288933
2300403
2309133
2306018
2305973
2310581
2298081
2306881
2303761
2295031
2313679
2326179
2327799
2319959
2323079
2311609
2309989
2284321
2280928
2284728
2320278
2323134
2325312
2322672
2320332
2322972
2310540
2308362
2307166
2301022
2293042
2297926
2305570
2313550
2316406
2311798
2312614
2331262
2330818
2330773
2321973
2322018
2321442
2302794
2303238
2307846
2307030
2304174
2312974
2313550
2316406
2315560
2317900
2315722
2313937
2285755
2289187
2291760
2279260
2280436
2286756
2289612
2302302
2303118
2303969
2306723
2309088
2311428
2306868
2271318
2273229
2260539
2261735
2260539
2263419
2260779
2296329
2309019
2307108
2309748
2306868
2306913
2307729
2303121
2302677
2321325
2320749
2323605
2320749
2320704
2325312
2325888
2326332
2325516
2316716
2298068
2306868
2307312
2317398
2314283
2306639
2308364
2311004
2313344
2341526
2340546
2366214
2363874
2364418
2358098
2357522
2356706
2361314
2360870
2361314
2364170
2359562
2360378
2360954
2352154
2352199
2360999
2358143
2358098
2339450
2358098
2356922
2347647
2349033
2370705
2366757
2368482
2346906
2375850
2376090
2376894
2412444
2412489
2413065
2434641
2437301
2437745
2437700
2428900
2426044
2428900
2428324
2428369
2429185
2428369
2437169
2455817
2437169
2437745
2442353
2441909
2437301
2437745
2439923
2443038
2430348
2429598
2421618
2429598
2432238
2430060
2431446
2434566
2431926
2434680
2442660
2439906
2431926
2427366
2419386
2417786
2416970
2421668
2424678
2443326
2438718
2435862
2436438
2417790
2417835
2417259
2418075
2417631
2420487
2420931
2429731
2429686
2434294
2425494
2424678
2425848
2424678
2423928
2423640
2426712
2427528
2454462
2457102
2460222
2464830
2429280
2434992
2431982
2431538
2433158
2414510
2414555
2433203
2433647
2429039
2428994
2421154
2433654
2433078
2429958
2421228
2429958
2429142
2429187
2437987
2434872
2437987
2449457
2450273
2441473
2446081
2449201
2447581
2433817
2433772
2447536
2436066
2438922
2426422
2426998
2424142
2431982
2409302
2401462
2399551
2407391
2409731
2432411
2430071
2431982
2443762
2444662
2449546
2435504
2430896
2430176
2423856
2423811
2432611
2433055
2435911
2440519
2435911
2454559
2453743
2450887
2451463
2432815
2424015
2423439
2422995
2423811
2423856
2449524
2460994
2439418
2442078
2442654
2442210
2463786
2463210
2460550
2460595
2461039
2460994
2460254
2462894
2462144
2454164
2456342
2453702
2456822
2464662
2472642
2470464
2484228
2496728
2487928
2488744
2488168
2483560
2486416
2485600
2485156
2485111
2485555
2485600
2504248
2504824
2501968
2510768
2492120
2496728
2495552
2498984
2500160
2496728
2497784
2500124
2505836
2500124
2497784
2496728
2494363
2492452
2489356
2488420
2476640
2475590
2474394
2438844
2432964
2433900
2434800
2435856
2432463
2433443
2431483
2420013
2417307
2418123
2418974
2421728
2418872
2425192
2418872
2418021
2405331
2402577
2405433
2418123
2420488
2422828
2422012
2419647
2417307
2417262
2408462
2389814
2386958
2386514
2385698
2381090
2380514
2374754
2382734
2383178
2379746
2366978
2369551
2361711
2360661
2352681
2358825
2361003
2361819
2363544
2364740
2366340
2378840
2383538
2391518
2397230
2387955
2392839
2391903
2390283
2393163
2394359
2381669
2384309
2396999
2395803
2360253
2357613
2354733
2352822
2354733
2390283
2389839
2389884
2392544
2414120
2413544
2413988
2414564
2414519
2392943
2390283
2402715
2408475
2406297
2425715
2427893
2429513
2421533
2413889
2421869
2422481
2409791
2412431
2386763
2384123
2386619
2398089
2396178
2398932
2406912
2398932
2396178
2383678
2380563
2371833
2363993
2352523
2338759
2337139
2334019
2333974
2355646
2352181
2349109
2374777
2375947
2373105
2371935
2372739
2380719
2381655
2384535
2376891
2375695
2378449
2375334
2378214
2372070
2399004
2397384
2403704
2384168
2374082
2354664
2353044
2356116
2378796
2386636
2388976
2390172
2396492
2397338
2396726
2396150
2374574
2374619
2374574
2396150
2395706
2396282
2396726
2399386
2396726
2394066
2393166
2393742
2391564
2383724
2381274
2373294
2370654
2373496
2376616
2377336
2379514
2365472
2377904
2378516
2378804
2391494
2394350
2393499
2396253
2393888
2381198
2378342
2379193
2378377
2372057
2369303
2371668
2372484
2370144
2376464
2378804
2386784
2388962
2401462
2427130
2415660
2389992
2401462
2404342
2403166
2402416
2399662
2398492
2393794
2395744
2394574
2367640
2373784
2382751
2379319
2392009
2384029
2382748
2385408
2384832
2363256
2363700
2363655
2363211
2363256
2363832
2361172
2364768
2361648
2340072
2344770
2342859
2348571
2345106
2342352
2334372
2335542
2334372
2333322
2332746
2334531
2337651
2356299
2352867
2351187
2356071
2344601
2354687
2357802
2328858
2306178
2298338
2295998
2294087
2292176
2289536
2286656
2285460
2249910
2237220
2223456
2231296
2237616
2228886
2231896
2229946
2234554
2242198
2241586
2239675
2232483
2230305
2238285
2251053
2273733
2255085
2235667
2227171
2225995
2190445
2182465
2163817
2165995
2178495
2165995
2167955
2169125
2168681
2168105
2164509
2164464
2161804
2162926
2168638
2170363
2171083
2171527
2170777
2168117
2166335
2166947
2169312
2171952
2173148
2151476
2148044
2141900
2141456
2150731
2149880
2152220
2151404
2153769
2166459
2167310
2168126
2170880
2177200
2164510
2162145
2165001
2162145
2159805
2157051
2150731
2149561
2172241
2178001
2178981
2175971
2174991
2161227
2160487
2158576
2158864
2123314
2125099
2123923
2146603
2149723
2147773
2156573
2133893
2131139
2133089
2134265
2125465
2126305
2123185
2125939
2128389
2126604
2124154
2118274
2123158
2101582
2098572
2092252
2106016
2110624
2110180
2097490
2100370
2096938
2085468
2111136
2122606
2096938
2092378
2089718
2087058
2090490
2099290
2098094
2101214
2136764
2145494
2144324
2131824
2129646
2137626
2139804
2152304
2144324
2145304
2139424
2129338
2130088
2111440
2119420
2115472
2079922
2075224
2072004
2052468
2056268
2070310
2073064
2066744
2065898
2062466
2062910
2062670
2058110
2055470
2058176
2058131
2057151
2057893
2060749
2061499
2061739
2062935
2066328
2078828
2078216
2076616
2072338
2069678
2072534
2073350
2072504
2073350
2091998
2095094
2093769
2092383
2097267
2100109
2103541
2106295
2108660
2105906
2093216
2095556
2094740
2092400
2098720
2095864
2096715
2097531
2100387
2094067
2093216
2090851
2103541
2101591
2109571
2107891
2109841
2112547
2114912
2114957
2111564
2115364
2117146
2114440
2116618
2104118
2096138
2108638
2116618
2114440
2113504
2125284
2127234
2129184
2133210
2141190
2153622
2156072
2156792
2152184
2154095
2157070
2156254
2152822
2151652
2144008
2124472
2116632
2119512
2132202
2134842
2136753
2145483
2139339
2141704
2154472
2154232
2142762
2117094
2108127
2106167
2106909
2104269
2098389
2100962
2096264
2099239
2112007
2140189
2132545
2130180
2127108
2127153
2148729
2151369
2154029
2152429
2158573
2167373
2173085
2173373
2185873
2184697
2190409
2191585
2194225
2191885
2194895
2195951
2194895
2189183
2185751
2188091
2191523
2192099
2170523
2167667
2160475
2155591
2181259
2189099
2190485
2191289
2187145
2184289
2187043
2185318
2182658
2176898
2184878
2185778
2185234
2186290
2187676
2188798
2189374
2177594
2175254
2172398
2175408
2174232
2177112
2179866
2181042
2189022
2181042
2168542
2166364
2178864
2181042
2162394
2163330
2157570
2175959
2179074
2176734
2183844
2180772
2170686
2169750
2165802
2174602
2171137
2163297
2163057
2160303
2147613
2146762
2144397
2141541
2140725
2134405
2132065
2134405
2142245
2164925
2166836
2164386
2178150
2175270
2153694
2175366
2173980
2173935
2178543
2179293
2178442
2181322
2183687
2182871
2185444
2186194
2189050
2192025
2194867
2207635
2203687
2196495
2198280
2197429
2184997
2182657
2185411
2181611
2178951
2180631
2182413
2178948
2180548
2179498
2172306
2176106
2201774
2202516
2202072
2166522
2163402
2184978
2185829
2187740
2190855
2191977
2203447
2205047
2207620
2215600
2203100
2205278
2197298
2195120
2207620
2208742
2204182
2204470
2206810
2210203
2208025
2197939
2205779
2202899
2201843
2196959
2198559
2199410
2196837
2199410
2200532
2202443
2213913
2212002
2200532
2199681
2198559
2196959
2200074
2196959
2195009
2203976
2202800
2201744
2211019
2230555
2233309
2229844
2228944
2226304
2206886
2209226
2208422
2205716
2234660
2231540
2240036
2242376
2236056
2235336
2232996
2235446
2233486
2235086
2238201
2240774
2252244
2253095
2251495
2252617
2251495
2248380
2245807
2243896
2243045
2231575
2233486
2230780
2222800
2218192
2220765
2220321
2219877
2200341
2214105
2215275
2213097
2238765
2239209
2236869
2218480
2237128
2237572
2238148
2246948
2246993
2249849
2254457
2255273
2253362
2254213
2257328
2255728
2253155
2255066
2266536
2267658
2270231
2269380
2268258
2256788
2253673
2255273
2258129
2246659
2245939
2249159
2261591
2260395
2258030
2257179
2265979
2252215
2252935
2253751
2252935
2252491
2271139
2275747
2276323
2276767
2273911
2273956
2273911
2255263
2250655
2241855
2244711
2244135
2252935
2249863
2235821
2232979
2233795
2236135
2235895
2236945
2231233
2228353
2227502
2216032
2217632
2229102
2231675
2230553
2228642
2225527
2227438
2230553
2228953
2230075
2230926
2228353
2219553
2219598
2219553
2228353
2220373
2219929
2238577
2241433
2236825
2239003
2243611
2244187
2231687
2244187
2245003
2242825
2242009
2223361
2220505
2228485
2227909
2228353
2231233
2233411
2252829
2260809
2254489
2256089
2270131
2281911
2280186
2281362
2289858
2291034
2293890
2287570
2284455
2282855
2284455
2281882
2283004
2294474
2293352
2292501
2295616
2298189
2300100
2300951
2289481
2287570
2278770
2278194
2275338
2293986
2294031
2294475
2299083
2299659
2302515
2297907
2297463
2297418
2306218
2307034
2306218
2287570
2288746
2290132
2293204
2292660
2320842
2340378
2344986
2353786
2353342
2352526
2343726
2343771
2343195
2344011
2343966
2339358
2339802
2340378
2337522
2318874
2337522
2340378
2341764
2350494
2341998
2329566
2330762
2334194
2353612
2350540
2349928
2349973
2346877
2347777
2337691
2345531
2347442
2335972
2337572
2335661
2338776
2336203
2347673
2346073
2345222
2342107
2340985
2342107
2342958
2345531
2326883
2327327
2322719
2313919
2313874
2316730
2316286
2320894
2339542
2338726
2340486
2341062
2338206
2337630
2338446
2338491
2336541
2324041
2330361
2318581
2300192
2297072
2292583
2289829
2291005
2288149
2292709
2315389
2326859
2325923
2324141
2322541
2319426
2307956
2307105
2305194
2304072
2301499
2304159
2303355
2306475
2307291
2305531
2305576
2308432
2305576
2300968
2303464
2284816
2303464
2306896
2271346
2273796
2278404
2281158
2281113
2280537
2278172
2277728
2277008
2277584
2276768
2275646
2277406
2277850
2273902
2276398
2274058
2275234
2277184
2279095
2256415
2258200
2261320
2258200
2280880
2258200
2260650
2262410
2285090
2287844
2285894
2284109
2282933
2288813
2280013
2277259
2274809
2277149
2275238
2267398
2266558
2274398
2255750
2269792
2266672
2265952
2266672
2265550
2252860
2250910
2263410
2236476
2239136
2237351
2237795
2237750
2256398
2251790
2248934
2249750
2247990
2229342
2231102
2230286
2230331
2230907
2235515
2238371
2237795
2237351
2229371
2216871
2214693
2218125
2218971
2220571
2220705
2242281
2245353
2243593
2244169
2244214
2244658
2246418
2251026
2250582
2250537
2249961
2252817
2271465
2252817
2252001
2249145
2244537
2245353
2246073
2254053
2254953
2259513
2262733
2263537
2265497
2246079
2248959
2268377
2267201
2264321
2265497
2276967
2284947
2307627
2298827
2325761
2326481
2338261
2335507
2336257
2335813
2331205
2330761
2330185
2330140
2327284
2326468
2324708
2306060
2310620
2311232
2312048
2312948
2315702
2307722
2301578
2296754
2296310
2300336
2301386
2292656
2288048
2309720
2308524
2309068
2308252
2310430
2308830
2302686
2290186
2291786
2293511
2306011
2304286
2308984
2309800
2317780
2318976
2310996
2306298
2305102
2302924
2309068
2312288
2311388
2312108
2313008
2313142
2309922
2309118
2301138
2300418
2295858
2303838
2308398
2310358
2308398
2304450
2306235
2327811
2316341
2317397
2315777
2318633
2292965
2290123
2291103
2292225
2304915
2307280
2316080
2317130
2321828
2330795
2331537
2332279
2344711
2317777
2315137
2311917
2312493
2312538
2312982
2315642
2337218
2336498
2328518
2336498
2336364
2338324
2342884
2340924
2344144
2343244
2343378
2340158
2341058
2336498
2337218
2336606
2335864
2314192
2314932
2319630
2318434
2316709
2322589
2348257
2352057
2349047
2348603
2345507
2350115
2347542
2334852
2335428
2332788
2335763
2340647
2341397
2340593
2327903
2332601
2323801
2321436
2316738
2325538
2326588
2327710
2326730
2325608
2338298
2339278
2341643
2340593
2331863
2333059
2328175
2328979
2318893
2321389
2319789
2319655
2327635
2330855
2330989
2335549
2333589
2332869
2329649
2325089
2324189
2316209
2318169
2318889
2319789
2320965
2318085
2337503
2318085
2320965
2319789
2320640
2320595
2317739
2337157
2333937
2334381
2337813
2340909
2339739
2337399
2344591
2347251
2347296
2347740
2347695
2348271
2347695
2369271
2366611
2366167
2344591
2340031
2339131
2338315
2337703
2338519
2339419
2336665
2337277
2340031
2344591
2343787
2344767
2350647
2344887
2332455
2335430
2339378
2333058
2321278
2320528
2319916
2342596
2340916
2348896
2349796
2350600
2352560
2344580
2345300
2348520
2346560
2345840
2345706
2341146
2337926
2342486
2341586
2336888
2335766
2348456
2350216
2349236
2346871
2347993
2348973
2340173
2344871
2347236
2346186
2333496
2334546
2352935
2347055
2348380
2347184
2348804
2349524
2349968
2357948
2329766
2336086
2335240
2337736
2346536
2349968
2355680
2354624
2351192
2345480
2344304
2341964
2343020
2344196
2346536
2351420
2362890
2359775
2361953
2362804
2350304
2351690
2354330
2356280
2355476
2347496
2346596
2345876
2349096
2357076
2357976
2356016
2356820
2352260
2349040
2351000
2355560
2356280
2357084
2386028
2386316
2396402
2398898
2400809
2399423
2402433
2401497
2375829
2402763
2405773
2406385
2406430
2409136
2420916
2429412
2431137
2431425
2434179
2437294
2440048
2440624
2440048
2440003
2418427
2417983
2439559
2440003
2442663
2442708
2440048
2441170
2449970
2448210
2460900
2456202
2455222
2452857
2453907
2452785
2451735
2454100
2458798
2446108
2447088
2447700
2446764
2447886
2419704
2419838
2416828
2395156
2373580
2386270
2394250
2393530
2392726
2370046
2369146
2372366
2373266
2373986
2375946
2368106
2360126
2355566
2360126
2356906
2357710
2355750
2353410
2351499
2352075
2343275
2348987
2357787
2370287
2367647
2370657
2364945
2352445
2351869
2354509
2354221
2354509
2351499
2348619
2370291
2369115
2368539
2367735
2348317
2340477
2353167
2372585
2375465
2374619
2363149
2361389
2364029
2376797
2377517
2379302
2386946
2386196
2387372
2399804
2403236
2428904
2426198
2427394
2428516
2427712
2427136
2430208
2429228
2433176
2452594
2456620
2453866
2454682
2455582
2451022
2455582
2454766
2457520
2458132
2457232
2456620
2469310
2456620
2457670
2456548
2447748
2446768
2451466
2452446
2451396
2453761
2462561
2463683
2458985
2456620
2456908
2466994
2471818
2461732
2461444
2432500
2434996
2435800
2433304
2432500
2433400
2432680
2424700
2421580
2423540
2420320
2420275
2423668
2425628
2403956
2415426
2416230
2424210
2423310
2426530
2427250
2423818
2421858
2417298
2416494
2421054
2420610
2423270
2423225
2423270
2423714
2402138
2402714
2400054
2421630
2421054
2428698
2426248
2423133
2410443
2407563
2408367
2410047
2407037
2398307
2407582
2386006
2382206
2356538
2370580
2367148
2374792
2387560
2390992
2378224
2370580
2371750
2374822
2372457
2369601
2368861
2365741
2351977
2371395
2392971
2400951
2396391
2397111
2396391
2395587
2398807
2400767
2397547
2405527
2406331
2407231
2399251
2397291
2396391
2400951
2402073
2397375
2402073
2404188
2406553
2405431
2406481
2404116
2403066
2402086
2403066
2394266
2403066
2390376
2393082
2394138
2397938
2387852
2390302
2387446
2386834
2389844
2381864
2379524
2382380
2376668
2373788
2374538
2364452
2366948
2362124
2372210
2377034
2377838
2377034
2374538
2374250
2374538
2379146
2380826
2375942
2373992
2368280
2368856
2339912
2353676
2358236
2349740
2350316
2347656
2350316
2349872
2353468
2352892
2352172
2351272
2349312
2349756
2348952
2348997
2341017
2340972
2319396
2314836
2311616
2314496
2322140
2323316
2320436
2312792
2309360
2328778
2327602
2308184
2320952
2324384
2311616
2312356
2311420
2303776
2302580
2308900
2295136
2296312
2273632
2295304
2294254
2292139
2291017
2303707
2302727
2303707
2306072
2297272
2292574
2301374
2299009
2300131
2304829
2305879
2306491
2307307
2302747
2307307
2306491
2307391
2306779
2309533
2308633
2305879
2303306
2300450
2303110
2298226
2303110
2315542
2316478
2325753
2327139
2330211
2331387
2331432
2336040
2336616
2337060
2339916
2340732
2349532
2368180
2372128
2373178
2398846
2399697
2401377
2401137
2419526
2417576
2430008
2430758
2449406
2444798
2444843
2453643
2434995
2434551
2439159
2438343
2438298
2438742
2439558
2440134
2439558
2436702
2427902
2430758
2429954
2419868
2422364
2422076
2422880
2451824
2447000
2447288
2444792
2454878
2455694
2447854
2460286
2463142
2464467
2466252
2458412
2457236
2444468
2439908
2461580
2453936
2450504
2463004
2462284
2461840
2458244
2457668
2457623
2454963
2455008
2455452
2450844
2453700
2435052
2435868
2440476
2431676
2430860
2449508
2458308
2457864
2457288
2454432
2455008
2454963
2446163
2450861
2438171
2437049
2436069
2437049
2439414
2440464
2441586
2450386
2463076
2460711
2456013
2454963
2428029
2427417
2428803
2416113
2411505
2411949
2430597
2421797
2418941
2418125
2417681
2418497
2399849
2404457
2407313
2407889
2407313
2407358
2407313
2416113
2435531
2440415
2437842
2439442
2436346
2457922
2456746
2457034
2458230
2477648
2463884
2485460
2485904
2504552
2505368
2507128
2488480
2485624
2485669
2490277
2490232
2493088
2492644
2492068
2492644
2483844
2479236
2478420
2476800
2473368
2472924
2499858
2492214
2489460
2491258
2497138
2491378
2494258
2493082
2494258
2474840
2494258
2491378
2489013
2484315
2485295
2494095
2498793
2499915
2498935
2511625
2513990
2501300
2500250
2499128
2500178
2491378
2462434
2463238
2462950
2473036
2501980
2502268
2501464
2491378
2493874
2491378
2469706
2491378
2505142
2534086
2534374
2521606
2524102
2523052
2509010
2510270
2522050
2520100
2519200
2531632
2510056
2509612
2507852
2504996
2523644
2532444
2537052
2518404
2517828
2517873
2513265
2512449
2512893
2513469
2514285
2514240
2517096
2514342
2513442
2514342
2515158
2510598
2515158
2517912
2518524
2517912
2517096
2518881
2520641
2519465
2517680
2518856
2517096
2515146
2492466
2494416
2517096
2522976
2525426
2522976
2525730
2522976
2519856
2522976
2517096
2509116
2510238
2509794
2515554
2520162
2522612
2525062
2526184
2523064
2525429
2525669
2526113
2527873
2528449
2527633
2527588
2530444
2529868
2548516
2553124
2544324
2543880
2525232
2520624
2520669
2521485
2518629
2531061
2534176
2525209
2522713
2522668
2519275
2521060
2523400
2532675
2533491
2538099
2537523
2535763
2517115
2512507
2513083
2515939
2515984
2517744
2516928
2517372
2536020
2535576
2532720
2532675
2527977
2529027
2533725
2532745
2523945
2524925
2526047
2538737
2547537
2534847
2537212
2534847
2533797
2532675
2535125
2535080
2533480
2541320
2547464
2555444
2578124
2573516
2582316
2581500
2562852
2561092
2579740
2584348
2585164
2584720
2585164
2582308
2582884
2585740
2585164
2585119
2585164
2586424
2589304
2590474
2598454
2599735
2600715
2622387
2657937
2667212
2666408
2656322
2656034
2653538
2624594
2628026
2625661
2613161
2609729
2601233
2604665
2605835
2586417
2558235
2558977
2558932
2554324
2535676
2526876
2524020
2523204
2522628
2522184
2524362
2526273
2528638
2532103
2540083
2552583
2544603
2545773
2548479
2543595
2549739
2537959
2537113
2538283
2537541
2536491
2527691
2525326
2524204
2511514
2506816
2505836
2503263
2501303
2536853
2538029
2530049
2516285
2543219
2546061
2546637
2566055
2563175
2585855
2588735
2569317
2568141
2570052
2572932
2575788
2577388
2599060
2577388
2585368
2588343
2585463
2586007
2588347
2594491
2581723
2580981
2581961
2578889
2578073
2578685
2579501
2580401
2579585
2584145
2579585
2578973
2576219
2578973
2578073
2582771
2570003
2591579
2594799
2597372
2594252
2594540
2595260
2595804
2597754
2595304
2575886
2604068
2604884
2605634
2606480
2609490
2611170
2612226
2617986
2622594
2625167
2625779
2624799
2623819
2622559
2619679
2641351
2642331
2634351
2642331
2641050
2631775
2630605
2639880
2648847
2650107
2652987
2654157
2661267
2625717
2604045
2603194
2606266
2607008
2625656
2624270
2630030
2632603
2629488
2631666
2631378
2628928
2642970
2644020
2641164
2627400
2630793
2631989
2609309
2606969
2608025
2605145
2585609
2587559
2590401
2581434
2593866
2582396
2587004
2596279
2599499
2596384
2594998
2592118
2589478
2584780
2583724
2578012
2575672
2581384
2582560
2584900
2588332
2587156
2583724
2584780
2583604
2580724
2583604
2584780
2604198
2584780
2592424
2593810
2595430
2604705
2608170
2609340
2608620
2606670
2603695
2605645
2611525
2612376
2631794
2631506
2617464
2612856
2620836
2621380
2620534
2621380
2599708
2598892
2598142
2598892
2570710
2571526
2574186
2575382
2603564
2602748
2599994
2595434
2594822
2593922
2596372
2599252
2600872
2599252
2600638
2592994
2564050
2567515
2567071
2568331
2575975
2566700
2565314
2561514
2564734
2563564
2561782
2553286
2540786
2541956
2538156
2534691
2543966
2541626
2519954
2484404
2485384
2488024
2475592
2473810
2486310
2491008
2491552
2490802
2482072
2460400
2451433
2473105
2463830
2462570
2471537
2470367
2469387
2504937
2506197
2499087
2500067
2497187
2500067
2478395
2470415
2471740
2472910
2480890
2488534
2487364
2496639
2487364
2485744
2487364
2488750
2481106
2482276
2480890
2477425
2480890
2458210
2455235
2467735
2468477
2460833
2457761
2464953
2457843
2457798
2451654
2448774
2449620
2446188
2442723
2440812
2442723
2444901
2442723
2440358
2448338
2460838
2464303
2466668
2454168
2446188
2455463
2456849
2447574
2446188
2444568
2452212
2444568
2446188
2445018
2446188
2442723
2446188
2453298
2457858
2458598
2461713
2463099
2472374
2481341
2507009
2528585
2527389
2526845
2524185
2526845
2528041
2520061
2528041
2528585
2527843
2519863
2520613
2519863
2518243
2526223
2524045
2521705
2520319
2511044
2503400
2502230
2503850
2500385
2509660
2508040
2515684
2519149
2520319
2521705
2529685
2530425
2521150
2519764
2512654
2526418
2521858
2525884
2524904
2529464
2520497
2521883
2557433
2531765
2540732
2536784
2538109
2563777
2560662
2548882
2548142
2551257
2539787
2528007
2506431
2528007
2556951
2528769
2527923
2527107
2526357
2517082
2521030
2521642
2523982
2522812
2504423
2513698
2516708
2517878
2517434
2519930
2521316
2518562
2544230
2551874
2553050
2556515
2555393
2532713
2536178
2545453
2553433
2576113
2580721
2577256
2569612
2571232
2569846
2568226
2559426
2562066
2565076
2573876
2568164
2568740
2581240
2586952
2586664
2574164
2573588
2570578
2570866
2568226
2571106
2572282
2569402
2549984
2548808
2568226
2565111
2574078
2583353
2609021
2612136
2576586
2581146
2616696
2607729
2586153
2584767
2559099
2560485
2561225
2559900
2581476
2580736
2576176
2577372
2606316
2597516
2598452
2597256
2594596
2586616
2589626
2589082
2597062
2597606
2599556
2601156
2598816
2597760
2600420
2601806
2600636
2597171
2589527
2580252
2587896
2586510
2588130
2586510
2595785
2596955
2600420
2591453
2583473
2584643
2593610
2592224
2593610
2615186
2650736
2646176
2649291
2650551
2641584
2650859
2659826
2695376
2703356
2706236
2727908
2732468
2731143
2730403
2731728
2696178
2695198
2694028
2684753
2663177
2660062
2634394
2631514
2609842
2610822
2611562
2637230
2601680
2600420
2618809
2616469
2613589
2618149
2618889
2618755
2610915
2612826
2600394
2602734
2599724
2601005
2597573
2594693
2597549
2595949
2593093
2595973
2597573
2594108
2595728
2594108
2586464
2587850
2595494
2598959
2597789
2588514
2589684
2591009
2589623
2616557
2615381
2650931
2651219
2654334
2648014
2649210
2650995
2648355
2651470
2651182
2652907
2654689
2653364
2655044
2653658
2656773
2631105
2632365
2596815
2600763
2607873
2598906
2599646
2595086
2616662
2595086
2596472
2593357
2602324
2627992
2632552
2641827
2644323
2647165
2646425
2645039
2643419
2639954
2638784
2631140
2629815
2636135
2638991
2639435
2640605
2649880
2643560
2642810
2644490
2643770
2645495
2641469
2643429
2645049
2652693
2653539
2656199
2664179
2665375
2657395
2656851
2657395
2656199
2653539
2658099
2679675
2670708
2673823
2699491
2696376
2689266
2679991
2681377
2659801
2659061
2654501
2663776
2664516
2663130
2637462
2673012
2681979
2678547
2677827
2677023
2675238
2677878
2677027
2683347
2678649
2677453
2664953
2662775
2661175
2659450
2651470
2645326
2644510
2643460
2642338
2645434
2645568
2659610
2658224
2655651
2653286
2651501
2652241
2655356
2654616
2628948
2630334
2628948
2633508
2597958
2576382
2602050
2597490
2633040
2624073
2620958
2642534
2633259
2642534
2651501
2678435
2679557
2682437
2683493
2674218
2675414
2681126
2681171
2687315
2684435
2683259
2663841
2663265
2665715
2657875
2661340
2652373
2647813
2644698
2623122
2622142
2623312
2658862
2657692
2622142
2623402
2622662
2631937
2632917
2631657
2622382
2620996
2628976
2603308
2600428
2591153
2582186
2603858
2582186
2591153
2555603
2558483
2550503
2547843
2539863
2541059
2543719
2551699
2552243
2551047
2550503
2544183
2546143
2544543
2542365
2568033
2566911
2579601
2571957
2572697
2580677
2577923
2575973
2572858
2575036
2583016
2586481
2584116
2576136
2578501
2576590
2578501
2566001
2563823
2576323
2572858
2567146
2566570
2553880
2559592
2564200
2573475
2571875
2572855
2574766
2584041
2605617
2641167
2642013
2641293
2642415
2643471
2646351
2643471
2616537
2615415
2642349
2641293
2633313
2632869
2634819
2631747
2630767
2612378
2613314
2613858
2626626
2634606
2608938
2600958
2600216
2596823
2598423
2597227
2599981
2600723
2598812
2599388
2602048
2605023
2602363
2631307
2632503
2613085
2611485
2617629
2617085
2613653
2612933
2612799
2609919
2582985
2584107
2586987
2585865
2590354
2589298
2590354
2588594
2585474
2583524
2581074
2579898
2574018
2576468
2577644
2554964
2552210
2554160
2552375
2561175
2562960
2566080
2588760
2594640
2597394
2603274
2594474
2572898
2574284
2573384
2560952
2561702
2559791
2562497
2561301
2561346
2563711
2558827
2558107
2556931
2548435
2542555
2554025
2554829
2551949
2554829
2519279
2528554
2536534
2528554
2527294
2526124
2527294
2518019
2519279
2510312
2488640
2495750
2496730
2495750
2504717
2526389
2529609
2530589
2507909
2488491
2502255
2489755
2497735
2493127
2496007
2496295
2499049
2498605
2490625
2489503
2516437
2517493
2514613
2510124
2509068
2511948
2513070
2512526
2509866
2511062
2503082
2511062
2513722
2512526
2513070
2517018
2513070
2514750
2512968
2510472
2512197
2510472
2512254
2509412
2507732
2510574
2513070
2511810
2513070
2500638
2496690
2493680
2490824
2491564
2494014
2498712
2512476
2509466
2490048
2498544
2501298
2509138
2510260
2529678
2542178
2560826
2560871
2563727
2564171
2564747
2565563
2570171
2571931
2570206
2572384
2569264
2555500
2554888
2556848
2545378
2542306
2546106
2542306
2545186
2572120
2570998
2572054
2573176
2572120
2545186
2542306
2560954
2561770
2561725
2558869
2558053
2553445
2552869
2555725
2555281
2553521
2555281
2536633
2541241
2541817
2542261
2542306
2560695
2563670
2563382
2591564
2594060
2593214
2594834
2593712
2595098
2613487
2600719
2608363
2614507
2611651
2613251
2610371
2613227
2611627
2614507
2617167
2618363
2617819
2609839
2610383
2609187
2617167
2614507
2615083
2615128
2623928
2624744
2643392
2642948
2641188
2641632
2622984
2627592
2626776
2622168
2625024
2624448
2621592
2621547
2634047
2642027
2645827
2650387
2651127
2652387
2646243
2643903
2651883
2652327
2649471
2650047
2652903
2652858
2652282
2653098
2648490
2653098
2654858
2646058
2645614
2626966
2626150
2626195
2644843
2647723
2669395
2660120
2695670
2704637
2695670
2695226
2691794
2690814
2686254
2683374
2692649
2670977
2662010
2663180
2664505
2656525
2655139
2648995
2650780
2643670
2641030
2662606
2643958
2642698
2641528
2642788
2620108
2621088
2622068
2624948
2623778
2631758
2627060
2620916
2621896
2622952
2627441
2630321
2644363
2617429
2618551
2615671
2614549
2613493
2615671
2619136
2616958
2629458
2625993
2618013
2616102
2603602
2605967
2613947
2615858
2613493
2610637
2629285
2630101
2625493
2624917
2633717
2632037
2629195
2625802
2624986
2606338
2610946
2609186
2608370
2608946
2608502
2611358
2611313
2608471
2608516
2608960
2609940
2595898
2594918
2608960
2609404
2612064
2615660
2615705
2616281
2608301
2616281
2616825
2614165
2601733
2604393
2601639
2592364
2593180
2592636
2593832
2593016
2595991
2570323
2569127
2570107
2570551
2572557
2573373
2564573
2561717
2557109
2557154
2565954
2584602
2584158
2570116
2570692
2570116
2572972
2572156
2571176
2571131
2575739
2557091
2558213
2555333
2550844
2551900
2554780
2553658
2558147
2557091
2556341
2549149
2547469
2544715
2547375
2544669
2543499
2540657
2514989
2510105
2511085
2525127
2523121
2522141
2522096
2521280
2520836
2520881
2512081
2509225
2518025
2522633
2525489
2524913
2525729
2526305
2526749
2508101
2503493
2522141
2502723
2494227
2486387
2494883
2492129
2493251
2501091
2503845
2491345
2490223
2502723
2522141
2526749
2531357
2531901
2540397
2537901
2536921
2548391
2556231
2542467
2541923
2554355
2551499
2531963
2534328
2535308
2521266
2520286
2534328
2537184
2541792
2560440
2555832
2555016
2555832
2564632
2564587
2561731
2561287
2560711
2561155
2552355
2552931
2534283
2534328
2533272
2530932
2527500
2526324
2528664
2522952
2528664
2532096
2533152
2534328
2536278
2545078
2546860
2575042
2576662
2580094
2583526
2584246
2586696
2583942
2587162
2585776
2579632
2578246
2565814
2567414
2562530
2559555
2558499
2554010
2568052
2566930
2567986
2569108
2570088
2572968
2577457
2574577
2573597
2559555
2556895
2556351
2548371
2547175
2542567
2543143
2542327
2541883
2560531
2563387
2562811
2563255
2567863
2567818
2567863
2576663
2558015
2549215
2550031
2547175
2547220
2546644
2568220
2567776
2568220
2570880
2568220
2564624
2565200
2565155
2529605
2521625
2520645
2519385
2497713
2488746
2485866
2484696
2483371
2484111
2476131
2475381
2478813
2484957
2480349
2477899
2456227
2458592
2459342
2457557
2470247
2471927
2473652
2476406
2477386
2491428
2490448
2476406
2474681
2473865
2469257
2470982
2469302
2466446
2466002
2447354
2448614
2445772
2448614
2444666
2448614
2451110
2452790
2451008
2448512
2447252
2438452
2440234
2439658
2439613
2416933
2421541
2418787
2431477
2422202
2420404
2422977
2423877
2424933
2425477
2437977
2438421
2440371
2443125
2443365
2446485
2451093
2450113
2464155
2465135
2451093
2446604
2445548
2442668
2441546
2440350
2439174
2466108
2479872
2478892
2464850
2478892
2479872
2477030
2479872
2481822
2479872
2484480
2482800
2487360
2493120
2493564
2516244
2530286
2531266
2530286
2516244
2517844
2520959
2522870
2523721
2524843
2536313
2538886
2539462
2561038
2563698
2563254
2562678
2563122
2560462
2560417
2538841
2538886
2542912
2547520
2555360
2562552
2572638
2569884
2567934
2566149
2557349
2560421
2573111
2559069
2560394
2538818
2537882
2542371
2543541
2545491
2531449
2530469
2527354
2515884
2517795
2518646
2521219
2532689
2531567
2528994
2532109
2531258
2532858
2530947
2532069
2530469
2522489
2523539
2525219
2526605
2529677
2523797
2520577
2529073
2526623
2523963
2526623
2529633
2528511
2541011
2538257
2557675
2545175
2536679
2539433
2547273
2555769
2547929
2528511
2529633
2533098
2531187
2527722
2529633
2527455
2519475
2527455
2525090
2527268
2539768
2542133
2529633
2532753
2532011
2503067
2503307
2510499
2487819
2501583
2480007
2458431
2459277
2460453
2457699
2455126
2454838
2462482
2435548
2438121
2436521
2438121
2449591
2450442
2449591
2452706
2450133
2451255
2449344
2448222
2450133
2447018
2435548
2443388
2466068
2468408
2470319
2473439
2483525
2484137
2483291
2502827
2508971
2509907
2508521
2509781
2516973
2508243
2505537
2498345
2495465
2492609
2495465
2493865
2495465
2498345
2498390
2497814
2500474
2478898
2478853
2478409
2478985
2476325
2497901
2498345
2500256
2499405
2497805
2500920
2503493
2505093
2501978
2490508
2489386
2486813
2484902
2485753
2486875
2498345
2495895
2467713
2466543
2460783
2460239
2455541
2443761
2443473
2442897
2430397
2427757
2424747
2415947
2410235
2407575
2407131
2406327
2394857
2394006
2390910
2389230
2366550
2365650
2363865
2364716
2361601
2363201
2365112
2364261
2352791
2353913
2351340
2350218
2353333
2355906
2353995
2352395
2363865
2362929
2360049
2356934
2352326
2343526
2340820
2335936
2333080
2333125
2333941
2336797
2341405
2341981
2342425
2361073
2362833
2360922
2363495
2362373
2360773
2363888
2361315
2372785
2373636
2370521
2372432
2374032
2373181
2374303
2362833
2356953
2330019
2327359
2324503
2323447
2315467
2316283
2320891
2321335
2321380
2321956
2317348
2317303
2320159
2319343
2318767
2315911
2334559
2332799
2314151
2315911
2315467
2318127
2314179
2314623
2317119
2314277
2316002
2317784
2317340
2315558
2319506
2318246
2319506
2322348
2322924
2344500
2342820
2342775
2340115
2340160
2318584
2316088
2317768
2317192
2315467
2311441
2308801
2296301
2293229
2289281
2286061
2287972
2286372
2287223
2285312
2287885
2285312
2288427
2289549
2301019
2299897
2301497
2298382
2286912
2286061
2267413
2264557
2265001
2264557
2263981
2263936
2263120
2263936
2263981
2272781
2268173
2266413
2266989
2271597
2290245
2293101
2301597
2314097
2294679
2295801
2315219
2323059
2321937
2314097
2305601
2302847
2290347
2293101
2264157
2261085
2260541
2259801
2278449
2278893
2277771
2276920
2277736
2280592
2278992
2276419
2275843
2273932
2278540
2278585
2280345
2280300
2279484
2268014
2265158
2246510
2241902
2233102
2232658
2233234
2230119
2229303
2228253
2246901
2245141
2245186
2245630
2244814
2249422
2251182
2250606
2250162
2250117
2250693
2232045
2232861
2235717
2232861
2228253
2227503
2205927
2202812
2201487
2199537
2193217
2184250
2170486
2169910
2167250
2145674
2145230
2145185
2163833
2165593
2165149
2162293
2162737
2161921
2143273
2141513
2141468
2144324
2148932
2148356
2149172
2149217
2149793
2145185
2126796
2120652
2118202
2110362
2109382
2105356
2100748
2097528
2074848
2073726
2096406
2098856
2100032
2098082
2099867
2077187
2071307
2074061
2073617
2075567
2072711
2074471
2071351
2069566
2070382
2067932
2068508
2067332
2067776
2066960
2071568
2077448
2080568
2080523
2082283
2063635
2060881
2060926
2060350
2063206
2081854
2073054
2068446
2066686
2037742
2034886
2021122
2002733
2008877
2002733
1999723
1998463
1990483
1987018
1985107
1997607
1995242
1997153
2005133
2002955
2005320
2008785
2010963
1998463
1999039
1999483
1999039
2000799
1997943
1979295
1983903
2002551
2001735
2001780
2002596
2002020
2004876
2004831
2000223
1998463
1997287
1996111
1993405
1984130
1974855
1972895
1972079
1971635
1971059
1968203
1968647
1973255
1982055
1982100
1982676
1983492
2002140
2000380
1981732
1984588
1984543
1979935
1976960
1964528
1963332
1962590
1957706
1954850
1954274
1949666
1948850
1930202
1921402
1920958
1920913
1933413
1941909
1929409
1932163
1951581
1932163
1931041
1922545
1919791
1927631
1928753
1920913
1916305
1913965
1912054
1909714
1917554
1919465
1896785
1899125
1891285
1913965
1912054
1909558
1874008
1871558
1844624
1842284
1840604
1837748
1836148
1833268
1834528
1833268
1834948
1832452
1834948
1838896
1840621
1842403
1840678
1838896
1841738
1837790
1836110
1833268
1806334
1800190
1795630
1793845
1792669
1773251
1772511
1766799
1765629
1764009
1776699
1774203
1771347
1749771
1752651
1753847
1789397
1791308
1765640
1768280
1780970
1786730
1792610
1795364
1801684
1821220
1846888
1882438
1885192
1871150
1870538
1851120
1869768
1870890
1880165
1877525
1874550
1855132
1853407
1853273
1843998
1856498
1855376
1842876
1850716
1831298
1828544
1820048
1829323
1837819
1856467
1855345
1847505
1850259
1851381
1842106
1823458
1842876
1843998
1843018
1841398
1840342
1834582
1816193
1828693
1830604
1832782
1824802
1821337
1818972
1822437
1820526
1808026
1805848
1808213
1816193
1818533
1815101
1812761
1811585
1812761
1807049
1810481
1811537
1810481
1816193
1808213
1806827
1781159
1780419
1778459
1797107
1806382
1787734
1788856
1787734
1778459
1773899
1772843
1772093
1759403
1733735
1752383
1761658
1743010
1741888
1732613
1733735
1732679
1732439
1729866
1728696
1727500
1727056
1725145
1724533
1722037
1716157
1703725
1701547
1692272
1710920
1709798
1719073
1700425
1701547
1689115
1688269
1688224
1689346
1694044
1694488
1695228
1696828
1699838
1705718
1696443
1715091
1696443
1695321
1696443
1705718
1707500
1709996
1711721
1710461
1708679
1706999
1709841
1706999
1703051
1706999
1708259
1706534
1704038
1705718
1684046
1670282
1669466
1666893
1664982
1654896
1643426
1642686
1647384
1647828
1649428
1646418
1645974
1644852
1638972
1639712
1645592
1648602
1649724
1648124
1647384
1642686
1640026
1639286
1640482
1637602
1602052
1597444
1578796
1614346
1615468
1612828
1614739
1612828
1615468
1618348
1631038
1629916
1648564
1657839
1654374
1649885
1647245
1637970
1625280
1624084
1628644
1627522
1624768
1625890
1613390
1621230
1613390
1593972
1585476
1604894
1617394
1625890
1628644
1630244
1628284
1628728
1627606
1627162
1631860
1637740
1640750
1636052
1633556
1630916
1631656
1630056
1622216
1621476
1619026
1617856
1611976
1613098
1610648
1597958
1594948
1593826
1575178
1565903
1558063
1535383
1533043
1531132
1525252
1522756
1508992
1514872
1513272
1517970
1513272
1512532
1512976
1513716
1515316
1514872
1508992
1510114
1513124
1512002
1508992
1506150
1504200
1503150
1493875
1479833
1478711
1478423
1483121
1477241
1477685
1478807
1477207
1476763
1478363
1481373
1482113
1479103
1474405
1473283
1479163
1478423
1477227
1476507
1475703
1475415
1453839
1451133
1449937
1448026
1445661
1453641
1450176
1442196
1444107
1446472
1448650
1446472
1449937
1437437
1449937
1447572
1435072
1431640
1429190
1426694
1421996
1421256
1421996
1420396
1425094
1428104
1433984
1430974
1430530
1429408
1431008
1431452
1425572
1426694
1391144
1368464
1356032
1352812
1344832
1344388
1343266
1344006
1343266
1337386
1337830
1338952
1335942
1338952
1337352
1343232
1347930
1343232
1344832
1344288
1340488
1334344
1331979
1331403
1330959
1329909
1331031
1318531
1315777
1323617
1336117
1316699
1308203
1316699
1308859
1328277
1327155
1329909
1327569
1325889
1324209
1297275
1284507
1283385
1282645
1282201
1280601
1274721
1271711
1267013
1266469
1258489
1257769
1254759
1253823
1251373
1249413
1246533
1259223
1246533
1249029
1247769
1245858
1247583
1212033
1214913
1210965
1212747
1211067
1213909
1216549
1214824
1213628
1212782
1200092
1197596
1233146
1234406
1236086
1237282
1241230
1238590
1235748
1233966
1232844
1234755
1233495
1230375
1233129
1235079
1238199
1240649
1238889
1233009
1241809
1242985
1239865
1262545
1268425
1265671
1264495
1262045
1239365
1241150
1239200
1237415
1236564
1234779
1233933
1239813
1233493
1236247
1233493
1269043
1249507
1243747
1231057
1225177
1222423
1228743
1193193
1198953
1218489
1231179
1256847
1231179
1233933
1224658
1217014
1215844
1213894
1211234
1210658
1209602
1182668
1170168
1162328
1153832
1152710
1133292
1130538
1128173
1120193
1107693
1105515
1103604
1100139
1098814
1095839
1095227
1059677
1038101
1036151
1034891
1031671
1019891
998315
997119
984429
983709
979761
979716
976644
972036
969156
967556
966360
963720
961809
926259
913569
911658
908265
905511
879843
878863
857287
852679
851419
849694
851476
855424
856684
853842
852162
855004
856684
858409
857149
859645
857149
853201
851419
848409
842089
834109
824834
821824
818392
817216
816160
810448
808108
806326
804706
801274
799324
790524
762342
761730
760988
748298
745183
732751
724255
717063
715782
701740
683092
678484
671292
665532
662652
661910
657212
648716
647976
636506
633496
632754
631029
618529
618241
614809
606829
603709
591209
589609
584911
582961
575317
571291
568795
571291
570031
567189
568914
572862
571137
572919
571239
574081
575341
573559
575239
571291
563451
557739
556353
553693
550473
556353
536817
534063
508395
521085
518331
543999
546753
540873
546633
540313
504763
499003
534553
537307
556843
544153
550473
547900
547000
546760
542152
539032
537082
530762
529826
526946
526901
517626
514511
503041
502291
498491
480102
476637
476349
468369
467629
463069
460094
457729
455944
454768
452014
448894
446944
444494
438614
415934
407134
399490
393346
385506
382410
378462
375966
374286
372561
369719
367937
366677
362069
352794
349722
320778
316218
312418
309346
307561
306581
305831
304851
303171
297411
292803
290049
287295
279315
271335
270489
268311
265336
263950
260975
256949
254195
240431
212249
208817
202673
202129
197521
196196
191588
184396
182031
169599
166845
202395
166845
164091
176781
202449
221985
227865
208329
211083
213837
208077
213837
207957
182289
175969
182289
169599
167999
166823
165098
160538
141002
127238
126998
116912
114158
101468
98714
92394
72858
67098
61218
25668
0
