160
160
160
160
168
168
168
168
168
168
168
168
168
168
168
168
168
168
168
168
176
176
176
176
168
168
168
168
168
168
168
168
168
168
168
168
176
176
176
176
168
168
168
168
168
168
168
168
168
176
176
176
184
184
184
184
176
176
176
176
176
176
176
176
176
176
176
176
176
176
176
176
184
184
184
184
184
184
168
168
168
168
168
168
168
168
168
168
168
168
176
176
176
176
168
168
168
168
168
168
168
168
168
176
176
176
184
184
184
184
176
176
176
176
176
176
176
176
176
176
184
184
184
184
192
192
192
192
192
192
192
192
192
192
192
176
184
184
184
184
184
184
184
184
184
184
184
184
184
192
200
200
200
200
200
200
200
200
200
200
200
200
200
200
200
200
208
208
208
208
208
208
216
216
216
216
216
216
216
216
216
216
200
200
200
200
200
200
200
200
184
184
184
184
184
184
184
184
184
184
184
184
184
184
184
184
184
184
184
168
168
168
168
168
168
168
168
168
168
168
168
168
168
168
176
176
176
176
176
176
176
176
176
176
176
176
176
176
176
176
176
176
176
176
176
168
168
168
168
168
168
168
168
168
168
168
176
176
176
176
176
176
176
176
176
176
176
176
176
176
176
176
176
176
176
184
184
184
184
184
184
192
192
192
192
192
192
192
192
192
192
192
192
192
192
192
192
192
192
192
192
192
192
200
200
200
200
200
200
200
200
200
200
200
200
200
200
200
200
200
208
208
208
208
208
208
208
216
216
216
216
216
216
216
216
216
216
216
216
216
216
216
216
216
224
224
200
200
200
200
200
200
200
200
200
200
208
208
208
208
208
208
216
216
208
208
208
208
208
208
208
208
208
208
208
216
216
216
216
216
216
216
224
224
208
208
208
208
208
208
208
208
208
208
208
216
216
216
216
216
216
216
208
208
208
208
208
208
208
208
208
208
208
208
208
208
208
208
208
208
208
208
208
208
208
208
208
208
208
192
192
192
192
192
192
192
192
192
192
192
192
192
192
192
192
192
192
184
184
184
184
184
184
184
184
184
184
184
184
184
184
184
184
184
184
184
184
192
192
192
192
192
192
192
192
192
192
192
200
200
200
200
200
200
200
208
208
208
208
208
208
208
208
208
208
208
208
208
208
208
208
208
208
208
208
208
208
208
208
208
208
208
208
208
208
208
208
216
216
216
216
216
216
216
216
200
200
200
200
200
200
200
200
200
200
200
208
208
208
208
208
208
208
192
192
192
192
192
192
192
192
200
200
200
200
200
200
200
200
200
200
200
200
192
192
192
192
192
192
192
192
192
192
192
192
192
192
200
200
200
200
200
200
200
200
192
192
192
192
192
192
192
192
192
192
192
192
192
192
192
192
192
192
184
184
184
184
184
184
184
184
184
184
184
184
184
192
192
192
192
184
184
184
184
184
184
184
184
184
184
184
184
184
184
184
184
184
184
184
184
184
184
184
184
184
184
184
184
184
184
184
176
176
176
184
184
184
184
192
192
192
192
192
192
192
192
192
192
192
192
192
192
192
200
200
200
200
200
200
200
200
200
200
200
200
200
200
200
200
200
200
200
200
184
184
192
192
192
192
192
192
192
192
192
192
192
192
200
208
208
208
208
208
208
208
208
208
208
208
208
208
208
208
208
208
216
216
216
216
216
216
216
216
216
216
216
208
208
208
208
208
208
208
208
208
208
208
208
208
208
208
208
208
208
208
216
216
216
216
216
216
216
208
208
208
208
208
208
208
208
208
208
208
208
208
208
216
216
216
216
216
216
224
224
216
224
224
224
224
224
224
224
224
224
224
224
224
224
224
224
224
224
224
224
232
232
232
232
232
232
232
232
224
224
224
224
224
224
224
224
224
224
224
224
224
224
224
224
224
224
224
224
224
224
224
224
216
216
216
216
216
216
216
216
216
216
216
224
224
224
224
232
216
216
216
216
216
216
216
216
216
216
216
224
224
224
224
224
232
232
232
232
232
232
232
232
232
232
232
232
232
232
232
232
240
240
240
240
240
240
240
240
240
240
240
240
240
240
240
240
240
240
240
240
248
248
248
248
232
232
232
232
232
232
232
232
232
240
240
240
240
240
240
240
232
232
232
232
232
232
232
232
232
232
232
232
232
232
232
232
232
232
232
232
240
240
240
240
208
208
208
208
208
208
208
208
208
208
208
208
208
216
216
216
216
216
216
216
216
216
216
216
216
216
216
216
216
216
216
216
216
216
224
232
240
240
240
240
240
248
248
248
256
256
256
256
256
256
240
240
240
248
248
248
248
248
248
248
248
248
248
248
248
248
248
248
248
248
256
256
264
264
264
264
264
264
232
232
232
232
232
232
232
232
240
248
248
248
256
256
256
256
240
240
240
240
240
240
240
240
248
256
256
256
264
264
264
264
240
240
240
240
240
240
240
240
240
240
240
248
248
248
248
248
248
248
240
240
240
240
240
240
240
240
240
248
248
248
248
248
248
248
224
224
224
224
224
224
224
224
224
232
232
232
240
240
240
240
232
232
232
232
232
232
232
232
240
248
248
248
248
248
248
248
232
232
232
232
232
232
232
232
224
224
232
232
232
232
232
232
232
232
232
232
232
232
232
240
240
240
240
232
232
232
232
232
232
232
232
232
232
232
232
232
232
232
232
232
232
232
232
232
232
232
232
232
224
224
224
224
224
224
224
224
224
232
232
232
232
232
216
216
216
216
224
224
224
224
224
224
224
224
224
224
224
224
224
224
224
232
232
232
232
232
232
232
232
232
232
232
232
232
240
248
248
248
248
248
248
248
248
248
256
256
256
256
248
248
248
248
248
248
248
248
248
248
248
248
248
248
248
248
248
248
240
240
240
240
240
240
240
240
240
240
240
240
240
240
240
248
248
248
248
256
256
256
256
256
256
256
256
256
256
256
256
256
256
256
256
256
256
256
256
256
256
256
256
256
248
248
248
248
248
248
248
248
256
256
256
256
248
248
248
248
248
248
248
248
248
248
248
248
248
248
248
248
248
248
248
248
248
248
248
248
248
248
256
256
256
256
256
256
256
256
256
256
256
256
256
256
256
256
264
264
264
264
256
256
256
256
256
256
256
256
256
256
256
256
256
264
272
272
272
280
280
280
280
272
272
272
272
272
272
272
272
280
288
288
288
296
296
296
296
272
272
272
272
272
272
272
272
272
272
272
280
280
280
280
280
280
280
264
264
264
264
264
264
264
264
264
264
264
264
272
272
272
272
248
248
248
248
248
248
248
248
240
240
240
240
240
240
240
240
248
256
256
256
256
256
256
256
248
248
248
248
248
248
248
248
248
248
248
248
248
248
248
248
256
256
264
264
264
264
264
272
272
272
272
272
272
272
256
256
256
256
256
256
256
248
248
248
248
248
248
248
248
256
264
264
264
272
272
272
272
248
248
248
248
248
248
248
256
256
256
248
248
248
248
248
248
248
248
256
264
264
264
264
264
264
264
240
240
240
240
240
240
240
240
240
248
248
248
256
256
256
256
240
240
248
248
248
248
248
248
248
248
248
248
248
248
248
248
232
232
232
232
232
232
224
224
224
224
224
224
224
224
224
224
224
224
224
224
224
224
224
232
232
240
248
248
248
248
248
248
248
248
248
248
248
248
248
248
248
248
248
248
248
248
248
248
248
256
256
256
256
256
256
256
256
256
256
256
256
256
256
256
256
256
256
256
256
256
256
256
256
256
256
248
248
248
248
248
248
248
248
248
248
248
248
248
248
248
248
248
248
248
248
248
248
248
248
248
248
248
248
248
248
248
248
248
248
248
248
248
248
232
232
232
232
232
232
240
240
240
240
232
240
240
240
248
248
248
248
248
248
248
248
248
248
256
256
256
256
256
256
256
264
256
256
256
256
256
256
256
256
256
256
256
256
256
256
256
256
256
256
256
256
256
256
256
256
256
256
256
256
256
256
256
256
256
256
256
264
264
264
264
264
264
264
264
264
264
264
272
272
272
272
272
272
272
272
272
272
272
272
272
272
272
272
272
280
280
280
280
288
288
288
288
288
288
288
288
288
288
288
288
288
280
280
280
280
280
280
288
296
296
296
288
288
288
288
288
288
288
288
288
296
296
296
296
296
304
304
288
288
288
288
288
288
288
288
288
288
288
288
288
288
288
288
288
288
288
288
296
304
304
304
312
312
312
312
312
312
312
312
312
312
312
312
288
288
288
288
288
288
288
288
288
296
296
296
296
296
296
304
288
288
288
288
288
288
288
288
288
296
296
296
296
296
296
304
288
288
288
288
288
288
288
288
288
288
288
288
288
288
280
280
280
280
280
280
280
280
288
288
288
288
288
288
296
296
280
280
280
280
280
280
280
280
280
280
280
288
288
288
288
288
288
288
288
288
288
288
288
288
288
288
288
288
296
296
296
296
296
296
304
304
280
280
280
280
280
280
280
280
280
280
280
280
280
280
280
280
280
280
280
280
280
280
280
280
280
280
280
280
280
280
280
280
280
280
264
264
272
272
272
272
272
272
280
288
296
296
296
296
296
296
296
296
296
296
296
296
296
296
296
296
296
296
296
296
296
296
296
296
304
312
312
312
312
320
320
320
320
320
304
304
304
304
304
304
304
304
312
320
320
320
320
320
320
320
296
296
296
296
296
296
296
296
296
296
296
296
296
296
304
312
312
320
320
320
320
328
328
328
328
328
328
328
312
312
312
312
312
312
312
312
312
312
312
312
312
312
312
312
312
312
312
312
312
312
312
312
312
312
312
312
312
312
312
312
320
320
320
320
320
320
320
304
304
304
304
304
304
304
304
312
320
320
320
320
320
320
320
312
312
312
312
312
312
312
312
320
328
328
328
336
336
336
336
320
320
320
320
320
320
320
320
320
320
320
320
320
320
320
320
320
320
320
320
320
320
320
320
320
320
320
320
320
320
328
328
328
328
328
328
320
320
320
320
320
320
320
320
320
320
320
320
320
320
320
320
304
304
304
304
304
304
304
312
312
312
312
312
312
312
312
312
312
312
312
312
312
312
312
312
312
312
312
320
320
320
320
320
320
320
320
320
320
320
320
320
320
312
312
312
312
312
312
312
312
312
312
312
312
312
320
320
320
320
320
320
320
320
312
312
312
312
320
320
320
328
328
328
328
328
328
328
328
328
328
328
328
328
328
328
328
328
328
328
328
336
336
320
320
320
320
320
320
320
320
320
320
320
320
320
320
320
320
312
312
312
312
312
312
312
312
296
296
296
296
296
296
296
296
296
296
296
296
296
296
296
296
296
304
304
304
312
320
320
320
320
320
320
320
320
320
320
320
320
320
320
320
320
320
320
320
320
320
320
320
320
320
320
320
320
320
320
328
328
328
328
328
328
328
328
328
320
320
320
320
320
320
320
320
320
320
320
320
320
320
320
320
320
320
320
320
320
320
320
320
320
312
312
312
312
312
312
312
320
320
320
320
320
320
320
320
320
320
320
320
320
320
320
320
320
320
320
320
320
320
320
320
320
320
320
320
320
320
320
320
320
320
312
312
312
312
312
296
296
296
296
296
296
296
296
296
296
296
296
296
296
296
296
296
296
296
296
296
296
296
296
296
296
296
296
296
296
296
296
296
296
296
296
296
296
296
296
296
296
288
288
288
288
288
288
288
288
288
288
288
288
288
288
288
288
288
288
288
288
288
288
288
288
288
288
288
288
288
288
288
288
296
296
296
296
296
296
296
296
304
304
304
312
312
312
312
312
312
312
312
312
312
312
312
312
312
312
312
312
312
312
312
312
312
320
320
312
312
312
312
312
312
312
312
312
312
312
312
304
304
304
304
304
304
304
304
304
296
296
296
296
296
296
296
296
296
296
296
296
296
296
296
288
288
288
288
288
288
288
288
288
288
288
288
288
288
296
304
304
304
312
312
312
312
312
280
280
280
280
272
272
272
272
272
272
272
272
272
272
272
272
256
256
256
256
256
256
256
256
256
256
264
272
272
272
272
272
272
272
256
256
264
264
264
264
264
264
264
264
264
264
264
264
264
264
264
264
264
264
264
264
264
264
264
264
264
264
264
264
264
264
264
264
264
264
264
264
264
256
256
256
264
264
264
264
264
264
264
264
264
264
264
264
264
264
264
264
264
264
272
272
280
280
280
280
280
280
280
280
280
280
280
264
264
264
264
264
264
264
264
264
272
272
272
280
280
280
280
280
280
280
280
280
280
280
280
280
280
280
280
280
280
288
296
296
296
304
304
304
304
296
296
296
296
296
296
296
296
288
288
288
288
288
288
288
288
296
304
304
304
312
312
312
312
304
304
304
304
304
304
304
304
304
304
304
304
304
304
312
320
320
320
328
328
328
328
296
296
296
296
296
296
296
296
280
280
280
280
280
280
280
280
280
280
280
288
288
288
296
296
296
296
272
272
272
272
272
272
272
272
272
272
272
272
280
280
280
280
264
264
264
264
264
264
264
264
264
264
264
264
264
264
264
264
264
264
264
264
264
264
264
264
264
264
272
272
272
272
280
280
280
280
280
280
280
280
280
280
280
280
272
272
272
272
272
272
272
272
280
288
288
288
296
296
296
296
280
280
280
280
280
280
280
280
280
280
280
280
280
280
280
288
288
296
296
296
296
296
296
272
272
272
272
272
272
272
272
280
288
288
288
296
296
296
296
280
280
280
280
280
288
288
288
280
280
280
280
280
280
280
280
280
288
296
304
304
304
304
304
304
304
288
288
288
288
288
288
288
288
264
264
264
264
264
264
264
264
264
264
264
264
264
264
264
272
272
272
272
272
272
272
272
272
272
272
272
272
272
272
272
280
288
288
288
288
288
288
272
272
272
272
272
272
272
272
272
280
280
280
272
272
272
272
272
272
272
272
272
272
272
280
280
280
280
280
280
288
288
288
296
304
304
304
304
304
304
304
304
304
304
304
288
288
288
288
288
288
288
288
296
296
304
304
304
304
304
304
304
304
304
304
304
304
304
304
304
304
304
304
304
304
296
296
296
296
296
296
296
296
296
296
296
296
296
296
296
296
296
296
296
296
296
296
296
296
296
296
296
296
296
296
296
296
296
296
296
296
296
296
296
296
296
296
304
304
312
312
312
312
312
312
312
312
312
312
312
312
312
312
312
312
312
320
320
320
320
320
320
320
320
328
328
328
328
328
328
328
328
328
328
328
328
328
328
328
328
328
328
328
328
328
328
328
328
328
328
336
336
336
336
344
344
344
344
344
344
344
344
344
344
344
344
344
344
344
344
336
336
336
336
336
336
336
336
336
336
336
336
336
336
336
336
336
312
312
312
312
312
320
320
320
312
312
312
312
312
312
312
312
320
320
320
320
320
320
320
320
320
320
320
320
320
320
320
320
328
328
336
344
344
344
344
344
336
336
336
336
336
336
336
336
336
336
336
336
336
336
336
336
336
336
336
336
336
336
344
344
344
344
344
344
344
344
344
344
344
344
344
344
344
344
344
344
344
352
352
352
360
360
360
360
360
360
360
360
360
360
360
360
360
368
352
352
352
352
352
352
352
352
352
352
344
344
344
344
344
344
344
344
344
344
344
344
344
344
344
344
344
344
344
344
344
344
344
344
344
344
344
344
344
344
352
360
360
368
368
368
368
368
368
368
368
368
368
368
368
368
368
368
368
368
368
368
376
376
376
376
376
376
376
376
376
376
376
368
368
368
368
368
368
368
368
368
368
376
376
376
376
376
376
376
368
368
368
368
368
368
368
368
368
368
368
368
368
368
368
368
368
376
376
376
376
376
376
376
376
376
376
376
376
360
360
360
360
368
368
368
368
368
368
368
368
368
368
368
368
368
368
368
368
368
368
376
376
376
376
376
376
376
376
376
376
376
376
376
376
376
376
384
392
392
392
392
392
392
392
392
392
392
392
392
392
392
392
392
392
392
400
408
408
408
416
416
416
416
408
408
408
408
408
408
408
408
408
408
408
408
408
408
408
408
408
416
416
416
424
424
424
424
424
424
408
408
408
408
408
408
408
408
416
424
424
424
424
424
424
424
424
400
400
400
400
400
400
400
400
400
400
400
400
400
408
416
416
416
416
416
416
416
416
416
400
400
400
400
400
400
400
400
400
400
400
408
416
416
416
416
416
416
416
416
400
400
400
400
400
400
400
400
408
416
416
416
416
416
416
416
416
416
416
416
416
416
416
416
416
416
416
416
424
424
424
424
424
424
424
424
424
424
424
424
408
408
408
408
408
408
408
408
408
408
408
408
416
416
416
416
416
416
408
408
408
408
408
408
408
408
416
424
424
424
432
432
432
432
424
424
424
424
424
424
424
424
424
424
424
424
424
424
424
424
424
424
424
424
424
424
432
432
432
440
440
440
440
440
424
424
424
424
424
424
424
424
424
424
432
440
440
440
440
440
440
440
424
424
424
424
424
424
424
424
432
440
440
440
440
448
448
448
448
432
432
432
432
432
432
432
432
432
432
432
432
432
432
432
432
432
432
432
432
432
432
440
440
448
448
448
448
448
448
448
416
416
416
416
416
416
416
416
416
416
416
416
416
416
424
424
424
424
424
424
424
416
416
416
416
416
416
424
424
424
424
432
432
432
432
432
432
432
432
432
432
432
432
432
432
432
432
432
432
432
432
432
432
432
432
432
432
432
432
432
432
424
424
424
424
424
432
432
432
432
432
440
440
440
432
432
432
432
432
432
432
432
432
432
432
432
432
432
432
432
432
432
432
432
432
432
432
432
432
440
440
440
440
440
432
432
432
432
432
432
432
432
440
440
440
440
432
432
432
432
432
432
432
432
432
432
432
432
432
432
432
432
432
432
432
432
432
432
440
440
440
440
440
440
440
440
432
432
432
432
432
432
432
432
432
432
432
432
432
432
432
432
432
432
432
432
432
432
432
440
440
440
440
440
440
440
440
440
440
440
440
440
440
440
440
440
440
448
448
448
448
448
448
448
448
448
456
456
448
448
448
448
448
448
448
448
448
448
448
448
448
448
456
456
456
456
456
456
456
456
456
456
464
464
464
464
464
464
464
464
464
464
464
464
464
464
464
464
464
464
464
464
464
464
464
464
464
464
472
472
472
472
472
472
472
472
472
472
472
472
480
480
480
480
480
480
480
480
480
480
480
480
480
480
480
488
488
488
488
488
488
496
496
496
496
496
496
496
496
496
504
504
504
504
504
504
504
504
504
504
504
504
504
504
504
504
504
504
504
504
504
504
504
504
504
504
504
512
512
512
512
512
512
512
512
512
504
504
504
504
504
504
512
512
512
512
512
512
512
512
512
520
528
528
528
528
528
528
528
536
536
536
536
536
536
536
536
536
536
536
544
552
552
552
552
552
552
552
552
536
536
536
536
536
536
536
536
544
552
552
552
552
552
552
552
552
536
536
536
536
536
536
536
536
536
536
544
552
552
552
552
552
552
552
536
536
536
536
536
536
536
536
520
520
520
520
520
520
520
520
520
520
520
520
520
520
520
520
520
520
520
520
520
528
536
536
536
536
536
536
536
520
528
528
536
536
544
544
544
544
544
544
544
544
544
544
544
552
552
552
552
552
552
552
552
552
544
552
560
560
560
560
560
560
560
560
560
560
560
560
560
560
560
560
560
560
560
560
560
560
560
560
560
560
560
560
568
568
568
568
568
568
568
568
568
568
576
576
576
576
576
560
560
560
560
560
560
560
560
560
568
576
576
576
576
576
584
592
592
592
592
592
592
592
592
592
592
576
576
576
576
576
576
576
576
576
576
576
576
576
576
576
576
576
576
576
576
576
576
576
576
576
576
576
576
576
584
584
584
584
576
576
576
576
576
576
576
576
584
592
592
600
600
608
608
608
608
584
584
584
584
584
584
584
584
584
592
592
600
600
600
600
600
600
576
576
576
576
576
576
576
576
576
576
568
568
568
568
568
568
568
576
576
576
576
576
576
576
576
576
576
576
576
576
584
584
584
584
584
584
584
576
576
576
576
576
576
576
576
576
576
576
576
576
576
576
576
576
584
584
584
592
592
592
592
592
592
568
568
568
568
568
568
576
576
576
584
584
584
584
584
584
584
584
584
584
584
592
592
592
592
592
592
600
600
592
592
592
592
592
592
592
592
592
592
592
592
592
592
592
592
592
592
592
592
592
592
592
592
592
592
592
592
592
592
592
592
592
592
592
592
592
592
592
592
592
592
592
592
592
592
592
600
600
600
600
600
600
600
600
608
608
608
608
608
608
608
608
608
608
608
608
608
608
608
608
608
608
608
608
608
608
608
592
592
592
592
592
592
592
592
592
592
592
592
592
592
592
592
592
592
592
592
600
600
600
600
608
608
608
608
608
608
608
608
608
608
616
616
616
616
616
616
608
608
608
608
608
608
608
608
608
616
616
616
616
616
616
616
616
616
616
624
624
624
624
624
624
624
624
632
632
632
632
640
640
640
640
640
640
640
640
640
640
640
640
640
640
640
640
640
640
640
640
640
640
640
640
640
640
640
624
624
624
624
624
624
624
624
624
624
624
624
624
624
624
624
624
632
640
640
648
648
656
656
656
656
656
656
656
656
656
656
656
656
656
664
664
664
664
664
664
664
664
664
664
664
664
672
672
672
672
672
672
672
672
672
672
672
672
672
672
672
672
672
672
672
672
672
672
672
672
672
680
680
680
680
680
680
680
680
680
680
680
680
680
680
680
680
680
680
680
680
680
680
672
672
672
672
672
672
672
672
672
672
672
672
672
672
672
672
672
680
680
680
680
680
688
688
688
688
688
688
688
688
688
688
688
688
688
688
688
688
688
688
688
688
688
688
688
688
688
688
688
688
688
688
688
688
688
688
688
688
688
688
688
688
688
688
696
696
696
696
696
696
688
688
688
688
688
688
688
688
688
688
688
688
688
688
688
688
696
696
696
696
696
696
696
696
696
704
704
704
712
712
712
712
712
712
712
712
712
712
712
712
712
712
712
712
712
712
712
712
712
712
712
712
712
720
720
720
720
720
720
720
720
720
720
720
728
728
728
728
728
728
728
728
728
728
728
728
728
728
728
728
728
728
736
736
744
744
744
744
744
744
744
744
744
744
744
744
744
744
744
744
744
744
744
736
736
736
736
736
736
736
736
736
736
736
736
736
736
736
736
736
736
736
736
736
736
736
736
744
744
744
752
752
752
752
752
752
752
752
752
752
752
752
752
752
752
752
752
752
752
752
752
752
736
736
744
744
752
752
752
752
760
760
760
760
760
760
760
760
760
760
760
760
760
760
760
760
760
760
760
760
760
760
760
760
760
760
760
768
768
768
776
776
776
776
776
760
760
760
760
760
760
760
760
760
768
776
776
776
776
776
776
776
776
776
784
784
784
784
784
784
784
784
784
784
784
784
784
784
784
784
784
784
784
768
768
768
768
768
768
768
768
768
768
768
768
768
768
768
768
768
768
776
776
784
784
784
784
784
784
792
792
792
792
792
792
792
800
800
800
800
800
800
800
800
800
800
800
800
800
808
816
816
816
824
824
824
824
824
800
800
800
800
800
800
800
800
800
800
800
808
808
808
808
808
808
808
808
784
784
784
784
784
784
784
784
784
792
800
808
808
808
808
808
808
808
808
800
800
800
800
800
800
800
800
800
800
808
808
808
808
808
808
808
792
792
792
792
792
792
792
792
792
792
792
792
792
792
792
792
800
808
808
808
808
808
808
808
808
800
800
800
800
800
800
800
800
792
792
792
792
792
792
792
792
792
800
800
800
800
808
808
808
808
808
792
792
792
792
792
792
792
792
792
776
776
776
776
776
776
776
776
776
776
776
776
776
776
776
776
776
776
776
776
776
776
776
776
776
776
776
776
776
784
784
784
784
784
784
784
784
784
784
784
784
784
784
784
784
776
776
776
776
776
776
784
784
784
784
784
784
784
784
784
784
784
784
784
784
784
792
792
792
792
792
792
792
792
792
792
792
792
792
792
792
792
800
800
800
800
800
800
800
800
800
800
800
800
800
800
800
800
800
800
800
800
800
800
800
800
800
800
800
800
800
800
800
800
800
800
808
808
808
808
808
808
800
800
800
800
800
800
800
800
800
800
800
800
800
800
800
800
800
800
800
800
800
800
800
800
800
800
800
800
800
800
800
800
800
800
800
800
800
800
800
800
800
800
808
808
808
808
808
800
800
800
800
800
800
800
800
808
808
808
808
808
808
808
808
808
808
808
808
808
808
808
808
800
800
800
800
800
800
800
808
808
808
808
808
816
816
816
816
816
816
816
816
816
816
816
816
816
816
824
824
824
824
824
824
824
824
824
824
824
824
824
824
824
824
824
824
824
824
824
824
824
824
824
832
832
832
832
832
832
832
832
832
832
832
832
832
832
832
832
832
832
832
832
832
832
832
832
832
832
832
832
832
832
832
832
832
832
832
832
832
832
832
832
832
832
832
832
832
832
832
832
832
832
832
832
832
832
832
832
832
832
832
832
832
832
832
832
832
832
832
832
832
832
832
832
832
832
832
832
832
832
832
832
832
832
832
832
832
832
832
832
832
832
832
832
824
824
824
824
824
824
824
824
824
824
824
824
824
824
824
824
824
824
824
824
824
824
824
824
824
824
824
824
824
824
824
824
824
824
824
824
824
824
824
824
824
824
824
824
824
824
824
824
824
824
824
824
824
824
824
824
824
824
824
824
824
824
824
824
824
824
824
824
824
824
824
824
824
824
824
824
824
824
824
824
824
824
824
824
824
824
824
824
824
824
824
824
824
824
824
824
824
824
824
824
824
824
824
824
824
824
824
824
824
824
832
832
832
832
832
832
832
832
840
840
840
840
840
840
840
848
848
848
848
848
848
848
848
848
848
848
848
848
848
848
848
856
864
864
864
864
864
864
864
856
856
856
856
856
856
856
856
856
856
856
864
872
872
872
872
872
872
872
872
856
856
856
856
856
856
856
856
864
864
872
872
872
872
872
872
872
872
856
856
856
856
856
856
856
856
856
856
856
856
856
856
856
856
856
856
856
856
856
856
856
856
856
856
856
840
840
840
840
840
840
840
840
840
840
840
840
840
840
840
840
848
848
848
848
848
856
856
856
856
856
856
856
856
856
856
856
856
856
856
856
856
864
872
872
872
872
872
872
872
872
856
856
856
856
856
856
856
856
856
856
856
856
856
856
864
872
872
872
872
872
872
872
856
856
856
856
856
856
856
856
856
856
856
856
856
856
856
856
856
856
856
856
864
864
864
864
864
864
864
864
864
864
872
880
880
880
888
888
888
888
872
880
880
888
888
888
888
888
888
888
888
888
888
888
888
888
888
888
888
888
888
888
888
888
888
888
888
888
888
888
872
880
880
880
880
880
880
880
880
880
880
880
880
880
880
880
880
880
880
880
880
880
880
880
880
880
880
880
880
880
880
880
880
880
880
880
880
880
880
880
880
880
880
880
880
880
864
864
864
864
864
864
864
864
864
864
864
864
864
864
864
864
872
872
872
872
872
872
872
872
872
872
872
872
872
872
872
872
872
872
872
872
872
872
872
872
872
872
872
872
872
872
872
872
872
872
872
872
872
872
872
872
872
872
872
872
872
872
872
872
872
872
872
872
872
872
872
872
872
872
872
872
872
872
872
872
880
880
880
880
880
880
880
888
888
888
888
888
888
888
888
888
888
888
888
880
880
880
880
880
880
880
880
880
880
880
880
880
880
880
880
880
880
880
880
880
880
880
880
880
880
880
880
880
880
880
880
880
880
880
880
880
880
880
880
880
880
880
880
880
880
880
880
880
888
888
888
888
888
888
888
888
888
888
888
888
888
888
888
888
888
888
888
888
888
888
888
888
888
888
888
888
888
888
888
888
888
888
888
888
888
888
888
888
888
888
888
888
888
888
888
888
888
888
888
888
888
888
888
888
888
888
888
888
888
888
888
888
888
888
880
880
880
880
880
880
880
880
880
880
880
880
880
880
880
880
880
880
880
880
880
880
880
880
880
880
880
880
880
880
880
880
880
888
896
896
896
896
896
896
896
896
896
896
896
896
896
896
896
896
896
896
896
896
896
896
896
896
896
904
912
912
912
912
912
912
912
912
888
888
888
888
888
888
888
888
888
888
888
888
888
888
888
888
888
888
888
896
904
904
912
912
912
912
920
928
928
928
928
928
928
928
912
912
912
912
912
912
912
912
912
912
912
920
920
920
920
928
928
928
928
904
904
904
904
904
904
904
904
904
904
904
904
904
904
904
904
904
904
904
904
904
904
904
904
904
904
904
904
904
904
904
904
904
904
904
904
904
904
904
912
920
920
920
928
928
928
928
912
912
912
912
912
912
912
912
912
912
920
920
920
920
920
920
920
920
920
920
928
928
936
936
936
936
936
936
912
912
912
912
912
912
912
912
912
912
912
912
912
912
920
928
928
928
928
936
936
936
936
920
920
920
920
920
920
920
920
920
920
920
928
928
928
928
928
928
928
928
928
928
928
936
936
936
936
936
936
936
936
936
936
944
952
952
952
952
952
952
952
952
928
928
928
928
928
928
928
928
928
928
936
936
936
936
936
936
936
936
936
936
936
936
936
936
936
936
936
936
936
936
936
936
936
928
928
928
928
928
928
928
928
936
944
944
944
944
944
944
944
944
928
928
928
928
928
928
928
928
928
936
944
944
944
944
944
944
944
928
928
928
928
928
928
928
928
928
928
928
928
928
928
928
928
928
928
928
928
928
928
928
928
928
928
928
928
928
928
928
928
928
928
928
928
928
912
912
912
920
920
920
920
920
920
920
920
920
920
920
920
920
920
920
920
920
920
920
920
920
920
920
920
920
920
920
920
920
920
920
920
920
920
928
928
928
928
928
928
928
928
928
928
928
928
928
928
928
928
928
928
928
928
928
928
928
928
928
928
920
920
920
920
920
920
920
920
920
920
920
920
920
920
920
920
920
920
920
920
920
920
920
920
920
920
920
920
920
920
920
928
928
928
928
928
928
928
936
936
936
936
936
936
936
936
936
936
936
936
944
944
944
944
944
944
944
944
944
944
944
944
944
944
944
944
944
944
944
944
944
944
944
944
944
944
944
944
944
944
944
944
944
944
944
944
944
944
944
944
944
944
944
944
944
944
944
944
944
944
944
944
944
944
944
944
944
944
944
944
944
944
944
944
944
944
944
944
944
944
944
944
944
936
936
936
936
936
936
936
936
936
936
936
936
936
936
936
936
936
936
936
936
936
936
936
936
936
936
936
936
936
936
936
936
928
928
928
928
928
928
928
928
928
928
928
928
928
928
928
928
928
928
928
928
928
928
936
936
936
936
936
936
936
936
936
936
936
936
936
944
944
944
936
936
936
936
936
936
936
936
936
936
936
936
936
936
936
936
936
936
936
936
936
936
936
936
936
936
936
936
944
944
944
944
944
944
944
944
944
944
944
944
944
944
944
936
936
936
936
936
936
936
936
936
936
936
936
936
936
936
936
936
936
936
936
936
936
936
936
936
936
936
936
936
936
936
936
936
936
936
936
936
936
936
936
936
936
936
936
936
936
936
936
936
936
936
936
936
936
936
936
936
936
936
936
936
936
936
936
936
936
944
944
944
952
952
952
952
952
952
952
952
952
952
952
952
952
952
952
952
952
952
952
952
952
952
952
952
952
952
952
952
952
952
952
952
952
952
952
952
952
952
952
952
952
952
952
952
952
952
952
952
952
952
952
952
952
952
952
952
952
952
952
952
952
952
952
952
952
952
952
952
952
952
952
952
952
952
952
952
952
952
952
960
968
968
968
968
968
968
968
968
968
968
968
968
968
968
968
968
968
968
968
968
968
968
968
968
968
968
968
968
968
968
968
968
968
968
968
968
968
968
968
968
976
976
976
976
976
976
984
984
984
984
984
984
968
968
968
968
968
960
960
960
960
960
960
960
960
960
960
960
960
960
960
960
960
960
960
960
960
960
960
960
960
960
960
960
960
952
952
952
952
952
952
952
952
960
968
968
968
976
976
976
976
960
960
960
960
960
960
960
960
960
960
960
960
960
960
960
960
960
960
960
960
960
960
960
960
960
960
968
976
976
976
976
976
976
976
952
952
952
952
952
952
952
952
952
952
952
952
952
952
952
952
952
952
952
952
952
952
952
952
952
952
952
952
952
952
952
952
952
952
952
952
952
952
952
952
952
952
952
960
960
960
960
960
960
960
960
960
960
960
960
960
960
960
960
944
944
944
944
944
944
944
944
944
944
944
944
944
944
944
944
944
952
952
960
960
960
960
960
960
960
960
960
960
960
960
968
968
960
960
960
960
960
960
960
960
960
960
960
960
968
968
968
968
968
968
976
976
976
976
976
976
976
976
976
976
976
984
992
992
992
992
992
992
992
976
976
976
976
976
976
976
976
976
976
976
976
976
976
976
976
976
976
976
976
952
952
952
952
952
960
960
960
960
960
968
968
968
968
968
968
968
968
968
968
968
968
968
968
968
968
968
968
968
968
968
968
968
968
976
976
976
976
976
976
976
976
976
976
976
976
984
984
984
984
992
992
992
992
992
968
968
968
968
968
968
968
968
968
968
968
968
968
968
968
968
968
968
968
968
968
968
968
968
968
968
968
968
968
968
968
968
968
968
968
968
968
968
968
968
968
968
968
968
968
968
968
968
968
976
976
976
976
976
976
960
960
960
960
960
960
960
960
960
960
960
960
960
960
968
968
976
976
976
976
976
976
976
976
976
976
976
960
960
960
960
960
960
968
968
968
968
968
968
968
968
968
968
968
968
968
968
968
968
968
968
968
968
968
968
968
968
968
968
968
968
968
968
968
968
968
968
968
968
968
968
968
968
968
968
968
968
968
968
968
968
968
968
968
968
968
968
968
968
968
968
968
968
968
968
968
968
968
968
976
976
976
976
976
976
976
976
976
976
976
976
976
984
976
976
976
976
976
976
976
976
976
976
976
976
976
976
976
976
976
976
976
976
976
976
976
976
976
976
976
976
976
976
976
976
976
976
976
976
976
976
976
976
976
976
976
976
976
976
976
976
976
976
976
976
976
976
976
976
976
976
976
976
976
976
976
976
976
984
984
984
984
984
984
984
984
984
984
984
984
984
984
984
984
976
976
976
976
976
976
976
976
976
976
976
976
968
968
968
968
968
968
968
968
968
968
976
976
976
976
976
976
976
976
976
976
976
976
976
976
976
976
976
976
984
984
984
984
984
984
984
968
968
968
968
968
968
968
968
968
968
968
968
968
968
968
968
968
968
968
960
960
960
960
960
960
960
960
960
960
960
960
960
960
952
952
952
952
952
952
952
952
952
952
952
952
952
952
952
952
952
952
952
952
952
952
952
952
952
952
952
952
952
952
952
952
952
952
952
952
952
952
952
952
952
952
952
952
952
960
960
960
960
960
960
960
960
960
960
960
960
960
960
960
952
952
952
952
952
952
952
952
952
952
952
952
952
952
952
952
952
952
952
952
952
952
952
952
952
952
952
960
968
968
968
968
960
960
960
968
968
968
968
968
968
968
968
968
968
968
968
968
968
968
968
968
968
968
968
968
976
984
984
984
984
984
984
984
976
976
976
976
976
976
976
976
976
976
984
984
984
984
984
984
984
984
968
968
968
968
968
968
968
968
968
968
968
968
968
968
968
968
968
968
968
968
968
968
968
976
976
976
976
976
976
976
976
968
968
968
968
968
968
968
968
968
968
968
968
968
968
968
968
968
968
968
960
960
960
960
960
960
960
960
960
960
960
968
968
968
968
968
968
968
960
960
960
960
960
960
960
960
960
968
968
968
968
968
968
968
968
968
960
960
960
960
960
960
960
960
960
960
960
960
960
960
960
960
960
944
944
944
944
944
944
944
944
944
944
944
944
944
944
944
944
944
944
944
944
936
936
936
936
936
936
936
936
944
952
952
952
952
952
952
952
952
952
952
952
952
952
952
952
952
952
952
952
960
960
960
960
960
960
960
944
944
944
944
944
944
944
944
944
944
936
944
952
952
952
960
960
960
960
960
960
960
960
960
960
960
960
960
960
960
960
960
960
960
960
960
960
960
960
960
960
960
928
928
928
928
928
928
928
928
928
928
928
928
928
928
928
928
928
928
928
928
928
928
928
928
928
928
936
936
936
936
936
936
936
920
920
912
912
912
912
912
912
912
912
912
912
912
912
912
912
912
912
920
904
904
904
904
904
904
904
904
904
904
904
904
904
904
904
904
904
904
904
904
904
904
904
904
904
904
904
904
904
904
904
904
904
904
904
904
904
904
904
896
888
888
888
888
888
888
888
888
888
888
888
888
888
888
888
888
888
888
888
888
888
888
888
888
888
888
888
888
888
888
888
888
888
888
888
888
888
888
888
888
888
888
888
888
888
888
888
888
896
896
896
896
888
888
888
880
880
880
880
880
880
880
880
880
872
872
864
864
864
864
864
864
864
864
864
864
864
864
864
864
864
864
864
864
864
864
864
864
864
864
864
864
864
864
864
864
864
864
864
864
864
864
864
864
864
864
864
864
864
864
864
864
864
864
864
864
864
864
864
864
864
864
864
864
864
864
864
856
856
856
856
856
856
856
856
856
856
856
856
856
856
848
848
848
848
848
848
848
848
848
848
848
848
848
848
848
848
848
848
848
848
848
848
848
848
848
848
848
848
848
848
848
848
848
840
840
840
840
832
832
832
832
832
832
832
832
832
832
832
832
832
832
832
832
832
832
832
832
832
832
832
832
832
832
832
832
832
832
832
832
832
840
840
840
840
840
840
840
840
840
840
840
840
840
840
840
840
840
832
832
840
848
848
848
848
848
848
848
848
848
848
848
848
848
848
848
848
848
848
848
856
856
856
856
856
856
856
840
840
840
840
840
840
840
840
840
840
840
840
840
840
840
840
840
840
840
840
840
840
840
840
840
840
840
840
840
840
848
856
856
856
856
856
856
856
848
848
848
848
848
848
848
848
848
848
848
848
848
848
848
848
848
848
832
824
824
824
824
824
824
824
824
824
832
832
832
832
832
832
832
832
832
832
832
832
832
832
832
832
832
832
832
832
832
832
832
832
832
832
832
832
832
832
832
832
832
832
832
832
832
832
832
832
832
832
832
832
832
832
832
832
832
832
832
840
848
848
848
848
848
848
848
848
848
848
848
848
848
848
848
848
848
840
840
840
840
840
840
840
848
856
856
856
856
856
856
856
840
840
840
840
840
840
840
840
840
840
840
840
832
832
832
832
824
824
824
824
824
824
824
824
832
832
832
832
832
832
832
832
816
816
816
816
816
816
816
816
816
816
816
816
816
816
816
816
816
816
816
816
816
816
816
816
816
816
808
808
808
808
808
808
808
808
808
808
808
808
808
808
808
808
808
808
808
808
808
808
800
800
800
800
800
800
800
800
800
800
800
800
800
800
800
800
800
800
800
800
800
800
800
800
800
808
808
808
816
816
816
816
816
816
816
816
824
824
824
824
824
824
824
824
824
824
824
824
824
808
808
808
808
808
808
808
808
808
808
808
816
824
824
824
832
832
832
832
800
792
792
792
792
792
792
792
792
792
792
792
792
792
792
792
792
792
792
792
792
792
792
792
792
792
792
792
768
768
768
768
768
768
768
768
760
760
760
760
760
760
760
760
760
760
760
760
760
760
760
760
760
760
760
760
760
760
760
752
752
752
752
752
752
752
752
752
752
752
752
752
752
744
744
744
744
744
744
744
744
744
744
744
744
752
752
752
752
752
752
752
752
744
744
744
744
744
744
744
744
744
744
744
728
728
728
728
728
728
728
728
728
728
728
728
728
728
728
728
728
728
728
728
728
728
728
728
728
728
728
728
728
728
728
728
728
728
728
728
728
728
728
728
720
720
720
720
720
720
720
720
720
720
720
720
720
704
704
704
704
704
704
704
696
696
688
688
688
688
688
688
688
688
688
688
688
688
688
688
688
688
688
688
688
688
688
688
688
688
696
696
696
696
696
696
696
696
696
696
696
688
680
680
680
672
672
672
672
672
672
672
672
672
672
672
672
672
672
672
672
664
664
664
664
664
664
664
664
664
664
664
664
664
664
664
664
664
664
664
664
664
664
664
664
664
664
664
664
664
664
664
664
664
664
656
656
656
656
656
656
656
656
656
656
656
656
656
656
656
656
656
656
656
656
656
656
656
656
656
656
656
664
664
664
664
664
664
664
664
664
664
664
664
664
664
664
664
664
664
664
664
664
664
664
664
664
664
664
656
656
656
656
656
656
656
656
656
656
656
656
656
656
656
656
656
656
656
656
656
656
656
656
656
656
656
656
656
656
656
656
656
656
656
656
656
656
656
656
656
656
656
656
656
656
664
664
664
672
672
672
680
680
680
680
680
680
680
680
688
688
688
688
688
688
688
688
688
688
688
688
688
688
688
688
688
688
688
688
688
688
688
688
688
688
688
688
688
688
688
688
688
688
688
688
688
688
688
688
688
688
688
688
688
680
680
680
680
680
680
680
680
680
680
680
680
680
680
680
680
680
680
680
680
680
680
680
680
680
680
680
680
688
688
688
688
688
688
688
688
688
688
688
688
688
688
688
688
688
688
688
688
688
688
688
688
680
680
680
680
680
680
680
680
680
680
680
680
680
680
680
680
680
680
680
680
680
680
680
680
680
680
680
680
688
688
688
688
688
688
688
688
688
688
688
688
688
688
688
688
688
688
688
688
688
688
688
688
688
688
688
688
688
688
688
688
688
688
688
688
688
688
688
688
688
688
688
688
688
688
688
688
688
688
688
688
688
688
688
688
688
656
656
656
656
656
656
656
656
656
656
656
656
656
656
656
656
656
656
648
648
648
648
648
648
648
648
648
648
648
648
648
648
648
648
648
648
648
648
648
648
648
648
648
648
648
648
648
648
648
648
648
648
648
648
648
648
656
656
648
648
648
648
648
648
648
648
648
648
648
648
656
656
656
656
656
656
656
656
656
656
656
656
656
656
656
656
656
656
656
656
656
656
656
656
656
656
656
664
664
672
672
672
672
672
672
672
672
672
672
672
672
672
672
672
672
672
672
672
672
672
672
672
672
672
672
672
672
672
672
672
672
672
672
672
656
656
656
656
656
656
656
656
656
656
656
656
656
656
656
656
648
648
648
648
648
648
648
648
648
648
648
648
648
648
648
648
648
648
648
648
648
648
648
648
648
648
648
648
640
632
632
632
632
632
632
632
632
632
632
632
616
616
616
616
616
616
616
616
616
616
616
616
616
616
616
616
616
616
616
616
616
616
616
616
616
616
616
616
616
616
616
616
616
616
616
616
616
616
616
616
616
616
616
616
616
616
616
616
624
624
624
624
624
624
608
608
608
608
608
608
608
608
608
608
608
608
608
608
608
608
608
608
608
608
608
608
608
608
608
616
616
616
616
616
616
616
616
616
616
616
608
608
608
608
608
616
616
608
608
608
608
608
608
608
608
608
600
600
600
600
600
600
600
608
616
624
632
632
632
632
632
632
632
632
632
632
632
632
624
624
624
624
624
624
624
624
624
624
624
624
624
624
624
624
624
632
640
640
640
640
640
640
640
624
624
624
624
624
624
624
624
616
616
616
616
616
616
616
616
616
616
616
616
616
616
616
616
616
616
616
616
592
592
592
592
592
592
592
592
592
592
592
592
592
592
592
592
592
592
592
592
592
592
592
592
592
592
584
584
584
584
584
584
584
584
584
584
584
584
584
584
584
592
592
592
592
592
592
592
592
592
584
584
584
584
584
584
584
584
584
560
560
560
560
560
560
560
560
560
568
568
568
576
576
576
576
568
568
568
568
568
568
568
568
568
568
576
576
576
576
576
576
576
560
560
560
560
560
560
560
560
560
560
560
568
576
576
576
584
584
584
584
576
576
576
576
576
576
576
576
576
576
576
576
576
576
576
576
576
576
576
576
576
576
576
576
576
576
576
552
552
552
552
552
552
552
552
552
552
552
552
552
552
552
552
552
544
544
544
544
544
544
544
544
544
552
552
560
560
560
560
560
560
560
552
552
552
552
552
552
552
552
552
552
552
552
552
552
552
544
544
544
544
544
544
544
544
528
528
528
528
528
528
528
528
528
528
528
528
528
536
536
536
536
536
536
536
536
536
536
536
536
536
536
528
528
528
528
528
528
528
528
528
528
528
528
528
528
528
528
528
528
528
520
512
512
512
512
512
512
512
512
512
512
512
512
512
512
512
512
512
512
512
512
512
512
512
512
496
496
496
496
496
480
480
472
472
472
472
472
472
472
472
472
472
472
472
472
472
472
472
472
456
456
456
456
456
456
456
456
448
440
440
440
440
440
440
440
440
424
424
424
424
424
424
424
424
424
424
424
424
424
424
424
424
424
424
424
424
424
424
416
416
416
416
416
416
416
400
400
392
392
392
392
392
392
392
392
392
392
384
384
384
384
384
376
376
376
376
376
376
376
376
368
368
368
368
368
360
360
360
360
360
360
360
360
360
368
368
368
368
368
368
360
360
360
360
360
360
360
368
376
384
384
384
384
384
384
384
384
384
384
384
384
384
384
384
384
392
392
392
392
392
392
392
392
392
392
392
392
392
392
392
392
392
392
392
392
392
392
392
392
392
392
392
400
400
400
400
400
400
400
400
400
400
400
400
400
400
400
400
400
400
400
408
408
408
416
416
416
416
408
408
408
408
408
408
408
408
408
408
408
408
408
408
408
408
408
408
408
408
408
408
408
408
408
408
408
408
408
408
392
392
392
392
392
392
392
392
392
400
408
408
408
416
416
416
416
416
416
416
416
416
416
416
416
424
432
432
432
440
440
440
440
416
416
416
416
416
416
416
416
424
424
432
432
432
432
432
432
408
408
408
408
408
408
408
400
400
400
400
400
400
400
400
400
400
400
400
400
400
400
400
400
400
400
400
400
408
408
408
408
408
408
408
392
384
384
384
384
384
384
384
384
384
392
400
400
400
400
400
400
400
384
384
384
384
384
384
384
384
392
392
392
392
392
392
392
392
376
376
376
376
376
376
376
376
368
360
360
360
360
360
360
360
360
360
368
376
376
376
376
376
376
376
376
376
368
368
368
368
368
368
368
368
368
368
368
368
368
368
368
368
368
368
368
368
360
360
360
360
360
360
360
360
360
360
360
360
360
360
360
352
352
352
352
352
352
352
360
360
360
360
360
360
360
352
360
360
360
368
368
368
368
368
368
360
360
360
360
360
360
352
352
352
352
352
352
336
336
336
336
336
336
336
336
336
328
328
328
328
328
328
328
328
328
328
328
328
328
328
328
328
304
304
312
312
312
320
320
320
320
320
320
320
320
320
320
320
320
328
328
328
328
328
328
328
328
328
328
328
328
328
328
320
320
320
320
320
320
320
320
320
320
320
320
320
320
320
320
320
328
328
328
328
328
328
328
328
328
328
328
328
328
328
328
328
328
336
336
336
344
344
344
344
344
344
328
328
328
328
328
328
328
328
328
336
336
336
336
336
336
336
328
328
328
328
328
328
328
328
328
328
328
328
328
328
328
336
336
336
336
336
336
336
336
336
336
336
336
336
336
336
304
304
304
304
304
304
304
304
312
312
312
312
312
312
312
312
312
312
312
312
312
312
312
312
312
312
312
312
312
312
312
312
304
304
304
304
304
304
296
296
296
296
296
296
296
296
296
296
296
296
296
296
296
296
296
296
296
296
296
296
296
296
296
296
296
296
296
296
296
296
296
296
296
304
304
304
304
304
312
312
312
312
312
312
312
312
312
312
296
296
296
296
296
296
296
296
288
288
288
288
288
296
296
296
296
296
296
296
296
296
296
296
296
296
296
296
304
312
312
312
312
312
304
304
304
304
304
304
304
304
304
304
304
304
304
304
304
304
296
296
296
296
296
296
296
296
296
296
296
296
296
296
296
296
296
280
280
280
280
280
280
280
280
280
280
280
280
280
288
288
296
296
304
304
304
312
320
328
328
328
328
328
328
328
328
328
328
328
328
328
328
328
328
336
336
336
344
344
344
344
328
336
344
344
344
344
344
344
344
344
344
344
344
344
344
344
344
344
344
344
344
344
344
344
344
344
344
344
344
352
352
360
360
360
360
360
360
368
368
376
376
376
376
376
376
376
376
376
376
376
376
376
352
352
352
352
352
352
352
352
360
368
368
368
376
376
376
376
360
360
360
360
360
360
360
360
360
360
360
360
368
376
376
376
384
384
384
392
392
392
392
392
368
368
368
368
368
368
368
368
368
368
368
368
368
368
368
368
368
368
368
368
368
368
368
368
368
368
368
368
368
368
360
360
360
360
360
360
360
360
368
376
376
376
376
376
376
376
352
352
352
352
352
352
352
352
352
352
352
352
352
352
352
360
360
360
360
360
360
360
360
368
368
376
376
376
376
376
376
376
384
392
392
392
400
400
400
400
376
376
376
376
376
376
376
376
376
376
376
376
384
384
384
384
360
360
360
360
360
360
360
360
368
376
376
376
376
376
376
376
368
376
376
376
376
376
376
376
376
376
376
376
376
384
384
392
392
392
392
392
392
376
376
376
376
376
376
376
376
376
376
376
376
376
376
360
360
360
360
360
360
360
368
368
368
368
368
368
368
360
360
360
360
360
360
360
360
360
360
368
368
368
368
368
368
368
368
368
368
368
368
368
360
360
360
360
360
360
368
368
368
368
376
376
376
376
376
376
376
384
384
384
384
376
376
376
376
376
376
376
376
376
376
376
376
384
384
384
384
376
376
376
376
376
376
376
376
376
384
384
384
384
384
392
392
376
376
376
376
376
376
376
376
376
376
376
376
376
376
376
376
376
376
376
376
376
384
392
392
400
400
400
400
400
408
408
408
400
400
408
408
408
408
408
408
408
408
408
408
408
408
408
408
408
408
408
408
408
408
408
416
416
416
416
416
416
416
416
416
416
416
416
416
424
424
424
424
424
424
424
424
424
424
424
424
424
424
424
424
432
432
432
432
432
432
432
432
432
432
424
424
424
424
424
424
424
424
424
424
424
424
424
424
424
424
424
424
424
424
424
424
432
424
424
424
424
424
424
424
424
424
424
424
424
424
424
424
424
424
424
424
424
424
432
432
432
432
424
424
424
424
424
416
416
416
416
416
416
416
416
416
424
424
424
424
424
424
424
424
424
424
424
424
424
400
400
400
400
400
400
400
400
400
400
400
400
400
400
400
400
400
400
400
408
408
408
408
408
408
408
408
408
408
408
416
416
424
424
424
424
424
424
400
400
400
400
400
400
400
400
400
400
392
392
392
392
392
392
400
400
400
400
400
400
400
400
400
400
400
400
400
400
400
400
400
400
400
400
400
400
400
400
400
408
408
408
408
408
408
408
408
416
416
416
416
416
416
416
416
416
424
424
424
432
432
440
440
440
440
440
440
440
440
440
440
440
440
440
440
440
440
440
440
448
448
448
448
432
432
432
432
432
432
432
432
440
448
448
448
448
448
448
448
440
440
440
440
440
440
440
440
440
448
448
448
456
456
456
456
456
456
432
432
432
432
432
432
432
432
432
432
432
432
432
440
448
448
448
448
448
456
456
456
456
456
456
456
440
440
440
440
440
440
440
440
448
456
456
456
464
464
464
464
456
456
456
456
456
456
456
456
464
464
464
464
464
464
464
464
440
440
440
440
440
440
440
440
448
456
456
456
464
464
464
464
456
456
456
456
456
456
456
456
456
456
456
456
456
456
456
464
464
464
464
464
464
464
464
464
464
472
456
456
456
456
456
456
456
456
464
464
472
472
472
472
472
472
456
456
456
456
456
456
456
456
456
456
456
456
456
456
456
456
456
456
456
456
456
456
456
456
464
472
472
472
472
472
472
472
472
472
472
472
472
472
472
448
448
448
448
448
448
448
448
448
448
448
448
448
448
448
448
448
448
448
448
448
448
448
448
432
432
432
432
432
432
432
432
432
432
432
432
432
432
432
440
440
440
432
432
432
432
432
432
432
432
432
432
432
432
432
432
432
432
432
432
432
432
424
424
424
424
424
424
424
424
432
432
432
432
432
432
432
432
424
424
424
432
432
432
432
432
432
432
432
432
432
432
432
432
432
432
440
440
440
440
440
440
432
432
432
432
432
432
440
440
440
440
432
432
432
432
432
432
432
432
432
432
432
432
432
432
432
432
432
432
432
432
432
432
432
432
432
432
424
424
424
424
424
424
424
424
424
424
424
424
424
424
424
424
424
424
424
424
424
424
424
424
424
424
424
424
424
424
416
416
416
416
416
416
416
400
400
400
400
400
400
400
400
400
408
408
408
408
408
408
408
416
416
416
416
416
416
416
416
416
416
416
416
416
416
416
416
416
424
424
424
424
424
432
432
432
432
432
432
432
432
432
432
392
392
392
392
392
392
392
392
392
392
392
392
392
392
392
392
392
392
392
392
392
392
392
392
392
392
376
376
376
376
376
376
376
376
376
376
376
376
376
376
376
376
376
376
376
376
360
360
360
368
368
368
360
360
360
360
360
360
360
360
352
352
352
352
352
352
344
344
344
344
344
344
344
344
344
344
336
336
336
336
336
336
320
320
320
320
320
320
328
328
328
328
328
328
328
328
328
328
328
328
328
328
328
328
328
336
336
336
328
328
328
328
328
328
320
320
320
320
320
320
320
320
320
320
320
320
320
320
320
320
320
320
320
320
320
320
328
328
328
320
320
320
320
320
320
320
320
320
320
320
320
320
320
320
320
320
320
320
320
320
320
320
320
320
320
328
328
328
328
328
328
328
328
328
320
320
320
320
320
320
328
328
328
328
320
320
320
320
320
320
320
320
320
320
320
320
320
320
320
320
320
328
328
328
328
328
328
328
328
328
320
320
320
320
320
320
320
320
320
320
320
320
320
320
320
320
320
320
320
320
320
320
320
320
320
320
320
328
328
328
328
328
328
328
328
328
328
328
328
328
328
328
336
336
336
344
344
344
344
344
328
328
328
328
336
336
336
336
336
336
336
336
336
336
336
336
336
336
336
336
336
336
336
336
336
336
336
336
336
336
336
336
336
336
336
336
336
336
336
336
336
336
336
336
336
336
344
352
352
352
352
352
352
352
352
352
352
352
352
352
352
352
352
344
344
344
344
344
344
344
344
352
352
352
360
344
344
344
344
344
344
344
344
344
344
344
352
352
352
352
352
352
352
352
352
352
352
352
352
352
352
352
352
352
352
352
352
352
352
352
352
352
352
352
352
352
352
352
352
352
352
352
352
360
360
360
360
360
360
360
360
360
344
344
344
344
344
344
344
344
344
344
344
344
344
344
344
344
344
344
344
344
344
344
344
344
344
344
352
360
360
360
368
368
368
368
368
368
368
368
368
368
368
368
368
368
368
368
368
368
368
368
368
368
368
368
368
368
368
368
368
368
368
368
368
368
376
376
376
376
352
352
352
344
344
344
344
344
344
344
344
344
344
344
344
344
344
344
344
344
352
352
352
360
360
360
360
360
368
368
368
368
368
368
368
368
368
352
352
352
352
352
352
352
352
352
352
352
360
368
368
368
368
368
368
368
368
368
368
368
368
368
368
368
368
368
368
368
376
384
384
384
384
384
384
384
376
376
376
376
376
376
376
376
376
376
376
376
376
376
376
376
376
376
384
384
384
384
384
384
384
368
368
368
368
368
368
368
368
376
384
384
384
392
392
392
392
384
384
384
384
384
384
384
384
384
384
384
384
384
384
384
392
400
400
400
400
400
400
408
408
376
376
376
376
376
376
376
376
376
376
376
368
368
368
368
368
368
368
368
368
368
368
368
368
368
368
368
352
352
352
352
352
352
352
352
360
360
360
360
360
360
360
360
360
360
360
360
360
360
368
368
368
368
368
368
368
368
368
368
368
368
368
368
360
360
360
360
360
360
360
360
360
360
360
360
360
360
360
360
360
368
368
368
368
368
368
368
368
368
344
344
344
344
344
344
344
344
344
328
328
328
328
336
336
336
336
336
336
336
336
336
336
336
336
336
336
336
336
336
336
336
336
336
336
336
336
336
336
336
336
336
336
336
336
336
336
328
328
328
328
328
328
328
328
328
328
328
328
328
328
328
328
312
312
312
312
312
312
312
312
312
312
312
312
312
312
312
312
312
312
312
312
312
312
312
312
312
312
312
320
320
320
320
320
320
320
312
312
312
312
312
312
312
312
304
304
304
304
304
304
304
304
304
312
312
312
312
312
312
312
312
312
312
312
312
312
312
312
312
312
312
312
304
304
304
304
304
304
304
304
304
304
304
304
304
304
304
304
304
304
304
304
304
304
304
304
304
304
304
312
312
312
312
312
312
320
320
320
320
320
320
320
320
320
320
320
320
320
320
320
320
320
320
320
320
320
320
320
320
320
320
320
320
320
320
320
320
320
320
320
320
320
320
320
320
320
320
320
320
320
320
320
320
320
320
320
320
320
320
320
320
320
320
320
320
320
320
320
320
320
320
320
320
320
320
320
320
320
320
320
320
320
320
320
320
320
320
320
320
320
320
320
320
320
320
328
336
336
336
336
344
344
344
344
344
344
344
344
344
328
328
328
328
328
328
328
328
328
328
328
328
328
328
328
328
328
328
328
328
328
328
328
328
328
328
320
320
320
320
320
320
320
320
320
320
312
312
312
312
312
312
312
312
296
296
296
296
296
296
296
296
296
296
304
312
312
312
312
312
312
312
296
296
296
296
296
296
296
296
296
296
296
296
296
296
296
296
296
296
296
296
296
288
288
288
280
280
280
280
280
280
280
280
280
280
280
280
272
272
272
272
272
272
272
272
280
280
280
280
280
288
280
280
280
280
280
280
280
280
280
272
272
272
272
272
272
272
272
272
272
272
280
280
280
280
288
272
272
272
272
272
272
280
280
280
280
280
280
280
280
280
280
280
280
288
288
288
288
288
288
296
296
280
280
280
280
280
280
280
280
280
288
288
288
288
288
288
288
288
288
288
288
288
288
288
288
288
288
288
288
288
288
288
288
288
272
272
272
272
280
280
280
280
280
280
280
280
280
280
280
280
280
280
288
288
288
288
288
288
280
280
280
280
280
280
280
280
280
280
280
280
280
280
280
280
280
280
280
280
280
280
280
280
288
288
296
296
296
296
296
296
288
288
288
288
288
288
288
288
296
304
304
304
304
304
304
304
288
288
288
288
288
288
288
288
288
288
288
288
288
288
288
288
288
288
288
288
296
296
296
296
280
280
280
280
280
280
280
280
280
280
280
280
288
288
288
288
280
280
280
280
280
280
280
280
288
296
296
296
304
304
304
304
296
296
296
296
296
296
296
304
304
304
304
304
304
304
288
288
288
288
288
288
288
288
288
288
288
288
288
288
296
296
296
296
304
304
304
304
280
280
288
296
296
296
296
296
296
296
296
296
296
296
304
312
320
320
320
328
296
296
296
296
296
296
296
296
296
296
296
296
304
304
304
304
288
288
288
288
288
288
288
288
288
288
288
288
288
288
288
296
296
296
296
296
288
288
288
288
288
288
288
288
272
272
272
272
272
272
272
272
272
272
272
272
272
272
256
256
256
256
256
256
264
264
264
264
264
264
264
264
264
264
264
264
264
248
248
248
248
248
248
248
248
248
248
248
248
248
248
248
248
248
248
248
248
248
248
248
248
240
240
240
240
240
240
240
240
240
240
240
240
240
240
240
240
240
240
240
240
240
240
240
240
240
240
240
240
248
248
248
248
248
248
248
248
248
256
264
264
264
264
264
264
264
264
264
264
264
264
264
272
272
272
272
272
272
272
272
264
264
264
264
272
272
272
272
272
272
272
272
272
272
272
272
272
272
272
272
272
272
272
272
272
280
280
280
280
280
280
280
280
280
280
280
280
280
280
280
280
280
280
280
280
280
288
288
280
280
280
280
280
280
280
280
280
280
280
280
280
280
280
280
280
288
288
288
288
288
280
280
280
280
280
280
280
280
280
280
280
280
280
280
280
280
280
280
280
280
280
280
280
280
280
280
280
288
288
288
296
296
296
296
296
296
296
296
296
296
296
296
296
296
296
296
296
296
296
296
296
296
296
296
296
296
296
296
296
296
304
304
304
304
304
304
304
288
288
288
288
288
288
288
288
288
288
288
288
296
304
304
304
304
304
304
304
304
304
304
304
288
288
288
288
288
288
288
288
296
296
296
296
296
296
296
296
296
296
296
296
296
296
296
304
304
304
304
304
304
304
304
288
288
288
288
288
288
288
288
288
288
288
288
296
304
304
304
304
312
312
312
312
312
312
312
304
304
304
304
304
304
304
304
312
320
320
320
328
328
328
328
312
312
312
312
312
312
312
312
312
312
312
312
312
320
320
320
320
320
320
320
320
320
304
304
304
304
304
304
304
304
304
304
304
304
304
304
304
312
312
312
312
312
312
312
312
312
312
312
320
320
288
288
288
288
288
288
288
288
288
288
296
296
296
296
296
296
280
280
280
280
280
280
280
280
280
280
280
280
280
280
280
280
280
280
280
280
280
280
280
280
280
280
288
288
288
288
288
288
288
288
288
288
288
296
296
272
272
272
272
272
272
272
272
280
288
288
288
296
296
296
296
288
288
288
288
288
288
288
288
288
288
288
288
272
272
272
272
272
280
280
280
280
280
280
280
280
280
280
280
280
288
288
288
288
288
280
280
280
280
280
280
280
280
280
280
280
280
280
280
280
280
264
264
264
264
264
264
264
264
264
264
264
264
264
264
264
264
264
264
264
264
264
264
264
264
264
264
264
264
264
264
264
264
264
264
264
264
264
264
264
264
264
264
264
264
264
264
264
264
264
264
272
280
288
288
288
272
280
280
280
280
280
280
280
280
280
280
280
280
280
280
280
280
280
280
280
280
280
280
280
280
272
272
272
272
272
272
272
272
272
280
280
280
280
280
280
280
280
280
280
280
280
280
280
280
280
280
280
280
280
280
280
280
280
280
280
280
280
280
280
280
280
272
272
272
272
272
272
272
272
280
280
288
288
288
288
288
288
288
288
288
288
288
296
296
296
296
296
296
296
296
296
296
296
296
296
296
296
296
296
296
296
304
312
312
312
320
320
320
320
320
320
320
320
320
320
320
320
320
320
320
320
320
320
320
320
312
312
312
312
312
312
312
312
312
312
312
320
320
320
320
320
320
320
304
304
304
304
304
304
304
304
304
304
312
312
312
312
312
312
312
312
312
312
312
312
312
312
312
312
312
312
312
312
304
304
304
304
304
304
304
304
304
304
304
312
312
320
320
320
320
320
312
312
312
312
312
312
312
312
320
320
328
328
328
328
328
328
304
304
304
304
304
304
304
304
304
304
304
304
304
304
304
304
304
304
304
304
304
304
312
312
312
312
304
304
304
304
304
304
304
304
304
304
304
304
304
304
312
320
320
320
320
320
320
320
320
320
320
320
312
312
312
312
312
312
312
312
312
312
312
312
312
312
312
312
312
312
312
312
288
288
288
288
288
296
304
304
304
304
296
296
296
296
296
296
296
296
296
296
280
280
280
280
280
280
280
280
280
280
280
280
288
288
288
288
288
288
280
280
280
280
280
280
280
280
280
280
280
288
288
288
288
288
288
288
288
288
288
288
288
288
288
296
296
296
296
296
296
288
288
288
288
288
288
288
288
288
296
296
296
296
296
296
296
288
288
288
288
288
288
288
288
296
304
304
304
304
304
304
304
296
296
296
296
296
296
296
296
296
296
296
296
296
296
296
304
304
304
304
304
272
280
280
280
280
280
280
280
280
280
280
280
280
280
288
288
296
296
296
296
296
296
288
288
288
288
288
288
288
288
288
296
296
296
304
304
304
304
288
288
288
288
288
288
296
296
296
296
296
296
296
296
296
296
304
312
312
312
312
312
312
312
312
312
312
312
312
312
312
312
312
312
312
312
312
312
312
312
312
312
320
320
328
328
328
328
328
328
328
336
336
336
336
336
312
312
312
312
312
312
312
312
312
312
312
312
312
312
312
312
320
320
296
296
296
296
296
296
296
296
304
312
312
312
312
312
312
312
296
296
296
296
296
296
296
296
280
280
280
280
280
280
280
280
280
280
280
280
280
280
280
288
280
280
280
280
280
280
280
280
272
280
280
280
280
280
280
280
280
280
280
280
280
280
280
280
280
280
280
288
280
280
280
280
280
280
280
280
280
280
280
288
288
288
288
288
296
296
288
288
288
288
288
288
288
288
296
296
296
304
312
296
296
296
296
296
296
280
280
288
288
288
288
288
288
288
288
288
288
288
288
288
288
272
272
272
272
272
272
272
272
272
272
280
280
280
280
280
280
280
280
280
280
280
280
280
280
280
280
280
280
288
288
288
288
288
288
288
288
288
288
288
288
288
288
288
288
288
288
288
288
288
288
288
288
288
288
288
296
296
296
296
296
296
296
296
296
304
288
288
288
288
288
288
288
288
288
288
288
288
288
288
288
288
288
288
288
288
288
288
288
288
288
288
288
288
288
288
288
288
288
288
288
288
288
288
288
288
296
296
296
296
296
296
296
280
280
280
280
280
280
280
280
280
280
280
280
280
280
280
280
280
280
280
280
280
280
280
280
280
280
280
280
280
272
272
272
272
272
272
272
272
272
272
272
272
272
272
272
272
272
272
272
272
272
272
272
272
272
272
272
272
272
272
272
272
272
272
272
272
272
272
280
280
280
280
280
280
280
280
280
280
280
288
296
296
296
296
296
296
296
296
296
296
296
296
296
296
296
296
296
296
296
296
296
296
296
296
304
304
304
304
304
304
304
304
304
304
304
304
304
304
304
304
304
304
312
312
312
312
312
312
312
312
312
312
312
320
312
320
320
320
320
320
320
320
320
320
320
320
320
320
320
320
320
320
320
320
320
312
312
312
312
312
312
312
312
312
312
312
312
312
312
312
312
312
312
312
304
304
304
304
304
304
304
304
304
304
304
304
304
304
304
312
312
312
312
312
312
312
312
312
312
312
312
312
312
312
312
312
312
312
312
312
320
320
320
320
320
328
328
328
328
328
328
328
336
336
336
336
336
336
336
328
328
328
328
328
328
328
328
328
328
328
328
328
328
328
328
328
328
320
320
320
320
320
320
320
320
320
320
320
320
320
320
328
328
328
328
328
328
328
328
328
328
328
328
336
336
336
336
336
336
336
336
328
328
328
328
328
328
328
328
328
328
328
336
336
336
336
336
336
336
320
320
320
320
320
320
320
320
320
320
320
320
328
328
328
328
320
320
320
320
320
320
320
320
320
320
320
320
320
320
320
320
320
312
312
312
312
312
312
312
304
304
304
304
304
304
304
304
304
312
312
312
312
312
312
312
312
312
312
312
312
312
312
312
312
320
320
320
320
320
320
320
320
320
320
320
320
328
328
336
336
336
336
336
336
336
336
336
336
336
336
336
336
336
336
336
344
344
344
352
352
352
352
352
352
352
352
352
352
352
352
352
352
352
352
352
352
352
352
352
360
360
368
368
368
368
368
368
344
344
344
344
344
344
344
344
344
344
344
352
352
352
352
352
352
352
352
352
352
352
352
352
352
352
352
352
360
360
360
360
360
360
360
352
352
352
352
352
352
352
352
352
352
352
352
360
344
344
344
344
344
344
344
344
352
360
360
360
360
368
368
368
368
368
360
360
360
360
360
360
360
360
360
368
368
368
376
376
376
376
352
352
352
352
352
352
352
352
352
352
360
368
368
368
368
376
376
376
376
360
360
360
360
360
360
360
360
360
368
376
376
376
376
376
384
384
384
384
368
368
368
368
368
368
368
368
368
376
384
384
384
384
384
384
384
360
360
360
360
360
360
360
360
360
360
360
360
360
360
360
368
368
368
368
368
368
368
368
368
368
368
368
352
352
352
352
352
352
352
352
352
352
352
344
344
344
344
352
352
360
360
360
360
360
360
360
360
360
360
360
360
360
360
360
360
360
360
360
360
368
368
368
376
384
384
384
392
392
392
392
392
392
392
392
392
392
392
392
400
400
400
400
400
400
400
400
400
400
400
400
400
400
400
400
400
400
400
408
408
408
408
416
416
416
416
424
424
424
424
424
424
424
424
424
432
432
432
432
432
432
432
432
432
432
432
432
432
432
432
432
432
440
440
440
440
440
440
440
440
440
440
448
448
448
448
448
448
448
448
448
448
448
448
448
456
456
456
456
456
456
464
472
472
472
472
472
472
472
472
472
472
472
472
472
472
480
480
480
480
480
480
480
480
480
480
480
480
480
480
480
480
480
480
480
480
480
488
488
488
488
488
488
488
488
488
488
488
488
488
488
488
488
496
496
496
504
504
504
504
504
504
504
504
504
504
504
504
504
504
504
504
504
504
504
504
504
504
504
512
512
512
520
520
520
520
520
520
512
512
512
512
512
512
512
512
512
512
520
520
520
520
520
520
520
520
520
520
520
520
520
528
536
536
536
536
536
528
528
528
536
536
536
536
536
536
536
536
536
528
528
528
528
528
528
528
536
536
536
536
536
536
536
536
536
536
536
536
536
536
536
536
536
536
544
544
544
544
544
544
544
552
552
552
552
552
552
552
552
552
552
552
552
552
552
552
552
560
560
560
560
560
560
560
560
560
560
560
560
560
568
568
568
576
576
576
576
576
576
576
584
584
584
584
584
584
584
584
584
584
592
592
592
592
592
592
592
592
592
592
592
600
600
600
600
600
600
600
600
600
584
584
584
584
584
584
584
584
584
584
584
584
592
592
592
592
592
592
592
592
592
592
592
584
584
584
584
584
584
584
584
584
584
584
584
584
584
584
584
584
584
584
576
576
576
576
576
576
576
576
576
576
568
568
568
568
568
568
568
568
568
568
568
568
568
568
568
568
568
568
568
568
568
568
576
576
576
576
576
576
584
592
592
592
592
592
592
592
592
592
592
592
592
592
592
592
592
592
600
600
600
600
600
608
608
608
608
608
608
608
608
608
608
608
608
608
608
608
608
608
616
616
616
616
616
616
624
624
616
616
616
616
616
616
616
616
616
616
616
616
616
616
616
616
616
624
632
632
632
632
632
632
640
640
640
640
640
640
640
640
640
648
648
624
624
624
624
624
624
624
624
624
624
624
624
624
624
624
624
624
624
632
640
640
640
640
640
640
640
640
616
616
616
616
616
616
616
616
616
616
616
616
616
608
616
616
616
616
616
616
616
616
616
616
616
616
616
616
616
616
624
624
632
632
632
640
640
640
640
624
624
624
624
624
624
624
624
624
624
624
624
624
624
624
624
624
624
624
624
624
624
624
624
624
624
624
632
632
640
640
640
640
640
640
640
640
640
640
640
648
648
648
648
608
608
608
608
608
608
608
608
608
608
608
608
608
616
616
616
616
616
616
608
608
608
608
616
616
616
616
616
616
616
616
616
616
616
616
616
616
616
616
616
616
616
616
616
616
608
608
608
608
608
608
608
608
616
624
624
624
624
624
624
624
616
616
616
616
616
616
616
616
616
616
616
616
624
632
632
632
632
632
632
632
632
616
616
616
616
616
616
616
616
616
616
616
616
616
616
616
616
616
616
616
616
616
616
616
616
616
616
616
616
624
624
624
632
632
632
632
616
616
616
616
616
616
616
616
616
616
624
632
632
632
640
640
640
640
640
624
624
624
624
624
624
624
624
624
624
632
608
608
608
608
608
608
608
608
608
608
616
616
624
624
624
624
624
624
624
624
624
624
624
624
624
624
624
624
624
624
624
624
624
624
624
624
624
624
624
632
632
632
632
632
632
632
632
632
632
632
632
632
632
632
632
624
624
624
624
624
624
624
624
624
632
632
632
632
632
632
632
624
624
624
624
624
624
624
624
624
624
624
624
624
624
624
624
624
624
616
616
616
616
616
616
616
616
616
616
616
616
616
616
616
616
616
616
616
616
616
616
616
616
616
616
616
616
616
616
616
616
616
616
616
616
616
624
624
624
624
624
624
624
624
624
624
632
632
640
640
640
640
640
640
640
640
640
640
640
640
640
640
640
648
648
648
648
648
648
648
648
648
648
648
648
648
648
648
648
648
648
648
648
656
656
656
656
656
656
656
656
656
656
656
656
656
656
656
656
656
656
656
656
656
656
656
656
648
648
648
648
648
648
648
648
648
648
648
648
648
648
648
648
648
648
648
648
656
656
648
648
648
648
648
648
648
648
648
648
648
648
648
648
648
648
648
648
648
648
648
648
648
648
648
648
648
640
640
640
640
640
640
640
640
640
640
640
640
640
640
640
640
640
640
640
640
640
640
640
648
648
648
648
648
648
648
648
656
656
656
656
656
664
664
664
664
664
664
664
664
664
664
664
664
672
672
672
672
672
672
672
672
672
672
664
664
664
664
664
664
664
664
664
664
664
664
664
664
664
664
664
664
664
664
664
664
672
672
672
672
672
672
672
672
672
672
672
672
672
672
672
672
672
672
672
680
680
680
680
680
680
680
672
672
672
672
672
672
672
672
672
672
672
672
672
672
672
672
672
672
672
672
672
672
672
672
672
672
672
680
680
672
672
672
672
672
672
672
672
672
672
672
672
672
672
672
672
672
672
672
672
672
672
672
672
672
672
672
672
680
680
680
680
680
680
680
688
680
680
688
688
688
688
688
688
688
688
688
688
688
688
688
688
688
696
696
696
696
696
696
696
696
696
696
696
696
696
696
696
696
696
704
704
688
688
688
688
696
696
696
696
696
696
696
696
696
696
696
696
696
696
696
696
704
704
704
704
704
704
704
696
696
696
696
696
696
696
704
704
704
696
696
696
696
696
696
696
696
696
696
696
696
696
696
696
696
696
696
696
696
688
688
688
688
680
680
680
680
680
672
672
672
672
672
680
680
680
680
680
680
680
680
680
688
696
696
696
696
696
696
696
696
696
696
696
696
696
696
696
696
696
696
696
696
696
704
712
712
712
712
712
712
712
712
696
696
696
696
696
696
696
696
696
696
696
704
712
712
712
712
712
712
712
712
712
712
712
712
696
696
704
704
704
704
704
704
704
704
704
712
720
720
720
728
728
728
728
712
712
704
704
704
704
704
704
704
704
704
704
712
720
720
720
720
728
736
736
736
736
736
720
720
720
720
720
720
720
720
720
720
720
720
720
720
720
728
736
736
736
736
744
744
744
744
720
720
720
720
720
720
720
720
720
720
720
720
720
720
728
728
728
728
728
728
728
704
712
712
712
712
712
720
720
720
720
720
720
720
720
720
720
720
720
720
728
728
736
736
736
736
736
736
736
728
728
728
728
728
728
728
728
728
728
704
704
704
704
704
704
704
704
704
712
720
720
720
728
728
728
728
712
712
712
712
712
712
712
712
712
712
720
728
728
728
728
728
728
728
704
704
704
712
712
704
704
704
704
704
704
704
696
696
688
688
688
688
688
688
688
688
688
688
696
696
696
696
704
704
704
704
704
704
704
704
704
704
704
704
704
704
704
704
704
704
712
712
712
712
712
712
712
712
712
712
712
712
720
720
720
720
720
720
720
720
720
720
720
720
720
720
712
712
712
712
712
712
712
712
712
712
712
712
712
712
712
712
712
712
712
712
712
712
712
712
712
712
712
712
712
712
712
712
712
712
712
712
712
712
712
712
704
704
704
704
704
704
704
704
704
704
704
704
704
704
704
704
704
704
704
704
704
704
704
704
712
712
712
712
712
712
712
712
712
712
720
720
720
720
720
720
720
720
720
720
720
720
720
720
720
720
720
720
712
712
712
712
712
712
712
712
712
712
712
712
712
712
720
720
720
720
720
720
720
720
720
720
720
720
720
720
728
728
728
728
728
728
728
728
728
728
728
728
728
728
728
728
736
736
736
736
736
736
736
736
728
728
728
728
728
728
728
728
728
736
736
736
736
736
736
736
736
728
728
728
728
728
728
728
728
728
728
728
728
728
728
728
728
728
728
736
736
728
728
728
728
728
728
728
728
728
728
728
728
736
736
736
736
736
736
736
736
736
728
736
744
744
744
744
744
744
744
744
744
744
744
744
744
744
744
744
744
744
744
744
744
744
744
744
744
744
744
744
744
744
744
744
744
744
744
744
744
744
744
744
744
744
744
744
744
744
744
744
744
744
752
760
760
760
768
768
768
768
768
768
776
776
776
776
776
776
776
776
776
776
776
776
784
792
792
792
792
792
792
792
776
776
776
776
776
776
776
776
776
776
768
768
768
768
768
768
768
768
768
768
768
768
776
776
776
776
776
776
776
760
760
760
760
760
760
760
760
760
760
760
760
768
768
768
768
768
768
760
760
760
760
760
760
760
760
760
760
760
760
760
768
776
776
784
784
784
784
784
784
776
776
776
776
776
776
776
776
776
776
776
776
776
776
776
776
776
776
776
776
776
776
776
776
784
784
792
792
792
792
792
792
792
792
776
776
776
776
776
776
776
776
776
776
776
776
776
776
776
776
776
776
776
776
776
784
792
792
792
800
800
800
800
784
784
784
784
784
784
784
784
784
792
792
800
800
800
800
800
800
776
776
776
776
776
776
776
776
776
776
776
776
776
776
776
776
776
776
776
776
776
784
784
784
792
792
792
792
792
792
792
792
792
792
792
792
800
800
784
784
784
784
784
784
784
784
784
792
800
800
800
808
808
808
808
808
808
792
792
792
792
792
792
792
792
800
808
808
808
816
816
816
816
792
792
792
792
792
792
792
792
792
768
768
768
768
768
768
768
768
768
768
768
768
760
760
760
760
760
760
760
760
760
768
768
776
776
776
776
776
776
776
776
776
776
776
784
784
784
784
784
784
784
784
784
784
784
784
784
784
784
784
784
784
784
784
784
784
784
784
784
784
784
784
784
784
784
784
784
784
784
784
784
792
800
800
800
800
800
800
800
800
800
800
800
800
800
800
800
800
800
800
800
800
800
800
808
808
816
816
816
816
816
808
808
808
808
808
808
808
808
808
808
808
808
808
808
808
808
808
808
808
808
808
808
808
808
808
792
792
792
792
792
800
800
800
808
808
808
808
800
800
800
800
800
800
800
800
800
800
800
800
800
808
808
808
808
808
808
808
808
808
816
816
816
816
816
816
816
824
824
832
832
832
840
840
840
840
840
840
840
840
840
840
840
840
840
840
840
840
840
840
840
840
840
840
840
840
840
840
840
840
840
848
848
848
848
848
848
848
848
848
848
848
848
848
832
832
832
832
832
832
832
832
832
832
832
832
832
832
832
832
832
832
832
832
832
832
832
832
832
832
832
832
832
832
832
832
832
840
840
840
840
840
840
840
848
848
848
848
848
848
848
848
848
848
848
848
848
848
848
848
848
848
848
848
848
848
848
848
848
848
848
848
848
848
848
848
848
848
848
856
856
840
840
840
840
840
840
840
840
840
840
840
840
840
840
840
840
840
840
848
848
848
856
856
864
864
864
864
864
864
864
864
864
864
864
864
864
864
864
864
864
864
864
864
864
864
864
864
864
864
864
864
864
864
864
864
864
864
864
864
864
864
856
864
864
864
864
864
864
864
872
872
872
872
872
872
872
872
872
872
872
872
872
872
872
872
872
872
872
872
872
872
872
872
872
872
872
872
872
872
872
872
872
872
872
872
872
872
872
872
872
872
872
872
872
872
856
856
856
856
856
856
856
856
856
856
856
864
864
864
864
864
864
864
864
864
864
864
864
864
864
864
864
864
864
864
864
864
864
864
864
864
864
864
864
864
864
864
864
864
872
872
872
872
864
864
864
864
864
864
864
864
864
864
872
872
872
872
872
872
880
872
872
872
872
872
872
872
872
872
872
872
872
872
872
880
880
880
880
880
880
880
880
872
872
872
872
872
872
872
872
872
872
880
888
888
888
888
888
888
888
888
888
888
888
888
888
888
888
888
888
888
888
888
888
888
888
888
896
896
880
880
880
880
880
880
872
872
872
872
872
872
872
872
872
872
872
872
872
872
880
880
880
880
880
880
880
872
872
872
872
872
872
872
872
872
872
872
872
872
872
872
872
872
872
872
872
872
880
880
880
880
880
880
880
880
880
880
880
880
888
888
888
880
880
880
880
880
880
880
880
880
880
872
872
872
872
872
872
872
872
872
872
872
872
872
872
872
872
872
872
872
872
872
872
872
872
872
872
872
872
872
872
872
872
872
872
872
872
864
864
864
864
864
864
864
864
864
864
848
848
848
848
848
848
848
848
848
848
848
848
848
848
848
848
848
848
848
848
848
848
848
848
848
848
848
848
848
848
848
848
848
848
848
848
848
848
848
848
848
848
848
848
848
848
848
848
848
848
848
848
848
848
848
848
848
848
848
848
848
848
848
848
856
856
864
864
864
864
864
864
864
864
864
864
864
864
864
864
864
864
864
864
864
864
864
864
864
864
864
864
864
864
864
872
872
872
872
872
880
880
880
880
880
880
880
872
872
872
872
872
872
872
872
872
872
872
872
872
872
880
880
880
880
880
880
880
880
880
880
880
888
888
888
888
888
888
888
896
896
896
896
896
896
896
896
896
896
896
904
912
912
912
912
920
920
920
920
920
920
920
920
920
920
920
920
920
920
920
920
928
936
936
936
936
936
936
936
936
912
912
912
912
912
912
912
912
912
912
904
904
904
904
904
904
904
904
904
904
904
912
920
920
920
920
920
920
920
904
904
904
904
904
904
904
904
904
904
904
904
904
904
912
912
912
912
912
912
912
896
896
896
896
896
896
896
896
896
896
896
904
904
912
912
912
912
912
912
904
904
904
904
904
904
904
904
904
904
904
904
904
904
912
920
920
920
920
920
920
920
904
904
904
904
904
904
904
904
904
904
904
904
912
912
912
912
912
920
920
904
904
904
904
904
904
904
904
912
920
920
920
920
920
920
920
920
920
920
904
904
904
896
896
896
896
896
896
896
896
896
896
896
896
896
896
904
904
904
912
912
912
912
912
912
912
912
912
912
912
904
904
904
904
904
904
904
904
904
904
904
904
904
904
904
904
912
920
920
920
920
920
920
920
904
904
904
904
904
904
904
896
896
896
896
896
896
896
896
896
896
896
896
896
896
896
896
896
896
896
896
896
904
904
904
904
904
904
904
904
888
888
888
888
888
888
888
888
888
888
888
880
880
888
888
888
888
888
888
888
888
888
888
888
888
888
888
888
888
888
888
888
888
888
888
888
888
888
896
896
896
896
888
888
880
880
880
880
880
880
880
880
880
880
880
880
880
880
880
880
880
880
880
880
880
880
880
880
880
880
880
880
880
880
880
880
880
880
880
880
880
880
880
880
888
888
888
888
888
888
888
888
888
896
896
896
896
896
896
896
896
896
896
896
896
896
896
896
896
904
904
904
904
904
904
904
904
912
904
904
904
904
904
904
904
904
904
904
904
904
904
904
904
904
912
912
912
904
904
904
904
904
904
904
904
904
912
912
912
912
912
912
912
888
888
888
888
888
888
888
888
888
888
888
888
888
888
888
888
888
888
888
888
888
896
896
896
896
896
896
896
896
896
896
896
896
896
896
896
896
896
896
896
896
896
896
896
896
888
888
888
888
888
888
888
888
888
888
888
888
888
888
888
888
888
888
888
888
888
888
888
888
888
888
888
888
888
888
888
888
888
888
888
888
888
888
888
888
888
888
888
888
888
888
888
888
888
888
888
888
888
888
888
888
896
896
896
896
896
896
896
896
896
896
896
896
896
896
896
896
904
904
904
904
904
904
904
896
896
896
896
896
896
896
896
896
904
904
904
904
904
904
912
904
904
904
904
904
904
904
904
904
912
912
912
912
912
912
912
912
912
912
912
912
912
912
912
912
912
912
912
912
912
912
912
912
904
904
904
904
904
904
904
904
904
904
904
904
904
904
904
904
904
904
904
904
904
904
904
904
904
904
904
904
904
904
912
912
912
912
912
912
912
904
904
904
904
904
904
904
896
896
896
896
896
896
896
896
896
896
896
896
896
904
904
904
904
888
888
888
888
888
888
888
888
888
888
888
888
888
888
888
888
896
896
896
896
896
896
888
888
888
888
888
888
888
888
888
888
888
888
880
880
880
880
880
880
880
880
880
880
880
880
880
880
880
880
880
880
880
880
880
888
888
888
888
888
888
888
880
880
880
880
880
880
880
880
880
880
880
880
864
864
864
856
856
856
856
856
856
856
856
856
856
856
856
856
856
856
856
856
856
856
856
856
856
856
856
856
856
856
856
856
856
864
864
864
864
864
864
864
864
864
864
864
864
864
864
864
864
864
864
848
848
848
848
848
848
848
848
848
848
848
848
848
848
848
848
848
848
840
840
840
840
840
840
840
840
840
840
840
840
840
840
840
840
840
840
840
848
848
848
848
848
848
848
848
848
848
848
848
848
848
848
848
856
856
856
856
856
864
864
864
864
864
864
864
864
864
864
864
864
864
864
864
864
856
856
856
856
856
856
856
856
856
856
856
856
856
856
856
856
856
856
856
864
872
872
872
872
872
872
872
848
848
848
848
848
848
848
848
848
848
848
848
848
848
848
848
848
848
848
848
848
848
848
848
848
848
848
856
864
864
864
864
864
872
872
872
872
872
872
872
856
856
856
856
856
856
856
856
856
856
856
864
864
864
864
864
864
864
840
840
840
840
840
840
840
840
840
840
840
840
832
840
840
840
840
840
840
840
840
840
840
840
840
840
840
840
840
840
840
840
840
840
840
840
832
832
832
832
832
832
832
832
832
832
832
840
840
840
840
840
840
840
840
840
840
840
840
840
840
840
840
840
848
848
848
848
848
848
848
840
840
840
840
840
840
840
840
840
840
848
856
856
856
856
856
856
856
848
848
848
848
848
848
848
848
848
848
848
848
848
848
856
864
864
864
864
864
864
864
848
848
848
848
848
848
848
848
848
856
856
856
856
856
856
856
848
848
848
848
848
848
848
848
848
848
848
848
848
856
856
856
856
856
856
856
856
856
856
856
856
856
840
840
840
840
840
840
840
840
840
832
832
832
832
832
832
832
840
848
848
848
848
840
840
840
840
840
840
840
840
840
840
840
840
848
848
848
848
848
848
848
840
840
840
840
832
832
832
832
832
832
832
832
832
832
832
832
824
824
824
824
824
824
824
824
824
824
824
824
824
824
824
824
824
824
824
824
824
824
824
824
824
824
824
824
824
824
824
824
824
824
824
832
824
824
824
824
824
824
824
824
824
824
824
824
824
824
824
824
824
824
824
824
824
824
824
824
832
832
832
832
832
832
832
832
832
832
832
832
832
832
832
832
832
832
832
832
832
832
832
832
832
832
832
824
824
816
816
816
816
816
816
816
816
816
816
816
816
816
816
816
816
816
816
816
816
816
816
816
816
816
808
808
808
808
808
808
808
808
808
808
808
808
808
808
808
808
808
808
808
808
808
808
808
808
808
808
808
808
808
808
808
800
800
800
800
800
800
800
800
800
800
800
800
800
800
792
792
792
792
792
792
792
792
792
792
792
792
792
792
792
792
792
792
792
792
792
792
792
792
792
792
792
792
792
792
792
792
792
792
792
792
792
792
792
792
792
792
792
792
792
792
792
792
792
792
792
792
792
792
792
792
792
792
792
792
792
792
792
792
792
792
792
792
792
792
792
792
792
792
792
792
792
792
792
792
792
792
792
792
792
792
792
792
792
792
792
792
792
792
784
784
784
784
784
784
784
784
784
784
784
784
784
784
784
784
784
784
784
784
784
784
784
784
784
784
784
784
784
784
784
784
784
784
784
784
784
776
776
776
776
776
776
776
776
776
776
776
776
776
776
776
776
776
776
776
776
776
776
776
776
776
776
776
776
776
776
776
776
776
776
776
776
776
776
776
776
776
776
776
776
776
776
776
776
776
776
776
776
776
776
776
776
776
776
776
776
776
752
752
752
752
752
752
752
752
752
752
752
752
752
752
752
752
752
752
752
752
752
752
752
752
752
752
752
752
752
752
752
752
752
752
752
752
752
752
752
752
752
752
752
752
752
752
752
752
752
752
752
752
752
752
752
752
752
752
760
760
760
760
760
760
760
760
744
744
744
744
744
744
744
744
744
744
744
744
744
744
744
744
744
744
744
744
744
744
744
744
744
744
744
744
744
744
744
752
752
752
752
752
752
752
752
744
744
744
744
744
744
744
744
744
744
744
744
744
744
744
744
744
744
744
752
752
752
752
752
752
752
744
736
736
736
736
736
736
736
736
736
736
744
752
752
752
752
752
752
752
744
744
744
744
744
744
744
744
744
744
744
744
744
744
744
744
728
728
728
728
728
728
728
728
728
728
728
728
728
728
728
728
728
728
728
728
728
728
728
736
736
736
736
736
736
736
736
736
736
736
736
736
736
736
728
728
728
728
728
728
728
728
728
728
728
728
728
728
728
728
728
728
728
728
728
728
728
728
720
720
720
720
720
720
720
720
720
720
720
720
720
720
720
720
720
720
720
720
720
720
720
720
720
720
720
720
720
720
720
720
720
720
720
720
720
720
720
720
720
720
720
720
720
720
720
720
720
720
720
720
720
720
720
720
720
720
720
720
720
720
720
728
728
728
736
736
736
736
736
736
736
736
736
736
736
736
736
736
736
736
744
744
744
744
752
752
752
752
736
736
736
736
736
736
736
736
736
736
736
728
728
728
728
728
728
728
728
728
712
712
712
712
712
712
712
712
712
712
712
712
712
712
712
712
712
712
712
712
712
712
712
712
712
712
712
712
712
712
712
712
712
712
712
712
712
712
712
712
712
712
712
712
712
712
712
712
712
712
712
712
712
712
712
712
712
712
712
712
712
712
712
712
712
712
720
720
720
720
720
720
720
720
720
720
720
720
720
712
712
712
712
712
712
712
712
712
712
712
712
712
712
712
712
712
712
712
712
712
704
704
704
704
704
704
688
688
688
688
688
688
688
688
688
688
688
688
688
688
688
688
688
688
688
688
688
672
672
672
672
672
672
672
672
672
672
672
672
672
672
672
672
672
672
672
664
664
664
664
664
664
664
664
664
672
672
672
672
672
680
680
680
672
672
672
672
672
672
672
672
672
672
672
672
672
672
672
672
672
672
672
656
656
648
640
640
640
648
648
656
656
656
656
656
656
656
656
656
656
656
656
656
656
656
656
656
656
656
640
640
640
640
640
640
640
640
640
632
632
632
632
632
632
632
632
632
624
624
624
624
616
616
616
616
616
616
616
616
616
616
616
616
616
616
616
616
616
616
616
616
616
616
616
616
616
616
616
608
600
600
600
600
600
600
600
600
600
600
600
600
600
600
600
600
600
584
584
584
576
568
568
568
568
568
568
568
568
568
568
544
536
536
536
528
520
520
520
520
520
520
520
520
520
520
520
520
520
520
520
520
520
520
520
520
520
520
520
520
520
520
520
520
520
520
512
512
512
512
512
512
512
512
512
512
512
512
512
512
512
512
512
512
512
512
512
512
512
512
512
512
512
512
512
512
512
512
512
512
512
512
512
512
512
512
512
512
520
520
520
520
520
520
520
520
520
520
520
520
520
520
520
520
520
520
520
520
520
520
520
520
520
520
504
504
496
496
496
496
496
496
496
496
496
496
496
496
496
504
504
504
504
504
504
504
504
512
512
512
512
512
512
512
512
512
512
512
512
512
512
512
512
512
512
512
520
520
528
528
528
528
528
528
528
528
528
528
528
528
528
528
528
528
528
528
528
528
528
528
528
528
528
528
512
512
512
512
512
512
512
512
520
520
520
520
520
520
520
520
520
528
528
512
512
512
512
512
512
512
512
520
528
528
528
528
528
528
528
528
528
520
520
520
520
520
520
520
520
520
520
520
520
520
520
520
520
520
520
520
520
520
528
528
528
528
528
528
528
528
528
528
528
528
528
528
528
496
496
496
496
496
496
496
496
496
504
496
496
496
496
496
496
496
496
496
496
496
496
496
496
496
496
496
480
480
480
480
480
480
480
480
472
464
464
464
464
464
464
464
464
464
464
464
464
464
464
464
464
464
464
464
464
464
464
464
464
464
464
456
456
456
456
456
456
456
456
456
456
456
456
456
456
456
456
456
456
456
456
456
456
456
456
456
456
456
456
456
456
456
464
464
464
464
464
464
464
464
464
464
464
464
464
464
464
464
464
464
464
456
456
456
456
456
456
456
456
456
456
456
456
456
456
456
456
456
456
456
456
456
456
456
456
456
456
456
456
456
456
456
456
456
456
456
456
448
448
448
448
448
448
448
448
448
448
448
448
456
456
456
456
456
456
448
448
448
448
440
440
432
424
424
416
416
416
416
416
416
416
416
416
416
416
416
416
416
416
416
424
424
416
416
416
416
416
416
416
416
416
416
416
416
416
416
416
416
416
416
408
408
408
408
408
408
408
408
408
408
416
416
416
416
416
416
416
416
424
432
432
432
432
432
432
432
432
432
432
432
432
432
432
432
432
432
440
440
440
440
440
440
424
424
424
424
424
424
424
424
424
424
424
424
424
432
432
440
440
440
440
440
440
432
432
432
432
432
432
432
432
432
440
448
448
448
448
448
448
448
432
432
432
432
432
432
432
432
432
432
432
432
432
432
432
432
432
432
432
432
432
432
432
432
432
432
440
440
440
440
440
440
440
424
424
424
424
424
424
424
424
424
424
424
432
432
432
432
432
432
424
424
424
424
424
424
424
424
424
432
432
432
432
432
432
432
424
432
432
432
432
432
432
432
432
432
432
432
432
432
440
440
440
440
440
440
440
440
432
432
432
432
432
416
416
416
416
416
416
416
416
424
424
424
424
424
424
424
424
416
416
416
416
416
416
416
416
416
416
416
408
408
408
408
408
408
408
408
408
408
408
408
408
408
408
408
408
408
416
416
416
416
416
416
416
416
416
416
416
416
416
416
416
416
408
408
408
408
408
408
408
408
408
408
408
408
408
416
416
416
416
400
400
400
400
400
400
400
400
392
384
376
376
376
376
376
376
376
376
376
376
376
376
376
376
376
376
376
376
376
376
376
376
376
376
376
376
376
376
376
376
376
376
376
376
376
376
376
376
376
376
376
376
384
384
384
384
384
384
384
384
384
384
384
384
384
384
384
376
376
376
376
376
376
376
376
376
376
376
376
376
376
376
376
376
376
376
376
376
376
368
368
368
368
368
368
368
368
368
368
368
368
368
368
368
368
368
368
368
368
368
368
368
376
376
376
376
376
376
376
368
368
368
368
368
368
368
368
368
368
360
360
360
360
360
360
360
360
360
360
360
360
360
360
360
360
360
360
360
360
360
360
360
360
360
360
352
344
344
344
344
344
344
344
344
344
344
352
352
336
328
328
328
328
328
328
328
328
328
328
328
328
328
328
328
328
328
328
328
328
336
336
344
352
352
352
352
352
352
352
352
352
352
352
352
352
352
352
352
352
352
352
352
352
352
352
352
352
352
352
352
352
352
360
360
360
360
360
360
360
360
360
360
360
360
360
360
360
352
352
352
352
352
352
352
352
352
352
352
352
352
352
352
352
352
352
360
360
360
360
360
360
360
368
376
376
376
376
376
376
368
368
368
368
368
368
368
368
368
368
368
376
376
376
376
376
376
376
368
368
368
368
368
368
368
368
368
368
368
368
368
368
368
368
368
368
368
368
368
368
368
368
368
368
368
368
368
376
376
376
376
376
376
376
368
368
368
368
368
368
368
368
368
376
376
376
384
384
384
384
384
384
368
368
368
368
376
376
376
376
376
376
376
376
376
376
376
376
376
384
384
384
384
384
384
384
384
384
384
384
384
384
392
392
392
392
392
392
392
392
392
392
392
392
392
392
392
392
392
392
392
392
392
392
392
392
392
392
392
392
392
392
392
392
392
392
392
392
392
392
392
392
392
392
392
392
392
392
392
392
392
384
384
384
384
384
384
384
384
384
384
384
384
384
384
384
384
384
384
384
384
384
384
384
384
384
384
384
384
392
392
392
392
392
392
392
392
392
392
392
392
392
392
392
392
392
392
392
392
392
392
392
392
392
392
392
392
392
392
392
392
392
392
392
392
392
392
392
392
392
392
392
392
392
392
392
392
392
392
392
392
392
392
392
392
392
392
392
392
392
392
392
392
392
392
392
392
392
392
392
392
392
392
392
392
392
392
392
392
392
392
392
392
392
392
392
392
392
392
392
392
392
392
392
392
392
392
392
392
392
392
392
392
392
392
392
392
392
392
392
392
392
392
392
392
392
392
392
392
392
392
392
392
392
392
392
392
392
392
392
392
392
392
392
392
392
392
392
392
392
392
392
392
392
392
392
392
392
392
392
392
400
408
408
408
408
408
408
408
392
392
392
392
392
392
392
392
392
392
392
392
392
392
392
392
392
392
392
392
392
392
392
392
392
392
392
392
392
392
392
392
392
392
392
392
392
392
392
392
392
400
400
400
376
376
376
376
384
384
384
384
384
384
384
384
384
384
384
384
384
384
384
384
384
384
384
384
384
384
384
384
384
384
384
384
384
392
392
392
392
392
400
400
400
400
384
384
384
384
384
384
384
384
384
392
392
392
400
400
400
400
392
392
392
392
392
392
392
392
392
392
392
392
392
392
392
392
392
392
392
392
392
400
400
400
400
400
400
400
392
392
392
392
392
392
392
392
400
408
408
408
408
408
408
408
392
392
392
392
392
392
392
392
392
392
392
392
400
400
400
400
384
384
384
384
384
384
384
384
384
384
392
392
392
392
392
392
392
392
392
392
392
392
392
392
392
392
392
392
392
392
392
392
392
392
392
392
392
392
392
392
392
392
392
392
392
392
392
392
400
400
400
400
392
392
392
392
392
392
392
392
392
392
392
392
392
392
392
392
392
392
392
392
400
408
408
408
416
416
416
416
408
408
408
408
408
408
408
408
408
408
416
416
416
416
416
416
416
416
408
408
408
408
408
408
408
408
408
416
416
416
416
416
416
416
392
392
392
392
392
392
392
392
392
392
392
392
392
392
392
392
392
400
400
408
408
408
408
408
408
408
408
408
408
408
408
408
408
408
392
392
392
392
392
392
392
392
392
400
400
400
400
400
400
400
384
384
384
384
384
384
384
384
384
384
384
384
384
384
384
384
384
384
384
384
384
384
384
384
384
384
384
384
384
384
384
384
384
384
384
384
384
384
384
384
384
384
384
384
384
384
384
384
384
384
384
384
384
384
384
384
384
384
384
384
384
384
384
384
392
392
392
392
392
392
384
384
384
384
384
384
384
384
384
384
384
384
384
384
384
384
384
384
384
384
384
384
384
384
384
384
384
368
368
368
368
368
368
368
368
368
368
368
368
368
368
368
368
368
368
368
368
368
368
368
376
376
376
384
384
344
344
344
344
344
344
344
344
344
344
344
344
352
352
352
352
352
352
352
344
344
344
344
344
344
344
344
344
344
344
344
344
344
344
344
344
344
344
344
344
344
344
344
344
344
344
344
344
344
344
344
344
344
344
352
352
352
352
352
352
352
352
352
352
352
352
352
352
352
352
352
352
352
352
352
352
352
352
352
352
352
352
352
352
360
360
360
360
360
368
368
368
368
368
368
368
368
368
368
368
368
368
368
368
368
368
368
368
368
368
368
376
376
376
376
376
376
376
376
376
376
376
376
376
376
352
352
352
352
352
352
352
352
360
360
360
360
360
360
360
368
352
352
352
352
352
352
352
352
352
352
352
352
352
352
352
352
352
352
352
344
344
344
344
344
344
344
344
344
352
352
352
344
344
344
344
344
344
344
344
344
344
344
344
344
344
344
352
336
336
336
336
336
336
336
336
336
336
336
336
336
336
336
336
336
336
336
336
336
336
336
344
336
336
336
336
336
336
336
336
336
336
336
336
336
344
344
352
352
352
352
352
352
352
352
352
352
352
328
328
328
328
328
328
328
328
328
328
328
328
320
320
320
320
320
320
320
320
320
320
320
320
320
320
320
320
320
320
320
320
320
320
320
320
320
320
320
320
320
320
328
328
328
328
328
328
328
336
336
336
336
336
336
336
336
336
336
336
336
336
336
336
336
344
344
344
344
344
352
352
352
352
352
352
352
352
352
344
344
344
344
344
344
344
344
344
344
344
344
344
352
352
352
360
368
368
368
368
368
368
368
360
360
360
360
360
360
360
360
360
368
368
368
376
376
376
376
352
352
352
352
352
352
352
352
352
352
352
352
360
368
368
368
368
368
368
368
368
368
368
368
344
344
344
344
344
344
344
344
344
352
360
360
360
368
368
368
368
368
352
352
352
352
352
352
352
352
352
352
352
352
352
352
352
360
360
360
368
368
368
368
344
344
344
344
344
344
344
344
352
360
360
360
368
368
368
368
352
352
352
352
352
352
352
352
352
360
368
368
368
368
368
368
368
344
344
344
344
344
344
344
352
352
352
336
336
336
336
336
336
336
336
336
344
344
344
344
344
344
344
328
328
328
328
328
328
328
328
336
344
344
344
344
344
344
344
336
336
336
336
336
336
336
336
336
336
344
344
328
328
328
328
328
328
328
328
328
328
328
328
328
328
328
328
328
328
328
328
328
328
328
312
312
312
312
312
312
312
312
312
312
312
312
320
328
328
328
328
328
328
328
312
312
312
312
304
304
304
304
304
304
304
304
304
312
312
320
320
320
320
320
312
312
312
320
320
320
320
320
320
320
320
320
320
320
328
328
328
320
320
320
320
320
320
320
320
320
320
320
320
320
320
320
320
320
320
320
320
320
320
320
320
312
312
312
312
312
312
312
312
312
312
312
312
312
312
312
312
312
312
320
320
320
320
320
320
312
312
312
312
312
312
312
320
320
320
320
320
320
320
312
312
312
312
312
312
312
312
312
312
312
312
312
312
312
312
312
312
312
320
320
320
320
320
320
320
320
320
320
320
320
320
320
320
320
320
320
328
328
328
328
328
328
328
328
328
328
328
328
328
328
328
328
328
328
328
328
328
328
336
336
336
336
336
336
336
336
336
336
336
336
336
336
344
352
352
352
352
352
344
344
344
344
344
344
344
344
344
344
344
344
344
344
344
344
344
344
344
344
344
352
352
352
352
352
352
352
344
344
344
344
344
344
344
344
344
344
344
344
344
344
344
344
344
336
336
336
336
336
336
336
336
336
336
336
336
336
336
336
336
336
336
336
336
336
336
336
336
344
344
344
344
344
344
344
344
344
344
344
320
320
320
320
320
320
320
320
320
320
320
320
328
328
328
320
320
320
320
328
336
336
336
344
344
344
344
344
344
344
344
344
344
344
344
344
344
344
344
352
352
360
360
360
360
360
360
320
320
320
320
320
320
320
320
320
320
320
320
328
328
328
328
312
320
320
320
320
320
320
320
320
320
320
320
320
320
320
320
320
320
320
320
320
328
312
312
312
312
312
312
312
312
312
312
312
312
312
312
312
312
320
328
328
328
336
336
336
336
344
344
344
344
344
344
344
344
328
328
328
328
328
328
328
328
328
328
328
328
328
328
328
328
328
336
336
336
344
344
344
344
344
344
344
344
344
344
344
344
312
312
312
312
312
312
312
312
312
312
312
312
312
312
312
312
320
320
320
320
320
320
320
320
312
312
312
312
312
312
312
312
312
312
312
312
312
312
312
320
320
320
320
320
312
312
312
312
312
312
312
312
312
320
320
320
320
320
320
320
312
312
312
312
312
312
312
312
320
328
328
328
328
328
328
328
312
312
312
312
312
312
312
312
312
320
320
320
320
320
320
320
320
320
320
320
320
320
320
320
320
320
320
320
320
320
320
320
320
320
320
320
320
320
320
320
320
320
320
320
320
320
320
320
328
336
336
336
336
336
336
336
344
344
344
344
344
344
344
344
320
320
320
320
320
320
320
320
320
320
320
320
320
320
320
320
320
320
320
320
320
320
320
320
328
328
336
336
336
336
336
336
336
344
352
352
352
352
352
352
352
352
352
352
328
328
328
328
328
328
328
328
328
328
328
328
328
328
328
328
328
328
328
328
328
328
328
328
304
304
304
304
304
304
304
304
304
304
304
304
304
304
304
304
304
304
296
304
312
312
312
312
312
312
312
312
312
312
312
312
312
312
312
312
312
312
312
320
320
320
320
320
320
320
312
312
312
312
312
312
312
312
312
312
312
312
312
304
304
304
304
304
304
304
304
304
304
304
304
304
304
304
304
312
320
320
328
328
328
328
328
328
328
328
328
328
320
320
320
320
320
320
320
320
320
320
320
320
320
320
320
320
320
304
304
304
304
304
304
304
304
304
304
312
312
312
312
312
312
320
320
304
304
304
304
304
304
304
304
304
304
304
304
304
304
304
304
304
304
304
304
304
304
304
304
304
304
304
304
304
304
304
304
312
312
296
296
296
296
296
296
296
296
296
296
296
296
296
296
296
296
296
304
304
304
304
304
304
304
312
312
304
304
304
304
304
304
296
296
296
296
296
296
296
296
296
304
304
304
304
304
304
304
312
312
304
304
312
312
312
312
312
312
312
312
312
312
312
312
312
312
312
312
312
312
312
312
312
312
312
312
296
296
296
296
296
296
296
296
256
256
256
256
256
256
256
264
264
264
264
264
264
264
264
264
264
264
264
264
264
264
264
264
264
264
264
264
264
264
264
264
264
264
264
272
272
272
272
272
272
272
272
272
272
272
272
272
272
272
272
264
264
264
264
264
264
264
264
264
264
264
264
264
264
264
264
264
264
256
256
256
256
256
256
256
256
256
256
256
256
256
256
256
256
256
256
256
256
256
256
256
256
256
256
224
224
232
232
232
232
232
232
232
232
232
232
232
232
232
232
232
240
240
240
240
240
240
240
240
240
240
248
248
248
248
248
248
248
248
248
248
248
248
248
248
248
248
248
256
232
232
232
232
232
232
240
240
240
240
240
240
248
248
248
248
248
248
248
248
248
248
248
248
248
248
248
248
248
248
248
248
248
248
248
248
248
248
248
256
256
256
264
264
264
264
264
264
264
264
264
264
264
264
272
280
280
280
288
288
288
288
272
272
272
272
272
272
272
272
280
288
288
288
288
288
288
288
264
264
264
264
264
264
264
264
272
272
280
280
280
280
280
280
264
264
264
264
264
264
264
264
264
264
264
264
272
272
272
272
256
256
256
256
256
256
256
256
256
264
264
264
272
272
272
272
264
264
264
264
264
264
264
264
272
280
280
280
280
280
280
280
264
264
264
264
264
264
264
264
264
264
264
264
264
264
264
272
280
280
280
280
280
280
288
288
288
288
288
288
272
272
272
272
272
272
272
272
280
288
288
288
288
288
288
288
272
272
272
272
272
272
272
272
256
256
256
256
256
256
256
256
256
256
256
256
256
256
256
256
256
264
264
264
272
280
280
280
288
288
288
288
288
288
288
288
288
288
288
288
288
288
296
296
280
280
280
280
280
280
280
280
280
280
280
280
280
280
280
280
272
272
272
272
272
272
272
272
272
272
272
272
272
272
272
272
280
280
280
280
272
272
272
272
272
272
272
272
272
280
288
288
288
272
272
272
272
264
264
264
264
264
264
264
264
264
264
264
264
264
248
248
248
248
248
248
248
248
248
248
248
248
232
240
240
240
240
248
248
248
240
240
240
240
240
240
240
240
240
240
240
240
248
256
256
256
256
256
256
256
256
256
248
256
256
256
256
256
256
264
264
264
264
264
264
264
264
264
256
256
256
256
256
256
256
256
256
256
256
256
256
256
264
264
264
264
256
256
256
256
256
256
256
256
264
264
264
264
264
264
256
256
256
256
256
256
256
256
256
256
256
256
256
256
256
264
248
248
248
248
248
248
256
256
256
256
256
256
256
256
256
256
256
264
264
264
264
264
272
272
264
272
280
280
280
280
280
280
280
288
288
288
288
288
288
288
288
288
288
288
288
288
288
288
288
288
288
288
288
288
296
296
296
296
296
296
296
296
288
288
296
296
296
296
296
296
296
296
296
296
296
296
296
296
296
296
296
296
304
304
304
304
304
304
304
304
304
304
304
304
304
304
304
312
296
296
296
296
296
296
296
296
296
296
296
296
296
296
296
296
296
296
296
296
296
296
296
296
296
296
296
296
296
296
296
296
296
296
296
296
296
296
304
304
304
304
304
304
304
304
304
304
304
304
304
304
304
304
304
304
304
304
304
304
304
304
304
304
304
304
304
304
304
304
304
304
312
312
312
312
312
312
312
320
296
296
296
296
296
296
296
296
296
296
296
296
296
304
304
304
304
304
304
304
304
304
296
296
296
296
296
296
296
296
296
296
304
304
304
304
304
304
304
304
296
296
296
296
296
296
296
296
296
296
296
296
296
304
312
312
312
312
312
312
312
320
320
320
320
320
296
296
296
296
296
296
296
296
296
296
296
296
296
296
296
296
280
280
280
280
288
288
288
288
288
288
288
288
288
288
288
288
288
288
288
296
296
296
296
296
288
288
288
288
288
288
288
288
288
288
288
288
296
296
296
296
304
304
304
304
288
288
288
288
288
288
288
288
288
288
296
296
296
296
296
296
280
280
280
280
280
280
280
280
280
288
288
288
288
288
288
288
280
280
280
280
280
280
280
280
288
296
296
296
304
304
304
304
304
304
304
312
312
312
312
312
312
312
312
312
312
312
312
312
312
312
320
320
328
328
336
336
336
336
336
336
336
336
336
336
312
312
312
312
312
312
312
312
312
312
312
312
312
296
296
296
296
296
296
296
296
304
312
312
312
320
320
320
320
304
304
304
304
312
312
312
312
312
312
312
312
312
312
312
312
312
312
312
312
312
312
312
312
312
312
320
320
320
320
320
328
328
328
328
328
328
328
328
328
328
328
320
320
320
328
328
328
328
328
328
328
328
328
328
328
328
328
328
328
328
328
328
328
312
312
312
312
312
312
312
312
320
328
328
328
328
328
328
328
304
304
304
304
304
304
304
304
304
304
304
304
312
312
312
312
312
312
296
296
296
296
296
296
296
296
288
288
288
288
288
288
288
288
288
296
296
296
304
304
304
304
288
288
288
288
288
288
288
288
272
272
272
272
272
272
272
272
272
272
272
272
272
272
272
272
272
272
272
272
272
280
288
288
288
288
288
288
288
288
288
288
288
296
296
296
296
296
296
296
296
296
296
296
296
296
296
296
296
296
304
304
304
304
304
304
304
296
296
296
296
296
296
296
304
304
304
304
304
304
304
296
296
296
296
296
296
296
296
296
296
296
296
296
296
296
296
296
296
296
304
304
304
304
304
304
304
304
304
304
304
304
304
304
304
304
304
304
312
312
312
312
312
312
312
312
312
312
312
312
320
320
320
320
304
304
304
304
304
304
304
304
304
304
304
304
304
304
304
304
304
304
296
296
296
296
296
296
296
296
296
296
296
296
296
296
296
296
296
296
296
296
296
296
296
304
304
304
312
312
312
312
312
312
312
312
312
312
312
312
312
320
320
320
320
312
312
312
312
312
312
312
312
312
312
312
320
320
320
320
328
328
328
328
328
328
328
320
320
320
320
320
320
320
320
320
320
328
336
336
336
336
336
336
336
336
336
336
336
336
336
336
336
336
336
344
344
344
344
344
352
328
328
328
328
328
328
328
328
328
328
328
328
336
336
336
336
320
320
320
320
320
320
320
320
320
328
328
328
328
328
328
328
320
320
320
320
320
320
328
328
328
328
328
328
328
328
328
328
328
328
336
344
344
344
344
344
344
344
336
336
336
336
336
336
336
336
336
336
336
336
336
336
336
336
344
344
352
352
352
352
352
352
352
352
352
352
352
352
328
328
328
328
328
328
328
328
328
328
328
328
328
328
328
336
344
344
344
344
344
344
344
320
320
320
320
320
320
320
320
328
328
336
336
336
336
336
336
320
320
320
320
320
320
320
320
328
336
336
336
336
336
336
336
320
320
320
320
320
320
320
320
328
328
336
336
336
336
336
336
320
320
320
320
320
320
320
320
320
320
320
328
328
328
336
336
336
336
320
320
320
304
304
304
304
304
304
304
304
288
288
288
288
288
288
288
288
288
288
280
280
280
280
280
280
280
280
280
280
280
280
280
280
280
280
280
280
280
280
280
280
280
280
280
272
272
272
272
272
272
272
272
272
272
272
272
272
272
272
272
272
272
272
272
272
272
272
272
272
272
272
272
272
272
272
272
272
272
272
272
272
272
272
272
272
272
272
272
272
272
272
256
256
256
256
256
256
256
256
256
256
256
256
256
256
256
256
248
248
248
248
248
248
248
248
248
248
256
256
256
256
256
256
256
256
256
256
264
272
272
272
272
272
272
272
272
272
272
272
272
272
272
272
272
272
272
272
272
272
272
280
280
280
280
280
280
280
280
280
288
256
256
256
256
256
256
256
256
256
264
264
264
264
264
264
264
272
272
264
264
264
264
264
264
264
264
264
264
264
264
264
264
264
264
264
272
272
272
256
256
256
256
256
256
256
256
256
264
264
264
264
264
264
264
264
264
264
264
264
264
264
264
264
264
264
272
272
272
272
272
272
272
272
272
272
272
272
272
272
272
272
272
272
272
272
272
272
272
272
272
272
272
272
272
272
272
264
264
264
264
264
264
264
264
264
264
264
264
264
272
280
280
280
280
280
280
256
256
256
256
256
256
256
256
256
256
256
256
256
256
256
264
264
264
272
272
272
272
272
272
272
272
272
272
272
272
272
272
272
272
272
272
272
272
272
272
272
272
272
280
280
280
280
280
288
288
288
288
288
288
288
288
288
288
288
288
288
296
296
304
304
304
304
304
304
304
304
304
304
304
304
304
304
312
312
312
312
312
312
312
296
296
296
296
296
296
296
296
296
296
296
296
296
296
296
296
296
296
304
304
312
312
312
312
312
320
320
320
320
320
320
320
320
320
320
320
288
288
288
288
288
288
288
288
296
304
304
304
304
304
304
304
296
304
304
304
304
304
304
304
304
304
304
304
304
304
304
304
304
312
312
312
312
312
312
312
312
296
296
296
296
296
296
296
296
304
312
312
312
312
312
312
312
304
304
304
304
304
304
304
304
304
304
304
304
304
304
304
304
304
304
304
304
304
304
304
304
304
304
304
296
296
296
296
296
296
296
296
296
296
296
296
296
296
296
296
296
304
304
304
304
288
288
288
288
288
288
288
288
288
288
288
288
288
288
288
288
288
288
288
296
296
296
296
296
296
304
304
304
304
304
304
304
304
304
296
296
296
296
296
296
296
296
296
296
304
304
304
304
304
312
296
296
296
296
296
296
296
296
304
312
312
312
320
320
320
320
304
304
304
304
304
304
304
304
304
304
312
312
312
312
312
312
312
312
312
312
312
312
312
312
312
312
312
312
312
312
312
312
312
312
312
312
312
312
312
312
320
320
320
320
320
320
296
296
296
296
296
296
296
296
296
296
296
296
296
296
296
296
296
296
296
304
304
312
320
320
320
328
328
328
328
328
328
328
328
328
304
304
304
304
304
304
304
304
304
304
304
304
304
304
304
304
312
312
296
296
296
296
296
296
296
296
288
288
288
288
288
288
288
288
288
288
288
288
288
288
288
288
288
288
288
288
296
296
296
296
296
296
296
296
296
296
296
304
304
304
296
296
296
296
296
296
296
296
296
296
296
296
296
296
280
280
280
280
280
280
280
280
280
280
280
280
280
280
280
280
280
280
264
264
264
264
264
264
264
264
264
264
264
264
264
264
264
264
264
272
280
280
280
280
280
280
280
280
288
288
288
288
288
296
296
296
296
296
296
296
296
296
296
296
280
288
288
288
288
296
296
296
296
296
296
296
296
296
296
296
296
296
296
304
304
304
304
304
304
304
304
304
264
264
264
264
264
264
264
264
264
264
264
264
264
264
264
264
264
264
264
264
264
264
264
272
272
280
280
280
280
272
272
272
272
272
280
280
288
288
288
288
288
288
296
296
304
304
304
304
304
304
304
304
304
304
304
304
304
304
304
304
304
304
312
312
320
320
328
336
336
336
336
336
336
336
336
328
328
328
328
328
328
328
328
328
328
328
328
328
328
328
328
328
328
328
328
328
328
328
328
328
328
328
328
336
336
336
336
336
336
336
336
336
336
336
336
336
344
344
352
352
352
352
352
352
352
352
336
336
336
336
336
336
336
336
336
336
336
336
336
336
336
336
336
336
336
344
352
352
352
352
352
352
352
352
352
352
352
352
352
352
360
360
360
360
360
360
360
352
352
352
352
352
352
352
352
352
352
352
328
328
328
328
328
328
328
328
328
328
328
328
328
328
320
328
328
328
328
328
328
328
336
336
336
336
336
336
336
336
336
336
336
336
344
344
344
344
344
344
344
344
344
344
344
344
352
352
352
352
352
352
352
352
352
344
344
344
344
344
344
344
344
344
352
352
352
352
352
352
352
352
352
352
352
352
352
352
352
352
352
352
352
352
344
344
352
360
360
360
360
360
360
360
360
360
360
360
360
360
360
360
360
360
368
368
368
368
368
368
368
368
368
368
368
368
368
368
368
368
368
368
368
368
368
368
368
368
368
368
368
368
376
384
384
384
384
384
384
384
384
392
392
392
392
392
392
392
392
376
376
376
376
376
376
376
376
384
392
392
392
392
392
392
400
400
400
400
400
400
400
400
400
400
400
400
400
400
400
400
400
400
400
400
400
400
400
400
400
400
400
400
400
400
400
408
408
408
408
408
408
408
408
408
408
408
408
376
384
392
400
400
400
400
400
400
408
408
408
408
408
408
416
416
416
416
416
416
416
416
416
416
416
416
416
416
416
416
416
416
416
416
416
416
416
416
416
416
416
416
416
416
416
416
416
400
400
408
416
416
416
424
424
424
424
424
424
424
424
424
424
424
424
424
424
424
424
424
424
424
424
424
424
424
424
424
424
424
424
424
424
424
424
424
424
432
432
432
432
432
432
432
432
432
432
432
440
448
448
448
448
448
448
448
424
424
424
424
424
424
424
424
424
424
424
424
424
424
424
424
432
432
440
448
448
448
448
448
448
448
432
432
432
432
432
432
432
432
432
432
432
432
432
432
432
432
432
432
432
432
432
432
432
432
432
432
432
432
432
432
440
448
448
448
448
448
448
448
432
432
432
432
440
440
440
440
440
440
440
440
440
440
440
440
440
448
448
448
448
448
448
440
440
440
440
440
440
440
440
440
448
456
456
456
456
456
456
456
456
456
440
440
440
440
440
440
440
440
440
440
440
448
448
448
448
448
448
448
448
448
448
448
448
448
448
448
448
448
448
448
448
456
456
464
464
464
464
464
464
464
456
456
456
456
456
456
456
456
456
456
456
456
456
456
456
456
464
464
464
448
448
448
448
448
448
448
448
456
464
464
464
464
472
472
472
472
456
456
456
456
456
456
456
456
456
456
456
456
456
456
456
456
456
456
456
456
456
456
456
456
456
456
456
456
456
456
456
456
456
456
456
456
456
456
456
456
456
456
456
456
456
464
464
464
464
464
464
464
472
472
472
472
472
472
472
472
472
472
472
448
448
448
456
456
456
456
456
456
456
456
456
456
456
464
464
464
464
464
472
472
472
480
480
480
480
480
480
480
480
480
480
480
480
480
480
488
488
488
488
488
488
488
488
480
480
480
480
480
480
480
480
480
480
456
456
456
456
456
456
456
456
456
456
456
456
456
456
456
456
456
456
456
456
456
448
448
448
448
448
448
448
448
448
448
448
448
448
448
448
448
448
448
448
448
448
448
440
440
440
440
440
440
440
440
448
448
448
448
448
448
456
456
456
456
456
456
456
456
456
456
456
464
464
464
464
464
464
464
456
456
456
464
464
464
464
464
464
464
464
464
464
472
480
480
488
488
488
488
488
496
496
488
488
488
488
488
488
488
488
488
488
496
496
496
504
504
504
504
504
504
504
504
504
504
504
504
504
512
512
504
504
504
504
504
504
504
504
504
504
504
496
496
496
496
496
496
496
504
504
504
504
504
504
504
504
504
504
504
504
504
504
504
504
504
504
512
512
512
512
512
512
512
512
512
520
528
528
528
528
528
528
528
536
528
528
528
528
528
528
528
528
528
528
528
536
536
544
544
544
544
544
544
544
544
544
544
544
544
544
544
544
544
544
544
544
552
552
552
552
552
552
552
552
560
560
560
560
560
560
560
560
568
568
568
568
568
568
568
568
560
560
560
560
560
560
560
560
568
568
576
576
576
576
576
576
560
560
560
560
560
560
560
560
560
560
560
560
568
576
576
576
584
584
584
584
568
568
568
568
568
568
568
568
568
568
576
584
584
584
592
592
592
592
568
568
568
568
568
568
568
568
576
576
584
584
584
584
584
584
584
584
560
560
560
560
560
560
560
560
560
560
568
576
576
576
584
584
584
584
568
568
568
568
568
568
568
568
568
568
576
584
584
584
592
592
592
592
592
568
568
568
568
568
568
568
568
568
568
576
576
576
584
584
584
584
592
568
568
568
568
568
568
568
568
568
576
576
576
576
576
576
576
576
552
552
552
552
552
552
552
552
552
552
560
568
568
568
568
568
568
568
560
560
560
560
560
560
560
560
560
560
560
560
560
560
560
560
560
568
568
576
576
576
584
584
584
592
600
600
600
600
600
600
600
600
600
576
576
576
576
576
576
576
576
576
576
576
576
576
576
576
576
576
560
560
560
560
560
560
560
560
560
560
560
568
568
568
568
568
568
568
568
568
568
568
568
568
568
568
568
568
568
568
568
568
568
568
568
568
568
568
568
568
568
568
568
568
576
584
584
584
584
584
584
592
600
600
600
600
600
600
600
600
600
600
600
600
600
608
608
608
616
616
624
632
632
632
632
632
632
632
632
632
632
632
640
640
648
648
648
648
648
648
656
656
656
656
656
656
656
656
656
656
656
656
656
656
656
656
656
656
656
656
656
656
656
656
656
656
656
632
632
632
632
640
640
640
640
640
640
640
640
640
640
640
640
640
640
640
640
640
640
640
640
640
640
640
640
640
632
632
632
632
632
632
632
632
632
632
632
632
616
616
616
616
624
624
624
624
624
624
624
624
632
632
632
632
632
632
632
632
632
632
640
640
640
640
640
640
640
640
640
640
640
648
648
648
648
648
648
632
632
632
632
632
632
632
640
640
640
640
640
640
640
640
640
640
640
640
640
640
640
640
640
632
632
632
632
632
632
632
632
640
648
656
656
656
656
656
648
648
648
648
648
648
656
656
656
656
656
656
656
664
664
664
664
664
664
664
664
672
680
680
680
680
680
688
688
688
688
688
688
688
688
688
688
688
688
688
688
688
688
688
696
696
704
704
704
704
704
704
704
688
688
688
688
688
688
688
688
688
688
688
688
688
688
696
696
696
696
696
696
696
680
680
680
680
680
680
680
680
680
680
680
688
688
688
688
688
688
688
688
688
688
688
688
696
704
704
704
712
712
712
712
704
704
704
704
704
704
704
704
704
704
712
720
720
720
720
720
720
720
720
696
696
696
696
696
696
696
696
696
696
704
704
704
704
704
704
704
704
704
696
696
696
696
696
696
696
696
696
696
704
712
712
712
712
712
712
712
704
704
704
704
704
704
704
704
704
704
704
704
712
720
720
720
720
720
720
720
720
704
704
704
704
704
704
704
704
704
712
712
720
720
720
720
720
720
720
720
712
712
712
712
712
712
712
712
712
720
728
728
728
728
736
736
736
736
720
720
720
720
720
720
720
720
728
736
736
736
736
736
736
736
712
712
712
712
712
712
712
712
712
712
704
704
712
712
712
712
712
712
712
712
712
712
712
712
712
712
712
712
712
712
712
712
712
712
712
712
712
712
712
712
712
712
712
720
720
720
720
720
720
720
720
712
712
712
712
720
720
720
720
720
720
720
720
720
720
720
720
720
720
720
712
712
712
712
712
712
712
712
712
712
720
720
720
720
720
720
720
720
720
728
728
720
720
720
720
720
720
720
720
720
720
720
720
720
720
720
720
720
720
720
720
720
720
720
728
736
736
736
736
736
736
736
736
720
720
720
728
728
728
728
728
728
728
728
728
728
728
728
728
728
728
728
728
736
736
736
736
736
736
736
736
736
736
736
744
744
744
744
744
744
744
744
744
744
736
736
736
744
744
744
744
744
744
744
744
744
744
744
744
744
744
744
744
744
744
744
744
744
744
744
752
752
752
752
752
752
752
752
752
752
744
744
744
744
744
744
744
744
744
744
744
744
744
744
752
752
752
760
760
760
760
760
760
760
760
760
760
760
760
760
760
760
760
760
760
760
760
760
760
760
760
760
760
760
768
768
768
776
776
776
760
760
760
768
768
768
768
768
768
768
768
768
768
768
768
760
760
760
760
760
760
760
760
760
760
760
760
760
760
760
760
768
768
768
768
768
768
768
768
768
760
760
760
760
760
760
760
760
760
760
760
760
760
760
752
752
752
752
752
752
752
752
752
752
752
752
752
760
760
760
760
760
760
760
752
752
752
752
752
752
752
760
760
760
760
760
760
760
760
752
752
752
752
752
752
752
760
760
768
768
768
768
768
768
768
768
768
768
768
768
768
776
776
776
776
776
776
776
776
776
776
776
776
776
776
776
784
784
784
784
784
784
776
776
776
776
776
776
776
776
776
776
776
776
776
776
776
776
776
776
776
776
768
768
776
776
776
776
776
776
776
776
784
784
784
784
784
784
784
784
784
784
792
800
800
800
800
800
800
800
784
784
784
784
784
784
784
784
784
784
784
784
784
784
784
784
776
776
776
776
776
776
776
776
776
776
776
776
776
776
776
776
776
776
776
776
776
776
776
776
776
776
776
776
776
776
776
776
776
776
776
776
776
776
776
776
776
776
776
776
776
776
776
776
776
784
792
800
800
800
800
800
800
800
800
800
800
800
800
800
800
800
800
800
800
800
800
800
800
800
800
800
800
800
800
800
800
800
792
792
792
792
792
792
792
792
792
792
792
792
792
792
792
792
792
792
792
792
792
792
792
792
792
792
792
792
792
792
792
792
792
792
792
792
792
792
792
792
792
792
792
792
792
792
792
792
792
792
792
792
800
800
800
800
800
800
800
800
800
800
800
800
800
800
800
800
800
800
800
800
800
800
808
808
808
808
808
808
808
808
808
808
808
808
808
808
808
808
808
808
808
808
808
808
808
808
808
808
808
808
808
808
816
816
816
816
816
816
816
816
816
824
824
824
824
824
824
824
824
824
824
824
824
824
824
824
824
816
816
816
816
816
816
816
816
816
816
816
816
816
816
808
808
808
808
808
816
824
824
824
832
832
832
832
832
832
832
832
832
832
832
832
832
840
840
840
840
840
840
840
840
840
840
816
816
816
816
816
816
816
816
824
832
832
832
840
840
840
840
832
832
832
840
840
840
840
840
848
848
848
848
848
848
848
848
848
848
848
848
848
848
848
848
856
856
856
864
864
864
864
840
840
840
840
840
840
840
840
840
848
856
856
856
864
864
864
864
848
848
848
848
848
848
848
848
848
848
848
848
856
856
856
856
856
856
856
832
840
840
840
840
840
840
840
840
840
840
840
848
856
856
856
856
856
856
856
856
856
848
848
848
848
848
848
848
848
848
848
848
856
856
856
856
864
864
864
864
864
864
848
848
848
848
848
848
848
848
848
848
848
848
848
856
864
864
864
864
864
864
864
848
848
848
848
848
848
848
848
848
848
848
856
864
864
864
864
864
864
864
864
848
848
848
848
848
848
848
848
848
848
856
864
864
864
864
856
856
856
856
856
856
856
856
840
840
840
840
840
840
840
848
848
848
848
848
848
848
856
856
856
856
856
856
856
856
856
856
856
856
856
856
856
856
856
856
856
856
856
856
856
856
864
848
848
848
848
848
848
848
848
848
848
848
848
848
848
848
848
856
856
864
864
864
872
872
872
872
872
872
872
872
872
872
872
872
872
872
872
872
872
880
880
888
888
888
888
888
888
888
888
888
888
896
896
896
888
888
888
888
888
888
888
888
888
888
888
888
888
888
888
888
888
888
888
888
888
896
896
880
880
880
880
880
880
880
888
896
904
904
904
904
904
904
904
888
888
888
888
888
888
888
888
888
888
888
888
888
888
888
888
888
888
888
888
888
888
888
888
888
888
888
888
888
880
888
888
888
888
888
896
896
896
896
904
904
904
904
904
904
904
904
904
904
904
904
904
904
904
904
904
904
904
904
904
912
912
912
912
912
912
912
912
912
912
912
912
912
912
912
912
912
912
912
912
912
912
912
912
912
912
912
912
912
904
904
904
904
904
904
904
904
904
904
904
904
912
912
912
912
912
912
912
912
912
912
904
904
904
904
904
904
904
904
904
912
912
912
912
912
912
912
912
912
912
912
912
912
912
920
920
920
920
920
904
904
904
904
904
904
904
904
904
904
904
904
904
904
904
904
904
904
904
904
904
904
912
912
912
912
912
912
912
912
912
912
912
912
912
912
904
904
904
904
904
904
904
904
904
904
912
912
912
912
912
912
912
912
912
912
912
912
912
912
912
912
912
920
920
912
912
912
912
912
912
912
912
912
912
912
912
912
912
912
912
912
912
912
912
912
912
912
912
912
912
912
912
912
912
904
904
904
904
904
904
904
904
904
904
904
904
904
904
904
904
904
904
904
904
904
904
904
904
904
904
904
904
904
904
896
896
896
896
888
888
888
888
888
888
888
888
888
896
896
896
896
896
896
896
896
896
896
896
896
896
896
904
904
904
904
904
904
904
904
904
904
904
904
904
904
904
904
904
904
904
904
912
912
912
912
912
912
912
896
896
896
896
896
896
896
896
896
896
896
896
904
912
912
912
912
920
920
920
920
912
912
912
912
912
912
912
912
912
912
912
912
912
912
912
920
920
920
920
920
920
920
920
920
920
920
928
928
928
928
928
928
928
928
928
928
928
928
928
928
928
928
928
928
928
936
936
944
944
944
944
952
952
952
952
952
952
952
928
928
928
928
928
928
928
928
928
936
944
944
944
944
944
944
944
920
920
920
920
920
920
920
920
920
920
920
920
920
920
920
920
920
920
920
928
928
928
928
928
928
928
928
928
928
928
928
928
928
928
928
912
912
912
912
912
912
912
912
912
912
912
912
920
928
928
928
928
928
928
928
912
912
912
912
912
912
912
912
912
912
912
912
912
912
912
912
912
912
912
912
912
912
912
912
920
920
920
928
928
928
928
928
928
928
928
928
928
928
928
928
928
936
936
936
912
912
912
912
912
912
912
912
912
912
912
912
912
912
912
912
912
912
912
912
920
920
920
920
920
920
920
920
920
904
904
904
904
904
904
904
904
904
904
912
912
912
912
912
912
912
912
920
920
912
912
912
912
912
912
912
912
912
920
928
928
928
928
928
928
928
920
920
920
920
920
920
920
920
920
920
920
920
920
920
920
920
920
920
912
912
912
912
912
912
912
912
912
912
912
912
912
912
912
912
904
904
904
904
904
904
904
904
904
904
904
904
904
904
904
904
904
904
888
888
888
888
888
888
888
888
888
888
888
888
896
904
904
904
904
904
912
912
912
912
912
912
912
912
912
912
912
912
912
912
912
912
912
912
912
912
912
912
912
912
912
912
912
888
888
888
888
888
888
888
888
888
888
888
888
888
888
888
888
888
888
888
888
888
888
888
888
888
888
888
888
888
896
896
896
896
896
896
896
896
896
896
896
896
896
896
904
912
912
912
912
912
912
912
912
912
912
912
904
904
904
904
904
904
904
904
904
904
904
904
904
904
904
904
904
904
904
904
904
904
904
904
904
904
904
896
896
896
896
896
896
896
896
896
896
896
896
896
896
896
896
896
896
896
896
888
888
888
888
888
888
888
888
888
888
888
888
888
888
896
896
896
896
896
896
896
896
896
896
896
896
896
896
896
896
888
888
888
888
888
888
888
888
888
888
888
888
888
888
888
888
888
888
888
888
888
888
888
888
888
888
888
888
888
888
888
888
888
888
896
896
896
896
896
896
896
896
904
904
904
904
904
904
904
904
904
904
904
904
904
904
904
904
904
904
904
904
904
904
904
904
904
904
904
904
904
904
904
904
904
904
904
904
904
904
904
904
904
904
904
904
904
904
904
904
904
904
904
904
904
896
896
896
896
896
896
896
896
896
904
904
904
904
904
904
904
904
904
904
904
904
904
904
904
904
904
904
904
904
904
904
904
904
896
896
896
896
896
896
896
896
896
896
896
904
904
904
904
904
904
904
904
904
904
904
904
904
904
904
904
904
904
904
904
904
904
904
904
896
896
896
888
888
888
888
888
888
888
888
888
888
888
888
888
888
888
888
888
888
888
888
888
888
888
888
888
888
888
888
888
888
888
888
888
888
888
896
896
896
896
896
896
904
904
904
904
904
904
904
904
904
904
904
904
904
904
904
904
904
904
904
904
904
904
904
904
904
912
912
912
912
912
912
912
912
912
912
912
912
912
912
912
912
920
928
928
928
928
936
936
936
936
920
920
920
920
920
920
920
920
920
920
920
928
928
928
936
936
936
936
912
912
920
920
920
920
920
920
920
920
920
920
920
920
928
928
928
928
928
928
928
928
912
912
912
912
912
912
912
912
912
912
912
912
912
912
912
912
912
912
912
912
920
920
920
920
920
920
920
920
920
920
912
912
912
912
912
912
912
912
912
912
912
912
912
920
920
920
920
920
920
920
920
920
920
920
920
920
920
920
920
920
920
920
920
920
920
920
928
936
936
936
936
936
936
936
928
928
928
928
928
928
928
928
928
928
928
928
928
928
928
928
928
936
936
936
936
936
936
936
936
936
920
920
920
920
920
920
920
920
920
920
920
920
920
920
928
936
936
936
936
936
936
936
936
936
928
928
928
928
928
928
928
928
928
928
928
928
928
936
936
936
936
936
936
936
920
920
920
920
912
912
912
912
912
912
912
912
912
920
920
920
920
920
920
920
920
920
920
920
920
920
920
920
920
920
920
920
928
936
936
936
936
936
936
936
928
928
928
928
928
928
928
928
928
928
928
928
928
928
928
928
928
928
928
928
928
928
928
928
928
928
912
912
912
912
912
912
912
912
912
912
912
912
912
912
912
912
912
912
912
912
912
912
912
912
912
912
904
904
904
904
904
904
896
896
896
896
896
896
896
896
896
896
896
896
896
896
896
896
896
896
896
896
896
896
904
904
904
904
904
904
912
912
920
920
920
920
920
920
920
920
920
904
904
904
904
904
904
904
904
904
904
904
904
904
904
904
904
904
904
904
904
904
904
904
904
904
904
904
904
904
904
904
904
904
904
904
904
904
904
904
904
904
904
904
904
904
904
904
904
888
888
888
888
888
888
888
896
904
904
904
904
904
904
896
896
896
896
896
896
896
896
896
896
896
896
896
896
896
896
896
896
896
896
896
896
896
896
896
896
896
896
896
896
896
896
896
896
896
896
896
896
896
896
896
896
896
896
896
896
896
896
896
896
896
896
896
896
896
896
896
896
896
896
896
896
896
896
896
896
896
896
896
896
896
896
896
896
896
896
896
896
896
896
896
896
896
896
896
896
896
896
896
896
896
896
896
896
896
896
896
896
896
896
896
896
896
896
896
896
896
896
896
896
896
896
896
896
896
896
896
896
896
896
896
896
896
896
896
896
896
896
896
896
896
896
896
896
896
896
896
896
896
896
880
880
880
880
880
880
880
880
880
880
880
880
880
880
880
880
880
880
880
880
880
880
880
880
880
880
880
880
880
880
880
888
888
888
888
888
888
888
888
888
888
888
888
888
888
888
888
888
888
888
888
888
888
888
896
896
896
896
888
888
888
888
888
888
888
888
888
888
888
888
888
888
888
888
888
888
888
888
880
880
880
880
880
880
880
880
880
880
880
880
880
880
880
880
880
880
880
880
880
880
880
880
880
880
880
880
880
880
880
880
880
880
880
880
880
880
880
880
880
880
880
880
880
888
880
880
880
880
880
880
880
888
896
896
896
896
896
896
896
896
896
896
896
896
896
896
896
896
896
896
896
896
896
896
896
896
896
896
896
896
896
896
896
896
896
896
896
896
896
896
896
896
896
896
896
896
896
880
880
880
880
880
880
880
880
880
880
880
880
880
880
880
880
880
872
872
872
872
872
872
872
872
872
872
872
872
880
888
888
888
888
888
888
888
888
888
888
888
888
888
888
888
888
888
896
904
904
904
912
912
912
912
912
912
912
896
896
896
896
896
896
896
896
896
896
896
896
896
896
896
896
904
904
904
904
904
904
904
904
904
904
904
904
904
904
904
904
904
904
904
904
904
904
904
904
904
904
904
904
896
896
896
896
896
904
904
904
904
904
904
904
904
896
896
896
896
896
896
896
896
896
896
896
896
896
896
896
896
896
896
896
896
896
896
904
904
904
904
904
904
904
896
896
896
896
896
896
896
896
896
896
896
896
896
896
880
880
880
880
888
888
888
888
888
888
888
888
888
888
888
888
888
888
888
888
888
888
888
888
888
888
888
888
888
888
888
888
888
888
888
888
888
888
888
888
888
888
888
896
896
896
896
896
888
888
888
888
888
888
888
888
888
888
888
888
896
896
896
896
904
904
904
904
904
872
872
872
872
872
872
872
872
872
880
880
880
880
880
880
880
880
872
872
872
856
856
856
856
856
856
856
856
856
856
864
872
872
872
872
872
872
872
864
864
864
864
864
864
864
864
864
864
864
872
872
872
872
872
872
872
872
872
872
872
872
872
872
872
872
872
872
872
872
872
872
872
872
872
872
872
872
872
872
872
872
872
864
864
864
864
864
864
864
864
848
848
848
848
848
848
848
848
848
848
848
848
848
848
848
848
848
848
848
848
848
848
848
848
848
848
848
848
848
848
848
848
848
848
848
848
848
848
840
840
840
840
840
840
840
840
840
840
848
848
848
848
848
848
848
848
848
848
848
848
848
848
848
848
848
856
856
856
856
856
856
856
856
856
856
856
856
856
856
856
856
856
856
856
856
856
856
856
856
856
856
856
856
856
856
856
856
840
840
840
840
840
840
840
840
840
840
840
840
840
840
840
840
848
848
848
848
848
848
848
848
848
848
848
848
848
848
848
848
848
856
856
856
856
856
856
856
856
856
856
856
856
856
856
856
856
856
856
856
856
856
856
856
856
856
856
864
864
864
864
864
864
864
864
864
864
864
864
864
864
864
864
864
864
864
864
864
864
864
864
864
864
864
864
864
864
864
864
864
864
864
864
856
856
856
848
848
848
848
856
864
864
864
864
872
872
872
872
872
872
864
864
864
864
864
864
864
864
864
864
864
864
864
872
880
880
880
880
880
880
880
856
856
856
856
856
856
856
856
856
856
856
856
864
864
864
872
872
872
872
848
848
848
848
848
848
848
848
848
848
856
856
856
856
856
856
856
856
840
840
832
832
832
832
832
832
832
832
832
832
840
848
848
848
848
848
856
856
856
856
848
848
848
848
848
848
848
848
848
848
856
856
856
856
864
864
864
864
864
864
864
864
856
856
856
856
856
856
856
856
856
856
856
856
856
856
856
856
856
856
856
856
856
856
856
856
856
856
856
856
856
856
856
856
832
840
840
840
840
840
840
840
840
840
848
856
856
856
856
856
856
856
856
856
856
856
856
856
856
856
856
856
856
856
856
856
856
856
856
856
856
840
840
840
840
840
840
840
840
840
840
840
840
840
848
856
856
856
856
856
856
856
856
856
856
856
856
856
856
856
856
856
856
856
856
856
856
856
856
856
856
856
856
856
864
864
864
864
864
864
864
864
864
864
872
872
872
856
856
856
856
856
856
856
856
856
856
856
848
848
848
848
848
848
848
848
848
848
856
856
856
856
856
856
856
856
856
856
856
856
856
856
856
856
856
856
856
856
856
856
856
856
856
856
856
856
856
856
856
856
856
856
856
856
856
856
856
856
856
856
856
856
856
856
856
856
856
856
856
856
856
856
856
856
856
856
856
856
848
848
848
848
840
840
840
840
840
840
840
840
840
840
840
840
840
840
840
840
840
840
840
824
824
824
824
832
832
832
832
832
832
832
832
832
832
832
832
832
832
832
832
832
832
832
832
832
832
832
832
832
832
832
832
832
832
832
832
832
832
832
832
832
824
824
824
824
824
824
824
824
824
824
824
824
824
824
824
824
824
824
824
816
816
808
808
808
808
808
808
808
808
808
808
808
808
808
808
808
808
816
816
824
824
824
824
824
824
824
824
816
816
816
816
816
816
816
816
816
816
816
816
816
816
816
816
816
816
816
816
816
816
816
816
816
816
816
808
808
808
808
808
808
808
808
808
808
808
808
808
808
808
808
808
800
800
800
800
800
800
800
800
800
800
800
800
800
800
800
800
800
800
800
792
792
792
792
792
792
792
792
792
792
792
792
792
792
792
792
792
792
792
792
792
792
792
792
792
792
792
792
792
792
792
792
792
792
792
792
792
792
792
792
792
792
792
792
792
792
792
792
792
792
792
792
792
792
792
792
792
792
792
792
792
792
792
792
792
792
792
792
792
792
792
792
792
792
792
792
792
792
792
792
792
792
792
792
792
792
792
792
792
792
792
792
792
792
792
792
792
792
792
792
792
792
792
792
792
784
784
784
784
784
784
784
784
784
792
792
792
792
792
792
792
792
792
792
792
792
792
792
792
792
792
792
792
792
792
792
792
792
792
792
792
792
792
792
792
792
792
792
792
792
792
792
792
792
800
800
800
800
800
800
800
800
800
800
800
800
800
800
800
800
800
800
800
800
800
800
800
800
800
800
800
800
800
800
800
792
792
792
792
792
792
792
792
792
792
792
792
792
792
792
800
800
800
792
792
792
792
800
800
800
800
800
800
808
808
808
808
808
808
808
808
816
816
816
816
816
816
816
816
816
816
816
816
808
808
808
808
808
808
816
816
816
816
816
816
816
816
816
816
816
816
816
816
816
816
816
816
800
800
800
800
800
800
800
800
800
800
800
800
800
800
800
800
800
800
808
808
808
808
808
808
808
808
808
808
808
808
808
808
808
808
808
808
808
808
808
808
808
808
808
808
808
808
808
808
808
808
808
808
808
808
808
808
808
808
808
808
808
808
808
808
808
808
808
808
808
808
808
808
808
808
808
808
808
808
808
808
808
808
808
808
808
808
808
808
808
808
808
808
808
816
816
816
816
816
816
816
816
808
808
808
808
808
808
808
808
808
808
808
808
808
808
808
816
816
816
816
816
816
816
816
816
816
824
824
824
824
824
824
824
824
824
824
824
824
824
824
824
824
824
824
824
824
824
824
824
824
824
824
824
824
832
832
832
832
832
832
832
840
840
840
840
840
840
840
840
840
840
840
840
840
840
848
848
848
848
848
848
848
848
848
848
848
848
848
848
848
848
848
848
848
848
848
848
848
848
848
848
848
848
848
848
848
848
848
848
848
848
848
840
840
840
840
840
840
840
840
840
840
840
840
840
840
840
840
840
840
840
840
840
840
840
840
840
840
840
840
840
840
840
840
840
840
840
840
840
840
840
840
840
840
840
840
840
840
840
840
840
840
840
840
840
840
840
840
840
840
840
840
840
832
832
832
832
832
832
832
832
824
824
824
824
824
824
824
824
824
824
824
824
824
824
824
824
824
824
824
824
824
824
824
824
824
824
824
824
824
824
824
824
824
824
824
824
824
824
832
832
824
824
824
824
824
824
832
832
832
832
832
832
832
832
832
824
824
824
816
816
816
816
816
816
816
816
816
816
816
816
816
816
816
816
816
816
816
816
808
808
808
808
808
800
800
800
800
800
800
800
800
800
800
800
800
800
800
800
800
800
800
800
800
800
800
800
800
800
800
800
800
800
800
800
800
800
800
800
800
800
800
800
784
784
784
784
784
784
784
784
784
784
784
784
784
784
784
784
784
784
784
784
784
784
784
784
784
784
784
784
784
784
784
784
784
784
784
784
784
784
784
784
784
784
784
784
784
784
784
784
784
784
784
784
784
784
784
784
784
784
784
784
784
784
776
776
768
768
768
768
768
768
768
768
768
768
760
760
760
760
760
760
760
760
752
752
752
752
752
752
744
744
736
736
736
736
736
736
736
736
736
736
736
720
720
720
720
704
704
704
704
704
704
704
704
704
696
696
696
696
696
696
688
688
688
688
688
688
688
688
680
680
672
672
672
672
664
664
664
664
664
664
664
664
664
664
664
664
656
656
656
656
656
648
648
648
648
648
648
648
648
648
648
648
648
648
648
648
648
640
640
640
640
640
640
632
632
632
632
632
632
632
624
624
624
624
624
624
624
616
616
616
616
616
608
608
608
608
600
600
600
592
592
584
584
584
576
568
568
560
552
552
544
536
536
536
536
528
528
528
528
528
528
528
528
528
528
528
528
528
528
528
528
528
528
528
520
512
512
512
512
512
512
512
512
504
504
504
504
504
504
496
496
496
496
480
480
472
472
472
464
464
464
464
456
448
440
432
432
432
432
424
416
408
408
408
408
392
384
384
368
368
360
360
352
344
336
336
336
336
336
336
328
328
328
320
312
312
312
312
312
312
304
296
296
288
280
272
264
264
256
248
248
240
240
240
232
232
232
224
224
224
216
216
216
216
208
208
208
208
208
200
200
200
200
200
200
200
200
200
200
200
200
200
200
200
200
200
184
184
184
184
184
184
184
168
168
168
168
168
160
160
160
160
160
160
160
160
160
160
160
160
160
160
