8.481
45.75
83.019
93.548
128.856
170.856
133.587
125.106
162.375
170.856
160.327
123.058
81.058
45.75
81.058
123.058
160.327
170.856
172.933
188.856
198.817
268.971
231.702
194.433
152.433
143.952
108.644
98.115
135.385
177.385
187.913
223.221
260.49
268.971
279.5
387.731
634.279
648.01
669.866
678.17
708.884
674.277
635.277
625.5
592.714
627.321
660.107
669.884
708.884
674.277
666.402
701.009
708.884
669.884
637.098
627.321
592.714
627.321
666.321
699.107
708.884
738.884
825.3
825.767
845.017
812.717
776.317
745.717
736.592
767.192
803.592
812.717
845.017
837.667
805.367
768.967
738.367
729.242
696.942
727.542
758.792
769.725
841.592
849.342
896.675
1110.35
1124.15
1474.15
1492.233
1430.469
1435.719
1512.281
1491.882
1512.985
1555.809
1561.831
1563.022
1614.993
1638.333
1557.908
1599.487
1615.592
1574.013
1557.908
1531.396
1482.313
1481.188
1561.831
1588.125
1637.208
1638.333
1682.222
1599.487
1615.592
1569.092
1461.98
1460.914
1498.188
1492.063
1561.831
1681.544
1682.735
1734.706
1752.706
1661.458
1705.347
1637.292
1631.604
1626.938
1607.007
1658.713
1590.154
1470.441
1513.265
1466.794
1535.353
1534.162
1555.265
1561.287
1543.287
1491.316
1476.521
1481.188
1561.831
1588.125
1589.25
1638.333
1644.458
1688.347
1705.347
1592.285
1591.16
1542.076
1525.076
1518.951
1561.831
1563.022
1614.993
1734.706
1644.458
1661.458
1705.347
1776.015
1760.059
1451.235
1398.611
1413.681
1615.592
1630.789
1799.48
1757.206
1811.106
1795.806
1884.52
1883.454
1836.954
1795.375
1688.263
1694.066
1719.566
1713.763
1688.263
1694.066
1633.588
1615.65
1557.375
1552.256
1595.638
1531.164
1526.743
1532.132
1570.447
1574.868
1639.342
1615.65
1633.588
1628.075
1688.263
1713.763
1719.566
1736.539
1738.257
1775.625
1782.829
1777.026
1751.526
1757.329
1782.829
1675.717
1653.612
1653.243
1729.049
1729.438
1745.479
1858.542
1881.875
1854.958
1848.833
1832.792
1772.903
1594.84
1632.537
1649.522
1705.64
1894.176
1957.588
1962.551
1757.086
1740.133
1822.542
1856.142
2068.258
2085.211
2220.563
2277.563
2337.188
2201.294
2203.213
2211.265
2235.971
2214.868
2172.044
2167.103
2161.081
2219.586
2146.742
2153.141
2047.588
2116.147
2066.639
2107.083
2111.75
2050.605
2076.105
2117.684
2124.888
2175.099
2197.678
2202.204
2209.02
2223.296
2269.796
2383.776
2398.053
2483.316
2492.711
2576.849
2601.007
2628.717
2633.243
2681.243
2686.77
2691.98
2564.381
2694.806
2778.281
2783.794
2790.794
2951.05
2855.952
2924.682
2957.614
2963.977
2994.977
2961.011
2968.141
3015.641
2911.927
2833.45
2868.6
2887.35
2943.63
2955.87
2963.115
2971.115
3009.395
3016.64
3049.04
3056.96
3121.76
3134.66
3169.577
3219.856
3230.288
3137.481
3148.593
3099.982
3033.276
3035.405
3049.371
3052.28
3082.746
3172.694
3121.45
3145.6
3150.267
3186.683
3101.597
3107.452
3130.355
3135.194
3186.762
3228.931
3232.319
3146.449
3149.73
3173.355
3118.318
3120.864
3162.682
3224.352
3226.909
3239.182
3268.682
3184.897
3232.544
3173.486
3195.086
3113.104
3140.146
3140.708
3143.458
3158.083
3163.042
3188.976
3210.92
3211.115
3241.059
3249.392
3260.642
3263.559
3308.986
3325.944
3363.861
3275.27
3313.297
3315.973
3341.757
3346.662
3375.797
3399.676
3400.486
3325.447
3333.934
3336.836
3255.122
3262.077
3262.596
3236.375
3269.056
3274.231
3251.431
3249.281
3220.144
3211.175
3209.075
3190.875
3188.316
3157.691
3110.552
3112.601
3115.098
3132.854
3086.012
3094.554
3071.935
3050.899
3071.821
3075.08
3076.551
3079.634
3086.509
3087.009
3087.786
3074.174
3099.244
3085.682
3087.182
3083.125
3083.585
3090.915
3117.403
3121.131
3142.881
3173.903
3175.813
3136.794
3163.56
3160.516
3143.342
3142.755
3160.364
3125.611
3118.959
3115.984
3126.516
3146.342
3148.212
3178.212
3187.342
3197.875
3202.375
3201.666
3166.448
3192.013
3127.81
3138.779
3146.253
3158.758
3159.383
3160.758
3166.773
3186.711
3232.831
3195.834
3212.87
3214.89
3226.094
3167.608
3124.295
3138.495
3149.415
3151.74
3153.72
3205.89
3203.09
3176.945
3112.843
3093.763
3072.203
3129.008
3148.477
3149.61
3155.385
3176.945
3170.495
3142.095
3114.795
3113.115
3025.755
3022.475
2999.165
2980.025
2999.165
3022.475
3028.925
3030.605
3033.885
3060.044
3028.505
3054.755
3054.889
3036.62
3045.938
3048.63
3048.764
3049.154
3043.385
3085.019
3090.712
3109.08
3101.156
3119.156
3126.373
3105.759
3109.127
3112.495
3098.825
3100.417
3116.167
3165.384
3173.498
3130.188
3133.549
3131.986
3123.486
3088.968
3136.395
3158.388
3149.388
3055.638
3050.795
3055.638
3010.873
3049.478
3056.073
3061.246
3065.922
3064.474
3083.31
3050.805
3057.288
3056.78
3059.85
3057.07
3025.544
3048.994
3043.619
3040.885
2968.085
2966.685
2950.735
2927.985
2908.56
2933.79
2957.694
2960.427
2935.174
2936.551
2958.928
2978.035
2983.322
2999.01
3010.191
3096.256
3110.74
3115.186
3116.865
3132.504
3142.344
3168.902
3170.525
3117.982
3140.359
3131.78
3116.079
3144.141
3141.968
3142.486
3143.851
3165.393
3174.06
3180.488
3199.043
3185.238
3182.408
3200.648
3185.925
3182.879
3157.956
3152.994
3140.533
3137.746
3162.669
3177.392
3180.438
3183.225
3195.687
3200.648
3197.571
3179.64
3185.294
3187.287
3186.975
3188.298
3193.006
3197.713
3215.445
3216.718
3213.581
3207.445
3209.407
3207.907
3141.725
3113.118
3136.978
3127.866
3107.269
3115.463
3117.03
3115.502
3098.106
3092.752
3091.498
3073.215
3108.748
3126.407
3098.028
3108.894
3114.248
3115.776
3117.03
3164.868
3162.935
3130.612
3128.966
3115.354
3126.168
3111.929
3109.996
3109.683
3118.795
3144.754
3142.342
3078.107
3058.033
3098.862
3077.668
3060.272
3059.019
3090.867
3112.383
3126.883
3131.769
3134.254
3152.668
3173.041
3173.343
3159.104
3129.787
3131.022
3116.993
3128.904
3130.41
3116.094
3106.064
3102.48
3091.825
3099.855
3112.131
3115.285
3116.55
3109.425
3107.366
3113.322
3116.233
3126.939
3134.682
3133.441
3126.548
3133.673
3109.623
3089.665
3087.653
3094.778
3105.895
3107.517
3103.528
3119.381
3108.263
3139.303
3139.009
3162.487
3168.031
3151.139
3140.85
3136.476
3139.585
3136.955
3169.038
3169.342
3175.995
3168.973
3161.342
3175.212
3168.995
3170.217
3171.739
3181.942
3188.174
3185.587
3180.913
3160.333
3140.551
3126.681
3109.79
3046.486
3044.109
3042.891
3056.761
3057.978
3077.761
3096.193
3072.585
3077.127
3079.437
3052.854
3079.104
3038.435
3039.791
3040.151
3040.51
3112.428
3112.705
3076.973
3090.082
3075.116
3073.678
3084.774
3112.652
3112.375
3142.041
3134.521
3116.318
3146.233
3147.068
3151.122
3150.681
3149.789
3137.914
3140.711
3119.108
3141.669
3134.554
3138.22
3128.003
3120.889
3117.223
3111.412
3110.25
3103.703
3068.453
3075
3069.831
3068.669
3067.331
3061.655
3068.466
3062.993
3048.23
3035.074
3033.047
3040.162
3041.054
3038.606
3014.451
3049.701
3039.91
3046.245
3057.525
3056.39
3040.64
3021.451
2962.424
2949.492
2987.649
2983.231
2964.533
2968.95
2971.197
2987.163
3000.272
3018.971
3037.201
3015.638
3016.758
2994.498
2992.632
2981.832
2999.262
2994.478
2995.843
2977.083
2985.223
2997.672
2939.432
2932.112
2913.352
2925.132
2954.648
2959.928
2977.358
2973.278
2983.358
2953.842
2941.122
2953.57
2899.67
2887.89
2884.273
2882.873
2891.013
2903.993
2922.193
2887.413
2887.507
2852.727
2817.947
2820.807
2811.34
2793.14
2792.317
2768.076
2769.423
2769.768
2775.097
2774.285
2757.084
2751.755
2744.571
2737.387
2736.276
2725.293
2734.826
2738.033
2703.711
2689.526
2685.727
2673.174
2666.082
2708.817
2721.537
2735.91
2739.76
2749.227
2738.097
2739.497
2769.97
2758.689
2748.851
2744.003
2742.62
2726.066
2710.316
2709.181
2708.046
2689.6
2670.41
2611.383
2607.025
2591.275
2578.343
2576.127
2589.059
2607.505
2609.721
2614.079
2615.215
2595.885
2619.202
2603.628
2605.758
2609.732
2608.875
2612.794
2613.651
2615.015
2621.852
2600.813
2599.45
2578.211
2588.731
2532.003
2530.185
2497.685
2525.81
2526.667
2532.755
2532.492
2525.654
2496.904
2495.787
2491.813
2503.938
2510.776
2512.458
2523.87
2526.188
2532.481
2518.481
2519.597
2517.026
2512.838
2500.409
2498.057
2487.537
2498.952
2511.544
2514.15
2535.465
2539.709
2550.367
2552.75
2545.526
2557.151
2538.993
2550.993
2572.961
2560.368
2539.053
2512.275
2509.926
2506.127
2511.456
2522.113
2515.738
2510.706
2509.324
2508.214
2477.992
2471.7
2470.583
2523.083
2528.537
2540.927
2537.404
2540.57
2537.998
2513.453
2503.635
2486.01
2485.737
2478.899
2483.558
2478.591
2480.539
2412.357
2405.812
2402.289
2405.812
2412.357
2448.737
2430.532
2418.263
2392.942
2390.812
2386.623
2368.896
2367.805
2352.669
2409.396
2427.838
2445.565
2447.695
2451.883
2452.974
2468.11
2480.539
2502.52
2445.046
2412.118
2410.737
2413.12
2442.535
2474.66
2501.195
2489.478
2493.328
2488.428
2484.578
2484.485
2478.885
2466.125
2451.752
2450.202
2448.732
2436.012
2434.692
2416.492
2402.118
2400.972
2382.212
2411.951
2406.478
2413.856
2409.498
2379.583
2361.917
2360.427
2358.4
2358.127
2354.461
2343.515
2326.961
2325.471
2315.633
2338.194
2335.296
2318.742
2318.387
2328.247
2329.397
2336.034
2358.437
2357.533
2285.615
2288.327
2332.233
2334.479
2329.24
2329.687
2351.586
2339.092
2374.825
2377.565
2380.305
2385.729
2388.211
2360.332
2359.182
2340.483
2324.517
2296.135
2276.413
2263.122
2260.844
2256.365
2259.344
2222.377
2213.923
2221.021
2223.838
2231.57
2251.387
2250.965
2251.335
2220.155
2226.757
2224.201
2215.602
2215.701
2217.095
2218.025
2201.609
2198.176
2136.655
2159.171
2157.776
2226.565
2233.664
2233.762
2264.942
2264.482
2261.567
2257.317
2255.493
2258.926
2248.926
2262.637
2262.539
2274.296
2293.41
2283.206
2276.107
2271.798
2226.655
2157.866
2160.683
2180.5
2242.021
2243.5
2227.085
2255.748
2258.262
2257.051
2270.53
2196.586
2122.643
2122.928
2128.315
2121.713
2134.157
2127.692
2124.391
2131.12
2119.87
2118.448
2121.323
2134.844
2074.177
2061.906
2071.969
2084.174
2086.689
2093.2
2136.443
2153.224
2159.646
2195.378
2205.104
2213.327
2215.808
2227.911
2232.825
2245.839
2228.328
2218.537
2206.598
2198.348
2204.895
2203.476
2192.53
2179.914
2223.226
2210.294
2197.677
2167.762
2186.775
2187.13
2181.657
2176.306
2176.579
2171.106
2169.966
2165.912
2141.757
2140.595
2118.034
2177.061
2175.677
2178.38
2187.975
2188.069
2190.522
2195.995
2197.485
2209.424
2209.698
2237.199
2247.875
2252.01
2251.916
2244.497
2243.159
2206.983
2226.435
2245.134
2243.983
2245.385
2248.324
2246.55
2236.906
2239.741
2254.707
2246.344
2218.466
2218.37
2214.414
2208.661
2212.616
2218.37
2215.894
2215.988
2216.262
2216.356
2221.829
2223.4
2236.017
2250.584
2249.449
2251.476
2253.047
2254.939
2256.51
2296.423
2298.61
2316.81
2320.833
2327.083
2323.003
2311.223
2284.088
2283.818
2273.285
2271.815
2273.285
2300.42
2300.69
2311.223
2323.003
2327.083
2339.243
2404.363
2406.09
2415.797
2421.917
2419.73
2419.38
2443.213
2476.58
2494.01
2486.99
2485.59
2483.403
2526.138
2508.708
2535.495
2537.943
2523.037
2528.137
2526.737
2509.307
2515.427
2494.112
2491.697
2487.397
2474.637
2471.997
2450.397
2439.597
2425.223
2421.373
2408.653
2365.918
2408.653
2412.503
2425.223
2439.597
2440.477
2429.347
2441.127
2444.977
2448.227
2460.675
2454.942
2453.472
2418.692
2421.942
2419.275
2426.555
2419.275
2419.545
2429.012
2429.372
2422.912
2412.378
2408.298
2396.518
2369.383
2367.913
2367.643
2369.113
2364.719
2375.113
2375.38
2387.005
2391.031
2402.015
2409.199
2401.975
2402.252
2423.554
2429.641
2451.323
2477.41
2477.143
2473.173
2504.482
2524.2
2541.893
2564.809
2573.912
2569.313
2580.37
2582.934
2583.353
2583.612
2583.958
2589.151
2607.547
2622.301
2610.391
2619.266
2592.195
2585.37
2585.633
2568.045
2564.295
2558.239
2555.558
2556.383
2606.914
2603.523
2604.803
2618.35
2615.303
2612.256
2612.519
2611.206
2620.656
2603.594
2578.155
2568.28
2568.027
2589.35
2585.476
2584.081
2584.337
2595.521
2596.916
2600.79
2626.551
2636.551
2635.297
2634.516
2639.057
2661.684
2660.848
2663.563
2669.696
2669.962
2614.671
2616.93
2611.804
2639.217
2643.758
2643.669
2641.138
2666.899
2663.244
2662.408
2662.076
2665.161
2662.446
2652.877
2646.497
2650.152
2678.174
2676.275
2688.093
2686.797
2692.608
2714.949
2708.939
2697.612
2711.506
2685.415
2684.002
2672.675
2668.752
2668.492
2658.364
2658.623
2668.752
2672.675
2674.088
2685.415
2711.506
2737.598
2704.969
2683.287
2680.502
2676.979
2650.549
2659.692
2688.056
2757.135
2760.704
2767.336
2769.493
2775.151
2779.872
2780.74
2767.931
2769.461
2769.737
2740.312
2792.812
2792.721
2764.596
2743.834
2731.192
2728.839
2729.93
2717.541
2718.975
2740.942
2743.331
2771.826
2770.957
2744.179
2733.785
2722.16
2720.709
2720.442
2716.416
2704.416
2685.903
2674.919
2679.952
2662.752
2686.271
2683.64
2693.219
2690.587
2691.4
2662.992
2660.42
2663.018
2670.148
2687.125
2685.443
2682.755
2682.404
2670.56
2673.157
2675.846
2685.664
2684.154
2696.583
2724.627
2707.228
2727.723
2722.338
2716.454
2720.377
2720.107
2722.396
2724.191
2733.883
2738.018
2745.845
2779.287
2807.051
2825.09
2823.295
2833.997
2901.304
2897.359
2899.307
2903.495
2903.836
2931.961
2943.805
2957.891
2964.103
2985.069
2986.559
2989.326
2969.709
2992.053
2990.434
3000.869
3009.744
3015.8
3018.481
3022.966
3014.091
3023.966
2962.916
2959.306
2970.291
3002.897
3019.861
3002.111
3007.361
3005.097
3022.684
3011.903
3009.403
2992.341
2941.809
2959.417
2957.181
2955.917
2962.417
2974.194
2977.204
3000.457
2977.409
2974.97
2968.823
2988.319
2983.654
2986.27
3009.134
3010.367
2988.831
2982.994
2980.41
2986.482
2997.47
3001.898
3021.601
3020.408
3015.637
3022.215
3033.203
3034.239
3025.511
3038.498
3038.414
3021.462
3015.815
3014.414
3003.166
3001.015
3005.443
2993.913
2974.209
2935.593
2915.479
2901.437
2896.557
2847.852
2847.608
2839.054
2838.729
2872.95
2887.163
2887.561
2907.921
2916.579
2921.518
2921.848
2922.095
2971.393
2971.146
2982.78
2983.585
2963.226
2951.84
2960.157
2957.944
2960.468
2955.529
2944.143
2955.529
2961.438
2958.465
2958.209
2978.569
2951.572
2952.325
2903.026
2902.221
2910.538
2910.218
2927.535
2922.596
2919.623
2908.849
2904.474
2893.758
2891.549
2886.884
2880.976
2875.259
2873.259
2901.895
2898.958
2890.404
2891.964
2911.667
2922.059
2919.877
2939.991
2940.786
2942.593
2968.685
2968.292
2991.098
2989.714
2984.25
2984.985
2972.083
2994.583
3007.485
3017.753
3006.396
3002.958
2990.125
2951.969
2964.802
2976.159
3014.315
3015.339
3026.196
3029.634
3015.051
3025.908
3028.81
3064.068
3029.376
3017.787
3021.379
3004.951
3004.701
3004.942
3027.049
3021.534
2959.769
2956.219
2954.119
2979.597
2980.609
2982.132
3029.691
3033.485
3023.394
3032.58
3037.917
3048.19
3048.272
3053.906
3024.807
3032.737
3032.493
3022.275
3022.039
3019.714
2996.049
2995.814
3030.812
3028.376
3017.118
2996.088
2983.631
2977.095
2925.095
2925.012
2912.179
2909.625
2876.691
2882.391
2820.626
2807.774
2796.597
2792.997
2784.644
2768.585
2763.071
2761.703
2753.138
2752.362
2737.003
2763.401
2787.881
2734.613
2734.293
2731.768
2714.451
2747.148
2729.778
2669.481
2641.8
2621.817
2619.136
2609.686
2641.324
2635.191
2641.324
2642.72
2591.549
2550.978
2525.217
2524.884
2503.752
2502.663
2496.283
2492.85
2426.394
2432.774
2467.989
2467.736
2471.127
2460.692
2439.823
2435.792
2418.042
2413.261
2401.861
2374.791
2313.741
2311.866
2298.319
2321.968
2301.267
2294.888
2283.343
2284.236
2266.837
2260.625
2232.861
2239.072
2244.957
2251.957
2253.712
2191.096
2188.346
2220.429
2220.519
2215.92
2194.516
2213.795
2213.445
2198.308
2145.808
2145.545
2173.347
2196.925
2202.325
2217.865
2227.332
2249.592
2303.492
2303.927
2304.287
2304.557
2298.097
2275.837
2273.17
2290.997
2289.247
2279.652
2272.274
2270.784
2264.236
2270.784
2272.274
2271.139
2292.277
2220.36
2195.873
2191.918
2220.083
2215.101
2208.101
2207.726
2201.351
2199.45
2191.866
2185.137
2191.512
2198.241
2205.825
2207.726
2197.948
2188.476
2208.173
2233.718
2259.069
2249.185
2247.201
2233.375
2231.69
2229.103
2222.871
2202.48
2187.735
2208.426
2214.75
2228.779
2230.792
2232.502
2279.636
2282.261
2280.248
2306.132
2298.901
2292.05
2314.131
2297.71
2304.665
2312.006
2320.278
2322.352
2314.375
2313.072
2341.596
2321.485
2317.735
2346.074
2375.623
2373.873
2358.73
2366.421
2368.171
2367.19
2379.587
2376.659
2369.256
2356.514
2342.264
2342.151
2345.045
2343.635
2341.512
2375.163
2346.903
2352.369
2389.074
2391.269
2404.659
2406.117
2474.633
2474.752
2489.727
2497.506
2488.252
2485.932
2478.153
2469.941
2472.261
2480.04
2489.294
2497.506
2493.998
2463.701
2409.377
2407.407
2391.949
2367.881
2359.669
2330.655
2340.184
2352.77
2367.724
2369.763
2378.263
2394.263
2422.681
2450.877
2439.633
2422.64
2335.14
2321.227
2358.028
2346.468
2257.485
2241.316
2231.142
2257.851
2229.92
2228.155
2251.746
2287.112
2286.009
2279.446
2271.25
2261.5
2259.056
2250.404
2260.154
2262.598
2270.795
2279.446
2278.344
2280.393
2306.65
2304.609
2295.637
2264.72
2290.243
2292.639
2316.456
2297.75
2292.088
2229.243
2234.904
2297.75
2316.456
2337.593
2326.887
2324.88
2315.88
2306.38
2295.674
2292.99
2295.674
2306.38
2315.38
2324.88
2353.138
2309.825
2303.73
2275.015
2268.434
2255.974
2253.117
2249.474
2234.046
2235.471
2227.535
2243.62
2250.481
2253.46
2257.258
2312.758
2342.694
2339.005
2351.724
2394.128
2398.691
2424.755
2447.691
2481.705
2486.891
2472.32
2480.57
2490.664
2479.289
2469.195
2466.344
2456.781
2456.359
2455.797
2371.578
2363.141
2348.349
2313.568
2313.146
2288.865
2288.185
2312.466
2327.258
2362.263
2362.814
2363.48
2349.6
2357.7
2358.105
2325.398
2320.523
2345.88
2246.207
2241.982
2244.232
2241.171
2259.783
2278.837
2179.163
2160.11
2197.456
2178.456
2221.614
2163.736
2162.302
2151.769
2198.119
2142.508
2191.043
2191.202
2248.077
2228.474
2221.616
2215.452
2203.997
2133.16
2139.468
2151.189
2221.616
2218.673
2211.344
2162.125
2194.035
2173.488
2079.477
2068.802
2068.64
2066.64
2022.686
2015.971
2006.203
1958.875
2005.348
2005.515
1968.642
2015.971
2022.686
1928.674
1919.256
1918.628
1918.157
1891.052
1896.327
1879.423
1924.466
1925.125
1942.442
1935.943
1945.586
1946.068
1994.823
2021.927
2022.686
1948.148
1944.334
1939.52
1928.619
1912.108
1909.404
1898.73
1873.66
1877.474
1880.177
1905.247
1916.148
1990.686
2007.198
2012.012
2022.686
2048.131
2022.464
2015.589
1939.277
1946.152
1968.866
2045.179
2070.845
2059.31
2055.06
2042.524
2020.295
2017.211
1996.289
2008.824
2013.074
2024.61
2045.533
2048.616
2070.845
2031.908
2037.869
1987.753
1964.953
1978.926
1896.744
1893.763
1930.849
1968.217
2011.253
2014.313
2061.352
2074.102
2180.484
2204.484
2288.829
2309.618
2317.217
2321.533
2329.586
2350.901
2356.164
2398.234
2398.049
2332.194
2398.049
2398.234
2321.159
2313.828
2300.206
2307.537
2321.159
2398.234
2341.243
2337.559
2395.912
2390.007
2369.007
2360.049
2387.279
2369.836
2391.436
2408.879
2402.122
2474.58
2478.469
2449.51
2454.334
2463.051
2452.105
2432.916
2387.794
2278.537
2277.807
2277.26
2308.142
2373.157
2393.443
2359.333
2405.708
2449.946
2450.828
2451.557
2452.105
2463.051
2433.916
2433.726
2408.493
2403.669
2395.561
2374.209
2374.399
2382.507
2387.331
2412.564
2441.699
2463.051
2468.402
2490.294
2493.274
2506.368
2521.206
2522.875
2528.672
2531.652
2539.807
2542.088
2546.142
2546.709
2547.439
2544.459
2531.365
2467.651
2480.401
2452.033
2426.928
2419.329
2334.984
2363.352
2370.951
2396.056
2416.801
2404.378
2464.75
2477.5
2416.801
2352.635
2352.455
2352.635
2356.381
2355.566
2355.059
2325.922
2325.247
2342.061
2331.676
2313.471
2267.97
2374.352
2375.211
2375.743
2406.414
2417.072
2435.757
2436.467
2416.801
2334.619
2288.785
2276.362
2234.429
2130.776
2127.795
2104.41
2068
2051.8
2063.913
2144.041
2166.841
2169.747
2215.424
2255.311
2244.173
2296.22
2284.402
2296.22
2298.909
2322.177
2309.446
2357.902
2416.648
2423.666
2475.148
2538.213
2575.031
2588.673
2567.455
2564.949
2544.222
2564.949
2510.4
2531.147
2520.381
2517.931
2506.731
2500.703
2384.036
2380.994
2373.828
2358.05
2357.325
2358.05
2361.092
2368.258
2384.036
2393.369
2447.514
2448.084
2450.899
2430.16
2423.883
2400.448
2330.772
2315.337
2306.533
2306.092
2280.755
2294.339
2293.739
2203.906
2203.181
2203.906
2212.906
2250.006
2250.606
2251.056
2340.889
2366.789
2382.567
2365.767
2358.6
2300.633
2252.508
2221.242
2267.668
2306.206
2302.951
2335.672
2339.823
2335.864
2395.148
2409.023
2416.352
2365.767
2382.567
2379.841
2379.682
2339.057
2306.784
2286.057
2194.182
2191.54
2118.696
2156.701
2169.113
2212.68
2203.017
2275.861
2296.588
2307.599
2287.875
2324.217
2326.8
2344.356
2344.806
2347.256
2392.481
2412.114
2418.914
2329.081
2320.081
2304.303
2303.578
2277.678
2277.078
2276.628
2239.528
2329.361
2345.139
2330.451
2339.255
2339.842
2340.552
2340.992
2366.329
2373.34
2394.144
2398.082
2415.69
2419.995
2455.212
2434.473
2320.342
2281.484
2175.31
2178.425
2191.116
2228.113
2228.455
2275.448
2243.985
2286.545
2325.116
2393.137
2385
2440.533
2447.239
2460.578
2509.772
2492.217
2485.417
2465.783
2463.333
2418.108
2417.658
2418.108
2463.333
2412.179
2429.353
2436.005
2455.212
2455.06
2445.929
2493.867
2504.293
2513.838
2513.997
2520.56
2566.813
2559.858
2541.903
2521.824
2521.364
2532.672
2530.108
2550.654
2551.125
2558.241
2560.805
2579.177
2626.506
2624.203
2591.18
2539.698
2520.285
2553.308
2555.61
2575.023
2626.506
2584.936
2559.866
2554.878
2545.669
2577.113
2634.024
2687.763
2647.797
2657.697
2663.059
2693.684
2705.797
2711.891
2672.04
2715.637
2754.628
2747.165
2727.896
2678.259
2656.71
2654.021
2653.527
2654.021
2703.659
2722.927
2730.39
2668.006
2689.042
2685.137
2666.327
2628.265
2620.979
2614.104
2609.342
2590.057
2597.342
2616.628
2621.39
2640.199
2585.515
2589.328
2626.506
2616.738
2503.157
2502.547
2559.048
2510.592
2510.11
2502.824
2481.789
2539.631
2520.363
2539.631
2527.619
2548.655
2491.948
2499.064
2499.535
2499.064
2491.948
2473.576
2529.845
2508.81
2520.363
2503.046
2462.326
2452.448
2353.851
2412.022
2411.206
2382.069
2381.563
2351.902
2361.78
2402.5
2403.159
2403.652
2404.448
2421.765
2460.354
2457.729
2494.902
2472.659
2495.43
2438.64
2460.354
2498.417
2499.988
2516.75
2520.655
2525.417
2495.174
2487.685
2472.125
2480.625
2476.225
2469.058
2447.792
2443.767
2425.767
2389.767
2394.167
2415.433
2422.6
2440.6
2444.625
2480.625
2477.514
2473.547
2415.581
2384.314
2370.747
2322.622
2358.227
2405.57
2438.593
2455.442
2457.884
2446.616
2443.913
2402.343
2381.134
2343.102
2310.078
2216.067
2192.518
2214.232
2195.762
2237.331
2259.327
2270.338
2309.719
2312.303
2348.644
2345.767
2326.239
2375.051
2363.085
2406.773
2385.061
2396.328
2418.041
2422.192
2425.203
2445.64
2457.884
2335.791
2308.686
2267.116
2228.291
2180.962
2143.288
2121.102
2164.42
2207.332
2088.21
2087.415
2033.421
2032.927
2083.075
2032.833
2017.442
2051.849
2056
2108.183
2132.644
2148.035
2225.584
2233.128
2297.784
2341.381
2380.893
2401.253
2421.009
2441.369
2476.003
2476.634
2502.301
2538.119
2554.491
2549.887
2527.631
2520.131
2482.456
2463.619
2459.407
2408.011
2429.761
2433.878
2452.287
2459.616
2496.435
2460.102
2451.409
2402.19
2416.485
2411.834
2395.462
2391.648
2390.113
2361.625
2365.439
2352.304
2353.804
2369.804
2378.497
2383.043
2357.308
2392.833
2387.894
2331.188
2369.653
2353.875
2403.256
2437.052
2416.506
2408.163
2357.548
2377.628
2391.27
2359.242
2367.214
2425.181
2440.958
2420.692
2409.925
2370.203
2333.861
2331.278
2299.722
2228.497
2138.664
2161.848
2146.064
2180.859
2183.332
2202.737
2213.045
2251.159
2241.696
2270.676
2290.207
2291.921
2298.503
2322.288
2325.635
2366.483
2393.783
2387.333
2371.133
2367.51
2335.11
2315.97
2359.194
2331.337
2307.551
2264.625
2235.042
2228.323
2224.906
2223.156
2203.219
2294.219
2318.5
2346.938
2376.521
2383.24
2403.177
2404.927
2408.344
2436.617
2438.914
2449.008
2442.721
2396.602
2359.362
2366.261
2345.963
2333.191
2229.277
2163.609
2175.689
2189.028
2189.565
2228.424
2224.311
2258.779
2265.199
2327.383
2379.559
2399.028
2362.548
2348.181
2323.181
2338.276
2334.109
2332.734
2329.318
2332.801
2375.198
2350.726
2384.739
2386.144
2373.672
2377.089
2372.773
2376.855
2384.661
2399.028
2392.446
2303.304
2279.518
2259.987
2231.008
2203.151
2201.436
2198.089
2217.62
2260.628
2262.308
2268.758
2292.068
2319.368
2347.768
2351.048
2341.358
2339.153
2341.358
2351.048
2332.375
2314.135
2359.112
2378.166
2380.416
2399.028
2393.135
2392.992
2384.421
2342.888
2339.541
2311.684
2287.898
2281.316
2261.786
2217.906
2188.323
2186.573
2210.854
2212.604
2256.592
2259.939
2243.14
2249.59
2276.89
2296.03
2292.03
2286.255
2254.283
2238.083
2280.411
2264.288
2305.086
2309.253
2315.628
2332.503
2338.518
2354.977
2358.393
2391.698
2389.401
2379.307
2381.604
2391.698
2367.417
2276.417
2256.479
2274.277
2270.787
2269
2288.652
2281.641
2253.457
2255.245
2284.287
2266.281
2269.698
2312.52
2289.58
2296.03
2293.825
2284.135
2241.51
2251.01
2232.245
2189.53
2161.13
2181.449
2179.735
2173.153
2215.01
2233.096
2262.138
2282.5
2285.989
2329.365
2331.115
2337.833
2319.102
2342.888
2376.959
2379.048
2383.089
2384.844
2385.258
2418.633
2420.653
2382.32
2410.46
2419.04
2433.24
2485.41
2483.205
2523.995
2547.781
2565.714
2568.357
2570.5
2578.306
2580.327
2586.485
2588.24
2559.26
2542.224
2559.26
2588.24
2597.607
2626.587
2635.158
2667.783
2695.946
2698.089
2698.232
2709.436
2728.49
2730.862
2731.528
2831.202
2850.671
2854.367
2856.122
2863.103
2853.413
2789.31
2771.07
2768.745
2740.345
2707.638
2626.788
2591.038
2671.888
2704.595
2740.345
2804.448
2814.138
2842.538
2860.778
2863.103
2859.823
2831.423
2829.743
2823.293
2791.768
2772.237
2744.38
2720.594
2685.323
2712.623
2741.023
2764.333
2766.013
2769.293
2800.64
2806.963
2807.1
2825.407
2846.828
2855.24
2878.093
2929.24
2950.49
2967.721
2984.088
2986.627
3003.858
3013.049
3015.733
3041.365
3043.012
3006.906
3010.714
3011.103
3050.24
3052.361
3055.053
3013.406
3009.56
3061.071
3059.777
3028.431
2993.382
2990.167
2966.147
3011.39
3054.703
3062.353
3066.353
3067.673
3081.753
3085.033
3048.561
3079.907
3055.053
3032.639
3029.486
3023.284
3004.88
3003.264
2976.505
2948.662
2980.335
2983.615
3006.925
3034.225
3060.377
3062.025
3068.348
3036.649
3055.053
3096.467
3114.835
3118.741
3119.25
3071.653
3072.257
3073.479
3057.848
3063.411
3064.945
3077.345
3069.527
3067.039
3064.925
3039.343
3021.998
2963.723
2960.477
2962.591
2966.922
2970.109
2972.554
2989.589
2997.268
3022.393
3041.746
3047.504
3047.629
3058.531
3058.893
3075.929
3098.596
3103.355
3105.11
3106.817
3139.403
3132.006
3133.772
3143.237
3158.108
3186.039
3189.737
3205.461
3177.265
3199.804
3205.08
3210.282
3211.42
3209.655
3220.004
3173.97
3218.182
3220.502
3175.227
3159.667
3159.55
3156.575
3143.408
3125.442
3120.442
3133.608
3137.183
3137.683
3152.883
3157.883
3173.444
3191.41
3191.527
3142.133
3140.756
3117.477
3045.871
3023.494
3007.805
3002.518
2983.412
2980.723
3021.748
3045.027
3045.518
3061.207
3073.6
3100.158
3100.49
3127.047
3129.342
3126.373
3124.963
3133.914
3151.68
3108.976
3087.087
3108.976
3122.04
3141.798
3139.71
3106.885
3080.756
3065.369
3055.688
3026.857
2996.412
3009.456
3004.427
2916.927
2932.827
2970.814
3000.117
3026.674
3062.965
3067.912
3097.204
3106.885
3089.873
3056.547
3049.375
3069.662
3077.115
3085.515
3088.562
3113.156
3105.702
3101.952
3098.652
3082.067
3057.473
3051.381
3071.129
3100.433
3117.544
3123.829
3149.204
3177.577
3185.268
3204.712
3208.117
3211.986
3218.058
3221.343
3208.093
3195.236
3208.093
3171.01
3172.041
3182.697
3167.791
3179.166
3174.451
3199.43
3173.344
3241.594
3253.938
3206.663
3208.279
3233.669
3234.941
3240.377
3226.231
3186.708
3204.367
3176.914
3185.108
3179.399
3180.966
3180.664
3174.261
3195.261
3214.772
3212.84
3229.015
3241.474
3238.519
3239.44
3245.149
3249.459
3248.972
3261.431
3291.806
3281.627
3294.743
3281.627
3281.325
3287.728
3306.011
3315.123
3313.034
3284.27
3286.682
3270.616
3250.322
3249.925
3260.631
3261.028
3241.803
3246.303
3254.377
3258.789
3272.518
3278.143
3280.555
3294.585
3292.526
3303.18
3309.357
3307.647
3306.103
3297.125
3299.794
3297.781
3304.906
3298.73
3308.759
3315.884
3320.131
3308.219
3293.903
3296.108
3285.667
3284.211
3296.123
3295.153
3323.484
3310.748
3306.375
3288.621
3285.513
3268.621
3258.737
3261.636
3264.261
3278.13
3231.679
3230.245
3206.766
3206.332
3204.848
3220.471
3176.039
3155.754
3156.129
3160.254
3141.579
3126.096
3151.632
3147.025
3176.098
3138.834
3115.996
3099.346
3119.632
3107.707
3087.607
3090.2
3085.829
3090.114
3059.177
3049.12
3087.766
3086.81
3083.911
3066.158
3042.989
3017.083
3014.707
3020.25
3008.041
3008.984
3011.327
2986.167
2969.519
2991.722
2994.5
3004.278
3010.25
3033.438
3010.938
3009.743
3016.253
3017.675
2973.16
2950.446
2894.3
2874.578
2867.849
2855.182
2830.356
2828.741
2873.257
2898.083
2899.698
2906.427
2919.094
2934.483
2956.885
2936.117
2963.618
2988.25
2997.592
3027.918
3020.397
3020.301
3021.457
2954.553
2953.115
2993.214
3005.484
3016.734
3009.734
3019.512
3026.023
3039.273
3037.814
3040.689
3024.502
3030.002
3032.085
2997.328
2984.661
2990.286
2990.189
2988.995
2999.106
2994.856
2983.262
2979.495
2967.29
2969.769
2968.238
2971.483
2969.973
2957.479
2985.589
2998.556
3011.222
3012.753
2944.92
2932.253
2943.503
2943.957
2945.151
2939.839
2942.359
2943.818
2941.917
2953.896
2959.208
2951.583
2944.854
2942.375
2929.408
2917.203
2915.405
2908.092
2914.821
2927.788
2917.288
2924.601
2923.434
2935.639
2934.264
2896.514
2898.288
2906.51
2901.051
2918.892
2920.248
2909.426
2879.101
2906.194
2906.559
2896.68
2896.95
2882.5
2871
2865.9
2853.452
2862.838
2844.743
2856.903
2859.763
2886.898
2897.432
2902.532
2892.836
2880.283
2880.712
2875.186
2860.926
2865.762
2868.11
2873.755
2872.304
2872.212
2870.054
2879.633
2877.028
2842.706
2838.906
2851.498
2864.051
2856.827
2850.452
2833.252
2826.067
2813.911
2801.521
2802.851
2794.922
2793.826
2793.563
2787.476
2788.839
2792.813
2798.901
2797.537
2788.128
2769.687
2779.096
2780.459
2798.901
2798.55
2795.979
2808.622
2808.963
2826.588
2800.157
2795.19
2791.216
2793.346
2790.56
2791.656
2785.11
2782.758
2787.417
2805.859
2795.018
2776.576
2773.888
2789.797
2796.888
2807.729
2826.17
2757.989
2764.826
2743.787
2744.128
2727.152
2729.716
2729.298
2727.986
2752.216
2770.421
2768.498
2767.417
2766.625
2759.587
2793.994
2793.721
2790.935
2790.584
2786.666
2787.761
2788.034
2789.466
2791.414
2794.2
2795.002
2795.352
2766.553
2770.421
2770.768
2794.998
2781.178
2779.688
2773.803
2771.7
2767.854
2765.2
2756.098
2750.266
2747.578
2741.49
2755.49
2761.578
2763.708
2769.669
2772.357
2777.905
2787.008
2788.498
2782.037
2781.777
2781.393
2780.546
2768.277
2727.186
2708.981
2701.942
2699.615
2643.615
2645.942
2657.635
2685.399
2663.547
2685.399
2685.736
2667.697
2677.825
2653.595
2646.556
2674.381
2676.734
2672.075
2668.156
2641.726
2633.93
2639.459
2575.196
2551.676
2482.597
2470.044
2481.378
2481.472
2473.468
2477.768
2479.768
2480.915
2483.555
2491.558
2491.918
2494.298
2529.078
2501.943
2483.848
2471.4
2495.233
2496.553
2527.967
2506.933
2518.558
2505.965
2485.758
2491.33
2512.369
2516.557
2527.398
2535.193
2554.367
2560.535
2568.433
2561.248
2554.873
2558.821
2501.347
2503.051
2503.919
2511.143
2521.538
2510.554
2490.287
2511.326
2513.144
2517.804
2524.933
2493.893
2483.235
2473.972
2479.183
2478.37
2486.403
2476.824
2480.771
2482.929
2494.554
2496.005
2507.63
2480.852
2483.576
2484.444
2481.622
2499.78
2514.155
2518.102
2519.903
2518.798
2519.143
2494.275
2481.722
2472.748
2470.36
2461.387
2475.646
2481.291
2463.331
2432.771
2429.021
2400.896
2391.753
2390.39
2388.26
2361.83
2358.08
2355.95
2351.976
2341.716
2320.955
2310.435
2338.204
2348.862
2351.02
2353.651
2357.678
2378.712
2382.512
2392.906
2408.242
2405.859
2415.806
2415.377
2416.508
2408.713
2420.125
2426.086
2416.943
2396.182
2394.052
2391.455
2375.545
2347.42
2346.563
2372.406
2348.887
2358.15
2374.268
2379.301
2402.821
2404.979
2401.87
2402.727
2423.489
2426.086
2423.956
2411.313
2401.904
2406.093
2411.547
2414.333
2412.969
2449.341
2461.034
2462.524
2433.252
2445.328
2445.416
2440.29
2438.96
2439.217
2430.002
2407.375
2403.72
2388.986
2400.911
2390.13
2374.817
2363.833
2364.883
2366.261
2356.386
2342.839
2348.577
2365.541
2360.178
2357.947
2317.883
2319.758
2302.008
2301.92
2296.558
2299.239
2294.645
2321.716
2321.388
2338.975
2351.144
2361.269
2386.146
2383.614
2388.266
2382.133
2384.426
2385.722
2379.788
2375.991
2360.484
2339.978
2342.237
2343.877
2343.544
2341.247
2356
2346.785
2345.696
2335.696
2346.88
2295.709
2277.734
2276.263
2235.691
2224.147
2218.014
2195.388
2174.687
2169.845
2157.82
2091.364
2099.092
2095.009
2094.677
2104.677
2121.225
2110.972
2123.085
2113.87
2102.687
2107.699
2081.938
2090.85
2079.305
2084.318
2083.065
2080.445
2085.457
2067.483
2068.812
2079.729
2105.491
2097.892
2095.994
2094.095
2100.228
2076.304
2079.959
2083.778
2062.646
2074.968
2073.196
2072.128
2069.869
2061.745
2079.333
2083.817
2095.217
2100.955
2095.872
2091.79
2064.377
2070.187
2074.728
2062.614
2061.218
2033.196
2037.07
2034.538
2051.085
2058.684
2056.785
2058.747
2056.159
2054.88
2051.13
2047.38
2113.005
2123.786
2118.836
2145.315
2151.979
2146.046
2147.685
2130.506
2125.063
2130.873
2140.089
2128.905
2130.377
2150.883
2141.313
2131.06
2127.187
2133.32
2132.066
2148.614
2172.538
2171.066
2175.908
2176.972
2180.791
2180.535
2187.199
2125.377
2113.263
2103.263
2115.081
2115.169
2112.663
2118.093
2118.426
2135.604
2135.87
2150.623
2150.291
2132.316
2156.241
2168.059
2167.223
2168.552
2161.603
2146.458
2148.333
2154.192
2155.242
2155.155
2205.686
2201.202
2202.439
2216.095
2213.414
2231.002
2230.177
2231.414
2229.539
2163.914
2159.883
2167.386
2169.886
2171.636
2181.511
2184.098
2129.498
2133.108
2121.183
2120.128
2114.766
2110.172
2120.953
2125.734
2134.834
2128.975
2111.725
2131.708
2104.638
2099.388
2097.119
2114.181
2107.356
2120.903
2119.028
2146.7
2153
2152.663
2156.272
2167.942
2163.161
2151.761
2158.342
2151.48
2127.855
2116.811
2126.261
2109.297
2107.247
2119.416
2120.188
2106.641
2124.228
2117.647
2106.603
2116.728
2116.32
2111.836
2127.148
2140.623
2151.608
2182.889
2170.927
2187.989
2186.709
2187.759
2175.834
2177.545
2178.825
2161.075
2155.216
2137.466
2129.963
2142.131
2133.331
2130.831
2126.05
2110.738
2090.755
2088.705
2061.634
2086.896
2064.269
2065.104
2067.636
2069.712
2085.218
2090.06
2112.687
2113.348
2122.148
2142.131
2159.194
2142.853
2122.603
2120.984
2126.347
2125.939
2117.064
2113.033
2138.047
2138.392
2164.065
2161.772
2157.953
2171.671
2181.241
2185.782
2192.161
2205.991
2207.32
2205.06
2206.532
2207.828
2202.017
2197.005
2186.438
2175.872
2165.619
2173.217
2189.764
2192.85
2203.103
2213.669
2215.141
2226.685
2225.046
2238.691
2230.964
2236.407
2237.802
2233.261
2234.097
2235.829
2225.576
2214.453
2204.453
2208.25
2190.44
2157.421
2157.687
2146.142
2179.161
2147.484
2147.816
2148.073
2188.644
2190.937
2192.19
2212.891
2207.46
2184.834
2186.566
2186.234
2241.525
2240.437
2240.095
2234.285
2232.025
2226.215
2233.813
2228.801
2227.737
2220.139
2223.959
2229.389
2235.199
2219.693
2221.991
2207.237
2227.938
2215.862
2232.091
2218.085
2213.181
2211.426
2205.542
2187.503
2187.244
2185.83
2185.561
2212.513
2200.669
2217.34
2229.625
2231.076
2243.076
2249.451
2256.082
2266.477
2261.266
2257.319
2251.151
2251.243
2239.618
2170.539
2199.035
2208.567
2205.745
2212.12
2233.436
2244.282
2233.152
2244.282
2263.215
2272.875
2294.68
2277.25
2252.05
2273.855
2274.125
2286.285
2315.802
2309.342
2307.792
2318.325
2320.705
2319.385
2319.745
2319.395
2322.062
2350.937
2356.037
2341.587
2333.447
2321.947
2308.967
2310.287
2292.388
2294.993
2307.803
2294.993
2316.207
2386.207
2388.073
2392.973
2393.408
2380.96
2379.64
2377.225
2371.105
2389.505
2378.005
2396.405
2392.382
2394.762
2399.862
2405.982
2403.222
2409.472
2409.872
2408.752
2390.552
2390.952
2409.152
2380.277
2381.642
2362.804
2357.16
2356.347
2358.505
2346.505
2321.637
2312.058
2310.354
2303.722
2303.63
2297.255
2282.88
2270.071
2235.748
2233.906
2229.186
2217.186
2204.901
2201.102
2185.766
2174.204
2170.257
2159.862
2152.934
2145.036
2143.507
2122.472
2093.977
2092.595
2082.648
2064.791
2035.663
2030.005
2017.196
1998.683
1977.164
1975.714
1974.332
1967.405
1966.102
1955.707
1950.063
1923.285
1920.653
1906.469
1906.202
1848.729
1846.928
1829.727
1823.095
1819.296
1804.921
1794.263
1791.632
1786.599
1765.564
1764.696
1762.538
1734.043
1724.78
1731.443
1730.686
1754.841
1764.355
1785.958
1815.223
1820.392
1823.095
1825.311
1841.865
1842.757
1838.622
1826.005
1822.103
1820.72
1818.87
1808.654
1803.104
1795.892
1792.553
1770.361
1760.437
1783.429
1783.137
1801.787
1793.333
1779.952
1779.023
1768.769
1766.46
1784.495
1794.65
1761.594
1760.358
1757.689
1725.842
1702.333
1684.318
1681.164
1654.877
1639.024
1633.2
1626.075
1622.491
1640.506
1647.631
1653.454
1657.039
1660.193
1686.48
1702.333
1725.842
1708.702
1732.677
1730.438
1710.927
1709.674
1722.509
1717.938
1712.142
1704.801
1703.301
1681.786
1673.602
1660.76
1682.606
1716.663
1729.506
1731.029
1728.283
1753.74
1759.244
1733.53
1739.474
1739.038
1716.78
1710.994
1703.179
1713.428
1712.893
1690.516
1649.492
1596.949
1570.139
1580.083
1570.079
1568.373
1566.435
1563.135
1547.935
1563.998
1543.235
1540.165
1553.099
1551.656
1543.603
1451.498
1438.787
1432.077
1425.629
1426.444
1426.083
1425.547
1448.22
1447.743
1442.493
1436.93
1407.864
1404.227
1401.245
1412.194
1397.565
1403.231
1408.579
1412.282
1426.912
1456.516
1459.553
1474.553
1444.269
1453.594
1478.916
1499.502
1520.118
1516.118
1513.318
1513.178
1498.88
1454.684
1453.337
1438.497
1434.331
1430.914
1405.393
1427.157
1442.878
1435.219
1399.694
1447.819
1452.264
1479.486
1519.208
1534.853
1570.378
1574.022
1575.489
1583.989
1575.489
1589.705
1578.693
1575.75
1555.778
1570.247
1603.384
1590.848
1596.357
1595.625
1598.784
1621.555
1633.372
1646.213
1667.646
1672
1637.366
1657.431
1678.3
1713.8
1693.577
1631.763
1656.838
1627.703
1602.47
1599.49
1574.841
1577.821
1603.054
1627.703
1605.811
1600.459
1578.568
1556.007
1578.568
1600.459
1580.878
1542.5
1539.662
1559.243
1562.081
1600.459
1581.432
1576.027
1532.821
1541.372
1539.538
1534.983
1524.358
1474.705
1414.549
1409.517
1415.073
1398.399
1388.434
1432.84
1406.451
1333.993
1351.821
1365.596
1367.537
1403.566
1425.339
1430.025
1439.955
1459.51
1470.135
1542.594
1552.559
1572.281
1596.823
1579.341
1595.564
1600.459
1592.351
1563.216
1541.865
1558.76
1603.096
1597.996
1598.196
1606.768
1633.443
1638.543
1661.114
1691.914
1687.229
1685.343
1623.468
1572.396
1607.393
1634.769
1586.326
1580.265
1543.144
1500.114
1474.818
1500.114
1497.757
1488.757
1441.739
1436.915
1413.68
1407.798
1383.974
1375.482
1381.364
1389.857
1413.68
1460.699
1469.699
1492.934
1497.757
1494.515
1467.055
1440.232
1427.585
1422.335
1328.066
1300.007
1296.588
1331.731
1329.379
1334.957
1339.234
1342.867
1356.305
1400.273
1454.966
1483.875
1446.754
1432.072
1425.572
1371.405
1359.405
1326.739
1319.352
1270.909
1286.103
1292.412
1339.43
1375.46
1389.71
1401.357
1408.526
1440.232
1416.408
1391.857
1416.408
1440.232
1424.085
1462.693
1459.352
1504.113
1551.956
1593.629
1646.453
1639.056
1636.147
1587.181
1558.397
1607.362
1636.147
1631.681
1614.974
1653.848
1620.504
1647.977
1641.366
1675.944
1633.393
1638.018
1669.402
1675.777
1694.58
1717.417
1765.442
1747.788
1809.42
1877.979
1744.432
1739.589
1710.005
1701.672
1667.922
1635.005
1628.172
1615.422
1603.391
1536.781
1603.391
1637.141
1643.974
1676.891
1685.224
1697.974
1710.005
1679.818
1620.651
1616.276
1620.651
1679.818
1710.005
1675.224
1616.057
1650.839
1710.005
1675.224
1641.474
1708.083
1748.646
1807.813
1823.75
1799.8
1843.15
1898.35
1917.73
1926.01
1930.66
1949.41
1961.41
1980.79
1946.067
1975.144
1993.173
2016.654
2054.096
2088.077
2032.972
2067.551
2073.106
2075.394
2018.576
2067.862
2070.875
2076.732
2084.125
2091.786
2048.44
2049.164
2049.405
2052.315
2056.116
2056.815
2089.711
2102.384
2120.539
2123.953
2148.228
2152.237
2158.496
2297.892
2328.358
2343.185
2373.487
2422.004
2432.556
2458.625
2459.53
2490.978
2511.677
2438.013
2425.016
2442.726
2371.078
2405.219
2366.938
2360.234
2310.277
2295.137
2261.449
2249.074
2241.457
2256.101
2263.964
2208.355
2242.043
2280.324
2265.39
2313.833
2320.333
2332.333
2382.632
2394.985
2400.809
2383.286
2378.576
2386.111
2423.809
2427.976
2443.142
2445.531
2495.184
2500.215
2512.16
2532.382
2558.882
2559.465
2561.854
2500.361
2477.174
2437.729
2434.979
2487.223
2499.628
2509.324
2523.554
2482.145
2518.066
2530.401
2573.438
2587.293
2566.785
2542.846
2522.59
2522.41
2584.092
2576.197
2547.829
2576.197
2576.382
2581.079
2588.974
2613.543
2634.332
2653.016
2665.766
2732.029
2735.619
2700.234
2702.926
2661.936
2599.85
2600.061
2607.927
2615.244
2625.488
2607.049
2640.149
2643.808
2661.564
2681.924
2715.216
2813.814
2826.107
2792.318
2815.104
2793.59
2795.544
2806.811
2785.974
2840.731
2841.397
2854.964
2846.797
2788.171
2786.019
2787.845
2786.011
2793.022
2809.457
2788.293
2783.63
2762.436
2767
2769.979
2772.213
2780.83
2804.074
2797.564
2774.063
2794
2860.773
2883.352
2883.773
2911.008
2911.633
2909.211
2901.242
2842.569
2823.515
2827.158
2835.913
2807.75
2762.575
2770.675
2771.275
2776.15
2747.75
2731.055
2734.678
2722.468
2722.873
2754.845
2724.848
2725.363
2735.686
2692.394
2686.591
2688.827
2683.058
2666.067
2675.76
2694.029
2703.346
2687.293
2694.192
2680.654
2648.132
2655.349
2646.208
2652.292
2650.67
2630.057
2553.783
2568.047
2564.142
2579.892
2597.099
2594.269
2607.137
2609.118
2647.517
2664.724
2628.859
2637.831
2617.762
2600.095
2570.093
2577.048
2552.904
2516.563
2519.241
2516.054
2496.825
2475.333
2477.373
2475.333
2499.544
2470.853
2484.713
2493.213
2476.546
2475.463
2489.322
2480.822
2493.594
2539.357
2518.974
2565.263
2557.975
2580.977
2581.422
2588.71
2616.167
2615.811
2621.278
2627.761
2646.032
2636.727
2644.015
2635.803
2626.879
2611.985
2609.79
2651.709
2635.612
2650.763
2643.349
2649.685
2632.901
2640.297
2642.063
2669.994
2654.761
2657.175
2654.347
2640.726
2626.761
2623.313
2618.037
2590.474
2585.496
2588.323
2602.289
2585.278
2598.667
2602.057
2606.951
2612.138
2609.595
2601.816
2585.595
2555.299
2525.002
2523.578
2520.07
2519.727
2542.729
2535.61
2527.665
2528.712
2498.415
2501.492
2510.797
2538.254
2449.271
2446.195
2435.847
2437.271
2478.05
2468.046
2481.546
2504.546
2504.983
2558.402
2570.535
2565.535
2583.502
2581.752
2581.415
2588.015
2608.431
2600.356
2616.306
2613.806
2601.673
2600.267
2612.4
2620.05
2566.631
2575.781
2560.581
2548.748
2572.198
2601.99
2606.99
2620.902
2630.906
2612.94
2631.148
2630.71
2644.623
2642.123
2619.373
2624.473
2648.14
2644.84
2638.465
2614.798
2586.973
2577.873
2570.06
2575.435
2612.331
2699.831
2691.056
2697.181
2688.406
2689.84
2693.902
2685.827
2686.177
2683.444
2670.844
2674.294
2666.481
2658.406
2666.481
2599.106
2611.181
2637.825
2631.075
2641.25
2628.65
2622.671
2610.538
2610.888
2609.138
2616.138
2617.538
2619.696
2629.7
2621.3
2622.329
2631.479
2608.479
2627.904
2642.629
2645.363
2653.175
2643.171
2710.546
2714.608
2723.758
2725.696
2685.959
2671.008
2684.693
2681.723
2658.658
2651.773
2679.454
2721.526
2708.784
2705.863
2716.863
2674.79
2680.718
2666.008
2666.431
2652.258
2631.173
2622.681
2592.198
2586.996
2604.383
2603.028
2588.855
2575.391
2582.165
2581.742
2579.867
2567.673
2594.601
2590.226
2620.71
2643.613
2641.835
2657.222
2635.333
2635.22
2661.349
2687.478
2715.895
2723.42
2764.171
2770.558
2771.919
2794.613
2788.444
2776.702
2763.96
2748.524
2746.831
2747.827
2747.343
2721.558
2720.171
2704.849
2682.96
2612.508
2618.435
2603
2602.673
2635.498
2583.802
2581.544
2577.613
2572.411
2549.508
2527.619
2515.877
2509.95
2474.244
2467.857
2478.857
2461.236
2458.308
2457.97
2479.859
2464.536
2467.181
2438.351
2435.472
2433.214
2468.919
2486.54
2500.452
2502.54
2510.355
2512.613
2447.411
2459.153
2497.008
2510.693
2505.406
2507.701
2490.029
2482.98
2451.06
2466.119
2457.99
2465.55
2466.077
2479.141
2481.23
2495.94
2505.786
2517.472
2495.456
2494.101
2500.488
2542.56
2457.883
2470.948
2467.488
2444.794
2435.113
2437.202
2439.46
2457.203
2454.908
2428.35
2443.99
2413.006
2409.01
2400.379
2432.31
2431.96
2411.544
2393.577
2393.077
2400.227
2393.077
2401.152
2396.152
2399.602
2443.077
2448.177
2446.777
2458.91
2460.848
2466.827
2475.927
2493.894
2495.544
2452.069
2460.469
2448.335
2439.182
2461.43
2460.939
2474.954
2441.035
2435.056
2402.294
2392.121
2376.019
2331.807
2319.773
2321.231
2324.621
2318.54
2315.47
2306.165
2317.725
2228.742
2251.935
2268.032
2249.347
2294.321
2299.494
2285.101
2308.636
2329.756
2348.593
2348.14
2320.209
2327.606
2329.966
2323.371
2329.966
2299.147
2297.692
2299.175
2286.683
2254.097
2272.782
2281.472
2282.955
2275.972
2206.274
2208.634
2228.728
2205.33
2200.127
2199.063
2197.058
2198.123
2202.325
2204.739
2188.291
2187.838
2186.356
2161.873
2185.666
2177.313
2176.95
2180.399
2172.045
2181.459
2236.72
2243.056
2235.815
2252.599
2214.431
2222.784
2239.569
2238.316
2214.926
2225.273
2204.511
2206.246
2208.566
2224.023
2239.481
2234.015
2231.472
2229.278
2238.532
2241.888
2243.311
2245.18
2232.841
2250.218
2253.347
2252.784
2259.121
2249.655
2237.897
2230.5
2242.741
2265.28
2174.763
2155.927
2159.05
2157.985
2073.778
2093.371
2064.95
2081.739
2082.2
2089.568
2127.561
2134.009
2142.509
2141.425
2133.202
2136.386
2141.145
2157.524
2172.941
2165.397
2153.432
2134.265
2125.765
2132.059
2130.02
2129.559
2144.976
2136.923
2112.239
2096.739
2109.511
2063.748
2065.59
2078.362
2090.327
2086.695
2040.932
2048.3
2033.656
2038.414
2024.204
2048.414
2084.118
2093.697
2108.342
2110.382
2095.737
2096.105
2075.658
2104.947
2103.151
2096.704
2129.862
2115.651
2119.928
2111.428
2126.844
2119.318
2126.029
2123.572
2113.941
2120.651
2104.272
2106.673
2098.173
2041.891
2050.261
2067.645
2086.998
2086.529
2095.181
2096.688
2098.563
2116.855
2115.291
2134.995
2123.895
2130.577
2138.377
2118.673
2126.491
2119.809
2072.382
2085.182
2101.245
2157.473
2157.848
2160.527
2158.214
2155.902
2158.402
2151.839
2161.589
2197.931
2187.029
2265.029
2269.873
2315.735
2316.307
2340.991
2335.333
2371.037
2363.669
2347.669
2349.178
2343.809
2368.02
2358.388
2370.739
2364.029
2369.686
2364.318
2361.862
2363.371
2376.143
2385.774
2375.243
2389.888
2386.379
2376.8
2374.399
2376.439
2369.491
2330.654
2363.272
2359.737
2334.379
2321.442
2319.567
2332.504
2357.862
2359.737
2373.844
2356.808
2352.455
2335.071
2301.321
2314.259
2299.353
2282.263
2282.799
2272.996
2264.799
2239.442
2214.317
2211.873
2208.632
2202.069
2226.444
2187.772
2192.616
2200.116
2239.647
2229.897
2231.397
2228.469
2230.438
2258.984
2246.047
2249.743
2263.85
2266.529
2237.982
2191.402
2200.891
2192.368
2192.736
2193.105
2209.168
2206.186
2214.995
2244.061
2245.589
2265.452
2250.725
2259.07
2261.075
2263.189
2292.643
2273.043
2270.555
2248.282
2231.7
2202.245
2198.609
2140.334
2123.359
2122.236
2097.561
2072.886
2079.568
2042.902
2027.996
2038.897
2022.225
2022.6
2010.422
1974.08
1958.388
1965.621
1978.192
2024.772
2026.647
2018.277
2030.955
2031.08
2040.482
2047.045
2076.857
2084.089
2077.527
2074.286
2077.821
2135.056
2114.243
2139.448
2135.684
2138.173
2151.918
2142.755
2140.4
2141.964
2140.102
2130.175
2116.939
2112.886
2088.511
2072.225
2079.056
2076.98
2076.605
2083.011
2079.777
2094.683
2101.754
2099.254
2128.614
2127.05
2122.618
2154.593
2229.454
2239.204
2231.426
2213.398
2211.245
2227.218
2213.736
2246.363
2230.09
2272.572
2274.808
2263.067
2285.481
2294.495
2273.654
2316.226
2333.125
2347.058
2355.885
2347.635
2339.558
2336.925
2320.026
2226.103
2219.204
2237.608
2210.55
2207.858
2265.257
2263.634
2312.16
2305.076
2274.16
2269.137
2256.507
2273.396
2253.433
2267.433
2290.118
2280.785
2300.748
2308.081
2312.053
2310.109
2323.146
2344.729
2343.137
2342.581
2351.914
2311.81
2309.218
2283.662
2278.106
2337.461
2329.498
2332.852
2369.934
2384.767
2395.267
2397.286
2428.736
2407.894
2433.993
2432.089
2430.474
2434.32
2432.666
2427.45
2464.064
2494.226
2500.995
2502.587
2528.193
2521.425
2511.066
2551.927
2546.809
2577.375
2618.236
2607.934
2626.302
2627.887
2612.137
2612.533
2599.665
2594.547
2602.642
2615.925
2613.094
2624.613
2614.679
2616.873
2633.146
2592.329
2595.69
2608.319
2595.171
2581.69
2585.394
2588.755
2591.347
2605.977
2603.199
2578.991
2594.963
2569.407
2608.745
2604.84
2597.906
2615.906
2602.623
2617.906
2665.123
2683.123
2683.505
2652.005
2631.392
2631.259
2707.533
2705.453
2736.019
2720.352
2704.079
2724.148
2730.954
2738.287
2759.87
2775.843
2767.898
2773.87
2732.875
2747.505
2721.949
2796.81
2800.477
2762.789
2800.477
2808.421
2782.034
2782.416
2766.352
2760.789
2746.425
2741.175
2726.448
2722.811
2743.63
2740.593
2755.222
2760.889
2763.926
2769.273
2784.273
2813.877
2817.581
2818.803
2825.609
2845.84
2851.188
2851.317
2850.831
2849.275
2855.919
2857.063
2892.063
2884.979
2888.813
2853.813
2853.438
2857.41
2855.847
2818.16
2866.465
2853.428
2869.789
2879.539
2904.817
2904.442
2895.942
2877.914
2877.428
2875.387
2859.928
2908.234
2967.588
2958.616
2955.262
2935.299
2933.146
2958.424
2943.794
2913.794
2914.28
2879.28
2882.947
2884.502
2884.113
2894.28
2904.391
2917.539
2922.053
2896.921
2888.421
2908.384
2905.85
2862.18
2833.114
2840.914
2858.314
2863.564
2884.616
2891.446
2891.982
2885.42
2849.078
2852.65
2819.27
2802.533
2799.401
2743.171
2718.487
2716.447
2708.904
2754.833
2758.074
2759.842
2713.261
2703.511
2699.975
2687.404
2685.529
2607.529
2632.886
2649.975
2646.145
2624.27
2595.723
2591.371
2584.299
2565.049
2602.877
2617.977
2658.081
2672.081
2676.053
2709.155
2718.127
2738.09
2720.807
2725.239
2754.305
2726.996
2724.92
2682.408
2658.461
2665.408
2656.171
2654.329
2641.873
2549.768
2478.846
2489.377
2489.5
2490.658
2502.623
2507.382
2509.654
2513.127
2526.39
2522.114
2515.82
2517.329
2525.382
2517.855
2479.018
2487.518
2487.873
2500.329
2489.618
2490.191
2483.743
2476.638
2495.651
2505.23
2514.467
2526.923
2514.213
2514.336
2516.967
2519.007
2515.243
2501.98
2486.48
2474.129
2497.939
2541.962
2532.212
2568.554
2615.134
2618.67
2621.114
2621.475
2613.975
2601.404
2615.511
2609.752
2610.288
2596.181
2599.415
2593.009
2548.321
2546.446
2533.446
2531.946
2561.15
2524.808
2507.772
2520.71
2554.46
2568.567
2569.746
2533.504
2534.077
2541.603
2558.34
2602.056
2573.127
2590.163
2581.163
2619.57
2615.807
2656.057
2656.534
2661.989
2741.407
2778.409
2772.545
2759.373
2799.623
2799.241
2803.005
2803.598
2892.398
2885.034
2882.92
2875.72
2861.357
2883.63
2867.652
2872.902
2872.534
2892.398
2899.08
2856.31
2859.846
2860.949
2863.627
2865.395
2890.52
2890.895
2885.739
2888.98
2913.214
2926.152
2926.277
2923.036
2915.964
2935.473
2937.301
2937.884
2929.232
2943.339
2948.728
2957.379
2958.482
2938.973
2937.467
2954.85
2916.179
2901.272
2900.804
2828.616
2838.366
2852.473
2873.286
2890.321
2843.741
2832.839
2836.074
2829.511
2827.435
2770.201
2775.357
2791.049
2745.215
2744.689
2727.61
2641.925
2648.373
2654.82
2626.774
2588.781
2593.539
2577.539
2588.25
2584.776
2508.145
2500.618
2483.882
2493.513
2512.68
2521.18
2537.917
2561.864
2549.899
2570.346
2514.116
2512.379
2513.86
2532.873
2528.596
2557.018
2566.254
2474.149
2470.64
2463.114
2450.658
2454.167
2470.833
2456.623
2453.114
2472.026
2443.605
2423.158
2402.711
2364.717
2363.208
2358.45
2366.95
2360.239
2366.95
2412.713
2442.002
2430.037
2432.309
2410.818
2411.901
2413.41
2414.568
2431.305
2459.084
2444.213
2425.528
2428.651
2433.823
2433.261
2434.968
2431.845
2433.655
2410.256
2393.756
2431.925
2507.235
2500.407
2505.58
2508.994
2522.028
2521.511
2537.959
2538.321
2535.192
2551.64
2535.192
2538.606
2545.2
2551.386
2520.567
2514.231
2521.058
2523.063
2519.649
2491.453
2506.603
2505.155
2435.457
2438.586
2448.052
2449.862
2451.763
2438.142
2437.69
2437.328
2438.776
2452.741
2439.707
2439.144
2436.015
2442.61
2443.075
2442.955
2419.42
2426.662
2454.224
2439.353
2436.224
2398.056
2383.185
2382.623
2431.222
2429.028
2428.672
2425.163
2421.807
2414.536
2402.502
2405.528
2428.917
2401.199
2400.856
2399.737
2410.085
2398.051
2389.127
2374.153
2389.977
2373.756
2379.985
2386.468
2389.011
2392.087
2386.972
2377.667
2395.939
2400.536
2376.36
2367.26
2355.185
2346.785
2350.235
2350.685
2353.704
2361.517
2338.767
2334.246
2311.627
2320.402
2343.152
2335.077
2319.177
2299.752
2292.602
2299.602
2301.308
2331.1
2364.492
2365.875
2348.109
2332.535
2324.592
2315.961
2303.568
2336.93
2348.865
2315.502
2302.551
2324.928
2322.633
2350.002
2356.494
2361.781
2376.264
2366.424
2360.4
2355.666
2346.666
2303.904
2315.838
2318.133
2316.227
2316.658
2321.105
2320.092
2320.436
2323.83
2314.879
2294.797
2265.913
2195.462
2164.978
2151.067
2149.679
2150.103
2151.458
2143.643
2078.442
2081.901
2081.575
2084.913
2069.526
2081.268
2079.881
2095.583
2102.502
2100.083
2128.24
2110.568
2137.344
2139.181
2071.806
2069.306
2042.306
2038.731
2043.252
2011.752
2026.952
2025.852
2064.248
2067.641
2031.35
2008.072
2008.416
2011.932
2010.85
2043.619
2043.28
2054.635
2054.522
2069.232
2063.446
2041.556
1999.484
1977.595
1965.909
1959.522
1944.087
1942.732
1900.659
1899.298
1890.806
1890.371
1897.774
1902.641
1921.44
1920.444
1931.798
1934.444
1929.786
1929.673
1971.746
1970.149
1992.407
1987.54
1999.226
1996
2000.375
1948.679
1951.607
1960.535
1986.742
1985.73
1997.27
1987.262
1994.787
2001.279
1998.033
2019.463
2011.201
2040.504
2038.783
2036.66
2031.926
2039.451
2058.557
2101.32
2144.082
2150.721
2169.828
2156.877
2150.607
2153.533
2158.82
2176.492
2173.566
2161.172
2168.221
2168.179
2160.365
2160.252
2161.248
2172.933
2185.998
2180.071
2202.329
2214.071
2196.45
2195.454
2192.228
2193.292
2180.55
2174.381
2160.208
2134.423
2122.23
2106.843
2121.093
2129.948
2122.544
2137.931
2135.724
2105.24
2104.175
2101.248
2030.796
2046.183
2024.167
2029.369
2044.079
2046.286
2044.931
2040.093
2054.343
2080.472
2062.992
2057.206
2060.085
2059.558
2026.734
1988.352
1983.434
1993.443
1992.066
1988.82
2000.754
1998.947
1950.863
1982.363
1985.696
1918.321
1922.383
1919.365
1913.24
1919.84
1946.483
1947.917
1932.356
1937.169
1936.731
1956.167
1959.557
1962.1
1960.364
1958.394
1928.097
1952.165
1917.672
1897.917
1853.706
1850.636
1832.119
1794.597
1824.894
1808.792
1789.038
1816.756
1832.858
1839.087
1845.57
1857.129
1847.875
1874.97
1856.453
1844.114
1845.85
1858.189
1860.731
1861.189
1844.689
1841.663
1854.002
1860.867
1873.146
1876.536
1878.731
1880.409
1876.9
1873.392
1869.883
1868.104
1867.646
1859.867
1854.782
1864.036
1871.324
1868.254
1779.271
1833.595
1841.675
1838.847
1846.761
1830.313
1806.519
1799.278
1813.67
1799.726
1797.989
1801.121
1788.349
1789.822
1802.533
1849.114
1856.346
1864.998
1889.373
1895.935
1898.011
1882.319
1865.283
1840.908
1841.491
1833.121
1840.799
1843.478
1834.076
1835.612
1818.576
1788.763
1778.96
1807.888
1775.969
1791.677
1798.632
1793.7
1790.1
1783.145
1807.964
1800.764
1786.036
1776.873
1823.143
1862.674
1859.433
1876.522
1912.864
1906.301
1882.958
1912.161
1912.629
1901.728
1960.469
1956.838
1988.246
2012.48
2031.73
2025.971
2026.333
2009.368
2002.538
2007.694
2024.73
2037.301
2029.105
2045.391
2040.002
2038.467
2040.234
2041.734
2057.511
1979.511
1981.047
2019.719
2032.397
2056.772
2076.022
2082.585
2069.647
2126.882
2126.757
2110.085
2106.897
2092.79
2073.54
2068.183
2048.933
2047.105
2030.819
2037.65
2030.15
2066.491
2090.866
2079.096
2091.447
2071.767
2079.164
2084.724
2119.813
2189.511
2165.028
2165.494
2193.69
2186.862
2184.276
2186.69
2194.772
2205.23
2202.774
2209.879
2204.814
2201.05
2195.393
2179.893
2182.164
2191.796
2183.743
2198.875
2181.796
2206.708
2202.945
2201.862
2216.507
2221.572
2208.8
2196.45
2207.16
2207.732
2204.855
2200.579
2195.82
2203.364
2179.154
2180.996
2168.645
2148.197
2142.829
2145.706
2140.64
2112.594
2098.384
2084.524
2081.015
2088.364
2097.016
2102.48
2099.801
2112.801
2129.473
2137.152
2134.708
2151.672
2138.672
2167.6
2169.569
2186.953
2185.446
2185.808
2185.433
2138.853
2135.665
2175.196
2214.728
2211.487
2205.728
2195.924
2167.377
2162.533
2166.364
2167.542
2171.373
2163.712
2156.48
2162.239
2170.435
2173.364
2170.685
2170.217
2178.587
2146.667
2155.319
2153.35
2114.679
2115.04
2108.21
2141.96
2156.866
2160.054
2159.679
2152.446
2155.681
2189.431
2196.931
2221.165
2257.507
2257.145
2276.498
2252.263
2252.846
2229.989
2215.779
2216.305
2229.015
2227.219
2228.377
2236.43
2208.009
2215.535
2213.263
2136.632
2164.678
2152.327
2123.906
2115.853
2120.919
2113.375
2106.928
2108.401
2106.928
2090.191
2091.987
2120.033
2129.664
2083.901
2058.989
2087.41
2063.2
2070.305
2072.147
2148.779
2056.673
2094.667
2132.66
2136.936
2121.213
2145.696
2159.317
2159.782
2152.369
2159.351
2154.675
2207.138
2222.595
2236.324
2224.044
2205.773
2203.4
2202.282
2182.528
2190.739
2201.087
2232.442
2204.879
2211.707
2205.371
2210.573
2187.039
2183.591
2211.153
2221.502
2210.976
2212.877
2217.08
2193.545
2177.166
2164.675
2164.209
2192.994
2182.468
2200.309
2208.809
2209.967
2213.145
2213.618
2204.039
2219.539
2226.645
2211.145
2204.039
2168.336
2206.261
2199.433
2204.412
2220.791
2233.343
2268.431
2251.983
2239.431
2239.78
2240.233
2243.356
2257.748
2276.584
2275.136
2262.584
2307.015
2298.803
2296.261
2302.489
2299.1
2301.472
2304.828
2308.464
2331.466
2319.127
2331.059
2334.136
2318.678
2313.492
2281.458
2266.483
2263.458
2291.176
2303.515
2291.176
2315.244
2327.278
2354.996
2359.593
2354.127
2353.784
2356.564
2372.784
2372.339
2370.559
2346.492
2334.212
2346.492
2370.559
2372.339
2334.818
2323.258
2331.47
2358.566
2304.242
2303.689
2333.985
2341.256
2369.485
2397.047
2403.642
2405.875
2407.33
2404.252
2400.554
2410.903
2378.583
2373.689
2387.837
2387.284
2385.606
2400.5
2405.966
2407.746
2407.288
2415.831
2429.559
2424.665
2412.631
2392.838
2385.671
2378.021
2393.581
2406.748
2379.492
2432.91
2439.66
2453.573
2455.731
2439.898
2442.631
2449.631
2451.038
2447.704
2446.271
2373.471
2339.552
2341.302
2342.735
2354.469
2381.113
2428.143
2416.266
2409.627
2412.602
2418.873
2417.463
2411.439
2407.474
2410.353
2437.28
2488.976
2486.887
2479.968
2449.484
2452.71
2465.774
2451.863
2425.486
2445.244
2412.419
2411.355
2409.758
2374.829
2384.51
2387.97
2380.155
2364.833
2349.397
2314.468
2329.903
2312.516
2320.331
2298.315
2313.702
2296.315
2296.653
2295.298
2286.444
2287.804
2272.766
2257.127
2255.32
2253.414
2267.898
2261.012
2265.959
2271.84
2264.316
2269.332
2262.299
2235.49
2212.211
2222.051
2219.363
2196.986
2173.707
2151.459
2137.775
2149.316
2164.266
2148.693
2155.184
2160.131
2126.768
2126.234
2142.193
2156.676
2160.672
2164.668
2172.611
2184.152
2255.758
2249.119
2249.611
2223.404
2237.088
2243.359
2248.277
2242.99
2216.432
2212.436
2197.131
2190.861
2191.303
2206.877
2206.385
2215.385
2188.016
2151.725
2136.775
2120.816
2135.221
2142.906
2145.15
2225.215
2223.494
2232.125
2273.15
2187.084
2185.363
2169.674
2176.314
2168.629
2174.9
2166.957
2175.957
2166.957
2140.75
2146.775
2132.291
2125.258
2113.717
2117.446
2103.946
2080.279
2065.079
2051.167
2049.329
2045.754
2037.942
2035.208
2032.19
2020.056
2019.606
2009.431
2029.341
2027.561
2061.381
2024.043
2005.457
1997.103
1993.405
1986.578
1982.375
1985.794
1992.708
2006.666
2011.098
2018.298
2022.198
2018.007
2004.094
2023.007
2051.053
2059.553
2059.197
2058.039
2041.66
1970.739
1967.607
1967.147
1963.969
1960.785
1922.792
1908.147
1899.647
1891.147
1877.287
1869.743
1862.638
1855.094
1848.8
1833.3
1824.8
1739.116
1662.485
1658.721
1602.491
1571.132
1567.954
1561.007
1559.526
1542.789
1535.684
1496.846
1461.143
1447.283
1443.007
1436.559
1421.914
1393.868
1388.575
1376.224
1363.873
1355.031
1364.763
1367.305
1369.94
1347.255
1316.97
1312.456
1332.62
1315.413
1311.988
1310.057
1304.396
1283.948
1282.356
1305.394
1302.702
1295.635
1264.481
1226.429
1243.308
1250.651
1244.758
1270.128
1251.82
1258.242
1256.008
1248.56
1213.807
1240.331
1251.974
1276.485
1259.974
1280.866
1242.804
1231.643
1217.351
1210.065
1204.958
1198.083
1223.305
1190.204
1182.845
1211.666
1207.566
1205.416
1178.103
1163.097
1122.213
1128.333
1120.064
1098.66
1106.257
1113.595
1130.528
1110.972
1139.014
1111.671
1132.015
1126.132
1148.258
1175.664
1209.173
1245.163
1274.134
1318.888
1305.228
1338.569
1331.958
1137.514
1117.181
1103.014
1076.94
1015.106
1031.063
1048.295
1051.411
1076.06
1111.256
1162.887
930.315
758.431
730.981
605.856
612.243
562.243
515.993
488.283
436.521
419.581
413.404
425.836
349.273
249.359
137.641
120.417
52.018
37.269
0
