0.292
0.252
0.239
0.236
0.247
0.241
0.252
0.236
0.241
0.241
0.237
0.237
0.281
0.241
0.237
0.243
0.233
0.235
0.234
0.234
0.236
0.236
0.232
0.237
0.237
0.238
0.239
0.236
0.237
0.238
0.238
0.237
0.239
0.554
0.263
0.234
0.235
0.236
0.499
0.252
0.241
0.241
0.316
0.253
0.237
0.236
0.238
0.233
0.292
0.238
0.238
0.237
0.239
0.238
0.236
0.233
0.234
0.239
0.233
0.236
0.238
0.237
0.237
0.236
0.237
0.236
0.339
0.582
0.241
0.323
0.241
0.253
0.236
0.24
0.25
0.306
0.236
0.234
0.237
0.236
0.238
0.236
0.226
0.229
0.231
0.231
0.229
0.254
0.229
0.23
0.285
0.247
0.293
0.516
0.496
0.246
0.234
0.231
0.244
0.26
0.242
0.588
0.311
0.228
0.235
0.24
0.231
0.226
0.23
0.229
0.289
0.226
0.23
0.225
0.23
0.23
0.284
0.228
0.253
0.228
0.231
0.229
0.236
0.229
0.605
0.29
0.241
0.232
0.243
0.255
0.242
0.242
0.244
0.231
0.234
0.229
0.233
0.232
0.23
0.233
0.235
0.231
0.228
0.301
0.229
0.229
0.232
0.234
0.231
0.229
0.227
0.228
0.297
0.232
0.226
0.23
0.228
0.23
0.293
0.228
0.482
0.377
0.349
0.23
0.23
0.228
0.287
0.226
0.232
0.231
0.229
0.299
0.229
0.317
0.253
0.236
0.226
0.23
0.248
0.225
0.29
0.23
0.232
0.288
0.229
0.227
0.23
0.291
0.292
0.231
0.23
0.289
0.233
0.31
0.29
0.231
0.229
0.234
0.287
0.228
0.231
0.547
0.601
0.237
0.285
0.31
0.234
0.233
0.296
0.243
0.276
0.243
0.239
0.246
0.234
0.236
0.242
0.296
0.239
0.282
0.601
0.231
0.232
0.296
0.295
0.289
0.295
0.292
0.345
0.29
0.31
0.234
0.233
0.297
1.004
0.236
0.288
0.294
0.251
0.287
0.298
0.232
0.277
0.284
0.278
0.302
0.261
0.303
0.232
0.226
0.267
0.23
0.302
0.282
0.229
0.258
0.28
0.302
0.231
0.302
0.231
0.303
0.233
0.596
0.648
0.232
0.281
0.281
0.23
0.277
0.288
0.295
0.236
0.296
0.242
0.291
0.232
0.286
0.33
0.279
0.231
0.341
0.279
0.232
0.28
0.232
0.278
0.292
0.3
0.236
0.237
0.236
0.291
0.324
0.558
0.585
0.283
0.243
0.287
0.299
0.283
0.281
0.285
0.295
0.24
0.234
0.232
0.283
0.243
0.296
0.288
0.297
0.232
0.288
0.286
0.295
0.288
0.299
0.244
0.23
0.231
0.317
0.288
0.303
0.299
0.243
0.229
0.552
0.537
0.783
0.324
0.371
0.368
0.368
0.364
0.299
0.298
0.287
0.236
0.38
0.288
0.361
0.285
0.291
0.288
0.238
0.289
0.322
0.325
0.286
0.232
0.296
0.289
0.291
0.292
0.295
0.291
0.235
0.301
0.312
0.294
0.306
0.238
0.297
0.291
0.361
0.625
0.302
0.296
0.231
0.288
0.298
0.231
0.236
0.288
0.284
0.267
0.23
0.23
0.288
0.227
0.227
0.265
0.228
0.293
0.283
0.287
0.291
0.286
0.229
0.23
0.377
0.288
0.285
0.295
0.254
0.231
0.296
0.585
0.586
0.711
0.25
0.363
0.308
0.291
0.293
0.295
0.287
0.286
0.295
0.282
0.23
0.24
0.292
0.295
0.273
0.319
0.236
0.299
0.302
0.341
0.303
0.303
0.36
0.318
0.298
0.24
0.258
0.32
0.316
0.261
0.247
0.301
0.327
0.245
0.729
0.414
0.246
0.239
0.295
0.681
0.356
0.24
0.305
0.298
0.295
0.319
0.315
0.319
0.3
0.303
0.307
0.243
0.24
0.3
0.309
0.239
0.3
0.243
0.299
0.304
0.307
0.291
0.312
0.399
0.296
0.299
0.323
0.45
0.377
0.718
0.304
0.302
0.267
0.23
0.32
0.251
0.63
0.328
0.258
0.297
0.264
0.303
0.298
0.343
0.248
0.332
0.328
0.312
0.323
0.3
0.237
0.24
0.333
0.304
0.238
0.235
0.328
0.247
0.248
0.31
0.308
0.241
0.294
0.313
0.398
0.487
0.286
0.298
0.234
0.298
0.298
0.611
0.653
0.235
0.232
0.232
0.29
0.232
0.291
0.231
0.286
0.287
0.312
0.232
0.23
0.299
0.231
0.288
0.234
0.235
0.236
0.384
0.231
0.232
0.297
0.289
0.551
0.388
0.618
0.302
0.236
0.242
0.306
0.313
0.31
0.342
0.251
0.318
0.329
0.303
0.268
0.323
0.303
0.321
0.25
0.255
0.259
0.246
0.248
0.317
0.242
0.313
0.31
0.291
0.254
0.3
0.243
0.342
0.313
0.287
0.301
0.322
0.242
0.322
0.398
0.287
0.237
0.292
0.239
0.353
0.311
0.319
0.239
0.233
0.308
0.243
0.31
0.307
0.308
0.313
0.237
0.298
0.262
0.306
0.349
0.311
0.242
0.24
0.242
0.245
0.33
0.316
0.313
0.318
0.353
0.25
0.309
0.336
0.242
0.331
0.733
0.3
0.251
0.298
0.23
0.282
0.243
0.3
0.237
0.302
0.629
0.235
0.322
0.298
0.317
0.343
0.239
0.318
0.262
0.236
0.341
0.248
0.349
0.239
0.262
0.297
0.343
0.245
0.334
0.585
0.474
0.318
0.303
0.23
0.291
0.625
0.295
0.24
0.315
0.308
0.319
0.238
0.237
0.302
0.236
0.295
0.291
0.291
0.236
0.293
0.237
0.266
0.246
0.314
0.235
0.235
0.236
0.237
0.234
0.313
0.308
0.308
0.44
0.32
0.235
0.311
0.234
0.231
0.233
0.297
0.298
0.299
0.289
0.228
0.294
0.23
0.289
0.23
0.23
0.298
0.229
0.233
0.283
0.295
0.23
0.234
0.366
0.31
0.232
0.289
0.297
0.314
0.328
0.271
0.29
0.288
0.611
0.238
0.23
0.286
0.294
0.286
0.229
0.298
0.296
0.288
0.229
0.602
0.233
0.291
0.292
0.296
0.606
0.291
0.32
0.243
0.302
0.317
0.301
0.3
0.314
0.245
0.303
0.294
0.412
0.34
0.3
0.298
0.295
0.327
0.238
0.301
0.297
0.314
0.302
0.242
0.301
0.297
0.261
0.24
0.303
0.245
0.241
0.3
0.305
0.238
0.244
0.298
0.312
0.302
0.299
0.308
0.25
0.305
0.242
0.28
0.249
0.313
0.232
0.232
0.235
0.303
0.233
0.239
0.232
0.229
0.597
0.296
0.308
0.294
0.289
0.232
0.23
0.23
0.257
0.3
0.231
0.357
0.295
0.233
0.296
0.286
0.231
0.285
0.287
0.23
0.873
0.232
0.232
0.228
0.295
0.288
0.311
0.294
0.283
0.307
0.306
0.23
0.233
0.321
0.235
0.228
0.23
0.228
0.285
0.23
0.286
0.293
0.229
0.231
0.583
0.253
0.294
0.936
0.244
0.233
0.23
0.234
0.23
0.297
0.301
0.286
0.281
0.293
0.232
0.301
0.234
0.336
0.232
0.449
0.296
0.287
0.285
0.283
0.285
0.233
0.228
0.294
0.61
0.289
0.232
0.287
0.562
0.489
0.266
0.294
0.244
0.233
0.284
0.301
0.294
0.293
0.28
0.286
0.294
0.286
0.294
0.285
0.305
0.23
0.293
0.229
0.295
0.291
0.332
0.337
0.291
0.281
0.286
0.227
0.231
0.265
0.506
0.366
0.298
0.232
0.253
0.232
0.251
0.253
0.297
0.296
0.312
0.286
0.23
0.311
0.231
0.228
0.293
0.291
0.291
0.579
0.3
0.232
0.288
0.448
0.448
0.317
0.297
0.292
0.235
0.416
0.664
0.289
0.348
0.586
0.303
0.232
0.229
0.306
0.228
0.288
0.318
0.231
0.289
0.398
0.795
0.296
0.317
0.236
0.23
0.31
0.286
0.306
0.383
0.38
0.242
0.231
0.305
0.543
0.381
0.236
0.29
0.462
1.132
0.231
0.292
0.288
0.231
0.309
0.589
0.232
0.285
0.231
0.298
0.285
0.289
0.231
0.235
0.231
0.231
0.297
0.606
0.298
0.231
0.29
0.316
0.287
0.285
0.231
0.327
0.291
0.233
0.862
0.532
0.288
0.229
0.301
0.289
0.286
0.284
0.294
0.231
0.301
0.232
0.228
0.229
0.231
0.284
0.229
0.227
0.293
0.295
0.23
0.292
0.229
0.286
0.282
0.229
0.285
0.284
0.284
0.314
0.292
0.291
0.233
0.296
0.618
0.304
0.242
0.303
0.24
0.234
0.336
0.295
0.238
0.231
0.232
0.237
0.29
0.234
0.308
0.296
0.592
0.232
0.268
0.238
0.295
0.233
0.232
0.237
0.235
0.233
0.304
0.232
0.23
0.628
0.286
0.435
0.3
0.291
0.233
0.29
0.288
0.289
0.287
0.307
0.286
0.29
0.322
0.288
0.294
0.232
0.297
0.583
0.23
0.287
0.229
0.287
0.298
0.232
0.233
0.23
0.288
0.305
0.231
0.284
0.294
0.233
0.53
0.952
0.293
0.338
0.291
0.294
0.26
0.234
0.256
0.295
0.304
0.409
0.297
0.235
0.303
0.297
0.315
0.238
0.32
0.319
0.236
0.316
0.234
0.297
0.661
0.258
0.305
0.305
0.304
0.779
1.359
0.297
0.32
0.296
0.662
0.236
0.299
0.233
0.348
0.711
0.358
0.234
0.294
0.374
0.673
0.238
0.299
0.236
0.305
0.28
0.234
0.235
0.604
0.307
0.299
0.235
0.252
0.389
0.39
0.313
0.505
0.241
0.308
0.451
0.324
0.289
0.295
0.302
0.379
0.327
0.29
0.479
0.408
0.241
0.302
0.323
0.353
0.303
0.695
0.42
0.44
0.237
0.26
0.321
0.251
0.825
0.577
0.323
0.346
0.297
0.233
0.347
0.309
0.296
0.297
0.239
0.302
0.233
0.237
0.287
0.287
0.446
0.235
0.336
0.232
0.256
0.235
0.296
0.312
0.299
0.291
0.39
0.324
0.997
0.564
0.305
0.295
0.237
0.23
0.23
0.232
0.502
0.366
0.435
0.461
0.486
0.47
0.305
0.684
0.289
0.26
0.542
0.647
0.601
0.342
0.594
0.437
1.119
0.437
0.402
0.357
0.299
0.292
0.594
0.56
0.268
0.261
0.239
0.251
0.321
0.238
0.296
0.262
0.254
0.361
0.305
0.321
0.312
0.324
0.272
0.243
0.301
0.236
0.307
0.24
0.24
0.248
0.237
0.238
0.605
0.305
0.236
0.234
0.326
0.304
0.236
0.416
0.881
0.305
0.256
0.244
0.293
0.306
0.237
0.313
0.302
0.307
0.289
0.236
0.293
0.235
0.236
0.323
0.24
0.339
0.298
0.237
0.611
0.238
0.233
0.301
0.234
0.236
0.297
0.301
0.578
0.238
0.233
0.301
0.252
0.589
0.234
0.239
0.233
0.294
0.291
0.297
0.233
0.291
0.346
0.307
0.295
0.304
0.295
0.324
0.235
0.304
0.305
0.235
0.301
0.308
0.234
0.233
0.233
0.299
0.299
0.298
0.857
0.33
0.327
0.239
0.237
0.298
0.297
0.299
0.239
0.308
0.238
0.297
0.604
0.296
0.31
0.6
0.305
0.296
0.238
0.238
0.238
0.294
0.3
0.293
0.298
0.238
0.299
0.291
0.255
0.54
0.841
0.241
0.261
0.238
0.298
0.236
0.303
0.303
0.304
0.26
0.298
0.247
0.261
0.244
0.323
0.244
0.3
0.254
0.645
0.297
0.237
0.301
0.288
0.301
0.29
0.237
0.239
0.324
0.242
0.302
0.256
0.3
0.627
0.798
0.24
0.294
0.306
0.237
0.24
0.298
0.291
0.317
0.301
0.247
0.62
0.245
0.297
0.256
0.307
0.304
0.302
0.297
0.241
0.3
0.242
0.266
0.3
0.599
0.309
0.24
0.3
0.423
0.667
0.245
0.307
0.299
0.238
0.328
0.3
0.337
0.239
0.242
0.301
0.304
0.602
0.305
0.304
0.304
0.236
0.304
0.32
0.24
0.3
0.297
0.293
0.291
0.297
0.302
0.296
0.237
0.333
0.299
0.332
0.236
0.27
0.239
0.238
0.585
0.256
0.304
0.297
0.299
0.326
0.239
0.3
0.316
0.256
0.237
0.234
0.662
0.304
0.317
0.241
0.316
0.3
0.236
0.304
0.239
0.237
0.236
0.238
0.368
0.499
0.241
0.236
0.236
0.305
0.305
0.239
0.237
0.237
0.597
0.247
0.639
0.307
0.241
0.235
0.237
0.238
0.244
0.297
0.296
0.259
0.599
0.242
0.259
0.237
0.238
0.238
0.239
0.238
0.24
0.241
0.291
0.238
0.239
0.236
0.237
0.235
0.241
0.238
0.258
0.237
0.238
0.235
0.276
0.304
0.613
0.236
0.296
0.236
0.291
0.263
0.262
0.258
0.306
0.238
0.239
0.241
0.309
0.321
0.307
0.239
0.256
0.276
0.243
0.265
0.234
0.24
0.235
0.233
0.238
0.236
0.237
0.238
0.237
0.299
0.292
0.236
0.298
0.235
0.29
0.237
0.622
0.238
0.236
0.297
0.294
0.305
0.299
0.24
0.715
0.69
0.299
0.263
0.291
0.233
0.29
0.234
0.238
0.238
0.234
0.231
0.604
0.239
0.3
0.233
0.237
0.234
0.235
0.24
0.236
0.345
0.242
0.236
0.256
0.305
0.236
0.238
0.241
0.232
0.233
0.234
0.237
0.234
0.235
0.229
0.237
0.234
0.263
0.235
0.233
0.235
0.234
0.235
0.292
0.301
0.235
0.236
0.295
0.234
0.296
0.291
0.293
0.233
0.234
0.234
0.253
0.235
0.232
0.232
0.235
0.234
0.555
0.949
0.309
0.238
0.238
0.235
0.238
0.295
0.236
0.256
0.294
0.238
0.251
0.321
0.313
0.236
0.304
0.309
0.288
0.25
0.234
0.295
0.248
0.229
0.286
0.228
0.247
0.262
0.265
0.253
0.232
0.233
0.596
0.229
0.231
0.251
0.547
0.399
0.305
0.281
0.232
0.243
0.231
0.251
0.229
0.231
0.312
0.228
0.294
0.228
0.307
0.227
0.291
0.321
0.291
0.303
0.25
0.568
0.255
0.229
0.25
0.291
0.285
0.312
0.245
0.227
0.311
0.283
0.292
0.291
0.314
0.606
0.415
0.297
0.298
0.236
0.233
0.247
0.234
0.232
0.292
0.288
0.232
0.233
0.303
0.232
0.583
0.234
0.29
0.234
0.233
0.231
0.232
0.297
0.236
0.236
0.238
0.232
0.231
0.23
0.23
0.299
0.454
0.29
0.657
0.295
0.293
0.325
0.293
0.297
0.233
0.231
0.234
0.229
0.247
0.289
0.228
0.233
0.23
0.231
0.229
0.229
0.231
0.229
0.296
0.29
0.288
0.34
0.388
0.232
0.233
0.31
0.297
0.296
0.291
0.232
0.284
0.295
0.331
0.231
0.599
0.297
0.659
0.253
0.23
0.248
0.232
0.23
0.229
0.265
0.248
0.23
0.284
0.304
0.288
0.341
0.29
0.229
0.311
0.248
0.229
0.228
0.229
0.235
0.228
0.229
0.304
0.229
0.247
0.282
0.228
0.245
0.228
0.24
0.308
0.542
0.547
0.233
0.231
0.248
0.355
0.308
0.231
0.229
0.233
0.236
0.247
0.438
0.284
0.3
0.29
0.283
0.247
0.306
0.25
0.231
0.624
0.231
0.23
0.232
0.251
0.233
0.231
0.231
0.235
0.294
0.603
0.475
0.576
0.292
0.286
0.227
0.228
0.225
0.229
0.231
0.231
0.231
0.232
0.23
0.289
0.287
0.324
0.246
0.232
0.227
0.31
0.292
0.23
0.288
0.292
0.291
0.288
0.29
0.283
0.305
0.294
0.29
0.301
0.291
0.698
1.001
0.231
0.398
0.294
0.231
0.232
0.229
0.229
0.285
0.295
0.33
0.287
0.29
0.291
0.253
0.284
0.289
0.31
0.28
0.278
0.288
0.286
0.289
0.331
0.294
0.298
0.298
0.397
0.642
0.301
0.232
0.296
0.292
0.284
0.293
0.236
0.229
0.23
0.581
0.283
0.282
0.229
0.228
0.232
0.232
0.231
0.232
0.229
0.59
0.287
0.285
0.235
0.299
0.573
0.23
0.232
0.229
0.23
0.231
0.295
0.289
0.312
0.287
0.687
0.314
0.237
0.285
0.309
0.249
0.286
0.294
0.308
0.594
0.232
0.301
0.231
0.285
0.316
0.287
0.283
0.233
0.299
0.252
0.232
0.23
0.251
0.231
0.233
0.252
0.289
0.284
0.296
0.229
0.234
0.298
0.234
0.538
0.698
0.29
0.23
0.229
0.228
0.231
0.23
0.228
0.57
0.283
0.284
0.28
0.228
0.309
0.285
0.286
0.29
0.282
0.284
0.304
0.294
0.303
0.293
0.234
0.227
0.231
0.233
0.285
0.232
0.272
0.292
0.23
0.257
0.288
0.229
0.63
0.242
0.232
0.234
0.285
0.229
0.287
0.232
0.232
0.231
0.308
0.232
0.593
0.266
0.232
0.297
0.291
0.231
0.231
0.23
0.3
0.231
0.323
0.231
0.23
0.286
0.232
0.231
0.23
0.227
0.293
0.228
0.231
0.255
0.234
0.23
0.286
0.287
0.618
0.23
0.23
0.819
0.294
0.29
0.294
0.293
0.231
0.284
0.304
0.232
0.307
0.231
0.23
0.283
0.281
0.278
0.268
0.487
0.234
0.291
0.232
0.295
0.229
0.296
0.232
0.477
0.601
0.352
0.234
0.233
0.234
0.292
0.301
0.287
0.292
0.284
0.309
0.291
0.232
0.285
1.107
0.288
0.231
0.231
0.229
0.312
0.23
0.294
0.231
0.228
0.228
0.371
0.231
0.298
0.285
0.291
0.285
0.283
0.288
0.234
0.232
0.29
0.292
0.311
0.233
0.233
0.23
0.29
0.232
0.288
0.293
0.229
0.231
0.285
0.28
0.651
0.857
0.312
0.293
0.283
0.29
0.284
0.23
0.229
0.29
0.287
0.283
0.287
0.292
0.283
0.286
0.285
0.292
0.231
0.293
0.291
0.23
0.288
0.229
0.231
0.259
0.292
0.298
0.232
0.228
0.228
0.232
0.281
0.474
0.533
0.336
0.29
0.229
0.284
0.296
0.228
0.301
0.282
0.292
0.284
0.29
0.228
0.293
0.287
0.301
0.283
0.288
0.231
0.278
0.286
0.287
0.27
0.294
0.292
0.291
0.288
0.302
0.288
0.282
0.228
0.229
0.292
0.283
0.231
0.231
0.287
0.28
0.228
0.572
0.311
0.348
0.234
0.23
0.287
0.292
0.289
0.287
0.233
0.302
0.297
0.297
0.296
0.233
0.231
0.291
0.284
0.233
0.314
0.232
0.231
0.288
0.295
0.298
0.231
0.229
0.288
0.242
0.289
0.264
0.3
0.232
0.286
0.228
0.23
0.228
0.29
0.802
0.307
0.291
0.292
0.235
0.311
0.286
0.288
0.229
0.284
0.284
0.294
0.231
0.281
0.294
0.286
0.324
0.287
0.23
0.294
0.284
0.231
0.295
0.59
0.293
0.289
0.286
0.291
0.29
0.289
0.289
0.322
0.296
0.433
0.997
0.287
0.285
0.289
0.295
0.249
0.233
0.231
0.284
0.287
0.235
0.229
0.228
0.285
0.231
0.296
0.228
0.23
0.283
0.229
0.228
0.231
0.287
0.287
0.234
0.292
0.287
0.288
0.229
0.232
0.232
0.233
0.231
0.24
0.231
0.294
0.292
0.29
0.864
0.299
0.288
0.293
0.29
0.23
0.296
0.279
0.28
0.23
0.292
0.227
0.279
0.29
0.374
0.58
0.286
0.284
0.284
0.244
0.227
0.227
0.227
0.288
0.284
0.289
0.307
0.277
0.293
0.229
0.283
0.293
0.227
0.227
0.288
0.282
0.23
0.505
0.389
0.292
0.239
0.229
0.287
0.284
0.284
0.321
0.286
0.28
0.283
0.605
0.286
0.282
0.283
0.281
0.334
0.291
0.283
0.229
0.284
0.227
0.225
0.226
0.23
0.285
0.227
0.227
0.311
0.285
0.285
0.281
0.281
0.278
0.291
0.281
0.23
0.228
0.283
0.632
0.303
0.299
0.288
0.232
0.25
0.285
0.284
0.232
0.288
0.228
0.288
0.295
0.284
0.231
0.293
0.384
0.285
0.302
0.291
0.317
0.232
0.238
0.282
0.23
0.292
0.33
0.288
0.232
0.288
0.291
0.578
0.231
0.491
0.232
0.295
0.286
0.284
0.229
0.286
0.302
0.286
0.294
0.291
0.293
0.231
0.297
0.23
0.247
0.289
0.23
0.292
0.286
0.23
0.296
0.228
0.229
0.228
0.227
0.245
0.293
0.286
0.228
0.296
0.285
0.235
0.418
0.345
0.69
0.286
0.283
0.235
0.234
0.307
0.231
0.248
0.306
0.234
0.286
0.304
0.283
0.232
0.26
0.231
0.229
0.29
0.308
0.292
0.296
0.357
0.232
0.292
0.313
0.234
0.287
0.29
0.231
0.326
0.234
0.298
0.293
0.316
0.233
0.486
0.734
0.297
0.249
0.3
0.29
0.234
0.295
0.232
0.288
0.286
0.32
0.286
0.297
0.291
0.23
0.287
0.291
0.29
0.3
0.288
0.294
0.285
0.231
0.228
0.231
0.23
0.228
0.293
0.23
0.234
0.292
0.899
0.64
0.313
0.231
0.285
0.23
0.3
0.228
0.287
0.285
0.287
0.292
0.23
0.285
0.289
0.258
0.297
0.23
0.293
0.231
0.25
0.232
0.233
0.295
0.286
0.234
0.241
0.235
0.288
0.233
0.287
0.287
0.294
0.451
0.587
0.295
0.23
0.228
0.29
0.23
0.292
0.295
0.587
0.247
0.303
0.29
0.236
0.582
0.235
0.23
0.295
0.299
0.234
0.24
0.233
0.233
0.324
0.305
0.309
0.322
0.293
0.235
0.292
0.302
0.297
1.267
0.232
0.232
0.621
0.29
0.239
0.351
0.308
0.232
0.229
0.229
0.32
0.25
0.301
0.24
0.238
0.297
0.235
0.337
0.605
0.235
0.311
0.302
0.245
0.235
0.31
0.304
0.237
0.3
0.24
1.323
0.318
0.238
0.263
0.232
0.287
0.239
0.232
0.234
0.293
0.595
0.297
0.29
0.304
0.232
0.314
0.288
0.231
0.231
0.3
0.302
0.294
0.231
0.29
0.299
0.234
0.234
0.33
0.297
0.299
1.451
0.237
0.287
0.323
0.284
0.285
0.233
0.233
0.302
0.294
0.232
0.253
0.236
0.288
0.237
0.232
0.289
0.296
0.231
0.23
0.58
0.23
0.23
0.234
0.23
0.296
0.289
0.23
0.306
0.291
0.3
0.961
0.743
0.236
0.23
0.231
0.233
0.29
0.231
0.28
0.294
0.295
0.286
0.316
0.283
0.287
0.286
0.288
0.291
0.291
0.233
0.227
0.286
0.228
0.23
0.229
0.327
0.233
0.291
0.239
0.287
0.231
0.23
0.232
0.286
0.295
0.23
0.291
0.231
0.586
0.372
0.296
0.264
0.238
0.231
0.296
0.237
0.233
0.315
0.619
0.301
0.373
0.304
0.233
0.291
0.234
0.238
0.294
0.292
0.233
0.289
0.298
0.233
0.289
0.23
0.288
0.305
0.298
0.302
0.296
0.297
0.238
0.249
0.291
0.289
0.294
0.541
0.236
0.298
0.235
0.233
0.23
0.256
0.234
0.294
0.291
0.294
0.231
0.235
0.333
0.68
0.299
0.302
0.295
0.283
0.287
0.255
0.231
0.289
0.291
0.29
0.293
0.294
0.284
0.383
0.464
0.235
0.289
0.231
0.291
0.283
0.285
0.228
0.306
0.289
0.227
0.256
0.228
0.23
0.294
0.228
0.293
0.292
0.257
0.282
0.231
0.232
0.228
0.297
0.291
0.229
0.308
0.232
0.294
0.282
0.293
0.32
0.231
0.284
0.463
0.292
0.794
0.257
0.302
0.295
0.233
0.301
0.232
0.23
0.291
0.299
0.345
0.233
0.653
0.311
0.237
0.301
0.244
0.639
0.296
0.304
0.238
0.236
0.24
0.257
0.246
0.246
0.321
0.237
0.326
0.307
0.329
0.592
0.603
0.229
0.229
0.233
0.229
0.229
0.283
0.227
0.228
0.287
0.293
0.287
0.228
0.32
0.293
0.285
0.229
0.317
0.245
0.297
0.233
0.234
0.294
0.234
0.357
0.24
0.319
0.294
0.236
0.302
0.238
0.234
0.558
0.752
0.305
0.238
0.292
0.242
0.235
0.299
0.295
0.239
0.293
0.289
0.234
0.251
0.303
0.299
0.233
0.232
0.233
0.303
0.238
0.295
0.286
0.233
0.299
0.287
0.312
0.233
0.299
0.606
0.292
0.552
0.408
0.256
0.3
0.262
0.234
0.229
0.302
0.233
0.23
0.296
0.296
0.229
0.229
0.29
0.289
0.231
0.229
0.244
0.237
0.231
0.232
0.231
0.579
0.289
0.232
0.232
0.227
0.228
0.295
0.227
0.228
0.332
0.286
0.29
0.496
0.516
0.232
0.294
0.247
0.585
0.297
0.235
0.233
0.295
0.233
0.297
0.232
0.297
0.233
0.304
0.267
0.233
0.291
0.231
0.321
0.295
0.234
0.231
0.289
0.291
0.289
0.233
0.288
0.301
0.234
0.233
0.608
0.561
0.293
0.258
0.232
0.285
0.252
0.229
0.612
0.286
0.23
0.306
0.624
0.285
0.226
0.248
0.284
0.291
0.229
0.229
0.284
0.229
0.313
0.23
0.321
0.239
0.619
0.299
0.257
0.237
0.301
0.315
0.301
0.237
0.592
0.229
0.29
0.231
0.228
0.23
0.298
0.286
0.286
0.377
0.59
0.23
0.295
0.233
0.228
0.29
0.298
0.23
0.342
0.291
0.228
0.285
0.296
0.23
0.231
0.232
0.229
0.296
0.294
0.288
0.665
0.615
0.298
0.355
0.232
0.286
0.228
0.231
0.297
0.23
0.291
0.229
0.296
0.286
0.229
0.234
0.228
0.304
0.323
0.281
0.294
0.23
0.296
0.285
0.29
0.294
0.233
0.23
0.314
0.231
0.23
0.295
0.233
0.229
0.293
0.23
0.312
0.583
0.291
0.24
0.3
0.288
0.23
0.311
0.35
0.297
0.589
0.236
0.229
0.233
0.293
0.23
0.304
0.3
0.232
0.233
0.232
0.298
0.294
0.333
0.23
0.292
0.231
0.231
0.231
0.267
0.231
0.232
0.291
0.232
0.298
0.286
0.231
0.561
0.266
0.621
0.293
0.318
0.582
0.262
0.255
0.232
0.235
0.25
0.299
0.289
0.294
0.325
0.296
0.317
0.232
0.232
0.292
0.298
0.232
0.232
0.231
0.297
0.291
0.298
0.307
0.283
0.326
0.234
0.903
0.301
0.307
0.23
0.288
0.292
0.231
0.228
0.303
0.229
0.229
0.288
0.228
0.292
0.285
0.358
0.609
0.298
0.23
0.232
0.291
0.229
0.288
0.292
0.23
0.29
0.231
0.231
0.254
0.235
0.32
0.287
0.584
0.957
0.594
0.232
0.281
0.231
0.231
0.254
0.311
0.286
0.302
0.326
0.233
0.289
0.317
0.231
0.609
0.291
0.295
0.233
0.231
0.588
0.233
0.289
0.287
0.232
0.288
0.302
0.232
0.294
0.297
0.229
0.328
0.295
0.232
0.29
0.683
0.297
0.278
0.309
0.233
0.231
0.277
0.261
0.232
0.236
0.232
0.235
0.232
0.229
0.24
0.229
0.229
0.238
0.593
0.931
0.236
0.229
0.228
0.228
0.229
0.23
0.226
0.224
0.231
0.229
0.229
0.226
0.226
0.227
0.226
0.227
0.227
0.23
0.227
0.229
0.393
0.233
0.232
0.231
0.29
0.228
0.228
0.228
0.233
0.232
0.229
0.229
0.23
0.233
0.562
0.618
0.233
0.229
0.228
0.227
0.224
0.228
0.227
0.228
0.261
0.23
0.231
0.239
0.225
0.227
0.232
0.228
0.232
0.226
0.229
0.23
0.228
0.23
0.23
0.691
0.548
0.521
0.232
0.233
0.235
0.303
0.381
0.509
0.548
0.302
0.289
0.235
0.235
0.232
0.228
0.232
0.229
0.231
0.229
0.226
0.228
0.232
0.228
0.228
0.231
0.289
0.226
0.234
0.291
0.286
0.225
0.265
0.231
0.232
0.23
0.257
0.232
0.23
0.229
0.228
0.27
0.235
0.295
0.23
0.286
0.231
0.233
0.229
0.23
0.483
0.801
0.237
0.238
0.229
0.288
0.228
0.23
0.229
0.23
0.229
0.23
0.23
0.269
0.297
0.231
0.233
0.289
0.232
0.227
0.233
0.228
0.23
0.229
0.582
0.229
0.289
0.231
0.23
0.23
0.23
0.228
0.231
0.231
0.315
0.234
0.231
0.23
0.234
0.293
0.229
0.23
0.229
0.299
0.477
0.283
0.233
0.228
0.227
0.287
0.232
0.231
0.295
0.282
0.23
0.287
0.229
0.23
0.289
0.233
0.229
0.227
0.229
0.317
0.281
0.23
0.229
0.285
0.23
0.283
0.288
0.282
0.285
0.289
0.334
0.232
0.229
0.23
0.403
0.292
0.288
0.279
0.601
0.304
0.293
0.238
0.23
0.295
0.307
0.299
0.384
0.301
0.231
0.281
0.293
0.232
0.301
0.229
0.581
0.294
0.298
0.23
0.311
0.23
0.235
0.284
0.232
0.288
0.229
0.23
0.328
0.271
0.244
0.295
0.295
0.286
0.688
0.24
0.233
0.289
0.286
0.232
0.281
0.294
0.286
0.248
0.284
0.282
0.293
0.286
0.288
0.281
0.283
0.229
0.296
0.291
0.296
0.291
0.292
0.292
0.238
0.292
0.317
0.295
0.23
0.297
0.289
0.234
0.568
0.499
0.296
0.228
0.288
0.288
0.229
0.29
0.229
0.293
0.333
0.29
0.283
0.284
0.229
0.292
0.323
0.291
0.284
0.231
0.29
0.287
0.229
0.294
0.307
0.229
0.297
0.294
0.31
0.232
0.293
0.296
0.229
0.297
0.291
0.23
0.287
0.304
0.287
0.321
0.432
1.057
0.627
0.451
0.517
0.395
0.393
0.579
0.534
0.505
0.696
0.501
0.72
0.396
0.501
0.448
0.563
0.243
0.232
0.256
0.229
0.23
0.294
0.275
0.23
0.293
0.261
0.292
0.295
0.252
0.304
0.338
0.308
0.289
0.29
0.288
0.287
0.313
0.234
0.236
0.297
0.607
0.633
0.286
0.282
0.232
0.284
0.229
0.228
0.288
0.297
0.291
0.294
0.358
0.287
0.294
0.288
0.229
0.285
0.307
0.23
0.231
0.29
0.234
0.229
0.228
0.327
0.287
0.293
0.283
0.292
0.288
0.307
0.321
0.229
0.29
0.293
0.678
0.635
0.305
0.327
0.287
0.291
0.285
0.226
0.287
0.227
0.227
0.227
0.224
0.284
0.319
0.229
0.294
0.227
0.278
0.286
0.28
0.295
0.228
0.619
0.228
0.227
0.226
0.23
0.227
0.226
0.227
0.286
0.321
0.28
0.282
0.285
0.231
0.303
0.285
0.229
0.633
0.824
0.292
0.233
0.228
0.304
0.287
0.282
0.289
0.285
0.295
0.291
0.281
0.283
0.283
0.232
0.29
0.292
0.284
0.29
0.241
0.327
0.287
0.317
0.229
0.314
0.23
0.293
0.289
0.229
0.286
0.334
0.283
0.229
0.297
0.285
0.29
0.293
0.848
0.298
0.289
0.299
0.231
0.29
0.294
0.256
0.228
0.23
0.295
0.229
0.287
0.457
0.24
0.295
0.286
0.32
0.338
0.286
0.296
0.285
0.287
0.232
0.284
0.316
0.233
0.231
0.294
0.288
0.231
0.288
0.228
0.706
0.396
0.43
0.233
0.292
0.297
0.574
0.231
0.23
0.23
0.306
0.233
0.289
0.294
0.232
0.287
0.231
0.286
0.294
0.289
0.288
0.29
0.293
0.231
0.594
0.291
0.231
0.23
0.286
0.231
0.283
0.342
0.492
0.991
0.231
0.288
0.231
0.232
0.288
0.322
0.289
0.286
0.23
0.307
0.231
0.598
0.231
0.297
0.23
0.286
0.283
0.231
0.233
0.282
0.289
0.231
0.231
0.23
0.288
0.286
0.232
0.234
0.31
0.291
0.291
0.472
0.792
0.301
0.234
0.297
0.23
0.23
0.23
0.232
0.289
0.23
0.288
0.289
0.288
0.232
0.284
0.231
0.308
0.229
0.287
0.23
0.232
0.232
0.271
0.528
0.289
0.323
0.569
0.41
0.613
0.425
0.694
0.301
0.289
0.589
0.375
0.238
0.23
0.296
0.287
0.286
0.284
0.23
0.228
0.228
0.286
0.295
0.228
0.265
0.23
0.228
0.288
0.234
0.286
0.333
0.231
0.228
0.228
0.287
0.229
0.227
0.295
0.289
0.294
0.568
0.295
0.291
0.602
0.342
0.515
0.294
0.231
0.287
0.26
0.235
0.232
0.316
0.227
0.246
0.229
0.229
0.287
0.23
0.307
0.234
0.228
0.307
0.281
0.311
0.25
0.295
0.281
0.311
0.293
0.229
0.291
0.234
0.289
0.229
0.249
0.23
1.062
0.234
0.292
0.227
0.284
0.228
0.227
0.228
0.283
0.229
0.228
0.296
0.309
0.291
0.29
0.328
0.226
0.289
0.267
0.291
0.229
0.23
0.228
0.231
0.287
0.237
0.291
0.248
0.23
0.296
0.248
0.292
0.338
0.229
0.227
0.231
0.288
0.381
0.436
0.622
0.234
0.298
0.292
0.233
0.31
0.286
0.248
0.236
0.295
0.23
0.234
0.234
0.229
0.228
0.229
0.292
0.231
0.287
0.229
0.285
0.284
0.342
0.324
0.287
0.296
0.233
0.266
0.233
0.231
0.227
0.234
0.458
0.885
0.231
0.301
0.288
0.228
0.228
0.288
0.285
0.234
0.29
0.3
0.229
0.282
0.228
0.288
0.282
0.283
0.279
0.294
0.324
0.259
0.24
0.307
0.24
0.616
0.241
0.308
0.243
0.31
0.24
0.312
0.31
0.286
0.312
0.58
0.318
0.238
0.236
0.234
0.235
0.237
0.305
0.295
0.293
0.235
0.296
0.323
0.305
0.606
0.328
0.238
0.302
0.299
0.299
0.237
0.298
0.247
0.235
0.241
0.305
0.31
0.302
0.307
0.243
0.249
0.466
0.801
0.308
0.306
0.247
0.23
0.314
0.247
0.232
0.227
0.23
0.294
0.314
0.295
0.301
0.257
0.392
0.29
0.38
0.411
0.347
0.388
0.373
0.395
0.333
0.305
0.286
0.296
0.251
0.231
0.287
0.634
0.23
0.244
0.231
0.253
0.299
0.231
0.317
0.299
0.48
0.646
0.298
0.287
0.294
0.233
0.231
0.294
0.286
0.23
0.293
0.289
0.228
0.294
0.295
0.235
0.307
0.231
0.287
0.282
0.259
0.291
0.287
0.287
0.583
0.228
0.23
0.295
0.286
0.281
0.228
0.228
0.229
0.232
0.295
0.295
0.292
0.381
0.316
0.316
0.289
0.261
0.289
0.231
0.228
0.231
0.293
0.287
0.263
0.233
0.23
0.284
0.255
0.232
0.228
0.231
0.229
0.282
0.228
0.252
0.232
0.289
0.229
0.23
0.293
0.617
0.23
0.233
0.238
0.232
0.294
0.285
0.286
0.378
0.451
0.32
0.234
0.231
0.232
0.286
0.267
0.3
0.231
0.292
0.293
0.233
0.229
0.29
0.229
0.23
0.286
0.25
0.295
0.23
0.285
0.294
0.287
0.232
0.299
0.228
0.292
0.233
0.594
0.23
0.256
0.303
0.232
0.291
0.468
0.302
0.393
0.231
0.229
0.229
0.34
0.233
0.233
0.3
0.284
0.23
0.229
0.274
0.233
0.227
0.232
0.294
0.287
0.227
0.228
0.286
0.322
0.23
0.29
0.229
0.264
0.229
0.229
0.286
0.232
0.287
0.231
0.23
0.231
0.583
1.56
0.313
0.232
0.231
0.226
0.287
0.291
0.285
0.232
0.229
0.577
0.229
0.246
0.229
0.598
0.228
0.225
0.576
0.288
0.578
0.227
0.293
0.228
0.296
0.285
0.279
0.228
0.226
0.29
0.293
0.627
0.495
0.294
0.281
0.227
0.23
0.283
0.263
0.313
0.23
0.294
0.292
0.228
0.23
0.232
0.284
0.227
0.228
0.227
0.228
0.293
0.293
0.296
0.25
0.227
0.576
0.227
0.286
0.226
0.226
0.261
0.237
0.23
0.228
0.509
1.095
0.305
0.287
0.233
0.29
0.23
0.233
0.227
0.291
0.228
0.228
0.226
0.29
0.292
0.231
0.332
0.232
0.607
0.295
0.285
0.23
0.292
0.23
0.294
0.293
0.295
0.296
0.283
0.302
0.294
0.289
0.31
0.286
0.23
0.228
0.289
0.631
0.244
0.292
0.228
0.296
0.231
0.263
0.234
0.296
0.296
0.309
0.235
0.306
0.342
0.285
0.29
0.23
0.285
0.304
0.233
0.236
0.236
0.291
0.306
0.285
0.233
0.244
0.255
0.263
0.307
0.311
0.329
0.301
0.236
0.299
0.235
0.234
0.236
0.504
0.615
0.295
0.23
0.304
0.326
0.295
0.238
0.231
0.236
0.31
0.299
0.236
0.254
0.234
0.302
0.291
0.353
0.31
0.29
0.29
0.235
0.233
0.236
0.293
0.234
0.3
0.258
0.236
0.237
0.259
0.242
0.24
0.25
0.23
0.287
0.307
0.291
0.295
0.465
0.443
0.303
0.293
0.329
0.29
0.293
0.302
0.234
0.338
0.585
0.231
0.227
0.294
0.288
0.316
0.305
0.309
0.312
0.231
0.282
0.323
0.286
0.284
0.228
0.292
0.229
0.295
0.232
0.293
0.294
0.231
0.289
0.299
0.393
0.815
0.298
0.229
0.306
0.23
0.291
0.231
0.287
0.235
0.228
0.286
0.289
0.228
0.286
0.288
0.266
0.231
0.23
0.297
0.231
0.323
0.234
0.229
0.231
0.289
0.578
0.297
0.229
0.287
0.29
0.287
0.231
0.288
0.297
0.323
0.641
0.232
0.229
0.227
0.232
0.228
0.229
0.288
0.224
0.322
0.23
0.229
0.285
0.244
0.233
0.289
0.294
0.287
0.226
0.284
0.292
0.28
0.278
0.226
0.281
0.286
0.228
0.289
0.287
0.228
0.227
0.298
0.311
0.231
0.285
0.231
0.227
0.389
0.797
0.302
0.232
0.282
0.228
0.233
0.23
0.233
0.291
0.232
0.303
0.308
0.616
0.294
0.299
0.283
0.289
0.403
0.297
0.237
0.293
0.345
0.235
0.231
0.232
0.309
0.232
0.247
0.241
0.237
0.236
0.232
0.229
0.23
0.32
0.231
0.361
0.583
0.236
0.233
0.322
0.23
0.362
0.239
0.236
0.304
0.239
0.238
0.234
0.239
0.234
0.233
0.297
0.323
0.263
0.242
0.303
0.306
0.234
0.236
0.318
0.307
0.244
0.247
0.309
0.243
0.24
0.313
0.267
0.316
0.303
0.244
0.242
0.243
0.306
0.46
0.237
0.233
0.236
0.242
0.245
0.309
0.305
0.236
0.266
0.24
0.236
0.311
0.308
0.278
0.249
0.241
0.32
0.328
0.237
0.235
0.315
0.31
0.311
0.314
0.305
0.243
0.314
0.242
0.264
0.245
0.353
0.252
0.244
0.312
0.63
0.244
0.36
0.231
0.231
0.312
0.235
0.29
0.232
0.303
0.235
0.256
0.236
0.235
0.271
0.237
0.235
0.236
0.258
0.237
0.302
0.238
0.281
0.655
0.295
0.255
0.241
0.296
0.597
0.318
0.258
0.261
0.244
0.254
0.296
0.238
0.303
0.943
0.327
0.597
0.301
0.305
0.295
0.237
0.598
0.292
0.292
0.294
0.296
0.233
0.292
0.3
0.298
0.257
0.244
0.32
0.287
0.243
0.23
0.294
0.246
0.305
0.234
0.301
0.298
0.3
0.266
0.244
0.255
0.304
0.235
0.38
0.293
0.288
0.232
0.299
0.308
0.296
0.248
0.241
0.24
0.235
0.297
0.237
0.303
0.611
0.685
0.238
0.618
0.254
0.317
0.297
0.307
0.236
0.236
0.238
0.235
0.249
0.302
0.315
0.769
0.503
0.239
0.23
0.229
0.233
0.312
0.234
0.237
0.338
0.234
0.235
0.297
0.3
0.311
0.299
0.311
0.295
0.237
0.3
0.235
0.296
0.238
0.293
0.251
0.24
0.238
0.254
0.296
0.293
0.295
0.302
0.234
0.288
0.55
0.825
0.231
0.295
0.226
0.263
0.585
0.306
0.297
0.301
0.235
0.264
0.24
0.239
0.599
0.255
0.296
0.297
0.235
0.235
0.239
0.237
0.611
0.324
0.236
0.261
0.237
0.256
0.236
0.332
0.228
0.903
0.239
0.593
0.229
0.231
0.603
0.679
0.318
0.308
0.303
0.24
0.239
0.24
0.241
0.3
0.235
0.24
0.259
0.237
0.293
0.612
0.234
0.238
0.233
0.293
0.307
0.252
0.956
0.238
0.23
0.296
0.586
0.361
0.232
0.358
0.308
0.242
0.316
0.329
0.295
0.243
0.294
0.295
0.301
0.263
0.305
0.295
0.239
0.289
0.235
0.241
0.326
0.24
0.253
0.241
0.3
0.291
0.27
0.242
0.314
0.254
0.315
0.315
0.636
0.301
0.29
0.283
0.288
0.293
0.58
0.282
0.23
0.289
0.326
0.296
0.241
0.244
0.255
0.235
0.251
0.302
0.236
0.293
0.293
0.234
0.3
0.3
0.233
0.29
0.296
0.31
0.298
0.244
0.238
0.293
0.246
0.238
0.294
0.667
0.316
0.312
0.231
0.23
0.287
0.296
0.286
0.572
0.225
0.318
0.239
0.242
0.239
0.238
0.249
0.25
0.251
0.31
0.303
0.251
0.24
0.237
0.613
0.291
0.296
0.333
0.32
0.298
0.322
0.301
0.301
0.3
0.241
0.312
0.293
0.309
0.302
0.512
0.617
0.239
0.247
0.234
0.231
0.322
0.246
0.314
0.312
0.301
0.301
0.241
0.302
0.301
0.247
0.299
0.305
0.243
0.242
0.305
0.244
0.332
0.242
0.242
0.245
0.312
0.627
0.244
0.244
0.244
0.619
0.322
0.287
0.363
0.246
0.252
0.485
0.304
0.248
0.243
0.24
0.239
0.247
0.252
0.266
0.315
0.245
0.247
0.625
0.244
0.246
0.246
0.316
0.248
0.322
0.249
0.244
0.315
0.242
0.309
0.241
0.24
0.244
0.305
0.243
0.309
0.329
0.244
0.346
0.304
0.317
0.313
0.31
0.243
0.411
0.303
0.296
0.251
0.232
0.316
0.249
0.242
0.305
0.243
0.3
0.24
0.316
0.249
0.333
0.24
0.299
0.277
0.244
0.644
0.266
0.304
0.241
0.244
0.244
0.242
0.243
0.333
0.248
0.251
0.323
0.24
0.242
0.239
0.303
0.624
0.311
0.353
0.549
0.308
0.236
0.238
0.237
0.323
0.268
0.619
0.245
0.248
0.247
0.243
0.315
0.27
0.262
0.313
0.247
0.259
0.247
0.248
0.318
0.249
0.248
0.284
0.338
0.306
0.254
0.309
0.244
0.249
0.243
0.249
0.262
0.315
0.256
0.319
0.32
0.313
0.249
1.361
0.24
0.358
0.248
0.673
0.276
0.322
0.318
0.316
0.315
0.385
0.317
0.351
0.66
0.325
0.26
0.325
0.237
0.32
0.262
0.621
0.61
0.331
0.323
0.651
0.334
0.325
0.639
0.252
0.53
0.707
0.342
0.237
0.239
0.317
0.619
0.295
0.23
0.235
0.229
0.3
0.354
0.57
0.275
0.259
0.615
0.555
0.283
0.356
0.288
0.225
0.274
0.227
0.229
0.297
0.553
0.238
0.235
0.309
0.296
0.233
0.294
0.289
0.408
0.55
0.43
0.301
0.313
0.235
0.287
0.298
0.25
0.231
0.295
0.317
0.233
0.288
0.232
0.228
0.234
0.229
0.332
0.234
0.3
0.232
0.294
0.287
0.231
0.286
0.296
0.231
0.233
0.23
0.298
0.231
0.291
0.229
0.23
0.286
0.293
0.296
0.231
0.229
0.312
0.234
0.231
0.625
0.552
0.233
0.287
0.233
0.234
0.336
0.232
0.233
0.295
0.233
0.295
0.284
0.29
0.232
0.295
0.316
0.301
0.295
0.247
0.285
0.293
0.331
0.238
0.336
0.294
0.329
0.256
0.308
0.235
0.306
0.284
0.231
0.312
0.247
0.243
0.24
0.262
0.307
0.242
0.575
0.715
0.3
0.636
0.253
0.355
0.28
0.316
0.243
0.316
0.268
0.24
0.303
0.241
0.332
0.3
0.315
0.3
0.239
0.31
0.608
0.311
0.242
0.309
0.303
0.24
0.312
0.308
0.236
0.333
0.235
0.275
0.235
0.235
0.294
0.31
0.299
0.242
0.243
0.3
0.267
0.929
0.327
0.234
0.3
0.237
0.236
0.306
0.3
0.242
0.324
0.315
0.245
0.257
0.253
0.242
0.245
0.311
0.311
0.322
0.308
0.309
0.307
0.343
0.305
0.3
0.251
0.315
0.667
0.25
0.244
0.244
0.242
0.664
0.25
0.321
0.229
0.287
0.296
0.238
0.314
0.669
0.251
0.261
0.303
0.244
0.242
0.317
0.239
0.312
0.241
0.242
0.244
0.311
0.241
0.271
0.62
0.678
0.65
0.242
0.246
0.306
0.243
0.622
0.246
0.603
0.311
0.32
0.228
0.313
0.297
0.229
0.314
0.298
0.302
0.238
0.235
0.233
0.346
0.24
0.307
0.243
0.306
0.298
0.242
0.301
0.246
0.24
0.241
0.303
0.322
0.321
0.321
0.256
0.285
0.243
0.317
0.305
0.304
0.303
0.242
0.316
0.314
0.429
0.514
0.24
0.241
0.296
0.301
0.357
0.256
0.252
0.25
0.647
0.32
0.259
0.244
0.242
0.245
0.241
0.24
0.313
0.25
0.331
0.241
0.245
0.243
0.314
0.247
0.244
0.311
0.313
0.254
0.245
0.247
0.252
0.248
0.265
0.314
0.907
0.65
0.616
0.237
0.235
0.243
0.303
0.305
0.309
0.307
0.313
0.235
0.235
0.319
0.607
0.318
0.243
0.309
0.304
0.297
0.241
0.239
0.242
0.315
0.234
0.237
0.32
0.309
0.241
0.24
0.242
0.265
0.304
0.3
0.241
0.238
0.311
0.331
0.401
0.498
0.307
0.24
0.316
0.302
0.234
0.29
0.313
0.308
0.313
0.279
0.227
0.247
0.297
0.288
0.246
0.246
0.245
0.243
0.304
0.31
0.332
0.3
0.236
0.306
0.292
0.253
0.245
0.246
0.258
0.237
0.238
0.329
0.251
0.509
0.315
0.265
0.304
0.236
0.601
0.25
0.25
0.642
0.302
0.249
0.253
0.282
0.258
0.248
0.262
0.301
0.312
0.28
0.25
0.307
0.301
0.243
0.241
0.272
0.306
0.245
0.326
0.251
0.251
0.318
0.313
0.241
0.304
0.633
0.557
0.434
0.787
0.228
0.229
0.295
0.229
0.577
0.305
0.233
0.233
0.327
0.314
0.305
0.24
0.238
0.236
0.238
0.341
0.241
0.242
0.308
0.24
0.298
0.363
0.247
0.248
0.325
0.323
0.308
0.241
0.312
0.309
0.241
0.242
0.336
0.622
0.243
0.243
0.28
0.239
0.298
0.296
0.298
0.242
