2464
6448
7680
8200
14404
16204
17752
18480
16016
12032
10800
10280
4076
2276
728
0
2464
6448
7680
8200
14404
16204
17752
18480
16016
12032
10800
10280
4076
2276
728
0
2464
6448
7680
8200
14404
16204
17752
18480
16016
12032
10800
10280
4076
2276
728
0
2464
6448
7680
8200
14404
16204
17752
18480
16016
12032
10800
10280
4076
2276
728
0
2464
6448
7680
8200
14404
16204
17752
18480
20481
21903
22087
27787
31487
44423
41959
37975
36743
36223
30019
28219
26671
25943
28407
32391
33623
34143
40347
42147
43695
44423
41959
37975
36743
36223
30019
28219
26671
25943
28407
32391
33623
34143
40347
42147
43695
44423
46223
53903
60943
64408
70672
82432
86184
92814
95694
93230
89246
88014
87494
81290
79490
77942
77214
79678
83662
84894
84894
84894
84894
84894
84894
84894
84894
84894
84894
84894
84894
82430
78446
77214
77214
77214
77214
77214
77214
79678
83662
84894
85414
91618
93418
94966
95694
102624
104424
110124
110764
118444
118634
122386
123538
130474
128010
124026
122794
122274
116070
114270
112722
111994
114458
118442
119674
120194
126398
128198
129746
130474
128010
124026
122794
122274
116070
114270
112722
111994
123514
121714
114034
106994
103529
97265
85505
81753
75123
72243
74043
81723
88763
92228
98492
110252
114004
120634
123514
116584
114784
109084
108444
100764
100574
96822
95670
88734
95664
97464
103164
103804
111484
111674
115426
116578
123514
116584
114784
109084
108444
100764
100574
96822
95670
88734
95664
97464
103164
103804
111484
111674
115426
116578
123514
121714
114034
106994
103529
97265
85505
81753
75123
72243
74043
81723
88763
92228
98492
110252
114004
120634
123514
111994
123514
116584
114784
109084
108444
100764
100574
96822
95670
88734
88734
90534
90534
90534
90534
90724
90724
90724
90724
91300
112186
113240
117524
129907
141571
143717
146491
147011
158531
156731
167056
159376
152336
158036
158463
154998
155638
149374
152974
141214
150214
146462
146462
139832
144056
141176
142976
150656
157696
161161
167425
179185
182937
189567
192447
200127
205986
214046
214046
214046
214046
214406
216701
217853
217853
216053
216053
216053
216053
215863
215863
215863
215863
222793
224593
230293
230933
230933
231123
234875
236027
236027
224507
214182
208482
208055
207415
203815
194815
194815
190591
190591
190591
196291
196291
196291
199891
199891
199891
204115
204115
204115
198415
198415
198415
194815
194815
194815
190591
202111
202111
207811
208238
208878
212478
221478
221478
225702
214182
214182
207252
205452
199752
199112
199112
198922
195170
194018
194018
194018
195818
195818
195818
195818
196008
199760
199760
199760
197960
190280
183240
179775
173511
161751
157999
151369
148489
136969
136969
131269
130842
130202
126602
117602
117602
113378
124898
135223
140923
141350
141990
145590
154590
154590
158814
158814
157014
157014
157014
157014
156824
153072
153072
153072
160002
161802
167502
168142
175822
176012
179764
180916
187852
176332
166007
160307
159880
159240
155640
146640
146640
142416
153936
164261
169961
170388
171028
174628
183628
183628
187852
189004
189004
201820
201820
190300
179975
174275
173848
173208
169608
160608
160608
156384
156384
156384
156384
156811
156811
160411
160411
160411
160411
153481
151681
145981
145341
137661
137471
133719
132567
125631
132561
134361
140061
140701
148381
148571
152323
153475
160411
160411
171931
171931
171931
171931
171504
171504
167904
167904
167904
167904
179424
189749
195449
195876
196516
200116
209116
209116
213340
205660
199801
191741
191741
191741
191741
191381
189086
187934
195614
201473
201473
203819
203819
215339
215699
217994
219146
217145
215723
215539
209839
206139
193203
195204
196626
196810
202510
202510
202510
201358
201358
188542
188542
189694
205234
218050
221578
227278
227422
234352
246016
234496
224171
218471
218044
217404
213804
204804
204804
200580
212100
222425
228125
228552
228552
232152
232152
232152
232152
225222
223422
217722
217082
209402
209212
205460
204308
197372
204302
206102
211802
211802
211802
211992
215744
216896
216896
211196
211052
204122
192458
192458
192602
192602
192602
181082
170757
165057
164630
164630
161030
161030
161030
161030
159878
144338
131522
127994
129146
144686
157502
161030
154100
152300
146600
146600
146600
146410
142658
141506
141506
143507
143697
149397
159722
163142
163142
163142
162998
162998
162998
168698
168842
175772
175772
182708
186481
194541
226066
229414
231709
232136
234910
223390
234910
229210
229066
222136
222136
227836
227980
234910
246574
245422
229882
217066
213538
214690
230230
243046
246574
239638
235865
227805
196280
192932
190637
190210
187436
194372
198145
206205
237730
241078
243373
243800
246574
246889
258745
260167
271687
272047
266347
266203
259273
247609
253309
253453
253453
265117
270017
275876
276408
276984
292824
295952
289016
285243
277183
245658
242310
240015
239588
236814
243750
247523
255583
255583
258931
261226
261653
264427
263275
247735
234919
231391
232543
248083
260899
264427
258727
258583
258583
246919
252619
252763
259693
271357
263677
257818
257818
255472
255472
243952
243592
241297
240145
247825
253684
261744
264090
276473
287993
288353
290648
291800
280280
291800
284864
281091
273031
273031
269683
267388
266961
264187
271123
274896
282956
282956
286304
286304
286304
286304
280604
280460
273530
261866
263288
266416
266416
268468
272452
276924
278472
278472
277320
261780
248964
245436
244014
240886
240886
238834
234850
230378
228830
228830
230252
233380
233912
235964
239948
244420
245968
249741
248319
245191
244659
242607
238623
234151
232603
228830
230252
233380
233912
235964
239948
244420
245968
249741
249165
228279
227225
222941
223517
244403
245457
249741
242805
239032
230972
230972
227624
227624
227624
227624
234560
238333
246393
277918
281266
283561
283988
286762
285340
282212
281680
279628
275644
271172
269624
265851
267273
270401
270933
272985
276969
281441
282989
286762
289226
293210
294442
294962
301166
302966
304514
305242
303820
300692
300160
298108
294124
289652
288104
284331
285753
288881
289413
291465
295449
299921
301469
301469
299005
295021
293789
293269
287065
285265
283717
282989
285453
289437
290669
291189
297393
299193
300741
301469
300047
296919
296387
294335
290351
285879
284331
284331
285753
288881
289413
291465
295449
299921
301469
305242
298306
294533
286473
254948
251600
249305
248878
246104
243640
239656
238424
237904
231700
229900
228352
227624
230088
234072
235304
235824
242028
243828
245376
246104
244682
241554
241022
238970
234986
230514
228966
225193
226615
229743
230275
232327
236311
240783
242331
242331
239867
235883
234651
234131
227927
226127
214607
213059
212331
214795
218779
220011
220531
226735
228535
230083
230811
232043
232771
235651
239875
242170
240748
237620
237088
235036
231052
226580
225032
225032
226454
229582
230114
232166
236150
240622
242170
245943
244521
241393
240861
238809
234825
230353
228805
225032
222568
218584
217352
216832
210628
208828
207280
206552
209016
213000
214232
214752
220956
220956
222504
223232
220768
216784
215552
215032
208828
208828
207280
206552
209016
213000
214232
214752
220956
222756
224304
225032
222568
218584
217352
216832
210628
208828
207280
206552
209016
213000
214232
214752
214752
214752
216300
217028
209348
203489
195429
193083
180700
169180
168820
166525
165373
165373
171232
179292
179292
179292
190812
191172
191172
191172
188708
184724
183492
182972
182972
182972
181424
180696
183160
187144
188376
188896
195100
196900
198448
199176
196712
192728
191496
190976
184772
182972
181424
180696
183160
187144
188376
188896
195100
196900
198448
199176
196712
192728
191496
190976
184772
182972
181424
180696
183160
187144
188376
188896
195100
196900
198448
199176
196712
192728
191496
190976
184772
182972
181424
180696
187241
187241
188393
201329
201689
203489
206597
204596
203174
202990
197290
197290
197290
199291
200713
200897
206597
210297
223233
229365
242181
242541
243018
258558
262842
265137
265137
259278
251218
251218
251218
239698
239338
239338
239338
247018
252877
260937
263283
275666
287186
287546
289841
290993
284448
284448
283296
270360
270000
268200
265092
271637
271637
272789
272789
273149
274949
278057
277481
256595
255541
251257
251833
272719
273773
278057
270377
264518
256458
254112
241729
230209
229849
227554
226402
234082
239941
248001
250347
250347
261867
262227
262227
263379
262147
261419
258539
254315
252020
253252
253980
256860
261084
263379
263064
251208
249786
238266
237906
238221
250077
251499
263019
263379
269643
291303
291303
293103
286558
286558
285406
285406
285046
283246
280138
286683
316545
317697
330633
330993
332793
335901
329769
316953
316593
316116
300576
296292
293997
300129
312945
313305
313782
329322
329322
331617
329616
329426
323726
313401
309981
309981
309981
310171
310171
310171
310171
310171
302491
296632
288572
286226
286226
274706
274346
274346
273194
273194
279053
279053
279053
279053
290573
290933
293228
294380
292379
290957
290773
285073
281373
268437
270438
271860
272044
272044
275744
275744
269199
239337
238185
225249
224889
223089
219981
226526
256388
257540
270476
270836
272636
275744
269480
247820
247820
246020
252284
273944
309889
311689
314153
318137
319369
319889
326093
327893
329441
330169
327705
323721
322489
321969
315765
313965
312417
311689
314153
318137
319369
319889
326093
327893
329441
330169
333869
342449
350509
350869
353305
350841
346857
345625
345105
338901
337101
335553
334825
337289
341273
342505
343025
343025
343025
343025
343753
341289
337305
336073
335553
335553
335553
335553
334825
337289
341273
342505
343025
343025
343025
344573
344573
344573
338714
338714
338714
338714
327194
326834
324539
323387
323387
329246
329246
329246
329246
329246
329606
331901
333053
330589
326605
325373
324853
324853
324853
323305
323305
325769
329753
330985
331505
337709
339509
341057
341785
341209
320323
319269
314985
315561
336447
337501
341785
339321
335337
334105
333585
327381
325581
324033
323305
325769
329753
330985
331505
337709
339509
341057
341785
335240
305378
304226
291290
290930
289130
286022
292567
322429
323581
336517
336877
338677
341785
339321
335337
334105
333585
327381
325581
324033
323305
325769
329753
330985
331505
337709
337709
339257
339257
333125
320309
319949
319472
303932
303932
301637
299173
295189
293957
293437
287233
287233
285685
285685
288149
292133
293365
293885
300089
301889
303437
304165
302933
302205
299325
295101
292806
294038
294766
297646
301870
304165
301701
297717
296485
295965
289761
287961
286413
285685
288149
292133
293365
293885
300089
301889
303437
304165
301701
297717
296485
295965
289761
287961
286413
285685
288149
292133
293365
293885
300089
301889
303437
304165
307865
308180
319940
326520
333065
335501
361835
369895
367431
363447
362215
361695
355491
353691
352143
351415
346515
340656
340124
339548
323708
320580
314316
292656
256711
254911
261175
282835
318780
320580
328260
328260
331608
332840
335135
346799
348431
352031
352031
352031
346172
346172
346172
346172
346172
345812
343517
342365
350045
355904
363964
366310
378693
390213
390573
392868
394020
399720
399864
406794
418458
412758
412614
405684
394020
394020
394164
401094
401094
394549
364687
363535
350599
350239
348439
345331
351876
381738
382890
395826
396186
397986
401094
401094
400950
394020
394020
399720
399864
406794
418458
412758
412614
405684
394020
399720
399864
406794
406794
404793
403371
403187
403187
399487
399487
401488
402910
403094
408794
412494
425430
425115
413259
407559
407415
405993
394473
387543
387183
387183
387498
393198
405054
405198
406620
413550
425214
436734
437094
424711
413047
410901
408127
407607
407607
407607
409753
412527
413047
413407
416935
423199
423199
424849
424849
421149
420834
409074
402494
395949
393513
367179
359119
362819
363134
374894
374894
374894
374894
374894
374894
369194
369050
362120
350456
356156
356300
363230
374894
367214
361355
353295
350949
338566
327046
326686
324391
323239
317539
317395
310465
298801
292537
270877
234932
233132
233132
233132
233132
233132
226587
196725
195573
182637
182277
180477
177369
183914
213776
214928
227864
228224
230024
233132
234932
242612
249652
253117
259381
271141
274893
274893
277773
277197
256311
255257
250973
251549
272435
273489
277773
284709
288482
296542
328067
331415
333710
334137
336911
336911
336721
336721
336721
336721
336721
336721
336911
336911
336911
336911
336911
335679
334951
332071
327847
325552
326784
327512
330392
334616
336911
329975
326202
318142
286617
283269
280974
280547
277773
277773
277773
277773
277773
281121
281121
281121
281121
279321
271641
263961
263961
260613
253573
250108
248876
242612
240317
228557
216893
213141
211509
211509
207909
205029
205029
206829
214509
222189
235125
242165
245513
248978
250210
256474
258769
270433
282193
285945
287577
287577
291177
291177
294057
294057
294057
294057
294057
290709
290709
290709
290709
297645
301418
309478
341003
344351
344351
344351
344351
340651
340336
328576
328576
328576
328576
328576
328576
332276
332591
344351
350931
357476
359912
386246
394306
387761
357899
356747
343811
343451
341651
338543
345088
374950
376102
389038
389398
389398
392506
385570
381797
373737
342212
338864
338864
338864
338864
338864
342637
342637
342637
345985
345985
345985
345985
344185
336505
329465
326000
319736
307976
304224
304224
301344
303144
310824
317864
321329
327593
339353
343105
349735
352615
352759
353291
353291
349518
349518
349518
346170
346170
346170
346170
353106
353106
353106
353106
353106
353106
353106
353106
353106
353106
353106
353106
359370
381030
381030
382830
375894
375894
375894
375894
375894
375894
375894
375894
374094
366414
359374
355909
349645
337885
334133
327503
324623
326423
334103
341143
344608
350872
362632
366384
373014
375894
376534
376534
377805
382277
382277
383005
383293
386641
386641
389105
393089
394321
394841
401045
402845
404393
404393
405545
406185
409065
412173
415301
418649
420944
418480
414496
413264
412744
406540
404740
403192
403192
405656
409640
410872
410872
410872
410872
410872
410872
410728
410196
410340
410872
408408
404424
403192
403192
403192
403192
403192
403192
405656
409640
410872
411392
417596
419396
420944
420944
418943
417521
417337
411637
407937
395001
397002
398424
398608
398608
398608
398608
396144
392160
390928
390408
384204
382404
380856
380856
383320
387304
388536
389056
395260
397060
398608
399336
397536
389856
382816
379351
373087
361327
357575
350945
348065
341520
311658
310506
297570
297210
297210
294102
300647
330509
331661
344597
344957
346757
349865
347401
343417
342185
341665
335461
333661
332113
331385
333849
337833
339065
339585
345789
347589
349137
349865
347401
343417
342185
341665
335461
333661
332113
331385
333849
337833
339065
339585
345789
347589
349137
349865
347401
343417
342185
341665
335461
333661
332113
331385
333849
333849
335081
335081
335081
335081
335081
335081
336503
336503
336503
336503
336503
336503
336503
336503
336359
335827
335971
336503
332803
332488
320728
314148
307603
305167
278833
270773
268309
268309
267077
267077
267077
267077
267077
267077
269541
273525
274757
275277
281481
283281
284829
285557
284135
284135
284135
284135
284135
284135
284135
284135
285557
288685
289217
291269
295253
299725
301273
305046
305046
305046
305046
305046
305046
308646
308646
308646
312870
310406
306422
305190
304670
298466
296666
295118
294390
296854
300838
302070
302590
308794
307372
304244
306044
307592
307060
307788
305736
301752
297280
295732
291959
293381
296509
297041
299093
303077
307549
309097
312870
311448
308320
307788
305736
301752
297280
295732
291959
293381
296509
297041
299093
303077
307549
309097
309097
306633
302649
301417
300897
294693
292893
291345
290617
293081
297065
298297
298817
305021
306821
308369
309097
309097
309097
309097
309097
309097
305497
305497
305497
301273
312793
323118
328818
329245
329885
333485
342485
342485
346709
345287
342159
341627
339575
335591
331119
329571
329571
330993
334121
334653
336705
340689
345161
346709
350482
348018
344034
342802
342282
336078
334278
332730
332002
324322
311386
308038
306806
304511
292847
291215
287615
287615
287615
287615
290963
292195
294490
306154
307786
311386
311386
309964
306836
306304
304252
300268
295796
294248
290475
291897
295025
295025
297077
297077
297077
298625
298625
292361
270701
270701
268901
275165
296825
296825
298625
287105
276780
271080
270653
270013
266413
257413
257413
253189
264709
275034
280734
281161
281801
285401
294401
294401
294401
292979
289851
289851
287799
287799
287799
286251
286251
287673
290801
291333
293385
297369
301841
303389
307162
306586
285700
284646
280362
280218
279686
279830
280362
278940
275812
275280
273228
269244
264772
263224
259451
260873
264001
264001
264001
267985
272457
272457
272457
260937
250612
244912
244485
243845
240245
231245
231245
231245
242765
242765
248465
248892
249532
253132
253132
253132
257356
255934
252806
252806
252806
248822
244350
244350
244350
243118
242390
239510
235286
232991
226446
196584
195432
182496
182136
180336
177228
183773
183773
184925
197861
198221
200021
203129
191609
191609
185909
185482
184842
181242
181242
181242
177018
188538
198863
204563
204990
205630
209230
218230
218230
222454
222139
210283
208861
197341
196981
197296
209152
210574
222094
222454
210934
200609
194909
194482
193842
190242
181242
181242
177018
188538
198863
204563
204990
205630
209230
218230
218230
222454
222310
221778
221922
222454
210934
200609
194909
194482
193842
190242
181242
181242
177018
188538
198863
204563
204990
205630
209230
218230
218230
222454
223094
224642
224642
227770
227770
227770
227770
227770
228346
216826
206501
200801
200374
199734
196134
187134
187134
182910
194430
194430
200130
200557
201197
204797
204797
204797
209021
208661
205133
198869
198869
197219
197219
197579
201107
207371
214411
216061
223411
211891
211891
206191
205764
205124
201524
201524
201524
197300
197156
196624
196768
197300
190755
190755
189603
176667
176307
174507
171399
165135
143475
143475
141675
154491
155545
171049
176908
179254
178614
178614
177343
172871
172871
172143
171855
168507
168507
169147
169543
170814
175286
182636
183364
183652
187000
187000
186856
186324
186468
187000
184999
183577
183393
183393
183393
183393
185394
186816
187000
192700
196400
209336
209336
209336
205988
204756
202461
190797
189165
185565
185565
193245
206181
209529
210761
213056
213056
214688
218288
218288
221708
233564
238036
241564
242986
243506
259346
259490
259490
259490
259300
259300
259300
259300
259300
261301
261491
267191
277516
280936
310798
310654
310122
310266
310266
309114
308474
305594
302486
299358
296010
293715
294867
294867
297747
300855
300855
300855
300855
307400
313259
334145
347081
352781
352925
359855
359855
354155
354011
347081
347081
352781
352925
352925
352925
349505
337649
333177
329649
328227
327707
311867
311723
311723
315143
326999
331471
334999
336421
336941
336941
337085
337085
336941
336941
337085
337617
331917
331773
331773
331773
337473
337617
344547
356211
358675
362659
363891
364411
370615
372415
373963
373963
377383
413328
410864
406880
405648
405128
398924
397124
395576
395576
395576
395576
396808
396808
396808
396808
396808
396808
391108
390964
384034
372370
372370
372370
372370
372370
372370
372370
371138
371138
371138
371138
371138
371138
373602
377586
378818
379338
385542
387342
388890
389618
387154
383170
381938
381418
375214
373414
371866
371138
371138
371138
373602
373602
373602
377586
377586
378818
378818
378818
378818
378818
380366
380366
380366
380366
380366
380366
386066
386210
393140
404804
402340
398356
397124
397124
397124
397124
395576
395576
395432
394900
397364
401348
402580
403100
409304
411104
412652
412652
410188
406204
404972
404452
398248
396448
394900
394900
397364
401348
402580
403100
409304
411104
412652
413380
407680
407536
400606
388942
388942
389086
396016
396016
393552
389568
388336
387816
381612
379812
378264
377536
377536
381520
382752
383272
383272
383272
384820
381400
382128
370272
365800
362272
360850
360330
360330
360186
360186
363606
375462
379934
383462
384884
385404
401244
401388
401388
401388
397404
396172
395652
395652
395652
394104
393376
395840
399824
401056
401576
407780
409580
411128
411856
411856
411712
404782
404782
404782
404782
404782
402318
398334
397102
396582
390378
388578
387030
386302
388766
392750
393982
394502
400706
402506
404054
404782
402318
398334
397102
396582
390378
388578
387030
386302
386302
390286
391518
392038
398242
398242
399790
400518
393973
388114
367228
354292
360837
366696
387582
387582
379902
366966
363618
362386
360091
360091
358459
354859
354859
354859
354859
358207
359439
361734
361734
363366
366966
366966
366966
362982
361750
361230
355026
355026
353478
352750
349050
340470
332410
332050
329614
333314
341894
349954
350314
352750
352435
340579
339157
327637
327277
327592
327592
329014
329014
329374
325954
314098
309626
306098
304676
304156
288316
288172
288172
291592
303448
307920
311448
312870
313390
329230
329374
332839
330838
329416
329232
323532
319832
306896
308897
310319
310503
316203
319903
332839
332199
331803
330532
326060
318710
317982
317694
314346
314346
314986
315382
316653
321125
328475
329203
329491
332839
332839
333567
339267
339267
340419
340707
340707
340707
340707
340707
340707
340707
356211
363147
363147
362787
359259
352995
345955
344305
336955
337315
340843
347107
354147
355797
355797
352377
340521
336049
332521
331099
330579
314739
314595
311130
314550
326406
330878
334406
335828
336348
352188
352332
352332
345787
339928
319042
319042
325587
331446
352332
352332
351180
351180
348300
345192
345192
345192
345192
346344
346984
349864
352972
356100
359448
361743
358323
346467
341995
338467
337045
336525
320685
320541
320541
323961
323961
328433
328433
329855
330375
330375
330375
330375
330375
330375
327027
325795
323500
323500
321868
318268
318268
325948
338884
342232
343464
345759
357423
359055
359055
359055
343551
336615
336615
352119
359055
359055
359055
359055
356909
354135
353615
365998
377662
379808
379808
380328
381480
381480
381480
381480
378060
342115
345535
345535
347881
349213
349733
351155
351155
351582
351582
351870
350718
350718
350718
350718
350718
350718
350718
350718
353598
365118
367413
374453
378226
376225
376035
370335
360010
356590
326728
328729
328919
334619
334619
338039
338039
334619
334619
330147
330147
328725
328205
328205
328205
328205
328205
328205
328205
328205
329357
329357
329357
332885
326340
320481
299595
299595
306140
306140
306140
306140
304988
304988
304988
301460
302612
302612
315428
318956
303452
296516
296516
296516
303452
303452
301451
300029
299845
294145
290445
277509
279510
280932
281116
281116
284816
284816
286238
289366
289898
291950
295934
300406
301954
305727
304575
304575
291759
288231
289383
304923
317739
321267
320627
319205
318809
315681
314410
313878
311826
307354
300004
296020
295292
290820
290532
288984
285211
281863
281863
283285
283925
287053
287053
287449
288720
288720
293192
297176
301648
308998
310546
311274
311274
311562
314910
335796
332916
321396
319101
312061
308288
311168
322688
324983
332023
335796
334374
331246
331246
331246
327262
322790
321242
321242
322664
322664
322664
322664
322664
322664
324212
324212
322790
322790
322790
322790
322790
322790
321242
321242
322664
325792
326324
328376
332360
336832
338380
342153
342153
342153
342153
342153
342153
342153
342153
342153
345033
343611
340483
339951
337899
333915
329443
327895
324122
325544
328672
329204
331256
335240
339712
341260
345033
343881
328341
315525
311997
310575
307447
306915
304863
300879
296407
294859
291086
292508
295636
296168
296168
300152
304624
306172
306172
305857
305857
304435
304435
304075
304390
316246
317668
329188
329548
328126
324998
324466
324466
320482
316010
314462
314462
315884
319012
319544
321596
325580
330052
331600
331600
334064
338048
339280
339800
346004
347804
349352
350080
348658
345530
344998
342946
338962
334490
332942
332942
334364
337492
338024
340076
344060
348532
350080
353853
346173
333237
329889
328657
326362
314698
313066
313066
313066
320746
320746
324094
325326
327621
339285
340917
340917
340917
338453
334469
333237
332717
326513
324713
323165
322437
324901
328885
330117
330637
336841
338641
340189
340189
338767
335639
335107
333055
329071
324599
323051
319278
319278
319278
319278
319278
319278
319278
319278
319278
316398
318198
318198
325238
325238
331502
343262
347014
347014
349894
347430
343446
342214
341694
335490
333690
332142
332142
334606
338590
339822
340342
346546
348346
349894
350622
348158
344174
342942
342422
336218
334418
332870
332142
332142
336126
337358
337878
337878
337878
339426
339426
339426
335442
334210
333690
333690
333690
332142
332142
334606
338590
339822
340342
346546
348346
349894
350622
350622
343686
343686
343686
343686
343686
337141
337141
337141
337141
343686
343686
343686
343686
340806
329286
326991
319951
316178
319058
330578
332873
339913
343686
341222
337238
336006
335486
329282
327482
325934
325206
327670
331654
332886
333406
339610
341410
342958
343686
341886
341886
334846
334846
328582
316822
313070
313070
310190
311990
319670
326710
326710
332974
344734
348486
348486
351366
348902
344918
343686
343166
336962
335162
333614
332886
335350
339334
340566
341086
347290
349090
350638
351366
338550
337496
321992
316133
313787
326603
327657
343161
349020
349020
346556
342572
341340
340820
334616
332816
331268
330540
333004
336988
338220
338740
344944
346744
348292
349020
346556
342572
341340
340820
334616
332816
331268
330540
333004
336988
338220
338740
344944
346744
348292
349020
346556
342572
341340
340820
334616
332816
331268
330540
330540
330540
331772
331772
331772
331772
331772
331772
331772
331772
330540
330540
330540
330540
330540
330540
328740
321060
314020
314020
307756
295996
292244
292244
289364
291164
291164
291164
291164
297428
309188
312940
312940
315820
314668
314028
311148
308040
304912
301564
299269
299269
299269
302149
302149
302149
302149
302149
301789
298261
291997
284957
283307
283307
289511
292976
293616
305999
303119
291599
289304
282264
278491
281371
292891
295186
302226
305999
304199
304199
304199
304199
297935
286175
282423
282423
279543
279543
279543
279543
295047
301983
309663
315363
315507
322437
334101
330681
330681
334101
334101
328401
328257
321327
309663
315363
315507
315507
327171
320626
320626
320626
320626
318625
317203
317019
317019
313319
313319
315320
316742
316926
322626
326326
339262
333562
333418
333418
321754
321754
321898
321898
321898
314218
314218
310870
309638
307343
295679
294047
294047
294047
294047
294047
297395
298627
300922
312586
314218
317818
317818
317818
317674
317674
317674
323374
323518
323518
323518
320638
309118
306823
299783
296010
298890
310410
312705
319745
323518
317818
317674
317674
317674
317674
317818
317818
317818
317178
316782
315511
311039
303689
302961
302673
299325
278439
279079
279475
280746
285218
292568
293296
293584
296932
296932
296932
296788
296788
296788
302488
302632
302632
302632
302632
302632
303784
288280
281344
273664
267964
267820
267820
267820
265819
265629
259929
259929
256509
256509
258510
258700
264400
274725
278145
278145
275265
263745
261450
254410
250637
253517
265037
267332
274372
278145
278572
290332
305872
311731
318831
321711
323763
328235
325889
324557
324037
322615
322615
322188
322188
321900
324246
325578
326098
327520
331804
332231
332871
333159
334707
347523
353727
353412
341556
340134
328614
328254
328569
328569
329991
341511
341871
341871
341871
338523
337291
334996
323332
321700
318100
318100
325780
338716
342064
343296
345591
357255
358887
362487
362487
359607
348087
345792
338752
334979
337859
349379
351674
358714
362487
364951
368935
370167
370687
376891
378691
380239
380967
378503
374519
373287
372767
366563
364763
363215
362487
362487
366471
367703
368223
374427
374427
375975
376703
376703
372719
371487
370967
364763
364763
363215
362487
364951
368935
370167
370687
376891
378691
380239
380967
378503
374519
373287
372767
366563
364763
363215
362487
364951
368935
370167
370687
376891
376891
376891
376891
376891
376891
374011
374011
374011
374011
374011
372010
370588
370404
364704
361004
348068
351596
352650
356115
362660
373268
370804
366820
365588
365068
358864
358864
358864
358864
361328
365312
366544
367064
373268
375068
376616
377344
377344
377344
377344
377771
377771
381371
381371
381371
385595
389295
389610
401370
407950
414495
416931
416931
424991
422527
418543
417311
416791
410587
408787
407239
406511
408975
412959
414191
414711
420915
422715
424263
424991
422527
418543
417311
416791
410587
408787
407239
406511
406511
406511
406511
406511
406511
406084
406084
406084
406084
406084
402484
402484
402484
404032
404032
399808
399808
411328
411328
411328
411755
411755
415355
415355
415355
415355
422285
424085
424085
424085
424085
424275
424275
425427
425427
425427
425427
425427
425427
425427
425427
423879
423879
426343
430327
431559
432079
438283
440083
441631
442359
438939
438939
438939
438939
436059
424539
422244
415204
411431
414311
425831
428126
435166
438939
427419
427419
427419
426992
426992
423392
423392
423392
423392
434912
445237
450937
451364
451364
454964
454964
454964
459188
456724
452740
451508
450988
444784
442984
441436
440708
440708
444692
445924
446444
446444
446444
447992
447992
447992
444008
442776
442256
442256
442256
440708
440708
440708
444692
445924
445924
445924
445924
445924
445924
434404
424079
418379
417952
417952
414352
414352
414352
410128
410128
410128
410128
410128
410128
413728
413728
413728
417952
411022
409222
409222
409222
409222
409032
409032
407880
407880
407880
409680
415380
416020
416020
416210
419962
421114
421114
421114
417130
415898
415898
415898
415898
415898
415898
415258
414862
413591
409119
401769
401041
400753
397405
397405
398045
398441
399712
404184
411534
412262
412550
415898
415898
409694
406229
405589
393206
399410
399410
399410
399410
399410
399410
399410
399410
399410
395810
395810
395810
391586
403106
403106
403106
403533
403533
407133
407133
407133
411357
407657
399077
391017
390657
388221
391921
400501
408561
408921
408921
408921
407121
401421
400781
400781
400591
396839
395687
395687
402617
404417
410117
410757
410757
410947
414699
415851
422787
411267
411267
411267
410840
410840
407240
407240
407240
403016
414536
424861
430561
430988
431628
435228
444228
444228
448452
455388
459161
467221
467221
470569
472864
472864
472864
474916
474916
476092
464572
454247
448547
448120
447480
443880
434880
434880
430656
442176
452501
452501
452928
452928
456528
456528
456528
460752
453816
450043
441983
441983
438635
436340
436340
436340
443276
447049
440119
438319
446379
440679
472204
471564
474912
477207
477207
477634
477444
480218
476466
475314
468378
468378
468378
468378
468378
468378
468568
468568
468568
468568
457048
446723
446723
446296
446296
442696
442696
442696
438472
438472
438472
438472
438472
438472
438472
438472
438472
438472
435592
424072
421777
414737
410964
413844
425364
427659
427659
431432
424496
420723
412663
381138
377790
375495
375068
372294
372294
372294
372294
372294
372294
372294
372294
372294
372294
372294
372294
372294
372294
372294
372294
372294
372294
364614
351678
348330
347098
344803
333139
331507
327907
327907
335587
331887
331572
344508
332748
336096
337328
330748
333043
326498
326498
324062
325694
325694
317634
321234
321234
324934
325249
337009
343589
350134
352570
378904
386964
386964
386964
386964
386964
386964
386774
386774
386774
386774
386774
386774
386774
386774
386774
386964
386964
386964
386964
386964
386964
386964
386964
386964
386964
386964
386964
393900
397673
397673
397673
401021
403316
403743
403743
403743
403743
403743
403743
403743
403553
403553
403553
403553
403553
403553
403553
403553
403553
403553
403553
403553
403553
396617
392844
392844
392844
389496
387201
386774
386774
393710
397483
405543
405543
408891
411186
411613
411613
411613
411613
411613
411613
411613
411613
411613
411613
411613
411613
413413
419113
419753
419753
419943
423695
423695
423695
416759
412986
404926
404926
401578
399283
398856
398856
395976
384456
382161
382161
378388
381268
392788
395083
402123
405896
405896
405896
405896
404096
398396
397756
397756
397566
393814
393814
393814
400744
402544
402544
402544
402544
402734
402734
402734
402734
400682
400682
399506
401558
401558
402734
395804
394004
394004
394004
394004
393814
393814
393814
393814
400744
402544
408244
408884
416564
416754
420506
421658
428594
428279
428279
426857
415337
414977
414977
414977
414977
414977
414977
411277
410962
399202
392622
386077
383641
357307
349247
349247
349247
349247
349247
349247
349247
349247
349247
347246
347056
341356
331031
327611
327611
327611
327801
327801
327801
331221
331221
318838
307174
305028
305028
304508
316891
316891
319037
319037
319557
319557
312627
310827
305127
304487
296807
296617
292865
291713
284777
284777
284777
285137
285137
285137
285137
285137
272321
271267
255763
249904
249904
249904
249904
249904
249904
249904
247024
235504
233209
226169
222396
222396
222396
222396
222396
222396
222396
222396
222396
222396
222396
222396
222396
214716
201780
198432
197200
194905
194905
193273
189673
189673
189673
189673
189673
189673
189673
189673
189673
189673
192137
196121
197353
197873
204077
205877
207425
208153
211033
215017
214377
213981
212710
208238
200888
200160
199872
196524
196524
197164
197560
198831
203303
210653
211381
211669
215017
235903
233439
229455
228223
227703
221499
219699
218151
217423
219887
223871
225103
225623
231827
233627
235175
235903
233439
229455
228223
227703
221499
219699
218151
218151
217423
217423
220843
223307
227291
263236
264468
264988
271192
272992
274540
274540
272194
270862
270342
268920
264636
264209
263569
263281
265627
266959
267479
268901
268901
269328
269968
270256
267792
263808
262576
262056
255852
254052
252504
252504
254968
258952
260184
260704
266908
268708
270256
270256
267792
263808
262576
262056
255852
254052
252504
252504
254968
258952
260184
260704
266908
268708
270256
270984
268520
264536
263304
262784
256580
254780
253232
252504
254968
258952
260184
260704
266908
268708
270256
270984
268520
264536
263304
262784
256580
254780
253232
252504
254968
258952
260184
260704
266908
268708
270256
270984
268932
268932
267756
269808
278778
279954
277490
273506
272274
271754
265550
263750
262202
261474
263938
267922
269154
269674
275878
277678
279226
279954
279954
279954
279954
279954
279954
279954
279954
279954
277490
273506
272274
271754
265550
263750
262202
261474
263938
267922
269154
269674
275878
275878
277426
277426
274962
270978
269746
269226
263022
263022
261474
261474
261474
262896
256692
256692
256692
256692
262896
266361
267001
279384
279384
279384
279024
279024
279024
279024
279024
285156
297972
298332
298809
314349
318633
320928
326628
326772
326772
338436
332736
332592
332592
320928
326628
326772
326772
338436
340236
347916
347916
347916
354180
365940
369692
376322
379202
373502
373358
373358
361694
367394
367538
374468
374468
368768
368624
361694
361694
367394
367538
374468
386132
384080
375110
373934
375986
375986
377162
375362
367682
367682
367682
361418
349658
345906
339276
336396
338196
345876
352916
356381
362645
374405
378157
378157
381037
375337
375193
368263
356599
362299
362443
362443
362443
373963
368263
368119
368119
368119
368119
368263
368263
368263
365383
361399
364279
368263
368263
368119
368119
368119
366319
358639
351599
348134
341870
330110
326358
326358
323478
325278
325278
325278
325278
331542
331542
335294
335294
338174
354014
353374
352978
351707
347235
339885
339157
338869
335521
314635
314635
314635
314635
314635
314635
314950
326806
328228
339748
340108
339681
327921
312381
306522
299422
296542
294490
290018
290018
290018
290018
290018
290018
292898
292898
292898
291476
292898
281378
292898
291098
291098
291098
291098
284834
284834
281082
281082
278202
280002
287682
294722
298187
304451
316211
319963
326593
329473
330895
334023
334555
336607
340591
345063
346611
346611
340479
327663
327303
326826
311286
307002
304707
303285
300157
299625
297573
293589
289117
287569
287569
288991
292119
292651
294703
298687
303159
304707
308480
307058
303930
303398
301346
297362
292890
291342
287569
288991
292119
292651
294703
298687
303159
304707
304707
301287
265342
263920
260792
260260
258208
254224
249752
248204
248204
249626
252754
253286
255338
259322
263794
265342
269115
267315
259635
252595
249130
242866
231106
227354
220724
217844
216422
213294
212762
210710
206726
202254
200706
196933
198355
201483
202015
204067
208051
212523
214071
217844
216422
213294
212762
210710
206726
202254
200706
196933
198355
201483
202015
204067
208051
212523
214071
217844
216422
213294
212762
210710
206726
202254
200706
196933
198355
201483
202015
204067
208051
212523
214071
217844
206324
217844
215792
215792
214616
216668
225638
226814
226814
226624
226624
226624
223204
223204
225205
225395
231095
241420
244840
244840
243418
240290
239758
237706
233722
229250
227702
223929
225351
228479
229011
231063
235047
239519
241067
244840
244840
244840
248613
278475
277053
273925
273393
271341
267357
262885
261337
257564
257564
257564
256412
278072
283931
285083
286354
289482
292362
292362
298626
298626
300258
304730
304730
293210
304730
307194
311178
312410
312930
319134
320934
322482
323210
320746
316762
315530
315010
308806
307006
305458
304730
307194
311178
312410
312930
319134
320934
322482
323210
320746
316762
315530
315010
308806
307006
305458
304730
307194
311178
312410
312930
319134
320934
322482
323210
319682
318628
315163
308618
298010
295546
291562
290330
289810
283606
281806
280258
279530
281994
285978
287210
287730
293934
293934
295482
296210
297386
301138
302643
303003
314523
312059
308075
306843
306323
300119
300119
298571
297843
300307
304291
305523
306043
312247
314047
315595
316323
314901
316323
313859
309875
308643
308123
301919
300119
298571
297843
300307
304291
305523
306043
312247
314047
315595
316323
304803
316323
313859
309875
308643
308123
301919
300119
298571
297843
300307
304291
305523
306043
312247
314047
315595
316323
313977
312645
312125
310703
310703
310276
309636
309348
311694
313026
313546
314968
314968
315395
316035
316323
313859
309875
308643
308123
301919
300119
298571
297843
300307
304291
305523
306043
312247
314047
315595
316323
315052
311924
309044
309044
302780
302780
301148
296676
296676
297947
301075
303955
306729
312993
312993
314625
319097
319097
316633
312649
311417
310897
304693
302893
301345
300617
303081
307065
308297
308817
315021
316821
318369
318369
316317
307347
306171
308223
317193
318369
315489
311505
314385
318369
315905
311921
310689
310169
303965
302165
300617
300617
303081
307065
308297
308817
315021
316821
318369
319097
318369
312669
312669
311517
311229
311229
311229
311229
308765
304781
303549
303029
296825
295025
293477
292749
286545
283080
282440
270057
276261
279726
280366
292749
281229
292749
281229
282381
297921
297921
301449
300178
297050
294170
291396
285132
285132
283500
279028
279028
280299
283427
286307
289081
295345
317885
319517
323989
334314
333999
322143
320721
309201
308841
309156
321012
322434
333954
334314
330614
322034
313974
313614
313614
312192
313614
313614
313614
313614
313614
313614
326430
327484
342988
348847
351193
350041
334501
334501
330973
332125
347665
347665
347665
355345
356995
359875
363475
376291
376291
376291
374239
365269
364093
366145
366145
367321
366169
350629
350629
350629
351781
367321
380137
380137
378985
363445
350629
350629
350629
350629
350629
350629
350629
350629
350629
350629
351781
367321
380137
383665
382394
379266
376386
373612
367348
344808
343176
338704
328379
329650
332778
335658
338432
344696
367236
368868
373340
373340
370460
366476
369356
373340
375804
379788
381020
381540
387744
389544
391092
391820
390668
375128
362312
358784
356320
352336
351104
350584
344380
342580
341032
340304
342768
346752
347984
348504
354708
356508
358056
358784
356320
352336
351104
350584
344380
342580
341032
340304
342768
346752
347984
348504
354708
356508
358056
358056
356055
355865
350165
339840
336420
336420
339548
339548
339548
343248
343976
343976
343976
341512
337528
336296
335776
329572
327772
326224
326224
328688
332672
333904
334424
340628
342428
343976
344704
343528
339776
338271
337911
326391
327567
331319
331319
331319
331679
333184
333184
333544
333544
335194
335194
338794
340065
340065
345015
345015
342551
338567
337335
336815
330611
328811
327263
326535
326535
326535
326535
327055
327055
327055
327055
327055
325003
325003
323827
323827
323827
323827
323827
323827
327427
327427
327427
327427
327427
327427
327427
326907
326907
326907
326907
326907
329371
333355
334587
335107
341311
343111
344659
345387
342923
338939
337707
337187
330983
329183
327635
326907
326907
330891
330891
331411
331411
331411
331411
331411
331411
331411
331411
331411
331411
327811
327811
327811
327811
339331
349656
355356
353934
354361
354361
355783
355783
355783
355783
355783
355783
351799
351799
351279
351279
351279
351279
351279
353743
357727
358959
359479
365683
367483
369031
369759
357376
357376
355230
355230
354710
354710
354710
354710
354710
355230
343710
333385
327685
327258
327258
327258
327258
327258
327258
338778
349103
354803
355230
355870
359470
368470
368470
372694
370230
366246
365014
364494
358290
356490
354942
354214
356678
360662
361894
362414
368618
368618
370166
370166
367702
363718
362486
361966
355762
355762
354214
354214
356678
360662
361894
362414
368618
370418
370418
370418
358898
348573
342873
342446
341806
338206
329206
329206
324982
336502
336502
342202
342629
343269
346869
346869
346869
351093
347320
317458
321231
351093
348629
344645
343413
342893
336689
334889
334889
334889
333618
330490
327610
324836
318572
296032
284512
284512
282880
278408
272708
272708
272281
271641
272912
269312
269312
272440
272440
275320
271096
271096
277360
288880
311420
321745
323377
327849
333549
333549
333976
334616
338216
347216
347216
351440
339920
329595
323895
323468
322828
319228
310228
310228
306004
317524
327849
333549
333976
334616
338216
347216
347216
351440
339920
329595
323895
323468
322828
319228
310228
310228
306004
317524
327849
333549
333976
334616
338216
338216
338216
342440
336236
332771
332131
319748
325952
329417
330057
342440
330920
320595
314895
314468
313828
310228
310228
310228
306004
317524
327849
333549
333976
334616
338216
338216
338216
342440
330920
320595
314895
314468
313828
310228
310228
310228
306004
298324
296674
293794
290194
277378
277378
277378
285058
286708
289588
293188
306004
310228
310228
307882
306550
306030
304608
304608
304181
303541
303253
308953
309349
315553
317899
320779
324199
329099
328784
316928
315506
303986
303626
302355
299227
296347
296347
290083
267543
265911
261439
261439
262710
265838
268718
271492
277756
277756
279388
283860
283860
292860
293148
305964
304542
301662
297678
300558
304542
305774
306502
309382
313606
315901
315261
313713
313713
310585
310585
310585
310585
310585
310009
310009
310009
310009
310009
310009
307129
307129
307129
307556
319316
334856
340715
340715
343595
345647
350119
348848
345720
342840
340066
333802
333802
332170
327698
327698
328969
332097
334977
337751
344015
366555
368187
372659
382984
381808
378056
378056
377696
377696
378872
382624
384129
384489
384489
385217
424817
425177
425753
438136
439558
442686
442686
442686
446670
446670
446670
446670
449134
453118
454350
454870
461074
462874
464422
465150
463728
460600
460600
460600
456616
456616
456616
456616
458038
461166
461166
461166
465150
465150
466698
466698
466698
466842
466842
466842
465420
462292
462292
462292
458308
458308
456760
456760
458182
461310
458846
459378
455394
454162
456214
460198
459678
453474
457946
459494
457694
456146
459919
459191
461655
465639
466871
467391
473595
475395
476943
477671
476249
473121
472589
470537
466553
462081
460533
456760
458182
461310
461842
463894
467878
472350
473898
477671
475207
471223
469991
469471
463267
461467
459919
459191
459191
459191
459191
459711
459711
459711
461259
461259
461259
461259
461259
461259
463554
472134
479070
481950
480528
477400
476868
474816
470832
466360
464812
461039
462461
465589
466121
468173
472157
476629
478177
481950
481950
481806
481806
481806
487506
487650
494580
506244
506244
506244
506244
505724
505724
505724
504176
504176
504176
508160
509392
509912
509912
509912
511460
511460
510038
506910
506378
504326
500342
495870
494322
490549
491971
495099
495631
497683
501667
506139
507687
511460
511460
507476
506244
505724
505724
505724
504176
504176
504176
508160
509392
509912
516116
516116
517664
517664
516242
513114
512582
510530
506546
502074
500526
496753
496753
496753
496753
496753
496753
496753
496753
496753
491053
490909
483979
472315
478015
478159
485089
496753
496753
492769
491537
491017
484813
484813
484813
484813
484813
483265
483265
483265
483265
485729
485729
485729
489713
489713
490945
491465
492887
499091
500891
504019
504551
506099
506827
508879
512863
517335
518883
522656
521234
518106
517574
515522
511538
507066
505518
501745
499281
495297
494065
493545
487341
485541
483993
483265
483265
487249
488481
489001
489001
489001
489001
489001
489001
489001
489001
489001
489001
489001
489001
489001
483301
483157
476227
464563
470263
470407
477337
477337
477337
477337
477337
477337
477337
477337
477337
477337
477337
473353
472121
471601
471601
471601
471601
471601
474065
478049
479281
479801
486005
487805
489353
490081
490081
490081
494305
498078
498078
495614
491630
490398
489878
483674
481874
480326
479598
482062
486046
487278
487798
494002
495802
497350
498078
492378
492234
485304
485304
491004
491148
491148
491148
491148
491148
491148
491148
491148
491148
491148
491148
498084
501857
509917
509917
513265
515560
515987
515987
513523
509539
508307
507787
501583
499783
498235
497507
499971
503955
505187
505707
511911
513711
515259
515987
508307
506657
503777
500177
487361
483137
483137
490817
492467
495347
498947
511763
515987
515987
514716
511588
508708
505934
499670
477130
475498
471026
460701
461972
465100
467980
470754
477018
499558
501190
505662
515987
510287
510143
507679
507679
503695
503695
502463
501943
507643
501439
501583
499783
506713
505165
516829
516101
509165
505392
497332
497332
493984
491689
491262
491262
498198
501971
501971
501971
505319
507614
506382
506382
506382
505654
502774
498550
496255
496255
496255
496255
496255
496255
497487
498215
498215
501915
517419
519765
520053
517173
513189
507489
507345
500415
488751
467091
461232
460080
460080
465939
467091
460155
456382
456382
456382
453034
450739
450739
450739
450739
450739
450739
450739
450739
450739
450739
450739
445039
444643
438439
436093
433213
429793
424893
430593
430989
437193
437193
440073
443493
448393
448393
448393
448393
448393
448393
448393
448393
448393
448393
452166
455586
455586
455586
455586
455586
455586
460536
460536
460536
460536
460536
460536
460536
460536
467472
471245
479305
510830
514178
516473
516900
519674
513470
510005
509365
496982
496982
496982
501662
501662
501662
501662
501662
501662
501662
503462
511142
511142
511142
517406
517406
521158
527788
530668
523732
519959
511899
480374
477026
474731
474304
471530
458714
457660
442156
436297
433951
430178
400316
404089
433951
432151
424471
424471
424471
418207
418207
414455
407825
404945
406745
406745
406745
406745
406745
406745
406745
406745
409625
417305
423164
431224
433570
445953
457473
457833
460128
461280
460009
456881
454001
451227
444963
422423
420791
416319
405994
405994
404344
404344
400744
399473
399473
394523
394523
394523
396173
396173
399773
399773
399773
404723
404723
404723
400950
397530
397530
397530
392580
392580
392580
392580
392580
392580
392580
392580
392580
392580
392580
390780
390780
390780
390780
390780
390780
390780
390780
387900
389700
397380
404420
407885
414149
425909
429661
436291
439171
436043
436043
436043
432343
431615
431615
431615
434743
443743
447208
450908
451636
481498
481498
479698
472018
464978
461513
455249
443489
439737
433107
430227
432027
439707
439707
439707
445971
457731
461483
461483
464363
456683
450824
442764
440418
428035
416515
416155
413860
412708
420388
426247
434307
436653
449036
460556
460916
463211
464363
464363
464363
464363
464363
464363
464363
464363
464363
480203
483976
487396
493941
502001
506951
527837
549497
548321
544569
543064
542704
542704
543880
547632
547632
547992
547992
546192
538512
538512
538512
532248
520488
516736
516736
513856
513856
513856
513856
513856
513856
515088
515816
518696
522920
522920
525384
529368
530600
531120
531120
531120
531120
531120
527347
527347
531120
531120
528656
524672
523440
522920
522920
522920
522920
522920
525384
529368
530600
531120
537324
539124
540672
541400
538936
534952
533720
533200
526996
525196
523648
522920
522920
522920
524152
524672
524672
524672
524672
524672
524672
524672
523440
522920
522920
522920
522920
522920
525384
529368
530600
531120
537324
539124
540672
541400
533720
532070
529190
525590
512774
508550
508550
516230
517880
520760
524360
524360
528584
528584
526120
522136
520904
520384
514180
512380
510832
510104
512568
516552
517784
518304
524508
526308
527856
528584
512744
508971
505551
499006
490946
485996
465110
443450
443450
443450
446870
446870
446870
446870
446870
446870
444406
440422
439190
438670
432466
430666
429118
428390
430854
434838
436070
436590
442794
444594
446142
446870
444406
440422
439190
438670
432466
430666
429118
428390
430854
434838
436070
436590
442794
444594
446142
446142
438462
432603
424543
422197
409814
398294
397934
395639
394487
394487
394487
394487
394487
394487
394487
394847
397142
397142
394678
390694
389462
388942
382738
380938
379390
379390
379390
383374
383374
383374
383374
383374
384922
385650
385650
381666
381666
381666
381666
381666
380118
379390
381854
385838
387070
387590
393794
395594
397142
397870
395406
391422
390190
389670
383466
381666
380118
379390
381854
385838
387070
387590
393794
395594
397142
397870
395406
391422
390190
389462
388942
349342
343138
342778
340978
340402
338854
326471
325743
326471
326471
326831
327407
339790
334090
333694
327490
327490
324610
321190
316290
316290
316290
322494
322494
325374
328794
328794
327562
326834
326834
323134
307630
305284
304996
306228
306956
308288
311988
327492
327492
327780
327780
327780
324360
324360
324360
324360
324360
324360
324360
328133
331553
338098
338098
338098
338098
338098
338098
338098
333874
341224
343660
347884
347884
347884
347884
347884
347884
347884
347884
347884
347884
347524
345229
345229
352909
358768
366828
369174
381557
393077
393437
393437
393437
393437
389664
386244
379699
379699
379699
379699
379699
379699
379699
383119
383119
383119
383119
383119
383119
383119
383119
383119
383119
382599
394982
406646
408792
411566
412086
410854
410126
407246
403022
403022
404254
404254
407134
411358
413653
405973
400114
392054
389708
377325
365805
365445
365445
365445
373125
378984
387044
389390
389390
400910
401270
403565
404717
400944
400944
404717
404717
404717
404717
401297
401297
401297
401297
401297
401297
417137
420910
424330
430875
438935
443885
464771
464771
464344
452584
437044
431185
431185
428305
426253
421781
422208
433968
449508
455367
462467
465347
467399
471871
470695
466943
466943
466583
466583
467759
467759
469264
469624
469624
461944
460294
457414
453814
453814
449590
449590
449590
451240
451240
451240
451240
451240
451240
447467
417605
421378
451240
454940
455255
467015
473595
480140
480140
480140
480140
464300
456620
450761
442701
440355
440355
428835
428475
426180
425028
425028
425028
433088
433088
433088
433088
433448
433448
433448
440378
442178
447878
448518
456198
456388
460140
461292
461292
445452
441679
438259
431714
423654
418704
397818
397818
413658
417431
420851
427396
435456
440406
461292
461292
461292
461292
461292
461812
461812
461812
461812
461812
461812
461812
461812
461292
461292
461292
461292
461292
461292
465276
466508
467028
473232
473232
473232
473232
466302
464502
458802
458162
450482
450292
446540
445388
445388
445388
445388
445388
445388
445388
445578
449330
449330
449330
449330
445346
444114
443594
437390
437390
437390
437390
437390
441374
442606
443126
443126
443126
443126
443126
443126
439142
437910
437390
437390
437390
437390
437390
439854
443838
445070
445590
451794
453594
455142
455870
455870
455870
449666
449666
446786
443366
443366
443366
443366
443366
443366
446246
446246
446246
443782
439798
438566
438046
431842
430042
428494
427766
430230
434214
435446
435966
442170
443970
445518
446246
446246
446246
446246
446246
446246
446056
442304
442304
442304
449234
451034
451034
451674
451674
451864
455616
455616
455616
453152
449168
447936
447416
441212
439412
437864
437136
437136
437136
438368
438368
438368
438368
439916
439916
443689
443689
443689
442457
442457
442457
442457
440909
440909
440909
444893
446125
446645
446645
446645
448193
448921
448921
447271
447271
443671
443671
443671
438721
438721
438721
440371
440371
443971
445242
445242
445242
445242
443694
430878
424674
424674
420690
419458
418938
418938
418938
417390
416662
419126
423110
424342
424862
431066
432866
434414
435142
428212
426412
426412
425772
425772
425582
421830
421830
421830
428760
430560
436260
436900
444580
444770
448522
449674
456610
440770
436997
433577
427032
418972
414022
393136
393136
391904
391176
389844
386144
370640
370640
370352
371584
372312
373644
377344
376112
376112
378458
378458
378746
375866
371642
369347
369347
365647
365647
365332
357272
357272
345512
338932
338932
338932
332387
332027
332027
332027
332027
332027
332027
335727
335727
336042
341901
353661
361721
361721
361721
361721
361721
361721
361721
361721
362081
362081
362081
362081
359617
355633
354401
353881
347677
345877
344329
343601
346065
350049
351281
351801
358005
358005
359553
359553
357089
353105
351873
351353
345149
345149
343601
343601
343601
347585
347585
348105
348105
348105
348105
348105
348105
344121
344121
343601
343601
343601
343601
343601
336671
334871
329171
328531
320851
320661
316909
315757
308821
308821
310621
310621
310621
310621
310811
310811
311963
311963
311963
310163
310163
310163
310163
309973
309973
308821
308821
315751
317551
323251
323891
331571
331761
335513
336665
343601
340473
331473
328008
324308
323580
293718
293718
296846
305846
309311
313011
313739
313739
313739
306809
305009
299309
298669
290989
290799
287047
285895
278959
285889
287689
287689
287689
287689
287879
291631
292783
292783
292055
292055
291695
291119
278736
279464
319064
319424
320000
332383
332383
326524
318464
318464
318464
318464
318104
318104
318104
318104
323963
332023
332023
332023
332023
332383
332383
333535
326605
324805
324805
324805
324805
324615
320863
319711
319711
326641
328441
334141
334781
334781
334971
338723
339875
346811
347288
350168
353633
359765
363517
363517
359744
359744
363517
363517
356167
353731
349507
356857
359293
363517
356587
354787
351087
345387
345072
344432
332672
332672
332482
332482
328730
328730
327578
327578
320642
320642
320642
320642
322442
326142
331842
332157
332157
343917
350497
350497
357042
357232
359668
363420
389754
389754
397814
397814
397814
396164
396164
396164
396164
396164
396164
403844
405494
408374
411974
424790
429014
432479
433901
437029
437561
439613
443597
448069
449617
453390
453390
451590
445890
445890
445890
445700
441948
441948
441948
440526
437398
436866
434814
430830
426358
424810
421037
422459
425587
426119
428171
432155
436627
438175
441948
448884
452657
460717
460717
460717
460717
460717
460717
461869
462229
464281
465552
465552
469080
469080
469080
467658
464530
463998
461946
457962
453490
451942
448169
449591
452719
453251
455303
459287
463759
465307
465307
463885
460757
460225
458173
454189
449717
448169
448169
449591
452719
453251
455303
459287
463759
465307
469080
467904
467904
466399
466039
466039
467215
470967
472472
472832
484352
484352
484352
484352
484352
484352
487952
487952
487952
492176
490754
487626
487094
485042
481058
476586
475038
471265
472687
475815
476347
478399
482383
486855
488403
492176
485240
481467
473407
473407
473407
473407
473407
473407
480343
484116
492176
492176
495524
495524
495524
495524
497324
497324
497324
497324
497324
497324
497324
497324
500204
500204
494345
493193
514853
520712
521864
520442
517314
516782
514730
510746
506274
504726
500953
502375
505503
506035
508087
512071
516543
518091
521864
521864
521864
521864
521864
521864
518264
518264
518264
514040
525560
525560
531260
531687
532327
535927
535927
535927
535927
534505
531377
530845
528793
524809
520337
518789
515016
516438
519566
520098
520098
520098
524570
524570
524570
524570
518711
510651
510651
510651
510651
510291
510291
509139
509139
509139
509139
509139
509139
509139
509139
509139
509139
507717
504589
504057
504057
504057
499585
499585
499585
501007
504135
504667
504667
508651
513123
514671
514671
507735
503962
495902
495902
492554
492554
492554
492554
499490
503263
511323
511323
514671
516966
517393
517393
513620
513620
502100
502100
496400
495973
495333
491733
491733
491733
491733
491733
491733
491733
491733
491733
495333
495333
495333
495333
493911
490783
490251
490251
486267
481795
480247
480247
480247
480247
480247
480247
480247
476647
476647
476647
476647
488167
488167
486367
492067
492067
492494
492494
492494
492494
492494
496094
496094
496094
496094
496094
500318
500318
497438
499238
506918
513958
513958
520222
531982
535734
542364
545244
538308
534535
526475
526475
523127
520832
520405
520405
527341
527341
527341
527341
530689
530689
530689
530689
519169
519169
513469
513042
513042
509442
509442
509442
505218
516738
516738
522438
522865
523505
527105
536105
536105
540329
533393
533393
533393
533393
530045
530045
530045
530045
536981
540754
548814
548814
552162
554457
554884
557658
546138
546138
540438
540011
539371
535771
526771
526771
522547
534067
534067
539767
540194
540194
543794
543794
543794
543794
540094
539779
528019
521439
514894
512458
486124
478064
476264
468584
461544
461544
455280
443520
439768
433138
430258
432058
432058
432058
432058
438322
438322
438322
438322
441202
446902
447046
447046
458710
451774
448001
439941
428421
428421
428421
425073
419373
418946
416651
416651
416224
412624
409850
409850
409850
409850
421370
431695
431695
432122
432122
435722
435722
435722
439946
439946
439946
439946
439946
437066
437066
437066
442766
443162
449366
451712
454592
458012
462912
457212
457068
457068
445404
451104
451248
451248
462912
451392
441067
441067
440640
440640
437040
437040
437040
432816
444336
454661
454661
454661
454661
458261
458261
458261
462485
462485
462485
462485
462485
462485
462485
462485
462485
462485
456785
456641
456641
444977
444977
444977
444977
444977
444977
444977
440297
440297
440297
440297
440297
440297
440297
448357
450793
455473
464443
465595
472140
493026
493026
498726
487206
476881
476881
476881
476881
473281
473281
473281
469057
467257
467257
467257
467257
460993
460993
460993
460993
458113
459913
459913
459913
459913
459913
459913
463665
463665
463665
465717
486603
487030
487030
487030
487030
488662
489302
489302
491738
497870
497870
497870
497870
497870
497870
497870
497870
497870
497870
497870
497870
499022
514562
514562
518090
518090
518090
518090
518090
523790
523934
523934
523934
520161
490299
494072
494072
492272
492272
492272
492272
492272
492272
488520
488520
488520
487288
486560
485228
481528
481528
479182
478894
480126
480854
480854
484554
500058
502404
502692
502692
506676
507908
508428
508428
508428
509976
509976
504276
504132
504132
504132
509832
509832
509832
509832
509832
505848
504616
504096
504096
504096
502548
502548
502548
506532
507764
508284
508284
508284
508284
508284
507132
491592
491592
488064
488064
488064
488064
488064
488064
486559
486199
486199
482215
480983
480463
480463
480463
480463
480463
482927
486911
488143
488663
494867
496667
498215
498943
493243
493243
493243
493243
490779
486795
485563
485043
478839
477039
475491
474763
477227
481211
482443
482963
489167
490967
492515
493243
484243
483955
471139
480139
480427
493243
490948
482368
475432
472552
470088
466104
464872
464352
458148
456348
454800
454072
456536
460520
461752
462272
468476
470276
471824
472552
468779
468779
472552
485488
485488
485488
485488
485488
486640
502180
514996
518524
516060
512076
510844
510324
504120
502320
500772
500044
502508
506492
507724
508244
514448
514448
515996
516724
514260
510276
509044
508524
502320
502320
500772
500044
502508
502508
503740
504260
504260
504260
504260
504260
504404
504404
501940
501940
500708
500188
500188
500188
500188
500188
502652
506636
507868
508388
514592
516392
517940
517940
516788
501248
488432
484904
486056
501596
514412
517940
515476
511492
510260
509740
503536
501736
500188
500188
502652
506636
507868
508388
514592
516392
517940
518668
517516
517156
515104
513833
513833
510305
510305
510305
511457
511817
513869
515140
541474
545002
545002
545002
542538
538554
537322
536802
530598
528798
527250
526522
528986
532970
534202
534722
534722
534722
536270
536270
536270
540043
532363
530713
527833
524233
511417
507193
503728
511408
513058
515938
519538
519538
523762
523762
521298
517314
516082
515562
515562
515562
514014
514014
512862
497322
484506
480978
482130
482130
482130
482130
481986
481986
482130
482662
481510
481510
481510
481510
493030
502000
502000
503632
505927
504751
500999
499494
499134
487614
488790
492542
492542
492542
492542
492398
491866
492010
492542
485192
482756
478532
478532
480968
485192
484552
484552
482116
475984
475984
475984
475984
475984
475984
475984
475984
478130
478130
478130
477402
437802
437442
436866
424483
424483
422833
422833
419233
417962
417962
417962
417962
433466
435116
435116
438716
439987
439987
444937
444937
444793
444261
444405
444937
444510
432750
417210
411351
404251
401371
399319
394847
389147
388751
382547
380201
377321
373901
369001
369001
369001
369001
369001
369001
369001
369001
368857
368325
368325
368325
355942
344278
342132
339358
338838
351221
362885
365031
367805
368325
376385
376385
378035
374262
378035
378035
378035
378179
378711
374938
362002
362002
362002
358874
349874
346409
342709
341981
341981
341981
345109
354109
357574
361274
362002
362002
388336
387104
386376
386376
382676
367172
364826
364538
364538
364538
364538
368238
368238
368238
368526
367374
367014
364962
363691
337357
333829
333829
333829
334981
335341
337393
338664
338664
342192
342192
342192
344656
348640
349872
350392
356596
358396
359944
360672
358208
354224
352992
352472
346268
344468
342920
342192
344656
348640
349872
350392
356596
358396
359944
360672
360528
359996
360140
360672
358208
354224
352992
352472
346268
344468
342920
342192
344656
348640
349872
350392
356596
358396
359944
360672
352992
351342
348462
344862
344862
340638
340638
340638
342288
345168
348768
361584
365808
365808
363344
359360
358128
357608
351404
349604
348056
347328
349792
353776
355008
355528
361732
363532
365080
365808
363344
359360
358128
357608
351404
349604
348056
347328
349792
353776
355008
355528
355528
355528
355528
355528
353064
349080
347848
347328
347328
347328
347328
347328
347328
351312
351312
351832
351832
351832
351832
351832
351832
347848
347848
347328
347328
347328
347328
347328
349792
353776
355008
355528
361732
363532
365080
365080
365080
365080
365080
365080
362934
362934
362934
363574
371254
373690
379822
381968
392576
401576
401432
400900
401044
401576
399112
395128
393896
393376
387172
385372
383824
383824
386288
390272
391504
392024
398228
400028
401576
402304
399840
395856
394624
394104
387900
386100
384552
383824
386288
390272
391504
392024
398228
400028
401576
402304
399840
395856
394624
394104
387900
386100
384552
383824
386288
390272
391504
392024
398228
400028
401576
402304
399840
395856
394624
394104
387900
386100
384552
383824
383680
383148
383292
383292
388242
395178
396683
396998
399878
399878
399878
404350
400577
400577
407122
412981
412981
412981
411805
408053
408053
408053
408053
409229
409229
409229
409589
409589
413189
415335
418463
418319
418319
414546
418319
417842
414962
411497
405365
401613
401613
402090
404970
408435
414567
418319
425249
425249
425249
425249
425249
425249
425249
425249
425249
425249
425249
425249
425249
431453
431453
434333
434333
434333
434333
434333
434333
434909
434909
434909
434909
434909
434909
426849
426849
425199
433259
446195
447845
447845
445409
441185
448535
450971
455195
448650
442791
442791
442791
449336
455195
476081
489017
487865
487505
485453
484182
484182
480654
480654
480654
481806
482166
484218
485489
511823
515351
527734
527734
529534
529534
536574
536574
542838
542838
546590
546590
549470
548830
541150
538714
532582
530436
519828
510828
510828
510828
510828
510828
512974
512974
512974
512974
511324
508444
504844
492028
487804
487804
489226
492354
492886
494938
494938
499410
499410
499410
497988
494860
494328
492276
492276
487804
487804
487804
489226
489226
489226
489226
493210
493210
493210
493210
491410
491410
484370
484370
478106
478106
474354
474354
471474
471474
471474
471474
471474
471474
471474
471474
471474
474354
472932
472932
472932
472932
468948
468948
468948
468948
470370
473498
474030
476082
480066
484538
486086
489859
488437
485309
484777
482725
478741
474269
472721
468948
470370
473498
474030
476082
480066
484538
486086
489859
489859
489859
489859
486159
486159
486159
485871
487103
487831
487831
491531
491531
491531
491819
490397
487269
486737
484685
480701
476229
474681
470908
472330
472330
472330
472330
472330
472330
472330
472330
470908
470908
470908
470908
470908
470908
470908
470908
472330
475458
475990
478042
482026
486498
488046
491819
470159
464300
463148
484808
490667
491819
490397
487269
486737
484685
480701
476229
474681
470908
472330
475458
475990
478042
482026
486498
488046
491819
491819
491819
491819
491819
491819
491819
491819
491819
488939
488939
488939
488939
488939
495203
495203
498955
505585
508465
507043
503915
503383
501331
497347
492875
491327
487554
488976
492104
492636
494688
498672
503144
504692
508465
507043
503915
503383
501331
497347
492875
491327
487554
481009
475150
454264
441328
447873
453732
474618
474618
474618
474618
474618
474618
468354
468354
464602
457972
455092
456892
464572
471612
471612
477876
489636
493388
500018
502898
487394
485744
485744
482144
480873
480873
475923
475923
491427
493077
515617
519217
520488
542148
547098
547098
543325
547098
543498
541352
538224
541824
543970
547098
545298
537618
530578
530578
524314
512554
508802
502172
499292
502820
503874
507339
513884
524492
523316
523316
523316
522956
522956
524132
527884
527884
528244
528244
528244
536304
536304
537575
538303
538303
540767
544751
545983
546503
552707
554507
556055
556783
554319
550335
549103
548583
542379
540579
539031
538303
540767
544751
545983
546503
552707
554507
556055
556783
556783
556783
556783
557359
557359
557359
557359
557359
557359
557359
555213
555213
555213
555213
555213
555213
555213
557359
557359
557359
552409
545473
543968
541504
541189
537205
534325
533093
533093
532573
532573
528101
521897
520097
518549
518549
517821
517821
519326
521790
522105
524985
528969
530201
530201
530721
530721
530721
536925
538725
540273
540273
537809
533825
532593
532073
525869
524069
522521
522521
522521
526505
526505
526505
526505
526505
526505
526505
519960
514101
493215
493215
499760
505619
505619
505619
505619
501635
501635
501635
501635
501635
501635
501635
504099
508083
509315
509835
516039
516039
517587
517587
517587
517587
511383
511383
508503
508503
508503
508503
508503
514707
514707
517587
521007
525907
524755
524395
522343
521072
494738
491210
478827
478827
479979
480339
482391
483662
509996
513524
525907
525907
523443
519459
518227
517707
511503
511503
509955
509955
509955
509955
511187
511707
511707
511707
511707
511707
503647
501211
496531
487561
486409
479864
458978
458978
453278
461338
461338
461338
461338
461338
467883
467883
467883
473583
465523
452587
450937
458997
458997
460647
460647
460647
459415
458895
458895
458895
458895
458895
461359
461359
462591
463111
463111
463111
463111
463111
460647
460647
459415
458895
458895
458895
458895
458895
461359
465343
466575
467095
473299
475099
476647
477375
474911
470927
469695
469175
462971
461171
459623
458895
461359
465343
466575
467095
473299
475099
476647
477375
477375
477375
477375
477375
477375
474911
470927
469695
469175
462971
461171
459623
458895
461359
465343
466575
467095
473299
475099
476647
477375
482325
508659
520179
525079
532015
533437
530973
526989
525757
525237
519033
517233
515685
514957
511829
502829
499364
495664
494936
494936
468602
471730
480730
484195
487895
488623
488623
488623
494887
516547
516547
518347
525283
529056
537116
568641
571989
574284
574711
577485
577485
577629
577629
577629
573856
577629
570693
566920
558860
527335
523987
521692
521265
518491
525427
529200
537260
537260
540608
542903
543330
543330
543330
543330
543330
543330
543330
546210
557730
560025
567065
570838
570838
570694
570694
570694
570694
570838
570838
570838
564293
558434
558434
558434
558434
558434
558434
558434
551498
547725
539665
539665
536317
534022
533595
533595
540531
544304
544304
544304
547652
547652
547652
547652
540302
537866
533642
533642
533498
533498
533498
533498
533642
533642
533642
532410
531682
531682
527982
527982
527982
527694
528926
529654
530986
534686
550190
550190
550478
550478
550478
550838
551315
551315
551315
551315
555015
555330
567090
573670
580215
582651
608985
617045
610109
606336
606336
606336
602988
602988
602988
602988
609924
613697
621757
621757
625105
625105
625105
625105
625105
624961
624961
624961
630661
630805
637735
637735
634135
631989
628861
632461
634607
637735
632035
631891
624961
624961
624961
625105
625105
625105
618169
614396
606336
606336
602988
602988
602988
602988
602988
606761
606761
606761
606761
606761
606761
606761
618281
618281
618137
618137
618137
618137
618137
618137
618137
618137
618137
618137
618137
615991
615991
615991
615991
615991
618427
618427
618427
618427
618427
618427
614654
614654
614654
614654
614654
614654
614654
611774
600254
597959
590919
587146
590026
590026
590026
590026
590026
583762
562102
562102
560302
560302
560302
560302
560302
560302
560302
560302
560302
560302
552242
552242
550971
550243
550243
550243
558303
558303
559574
560302
560302
560302
560302
560302
548782
560302
559126
555374
555374
555014
555014
553862
553502
551450
550179
523845
520317
507934
507934
507934
507934
507934
507934
495551
483887
481741
478967
478447
478447
490111
490111
490111
490111
486411
486096
474336
467756
461211
458775
432441
424381
424381
424696
424696
424696
424696
424696
424696
424696
421816
421816
421816
421816
421816
424696
436216
438511
445551
449324
437804
437804
429744
429744
428094
436154
449090
450740
462596
462596
462596
462596
456392
456392
453512
450092
445192
445768
445768
446822
451106
451106
451106
450746
450269
450269
450269
450269
456401
469217
469577
470054
485594
489878
492173
492173
492173
492173
492173
492173
492173
492173
492173
488400
492173
492173
492173
492173
507677
514613
514613
517077
521061
522293
522813
529017
529017
530565
530565
528101
524117
522885
522365
516161
516161
514613
514613
517077
521061
522293
522813
529017
530817
532365
533093
530629
526645
525413
524893
518689
516889
515341
514613
514613
514613
515845
516365
516365
516365
517913
517913
517913
529433
529433
529433
527928
527613
524733
524733
524733
524733
524733
524733
524733
525048
527928
527928
527928
527928
527928
525048
525048
513528
512296
511776
509481
509481
502441
502441
498668
497120
497120
500000
511520
513984
516279
520263
527303
528535
532308
532828
532828
532828
532828
533556
531092
527108
525876
525356
525356
525356
525356
524628
524628
528612
528612
529132
529132
529132
529132
529132
529132
525148
525148
524628
524628
524628
524628
524628
527092
531076
532308
532828
539032
540832
542380
543108
540644
536660
535428
534908
528704
526904
525356
524628
527092
531076
532308
532828
539032
540832
542380
543108
543108
542793
542793
542793
542793
542793
542793
542793
546493
546808
558568
558568
565113
565113
565113
565113
553593
544623
544623
542991
540696
540696
540696
540696
542328
542328
539864
535880
534648
534128
527924
526124
524576
523848
526312
526312
526312
526832
526832
526832
528380
528380
539900
539900
545600
546027
546667
550267
559267
559267
559267
556803
556803
556803
556283
556283
556283
554735
554735
554735
558719
559951
559951
559951
559951
559951
559951
559951
559951
557515
557515
557515
557515
557515
557515
557515
557515
557515
557515
557515
557515
545995
545995
542395
540249
537121
540721
542867
542867
542867
538883
537651
537651
537651
537651
537651
537651
540115
544099
545331
545851
552055
553855
555403
556131
544611
544611
538911
538484
537844
534244
525244
525244
525244
525244
525244
525244
525244
525244
525244
525244
525244
525244
522780
518796
517564
517044
510840
509040
507492
506764
506287
503407
499942
493810
490058
483128
483605
483605
483605
483605
483605
483605
468101
466451
443911
440311
439040
417380
412430
412430
412430
412430
412430
412430
413701
413701
413701
413701
398197
391261
391261
391261
391261
391261
391261
391261
391261
391261
391261
391261
391261
391261
391261
391261
391261
391261
391261
391261
391261
391261
391261
391261
388381
376861
374566
367526
363753
366633
378153
378153
378153
378153
378153
378153
378153
378153
384417
406077
442022
443822
443822
443822
443822
443822
443822
443822
443822
443822
443822
455342
465667
465667
466094
466734
470334
470334
470334
474558
465558
465270
452454
440934
430609
430609
430182
429542
425942
425942
425942
421718
433238
443563
449263
449690
450330
453930
462930
462930
467154
467154
478674
472542
459726
459366
458889
443349
439065
436770
435538
434810
433478
429778
414274
414274
413986
402466
392141
386441
386014
385374
381774
372774
372774
368550
380070
390395
396095
396522
396522
396522
396522
396522
396522
396522
388462
388462
387191
375671
374943
364618
358918
358918
358491
358491
358491
358491
366551
366551
366551
367822
367822
368550
368550
380406
391926
402251
407951
408378
409018
412618
412618
412618
412618
401098
390773
385073
384646
384006
380406
380406
380406
380406
380406
380406
380406
380833
380833
384433
384433
384433
388657
384957
384642
372882
372882
366337
366337
366337
366337
354817
354817
351937
351937
340417
340417
340417
339990
339990
339990
339990
336390
336390
339270
339270
350790
346566
348861
355901
359674
359674
359674
359674
375178
382114
382114
381538
381538
380484
376200
376776
376776
377830
377830
377830
377830
377830
377254
377254
377254
373481
377254
370990
349330
313385
311585
317849
339509
339509
341309
333249
320313
318663
326723
339659
341309
338429
326909
324614
317574
313801
316681
316681
318976
318976
318976
325906
327706
333406
334046
334046
334236
337988
339140
346076
346076
346076
346076
346076
346076
346076
346076
330572
323636
323636
339140
346076
353756
350628
341628
338163
334463
333735
333735
333735
326805
325005
319305
318665
318665
318475
314723
313571
306635
313565
315365
321065
321705
329385
329575
333327
334479
341415
337887
336833
333368
326823
316215
294555
288696
287544
309204
315063
316215
309285
307485
301785
301145
293465
293275
289523
288371
281435
281435
283235
288935
289575
289575
289765
293517
293517
293517
289917
287771
287771
291371
293517
296645
293765
293765
291470
291470
291470
294350
305870
308165
315205
318978
312714
291054
291054
289254
295518
317178
353123
354923
354923
353123
347423
346783
346783
346593
342841
342841
342841
349771
351571
357271
357911
357911
358101
361853
363005
363005
364157
364797
367677
370785
373913
377261
379556
372626
370826
365126
364486
364486
364296
360544
359392
359392
366322
368122
373822
374462
382142
382332
386084
387236
394172
395972
403652
403652
403652
409916
421676
425428
425428
428308
428308
428308
428308
427993
425113
425113
425113
425113
430063
430063
430063
430378
430378
430378
430378
430378
414874
407938
400258
400258
407194
407194
400264
398464
392764
392124
384444
384254
380502
379350
372414
379344
381144
386844
387484
395164
395354
399106
400258
407194
410614
410614
410038
410038
408984
408984
409560
409560
410614
410614
408814
401134
401134
401134
394870
383110
379358
379358
376478
378278
385958
392998
392998
399262
411022
414774
414774
417654
413881
411001
399481
397186
390146
386373
389253
400773
403068
410108
413881
413881
405821
405821
404550
403822
391966
391966
400026
412962
414233
414961
414961
408031
406231
400531
399891
392211
392021
388269
387117
380181
380181
381981
381981
381981
381981
382171
382171
383323
383323
386743
398599
403071
406599
408021
408541
424381
424525
427990
427990
426190
426190
426190
426190
426000
426000
424848
424848
424848
424848
424848
424848
424848
425038
425038
425038
425038
423238
415558
408518
408518
402254
390494
386742
386742
383862
385662
385662
385662
385662
391926
403686
407438
407438
410318
412782
416766
417998
418518
424722
426522
428070
428798
422534
400874
364929
363129
360665
356681
355449
354929
348725
346925
345377
344649
347113
351097
352329
352849
359053
360853
362401
363129
363129
363129
363129
363129
363129
362939
362939
362939
362939
362939
364739
364739
364739
364739
364929
368681
369833
369833
367369
363385
362153
361633
355429
353629
352081
351353
353817
357801
359033
359553
365757
367557
369105
369833
369833
362897
362897
361097
361097
361097
361097
354833
343073
339321
339321
336441
338241
338241
345281
345281
351545
363305
367057
367057
369937
367473
363489
362257
361737
355533
353733
352185
351457
353921
357905
359137
359657
365861
367661
369209
369937
366517
354661
350189
346661
345239
344719
328879
328735
325270
328690
340546
345018
348546
349968
350488
366328
366472
369937
367473
363489
362257
361737
355533
353733
352185
351457
353921
357905
359137
359657
365861
367661
369209
369937
367057
355537
353242
346202
342429
342429
340629
340629
340629
340629
340439
336687
335535
335535
333071
329087
327855
327335
321131
319331
317783
317055
319519
323503
324735
325255
331459
333259
334807
335535
333071
329087
327855
327335
321131
319331
317783
317055
319519
323503
324735
325255
331459
333259
334807
335535
336687
336687
336687
340215
337751
333767
332535
332015
325811
324011
322463
321735
321735
321735
322967
323487
323487
323487
323487
323487
315427
302491
300841
300841
300841
300841
299041
299041
292001
292001
285737
273977
270225
270225
267345
267345
267345
266113
265593
265593
265593
265593
265593
268057
272041
273273
273793
279997
281797
283345
284073
281609
277625
276393
275873
269669
267869
266321
265593
268057
272041
273273
273793
279997
281797
283345
284073
282921
282921
282921
279393
280545
296085
308901
312429
318129
318273
318273
329937
327473
323489
322257
321737
315533
313733
312185
311457
305757
305613
305613
293949
299649
299793
306723
318387
314967
303111
298639
295111
293689
293169
277329
277185
273720
277140
288996
293468
296996
298418
298938
314778
314922
318387
310327
310327
310327
310327
310327
303782
303782
303782
298082
296930
281390
268574
265046
266198
281738
281738
285266
281666
279520
276392
279992
282138
285266
279566
279422
272492
260828
266528
266672
273602
285266
279566
279422
272492
260828
266528
266672
273602
285266
284114
268574
268574
265046
266198
281738
294554
298082
292382
292238
285308
273644
279344
279488
286418
298082
298082
298082
298082
298082
296811
296811
296811
296811
291111
290967
284037
272373
278073
278217
285147
285147
283995
268455
255639
252111
253263
268803
281619
285147
281727
269871
265399
261871
260449
259929
244089
243945
240480
243900
255756
260228
263756
265178
265698
265698
265842
265842
265266
265266
264212
264212
264788
285674
286728
291012
292434
295562
296094
298146
302130
306602
308150
311923
306223
306079
299149
299149
297727
294599
294067
292015
288031
283559
282011
278238
279660
282788
283320
285372
289356
293828
295376
299149
297997
282457
269641
266113
264691
261563
261031
258979
254995
250523
248975
245202
246624
249752
249752
249752
249752
254224
255772
255772
254620
253980
251100
247992
244864
241516
239221
240373
241013
243893
247001
250129
253477
253477
252055
248927
248927
248927
248927
244455
242907
242907
244329
247457
247989
250041
254025
258497
260045
263818
262396
259268
258736
256684
252700
248228
246680
242907
244329
247457
247989
250041
254025
258497
260045
263818
262396
259268
258736
256684
252700
248228
246680
242907
244329
244329
244329
246381
246381
250853
250853
250853
249431
249431
249431
247379
247379
242907
242907
242907
244329
247457
247989
250041
254025
258497
260045
263818
260398
260398
263818
263818
270363
300225
301377
314313
314673
316473
319581
318159
315031
314499
312447
308463
303991
302443
298670
300092
303220
303752
305804
309788
314260
315808
319581
319581
311521
298585
297314
296586
296586
296586
304646
304646
305917
306645
306645
305223
302095
301563
299511
295527
291055
289507
285734
282314
270458
265986
262458
261036
260516
260516
260372
260372
263792
275648
280120
283648
285070
285590
301430
301574
301574
301574
289910
289910
289910
289910
289910
289910
292056
292056
292576
287626
287626
287626
287311
287311
287311
287311
287311
283891
272035
267563
264035
262613
262093
246253
246109
246109
249529
249529
254001
254001
254001
254001
254001
254001
254001
247456
217594
216442
203506
203146
201346
198238
204783
234645
235797
248733
249093
250893
254001
251949
231063
230636
230636
230636
230636
229004
229004
229004
229004
228527
228527
228527
228527
228527
228527
229004
231884
235349
241481
245233
252163
259099
262872
270932
302457
305805
308100
308527
311301
307701
305555
302427
302427
302427
302427
299007
299007
294535
294535
294535
294535
294535
294535
294535
287599
283826
275766
244241
240893
238598
238171
235397
242333
246106
254166
254166
257514
259809
260236
260236
259660
238774
237720
233436
234012
234012
235066
235066
223210
223210
216274
212501
204441
204441
201093
198798
198371
198371
205307
209080
209080
209080
212428
212428
212428
212428
205883
176021
174869
161933
161573
159773
156665
163210
163210
164362
177298
177658
179458
182566
175630
171857
171857
171857
168509
168509
168509
168509
175445
179218
187278
218803
222151
224446
224873
227647
238255
253795
275455
277919
281903
283135
283655
289859
291659
293207
293935
291471
287487
286255
285735
279531
277731
276183
275455
277919
281903
283135
283655
289859
291659
293207
293935
286999
283226
275166
243641
240293
237998
237571
234797
241733
245506
253566
285091
288439
290734
291161
291161
288697
284713
283481
282961
276757
274957
273409
272681
275145
279129
280361
280881
287085
288885
290433
291161
288697
284713
283481
282961
276757
274957
273409
272681
275145
279129
280361
280881
287085
288885
290433
291161
284225
280452
272392
240867
237519
235224
234797
234797
232333
228349
227117
226597
220393
218593
217045
216317
218781
222765
223997
224517
230721
232521
234069
234797
232333
228349
227117
226597
220393
218593
217045
216317
218781
222765
223997
224517
230721
232521
234069
234797
232333
228349
227117
226597
220393
218593
217045
216317
218781
222765
223997
224517
230721
232521
234069
234797
233645
233005
230125
227017
223889
220541
220541
220541
220541
220541
220541
220541
220541
220541
218077
214093
212861
212341
206137
204337
202789
202061
202061
206045
207277
207797
207797
207797
207797
207797
201252
201252
200100
187164
186804
185004
181896
188441
188441
189593
202529
202889
204689
207797
207797
199737
199737
198466
197738
197738
227600
227600
227600
228871
229599
229599
229599
225615
224383
223863
223863
223863
223863
223863
226327
230311
231543
232063
238267
240067
241615
242343
238923
238923
242343
278288
275824
271840
270608
270088
263884
262084
260536
259808
262272
266256
267488
268008
274212
276012
277560
278288
275824
271840
270608
270088
263884
262084
260536
259808
253263
253263
252111
239175
238815
237015
233907
240452
270314
271466
284402
284762
286562
289670
289670
289670
289670
290097
290097
293697
293697
293697
297921
297921
297921
297921
301521
303667
306795
306219
306219
305165
305165
305165
305165
305165
304738
304738
301138
301138
301138
296914
308434
318759
324459
324886
325526
329126
338126
338126
342350
342710
346238
352502
359542
361192
368542
357022
346697
340997
340570
339930
336330
327330
327330
323106
334626
344951
350651
351078
351718
355318
364318
364318
368542
357022
346697
340997
340570
339930
336330
327330
327330
323106
334626
334626
340326
340753
341393
344993
344993
344993
349217
350449
351177
354057
358281
360576
349056
349056
343356
342929
342289
338689
338689
338689
334465
345985
345985
351685
352112
352752
356352
356352
356352
360576
338916
333057
331905
331905
337764
338916
338916
338916
338916
337284
337284
348804
357774
364874
366506
368801
362256
332394
331242
318306
317946
316146
313038
319583
349445
350597
350597
350957
352757
355865
344345
344345
338645
338218
337578
333978
333978
333978
329754
341274
351599
351599
351599
351599
351599
351599
351599
351599
351599
351743
351743
351743
340223
329898
329898
329898
329898
329898
329898
329898
329898
341418
351743
357443
357870
358510
362110
371110
371110
375334
375334
375190
375190
375190
380890
381034
387964
399628
388108
377783
372083
371656
371016
367416
358416
358416
354192
365712
376037
381737
382164
382804
386404
395404
395404
399628
402092
406076
407308
407828
414032
414032
415580
415580
409880
409736
402806
391142
391142
391286
391286
391286
379766
369441
363741
363314
362674
359074
350074
350074
345850
343386
339402
338170
337650
331446
331446
329898
329898
332362
336346
337578
338098
344302
346102
347650
348378
345914
341930
340698
340178
333974
332174
330626
329898
332362
336346
337578
338098
344302
346102
347650
348378
348378
348234
348234
348234
353934
354078
361008
372672
372862
375742
382672
393280
406216
408990
409630
412738
414388
409438
383104
371584
366684
359748
358326
355862
351878
350646
350126
343922
342122
340574
339846
342310
346294
347526
348046
354250
356050
357598
358326
352626
352482
345552
333888
333888
334032
334032
334032
331568
327584
326352
325832
319628
317828
316280
315552
318016
322000
323232
323232
323232
323232
324780
325508
323044
319060
317828
317828
317828
317828
316280
315552
315552
315552
316784
316784
316784
316784
318332
318332
311787
281925
280773
280773
280413
278613
275505
282050
311912
313064
313064
313424
315224
318332
318332
318188
318188
318188
323888
324032
324032
324032
324032
324032
322800
322800
322800
322800
321252
321252
323716
327700
328932
328932
328932
328932
328932
328932
299070
299070
299070
297799
297071
297071
326933
334993
334993
336264
336992
348848
346384
342400
341168
341168
341168
341168
341168
341168
343632
347616
348848
349368
355572
357372
358920
359648
359838
359982
363110
364342
366343
360643
360499
360499
360499
360499
360499
360499
360499
360499
360499
360499
361651
361651
364531
367639
370767
374115
374115
371651
367667
366435
365915
359711
357911
356363
355635
358099
362083
363315
363835
370039
371839
373387
374115
371651
367667
366435
365915
359711
357911
356363
355635
358099
362083
363315
363835
370039
370039
371587
371587
368167
332222
335642
335642
333178
329194
327962
327442
321238
321238
319690
319690
321112
324240
324772
326824
330808
335280
336828
340601
334056
304194
303042
303042
302682
300882
297774
304319
334181
335333
335333
335693
337493
340601
339179
336051
335519
333467
329483
325011
323463
319690
321112
324240
324772
326824
330808
335280
336828
336828
333228
331082
327954
331554
333700
336828
335406
332278
331746
329694
325710
321238
319690
319690
321112
324240
324772
326824
330808
335280
336828
340601
339179
336051
335519
333467
329483
325011
323463
319690
321112
324240
324772
326824
330808
335280
336828
340601
339369
338641
335761
331537
329242
330474
331202
334082
338306
340601
339179
336051
335519
333467
329483
325011
323463
319690
321112
324240
324772
326824
330808
335280
336828
340601
339179
336051
335519
333467
329483
325011
323463
319690
321112
324240
324772
326824
330808
335280
336828
340601
339179
336051
335519
333467
329483
325011
323463
319690
321112
321112
321112
321112
321112
321112
321112
321112
322912
330592
337632
341097
347361
359121
362873
369503
372383
370961
370961
370961
370961
370961
370961
370961
370961
372383
375511
375511
375511
375511
379983
381531
381531
380109
376981
376981
376981
376981
372509
370961
370961
374661
374976
386736
386736
393281
393281
393281
393281
393091
392947
389819
388587
386586
386776
386920
390048
391280
393281
382673
367133
365333
343673
335993
335993
328953
325488
325488
319224
319224
307464
303712
297082
294202
296002
303682
303682
303682
309946
321706
325458
325458
328338
321793
291931
290779
290779
290419
288619
285511
292056
321918
323070
336006
336366
338166
341274
339474
331794
331794
331794
325530
313770
310018
310018
307138
308938
316618
323658
327123
333387
345147
348899
355529
358409
358049
354521
348257
341217
339567
332217
332577
336105
342369
349409
351059
358409
358219
355339
348409
337801
324865
322091
321451
318343
316693
316883
319763
326693
337301
350237
353011
353011
356119
357769
355969
348289
341249
337784
331520
319760
316008
309378
306498
308298
308298
308298
308298
314562
314562
314562
314562
317442
313742
313427
301667
301667
295122
295122
295122
295122
298822
299137
310897
317477
324022
326458
326458
334518
327973
298111
296959
284023
283663
281863
278755
285300
285300
286452
299388
299748
301548
304656
274794
266734
266734
265463
264735
252879
282741
290801
290801
292072
292800
304656
302856
302856
302856
302856
296592
296592
296592
296592
293712
293522
293378
290250
289018
287017
287207
287351
290479
291711
291711
290559
290559
287679
284571
281443
278095
278095
277618
274738
271273
265141
261389
254459
251039
251039
254459
254459
254459
254459
252313
252313
251793
264176
275840
277986
277986
278506
277274
276546
273666
269442
267147
268379
269107
271987
276211
278506
274906
272760
269632
263087
263087
261935
248999
248639
246839
243731
243731
244907
241207
240892
229132
222552
216007
213571
213571
205511
209211
209526
221286
227866
234411
236847
263181
271241
271241
271241
271241
270665
270665
270665
270665
273129
277113
278345
278865
285069
286869
288417
289145
286681
282697
281465
280945
274741
272941
271393
270665
273129
277113
278345
278865
285069
286869
288417
289145
286681
282697
281465
280945
274741
272941
271393
270665
273129
277113
278345
278865
285069
286869
288417
289145
286681
282697
281465
280945
274741
272941
271393
270665
273129
277113
278345
278865
285069
286869
288417
289145
288955
288811
285683
284451
284451
284641
284785
287913
289145
291146
288682
284698
283466
282946
276742
274942
273394
272666
275130
279114
280346
280866
287070
288870
290418
291146
288682
284698
283466
282946
276742
274942
273394
272666
275130
279114
280346
280866
287070
287070
288618
289346
286882
282898
281666
281146
274942
274942
273394
272666
275130
279114
280346
280866
287070
288870
290418
291146
298082
301855
309915
341440
344788
347083
347510
347510
345046
341062
339830
339310
333106
331306
329758
329030
331494
335478
336710
337230
343434
345234
346782
347510
347320
344440
337510
326902
313966
311192
311192
308084
306434
306624
309504
316434
327042
327042
329816
330456
333564
335214
332750
328766
327534
327014
320810
319010
317462
316734
319198
323182
324414
324934
331138
331138
332686
332686
325750
321977
313917
282392
279044
276749
276322
276322
283258
287031
295091
295091
298439
300734
301161
303935
301471
297487
296255
295735
289531
289531
287983
287983
290447
294431
295663
296183
302387
302387
303935
303935
301471
297487
296255
295735
289531
289531
287983
287983
281047
277274
269214
269214
265866
263571
263144
260370
267306
271079
279139
310664
314012
316307
316734
319508
315808
315493
303733
297153
290608
288172
261838
253778
246842
243069
235009
203484
200136
197841
197414
194640
201576
205349
213409
244934
248282
250577
251004
253778
246842
243069
235009
203484
200136
197841
197414
194640
201576
205349
205349
205349
208697
210992
210992
210992
181130
173070
173070
171799
171071
159215
189077
197137
197137
198408
199136
210992
209760
209032
206152
201928
199633
200865
201593
204473
208697
210992
204056
200283
200283
200283
196935
194640
194640
194640
194280
190752
184488
177448
175798
168448
168808
172336
178600
185640
187290
194640
201570
203370
209070
209710
217390
217580
221332
222484
229420
229230
229086
225958
224726
222725
222915
223059
226187
227419
229420
235120
235264
242194
253858
246928
245128
239428
238788
231108
230918
227166
226014
219078
226008
227808
233508
234148
234148
234338
238090
239242
246178
242758
242758
237058
236914
229984
218320
224020
224164
224164
224164
231844
237703
245763
248109
260492
272012
272372
274667
275819
270119
269975
269975
269975
275675
275819
282749
294413
287483
285683
279983
279343
279343
279153
275401
274249
267313
274243
276043
281743
282383
282383
282573
286325
287477
294413
288713
288569
281639
269975
275675
275819
282749
294413
287483
285683
279983
279343
279343
279153
275401
274249
267313
267313
269113
274813
275453
275453
275643
279395
280547
280547
274847
274703
267773
256109
261809
261953
268883
280547
283427
289127
290398
297334
301107
295407
295263
288333
276669
276669
276813
276813
276813
276813
275013
269313
268673
268673
268483
264731
263579
263579
270509
272309
278009
278649
286329
286519
290271
291423
298359
298359
298359
298359
298359
298359
298359
298359
297183
336783
337959
337959
337815
337815
337815
330885
329085
323385
322745
315065
314875
311123
309971
303035
309965
311765
311765
311765
311765
311955
315707
315707
315707
308027
302168
294108
291762
279379
267859
267499
265204
264052
264052
269911
277971
277971
277971
277971
278331
278331
278331
279753
282881
283413
285465
289449
293921
295469
299242
299242
293383
292231
292231
298090
299242
297820
294692
294160
292108
288124
283652
282104
278331
279753
282881
283413
285465
289449
293921
295469
299242
299052
298908
295780
294548
292547
292737
292881
296009
297241
299242
299052
296172
289242
278634
278634
275860
275220
272112
270462
270652
273532
280462
291070
304006
306780
307420
310528
312178
310756
307628
307096
305044
301060
296588
295040
291267
292689
295817
296349
298401
302385
306857
308405
312178
305248
303448
303448
303448
303448
303258
299506
299506
299506
299506
301306
307006
307006
307006
307196
307196
307196
307196
305774
302646
302114
300062
296078
291606
290058
286285
287707
290835
291367
293419
297403
301875
303423
307196
305774
302646
302114
300062
296078
291606
290058
286285
287707
290835
291367
293419
297403
301875
303423
307196
305774
302646
302114
300062
296078
291606
290058
286285
287707
290835
291367
293419
297403
301875
303423
307196
307196
305396
299696
299696
299696
299506
299506
299506
299506
306436
308236
308236
308236
308236
308426
312178
313330
313330
311908
308780
308248
306196
302212
297740
296192
292419
293841
296969
297501
299553
303537
308009
309557
313330
311908
308780
308248
306196
302212
297740
296192
292419
293841
296969
297501
299553
299553
304025
304025
304025
302793
302065
299185
294961
292666
291244
288116
287584
285532
285532
281060
281060
281060
274130
272330
272330
272330
272330
272140
268388
267236
267236
274166
274166
274166
274166
274166
274356
278108
279260
279260
281724
285708
286940
287460
293664
295464
297012
297740
295276
291292
290060
289540
283336
281536
279988
279260
281724
285708
286940
287460
293664
295464
297012
297740
295276
291292
290060
289540
283336
281536
279988
279260
281724
285708
286940
287460
287460
287460
289008
289736
282806
282806
282806
282806
282806
282616
278864
277712
277712
277712
271853
263793
263793
263793
263793
263433
263433
263433
271113
276972
285032
287378
299761
311281
311641
313936
315088
312624
308640
307408
306888
306888
306888
305340
304612
307076
311060
312292
312812
319016
320816
322364
323092
293230
285170
285170
283899
283171
271315
271315
279375
279375
280646
281374
281374
278910
274926
273694
273174
266970
265170
263622
262894
265358
269342
270574
271094
277298
279098
280646
281374
278910
274926
273694
273174
266970
265170
263622
262894
265358
269342
270574
271094
277298
279098
280646
281374
278910
274926
273694
273174
266970
265170
263622
262894
265358
269342
270574
271094
277298
277298
278846
278846
276382
272398
271166
270646
264442
264442
262894
262894
265358
269342
270574
271094
277298
279098
280646
281374
278910
274926
273694
273174
266970
265170
263622
262894
265358
269342
270574
271094
277298
279098
280646
280646
280456
280312
277184
275952
273951
274141
274285
277413
278645
280646
278182
274198
272966
272446
266242
264442
262894
262894
265358
269342
270574
271094
277298
279098
280646
281374
278910
274926
273694
273174
266970
265170
263622
262894
255214
249355
241295
238949
226566
215046
214686
212391
211239
218919
224778
232838
235184
235184
235184
235544
237839
238991
238631
235103
228839
221799
220149
212799
212609
209729
202799
192191
179255
176481
175841
172733
171083
171273
174153
181083
191691
191691
194465
195105
198213
199863
201095
201410
223950
224482
227362
228844
228844
217324
208354
201254
199622
197327
189647
183788
175728
173382
173382
173382
173022
170727
169575
177255
183114
191174
193520
205903
217423
217783
217783
218935
179335
178159
217759
218935
218745
218601
215473
214241
212240
212430
212574
215702
216934
218935
219575
219971
221242
225714
233064
233792
234080
237428
258314
250634
244775
236715
234369
221986
210466
210106
210106
208954
216634
222493
230553
232899
245282
256802
257162
259457
260609
262409
270089
277129
280594
280594
286858
278798
290558
290558
294310
300940
299669
302549
301821
301821
300021
292341
285301
281836
275572
263812
260060
253430
250550
252350
252350
252350
252350
258614
270374
270374
270374
273254
260871
249207
247061
247061
246541
258924
270588
272734
275508
276028
288411
288838
288648
288504
285376
284144
282143
282333
282477
285605
286837
288838
287038
287038
287038
287038
280774
269014
269014
269014
266134
267934
275614
282654
286119
292383
304143
307895
307895
310775
303095
297236
289176
286830
274447
262927
262567
260272
259120
259120
264979
264979
264979
264979
264979
265339
265339
265339
267391
276361
277537
277537
277537
277537
288145
303685
325345
323545
315865
308825
305360
299096
287336
283584
283584
280704
282504
282504
282504
282504
288768
288768
288768
288768
291648
303168
303168
308868
308868
308868
312468
312468
312468
316692
305172
305172
299472
299472
299472
295872
295872
295872
291648
303168
303168
308868
309295
309935
313535
322535
322535
326759
326569
323689
316759
306151
306151
303377
302737
299629
297979
298169
301049
307979
318587
331523
334297
334937
338045
339695
328175
328175
322475
322048
321408
317808
308808
308808
304584
316104
326429
332129
332556
333196
336796
345796
345796
350020
348220
348220
348220
348220
341956
341956
341956
341956
339076
327556
317231
311531
311104
310464
306864
297864
297864
293640
305160
305160
310860
311287
311287
314887
314887
314887
319111
325243
338059
338419
338896
354436
358720
361015
363479
367463
368695
369215
375419
377219
378767
379495
378855
378459
377188
372716
365366
364638
364350
361002
340116
340756
341152
342423
346895
354245
354973
355261
358609
358609
347089
347089
341389
340962
340962
337362
337362
337362
333138
333138
333138
333138
333565
333565
337165
337165
337165
341389
341389
335530
335530
335530
335530
335530
335170
335170
335170
335170
341029
349089
351435
351435
351435
351795
351795
352947
350483
346499
345267
344747
338543
336743
335195
334467
334467
338451
338451
338451
338451
338451
338451
338451
335571
329871
328600
321664
317891
320771
326471
327742
334678
338451
338451
334467
334467
334467
334467
334467
334467
334467
336931
340915
340915
340915
340915
340915
342463
342463
342463
342463
342463
342036
342036
338436
338436
338436
334212
334212
334212
334212
334639
334639
338239
338239
338239
342463
339999
336015
336015
336015
336015
336015
334467
334467
334467
338451
339683
340203
346407
346407
346407
346407
346217
346073
342945
341713
339712
339902
340046
343174
344406
346407
346407
346407
342423
342423
342423
341191
340764
340244
334040
334040
334040
330440
330440
330440
330440
330440
326216
328680
340200
344184
354509
355741
361441
361961
368165
368592
369232
371032
372580
376180
385180
385908
385908
390132
387668
383684
382452
381932
375728
373928
372380
371652
374116
378100
379332
379852
386056
387856
389404
390132
390132
390276
390276
394049
394049
394049
394049
382529
372204
366504
366077
365437
361837
352837
352837
348613
360133
360133
365833
366260
366900
370500
379500
379500
379500
377036
373052
371820
371300
365096
363296
361748
361020
363484
367468
368700
369220
375424
377224
378772
379500
339900
338724
378324
379500
377036
373052
371820
371300
365096
363296
361748
361020
363484
367468
368700
369220
369220
369220
370768
371496
369444
360474
359298
361350
370320
371496
359976
359976
354276
353849
353209
349609
340609
340609
340609
338145
334161
332929
332409
332409
332409
330861
330133
332597
336581
337813
338333
344537
346337
347885
348613
346149
342165
340933
340413
334209
332409
330861
330133
332597
336581
337813
338333
344537
346337
347885
348613
346149
342165
340933
340413
334209
332409
330861
330133
335833
335977
342907
342907
337048
348712
340652
338306
338306
338306
337946
337946
336794
336794
336794
336794
336794
336794
336794
337154
339449
340601
342023
345151
345151
347203
351187
355659
357207
357207
355785
352657
352657
350605
346621
342149
340601
340601
342023
345151
345151
345151
349135
353607
355155
355155
349455
349311
342381
330717
336417
336561
343491
355155
353733
350605
350605
350605
346621
342149
340601
340601
342023
345151
345151
345151
349135
353607
353607
353607
352185
349057
349057
349057
345073
340601
340601
340601
342023
345151
345683
347735
351719
356191
357739
361512
355812
355668
348738
337074
337074
337218
337218
337218
335796
332668
332136
330084
326100
321628
320080
316307
317729
320857
321389
323441
327425
331897
333445
337218
335796
332668
332136
330084
326100
321628
320080
316307
317729
320857
321389
323441
327425
331897
333445
337218
343763
349622
370508
370508
369086
365958
365426
363374
359390
354918
353370
349597
351019
354147
354679
356731
360715
365187
366735
370508
370508
370364
370364
370364
376064
376208
383138
394802
388670
375854
375494
375017
359477
355193
352898
359030
359030
359390
359867
359867
359867
362162
360740
357612
357080
355028
351044
346572
345024
341251
342673
345801
346333
348385
352369
356841
358389
362162
360740
357612
357080
355028
351044
346572
345024
341251
335551
335407
328477
316813
322513
322657
329587
341251
341061
340917
337789
336557
334556
328856
328712
321782
310118
315818
315962
322892
322892
322892
322892
322892
322892
322892
322892
322532
320237
319085
313385
313241
306311
306311
304259
295289
294113
296165
305135
306311
306121
303241
296311
285703
272767
269993
269353
266245
264595
264785
267665
267665
267665
267665
267665
267665
270773
272423
271783
271387
270116
265644
258294
257566
257278
253930
253930
254570
254966
256237
260709
268059
268787
269075
272423
272423
273575
289115
301931
305459
298914
293055
272169
272169
278714
284573
305459
305459
305459
299600
298448
320108
325967
327119
334055
334055
334055
334055
334055
334055
334055
334055
334055
333911
333911
330138
330138
330138
330138
352678
352822
354968
358741
359273
360544
365016
363864
348324
335508
331980
333132
348672
361488
365016
358080
358080
358080
358080
358080
358080
358080
358080
365016
368789
376849
408374
411722
414017
414017
414017
407885
407885
407525
407048
407048
407048
404753
403601
388061
375245
371717
372869
388409
401225
404753
397817
394044
385984
354459
351111
348816
348816
348816
355752
359525
367585
399110
402458
404753
405180
407954
405902
396932
395756
397808
406778
407954
406802
391262
378446
374918
376070
376070
388886
392414
385478
381705
373645
342120
338772
336477
336050
333276
340212
343985
352045
383570
386918
389213
389640
392414
392558
393090
386154
382381
374321
342796
339448
337153
336726
333952
340888
344661
352721
384246
387594
389889
390316
393090
391938
391938
379122
375594
376746
392286
405102
408630
369030
367854
407454
408630
401694
397921
389861
358336
354988
352693
352266
349492
348340
332800
319984
316456
316312
315780
315924
316456
309911
304052
283166
283166
289711
295570
316456
329392
331856
335840
337072
337592
343796
345596
347144
347872
345408
341424
340192
339672
333468
331668
330120
329392
331856
335840
337072
337592
343796
345596
347144
347872
345408
341424
340192
339672
333468
331668
330120
329392
331856
335840
337072
337592
343796
345596
347144
347144
347144
347144
347144
347144
347144
344680
340696
339464
338944
332740
330940
329392
329392
331856
335840
337072
337592
337592
337592
339140
339868
337404
333420
332188
331668
331668
331668
330120
329392
331856
335840
337072
337592
343796
345596
347144
347872
347728
347196
347340
347340
336732
321192
299532
310140
325680
347340
344876
340892
339660
339140
332936
331136
329588
328860
331324
335308
336540
337060
343264
345064
346612
347340
344876
340892
339660
339140
332936
331136
329588
328860
331324
335308
336540
337060
343264
345064
346612
347340
345288
336318
335142
337194
346164
347340
344876
340892
339660
339140
332936
331136
329588
328860
331324
335308
336540
337060
343264
345064
346612
347340
347150
344270
344270
344270
344270
344270
344270
341162
339512
337048
333064
331832
331312
325108
323308
321760
321032
323496
327480
328712
329232
335436
337236
338784
339512
337048
333064
331832
331312
325108
323308
321760
321032
323496
327480
328712
329232
335436
337236
338784
339512
339368
339368
339512
340044
337580
333596
332364
331844
325640
323840
322292
321564
320924
320528
319257
314785
307435
306707
306419
303071
303071
303711
304107
305378
309850
317200
317928
318216
321564
342450
319910
319766
317620
313847
313315
312044
307572
330112
330256
332402
336175
336707
337978
342450
330067
329640
342023
342450
335905
330046
309160
296224
302769
308628
329514
342450
353970
353826
353294
353438
353970
353970
355241
359465
359465
363065
363065
363065
363065
363065
363065
363705
363705
372705
378405
378500
378356
377824
377968
377968
366448
377968
375916
366946
365770
367822
376792
377968
379390
382518
382518
382518
382518
382518
382518
382518
381096
377968
377968
377968
377968
377968
377968
377968
379390
382518
383050
383050
387034
391506
393054
393054
391632
388504
387972
387972
383988
379516
377968
377968
379390
382518
383050
385102
389086
393558
395106
398879
395999
390299
389028
382092
378319
381199
386899
388170
395106
398879
397457
394329
393797
391745
387761
383289
381741
377968
379390
382518
383050
385102
389086
393558
395106
398879
397457
394329
393797
391745
387761
383289
381741
377968
379390
382518
383050
385102
389086
393558
395106
398879
398735
398735
398879
399411
397989
394861
394329
392277
388293
383821
382273
378500
379922
383050
383582
385634
389618
394090
395638
395638
384118
395638
394216
391088
390556
388504
384520
380048
378500
378500
379922
383050
383582
385634
389618
394090
395638
395638
394216
391088
390556
388504
384520
380048
378500
378500
379922
383050
383582
385634
389618
394090
395638
399411
392866
387007
366121
353185
359730
365589
365589
365589
364167
361039
360507
358455
354471
349999
348451
344678
305078
303902
343502
344678
344534
344002
344146
344678
350882
354347
354987
354987
357451
361435
362667
363187
369391
371191
372739
373467
371003
367019
365787
365267
359063
357263
355715
354987
357451
361435
362667
363187
369391
371191
372739
372739
360356
348692
346546
343772
343252
355635
367299
369445
372219
372739
361219
361219
358755
354771
353539
353019
346815
345015
343467
343467
345931
349915
351147
351667
357871
359671
361219
361947
359483
355499
354267
353747
347543
345743
344195
343467
345931
349915
351147
351667
357871
359671
361219
361947
359483
355499
354267
353747
347543
345743
344195
343467
345931
349915
351147
351667
357871
359671
361219
361947
361307
361307
352307
346607
346512
347152
351436
360436
366136
366231
363767
359783
358551
358031
351827
350027
348479
347751
350215
354199
355431
355951
362155
363955
365503
366231
366087
365555
365699
366231
364179
355209
354033
356085
365055
366231
363767
359783
358551
358031
351827
350027
348479
347751
350215
354199
355431
355951
362155
363955
365503
366231
363767
359783
358551
358031
351827
350027
348479
347751
350215
354199
355431
355951
362155
363955
365503
366231
343691
343547
341401
337628
337096
335825
331353
353893
354037
356183
356183
356183
357454
361926
361286
360890
359619
355147
347797
347069
346781
343433
322547
323187
323583
324854
329326
329326
330054
330342
330342
330342
330342
341862
339398
335414
334182
333662
327458
325658
324110
323382
325846
329830
331062
331582
337786
339586
341134
341134
338670
334686
333454
332934
326730
324930
323382
323382
325846
329830
331062
331582
337786
339586
341134
341862
339398
335414
334182
333662
327458
325658
324110
323382
323238
322706
316161
310302
310302
310302
312102
319782
326822
330287
336551
348311
352063
358693
361573
373093
383418
389118
389545
389545
393145
393145
393145
397369
385849
375524
369824
369397
369397
365797
365797
365797
361573
373093
383418
389118
389545
390185
393785
402785
402785
407009
395489
395489
383969
373644
367944
367517
366877
363277
354277
354277
350053
361573
361573
367273
367273
367273
370873
370873
370873
375097
373297
365617
358577
355112
348848
337088
333336
326706
323826
323826
323826
323826
323826
330090
330090
330090
330090
332970
321450
321450
315750
315750
315750
312150
312150
312150
307926
319446
329771
335471
335898
336538
340138
349138
349138
353362
360712
372232
375006
401340
405812
409512
409512
409512
397992
387667
381967
381540
380900
377300
368300
368300
364076
364076
364076
364076
364076
364076
367676
367676
367676
371900
372628
378328
378328
379480
379768
379768
379768
379768
379768
379768
379768
379768
379768
376168
376168
376168
371944
383464
393789
399489
399916
400556
404156
413156
413156
413156
413156
417380
417380
417380
411116
411116
411116
411116
408236
410036
410036
410036
410036
416300
428060
431812
431812
431812
431812
429760
420790
419614
418974
414690
405690
399990
399895
399895
399895
399895
399895
399895
388375
378050
372350
371923
371283
367683
358683
358683
354459
354459
354459
354459
354459
354459
354459
354459
354459
354459
360159
360303
367233
378897
378897
380697
380697
380697
380697
380887
380887
380887
380887
380887
380887
380887
380887
380887
380887
380887
380887
380887
392407
402732
408432
408859
409499
413099
422099
422099
426323
420623
420479
413549
401885
407585
407729
407729
407729
405929
405929
405929
405929
399665
387905
384153
384153
384153
384153
384153
384153
384153
384153
384153
384153
384153
387033
387033
385233
385233
385233
385233
385043
385043
385043
385043
391973
393773
399473
400113
400113
400303
404055
405207
412143
400623
390298
384598
384171
383531
379931
370931
370931
366707
366707
370480
370480
370480
373828
373828
373828
373828
368128
367984
367984
367984
373684
373828
380758
392422
386722
386578
379648
367984
367984
368128
368128
368128
368128
364355
364355
364355
361007
361007
361007
361007
367943
371716
379776
411301
414649
416944
417371
420145
413215
411415
405715
405075
405075
404885
401133
399981
393045
399975
401775
407475
408115
408115
408305
412057
413209
420145
420145
420145
420145
420145
420145
420145
420145
420145
417265
418497
419225
422105
426329
428624
428624
428480
428480
428480
428480
428624
428624
428624
421688
417915
409855
378330
374982
372687
372260
369486
376422
380195
388255
419780
423128
425423
425850
428624
421694
419894
414194
413554
413554
413364
409612
408460
401524
401524
403324
403324
403324
403324
403514
403514
403514
403514
403514
403370
403370
403370
403370
403370
403370
403370
392762
377222
355562
355562
371102
371102
364166
360393
352333
320808
317460
315165
314738
311964
318900
322673
330733
330733
334081
336376
336803
336803
336803
336803
336803
336803
336803
335003
335003
335003
335003
334813
334813
334813
334813
341743
343543
349243
349883
357563
357753
361505
362657
369593
347053
346909
344763
344763
344763
343492
339020
339020
339164
341310
341310
341310
342581
347053
340117
336344
328284
328284
324936
322641
322214
322214
322214
325987
325987
325987
325987
325987
325987
325987
286387
285211
284571
284175
282904
275974
274174
269702
269702
264002
263274
262634
262346
254666
254476
254476
250724
250724
249572
250212
243276
243672
244943
251873
253673
258145
263845
271195
271923
272563
272851
280531
283879
284069
287821
308707
309859
316795
316795
313022
313022
313022
313022
313022
313022
313022
313022
313022
313022
313022
313022
313662
313662
322662
328362
328457
331337
331337
331337
330066
325842
325842
322242
322242
323513
327737
327737
331337
324407
322607
316907
316267
308587
308397
304645
303493
296557
303487
305287
310987
311627
319307
319497
323249
324401
331337
325133
321668
321028
321028
327232
327232
327872
327872
320942
319142
313442
312802
305122
304932
301180
300028
293092
300022
301822
307522
308162
308162
308352
312104
313256
320192
335696
342632
350312
343382
341582
335882
335242
335242
335052
331300
330148
323212
323212
323212
323212
323212
323212
323402
323402
323402
323402
327102
327417
339177
345757
352302
354738
381072
389132
367472
361613
360461
382121
387980
389132
389132
393116
394348
394868
401072
401072
402620
402620
402620
398636
397404
396884
390680
390680
389132
389132
391596
395580
396812
397332
403536
405336
406884
407612
407612
407612
407612
407612
407612
407422
407422
407422
407422
404958
400974
399742
399222
393018
391218
389670
388942
391406
395390
396622
397142
403346
405146
406694
407422
404958
400974
399742
399222
393018
391218
389670
388942
391406
395390
396622
397142
403346
405146
406694
407422
404958
400974
399742
399222
393018
391218
389670
388942
391406
395390
396622
397142
403346
405146
406694
407422
404958
400974
399742
399222
393018
391218
389670
388942
391406
395390
396622
397142
403346
405146
406694
407422
400072
388552
385778
359444
354972
351272
351272
351272
351272
351272
351272
351272
355744
359444
359444
359444
356980
352996
351764
351244
345040
343240
341692
340964
343428
347412
348644
349164
355368
357168
358716
359444
356980
352996
351764
351244
345040
343240
341692
340964
343428
347412
348644
349164
355368
357168
358716
359444
358212
357484
354604
350380
348085
349317
350045
352925
357149
359444
347061
346634
359017
359444
356980
352996
351764
351244
345040
343240
341692
340964
340964
340964
342196
342716
342716
342716
342716
342716
327212
320276
312596
312596
319532
319532
318892
318892
309892
304192
304097
304737
309021
318021
323721
323816
323816
323816
322584
322064
322064
322064
322064
322064
324528
328512
329744
330264
336468
338268
339816
340544
338080
334096
332864
332344
326140
324340
322792
322064
337904
341677
345097
345097
345097
345097
345097
345097
341397
341082
329322
322742
316197
313761
287427
279367
283067
283382
295142
301722
308267
310703
310703
318763
318763
318619
316473
316473
316473
315202
310730
333270
333414
335560
339333
339865
341136
345608
342728
337028
335757
328821
325048
327928
333628
334899
334899
334899
338427
339481
339481
339481
339481
342901
354757
359229
362757
364179
364699
364699
364699
364699
364059
363663
362392
357920
350570
349842
349554
346206
325320
325960
325960
327231
331703
331703
332431
332719
332719
332719
329839
329839
332719
332719
332719
332719
332719
332719
332719
332719
325783
325783
325783
332719
332719
316879
313106
309686
309686
309686
309686
309686
309686
325526
329299
332719
339264
347324
352274
373160
373160
374582
377710
378242
380294
384278
388750
390298
394071
392649
389521
388989
386937
382953
378481
376933
373160
374582
377710
378242
380294
384278
388750
390298
394071
392649
389521
388989
386937
382953
378481
376933
373160
374582
374582
374582
374582
374582
379054
379054
379054
377632
377632
377632
377632
377632
373160
373160
373160
374582
377710
378242
380294
384278
388750
390298
394071
392649
389521
388989
386937
382953
378481
376933
373160
374582
377710
378242
380294
384278
388750
390298
394071
392649
389521
388989
386937
382953
378481
376933
373160
374582
377710
377710
379762
383746
388218
389766
389766
389126
384842
375842
370142
370047
370047
370047
370047
370047
370047
366627
354771
350299
346771
345349
344829
344829
344829
344829
348249
360105
364577
368105
369527
370047
385887
386031
389496
385796
385481
373721
367141
360596
358160
358160
350100
353800
354115
365875
372455
379000
381436
407770
415830
414408
411280
411280
409228
405244
400772
399224
399224
400646
400646
400646
400646
400646
400646
402194
402194
400772
400772
400772
400772
400772
400772
399224
399224
400646
403774
404306
406358
410342
414814
416362
416362
416362
416362
416362
416362
416362
419242
430762
433057
440097
443870
442448
439320
438788
436736
432752
428280
426732
426732
410892
407119
403699
397154
389094
384144
363258
363258
379098
382871
386291
392836
400896
405846
405846
405846
405846
398910
398910
398910
398910
398910
397678
396950
394070
389846
387551
388783
389511
392391
396615
398910
395490
383634
379162
375634
374212
373692
357852
357708
354243
357663
369519
373991
377519
378941
379461
395301
395445
398910
392706
392706
392066
392066
398270
398270
398910
398910
396030
384510
382215
375175
371402
374282
385802
388097
395137
398910
383070
379297
375877
369332
361272
356322
356322
356322
372162
375935
379355
385900
393960
398910
419796
419796
416096
415781
404021
397441
390896
388460
362126
354066
331526
331382
329236
325463
324931
323660
319188
341728
341872
344018
347791
348323
349594
354066
354066
354066
354066
354066
350646
346174
334318
329846
326146
326146
322618
322618
321196
320676
304836
312186
323706
323562
326336
322871
349205
353677
357097
360797
360797
360797
365269
368797
368797
370219
370739
370739
370739
370739
370739
370739
370739
386243
393179
400859
400859
400859
400859
400859
400859
401499
405783
405783
405783
405878
405878
390338
390338
390338
391886
391886
391886
391886
391886
391886
391886
392462
389582
389582
392462
396446
393566
382046
379751
372711
368938
371818
383338
385633
392673
396446
380606
376833
373413
366868
358808
353858
332972
332972
348812
352585
356005
362550
370610
375560
375560
397220
399684
403668
404900
405420
411624
413424
413424
413424
412784
412784
411513
407041
407041
406313
406025
406025
406025
403561
399577
398345
397825
391621
389821
389821
389821
392285
396269
397501
398021
404225
406025
407573
408301
395918
384254
382108
379334
378814
391197
402861
405007
407781
408301
408301
407030
402806
402806
399206
399206
400477
404701
404701
408301
405837
401853
400621
400101
393897
392097
390549
389821
392285
396269
397501
398021
404225
406025
407573
408301
405837
401853
400621
400101
393897
392097
390549
389821
392285
396269
397501
398021
404225
406025
407573
408301
404881
404881
400409
396881
395459
394939
394939
394939
394939
394939
394939
394939
394939
396361
396361
396361
396361
396361
393897
389913
388681
388161
381957
380157
378609
377881
380345
384329
385561
386081
392285
394085
395633
396361
393897
389913
388681
388161
381957
380157
378609
377881
377881
381865
383097
383617
389821
389821
391369
391369
391369
387385
386153
385633
379429
379429
377881
377881
380345
384329
385561
386081
392285
394085
395633
396361
393897
389913
388681
388161
381957
380157
378609
377881
377881
377881
377881
377881
377881
377881
379429
379429
363925
356989
349309
349309
356245
356245
356245
356245
356245
356245
356245
356245
354697
354697
357161
361145
362377
362897
369101
370901
372449
373177
357337
353564
350144
343599
335539
330589
330589
308929
324769
324769
328189
328189
328189
328189
328189
328189
325309
313789
311494
304454
300681
303561
315081
317376
324416
328189
325725
321741
320509
319989
313785
311985
310437
309709
312173
316157
317389
317909
324113
325913
327461
328189
325725
321741
320509
319989
313785
311985
310437
309709
308477
307749
304869
300645
298350
298350
299078
299078
299078
299078
299078
299078
299078
299078
297656
297656
297656
297656
297656
301076
312932
317404
320932
322354
322874
338714
338858
342323
341683
337399
337399
337399
337304
348824
359149
364849
365276
365916
369516
378516
378516
382740
366900
366900
363480
363480
363480
363480
363480
363480
379320
383093
386513
393058
401118
406068
406068
427728
433428
433572
433572
445236
433716
423391
417691
417264
416624
413024
404024
404024
399800
411320
411320
417020
417020
417020
420620
420620
420620
424844
421964
410444
408149
401109
397336
400216
400216
400216
400216
400216
400216
393280
393280
389860
378004
373532
370004
368582
368062
352222
352078
348613
342913
342769
342769
331105
336805
336949
343879
355543
344023
344023
338323
338323
338323
334723
334723
334723
330499
342019
342019
347719
348146
348786
352386
352386
352386
356610
350910
350766
343836
332172
337872
338016
338016
338016
326496
326496
320796
320369
319729
316129
316129
316129
311905
323425
333750
339450
339877
340517
344117
353117
353117
357341
334801
334657
332511
328738
328206
326935
322463
345003
345147
347293
351066
351598
352869
357341
351641
351497
351497
351497
357197
357341
364271
375935
364415
354090
348390
347963
347323
343723
334723
334723
330499
342019
342019
347719
348146
348786
352386
352386
352386
352386
356610
356800
358946
365078
404678
416438
416582
405062
405062
399362
393662
393235
392595
392451
388851
381921
370257
370257
370257
370257
370257
370401
370401
381921
392246
392246
397946
398373
399013
402613
411613
411613
415837
412957
408973
411853
415837
417637
417637
417637
417637
423901
435661
435661
435661
438541
422701
418928
415508
408963
400903
395953
395953
374293
390133
393906
397326
403871
411931
416881
416881
438541
427021
416696
410996
410569
409929
406329
397329
397329
393105
404625
404625
410325
410325
410965
410965
410965
410965
410965
410965
410821
410821
410821
410821
410821
410821
410821
407941
407941
407941
407941
407941
410821
422341
424636
431676
435449
423929
423929
418229
418229
417589
417589
417589
417589
417589
417589
417589
423289
423716
423716
427316
427316
427316
431540
431540
431540
431540
431540
431540
431540
425840
425413
425413
421813
421813
421813
417589
411385
411385
410745
410745
408945
415149
415149
418614
418614
418614
418614
412350
412350
400590
400590
400590
397710
399510
407190
414230
414230
420494
432254
436006
436006
438886
431536
420016
417242
390908
386436
382736
382736
382736
390086
401606
404380
404380
408852
412552
412552
412552
410752
403072
396032
396032
389768
378008
374256
374256
371376
373176
373176
380216
380216
386480
386480
386480
386480
389360
376977
376550
388933
389360
373520
369747
366327
359782
351722
346772
346772
325112
340952
344725
348145
354690
362750
367700
367700
367700
367700
366972
366972
366972
366972
364092
352572
350277
343237
339464
342344
353864
356159
363199
366972
365172
365172
358132
358132
351868
351868
351868
351868
348988
350788
358468
365508
368973
375237
386997
390749
397379
400259
402723
406707
407939
408459
414663
416463
418011
418739
415859
410159
408888
408888
408888
411768
417468
418739
425675
429448
426984
423000
421768
421248
415044
413244
411696
410968
413432
417416
418648
418648
418648
418648
418648
418648
416184
412200
410968
410968
410968
410968
410968
410968
413432
417416
418648
419168
419168
419168
420716
421444
418980
414996
413764
413244
413244
413244
411696
410968
413432
417416
418648
419168
425372
427172
428720
429448
426984
423000
421768
421248
415044
413244
411696
410968
413432
417416
418648
419168
425372
427172
428720
428720
426920
419240
412200
408735
402471
390711
386959
380329
377449
361609
357836
354416
347871
339811
334861
334861
334861
341791
341886
345586
345586
350486
350486
350486
350486
348022
344038
342806
342286
336082
334282
332734
332734
335198
339182
340414
340934
347138
348938
350486
351214
348750
344766
343534
343014
336810
335010
333462
332734
335198
339182
340414
340934
347138
348938
350486
351214
348334
336814
334519
327479
323706
326586
338106
340401
347441
351214
348750
344766
343534
343014
336810
335010
333462
332734
335198
339182
340414
340934
347138
348938
350486
351214
329554
323695
322543
344203
350062
351214
348750
344766
343534
343014
336810
335010
333462
332734
335198
339182
340414
340934
347138
348938
350486
351214
348750
344766
343534
343014
336810
335010
333462
332734
332734
332734
333966
333966
333966
333966
333966
333966
335388
338516
339048
341100
345084
349556
351104
354877
354877
354877
353645
353645
353645
353645
353645
353645
352223
349095
348563
346511
342527
338055
336507
332734
334156
337284
337816
339868
343852
348324
349872
353645
331105
330961
328815
325042
324510
323239
318767
341307
341451
343597
347370
347902
349173
353645
352223
349095
348563
346511
342527
338055
336507
332734
334156
337284
337816
339868
343852
348324
349872
353645
352223
349095
348563
346511
342527
338055
336507
332734
334156
337284
337816
339868
343852
348324
349872
353645
358595
384929
396449
401349
408285
409707
410239
413767
415249
420199
425899
425899
425899
423019
419035
421915
425899
424477
421349
420817
418765
414781
410309
408761
404988
406410
409538
410070
412122
416106
420578
422126
425899
422371
421317
421317
421317
421317
419895
416767
416235
414183
410199
405727
404179
400406
401828
404956
405488
407540
411524
415996
417544
421317
419895
416767
416235
414183
410199
405727
404179
400406
401828
401828
401828
401828
405812
410284
410284
410284
408862
408862
408862
408862
404878
400406
400406
400406
401828
401828
401828
401828
401828
401828
401828
401828
398948
387428
385133
378093
374320
377200
388720
391015
398055
401828
400406
400406
400406
400406
400406
400406
400406
400406
400406
401828
402012
402012
402012
402012
402012
400741
396517
396517
392917
428862
430133
434357
438641
442241
441009
440694
418154
417622
414742
413260
413260
410380
398860
396565
389525
385752
381528
381338
379192
373060
333460
321700
321556
325780
325970
328116
334248
334248
346008
346152
338802
327282
324508
324508
320036
316336
316336
316336
323686
335206
335206
361540
366012
369712
369712
369712
363508
360043
360043
360043
366247
369712
370352
382735
385199
389183
390415
390935
397139
398939
400487
401215
398751
394767
393535
393015
386811
385011
383463
382735
385199
389183
390415
390935
397139
398939
400487
401215
398751
394767
393535
393015
386811
385011
383463
382735
385199
389183
390415
390935
397139
398939
400487
401215
378675
378531
376385
372612
372080
370809
366337
367489
383029
383029
383029
380565
376581
375349
374829
368625
366825
365277
364549
367013
370997
372229
372749
378953
380753
382301
383029
380565
376581
375349
374829
368625
366825
365277
364549
367013
370997
372229
372749
378953
380753
382301
383029
380149
376165
373701
369717
368485
367965
361761
359961
358413
357685
360149
364133
365365
365885
372089
373889
375437
376165
383101
386874
394934
394934
398282
398282
398282
398282
395818
391834
390602
390082
383878
382078
380530
379802
382266
382266
382266
382786
382786
382786
382786
382786
381634
366094
366094
366094
367246
382786
395602
399130
396666
396666
396666
396146
396146
396146
396146
396146
398610
402594
403826
404346
410550
410550
412098
412098
441960
443465
443825
436889
433116
425056
425056
421708
421708
421708
421708
421708
421708
421708
421708
421708
421708
421708
421708
419244
415260
414028
413508
407304
407304
405756
405756
408220
412204
413436
413956
420160
421960
423508
424236
421772
417788
416556
416036
409832
409832
408032
406484
405062
404334
404150
404150
406614
406614
406614
410598
411830
412350
414351
420555
421977
422161
423961
429661
431209
434909
435637
448573
447421
431881
419065
415537
416689
432229
445045
448573
452273
452588
464348
470928
470928
473364
473364
473364
473364
473364
473364
473364
473364
473364
473364
473364
480300
484073
492133
492133
495481
497776
497776
497776
495312
491328
490096
489576
483372
481572
480024
479296
472360
468587
460527
460527
457179
454884
454884
454884
461820
465593
473653
473653
477001
479296
479723
479723
478571
463031
450215
446687
447839
463379
476195
479723
472787
469014
460954
460954
457606
455311
454884
454884
461820
465593
473653
473653
477001
479296
479723
479723
478571
463031
450215
446687
447839
463379
476195
479723
480083
483611
489875
496915
498565
505915
498979
495206
487146
487146
483798
481503
481076
481076
480348
474648
474648
473496
473208
473208
473208
473208
472056
456516
443700
440172
440599
452359
467899
473758
480858
483738
485790
490262
490262
496121
496121
496121
496121
496121
496481
496481
496481
484098
472434
470288
467514
466994
479377
491041
493187
493187
493707
490007
489692
477932
471352
471352
468916
468916
468916
472616
472931
484691
484691
491236
491236
491236
491236
483886
472366
472366
446032
441560
437860
437860
437860
437860
437860
437860
437860
442332
442332
442332
442332
442332
436473
436473
436473
436473
436473
436113
436113
436113
436113
441972
441972
441972
441972
441972
442332
442332
442332
438108
437918
435772
429640
429640
417880
417736
421960
422150
424296
430428
430428
430428
430572
433036
437020
438252
438772
444976
446776
448324
449052
446588
442604
441372
440852
434648
432848
431300
430572
433036
437020
438252
438772
444976
446776
448324
449052
436669
436242
448625
449052
446588
442604
441372
440852
434648
432848
431300
430572
433036
437020
438252
438772
444976
446776
448324
449052
446588
442604
441372
440852
434648
432848
431300
430572
433036
437020
438252
438772
444976
446776
448324
449052
446172
440472
439201
432265
428492
426491
425069
424885
419185
415485
402549
404550
405972
406156
411856
415556
415556
413092
409108
407876
407356
401152
399352
397804
397076
399540
403524
404756
405276
411480
413280
414828
415556
411856
411541
399781
399781
393236
393236
393236
393236
396936
397251
409011
415591
422136
424572
424572
432632
430168
426184
424952
424432
418228
416428
414880
414152
416616
420600
421832
422352
428556
430356
431904
432632
433360
433360
433720
434296
446679
444215
440231
438999
438479
432275
430475
428927
428199
430663
434647
435879
436399
442603
444403
445951
446679
440475
437010
436370
423987
421523
417539
416307
415787
409583
407783
406235
405507
407971
411955
413187
413707
419911
421711
423259
423259
387314
386043
381819
377535
373935
373935
375206
379430
383714
387314
384850
380866
379634
379114
372910
371110
369562
369562
369562
373546
374778
375298
375298
375298
375298
375298
375298
369439
369439
369439
369439
369439
369079
369079
369079
376759
382618
390678
393024
405407
416927
417287
419582
420734
420734
416750
415518
414998
414998
414998
414998
414998
417462
421446
422678
423198
429402
431202
432750
432750
430286
426302
425070
424550
418346
416546
414998
414998
415574
436460
437514
441798
448728
450528
456228
461928
462568
462712
470392
470392
470582
470582
474334
475486
482422
476722
476578
476578
476578
482278
482422
482422
482422
475492
473692
467992
467352
459672
459482
455730
454578
447642
454572
456372
456372
456372
456372
456562
456562
456562
456562
452862
452547
440787
434207
427662
425226
425226
417166
411466
411322
411322
411322
417022
417166
424096
424096
416416
410557
402497
400151
387768
376248
375888
373593
372441
380121
385980
394040
396386
408769
420289
420649
420649
421801
416101
415957
409027
409027
414727
414871
421801
433465
426535
424735
424735
424735
424735
424545
424545
424545
424545
424545
424545
424545
424545
424545
424735
424735
424735
424735
419035
418891
411961
400297
400297
400297
400297
400297
400297
400297
400297
400297
400297
400107
400107
400107
400107
407037
408837
408837
409477
409477
409477
409477
409477
409477
409477
409477
409477
409477
409477
409477
409477
409477
409117
405589
399325
392285
390635
383285
383645
387173
393437
400477
402127
402127
402127
402127
402127
402127
395197
393397
393397
392757
392757
392757
392757
392757
392757
399687
401487
407187
407827
407827
408017
411769
412921
412921
420601
420601
423949
425181
427476
439140
440772
444372
444372
437442
435642
429942
429302
429302
429112
425360
424208
424208
424208
424208
424208
424208
424208
424398
428150
428150
428150
420470
414611
406551
404205
391822
380302
379942
379942
378790
386470
392329
400389
402735
415118
426638
426998
429293
430445
431716
434844
437724
437724
443988
443988
445620
445620
445620
443619
442197
442013
436313
432613
432613
432613
434035
434035
434035
434035
434035
434035
434035
434035
434035
434035
434035
434035
434035
434035
434035
434035
434035
434035
434035
433845
430093
430093
430093
430093
430093
430093
430093
430093
430283
430283
430283
430283
430283
430283
430283
430283
425811
425811
425811
425811
404151
398292
397140
397140
397140
397140
403685
409544
430430
443366
443366
443366
443366
443366
443366
443176
443176
443176
443176
450106
451906
457606
458246
465926
466116
469868
471020
477956
477956
477956
477956
477956
477956
477956
477956
477956
477956
477956
477956
477956
477956
477956
477956
477956
477956
480836
480260
459374
458320
454036
454612
454612
454612
454612
447682
445882
440182
439542
431862
431672
427920
426768
419832
419832
419832
419832
419832
419832
419832
419832
419832
419832
421254
424382
424914
426966
430950
435422
436970
440743
433063
427204
419144
416798
404415
392895
392535
390240
389088
396768
402627
410687
413033
425416
425416
425776
428071
429223
429223
429223
429223
429223
429223
429223
429223
429223
426343
428143
435823
435823
435823
442087
442087
445839
452469
455349
453927
450799
450267
448215
444231
439759
438211
434438
435860
435860
435860
435860
439844
439844
441392
441392
437168
436978
434832
428700
428700
428700
428556
428556
428556
428556
428556
428556
428556
428556
428556
428556
428556
428556
428556
428556
428556
428556
428556
427134
427134
427134
427134
423150
423150
421602
421602
423024
423024
423024
423024
423024
423024
424572
424572
423150
423150
423150
423150
423150
423150
421602
421602
423024
426152
426684
428736
432720
437192
438740
442513
441091
437963
437431
435379
431395
426923
425375
421602
423024
426152
426684
428736
432720
437192
438740
438740
437469
434341
431461
431461
425197
425197
423565
423565
423565
424836
424836
424836
424836
424836
424836
424836
424836
424836
423414
420286
419754
417702
413718
409246
407698
407698
409120
412248
412780
414832
418816
423288
424836
428609
427187
424059
423527
421475
417491
413019
411471
407698
409120
412248
412780
414832
418816
423288
424836
428609
426809
419129
419129
419129
412865
412865
409113
402483
399603
401403
409083
416123
419588
425852
437612
441364
447994
450874
449452
446324
445792
443740
439756
435284
433736
429963
431385
434513
434513
434513
438497
442969
444517
444517
443095
439967
439967
439967
435983
431511
429963
429963
422283
422283
418935
417703
415408
403744
402112
398512
398512
398512
411448
414796
416028
418323
418323
419955
423555
423555
421755
414075
407035
403570
397306
385546
381794
375164
372284
365739
359880
338994
326058
326058
326058
326058
326058
337578
337578
343278
343705
344345
347945
356945
356945
361169
353489
347630
339570
337224
324841
324841
324481
322186
321034
328714
334573
334573
336919
336919
336919
337279
337279
338431
340895
344879
346111
346631
352835
354635
356183
356911
354447
350463
349231
348711
342507
340707
339159
338431
340895
344879
346111
346631
352835
354635
356183
356911
345391
345391
339691
339264
338624
335024
326024
326024
321800
333320
333320
339020
339447
340087
343687
343687
343687
347911
345447
341463
340231
339711
333507
331707
330159
329431
331895
335879
337111
337631
343835
345635
347183
347911
347183
347183
346823
346247
333864
334592
374192
374552
375128
375128
363608
363608
357908
357481
356841
353241
353241
353241
349017
349017
349017
354717
354717
354717
354717
354717
354717
354717
352253
348269
347037
346517
340313
338513
336965
336237
338701
342685
343917
344437
350641
352441
353989
354717
352253
348269
347037
346517
340313
338513
336965
336237
338701
342685
343917
344437
350641
352441
353989
354717
354717
354717
349017
349017
349017
349017
349017
349017
349017
360537
370862
376562
376562
376562
380162
380162
380162
384386
383115
383115
383115
383115
383115
383115
383115
383115
383115
384386
387514
390394
393168
399432
421972
423604
428076
438401
435937
431953
430721
430201
423997
422197
420649
419921
422385
426369
427601
428121
434325
436125
437673
438401
438401
436979
436979
436979
436979
436979
438980
440402
440586
446286
449986
462922
460458
456474
455242
454722
448518
446718
445170
444442
446906
450890
452122
452642
452642
452642
454190
454918
443398
433073
427373
427373
427373
423773
423773
423773
419549
431069
431069
431069
431496
431496
435096
435096
435096
439320
436856
432872
431640
431120
431120
431120
429572
428844
431308
435292
436524
437044
443248
443248
444796
444796
433276
433276
433276
432849
432849
429249
429249
429249
425025
425025
425025
425025
425025
425025
425025
425025
425025
425025
422561
418577
417345
416825
410621
410621
409073
409073
411537
411537
412769
413289
413289
413289
414837
414837
412373
412373
411141
410621
410621
410621
409073
409073
409073
413057
414289
414809
414809
414809
414809
414809
414809
414809
414809
414809
414809
414809
414809
414809
414809
414809
414809
414809
414809
414809
414809
414809
414809
414809
414809
410825
409593
409073
409073
409073
409073
409073
401393
395534
395534
393188
393188
393188
392828
392828
391676
399356
405215
413275
415621
415621
415621
415981
415981
417133
417133
417133
417133
417133
417133
417133
417133
417133
417133
428653
438978
444678
445105
445745
449345
458345
458345
462569
461993
461993
461993
461993
462569
483455
484509
484509
484509
483238
479014
474730
471130
471130
472401
476625
476625
480225
468705
458380
452680
452253
451613
448013
439013
439013
434789
434789
434789
434789
434789
441334
447193
447193
447193
446766
435006
419466
413607
406507
403627
401575
397103
397530
409290
424830
430689
437789
440669
440669
445141
444781
441253
434989
427949
426299
426299
426659
430187
436451
443491
445141
452491
464011
464011
451075
447727
446495
444200
444200
442568
438968
438968
446648
459584
462932
464164
466459
478123
479755
483355
483355
482084
478956
476076
473302
467038
444498
442866
438394
428069
429340
429340
432220
432220
432220
432220
432220
432220
432220
424540
418681
410621
408275
408275
408275
407915
407915
406763
414443
420302
428362
428362
428362
428362
428722
428722
428722
417202
428722
416339
415912
422848
426621
434681
434681
438029
440324
440751
443525
436980
431121
431121
431121
437666
443525
464411
464411
457475
453702
445642
445642
442294
439999
439572
436798
443734
443734
443734
443734
443734
443734
443734
443734
432214
443734
442463
442463
439583
439583
439583
439583
439583
439583
439583
440854
443982
446862
449636
455900
455900
457532
457532
457532
457532
457532
457532
457532
457532
457532
457532
461756
461946
464092
470224
470224
470224
470368
463432
463432
463432
463432
463432
463432
463432
463432
470368
474141
474141
474141
477489
477489
477489
477489
469809
463950
455890
455890
455890
455890
455530
455530
455530
443147
431483
429337
429337
428817
441200
452864
455010
457784
458304
456303
454881
454697
448997
445297
432361
434362
435784
435968
441668
445368
458304
451368
447595
447595
447595
444247
444247
444247
444247
451183
454956
463016
494541
497889
500184
500611
503385
505437
517820
520115
523243
526843
538603
527083
538603
531667
527894
519834
488309
484961
482666
482239
479465
479465
479465
479465
479465
479465
479465
479465
479465
478889
458003
456949
456949
457525
457525
458579
462863
455183
442247
438899
437667
435372
423708
422076
418476
418476
418476
418476
418476
419708
419708
419708
419708
419708
419708
425408
425552
432482
444146
444146
444146
444146
444146
444146
444146
444146
444146
438446
438302
431372
419708
425408
425552
432482
444146
438446
438302
431372
419708
425408
425552
432482
444146
432626
444146
444786
452466
454902
461034
463180
463180
463180
456635
450776
429890
429890
436435
442294
442294
442294
436594
436450
429520
417856
417856
418000
418000
418000
416729
413601
410721
407947
401683
401683
400051
400051
400051
401322
404450
407330
407330
407330
407330
407330
407330
407330
409794
413778
415010
415530
421734
423534
425082
425810
423346
419362
418130
417610
411406
409606
408058
407330
407330
411314
412546
413066
419270
419270
420818
421546
421546
421402
421402
421402
421402
421402
421402
421402
421402
417418
416186
415666
409462
409462
407914
407186
409650
413634
414866
415386
421590
423390
424938
425666
425666
425666
425666
425666
425666
425666
425666
425666
423202
419218
417986
417466
411262
409462
407914
407186
409650
413634
414866
415386
421590
423390
424938
425666
423202
419218
417986
417466
411262
409462
407914
407186
407186
411170
412402
412402
412402
412402
412402
412402
400882
412402
412546
413078
413078
413078
413078
413078
413078
409094
407862
407862
407862
407862
407862
407862
410326
414310
415542
416062
422266
424066
425614
426342
423878
419894
418662
418142
411938
410138
408590
407862
410326
414310
415542
415542
415542
415542
417090
417818
420254
417790
413806
412574
412574
412574
412574
411026
410298
412762
416746
417978
418498
424702
426502
428050
428778
428050
388450
388090
387514
387514
388242
427842
428202
428778
441161
438697
434713
433481
432961
426757
424957
423409
422681
425145
429129
430361
430881
437085
438885
440433
441161
438697
434713
433481
432961
426757
424957
423409
422681
422681
426665
426665
426665
426665
426665
426665
426665
426665
422681
422681
422681
422681
422681
422681
422681
422537
422005
422149
422681
411161
410801
407273
401009
393969
392319
384969
383698
380570
377690
377690
377690
377690
377690
377690
377690
378961
382089
384969
384969
391233
413773
415405
419877
419877
419877
419877
419877
418645
418645
418645
418645
418645
418645
426325
426325
429673
430905
433200
444864
446496
450096
450096
443551
437692
437692
437692
435691
434269
434085
428385
424685
411749
411749
413171
413355
413355
417055
417055
416911
416379
416523
417055
418855
426535
426535
426535
432799
444559
448311
448311
451191
450615
450615
449561
445277
445853
445853
446907
446907
446907
446907
446907
446907
447222
448854
453754
457454
455402
443019
440724
437596
433996
422236
424288
436671
438966
442094
445694
445550
457310
456778
456922
457454
455654
447974
447974
447974
441710
429950
426198
426198
423318
425118
432798
439838
443303
449567
461327
465079
465079
467959
463009
436675
425155
420255
413319
411897
411257
403577
401141
395009
392863
392863
392863
392863
392863
395299
395299
395299
395299
395299
398719
434664
434664
433393
429169
429169
425569
423769
416089
409049
405584
399320
387560
383808
383808
380928
380928
380928
380928
380928
380928
380928
380928
380928
380928
379657
376529
373649
373649
367385
344845
343213
338741
338741
340012
343140
346020
346020
352284
374824
376456
376456
376456
376312
375780
375924
376456
372232
372042
369896
363764
363764
363764
363620
367844
368034
370180
376312
376312
388072
388216
388216
388216
388216
388216
388216
388216
388216
388216
388216
390016
397696
397696
397696
403960
415720
419472
426102
428982
428838
428306
428450
428982
428982
428982
428982
428982
428982
430134
422454
422454
419106
417874
415579
403915
402283
398683
398683
406363
419299
422647
423879
426174
437838
439470
443070
443070
443070
443070
443070
443070
449334
449334
449334
451134
449334
441654
441654
441654
435390
423630
419878
413248
410368
416500
416500
416860
417337
417337
417337
417337
417193
416661
416805
417337
416066
412938
410058
410058
403794
381254
379622
379622
379622
379307
377675
372775
369075
369390
371022
375922
379622
379090
375562
374080
369130
363430
363430
363430
363430
362008
361824
361824
358124
358124
360125
361547
361731
367431
371131
384067
354205
352700
352340
352196
351664
351808
352340
354804
358788
360020
360540
366744
368544
370092
370820
370244
370244
369190
369190
366726
362742
361510
360990
354786
352986
351438
350710
353174
357158
358390
358910
365114
366914
368462
369190
366726
362742
361510
360990
354786
352986
351438
350710
353174
357158
358390
358910
365114
366914
368462
369190
370612
373740
374272
376324
380308
384780
386328
390101
390101
390101
387665
387665
387665
387665
387665
388305
395985
398421
404553
404553
404553
404553
402089
398105
396873
396353
390149
388349
386801
386073
388537
392521
393753
394273
400477
402277
403825
404553
403131
400003
399471
397419
393435
388963
387415
383642
385064
388192
388192
388192
388192
388192
388192
388192
386770
383642
383642
383642
383642
383642
383642
383642
385064
388192
388192
388192
388192
392664
394212
394212
391748
387764
386532
386012
379808
378008
376460
375732
378196
382180
383412
383932
390136
391936
393484
394212
387948
387948
387948
386148
392412
414072
450017
451817
450395
447267
447267
447267
447267
442795
441247
441247
442669
445797
446329
448381
452365
456837
458385
462158
459694
455710
454478
453958
447754
445954
444406
443678
446142
450126
451358
451214
450682
451202
457406
457550
459350
459882
461430
462158
460736
457608
457076
455024
451040
446568
445020
441247
442669
445797
446329
448381
452365
456837
458385
462158
459694
455710
454478
453958
447754
445954
444406
443678
446142
450126
451358
451878
458082
459882
461430
462158
460736
457608
457076
455024
451040
446568
445020
441247
442669
445797
445797
445797
445797
450269
451817
451817
451390
439630
424090
418231
411131
408251
408251
403779
404206
415966
431506
437365
444465
447345
449397
453869
451405
447421
446189
445669
439465
437665
436117
435389
435389
439373
440605
441125
447329
447329
448877
448877
447455
444327
444327
444327
444327
439855
438307
438307
439729
442857
443389
445441
449425
453897
455445
459218
457796
454668
454136
452084
448100
443628
442080
438307
439729
442857
443389
445441
449425
453897
451845
453393
441010
444783
442488
439360
435760
424000
426052
438435
438435
441563
445163
456923
456923
452939
451707
451187
444983
444983
443435
443435
445899
449883
451115
451115
451115
451115
451115
451115
449693
446565
446033
443981
439997
435525
433977
430204
427740
423756
422524
422524
422524
422524
422524
422524
424988
428972
430204
430724
436928
438728
440276
441004
438540
434556
433324
432804
426600
424800
423252
422524
414844
401908
398560
397328
395033
383369
381737
378137
378137
378137
378137
381485
382717
385012
396676
398308
401908
417748
423448
423592
423448
430378
442042
441510
435378
435378
435018
434541
434541
434541
434541
434541
434541
434901
435378
435378
435378
437673
431973
431829
424899
413235
413235
413235
413235
413235
412507
372907
372547
371971
359588
356168
320223
323643
359588
359588
359588
359588
359588
365288
365432
372362
384026
395546
395546
401246
401673
402313
405913
405913
405913
410137
409822
408190
403290
399590
399905
401537
406437
410137
404437
404293
397363
385699
391399
391543
398473
410137
410137
408589
408589
408589
408589
408589
408589
408589
408013
396493
396493
390793
390366
389726
386126
386126
386126
381902
381902
381902
381902
381902
381902
381902
381902
381902
381902
376202
376058
369128
357464
363164
363308
370238
381902
375638
353978
318033
316233
322497
344157
380102
381902
381902
381902
381902
381902
381902
381902
381902
381902
381902
393422
393422
399122
399549
400189
403789
412789
412789
417013
411313
411169
404239
392575
398275
398419
405349
405349
393829
393829
388129
387702
387062
383462
374462
374462
370238
381758
381758
387458
387885
388525
392125
392125
392125
392125
386425
386281
379351
379351
376915
379351
367831
367831
362131
361704
361064
357464
357464
357464
357464
368984
379309
385009
385436
385436
389036
389036
389036
389036
392736
393051
404811
411391
417936
420372
420372
420372
408852
398527
392827
392400
392400
388800
388800
388800
388800
400320
410645
416345
416772
417412
421012
430012
430012
434236
427306
427211
423511
423511
418611
418611
418611
418611
416610
415188
415004
409304
405604
392668
392668
394090
394274
394274
394274
394274
382754
372429
366729
366302
365662
362062
353062
353062
348838
360358
370683
376383
376383
376383
379983
379983
379983
384207
379983
379793
377647
371515
371515
359755
359611
358971
351291
348855
342723
342723
342723
342723
343363
343363
345799
351931
351931
351931
351931
340411
330086
324386
324386
324386
320786
320786
320786
316562
328082
338407
344107
344534
345174
348774
357774
357774
361998
350478
340153
334453
334026
333386
329786
320786
320786
316562
316562
316562
316202
315725
315725
315725
313430
313430
313430
310082
308850
306555
294891
293259
289659
273819
281499
294435
297783
299015
301310
312974
314606
318206
318206
311942
290282
254337
252537
258801
280461
316406
318206
319438
320166
323046
327270
329565
329250
327618
322718
319018
319333
320965
325865
329565
325865
325550
313790
307210
300665
298229
298229
298229
301929
302244
314004
320584
327129
329565
355899
363959
351576
339912
337766
334992
334472
346855
358519
360665
363439
363959
366423
370407
371639
372159
378363
380163
381711
382439
380387
368004
368004
364876
361276
349516
351568
351568
353863
356991
360591
360591
358127
354143
352911
352391
346187
344387
342839
342111
344575
348559
349791
350311
356515
358315
359863
360591
358127
354143
352911
352391
346187
344387
342839
342111
344575
348559
349791
350311
356515
358315
359863
360591
358127
354143
352911
352391
346187
344387
342839
342111
344575
348559
349791
350311
356515
358315
359863
360591
358127
354143
352911
352391
346187
344387
342839
342111
344575
348559
349791
350311
350311
350311
351859
352587
350123
346139
344907
344387
344387
344387
342839
342111
344575
348559
349791
350311
356515
358315
359863
360591
358127
354143
352911
352391
346187
344387
342839
342111
344575
348559
349791
350311
356515
358315
359863
360591
358127
354143
352911
352391
346187
344387
342839
342111
344575
348559
349791
350311
356515
358315
359863
360591
354327
332667
296722
294922
301186
322846
322846
324646
322182
318198
316966
316446
310242
308442
306894
306166
308630
312614
313846
314366
320570
322370
323918
324646
321226
285281
288701
324646
322182
318198
316966
316446
310242
308442
306894
306166
308630
312614
313846
314366
320570
322370
323918
324646
322182
318198
316966
316446
310242
308442
306894
306166
298486
285550
282202
280970
278675
267011
265379
261779
261779
269459
269459
272807
274039
276334
287998
289630
293230
293230
292590
292590
290154
284022
284022
284022
284022
284662
284662
287098
293230
295376
295376
304376
309326
309326
310831
311146
314026
314026
321126
321126
317426
317111
305351
298771
292226
289790
263456
255396
259096
259411
271171
277751
284296
286732
313066
321126
321126
319704
319520
319520
319520
319520
321521
322943
323127
328827
332527
345463
345148
343516
338616
334916
334916
336548
336548
336548
336548
343484
343484
342252
341524
338644
334420
332125
333357
334085
336965
341189
343484
337220
315560
315560
313760
316640
328160
330455
337495
341268
337568
337253
325493
318913
312368
309932
283598
275538
273486
273486
271191
268063
264463
264463
266515
278898
281193
284321
287921
299681
311537
327377
327377
320441
320441
335945
342881
342881
335201
335201
331853
330621
328326
316662
315030
311430
311430
319110
319110
322458
323690
325985
337649
339281
342881
342881
344033
359573
372389
375917
382853
386626
394686
426211
429559
431854
432281
432281
432281
430649
430649
430649
430964
432596
437496
441196
440044
424504
411688
408160
409312
424852
437668
441196
438316
426796
424501
417461
413688
416568
416568
418863
418863
422636
421996
421996
419560
413428
411282
411282
402282
402922
410602
413038
419170
421316
421316
430316
423380
419607
411547
380022
376674
374379
373952
373952
380888
384661
392721
424246
427594
429889
430316
433090
431938
416398
403582
400054
401206
401206
401206
404734
397798
394025
385965
354440
351092
348797
348370
345596
352532
356305
364365
364365
367713
370008
370435
370435
370435
370435
372085
373356
373356
373888
373888
373888
375310
378438
378970
381022
385006
389478
391026
394799
393377
390249
389717
387665
383681
379209
377661
373888
375310
378438
378970
381022
385006
389478
391026
394799
392798
391376
391192
385492
381792
368856
365436
329491
332911
368856
367434
364306
363774
361722
357738
353266
351718
347945
349367
352495
353027
355079
359063
363535
365083
368856
361920
358147
350087
350087
346739
344444
344017
344017
344017
344017
344017
344017
347365
347365
347365
347365
346213
346213
346213
342685
343837
359377
372193
375721
374299
371171
370639
368587
364603
360131
358583
354810
356232
359360
359892
361944
365928
370400
371948
375721
373285
375721
360217
353281
353281
368785
375721
375721
374299
371171
370639
368587
364603
360131
358583
354810
354810
354810
354810
354810
354810
354810
354810
354810
354810
354810
354810
354810
351462
351462
351462
351462
351462
351462
351462
358398
358398
358398
362171
370231
370231
370231
401756
401756
405104
407399
408821
409248
412376
415150
415682
417734
421718
426190
427738
431511
430089
426961
426429
424377
420393
415921
414373
410600
412022
415150
415150
417202
421186
425658
427206
430979
430979
430979
429827
451487
457346
458498
455618
455618
454466
452171
436631
436631
432858
420042
416514
419394
430914
432066
434361
449901
456941
469757
473285
477058
475636
472508
472508
470456
466472
462000
460452
456679
458101
461229
461229
461229
461229
461229
462777
462777
461545
460817
457937
453713
451418
451418
451418
454298
454298
454298
447362
443589
435529
404004
400656
398361
397934
395160
393738
390610
390610
390610
390610
390610
389062
389062
391526
395510
396742
397262
403466
405266
406814
407542
407115
395355
379815
373956
366856
363976
361924
357452
357879
369639
385179
391038
398138
401018
403070
407542
405078
401094
399862
399342
393138
391338
389790
389062
391526
395510
396742
397262
403466
405266
406814
407542
406390
390850
378034
374506
372042
368058
366826
366306
360102
358302
356754
356026
358490
362474
363706
364226
370430
372230
373778
374506
372042
368058
366826
366306
360102
358302
356754
356026
358490
362474
363706
364226
370430
372230
373778
374506
372042
368058
366826
366306
360102
358302
356754
356026
356026
360010
361242
361762
367966
367966
369514
370242
372042
372042
372042
372042
372042
372042
372042
372042
374922
381467
381467
382619
395555
395915
395915
399023
399023
395039
393807
393287
387083
387083
385535
384807
384807
388791
390023
390543
396747
396747
398295
398295
403995
404139
411069
422733
415053
415053
411705
410473
408178
396514
394882
391282
391282
391282
387298
386066
385546
379342
379342
377794
377794
380258
384242
385474
385994
392198
393998
395546
396274
395959
394327
389427
385727
386042
387674
392574
396274
390574
390430
383500
371836
377536
377680
377680
377680
375216
371232
370000
369480
363276
361476
359928
359200
359200
363184
364416
364936
364936
364936
364936
364936
362056
350536
348241
341201
337428
340308
351828
354123
361163
364936
349432
342496
342496
342496
349432
349432
344482
344482
342977
342662
339782
339782
332682
332682
337632
344568
346073
346388
349268
349268
356368
356368
356368
352384
351152
350632
350632
350632
350632
350632
353096
357080
358312
358832
365036
366836
368384
369112
367312
367312
367312
367312
367312
367312
367312
367312
364432
366232
373912
373912
373912
380176
391936
395688
402318
405198
399498
399354
399354
399354
405054
405198
412128
423792
421328
417344
416112
415592
409388
407588
406040
405312
407776
411760
412992
413512
419716
421516
423064
423792
421328
417344
416112
415592
409388
407588
406040
405312
399612
399468
392538
380874
386574
386718
393648
405312
399612
399468
392538
380874
380874
381018
381018
381018
381018
381018
379368
378097
378097
377565
377565
377565
393405
393405
395055
396326
396326
396858
398363
398363
401491
401491
401491
401491
402219
402219
402219
400419
392739
392739
392739
386475
374715
370963
364333
361453
363253
370933
377973
381438
387702
399462
403214
409844
412724
412084
404404
401968
395836
393690
393690
384690
385330
393010
395446
401578
401578
401578
401578
399526
387143
384848
381720
378120
366360
368412
380795
383090
386218
389818
401578
401578
401434
401434
401434
407134
407278
407278
407278
415858
419278
419755
425614
461559
455014
455014
453862
440926
440566
440566
437458
444003
444003
445155
445155
445515
447315
450423
447543
436023
430323
428028
427884
420844
420844
417071
417071
419951
431471
433766
433766
437539
435739
428059
421019
417554
411290
399530
395778
389148
386268
388068
395748
402788
406253
412517
424277
428029
434659
437539
437539
430603
430603
446107
453043
460723
458923
451243
444203
440738
434474
422714
418962
412332
409452
410874
410874
410874
407994
407994
407994
409226
409954
412834
417058
419353
420505
421145
424025
427133
430261
433609
435904
433024
421504
419209
419209
415436
418316
418316
418316
418316
422089
415544
415544
414392
414392
414032
412232
409124
415669
415669
415669
415669
416029
416029
416029
415714
414082
409182
405482
405797
407429
412329
416029
412609
376664
380084
380084
364580
357644
349964
349964
356900
356900
356900
360884
362116
362636
368840
368840
370388
370388
354548
354548
352898
351627
351627
351095
349590
349590
365430
365430
367080
368351
380207
380739
382244
382244
382244
378260
377028
376508
370304
370304
368756
368756
371220
375204
376436
376956
383160
384960
386508
387236
384772
380788
379556
379036
372832
371032
369484
368756
371220
375204
376436
376956
383160
384960
386508
387236
384356
384356
384356
384356
380583
383463
383463
383463
383463
383463
380999
377015
375783
375263
369059
367259
365711
364983
367447
371431
372663
373183
379387
381187
382735
383463
376918
376918
376918
376918
376558
376558
376558
383103
412965
414117
414117
414477
416277
419385
416921
412937
411705
411185
404981
403181
401633
400905
403369
407353
408585
409105
415309
417109
418657
419385
416921
412937
411705
411185
404981
403181
401633
400905
403369
407353
408585
409105
415309
417109
418657
419385
418745
411065
408629
402497
402497
402497
402497
400033
396049
394817
394297
388093
386293
384745
384017
384017
388001
389233
389753
389753
389753
391301
391301
391301
387317
386085
385565
385565
385565
384017
384017
386481
390465
391697
392217
398421
400221
401769
402497
400033
396049
394817
394297
388093
386293
384745
384017
386481
390465
391697
392217
398421
400221
401769
402497
401075
402497
400033
396049
394817
394297
388093
386293
384745
384017
386481
390465
391697
392217
398421
400221
401769
402497
402497
395561
395561
393097
389113
387881
387361
381157
379357
377809
377081
374201
374201
374201
374201
374201
377081
388601
390896
397936
397936
395884
383501
381206
378078
374478
362718
364770
377153
379448
382576
386176
397936
404866
406666
412366
413006
420686
420876
424628
425780
432716
432401
430769
425869
422169
409786
398122
395976
393202
392682
405065
416729
418875
421649
422169
415624
385762
384610
384610
384250
382450
379342
385887
385887
387039
399975
400335
402135
405243
398313
396513
390813
390173
382493
382303
378551
377399
370463
377393
379193
384893
385533
385533
385723
389475
390627
390627
389395
388667
385787
381563
379268
374318
367382
365877
365562
362682
362682
355582
355582
360532
367468
368973
369288
372168
408113
415213
419685
412755
410955
405255
404615
404615
404425
400673
399521
399521
406451
406451
406451
406451
406451
406641
406641
407793
407793
411213
423069
427541
431069
432491
433011
448851
448995
448995
446115
434595
432300
425260
425260
428140
439660
441955
448995
452768
436928
436928
435278
434007
422151
421619
420114
420114
435954
435954
437604
438875
450731
451263
452768
452768
445838
445838
445838
445838
445838
445648
445648
444496
444496
451426
453226
458926
459566
459566
459756
463508
464660
464660
462224
464660
457730
455930
450230
449590
449590
449400
445648
444496
444496
444496
446296
446296
446296
446296
446486
446486
446486
446486
439941
439941
438789
425853
425493
423693
420585
427130
456992
458144
458144
458504
460304
463412
462260
461620
458740
455632
452504
449156
446861
448013
448653
451533
454641
457769
461117
463412
454832
451412
450935
445076
409131
417711
421131
421608
427467
463412
461990
463412
463412
461612
461612
461612
461612
461422
461422
461422
461422
468352
470152
475852
475852
475852
476042
479794
480946
480946
477526
465670
461198
457670
456248
455728
439888
439744
439744
443164
455020
459492
463020
464442
464962
480802
480946
484411
480991
480991
478111
466591
464296
457256
453483
456363
467883
470178
477218
480991
474061
472261
466561
466561
466561
466371
462619
461467
461467
468397
470197
475897
476537
476537
476727
476727
477879
477879
470949
469149
463449
462809
462809
462619
462619
461467
461467
468397
470197
470197
470197
470197
470387
474139
475291
475291
477755
481739
482971
483491
489695
491495
493043
493771
487226
457364
456212
456212
455852
454052
450944
457489
457489
458641
458641
459001
460801
463909
461445
457461
456229
455709
449505
447705
446157
445429
447893
451877
453109
453629
459833
461633
463181
463909
460489
448633
444161
440633
439211
438691
422851
422707
419242
422662
422662
427134
430662
432084
432604
432604
432748
432748
425818
424018
424018
424018
424018
423828
420076
418924
418924
425854
427654
433354
433994
441674
441864
445616
446768
453704
451240
447256
446024
445504
439300
437500
435952
435224
435224
435224
435224
435224
435224
435224
435224
435224
446744
457069
462769
463196
463836
467436
476436
476436
480660
480660
480660
480660
480660
480660
480660
480660
480660
483124
487108
488340
488860
495064
496864
498412
499140
496676
492692
491460
490940
484736
482936
481388
480660
483124
487108
488340
488860
488860
488860
490408
490408
483478
481678
475978
475338
467658
467468
463716
462564
455628
444108
433783
428083
427656
427016
423416
414416
414416
410192
421712
421712
427412
427839
428479
432079
441079
441079
445303
442423
430903
428608
421568
417795
415331
411347
410115
409595
409595
409595
408047
408047
410511
414495
415727
416247
422451
424251
425799
426527
415007
415007
409307
408880
408240
404640
395640
395640
391416
402936
413261
410797
416497
416924
412940
411708
412348
415948
415428
424428
418224
418224
416424
414876
419100
418372
420836
424820
426052
426572
432776
434576
436124
436852
421012
421012
419362
418091
406235
405703
404198
404198
420038
446372
448022
449293
461149
461681
463186
463186
460722
456738
455506
454986
448782
446982
445434
444706
447170
451154
452386
452906
459110
460910
462458
463186
451666
441341
435641
435214
434574
430974
421974
421974
417750
417750
417750
417750
417750
417750
417750
417750
417750
417750
415698
403315
401020
397892
394292
382532
384584
384584
386879
390007
393607
393607
391143
387159
385927
385407
379203
377403
375855
375127
377591
381575
382807
383327
389531
391331
392879
393607
391143
387159
385927
385407
379203
377403
375855
375127
377591
381575
382807
383327
389531
391331
392879
393607
390187
390187
385715
382187
380765
380245
380245
380101
380101
383521
395377
399849
403377
404799
405319
421159
421303
421303
421303
421303
421303
421303
421303
421303
421303
421303
421303
432823
443148
448848
449275
449275
452875
452875
452875
457099
454635
450651
449419
448899
442695
440895
439347
438619
437197
438619
432074
432074
430922
430922
430562
428762
425654
432199
462061
463213
476149
464629
464989
466789
456464
459572
453872
453445
453445
449845
449845
449845
445621
457141
457141
462841
463268
463268
466868
466868
466868
471092
467964
467964
467964
467964
467236
467236
467236
470364
479364
482829
486529
487257
517119
517119
505599
505599
499899
499472
499472
495872
495872
495872
491648
503168
513493
519193
519193
519193
522793
522793
522793
527017
526590
514830
499290
493431
486331
483451
481399
476927
465407
455082
449382
449382
449382
445782
445782
445782
441558
441558
441558
441558
441985
441985
445585
445585
445585
449809
449809
449809
449809
449382
449382
445782
445782
445782
441558
443904
443904
444424
445846
445846
445846
445846
446134
442714
430858
426386
422858
421436
420916
405076
404932
404932
408352
420208
424680
428208
429630
430150
445990
446134
449599
453372
466308
454452
438612
432067
402205
401053
388117
387757
385957
382849
389394
389394
390546
390546
390906
392706
395814
395814
395814
395814
395814
395814
400764
400764
400764
397344
385488
381016
377488
376066
375546
359706
359562
356097
359517
359517
363989
367517
368939
369459
347799
347799
347943
342084
342084
340932
362592
368451
369603
368451
367811
364931
361823
358695
355347
353052
354204
354844
357724
360832
363960
367308
369603
364653
357717
356212
355897
353017
317072
309972
305500
310450
317386
318891
319206
322086
322086
329186
333658
317818
291484
289834
288563
276707
276175
274670
274670
290510
290510
292160
292160
292160
292160
292160
292160
290738
292160
285615
285615
284463
284463
284103
282303
279195
285740
315602
316754
329690
330050
331850
334958
334958
334958
334958
334958
334958
330008
330008
330008
345848
349621
353041
359586
367646
372596
372596
372596
369176
369176
364704
361176
359754
359234
359234
359090
359090
350510
347090
346613
340754
304809
313389
316809
317286
323145
359090
359090
359234
366164
366164
367586
367586
367586
367586
367586
367586
369134
369134
369134
368990
362060
362060
367760
367904
374834
386498
385076
385076
385076
385076
385076
385076
383528
383528
384950
388078
388610
390662
394646
399118
400666
404439
402387
402387
400092
396964
393364
393364
395416
407799
410094
413222
416822
428582
427160
424032
423500
421448
417464
412992
411444
407671
409093
412221
412221
414273
418257
422729
424277
424277
426741
430725
431957
432477
432477
432477
432477
432477
426777
426633
419703
408039
408039
408039
408039
408039
406617
403489
403489
401437
397453
392981
391433
391433
392855
392855
392855
392855
392855
392855
392855
392855
390391
386407
385175
384655
384655
384655
384655
384655
387119
391103
392335
392855
399059
399059
400607
401335
399913
399913
399913
399913
399913
399913
399913
399913
401335
404463
404995
407047
411031
415503
417051
420824
404984
401211
397791
391246
383186
378236
378236
378236
378236
382009
385429
385429
385429
385429
385429
385429
384007
380879
380347
378295
374311
369839
368291
364518
365940
369068
369600
371652
375636
380108
381656
385429
382965
378981
377749
377229
371025
371025
369477
368749
371213
375197
375197
376429
376429
376949
383153
383153
383153
384953
386501
387229
392929
393073
393073
404737
406537
406537
406537
406537
412801
412801
412801
412801
415681
416913
417641
417641
421341
421341
421341
421629
420207
417079
416547
414495
410511
406039
404491
400718
402140
405268
405800
407852
411836
416308
417856
421629
415084
385222
384070
371134
370774
368974
365866
363402
359418
358186
357666
351462
349662
348114
347386
349850
353834
355066
355586
361790
363590
365138
365866
364444
361316
360784
358732
354748
350276
348728
344955
346377
349505
350037
352089
356073
360545
362093
365866
372802
376575
384635
416160
419508
421803
422230
425004
419304
419160
419160
407496
413196
413340
420270
431934
429470
425486
424254
423734
417530
415730
414182
413454
415918
419902
421134
421654
427858
429658
431206
431934
430512
427384
426852
424800
420816
416344
414796
411023
408559
404575
403343
402823
396619
394819
393271
392543
395007
398991
400223
400743
406947
408747
410295
411023
405323
405179
398249
386585
392285
392429
399359
411023
408559
404575
403343
402823
396619
394819
393271
392543
395007
398991
400223
400743
406947
408747
410295
410295
403359
399586
391526
360001
356653
354358
353931
351157
351157
354930
354930
354930
354930
354930
354930
354930
353130
353130
353130
353130
346866
346866
346866
346866
343986
345786
345786
352826
352826
359090
359090
362842
362842
365722
363258
359274
358042
357522
351318
349518
347970
347970
350434
354418
351982
353214
353734
353734
353734
353734
355282
355282
339442
339442
337792
337792
337792
337792
337792
337792
353632
353632
355282
356553
368409
368409
369914
369914
364214
364070
357140
345476
343012
339028
337796
337276
337276
337276
335728
335728
338192
342176
343408
343928
350132
351932
353480
354208
352786
354208
354208
350435
350435
350435
350435
350435
350435
350435
350435
354208
354208
354208
357556
359851
359851
359851
357387
353403
352171
351651
345447
343647
342099
341371
343835
347819
349051
349571
355775
357575
359123
359851
357387
353403
352171
351651
345447
343647
342099
341371
341371
337598
334178
334178
334178
334178
334178
334178
350018
353791
357211
363756
371816
376766
397652
397652
393879
380943
380943
380943
380943
377170
377170
377170
373822
371527
371527
371527
378463
382236
382236
382236
385584
383784
386079
386079
379039
379466
379466
379466
373202
373202
369450
369450
366570
368370
368370
368370
368370
368370
368370
372122
372122
375002
368066
364293
364293
364293
360945
358650
358223
358223
358223
358223
358223
358223
358223
358223
358223
358223
356423
356423
356423
356423
356423
356423
352671
352671
349791
351591
359271
359271
359271
365535
377295
381047
387677
390557
390557
390557
390557
390557
390557
390557
390557
390557
374717
370944
367524
360979
352919
347969
327083
327083
342923
346696
350116
356661
356661
361611
361611
361611
359811
352131
352131
352131
345867
334107
330355
323725
320845
319693
319053
316173
313065
309937
306589
304294
305446
306086
308966
312074
315202
318550
320845
327049
330514
331154
343537
341191
341191
340671
339249
339249
339249
339249
338961
341307
342639
343159
344581
348865
349292
349932
350220
348798
332958
332958
331308
330037
318181
318181
316676
316676
332516
358850
360500
361771
373627
374159
374159
374159
358319
354546
351126
344581
344581
339631
339631
339631
339631
343404
346824
353369
353369
353369
353369
353369
357142
352192
345256
343751
343436
340556
340556
333456
328984
326932
314549
312254
309126
305526
293766
293766
281383
269719
267573
264799
264279
276662
288326
290472
293246
293766
293766
289993
286573
280028
280028
280028
280028
280028
280028
280028
283448
283448
283448
283448
283448
283448
283448
294968
297432
301416
302648
294068
294588
294588
291168
291168
290691
290691
284832
284832
248887
257467
260887
261364
267223
303168
300040
291040
287575
283875
283147
253285
253285
256413
265413
265413
269113
269841
269841
269841
268609
267881
267881
264181
264181
264181
263893
265125
265853
267185
270885
286389
288735
289023
286559
282575
281343
280823
280823
280823
280823
280823
283287
287271
288503
289023
295227
295227
296775
297503
297503
297503
301276
314212
311748
307764
306532
306012
299808
299808
298260
297532
299996
303980
305212
305732
311936
313736
315284
316012
313548
309564
308332
307812
301608
299808
298260
297532
299996
303980
305212
305732
311936
313736
315284
316012
313548
309564
308332
307812
301608
299808
298260
297532
297532
297532
298764
299284
299284
299284
299284
299284
299284
299284
298052
297532
297532
297532
297532
297532
299996
303980
305212
305732
311936
313736
315284
316012
313548
309564
308332
307812
301608
299808
298260
297532
299996
303980
292460
293692
294212
305732
311936
313736
315284
316012
316012
316012
312592
312592
312592
312592
312592
312592
328432
332205
335625
342170
350230
355180
376066
397726
395262
391278
390046
389526
383322
381522
379974
379246
381710
385694
386926
387446
393650
395450
396998
397726
395262
391278
390046
389526
383322
381522
379974
379246
381710
385694
386926
387446
393650
395450
396998
397726
381886
355552
353902
352631
340775
340243
340243
340243
340243
340243
341893
343164
343164
343696
345201
345201
342737
338753
337521
337001
330797
328997
327449
326721
326721
330705
331937
332457
332457
332457
332457
332457
339002
344861
365747
365747
365747
361763
360531
360011
360011
360011
360011
360011
361163
376703
389519
393047
381527
393047
389274
393047
391895
376355
363539
360011
361163
361163
373979
377507
376355
375715
372835
369727
366599
363251
360956
345116
341343
337923
331378
323318
318368
297482
275822
275822
275822
275822
275822
275822
280772
280772
280772
279620
279620
266804
263276
264428
279968
292784
296312
301212
307071
307603
308179
324019
327147
315627
315627
319327
319642
331402
337982
344527
346963
346963
355023
353871
338331
325515
321987
323139
338679
351495
355023
348478
342619
321733
321733
328278
334137
355023
367959
367959
367959
367959
367959
367959
363009
363009
363009
361857
346317
333501
329973
331125
346665
359481
363009
363009
363009
356805
353340
352700
340317
346521
349986
350626
363009
363009
361857
346317
333501
329973
329973
329973
328323
327052
327052
326520
325015
325015
325015
321242
308306
312079
312079
308379
308064
296304
289724
283179
280743
280743
272683
276383
276698
288458
295038
301583
304019
304019
304019
301673
300341
299821
298399
294115
293688
293048
292760
295106
296438
296958
298380
298380
298807
299447
299735
298503
297775
296443
292743
277239
274893
274605
275837
276565
277897
281597
281597
283943
284231
277686
271827
250941
238005
244550
250409
250409
250409
246636
250409
253937
254991
258456
265001
265001
265001
268985
270217
270737
270737
270737
272285
273013
251353
245494
244342
266002
271861
273013
273301
294961
294961
290977
289745
289225
289225
289225
287677
286949
289413
293397
294629
295149
301353
303153
304701
304701
302237
298253
297021
296501
290297
288497
286949
286949
289413
293397
294629
295149
301353
303153
304701
305429
296849
293429
292952
287093
251148
259728
263148
263625
269484
269484
267020
263036
261804
261284
255080
253280
251732
251004
253468
257452
258684
259204
265408
267208
268756
269484
267020
263036
261804
261284
255080
253280
251732
251004
253468
257452
258684
259204
265408
267208
268756
269484
267020
263036
261804
261284
255080
253280
251732
251004
253468
257452
258684
259204
265408
267208
268756
269484
267020
263036
261804
261284
255080
253280
251732
251004
253468
257452
258684
259204
265408
267208
268756
269484
267020
263036
261804
261284
255080
253280
251732
251004
253468
257452
258684
259204
265408
267208
268756
269484
265784
265469
253709
247129
240584
238148
238148
238148
241848
242163
253923
260503
267048
269484
295818
303878
301414
297430
296198
295678
289474
287674
286126
285398
285398
289382
290614
291134
297338
297338
298886
298886
298886
294902
293670
293150
286946
286946
285398
285398
287862
291846
293078
293598
299802
301602
303150
303878
301414
297430
296198
295678
289474
287674
286126
285398
296918
307243
312943
313370
314010
317610
317610
317610
317610
317610
317754
317754
317754
306234
295909
290209
289782
289142
285542
285542
285542
285542
297062
297062
302762
303189
303829
307429
307429
307429
307429
300884
295025
295025
295025
301570
307429
328315
341251
341251
341107
341107
341107
346807
346951
346951
346951
335431
335431
329731
329304
328664
325064
325064
325064
325064
336584
336584
336584
336584
336584
336584
336584
336584
336584
330884
330740
330740
330740
330740
330884
330884
330884
319364
319364
319364
319364
319364
319364
319364
319364
319364
330884
330884
336584
337011
337011
340611
340611
340611
340611
342411
350091
357131
357131
363395
375155
378907
385537
388417
388417
388273
388273
388273
393973
394117
401047
412711
401191
401191
395491
395064
395064
391464
391464
391464
391464
402984
402984
408684
409111
409751
413351
413351
413351
417575
411875
411731
404801
393137
398837
398981
405911
417575
406055
406055
400355
399928
399288
395688
395688
395688
391464
402984
402984
402984
402984
402984
406584
406584
406584
406584
404784
397104
390064
390064
383800
372040
368288
361658
358778
360578
368258
368258
368258
374522
386282
390034
396664
399544
393844
393700
386770
375106
380806
380950
387880
387880
376360
376360
376360
376360
376360
372760
372760
372760
372760
384280
384280
384280
384280
384280
387880
387880
387880
387880
384107
384107
387880
387880
384180
383865
372105
365525
358980
356544
330210
322150
316450
316306
309376
309376
297856
297856
297856
297856
297856
294256
294256
294256
294256
305776
305776
305776
306203
306203
309803
309803
309803
309803
306030
306030
294510
294510
294510
294083
294083
290483
290483
290483
290483
288683
281003
281003
281003
274739
262979
259227
252597
249717
251517
259197
259197
259197
259197
259197
262949
262949
265829
262701
253701
253701
250001
249273
249273
249273
252401
261401
264866
268566
269294
269294
269294
263090
259625
258985
246602
252806
252806
253446
253446
246901
241042
220156
207220
213765
219624
240510
253446
251646
243966
243966
243966
243966
243966
240214
240214
237334
239134
246814
253854
257319
263583
275343
279095
285725
288605
286805
279125
272085
268620
262356
250596
246844
240214
237334
238756
241884
242416
244468
248452
252924
254472
258245
257013
256285
254953
251253
251253
248907
248619
249851
250579
251911
255611
271115
271115
271403
269981
266853
266321
264269
260285
255813
254265
250492
251914
255042
255574
257626
261610
266082
267630
271403
269981
266853
266321
264269
260285
255813
254265
250492
251914
255042
255574
257626
261610
266082
267630
271403
269981
266853
266321
264269
260285
255813
254265
250492
251914
255042
255574
255574
259558
264030
265578
269351
267929
264801
264269
264269
260285
255813
254265
250492
251914
255042
255574
257626
261610
266082
267314
268862
269590
273363
276243
280467
282762
281340
278212
277680
275628
271644
267172
265624
261851
263273
266401
266933
268985
272969
277441
278989
282762
281340
278212
277680
275628
271644
267172
265624
261851
263273
266401
266933
268985
272969
277441
278989
282762
281340
278212
277680
275628
271644
267172
265624
261851
263273
266401
266933
268985
272969
277441
278989
282762
281340
278212
277680
275628
271644
267172
265624
261851
256951
251092
250560
249984
234144
231016
224471
218612
197726
184790
182444
181112
180592
179170
179170
178743
178103
177815
180161
181493
182013
183435
187719
188146
188786
189074
180494
177074
176597
170738
170738
179318
182738
183215
189074
189074
189074
192847
180464
168800
166654
163880
163360
175743
187407
189553
192327
192847
189074
189074
192847
192847
195311
199295
200527
201047
207251
209051
210599
210599
208135
204151
202919
202399
196195
194395
192847
192847
195311
199295
200527
201047
207251
209051
210599
211327
208863
204879
203647
203127
196923
195123
193575
192847
195311
199295
200527
201047
207251
209051
210599
211327
211967
211967
213238
217710
225060
225788
226076
226076
226076
223612
219628
218396
217876
211672
209872
208324
207596
210060
214044
215276
215796
222000
223800
225348
226076
223612
219628
218396
217876
211672
209872
208324
207596
210060
214044
215276
215796
222000
223800
225348
225348
222884
218900
217668
217148
210944
209144
207596
207596
210060
214044
215276
215796
222000
223800
225348
226076
223612
219628
218396
217876
211672
209872
208324
207596
207596
211580
212812
212812
212812
212812
214360
214360
214360
210376
209144
209144
209144
209144
207596
207596
210060
214044
215276
215796
222000
223800
225348
226076
223612
219628
218396
217876
211672
209872
208324
207596
210060
214044
215276
215796
222000
223800
225348
226076
223612
219628
218396
217876
211672
209872
208324
207596
210060
214044
215276
215796
222000
223800
225348
226076
224844
224116
221236
217012
214717
215949
215949
218829
218829
218829
216365
212381
211149
210629
204425
202625
201077
200349
200349
200349
200349
200349
200349
200349
200349
200349
200349
200349
200349
200349
200349
200349
200349
200349
207285
211058
219118
250643
253991
256286
256713
256713
250509
250509
249869
249869
256073
259538
260178
272561
265625
261852
253792
222267
218919
216624
216197
216197
223133
226906
228388
228388
228815
228815
237671
241019
243314
243674
243674
247958
247958
247958
241022
237249
237249
237249
233901
231606
231606
231606
238542
242315
250375
281900
285248
287543
287970
290744
289512
288784
287452
283752
268248
268248
267960
269192
269920
269920
273620
289124
291470
291758
287985
287985
281049
277276
269216
237691
234343
232048
231621
228847
235783
239556
247616
279141
282489
284784
285211
287985
288713
289233
282297
278524
270464
238939
235591
233296
232869
230095
226322
226322
222794
221740
218275
211730
211730
211090
211090
209819
205347
197997
197269
196981
196981
196981
197621
198017
199288
203760
211110
211838
212126
215474
215474
215474
215474
215474
215474
215474
215474
215834
215834
215834
214602
214602
211722
211722
211722
212954
213682
216562
220786
223081
214501
211081
210604
204745
204745
213325
216745
217222
223081
223081
224233
239773
252589
256117
256117
257749
257749
257749
261522
261522
261522
258394
249394
245929
242229
241501
241501
241501
244629
253629
257094
260794
261522
261522
261522
260370
244830
232014
228486
229638
245178
257994
261522
273042
283367
283367
283794
284434
288034
288034
288034
288034
266374
260515
259363
281023
286882
288034
285688
284356
283836
282414
278130
277703
277063
276775
265255
254930
254930
254503
253863
250263
250263
250263
250263
250263
250263
250263
250263
250263
253863
253863
253863
258087
256935
241395
228579
225051
226203
241743
241743
241743
241743
245516
251216
251360
258290
269954
269954
269954
269954
269954
269954
266354
266354
266354
262130
273650
273650
279350
279350
279990
283590
292590
292590
292590
295054
299038
300270
300790
306994
308794
310342
311070
311070
311070
311070
311070
311070
311070
310710
310710
310710
310710
310710
310710
310710
310710
310710
311070
311070
311070
308606
304622
303390
302870
296666
294866
293318
292590
295054
299038
300270
300790
306994
308794
310342
311070
299550
293850
293706
293706
288006
281076
281076
269412
268772
265172
270872
261872
262016
262016
262016
262016
262016
262016
262016
262016
262016
262016
265616
265616
265616
265616
263152
259168
257936
256784
256264
240724
234520
234520
232720
232720
231172
230444
231596
231596
234060
234060
234060
237588
238820
239340
245544
245544
245544
245544
243080
243080
241848
241328
235124
235124
235124
235124
235124
235124
236356
236876
236876
236876
236876
236876
236876
236876
236876
236876
236876
233276
233276
233276
233276
244796
255121
260821
261248
261888
265488
274488
274488
278712
280217
283565
277865
277721
277721
277721
283421
283565
290495
302159
302159
302159
300927
300407
300407
300407
300407
300407
302871
306855
308087
308607
314811
316611
318159
318887
316423
312439
311207
310687
304483
302683
301135
300407
302871
306855
308087
308607
314811
316611
318159
318887
307367
297042
291342
290915
290275
286675
277675
277675
273451
284971
295296
300996
301423
302063
305663
314663
314663
318887
317735
317735
317735
314207
315359
330899
330899
334427
328727
328583
321653
309989
315689
315833
322763
334427
331963
327979
326747
326227
320023
318223
316675
315947
318411
322395
323627
324147
330351
332151
333699
334427
322907
312582
306882
306455
305815
302215
293215
293215
288991
300511
310836
316536
316963
317603
321203
330203
330203
334427
331963
327979
326747
326227
320023
318223
316675
315947
318411
322395
323627
324147
330351
332151
333699
334427
328727
328583
321653
309989
315689
315833
322763
322763
320299
316315
315083
314563
308359
306559
305011
304283
306747
306747
307979
307979
307979
307979
309527
309527
308375
292835
292835
289307
277787
267462
261762
261335
260695
257095
248095
248095
243871
255391
265716
271416
271843
272483
276083
285083
285083
289307
283607
281143
280999
280999
274069
272837
272837
272837
272837
278537
278681
278681
277133
284063
284063
295727
298191
302175
303407
303927
310131
311931
313479
314207
311743
307759
306527
306007
299803
298003
296455
295727
284207
273882
268182
267755
267115
263515
254515
254515
250291
244591
244447
237517
225853
225853
225853
225853
225853
225853
225853
225493
225493
225493
233173
239032
247092
249438
261821
273341
273701
273701
274853
273621
272893
272893
269193
253689
251343
251055
251055
251783
251783
255483
255483
255483
255771
249567
246102
245462
233079
239283
242748
243388
255771
254539
253811
250931
246707
244412
245644
246372
249252
253476
255771
255131
254735
253464
248992
241642
240914
240626
237278
237278
237918
238314
239585
244057
251407
252135
252423
255771
255771
255915
256447
248767
242908
234848
232502
220119
208599
208239
208239
207087
214767
220626
228686
231032
243415
254935
255295
257590
258742
264874
277690
278050
278527
294067
298351
300646
296873
300646
302068
305196
305728
307780
311764
316236
317784
321557
320135
317007
316475
314423
310439
305967
304419
300646
302068
305196
305728
307780
311764
316236
317784
321557
321413
320881
321025
321557
320135
317007
316475
314423
310439
305967
304419
300646
302068
305196
305728
307780
311764
316236
317784
321557
320135
317007
316475
314423
310439
305967
304419
300646
302068
305196
305728
307780
311764
316236
317784
317784
316362
313234
312702
310650
306666
302194
300646
300646
302068
305196
305728
307780
311764
316236
317784
321557
320135
317007
316475
314423
310439
305967
304419
300646
302068
305196
305728
307780
311764
316236
317784
321557
320135
317007
316475
314423
310439
305967
304419
300646
302068
305196
305196
305196
309180
313652
315200
315200
313778
310650
310650
310650
306666
302194
300646
300646
302068
305196
305728
307780
311764
316236
317784
321557
320135
317007
316475
314423
310439
305967
304419
300646
303110
307094
308326
308846
315050
316850
318650
320198
327878
327878
327878
327878
334142
345902
349654
356284
359164
359020
358488
358632
359164
351484
345625
337565
335219
322836
311316
310956
308661
307509
315189
321048
329108
329108
329108
340628
340988
340988
342140
339676
335692
334460
333940
327736
325936
324388
324388
324388
324388
325620
326140
326140
326140
326140
326140
326140
326140
324908
324388
324388
324388
324388
324388
326852
330836
332068
332588
338792
338792
340340
340340
337876
333892
332660
332140
325936
325936
324388
324388
326852
330836
332068
332588
338792
340592
342140
342868
334288
330868
330391
324532
324532
333112
336532
337009
342868
342868
340404
336420
335188
334668
328464
326664
325116
324388
326852
330836
332068
332588
338792
340592
342140
342868
341068
333388
333388
333388
327124
315364
311612
304982
302102
303902
311582
318622
318622
324886
336646
340398
347028
349908
354858
381192
392712
397612
404548
405970
403506
399522
398290
397770
391566
389766
388218
387490
387490
391474
392706
392706
392706
392706
392706
392706
392562
392030
392174
392706
392706
388722
387490
387490
387490
387490
387490
387490
389954
393938
395170
395690
401894
403694
405242
405970
403506
399522
398290
397770
391566
389766
388218
387490
389954
393938
395170
395170
395170
395170
395170
395170
392706
388722
387490
387490
387490
387490
387490
387490
389954
393938
395170
395690
401894
403694
405242
405970
404170
396490
389450
389450
383186
371426
367674
361044
358164
359964
367644
374684
378149
384413
396173
399925
406555
409435
408203
407475
404595
400371
398076
395612
391628
390396
389876
383672
381872
380324
379596
382060
386044
387276
387276
387276
387276
387276
387276
384812
380828
379596
379596
379596
379596
379596
379596
373464
360648
360288
359811
344271
339987
337692
343824
356640
357000
357477
373017
377301
379596
379452
378920
379064
379596
371916
366057
357997
357997
357997
346477
346117
346117
344965
352645
358504
366564
368910
368910
380430
380790
380790
381942
381214
380694
381422
381942
381302
380906
379635
375163
367813
367085
366797
363449
363449
364089
364485
365756
370228
377578
378306
378594
381942
381942
380142
372462
365422
361957
355693
343933
340181
333551
330671
332471
332471
332471
332471
332471
332471
332471
332471
332471
320088
308424
306278
303504
302984
315367
327031
329177
329177
329697
329553
329021
329165
329697
325924
329697
327897
327897
327897
327897
327897
327897
327897
327897
327897
327897
327169
327169
323469
323469
323469
323181
324413
325141
325141
325141
325141
325141
325429
325429
327229
327229
327229
327229
327419
327419
327419
327419
321215
317750
317110
304727
304583
304051
304195
304727
297047
291188
283128
280782
280782
269262
268902
268902
267750
275430
281289
289349
291695
304078
315598
315958
318253
319405
319405
317605
317605
317605
317605
317415
317415
317415
317415
317415
319215
324915
325555
325555
325745
329497
330649
337585
337585
335785
330085
329445
329445
329255
325503
324351
317415
324345
326145
331845
332485
340165
340355
344107
345259
345259
345115
344583
344727
345259
352195
355968
364028
364028
367376
369671
370098
370098
363966
351150
350790
350313
334773
330489
328194
325066
316066
312601
308901
308173
308173
308173
308173
306541
306541
306541
302768
302768
302768
314288
315920
317972
329636
333409
333409
335704
328774
326974
321274
320634
312954
312764
309012
307860
307860
307860
309660
309660
309660
309660
309850
309850
309850
309850
302914
299141
291081
291081
287733
285438
285011
285011
285011
288784
288784
288784
288784
288784
288784
288784
288784
286984
286984
286984
286984
286794
286794
286794
286794
293724
295524
301224
301864
309544
309734
313486
314638
321574
313894
308035
299975
297629
285246
273726
273366
271071
269919
277599
283458
291518
293864
293864
305384
305744
308039
309191
309047
309047
308515
304742
304742
304886
304886
305418
305418
305418
305418
305418
305418
309191
309191
309191
312539
312539
312539
312539
312539
316523
317755
318275
318275
318275
318275
318275
311345
309545
303845
303205
295525
295335
291583
290431
283495
290425
292225
297925
298565
306245
306435
306435
310187
306203
307355
306123
313059
312539
312539
312539
312539
312539
315003
318987
320219
320739
326943
326943
326943
326943
326943
323170
323170
323170
319822
319822
319822
319822
326758
330531
338591
370116
373464
375759
376186
376186
373722
369738
368506
367986
361782
361782
361782
361782
361782
365766
365766
365766
365766
365766
367314
367314
367314
374250
374250
374250
370266
370266
370266
370266
370266
368718
368718
368718
372702
373934
374454
374454
374454
376002
376002
369066
365293
357233
325708
322360
320065
319638
319638
326574
330347
338407
369932
373280
375575
376002
378776
371846
370046
364346
363706
356026
355836
352084
350932
343996
343996
343996
343996
343996
343996
344186
344186
344186
344186
344186
340202
338970
338450
338450
338450
336902
336902
339366
343350
344582
345102
351306
353106
354654
355382
355859
358739
362204
368336
372088
372088
371944
371412
368948
364964
363732
363212
357008
355208
353660
352932
355396
359380
360612
361132
367336
369136
370684
371412
368948
364964
363732
363212
356276
350072
346299
344499
336439
334891
334163
302638
299290
296995
299459
303443
303016
300242
301474
301994
308198
309998
311546
312274
312274
312274
312274
312274
312274
312084
312084
312084
312084
319014
320814
326514
327154
327154
327344
331096
332248
339184
336720
332736
331504
330984
324780
322980
321432
320704
320704
320704
321936
322456
322456
322456
324004
324004
320231
319591
319195
317924
313452
306102
305374
305086
301738
301738
301738
301738
303009
307481
307481
308209
308497
311845
311845
311845
311845
310613
310093
310093
310093
308545
308545
311009
314993
316225
316745
322949
324749
326297
327025
324561
320577
319345
318825
312621
310821
309273
308545
311009
314993
316225
316745
322949
324749
326297
327025
319345
313486
305426
303080
303080
291560
291200
288905
287753
287753
287753
287753
287753
287753
287753
288113
288113
288113
281183
279383
273683
273043
273043
272853
269101
267949
261013
267943
269743
275443
276083
276083
276273
280025
281177
288113
285649
281665
280433
279913
273709
271909
270361
269633
261053
257633
257156
251297
251297
244367
242567
236867
236227
236227
236037
232285
231133
224197
224197
217261
217261
232765
239701
247381
253081
253225
260155
271819
266119
265975
259045
247381
253081
253225
260155
271819
266119
265975
259045
247381
253081
253225
260155
271819
271819
271819
271819
271819
271819
271819
271459
271459
271459
270227
269499
269499
269499
269499
269499
269211
263511
263367
256437
244773
250473
250617
257547
269211
285051
279351
279207
272277
260613
266313
266457
273387
285051
287931
291915
286215
286071
279141
267477
273177
273321
280251
291915
270255
264396
263244
284904
290763
291915
276411
269475
261795
277299
284235
284235
278535
278391
271461
259797
263497
263812
275572
282152
288697
291133
317467
317467
319931
323915
325147
325667
331871
333671
335219
335947
333483
329499
328267
327747
321543
319743
318195
317467
319931
323915
325147
325667
331871
333671
335219
335947
333483
329499
328267
327747
321543
319743
318195
317467
317467
321451
322683
323203
323203
323203
324751
324751
324751
320767
319535
319015
319015
319015
317467
317467
319931
323915
325147
325667
331871
333671
335219
335947
333483
329499
328267
327747
321543
319743
318195
317467
319931
323915
325147
325667
331871
333671
335219
335947
335947
335947
334676
330204
330204
329476
329188
325840
325840
326480
326876
328147
332619
339969
340697
340985
344333
344333
359837
361487
384027
387627
388898
410558
415508
415508
400004
393068
393068
393068
400004
400004
397540
393556
392324
391804
385600
383800
382252
381524
383988
387972
389204
389724
395928
397728
399276
400004
397540
393556
392324
391804
385600
383800
382252
381524
383988
387972
389204
389724
395928
395928
397476
398204
395740
391756
390524
390004
383800
383800
382252
381524
383988
387972
389204
389724
395928
397728
399276
399276
396812
392828
391596
391076
384872
383072
381524
381524
383988
387972
389204
389724
395928
397728
399276
400004
397540
393556
392324
391804
385600
383800
380100
378552
378237
366477
365749
359169
352624
355088
359072
356636
357868
331534
332054
332054
338258
340058
343758
344073
345621
346349
358109
364689
371234
371234
371234
371234
368770
364786
363554
363034
356830
355030
353482
352754
352026
351506
352234
352754
352754
345818
345818
361322
368258
375938
373058
369074
371954
375938
372238
371923
360163
353583
347038
347038
347038
347038
350738
351053
362813
369393
375938
378374
404708
412768
397264
390328
382648
398152
405088
405088
393568
391936
389884
378220
374447
374447
372152
383672
385304
387356
387356
391129
391129
391129
390489
390093
388822
384350
377000
376272
375984
372636
372636
373276
373672
374943
379415
379415
380143
380431
380431
380431
376731
376416
364656
358076
351531
349095
322761
314701
299197
292261
292261
290756
287408
288913
292261
279878
268214
266068
266068
265548
262668
258684
261564
265548
265071
262191
258726
252594
248842
248842
249319
252199
255664
261796
265548
272478
272190
250530
249890
249494
248223
243751
243751
243023
242735
242735
242735
227231
225581
203041
199441
198170
176510
171560
171560
187064
188714
188714
192314
193585
193585
198535
198535
195655
191671
194551
198535
197807
197287
198015
198535
176875
171016
169864
191524
197383
198535
195655
191671
194551
198535
187015
185383
183331
183331
179558
179558
179558
191078
192710
194762
206426
210199
249799
252094
247144
220810
209290
204390
197454
196032
193152
189168
173664
172014
172014
168414
167143
167143
162193
162193
177697
179347
201887
205487
206758
228418
228418
228418
227941
225061
221596
215464
211712
204782
205259
208139
211604
217736
221488
221488
220760
220240
220968
221488
205648
194128
192496
190444
178780
175007
135407
133112
131607
128259
106599
100740
99588
121248
127107
128259
112755
111105
88565
84965
83694
62034
62034
62034
77538
79188
101728
105328
106599
128259
133209
139105
137623
137196
128340
127980
123696
123696
122968
122448
121971
119091
115626
109494
105742
105742
106219
109099
112564
118696
122448
129378
113874
112224
89684
86084
84813
63153
58203
52307
67811
69461
92001
95601
96872
118532
123482
129378
107718
101859
100707
100707
106566
107718
92214
90564
68024
64424
63153
41493
36543
30647
46151
47801
70341
73941
75212
96872
101822
107718
107241
104361
100896
94764
91012
84082
84082
78223
77071
61567
59917
37377
33777
32506
10846
5896
0
