19.833
25.5
25.813
29.813
32.896
162.396
174.618
206.618
210.618
213.701
343.201
311.201
343.201
363.035
363.347
375.569
381.236
251.736
239.514
236.431
232.431
232.118
226.451
206.618
210.618
213.701
274.813
404.313
375.257
375.569
407.569
413.236
407.569
375.569
363.347
233.847
230.764
226.764
226.451
206.618
206.931
212.597
192.764
180.542
180.229
177.146
173.146
167.479
171.479
41.979
45.063
13.063
74.174
106.174
126.007
147.59
167.424
199.424
243.535
373.035
376.118
380.118
385.785
386.097
354.097
292.986
271.403
268.319
264.319
264.007
258.34
238.507
244.174
276.174
296.007
340.118
469.618
472.701
473.014
470.181
474.181
413.069
283.569
280.486
276.486
276.174
270.507
238.507
258.34
290.34
334.451
463.951
467.035
471.035
471.347
477.014
474.181
413.069
283.569
280.486
276.486
276.174
270.507
238.507
299.618
429.118
432.201
436.201
375.09
380.757
377.924
345.924
377.924
378.236
381.069
377.986
248.486
244.486
244.174
238.507
366.208
544.458
701.958
723.458
735.438
739.438
745.938
641.285
662.618
675.014
688.556
673.282
690.936
698.474
714.179
827.256
767.359
787.359
790.205
846.615
966.154
969.846
970.135
975.365
972.75
943.212
886.801
767.263
764.417
760.724
760.436
755.205
784.744
787.359
783.667
754.128
697.718
578.179
575.333
575.045
569.814
567.199
596.429
781.968
787.122
697.16
699.006
715.006
796.853
969.506
1043.032
936.846
950.641
995.756
1000.987
1005.795
1186.449
1191.872
1332.962
1381.192
1499.071
1402.468
1422.314
1411.256
1422.314
1418.622
1412.622
1392.929
1373.083
1345.66
1200.276
1219.968
1225.968
1229.66
1189.147
1071.269
1256.808
1321.462
1320.603
1318.756
1287.833
1223.179
1073.718
1089.718
1091.564
1075.564
1085.821
1093.359
1049.801
1074.058
1092.519
1172.647
1178.071
1358.724
1363.955
1368.763
1363.532
1182.878
1177.455
1172.647
1194.647
1231.263
1238.801
1253.801
1260.571
1274.583
1315.301
1319.224
1339.865
1382.968
1402.968
1408.968
1427.429
1434.199
1606.853
1614.045
1612.199
1596.199
1595.34
1659.994
1521.269
1702.513
1704.359
1565.744
1534.821
1470.167
1552.013
1546.628
1535.103
1455.41
1381.885
1353.109
1271.263
1308.955
1355.058
1402.442
1475.968
1504.744
1534.282
1541.474
1561.442
1568.212
1740.865
1760.865
1765.609
1758.84
1730.064
1711.603
1704.41
1722.872
1734.314
1761.737
1766.968
1775.045
1769.045
1765.353
1745.66
1734.603
1707.179
1678.103
1718.615
1692.615
1756.115
1764.385
1784.231
1795.288
1798.981
1779.135
1785.135
1744.622
1764.314
1747.474
1759.167
1664.859
1713.859
1733.827
1807.353
1812.808
1829.301
1839.558
1846.75
1859
1858.141
1842.141
1840.295
1775.641
1776.5
1807.423
1823.423
1825.269
1855.346
1824.423
1819.192
1638.538
1633.115
1628.308
1599.532
1592.763
1574.301
1567.109
1568.801
1617.065
1634.208
1640.887
1629.512
1622.833
1617.768
1686.042
1670.726
1602.452
1583.911
1599.226
1610.601
1615.667
1606.143
1612.821
1622.345
1640.887
1668.315
1720.696
1831.696
1834.339
1837.768
1838.036
1842.893
1845.321
1850.179
1864.107
1901.726
1918.119
1923.185
1940.185
2015.72
2029.798
2011.256
1942.982
1927.667
1916.292
1911.226
1904.548
1895.024
1904.548
1972.821
1988.137
1999.512
1963.435
1968.5
1975.179
1964.321
1943.893
1989.393
2009.821
2085.821
2040.321
2012.893
1960.512
1957.869
1954.44
1954.173
1949.315
1838.315
1843.173
1840.744
1868.173
1870.815
1881.292
1898.292
1994.72
1994.988
1998.417
1838.095
1844.774
1769.417
1801.089
1806.956
1800.722
1799.256
1910.631
1881.917
1886.702
1885.905
1812.339
1980.637
1982.351
1997.208
1937.173
1922.315
1920.601
1931.976
1852.067
1955.667
1958.133
1961.333
1961.583
1966.117
1963.85
1938.25
1928.472
1911.206
1908.739
1905.539
1931.139
1930.889
1920.272
1929.161
1935.394
1940.122
1954.417
2018.139
2035.444
2026.556
2020.322
2015.594
1998.289
1934.567
1930.033
1906.789
1892.494
1909.828
1935.428
1936.761
1941.761
1952.594
1966.889
1931.778
1915.911
1890.311
1880.533
1776.933
1866.933
1997.643
2025.071
2029.929
1940.071
1859.622
1859.872
1856.672
1856.422
1851.889
1855.089
1863.978
1870.211
1757.755
1771.156
1830.896
1825.052
1841.276
1825.052
1813.104
1799.703
1789.75
1785.318
1776.984
1786.938
1848.292
1872.292
1973.427
2107.115
2120.115
2161.677
2082.271
2025.333
2041.01
2026.01
2031.854
2008.474
2105.589
2111.089
2009.188
2003.688
1997.844
1988.479
1966.896
1907.156
1840.656
1774.156
1756.281
1822.781
1827.156
1836.521
1858.104
1917.844
1937.059
1999.647
2016.471
2053.941
2016.471
2012.353
1990.348
1986.348
1986.127
1983.304
1968.069
2045.24
2021.24
2019.115
2023.365
2021.052
2024.052
2026.365
2068.411
2077.578
2101.578
2103.703
2103.938
2106.938
2074.021
2060.339
2038.057
2047.042
2142.818
2137.943
2160.224
2193.141
2198.016
2174.391
2190.516
2206.516
2242.547
2239.547
2230.563
2214.438
2198.438
2188.484
2204.708
2200.276
2213.677
2223.63
2228.063
2233.906
2242.24
2301.979
2293.646
2233.906
2228.063
2211.839
2345
2349.467
2368.317
2384.106
2381.639
2384.839
2389.372
2373.506
2347.906
2244.306
2234.528
2234.778
2234.528
2231.328
2280.217
2282.683
2298.55
2324.15
2319.617
2336.883
2323.017
2322.272
2266.239
2255.827
2254.113
2247.435
2253.72
2280.44
2253.72
2247.435
2264.577
2271.256
2254.113
2265.488
2254.113
2185.839
2170.524
2177.202
2144.268
2125.726
2120.661
2113.982
2123.506
2142.048
2155.702
2171.018
2161.494
2158.851
2155.423
2155.155
2150.298
2097.917
2070.488
2053.488
2034.988
2035.256
2040.113
1934.756
1980.613
1897.461
1923.061
1938.928
1942.128
1931.994
1912.928
1870.461
1872.928
1876.128
1827.239
1801.639
1913.327
1918.185
1918.452
1915.81
1912.381
1801.381
1796.524
1907.524
1959.905
1959.637
1976.637
2004.065
1999
1992.321
1982.798
1964.256
1950.601
1935.286
1923.911
1940.304
1977.923
1992
2067.536
2072.393
2086.321
2083.893
2078.827
2064.899
2060.042
2047.452
2031.06
2036.125
2053.125
2039.048
2001.429
1920.208
1903.208
1875.78
1823.399
1828.256
1790.637
1790.905
1794.333
1782.405
1671.405
1668.762
1665.333
1665.065
1660.208
1687.637
1706.137
1669.565
1675.851
1649.131
1631.988
1625.31
1785.631
1802.774
1809.452
1794.595
1724.476
1699.012
1733.012
1769.583
1817.083
1844.512
1922.095
1915.81
1930.689
1905.089
1970.533
1984.4
1975.533
1992.256
1960.522
1945.111
1928.389
1904.622
2102.122
2116.417
2146.828
2160.439
2186.039
2193.739
2237.294
2247.211
2389.811
2394.344
2401.344
2418.65
2444.25
2448.361
2465.694
2448.361
2444.25
2418.65
2401.344
2394.344
2389.811
2352.823
2372.615
2363.318
2368.193
2351.422
2348.234
2339.068
2334.193
2317.943
2272.729
2287.604
2304.375
2307.563
2214.961
2230.255
2228.255
2160.784
2157.961
2157.74
2153.74
2110.603
2088.015
2086.015
2083.838
2068.603
2200.632
2195.456
2173.451
2159.333
2153.833
2159.01
2164.51
2178.627
2166.618
2178.627
2184.392
2146.054
2150.172
2158.922
2174.216
2094.167
2199.167
2190.139
2184.694
2171.944
2168.056
2159.792
2145.347
2104.606
2206.172
2215.73
2211.471
2230.098
2268.529
2192.402
2199.196
2219.706
2232.319
2272.884
2255.292
2218.995
2212.579
2191.245
2179.903
2202.368
2189.755
2015.49
2038.078
2007.961
2012.549
2027.608
1996.627
1983.75
1962.779
1947.603
1936.358
1921.299
1916.711
1913.887
1916.711
1908.255
1886.02
1894.475
1957.064
2068.24
2194.064
2179.353
2210.333
2266.559
2273.853
2309.108
2311.49
2248.902
2366.078
2344.495
2335.13
2330.755
2346.88
2370.26
2364.417
2348.74
2325.359
2319.859
2306.859
2291.859
2303.203
2316.953
2340.953
2279.599
2288.972
2181.094
2155.494
2146.628
2112.494
2080.761
2097.483
2111.35
2113.078
2214.214
2255.776
2297.339
2217.932
2247.682
2309.036
2421.411
2453.411
2466.813
2479.573
2571.083
2551.292
2532.563
2491.729
2484.51
2460.51
2480.302
2448.302
2445.75
2432.349
2397.006
2422.606
2430.306
2473.861
2455.011
2454.267
2458.733
2477.583
2493.372
2477.583
2461.583
2448.839
2379.394
2370.506
2363.389
2379.389
2443.111
2512.556
2519.089
2527.978
2535.094
2528.561
2544.428
2549.156
2536.156
2551.456
2572.967
2586.106
2605.628
2601.094
2614.094
2602.344
2589.206
2554.094
2538.794
2543.328
2527.461
2522.733
2550.219
2662.594
2630.594
2617.193
2432.036
2424.818
2383.984
2403.776
2385.047
2365.255
2341.255
2354.656
2238.531
2251.292
2275.292
2282.51
2323.344
2310.583
2407.708
2413.552
2420.453
2431.797
2473.359
2459.609
2448.266
2462.016
2420.453
2430.406
2548.531
2560.719
2601.552
2607.396
2600.495
2503.37
2497.526
2396.078
2487.49
2526.608
2549.196
2644.382
2770.206
2827.951
2840.186
2854.941
2832.353
2802.235
2763.118
2638.056
2548.157
2528.352
2516.796
2502.861
2476.417
2502.861
2592.343
2595.167
2688.931
2689.152
2702.191
2616.23
2586.113
2682.27
2720.701
2727.495
2689.064
2711.652
2723.662
2711.652
2653.632
2646.838
2665.466
2642.877
2660.634
2627.718
2615.806
2627.718
2527.829
2657.897
2680.25
2684.25
2688.662
2702.162
2616.221
2661.686
2676.922
2677.838
2632.373
2699.771
2693.927
2696.927
2680.927
2676.052
2673.052
2656.927
2661.802
2638.177
2615.896
2520.12
2487.203
2594.641
2608.323
2529.833
2492.196
2507.255
2515.711
2507.255
2613.49
2604.549
2595.735
2534.794
2478.569
2456.564
2460.681
2391.083
2425.583
2436.828
2426.144
2485.255
2481.366
2486.56
2443.62
2429.231
2428.366
2514.699
2520.833
2483.889
2471.667
2481.75
2493.972
2483.889
2520.833
2542.167
2578.463
2566.551
2543.26
2561.887
2568.681
2538.564
2526.554
2503.966
2497.172
2479.544
2460.917
2488.782
2500.694
2529.139
2540.481
2501.404
2467.018
2465.07
2464.873
2453.206
2464.873
2462.346
2462.544
2464.491
2557.662
2560.189
2544.417
2538.89
2535.645
2515.434
2501.772
2498.193
2484.509
2476.68
2517.36
2599.149
2604.07
2598.259
2516.469
2511.548
2492.785
2512.996
2520.825
2633.404
2636.982
2642.509
2656.171
2659.417
2673.101
2683.364
2708.417
2644.61
2639.978
2644.61
2649.768
2639.504
2624.452
2599.399
2594.241
2621.189
2508.61
2423.443
2403.232
2368.232
2341.285
2316.232
2341.285
2328.083
2276.417
2328.083
2346.846
2359.013
2379.224
2414.224
2427.425
2438.373
2427.425
2371.768
2331.088
2336.009
2349.64
2270.804
2267.404
2189.704
2179.954
2191.854
2195.4
2206.875
2202.2
2212.054
2221.804
2220.104
2246.438
2242.892
2246.292
2219.958
2262.633
2252.779
2241.304
2331.204
2363.871
2369.646
2388.846
2399.054
2309.194
2168.123
2153.044
2168.123
2137.012
2131.512
2113.226
2103.504
2183.079
2172.358
2320.483
2347.982
2359.268
2339.268
2346.285
2349.443
2351.232
2347.706
2332.825
2320.36
2334.044
2348.167
2360.693
2388.553
2392.658
2378.974
2374.868
2336.272
2333.588
2319.465
2317.675
2257.307
2317.675
2320.36
2310.807
2275.807
2285.36
2320.36
2331.939
2449.269
2463.657
2458.463
2444.074
2542.377
2547.877
2449.269
2453.046
2474.157
2486.907
2474.157
2469.991
2474.157
2470.38
2449.269
2452.102
2449.269
2448.755
2448.546
2436.231
2419.583
2419.792
2417.125
2429.44
2529.329
2531.995
2534.051
2497.755
2486.412
2457.968
2446.056
2415.676
2408.882
2303.118
2280.529
2318.417
2330.329
2358.773
2370.116
2391.449
2373.856
2391.449
2397.866
2414.514
2450.81
2445.616
2544.01
2528.775
2507.12
2592.255
2697.255
2711.884
2719.87
2671.772
2675.877
2689.351
2661.632
2650.11
2631.346
2531.873
2572.199
2564.213
2561.546
2564.213
2559.88
2545.657
2517.213
2480.269
2458.935
2446.093
2432.157
2377.62
2366.065
2346.259
2456.275
2486.392
2498.627
2556.373
2591.137
2686.324
2708.912
2713.52
2741.52
2756.275
2812.5
2944.529
3007.118
2925.917
2863.328
2731.299
2720.054
2659.113
2695.348
2691.23
2726.485
2717.672
2727.23
2735.966
2714.44
2730.329
2737.829
2666.736
2679.486
2667.574
2646.241
2639.824
2603.528
2586.88
2422.296
2404.704
2393.361
2430.306
2543.147
2532.471
2493.353
2504.029
2543.147
2556.088
2543.147
2502.194
2502.403
2505.069
2507.125
2593.458
2495.557
2515.768
2528.294
2531.873
2531.675
2529.728
2527.202
2529.728
2545.5
2557.167
2431.158
2431.346
2341.446
2330.363
2333.763
2333.95
2336.35
2333.95
2322.05
2285.476
2320.397
2322.159
2303.873
2209.97
2139.333
2137.652
2137.481
2134.39
2151.845
2219.393
2249.726
2286.532
2304.627
2308.341
2257.984
2247.056
2237.77
2249.103
2252.48
2263.409
2288.488
2297.873
2348.23
2344.992
2319.913
2310.528
2307.151
2305.532
2308.77
2318.056
2320.341
2302.056
2405.258
2327.558
2325.708
2325.521
2328.921
2325.521
2325.983
2323.583
2323.771
2407.478
2364.804
2401.471
2420.671
2432.571
2421.096
2417.696
2398.696
2286.901
2297.829
2301.067
2319.163
2322.734
2320.306
2316.734
2326.02
2318.437
2287.325
2197.325
2188.04
2219.151
2309.151
2316.734
2304.79
2304.611
2295.968
2264.302
2254.397
2243.921
2240.683
2193.937
2191.651
2114.595
2114.155
2040.155
2005.234
1986.948
1885.091
1888.329
1888.508
1890.794
1892.556
1966.556
2001.476
2019.762
2031.095
2053.762
2078.143
2066.81
2085.095
2053.429
2029.048
2006.381
2018.325
2028.23
2074.976
2176.833
2158.548
2235.603
2267.27
2352.889
2317.968
2243.968
2255.302
2253.54
2253.361
2364.179
2344.979
2333.079
2336.479
2336.667
2347.75
2336.667
2339.067
2336.667
2338.517
2338.704
2262.258
2280.544
2282.306
2279.067
2278.889
2276.603
2278.889
2264.619
2338.619
2384.135
2390.563
2440.167
2474.81
2487.171
2487.349
2499.73
2438.242
2467.939
2474.473
2476.655
2480.201
2491.837
2488.292
2476.322
2474.14
2462.504
2567.48
2560.635
2633.607
2650.583
2678.036
2703.115
2630.143
2528.286
2438.286
2409.545
2442.879
2513.515
2515.197
2517.379
2517.549
2520.64
2503.186
2469.852
2513.464
2511.179
2511
2507.762
2526.048
2514.714
2526.048
2524.286
2511.905
2493.619
2481.258
2476.258
2473.02
2371.163
2364.079
2361.143
2363.429
2449.429
2460.762
2479.048
2399.697
2470.333
2470.504
2388.413
2386.231
2352.898
2354.58
2283.943
2282.261
2279.17
2261.716
2250.898
2253.989
2253.818
2250.636
2223.394
2179.947
2162.943
2114.58
2067.489
2037.261
2047.693
2077.92
2067.489
2069.17
2139.807
2157.261
2159.443
2111.398
2051.482
2041.134
2009.25
1941.685
1940.076
1943.033
1943.196
1941.109
2029.17
2026.08
2008.625
2026.08
2099.633
2196.86
2202.905
2214.307
2192.67
2169.398
2139.17
2127.769
2118.314
2073.693
1976.466
2011.814
1985.572
1968.117
1904.808
1925.504
1855.149
1854.986
1853.377
1843.739
1765.565
1763.478
1795.967
1801.764
1806.025
1851.315
1892.873
1847.583
1842.942
1838.681
1830.37
1819.935
1830.37
1824.572
1834.92
1833.442
1787.604
1784.771
1784.615
1782.615
1781.073
1770.281
1786.281
1755.726
1758.559
1758.715
1760.715
1762.257
1827.007
1811.007
1809.59
1819.59
1829.507
1823.951
1821.451
1827.007
1830.132
1828.007
1818.444
1815.319
1818.153
1833.986
1831.153
1815.319
1817.444
1827.007
1818.795
1808.878
1805.924
1796.361
1793.528
1749.465
1741.34
1719.396
1709.479
1693.479
1735.225
1735.062
1733.453
1665.888
1662.931
1660.844
1711.721
1715.272
1726.576
1694.692
1683.025
1680.808
1677.417
1666.112
1715.982
1726.33
1724.851
1698.264
1709.931
1713.322
1719.699
1669.83
1663.362
1659.101
1649.123
1646.08
1634.775
1628.399
1710.572
1719.449
1740.754
1745.014
1743.239
1661.065
1654
1667.623
1678.928
1685.395
1692.46
1702.438
1698.888
1702.438
1753.315
1702.438
1691.134
1641.264
1635.395
1662.383
1618.936
1585.867
1556.17
1544.371
1617.734
1662.639
1669.067
1718.671
1727.774
1739.718
1741.48
1744.417
1763.06
1769.409
1773.861
1808.504
1816.282
1745.523
1745.693
1767.966
1779.784
1787.383
1713.221
1662.344
1658.793
1665.043
1582.87
1675.87
1758.043
1760.042
1762.042
1765.292
1775.958
1754.014
1744.892
1730.038
1726.736
1720.486
1718.399
1715.007
1737.906
1726.775
1726.098
1731.895
1734.983
1731.895
1748.917
1738.011
1740.692
1742.301
1753.207
1774.511
1770.446
1764.649
1747.627
1744.946
1743.337
1747.402
1726.098
1715.192
1694.496
1672.236
1666.453
1649.757
1579.402
1486.402
1477.866
1468.822
1461.554
1524.277
1577.466
1581.178
1584.89
1531.701
1527.989
1581.178
1576.928
1582.989
1581.307
1563.511
1515.42
1504.019
1481.746
1475.686
1487.087
1484.284
1502.08
1503.761
1506.564
1510.814
1521.246
1551.473
1541.042
1510.814
1564.004
1567.716
1514.527
1510.814
1528.61
1530.292
1534.542
1531.739
1530.057
1518.655
1500.86
1494.799
1490.549
1512.822
1524.223
1527.027
1533.087
1510.814
1514.223
1517.314
1514.996
1504.564
1501.155
1518.428
1501.155
1511.587
1508.496
1510.814
1507.102
1453.913
1457.625
1510.814
1499.413
1497.731
1501.981
1499.178
1481.383
1428.193
1424.481
1402.208
1396.148
1449.337
1445.087
1456.489
1458.17
1460.973
1478.769
1484.83
1428.837
1432.019
1435.11
1435.28
1437.462
1439.144
1509.78
1476.022
1492.717
1503.065
1494.587
1412.413
1405.489
1377.083
1365.779
1365.942
1377.228
1405.634
1447.192
1492.482
1498.351
1529.982
1541.286
1541.123
1491.254
1485.384
1474.098
1466.996
1435.366
1427.054
1476.924
1431.634
1482.511
1478.96
1428.083
1431.634
1442.54
1445.221
1446.83
1450.895
1456.692
1477.996
1495.018
1490.953
1487.909
1470.888
1459.982
1454.185
1451.504
1515.799
1526.617
1523.527
1523.356
1452.72
1419.386
1401.932
1399.75
1402.841
1420.295
1476.595
1501.802
1575.802
1574.04
1576.325
1576.504
1578.266
1633.988
1590.115
1586.226
1530.504
1594.129
1592.429
1645.304
1613.142
1620.475
1634.613
1634.8
1637.2
1618
1629.9
1649.1
1675.567
1753.267
1756.667
1753.267
1753.729
1753.542
1751.142
1749.292
1671.592
1634.925
1641.592
1617.092
1604.55
1602.7
1599.617
1580.042
1573.375
1568.7
1517.333
1519.095
1522.032
1470.644
1474.894
1486.295
1478.697
1474.985
1465.034
1461.489
1364.261
1340.322
1254.413
1301.861
1289.671
1282.825
1280.54
1278.921
1282.159
1278.921
1279.099
1281.385
1283.147
1357.147
1392.067
1373.782
1338.861
1350.194
1349.754
1347.468
1347.29
1365.575
1291.575
1336.579
1331.904
1307.404
1294.863
1293.013
1289.929
1283.263
1360.963
1357.563
1357.375
1354.975
1353.125
1275.425
1238.758
1219.558
1222.958
1223.146
1225.546
1227.396
1239.296
1258.496
1246.596
1273.063
1292.063
1295.463
1306.938
1309.488
1290.488
1287.088
1283.338
1271.863
1269.313
1273.063
1249.263
1234.963
1249.263
1253.663
1263.413
1258.513
1254.113
1244.363
1249.263
1273.063
1306.313
1317.788
1306.313
1273.063
1269.663
1281.563
1300.763
1337.429
1415.129
1416.979
1419.379
1419.192
1422.592
1420.892
1401.692
1365.025
1287.325
1285.475
1283.075
1283.263
1287.163
1325.808
1373.6
1385.075
1409.3
1442.55
1430.55
1418.65
1411.983
1423.983
1435.883
1442.55
1423.55
1391.7
1386.179
1405.179
1437.029
1438.729
1440.579
1453.529
1472.729
1468.829
1433.806
1470.611
1470.79
1474.504
1471.266
1471.087
1468.802
1467.04
1469.325
1434.405
1360.405
1349.071
1352.31
1334.024
1284.421
1238.905
1204.262
1191.901
1191.722
1185.294
1130.675
1118.294
1087.183
1087.004
1084.718
1081.48
1079.718
1067.385
1084.088
1064.888
1063.188
1066.588
1066.775
1069.175
1071.025
1148.725
1185.392
1197.292
1216.492
1218.342
1214.942
1214.754
1212.354
1210.504
1132.804
1144.704
1108.038
1088.838
1108.038
1144.704
1222.404
1210.504
1212.904
1213.092
1216.492
1203.075
1228.4
1202.067
1215.483
1207.833
1185.238
1182.81
1195.19
1182.81
1179.095
1182.81
1175.825
1121.206
1119.587
1101.302
1089.968
1108.063
1113.563
1149.147
1259.718
1262.655
1275.016
1289.286
1294.544
1332.928
1331.246
1329.064
1328.894
1325.803
1292.47
1221.833
1295.833
1305.58
1309.83
1304.977
1265.262
1260.004
1245.734
1242.798
1260.893
1266.393
1379.528
1380.262
1392.623
1411.049
1416.068
1513.295
1496.023
1490.773
1356.114
1344.314
1318.355
1315.094
1312.877
1296.355
1293.399
1283.42
1294.707
1336.264
1345.587
1352.511
1355.594
1359.659
1365.457
1449.587
1421.392
1436.457
1446.84
1462.04
1580.54
1548.49
1552.933
1538.317
1540.689
1536.247
1422.304
1421.712
1411.728
1342.574
1366.387
1361.97
1276.41
1286.81
1372.37
1405.99
1409.51
1400.33
1373.73
1400.33
1409.51
1405.59
1400.257
1390.657
1383.01
1378.74
1337.073
1339.91
1331.333
1293.1
1282.717
1286.457
1281.123
1291.507
1258.44
1267.017
1273.387
1269.647
1274.98
1268.61
1318.514
1302.681
1317.535
1322.135
1341.17
1351.553
1354.02
1349.4
1230.9
1228.433
1218.05
1146.13
1161.681
1072.556
1086.699
1164.858
1169.67
1185.503
1216.639
1205.823
1165.997
1157.063
1150.427
1147.472
1143.576
1138.021
1148.837
1188.663
1197.597
1204.233
1207.188
1212.743
1216.639
1237.972
1327.097
1359.302
1376.85
1387.233
1402.433
1407.053
1381.676
1495.619
1497.99
1493.744
1424.59
1414.606
1412.234
1298.292
1320.333
1315.713
1301.453
1286.253
1348.413
1350.333
1353.013
1380.113
1384.033
1385.513
1393.833
1402
1407.32
1403.58
1393.197
1354.963
1346.387
1351.72
1355.46
1349.09
1387.323
1390.16
1396.53
1406.913
1401.58
1398.743
1407.32
1422.52
1427.14
1422.52
1452.41
1570.91
1573.377
1583.76
1655.68
1621.728
1640.886
1626.812
1599.136
1519.914
1491.287
1424.694
1415.08
1412.796
1303.074
1305.701
1315.315
1310.377
1306.914
1304.287
1298.389
1290.448
1255.046
1262.988
1268.886
1272.349
1277.287
1312.688
1303.074
1298.796
1378.019
1363.944
1254.222
1254.528
1252.244
1242.63
1252.244
1185.651
1201.526
1164.027
1134.137
1206.057
1208.523
1275.984
1304.724
1309.167
1323.782
1364.455
1358.814
1347.939
1357.093
1351.404
1362.279
1355.5
1354.192
1350.596
1358.843
1364.968
1357.615
1360.343
1350.359
1355.487
1359.083
1356.356
1366.34
1360.215
1396.978
1388.731
1383.603
1373.619
1304.465
1289.849
1207.58
1177.853
1175.481
1061.538
1032.798
1069.49
1073.23
1062.847
1024.613
1016.037
1013.2
1018.533
1014.793
1025.177
1063.41
1071.987
1078.357
1081.193
1074.823
1069.49
1042.89
1033.71
1024.11
1018.777
1024.11
1033.63
1043.23
1033.71
1028.377
1024.637
1018.267
1007.883
999.307
961.073
958.237
964.607
1006.907
1015.707
1019.693
1029.293
1147.793
1223.393
1232.573
1252.173
1258.123
1266.29
1270.21
1264.26
1261.46
1252.28
1248.36
1240.193
1164.593
1135.26
1134.007
1144.407
1150.907
1144.407
1134.007
1118.647
1117.847
1114.847
1104.447
1097.947
1089.37
1078.637
1077.277
1071.41
1025.53
1023.49
1013.09
1009.97
1013.09
986.49
983.37
978.953
1024.833
1034.013
1072.247
1076.663
1103.263
1095.617
1049.737
1040.557
1048.44
1054.81
1094.077
1097.197
1169.437
1154.137
1160.003
1160.45
1158.97
1160.45
1168.77
1170.69
1206.35
1226.417
1218.097
1155.937
1152.017
1151.57
1194.01
1237.047
1259.943
1257.761
1262.216
1265.439
1268.985
1251.712
1222.758
1217.739
1214.193
1231.466
1260.42
1295.553
1325.78
1333.019
1359.883
1388.496
1395.92
1406.352
1409.761
1457.11
1486.807
1509.716
1513.966
1524.473
1534.905
1541.042
1478.279
1490.833
1518.529
1523.551
1557.156
1552.822
1542.388
1532.822
1512.122
1388.684
1382.049
1385.299
1410.271
1485.188
1494.354
1538.417
1494.354
1617.792
1624.427
1644.427
1658.135
1662.288
1672.288
1660.257
1686.799
1691.611
1685.986
1681.924
1714.128
1718.191
1685.986
1681.174
1693.205
1698.83
1744.996
1757.551
1763.42
1767.659
1801.264
1806.286
1833.982
1821.428
1815.558
1811.319
1777.714
1772.692
1744.996
1740.736
1732.257
1728.431
1736.909
1676.455
1696.288
1700.372
1704.038
1692.122
1672.288
1684.069
1672.288
1634.73
1644.25
1686.55
1657.217
1647.697
1640.647
1609.73
1605.11
1579.63
1574.23
1562.68
1568.08
1593.56
1597.46
1602.08
1613.63
1609.73
1640.647
1639.287
1629.687
1624.353
1632.673
1694.833
1696.313
1685.993
1688.673
1680.79
1674.42
1635.153
1638.273
1648.593
1656.477
1662.847
1656.98
1653.86
1657.78
1656.147
1655.7
1651.78
1650.3
1641.98
1640.06
1577.9
1605
1613.167
1616.3
1589.7
1628.967
1630.887
1673.447
1684.887
1710.367
1684.887
1667.507
1663.607
1632.69
1628.07
1633.47
1645.02
1633.47
1638.09
1663.57
1658.17
1662.587
1690.907
1717.04
1726.287
1730.027
1738.36
1729.18
1687.513
1696.693
1670.56
1661.313
1632.993
1629.253
1633.153
1600.067
1595.625
1606.731
1611.923
1636.423
1611.923
1607.676
1603.926
1598.734
1587.628
1592.071
1569.019
1556.365
1516.519
1519.519
1542.571
1611.724
1630.186
1623.473
1664.913
1645.713
1642.593
1655.753
1630.273
1625.653
1661.184
1657.122
1651.497
1678.038
1666.007
1671.632
1676.444
1681.045
1685.108
1697.139
1723.681
1735.597
1779.931
1753.389
1741.472
1697.139
1675.806
1697.139
1670.597
1658.566
1670.597
1665.997
1661.934
1667.559
1671.622
1703.826
1708.639
1735.181
1729.556
1724.743
1717.972
1711.861
1697.882
1691.694
1679.778
1674.153
1676.986
1696.819
1697.819
1703.809
1713.677
1717.573
1752.594
1711.823
1714.943
1735.423
1746.157
1756.19
1744.64
1739.24
1735.34
1704.423
1699.803
1674.323
1683.503
1692.303
1695.303
1701.837
1798.317
1883.877
1890.247
2008.747
2018.347
1991.747
1995.733
1989.363
1947.063
1973.663
1964.483
1961.483
1955.113
1940.853
1844.373
1835.573
1717.073
1707.473
1700.94
1696.953
1739.253
1745.623
1735.223
1731.703
1817.263
1850.883
1861.283
1864.803
1831.183
1816.923
1828.363
1870.923
1845.443
1834.003
1791.443
1816.923
1790.79
1819.11
1809.93
1813.67
1878.397
1920.063
1929.243
1920.91
1947.043
1937.797
1934.057
1905.737
1943.97
1986.53
2005.01
2014.483
1941.147
1951.88
1947.463
1944.343
1906.11
1896.93
1851.05
1824.45
1811.29
1808.17
1849.61
1830.41
1843.57
1846.69
1805.25
1829.223
1757.303
1776.503
1848.423
1824.45
1824.6
1826.08
1835.6
1850.96
1880.293
1942.453
1945.173
1947.093
1986.36
1989.04
1996.923
2059.083
2069.403
2072.523
2033.257
2026.887
2019.003
2008.683
2015.053
2016.973
2015.493
2016.973
2025.293
2017.127
2011.807
2011.36
2007.44
2004.32
1998.453
1996.533
1934.373
1963.707
1971.873
1998.473
2002.393
1994.073
1982.633
1957.153
1914.593
1913.113
1850.953
1848.233
1818.9
1803.54
1794.02
1796.74
1796.59
1794.67
1794.82
1856.98
1886.313
1901.673
1911.193
1913.113
1914.593
1900.647
1909.513
1910.313
1912.813
1922.333
1842.893
1848.76
1905.46
1855.14
1857.06
1841.7
1838.98
1838.83
1836.91
1835.43
1773.27
1743.937
1734.417
1737.137
1737.287
1734.167
1713.687
1703.653
1737.273
1766.607
1769.727
1790.207
1800.94
1810.973
1807.233
1796.5
1840.799
1844.694
1809.674
1808.132
1864.382
1862.382
1817.22
1818.7
1820.62
1820.77
1823.49
1813.97
1829.33
1813.97
1811.25
1811.1
1800.74
1794.873
1804.393
1802.913
1813.647
1775.413
1732.853
1734.333
1719.37
1708.637
1699.163
1737.397
1779.957
1809.803
1819.277
1810.817
1826.177
1784.144
1843.913
1845.337
1847.183
1844.567
1844.423
1844.567
1847.183
1845.337
1843.913
1784.144
1755.939
1741.17
1801.297
1795.547
1814.587
1815.547
1821.297
1830.77
1828.05
1809.01
1799.537
1802.257
1801.297
1799.817
1799.967
1801.447
1863.607
1876.14
1891.5
1862.167
1846.807
1844.087
1843.937
1842.017
1843.937
1856.017
1846.101
1848.934
1858.851
1814.788
1784.233
1772.451
1793.167
1803.083
1871.13
1823.722
1835.503
1826.337
1783.17
1769.462
1768.514
1748.514
1736.028
1691.965
1688.715
1684.563
1674.563
1649.875
1643.632
1643.788
1645.788
1647.33
1712.08
1688.677
1704.677
1714.594
1649.844
1619.288
1603.288
1606.122
1604.58
1594.663
1592.663
1592.507
1589.674
1580.111
1536.708
1509.486
1442.063
1412.563
1422.125
1465.528
1492.75
1560.174
1531.882
1535.778
1531.882
1556.854
1565.521
1575.438
1582.243
1566.41
1534.205
1507.663
1504.413
1524.83
1531.028
1541.861
1511.306
1533.361
1526.59
1520.392
1510.83
1507.913
1517.476
1508.969
1430.219
1436.99
1515.74
1524.247
1528.33
1524.247
1513.413
1490.51
1460.223
1522.383
1522.233
1522.383
1520.463
1529.983
1532.703
1531.223
1528.503
1518.983
1503.623
1474.29
1463.93
1465.85
1481.21
1519.443
1562.003
1523.77
1522.29
1512.817
1423.037
1380.477
1333.117
1343.85
1378.49
1368.17
1377.279
1386.433
1386.288
1401.058
1376.327
1433.883
1435.253
1437.031
1434.512
1434.651
1425.836
1411.614
1384.454
1326.898
1325.528
1374.663
1377.279
1383.561
1386.446
1293.676
1287.551
1273.84
1282.667
1276.385
1273.5
1264.673
1290.25
1296.375
1378.644
1394.106
1368.529
1359.375
1344.606
1316.401
1256.631
1254.785
1254.641
1252.026
1300.627
1294.76
1286.593
1294.76
1292.08
1288.16
1286.68
1278.36
1276.44
1214.28
1243.613
1270.213
1243.613
1247.533
1244.413
1234.093
1226.21
1219.84
1180.573
1183.693
1194.013
1201.897
1202.343
1241.61
1247.98
1258.34
1260.26
1268.58
1263.527
1260.69
1256.95
1236.811
1239.811
1259.503
1269.824
1279.471
1311.798
1308.798
1280.593
1260.901
1251.253
1254.849
1244.529
1212.202
1250.435
1285.836
1294.608
1285.836
1325.244
1326.614
1336.552
1301.151
1264.869
1263.446
1222.522
1212.202
1235.253
1227.253
1220.971
1197.92
1196.612
1202.894
1210.894
1220.048
1223.644
1248.772
1288.837
1297.663
1359.901
1351.01
1325.881
1285.817
1276.99
1304.221
1276.99
1273.394
1279.519
1304.647
1377.34
1384.84
1366.532
1375.641
1374.718
1380.247
1371.138
1365.609
1368.224
1386.532
1387.455
1384.84
1374.519
1365.41
1279.083
1238.16
1201.397
1211.718
1213.141
1222.25
1308.577
1349.5
1386.263
1440.233
1416.26
1425.78
1419.247
1410.927
1419.247
1407.97
1398.45
1404.983
1384.503
1394.537
1390.797
1357.177
1327.843
1324.723
1327.843
1317.11
1307.077
1317.81
1321.55
1342.03
1375.65
1404.983
1401.463
1412.903
1416.423
1424.223
1428.143
1447.183
1439.383
1427.943
1424.023
1404.983
1384.503
1345.237
1348.357
1420.597
1428.48
1434.85
1428.48
1467.747
1467.3
1465.38
1438.78
1437.3
1434.18
1423.86
1415.54
1413.907
1406.023
1468.183
1470.103
1478.423
1479.903
1483.823
1463.037
1489.637
1495.57
1466.253
1456.292
1452.522
1481.29
1470.557
1513.117
1602.897
1612.37
1623.103
1621.623
1623.103
1613.63
1523.85
1562.083
1523.85
1481.29
1478.29
1471.757
1455.677
1370.117
1455.677
1462.047
1558.527
1565.06
1568.06
1577.24
1570.87
1544.27
1570.87
1561.69
1603.357
1668.083
1677.263
1673.523
1645.203
1580.477
1554.343
1512.677
1503.497
1507.237
1533.37
1506.21
1515.73
1496.11
1507.42
1500.37
1490.85
1522.413
1510.632
1504.469
1507.26
1519.042
1528.91
1538.826
1513.854
1522.521
1547.493
1554.299
1544.382
1535.715
1528.91
1532.806
1534.306
1562.713
1566.233
1567.713
1556.98
1555.5
1546.027
1456.247
1413.687
1375.453
1386.187
1395.66
1433.893
1476.453
1505.994
1500.465
1518.772
1519.696
1525.224
1534.333
1531.718
1513.41
1512.487
1515.103
1505.994
1473.667
1464.019
1453.699
1434.006
1431.006
1425.365
1435.013
1438.609
1470.936
1468.936
1471.936
1491.628
1501.949
1498.353
1487.577
1405.308
1395.308
1391.923
1395.519
1392.135
1358.04
1348.44
1344.7
1348.22
1357.6
1367.2
1413.08
1455.38
1457.853
1483.987
1503.587
1534.503
1514.913
1518.833
1512.3
1488.327
1480.007
1470.487
1477.02
1500.993
1509.313
1510.673
1506.933
1533.067
1574.733
1583.913
1555.593
1546.347
1520.213
1527.253
1518.073
1521.923
1525.519
1485.455
1448.692
1416.86
1407.387
1364.827
1354.093
1352.613
1358.983
1385.117
1460.717
1385.117
1377.317
1370.947
1344.813
1352.613
1362.213
1365.953
1276.173
1272.433
1262.833
1352.613
1349.093
1352.613
1350.693
1288.533
1276.731
1275.308
1271.538
1271.109
1265.994
1257.994
1250.141
1253.141
1250.141
1240.218
1232.638
1226.513
1218.962
1288.423
1260.218
1266.343
1273.923
1276.808
1278.769
1281.385
1296
1304.827
1279.699
1260.853
1304.968
1345.641
1360.699
1330.971
1333.349
1337.119
1322.071
1347.199
1344.821
1341.051
1296.936
1310.51
1295.452
1288.673
1297.904
1301.288
1297.692
1288.462
1202.135
1198.75
1202.346
1216.734
1214.157
1205.048
1207.625
1218.5
1227.609
1216.734
1210.609
1128.34
1119.513
1116.628
1091.051
1075.59
1069.308
1059.66
1049.34
1029.647
1001.442
969.115
965.519
975.167
972.167
991.859
994.859
1023.064
1033.385
1036.981
1069.308
1078.538
1082.308
1144.545
1143.776
1142.468
1133.942
1131.538
1140.692
1149.218
1149.987
1152.391
1160.391
1154.109
1131.058
1123.058
1121.75
1128.032
1151.083
1160.237
1163.833
1160.237
1151.006
1096.237
1138.765
1147.654
1144.395
1130.54
1139.312
1133.988
1136.506
1154.136
1155.025
1160.349
1157.83
1149.059
1148.17
1130.54
1132.83
1136.46
1178.941
1176.651
1148.025
1105.543
1091.043
1084.515
1054.407
1078.605
1064.114
1077.185
1073.556
1088.056
1085.463
1061.265
1062.636
1120.191
1147.352
1161.574
1163.352
1163.491
1166.009
1174.824
1150.627
1112.046
1120.546
1060.614
1052.114
1025.892
1061.753
1065.349
1105.413
1130.542
1192.779
1220.01
1205.24
1177.035
1174.42
1174.276
1172.429
1171.006
1111.237
1171.006
1185.776
1185.92
1188.535
1179.381
1188.535
1171.676
1173.454
1174.824
1171.194
1178.756
1182.386
1200.534
1206.043
1215.673
1242.833
1236.815
1222.815
1215.253
1206.753
1188.605
1183.096
1173.466
1168.034
1238.034
1244.052
1252.552
1250.664
1236.59
1238.478
1246.978
1249.756
1252.275
1266.349
1263.571
1255.071
1252.552
1238.698
1229.809
1226.346
1229.605
1238.494
1321.623
1318.364
1321.827
1307.605
1298.79
1271.63
1274.148
1321.731
1319.885
1319.74
1259.971
1274.74
1274.885
1276.731
1278.154
1337.923
1366.128
1375.282
1372.667
1312.897
1284.692
1282.077
1280.231
1280.087
1265.317
1263.894
1254.74
1253.433
1246.654
1218.449
1207.574
1248.247
1257.401
1263.042
1273.917
1276.532
1276.676
1278.522
1279.946
1339.715
1318.112
1332.881
1342.035
1312.308
1316.077
1318.455
1315.763
1290.635
1286.865
1271.808
1227.692
1271.808
1269.429
1313.157
1355.457
1371.117
1355.467
1378.223
1404.357
1407.877
1411.617
1321.837
1318.317
1308.717
1318.317
1333.28
1329.54
1323.007
1299.033
1290.713
1281.193
1287.727
1276.45
1284.77
1286.13
1278.247
1317.513
1314.393
1322.277
1394.517
1397.637
1358.37
1352
1333.083
1339.719
1341.135
1310.58
1299.788
1298.247
1296.247
1296.09
1312.09
1288.94
1351.1
1352.58
1354.5
1354.65
1357.37
1354.65
1345.13
1329.77
1320.17
1324.09
1259.363
1268.963
1278.21
1274.29
1281.55
1308.15
1316.95
1254.79
1253.31
1274.976
1258.976
1289.531
1288.115
1298.031
1314.031
1311.198
1375.948
1375.792
1373.792
1375.792
1375.948
1378.781
1380.323
1377.073
1355.74
1344.559
1334.108
1330.212
1343.267
1310.017
1320.75
1291.417
1294.537
1298.277
1331.897
1341.93
1308.31
1312.05
1401.83
1411.43
1414.95
1411.21
1401.61
1386.647
1383.127
1381.207
1379.727
1317.567
1314.847
1314.697
1305.177
1289.817
1292.537
1321.87
1384.03
1385.51
1387.43
1387.58
1397.1
1412.46
1383.127
1373.653
1382.52
1409.12
1410.933
1414.92
1403.61
1400.93
1410.45
1425.81
1425.66
1454.993
1517.153
1495.167
1497.087
1494.367
1494.517
1497.237
1495.317
1493.837
1431.677
1402.343
1386.983
1377.463
1408.38
1362.5
1346.84
1339.79
1336.99
1306.073
1308.547
1312.467
1328.127
1370.427
1396.56
1416.16
1390.027
1435.907
1431.987
1429.513
1427.473
1430.193
1445.393
1448.393
1439.213
1436.213
1445.393
1430.193
1432.233
1429.513
1425.773
1397.453
1332.727
1306.593
1264.927
1255.747
1229.613
1223.243
1215.443
1139.843
1145.177
1154.697
1164.297
1226.457
1216.937
1201.577
1195.71
1133.55
1132.07
1130.15
1132.87
1133.02
1134.94
1134.79
1132.07
1141.59
1156.95
1158.43
1187.763
1184.023
1174.423
1084.643
1081.123
1073.863
1047.263
1038.463
1045.723
1072.323
1081.123
1071.65
1074.37
1093.41
1094.37
1100.12
1109.593
1106.873
1087.833
1086.873
1081.123
1087.657
1078.137
1087.657
1079.337
1055.363
1079.337
1072.803
1081.123
1071.603
1070.123
1007.963
978.63
963.27
963.12
960.4
958.48
967.347
963.36
961.547
965.533
956.667
930.067
956.667
958.48
968.08
1032.807
1023.207
1019.287
1010.04
1013.96
1019.293
1023.033
1025.87
1032.24
1040.817
1079.05
1052.917
1050.443
1019.527
999.927
996.007
950.127
934.467
944.85
902.55
891.11
894.63
875.59
871.67
863.87
860.35
871.79
890.83
894.75
902.55
905.23
1023.73
1025.65
1097.57
1106.437
1107.917
1108.067
1105.23
1094.847
1056.613
1061.947
1065.687
1068.523
1074.893
1083.47
1121.703
1113.127
1107.793
1104.053
1097.683
1108.067
1116.867
1143.467
1150.727
1143.467
1116.867
1108.067
1141.687
1145.427
1174.76
1177.88
1198.36
1209.093
1219.127
1215.387
1181.767
1161.287
1151.253
1140.52
1137.4
1108.067
1116.933
1108.067
1134.667
1132.853
1128.867
1132.853
1134.667
1108.067
1100.183
1106.553
1114.437
1117.557
1078.29
1071.92
1111.187
1038.947
1049.267
1046.147
1052.517
1061.093
1099.327
1109.71
1104.377
1107.213
1103.473
1088.273
1085.437
1089.177
1094.51
1091.51
1088.79
1090.83
1100.01
1102.73
1105.73
1120.93
1114.56
1105.983
1103.943
1093.56
1084.38
1046.147
1039.613
1015.64
1006.12
997.8
1021.773
1030.093
1039.613
1046.147
1042.407
1037.073
1047.457
1080.23
1088.807
1091.643
1095.383
1100.717
1092.14
1089.303
1078.92
1054.703
1016.47
1010.1
1051.767
1057.367
1059.833
1065.233
1066.713
1076.953
1077.753
1129.071
1137.317
1137.462
1147.446
1172.574
1200.554
1240.619
1250.619
1287.381
1331.497
1336.689
1338.535
1407.689
1416.215
1417.638
1417.782
1415.936
1346.782
1338.256
1336.833
1336.689
1362.266
1370.792
1366.958
1365.215
1339.638
1331.112
1334.946
1336.689
1362.266
1370.728
1377.708
1369.247
1343.67
1336.689
1373.452
1378.58
1382.176
1384.904
1391.029
1399.276
1409.26
1405.663
1402.936
1396.811
1388.564
1381.212
1371.228
1366.099
1303.862
1366.099
1369.869
1379.099
1375.33
1366.099
1350.446
1342.199
1338.603
1333.474
1343.458
1339.862
1337.135
1373.897
1382.144
1387.272
1390
1353.237
1343.253
1346.849
1340.724
1346.849
1338.603
1337.679
1340.295
1358.603
1359.526
1365.054
1359.526
1368.635
1366.019
1356.91
1338.603
1337.295
1331.654
1320.779
1314
1317.596
1322.724
1328.849
1331.577
1339.824
1336.228
1346.212
1341.083
1338.356
1332.231
1323.984
1287.221
1277.237
1314
1288.423
1279.897
1305.474
1303.731
1299.897
1308.423
1310.167
1314
1307.718
1284.667
1275.513
1267.513
1267.369
1265.946
1267.792
1336.946
1345.471
1345.615
1343.769
1274.615
1266.09
1267.513
1265.551
1274.013
1271.128
1278.109
1269.282
1266.667
1252.051
1254.013
1262.84
1265.724
1257.263
1231.686
1224.705
1239.321
1241.936
1267.513
1295.718
1328.045
1325.045
1315.397
1335.09
1315.397
1318.994
1290.788
1280.468
1290.115
1286.519
1289.519
1257.192
1267.513
1263.917
1261.189
1255.064
1246.817
1210.054
1200.071
1194.942
1189.75
1149.686
1149.542
1121.561
1096.433
1121.561
1111.577
1116.994
1106.994
1147.058
1152.25
1174.308
1184.308
1140.192
1140.337
1143.013
1122.147
1085.385
1094.615
1103.769
1094.615
1085.385
1090.513
1128.8
1102.2
1098.213
1089.347
1093.333
1095.147
1121.747
1130.613
1128.8
1201.04
1208.923
1215.293
1254.56
1253.65
1256.77
1246.45
1207.183
1204.063
1196.18
1205.78
1209.7
1205.78
1196.18
1131.453
1172.713
1171.233
1243.153
1243.003
1244.923
1253.79
1253.94
1252.02
1240.033
1238.767
1240.247
1231.447
1204.847
1197.587
1212.947
1242.837
1264.023
1273.203
1283.12
1344.417
1317.817
1308.95
1312.937
1339.537
1341.35
1339.537
1348.403
1344.417
1335.237
1332.517
1347.717
1350.437
1353.437
1350.437
1359.617
1357.577
1359.617
1344.417
1372.737
1373.697
1382.017
1393.327
1404.06
1465.357
1481.017
1496.677
1498.49
1497.01
1497.16
1488.293
1488.143
1489.623
1417.703
1415.783
1424.65
1496.57
1498.49
1487.757
1486.797
1467.757
1465.037
1470.787
1471.747
1490.787
1493.507
1490.387
1484.52
1475.047
1484.52
1478.77
1458.29
1448.257
1444.517
1410.897
1411.047
1421.43
1447.563
1476.663
1514.897
1504.497
1478.363
1472.963
1431.297
1393.063
1363.963
1405.63
1411.03
1456.91
1467.31
1467.16
1456.777
1433.837
1424.97
1428.957
1427.143
1423.157
1449.757
1451.57
1460.437
1433.837
1530.317
1540.557
1542.037
1547.437
1549.903
1591.57
1597.17
1594.703
1589.303
1588.503
1582.903
1541.237
1549.813
1453.333
1443.093
1441.613
1492.747
1493.58
1496.372
1493.58
1370.142
1394.83
1415.247
1423.753
1427.837
1437.399
1443.597
1454.431
1467.486
1483.236
1404.486
1397.715
1404.486
1398.375
1387.542
1381.344
1360.927
1351.365
1347.281
1338.774
1342.858
1352.858
1285.434
1281.351
1271.351
1280.983
1302.927
1312.844
1315.799
1325.361
1328.194
1372.257
1380.469
1388.594
1387.76
1385.156
1383.74
1338.927
1348.163
1348.997
1351.601
1342.365
1318.003
1333.663
1341.547
1345.287
1352.337
1355.837
1359.103
1350.237
1278.317
1276.397
1276.247
1274.767
1259.107
1258.147
1249.827
1239.093
1227.783
1289.08
1317.4
1333.06
1343.793
1282.497
1283.457
1291.777
1303.087
1274.767
1276.58
1303.18
1299.193
1272.593
1263.727
1267.713
1276.58
1274.767
1235.5
1238.62
1310.86
1318.743
1325.113
1332.967
1326.597
1318.713
1246.473
1243.353
1228.153
1225.433
1222.433
1213.253
1211.213
1213.933
1214.083
1223.603
1238.963
1268.297
1330.457
1331.937
1333.857
1304.523
1301.257
1297.517
1262.67
1247.612
1288.285
1291.651
1285.962
1289.103
1292.699
1300.279
1293.5
1337.357
1333.857
1329.587
1314.227
1329.587
1338.767
1385.573
1376.817
1366.9
1357.72
1310.913
1320.83
1382.127
1386.397
1401.757
1412.117
1402.597
1405.317
1405.467
1407.387
1407.757
1392.397
1363.063
1338.843
1337.42
1335.574
1335.429
1332.814
1341.968
1282.199
1282.054
1272.071
1235.308
1195.244
1190.051
1162.071
1152.071
1107.955
1082.827
1084.25
1086.865
1077.712
1075.096
1134.865
1136.712
1151.481
1160.635
1160.49
1158.644
1143.875
1160.297
1160.447
1189.78
1179.42
1179.05
1175.063
1173.25
1146.65
1137.783
1136.303
1145.823
1161.183
1182.357
1192.717
1194.197
1196.117
1196.267
1180.907
1171.387
1109.227
1079.893
1077.173
1077.023
1075.103
1077.823
1068.223
1077.47
1068.223
1070.623
1074.543
1070.623
1059.313
1048.58
1032.92
1004.6
943.303
954.037
965.347
973.667
974.627
973.667
1034.963
1050.623
1078.943
1070.623
1078.507
1094.167
1097.667
1083.654
1124.327
1109.269
1102.49
1099.125
1070.92
1067.779
1064.183
1098.867
1102.607
1063.34
1068.468
1077.622
1086.853
1077.699
1072.571
1063.34
1054.231
1048.702
1046.087
1027.779
1067.93
1066.45
1075.97
1091.33
1120.663
1147.573
1149.053
1150.973
1151.123
1153.843
1138.483
1128.123
1098.79
1098.64
1096.72
1095.36
1092.64
1099.173
1102.173
1104.853
1107.253
1117.987
1144.587
1159.787
1150.607
1192.907
1195.627
1203.427
1193.907
1191.07
1183.27
1180.55
1173.5
1181.383
1202.45
1181.383
1173.5
1182.68
1156.95
1159.787
1144.427
1113.827
1129.187
1113.962
1173.731
1175.154
1115.385
1087.179
1085.333
1085.189
1082.574
1081.151
1083.766
1083.91
1085.756
1076.603
1073.987
1089.045
1096.625
1100.221
1103.362
1131.567
1134.933
1175.606
1160.548
1203.703
1213.223
1228.583
1222.667
1214.783
1216.263
1218.183
1218.333
1221.053
1211.533
1196.173
1206.533
1144.373
1115.04
1085.707
1082.207
1039.907
1036.167
1034.247
1075.799
1075.642
1072.517
1069.726
1067.226
1056.045
1028.337
1012.503
1015.628
977.683
980.083
1006.683
1021.883
1015.35
1021.883
1032.617
1042.137
1057.497
1042.137
1044.857
1035.337
1006.003
968.734
1028.503
1017.571
1019.349
1019.488
1009.895
1008.525
1006.747
1006.608
1004.09
1011.312
1014.941
997.312
993.682
986.46
983.201
958.301
948.086
951.229
968.229
969.848
955.866
954.247
968.229
954.247
928.961
929.818
928.961
983.69
993.274
1003.372
1010.801
1000.359
993.187
983.934
997.434
987.684
934.842
988.428
989.704
991.359
989.014
998.146
998.012
984.298
982.583
974.083
972.762
951.235
951.373
965.596
974.41
976.929
1004.09
998.04
995.262
1030.965
1028.657
1018.337
992.76
978.144
985.724
991.446
994.33
959.985
969.923
994.552
1008.627
1014.676
1016.898
1009.627
1006.738
939.849
933.951
936.562
986.988
989.417
991.649
984.61
970.628
973.545
976.884
983.923
997.905
991.61
984.571
981.446
1019.214
993.024
990.107
986.768
981.485
984.61
982.896
981.574
926.074
899.884
886.17
877.67
877.536
875.107
878.607
936.399
944.97
936.714
933.214
931.071
968.274
970.476
979.619
974.619
937.417
935.214
930.393
929.071
919.929
833.786
841.443
842.158
847.158
933.301
925.643
926.964
926.25
931.071
972.863
966.893
975.747
1002.435
1016.149
1024.345
1043.253
1029.539
974.81
965.955
957.759
953.946
930.196
928.054
959.944
957.167
951.117
941.179
947.228
933.154
935.377
937.858
951.932
976.562
986.5
989.278
986.037
979.509
976.046
968.747
983.247
980.222
983.685
986.71
1006.315
1009.556
1016.083
1001.583
1008.883
981.722
979.204
971.981
980.481
973.182
965.883
960.373
961.633
964.259
957.731
977.238
982.747
990.046
992.565
999.787
990.972
988.346
979.846
960.34
966.867
974.167
966.463
956.525
899.769
898.88
888.407
862.185
847.685
837.747
835.525
833.043
830.265
824.216
830.265
833.043
835.525
810.895
796.821
806.759
831.389
845.463
847.685
957.407
959.889
937.944
935.463
953.241
961.741
964.765
1022.321
1027.645
1031.923
1034.145
1031.534
980.881
978.266
980.978
978.574
980.978
983.593
1063.881
1060.516
1057.375
1053.779
1046.199
1041.179
1074.006
1077.372
1064.63
1067.654
1071.117
1078.417
1092.917
1086.389
1059.228
1057.006
1050.957
1048.179
1062.253
1086.883
1096.821
1099.043
1099.457
1102.235
1108.284
1094.21
1069.58
1067.099
1057.16
1062.67
1057.16
1049.861
1057.16
1065.722
1069.352
1078.241
1018.309
1014.679
1005.79
972.786
1014.577
1011.661
1005.79
1049.13
1052.154
1076.784
1086.722
1088.944
1052.446
1028.696
1034.53
1048.101
1038.518
1036.375
1033.982
1031.304
1025.47
1028.149
1014.577
1007.539
993.557
967.366
974.405
977.744
946.845
943.621
974.405
971.28
933.512
947.494
973.685
976.81
979.592
974.994
976.167
967.891
972.489
980.764
979.592
982.408
942.057
939.241
979.592
977.161
974.816
893.833
891.678
932.029
934.845
894.494
891.678
894.264
896.575
903.371
909.003
895.899
872.968
863.716
861.647
859.336
856.75
851.118
860.371
883.302
896.405
891.276
884.48
889.609
891.678
890.506
892.951
900.865
919.026
925.822
962.287
964.632
957.908
955.563
949.486
942.69
924.529
916.615
914.17
922.376
929.101
876.259
873.443
864.894
856.98
851.216
876.983
890.224
943.066
951.615
959.529
999.879
1016.431
1018.5
1072.086
1046.319
1051.276
1054.092
1062.006
1045.454
1043.385
989.799
984.842
980.859
978.043
970.129
1010.48
978.71
938.359
942.342
929.101
926.284
933.08
907.793
904.569
897.773
884.273
920.739
923.756
949.043
951.859
955.083
918.618
932.118
929.101
969.451
972.267
966.503
963.687
977.187
963.687
962.124
963.687
958.055
955.468
978.399
991.503
974.704
983.957
986.543
992.175
994.244
971.313
962.06
959.991
957.681
978.313
936.521
939.438
981.229
978.313
970.057
966.557
957.985
999.777
957.985
955.068
957.985
952.673
959.711
965.024
993.466
994.836
999.836
1002.12
1040.701
1038.417
1039.157
1047.099
957.765
948.284
946.914
941.914
956.802
918.222
913.037
912.296
904.355
909.54
919.022
912.39
906.557
896.973
894.295
890.336
852.568
849.443
823.253
820.336
816.997
809.958
795.976
833.744
836.869
818.833
822.173
829.211
811.72
798.149
796.006
793.613
751.821
793.613
790.696
793.613
796.042
822.232
830.732
844.446
844.58
846.295
847.616
903.116
904.735
906.878
915.134
918.259
923.08
923.214
931.411
936.714
939.143
909.575
949.925
947.109
906.759
903.379
908.983
974.155
981.195
984.575
992.489
1009.385
1002.345
1007.474
1032.761
1027.158
1001.871
992.905
979.871
977.457
969.543
978.509
973.379
975.034
976.31
973.966
973.836
972.181
970.905
917.319
892.032
878.79
870.583
924.17
949.457
949.586
957.793
960.138
973.379
933.029
963.435
971.935
985.649
1011.839
1067.339
1068.661
1070.375
1070.509
1056.795
1048.295
1022.104
966.604
965.283
963.568
963.435
961.006
963.435
966.351
963.435
959.31
967.506
971.631
976.765
1032.265
1034.408
1051.551
1034.408
1032.265
976.765
968.568
963.435
960.31
946.327
939.289
935.949
933.033
926.738
955.63
962.929
968.438
961.139
955.63
982.79
997.012
994.494
994.355
992.577
991.207
933.651
906.491
915.306
906.491
909.009
909.148
910.926
912.296
969.852
955.63
964.13
983.636
990.935
1030.102
1032.62
1039.843
1031.343
1028.716
1009.21
1001.91
962.744
965.37
956.556
965.37
958.148
955.63
964.444
961.926
961.787
960.009
958.639
901.083
873.923
859.701
850.886
853.404
855.182
856.552
914.108
941.269
955.491
955.63
954.889
946.679
945.42
943.105
941.327
927.105
870.349
861.167
852.667
809.327
837.003
851.225
907.981
917.164
925.664
969.003
966.485
966.346
966.485
965.114
907.559
880.398
866.176
857.361
859.88
832.204
833.981
835.352
892.907
904.512
918.735
927.549
922.04
927.549
934.849
927.549
927.688
936.503
950.725
1007.253
960.66
962.438
962.299
964.818
956.003
941.781
914.62
857.065
855.694
853.917
963.639
966.12
957.807
957.408
851.604
849.176
853.466
843.873
842.503
842.364
839.846
838.068
846.883
861.105
918.66
920.031
913.363
913.497
915.211
906.711
909.14
895.426
890.664
889.449
913.503
910.478
901.978
896.654
954.21
949.932
947.71
929.932
938.747
952.969
980.13
922.574
923.944
931.276
931.42
934.035
924.881
910.112
850.343
848.92
847.074
846.929
848.776
846.16
817.955
758.186
756.763
754.917
747.337
732.567
740.147
734.426
734.282
731.667
737.388
728.234
726.49
741.548
743.292
728.234
725.506
716.679
696.423
688.843
648.17
645.554
638.054
628.901
631.208
627.843
633.554
636.17
636.314
641.506
644.872
642.564
633.673
631.929
633.673
627.962
625.346
625.202
616.375
678.612
673.42
682.247
678.478
660.17
652.67
649.285
660.285
678.593
682.362
685.747
693.247
682.247
685.843
745.612
775.34
759.878
768.125
768.894
774.279
814.343
816.715
821.907
819.535
829.381
922.151
913.904
904.058
903.702
902.933
897.548
857.484
858.907
853.715
846.135
840.413
844.01
903.779
933.506
929.91
870.141
840.413
844.01
814.282
754.513
750.917
810.686
840.413
831.587
786.58
777.045
805.785
820.554
829.381
874.388
815.449
800.679
771.939
781.474
840.413
836.817
777.048
747.321
750.917
810.686
840.413
836.817
777.048
747.321
807.09
759.51
763.106
759.51
699.74
670.013
673.609
733.378
763.106
766.702
826.471
796.744
736.974
733.378
763.106
766.939
807.612
813.737
893.785
902.247
911.478
920.304
982.542
984.285
986.593
992.304
994.92
991.554
982.728
920.49
918.747
916.439
910.728
908.112
907.968
902.776
906.141
906.285
911.478
907.881
878.154
818.385
847.125
861.74
944.01
905.179
948.853
958.837
963.279
965.651
1021.965
1135.907
1138.484
1024.542
1021.965
1008.253
1004.006
992.481
990.109
980.125
951.385
946.942
1029.212
1058.939
1128.093
1138.077
1140.449
1228.91
1233.016
1237.458
1252.074
1138.131
1123.516
1108.458
1150.983
1166.643
1168.457
1138.567
1091.76
1082.58
1072.663
1011.367
996.007
924.087
913.703
911.237
792.737
788.467
783.847
768.647
764.23
795.147
709.587
781.507
791.89
794.357
852.923
856.313
860.933
876.133
961.693
953.117
958.517
957.717
967.957
969.437
971.903
1013.57
1019.17
1019.97
1116.45
1125.027
1114.787
1113.307
1107.907
1105.44
1063.773
1058.173
1042.093
923.593
893.703
1012.203
1000.217
995.8
910.24
925.44
930.06
959.95
949.567
947.1
957.483
1003.783
1034.7
1120.26
1105.06
1100.44
1102.907
1221.407
1236.767
1262.9
1283.38
1291.547
1304.213
1376.133
1384.71
1389.33
1393.95
1409.15
1419.533
1404.333
1393.95
1391.483
1272.983
1268.713
1264.093
1293.983
1353.923
1313.54
1358.96
1361.427
1275.867
1334.433
1262.513
1231.597
1274.157
1285.597
1311.077
1317.447
1320.283
1325.617
1336
1344.577
1382.81
1386.55
1390.47
1399.65
1402.45
1399.65
1389.25
1404.37
1406.003
1380.131
1373.881
1365.054
1292.362
1284.51
1256.304
1262.026
1256.304
1252.535
1258.785
1268.785
1273.228
1301.968
1288.256
1284.01
1272.484
1262.5
1260.128
1146.186
1160.801
1156.696
1142.08
1224.349
1185.519
1229.192
1239.176
1241.548
1237.106
1293.42
1300.92
1315.984
1316.859
1341.987
1228.045
1221.92
1215.141
1206.679
1197.449
1201.282
1210.513
1096.571
1105.032
1101.199
1092.952
1073.26
1065.407
1050.638
1046.196
1021.067
1009.542
997.362
1111.304
1225.247
1265.92
1285.612
1293.465
1308.234
1312.676
1337.804
1406.958
1419.138
1425.263
1433.51
1436.237
1442.362
1450.609
1487.372
1497.356
1492.228
1455.465
1452.737
1446.612
1438.365
1441.962
1431.978
1428.381
1433.51
1448.125
1452.567
1481.308
1467.596
1463.349
1451.824
1441.84
1439.468
1410.728
1406.285
1292.343
1374.612
1404.34
1473.494
1483.478
1485.849
1574.311
1559.696
1535.196
1494.272
1518.772
1529.772
1570.696
1559.696
1556.099
1553.372
1558.5
1562.096
1564.824
1570.949
1579.196
1615.958
1605.974
1569.212
1560.965
1554.84
1564.824
1559.696
1556.33
1551.138
1550.994
1488.756
1487.013
1484.705
1486.449
1488.756
1494.468
1497.083
1497.228
1502.42
1505.785
1496.958
1494.343
1488.631
1497.458
1559.696
1584.824
1570.054
1562.202
1542.51
1534.263
1420.321
1351.167
1338.987
1452.929
1461.176
1480.869
1488.721
1503.49
1507.933
1577.087
1589.266
1574.651
1570.208
1541.468
1427.526
1425.154
1415.17
1346.016
1341.769
1259.5
1255.058
1229.929
1219.946
1217.218
1227.202
1222.074
1218.478
1212.353
1204.106
1167.343
1204.106
1210.231
1213.827
1218.955
1221.683
1229.929
1233.526
1228.397
1233.526
1236.253
1242.378
1250.625
1247.029
1237.045
1200.282
1192.035
1185.91
1183.183
1219.946
1229.929
1244.699
1222.699
1247.827
1252.269
1260.122
1222.186
1230.433
1253.221
1241.042
1171.888
1146.76
1138.907
1119.215
1110.968
997.026
1009.205
994.436
989.994
949.071
938.071
913.571
954.494
965.494
989.994
1020.474
1024.071
1026.798
1035.045
1025.061
988.298
980.051
986.176
966.75
961.622
966.75
964.022
960.426
954.301
966.481
991.609
996.051
1010.821
1018.673
1038.365
1046.612
1038.365
1026.84
1001.712
997.269
982.5
980.929
961.237
938.449
1052.391
1040.212
1109.365
1101.119
1106.247
1109.843
1112.571
1118.696
1112.571
1107.442
1117.426
1114.699
1111.103
1147.865
1156.112
1146.128
1138.776
1137.032
1138.776
1123.718
1138.776
1127.776
1103.276
1062.353
1058.756
1048.772
1012.01
1009.282
1004.154
995.907
989.782
985.949
976.718
953.929
945.468
904.795
1018.737
1012.612
1000.433
931.279
906.151
901.708
921.401
906.631
898.779
907.026
898.779
906.631
921.401
901.708
906.151
909.984
796.042
909.984
918.446
959.119
968.349
980.529
1049.683
1074.811
1080.936
1071.09
1062.843
1062.074
1056.689
1016.625
1014.253
1009.061
1007.638
914.869
923.115
923.885
929.269
969.333
971.705
976.897
978.321
988.167
1080.936
1081.08
1082.926
1084.349
1144.119
1172.324
1187.093
1196.247
1198.862
1206.362
1195.362
1177.054
1173.285
1165.785
1162.401
1173.401
1191.708
1195.478
1198.862
1084.92
1082.343
1082.487
1073.333
1058.564
1030.359
1032.205
1033.628
1032.205
1046.974
1074.112
1111.317
1108.702
1111.317
1051.548
1060.702
1058.856
1058.712
1073.481
1077.923
1097.615
1166.769
1175.016
1231.33
1219.151
1149.997
1162.176
1048.234
1023.106
1018.663
1003.894
996.042
1003.894
1029.022
1020.776
1001.083
1006.276
1022.929
1027.372
1031.619
1042.724
996.667
991.026
976.256
974.949
977.564
967.603
969.449
879.718
939.487
945.128
959.897
933.16
930.642
930.299
930.438
928.66
928.522
930.744
927.503
922.503
922.364
919.846
914.346
916.864
915.185
912.963
904.463
907.704
912.704
912.843
921.343
929.904
931.583
871.651
877.151
883.873
908.503
916.651
927.346
923.735
928.735
932.346
960.972
965.25
988.843
978.148
973.148
949.556
945.466
941.188
942.559
940.04
954.262
952.485
961.299
961.16
959.79
945.568
945.707
948.225
975.542
1003.747
998.106
938.337
940.183
999.952
1007.452
1080.144
1086.269
1111.397
1103.897
1031.205
1030.33
1005.202
982.413
974.167
978.609
967.083
1036.237
1061.365
1076.135
1083.987
1103.679
1111.926
1168.24
1156.061
1130.933
1126.49
1138.67
1130.817
1116.048
1096.356
1091.163
1096.356
1100.106
1129.833
1134.276
1158.776
1147.67
1158.776
1155.026
1130.526
1100.798
1096.356
1098.971
1098.827
1097.404
1037.635
1009.429
994.66
985.506
994.66
1009.429
1037.635
1097.404
1098.827
1100.673
1100.817
1098.971
1096.356
1111.125
1135.292
1137.138
1196.907
1197.051
1128.897
1131.513
1122.359
1107.59
1109.013
1049.244
1047.821
1045.974
1045.83
1017.625
1015.01
1019.452
1023.699
1027.449
1032.641
1043.747
1068.247
1043.747
1038.554
1027.449
1023.699
993.971
989.529
981.282
961.59
949.41
944.968
930.199
922.346
897.218
885.692
771.75
780.904
780.76
808.965
794.196
808.965
780.76
720.99
719.567
719.712
710.558
712.404
709.788
707.942
709.365
769.135
771.75
764.769
739.192
747.654
739.192
764.769
771.75
760.644
765.087
794.814
798.564
803.756
814.862
809.67
834.17
830.42
826.173
821.731
797.231
879.5
905.077
919.846
982.083
1001.776
1039.532
1047.532
1057.179
1075.487
1074.064
1074.208
1059.439
1031.234
971.465
974.08
972.234
972.09
962.936
964.359
1024.128
1052.333
1049.718
1064.487
1073.641
1075.487
1094.333
1103.981
1105.404
1120.462
1125.59
1129.186
1131.558
1161.285
1165.035
1160.593
1130.865
1127.115
1121.923
1110.817
1135.317
1139.76
1150.865
1156.058
1131.558
1131.413
1128.798
1126.952
1186.721
1126.952
1125.529
1140.298
1168.503
1169.926
1171.772
1180.926
1183.542
1174.388
1146.183
1146.327
1131.558
1125.433
1084.76
1076.298
962.356
953.125
949.292
968.138
964.542
959.413
974.471
959.413
964.542
968.138
970.51
951.663
953.087
951.663
949.292
958.939
949.292
960.397
965.59
969.34
999.067
1023.567
1012.462
1007.269
1003.519
973.792
969.349
944.849
949.292
921.087
918.471
858.702
857.279
855.433
855.288
840.519
831.365
846.423
848.795
850.218
845.026
863.872
860.276
849.17
839.522
837.151
822.093
816.965
815.542
796.696
801.824
811.471
815.067
818.817
823.26
847.76
852.952
864.058
860.308
830.58
826.138
801.638
831.365
839.827
865.404
872.385
846.808
838.346
831.365
833.109
848.167
846.423
831.365
820.26
815.067
811.317
781.59
777.147
752.647
767.263
764.891
761.295
759.872
778.718
780.141
770.494
751.647
761.295
776.353
781.481
785.077
770.019
772.391
767.263
752.494
744.494
718.917
700.609
738.365
770.397
784.109
721.872
639.603
601.846
616.615
606.968
587.276
584.488
593.778
618.407
626.111
643.741
658.241
660.525
661.895
671.185
674.648
671.185
666.247
651.747
649.463
631.315
622.025
626.963
645.111
643.741
640.5
638.821
630.259
621.759
625
630
630.139
632.657
630.435
632.657
638.157
698.09
706.59
704.071
703.932
698.932
700.611
695.111
687.17
686.429
685.059
675.577
660.688
658.404
657.108
618.528
613.528
621.09
678.645
680.423
688.127
689.497
693.127
695.608
720.238
725.67
728.929
812.059
820.948
824.41
832.559
857.188
849.04
824.41
817.688
824.41
809.91
804.972
801.509
819.657
828.948
830.318
832.602
847.102
844.818
848.281
853.219
835.071
825.781
824.41
832.762
834.441
837.904
842.843
857.343
864.642
846.494
889.833
899.123
901.407
919.556
928.056
918.765
917.395
915.111
922.333
923.704
909.204
904.265
900.802
909.691
912.951
829.821
826.562
823.099
814.21
897.34
900.802
925.432
916.142
930.364
990.296
1069.519
1105.877
1113.58
1122.87
1105.241
1086.278
1061.648
1047.426
987.494
974.29
967.019
996.212
1014.519
1034.212
1015.365
1011.769
1006.641
991.583
989.212
987.788
978.141
988.141
993.862
1012.708
1021.535
1025.304
1033.157
1105.849
1112.099
1097.561
1095.99
1090.349
1081.522
1078.83
1073.109
1066.859
1056.859
1053.09
1081.295
1089.756
1115.333
1122.314
1113.853
1088.276
1081.295
1008.603
1001.103
994.978
969.849
979.08
1065.407
1068.792
1072.388
1068.792
982.465
979.08
969.849
995.426
1004.253
1090.58
1099.811
1096.215
1086.984
1000.657
997.272
1000.657
1004.253
1019.022
1081.26
1071.612
1097.189
1115.497
1107.497
1069.74
987.471
925.234
944.926
919.349
904.58
886.272
895.92
903.92
941.676
1023.946
1004.253
997.272
971.696
963.234
964.657
990.234
1050.003
1051.849
1055.619
1058.196
1066.048
1058.196
998.426
996.58
988.58
960.375
997.31
993.39
990.71
964.11
993.443
1001.763
992.163
988.423
991.943
1081.723
1091.323
1095.063
1091.543
1001.763
1004.483
1000.983
1010.163
1074.89
1076.703
1079.103
1085.043
1079.643
1079.793
1085.193
1088.693
1079.513
1079.363
1076.643
1070.703
1068.303
1003.577
1001.763
992.743
994.557
1003.577
995.777
1003.577
1011.46
1009.647
1001.763
992.583
1039.39
992.583
1001.763
986.103
984.29
993.09
1089.57
1102.73
1093.13
1182.91
1186.43
1182.69
1092.91
1089.39
1093.13
1102.73
1141.997
1152.03
1216.757
1232.117
1258.717
1267.037
1258.717
1344.277
1362.523
1342.043
1315.443
1300.083
1235.357
1149.797
1139.763
1120.723
1139.763
1100.497
1090.897
1094.637
1104.237
1119.2
1099.253
1095.733
1091.993
1002.213
1028.813
1037.993
1011.393
1002.213
983.173
979.253
971.453
967.933
979.373
998.413
1002.333
1010.133
1013.653
1002.213
992.613
988.873
992.393
1082.173
1091.773
1076.81
1073.29
1077.03
1102.11
1095.537
1122.137
1137.497
1145.817
1060.257
995.53
980.17
1019.437
1029.47
1002.87
983.83
944.563
924.083
914.05
905.73
924.77
928.45
930.37
938.69
940.17
944.09
946.77
973.37
981.537
1010.87
948.71
1010.87
1002.703
998.783
997.303
988.983
987.063
986.617
980.75
954.15
907.343
898.163
906.047
913.847
923.027
915.143
961.95
963.763
954.743
946.943
945.13
954.15
944.55
940.81
851.03
847.51
838.71
742.23
729.07
737.87
834.35
847.51
912.237
909.517
909.367
903.967
900.467
898.653
904.053
894.873
898.373
907.553
907.703
913.643
916.043
917.857
853.13
855.85
853.45
847.51
886.777
889.577
899.897
903.817
905.767
908.24
914.92
952.423
961.25
986.827
978
952.423
970.731
978.731
998.423
1024
1038.769
1101.006
1183.276
1221.032
1230.679
1222.679
1202.987
1177.41
1162.641
1148.929
1111.173
1101.526
1083.218
1074.327
1078.077
1015.84
996.147
986.5
978.5
940.744
858.474
840.167
814.59
834.282
859.859
874.628
892.936
878.167
887.814
895.814
933.571
995.808
1078.077
1070.497
1072.24
1117.247
1126.074
1134.747
1142.247
1149.827
1148.083
1103.077
1094.25
1085.577
1078.077
1170.846
1158.192
1065.423
1056.962
1069.615
1078.077
1049.872
1053.641
1051.795
1043.795
1045.218
1043.795
1051.647
1077.224
1073.455
1013.686
988.109
985.532
1045.301
1047.878
1049.724
1057.724
1049.872
1078.077
1068.154
1065.462
1027.705
967.936
964.167
961.788
959.913
997.67
966.708
976.631
1020.247
1024.016
977.958
980.337
1053.029
980.337
1005.913
997.087
1010.37
1019.55
1028.73
1026.33
1035.577
1037.39
1039.79
1045.73
1048.45
1048.6
1054
1057.5
1048.32
983.593
981.78
976.38
970.44
967.72
967.57
964.07
899.343
860.077
851.757
841.723
826.363
799.763
779.283
693.723
674.683
674.833
676.313
679.033
680.953
743.113
772.447
787.807
797.327
793.427
797.327
803.827
879.427
864.307
857.807
868.207
874.157
893.757
902.937
906.857
919.39
911.223
907.303
898.123
895.323
889.373
878.973
849.64
857.807
860.527
851.007
835.647
806.313
804.393
802.913
802.763
800.043
800.193
738.033
739.953
755.313
814.833
811.699
820.853
822.276
831.429
846.199
874.404
934.173
935.596
937.442
937.587
928.433
913.663
885.458
825.689
857.237
855.317
855.167
852.447
855.167
857.887
795.727
817.767
808.247
808.397
793.037
763.703
762.223
719.943
718.023
733.383
733.381
733.237
734.66
736.506
733.891
735.635
729.205
720.378
711.705
704.205
696.625
694.881
702.462
709.962
718.788
763.795
749.179
757.853
757.997
761.747
765.516
825.285
894.747
913.593
951.349
878.657
876.279
866.317
862.548
852.625
849.933
812.176
813.599
882.753
884.599
957.292
953.542
962.067
964.446
963.022
960.407
960.263
988.468
1048.237
1049.66
1049.804
1051.651
1060.804
1073.903
1076.623
1091.983
1076.623
1074.703
1064.343
1054.823
1067.983
1084.063
1092.863
1079.703
983.223
974.423
964.903
974.423
989.783
1019.117
1081.277
1082.757
1084.677
1084.827
1087.547
1085.627
1082.907
1081.427
1019.267
989.933
974.573
974.423
947.823
938.643
941.777
950.957
942.637
950.957
952.437
952.883
954.803
965.163
969.083
967.163
972.483
968.563
967.083
956.723
954.043
927.443
919.277
912.125
883.92
891.772
893.196
878.426
893.196
895.042
895.186
897.801
888.647
897.801
926.006
985.776
984.353
956.147
953.532
893.763
891.917
891.772
895.369
955.138
959.385
932.667
946.889
946.75
944.972
943.602
886.046
858.886
856.367
847.552
850.071
850.21
851.988
853.358
910.914
904.571
890.857
927.857
945
956.75
959.536
980.94
1045.155
1048.637
1045.155
1053.071
1053.205
1053.071
988.857
980.94
979.619
1043.833
1042.119
1043.833
1045.155
1045.289
1043.574
1042.253
986.753
960.563
946.848
938.348
940.777
940.643
942.357
943.679
941.25
967.44
981.155
989.655
1045.155
1041.815
986.315
982.372
985.711
1041.211
1068.815
1066.387
1066.253
1057.753
1044.039
1017.848
962.348
960.634
959.313
954.491
952.348
950.729
942.473
937.17
928.973
928.839
926.411
923.286
927.229
936.479
939.818
912.214
856.714
853.375
856.714
912.214
939.818
936.479
927.229
923.286
926.429
919.464
922.964
939.964
950.179
949.393
939.179
922.179
929.143
925.643
981.143
984.643
988.125
990.333
988.125
1005.625
997.708
996.387
996.253
966.559
964.781
928.423
995.312
977.164
919.608
915.978
912.367
912.506
842.506
878.864
811.975
813.346
883.346
949.938
951.716
959.926
967.225
974.448
982.799
991.299
982.799
1026.139
1027.818
1019.466
1012.244
1004.944
1003.265
959.926
972.111
975.574
946.948
889.392
885.929
914.556
972.111
980.259
968.074
959.926
945.037
1034.37
1025.87
1001.241
1029.867
1026.404
1064.775
1131.367
1073.812
1045.185
1042.296
1020.099
1077.654
1011.062
993.284
1011.062
998.877
960.506
963.395
966.858
979.043
1001.241
1004.852
1001.241
1018.87
1028.16
1036.309
1063.469
1102.049
1103.827
1104.716
1103.346
1099.716
1099.302
1094.377
1086.815
1100.41
1125.987
1185.756
1125.987
1127.833
1135.833
1137.256
1141.026
1143.603
1151.455
1177.513
1167.551
1165.705
1157.705
1154.109
1124.381
1154.109
1213.878
1217.474
1217.619
1219.465
1217.619
1226.144
1227.567
1226.144
1217.619
1217.474
1286.628
1217.474
1279.712
1283.481
1292.712
1289.115
1259.388
1199.619
1156.792
1182.369
1168.635
1208.699
1219.804
1225.929
1236.804
1245.913
1202.25
1238.608
1256.756
1298.756
1290.546
1223.954
1222.583
1222.444
1152.444
1108.093
1110.383
1151.296
1152.667
1156.296
1154.006
1177.292
1185.208
1150.149
1151.863
1216.077
1198.577
1134.077
1078.577
1075.077
1071.595
1071.729
1070.015
1005.801
1042.801
1054.551
1071.693
1135.908
1157.313
1160.098
1123.098
1120.313
1098.908
1081.765
1070.015
1078.211
1071.247
1078.286
1085.25
1078.211
1076.592
1034.801
1026.604
1018.551
1020.17
1028.223
1070.015
983.872
976.015
987.765
1036.876
1044.463
1033.118
1042.083
1081.635
1086.29
1122.21
1122.339
1131.29
1153.819
1178.905
1211.865
1208.503
1211.865
1208.486
1200.21
1208.486
1152.687
1156.066
1211.865
1211.736
1210.46
1202.816
1140.816
1139.161
1135.782
1134.506
1127.333
1125.678
1116.747
1093.816
1086.776
1061.489
1061.103
1049.759
1033.207
1012.54
950.54
914.816
912.126
908.764
901.994
899.58
837.305
828.374
824.994
822.862
757.69
791.54
808.437
856.23
856.437
859.816
863.178
865.31
930.483
935.603
1016.586
1026.448
1031.103
1036.707
1061.994
1070.161
1079.911
1077.601
1067.851
1059.684
1061.994
1053.029
1013.477
977.557
944.598
944.727
953.678
976.207
1001.293
1034.253
1029.598
1034.253
1070.172
1061.221
1070.187
1070.057
1044.971
1084.523
1061.994
1058.172
1051.914
1087.833
1077.876
1071.08
1065.589
1075.546
1039.626
1045.118
1068.049
1074.307
1081.103
1088.497
1093.989
1096.434
1099.658
1104.256
1113.207
1146.167
1149.546
1156.586
1147.621
1142.491
1140.078
1132.164
1128.784
1121.744
1056.572
1051.514
1076.802
1085.767
1090.897
1107.793
1115.707
1121.31
1186.483
1180.879
1189.155
1133.356
1129.977
1161.762
1169.958
1178.012
1219.804
1218.185
1225.223
1183.432
1175.235
1167.182
1160.217
1153.179
1156.679
1163.643
1221.435
1223.054
1215.196
1170.87
1158.685
1166.833
1253.722
1265.907
1269.519
1314.596
1311.869
1317.994
1326.24
1363.003
1372.987
1366.862
1363.266
1368.394
1371.122
1362.875
1326.112
1316.128
1311
1314.596
1319.724
1309.74
1272.978
1264.731
1258.606
1255.878
1252.282
1247.154
1257.138
1260.734
1263.462
1269.587
1277.833
1314.596
1277.833
1271.708
1268.981
1278.965
1273.837
1263.853
1300.615
1308.862
1314.987
1317.715
1321.311
1326.439
1322.843
1314.596
1318.192
1309.946
1299.962
1263.199
1257.074
1254.346
1250.75
1245.622
1255.606
1292.369
1300.615
1306.74
1311.869
1314.596
1387.288
1447.058
1450.827
1413.071
1410.378
1400.455
1340.686
1336.917
1333.167
1330.788
1258.096
1295.853
1305.776
1308.154
1253.75
1272.596
1282.596
1307.724
1335.705
1372.468
1412.532
1417.724
1461.84
1461.696
1451.712
1426.583
1398.603
1361.84
1321.776
1316.583
1272.468
1262.468
1272.452
1272.596
1268.827
1206.59
1215.821
1219.59
1281.827
1272.596
1266.471
1261.343
1271.327
1308.09
1316.337
1312.74
1318.865
1321.593
1325.189
1330.317
1322.071
1319.343
1309.359
1272.596
1292.288
1297.481
1301.231
1372.048
1366.92
1363.324
1360.596
1354.471
1346.224
1309.462
1313.058
1318.186
1320.913
1327.038
1337.022
1345.269
1335.285
1372.048
1362.939
1352.064
1349.487
1353.237
1349.487
1357.067
1364.567
1373.24
1323.913
1330.343
1332.087
1344.74
1342.997
1334.535
1241.766
1229.112
1237.574
1330.343
1322.843
1277.837
1270.256
1261.583
1252.756
1244.51
1241.782
1238.186
1233.058
1223.074
1186.311
1180.186
1187.167
1212.744
1218.869
1258.933
1270.038
1263.058
1237.481
1231.356
1223.776
1231.356
1220.25
1180.186
1179.34
1182.724
1190.224
1193.994
1212.301
1223.301
1212.301
1193.994
1190.224
1182.724
1185.34
1185.484
1186.907
1188.753
1203.522
1231.728
1240.881
1300.651
1256.535
1228.554
1228.41
1218.426
1193.298
1188.106
1151.343
1141.343
1101.279
1099.856
1098.01
1097.865
1097.173
1111.942
1097.92
1155.475
1156.846
1158.623
1156.105
1156.244
1158.762
1149.948
1092.392
1065.231
1051.009
991.077
999.966
1003.596
999.966
1008.528
999.639
996.009
938.454
902.096
898.485
900.775
882.627
940.182
930.627
934.256
937.867
1007.867
1074.756
1072.466
1058.466
1094.824
1055.639
1055.5
997.944
970.784
956.562
947.747
950.265
964.488
1000.16
1028.365
1088.135
1089.558
1098.712
1096.096
1097.942
1098.087
1096.24
1094.394
1154.163
1155.587
1157.433
1157.577
1160.192
1151.038
1136.269
1145.423
1160.192
1188.397
1160.192
1157.577
1097.808
1096.385
1096.24
1120.74
1127.022
1123.272
1110.869
1051.099
1052.522
1061.676
1076.446
1096.804
1156.574
1158.42
1158.564
1156.718
1156.574
1147.42
1144.804
1130.035
1101.83
1104.446
1103.022
1110.003
1118.465
1144.042
1159.225
1160.596
1152.448
1154.225
1168.448
1195.608
1195.747
1193.969
1192.71
1178.488
1151.327
1093.772
1092.401
1092.262
1089.744
1000.41
988.225
990.744
999.559
992.259
985.037
976.537
970.346
968.667
960.315
977.944
979.722
971.574
1010.154
1037.315
1045.463
1054.753
1027.593
1009.963
1010.852
1009.074
1008.185
1017.074
1025.889
1030.827
992.247
982.957
991.772
989.253
1003.475
1030.636
1088.191
1089.562
1091.34
1091.478
1093.997
1085.182
1070.96
1043.799
1024.176
1022.33
1022.186
1020.763
960.994
962.84
960.224
960.08
958.234
956.811
928.606
913.837
904.683
907.298
907.442
908.865
968.635
996.84
1011.609
1020.763
1016.994
1026.224
1029.994
1092.231
1083.34
1074.109
1067.109
1064.494
1052.228
1109.784
1111.154
1111.293
1113.812
1104.997
1106.775
1079.614
1022.059
1020.688
1018.91
1018.772
1004.549
1018.772
1026.92
1051.549
1058.272
1050.123
1025.494
1018.772
1097.994
1133.395
1139.414
1148.185
1111.827
1181.827
1184.117
1187.728
1191.358
1188.765
1246.321
1236.765
1179.21
1175.58
1171.969
1169.679
1187.827
1239.16
1275.519
1205.519
1208.037
1217.519
1260.858
1287.08
1288.858
1313.488
1340.432
1301.852
1291.157
1283.858
1277.96
1316.54
1309.818
1320.512
1327.812
1333.71
1358.34
1365.062
1340.432
1340.293
1331.478
1304.318
1246.762
1293.292
1291.446
1288.83
1274.061
1259.522
1257.647
1252.455
1242.609
1315.301
1320.494
1324.244
1343.936
1346.936
1357.256
1401.372
1411.372
1413.333
1422.487
1450.692
1454.442
1450.692
1457.673
1450.692
1459.154
1425.192
1399.615
1391.154
1415.654
1426.654
1467.577
1530.192
1535.577
1544.731
1557.385
1572
1581.535
1622.208
1629.788
1650.045
1658.872
1668.026
1670.641
1673.369
1680.869
1706.446
1700.125
1740.189
1749.42
1753.189
1690.952
1687.183
1677.952
1684.933
1686.356
1726.202
1735.311
1739.558
1742.923
1750.923
1754.064
1799.071
1813.686
1816.571
1818.532
1821.147
1829.974
1874.981
1834.058
1809.558
1820.558
1861.481
1858.34
1847.34
1811.904
1836.404
1791.397
1782.936
1789.917
1815.494
1808.513
1782.936
1791.397
1781.474
1778.782
1741.026
1743.404
1747.154
1819.846
1879.615
1899.269
1858.577
1896.333
1823.641
1821.263
1817.513
1813.744
1753.974
1757.744
1763.994
1836.686
1844.538
1848.308
1857.135
1828.929
1822.679
1819.987
1811.16
1803.308
1730.615
1724.186
1721.045
1749.25
1759.25
1764.971
1761.253
1751.253
1747.484
1741.763
1711.01
1756.016
1796.939
1883.266
1891.513
1900.34
1903.067
1899.926
1937.087
1940.228
1895.221
1931.984
1918.272
2000.542
1963.779
1992.519
2000.099
2040.163
2051.163
2056.292
2072.33
2074.074
2083.609
2076.946
2067.099
2094.33
2096.946
2122.522
2150.503
2152.349
2125.119
2080.112
2125.119
2134.965
2106.984
2105.138
2079.561
2076.946
2073.804
2028.798
2031.939
2076.946
2073.196
2048.696
2089.619
2100.619
2059.696
2048.696
2073.196
2080.176
2120.24
2145.817
2138.837
2098.772
2073.196
2070.054
2025.048
2070.054
2073.196
2085.849
2076.314
2013.699
2004.545
2014.08
1999.465
2004.849
1990.892
1999.707
1994.522
1982.336
1996.41
2003.133
1996.41
2021.04
1996.41
2004.559
1996.41
1989.111
1950.531
1939.836
1933.938
1909.309
1902.586
1941.167
1951.861
1959.16
1965.059
1989.688
1996.41
2056.343
2059.972
2000.04
2008.929
2000.04
1996.41
1991.472
2000.361
1937.42
1942.182
1933.61
1925.11
1966.902
1963.985
1922.193
1925.11
1933.307
1940.271
1931.771
1912.961
1905.923
1899.628
1897.199
1894.667
1897.095
1888.899
1895.938
1904.438
1923.247
1916.283
1918.815
1956.583
1953.667
1956.583
1998.375
1956.583
1964.78
1966.601
1969.03
1971.708
1985.28
1983.458
1975.262
1972.583
1970.155
1956.583
1933.833
1923.619
1885.619
1927.411
1930.327
1927.411
1885.619
1927.411
1924.494
1882.702
1885.619
1877.762
1854.012
1847.53
1780.03
1798.315
1803.137
1791.619
1859.119
1840.833
1836.012
1832.53
1765.03
1762.821
1759.339
1755.839
1746.589
1737.375
1734.875
1699.815
1696.899
1655.107
1617.905
1655.107
1661.589
1685.339
1678.857
1655.107
1647.679
1646.357
1642.414
1645.539
1673.143
1685.476
1686.798
1649.798
1641.339
1638.214
1645.643
1654.101
1613.137
1611.923
1602.339
1600.518
1574.327
1571.542
1562.256
1531.327
1539.827
1549.411
1551.232
1523.029
1525.718
1534.684
1590.483
1593.862
1602.138
1546.339
1542.96
1534.684
1527.29
1535.204
1571.894
1579.287
1656.684
1579.287
1571.374
1534.684
1543.233
1548.06
1604.198
1615.543
1623.75
1610.647
1599.302
1594.474
1585.925
1529.787
1542.891
1589.494
1591.923
1592.057
1593.771
1595.092
1650.592
1612.842
1582.514
1595.756
1521.997
1542.564
1574.425
1542.564
1545.831
1548.764
1551.264
1543.614
1541.114
1553.781
1551.514
1538.847
1540.547
1548.197
1554.697
1556.964
1555.264
1545.731
1529.864
1526.597
1520.097
1517.164
1533.031
1542.564
1563.964
1541.797
1517.547
1515.947
1507.414
1468.408
1492.658
1494.258
1491.992
1495.686
1497.953
1503.525
1512.058
1488.458
1481.958
1475.389
1440.139
1442.406
1450.056
1467.611
1474.181
1509.431
1468.417
1474.707
1472.513
1464.836
1467.124
1450.134
1442.731
1440.444
1441.992
1404.367
1416.367
1414.242
1414.125
1412.625
1392.04
1369.818
1358.182
1350.97
1398.061
1399.182
1398.061
1400.121
1400.235
1392.386
1360.821
1339.366
1333.394
1339.366
1362.01
1369.523
1370.896
1374.937
1383.604
1415.649
1406.982
1402.942
1397.601
1394.366
1386.854
1385.48
1417.045
1438.5
1404.043
1392.407
1385.194
1387.255
1387.369
1388.49
1400.126
1353.035
1360.247
1379.702
1381.157
1380.035
1357.813
1400.128
1398.003
1396.503
1375.721
1343.169
1337.497
1358.279
1390.831
1396.503
1390.344
1385.367
1364.586
1358.914
1391.466
1400.49
1391.466
1358.914
1364.586
1385.367
1390.344
1396.503
1395.346
1402.784
1414.784
1412.659
1411.159
1434.076
1435.232
1436.732
1436.849
1438.974
1431.536
1419.536
1419.419
1370.857
1419.419
1396.503
1403.94
1396.503
1395.003
1393.846
1345.284
1322.367
1310.367
1310.25
1312.375
1312.492
1310.367
1311.523
1323.523
1346.44
1395.003
1396.503
1389.003
1338.435
1335.372
1334.216
1285.654
1285.536
1285.654
1287.154
1289.279
1277.279
1269.841
1270.997
1248.081
1246.581
1244.456
1251.893
1263.893
1286.81
1335.372
1343.12
1393.995
1401.432
1389.557
1393.932
1404.214
1416.089
1405.807
1398.37
1347.495
1343.12
1335.372
1327.935
1350.852
1399.414
1397.289
1395.789
1394.633
1346.07
1323.154
1324.31
1325.81
1325.927
1328.052
1316.052
1328.052
1327.935
1335.372
1347.247
1349.372
1351.716
1358.888
1360.482
1348.607
1346.482
1344.138
1336.966
1335.372
1327.872
1332.039
1339.477
1346.977
1342.81
1335.372
1336.872
1334.747
1334.63
1333.13
1340.568
1339.411
1340.568
1333.13
1284.568
1272.568
1284.568
1306.617
1355.18
1355.297
1332.38
1334.505
1327.104
1320.604
1309.813
1308.656
1325.938
1323.116
1329.825
1354.758
1362.398
1395.817
1397.011
1399.833
1379.285
1374.016
1394.565
1399.833
1378.382
1344.78
1366.231
1360.376
1366.231
1399.833
1395.062
1407.449
1412.029
1413.185
1414.685
1412.56
1412.443
1400.443
1407.88
1384.964
1383.464
1383.174
1334.612
1327.174
1329.299
1329.417
1362.667
1369.839
1376.539
1371.789
1364.617
1434.758
1423.068
1416.367
1399.909
1432.956
1426.797
1393.75
1386.578
1384.362
1421.341
1427.632
1425.438
1419.148
1421.341
1427.699
1444.688
1452.091
1454.379
1433.629
1433.75
1434.944
1442.094
1500.094
1501.642
1508.559
1513.696
1515.984
1520.285
1528.659
1531.675
1544.632
1536.954
1524.567
1500.911
1450.782
1450.661
1449.113
1447.919
1445.726
1414.892
1345.892
1369.36
1392.199
1394.392
1415.844
1407.586
1405.392
1401.817
1378.349
1376.801
1353.962
1348.57
1350.118
1387.866
1396.124
1404.215
1427.871
1404.215
1437.817
1453.172
1454.72
1455.495
1462.591
1428.989
1421.892
1420.344
1419.57
1411.478
1396.124
1400.425
1405.562
1412.478
1443.312
1419.331
1415.03
1412.742
1407.605
1400.688
1369.855
1361.481
1364.497
1361.481
1363.769
1385.22
1480.785
1457.862
1468.412
1483.927
1488.018
1447.12
1502.708
1487.65
1483.679
1480.811
1460.586
1467.443
1413.443
1416.443
1419.229
1421.562
1426.112
1418.695
1391.386
1385.26
1380.71
1378.683
1381.355
1378.683
1374.874
1382.29
1409.6
1415.726
1419.536
1421.562
1400.212
1393.129
1391.833
1386.202
1391.833
1413.183
1420.267
1421.562
1411.449
1415.153
1423.097
1415.153
1411.449
1440.384
1460.051
1431.116
1426.22
1406.553
1438.095
1444.252
1445.28
1445.384
1444.051
1394.106
1394.002
1392.975
1386.817
1388.15
1381.264
1390.403
1394.292
1401.178
1446.4
1453.012
1442.456
1433.317
1429.428
1384.206
1377.595
1388.15
1394.762
1402.215
1403.632
1424.002
1426.169
1424.752
1417.299
1410.688
1378.826
1358.456
1365.678
1363.512
1356.289
1350.633
1356.836
1358.214
1347.944
1346.106
1344.727
1342.7
1336.498
1346.768
1348.606
1350.633
1324.8
1317.784
1311.989
1307.685
1305.768
1310.072
1307.545
1310.072
1311.989
1317.784
1343.617
1350.633
1347.029
1350.633
1345.727
1363.7
1391.854
1396.759
1368.606
1350.633
1378.786
1373.881
1370.885
1365.559
1373.363
1378.689
1370.885
1375.189
1370.885
1388.858
1393.764
1365.61
1372.626
1366.831
1362.527
1360.61
1357.007
1354.48
1328.646
1332.95
1334.867
1337.394
1340.998
1347.399
1343.007
1336.606
1329.59
1333.982
1339.777
1365.61
1383.268
1387.572
1438.653
1443.923
1445.84
1442.236
1449.252
1475.086
1480.881
1485.185
1480.881
1475.086
1449.252
1442.236
1439.709
1437.793
1440.32
1443.923
1437.437
1417.241
1337.173
1334.336
1285.525
1303.498
1306.133
1308.34
1305.356
1308.194
1329.083
1349.279
1429.347
1414.104
1396.131
1393.495
1391.288
1397.775
1399.613
1404.939
1419.173
1421.09
1427.293
1455.874
1461.144
1467.577
1465.66
1459.457
1445.223
1439.896
1435.133
1433.295
1428.025
1461.081
1440.711
1436.197
1432.072
1422.752
1414.808
1411.058
1412.086
1412.19
1462.134
1460.801
1451.167
1444.833
1446.205
1445.148
1451.481
1451.374
1458.79
1464.917
1492.226
1496.776
1498.802
1501.474
1505.283
1501.474
1498.802
1514.772
1555.848
1549.351
1541.485
1539.336
1534.891
1527.013
1522.505
1507.657
1500.702
1497.732
1491.545
1496.053
1491.129
1486.568
1491.492
1548.765
1554.952
1557.922
1564.876
1540.189
1548.068
1490.795
1558.811
1591.053
1598.008
1604.505
1572.263
1565.765
1497.75
1490.795
1489.674
1521.068
1522.189
1545.611
1548.263
1564.271
1557.771
1550.37
1526.216
1523.482
1521.266
1527.766
1535.167
1527.055
1520.354
1515.378
1513.161
1510.24
1480.37
1476.203
1455.422
1449.75
1470.531
1503.083
1508.755
1476.203
1478.547
1490.422
1483.25
1481.656
1476.938
1479.063
1428.188
1426.063
1418.625
1420.219
1410.073
1420.354
1424.729
1432.477
1483.352
1490.789
1526.621
1516.008
1511.492
1503.495
1501.075
1488.817
1511.656
1488.188
1496.446
1498.64
1520.091
1543.559
1542.011
1538.435
1576.183
1573.989
1565.731
1560.022
1561.57
1556.177
1558.452
1634.21
1636.403
1638.419
1638.298
1637.105
1629.954
1571.954
1570.406
1628.406
1629.954
1637.105
1638.298
1638.419
1630.742
1623
1627.301
1613.608
1621.349
1617.048
1613.613
1621.355
1573.24
1576.521
1600.674
1603.323
1644.51
1699.237
1679.086
1676.611
1669.338
1666.384
1642.962
1639.727
1621.773
1613.955
1610.773
1630.924
1639.591
1630.924
1599.359
1595.318
1601.29
1569.245
1590.699
1589.326
1620.891
1614.919
1593.465
1585.952
1589.992
1622.038
1623.412
1630.924
1653.568
1630.924
1624.952
1592.907
1590.846
1584.937
1577.982
1575.833
1568.621
1552.662
1559.379
1552.662
1553.783
1553.669
1552.548
1552.662
1498.177
1496.722
1498.177
1552.662
1562.258
1563.379
1570.98
1596.449
1564.884
1559.384
1539.232
1559.384
1564.21
1555.46
1561.432
1570.182
1601.747
1596.247
1576.096
1581.596
1550.03
1545.205
1539.232
1537.338
1535.202
1537.096
1539.157
1610.323
1612.46
1541.293
1539.232
1523.717
1519.626
1516.672
1459.399
1481.621
1528.712
1529.833
1531.288
1531.402
1533.462
1545.098
1552.311
1550.25
1538.735
1537.189
1534.917
1527.962
1535.174
1523.538
1501.316
1454.225
1453.104
1464.74
1511.831
1512.952
1511.497
1511.384
1513.444
1514.899
1515.013
1490.326
1483.114
1481.053
1473.841
1485.356
1495.326
1502.838
1552.172
1541.606
1545.848
1534.333
1524.364
1520.121
1512.609
1463.275
1466.23
1473.503
1476.684
1500.106
1522.75
1593.114
1599.375
1601.777
1582.218
1559.095
1556.762
1549.905
1546.905
1543.75
1459.107
1451.736
1454.407
1498.807
1496.021
1474.671
1493.671
1500.471
1544.871
1545.929
1547.3
1547.407
1549.35
1542.55
1531.579
1552.531
1508.131
1507.074
1505.702
1501.512
1499.569
1499.462
1510.433
1446.305
1439.748
1409.348
1439.748
1446.305
1452.431
1516.56
1510.433
1510.326
1509.269
1502.936
1451.564
1450.193
1443.393
1410.621
1418.05
1410.383
1408.926
1387.974
1385.745
1378.317
1411.088
1417.888
1425.555
1427.012
1431.202
1433.431
1432.374
1431.002
1386.602
1388.545
1395.345
1406.317
1427.269
1471.669
1469.726
1448.774
1437.802
1431.002
1430.895
1431.002
1432.374
1433.431
1430.76
1475.16
1477.831
1498.564
1521.297
1475.591
1506.061
1502.814
1508.931
1515.897
1538.63
1541.203
1540.115
1509.645
1503.527
1496.561
1493.988
1495.076
1500.811
1503.694
1517.694
1526.105
1525.458
1519.723
1516.841
1508.429
1494.429
1497.017
1516.576
1517.988
1497.164
1462.748
1455.218
1453.218
1433.659
1412.262
1410.85
1418.38
1439.777
1441.777
1476.194
1497.017
1495.605
1494.517
1470.556
1448.988
1437.694
1430.694
1432.694
1432.583
1430.583
1384.877
1391.877
1391.988
1393.4
1394.488
1385.181
1396.475
1340.887
1336.203
1316.988
1315.15
1313.076
1318.811
1374.4
1379.083
1398.299
1434.763
1363.596
1361.535
1364.369
1340.947
1364.369
1411.46
1408.626
1361.535
1361.422
1373.058
1395.28
1442.371
1443.492
1444.947
1445.061
1447.121
1439.909
1447.121
1435.485
1413.263
1366.172
1365.051
1363.596
1361.535
1358.702
1361.535
1408.626
1432.048
1384.957
1361.535
1360.414
1360.528
1362.588
1355.376
1343.74
1321.518
1322.639
1369.73
1351.012
1305.306
1306.718
1305.306
1305.196
1303.196
1310.196
1321.49
1344.223
1389.929
1392.679
1346.973
1344.223
1321.49
1286.067
1288.852
1340.452
1321.452
1318.667
1316.333
1309.476
1306.476
1288.476
1266.393
1181.75
1208.919
1250.522
1236.143
1239.298
1242.298
1249.155
1246.105
1245.998
1244.626
1242.683
1249.483
1260.455
1253.055
1232.102
1221.131
1214.331
1216.274
1202.859
1246.025
1247.359
1247.463
1248.491
1247.463
1276.305
1266.905
1259.821
1255.821
1209.307
1198.45
1177.498
1177.39
1175.448
1174.39
1129.99
1119.019
1112.219
1119.019
1129.99
1118.972
1120.861
1120.965
1122.299
1123.326
1166.493
1198.45
1177.1
1170.017
1175.648
1145.433
1137.262
1107.5
1087.271
1081.64
1102.99
1110.074
1111.369
1141.583
1145.393
1153.564
1183.326
1178.376
1174.567
1173.271
1195.355
1192.683
1148.283
1126.2
1128.871
1173.271
1162.3
1161.243
1159.871
1153.071
1132.119
1119.711
1119.6
1117.6
1094.868
1097.618
1051.912
1049.162
1094.868
1117.6
1132.659
1102.022
1093.529
1087.733
1083.049
1063.49
1058.152
1051.093
1050.093
1046.172
1043.422
997.716
974.983
978.38
984.686
986.525
1009.257
998.255
1064.27
1032.975
1026.225
1019.919
1026.225
1032.975
1064.27
1067.137
1069.539
1076.598
1079.686
1102.419
1104.912
1173.206
1191.286
1172.286
1169.5
1167.167
1159.795
1106.775
1117.669
1114.323
1134.475
1127.202
1124.02
1125.475
1124.02
1101.975
1081.823
1079.763
1058.308
1022.848
1015.091
1037.136
1072.596
1080.354
1082.414
1102.566
1124.02
1155.414
1161.717
1168.894
1192.316
1194.967
1193.846
1162.452
1156.149
1148.972
1150.093
1147.442
1124.02
1143.323
1148.273
1128.97
1124.02
1144.172
1149.672
1157.551
1161.591
1171.561
1174.581
1176.455
1179.424
1214.182
1226.045
1258.091
1277.889
1280.01
1283.356
1282.629
1281.174
1266.75
1235.184
1227.583
1220.917
1216.472
1218.947
1216.472
1213.29
1216.245
1213.29
1206.018
1254.306
1257.652
1240.516
1292.697
1315.341
1225.568
1222.333
1218.987
1239.139
1246.412
1226.26
1229.442
1222.23
1214.351
1211.987
1189.765
1188.22
1180.088
1145.331
1152.543
1160.674
1195.432
1217.654
1220.018
1227.896
1229.442
1223.533
1166.26
1161.434
1141.636
1137.596
1132.255
1130.881
1139.548
1140.922
1148.434
1171.078
1170.005
1147.361
1179.407
1170.74
1174.78
1196.235
1202.207
1170.641
1149.187
1143.215
1174.78
1206.826
1269.894
1276.561
1283.833
1286.854
1291.679
1288.71
1253.952
1242.088
1210.043
1190.245
1188.124
1184.778
1196.641
1194.768
1197.737
1232.495
1264.54
1284.338
1299.187
1309.881
1311.755
1296.907
1274.684
1282.563
1297.412
1301.919
1308.106
1325.379
1320.455
1263.182
1256.995
1254.025
1247.071
1304.343
1299.836
1291.957
1296.881
1303.836
1306.806
1308.654
1315.609
1322.106
1349.235
1317.941
1311.191
1304.885
1238.87
1250.047
1253.444
1275.422
1362.554
1364.368
1372.002
1424.885
1487.797
1510.529
1505.75
1498.784
1497.373
1475.975
1496.799
1531.216
1538.745
1540.745
1562.142
1581.701
1560.877
1555.961
1548.431
1546.431
1526.873
1528.284
1525.882
1506.324
1503.456
1496.397
1443.279
1440.032
1418.054
1371.253
1368.071
1360.205
1295.386
1271.965
1217.48
1215.611
1223.477
1200.833
1212.348
1215.848
1232.311
1283.199
1285.012
1197.88
1250.762
1254.01
1279.295
1268.438
1265.138
1267.481
1286.148
1279.796
1290.671
1322.532
1325.255
1323.537
1305.389
1302.667
1270.806
1259.931
1281.4
1283.118
1253.743
1251.799
1265.481
1271.607
1269.821
1266.521
1244.438
1238.312
1240.098
1243.398
1265.481
1309.881
1314.124
1297.71
1308.681
1301.106
1306.778
1313.153
1315.111
1377.458
1395.931
1403.153
1406.856
1404.088
1409.13
1411.898
1402.759
1399.056
1391.833
1386.792
1368.319
1377.458
1377.563
1384.174
1394.84
1415.211
1458.377
1459.405
1460.738
1462.627
1456.049
1461.826
1459.396
1456.329
1450.551
1421.773
1420.745
1423.176
1426.243
1432.822
1422.097
1423.097
1426.218
1439.813
1421.588
1499.548
1501.171
1508.002
1488.338
1485.298
1475.298
1492.316
1489.485
1472.393
1482.393
1485.298
1437.982
1396.779
1395.113
1388.097
1407.917
1449.917
1450.917
1452.214
1452.315
1454.153
1447.721
1427.901
1420.901
1419.901
1418.604
1418.502
1416.664
1406.286
1412.718
1423.097
1433.367
1447.82
1399.225
1396.241
1375.609
1378.817
1358.06
1354.852
1389.789
1379.234
1390.552
1397.568
1390.552
1388.885
1308.818
1310.484
1390.552
1374.298
1376.088
1374.298
1393.596
1383.491
1384.465
1383.202
1363.904
1323.009
1322.91
1329.173
1370.068
1369.094
1362.831
1364.094
1364.193
1374.298
1361.404
1362.377
1382.717
1392.822
1372.482
1374.11
1376.689
1386.991
1386.018
1413.846
1433.145
1439.408
1456.601
1486.785
1485.522
1468.329
1481.224
1453.395
1443.092
1451.095
1449.257
1450.554
1447.905
1446.234
1446.336
1448.173
1441.741
1431.363
1411.543
1369.543
1369.441
1411.441
1409.775
1411.441
1491.509
1499.575
1480.942
1462.6
1465.488
1518.963
1525.452
1534.952
1525.452
1522.565
1503.883
1450.408
1467.78
1421.677
1415.021
1374.298
1393.596
1434.491
1433.228
1433.129
1443.235
1449.498
1450.761
1450.86
1452.649
1446.386
1436.281
1416.982
1376.088
1375.114
1376.088
1374.298
1452.259
1448.068
1442.279
1437.64
1435.018
1437.64
1443.956
1449.746
1477.575
1399.614
1403.805
1397.489
1377.149
1329.833
1323.002
1370.318
1390.658
1389.035
1311.075
1291.41
1346.969
1325.563
1322.441
1329.457
1331.124
1374.055
1393.719
1396.759
1406.759
1396.759
1406.864
1434.127
1493.193
1495.048
1501.088
1499.232
1496.917
1486.811
1459.548
1438.333
1432.131
1390.131
1432.131
1434.509
1440.027
1444.041
1438.523
1434.509
1440.941
1442.239
1442.137
1440.84
1439.84
1397.84
1408.218
1390.458
1371.16
1412.055
1401.95
1402.923
1401.134
1401.232
1403.022
1396.759
1397.952
1370.539
1363.013
1343.349
1342.417
1341.224
1369.053
1363.866
1345.235
1351.759
1348.25
1351.759
1359.285
1378.95
1374.311
1379.498
1398.129
1425.542
1378.226
1388.226
1391.265
1410.93
1450.714
1452.295
1432.476
1439.132
1458.951
1404.105
1394.361
1391.4
1372.239
1296.278
1294.697
1288.041
1300.79
1354.265
1352.565
1342.965
1341.765
1340.84
1301.99
1316.571
1310.468
1312.212
1346.645
1346.743
1347.717
1388.612
1407.91
1418.015
1424.279
1425.542
1446.541
1452.038
1424.756
1367.205
1361.707
1367.592
1361.707
1388.989
1372.237
1359.673
1339.855
1352.419
1372.237
1380.52
1390.822
1389.195
1419.379
1421.958
1423.586
1440.779
1430.476
1458.305
1455.726
1425.542
1444.84
1485.735
1486.708
1487.971
1488.07
1489.86
1483.596
1493.702
1493.603
1452.708
1451.735
1432.436
1430.647
1436.91
1426.805
1425.542
1415.542
1412.502
1334.542
1278.252
1291.91
1284.894
1283.227
1263.032
1248.171
1246.282
1243.56
1246.005
1251.421
1254.144
1248.727
1246.282
1254.227
1267.449
1259.505
1277.977
1298.185
1299.519
1279.852
1259.644
1252.532
1250.644
1232.171
1230.838
1198.333
1200.222
1232.727
1239.838
1259.505
1256.736
1260.44
1267.662
1272.704
1291.176
1293.944
1303.083
1299.38
1292.157
1287.116
1268.644
1259.505
1257.616
1257.512
1246.845
1245.817
1202.65
1182.28
1175.669
1177.558
1177.662
1178.69
1221.856
1223.19
1233.856
1240.468
1239.134
1259.505
1239.134
1238.19
1206.329
1198.875
1191.653
1189.486
1188.069
1202.292
1188.069
1186.736
1180.125
1169.458
1149.088
1105.921
1104.894
1104.789
1102.9
1098.775
1104.447
1147.613
1151.738
1154.183
1182.961
1245.308
1251.683
1253.641
1210.475
1221.141
1218.697
1208.03
1179.252
1173.581
1171.623
1165.248
1102.9
1132.456
1140.4
1158.095
1176.567
1179.336
1180.595
1186.752
1185.035
1182.313
1168.701
1147.231
1117.856
1106.981
1075.12
1056.972
1063.551
1062.523
1064.954
1086.424
1092.201
1089.134
1090.162
1087.731
1081.153
1075.375
1076.5
1106.1
1099.974
1102.645
1109.502
1173.631
1176.145
1182.271
1184.057
1161.974
1165.274
1163.488
1185.571
1182.271
1163.471
1171.643
1153.443
1145.271
1114.871
1091.831
1088.983
1087.688
1068.688
1062.355
1081.355
1082.65
1085.498
1091.831
1089.317
1086.469
1079.612
994.969
988.683
986.659
981.975
984.907
991.966
1059.613
1066.083
1097.186
1101.87
1099.12
1101.87
1035.855
1028.797
1031.385
1097.4
1104.458
1102.385
1095.635
1084.632
1054.162
1042.868
1040.279
1034.275
1036.348
1028.73
1033.098
1039.103
1041.691
1052.985
1083.456
1149.471
1156.221
1151.853
1197.559
1191.252
1184.502
1153.208
1087.194
1083.272
1074.86
1069.064
1047.086
1039.794
1038.461
1007.358
1013.154
1033.978
1064.615
1043.792
1045.125
1014.488
1036.466
1040.387
1071.49
1079.902
1087.194
1090.125
1109.684
1115.022
1122.669
1126.591
1129.341
1063.326
1073.002
1070.252
1072.841
1138.855
1145.914
1143.326
1136.267
1132.346
1127.007
1107.449
1104.517
1094.841
1087.194
1105.929
1114.341
1145.635
1126.9
1118.488
1087.194
1090.125
1091.458
1111.017
1117.537
1114.605
1113.272
1106.752
1087.194
1085.782
1083.782
1064.223
1042.826
1035.297
1000.88
980.056
981.468
1002.865
1022.424
1024.424
1058.841
1066.37
1087.194
1089.944
1155.958
1153.37
1087.355
1094.414
1091.664
1094.252
1087.194
1091.115
1093.865
1095.951
1103.586
1131.699
1138.005
1142.689
1123.953
1115.542
1084.248
1064.689
1063.355
1060.424
1066.944
1086.502
1087.836
1090.767
1084.248
1053.777
1051.703
1044.953
978.939
967.645
921.939
915.934
961.64
967.645
970.233
967.645
998.115
1009.409
1005.042
1007.115
1013.865
1079.88
1084.248
1092.74
1096.711
1099.578
1102.975
1121.711
1144.444
1147.194
1154.252
1200.782
1198.032
1190.973
1124.958
1122.37
1124.958
1117.324
1089.211
1093.132
1095.882
1097.968
1102.652
1130.765
1137.071
1133.15
1130.4
1128.314
1123.63
1117.324
1124.958
1122.385
1152.855
1149.608
1155.725
1156.814
1163.779
1186.512
1189.086
1187.998
1157.527
1151.409
1144.444
1139.64
1120.904
1123.772
1119.801
1111.309
1130.044
1133.441
1130.574
1107.841
1104.444
1085.708
1094.201
1098.172
1120.904
1113.27
1085.157
1078.85
1074.167
1072.081
1069.331
1065.409
1093.522
1101.157
1105.841
1107.926
1110.676
1114.598
1120.904
1124.301
1147.034
1149.902
1153.873
1162.365
1158.395
1155.527
1132.794
1113.235
1131.971
1130.637
1127.706
1134.225
1153.784
1155.118
1158.049
1154.652
1135.917
1129.397
1120.904
1123.493
1189.507
1186.757
1154.705
1152.038
1154.871
1147.598
1154.871
1150.045
1143.379
1053.606
1046.333
1043.313
1011.268
1003.402
974.437
967.939
963.114
960.965
956.924
964.79
993.755
990.922
995.747
997.896
1000.73
1004.77
1008.27
1010.164
1003.667
1000.321
996.821
994.927
1001.424
1024.846
1031.343
1012.04
1016.131
1019.086
1042.508
1038.417
1035.462
1012.04
1008.54
999.79
1019.093
1022.593
1031.343
1039.222
1043.263
1037.763
1040.783
1050.753
1046.712
1038.833
1028.864
1025.843
1005.692
1025.843
1031.343
1036.268
1093.54
1099.727
1102.697
1109.652
1114.159
1106.28
1121.129
1116.621
1101.773
1109.652
1102.697
1079.101
1074.177
1016.904
1015.667
1012.697
990.475
993.308
997.348
993.308
998.134
1000.283
992.417
963.452
958.626
956.477
949.98
947.146
955.013
983.977
990.475
1025.232
1033.111
1064.677
1093.641
1115.687
1123.553
1123.667
1143.465
1147.556
1166.859
1158.109
1161.609
1157.518
1160.472
1164.563
1173.313
1196.735
1193.78
1170.359
1151.056
1147.556
1144.722
1142.056
1074.04
1100.104
1102.854
1172.995
1180.495
1183.417
1186.167
1192.547
1197.188
1194.438
1243
1235.828
1247.828
1280.203
1275.563
1282.734
1284.938
1236.375
1234.172
1227.792
1215.792
1227.482
1195.107
1124.966
1131.893
1124.966
1104.185
1102.768
1104.185
1107.299
1104.185
1124.966
1122.044
1117.878
1125.99
1155.859
1162.56
1167.536
1162.56
1165.482
1163.266
1156.565
1126.695
1118.583
1122.75
1124.966
1117.219
1115.802
1109.643
1076.596
1072.43
1063.492
1030.94
1007.589
985.464
981.854
990.878
970.971
960.893
985.047
988.656
1008.563
999.539
995.32
992.273
996.492
972.339
970.839
948.714
912.146
904.146
902.021
881.24
858.505
850.393
845.417
842.495
838.328
846.44
876.31
883.01
887.987
890.203
893.125
897.292
895.076
888.375
858.505
838.599
834.99
839.208
842.255
866.409
870.018
889.924
880.901
876.682
873.635
849.482
858.505
861.255
858.505
851.005
848.083
918.224
848.083
851.005
858.505
838.599
834.99
810.836
807.789
803.57
794.547
814.453
838.607
841.654
845.872
854.896
858.505
854.339
851.417
843.305
841.089
836.112
829.411
799.542
820.323
821.74
824.854
823.438
802.656
795.729
792.615
799.542
820.323
827.198
878.073
879.49
870.466
866.247
863.201
839.047
835.438
815.531
812.781
742.641
735.141
732.219
739.656
751.656
774.573
823.135
824.292
825.792
825.909
828.034
820.862
818.659
823.299
871.862
874.612
862.922
830.547
818.547
815.797
809.417
804.776
811.156
762.594
769.766
839.906
813.831
825.831
828.034
819.909
820.026
842.76
872.63
880.742
884.961
893.086
892.969
884.857
864.44
841.706
811.836
779.284
775.065
739.221
771.773
807.617
828.034
834.909
855.69
861.362
859.237
858.081
825.706
819.206
811.805
787.651
784.917
784.799
783.643
791.081
803.081
801.581
850.143
851.299
852.799
875.716
877.841
870.404
858.404
835.487
786.924
787.042
788.458
809.24
806.125
804.708
783.927
777
783.927
787.042
771.042
776.714
755.932
750.26
742.135
737.969
748.25
751.365
772.146
780.271
784.438
782.938
781.781
733.219
730.104
737.542
727.26
728.417
728.299
726.174
703.258
691.258
683.82
685.945
686.063
687.563
710.479
759.042
771.042
772.198
820.76
818.635
830.635
838.073
838.19
861.107
863.232
864.732
864.615
863.115
861.958
813.396
790.479
778.479
771.042
773.167
780.604
792.604
815.521
864.083
865.24
866.74
866.857
859.419
857.919
835.003
786.44
785.284
773.284
773.167
771.042
765.37
758.495
764.167
784.948
791.823
771.042
777.969
776.552
755.771
758.885
760.302
781.083
777.969
771.042
746.888
750.497
752.451
745.75
743.797
767.951
764.341
771.042
778.479
779.635
821.823
819.141
817.081
816.967
818.422
816.967
828.604
781.513
759.29
747.654
740.442
742.503
742.616
741.495
744.162
750.071
753.04
761.707
759.04
753.131
750.162
735.737
727.071
741.495
809.51
816.465
818.601
812.414
809.747
798.412
767.018
760.063
757.927
746.29
721.005
673.914
676.581
677.818
682.318
724.46
736.096
731.596
804.687
869.505
876.46
881.285
901.437
906.386
908.659
909.78
909.667
908.212
907.091
860
867.212
878.848
874.569
920.275
921.686
921.797
900.228
888.934
886.934
888.934
887.934
895.581
895.691
876.475
855.078
888.814
892.784
923.422
919.451
919.341
940.738
933.091
952.306
959.941
952.306
921.669
887.934
859.821
887.934
885.934
884.522
883.434
894.728
894.618
873.049
852.414
840.778
833.566
835.626
835.74
837.194
859.417
866.629
913.72
914.841
913.467
906.75
886.598
883.578
895.215
917.437
964.528
971.74
972.861
950.639
948.578
948.465
947.01
945.889
898.798
887.162
879.949
881.404
881.518
883.578
903.73
910.396
904.896
884.745
878.078
883.578
861.356
814.265
813.144
811.689
811.576
809.515
802.303
790.667
765.197
757.596
757.316
747.72
750.74
758.619
748.649
745.629
749.669
744.169
736.29
716.139
726.109
746.26
751.76
747.72
779.114
826.205
830.705
836.891
839.558
851.194
919.21
916.543
918.679
916.543
909.588
898.253
893.948
901.12
899.844
895.203
846.641
834.641
828.969
849.75
856.625
849.75
828.969
834.641
804.771
768.927
760.802
756.583
724.031
723.914
715.802
695.385
672.651
674.995
682.995
691.107
724.154
728.529
743.529
780.096
787.268
795.016
842.904
854.904
837.208
816.427
767.865
763.224
756.844
754.094
742.094
709.719
639.578
646.453
667.234
661.563
659.359
665.031
658.156
650.984
707.422
711.56
718.26
720.214
716.604
692.451
690.497
694.107
687.406
694.578
761.422
766.526
745.745
740.768
673.924
598.549
593.445
591.102
583.93
586.273
591.25
612.031
666.576
676.545
679.566
699.717
705.217
713.096
717.136
714.116
706.237
700.737
696.697
686.727
666.576
646.424
639.758
634.258
645.773
638.015
605.97
598.104
595.831
598.104
593.861
579.316
587.182
619.227
626.985
641.53
645.773
638.818
643.742
701.015
678.793
670.914
666.407
663.437
669.624
658.169
661.139
668.093
682.942
687.449
686.212
684.091
679.167
688.662
696.54
641.813
696.54
767.707
771.798
780.465
802.687
807.187
812.111
847.571
854.525
862.038
858.803
905.24
897.727
886.091
908.735
873.275
866.321
859.687
871.323
867.283
859.404
853.904
833.753
823.783
820.763
827.975
834.929
837.078
853.038
859.01
891.056
893.116
899.025
896.753
888.886
903.432
888.886
896.753
899.025
903.268
871.222
863.465
859.222
891.268
899.025
904.934
942.131
946.957
966.755
963.409
956.912
958.806
955.306
953.412
956.912
980.333
986.831
922.013
915.058
868.279
863.302
842.521
851.708
854.052
859.029
856.685
851.581
858.753
925.596
1000.971
1006.076
1026.857
970.419
971.836
978.711
971.836
1022.711
1043.492
1022.711
971.836
970.419
979.357
994.232
979.357
976.294
970.201
972.951
979.044
982.107
973.169
970.419
993.771
1001.518
1013.518
1061.406
1054.234
1017.667
1024.839
1017.091
969.203
957.203
933.852
970.419
968.076
963.701
966.044
970.419
955.419
947.419
955.531
922.484
955.531
963.531
955.419
970.419
972.635
979.807
987.245
1003.703
1001.487
995.328
1001.487
1034.534
1036.659
1042.753
1026.294
1018.857
1012.763
1005.591
1003.466
970.419
913.982
938.135
941.057
989.62
994.596
1015.378
1013.034
1007.93
941.086
865.711
858.539
865.711
868.055
873.159
948.534
1015.378
1010.401
989.62
986.01
979.31
955.156
953.203
970.891
972.844
974.969
977.172
1001.326
998.404
949.841
925.688
974.25
977.172
992.172
989.828
992.172
996.547
1004.659
1000.284
992.172
959.125
944.125
936.125
944.125
977.172
982.148
988.242
1047.305
1067.721
1061.628
1041.211
1036.234
1024.422
1025.922
1082.109
1089.036
1090.193
1090.31
1096.469
1112.927
1145.974
1148.19
1155.362
1147.924
1140.753
1124.294
1118.135
1085.089
1082.964
1076.87
1084.307
1082.091
1088.185
1090.31
1092.435
1092.552
1094.052
1095.208
1143.771
1166.688
1178.688
1186.125
1174.125
1150.773
1102.885
1095.138
1087.966
1051.398
1059.146
1071.146
1119.034
1126.206
1162.773
1145.078
1193.641
1145.078
1120.924
1123.846
1148
1145.078
1145.195
1096.633
1084.633
1077.195
1079.32
1079.203
1091.203
1098.641
1097.141
1145.703
1147.203
1148.359
1147.203
1145.078
1167.995
1145.078
1150.182
1158.568
1160.911
1162.786
1174.661
1176.755
1197.536
1148.974
1146.052
1107.393
1155.956
1131.802
1134.724
1132.599
1133.755
1135.255
1135.372
1137.497
1137.38
1160.297
1152.859
1151.703
1150.203
1127.286
1139.286
1146.724
1134.724
1086.161
1134.724
1165.401
1163.198
1089.807
1087.682
1085.729
1087.682
1089.807
1092.01
1165.401
1165.284
1163.784
1162.628
1114.065
1091.148
1079.148
1071.711
1071.828
1073.328
1075.453
1124.016
1131.453
1154.37
1166.37
1167.526
1165.401
1168.323
1165.401
1168.852
1217.414
1168.852
1144.698
1195.781
1196.938
1197.055
1195.555
1197.055
1203.982
1147.794
1140.867
1140.75
1139.594
1147.979
1149.854
1151.948
1154.292
1149.188
1137.313
1140.776
1132.391
1130.516
1128.422
1126.078
1131.182
1110.401
1122.276
1129.714
1131.839
1131.956
1133.456
1134.612
1183.174
1206.091
1218.091
1206.091
1183.174
1134.612
1133.456
1131.956
1131.839
1129.714
1122.276
1128.37
1195.214
1202.651
1207.729
1210.844
1237.109
1244.948
1295.516
1319.669
1271.107
1274.029
1270.578
1319.141
1316.219
1323.656
1335.656
1358.573
1407.135
1408.292
1409.792
1409.909
1412.034
1410.534
1398.534
1375.617
1327.055
1325.898
1325.781
1323.656
1316.219
1324.604
1326.479
1328.573
1330.917
1336.021
1324.146
1319.042
1315.578
1307.193
1305.318
1303.224
1300.88
1312.755
1333.536
1330.615
1282.052
1257.898
1260.82
1309.383
1333.536
1284.974
1282.849
1282.732
1281.232
1280.076
1257.159
1245.159
1237.721
1239.846
1239.964
1241.464
1242.62
1291.182
1314.099
1326.099
1333.536
1329.161
1314.161
1306.161
1298.049
1302.424
1300.081
1315.081
1323.081
1356.128
1364.24
1366.583
1333.536
1333.419
1334.919
1336.076
1343.003
1343.12
1341.62
1285.432
1278.505
1277.349
1333.536
1309.383
1260.82
1257.898
1265.336
1277.336
1325.898
1327.055
1309.063
1316.942
1321.449
1336.298
1343.253
1346.222
1352.409
1409.682
1414.606
1416.061
1416.174
1438.396
1433.472
1376.199
1374.962
1371.992
1364.78
1342.558
1340.437
1335.929
1328.051
1325.99
1325.876
1324.422
1323.301
1325.361
1318.407
1306.77
1284.548
1237.457
1205.412
1189.452
1183.48
1181.419
1179.27
1173.361
1166.149
1159.194
1161.255
1173.891
1179.864
1195.823
1202.778
1204.927
1185.434
1191.343
1186.394
1184.121
1182.091
1180.273
1172.141
1174.414
1162.899
1167.848
1135.471
1133.632
1131.632
1112.074
1119.966
1121.73
1132.907
1152.466
1150.392
1081.319
1083.319
1081.319
1081.208
1079.797
1078.708
1033.002
1042.083
1018.902
1030.538
1021.797
1067.502
1068.591
1057.297
1058.708
1058.819
1051.819
1058.569
1060.069
1062.275
1064.275
1075.451
1073.451
1072.039
1070.951
1025.245
1034.091
1022.455
1015.242
1015.129
994.977
990.152
979.348
977.318
972.369
970.096
990.247
978.066
986.197
984.379
986.409
979.455
977.182
979
974.051
965.919
977.434
965.919
970.869
973.141
952.99
964.626
972.139
1007.598
1000.086
1046.523
1043.288
1031.652
1054.295
1049.23
1042.275
1049.23
1042.596
1042.482
1041.361
1034.644
980.159
978.705
978.818
979.939
986.657
1014.437
1015.891
1024.023
1015.891
1027.407
1047.558
1036.043
1037.861
1039.891
1042.164
1022.013
1020.194
1018.164
1015.891
1010.942
1015.891
1027.755
1036.422
1037.028
1041.535
1053.172
1061.038
1064.22
1066.28
1131.098
1138.977
1140.846
1143.119
1147.361
1155.227
1187.273
1195.03
1180.485
1172.727
1164.861
1160.619
1158.346
1172.891
1167.551
1110.278
1090.48
1085.654
1079.745
1074.795
1072.523
1074.341
1082.472
1080.654
1072.523
1052.371
1040.856
1038.826
1041.098
1043.129
1054.644
1074.795
1079.745
1078.624
1071.907
1017.422
1015.967
1016.081
1017.202
1023.919
1078.404
1078.29
1079.745
1077.596
1061.636
1054.682
1049.341
1042.129
1048.038
1050.098
1082.144
1098.104
1105.058
1107.207
1114.419
1112.359
1118.331
1112.422
1106.449
1094.934
1093.389
1095.449
1088.495
1086.222
1084.162
1095.677
1084.162
1085.707
1092.662
1094.934
1089.985
1069.833
1089.985
1087.712
1085.682
1083.864
1075.732
1064.217
1069.167
1080.682
1088.813
1091.086
1093.116
1094.934
1097.768
1104.265
1153.598
1183.346
1153.598
1165.114
1153.598
1173.75
1181.881
1183.699
1185.73
1188.003
1192.952
1172.801
1167.851
1166.033
1164.003
1161.73
1153.598
1150.932
1153.902
1139.477
1142.144
1133.477
1147.902
1144.932
1139.023
1147.689
1153.598
1153.485
1152.364
1145.646
1091.162
1089.707
1088.333
1081.667
1061.515
1068.182
1069.556
1118.889
1121.263
1071.929
1064.417
1041.773
1030.136
983.699
976.745
988.381
1011.025
1057.462
1064.975
1071.929
1107.389
1071.929
1069.657
1058.141
1037.99
1029.859
1028.04
1023.091
1021.061
1018.788
1026.545
1022.303
1014.437
982.391
974.634
960.088
974.634
1006.679
1014.545
1018.788
1021.061
1035.606
1082.697
1087.053
1090.553
1092.371
1057.846
1064.801
1067.634
1089.088
1138.124
1157.922
1164.876
1196.442
1194.896
1201.851
1204.124
1206.184
1217.699
1215.639
1213.366
1201.851
1203.396
1196.442
1187.775
1199.639
1200.245
1208.912
1197.048
1196.442
1190.533
1188.384
1181.429
1165.47
1159.497
1127.452
1120.24
1118.179
1122.22
1134.083
1135.952
1137.073
1144.674
1159.523
1162.356
1194.598
1203.265
1222.568
1214.702
1211.52
1209.46
1144.641
1140.134
1132.255
1134.124
1141.99
1145.172
1147.232
1151.74
1159.619
1224.437
1236.073
1224.437
1222.568
1214.967
1213.846
1211.977
1200.114
1196.073
1193.24
1208.088
1215.689
1216.811
1218.679
1230.543
1234.583
1237.417
1222.568
1208.023
1201.068
1196.712
1193.212
1191.394
1188.919
1195.874
1148.783
1152.283
1156.639
1203.73
1218.275
1220.75
1222.568
1230.169
1231.29
1233.159
1232.038
1224.437
1209.588
1221.452
1228.391
1226.523
1214.659
1210.619
1207.785
1211.826
1214.659
1206.793
1174.747
1166.99
1152.444
1148.202
1145.929
1165.232
1173.899
1193.414
1174.111
1165.444
1133.202
1131.141
1128.869
1121.914
1133.429
1135.49
1137.763
1136.217
1137.763
1126.247
1133.202
1113.404
1134.859
1085.823
1064.369
1061.535
1068.49
1100.056
1119.854
1168.889
1171.722
1140.157
1133.202
1134.323
1141.924
1139.803
1138.682
1136.813
1132.859
1128.818
1125.985
1140.833
1133.232
1136.066
1140.106
1139.242
1141.111
1134.157
1087.72
1076.083
1053.439
1017.98
1010.467
1013.301
1017.341
1029.205
1031.073
1019.21
1015.169
1030.018
1027.184
1025.063
1017.462
1016.341
1014.472
1015.593
1023.194
1055.437
1046.77
1014.528
1033.831
1014.528
1023.194
1008.346
1000.745
999.624
997.755
985.891
981.851
979.018
993.866
1001.467
1002.588
1004.457
1016.321
1020.361
1023.194
1023.308
1025.369
1034.035
1045.899
1047.354
1048.475
1095.566
1117.788
1129.424
1136.636
1127.97
1127.364
1115.5
1116.106
1117.975
1119.096
1123.136
1108.288
1100.687
1099.566
1097.697
1085.833
1097.697
1094.864
1109.712
1117.313
1120.146
1116.106
1123.318
1123.205
1115.604
1118.27
1169.492
1176.765
1127.73
1124.71
1119.785
1054.967
1029.497
1022.285
1047.755
1055.356
1047.712
1050.732
1055.657
1078.444
1079.475
1085.384
1079.475
1077.414
1080.247
1081.702
1080.247
1079.126
1032.035
1009.813
998.177
990.965
993.025
993.139
994.26
1041.351
1063.573
1075.21
1028.119
1023.763
1021.288
1014.333
1012.515
1009.015
994.47
997.97
1000.444
1014.99
1019.346
1026.301
1073.391
1075.21
1052.987
1055.048
1055.162
1056.616
1057.737
1104.828
1116.465
1138.687
1108.939
1116.152
1069.061
1098.808
1097.687
1096.232
1096.119
1094.058
1082.422
1075.21
1060.361
1057.528
1053.487
1041.624
1039.755
1038.634
1031.033
998.79
979.487
970.821
972.366
970.306
968.76
980.275
982.336
984.609
977.654
984.609
982.336
970.821
968.76
968.646
967.192
966.071
943.848
932.212
925
927.061
927.174
928.629
929.75
976.841
999.063
1010.699
963.609
970.821
978.093
981.063
1030.098
1032.765
1025.492
1014.157
1011.49
1079.505
1086.778
1089.611
1109.763
1116.717
1113.884
1135.338
1128.384
1079.348
1057.894
1055.061
1062.015
1093.581
1113.379
1162.414
1142.616
1111.051
1113.884
1109.439
1116.394
1119.364
1125.551
1182.823
1187.747
1195.626
1200.134
1176.538
1119.265
1113.078
1110.109
1103.154
1088.306
1083.798
1078.874
1054.48
1046.601
999.51
1011.146
1018.359
1019.48
1020.934
1021.048
1023.109
1015.896
1004.26
982.038
1004.26
1003.139
1001.684
1001.571
999.51
1046.601
1049.076
1084.535
1084.649
1080.149
1008.982
1006.922
1006.808
1005.354
1004.232
957.141
934.919
923.283
916.071
907.404
903.313
910.525
905.601
915.46
962.551
963.672
965.126
967.187
978.823
956.601
954.126
918.667
921.141
956.601
963.874
966.54
963.874
895.859
888.586
885.753
953.768
956.601
976.399
979.419
986.692
1006.843
1036.591
1071.348
1073.222
1078.722
1083.646
1130.737
1083.646
1061.424
1049.788
1042.576
1044.636
1044.75
1066.972
1068.093
1069.548
1076.76
1074.699
1074.586
1073.131
1072.01
1083.646
1095.283
1097.343
1162.162
1150.525
1142.659
1139.477
1141.346
1149.212
1153.72
1151.659
1086.841
1090.023
1097.902
1133.361
1125.482
1123.614
1126.088
1121.581
1086.121
1083.646
1085.101
1085.215
1038.124
1026.487
1027.609
992.149
994.624
1030.083
1031.114
1042.75
1020.528
1036.218
1034.806
1032.404
1032.294
1030.294
1023.294
1025.294
1024.206
1045.775
1051.51
1056.194
1075.409
1130.998
1127.6
1123.373
1115.755
1113.99
1099.873
1093.123
1090.721
1093.471
1090.882
1097.941
1163.956
1166.544
1163.794
1156.735
1090.721
1088.319
1053.902
1056.304
1090.721
1089.721
1091.721
1091.61
1102.904
1124.473
1170.179
1171.267
1172.679
1170.679
1170.789
1169.377
1168.289
1122.583
1111.289
1118.289
1096.721
1098.926
1096.721
1089.971
1087.971
1099.147
1087.971
1089.471
1096.221
1094.721
1096.721
1094.319
1092.02
1127.48
1099.561
1087.924
1087.318
1075.455
1084.121
1084.727
1096.591
1087.924
1080.712
1058.49
1057.369
1010.278
1010.164
1008.104
1057.139
1060.109
1067.381
1018.346
1015.376
1008.104
1006.649
979.444
977.042
1011.458
1006.542
1003.953
937.939
940.689
933.63
930.88
933.468
987.13
994.189
973.365
966.615
935.978
916.762
869.169
866.419
897.056
916.272
963.865
984.689
987.439
994.189
987.439
994.189
1013.748
994.189
965.316
999.733
965.998
931.581
933.983
959.811
957.937
953.013
945.74
925.942
927.816
947.967
950.987
970.785
936.028
937.37
971.105
976.444
981.223
961.664
958.733
953.395
987.811
990.213
955.797
953.395
956.145
1022.159
1029.218
1026.468
1019.409
953.395
950.806
953.395
955.797
990.213
955.797
953.395
958.078
960.164
962.914
966.836
994.949
1002.583
1008.89
1006.488
972.071
979.706
977.706
980.456
986.762
991.446
987.525
991.446
1019.559
1016.809
988.696
984.012
981.13
975.395
972.806
981.218
979.132
982.015
996.015
998.603
990.968
982.556
976.25
981.985
984.071
981.483
915.468
904.292
902.086
895.336
893.336
896.086
898.674
895.924
894.424
960.439
953.38
960.439
967.498
960.699
957.816
950.757
953.64
1001.233
994.174
997.105
1016.321
1018.14
1025.199
1054.071
1087.806
1085.988
1090.767
1071.208
1068.277
1087.836
1058.963
1056.295
1036.497
1030.997
1026.073
1031.573
1036.399
1034.25
1029.424
1022.927
993.962
996.111
1000.152
992.285
989.452
985.412
993.278
1022.242
1028.74
1031.573
1034.24
1037.073
1044.346
1112.361
1109.528
1102.255
1034.24
1031.573
1053.028
1102.063
1121.861
1125.902
1157.467
1164.422
1167.255
1169.404
1174.23
1203.194
1211.061
1189.606
1186.773
1189.606
1185.566
1192.063
1143.028
1123.23
1091.664
1084.71
1081.876
1079.727
1071.861
1067.035
1060.538
1031.573
1061.321
1031.573
1038.528
1058.679
1051.725
1031.573
1019.24
1012.573
1011.199
1007.841
999.174
999.78
987.917
999.78
999.174
1007.841
1005.972
1008.806
1010.955
1015.78
1022.278
1051.242
1059.109
1055.068
1052.235
1050.086
1045.26
1038.763
1009.798
1001.932
990.295
982.429
979.247
977.187
912.369
907.861
911.902
904.023
901.189
898.523
830.508
823.235
821.086
823.919
826.068
830.894
837.391
866.356
874.222
870.182
874.222
869.396
862.899
833.934
826.068
823.235
830.412
838.98
839.318
834.394
839.894
805.136
799.636
829.384
864.141
869.066
870.939
890.737
893.758
901.03
880.879
877.859
858.061
856.187
848.914
819.167
839.318
845.227
825.429
820.604
763.331
757.422
777.22
834.492
839.318
843.359
814.394
817.227
812.402
810.253
802.386
799.553
795.513
789.015
817.98
824.477
829.303
831.452
839.318
846.591
797.556
794.586
787.313
790.283
839.318
810.354
808.205
803.379
796.881
789.015
786.182
782.141
733.106
730.273
698.707
691.753
694.586
701.54
733.106
752.904
801.939
780.485
760.687
782.141
782.255
783.71
784.831
831.922
854.144
865.78
872.992
875.053
854.902
847.947
854.902
875.053
827.962
825.902
825.788
824.333
823.212
800.99
812.626
805.414
807.475
807.588
809.043
810.164
857.255
864.467
886.689
875.053
882.326
884.199
903.997
907.018
902.093
922.245
927.745
892.987
887.487
867.336
897.083
867.336
860.063
857.043
837.245
842.169
876.927
875.053
886.689
879.477
867.841
890.063
937.154
938.275
939.73
939.843
938.389
940.449
940.336
918.114
916.992
869.902
867.841
875.053
867.841
867.727
866.273
867.727
856.091
833.869
835.929
788.838
786.778
793.99
805.626
827.848
874.939
876.061
876.174
875.053
872.083
823.048
815.775
818.745
810.078
809.472
797.609
806.275
806.881
814.154
826.018
875.053
877.705
899.927
902.76
908.732
920.596
952.641
953.879
951.818
904.727
904.614
911.826
900.189
965.008
969.932
972.952
1021.987
1029.588
1055.058
1049.149
1048.119
983.301
978.376
975.356
968.351
960.75
935.28
934.159
941.371
953.008
958.917
981.139
1028.23
1029.351
1030.806
1030.919
1032.98
1025.768
1003.545
1002.091
1010.659
973.447
980.624
980.285
971.717
964.54
972.672
973.793
980.97
1006.955
1039.197
1068.162
1075.374
1087.01
1103.051
1104.172
1105.626
1105.74
1107.801
1100.588
1088.952
1066.73
1058.881
1057.76
1056.306
1056.192
1054.131
1059.192
1070.828
1078.04
1100.263
1101.717
1102.838
1149.929
1149.816
1148.361
1147.24
1100.149
1098.088
1086.452
1085.422
1087.482
1087.596
1065.374
1087.596
1090.247
1122.293
1110.429
1104.457
1103.22
1080.997
1078.346
1046.301
1048.775
1045.942
1048.775
1054.747
1066.611
1046.813
1066.611
1098.177
1105.131
1083.677
1076.672
1083.677
1059.313
1059.785
1052.831
1049.997
1018.432
1038.23
1033.306
998.548
995.528
988.255
986.381
966.583
946.432
940.932
945.856
980.614
950.866
980.614
982.487
989.76
995.26
998.28
1018.432
996.21
988.331
993.255
1050.528
1055.957
1058.927
1065.881
1080.73
1085.237
1093.116
1090.995
1086.071
1074.616
1068.429
1065.46
1060.952
1053.997
1014.366
967.275
945.053
933.417
940.629
952.265
974.487
974.601
973.48
974.934
967.722
969.783
967.722
967.609
966.154
967.275
1014.366
1015.396
1013.942
1011.881
1011.768
1010.646
963.556
941.333
929.697
922.485
924.545
924.659
924.939
932.788
926.922
928.333
939.627
932.877
939.627
959.186
988.059
959.186
939.627
939.738
940.826
947.346
948.757
1001.64
1002.728
1030.841
1038.733
1010.62
1041.914
1107.929
1114.895
1048.88
1040.988
1039.9
1008.605
1001.64
999.64
999.529
998.118
997.846
976.277
968.659
967.659
956.365
953.792
922.689
919.806
912.748
865.154
853.64
865.154
870.951
873.701
880.76
883.642
931.235
909.667
907.265
904.515
851.904
846.108
842.886
873.1
875.6
864.8
859.229
840.562
836.012
831.369
798.598
770.55
763.693
760.845
779.845
782.693
779.526
781.293
776.107
757.44
755.674
760.317
793.088
821.136
839.802
844.988
851.845
882.06
851.845
849.345
852.757
850.355
847.605
859.12
847.605
853.402
847.605
850.355
852.757
874.326
876.9
865.385
873.797
874.385
865.973
865.385
876.9
876.789
929.672
936.191
937.279
937.39
935.978
883.096
876.576
875.488
876.9
905.012
936.306
973.683
980.45
981.507
951.107
923.798
922.74
930.407
919.719
912.952
905.286
907.957
928.186
974.419
993.086
986.529
993.086
992.64
972.412
965.807
947.14
917.379
947.14
945.226
938.46
930.381
900.167
897.667
895.333
889.702
878.517
908.731
911.231
890.279
892.612
913.564
899.571
896.9
899.571
905.202
898.345
895.545
849.312
856.169
858.969
905.202
898.645
879.645
881.017
829.645
881.017
887.35
888.407
882.074
882.181
881.124
881.017
879.645
871.979
870.921
864.155
823.556
792.262
820.375
828.267
859.561
925.576
897.463
898.551
905.517
900.738
920.297
925.635
928.566
947.782
949.6
978.473
985.532
980.194
960.635
957.703
938.488
936.669
929.61
900.738
867.002
871.782
905.517
927.086
938.6
944.397
947.147
948.348
950.922
939.407
934.223
931.65
936.833
934.431
928.635
907.066
904.316
901.728
895.993
893.11
879.11
870.699
884.699
887.581
890.169
898.581
904.316
904.206
851.324
844.804
843.392
843.502
850.022
877.107
878.479
877.421
878.479
857.526
852.49
851.324
848.652
843.021
831.836
862.05
864.55
885.502
887.836
890.507
896.138
893.638
904.824
884.595
881.924
852.162
833.495
826.938
780.705
808.014
777.614
713.486
706.719
737.119
801.248
808.014
809.071
808.014
780.705
788.371
780.705
777.905
769.733
769.162
757.976
804.21
811.067
764.833
767.633
760.776
779.443
746.671
742.029
740.262
721.595
718.748
699.748
694.562
666.514
671.157
664.3
669.486
688.486
691.333
693.1
699.957
728.005
739.644
710.269
721.144
726.618
729.215
749.586
752.016
781.391
775.917
773.319
771.051
750.681
748.25
750.519
739.644
746.255
752.921
756.625
756.729
806.674
812.831
813.859
812.525
762.581
756.424
776.979
776.871
778.243
806.29
801.132
823.865
869.571
872.321
864.429
863.341
870.306
839.012
772.998
766.032
737.919
745.811
746.9
812.914
844.208
872.321
918.027
920.777
898.044
852.338
849.588
872.321
841.218
835.422
823.907
855.01
857.583
879.152
881.554
884.304
890.1
887.527
943.115
948.85
968.066
979.581
976.831
974.429
952.86
957.544
980.277
957.544
983.765
981.015
935.309
938.059
936.971
936.86
930.341
877.458
876.047
870.708
851.15
848.218
829.002
827.184
820.125
815.346
805.295
775.548
768.275
765.306
716.27
723.543
726.513
775.548
786.473
793.223
821.336
844.069
846.363
865.922
911.627
914.377
868.672
865.922
888.654
885.407
951.422
982.716
1010.828
1022.343
991.24
999.132
971.02
976.816
910.801
903.836
898.039
899.127
887.613
918.716
910.824
913.397
934.966
931.368
934.118
933.029
930.279
898.985
896.583
894.01
900.975
879.407
876.657
830.951
833.701
879.407
856.674
859.922
888.034
892.718
900.353
903.103
907.025
913.331
915.417
912.667
866.961
863.713
866.463
912.169
930.402
935.086
929.289
926.539
924.137
921.564
890.461
878.946
857.377
851.071
853.821
855.907
851.223
857.529
885.642
893.277
889.355
861.243
853.608
851.522
848.772
852.694
846.958
784.047
779.267
776.336
769.537
762.159
737.439
730.439
753.172
798.877
776.145
778.895
776.145
730.439
702.326
671.032
605.017
598.051
596.963
589.071
582.765
587.449
593.755
621.868
629.502
625.581
622.831
620.745
623.495
627.417
629.502
601.39
593.755
589.071
566.338
520.632
517.882
515
507.941
460.348
454.042
450.12
457.755
485.868
490.551
492.637
498.944
502.865
495.23
492.48
490.395
485.711
488.461
460.348
453.598
432.029
424.382
420.007
405.596
399.591
388.473
393.252
448.841
445.958
448.841
455.591
461.596
465.971
473.618
495.186
490.407
504.819
500.135
502.885
495.25
467.137
460.831
458.745
462.667
458.745
466.38
468.466
473.15
479.456
507.569
504.819
506.657
507.245
513.765
520.765
548.877
582.613
586.988
558.875
552.569
547.885
545.799
543.049
571.162
578.797
585.103
589.025
591.775
593.86
598.544
594.623
586.988
583.066
582.066
575.007
578.929
585.929
592.988
589.066
591.816
595.738
597.824
604.13
632.243
604.13
596.495
593.745
591.659
586.975
591.659
599.294
592.988
595.074
566.201
559.895
531.782
529.032
525.11
517.475
512.792
510.706
491.49
486.806
431.218
425.483
444.699
449.382
504.971
510.706
541.343
544.225
548.147
570.125
577.184
605.297
582.395
585.277
604.836
588.669
594.787
596.199
641.904
635.556
619.312
616.64
610.514
564
571.417
576.06
578.86
602.874
616.474
613.96
622.131
616.56
622.131
624.645
621.845
608.245
600.074
602.874
575.564
573.336
551.252
518.481
545.79
564.79
567.019
589.102
595.66
628.431
626.245
607.245
637.645
655.845
664.017
668.567
671.414
678.271
684.557
769.2
799.414
801.357
801.464
802.836
803.893
848.293
869.245
880.217
887.017
878.845
848.445
830.245
860.645
868.817
887.017
907.969
918.94
918.833
917.462
916.405
914.462
893.51
937.91
938.967
940.338
940.445
947.245
902.845
904.788
897.988
887.017
880.217
884.026
890.826
897.683
893.874
887.017
893.817
904.788
905.845
950.245
951.617
951.724
953.667
946.867
935.895
914.943
870.543
869.486
869.379
867.436
888.388
887.017
893.817
895.76
916.712
961.112
962.169
963.54
963.648
974.619
963.648
942.695
898.295
897.238
890.438
888.495
888.388
887.017
878.845
897.045
905.217
935.617
905.217
887.017
887.124
888.495
899.467
892.667
881.695
860.743
861.8
913.171
957.571
978.524
980.467
980.36
979.302
977.931
986.979
985.036
1003.702
1007.002
1017.974
1023.807
1038.436
1044.562
1124.538
1131.338
1086.938
1081.367
1076.817
1058.15
1004.15
1005.521
1011.464
1055.864
1056.921
1059.721
1032.146
1011.775
1006.104
987.632
984.91
983.882
1010.079
1008.707
964.307
985.26
985.264
967.264
961.321
950.35
948.979
947.921
940.521
919.569
918.598
925.398
926.769
927.826
972.226
993.179
1004.15
1004.043
1004.15
1002.207
1004.15
1004.836
1028.85
1034.793
1012.898
1051.762
1051.866
1095.032
1093.144
1086.532
1085.505
1042.338
1021.968
1011.301
1012.329
1014.218
1012.884
1012.78
1014.113
1024.78
1031.391
1051.762
969.47
963.514
949.292
948.157
937.491
934.282
916.134
866.19
948.481
962.704
968.375
979.042
982.25
1000.398
991.602
1041.546
1047.502
1056.299
1026.743
1009.049
1001.104
1003.549
1062.965
1070.188
1093.535
1091.646
1098.257
1108.924
1124.294
1167.461
1168.794
1168.898
1169.926
1163.315
1152.648
1152.544
1132.174
1130.84
1129.813
1086.646
1088.535
1085.766
1079.1
1072.988
1043.613
1046.382
1053.049
1104.655
1133.236
1137.541
1057.473
1063.419
1059.115
1063.507
1086.223
1088.872
1084.48
1077.464
1054.748
1052.099
1059.115
1078.935
1120.935
1121.935
1123.232
1123.333
1125.171
1124.171
1104.351
1062.351
1072.73
1071.432
1071.331
1069.493
1063.061
1069.493
1059.115
1045.277
1048.399
1066.056
1114.651
1123.209
1043.142
1053.52
1047.725
1061.563
1067.081
1061.563
1051.185
1131.252
1128.131
1110.473
1101.914
1053.32
1059.115
1057.818
1015.818
1014.818
1008.385
1006.547
986.727
986.626
976.248
974.437
997.153
957.852
934.505
936.366
937.032
1004.032
998.255
997.588
1003.366
1006.574
1000.618
986.396
980.725
991.391
997.063
1047.007
1055.803
1073.951
1063.285
1045.137
995.192
1009.414
1000.618
1053.642
1059.437
1056.315
976.248
1002.081
1030.234
1023.748
1027.351
1047.547
1021.714
1016.083
1013.435
993.239
989.635
992.284
998.77
1012.014
1016.034
1023.061
1019.097
1012.07
1008.05
1006.158
999.955
997.306
991.788
981.572
987.775
990.423
994.815
990.423
995.941
1015.761
1066.842
1127.505
1129.883
1132.41
1130.599
1124.977
1124.329
1059.14
1036.423
1033.82
1039.441
1040.09
1103.77
1126.486
1132.973
1082.153
1088.109
1077.442
1086.238
1080.35
1098.498
1101.706
1112.373
1118.044
1112.373
1096.146
1176.214
1167.655
1119.061
1101.403
1098.282
1092.486
1078.649
1084.27
1085.27
1087.919
1068.099
1062.581
1044.608
1071.764
1069.042
1070.375
1069.347
1068.014
1024.847
1045.218
1050.889
1069.361
1042.27
1036.649
1078.649
1076.122
1069.635
1068.014
1070.541
1077.027
1137.689
1140.068
1137.689
1141.293
1080.631
1077.027
1070.595
1077.081
1083.514
1052.514
1034.541
1032.432
1011.543
985.709
979.507
982.628
1031.223
1017.385
1025.944
1043.601
1038.083
1032.288
1021.91
1018.788
1001.131
952.536
943.977
1024.045
1029.84
976.155
990.377
996.049
1006.715
1004.745
1028.093
1021.481
1015.324
1014.769
1013.032
1012.722
1006.944
1006.278
1012.889
1019.046
1020.782
1021.338
997.991
999.852
1005.63
1006.296
1073.296
1062.13
1068.796
1066.028
1148.319
1154.431
1147.764
1152.188
1069.896
1063.785
1034.41
1063.785
1066.553
1062.13
1059.532
1061.977
1064.574
1071.241
1133.588
1131.144
1068.796
1062.13
1062.234
1063.262
1069.419
1119.363
1120.697
1129.493
1147.641
1144.433
1147.641
1158.308
1163.979
1178.201
1169.405
1119.461
1125.417
1107.269
1105.257
1094.59
1135.262
1121.039
1115.083
1109.412
1027.12
1000.569
1004.701
1036.563
1004.701
1000.569
1005.88
995.488
988.822
991.266
1053.613
1060.28
1062.877
1060.433
1057.836
1051.88
1046.208
1037.884
1034.676
1016.528
1007.731
1090.023
1095.979
1110.201
1115.873
1126.539
1129.748
1147.896
1197.84
1187.174
1195.97
1181.748
1099.456
1094.942
1087.731
1064.384
1061.662
1066.176
1073.387
1096.734
1099.456
1122.803
1189.803
1190.47
1189.803
1122.803
1099.456
1101.317
1107.095
1101.317
1099.456
1142.023
1152.898
1172.565
1180.019
1187.873
1193.65
1194.317
1193.289
1143.345
1142.012
1142.116
1143.144
1149.301
1199.245
1200.579
1200.475
1194.317
1256.664
1263.331
1260.734
1258.289
1260.734
1254.067
1256.664
1194.317
1144.373
1126.225
1123.016
1112.35
1106.678
1092.456
1086.5
1004.208
995.412
1000.454
1018.926
1025.037
1027.759
1009.287
1003.616
1046.782
1044.921
1042.199
999.032
993.255
995.116
1013.588
1014.616
1013.588
1033.958
1013.588
1019.366
1025.037
1026.37
1025.037
1027.759
1019.815
1033.037
1038.454
1035.731
1030.315
1027.87
1014.648
1022.593
1025.037
1001.69
934.69
934.023
932.162
926.384
928.829
922.162
984.509
991.176
993.773
931.426
928.981
926.384
927.718
977.662
971.505
921.56
920.227
920.331
921.359
927.516
926.488
926.384
918.931
911.076
905.299
904.632
893.757
936.324
955.991
966.866
967.532
973.31
981.164
938.597
946.051
926.384
921.961
892.586
886.475
804.183
797.516
794.748
815.505
874.921
878.13
960.421
1010.366
1017.576
1019.289
1040.759
1051.315
1032.843
1026.731
1031.773
1050.245
1056.356
1051.315
1057.894
1061.887
1062.553
1075.775
1077.664
1015.317
1008.65
1011.095
1073.442
1080.109
1082.706
1080.109
1077.664
1081.796
1087.271
1100.882
1101.91
1103.623
1114.498
1118.201
1120.799
1127.766
1138.322
1088.377
1147.794
1169.264
1172.472
1222.417
1229.627
1208.87
1198.315
1116.023
1108.813
1087.343
1027.926
1007.063
1070.951
1072.664
1070.951
1067.743
1087.48
1087.378
1093.369
1094.369
1095.667
1094.369
1094.471
1045.876
1044.876
1038.885
1038.986
1046.014
1077.014
1080.662
1108.815
1134.649
1154.311
1171.968
1178.984
1165.741
1158.962
1157.962
1156.295
1145.714
1142.11
1139.583
1140.583
1147.363
1149.89
1153.493
1166.736
1168.403
1147.958
1204.248
1147.958
1138.342
1184.444
1182.863
1184.444
1182.188
1124.637
1118.483
1116.085
1113.254
1105.571
1098.915
1105.571
1086.41
1083.449
1159.41
1162.147
1165.109
1174.853
1098.891
1092.788
1086.635
1089.032
1095.186
1114.318
1116.575
1106.831
1103.412
1094.16
1100.11
1109.71
1148.56
1149.76
1149.854
1151.554
1152.479
1142.692
1142.092
1136.892
1129.823
1123.115
1084.804
1091.513
1098.581
1103.781
1104.381
1114.169
1131.869
1170.179
1152.479
1154.817
1152.479
1149.146
1168.573
1181.137
1184.556
1190.987
1191.936
1193.517
1191.936
1190.987
1184.556
1171.991
1167.338
1150.286
1144.645
1149.299
1166.35
1171.991
1182.03
1106.068
1103.331
1123.15
1113.406
1168.252
1168.65
1175.306
1176.887
1221.527
1218.64
1228.14
1246.821
1245.279
1238.79
1231.298
1211.975
1158.5
1161.388
1122.538
1104.204
1094.604
1088.654
1115.62
1114.389
1114.293
1112.549
1114.293
1124.139
1125.37
1126.318
1131.372
1135.186
1130.132
1126.318
1145.122
1184.968
1191.071
1191.167
1188.91
1182.756
1180.359
1122.808
1124.389
1111.825
1110.876
1109.295
1099.256
1095.838
1093.44
1106.004
1112.436
1113.385
1123.423
1126.842
1129.239
1122.808
1113.667
1123.41
1103.592
1179.553
1181.135
1187.791
1233.893
1253.712
1308.558
1298.814
1295.853
1276.692
1232.329
1230.706
1223.875
1176.559
1149.316
1152.355
1153.618
1152.645
1111.75
1092.452
1082.346
1076.083
1077.873
1077.971
1078.945
1119.84
1139.138
1149.243
1155.507
1155.408
1154.145
1152.355
1157.829
1156.566
1151.092
1150.118
1147.539
1145.776
1128.276
1122.904
1103.605
1104.868
1063.974
1064.947
1066.711
1084.211
1089.583
1108.882
1111.461
1152.355
1159.186
1163.463
1160.884
1138.765
1144.599
1191.914
1175.534
1176.534
1169.518
1168.221
1162.23
1161.23
1161.331
1162.628
1165.277
1187.993
1183.601
1183.5
1179.896
1178.896
1177.23
1166.649
1159.869
1170.45
1177.23
1178.23
1179.896
1183.5
1186.027
1199.27
1186.027
1183.5
1199.698
1228.455
1289.117
1314.95
1342.95
1356.194
1362.626
1360.788
1380.608
1422.608
1423.608
1424.905
1425.007
1424.905
1418.473
1420.311
1419.014
1418.014
1428.392
1408.572
1398.194
1356.194
1353.072
1332.876
1252.809
1251.142
1244.126
1195.532
1174.642
1165.007
1213.601
1215.268
1295.336
1251.477
1254.599
1264.869
1268.448
1275.464
1298.189
1288.189
1270.689
1264.899
1269.675
1287.175
1292.965
1288.189
1294.452
1304.557
1323.855
1364.75
1365.724
1366.987
1367.086
1347.787
1341.524
1331.419
1290.524
1289.55
1288.287
1288.189
1286.399
1288.189
1281.873
1256.719
1229.307
1226.728
1229.307
1232.816
1260.228
1279.893
1286.208
1282.7
1263.035
1288.189
1310.307
1366.596
1373.439
1375.754
1353.636
1297.346
1290.504
1288.189
1275.294
1278.803
1289.105
1290.728
1297.329
1310.224
1307.763
1304.254
1293.952
1303.952
1302.329
1301.355
1303.816
1304.789
1298.189
1376.149
1386.149
1376.149
1373.11
1429.399
1412.566
1422.202
1419.533
1404.721
1403.179
1396.69
1351.74
1332.417
1311.735
1318.391
1321.353
1323.526
1319.712
1314.658
1318.472
1323.526
1325.107
1332.357
1339.237
1299.944
1281.791
1271.752
1272.368
1267.034
1277.073
1295.226
1334.519
1333.904
1326.654
1331.987
1325.107
1343.761
1362.564
1372.41
1372.506
1375.968
1369.301
1339.891
1336.429
1342.532
1315.823
1291.314
1272.66
1255.908
1285.318
1278.662
1278.566
1295.318
1335.165
1361.874
1363.105
1387.613
1394.269
1392.526
1392.429
1391.199
1390.25
1350.404
1351.353
1358.019
1348.173
1342.071
1343.814
1343.91
1325.107
1315.068
1312.671
1325.235
1312.671
1306.239
1305.291
1303.709
1300.291
1310.329
1311.278
1312.859
1316.278
1318.675
1325.107
1305.947
1302.985
1293.241
1291.66
1285.004
1271.504
1193.544
1190.638
1134.349
1128.116
1129.906
1142.432
1143.064
1146.846
1153.079
1151.289
1138.763
1134.98
1134.349
1133.375
1133.276
1085.961
1084.697
1078.864
1072.601
1073.864
1072.075
1071.101
1072.89
1072.989
1073.963
1072.7
1072.601
1053.303
1094.197
1113.496
1123.601
1129.864
1119.759
1078.864
1072.263
1059.368
1058.395
1076.419
1072.815
1070.288
1068.622
1066.784
1065.486
1064.486
1022.486
1002.667
992.288
998.721
1040.721
1060.541
1061.541
1062.838
1062.939
1064.777
1058.345
1068.723
1068.622
1086.595
1081.689
1063.716
1057.77
1062.676
1068.622
1073.948
1077.968
1072.642
1068.622
1067.622
1025.622
1005.802
995.423
988.991
990.829
991.829
998.261
1008.64
1007.342
1027.162
1027.264
1028.561
1070.561
1070.459
1068.622
1058.243
1056.946
1055.946
1013.946
994.126
994.025
987.592
985.755
978.113
936.696
917.561
906.98
901.358
894.106
893.457
880.214
876.194
848.194
831.995
818.752
767.671
765.023
763.919
759.527
779.347
786.374
790.394
803.637
809.84
812.489
818.007
869.088
862.061
866.453
860.25
863.775
880.424
906.975
844.627
858.238
875.35
925.211
895.655
925.211
898.66
905.882
905.778
934.713
927.491
895.63
891.88
862.944
836.394
818.245
811.035
790.826
794.576
784.438
784.542
791.752
809.9
836.451
856.66
862.134
866.266
860.792
855.75
837.278
831.167
827.035
824.313
822.451
821.424
801.053
795.275
793.942
812.414
832.785
838.456
840.317
797.15
778.678
821.845
823.178
828.956
823.285
824.313
827.035
845.183
849.606
902.106
907.523
930.87
923.66
926.382
923.66
928.174
935.384
930.87
907.523
912.998
917.13
911.655
907.523
909.412
910.079
914.072
920.65
918.762
905.539
904.873
900.88
894.301
907.523
910.12
953.287
974.757
948.206
930.058
922.847
915.625
883.764
880.014
851.079
830.87
830.766
836.924
843.535
844.09
843.535
836.924
835.188
836.924
830.766
828.169
785.002
763.532
766.13
809.296
830.766
837.377
839.347
845.722
860.352
865.826
895.201
897.09
902.507
932.063
903.285
899.123
946.692
973.243
974.939
914.277
930.475
918.884
890.884
865.73
863.888
859.974
863.888
858.702
863.888
904.783
907.243
886.904
846.009
843.548
847.033
849.493
869.833
867.373
826.478
806.138
847.033
827.735
822.261
816.888
814.309
812.546
809.046
768.151
767.178
765.914
762
731.816
726.785
721.654
719.075
706.548
699.022
696.706
704.232
716.759
719.338
724.469
726.785
747.125
788.02
790.48
770.14
767.68
726.785
722.871
728.057
722.871
726.785
729.246
688.351
668.011
708.906
706.445
726.785
728.43
730.219
732.075
793.877
752.982
773.322
770.862
750.522
791.417
793.877
797.66
799.45
811.976
812.607
818.84
806.314
805.682
803.893
797.66
793.877
788.691
784.776
782.91
776.871
763.011
761.221
756.09
761.221
763.011
790.84
796.026
809.886
815.925
817.792
812.605
806.342
778.513
784.776
764.436
761.976
721.081
718.502
691.09
665.936
659.621
656.112
653.303
657.716
685.716
714.473
686.473
660.64
599.977
571.221
631.883
657.716
659.338
620.993
637.641
648.197
665.891
687.361
689.528
694.042
717.389
714.667
691.319
684.109
679.595
686.806
689.528
691.417
689.458
624.222
622.333
620.597
622.556
687.792
689.528
694.944
747.444
765.593
760.176
707.676
703.252
707.676
689.528
687.083
679.861
620.444
597.097
604.308
630.859
635.282
641.238
644.942
647.539
649.509
647.551
645.662
580.426
578.69
585.301
587.271
593.646
591.676
585.065
599.694
605.111
607
636.375
641.85
635.475
620.845
615.37
585.995
584.106
578.69
585.269
583.299
578.875
608.431
670.778
664.822
638.271
631.06
635.053
606.275
632.826
606.275
595.884
566.329
579.94
596.588
625.366
608.718
606.12
606.787
602.794
608.75
635.301
634.634
641.845
638.141
640.111
644.535
647.132
650.836
664.058
665.947
652.336
639.113
637.225
630.646
673.813
694.183
704.85
711.461
712.794
713.822
715.711
715.815
708.604
712.308
709.711
703.755
699.331
697.361
693.657
700.868
727.419
733.375
737.799
739.769
742.366
715.815
726.481
733.093
732.988
776.155
777.488
777.593
797.963
791.352
780.685
782.574
739.407
738.38
737.046
738.074
736.185
715.815
733.509
736.718
758.188
760.896
764.646
772.667
768.243
762.287
760.317
766.273
763.676
759.972
767.183
771.606
773.576
776.174
779.877
806.428
779.877
772.667
729.5
729.604
727.715
727.611
726.278
725.25
704.88
694.213
695.546
696.574
707.241
727.611
721
727.611
770.778
772.667
780.688
784.438
787.146
808.616
811.824
808.616
826.31
818.289
814.539
811.831
790.361
772.667
774
772.972
771.639
771.535
769.646
749.275
738.609
731.998
688.831
688.935
689.963
733.13
737.204
747.87
718.509
720.398
716.694
720.398
722.995
724.965
729.389
755.94
763.15
760.553
766.509
762.086
754.875
752.905
746.949
720.398
723.12
729.495
743.106
747.238
744.516
724.146
731.368
751.738
747.225
736.725
731.053
735.567
788.067
793.738
786.516
782.384
768.773
762.398
740.928
744.678
752.699
755.407
758.616
776.31
758.616
750.595
746.845
743.637
765.106
762.398
762.294
772.961
779.572
799.942
843.109
844.137
845.47
845.574
844.241
837.63
826.963
822.889
815.694
814.667
812.778
814.667
841.218
839.248
836.65
832.947
840.157
846.113
840.157
842.755
847.178
849.148
841.938
845.641
841.218
814.667
811.944
804.734
800.22
776.873
778.762
821.928
778.762
768.095
747.725
746.697
745.363
745.259
743.37
736.759
736.863
740.613
741.641
744.35
752.37
753.704
750.495
732.801
750.495
742.475
738.725
736.016
714.546
721.157
731.824
735.898
757.368
760.576
755.16
753.271
723.896
738.525
744
745.889
751.306
744.694
742.725
736.35
721.72
716.245
718.215
747.59
753.965
761.176
767.787
771.491
774.088
776.058
780.481
786.438
812.988
809.285
806.688
804.718
798.762
772.211
767.787
760.576
749.91
748.576
747.549
704.382
684.012
690.623
701.289
721.66
722.688
724.021
724.125
726.014
719.403
719.299
762.465
760.576
757.368
735.898
718.204
715.495
711.745
703.725
706.933
728.403
731.111
748.806
756.826
760.576
750.021
778.799
792.41
818.961
881.308
910.863
897.252
880.604
851.826
825.275
762.928
733.373
750.021
747.424
720.873
714.917
710.493
708.523
701.313
697.609
696.275
716.646
717.674
760.84
762.729
773.396
780.007
773.396
762.729
742.359
699.192
700.525
700.421
698.532
697.505
697.609
705.63
709.38
712.088
733.558
715.863
712.655
715.863
733.558
729.808
721.787
719.079
697.609
679.461
675.037
622.537
617.12
596.75
594.861
601.472
612.139
625.194
668.361
669.389
670.722
670.826
664.215
666.104
622.938
621.91
620.576
620.472
609.806
639.361
647.306
665
651.778
645.199
641.206
639.317
638.65
642.644
644.532
651.111
651.778
665
647.306
644.097
622.627
619.919
616.169
608.148
625.843
629.051
650.521
653.229
656.979
665
663.111
663.007
661.674
660.646
617.479
597.109
586.442
579.831
571.81
589.505
597.525
601.275
603.984
600.775
603.984
586.289
582.539
579.831
558.361
579.831
571.81
568.06
564.852
543.382
525.688
522.979
540.674
548.618
578.174
560.479
552.535
522.979
537.201
551.831
557.306
559.194
552.583
558
587.375
593.75
595.72
602.331
596.914
595.025
565.65
560.176
552.861
546.486
544.516
611.516
629.988
636.363
638.447
642.87
702.287
706.824
700.213
713.886
713.314
711.529
722.386
740.586
762.669
764.898
754.04
735.84
713.757
711.529
703.357
685.157
715.557
723.729
693.329
711.529
647.4
641.829
639.029
625.429
617.257
630.857
633.657
639.229
641.743
611.343
584.033
554.433
537.31
523.31
520.795
528.967
498.567
490.395
472.195
465.429
461.321
463.264
462.579
448.979
455.745
459.852
460.538
474.138
472.195
476.838
497.79
502.033
505.89
514.062
581.162
582.219
588.552
582.41
583.781
583.888
581.945
575.145
573.119
566.562
551.514
545.883
515.669
510.098
511.155
532.107
538.907
549.879
594.279
595.65
595.757
597.7
599.929
607.095
628.048
652.062
654.733
669.362
677.029
683.829
694.8
694.693
692.75
737.15
738.207
739.579
739.686
741.629
762.581
751.61
730.657
686.257
685.2
678.4
677.029
728.4
722.067
670.695
669.324
669.431
668.374
674.707
674.6
675.971
677.029
721.429
742.381
753.352
760.152
761.524
761.631
763.574
756.774
745.802
724.85
680.45
679.393
678.021
677.914
675.971
677.029
683.586
685.729
690.395
759.31
820.424
824.974
843.974
837.417
835.274
830.607
761.693
700.579
696.029
677.029
678.971
679.079
685.879
679.079
677.136
678.507
667.536
646.583
602.183
601.126
599.755
599.648
600.705
645.105
666.057
677.029
666.057
677.029
697.981
704.781
749.181
750.552
752.495
745.695
746.752
725.8
681.4
680.343
678.971
678.864
676.921
677.029
690.629
683.862
670.262
670.948
675.055
681.821
679.879
681.821
681.136
677.029
683.314
752.229
761.629
761.736
760.364
708.993
702.66
701.602
707.936
759.307
760.679
760.571
761.629
760.257
760.15
758.207
774.493
763.521
719.121
698.169
704.969
715.94
717.14
716.083
717.455
717.562
719.505
683.562
676.762
683.562
694.533
715.486
759.886
760.943
761.05
762.421
755.621
744.65
723.698
716.298
715.24
713.869
713.762
711.819
713.762
715.133
721.933
742.886
787.286
787.393
798.364
791.564
789.621
791.564
791.457
790.086
791.143
746.743
725.79
724.733
713.762
706.095
691.467
689.238
668.286
644.271
668.286
675.452
683.119
697.748
699.976
720.929
713.762
711.09
713.762
724.733
769.133
770.19
771.562
771.669
773.612
766.812
755.84
734.888
690.488
689.431
688.06
687.952
694.752
709.876
707.933
706.562
706.669
707.726
714.06
744.169
745.502
695.558
689.4
688.373
688.269
701.491
715.713
726.38
744.852
751.819
757.597
784.866
844.282
889.231
909.602
905.528
898.306
902.819
955.319
960.991
963.713
970.088
956.477
950.102
947.38
946.245
935.745
939.877
947.1
942.586
956.197
952.065
951.12
940.454
920.083
876.917
875.028
874.924
873.59
872.563
874.729
924.896
930.37
934.794
962.063
960.729
936.807
936.914
937.971
944.305
937.971
989.343
990.714
990.607
989.55
983.264
1052.179
1058.464
1067.864
998.95
989.55
974.921
989.55
987.321
965.238
967.467
949.267
971.35
989.55
1000.407
989.55
975.95
929.717
918.745
925.912
864.798
836.75
842.693
870.74
851.74
912.855
926.455
920.512
913.345
927.974
946.974
957.945
1004.179
989.55
988.864
982.098
977.99
976.048
962.448
973.305
975.248
977.39
983.948
985.405
916.49
911.824
892.824
897.49
966.405
1027.519
1032.069
970.955
966.405
972.962
975.105
994.105
987.548
985.405
970.776
963.11
955.943
953.714
974.667
989.295
991.967
1015.981
995.029
971.014
968.343
975.51
983.176
985.405
979.071
978.014
977.907
926.536
925.164
878.931
850.883
865.512
879.112
898.112
909.083
955.317
983.364
1044.479
1050.421
1057.588
1043.988
1029.36
1022.193
1003.193
992.221
986.279
925.164
919.593
911.421
925.021
933.193
930.679
933.479
939.05
941.564
938.764
925.164
923.021
925.25
976.85
982.481
987.031
1015.079
1009.448
957.848
955.619
966.476
968.619
966.676
973.233
974.69
963.833
962.376
934.329
927.771
929.714
925.164
934.564
940.85
1009.764
1000.364
994.079
925.164
910.536
913.207
937.221
958.174
960.402
968.069
975.236
989.864
987.193
980.026
972.36
948.345
946.117
925.164
911.564
904.398
898.455
870.407
809.293
763.06
824.174
852.221
858.164
843.536
850.702
839.731
820.731
866.964
885.964
900.593
914.193
925.164
931.721
938.007
940.236
942.179
946.036
952.836
973.621
974.917
955.917
951.367
953.51
958.176
1027.09
1031.64
1050.64
1044.083
1041.94
973.026
911.912
973.026
968.36
974.917
972.974
966.417
955.56
957.017
963.574
965.717
964.26
962.117
964.06
974.917
1036.031
1082.264
1093.236
1074.236
1072.102
1085.702
1106.436
1102.998
1095.831
1102.998
1108.94
1080.893
1066.264
1005.15
958.917
947.945
934.345
928.402
919.002
925.288
934.688
928.402
859.488
928.402
876.802
874.574
902.621
907.171
958.771
961
966.631
962.081
956.45
928.402
920.736
913.569
916.24
901.612
899.383
878.431
902.445
904.674
925.626
940.255
947.421
944.75
920.736
928.402
956.45
970.05
984.679
1003.679
1014.65
1060.883
1041.883
1030.912
969.798
964.188
958.245
951.079
943.764
930.164
937.331
943.274
1004.388
958.155
947.298
953.855
955.798
966.655
968.112
966.655
960.098
962.24
960.098
958.155
976.821
981.371
1035.371
1040.943
1018.86
1016.631
998.431
987.574
972.945
974.002
974.11
980.443
1031.814
1033.186
1019.586
1012.419
1006.476
978.429
917.314
871.081
890.081
901.052
915.681
904.71
910.652
924.252
905.252
951.486
1012.6
997.971
1005.138
1033.186
1047.186
1051.436
1057.269
1060.069
1064.712
1118.712
1125.269
1139.898
1133.612
1140.779
1142.721
1144.017
1150.302
1157.969
1160.198
1139.412
1132.612
1136.469
1132.612
1131.317
1124.76
1122.531
1125.202
1149.217
1170.169
1172.398
1170.455
1177.255
1183.812
1162.86
1160.631
1157.96
1178.745
1164.117
1156.45
1135.498
1142.926
1163.879
1156.712
1102.712
1096.879
1094.079
1087.521
1073.521
1069.271
1061.843
1057.2
1033.186
1023.786
1030.071
1098.986
1030.071
1023.786
1033.186
1026.629
1024.486
1019.819
950.905
931.905
927.355
866.24
867.612
869.555
869.662
876.462
887.433
908.386
952.786
953.843
960.4
961.857
989.905
992.048
989.905
994.455
1000.086
1051.686
1053.914
1025.867
1021.317
1014.76
1016.702
1027.56
1026.102
1023.874
972.274
966.643
955.786
953.843
942.871
940.929
940.821
939.45
938.393
917.44
910.64
912.583
912.69
914.062
915.119
870.719
881.69
926.09
932.89
953.843
954.9
955.007
953.636
959.969
908.598
902.264
901.207
901.1
952.471
953.843
952.471
951.414
951.307
962.279
924.85
919.53
962.697
963.725
953.058
932.688
934.576
934.681
936.014
934.125
890.958
884.347
895.014
876.542
865.875
820.926
827.894
820.926
815.148
828.37
801.102
741.685
755.907
774.38
760.157
805.106
791.884
819.153
824.931
884.347
884.451
886.34
879.729
869.063
872.94
917.34
924.14
945.093
944.036
942.664
942.557
940.614
951.586
907.186
908.243
909.614
920.586
927.386
926.014
946.967
991.367
992.424
993.795
993.902
992.845
986.045
984.102
973.131
952.179
952.071
907.671
909.614
910.671
912.043
912.15
914.093
907.293
896.321
895.264
850.864
849.493
849.386
847.443
854.243
833.29
844.262
822.014
829.414
835.748
834.69
834.583
835.955
829.621
880.993
879.621
879.729
880.786
829.414
837.081
834.41
810.395
825.024
804.071
801.843
809.01
801.343
794.176
796.848
820.862
841.814
844.043
829.414
822.614
822.507
811.536
790.583
783.183
785.126
791.926
793.298
791.355
793.688
827.121
827.229
826.171
837.143
858.095
902.495
903.552
902.181
900.724
894.167
883.31
881.367
879.224
880.681
891.538
893.681
895.624
902.181
971.095
980.495
971.095
902.181
908.467
902.181
899.848
866.414
868.748
902.181
902.288
913.26
934.212
978.612
979.669
981.04
987.84
989.783
987.84
987.733
986.362
985.305
940.905
919.952
908.981
902.181
887.552
859.505
798.39
784.79
738.557
727.586
708.586
702.643
695.476
728.91
674.91
739.038
745.895
748.567
729.9
725.35
727.864
730.198
748.864
753.414
807.414
812.986
810.652
777.219
771.648
760.676
739.724
750.695
750.588
706.188
705.131
703.76
701.817
695.017
696.96
697.067
698.438
699.495
743.895
750.695
765.819
799.252
801.586
799.252
765.819
764.762
764.655
758.321
706.95
705.579
706.95
708.007
714.34
765.712
765.819
721.419
723.933
729.505
728.533
717.562
696.61
694.667
694.56
708.16
707.102
698.931
685.331
682.531
676.96
679.76
678.388
675.874
684.045
688.595
686.367
678.995
673.364
668.814
640.767
642.995
671.043
678.414
684.045
686.379
719.812
686.379
684.045
686.717
693.574
691.06
693.574
690.902
684.045
619.917
684.045
687.855
689.621
692.421
725.193
736.379
766.593
773.76
774.817
776.579
787.764
790.436
804.436
826.519
817.171
835.319
833.051
800.546
802.815
835.319
867.824
865.556
833.051
835.319
836.347
838.06
848.935
852.639
855.236
848.269
855.236
868.847
866.25
865.222
863.509
849.898
839.023
835.319
833.431
829.681
823.069
802.861
809.236
815.347
816.606
818.495
822.245
828.856
849.065
851.231
849.972
847.806
841.431
835.319
824.764
822.681
816.306
814.889
813
810.556
807.958
810.403
842.907
845.176
812.671
810.403
817.069
819.667
882.014
819.667
813
792.63
742.685
756.907
764.361
771.329
768.731
792.079
794.676
771.329
769.162
754.94
747.486
740.519
740.414
739.387
733.229
753.6
752.266
752.37
753.398
759.556
787.622
788.919
791.027
804.27
801.743
798.14
787.559
785.892
784.892
778.113
764.869
771.649
772.649
776.252
786.833
788.5
791.027
787.014
777.946
770.216
766.568
762.604
758.212
756.005
724.378
726.586
758.212
747.631
719.05
747.631
716.631
734.288
731.64
729.968
719.394
728.932
711.275
722.741
725.32
735.623
737.25
716.91
723.043
720.836
689.209
691.417
723.043
709.8
703.02
702.02
700.354
689.773
686.169
683.642
696.885
703.664
704.664
706.331
698.046
701.555
704.015
698.226
689.568
695.357
704.015
640.542
704.015
706.476
765.542
767.857
765.397
759.081
700.015
697.7
704.015
701.866
671.072
658.178
671.072
677.673
679.296
676.836
687.138
688.112
684.603
687.064
685.441
684.467
677.866
681.375
689.209
683.218
652.252
650.919
650.815
649.787
652.384
649.94
587.593
580.926
578.329
580.773
643.12
649.787
648.074
637.199
633.495
630.898
644.509
630.898
629.87
636.838
638.551
649.426
653.13
655.727
648.759
649.787
647.843
665.991
695.366
693.648
704.523
701.801
703.519
692.644
687.748
669.6
649.505
652.227
630.757
652.227
610.005
594.662
597.448
625.495
624.438
627.11
624.881
636.067
634.305
623.119
619.31
616.638
620.448
634.448
641.614
646.164
645.967
647.024
633.024
625.652
620.021
621.783
617.233
589.186
582.019
589.39
591.619
593.533
601.612
608.379
597.69
600.362
607.219
671.348
673.862
671.19
664.333
661.819
682.771
693.743
700.543
701.6
702.971
747.371
749.314
749.421
742.255
741.198
739.436
728.25
724.44
721.769
707.769
709.998
724.626
731.793
729.121
714.493
693.54
691.312
712.264
705.098
681.083
673.417
681.083
683.755
707.769
728.721
726.779
726.671
725.3
724.243
735.214
690.814
679.843
673.043
674.986
675.093
676.464
677.521
721.921
700.969
707.769
718.626
685.855
674.669
644.455
666.538
680.538
699.205
729.419
740.605
773.376
776.176
773.376
771.61
773.376
751.293
737.293
718.626
725.483
727.426
730.098
731.469
729.526
729.419
728.048
726.99
682.59
661.638
650.667
643.867
707.995
709.052
709.16
703.588
710.388
646.26
643.745
641.074
643.588
636.731
632.181
613.514
624.486
645.438
689.838
635.838
665.438
674.838
688.552
739.924
714.238
716.467
715.095
713.152
712.095
713.152
714.524
714.631
716.574
672.174
716.574
737.526
716.574
705.602
716.574
709.774
716.574
716.467
722.752
716.467
785.381
794.781
783.295
773.895
771.952
751
706.6
713.4
712.343
712.236
723.207
716.407
760.807
761.864
750.893
751
752.943
751.571
766.695
768.067
770.738
777.595
841.724
844.238
841.567
834.71
770.581
768.067
757.095
756.988
755.617
754.56
710.16
689.207
688.236
690.179
690.286
691.657
692.714
725.114
725.343
736.009
742.62
740.731
762.201
763.919
782.067
780.35
777.627
791.238
780.363
750.988
732.84
700.979
679.509
682.231
714.093
724.968
733.955
720.712
723.347
720.712
719.414
718.414
676.414
656.595
646.216
666.036
667.874
667.975
669.273
670.273
712.273
710.435
720.813
727.245
740.836
740.731
741.991
748.602
752.352
754.241
760.352
766.727
746.519
745.574
741.824
739.935
738.676
732.565
726.19
724.023
744.231
746.398
743.676
764.046
768.56
821.06
826.731
829.454
835.829
849.44
853.572
860.794
854.419
834.049
826.826
822.694
820.75
810.25
804.579
800.065
793.398
790.954
728.606
726.009
769.176
770.204
771.537
771.641
778.252
778.148
776.815
787.481
791.556
790.528
792.417
772.046
761.38
754.769
711.602
709.713
702.745
700.148
676.801
674.634
660.412
640.042
632.588
634.477
699.713
701.671
703.407
753.574
751.407
744.241
738.766
734.343
707.074
709.241
713.664
697.933
703.407
695.553
693.692
700.271
708.125
709.986
703.407
703.303
701.97
695.359
694.331
651.164
630.794
620.127
622.016
622.12
623.454
666.62
686.991
697.657
704.269
702.38
703.407
732.963
740.907
758.602
745.269
736.13
707.352
709.519
726.167
776.111
789.444
798.583
827.361
825.194
816.87
800.222
807.433
809.146
830.616
880.56
901.317
911.873
915.081
997.373
1056.789
1046.123
1044.234
1044.13
1042.796
999.63
979.259
972.648
971.62
968.898
967.181
935.319
924.444
895.069
876.921
863.31
841.84
924.132
927.34
937.896
916.426
866.481
859.271
857.558
775.266
796.023
736.606
672.486
679.697
709.921
712.905
770.716
760.446
740.25
737.128
728.236
722.291
657.101
664.831
636.074
653.291
682.047
664.831
657.101
655.435
639.421
619.225
629.495
622.48
619.495
570.901
650.968
640.698
660.894
701.394
704.516
753.11
760.126
761.793
758.671
761.655
703.845
705.75
703.845
640.372
638.534
636.845
700.318
702.155
703.845
700.723
707.739
765.55
786.439
796.709
793.824
796.946
817.142
879.304
880.971
800.903
799.236
788.966
740.372
733.356
781.95
778.966
721.155
723.791
721.155
728.171
738.441
741.563
761.759
841.827
784.016
781.032
732.437
730.77
650.703
647.581
637.311
677.811
687.349
716.577
718.2
711.368
691.704
699.23
715.993
743.993
727.23
719.704
710.399
661.804
648.831
632.633
630.525
621.633
593.633
595.741
611.939
660.534
673.507
682.399
710.399
790.466
839.061
842.182
852.453
859.468
879.664
876.855
878.478
868.478
865.439
840.234
819.345
812.329
810.662
730.595
727.709
767.615
709.804
708.115
644.642
642.804
640.899
630.628
627.507
629.173
709.241
729.437
732.559
742.829
735.813
756.703
793.079
840.395
784.105
802.313
722.245
720.579
671.984
679
658.804
645.939
648.588
640.858
643.236
656.101
661.372
669.101
666.723
664.074
658.804
685.336
689.64
694.966
743.777
736.804
710.273
705.968
703.86
698.534
700.642
694.241
686.599
684.788
656.032
648.302
631.086
629.419
608.529
550.718
543.703
463.635
426.569
423.361
402.604
392.049
410.521
416.896
419.604
416.896
414.729
408.354
402.243
400.354
396.604
389.993
369.785
368.525
371.123
373.093
380.303
384.727
390.683
394.387
420.938
411.799
383.021
333.076
319.743
317.576
309.526
331.61
376.01
378.681
386.098
382.288
374.871
402.181
408.307
380.998
374.871
370.321
368.295
365.624
370.174
373.983
376.655
378.681
356.598
359.269
403.669
425.752
381.352
378.681
371.264
343.955
341.283
335.157
330.607
328.581
330.607
326.798
334.214
361.524
365.333
369.883
372.555
378.681
376.01
331.61
309.526
312.198
356.598
378.681
381.352
376.802
380.612
386.738
382.929
380.257
378.231
385.648
379.521
352.212
379.521
384.071
386.098
378.681
400.764
445.164
447.836
425.752
423.081
378.681
371.264
343.955
337.829
333.279
335.95
333.279
335.305
339.855
343.664
341.638
337.829
345.245
372.555
378.681
359.681
353.124
359.681
378.681
406.729
404.5
399.95
394.319
366.271
417.871
423.502
428.052
376.452
378.681
423.081
425.752
381.352
378.681
400.764
378.681
376.655
380.464
383.136
387.686
393.812
391.14
398.557
394.748
387.331
360.021
353.895
349.345
376.655
378.681
375.895
378.681
400.764
403.436
381.352
336.952
334.281
378.681
382.49
387.04
393.167
420.476
427.893
429.919
426.11
423.438
421.412
413.995
386.686
389.357
384.807
378.681
384.252
388.802
442.802
461.469
464.317
470.602
555.245
562.102
559.431
562.102
517.702
547.917
592.317
614.4
592.317
596.867
594.195
592.169
587.619
581.493
554.183
546.767
542.957
550.374
557.802
576.469
576.576
597.362
624.671
654.433
658.29
691.062
688.39
643.99
621.907
640.907
646.093
652.379
658.936
677.936
671.379
652.379
644.95
640.76
634.926
637.726
631.169
628.369
626.369
622.119
617.476
563.476
584.429
589.071
643.071
648.905
655.462
669.462
673.712
681.14
678.355
681.14
685.69
691.321
639.721
634.09
629.54
627.312
629.54
681.14
709.188
681.14
651.379
684.15
656.84
636.055
617.388
609.971
609.864
617.293
621.15
648.46
678.221
689.193
710.145
730.931
775.331
793.998
801.414
801.521
797.664
804.464
771.693
772.75
774.121
774.229
776.171
768.743
787.743
782.557
763.557
757.271
762.457
768.743
779.714
777.771
784.571
783.2
804.152
804.045
848.445
837.474
838.845
838.952
840.895
834.095
813.143
812.086
813.143
768.743
775.543
790.59
797.148
802.779
832.993
834.936
836.962
842.533
831.676
838.533
923.176
927.726
934.012
929.462
899.248
892.962
808.319
801.462
798.614
828.829
831.676
842.648
849.448
870.4
914.8
915.857
917.229
917.336
910.536
912.479
891.526
847.126
846.069
844.698
844.59
842.648
831.676
830.305
828.362
828.255
783.855
782.798
784.169
805.121
849.521
850.579
829.626
829.733
831.676
842.648
835.848
824.876
831.676
832.733
839.067
839.174
890.545
891.917
936.317
937.374
892.974
899.774
910.745
888.888
890.26
889.202
891.145
889.202
889.095
887.724
887.831
876.86
870.06
849.107
843.921
824.921
818.636
823.821
830.107
849.107
842.55
823.55
830.107
849.107
893.507
849.107
848.05
848.157
827.205
816.233
817.605
818.662
820.605
831.576
826.376
819.576
818.205
818.098
816.155
813.854
816.563
813.854
816.155
827.126
829.069
829.176
830.548
831.605
876.005
896.957
852.557
859.357
852.557
851.5
840.529
840.421
840.529
847.945
866.612
887.398
914.707
944.469
948.326
981.098
988.526
987.155
987.048
954.276
950.419
920.657
893.348
872.562
853.895
846.479
839.05
837.107
841.657
837.107
855.774
850.202
796.202
850.202
855.774
837.107
843.907
864.86
909.26
910.317
911.688
922.66
920.717
920.824
922.767
915.967
904.995
884.043
839.643
839.536
838.479
837.107
864.417
925.531
931.864
932.921
933.029
931.657
933.029
931.971
931.864
940.426
931.864
925.531
906.531
901.345
920.345
926.631
920.345
925.531
925.424
932.224
943.195
964.148
1008.548
1006.605
1007.976
1008.083
1001.283
1002.34
981.388
936.988
935.931
934.56
936.502
925.531
917.36
903.76
900.96
895.388
892.874
901.045
914.645
917.445
923.017
925.531
897.483
892.933
887.302
835.702
833.474
827.902
825.96
795.745
790.114
775.067
768.267
766.24
759.683
766.483
773.04
788.088
793.719
795.745
797.688
803.26
833.474
831.531
831.424
830.367
823.567
812.595
791.643
747.243
745.871
764.871
770.057
772
776.107
790.736
801.921
831.683
835.493
838.34
831.483
825.198
794.983
790.433
793.281
823.495
830.352
827.505
912.148
918.433
922.983
838.34
838.233
839.605
890.976
897.31
898.367
898.474
892.14
883.579
882.207
881.15
900.15
893.864
874.864
869.679
875.964
881.15
862.15
855.593
874.593
881.15
862.483
858.626
858.519
851.102
818.331
788.569
761.26
753.831
733.045
730.26
707.867
707.76
706.702
700.369
698.998
700.369
706.702
706.81
707.867
656.495
707.867
702.681
683.681
677.395
692.443
694.469
724.683
731.24
733.183
738.755
731.955
729.929
723.371
708.324
706.381
701.345
695.714
702.514
708.145
702.574
732.336
737.521
756.521
729.212
668.098
695.407
756.521
755.464
756.836
756.729
763.062
764.119
815.49
814.119
814.226
807.893
756.521
737.521
730.964
733.75
730.964
726.414
672.414
653.748
648.176
563.533
557.248
527.033
522.483
519.636
512.779
493.779
464.017
458.831
477.831
507.593
512.779
511.407
460.036
453.702
452.645
452.538
459.338
452.538
458.11
456.083
486.298
479.74
464.693
459.062
428.848
430.79
436.421
451.469
445.898
452.455
454.481
452.538
506.538
512.371
515.171
521.729
535.729
539.979
560.931
556.288
550.455
547.655
541.098
539.098
534.848
539.49
532.062
511.11
457.11
464.538
437.229
376.114
437.229
464.538
461.752
466.938
496.7
477.7
447.938
442.752
461.752
454.952
448.395
446.452
440.821
410.607
416.179
401.131
403.074
401.048
416.095
418.121
424.921
430.552
460.767
467.324
461.752
480.752
510.514
515.7
485.938
466.938
461.752
434.443
373.329
365.157
351.557
348.757
351.271
358.438
364.724
385.676
415.438
418.238
418.924
413.352
410.838
419.01
432.61
438.181
439.552
453.152
434.152
404.39
409.576
439.338
434.152
453.152
422.938
417.367
415.424
409.793
394.745
388.188
386.162
379.362
433.362
438.933
457.6
462.15
465.96
468.631
470.657
475.207
481.333
508.643
516.06
497.06
467.298
486.298
481.112
486.298
516.06
512.25
510.224
505.674
513.09
540.4
546.526
551.076
553.102
556.912
550.786
523.476
516.06
518.731
516.06
508.643
481.333
484.005
486.031
479.905
475.355
473.329
477.138
474.467
470.657
478.074
505.383
511.51
516.06
522.86
533.831
554.783
599.183
601.126
602.183
603.555
603.662
606.333
579.024
574.474
572.448
569.776
565.967
573.383
579.51
584.06
586.086
589.895
617.205
611.079
603.662
605.033
603.09
602.983
601.612
600.555
556.155
535.202
528.402
530.345
530.452
531.51
575.91
596.862
607.833
614.633
603.662
596.245
600.055
602.726
604.752
609.302
615.429
642.738
650.155
647.483
643.674
616.364
610.238
605.688
603.662
582.71
587.895
617.657
636.657
631.471
601.71
582.71
582.602
581.231
536.831
543.631
554.602
575.555
573.612
572.555
616.955
612.183
613.555
613.662
615.605
608.805
597.833
604.69
607.49
653.724
646.307
650.117
652.788
654.814
659.364
686.674
694.09
700.217
697.545
695.519
690.969
684.843
657.533
653.724
642.752
641.381
640.324
595.924
606.895
605.924
650.324
650.431
651.802
652.86
659.66
659.552
661.495
659.552
638.6
659.552
652.752
654.695
654.802
656.174
657.231
701.631
690.66
711.612
667.212
666.155
664.783
664.676
662.733
669.533
680.505
659.552
663.362
658.812
652.686
650.66
647.988
644.179
651.595
678.905
685.031
689.581
691.607
694.279
686.862
659.552
657.61
657.502
659.445
658.388
665.188
676.16
674.788
719.188
720.245
740.405
740.512
733.712
722.74
701.788
657.388
658.76
654.95
652.279
650.252
645.702
639.576
612.267
604.85
649.25
647.307
647.2
645.829
646.886
653.686
664.657
685.61
686.981
687.088
689.031
682.231
671.26
650.307
650.043
605.643
611.214
615.764
669.764
688.431
682.86
628.86
624.31
605.643
659.643
665.476
670.119
676.676
679.476
672.048
667.798
653.798
647.24
644.44
638.607
617.655
613.012
633.964
641.393
645.643
642.881
588.881
609.833
654.233
655.29
656.662
656.769
658.712
651.912
607.512
586.56
585.502
584.131
584.024
582.081
593.052
582.081
588.881
569.881
540.119
534.933
534.826
541.626
552.598
573.55
572.179
573.236
574.607
619.007
620.95
614.15
603.179
582.226
537.826
536.769
534.826
534.933
545.79
564.79
572.457
574.171
576.314
580.981
581.3
584.1
581.3
627.533
634.39
588.157
581.3
574.5
563.529
563.421
562.05
560.993
516.593
495.64
493.698
495.155
506.012
507.955
510.098
516.655
546.417
557.602
560.45
562.393
567.579
586.579
590.686
586.876
557.114
542.486
531.3
528.452
523.267
504.267
500.16
503.969
502.026
516.655
497.655
495.512
495.193
493.479
498.145
487.288
482.621
474.955
476.869
478.583
486.25
503.655
514.512
516.655
527.84
533.471
536.143
557.095
559.595
589.81
592.143
643.514
643.621
644.679
646.05
652.383
654.526
656.44
667.298
686.298
693.964
695.679
693.964
693.645
691.502
686.836
691.502
683.836
672.979
653.979
651.307
630.355
628.021
622.39
611.205
641.419
643.919
664.871
667.205
669.876
681.062
650.848
656.479
653.979
634.979
637.121
639.036
640.75
648.417
667.417
672.083
682.94
672.083
664.417
662.502
660.36
655.693
653.979
656.779
649.921
647.121
600.888
607.745
653.979
656.005
654.633
654.526
654.633
655.69
662.024
713.395
714.767
713.71
707.376
656.005
666.862
665.405
658.848
656.705
654.762
643.905
645.362
651.919
654.062
656.005
645.148
664.148
671.814
673.529
675.443
673.3
677.967
688.824
669.824
665.157
667.3
665.386
657.719
656.005
625.79
628.29
625.79
604.838
602.505
599.833
630.048
635.679
646.864
635.679
656.631
658.964
653.333
656.005
658.805
672.405
664.233
672.405
658.805
664.376
661.576
656.005
658.519
656.005
666.862
685.862
693.529
674.529
676.671
681.338
670.481
662.814
661.1
659.186
654.519
656.233
654.09
656.005
657.919
663.862
664.548
731.867
755.881
754.824
756.195
757.252
757.36
755.988
704.617
698.283
698.176
749.548
755.881
786.095
774.91
772.576
751.624
749.124
746.452
740.821
710.607
716.238
718.91
721.243
699.386
701.886
713.071
708.405
689.738
685.188
631.188
625.617
623.474
612.617
610.902
603.236
614.093
595.093
614.093
621.76
623.474
625.388
627.531
632.198
630.283
616.683
615.998
586.236
593.402
599.688
620.64
650.402
664.002
665.374
666.06
658.893
637.94
636.569
630.283
676.517
683.374
686.174
683.374
637.14
645.312
638.455
656.655
687.055
684.912
687.055
688.998
699.855
706.412
707.869
697.012
695.555
688.998
687.055
656.84
654.34
651.669
681.883
670.698
649.745
652.245
648.019
632.287
634.884
640.359
651.234
645.759
643.491
666.838
733.838
739.616
721.437
698.721
633.532
633.23
633.878
628.257
627.608
629.23
624.815
622.788
633.059
651.032
658.284
660.095
662.122
666.536
656.266
638.293
631.041
629.419
627.608
627.507
626.507
626.608
627.905
619.806
618.509
612.518
661.113
667.104
668.104
685.32
656.563
648.833
631.617
660.374
668.104
678.374
696.347
703.599
705.221
707.032
709.059
713.473
703.203
695.95
677.977
676.167
674.14
669.725
668.104
662.777
652.196
654.723
670.641
650.271
655.745
632.681
661.285
663.232
665.597
660.833
658.468
669.05
666.523
720.36
743.077
761.856
756.079
755.412
688.412
665.065
648.901
654.523
655.171
703.766
705.063
705.164
706.164
712.155
710.858
703.606
697.615
697.365
697.264
686.993
669.02
667.399
665.588
663.561
659.146
610.552
613.2
569.466
575.953
619.687
613.2
609.092
616.822
634.038
662.795
645.579
637.849
635.2
684.011
673.43
668.104
665.577
663.369
661.005
671.586
700.167
671.586
676.912
675.345
677.775
680.044
682.641
703.012
700.928
699.039
688.484
694.859
696.942
698.831
709.387
703.012
701.595
703.012
704.039
704.144
710.755
721.421
741.792
743.681
786.847
788.181
786.847
785.819
742.653
722.282
711.616
705.005
725.375
768.542
775.153
785.819
787.708
787.813
789.146
790.174
788.285
788.181
788.847
809.471
808.786
739.871
715.857
717.771
723.714
792.629
816.643
810.7
792.5
784.329
753.929
747.595
696.224
694.852
694.745
693.688
693.581
686.781
675.81
654.857
652.914
651.543
650.486
652.429
659.229
670.2
691.152
646.752
691.152
692.21
693.581
693.688
663.474
660.974
663.474
661.14
658.469
669.655
675.286
677.957
672.326
661.14
691.355
712.307
714.64
693.688
738.088
727.117
706.164
661.764
660.707
659.336
659.229
657.286
657.393
658.764
659.821
661.764
682.717
693.688
700.488
693.688
738.088
759.04
752.24
754.183
752.24
752.133
750.762
749.705
749.812
728.86
717.888
719.26
726.06
737.031
738.088
693.688
690.888
644.655
651.512
697.745
690.888
693.688
696.36
707.545
713.176
715.51
704.324
706.824
737.038
731.407
728.736
726.402
705.45
702.95
672.736
693.688
624.774
624.088
618.145
616.231
685.145
685.831
709.845
711.76
717.702
693.688
642.088
676.926
687.898
694.698
687.898
676.926
655.974
611.574
611.681
613.624
634.576
635.633
674.205
673.148
671.776
671.669
669.726
671.098
673.24
679.798
681.255
679.312
677.169
670.612
669.155
658.298
669.155
671.098
676.931
672.74
665.312
661.062
659.062
652.505
649.705
643.871
589.871
585.229
606.181
613.61
627.61
634.167
638.81
692.81
695.61
699.86
710.831
710.724
709.352
708.295
715.095
670.695
649.743
638.771
640.714
640.821
642.193
643.25
687.65
708.602
706.66
705.688
704.631
705.688
716.66
737.612
782.012
783.383
783.49
785.433
778.633
767.662
774.462
753.51
752.138
752.031
750.088
705.688
708.021
705.521
726.474
729.145
734.776
745.962
748.462
718.248
707.062
701.431
698.76
696.426
692.236
722.45
743.402
750.202
761.174
805.574
807.517
808.888
806.945
808.002
806.631
805.574
805.467
794.495
787.695
787.802
766.85
722.45
807.093
785.243
807.326
810.326
817.183
819.517
838.517
841.302
848.674
846.76
840.817
840.131
771.217
747.202
726.25
715.279
708.479
706.536
706.429
705.057
704
659.6
689.362
697.612
703.243
708.429
727.429
731.979
701.764
699.431
696.76
685.574
683.074
677.443
656.49
653.69
646.833
693.067
646.833
649.633
656.49
660.3
667.157
673.957
725.557
673.957
672.014
661.157
662.614
669.171
671.314
669.171
671.114
669.657
680.514
673.957
675.743
677.686
744.786
746.8
739.943
789.657
874.3
883.993
880.907
878.199
881.116
878.199
856.729
854.461
772.169
765.002
746.53
748.799
755.465
773.938
776.646
755.889
753.919
760.498
765.012
778.234
775.512
773.623
765.678
768.4
773.817
776.262
784.206
783.595
778.178
823.127
825.85
832.516
787.567
784.845
778.178
786.199
807.669
810.877
828.572
832.322
835.03
769.794
719.627
717.669
736.141
737.4
740.169
746.326
748.215
813.451
815.41
813.674
815.41
813.521
802.965
796.59
795.174
793.09
791.201
773.507
770.299
748.829
746.12
742.37
745.579
763.273
784.743
787.451
795.472
787.451
791.201
873.493
876.41
897.88
904.546
906.815
909.523
927.995
906.525
903.609
953.775
935.303
956.06
953.792
903.625
821.333
842.014
835.157
813.807
795.607
792.307
770.224
767.438
763.581
755.331
773.531
776.831
785.081
788.938
811.021
813.807
818.993
789.231
783.6
775.35
770.8
779.05
808.812
814.443
833.443
814.443
818.993
813.807
832.007
813.807
809.95
806.65
784.567
781.781
790.031
781.781
784.567
806.65
809.95
813.807
817.107
824.524
826.286
910.929
932.279
936.062
968.505
1001.019
1011.574
1017.731
1020.5
1017.731
1016.472
998
991.843
993.102
1011.574
990.104
987.396
984.188
966.493
962.743
954.722
972.417
993.887
978.192
981.942
989.963
993.171
996.38
1049.518
1051.185
1058.2
1078.396
1098.036
1125.43
1115.43
1112.39
1084.644
1133.239
1084.644
1081.66
1074.644
1072.977
1083.248
1003.18
982.984
981.079
917.606
915.768
914.079
934.968
952.185
955.306
957.941
950.137
932.921
929.273
926.637
923.653
920.532
924.18
931.984
926.038
919.259
919.908
919.259
899.439
927.592
947.412
953.358
966.223
938.07
939.367
938.07
944.849
931.984
975.718
969.232
966.583
922.849
925.498
931.984
883.39
876.374
873.252
853.056
852.64
794.032
804.588
807.796
828.553
910.845
912.558
919.769
884.933
907.017
949.831
927.748
916.89
941.366
944.134
945.394
939.236
920.764
919.505
916.736
922.894
941.366
937.616
945.637
949.387
952.095
973.565
970.856
974.065
966.044
948.35
945.141
923.671
941.366
859.074
856.366
837.894
888.06
970.352
991.109
994.176
997.093
999.361
996.396
999.604
997.891
994.683
984.127
1025.141
1017.931
995.643
973.56
912.445
908.569
932.608
939.624
941.291
1021.358
1014.145
1024.145
1030.461
1033.026
1050.526
1048.377
1042.061
1021.721
1018.912
1016.149
968.623
890.662
896.925
893.417
887.154
880.838
884.346
890.662
887.11
879.511
896.274
899.314
896.748
879.985
882.55
879.645
887.243
890.796
887.757
908.096
964.386
974.386
918.096
926.754
932.987
935.75
939.533
943.441
948.914
952.599
905.283
898.452
901.845
906.139
909.347
930.104
872.036
873.798
881.214
947.557
969.64
958.783
955.483
955.926
954.164
945.914
943.129
924.929
921.629
899.545
895.688
889.355
870.355
869.06
866.212
872.545
891.545
892.84
895.688
980.331
983.631
994.488
996.25
911.607
919.024
915.974
912.674
910.912
900.055
922.138
964.324
979.845
972.429
921.057
898.974
923.947
914.044
885.109
870.887
860.012
857.243
855.354
850.313
846.609
842.616
824.144
825.856
833.067
883.012
904.481
822.19
819.123
759.706
730.04
791.155
769.805
766.505
736.926
740.226
751.083
749.321
741.905
808.248
797.39
799.905
802.576
809.433
873.562
827.329
820.471
817.671
869.271
817.671
877.25
879.958
882.227
888.894
910.363
905.955
825.887
823.002
819.881
837.854
836.187
839.025
790.43
783.414
780.43
770.16
767.953
765.318
758.831
738.635
658.568
648.932
628.043
610.07
607.232
601.241
619.214
601.241
600.016
597.322
603.313
606.007
607.232
589.259
583.932
588.236
583.932
579.027
607.18
625.153
617.349
589.196
597
602.327
607.232
600.745
603.273
609.759
670.421
672.8
670.273
609.61
607.232
606.007
588.034
590.727
591.953
609.926
615.917
613.223
607.232
609.759
616.245
676.908
679.286
676.908
616.245
609.759
607.232
611.624
598.381
594.36
587.333
567.514
561.995
559.347
553.144
548.752
568.572
575.599
579.619
592.863
599.065
601.714
607.232
658.313
648.097
650.304
656.791
638.818
590.007
509.939
503.347
481.877
492.645
485.788
483.455
480.669
532.269
551.269
528.39
531.176
534.96
537.96
603.674
606.188
613.045
677.174
674.66
610.531
603.674
606.345
603.674
597.34
616.34
615.045
616.34
622.674
619.826
600.826
603.674
599.431
593.488
597.488
603.431
594.031
590.031
599.431
606.198
602.09
606.198
610.44
607.44
600.674
603.674
633.436
639.993
660.221
706.455
725.121
727.793
748.745
793.145
794.202
795.574
795.681
797.624
808.595
815.395
808.538
744.41
741.895
739.224
741.895
748.752
751.267
815.395
859.795
859.902
861.845
855.045
844.074
823.121
822.064
820.693
820.586
821.957
820.014
775.614
782.414
793.386
814.338
815.395
830.024
823.167
822.195
818.386
822.195
828.995
835.852
816.852
819.7
838.7
839.995
846.329
843.481
837.148
835.852
837.224
835.281
835.174
879.574
890.545
911.498
912.469
911.098
913.04
906.24
895.269
895.376
850.976
849.919
828.967
830.024
836.824
847.795
846.824
835.852
814.9
835.852
880.252
881.31
882.681
884.624
882.681
882.788
838.388
838.281
836.91
835.852
854.852
857.638
854.143
876.226
879.226
886.083
801.44
794.069
861.95
888.174
869.701
866.993
864.725
858.058
855.141
852.074
829.831
826.866
829.31
891.657
893.926
896.523
929.028
935.694
929.028
926.431
923.986
861.639
866.681
885.153
889.576
895.051
903.072
932.007
903.072
895.051
889.576
885.153
880.111
861.639
861.535
860.59
862.479
862.583
863.917
864.944
908.111
928.481
926.593
933.204
929.13
885.963
884.63
895.296
894.269
883.602
885.87
853.366
851.097
883.602
883.706
889.863
939.808
941.141
942.169
960.641
961.9
964.669
963.41
944.938
938.78
936.012
942.169
928.141
954.979
952.711
909.544
908.516
907.183
907.079
874.574
872.685
879.296
868.63
864.556
863.611
865.5
866.833
866.938
867.965
899.465
903.539
914.206
916.65
951.137
948.692
942.025
948.692
951.289
888.942
886.345
884.076
879.433
911.938
914.206
957.373
956.039
955.935
954.907
975.278
985.944
992.556
949.389
950.417
951.75
947.676
937.009
937.113
935.225
937.113
930.502
885.553
888.15
907.817
905.22
876.285
858.137
851.762
896.711
914.859
943.794
950.169
930.502
928.234
960.738
963.007
930.502
929.475
931.363
951.734
994.9
995.928
985.262
983.928
983.824
981.935
938.769
918.398
929.065
935.676
937.009
937.113
930.502
927.78
914.558
909.141
901.197
909.141
922.363
925.086
930.502
932.947
930.502
938.447
942.961
946.711
959.991
964.116
957.878
955.5
958.027
964.514
932.887
926.401
923.874
984.536
1016.162
1018.369
1008.259
1010.637
1008.43
1007.205
989.232
983.241
980.547
978.709
985.142
995.52
1015.34
1057.34
1058.34
1059.637
1059.739
1061.577
1055.144
1044.766
1002.766
1001.766
1000.468
1000.367
980.547
980.446
979.149
979.25
980.25
986.241
987.538
986.538
1035.133
986.538
980.547
973.574
979.861
958.391
955.475
873.183
866.516
864.248
861.539
843.067
875.572
849.979
817.475
815.206
812.289
810.956
810.852
808.963
805.074
804.046
760.88
740.509
729.843
723.231
717.454
713.329
709.336
715.914
725.053
729.046
732.935
738.713
729.574
732.491
725.912
730.037
740.704
746.66
751.174
758.396
760.479
761.035
793.539
795.808
793.539
788.896
726.549
719.882
717.438
714.84
712.572
745.076
747.345
714.84
719.354
725.933
721.419
714.84
717.109
714.84
747.345
714.84
716.81
743.361
749.317
753.741
757.444
760.042
767.252
768.586
818.53
824.688
824.792
823.458
773.514
767.356
766.329
766.225
767.252
734.748
732.479
728.775
731.373
735.076
741.032
767.583
769.553
766.956
764.986
760.563
767.773
741.222
734.012
728.056
732.479
729.882
736.257
765.192
745.525
700.576
682.428
653.493
656.09
674.238
719.188
712.813
690.859
661.924
653.903
648.428
644.005
625.532
620.491
649.426
657.447
662.921
667.963
686.435
690.859
717.41
720.007
723.711
730.921
727.218
724.62
722.65
718.227
712.271
685.72
678.509
684.465
686.435
690.859
709.007
714.424
766.924
771.347
778.014
771.403
775.106
781.718
775.051
771.347
770.014
769.91
768.882
762.725
764.058
814.002
820.16
821.188
821.292
812.968
786.417
783.819
787.523
780.313
787.523
814.074
820.03
824.454
826.424
829.021
827.051
822.627
816.671
812.968
806
799.889
779.519
750.583
749.25
748.583
735.361
708.81
716.021
742.572
748.528
752.951
754.921
757.519
761.222
755.266
753.296
749.593
742.382
739.785
735.361
755.731
798.898
800.787
800.891
802.225
803.252
809.863
820.53
824.234
826.831
828.801
833.225
839.181
865.731
872.942
869.238
866.641
862.218
856.262
829.711
822.5
820.53
800.16
806.771
817.438
837.808
880.975
882.002
883.336
883.44
885.329
878.718
868.051
866.162
866.058
864.725
863.697
820.53
770.586
764.428
768.317
768.213
768.317
769.345
775.502
825.447
816.308
814.975
813.947
819.725
823.718
826.634
833.213
842.352
838.463
832.685
828.56
824.567
821.65
815.072
816.405
820.53
824.234
826.831
831.255
837.211
863.762
870.972
867.269
864.671
862.701
858.278
852.322
825.771
818.56
820.53
800.16
756.993
763.604
774.271
794.641
837.808
839.141
839.245
841.134
842.162
831.495
829.606
829.502
828.169
827.141
820.53
814.155
820.53
817.933
798.266
780.118
751.183
753.78
708.831
737.766
757.433
802.382
820.53
819.502
776.336
776.231
755.861
745.194
738.583
736.694
710.144
710.248
703.037
701.704
703.037
698.613
699.641
742.808
763.178
773.845
780.456
782.345
776.389
774.419
771.822
768.118
761.507
741.137
697.97
687.303
685.97
687.859
685.97
684.942
685.046
684.942
685.97
729.137
730.47
750.84
761.507
768.118
766.785
760.627
759.6
759.495
709.551
713.625
724.292
730.903
731.007
730.903
729.569
728.542
685.375
665.005
654.338
647.727
685.227
650.282
651.616
649.727
651.616
653.505
649.373
655.984
635.613
628.391
632.523
630.579
624.204
621.481
615.81
620.324
672.824
678.495
681.218
687.593
635.093
630.579
650.949
658.171
668.838
689.208
702.819
703.847
701.958
701.854
700.521
743.688
736.493
732.419
721.752
720.808
720.912
719.884
721.218
735.44
721.218
739.69
744.113
749.588
741.567
749.588
744.546
715.611
711.188
692.715
721.65
716.176
721.218
721.113
719.78
721.669
719.78
719.884
718.856
675.69
655.319
644.653
638.042
644.653
655.319
671.153
714.319
715.347
716.681
727.347
733.958
777.125
797.495
799.384
800.718
800.822
794.211
783.544
763.174
761.285
761.181
759.847
716.681
715.653
716.681
710.069
699.403
679.032
677.699
676.671
676.567
674.678
631.512
611.845
582.91
580.313
573.938
555.789
573.938
528.988
535.363
555.03
599.979
628.914
631.512
684.012
688.435
706.583
701.167
648.667
654.083
649.66
631.512
627.808
621.197
614.53
621.109
625.102
634.241
637.157
633.269
639.046
634.921
630.928
635.053
632.137
625.558
616.419
620.308
614.53
643.905
650.016
732.308
738.975
741.743
746.167
805.583
850.806
864.417
877.75
884.125
890.5
905.13
987.421
1016.796
1038.266
1081.433
1084.03
1040.863
1062.333
1059.736
1066.111
1046.444
1075.38
1093.528
1136.694
1156.361
1158.958
1203.907
1185.759
1156.824
1150.449
1153.046
1131.576
1086.627
1084.03
1112.965
1120.986
1116.563
1111.088
1082.153
1074.132
1078.556
1097.028
1102.069
1097.028
1102.502
1084.03
1091.975
1097.391
1100.113
1113.336
1110.891
1105.475
1102.752
1089.53
1081.586
1084.03
1040.863
1019.394
1040.863
1084.03
1086.627
1084.03
1062.56
1019.394
1016.796
1019.394
1062.56
1072.363
1074.961
1072.363
1029.197
1007.727
1050.894
1053.961
1057.664
1068.539
1070.252
1071.28
1078.248
1091.859
1094.456
1137.623
1135.025
1091.859
1113.329
1110.262
1112.859
1118.637
1112.058
1109.141
1105.148
1101.023
1095.245
1091.356
1097.935
1100.852
1104.845
1108.97
1099.831
1108.97
1112.859
1110.262
1111.289
1118.257
1082.354
1086.058
1082.354
1071.479
1073.192
1071.479
1064.512
1050.9
1053.498
1052.47
1063.345
1057.234
974.942
968.275
965.507
936.132
931.708
934.477
941.144
897.977
876.507
873.91
917.076
938.546
942.97
1025.262
1031.373
1060.748
1063.345
1073.9
1093.567
1048.618
1093.567
1111.715
1140.65
1138.053
1118.387
1120.984
1127.359
1098.424
1092.049
1073.9
1080.868
1081.896
1095.507
1097.22
1108.095
1111.799
1109.201
1111.799
1108.095
1106.382
1105.354
1098.387
1087.512
1073.9
1052.431
1009.264
1006.667
1001.25
983.102
978.678
926.178
915.303
911.6
897.988
911.6
918.567
919.595
921.308
918.711
916.998
920.701
913.734
916.331
915.303
926.178
921.664
915.086
922.053
923.081
924.794
935.669
922.058
915.09
914.063
903.188
899.484
913.095
910.498
908.785
912.488
915.086
933.558
937.981
943.456
951.477
980.412
975.37
956.898
952.475
944.454
915.519
920.56
915.086
922.053
924.65
928.354
939.229
925.618
918.65
920.363
918.65
907.775
904.072
901.475
915.086
914.058
915.086
912.488
923.363
925.076
926.104
933.072
946.683
933.072
922.197
920.484
919.456
912.488
916.192
912.488
915.086
900.863
919.012
947.947
954.322
951.725
932.058
925.683
907.535
862.586
865.183
836.248
881.197
900.863
887.252
880.285
879.257
876.66
874.947
864.072
860.368
853.789
849.9
845.907
841.782
836.005
839.998
842.914
849.493
858.632
855.715
773.424
777.313
774.544
767.877
772.002
765.891
736.516
732.093
722.954
727.377
733.488
815.78
822.447
825.215
854.59
860.368
853.146
849.014
862.625
856.25
853.528
852.394
799.894
795.38
815.75
822.972
827.104
833.479
836.201
841.873
828.262
807.891
858.558
863.072
833.697
840.072
830.169
784.947
783.002
769.669
763.294
756.919
763.294
776.627
790.238
804.868
887.16
804.868
790.238
835.461
894.877
924.252
921.655
903.507
874.572
868.197
848.53
803.581
795.56
790.086
785.662
767.19
762.148
733.213
650.921
644.81
615.435
611.012
608.243
601.576
605.465
609.59
613.583
604.444
611.023
620.162
616.273
610.495
606.37
602.377
599.461
592.882
595.799
601.576
600.965
595.549
592.826
579.604
571.66
563.715
559.965
555.84
550.769
546.126
479.026
485.793
489.793
495.736
499.979
504.086
507.086
516.486
510.543
506.3
502.193
499.193
492.426
483.026
479.026
448.812
387.698
341.183
334.626
320.912
314.355
329.402
315.402
400.045
384.998
391.555
405.269
419.269
465.783
526.898
557.112
472.469
479.026
468.055
467.483
461.357
456.714
449.286
447.143
436.286
431.643
377.643
371.81
369.01
362.452
348.452
344.202
336.774
315.821
312.821
308.714
299.314
293.371
289.129
282.362
278.362
263.314
293.529
354.643
401.157
415.157
428.871
435.429
441.986
501.45
516.498
455.383
408.869
394.869
381.155
374.598
368.04
283.398
253.183
168.54
122.026
108.026
94.312
87.755
72.707
66.15
61.114
0
