0.055
0.037
0.036
0.036
0.039
0.037
0.119
0.037
0.037
0.036
0.035
0.035
0.034
0.036
0.036
0.035
0.036
0.034
0.035
0.035
0.038
0.035
0.035
0.035
0.055
0.061
0.036
0.042
0.035
0.038
0.035
0.034
0.035
0.035
0.037
0.034
0.035
0.034
0.109
0.034
0.035
0.037
0.036
0.035
0.036
0.035
0.035
0.065
0.036
0.035
0.04
0.034
0.036
0.035
0.038
0.036
0.036
0.036
0.035
0.036
0.036
0.036
0.037
0.035
0.035
0.035
0.035
0.035
0.091
0.037
0.034
0.037
0.035
0.036
0.09
0.036
0.112
0.044
0.043
0.043
0.043
0.045
0.036
0.035
0.038
0.035
0.035
0.037
0.035
0.035
0.035
0.034
0.035
0.034
0.046
0.049
0.038
0.035
0.039
0.082
0.036
0.038
0.034
0.035
0.035
0.037
0.08
0.034
0.08
0.08
0.087
0.036
0.034
0.036
0.038
0.035
0.034
0.038
0.036
0.039
0.036
0.037
0.035
0.037
0.035
0.035
0.034
0.035
0.037
0.035
0.034
0.035
0.037
0.036
0.035
0.035
0.081
0.035
0.088
0.096
0.041
0.041
0.037
0.035
0.036
0.036
0.106
0.034
0.05
0.035
0.101
0.08
0.049
0.043
0.141
0.123
0.107
0.042
0.035
0.035
0.042
0.043
0.035
0.042
0.045
0.035
0.046
0.042
0.041
0.036
0.099
0.035
0.08
0.036
0.038
0.034
0.035
0.1
0.042
0.041
0.041
0.039
0.035
0.035
0.05
0.042
0.034
0.035
0.141
0.121
0.046
0.056
0.106
0.055
0.043
0.154
0.06
0.038
0.036
0.034
0.055
0.039
0.039
0.035
0.048
0.037
0.039
0.034
0.035
0.035
0.034
0.035
0.034
0.034
0.035
0.037
0.035
0.034
0.045
0.046
0.037
0.069
0.07
0.062
0.06
0.068
0.186
0.071
0.059
0.08
0.069
0.097
0.079
0.081
0.076
0.073
0.071
0.342
0.084
0.063
0.189
0.079
0.074
0.088
0.078
0.207
0.329
0.113
0.116
0.112
0.081
0.073
0.298
0.209
0.077
0.32
0.092
0.081
1.878
0.081
0.064
0.062
0.053
0.057
0.099
0.219
0.081
0.069
0.092
0.312
0.105
0.564
0.123
0.109
0.136
0.12
0.159
0.089
0.079
0.067
0.102
0.15
0.131
0.08
0.056
0.077
0.093
0.079
0.071
0.326
0.09
0.096
0.151
0.114
0.164
0.063
0.16
0.064
0.176
0.208
0.101
0.106
0.064
0.064
0.08
0.07
0.114
0.1
0.114
0.062
0.166
0.162
0.066
0.071
0.118
0.101
0.099
0.12
0.228
0.061
0.172
0.07
0.107
0.103
0.106
0.106
0.103
0.112
0.199
0.084
0.078
0.075
0.069
0.113
0.067
0.062
0.074
0.064
0.058
0.092
0.118
0.093
0.358
0.087
0.059
0.065
0.238
0.178
0.128
0.216
0.095
0.081
0.124
0.135
0.117
0.073
0.073
0.101
0.628
0.116
0.138
0.107
0.106
0.112
0.078
0.082
0.254
0.079
0.072
0.058
0.052
0.052
0.07
0.071
0.068
0.131
0.12
0.081
0.086
0.149
0.05
0.052
0.125
0.172
0.037
0.152
0.055
0.038
0.053
0.083
0.216
0.159
0.162
0.069
0.116
0.185
0.053
0.056
0.088
0.068
0.106
0.129
0.071
0.054
0.109
0.2
0.073
0.091
0.3
0.16
0.089
0.057
0.165
0.096
0.06
0.059
0.06
0.058
0.14
0.141
0.061
0.085
0.067
0.068
0.073
0.229
0.067
0.154
0.113
0.055
0.219
0.069
0.066
0.056
0.091
0.058
0.189
0.098
0.083
0.199
0.214
0.069
0.056
0.097
0.072
0.091
0.068
0.057
0.057
0.055
0.07
0.056
0.092
0.166
0.192
0.071
0.181
0.057
0.091
0.04
0.041
0.043
0.094
0.048
0.09
0.053
0.178
0.188
0.079
0.083
0.084
0.103
0.063
0.061
0.059
0.055
0.055
0.065
0.069
0.068
0.062
0.066
0.077
0.054
0.055
0.085
0.07
0.051
0.172
0.085
0.067
0.06
0.143
0.065
0.066
0.26
0.124
0.088
0.093
0.133
0.061
0.065
0.059
0.067
0.075
0.061
0.181
0.052
0.052
0.056
0.066
0.091
0.085
0.07
0.073
0.085
0.073
0.071
0.071
0.072
0.126
0.15
0.055
0.072
0.089
0.153
0.126
0.228
0.08
0.093
0.094
0.157
0.036
0.036
0.039
0.088
0.096
0.048
0.046
0.131
0.049
0.049
0.048
0.05
0.05
0.05
0.048
0.106
0.039
0.072
0.069
0.066
0.061
0.042
0.042
0.12
0.062
0.054
0.127
0.144
0.091
0.042
0.042
0.042
0.041
0.041
0.042
0.082
0.088
0.041
0.042
0.042
0.042
0.045
0.116
0.042
0.049
0.128
0.084
0.082
0.044
0.04
0.081
0.113
0.048
0.05
0.048
0.05
0.048
0.046
0.142
0.053
0.056
0.045
0.042
0.064
0.043
0.044
0.04
0.041
0.035
0.042
0.042
0.041
0.039
0.034
0.044
0.04
0.042
0.042
0.043
0.041
0.041
0.04
0.043
0.041
0.04
0.042
0.041
0.107
0.078
0.064
0.133
0.11
0.04
0.046
0.041
0.036
0.105
0.05
0.034
0.043
0.033
0.111
0.034
0.036
0.034
0.033
0.035
0.044
0.041
0.041
0.043
0.041
0.046
0.044
0.094
0.117
0.033
0.038
0.077
0.047
0.151
0.039
0.035
0.036
0.034
0.035
0.1
0.117
0.035
0.034
0.033
0.049
0.117
0.041
0.035
0.096
0.047
0.083
0.046
0.034
0.035
0.036
0.035
0.034
0.035
0.034
0.035
0.082
0.036
0.041
0.043
0.077
0.061
0.124
0.061
0.041
0.04
0.11
0.044
0.041
0.119
0.034
0.036
0.078
0.041
0.043
0.139
0.049
0.051
0.13
0.048
0.048
0.155
0.054
0.055
0.058
0.055
0.055
0.054
0.056
0.056
0.147
0.049
0.04
0.041
0.034
0.126
0.044
0.045
0.046
0.04
0.106
0.041
0.041
0.048
0.042
0.06
0.041
0.122
0.127
0.043
0.049
0.043
0.041
0.044
0.059
0.051
0.039
0.036
0.035
0.036
0.084
0.036
0.108
0.048
0.036
0.103
0.043
0.048
0.042
0.044
0.051
0.096
0.086
0.035
0.102
0.043
0.039
0.04
0.041
0.041
0.116
0.048
0.047
0.042
0.035
0.034
0.034
0.039
0.033
0.034
0.035
0.037
0.034
0.034
0.034
0.079
0.086
0.04
0.041
0.041
0.05
0.185
0.061
0.04
0.041
0.04
0.039
0.041
0.048
0.047
0.046
0.046
0.044
0.056
0.043
0.041
0.044
0.043
0.042
0.042
0.115
0.043
0.132
0.043
0.046
0.041
0.041
0.041
0.045
0.048
0.055
0.041
0.052
0.051
0.048
0.05
0.043
0.048
0.045
0.047
0.044
0.05
0.208
0.063
0.044
0.04
0.04
0.042
0.102
0.112
0.099
0.047
0.113
0.041
0.042
0.04
0.039
0.044
0.044
0.04
0.13
0.106
0.063
0.062
0.055
0.06
0.065
0.046
0.049
0.034
0.059
0.06
0.064
0.061
0.041
0.036
0.043
0.048
0.048
0.047
0.046
0.047
0.048
0.138
0.054
0.057
0.041
0.044
0.041
0.062
0.057
0.042
0.045
0.041
0.04
0.043
0.041
0.131
0.061
0.055
0.048
0.046
0.047
0.049
0.054
0.051
0.138
0.051
0.035
0.043
0.034
0.036
0.034
0.037
0.077
0.159
0.051
0.151
0.048
0.049
0.052
0.046
0.048
0.049
0.065
0.061
0.092
0.045
0.04
0.041
0.058
0.047
0.048
0.046
0.048
0.043
0.125
0.043
0.053
0.058
0.054
0.057
0.055
0.056
0.053
0.057
0.054
0.057
0.059
0.054
0.055
0.054
0.054
0.054
0.053
0.049
0.054
0.034
0.057
0.047
0.05
0.069
0.049
0.072
0.049
0.056
0.06
0.058
0.049
0.055
0.056
0.056
0.056
0.052
0.116
0.049
0.05
0.068
0.048
0.045
0.078
0.055
0.043
0.042
0.045
0.048
0.05
0.07
0.07
0.065
0.071
0.069
0.058
0.061
0.073
0.168
0.164
0.184
0.092
0.059
0.063
0.042
0.059
0.113
0.042
0.106
0.106
0.107
0.042
0.044
0.065
0.062
0.063
0.064
0.062
0.069
0.074
0.067
0.063
0.063
0.063
0.043
0.043
0.044
0.041
0.041
0.066
0.05
0.041
0.041
0.11
0.057
0.058
0.166
0.051
0.188
0.065
0.064
0.042
0.063
0.041
0.042
0.064
0.042
0.042
0.041
0.042
0.043
0.04
0.044
0.041
0.082
0.057
0.054
0.056
0.057
0.059
0.054
0.055
0.057
0.042
0.042
0.046
0.042
0.041
0.05
0.051
0.049
0.05
0.048
0.05
0.051
0.044
0.116
0.042
0.044
0.041
0.111
0.041
0.081
0.056
0.057
0.067
0.058
0.115
0.063
0.051
0.05
0.045
0.049
0.05
0.061
0.043
0.049
0.169
0.049
0.052
0.048
0.074
0.061
0.052
0.049
0.052
0.05
0.053
0.063
0.052
0.067
0.043
0.048
0.047
0.046
0.049
0.119
0.043
0.044
0.057
0.057
0.05
0.059
0.05
0.051
0.078
0.054
0.052
0.052
0.162
0.2
0.06
0.065
0.063
0.065
0.11
0.106
0.072
0.061
0.063
0.062
0.065
0.043
0.042
0.063
0.07
0.066
0.063
0.066
0.062
0.062
0.064
0.053
0.049
0.058
0.066
0.065
0.066
0.065
0.064
0.067
0.059
0.058
0.061
0.055
0.071
0.066
0.101
0.056
0.067
0.065
0.069
0.046
0.063
0.069
0.063
0.057
0.066
0.206
0.065
0.054
0.062
0.056
0.059
0.055
0.056
0.06
0.056
0.06
0.204
0.051
0.05
0.049
0.05
0.054
0.053
0.052
0.055
0.046
0.043
0.048
0.046
0.045
0.133
0.046
0.062
0.1
0.126
0.044
0.048
0.043
0.044
0.043
0.043
0.044
0.044
0.129
0.05
0.063
0.045
0.188
0.076
0.078
0.082
0.078
0.083
0.24
0.232
0.089
0.094
0.095
0.071
0.096
0.092
0.096
0.089
0.089
0.096
0.101
0.188
0.196
0.192
0.196
0.081
0.08
0.08
0.088
0.077
0.105
0.114
0.104
0.103
0.097
0.1
0.117
0.116
0.103
0.114
0.103
0.11
0.106
0.112
0.119
0.116
0.107
0.108
0.296
0.345
0.298
0.343
0.087
0.114
0.123
0.094
0.088
0.092
0.087
0.092
0.059
0.058
0.065
0.047
0.071
0.06
0.061
0.061
0.24
0.062
0.189
0.186
0.06
0.064
0.203
0.223
0.067
0.047
0.069
0.068
0.071
0.067
0.067
0.048
0.044
0.047
0.045
0.044
0.045
0.044
0.078
0.069
0.068
0.071
0.069
0.07
0.187
0.069
0.222
0.073
0.048
0.062
0.053
0.053
0.056
0.055
0.056
0.057
0.055
0.059
0.055
0.058
0.071
0.057
0.054
0.053
0.173
0.146
0.06
0.054
0.055
0.052
0.047
0.046
0.069
0.066
0.068
0.084
0.071
0.089
0.072
0.048
0.069
0.046
0.052
0.049
0.046
0.049
0.045
0.048
0.045
0.044
0.046
0.048
0.045
0.044
0.053
0.044
0.044
0.051
0.052
0.052
0.051
0.053
0.052
0.07
0.066
0.066
0.071
0.069
0.066
0.069
0.067
0.066
0.057
0.071
0.187
0.064
0.065
0.064
0.06
0.059
0.059
0.076
0.187
0.066
0.067
0.065
0.057
0.184
0.518
0.357
0.121
0.277
0.064
0.056
0.084
0.085
0.135
0.057
0.058
0.056
0.069
0.059
0.062
0.113
0.05
0.065
0.059
0.042
0.043
0.056
0.058
0.056
0.055
0.066
0.064
0.066
0.061
0.062
0.061
0.062
0.052
0.042
0.044
0.059
0.045
0.043
0.048
0.051
0.045
0.066
0.062
0.05
0.044
0.045
0.042
0.042
0.125
0.045
0.044
0.059
0.059
0.067
0.067
0.058
0.059
0.08
0.069
0.066
0.07
0.071
0.06
0.06
0.064
0.084
0.046
0.059
0.044
0.051
0.047
0.069
0.057
0.058
0.063
0.051
0.054
0.052
0.046
0.044
0.045
0.046
0.048
0.062
0.208
0.061
0.063
0.055
0.081
0.067
0.172
0.051
0.049
0.051
0.047
0.052
0.048
0.043
0.057
0.049
0.058
0.047
0.053
0.043
0.052
0.057
0.056
0.049
0.051
0.22
0.05
0.052
0.05
0.048
0.042
0.043
0.041
0.05
0.05
0.05
0.047
0.047
0.047
0.05
0.06
0.057
0.057
0.059
0.162
0.057
0.062
0.089
0.066
0.061
0.067
0.062
0.042
0.041
0.042
0.045
0.043
0.06
0.065
0.063
0.062
0.063
0.061
0.066
0.049
0.048
0.048
0.054
0.042
0.044
0.042
0.044
0.043
0.041
0.042
0.042
0.06
0.063
0.059
0.17
0.062
0.055
0.057
0.061
0.063
0.063
0.054
0.064
0.048
0.064
0.041
0.055
0.052
0.061
0.047
0.052
0.049
0.048
0.05
0.05
0.048
0.05
0.051
0.049
0.048
0.051
0.051
0.049
0.051
0.048
0.066
0.054
0.051
0.063
0.062
0.067
0.049
0.06
0.048
0.052
0.054
0.063
0.064
0.064
0.065
0.062
0.065
0.061
0.049
0.051
0.131
0.148
0.049
0.052
0.055
0.057
0.057
0.054
0.057
0.056
0.041
0.041
0.04
0.041
0.042
0.044
0.041
0.041
0.043
0.071
0.051
0.044
0.042
0.044
0.049
0.117
0.044
0.152
0.044
0.042
0.041
0.136
0.177
0.046
0.044
0.041
0.046
0.135
0.042
0.045
0.115
0.042
0.042
0.041
0.043
0.049
0.052
0.145
0.048
0.051
0.051
0.048
0.05
0.056
0.049
0.049
0.051
0.049
0.052
0.051
0.047
0.042
0.043
0.04
0.054
0.054
0.049
0.042
0.118
0.049
0.051
0.048
0.05
0.058
0.056
0.06
0.055
0.058
0.056
0.055
0.057
0.056
0.058
0.06
0.055
0.054
0.057
0.059
0.055
0.057
0.054
0.045
0.042
0.042
0.041
0.044
0.132
0.065
0.043
0.066
0.061
0.061
0.064
0.061
0.063
0.063
0.068
0.052
0.139
0.049
0.056
0.049
0.043
0.063
0.064
0.06
0.06
0.072
0.061
0.063
0.065
0.054
0.057
0.054
0.055
0.053
0.053
0.053
0.053
0.056
0.055
0.054
0.057
0.054
0.056
0.056
0.054
0.055
0.057
0.054
0.055
0.055
0.053
0.052
0.054
0.056
0.168
0.058
0.048
0.051
0.048
0.047
0.049
0.047
0.041
0.055
0.053
0.057
0.053
0.054
0.055
0.055
0.177
0.049
0.047
0.05
0.047
0.047
0.049
0.047
0.053
0.057
0.047
0.042
0.05
0.041
0.047
0.041
0.047
0.046
0.18
0.045
0.04
0.161
0.04
0.039
0.054
0.118
0.041
0.055
0.053
0.057
0.17
0.055
0.054
0.053
0.053
0.04
0.054
0.06
0.054
0.055
0.048
0.161
0.112
0.174
0.063
0.062
0.062
0.06
0.064
0.062
0.06
0.058
0.04
0.042
0.102
0.051
0.04
0.04
0.041
0.043
0.041
0.181
0.04
0.05
0.048
0.047
0.054
0.052
0.053
0.057
0.052
0.054
0.047
0.054
0.048
0.05
0.048
0.047
0.049
0.138
0.075
0.125
0.068
0.067
0.065
0.06
0.073
0.055
0.054
0.057
0.055
0.057
0.055
0.053
0.054
0.056
0.053
0.056
0.058
0.061
0.054
0.054
0.055
0.053
0.054
0.054
0.057
0.054
0.056
0.053
0.056
0.055
0.055
0.166
0.056
0.055
0.054
0.054
0.053
0.058
0.056
0.04
0.049
0.047
0.046
0.048
0.05
0.047
0.049
0.057
0.055
0.079
0.055
0.056
0.055
0.04
0.165
0.052
0.299
0.077
0.064
0.118
0.078
0.085
0.204
0.043
0.044
0.04
0.04
0.061
0.056
0.247
0.075
0.316
0.072
0.072
0.056
0.085
0.088
0.086
0.065
0.086
0.057
0.055
0.08
0.083
0.056
0.062
0.057
0.064
0.055
0.192
0.064
0.068
0.061
0.044
0.046
0.042
0.049
0.049
0.049
0.147
0.06
0.056
0.055
0.056
0.055
0.055
0.055
0.054
0.052
0.055
0.055
0.064
0.177
0.057
0.049
0.049
0.051
0.048
0.044
0.056
0.048
0.042
0.055
0.058
0.059
0.06
0.058
0.061
0.061
0.061
0.18
0.055
0.064
0.062
0.065
0.065
0.06
0.058
0.174
0.058
0.055
0.055
0.054
0.057
0.054
0.054
0.065
0.064
0.068
0.063
0.063
0.061
0.062
0.064
0.043
0.045
0.042
0.044
0.058
0.056
0.058
0.08
0.059
0.042
0.063
0.057
0.055
0.06
0.055
0.058
0.057
0.056
0.055
0.06
0.055
0.055
0.042
0.042
0.043
0.042
0.051
0.048
0.048
0.051
0.056
0.054
0.256
0.061
0.06
0.056
0.056
0.061
0.055
0.055
0.06
0.059
0.056
0.176
0.055
0.058
0.058
0.175
0.056
0.042
0.041
0.041
0.043
0.042
0.041
0.121
0.042
0.066
0.042
0.067
0.061
0.064
0.064
0.061
0.065
0.063
0.062
0.042
0.041
0.042
0.042
0.041
0.043
0.04
0.041
0.065
0.064
0.063
0.064
0.063
0.064
0.062
0.062
0.064
0.052
0.041
0.048
0.052
0.057
0.048
0.048
0.055
0.056
0.058
0.059
0.062
0.062
0.062
0.061
0.062
0.063
0.06
0.062
0.046
0.041
0.053
0.042
0.051
0.05
0.141
0.051
0.049
0.051
0.142
0.052
0.048
0.051
0.042
0.042
0.044
0.042
0.041
0.113
0.041
0.042
0.06
0.056
0.058
0.056
0.044
0.116
0.042
0.041
0.06
0.056
0.041
0.055
0.055
0.063
0.049
0.048
0.146
0.056
0.05
0.057
0.057
0.054
0.049
0.05
0.056
0.052
0.05
0.048
0.055
0.056
0.054
0.055
0.083
0.074
0.067
0.062
0.066
0.064
0.061
0.062
0.122
0.043
0.041
0.045
0.041
0.159
0.042
0.061
0.113
0.066
0.048
0.051
0.05
0.049
0.059
0.056
0.057
0.055
0.058
0.055
0.058
0.055
0.05
0.048
0.049
0.048
0.063
0.055
0.056
0.055
0.058
0.055
0.055
0.059
0.055
0.069
0.076
0.072
0.054
0.056
0.07
0.057
0.074
0.097
0.098
0.061
0.082
0.062
0.064
0.067
0.057
0.056
0.056
0.056
0.055
0.058
0.055
0.058
0.057
0.054
0.055
0.069
0.065
0.048
0.048
0.055
0.048
0.055
0.06
0.06
0.051
0.086
0.06
0.065
0.063
0.061
0.057
0.124
0.054
0.057
0.053
0.081
0.051
0.046
0.083
0.061
0.06
0.063
0.047
0.047
0.047
0.05
0.048
0.091
0.048
0.046
0.048
0.048
0.069
0.061
0.063
0.066
0.076
0.063
0.041
0.04
0.047
0.049
0.046
0.046
0.062
0.05
0.049
0.046
0.046
0.054
0.047
0.051
0.047
0.047
0.047
0.081
0.066
0.061
0.051
0.05
0.048
0.047
0.056
0.052
0.055
0.055
0.05
0.144
0.061
0.048
0.049
0.047
0.06
0.047
0.054
0.055
0.047
0.056
0.069
0.074
0.086
0.055
0.054
0.05
0.067
0.046
0.048
0.047
0.048
0.053
0.047
0.048
0.087
0.049
0.047
0.047
0.045
0.049
0.048
0.135
0.134
0.079
0.097
0.049
0.048
0.095
0.091
0.059
0.041
0.081
0.043
0.079
0.056
0.04
0.078
0.116
0.063
0.06
0.133
0.06
0.092
0.059
0.101
0.064
0.074
0.053
0.056
0.054
0.068
0.074
0.04
0.106
0.041
0.041
0.045
0.04
0.047
0.126
0.041
0.059
0.059
0.063
0.062
0.06
0.063
0.06
0.057
0.054
0.054
0.079
0.057
0.052
0.054
0.055
0.053
0.055
0.06
0.065
0.047
0.05
0.047
0.046
0.049
0.048
0.041
0.047
0.041
0.041
0.042
0.039
0.047
0.041
0.039
0.048
0.048
0.046
0.047
0.051
0.047
0.046
0.05
0.046
0.05
0.046
0.047
0.067
0.057
0.064
0.045
0.057
0.083
0.062
0.046
0.12
0.048
0.046
0.05
0.048
0.047
0.206
0.071
0.049
0.051
0.054
0.056
0.152
0.049
0.054
0.047
0.054
0.054
0.071
0.069
0.053
0.06
0.054
0.069
0.056
0.095
0.064
0.063
0.056
0.054
0.089
0.055
0.16
0.062
0.05
0.046
0.049
0.047
0.049
0.048
0.062
0.089
0.06
0.058
0.051
0.075
0.047
0.048
0.061
0.046
0.052
0.047
0.047
0.05
0.048
0.047
0.074
0.062
0.052
0.054
0.054
0.055
0.053
0.057
0.056
0.072
0.055
0.084
0.053
0.046
0.061
0.063
0.054
0.053
0.053
0.056
0.053
0.054
0.055
0.054
0.055
0.052
0.048
0.05
0.047
0.051
0.046
0.049
0.055
0.052
0.047
0.048
0.048
0.05
0.058
0.059
0.055
0.056
0.058
0.056
0.067
0.055
0.055
0.047
0.049
0.048
0.049
0.051
0.048
0.049
0.05
0.047
0.049
0.047
0.053
0.145
0.049
0.062
0.134
0.144
0.061
0.061
0.058
0.065
0.055
0.055
0.137
0.057
0.057
0.057
0.05
0.05
0.049
0.058
0.049
0.048
0.051
0.05
0.048
0.053
0.052
0.055
0.05
0.051
0.048
0.057
0.14
0.157
0.05
0.047
0.149
0.165
0.161
0.053
0.059
0.063
0.06
0.058
0.06
0.057
0.059
0.057
0.051
0.051
0.052
0.054
0.058
0.061
0.05
0.053
0.05
0.05
0.05
0.051
0.05
0.051
0.052
0.054
0.05
0.052
0.055
0.172
0.056
0.061
0.06
0.051
0.05
0.052
0.052
0.052
0.05
0.053
0.151
0.059
0.059
0.06
0.058
0.058
0.058
0.051
0.051
0.155
0.058
0.057
0.06
0.058
0.061
0.062
0.058
0.059
0.062
0.058
0.083
0.23
0.118
0.089
0.082
0.071
0.075
0.074
0.074
0.07
0.072
0.082
0.067
0.061
0.07
0.213
0.064
0.078
0.065
0.076
0.078
0.07
0.067
0.077
0.056
0.052
0.05
0.048
0.05
0.048
0.151
0.151
0.056
0.056
0.054
0.057
0.057
0.058
0.056
0.058
0.056
0.058
0.054
0.056
0.055
0.18
0.055
0.055
0.058
0.056
0.057
0.058
0.055
0.055
0.082
0.054
0.056
0.057
0.059
0.055
0.058
0.056
0.054
0.057
0.056
0.059
0.055
0.056
0.059
0.055
0.174
0.056
0.058
0.056
0.165
0.187
0.057
0.056
0.059
0.056
0.054
0.059
0.056
0.054
0.058
0.055
0.057
0.057
0.055
0.057
0.138
0.055
0.056
0.05
0.049
0.049
0.049
0.048
0.049
0.051
0.056
0.059
0.055
0.056
0.058
0.158
0.087
0.056
0.057
0.056
0.049
0.048
0.049
0.051
0.049
0.058
0.057
0.055
0.049
0.053
0.048
0.049
0.049
0.048
0.051
0.06
0.077
0.06
0.058
0.056
0.058
0.055
0.058
0.05
0.049
0.377
0.079
0.078
0.067
0.257
0.065
0.062
0.049
0.052
0.057
0.052
0.054
0.156
0.055
0.055
0.155
0.071
0.062
0.055
0.057
0.052
0.049
0.059
0.061
0.054
0.054
0.056
0.058
0.055
0.055
0.059
0.056
0.051
0.058
0.05
0.051
0.049
0.051
0.051
0.052
0.049
0.055
0.055
0.058
0.055
0.055
0.057
0.055
0.059
0.059
0.055
0.059
0.056
0.055
0.05
0.049
0.048
0.049
0.053
0.162
0.058
0.055
0.057
0.057
0.056
0.06
0.055
0.055
0.056
0.055
0.058
0.056
0.056
0.059
0.055
0.054
0.058
0.054
0.057
0.056
0.056
0.058
0.058
0.056
0.058
0.054
0.087
0.055
0.05
0.048
0.051
0.048
0.051
0.053
0.048
0.059
0.055
0.057
0.058
0.056
0.058
0.054
0.058
0.163
0.056
0.059
0.055
0.054
0.055
0.055
0.054
0.054
0.055
0.056
0.058
0.055
0.057
0.055
0.138
0.049
0.058
0.048
0.055
0.055
0.157
0.052
0.048
0.049
0.048
0.051
0.048
0.055
0.154
0.056
0.054
0.054
0.176
0.164
0.165
0.056
0.054
0.144
0.052
0.052
0.05
0.051
0.183
0.061
0.05
0.059
0.06
0.191
0.067
0.065
0.091
0.064
0.063
0.064
0.063
0.066
0.057
0.05
0.056
0.051
0.05
0.051
0.066
0.049
0.054
0.051
0.055
0.059
0.058
0.059
0.055
0.057
0.055
0.066
0.053
0.059
0.063
0.08
0.062
0.052
0.066
0.06
0.064
0.061
0.059
0.059
0.059
0.059
0.06
0.063
0.06
0.052
0.056
0.053
0.054
0.062
0.059
0.059
0.06
0.059
0.062
0.06
0.055
0.052
0.068
0.06
0.062
0.065
0.074
0.056
0.052
0.056
0.052
0.061
0.067
0.062
0.06
0.061
0.065
0.063
0.061
0.063
0.061
0.06
0.156
0.144
0.054
0.054
0.053
0.053
0.057
0.057
0.055
0.069
0.071
0.068
0.07
0.069
0.072
0.067
0.068
0.056
0.069
0.064
0.062
0.056
0.06
0.065
0.06
0.062
0.061
0.06
0.063
0.061
0.061
0.192
0.063
0.066
0.062
0.064
0.062
0.062
0.062
0.061
0.062
0.064
0.063
0.058
0.059
0.096
0.07
0.065
0.053
0.055
0.157
0.055
0.062
0.054
0.091
0.065
0.061
0.064
0.063
0.061
0.06
0.063
0.061
0.062
0.065
0.06
0.062
0.062
0.064
0.053
0.058
0.061
0.069
0.054
0.059
0.053
0.053
0.057
0.056
0.054
0.058
0.06
0.061
0.062
0.059
0.059
0.061
0.062
0.06
0.053
0.055
0.054
0.055
0.054
0.054
0.073
0.052
0.066
0.055
0.061
0.063
0.062
0.055
0.064
0.054
0.055
0.063
0.2
0.056
0.066
0.055
0.062
0.053
0.058
0.061
0.056
0.053
0.056
0.067
0.063
0.063
0.194
0.065
0.061
0.054
0.062
0.063
0.053
0.054
0.065
0.066
0.061
0.061
0.066
0.06
0.143
0.062
0.06
0.063
0.053
0.179
0.054
0.062
0.056
0.059
0.056
0.056
0.055
0.056
0.071
0.066
0.063
0.071
0.067
0.063
0.059
0.064
0.055
0.054
0.075
0.071
0.076
0.069
0.072
0.072
0.077
0.071
0.073
0.067
0.063
0.075
0.096
0.066
0.053
0.057
0.056
0.062
0.053
0.053
0.057
0.054
0.054
0.055
0.055
0.057
0.054
0.054
0.076
0.055
0.062
0.068
0.07
0.053
0.066
0.061
0.057
0.056
0.059
0.056
0.063
0.064
0.064
0.062
0.062
0.062
0.06
0.054
0.054
0.062
0.055
0.057
0.053
0.062
0.058
0.054
0.056
0.064
0.063
0.062
0.065
0.067
0.055
0.058
0.066
0.057
0.063
0.057
0.062
0.061
0.062
0.056
0.054
0.054
0.057
0.056
0.054
0.063
0.054
0.056
0.053
0.054
0.052
0.059
0.053
0.056
0.055
0.054
0.054
0.061
0.061
0.084
0.062
0.053
0.053
0.057
0.055
0.053
0.164
0.052
0.056
0.152
0.057
0.151
0.243
0.462
0.054
0.053
0.08
0.089
0.095
0.055
0.052
0.056
0.205
0.112
0.104
0.057
0.055
0.059
0.063
0.062
0.062
0.061
0.064
0.062
0.06
0.061
0.065
0.062
0.054
0.054
0.055
0.057
0.055
0.054
0.058
0.054
0.053
0.054
0.06
0.066
0.053
0.058
0.056
0.057
0.053
0.056
0.057
0.054
0.054
0.054
0.055
0.101
0.056
0.055
0.052
0.055
0.054
0.053
0.054
0.056
0.056
0.055
0.062
0.066
0.062
0.071
0.065
0.177
0.188
0.117
0.064
0.055
0.056
0.059
0.153
0.057
0.053
0.055
0.056
0.057
0.052
0.052
0.059
0.053
0.054
0.057
0.06
0.065
0.063
0.059
0.19
0.189
0.064
0.169
0.06
0.062
0.063
0.064
0.064
0.062
0.063
0.06
0.06
0.062
0.157
0.056
0.054
0.056
0.08
0.068
0.063
0.061
0.061
0.063
0.061
0.06
0.06
0.064
0.061
0.065
0.061
0.06
0.065
0.054
0.086
0.057
0.059
0.057
0.06
0.068
0.066
0.055
0.06
0.063
0.063
0.06
0.063
0.062
0.059
0.059
0.061
0.055
0.183
0.053
0.053
0.064
0.049
0.052
0.049
0.051
0.049
0.053
0.049
0.052
0.056
0.06
0.054
0.062
0.056
0.061
0.062
0.075
0.065
0.052
0.053
0.055
0.051
0.053
0.048
0.05
0.048
0.051
0.058
0.048
0.049
0.047
0.049
0.048
0.054
0.05
0.049
0.056
0.061
0.047
0.058
0.066
0.058
0.058
0.066
0.068
0.067
0.119
0.096
0.077
0.202
0.06
0.057
0.058
0.057
0.057
0.154
0.178
0.067
0.048
0.049
0.048
0.051
0.058
0.051
0.065
0.062
0.063
0.068
0.065
0.062
0.066
0.057
0.059
0.059
0.054
0.058
0.055
0.057
0.054
0.057
0.055
0.059
0.057
0.059
0.055
0.058
0.054
0.057
0.054
0.049
0.175
0.051
0.048
0.056
0.057
0.056
0.049
0.054
0.054
0.051
0.048
0.055
0.084
0.058
0.053
0.051
0.056
0.058
0.058
0.062
0.048
0.048
0.049
0.056
0.056
0.057
0.057
0.056
0.055
0.055
0.055
0.058
0.056
0.056
0.048
0.055
0.054
0.059
0.054
0.058
0.054
0.053
0.057
0.058
0.055
0.055
0.054
0.059
0.049
0.05
0.052
0.047
0.049
0.141
0.055
0.05
0.047
0.047
0.052
0.056
0.057
0.214
0.066
0.062
0.061
0.065
0.065
0.061
0.051
0.05
0.144
0.051
0.049
0.047
0.141
0.062
0.061
0.203
0.069
0.072
0.069
0.073
0.073
0.055
0.054
0.059
0.055
0.055
0.056
0.056
0.057
0.054
0.068
0.049
0.054
0.058
0.054
0.054
0.053
0.054
0.055
0.058
0.058
0.049
0.05
0.049
0.048
0.051
0.048
0.051
0.049
0.048
0.048
0.052
0.048
0.206
0.049
0.048
0.05
0.051
0.049
0.047
0.051
0.048
0.048
0.049
0.048
0.047
0.048
0.064
0.062
0.063
0.064
0.061
0.063
0.049
0.048
0.049
0.126
0.048
0.051
0.049
0.048
0.049
0.057
0.056
0.055
0.156
0.055
0.081
0.056
0.058
0.05
0.047
0.049
0.047
0.048
0.126
0.057
0.054
0.054
0.048
0.051
0.048
0.051
0.051
0.05
0.049
0.058
0.056
0.056
0.053
0.049
0.055
0.049
0.05
0.051
0.058
0.054
0.057
0.055
0.064
0.054
0.056
0.058
0.055
0.059
0.061
0.056
0.097
0.059
0.06
0.057
0.055
0.148
0.051
0.052
0.049
0.048
0.05
0.05
0.048
0.058
0.054
0.058
0.056
0.058
0.056
0.049
0.048
0.124
0.049
0.048
0.048
0.05
0.05
0.053
0.052
0.049
0.049
0.049
0.048
0.052
0.05
0.347
0.077
0.07
0.063
0.061
0.405
0.059
0.051
0.051
0.048
0.049
0.049
0.051
0.049
0.048
0.049
0.048
0.05
0.049
0.052
0.049
0.048
0.051
0.048
0.057
0.051
0.049
0.055
0.048
0.079
0.056
0.058
0.062
0.059
0.055
0.058
0.055
0.059
0.056
0.055
0.055
0.053
0.055
0.055
0.058
0.048
0.055
0.057
0.054
0.049
0.054
0.049
0.058
0.048
0.051
0.048
0.047
0.05
0.048
0.049
0.058
0.049
0.047
0.048
0.052
0.049
0.065
0.056
0.056
0.058
0.054
0.055
0.056
0.055
0.058
0.053
0.055
0.058
0.055
0.055
0.057
0.055
0.051
0.056
0.055
0.058
0.048
0.05
0.048
0.047
0.085
0.049
0.051
0.049
0.05
0.048
0.066
0.062
0.099
0.066
0.056
0.056
0.056
0.053
0.056
0.067
0.063
0.064
0.054
0.054
0.053
0.05
0.051
0.05
0.049
0.051
0.049
0.049
0.048
0.058
0.049
0.128
0.049
0.048
0.055
0.055
0.056
0.056
0.055
0.055
0.055
0.058
0.054
0.141
0.048
0.047
0.065
0.063
0.072
0.062
0.051
0.077
0.048
0.049
0.055
0.048
0.052
0.055
0.054
0.064
0.059
0.055
0.048
0.051
0.055
0.064
0.052
0.049
0.048
0.049
0.048
0.048
0.053
0.048
0.056
0.054
0.052
0.048
0.049
0.048
0.05
0.055
0.122
0.049
0.051
0.058
0.058
0.055
0.056
0.049
0.05
0.047
0.048
0.05
0.048
0.049
0.05
0.051
0.048
0.058
0.055
0.055
0.056
0.055
0.057
0.09
0.097
0.088
0.082
0.051
0.052
0.048
0.05
0.051
0.05
0.049
0.063
0.068
0.053
0.056
0.059
0.053
0.052
0.05
0.052
0.156
0.132
0.14
0.054
0.048
0.162
0.053
0.05
0.13
0.153
0.05
0.052
0.049
0.058
0.056
0.055
0.055
0.061
0.054
0.137
0.049
0.051
0.056
0.057
0.056
0.055
0.057
0.054
0.056
0.057
0.054
0.055
0.058
0.057
0.058
0.056
0.058
0.059
0.05
0.052
0.049
0.055
0.048
0.048
0.049
0.052
0.05
0.048
0.051
0.063
0.049
0.053
0.05
0.048
0.049
0.049
0.054
0.059
0.06
0.071
0.059
0.055
0.056
0.054
0.057
0.054
0.059
0.059
0.056
0.057
0.055
0.055
0.059
0.056
0.183
0.162
0.182
0.058
0.056
0.057
0.055
0.061
0.065
0.065
0.062
0.065
0.063
0.064
0.056
0.063
0.064
0.047
0.047
0.058
0.065
0.058
0.06
0.049
0.049
0.05
0.056
0.051
0.047
0.085
0.05
0.048
0.048
0.048
0.05
0.053
0.056
0.047
0.053
0.047
0.051
0.06
0.047
0.048
0.047
0.05
0.152
0.05
0.051
0.049
0.052
0.047
0.151
0.049
0.152
0.155
0.054
0.139
0.148
0.049
0.049
0.138
0.051
0.067
0.059
0.055
0.049
0.059
0.055
0.048
0.051
0.056
0.051
0.049
0.051
0.049
0.048
0.048
0.048
0.056
0.055
0.058
0.055
0.06
0.059
0.055
0.055
0.057
0.054
0.057
0.049
0.047
0.047
0.05
0.051
0.132
0.049
0.049
0.054
0.055
0.056
0.057
0.058
0.054
0.055
0.056
0.054
0.056
0.06
0.049
0.057
0.08
0.056
0.056
0.054
0.062
0.055
0.053
0.074
0.053
0.132
0.159
0.054
0.063
0.055
0.058
0.054
0.055
0.051
0.057
0.054
0.055
0.054
0.056
0.053
0.055
0.057
0.05
0.049
0.048
0.057
0.059
0.052
0.048
0.049
0.049
0.147
0.056
0.055
0.056
0.055
0.087
0.056
0.062
0.132
0.054
0.056
0.053
0.057
0.076
0.056
0.059
0.053
0.057
0.054
0.061
0.054
0.057
0.055
0.052
0.048
0.058
0.057
0.058
0.056
0.057
0.056
0.054
0.057
0.055
0.054
0.181
0.048
0.052
0.048
0.052
0.049
0.047
0.048
0.048
0.052
0.055
0.16
0.059
0.069
0.149
0.048
0.05
0.048
0.054
0.05
0.055
0.049
0.142
0.06
0.054
0.054
0.056
0.055
0.054
0.056
0.145
0.052
0.048
0.141
0.048
0.048
0.049
0.05
0.049
0.048
0.049
0.051
0.593
0.11
0.123
0.139
0.336
0.084
0.052
0.148
0.053
0.055
0.055
0.058
0.048
0.049
0.048
0.057
0.058
0.056
0.048
0.048
0.049
0.052
0.05
0.056
0.052
0.049
0.048
0.055
0.055
0.055
0.055
0.056
0.055
0.058
0.05
0.047
0.055
0.049
0.049
0.05
0.048
0.048
0.049
0.139
0.051
0.049
0.048
0.049
0.051
0.048
0.049
0.058
0.056
0.055
0.054
0.056
0.054
0.055
0.057
0.077
0.092
0.078
0.084
0.076
0.073
0.09
0.072
0.082
0.08
0.148
0.072
0.057
0.059
0.056
0.049
0.049
0.051
0.057
0.059
0.055
0.055
0.15
0.148
0.049
0.051
0.048
0.052
0.048
0.049
0.051
0.05
0.047
0.05
0.048
0.051
0.13
0.059
0.055
0.051
0.147
0.147
0.058
0.056
0.057
0.046
0.14
0.049
0.055
0.054
0.058
0.055
0.059
0.055
0.055
0.055
0.055
0.057
0.059
0.054
0.055
0.056
0.056
0.048
0.055
0.073
0.057
0.058
0.056
0.057
0.049
0.048
0.05
0.051
0.051
0.058
0.051
0.056
0.062
0.057
0.049
0.057
0.053
0.057
0.054
0.054
0.054
0.054
0.058
0.055
0.054
0.049
0.056
0.048
0.048
0.049
0.055
0.056
0.065
0.049
0.146
0.05
0.139
0.051
0.137
0.138
0.16
0.055
0.058
0.054
0.058
0.054
0.055
0.056
0.055
0.055
0.056
0.054
0.058
0.056
0.05
0.055
0.047
0.052
0.048
0.047
0.05
0.048
0.047
0.047
0.049
0.049
0.05
0.047
0.049
0.047
0.049
0.101
0.05
0.052
0.065
0.052
0.052
0.049
0.05
0.058
0.06
0.06
0.056
0.056
0.055
0.056
0.084
0.057
0.057
0.056
0.056
0.06
0.056
0.056
0.056
0.058
0.058
0.058
0.057
0.056
0.052
0.055
0.073
0.051
0.051
0.053
0.05
0.051
0.05
0.051
0.051
0.052
0.051
0.051
0.049
0.051
0.053
0.051
0.051
0.052
0.057
0.061
0.065
0.057
0.058
0.059
0.058
0.062
0.059
0.096
0.059
0.058
0.062
0.06
0.056
0.06
0.058
0.058
0.058
0.062
0.059
0.058
0.06
0.076
0.061
0.063
0.059
0.061
0.084
0.059
0.062
0.059
0.058
0.058
0.059
0.059
0.061
0.064
0.06
0.076
0.061
0.059
0.058
0.059
0.06
0.058
0.056
0.079
0.056
0.052
0.05
0.052
0.049
0.061
0.061
0.062
0.058
0.056
0.059
0.057
0.059
0.062
0.05
0.05
0.059
0.054
0.076
0.057
0.061
0.054
0.053
0.054
0.065
0.061
0.063
0.062
0.063
0.061
0.059
0.062
0.06
0.07
0.077
0.059
0.056
0.06
0.059
0.062
0.112
0.088
0.06
0.062
0.06
0.065
0.09
0.096
0.087
0.082
0.081
0.093
0.098
0.089
0.089
0.086
0.091
0.089
0.113
0.095
0.533
0.974
0.129
0.083
0.089
0.253
0.084
0.104
0.178
0.097
0.089
0.108
0.105
0.111
0.113
0.11
0.085
0.113
0.084
0.122
0.101
0.098
0.099
0.089
0.106
0.099
0.126
0.136
0.141
0.134
0.145
0.123
0.101
0.092
0.1
0.104
0.101
0.096
0.105
0.097
0.095
0.1
0.103
0.093
0.09
0.087
0.089
0.298
0.11
0.102
0.099
0.102
0.102
0.157
0.101
0.097
0.124
0.099
0.153
0.103
0.112
0.115
0.101
0.108
0.105
0.108
0.351
0.12
0.108
0.088
0.093
0.098
0.118
0.106
0.103
0.095
0.091
0.108
0.094
0.114
0.122
0.132
0.095
0.093
0.099
0.096
0.122
0.098
0.127
0.288
0.111
0.107
0.108
0.286
0.187
0.103
0.115
0.099
0.092
0.098
0.121
0.134
0.106
0.09
0.104
0.32
0.13
0.138
0.087
0.229
0.092
0.08
0.09
0.096
0.095
0.098
0.101
0.088
0.082
0.103
0.1
0.094
0.093
0.091
0.09
0.092
0.336
0.411
0.12
0.153
0.143
0.153
0.329
0.21
0.414
0.115
0.106
0.102
0.102
0.1
0.115
0.109
0.164
0.098
0.094
0.096
0.107
0.115
0.104
0.102
0.106
0.107
0.106
0.102
0.11
0.11
0.098
0.102
0.094
0.097
0.088
0.115
0.093
0.091
0.104
0.101
0.101
0.103
0.111
0.103
0.296
0.125
0.097
0.092
0.993
0.117
0.156
0.073
0.063
0.064
0.063
0.063
0.059
0.07
0.086
0.073
0.056
0.056
0.079
0.065
0.064
0.059
0.166
0.073
0.08
0.065
0.061
0.06
0.056
0.056
0.055
0.065
0.057
0.193
0.073
0.063
0.116
0.064
0.062
0.062
0.057
0.056
0.054
0.054
0.062
0.1
0.085
0.124
0.085
0.111
0.104
0.093
0.087
0.265
0.087
0.092
0.108
0.107
0.1
0.104
0.105
0.252
0.101
0.101
0.1
0.105
0.101
0.117
0.097
0.061
0.065
0.056
0.066
0.203
0.068
0.069
0.071
0.067
0.065
0.071
0.064
0.065
0.063
0.057
0.059
0.072
0.169
0.157
0.067
0.065
0.064
0.067
0.072
0.067
0.123
0.069
0.101
0.393
0.075
0.07
0.082
0.098
0.059
0.066
0.063
0.088
0.063
0.177
0.211
0.063
0.064
0.064
0.064
0.066
0.063
0.076
0.083
0.158
0.107
0.106
0.095
0.338
0.121
0.107
0.103
0.102
0.101
0.103
0.105
0.121
0.255
0.095
0.332
0.315
0.093
0.294
0.253
0.125
0.125
0.144
0.141
0.132
0.087
0.087
0.117
0.114
0.095
0.077
0.062
0.123
0.117
0.159
0.157
0.063
0.213
0.055
0.056
0.108
0.059
0.053
0.05
0.048
0.072
0.054
0.057
0.056
0.057
0.056
0.057
0.203
0.055
0.193
0.055
0.061
0.055
0.081
0.054
0.054
0.185
0.049
0.051
0.048
0.053
0.055
0.056
0.058
0.055
0.057
0.055
0.055
0.056
0.113
0.061
0.049
0.049
0.047
0.125
0.048
0.048
0.048
0.048
0.049
0.047
0.067
0.1
0.05
0.047
0.049
0.048
0.058
0.055
0.053
0.055
0.054
0.055
0.05
0.076
0.048
0.053
0.05
0.049
0.048
0.064
0.056
0.052
0.048
0.048
0.049
0.047
0.047
0.16
0.048
0.156
0.048
0.048
0.05
0.048
0.051
0.048
0.048
0.048
0.066
0.053
0.049
0.047
0.047
0.048
0.089
0.05
0.06
0.064
0.06
0.055
0.055
0.055
0.057
0.056
0.181
0.072
0.051
0.049
0.048
0.052
0.048
0.048
0.047
0.049
0.048
0.057
0.057
0.056
0.057
0.054
0.055
0.055
0.058
0.055
0.067
0.064
0.062
0.064
0.061
0.062
0.081
0.063
0.101
0.068
0.08
0.172
0.063
0.063
0.062
0.063
0.062
0.063
0.052
0.048
0.051
0.052
0.047
0.048
0.048
0.048
0.048
0.05
0.059
0.053
0.049
0.048
0.058
0.06
0.06
0.082
0.066
0.061
0.058
0.054
0.058
0.056
0.055
0.057
0.055
0.099
0.06
0.058
0.055
0.048
0.048
0.071
0.05
0.049
0.048
0.066
0.138
0.062
0.065
0.069
0.048
0.047
0.055
0.061
0.163
0.049
0.069
0.062
0.143
0.049
0.051
0.049
0.047
0.051
0.047
0.062
0.068
0.05
0.048
0.049
0.047
0.048
0.052
0.143
0.066
0.068
0.063
0.061
0.061
0.062
0.05
0.047
0.047
0.049
0.049
0.049
0.05
0.049
0.069
0.049
0.051
0.048
0.068
0.049
0.047
0.049
0.047
0.048
0.073
0.062
0.049
0.153
0.049
0.053
0.049
0.125
0.049
0.048
0.066
0.051
0.05
0.051
0.053
0.058
0.055
0.059
0.048
0.054
0.057
0.047
0.159
0.056
0.172
0.056
0.048
0.047
0.066
0.174
0.053
0.047
0.047
0.047
0.048
0.048
0.051
0.063
0.05
0.051
0.048
0.047
0.051
0.05
0.058
0.048
0.048
0.052
0.168
0.055
0.061
0.053
0.056
0.063
0.064
0.066
0.063
0.066
0.062
0.048
0.048
0.051
0.175
0.055
0.059
0.054
0.049
0.05
0.048
0.047
0.05
0.09
0.083
0.071
0.076
0.202
0.071
0.095
0.223
0.08
0.067
0.065
0.066
0.066
0.055
0.056
0.058
0.055
0.058
0.056
0.049
0.05
0.066
0.057
0.056
0.073
0.054
0.066
0.055
0.073
0.063
0.056
0.049
0.064
0.052
0.048
0.047
0.052
0.057
0.187
0.056
0.057
0.054
0.056
0.056
0.057
0.057
0.057
0.056
0.153
0.062
0.057
0.056
0.059
0.049
0.051
0.057
0.153
0.057
0.055
0.053
0.054
0.053
0.055
0.057
0.054
0.049
0.05
0.049
0.148
0.049
0.05
0.084
0.051
0.048
0.047
0.051
0.05
0.057
0.057
0.168
0.18
0.056
0.191
0.063
0.065
0.061
0.056
0.055
0.057
0.073
0.059
0.055
0.061
0.055
0.055
0.057
0.209
0.053
0.049
0.058
0.054
0.049
0.05
0.049
0.048
0.05
0.066
0.049
0.052
0.047
0.049
0.048
0.051
0.046
0.05
0.052
0.079
0.053
0.05
0.061
0.054
0.058
0.054
0.058
0.049
0.05
0.053
0.048
0.123
0.055
0.058
0.055
0.18
0.066
0.062
0.064
0.065
0.199
0.216
0.064
0.202
0.065
0.051
0.049
0.054
0.048
0.061
0.098
0.048
0.049
0.052
0.048
0.054
0.083
0.048
0.048
0.052
0.062
0.057
0.055
0.058
0.054
0.062
0.064
0.061
0.064
0.069
0.05
0.049
0.047
0.049
0.052
0.048
0.048
0.061
0.065
0.051
0.051
0.05
0.047
0.053
0.048
0.048
0.052
0.049
0.047
0.07
0.049
0.065
0.048
0.062
0.061
0.063
0.06
0.064
0.222
0.072
0.069
0.072
0.066
0.071
0.203
0.069
0.069
0.049
0.047
0.049
0.25
0.066
0.061
0.064
0.061
0.157
0.061
0.062
0.087
0.073
0.082
0.064
0.057
0.054
0.053
0.054
0.054
0.058
0.058
0.057
0.051
0.063
0.051
0.061
0.067
0.062
0.051
0.052
0.136
0.049
0.048
0.054
0.049
0.057
0.053
0.058
0.057
0.059
0.055
0.057
0.055
0.052
0.048
0.051
0.048
0.063
0.056
0.057
0.055
0.054
0.072
0.054
0.053
0.048
0.047
0.048
0.048
0.056
0.074
0.059
0.053
0.057
0.055
0.056
0.215
0.078
0.068
0.072
0.07
0.067
0.071
0.072
0.054
0.058
0.069
0.043
0.042
0.043
0.041
0.052
0.051
0.049
0.065
0.067
0.061
0.048
0.064
0.064
0.063
0.064
0.062
0.063
0.08
0.062
0.059
0.056
0.055
0.058
0.049
0.048
0.163
0.056
0.056
0.055
0.097
0.059
0.062
0.052
0.045
0.042
0.042
0.176
0.168
0.058
0.058
0.185
0.061
0.065
0.061
0.239
0.048
0.048
0.049
0.047
0.05
0.15
0.057
0.057
0.05
0.06
0.062
0.066
0.132
0.049
0.048
0.048
0.048
0.047
0.047
0.048
0.055
0.058
0.056
0.057
0.058
0.054
0.055
0.055
0.144
0.062
0.12
0.067
0.055
0.048
0.057
0.056
0.052
0.062
0.058
0.056
0.042
0.059
0.062
0.048
0.049
0.071
0.048
0.051
0.065
0.162
0.047
0.047
0.049
0.055
0.13
0.055
0.074
0.054
0.177
0.145
0.056
0.055
0.061
0.072
0.061
0.052
0.047
0.048
0.052
0.046
0.051
0.049
0.063
0.051
0.058
0.054
0.05
0.054
0.055
0.056
0.054
0.055
0.055
0.056
0.056
0.048
0.057
0.056
0.055
0.048
0.061
0.062
0.061
0.064
0.061
0.06
0.047
0.041
0.04
0.137
0.043
0.04
0.04
0.112
0.054
0.056
0.048
0.058
0.055
0.055
0.156
0.058
0.055
0.056
0.141
0.187
0.055
0.167
0.052
0.049
0.071
0.047
0.05
0.052
0.047
0.042
0.064
0.142
0.06
0.06
0.055
0.056
0.055
0.053
0.054
0.055
0.057
0.049
0.065
0.054
0.047
0.051
0.047
0.176
0.049
0.05
0.049
0.062
0.061
0.065
0.06
0.061
0.068
0.065
0.062
0.048
0.139
0.049
0.05
0.048
0.532
0.066
0.169
0.054
0.133
0.049
0.047
0.06
0.084
0.099
0.081
0.071
0.063
0.066
0.063
0.061
0.088
0.068
0.07
0.066
0.054
0.056
0.052
0.057
0.052
0.065
0.049
0.049
0.049
0.053
0.048
0.049
0.048
0.05
0.156
0.048
0.051
0.052
0.153
0.05
0.052
0.142
0.144
0.051
0.149
0.055
0.055
0.059
0.059
0.058
0.054
0.06
0.055
0.328
0.062
0.061
0.061
0.065
0.104
0.052
0.063
0.061
0.064
0.064
0.061
0.061
0.05
0.048
0.051
0.153
0.048
0.047
0.051
0.047
0.154
0.048
0.048
0.158
0.054
0.055
0.048
0.146
0.053
0.055
0.157
0.064
0.056
0.156
0.053
0.155
0.062
0.064
0.064
0.063
0.062
0.061
0.061
0.062
0.063
0.057
0.066
0.061
0.062
0.064
0.208
0.067
0.072
0.072
0.073
0.059
0.056
0.054
0.056
0.055
0.053
0.075
0.055
0.062
0.057
0.05
0.047
0.056
0.05
0.055
0.051
0.055
0.048
0.056
0.057
0.053
0.059
0.049
0.123
0.051
0.049
0.049
0.047
0.176
0.048
0.138
0.048
0.152
0.138
0.05
0.062
0.052
0.058
0.062
0.063
0.064
0.062
0.062
0.063
0.062
0.059
0.154
0.054
0.056
0.055
0.166
0.055
0.055
0.065
0.061
0.064
0.065
0.065
0.062
0.062
0.171
0.061
0.057
0.054
0.074
0.055
0.054
0.056
0.055
0.057
0.054
0.064
0.074
0.061
0.2
0.066
0.061
0.061
0.063
0.062
0.055
0.057
0.053
0.055
0.054
0.06
0.059
0.055
0.056
0.053
0.058
0.054
0.054
0.165
0.177
0.057
0.054
0.054
0.061
0.06
0.064
0.061
0.061
0.065
0.061
0.06
0.138
0.055
0.047
0.1
0.064
0.057
0.068
0.064
0.055
0.055
0.054
0.065
0.061
0.065
0.063
0.064
0.066
0.099
0.066
0.062
0.059
0.054
0.176
0.059
0.062
0.057
0.055
0.056
0.054
0.049
0.064
0.066
0.063
0.061
0.061
0.064
0.064
0.061
0.062
0.062
0.06
0.077
0.066
0.049
0.047
0.051
0.052
0.05
0.051
0.052
0.058
0.055
0.054
0.056
0.055
0.058
0.054
0.057
0.064
0.059
0.049
0.062
0.051
0.048
0.049
0.05
0.048
0.125
0.048
0.055
0.139
0.065
0.059
0.054
0.079
0.06
0.056
0.054
0.057
0.055
0.059
0.056
0.058
0.054
0.054
0.057
0.057
0.071
0.065
0.056
0.054
0.055
0.064
0.054
0.065
0.059
0.049
0.063
0.048
0.052
0.047
0.065
0.063
0.061
0.066
0.055
0.061
0.074
0.059
0.058
0.055
0.058
0.055
0.167
0.055
0.056
0.054
0.064
0.05
0.055
0.054
0.057
0.054
0.055
0.055
0.058
0.056
0.054
0.049
0.055
0.049
0.048
0.048
0.048
0.049
0.048
0.052
0.051
0.048
0.056
0.056
0.058
0.054
0.055
0.055
0.054
0.057
0.053
0.054
0.055
0.062
0.086
0.154
0.065
0.055
0.055
0.057
0.055
0.054
0.048
0.048
0.047
0.05
0.047
0.047
0.051
0.057
0.097
0.061
0.06
0.063
0.063
0.065
0.062
0.061
0.113
0.051
0.051
0.049
0.049
0.05
0.047
0.048
0.067
0.061
0.107
0.068
0.056
0.06
0.065
0.067
0.067
0.062
0.061
0.065
0.061
0.077
0.067
0.061
0.063
0.06
0.06
0.064
0.061
0.185
0.055
0.058
0.055
0.062
0.063
0.06
0.06
0.062
0.064
0.062
0.058
0.055
0.055
0.059
0.054
0.057
0.067
0.06
0.052
0.061
0.057
0.05
0.048
0.047
0.127
0.15
0.048
0.056
0.058
0.056
0.054
0.057
0.058
0.053
0.055
0.054
0.054
0.055
0.055
0.053
0.056
0.063
0.063
0.054
0.056
0.064
0.064
0.064
0.047
0.06
0.056
0.079
0.075
0.072
0.066
0.063
0.067
0.071
0.326
0.062
0.049
0.055
0.059
0.054
0.054
0.054
0.056
0.055
0.058
0.054
0.048
0.047
0.049
0.048
0.052
0.048
0.065
0.066
0.063
0.063
0.064
0.061
0.065
0.144
0.065
0.054
0.057
0.061
0.054
0.055
0.053
0.054
0.055
0.054
0.057
0.047
0.054
0.074
0.058
0.055
0.054
0.057
0.054
0.056
0.056
0.047
0.048
0.047
0.047
0.052
0.051
0.058
0.056
0.054
0.057
0.054
0.055
0.057
0.055
0.058
0.055
0.077
0.056
0.054
0.064
0.065
0.057
0.091
0.085
0.054
0.057
0.055
0.058
0.055
0.055
0.053
0.053
0.091
0.062
0.065
0.063
0.063
0.063
0.059
0.049
0.058
0.049
0.05
0.05
0.047
0.047
0.048
0.05
0.062
0.065
0.061
0.062
0.064
0.061
0.058
0.05
0.052
0.049
0.049
0.05
0.054
0.051
0.051
0.047
0.048
0.047
0.047
0.051
0.057
0.056
0.063
0.054
0.061
0.047
0.05
0.049
0.048
0.049
0.051
0.047
0.047
0.052
0.048
0.048
0.05
0.06
0.057
0.055
0.056
0.055
0.057
0.055
0.142
0.058
0.054
0.064
0.061
0.06
0.062
0.062
0.064
0.062
0.061
0.064
0.058
0.054
0.055
0.071
0.066
0.047
0.063
0.061
0.062
0.065
0.063
0.062
0.048
0.048
0.049
0.049
0.058
0.067
0.055
0.054
0.055
0.062
0.053
0.054
0.061
0.062
0.054
0.063
0.057
0.056
0.062
0.055
0.059
0.048
0.047
0.048
0.048
0.049
0.066
0.05
0.049
0.065
0.057
0.054
0.055
0.055
0.055
0.058
0.055
0.057
0.065
0.06
0.062
0.06
0.057
0.048
0.048
0.047
0.048
0.049
0.064
0.062
0.062
0.064
0.175
0.067
0.062
0.065
0.061
0.063
0.065
0.062
0.062
0.064
0.062
0.062
0.063
0.063
0.065
0.062
0.066
0.15
0.062
0.073
0.062
0.062
0.066
0.063
0.065
0.062
0.062
0.06
0.062
0.064
0.062
0.062
0.061
0.063
0.061
0.063
0.063
0.144
0.062
0.049
0.062
0.047
0.062
0.059
0.058
0.058
0.056
0.056
0.054
0.056
0.054
0.056
0.055
0.054
0.056
0.054
0.055
0.057
0.056
0.056
0.058
0.189
0.048
0.052
0.049
0.051
0.048
0.05
0.048
0.047
0.047
0.063
0.064
0.061
0.063
0.071
0.055
0.055
0.057
0.056
0.054
0.054
0.062
0.055
0.052
0.061
0.075
0.059
0.055
0.059
0.054
0.054
0.055
0.055
0.054
0.055
0.068
0.055
0.058
0.049
0.051
0.048
0.075
0.062
0.058
0.055
0.072
0.06
0.055
0.055
0.048
0.055
0.066
0.049
0.051
0.048
0.049
0.051
0.048
0.048
0.05
0.049
0.056
0.051
0.063
0.057
0.048
0.048
0.048
0.048
0.048
0.051
0.048
0.051
0.049
0.048
0.048
0.048
0.049
0.05
0.051
0.059
0.055
0.058
0.054
0.083
0.055
0.059
0.055
0.055
0.056
0.05
0.143
0.062
0.058
0.054
0.055
0.055
0.054
0.055
0.056
0.054
0.056
0.058
0.055
0.055
0.055
0.058
0.056
0.058
0.06
0.055
0.062
0.048
0.055
0.054
0.056
0.054
0.053
0.056
0.062
0.085
0.061
0.066
0.063
0.066
0.061
0.064
0.061
0.058
0.082
0.057
0.063
0.055
0.057
0.054
0.054
0.058
0.055
0.054
0.057
0.061
0.049
0.048
0.049
0.062
0.063
0.063
0.064
0.061
0.063
0.049
0.051
0.049
0.049
0.051
0.049
0.05
0.048
0.063
0.048
0.061
0.066
0.147
0.077
0.095
0.062
0.057
0.058
0.057
0.055
0.061
0.048
0.063
0.063
0.061
0.064
0.051
0.049
0.048
0.062
0.048
0.06
0.05
0.049
0.061
0.06
0.235
0.086
0.121
0.08
0.085
0.423
0.084
0.084
0.059
0.075
0.075
0.075
0.071
0.063
0.066
0.055
0.054
0.048
0.049
0.048
0.052
0.048
0.051
0.065
0.061
0.064
0.063
0.064
0.064
0.061
0.062
0.048
0.062
0.049
0.059
0.055
0.057
0.055
0.049
0.058
0.048
0.047
0.064
0.062
0.066
0.063
0.048
0.05
0.049
0.05
0.049
0.051
0.049
0.064
0.047
0.064
0.056
0.056
0.05
0.048
0.049
0.05
0.048
0.056
0.056
0.048
0.062
0.05
0.051
0.05
0.062
0.063
0.066
0.061
0.063
0.063
0.052
0.05
0.05
0.051
0.053
0.054
0.059
0.057
0.055
0.048
0.048
0.047
0.049
0.05
0.049
0.047
0.048
0.056
0.131
0.051
0.048
0.052
0.055
0.051
0.047
0.049
0.052
0.062
0.052
0.049
0.051
0.049
0.055
0.051
0.05
0.049
0.052
0.048
0.059
0.066
0.064
0.185
0.111
0.076
0.088
0.088
0.093
0.12
0.164
0.116
0.114
0.12
0.098
0.1
0.072
0.066
0.056
0.067
0.072
0.056
0.056
0.059
0.056
0.056
0.057
0.057
0.051
0.051
0.072
0.074
0.075
0.211
0.069
0.076
0.067
0.069
0.052
0.049
0.052
0.05
0.05
0.144
0.205
0.059
0.055
0.055
0.055
0.048
0.048
0.145
0.05
0.048
0.048
0.049
0.057
0.055
0.073
0.073
0.088
0.075
0.09
0.195
0.084
0.076
0.065
0.061
0.064
0.061
0.061
0.067
0.067
0.061
0.102
0.059
0.048
0.113
0.082
0.07
0.064
0.066
0.062
0.063
0.063
0.048
0.048
0.052
0.05
0.153
0.049
0.062
0.058
0.06
0.055
0.093
0.061
0.061
0.063
0.065
0.062
0.065
0.063
0.049
0.051
0.047
0.048
0.049
0.05
0.061
0.064
0.067
0.065
0.063
0.112
0.087
0.054
0.055
0.063
0.061
0.08
0.063
0.058
0.064
0.064
0.063
0.064
0.062
0.058
0.073
0.055
0.065
0.048
0.05
0.048
0.052
0.047
0.049
0.05
0.068
0.062
0.049
0.052
0.151
0.135
0.05
0.05
0.048
0.052
0.048
0.139
0.05
0.157
0.056
0.057
0.081
0.056
0.057
0.049
0.064
0.055
0.056
0.054
0.055
0.06
0.054
0.056
0.063
0.058
0.056
0.073
0.055
0.058
0.057
0.055
0.058
0.048
0.071
0.048
0.048
0.05
0.048
0.065
0.048
0.049
0.073
0.049
0.049
0.048
0.056
0.061
0.063
0.066
0.06
0.06
0.096
0.065
0.062
0.059
0.073
0.053
0.062
0.061
0.065
0.055
0.058
0.054
0.053
0.058
0.055
0.054
0.055
0.073
0.052
0.047
0.054
0.051
0.049
0.051
0.048
0.051
0.048
0.063
0.063
0.081
0.062
0.061
0.062
0.065
0.06
0.073
0.056
0.061
0.054
0.051
0.049
0.137
0.048
0.05
0.09
0.06
0.053
0.056
0.055
0.057
0.055
0.06
0.054
0.079
0.051
0.048
0.049
0.051
0.048
0.05
0.052
0.048
0.083
0.054
0.05
0.049
0.048
0.05
0.061
0.048
0.057
0.069
0.048
0.048
0.054
0.056
0.054
0.056
0.056
0.056
0.062
0.054
0.066
0.064
0.071
0.066
0.068
0.062
0.058
0.06
0.076
0.07
0.064
0.061
0.065
0.055
0.067
0.065
0.062
0.078
0.067
0.07
0.051
0.051
0.047
0.066
0.049
0.048
0.065
0.062
0.072
0.061
0.065
0.061
0.061
0.056
0.066
0.061
0.065
0.061
0.066
0.062
0.065
0.054
0.056
0.054
0.076
0.054
0.048
0.047
0.053
0.064
0.054
0.139
0.052
0.062
0.056
0.055
0.054
0.057
0.055
0.055
0.052
0.055
0.047
0.051
0.048
0.047
0.049
0.049
0.048
0.051
0.048
0.048
0.048
0.048
0.048
0.048
0.053
0.048
0.145
0.047
0.048
0.048
0.148
0.079
0.065
0.055
0.077
0.084
0.062
0.064
0.063
0.064
0.062
0.051
0.048
0.048
0.072
0.056
0.048
0.051
0.047
0.051
0.048
0.052
0.062
0.058
0.058
0.058
0.057
0.061
0.092
0.056
0.055
0.054
0.055
0.056
0.071
0.05
0.048
0.085
0.062
0.067
0.06
0.062
0.065
0.062
0.063
0.055
0.065
0.064
0.063
0.062
0.061
0.063
0.067
0.056
0.051
0.065
0.055
0.064
0.062
0.065
0.066
0.057
0.055
0.057
0.057
0.054
0.06
0.055
0.051
0.072
0.064
0.086
0.065
0.075
0.064
0.078
0.064
0.067
0.074
0.067
0.061
0.058
0.056
0.055
0.056
0.056
0.055
0.058
0.066
0.06
0.064
0.061
0.065
0.062
0.064
0.061
0.064
0.061
0.065
0.061
0.063
0.064
0.061
0.061
0.064
0.061
0.063
0.062
0.051
0.061
0.055
0.056
0.055
0.055
0.053
0.055
0.054
0.054
0.055
0.058
0.054
0.053
0.054
0.064
0.054
0.056
0.054
0.065
0.052
0.048
0.047
0.049
0.049
0.048
0.077
0.049
0.049
0.049
0.049
0.046
0.143
0.056
0.054
0.051
0.08
0.055
0.049
0.064
0.145
0.055
0.062
0.058
0.062
0.066
0.065
0.063
0.062
0.062
0.055
0.057
0.055
0.059
0.056
0.056
0.064
0.054
0.151
0.058
0.054
0.06
0.056
0.058
0.057
0.055
0.154
0.05
0.05
0.058
0.066
0.048
0.062
0.062
0.064
0.066
0.062
0.064
0.063
0.15
0.056
0.073
0.057
0.059
0.059
0.057
0.051
0.049
0.049
0.051
0.049
0.049
0.051
0.05
0.05
0.068
0.064
0.06
0.065
0.069
0.07
0.066
0.064
0.068
0.065
0.066
0.067
0.058
0.069
0.067
0.067
0.068
0.063
0.063
0.066
0.066
0.065
0.154
0.059
0.057
0.057
0.058
0.058
0.184
0.059
0.06
0.059
0.056
0.062
0.051
0.051
0.05
0.051
0.069
0.067
0.068
0.065
0.065
0.066
0.061
0.057
0.059
0.075
0.058
0.059
0.059
0.06
0.06
0.062
0.067
0.067
0.066
0.066
0.065
0.07
0.067
0.068
0.052
0.051
0.055
0.06
0.058
0.061
0.062
0.052
0.165
0.056
0.06
0.063
0.063
0.059
0.062
0.062
0.06
0.061
0.065
0.061
0.068
0.054
0.054
0.056
0.052
0.068
0.054
0.053
0.165
0.053
0.057
0.058
0.168
0.071
0.053
0.069
0.174
0.053
0.053
0.057
0.056
0.053
0.057
0.053
0.07
0.071
0.054
0.062
0.061
0.056
0.158
0.055
0.17
0.054
0.145
0.146
0.054
0.072
0.069
0.074
0.068
0.07
0.07
0.07
0.07
0.071
0.071
0.067
0.071
0.061
0.06
0.063
0.061
0.065
0.066
0.064
0.054
0.054
0.055
0.07
0.056
0.054
0.057
0.052
0.053
0.053
0.066
0.054
0.054
0.053
0.058
0.053
0.054
0.053
0.07
0.056
0.054
0.059
0.054
0.054
0.054
0.054
0.059
0.054
0.053
0.058
0.054
0.058
0.086
0.07
0.055
0.056
0.054
0.062
0.071
0.113
0.054
0.054
0.053
0.061
0.061
0.064
0.058
0.062
0.059
0.06
0.063
0.054
0.053
0.063
0.061
0.063
0.06
0.063
0.06
0.063
0.052
0.053
0.056
0.071
0.064
0.054
0.052
0.074
0.08
0.055
0.054
0.053
0.055
0.053
0.053
0.058
0.053
0.053
0.054
0.053
0.054
0.054
0.056
0.055
0.058
0.054
0.055
0.058
0.063
0.063
0.064
0.064
0.062
0.059
0.091
0.069
0.068
0.073
0.073
0.07
0.07
0.056
0.053
0.073
0.064
0.056
0.056
0.058
0.056
0.06
0.054
0.054
0.068
0.071
0.054
0.073
0.068
0.069
0.092
0.069
0.073
0.068
0.069
0.062
0.064
0.065
0.059
0.06
0.059
0.063
0.063
0.062
0.073
0.06
0.063
0.064
0.062
0.064
0.062
0.063
0.063
0.063
0.063
0.065
0.055
0.055
0.053
0.056
0.052
0.053
0.053
0.057
0.103
0.073
0.072
0.071
0.071
0.069
0.072
0.059
0.138
0.055
0.078
0.183
0.061
0.054
0.052
0.054
0.062
0.054
0.053
0.061
0.058
0.055
0.056
0.061
0.062
0.06
0.054
0.055
0.061
0.093
0.066
0.085
0.061
0.089
0.062
0.179
0.055
0.053
0.056
0.054
0.198
0.056
0.071
0.068
0.073
0.07
0.07
0.073
0.087
0.078
0.061
0.06
0.055
0.074
0.074
0.091
0.069
0.068
0.067
0.07
0.069
0.068
0.072
0.069
0.072
0.069
0.067
0.068
0.071
0.071
0.054
0.053
0.054
0.056
0.056
0.169
0.069
0.07
0.069
0.072
0.069
0.069
0.068
0.067
0.071
0.073
0.069
0.071
0.068
0.071
0.09
0.075
0.071
0.069
0.061
0.06
0.06
0.06
0.061
0.06
0.069
0.062
0.064
0.059
0.076
0.061
0.062
0.154
0.053
0.154
0.165
0.061
0.064
0.063
0.063
0.061
0.064
0.068
0.061
0.064
0.06
0.059
0.065
0.104
0.063
0.104
0.088
0.083
0.33
0.087
0.093
0.053
0.062
0.06
0.071
0.059
0.057
0.209
0.079
0.052
0.079
0.069
0.063
0.063
0.059
0.07
0.067
0.062
0.059
0.058
0.061
0.059
0.059
0.061
0.059
0.057
0.068
0.068
0.066
0.068
0.067
0.065
0.065
0.052
0.052
0.049
0.063
0.066
0.057
0.058
0.058
0.052
0.058
0.053
0.052
0.054
0.052
0.062
0.057
0.061
0.059
0.059
0.058
0.052
0.059
0.074
0.069
0.069
0.098
0.079
0.076
0.099
0.067
0.07
0.07
0.067
0.068
0.068
0.065
0.067
0.066
0.064
0.067
0.065
0.063
0.06
0.061
0.192
0.061
0.069
0.072
0.07
0.07
0.067
0.072
0.082
0.068
0.067
0.053
0.063
0.05
0.052
0.052
0.052
0.051
0.056
0.051
0.054
0.059
0.058
0.063
0.058
0.064
0.054
0.207
0.059
0.053
0.074
0.052
0.055
0.054
0.07
0.086
0.062
0.065
0.146
0.084
0.062
0.063
0.058
0.053
0.067
0.054
0.06
0.058
0.058
0.065
0.063
0.094
0.077
0.074
0.076
0.068
0.057
0.055
0.066
0.063
0.064
0.064
0.063
0.064
0.067
0.064
0.067
0.058
0.054
0.088
0.084
0.093
0.07
0.056
0.079
0.071
0.065
0.067
0.059
0.057
0.055
0.056
0.174
0.073
0.065
0.064
0.077
0.078
0.098
0.103
0.108
0.078
0.073
0.075
0.073
0.081
0.087
0.084
0.087
0.058
0.066
0.064
0.064
0.056
0.057
0.066
0.115
0.091
0.094
0.097
0.078
0.065
0.078
0.08
0.057
0.059
0.056
0.107
0.077
0.109
0.059
0.058
0.087
0.061
0.074
0.076
0.073
0.071
0.075
0.073
0.057
0.087
0.172
0.08
0.058
0.07
0.094
0.086
0.089
0.067
0.064
0.169
0.067
0.068
0.065
0.244
0.1
0.105
0.11
0.081
0.073
0.066
0.065
0.058
0.055
0.056
0.056
0.055
0.054
0.059
0.065
0.06
0.33
0.097
0.095
0.071
0.077
0.069
0.07
0.101
0.092
0.07
0.069
0.076
0.073
0.079
0.065
0.062
0.06
0.07
0.059
0.062
0.06
0.102
0.091
0.068
0.062
0.063
0.075
0.112
0.094
0.082
0.061
0.055
0.057
0.058
0.053
0.05
0.064
0.059
0.059
0.07
0.086
0.072
0.145
0.056
0.054
0.05
0.054
0.063
0.055
0.057
0.087
0.083
0.083
0.068
0.053
0.049
0.049
0.058
0.055
0.054
0.054
0.05
0.062
0.055
0.056
0.077
0.088
0.081
0.059
0.054
0.048
0.061
0.058
0.063
0.067
0.062
0.054
0.048
0.062
0.048
0.076
0.053
0.048
0.053
0.086
0.047
0.057
0.048
0.054
0.089
0.084
0.055
0.05
0.049
0.049
0.054
0.05
0.049
0.052
0.049
0.06
0.064
0.06
0.056
0.058
0.064
0.054
0.079
0.049
0.065
0.048
0.065
0.049
0.057
0.08
0.055
0.055
0.06
0.056
0.053
0.055
0.182
0.055
0.056
0.083
0.055
0.054
0.066
0.065
0.061
0.064
0.061
0.063
0.062
0.063
0.061
0.061
0.066
0.062
0.064
0.05
0.047
0.051
0.047
0.061
0.048
0.048
0.047
0.051
0.139
0.049
0.049
0.051
0.047
0.048
0.049
0.048
0.049
0.051
0.125
0.047
0.048
0.048
0.048
0.064
0.06
0.051
0.047
0.047
0.049
0.057
0.054
0.054
0.061
0.056
0.055
0.057
0.054
0.059
0.047
0.047
0.053
0.054
0.175
0.058
0.054
0.057
0.054
0.054
0.057
0.056
0.057
0.05
0.147
0.05
0.048
0.049
0.05
0.05
0.134
0.052
0.047
0.047
0.047
0.051
0.063
0.06
0.061
0.05
0.061
0.048
0.06
0.051
0.062
0.048
0.047
0.049
0.049
0.064
0.06
0.05
0.06
0.061
0.048
0.048
0.061
0.154
0.062
0.064
0.062
0.061
0.063
0.061
0.065
0.064
0.049
0.074
0.049
0.058
0.048
0.064
0.061
0.064
0.064
0.066
0.065
0.062
0.063
0.048
0.047
0.139
0.196
0.075
0.065
0.061
0.063
0.063
0.063
0.063
0.063
0.062
0.048
0.048
0.047
0.048
0.048
0.066
0.185
0.049
0.049
0.061
0.061
0.062
0.065
0.151
0.057
0.084
0.084
0.07
0.056
0.057
0.054
0.055
0.047
0.144
0.055
0.08
0.28
0.087
0.122
0.289
0.05
0.049
0.048
0.048
0.049
0.05
0.047
0.047
0.162
0.084
0.107
0.057
0.066
0.064
0.184
0.098
0.087
0.086
0.243
0.155
0.092
0.094
0.28
0.059
0.058
0.063
0.059
0.055
0.054
0.048
0.056
0.056
0.056
0.063
0.107
0.087
0.193
0.055
0.056
0.057
0.049
0.069
0.051
0.06
0.08
0.085
0.077
0.05
0.049
0.048
0.069
0.062
0.064
0.064
0.064
0.063
0.096
0.13
0.064
0.064
0.084
0.185
0.073
0.071
0.2
0.072
0.08
0.104
0.1
0.07
0.152
0.064
0.063
0.065
0.224
0.061
0.151
0.097
0.229
0.061
0.054
0.05
0.048
0.048
0.048
0.053
0.048
0.237
0.072
0.058
0.066
0.063
0.064
0.078
0.061
0.056
0.083
0.137
0.065
0.323
0.095
0.147
0.049
0.048
0.048
0.157
0.139
0.047
0.052
0.249
0.07
0.049
0.056
0.063
0.064
0.058
0.055
0.051
0.057
0.21
0.094
0.057
0.056
0.052
0.048
0.057
0.058
0.055
0.055
0.055
0.054
0.057
0.06
0.061
0.068
0.07
0.063
0.064
0.06
0.062
0.054
0.057
0.064
0.056
0.059
0.057
0.055
0.134
0.059
0.069
0.072
0.081
0.053
0.055
0.059
0.062
0.052
0.06
0.059
0.059
0.062
0.052
0.049
0.047
0.073
0.075
0.085
0.051
0.049
0.151
0.083
0.123
0.098
0.063
0.057
0.059
0.072
0.057
0.053
0.059
0.061
0.068
0.059
0.052
0.055
0.05
0.078
0.086
0.191
0.139
0.141
0.048
0.048
0.05
0.047
0.048
0.05
0.05
0.065
0.073
0.061
0.057
0.057
0.057
0.047
0.051
0.048
0.06
0.067
0.073
0.079
0.053
0.049
0.077
0.049
0.048
0.051
0.069
0.076
0.051
0.061
0.056
0.055
0.055
0.059
0.051
0.05
0.048
0.155
0.049
0.223
0.051
0.057
0.067
0.064
0.063
0.063
0.061
0.065
0.066
0.065
0.094
0.094
0.13
0.062
0.062
0.052
0.064
0.074
0.057
0.059
0.054
0.055
0.056
0.056
0.175
0.059
0.064
0.064
0.062
0.063
0.061
0.066
0.092
0.098
0.138
0.05
0.063
0.069
0.065
0.052
0.057
0.054
0.409
0.1
0.065
0.067
0.078
0.076
0.065
0.193
0.1
0.08
0.083
0.055
0.048
0.066
0.064
0.065
0.064
0.202
0.065
0.051
0.051
0.063
0.086
0.167
0.048
0.048
0.05
0.049
0.056
0.055
0.056
0.055
0.055
0.054
0.055
0.057
0.054
0.053
0.28
0.078
0.072
0.072
0.184
0.05
0.05
0.139
0.062
0.244
0.056
0.333
0.066
0.063
0.061
0.086
0.081
0.082
0.256
0.165
0.116
0.09
0.058
0.064
0.065
0.062
0.064
0.186
0.212
0.067
0.072
0.066
0.098
0.096
0.064
0.066
0.061
0.063
0.052
0.048
0.049
0.066
0.051
0.048
0.052
0.073
0.09
0.064
0.064
0.063
0.082
0.063
0.062
0.065
0.094
0.062
0.063
0.051
0.049
0.069
0.057
0.047
0.049
0.076
0.084
0.056
0.056
0.048
0.056
0.057
0.056
0.051
0.055
0.055
0.065
0.068
0.072
0.104
0.068
0.1
0.064
0.062
0.076
0.075
0.133
0.065
0.057
0.057
0.056
0.063
0.158
0.048
0.147
0.143
0.058
0.055
0.055
0.057
0.148
0.055
0.056
0.057
0.057
0.055
0.056
0.054
0.055
0.057
0.055
0.057
0.142
0.057
0.049
0.047
0.05
0.047
0.051
0.048
0.049
0.051
0.049
0.062
0.062
0.062
0.066
0.062
0.064
0.063
0.062
0.064
0.061
0.218
0.109
0.209
0.072
0.06
0.253
0.049
0.05
0.048
0.047
0.049
0.063
0.06
0.066
0.062
0.163
0.063
0.063
0.061
0.183
0.057
0.062
0.061
0.065
0.062
0.065
0.099
0.063
0.063
0.064
0.052
0.061
0.05
0.048
0.063
0.05
0.049
0.047
0.061
0.057
0.057
0.054
0.058
0.063
0.052
0.049
0.048
0.048
0.048
0.047
0.063
0.047
0.166
0.058
0.054
0.056
0.055
0.063
0.06
0.058
0.164
0.053
0.232
0.048
0.048
0.053
0.074
0.049
0.05
0.048
0.1
0.098
0.099
0.115
0.155
0.151
0.152
0.151
0.157
0.214
0.104
0.097
0.097
0.096
0.104
0.099
0.1
0.269
0.076
0.077
0.102
0.086
0.089
0.086
0.087
0.084
0.088
0.269
0.077
0.061
0.057
0.055
0.083
0.25
0.067
0.083
0.063
0.062
0.066
0.07
0.074
0.069
0.055
0.051
0.051
0.137
0.049
0.051
0.047
0.048
0.141
0.081
0.074
0.075
0.082
0.072
0.089
0.098
0.079
0.104
0.077
0.076
0.051
0.051
0.051
0.048
0.051
0.048
0.05
0.052
0.049
0.048
0.048
0.049
0.049
0.169
0.051
0.143
0.148
0.158
0.057
0.054
0.056
0.055
0.073
0.077
0.059
0.059
0.057
0.212
0.062
0.061
0.204
0.1
0.072
0.065
0.068
0.05
0.05
0.053
0.049
0.053
0.343
0.051
0.05
0.063
0.06
0.049
0.056
0.063
0.078
0.064
0.058
0.063
0.091
0.078
0.074
0.053
0.049
0.062
0.055
0.064
0.06
0.063
0.061
0.08
0.07
0.063
0.077
0.064
0.067
0.062
0.049
0.059
0.056
0.055
0.081
0.088
0.064
0.067
0.051
0.049
0.049
0.049
0.102
0.095
0.074
0.068
0.061
0.063
0.061
0.061
0.063
0.062
0.134
0.084
0.157
0.059
0.055
0.055
0.065
0.053
0.051
0.053
0.086
0.248
0.069
0.066
0.056
0.053
0.05
0.049
0.067
0.064
0.064
0.081
0.065
0.06
0.06
0.097
0.084
0.075
0.059
0.053
0.133
0.048
0.066
0.062
0.059
0.056
0.056
0.055
0.078
0.077
0.077
0.082
0.063
0.062
0.063
0.059
0.055
0.071
0.066
0.064
0.064
0.066
0.102
0.061
0.056
0.055
0.054
0.057
0.057
0.054
0.056
0.065
0.091
0.058
0.059
0.056
0.145
0.072
0.21
0.099
0.071
0.066
0.065
0.09
0.059
0.06
0.057
0.059
0.087
0.084
0.053
0.054
0.052
0.057
0.052
0.054
0.078
0.064
0.067
0.077
0.196
0.127
0.064
0.065
0.063
0.053
0.053
0.055
0.051
0.051
0.318
0.08
0.069
0.068
0.072
0.073
0.068
0.215
0.076
0.068
0.066
0.069
0.059
0.079
0.072
0.054
0.055
0.054
0.088
0.097
0.121
0.18
0.053
0.056
0.056
0.07
0.057
0.068
0.054
0.121
0.121
0.102
0.072
0.069
0.073
0.067
0.072
0.07
0.068
0.062
0.087
0.052
0.072
0.149
0.061
0.053
0.05
0.05
0.05
0.05
0.061
0.06
0.059
0.258
0.096
0.093
0.059
0.056
0.07
0.058
0.19
0.06
0.057
0.057
0.134
0.06
0.051
0.072
0.086
0.082
0.081
0.055
0.05
0.06
0.059
0.056
0.056
0.075
0.059
0.058
0.069
0.071
0.068
0.069
0.066
0.072
0.071
0.055
0.074
0.085
0.057
0.061
0.07
0.277
0.103
0.11
0.074
0.06
0.062
0.062
0.057
0.058
0.097
0.084
0.089
0.074
0.063
0.058
0.06
0.059
0.058
0.075
0.055
0.057
0.056
0.069
0.086
0.075
0.082
0.057
0.055
0.071
0.064
0.064
0.064
0.089
0.099
0.093
0.063
0.065
0.073
0.06
0.063
0.062
0.063
0.062
0.052
0.097
0.081
0.086
0.057
0.056
0.057
0.056
0.057
0.049
0.311
0.083
0.056
0.057
0.057
0.052
0.047
0.047
0.066
0.103
0.08
0.103
0.059
0.05
0.064
0.053
0.062
0.054
0.075
0.061
0.048
0.105
0.05
0.055
0.051
0.068
0.067
0.067
0.068
0.064
0.067
0.101
0.103
0.051
0.053
0.051
0.052
0.052
0.049
0.105
0.103
0.101
0.067
0.067
0.065
0.066
0.065
0.11
0.267
0.098
0.125
0.13
0.216
0.066
0.067
0.066
0.063
0.06
0.063
0.126
0.052
0.053
0.055
0.052
0.053
0.051
0.052
0.053
0.069
0.05
0.067
0.066
0.052
0.053
0.05
0.052
0.065
0.067
0.066
0.069
0.064
0.068
0.082
0.098
0.055
0.063
0.059
0.084
0.078
0.061
0.053
0.048
0.048
0.048
0.062
0.074
0.073
0.08
0.081
0.08
0.067
0.05
0.065
0.057
0.056
0.061
0.055
0.057
0.056
0.119
0.066
0.068
0.049
0.066
0.062
0.067
0.104
0.092
0.081
0.115
0.11
0.076
0.065
0.066
0.06
0.058
0.077
0.07
0.073
0.064
0.068
0.102
0.103
0.062
0.062
0.061
0.083
0.08
0.087
0.066
0.066
0.075
0.047
0.048
0.077
0.065
0.047
0.178
0.063
0.066
0.055
0.064
0.063
0.064
0.062
0.064
0.056
0.05
0.062
0.065
0.061
0.062
0.064
0.055
0.063
0.063
0.051
0.048
0.047
0.064
0.063
0.064
0.06
0.063
0.062
0.06
0.063
0.061
0.065
0.061
0.063
0.062
0.06
0.065
0.061
0.064
0.06
0.054
0.057
0.057
0.054
0.058
0.057
0.058
0.065
0.061
0.061
0.064
0.062
0.057
0.064
0.055
0.058
0.054
0.057
0.056
0.055
0.054
0.059
0.043
0.042
0.04
0.055
0.041
0.041
0.061
0.04
0.041
0.044
0.047
0.047
0.05
0.048
0.048
0.047
0.05
0.049
0.134
0.055
0.065
0.118
0.061
0.067
0.064
0.061
0.062
0.085
0.063
0.066
0.062
0.073
0.06
0.063
0.048
0.05
0.047
0.059
0.063
0.062
0.063
0.063
0.062
0.055
0.058
0.182
0.055
0.057
0.055
0.056
0.056
0.044
0.065
0.062
0.062
0.061
0.064
0.062
0.061
0.061
0.065
0.047
0.054
0.082
0.064
0.063
0.062
0.062
0.065
0.048
0.049
0.062
0.075
0.049
0.052
0.047
0.047
0.047
0.048
0.048
0.054
0.042
0.055
0.044
0.117
0.041
0.041
0.041
0.128
0.041
0.039
0.05
0.049
0.051
0.048
0.047
0.061
0.062
0.063
0.061
0.065
0.062
0.062
0.061
0.06
0.064
0.061
0.062
0.061
0.065
0.062
0.064
0.06
0.061
0.055
0.051
0.061
0.061
0.079
0.064
0.063
0.074
0.063
0.054
0.044
0.054
0.054
0.05
0.048
0.051
0.05
0.048
0.061
0.066
0.061
0.054
0.06
0.061
0.064
0.062
0.056
0.055
0.057
0.055
0.056
0.054
0.055
0.056
0.057
0.062
0.063
0.062
0.064
0.061
0.057
0.063
0.047
0.055
0.054
0.055
0.057
0.055
0.056
0.055
0.041
0.054
0.1
0.056
0.054
0.054
0.057
0.055
0.055
0.049
0.05
0.047
0.041
0.061
0.056
0.078
0.058
0.048
0.049
0.049
0.049
0.048
0.05
0.063
0.067
0.072
0.062
0.063
0.077
0.092
0.1
0.103
0.056
0.056
0.065
0.076
0.048
0.063
0.064
0.053
0.062
0.065
0.073
0.051
0.052
0.065
0.077
0.076
0.074
0.08
0.088
0.066
0.043
0.043
0.043
0.042
0.137
0.041
0.044
0.066
0.062
0.086
0.1
0.097
0.075
0.077
0.094
0.071
0.078
0.071
0.073
0.069
0.07
0.072
0.062
0.063
0.109
0.09
0.057
0.057
0.057
0.051
0.049
0.048
0.049
0.051
0.076
0.217
0.056
0.058
0.057
0.057
0.054
0.062
0.046
0.067
0.063
0.087
0.095
0.1
0.064
0.063
0.065
0.061
0.057
0.055
0.056
0.068
0.055
0.062
0.095
0.066
0.045
0.042
0.044
0.125
0.048
0.055
0.18
0.073
0.056
0.058
0.072
0.107
0.066
0.055
0.049
0.089
0.074
0.079
0.075
0.076
0.076
0.077
0.078
0.057
0.061
0.07
0.061
0.062
0.064
0.062
0.055
0.049
0.065
0.079
0.067
0.05
0.055
0.049
0.059
0.141
0.059
0.061
0.062
0.063
0.152
0.101
0.081
0.063
0.067
0.061
0.063
0.058
0.054
0.058
0.055
0.055
0.061
0.058
0.053
0.055
0.061
0.054
0.062
0.054
0.057
0.058
0.056
0.057
0.069
0.055
0.055
0.064
0.067
0.054
0.059
0.063
0.063
0.054
0.06
0.057
0.054
0.062
0.057
0.065
0.048
0.05
0.058
0.051
0.056
0.056
0.056
0.054
0.055
0.077
0.056
0.058
0.054
0.056
0.054
0.057
0.055
0.053
0.056
0.054
0.058
0.056
0.062
0.054
0.056
0.053
0.054
0.058
0.054
0.057
0.056
0.058
0.049
0.064
0.061
0.06
0.064
0.063
0.069
0.061
0.054
0.058
0.153
0.058
0.056
0.056
0.062
0.054
0.064
0.058
0.065
0.06
0.063
0.064
0.061
0.086
0.063
0.077
0.067
0.055
0.055
0.057
0.053
0.057
0.054
0.053
0.059
0.063
0.059
0.055
0.062
0.205
0.111
0.092
0.082
0.083
0.089
0.085
0.08
0.059
0.057
0.058
0.055
0.055
0.056
0.054
0.054
0.055
0.179
0.066
0.064
0.061
0.061
0.06
0.054
0.055
0.056
0.054
0.054
0.053
0.057
0.055
0.064
0.063
0.063
0.053
0.064
0.055
0.061
0.062
0.062
0.064
0.061
0.062
0.066
0.078
0.065
0.044
0.04
0.041
0.04
0.042
0.062
0.064
0.064
0.061
0.06
0.065
0.061
0.06
0.055
0.062
0.064
0.055
0.14
0.04
0.041
0.057
0.055
0.058
0.042
0.041
0.054
0.043
0.041
0.04
0.041
0.04
0.119
0.124
0.05
0.054
0.06
0.06
0.092
0.057
0.049
0.047
0.048
0.048
0.048
0.06
0.094
0.062
0.06
0.064
0.059
0.057
0.053
0.054
0.172
0.081
0.054
0.043
0.063
0.061
0.054
0.054
0.103
0.087
0.084
0.096
0.081
0.049
0.041
0.09
0.088
0.17
0.159
0.071
0.043
0.06
0.059
0.128
0.051
0.05
0.059
0.062
0.077
0.077
0.051
0.048
0.056
0.057
0.057
0.056
0.073
0.059
0.055
0.061
0.063
0.064
0.062
0.063
0.064
0.061
0.062
0.057
0.056
0.055
0.056
0.056
0.055
0.057
0.055
0.054
0.053
0.057
0.062
0.069
0.056
0.054
0.055
0.189
0.065
0.049
0.051
0.049
0.049
0.05
0.048
0.047
0.054
0.061
0.058
0.061
0.064
0.062
0.055
0.055
0.058
0.072
0.166
0.055
0.057
0.154
0.198
0.069
0.061
0.062
0.063
0.062
0.064
0.064
0.082
0.063
0.062
0.062
0.083
0.055
0.054
0.055
0.056
0.063
0.061
0.078
0.062
0.064
0.061
0.062
0.065
0.063
0.06
0.063
0.053
0.063
0.059
0.065
0.062
0.065
0.062
0.043
0.041
0.041
0.041
0.041
0.042
0.041
0.065
0.064
0.061
0.067
0.065
0.062
0.161
0.042
0.192
0.082
0.063
0.057
0.057
0.055
0.066
0.057
0.216
0.062
0.063
0.054
0.054
0.086
0.059
0.051
0.05
0.047
0.063
0.056
0.049
0.054
0.043
0.044
0.041
0.043
0.053
0.053
0.055
0.054
0.058
0.053
0.055
0.057
0.049
0.074
0.059
0.054
0.058
0.063
0.064
0.064
0.061
0.064
0.079
0.091
0.056
0.058
0.078
0.059
0.058
0.056
0.076
0.055
0.054
0.054
0.066
0.055
0.055
0.056
0.054
0.057
0.055
0.056
0.056
0.059
0.055
0.055
0.055
0.057
0.071
0.053
0.055
0.055
0.056
0.089
0.056
0.07
0.062
0.065
0.061
0.062
0.064
0.055
0.056
0.057
0.054
0.059
0.054
0.053
0.055
0.055
0.056
0.055
0.054
0.057
0.095
0.058
0.055
0.057
0.057
0.055
0.057
0.053
0.075
0.164
0.055
0.058
0.061
0.054
0.04
0.063
0.063
0.065
0.061
0.066
0.063
0.09
0.062
0.064
0.055
0.054
0.054
0.056
0.041
0.053
0.058
0.073
0.055
0.065
0.054
0.063
0.064
0.061
0.062
0.103
0.063
0.067
0.068
0.062
0.062
0.058
0.061
0.078
0.063
0.062
0.065
0.072
0.056
0.056
0.057
0.078
0.053
0.06
0.061
0.064
0.061
0.199
0.061
0.062
0.06
0.095
0.066
0.068
0.063
0.057
0.054
0.059
0.053
0.05
0.047
0.051
0.048
0.051
0.074
0.06
0.056
0.044
0.044
0.041
0.041
0.042
0.042
0.041
0.059
0.055
0.058
0.054
0.065
0.058
0.055
0.058
0.056
0.056
0.071
0.056
0.055
0.054
0.054
0.055
0.056
0.054
0.059
0.056
0.054
0.057
0.056
0.058
0.058
0.049
0.048
0.046
0.05
0.143
0.046
0.048
0.13
0.148
0.049
0.152
0.05
0.048
0.047
0.154
0.055
0.055
0.171
0.162
0.191
0.163
0.055
0.053
0.048
0.047
0.048
0.056
0.067
0.048
0.064
0.08
0.062
0.065
0.063
0.08
0.064
0.061
0.062
0.057
0.053
0.053
0.061
0.055
0.077
0.063
0.062
0.061
0.17
0.06
0.062
0.392
0.311
0.096
0.098
0.098
0.086
0.089
0.084
0.084
0.084
0.09
0.086
0.084
0.082
0.111
0.092
0.098
0.094
0.097
0.096
0.097
0.099
0.098
0.087
0.077
0.099
0.073
0.086
0.091
0.083
0.09
0.084
0.093
0.085
0.091
0.105
0.098
0.097
0.097
0.094
0.128
0.097
0.084
0.076
0.074
0.351
0.067
0.057
0.066
0.056
0.061
0.063
0.055
0.064
0.062
0.048
0.046
0.051
0.048
0.052
0.048
0.049
0.041
0.06
0.053
0.06
0.056
0.058
0.068
0.067
0.06
0.061
0.063
0.06
0.061
0.064
0.053
0.057
0.079
0.056
0.064
0.055
0.057
0.056
0.041
0.044
0.04
0.043
0.041
0.04
0.041
0.063
0.048
0.048
0.049
0.048
0.056
0.053
0.055
0.055
0.065
0.091
0.091
0.074
0.064
0.089
0.084
0.086
0.086
0.089
0.09
0.084
0.09
0.087
0.084
0.073
0.088
0.083
0.086
0.084
0.086
0.087
0.089
0.065
0.066
0.065
0.105
0.085
0.101
0.094
0.099
0.102
0.096
0.094
0.095
0.085
0.082
0.099
0.096
0.102
0.098
0.088
0.089
0.086
0.091
0.086
0.089
0.082
0.094
0.088
0.075
0.074
0.078
0.073
0.063
0.067
0.088
0.091
0.064
0.064
0.065
0.221
0.085
0.095
0.103
0.099
0.083
0.075
0.085
0.084
0.087
0.085
0.083
0.088
0.099
0.088
0.084
0.086
0.1
0.087
0.084
0.089
0.098
0.105
0.102
0.094
0.095
0.098
0.097
0.075
0.064
0.069
0.064
0.064
0.087
0.071
0.074
0.069
0.066
0.069
0.065
0.069
0.058
0.056
0.06
0.058
0.061
0.085
0.07
0.08
0.059
0.06
0.071
0.059
0.059
0.068
0.065
0.059
0.06
0.07
0.058
0.061
0.07
0.072
0.059
0.064
0.066
0.059
0.067
0.064
0.058
0.06
0.063
0.068
0.058
0.059
0.06
0.058
0.059
0.064
0.062
0.062
0.064
0.075
0.071
0.064
0.08
0.08
0.098
0.091
0.106
0.106
0.058
0.073
0.064
0.107
0.062
0.063
0.06
0.059
0.062
0.075
0.063
0.061
0.065
0.061
0.062
0.064
0.061
0.095
0.071
0.12
0.106
0.082
0.095
0.061
0.063
0.066
0.062
0.072
0.052
0.062
0.061
0.065
0.061
0.062
0.06
0.065
0.061
0.062
0.062
0.199
0.064
0.061
0.074
0.071
0.061
0.062
0.07
0.053
0.062
0.06
0.061
0.062
0.07
0.074
0.069
0.071
0.068
0.069
0.072
0.07
0.053
0.048
0.06
0.071
0.061
0.068
0.068
0.094
0.073
0.062
0.071
0.063
0.07
0.17
0.06
0.064
0.06
0.064
0.071
0.049
0.048
0.049
0.047
0.071
0.065
0.047
0.072
0.085
0.062
0.064
0.06
0.064
0.062
0.065
0.062
0.197
0.078
0.062
0.189
0.063
0.06
0.064
0.152
0.054
0.064
0.062
0.061
0.138
0.054
0.05
0.051
0.051
0.052
0.054
0.051
0.06
0.059
0.064
0.063
0.061
0.071
0.075
0.103
0.076
0.07
0.073
0.068
0.069
0.047
0.069
0.06
0.062
0.064
0.06
0.065
0.061
0.059
0.064
0.061
0.129
0.064
0.065
0.062
0.06
0.066
0.059
0.061
0.067
0.069
0.07
0.069
0.068
0.063
0.074
0.063
0.049
0.059
0.063
0.062
0.061
0.071
0.062
0.07
0.054
0.071
0.056
0.062
0.06
0.06
0.055
0.054
0.052
0.056
0.054
0.064
0.061
0.061
0.062
0.061
0.063
0.059
0.064
0.066
0.085
0.061
0.078
0.058
0.07
0.064
0.059
0.063
0.113
0.066
0.069
0.073
0.062
0.063
0.062
0.069
0.06
0.059
0.062
0.06
0.063
0.057
0.063
0.071
0.06
0.056
0.068
0.07
0.054
0.067
0.068
0.068
0.076
0.048
0.069
0.069
0.065
0.064
0.048
0.046
0.046
0.049
0.046
0.045
0.046
0.157
0.073
0.064
0.103
0.064
0.066
0.062
0.063
0.062
0.063
0.062
0.061
0.062
0.064
0.061
0.062
0.076
0.069
0.055
0.093
0.055
0.063
0.047
0.064
0.06
0.063
0.061
0.061
0.062
0.063
0.063
0.065
0.053
0.057
0.058
0.066
0.077
0.062
0.057
0.059
0.061
0.044
0.055
0.063
0.067
0.059
0.048
0.044
0.057
0.066
0.062
0.065
0.152
0.094
0.277
0.071
0.058
0.066
0.056
0.058
0.051
0.045
0.059
0.056
0.058
0.068
0.057
0.056
0.067
0.055
0.049
0.051
0.047
0.048
0.055
0.05
0.065
0.052
0.054
0.049
0.061
0.047
0.048
0.06
0.055
0.041
0.054
0.041
0.061
0.055
0.048
0.048
0.047
0.048
0.047
0.046
0.048
0.055
0.054
0.054
0.056
0.057
0.063
0.062
0.06
0.062
0.061
0.063
0.06
0.057
0.054
0.048
0.054
0.066
0.057
0.053
0.041
0.042
0.049
0.042
0.041
0.044
0.041
0.047
0.063
0.055
0.057
0.053
0.054
0.056
0.053
0.057
0.053
0.053
0.051
0.048
0.049
0.057
0.047
0.048
0.047
0.056
0.053
0.056
0.054
0.058
0.055
0.057
0.055
0.043
0.063
0.041
0.055
0.056
0.055
0.059
0.079
0.057
0.06
0.154
0.056
0.055
0.056
0.054
0.055
0.054
0.06
0.056
0.059
0.054
0.063
0.042
0.054
0.041
0.043
0.059
0.057
0.053
0.059
0.054
0.054
0.056
0.048
0.048
0.049
0.052
0.05
0.046
0.05
0.047
0.064
0.056
0.056
0.058
0.054
0.071
0.096
0.263
0.195
0.064
0.066
0.058
0.059
0.055
0.061
0.057
0.055
0.057
0.069
0.062
0.061
0.061
0.06
0.063
0.068
0.063
0.054
0.054
0.064
0.057
0.063
0.064
0.061
0.062
0.061
0.066
0.063
0.057
0.061
0.063
0.062
0.062
0.121
0.062
0.041
0.06
0.062
0.066
0.061
0.063
0.045
0.061
0.065
0.054
0.058
0.055
0.059
0.054
0.055
0.054
0.057
0.055
0.055
0.066
0.051
0.043
0.04
0.12
0.116
0.111
0.108
0.043
0.04
0.063
0.063
0.063
0.064
0.061
0.064
0.064
0.042
0.045
0.042
0.055
0.055
0.057
0.054
0.057
0.079
0.067
0.052
0.041
0.091
0.059
0.062
0.055
0.068
0.056
0.058
0.087
0.062
0.045
0.043
0.043
0.042
0.044
0.042
0.046
0.067
0.126
0.049
0.05
0.049
0.049
0.051
0.058
0.065
0.055
0.041
0.058
0.054
0.056
0.057
0.056
0.053
0.054
0.181
0.05
0.048
0.068
0.08
0.047
0.088
0.046
0.073
0.058
0.064
0.056
0.055
0.055
0.059
0.058
0.065
0.045
0.044
0.146
0.042
0.041
0.125
0.048
0.06
0.058
0.056
0.055
0.059
0.06
0.057
0.055
0.057
0.059
0.055
0.042
0.043
0.043
0.045
0.041
0.055
0.057
0.055
0.059
0.06
0.057
0.054
0.056
0.085
0.078
0.099
0.084
0.08
0.07
0.086
0.068
0.181
0.087
0.089
0.062
0.063
0.066
0.066
0.065
0.063
0.062
0.064
0.066
0.065
0.042
0.123
0.04
0.043
0.127
0.055
0.063
0.064
0.063
0.096
0.064
0.065
0.063
0.064
0.064
0.061
0.063
0.062
0.056
0.055
0.055
0.054
0.056
0.059
0.055
0.056
0.101
0.056
0.057
0.053
0.055
0.086
0.056
0.048
0.055
0.11
0.09
0.079
0.095
0.107
0.089
0.105
0.099
0.097
0.089
0.143
0.123
0.068
0.08
0.076
0.302
0.075
0.067
0.06
0.061
0.06
0.063
0.093
0.118
0.092
0.067
0.062
0.082
0.085
0.107
0.083
0.066
0.064
0.063
0.063
0.061
0.072
0.058
0.043
0.04
0.045
0.069
0.052
0.063
0.059
0.079
0.055
0.086
0.091
0.069
0.054
0.083
0.119
0.042
0.04
0.134
0.041
0.119
0.049
0.065
0.065
0.196
0.063
0.066
0.054
0.056
0.058
0.055
0.094
0.048
0.049
0.051
0.047
0.048
0.063
0.063
0.062
0.061
0.063
0.064
0.057
0.125
0.054
0.058
0.055
0.058
0.054
0.056
0.054
0.058
0.054
0.056
0.055
0.055
0.04
0.056
0.06
0.056
0.058
0.054
0.055
0.057
0.055
0.173
0.068
0.052
0.054
0.054
0.057
0.056
0.054
0.054
0.054
0.056
0.055
0.055
0.055
0.056
0.056
0.055
0.056
0.063
0.056
0.059
0.054
0.056
0.056
0.059
0.056
0.059
0.058
0.055
0.058
0.054
0.054
0.053
0.064
0.052
0.048
0.05
0.052
0.048
0.05
0.049
0.05
0.131
0.058
0.059
0.113
0.15
0.058
0.07
0.058
0.056
0.05
0.568
0.059
0.109
0.057
0.064
0.246
0.09
0.149
0.09
0.118
0.055
0.059
0.056
0.082
0.094
0.062
0.092
0.074
0.074
0.092
0.065
0.073
0.064
0.066
0.062
0.513
0.148
0.095
0.062
0.091
0.057
0.084
0.055
0.058
0.094
0.059
0.055
0.084
0.057
0.073
0.057
0.055
0.165
0.058
0.057
0.069
0.044
0.073
0.091
0.063
0.066
0.09
0.062
0.09
0.063
0.055
0.058
0.089
0.056
0.094
0.101
0.158
0.057
0.183
0.058
0.085
0.107
0.093
0.043
0.048
0.042
0.289
0.043
0.044
0.235
0.046
0.247
0.079
0.05
0.051
0.137
0.139
0.048
0.084
0.059
0.056
0.086
0.103
0.708
0.629
0.089
0.086
0.072
0.045
0.042
0.146
0.039
0.041
0.149
0.07
0.056
0.056
0.072
0.056
0.083
0.048
0.084
0.048
0.047
0.049
0.041
0.089
0.085
0.062
0.149
0.088
0.062
0.062
0.08
0.047
0.071
0.048
0.048
0.066
0.054
0.089
0.062
0.382
0.064
0.151
0.064
0.09
0.09
0.199
0.054
0.041
0.148
0.056
0.055
0.054
0.054
0.115
0.054
0.082
0.083
0.059
0.055
0.054
0.053
0.452
0.059
0.055
0.101
0.06
0.091
0.042
0.049
0.091
0.048
0.041
0.043
0.048
0.077
0.056
0.083
0.082
0.056
0.053
0.08
0.065
0.219
0.129
0.085
0.12
0.097
0.121
0.088
0.141
0.088
0.351
0.123
0.122
0.141
0.083
0.441
0.061
0.215
0.086
0.094
0.066
0.081
0.101
0.097
0.099
0.093
0.098
0.074
0.107
0.079
0.107
0.274
0.085
0.318
0.094
0.161
0.095
0.414
0.143
0.107
0.089
0.119
0.084
0.471
0.072
0.043
0.071
0.041
0.04
0.067
0.041
0.042
0.067
0.041
0.118
0.048
0.049
0.164
0.126
0.059
0.048
0.157
0.065
0.084
0.062
0.062
0.07
0.072
0.062
0.085
0.062
0.062
0.088
0.062
0.061
0.063
0.086
0.084
0.054
0.055
0.14
0.151
0.084
0.087
0.089
0.121
0.094
0.087
0.118
0.08
0.079
0.439
0.061
0.047
0.083
0.065
0.088
0.063
0.089
0.062
0.141
0.063
0.057
0.09
0.064
0.09
0.083
0.055
0.066
0.063
0.137
0.07
0.084
0.058
0.22
0.083
0.062
0.052
0.05
0.15
0.091
0.063
0.066
0.087
0.052
0.047
0.052
0.048
0.048
0.047
0.076
0.058
0.057
0.079
0.056
0.048
0.08
0.048
0.207
0.218
0.05
0.097
0.048
0.047
0.05
0.054
0.054
0.093
0.069
0.108
0.112
0.485
0.071
0.063
0.094
0.063
0.098
0.086
0.064
0.07
0.086
0.064
0.057
0.044
0.064
0.055
0.083
0.054
0.08
0.057
0.054
0.082
0.055
0.057
0.091
0.062
0.175
0.063
0.051
0.055
0.122
0.095
0.091
0.063
0.062
0.063
0.062
0.093
0.094
0.09
0.063
0.098
0.061
0.045
0.053
0.079
0.047
0.069
0.051
0.047
0.083
0.062
0.089
0.049
0.127
0.049
0.134
0.083
0.068
0.081
0.08
0.056
0.056
0.056
0.083
0.048
0.093
0.056
0.06
0.055
0.108
0.092
0.062
0.138
0.082
0.064
0.063
0.09
0.064
0.057
1.057
0.071
0.059
0.055
0.081
0.083
0.056
0.063
0.11
0.055
0.082
0.07
0.095
0.069
0.069
0.055
0.081
0.053
0.084
0.102
0.048
0.048
0.088
0.049
0.082
0.049
0.051
0.057
0.127
0.056
0.095
0.07
0.092
0.07
0.094
0.069
0.055
0.097
0.057
0.08
0.057
0.053
0.081
0.054
0.047
0.082
0.055
0.093
0.057
0.057
0.072
0.067
0.087
0.068
0.308
0.11
0.132
0.139
0.086
0.137
0.071
0.076
0.05
0.059
0.057
0.055
0.052
0.052
0.054
0.047
0.056
0.056
0.053
0.054
0.195
0.064
0.059
0.062
0.069
0.048
0.049
0.049
0.047
0.051
0.051
0.047
0.046
0.166
0.054
0.08
0.055
0.058
0.057
0.169
0.189
0.062
0.045
0.041
0.041
0.041
0.059
0.055
0.061
0.055
0.056
0.054
0.057
0.056
0.101
0.063
0.055
0.055
0.055
0.055
0.055
0.131
0.057
0.04
0.042
0.055
0.055
0.056
0.055
0.057
0.054
0.054
0.065
0.059
0.055
0.066
0.062
0.056
0.065
0.063
0.09
0.055
0.113
0.063
0.062
0.057
0.114
0.055
0.055
0.058
0.069
0.132
0.056
0.055
0.056
0.079
0.063
0.149
0.062
0.064
0.062
0.088
0.089
0.057
0.436
0.057
0.145
0.057
0.085
0.207
0.1
0.055
0.148
0.056
0.194
0.055
0.089
0.06
0.09
0.111
0.057
0.074
0.055
0.083
0.055
0.08
0.175
0.089
0.061
0.091
0.061
0.175
0.069
0.061
0.07
0.056
0.083
0.061
0.058
0.056
0.059
0.105
0.07
0.041
0.041
0.042
0.041
0.043
0.043
0.07
0.055
0.083
0.081
0.054
0.057
0.091
0.161
0.061
0.088
0.05
0.096
0.068
0.125
0.072
0.07
0.108
0.069
0.044
0.085
0.042
0.042
0.041
0.047
0.042
0.098
0.07
0.082
0.055
0.083
0.063
0.088
0.048
0.064
0.061
0.05
0.075
0.065
0.047
0.087
0.048
0.048
0.101
0.063
0.182
0.062
0.079
0.063
0.082
0.056
0.081
0.065
0.078
0.089
0.061
0.092
0.06
0.085
0.064
0.071
0.08
0.081
0.055
0.063
0.09
0.062
0.064
0.064
0.115
0.067
0.165
0.506
0.162
0.153
0.333
0.123
0.073
0.075
0.067
0.062
0.067
0.061
0.064
0.077
0.078
0.074
0.078
0.071
0.096
0.109
0.105
0.113
0.075
0.076
0.073
0.079
0.074
0.083
0.084
0.084
0.082
0.084
0.084
0.086
0.089
0.089
0.085
0.087
0.081
0.087
0.078
0.079
0.081
0.077
0.077
0.082
0.078
0.081
0.09
0.091
0.085
0.086
0.091
0.086
0.085
0.092
0.11
0.106
0.11
0.107
0.157
0.109
0.11
0.105
0.099
0.089
0.091
0.098
0.101
0.105
0.108
0.098
0.097
0.087
0.087
0.1
0.086
0.087
0.091
0.088
0.083
0.055
0.058
0.055
0.059
0.054
0.08
0.06
0.055
0.054
0.057
0.064
0.065
0.065
0.061
0.063
0.062
0.06
0.054
0.065
0.054
0.057
0.055
0.056
0.071
0.068
0.061
0.066
0.062
0.06
0.06
0.2
0.061
0.067
0.07
0.064
0.062
0.063
0.063
0.067
0.061
0.057
0.057
0.054
0.063
0.055
0.09
0.066
0.067
0.07
0.058
0.063
0.062
0.063
0.076
0.07
0.077
0.061
0.07
0.05
0.05
0.048
0.047
0.048
0.049
0.064
0.054
0.056
0.054
0.055
0.056
0.182
0.055
0.041
0.042
0.042
0.044
0.04
0.044
0.13
0.048
0.056
0.056
0.056
0.055
0.057
0.054
0.043
0.041
0.041
0.041
0.055
0.054
0.054
0.056
0.055
0.054
0.054
0.123
0.048
0.047
0.049
0.047
0.047
0.058
0.054
0.057
0.054
0.054
0.058
0.102
0.058
0.07
0.07
0.07
0.069
0.062
0.065
0.055
0.061
0.087
0.056
0.066
0.055
0.063
0.055
0.065
0.057
0.054
0.055
0.054
0.061
0.064
0.061
0.062
0.063
0.047
0.048
0.052
0.055
0.055
0.055
0.051
0.049
0.05
0.102
0.118
0.144
0.097
0.094
0.098
0.094
0.097
0.096
0.101
0.083
0.083
0.084
0.087
0.091
0.085
0.083
0.086
0.091
0.088
0.084
0.087
0.082
0.088
0.084
0.086
0.081
0.087
0.088
0.084
0.085
0.088
0.093
0.096
0.064
0.063
0.063
0.066
0.062
0.059
0.072
0.072
0.07
0.069
0.072
0.078
0.072
0.102
0.101
0.1
0.105
0.098
0.102
0.094
0.098
0.1
0.096
0.1
0.102
0.096
0.104
0.088
0.092
0.09
0.094
0.09
0.086
0.067
0.066
0.188
0.066
0.064
0.229
0.065
0.088
0.111
0.089
0.091
0.086
0.086
0.087
0.06
0.057
0.057
0.055
0.056
0.096
0.057
0.056
0.057
0.057
0.057
0.054
0.057
0.056
0.054
0.084
0.06
0.053
0.054
0.064
0.066
0.062
0.062
0.065
0.061
0.066
0.061
0.083
0.059
0.054
0.059
0.054
0.058
0.054
0.056
0.054
0.053
0.062
0.063
0.06
0.064
0.062
0.061
0.062
0.062
0.065
0.062
0.064
0.061
0.065
0.091
0.066
0.067
0.062
0.064
0.062
0.065
0.062
0.095
0.065
0.06
0.056
0.068
0.054
0.058
0.055
0.054
0.057
0.058
