4756
10741
10799
11825
20015
26000
26058
30814
31840
39600
47790
48174
50382
52230
59990
60048
54136
55162
63352
68108
70316
76301
66469
54960
55986
56370
58578
63334
71094
71152
73000
59860
56602
55634
39016
39016
41224
49414
51262
57247
52230
32401
30937
33145
41335
49095
46187
46245
52230
53256
60420
60420
60478
66463
52230
21863
22247
23273
31463
33671
41431
43639
44023
46753
42319
43131
43439
43823
45363
46389
47201
53183
53169
60929
45741
41307
49497
54253
39907
42057
42057
42441
44289
48039
43845
46053
54243
62003
62815
63841
50769
52617
54825
63015
70775
75531
76343
82328
79777
73413
73721
74533
73829
74684
74776
66586
67398
69246
69630
77820
71496
66678
58558
51467
51992
52430
54638
55450
57390
57774
65964
65604
73794
76002
70821
75577
79622
79622
81830
89590
85978
85274
91259
92285
93097
93481
101671
106427
114617
112155
112539
114387
109953
110765
108180
107383
115143
111595
112621
120811
121195
120286
125042
113608
121368
127353
123633
125841
118893
127083
135273
135657
136041
136041
106758
114518
115914
116726
117581
116877
119607
119991
118143
126333
119991
122199
121455
121839
126915
101298
102762
103146
105354
97160
104920
100486
100544
105300
105684
106496
108704
114689
122879
124727
129483
130295
126565
132477
138462
138900
147090
149298
127027
116921
124727
124785
125597
127805
133790
135638
140394
142242
126744
132556
132614
133640
141830
142642
142214
149974
158164
151822
152634
160440
160824
154482
144828
152634
154482
155294
158024
160232
144874
145258
153018
151880
138931
143629
145837
151822
152634
143117
147873
147873
148257
150465
158655
158713
160472
150358
147100
148948
153704
153276
140760
148520
146602
154792
155818
141263
141263
143111
134613
142803
143829
145677
146489
146873
149081
148651
156841
146747
148595
140704
146689
147501
147559
143187
146439
139569
141777
142803
144651
145677
150433
156418
164608
166456
171212
162509
148167
148225
150433
150817
150049
150433
146703
147087
149295
155280
163470
164282
171016
145985
145281
132332
137088
143015
143827
143885
143433
145281
122017
130207
113015
115745
117593
121730
129920
132128
132512
132570
133382
121371
118961
110427
104500
108277
110485
112863
111827
103367
103367
103425
111185
111997
111827
120017
117287
85858
85986
84062
84874
87604
78544
80752
75884
77732
77790
78602
67504
73489
68961
69773
72151
65430
67638
75828
76412
76470
77282
77666
79514
87274
89482
95467
96493
98341
98725
104707
104185
99575
97101
99831
104587
103561
97851
98877
101085
108845
109657
111505
117490
125680
127528
132284
133096
139081
146841
149049
143973
141653
149843
138762
141132
141657
141965
142777
147533
155293
160369
160753
158023
166213
168061
172817
172375
174580
176788
171712
171770
172625
166191
170947
167966
162720
164568
170553
172761
156811
165001
161567
162379
157623
159831
161679
153556
154411
147450
149390
151760
148508
145226
131369
132181
132565
132623
134831
140816
138898
143654
151844
153692
142771
142389
143201
144227
146017
153777
153349
154161
151345
145642
141427
137569
143551
151311
156067
156067
158275
157453
157837
159685
156451
157915
158941
163697
164257
172017
173865
173923
174949
177157
181913
182297
188282
190490
196475
194267
202027
203875
188282
189094
189094
190942
199132
205117
209873
217633
219841
219899
214823
208838
203704
204516
205644
202032
202887
203913
203971
206603
194968
199724
195311
195619
196431
191029
189035
195020
185366
148725
138652
140860
149050
156810
157836
159684
149286
157476
149332
132656
134864
131582
134312
136252
137278
137336
142092
138720
140544
137717
143967
138507
140355
140355
147260
146556
148404
148788
148846
157036
150888
151700
156456
158664
164124
164508
154281
159037
145615
149319
147967
149815
147495
148350
156540
164730
165114
162522
156540
154308
154692
156540
158918
159944
158918
142401
134211
134269
142029
142243
150433
150817
151629
153477
129440
121634
113060
121250
129010
123735
129720
131928
131106
131164
131164
133012
132200
127124
127332
133317
138073
138885
139269
139327
141535
149295
132200
124010
113972
115820
122600
123626
124652
129408
129408
109392
109700
111640
105878
106904
115094
115906
115906
121891
129651
129709
131917
136673
138521
137169
145359
145743
145801
151786
152598
152726
147324
147632
148444
137582
143042
150802
156787
150744
150802
151186
153010
145242
146054
152959
158944
158584
163340
166070
164130
164985
156680
137795
138821
143994
144378
145842
146654
154414
156622
157648
158032
159880
168070
170278
161378
156622
156622
158470
166660
172645
173457
173841
173899
174711
176559
184319
185345
193535
193593
195801
200557
198890
199702
205687
179958
179958
179958
180172
180984
186969
188817
188875
191605
193983
196191
202925
202171
203197
211387
211771
204637
200717
194735
187033
194793
189547
190359
191214
192026
194396
185811
186119
171847
155033
163223
165431
166243
172228
174076
174134
169117
169929
175914
177762
179970
184726
184784
173550
173934
174746
180731
176594
184784
189957
190015
189972
187184
186542
194732
194732
195374
193818
198574
197752
180287
181099
182947
190707
192915
198900
194106
191932
186496
194686
199442
200468
202676
204524
212714
204823
204881
210866
190688
186302
169165
173921
179906
182114
172708
180160
178336
170574
171364
165962
161990
164198
168954
166166
166166
174356
176204
178504
175252
176107
170345
171371
171429
179189
187379
188191
188575
189601
191809
192193
191809
177142
177954
178338
180186
182394
190154
190212
196197
202009
196607
195543
194003
184658
183305
181739
189871
181681
177161
177487
183472
191662
193510
187141
179335
187141
187953
188011
185618
190374
192582
198567
204379
204763
204549
194999
196847
199055
204228
199794
204550
204608
212368
212676
211110
215698
219132
219132
219190
215162
217370
219218
220030
227408
219218
225176
215162
216188
218036
220244
219348
225333
224629
224687
225441
223019
223544
218536
221166
217194
219402
220428
213279
198778
200986
203534
209519
209519
210331
209878
200061
201909
201967
206723
208931
208931
208177
209203
215188
216000
223376
212543
214751
212091
216847
220454
206605
207417
207341
210071
204669
205029
206707
198517
200365
196588
194813
194871
195683
188719
190637
191663
199423
200235
203965
197361
199209
192412
191793
192605
197361
179544
185529
180993
181805
183653
183653
184465
175874
163644
169026
169838
168774
169629
172359
172667
173219
173277
174270
182460
175296
173472
173448
140641
137255
139103
139161
140187
148377
148761
149838
141141
140437
133361
134173
130561
138693
144678
145490
145874
145624
141223
138845
140693
145866
148074
141363
146119
146162
146974
141572
139024
135080
139836
138382
139194
123975
123975
121531
122386
130146
132354
138339
141343
140114
140114
141962
147947
152703
153515
155723
163913
156566
150224
156209
163969
172159
173555
172326
155394
156420
156804
159012
157602
153546
155754
139239
141617
140003
148193
145449
144267
145079
145137
152897
158824
136267
138475
140323
148083
148895
153651
155047
155355
156210
160966
161778
163553
154741
136033
137059
136967
144727
146935
150383
151195
153781
155629
156441
164201
166409
168257
153225
160130
166115
170871
171683
175499
173559
152747
158732
133970
130358
131213
133153
123556
126286
128664
136854
142839
145047
133088
132276
118505
118889
121097
121097
119891
118865
118865
107772
108798
111006
112854
120614
121426
129616
135601
140357
142205
143017
150777
141169
145925
136580
135227
132849
137605
137605
143590
144616
152806
157562
157620
165810
165810
171795
157678
158062
162818
170578
178768
180976
181788
186544
187356
183636
184448
186388
180724
161356
161414
161798
160402
168208
175968
168600
168984
177174
179382
176352
177321
181098
177738
177796
185556
190312
190696
198886
186694
175914
175972
176784
184544
165698
164250
158790
159602
156850
164610
162402
164610
156478
161234
167219
161759
169949
161358
169548
173325
149728
150540
150598
158358
160124
156798
157182
163167
170927
170985
173193
174005
174389
169595
177785
182541
165657
167865
170595
170903
171929
167873
170081
171929
170893
170081
177841
182597
174064
175912
183672
189657
194413
195225
201210
201640
202666
202724
203536
211296
206649
198745
199600
201970
194205
196413
197225
196521
204281
212471
218456
219482
219866
209998
206054
210810
216795
224555
232745
234593
219235
215458
199220
199278
200304
208494
213250
214062
220047
220355
223085
218009
220217
222595
222653
191906
196662
202647
210407
218597
220805
222653
228638
228638
228638
224501
228205
229017
233773
231833
206178
212520
220280
220805
220635
213308
215516
215516
216371
215667
216479
212423
214271
222031
222843
231033
224391
226239
228447
218923
218981
186848
188244
193000
195208
196234
196662
204852
199776
200631
208391
210541
201452
202264
202648
202706
205149
209521
217711
218071
219919
220731
214746
201377
209137
193810
193810
201570
207555
212311
213123
214971
191172
190136
184224
181948
178171
182057
182115
182927
188912
184156
183412
179975
182705
177303
180910
167381
149826
149884
150526
156511
164701
172461
177217
178029
180237
185731
187579
179819
180179
186164
194354
178355
186545
188753
170138
170993
171301
172113
169793
177113
181869
184077
190062
190874
198634
199660
201508
201892
199470
201678
196719
198567
204552
201892
199162
206326
207352
207736
207352
195799
195799
188851
196657
204417
200640
181778
177007
177819
178845
179229
178261
180109
177449
178261
180109
180921
186906
178086
182842
183226
190131
196116
198324
199136
200984
209174
209558
217748
214496
214554
216921
196834
201590
203798
211988
219748
220560
221586
215366
195589
187399
193384
189339
181579
180039
180423
182631
187387
195577
197785
198169
198227
190639
192567
200757
206742
198085
198393
199205
203961
198034
192745
186167
185637
185851
191836
192648
181581
183789
191979
199739
200551
196117
196501
180804
175518
168613
170461
172669
173481
173539
179524
184280
185092
176520
184280
173498
173882
174908
183098
184280
190265
190649
198839
206599
207625
209833
211681
211739
216495
209117
217307
216879
216553
216553
221309
223157
223473
227921
233906
234718
234776
236984
236480
229815
230199
200418
205174
205986
213746
221936
222578
216535
216593
221766
221766
223614
207717
212473
217432
219637
225622
226006
227402
225502
226314
227340
229280
237470
237854
240062
240858
220888
204178
209990
204588
197425
198280
196714
199092
200940
167203
165053
166901
171657
173865
174249
182439
190199
191054
198814
199626
201474
193784
190532
180464
181276
181334
183182
187938
193923
196131
195249
199621
195844
196228
186162
194352
200337
201149
201207
201591
199753
200779
202627
203439
203439
201591
199743
189164
189594
188890
189916
197676
199524
199908
202116
193071
201261
184425
185237
189993
190051
189602
191810
199188
187740
188766
189150
190998
193148
193960
198716
206476
209206
203804
204659
205685
206069
182786
173723
175931
176743
176801
182786
170539
160903
163111
163495
165343
166369
174129
182319
188304
188246
188630
188304
189116
174557
179255
180291
188481
187017
193002
190454
198644
199670
200054
201902
193712
201902
170499
160736
161548
167533
169741
169799
168446
173202
168126
167304
175494
183254
173646
173116
174094
178850
181058
187043
187855
179101
164926
165738
160456
161482
169672
154621
154578
153824
151830
148074
148074
156264
157290
149912
154210
155236
161221
169411
171619
155855
160611
166596
167408
166163
168011
162122
164330
167060
167444
160066
159740
159798
156021
156833
157655
159863
160889
166874
156021
152436
158421
166611
168819
164705
162327
162385
167141
169349
171197
155612
155996
164186
165212
171197
156268
157236
165426
173186
173570
179555
180377
174008
174820
179576
180602
179550
181398
182210
174520
170740
168916
169942
171790
177775
173998
178754
179062
173602
171394
166611
166995
167807
164265
170250
172098
180288
171714
167280
167664
152823
152881
153265
161025
169215
175200
179956
175138
160356
145141
144781
145593
144614
146822
151270
145285
149229
150255
152103
152487
153299
159284
167474
169682
169740
169288
161907
163755
164781
170766
178526
177500
170552
172400
177930
163755
169740
115780
123540
124352
124410
129166
129166
123278
125486
125794
126820
126814
126814
131570
137555
137939
137997
146187
142457
142097
142097
136115
128638
126148
132130
133156
135004
132332
134540
142730
144578
149334
155319
155703
163463
164275
172035
172847
174695
166483
168331
176091
167305
166123
165087
121159
108138
108950
113706
113764
115612
116424
122409
122793
123177
122749
128734
128792
134777
142537
150727
151753
156509
164699
166907
174667
182857
184705
148809
149835
158025
159565
159565
157357
159205
150991
159181
159565
159949
168139
168139
169987
172195
173221
180981
181793
172895
175103
175487
181472
181530
182342
180990
172800
180990
189180
180990
174648
179020
179078
187268
193253
195461
196273
189106
180990
181374
180990
188366
188750
194735
195761
200517
208707
180606
180990
182016
189822
192030
173682
173990
175838
183598
185968
188176
189031
190057
190869
191253
190869
193077
194103
194487
196335
202677
191681
180687
182535
190295
188661
190869
187051
188077
191684
193892
191684
185315
184673
161030
161414
163262
169247
177437
179645
179703
183647
179213
172463
173318
160893
162833
163859
160425
159903
161751
168223
167041
167425
155546
161531
163909
164721
165273
165581
173771
181531
183379
181497
183345
183345
185553
184849
184907
185789
186644
177143
177503
172495
172623
173649
158880
164865
145885
153049
154513
156721
157105
156245
158453
161457
167442
172198
165250
166286
155867
156679
146094
152079
149701
148637
148765
142077
150267
158027
164012
168768
169580
169220
162807
170997
171852
167204
169582
174964
183154
185362
186398
156011
157859
153554
151779
152591
157347
163159
161593
161977
167962
168020
175780
183970
185818
190574
168619
176809
168619
169084
171384
170320
172528
172656
176263
155564
156376
161132
157520
152444
150124
152854
153880
159865
160677
162243
164018
172208
174416
176264
168393
170601
171627
172011
168753
170601
142348
141964
144172
146020
146404
147430
155620
139103
140129
140187
139759
140571
146498
148706
148492
148550
154535
155347
163107
163491
171297
163491
163799
171989
172047
180237
186222
186606
188454
184020
179580
172203
174367
167628
168440
169295
171085
170835
176820
177632
185822
188030
189878
194634
190200
190584
198390
198390
190456
198216
199242
199242
203998
199320
198602
195899
195899
201884
202244
204092
199016
197834
206024
197236
197294
198320
204305
203423
208379
213135
201884
203732
198272
189774
197964
206154
204222
205248
204888
203424
196685
197497
203482
205272
210158
210970
216955
217013
217397
222153
222965
215156
211738
203808
209409
210221
212069
203054
205204
205262
210018
208884
176098
167908
176098
167966
173893
174705
169756
176098
166214
149297
142500
148485
156675
158883
164868
172674
164868
156294
157106
158132
162888
162946
165154
167359
162721
157965
157965
159813
160197
160719
162927
152505
158490
159302
152563
152505
160311
160695
144745
152505
153317
151683
159873
162081
163929
158349
157965
154353
151276
157261
159469
160223
160437
158613
152505
148878
146148
142332
143358
143144
144992
140236
147996
146148
148356
137958
138984
140832
147996
137574
137958
145718
145718
145718
136504
124584
132774
132832
134680
136888
141644
141644
128358
128358
136548
136932
137958
112443
104192
104576
105388
106784
107639
102237
100827
108587
109399
110425
118615
120463
122671
109017
109017
115002
109017
108587
100827
101211
99645
107835
108219
110427
112275
102675
100329
97071
105261
106287
107099
107157
105293
106475
111231
104831
105857
114047
96572
96880
104640
103936
104748
105603
111588
112614
112998
114846
119602
127792
135552
136364
138572
137760
145520
146332
133112
133967
136175
101876
106808
108656
109040
110066
105653
106679
111435
113283
113667
115875
116305
124065
124877
101876
100994
97580
105770
105128
113318
121078
123286
123344
123728
124540
129296
135281
137129
143111
133083
122318
127074
128922
129306
130332
136317
137129
137129
137513
137129
139337
139721
147911
153896
156293
158501
160709
165465
165849
165907
166719
174479
182669
177209
171749
173213
164357
172547
167471
167945
168329
176089
180845
180903
181715
182023
174235
170801
171656
173864
182054
189814
190198
190840
182054
178277
166351
166735
172717
173743
175951
164887
166735
174925
174925
174495
182685
166351
166735
171491
173699
168943
168943
176321
171245
152377
160137
164893
165705
166731
174921
177129
178977
179407
171450
165366
173126
173184
169240
153062
153062
152678
160438
155802
160975
165731
167579
160203
156586
157111
137116
117382
117766
118792
126982
129190
125716
124822
115950
124140
130125
130937
135693
135751
143511
119251
112851
112469
112527
108953
116713
112279
115187
117395
115571
123761
125969
127817
124787
115571
120953
121979
123827
132017
132075
134283
140268
145024
152784
154992
157722
160100
160955
161263
162075
164283
157027
158875
164860
172620
174828
183018
185566
178621
184606
192796
165993
166805
168653
176413
177439
185629
181855
189557
189105
193861
184193
184251
186099
188307
190512
191741
196497
202409
185063
175536
181521
189711
188315
196075
197923
192281
189373
191581
197923
205683
211668
212480
200131
198307
197947
199771
207961
208987
200131
200439
203169
209154
211094
211906
212932
213316
218072
222828
224676
208653
216843
224603
230588
223640
217250
216890
217274
218300
226490
226548
219156
225141
233331
238087
232458
224756
226604
220622
213076
202712
210472
206528
214718
215102
218832
220680
221064
227049
234501
221782
227380
227380
229588
176835
185025
185677
183829
184641
186849
185453
185837
185895
190651
192859
201049
207034
208882
217072
208882
212659
214867
214867
198574
203330
211520
198404
199216
206976
208824
208882
209266
208882
217072
217456
218482
218482
220306
209704
210088
212296
218281
226471
227283
228309
236069
240825
195232
197962
198346
200554
208744
207515
204785
197009
197437
203422
201482
207394
209242
207676
208060
207356
198408
199434
199818
205800
208008
212087
207128
215318
219048
206160
211236
206160
180217
187977
187165
142991
145199
153389
155237
155621
159768
167528
168340
157915
146337
147149
146639
147023
147081
153066
153374
156104
140950
148710
150558
150616
151642
159832
160216
162424
167180
167992
176182
176182
176824
178672
178730
186490
192475
189471
185099
176240
179434
185419
187627
181642
175730
183490
170567
171593
179353
178711
178769
180977
174681
176886
176182
182167
186923
195113
197321
197705
197763
198575
200423
183542
183926
182540
190730
191372
156485
164675
160429
156699
156757
142591
144799
145183
153373
161133
161988
160759
160759
166744
153951
149517
149901
151749
143919
144057
145083
147291
155481
163241
164267
166115
166173
166557
171313
154969
158403
163159
162775
164113
164497
163101
164949
150213
154969
155027
157235
165425
166451
166835
172820
180580
182428
159215
167405
151249
152061
159821
142020
144228
142404
148389
152761
136176
132232
126830
127856
126470
134660
136868
135020
135020
126830
123074
124100
126648
128496
136686
137712
139920
140304
135545
143735
139690
135042
124930
122780
128765
136955
138803
141011
148771
149797
154553
130448
132598
134062
132144
132202
133373
133449
141639
146395
145150
145962
147810
155570
138081
146271
147126
146422
147234
141774
141774
141774
147759
148571
153327
161087
163817
164125
149319
148464
148522
148906
146358
151114
157099
164859
173049
175257
183447
183447
189432
191280
188372
160649
154664
156512
157324
156112
126761
134951
142711
148696
153452
154264
152800
160990
160246
153238
154264
155290
157138
160572
162420
164628
172388
172772
149257
157017
163002
155300
154264
155076
154264
162454
163266
169251
177011
181767
159889
162097
148663
156853
143705
143705
145553
145553
146365
146423
148271
143515
146850
143773
145981
147017
150021
130015
130827
135583
137791
145981
140093
141119
141931
147916
122629
130819
129577
129577
130389
103488
104300
106148
76602
84362
87092
87400
78210
82966
77051
77522
79730
69716
77906
77522
77882
79730
80542
79730
80158
85618
85978
86362
87388
87028
93762
94574
96422
87850
86002
86002
90758
96743
97555
99403
101611
101669
106244
107270
107270
107654
85291
85349
82801
84649
92839
98824
103580
105880
99959
93666
99651
101859
102837
97045
101801
91381
93229
95959
83329
83713
83713
81865
83713
84525
84583
84583
90568
92776
93812
88469
84760
85786
86170
94360
96568
104328
105826
111811
112195
112253
108523
116283
118491
123247
131437
111286
104941
97525
98337
103093
109078
111286
111414
110710
111522
119712
125697
127905
129753
129811
137571
127603
133588
135528
136554
136938
141694
143518
135514
136540
137352
131751
139511
140323
142171
132563
132621
134829
127614
132370
138355
131751
132019
136775
131816
139576
139960
131586
137571
132489
140679
141705
135363
137571
143556
136701
138909
138967
139779
137571
137629
142385
134696
131764
124004
125852
134042
140027
143031
145761
145591
147531
148557
153313
153697
159682
157834
158646
159682
167872
168684
168742
169126
171334
169870
170896
178656
185820
184841
181276
180462
154807
156957
162942
159938
147033
147091
154851
157059
163044
167800
175990
177838
178650
186840
192392
193418
180425
185181
188842
184470
190455
192663
175395
178125
180065
181091
181475
167730
173715
166320
167346
167730
167788
169636
175621
183427
182905
177693
176993
178019
181023
175038
176064
173718
179530
181738
156361
154156
158912
159938
160322
168512
176272
177084
182996
184844
163228
166662
167046
168894
171194
170490
171302
171360
154467
152308
160498
162706
163732
170896
163548
169533
174289
176497
168166
168166
168550
170398
172606
171794
171794
179554
187744
187802
188444
193200
167963
173948
170928
179118
179760
180144
184900
187108
193093
201283
186129
170928
179118
185103
184933
185317
180144
167670
175860
176886
177270
179118
180966
183174
179753
180565
184937
184995
190980
188772
187308
181464
168198
170406
176391
182376
183402
191592
196348
196406
195370
195428
193128
200888
200402
193673
193673
195881
201866
206942
207326
184685
186533
187345
193330
201520
202546
183549
175743
183933
186141
192126
161759
163967
164779
172969
180729
186714
191470
191086
191214
197199
198011
199407
175605
183795
184607
186815
180473
186458
185754
182192
180417
170306
172928
175136
176984
184744
185626
187834
187130
182054
183080
190840
196825
197851
191503
199693
200077
202285
194907
202667
210857
213065
214913
200356
204133
200077
202285
210045
216030
209082
203840
206048
200121
193779
188275
194087
194087
195113
201098
194087
198843
199869
200681
206666
208514
208572
210780
218970
222346
227102
233087
234113
224955
219782
215893
213688
206724
214914
217122
218970
227160
229368
229752
230778
236763
236821
238669
243425
244237
246445
254635
260620
262468
263280
264306
266154
265450
268180
268272
269127
260597
266582
258700
241221
249411
253141
261331
262357
267113
252760
247208
254968
260953
261081
267066
269274
261723
264453
262245
262553
263408
264220
265246
270202
272410
269692
269750
215029
214551
212343
214191
217373
218399
224384
230366
225866
229596
225819
209927
211775
212630
213442
214468
216676
220110
224558
219657
225642
233832
229398
231246
239006
243762
244146
244204
245016
251001
253209
255057
254021
255869
256895
259103
245831
254021
253525
253909
256117
256929
265119
262799
270559
273749
271997
270533
271559
279749
270149
271997
274205
271997
273845
238214
246404
247430
246726
247538
240799
240857
246842
246600
252585
260345
260729
257295
250561
252769
240512
235504
236530
242515
213339
213723
214535
214161
216369
222181
223207
225055
229844
228808
227996
225791
227996
227996
229844
229844
230201
224219
230204
227242
228054
234039
227666
233651
235859
227111
229411
208705
211083
211211
206252
214442
216650
222992
224840
222168
204805
205189
206215
213975
219902
219902
225887
226699
225887
225887
226699
228547
228675
236865
239073
233610
234140
236080
225458
225458
226484
223824
232014
226032
227880
228692
200919
209109
210957
213165
200535
200593
194608
200535
202743
200535
200535
202503
210693
210751
216736
215384
217589
206423
194758
196606
204796
205180
206206
200224
204980
209939
215924
216736
204479
194441
202631
203361
209346
211554
213580
208621
203458
204470
205496
213256
221446
227431
232187
232571
202204
202262
202262
204470
208247
202320
207076
215266
216292
222277
222277
223089
223147
214679
215491
217699
217169
218195
225359
233549
226171
225301
219481
222083
228068
224816
224944
213557
212767
202562
203588
211778
213986
212522
202124
198347
204332
202979
199367
198993
198463
198521
199333
180547
180605
188411
187025
179278
179662
175228
182988
185196
186986
187798
188182
193141
197897
206087
207113
204441
206649
201166
208926
211134
211518
217503
222259
224107
225133
225191
225191
232526
235781
232169
231465
229647
230502
222813
222813
219399
219649
218585
218415
218444
219299
215254
213046
216776
224966
225992
226050
232035
213046
220210
221022
215037
216885
212832
213858
214384
220369
228559
218773
219585
222365
230125
230509
230567
224640
225452
231437
233256
235464
234471
227317
227701
227759
226407
234167
234979
237187
238213
246403
247215
253200
253258
258014
266204
266588
266972
269169
258978
253902
252550
254920
257128
244856
251198
253046
255254
263014
264040
264424
269180
266969
266799
271758
272570
272954
254642
255172
257322
263307
264119
264177
261215
261599
263807
268563
269375
276751
279133
267267
273252
280416
281228
274815
274815
280800
268616
270464
275220
277428
285618
286644
286644
288465
281002
273838
279823
280635
280275
279750
285735
286761
291517
294455
293600
294455
294763
292125
296881
296069
287281
287665
287607
295797
292067
283923
286131
286515
286573
288781
294766
289364
275853
278231
279043
271380
244387
244173
252363
257119
258145
253447
253831
248429
242133
242261
242813
243668
251858
252884
258869
260717
260775
268965
261801
262613
268598
260775
266327
267139
263949
258339
255667
263857
268613
260466
261278
261662
269852
269852
271243
247337
242320
247076
247460
253445
256175
250715
251023
251835
250605
250355
247977
250185
254941
220268
221294
222758
216776
224966
210111
216096
216918
215214
211158
215914
215972
221784
212381
190518
192366
197122
203107
211297
219057
219869
220895
213135
214161
214469
222659
214267
215293
217141
217953
220161
226146
206135
208340
206135
212120
212120
214850
215850
217698
212805
197518
198340
190638
194415
193893
195579
195963
196989
204749
198060
183656
181336
179310
180336
184066
178154
164363
165759
173519
181709
182521
183547
180336
171691
173899
174711
176559
184749
190734
180720
182510
183536
183594
182260
181900
178120
186310
187336
189184
195169
202929
211119
211503
213711
214095
218851
219706
220518
223248
223556
218154
219180
221388
226144
227992
228376
229188
223261
226868
210316
181033
187018
194778
202968
205176
205560
201948
201244
201244
199396
207156
207156
207214
213199
212839
221029
215477
208553
193936
193936
196144
186450
187476
192232
193936
188806
187616
191988
197973
198357
200565
208755
208755
209567
191727
192753
194601
193633
178322
176404
184164
190149
191545
190519
192367
192751
200941
198067
198064
199090
205075
204193
204553
210083
212291
213103
219088
208690
210538
210922
210980
201001
202849
211039
213247
213631
204611
206018
208748
209056
209608
206792
207176
209666
201522
197385
194796
202556
202940
211130
197745
180468
188658
190866
185046
184342
185154
186009
186038
186166
137670
138054
138112
138934
101828
107810
107868
112624
113436
115284
121269
123477
118906
119266
121114
121926
122952
128937
131145
128937
128995
125218
129974
125119
118899
127089
128937
112224
105876
108084
108468
116658
121532
127517
127575
129423
130449
130833
131859
132671
133055
125222
127070
133055
133055
140815
125232
126044
132029
132671
133055
124601
124985
125797
124913
132163
134371
139127
142904
143930
150272
136039
136423
137652
139500
140312
134910
133340
134152
135178
127372
133357
134366
133340
135188
135572
135630
136656
132229
133041
128082
136272
136656
138861
139887
133111
135319
136131
142116
143142
151332
142116
148101
142116
148101
149949
150761
150819
151203
158139
161047
161047
151354
153202
154228
152706
142678
143490
144132
144516
152706
153066
153450
155298
154914
155940
132253
134801
122449
123261
123319
123703
125911
134101
132151
133999
134057
134441
94750
102510
102894
104742
112932
89290
91498
93868
94680
102440
107196
109044
113800
121990
127975
135735
137943
138327
139353
140165
141191
140107
140165
142013
142373
138236
141670
149430
155415
160171
151375
140549
148739
153495
145689
145747
146559
142422
148407
142919
145127
144675
144675
152435
158420
159232
163988
148035
143279
141916
146672
147698
142097
143279
151039
151469
137819
139048
131891
134099
142289
150049
154805
155617
146009
146393
145127
139993
134415
135441
137649
136827
137211
127251
135441
133233
140993
149183
151391
153239
157995
135441
143631
144443
144501
149257
149641
151849
159609
127178
135368
128634
136394
130967
131351
133199
133257
133641
134439
135465
139072
147262
148379
156139
164329
166177
154043
146983
149191
143590
144402
149158
151366
159556
167316
173301
173359
175207
160598
168788
160598
168358
156224
156438
157250
163235
167991
168375
168433
170641
168421
168805
137630
137246
142847
151037
151421
154603
154511
150734
151546
154980
143402
138326
141500
135738
137076
141832
142858
123543
131733
137718
138102
126294
126294
126678
126294
128142
128200
129012
130038
132246
140436
145192
151177
151235
149317
157019
164397
162019
160079
164835
153329
155177
155561
163321
165529
173719
174531
178308
173226
175434
180190
180574
181600
189360
197550
189790
187966
189814
198004
200212
194749
195775
203965
208721
208779
214764
210518
215776
217984
218796
205201
207049
203319
179963
180999
181325
179535
179535
181359
157536
157536
163521
171711
176467
178257
160287
147719
148745
154730
155114
160287
162495
162553
164401
165427
173187
173571
181761
181057
174761
175145
182905
188890
181057
181441
175099
175157
179913
186255
183177
178037
180245
181057
139080
141288
146889
146947
148795
156985
157369
156140
161634
167619
167677
169525
151236
158996
167186
167570
164658
156174
156558
157584
165774
167982
168420
156986
136217
137243
145433
150189
156174
153884
155732
155790
156174
156232
146133
148341
141607
149367
151212
153060
153444
161634
163482
164508
164508
165676
160124
160508
165394
151418
150354
150738
158928
159312
167502
154757
156605
158813
159625
167385
167769
172525
178510
178568
183527
183357
184169
184553
186758
178568
170808
178568
178952
180800
178952
178626
180474
181500
178568
178952
187142
188168
194153
185963
194153
194965
203155
203539
195777
200950
201334
192930
186775
194965
203155
195349
197173
203515
205363
205747
206773
190267
196252
191792
194464
189505
181315
189505
189889
198079
199105
199105
190317
181699
189505
190317
190375
192223
196979
205169
207377
215137
216163
174742
176950
185140
185524
186336
176786
178561
184546
174776
174776
175588
175972
184162
191968
184162
184162
192352
184974
186153
178347
183136
178702
178760
175828
177676
178702
176113
176327
180377
174776
175588
167398
175588
181573
176016
176400
177426
160003
162895
163707
167141
169349
164915
148917
153673
153731
161921
167906
175666
153347
153731
161921
164129
170114
170498
170498
172346
173158
180918
182742
190932
190110
188340
188724
186962
187020
190750
196735
200169
193754
195962
173999
179984
180796
181180
181238
183086
185994
185936
185994
187020
185994
178188
186378
188202
195962
196988
190082
182452
184660
186508
187320
193662
201852
193662
185902
187750
192850
193662
201852
195870
193662
195126
195184
194542
193662
185258
186284
192269
185472
185472
193662
194046
190039
198229
194617
190572
182382
187138
187196
195386
197234
204994
200560
201372
203580
208336
209148
216908
215858
223236
214294
214678
214986
198952
206116
199774
201982
202040
188010
189858
190670
190344
182538
190728
198918
199302
204684
196420
195384
201369
209559
211767
213615
214427
209993
210377
211189
211549
219309
221157
227142
235332
229930
202591
203219
205067
211052
211864
211922
214130
215156
216134
216946
225136
224706
219154
223910
221238
182217
186973
174727
182487
184695
185507
186533
194723
192175
198157
204142
206350
180962
176206
180962
183170
183982
189967
190351
198483
191329
195466
196278
189967
189659
191507
192319
191891
193073
201263
202289
193739
184840
185866
186250
174340
176548
178396
186156
187182
187994
193979
202169
202227
193037
193095
189123
191331
193709
183399
175349
177979
157306
157364
142567
144357
149113
151321
159511
161359
162171
164379
169135
175120
182880
182880
183264
188020
188832
196592
202404
197002
198560
199085
201463
202275
192429
177964
178272
175456
177664
180394
181206
181590
186346
186404
181879
182691
182749
187505
184597
176706
176706
181462
189222
180107
182315
185045
190218
185210
183954
183424
188524
189336
189766
190150
166711
168919
171649
173589
174444
172928
173740
177470
172800
173160
173972
174998
164435
164819
165631
170804
173534
181294
182758
187928
181938
181148
182316
187072
187884
187942
182390
181578
171180
173910
173740
176470
168024
170232
171258
176014
177862
175712
177920
174506
179262
185247
185555
177572
173670
178426
179157
185142
187350
195110
195922
197770
205530
205588
210344
210857
211669
205849
204909
213099
208665
208305
206457
208665
208793
202285
203097
210857
210857
213907
214291
219047
211165
213895
215835
216690
217096
190293
192501
200691
201717
207702
206820
209028
197961
195487
203677
208252
209278
210090
210474
205885
206697
212682
212740
211568
216324
175606
176418
178266
167846
168230
168658
168658
168060
175820
175878
180634
186884
187696
188518
181334
187316
179126
158286
158670
158728
166106
167954
173939
168535
176295
176679
176578
170862
170770
170770
176755
177567
176755
176755
176755
184945
183027
183085
184933
192693
193719
182728
161210
168158
172914
173940
174752
182512
174752
182942
188927
180031
188221
189247
191095
184171
184171
184983
184229
190214
191026
191410
193258
195466
200222
207982
200587
202435
202819
195474
195782
196808
201564
197868
205188
198235
202991
198235
203335
197423
198235
200443
202291
203103
204129
207906
198235
206425
206809
204601
210586
206809
214569
219325
221173
229363
229421
231629
232441
227365
233350
217902
217090
218319
218703
219345
224101
232291
217615
222691
223075
218938
219964
228154
230362
225424
228535
230383
229861
229919
226554
234744
235770
233830
235678
241663
242689
247445
247829
247887
248699
250907
258667
266857
267241
240972
235045
227669
229877
230689
238449
243205
249190
241820
242204
233630
235478
241390
236634
241390
243598
244410
249166
256926
257310
263295
261943
270133
270191
270716
272656
268684
269710
274466
274850
275662
277870
277928
283356
270090
275166
275550
277398
277782
278637
281697
289457
294213
294213
272693
273548
270293
270601
273331
275539
274835
275647
277587
277971
283956
284982
285804
279558
281766
286522
278334
284319
285345
290101
298291
295561
263945
266153
247892
248276
248262
254174
262364
262889
261825
263673
262263
270453
271479
271863
257853
258665
259049
259107
253336
258092
263644
265841
261825
262637
261825
246898
252883
253695
254731
252499
258484
259296
259354
261202
256126
253806
256126
261508
263716
268472
255783
256809
264569
272759
278744
280952
281336
278914
284041
290026
289144
288692
289718
290530
297264
297648
298460
298844
297876
302632
302940
305570
301958
302813
294231
287695
286652
291408
297393
299601
300627
300199
307959
313944
302557
302685
310061
312791
311551
317371
310255
310639
311665
319855
322063
322875
323687
328443
330291
335047
335859
337707
339915
345900
353660
361850
366606
366990
367802
369650
371858
379618
379676
385661
393851
395699
385661
393851
393467
393851
396581
397436
394184
384447
392207
400397
402605
408590
393151
397907
396059
373750
374979
383169
379925
380951
388711
389095
393851
395699
396511
399241
398537
399392
404774
404902
401290
395528
397736
391158
399348
400203
386412
391168
398544
392606
384222
385077
386103
390859
391289
392680
400870
381516
381900
389660
391868
391654
392680
394888
396736
398584
403340
411530
412342
404461
405497
406523
403323
405531
406557
389555
397315
398127
390751
386695
392680
386742
388950
389008
394993
395377
403137
403891
405739
410111
400440
392320
397076
403061
411251
405269
394528
392738
400498
401524
409714
414470
416678
417062
423047
424895
425793
433983
441743
446499
447311
447695
447753
428440
425539
431466
439226
443982
445378
451363
449213
434849
430712
435468
436222
443982
451742
438522
438522
440370
411019
419209
426969
432954
437710
438522
446712
448560
450768
451623
454253
448675
438872
437846
436022
428262
417807
418833
426593
424818
433008
433392
441152
441460
442272
444480
441834
432822
437578
438390
446580
448428
450276
450646
446206
446590
441038
442886
443399
449384
450196
457956
466146
466204
466280
468444
469470
477230
473826
476034
477824
478636
479448
485433
493623
493681
501441
506197
508045
508429
510637
517585
499084
500932
503140
503952
508708
514693
510637
475392
476418
477230
479078
479020
473618
467038
471794
479554
485539
493729
495937
495553
434469
436677
438617
443373
444185
444243
444627
433585
434938
434094
442284
443310
443694
451454
457439
465629
472964
478949
481157
460185
467945
468329
470177
478367
480215
486200
493960
494344
483827
489812
490838
477339
485099
489855
489213
491061
491445
492471
500661
502869
490025
496973
489213
487365
489570
481536
481594
482406
488391
490599
489213
493911
494295
494353
487888
486348
478967
479822
482030
476210
478058
478870
476662
478870
487060
488086
487652
488464
494449
477473
477857
482613
484821
474080
480644
481670
489860
490672
492880
500640
487798
489646
490672
481670
488012
493997
496545
497357
497741
497799
497277
505037
505345
497352
502108
493045
486441
486499
488347
485095
485950
486334
488263
489980
492188
494036
494094
499426
500238
499534
499808
500192
501004
503212
501062
505818
503065
509050
510898
506954
507082
507964
508819
505207
505591
507439
515629
523389
524201
519767
516763
518587
526777
510754
512150
512962
515340
517280
525470
531455
532481
539857
516002
510017
516002
519845
521693
522505
520185
512769
514617
514675
515188
515188
492573
498558
503314
505522
513282
471763
473971
474783
482543
490733
482973
482331
483795
486955
487767
481495
488871
497061
497369
498181
500389
500773
469914
475899
478903
469914
470298
478058
478116
486306
486690
488700
485088
485943
488673
486509
487691
484079
463012
455738
456764
409006
417196
424956
430941
414177
413535
412353
414561
422751
420903
428279
410481
418671
415059
413065
404493
412253
413065
411200
413048
417804
418188
418246
418246
424231
431933
434141
428504
430712
436697
437509
439357
444113
433951
432769
432769
434977
435789
443549
445397
437767
437767
443752
445600
444536
439064
407233
415423
416391
421147
427132
435322
437170
437228
444988
446836
447220
449428
432831
433643
415988
423748
405040
411988
412800
414648
416856
417668
425858
426242
418052
426242
428620
426300
417545
419753
420608
414816
415784
420540
420924
426909
421960
423516
423815
416113
416113
412699
420889
420761
403989
403561
405409
412143
414351
414735
414351
414181
414993
423183
429168
429681
421023
414650
414276
422036
422420
430226
392928
389824
394580
400565
401377
401435
388637
387241
382459
381647
389837
397597
397981
400189
401001
402849
403875
412065
414273
406083
407109
413094
413094
415472
408974
385623
392571
377443
375595
377803
385993
384811
385195
386007
384811
384939
384555
392745
392803
398788
399096
403852
406060
414250
415062
415575
416387
418235
419261
427451
429659
427811
408627
416387
412775
402993
411183
419373
425358
433118
434144
434528
439284
441492
447477
442779
447093
448941
456701
458909
459293
459293
457445
436485
441241
443449
449434
450246
450304
439690
441538
449298
455283
440802
442650
443034
451224
452082
458067
458067
466257
467069
467127
474887
479643
466094
466607
468815
468815
468559
468389
470237
471049
474483
470706
472219
473031
468659
447467
439649
445634
446660
454850
454908
454908
462668
464876
467606
468131
468260
470638
470766
459726
443462
445402
446214
447240
449088
451296
452322
449448
451296
452108
454316
454829
456677
457532
440270
448460
448518
437553
438365
440573
445329
448236
450084
442494
443306
427013
431769
432153
433179
429561
432312
440502
442350
450110
454866
455250
455308
454878
455904
447714
455904
456716
449909
449350
449408
447030
447338
448734
428429
428487
434472
442662
450422
455050
455862
456246
457832
463814
456436
454612
456820
457846
455916
461901
469661
469139
469523
474279
468295
476055
468295
473051
465403
467611
468637
469449
475434
481776
483624
483624
491384
495356
487596
492352
488408
479836
487596
489444
488215
490423
491278
492090
479666
479214
480026
484782
492542
500732
492004
480451
479211
482466
490656
474522
475548
483308
488064
490272
490656
484674
464177
472367
458609
466799
469007
470855
466799
457593
457977
458789
454349
456557
458497
451763
449604
457364
457748
462504
464712
461660
462686
424902
432662
431198
422251
430441
432649
437405
433931
439104
439534
440288
442496
443250
439243
429635
431483
418952
419978
428168
428980
434965
436813
441569
443777
444161
452351
454651
450217
450275
450440
425688
433448
433506
433890
436040
436852
441608
449798
444980
452740
453124
455329
437672
437980
425699
431611
439801
440185
446170
440528
448718
454703
457003
458029
458413
437980
437980
437922
438948
427765
418208
416642
417026
418052
410292
415048
413140
411292
406536
414726
422486
418052
412067
369580
370392
372240
342364
344572
352332
360522
361548
366304
364480
345223
347452
346427
354617
355001
321368
322764
330954
331338
339098
335864
336676
328316
330164
330548
332756
337512
337454
338158
342300
342358
344206
337472
331476
339236
339236
340048
334277
334661
342851
339236
343992
338440
340215
338511
337485
343467
349452
345004
345859
340097
332850
335580
331208
338968
327462
332218
329840
323471
315769
320359
328119
332875
333687
335895
336279
332875
341065
341877
342261
343287
342261
331912
326836
334596
335622
335622
340378
330819
307894
308536
316726
312896
313932
314316
301941
303789
309774
317964
318022
320230
300166
307926
309561
307031
299225
300037
301063
309253
296474
297228
305418
305943
306113
306925
296121
291673
291801
291859
299619
300645
308835
311043
299235
299619
301467
294519
299619
224924
225779
220377
221189
229379
204914
206762
214522
215548
196340
198548
203304
204330
203970
204530
206378
214568
222328
222328
222020
217734
215456
209517
211365
217350
217734
217792
223777
224803
202794
205002
205430
210186
217350
213150
219135
226895
208452
209264
217454
225644
231629
233025
240785
242633
240715
241099
242125
243161
251351
256423
247197
247255
255445
260201
266186
273946
276154
278002
278814
259178
261026
262052
270242
271054
273262
281022
283570
283954
285802
293562
301752
307737
309945
310757
311783
310747
312595
311783
316539
323487
320243
326228
304601
312791
310243
307335
305939
314129
314187
321947
326703
332380
317243
317627
325259
319277
311193
312005
313853
310849
319039
323795
324607
331341
339531
337707
334289
334347
321198
327183
320235
327613
320887
321913
324121
319039
324499
311360
311418
317403
318215
326405
332689
333715
335563
319015
321223
319399
325311
314101
318238
322994
326428
328636
328636
330484
328636
336826
338674
339058
341266
347188
335607
329499
330311
330311
331123
324841
328571
328879
322727
306322
312307
320067
328257
330465
324123
312667
314515
322705
322705
304132
304190
293175
293483
295423
295167
291223
295979
298187
300035
307795
308225
314210
287361
289209
297399
289255
295167
295979
294561
301125
302307
308289
309315
309699
310007
293627
294011
292782
293594
295802
296828
296886
304646
305076
293685
266824
275014
282774
283586
284099
268240
268164
268548
270756
263205
270583
267911
268723
274708
266515
268723
273479
281239
281297
289487
295472
287282
287282
269578
259036
267226
267284
268096
260874
269064
269876
272084
272468
274316
282076
269706
277896
270742
272950
270718
271102
274354
275108
274296
274354
275380
264216
259844
246851
252836
261026
268786
273542
274354
282544
282928
276305
267373
262693
249160
249972
258162
265922
270678
276663
276663
276663
247978
248790
250638
251022
257756
254986
253651
250039
245761
250209
249784
243442
244254
244312
250297
254292
255046
249119
249503
257309
247929
248313
256073
262058
262195
253621
253978
255826
256210
262195
263007
268992
269050
262253
263279
271469
273677
274489
280474
281500
281884
290074
278545
280393
274933
276421
269179
276939
276997
282457
288442
290650
291034
295790
259709
260521
254179
262311
262369
268354
266506
265277
260905
260963
261775
254015
260000
268190
270014
277774
252715
260905
254594
255406
260579
261046
263254
271014
272040
273888
273946
278702
286892
287276
286226
286610
288458
284024
281816
282628
282756
283611
284637
267869
273329
262421
264629
265655
266039
267887
268699
273455
281645
289405
264178
268934
269789
277549
272147
272455
271633
275067
277275
283260
278029
278087
278087
280817
272328
274176
274176
274176
275202
275586
275644
281629
289389
297579
297963
293529
288127
288084
267223
264689
245984
248192
248576
256766
264468
264981
265289
264585
269341
261151
269341
269399
263356
269341
271549
271189
270703
262571
268556
274541
265648
266152
269586
269970
272178
276934
265056
259820
267580
267638
268664
276854
278702
260763
268953
276713
282698
268139
261174
262200
268185
259995
266337
258147
266337
263607
249791
245081
239738
247498
249346
249730
251938
256694
256752
227715
217942
218326
220534
221346
226102
215880
221865
230055
230381
226763
228971
237161
238187
238571
240419
235515
236157
238005
235515
235841
235841
236867
242852
241655
249845
241227
247212
248024
252780
254758
256606
258814
259840
259898
266240
266624
236578
238786
239812
239870
213854
215702
220458
228218
236408
213035
213419
200531
206516
211272
202868
203894
206102
206160
214350
215376
220132
227892
228142
236332
231811
232837
233649
241839
229963
230347
230347
230731
238491
244476
246681
222585
228570
229596
237786
239634
241842
246598
252583
252641
253453
255661
257509
261643
263491
264517
264901
266725
256697
262249
259701
265686
257880
261610
257415
258057
248507
248079
248137
248497
253253
251045
233950
241710
241292
241292
234950
235008
243198
244224
236843
244603
244963
248907
251115
251927
251822
252634
247232
244645
245399
246425
252410
244587
245613
242681
242739
244587
238694
221130
221514
227499
228311
228369
229395
231603
239793
231293
237278
238090
236861
236919
238767
243726
242439
235275
235333
238767
240615
242993
243121
241555
242410
242502
242670
244445
247175
247605
246423
246481
247293
249501
249559
233797
228983
229795
231643
233793
231585
235529
231361
232387
232387
232771
240961
243169
230393
224481
232671
227531
233516
225710
230466
231492
231361
231745
232053
232053
229879
199060
193658
196036
196344
183438
184250
186098
190470
190854
190912
191875
192901
195109
194073
192010
180122
181148
181960
182344
184552
189308
175562
167430
166608
167420
175180
182344
184192
188948
191156
197141
197953
198011
198823
199849
205834
203895
206103
197826
177362
185552
187400
187784
195544
183086
184112
181309
181367
181751
181033
185405
187613
163387
169372
169430
174186
175212
176238
176622
178470
173004
175212
175572
183332
184144
181936
163608
165398
165456
173646
173646
169869
178059
180267
175569
174533
174917
179673
180699
175904
177752
185512
185820
186846
194222
200207
207313
207697
212527
212933
205972
213732
214116
214971
215997
216055
216439
216497
218345
224595
230580
235336
236148
238356
240564
240948
249138
250106
251954
252338
249505
249197
257387
254798
252960
253772
254798
253569
261271
255289
257137
265327
259400
250807
250807
251191
251575
259765
227295
226911
227295
227353
229201
230013
235998
240754
242962
251152
251665
256421
256729
248539
256729
257113
256729
262714
263682
271872
256671
256729
245665
246691
254881
257089
258937
251653
245809
247657
249865
257625
262381
268366
276556
277368
279916
278976
287166
289374
289758
289816
290628
290628
282186
282244
283270
283270
290634
291018
296478
288288
289100
290136
292344
298329
300269
277008
271548
266354
267747
263334
264360
266208
267020
267234
271990
274198
281958
282342
275997
267273
273258
275466
277786
251853
252708
252195
257577
259785
260093
268283
263527
263911
272101
266435
266435
274625
280610
288370
287466
285548
277243
278055
280263
285019
285403
293593
301353
309543
309543
303201
284700
285512
288060
294045
301805
304013
307338
307722
305050
305862
308070
316260
321016
311569
306845
297689
299042
305027
312787
313171
313229
312349
320539
322387
323413
328169
330377
338137
346327
338137
338949
344934
339304
340116
340500
341025
335862
336674
336055
340811
349001
356761
358969
337574
343556
345764
346576
341878
342262
339474
338653
339679
341527
349333
349717
307031
312843
315143
317351
312343
312651
304818
288226
289252
291100
291158
283909
283967
288723
296913
301814
291076
291460
292486
298444
289894
297058
301756
299208
290636
288486
296246
297058
289252
294328
268048
272804
280994
283202
283586
283644
284456
290441
283779
284163
283779
285987
293747
294131
300116
301142
298138
291270
288540
273508
281268
283476
283860
283918
284730
288232
279285
279798
269490
273862
274170
277174
279382
280237
275229
283419
283803
283419
283803
253609
251061
243822
249807
250191
258381
258439
251061
250419
249155
251003
251061
252087
260277
268037
268849
270697
270755
275511
277719
278103
286293
278103
285909
279927
280953
286938
286996
287808
295998
300754
302602
303424
304450
309206
299807
300833
306818
306390
307188
310965
301795
294631
299329
299713
307473
315663
315721
307188
309918
303215
301080
291708
293916
291324
295461
288834
289646
286034
286547
286605
294365
287573
288385
288443
294428
296276
301032
302261
297743
305933
306959
301032
303240
303240
307996
308054
308866
310714
318904
296772
297750
299958
308148
295005
295389
297237
296807
297010
305200
306226
307038
309246
301374
303579
303579
287199
295389
297597
297655
299503
305488
306514
311270
291255
295389
303149
298211
294395
296603
296661
292931
293743
301933
279503
279503
281351
287336
295526
294432
271513
273721
278477
279503
271612
279802
282010
281684
282496
284344
290329
280315
283640
285488
281054
286436
285372
285756
280702
273691
281069
281127
272627
277383
278195
280043
281069
282917
281711
289471
297661
298045
293850
293792
289094
295079
263306
269291
277481
276599
278807
286567
287593
287977
292733
287273
290003
260654
262502
267258
272574
270424
272632
274480
275292
276318
279322
284078
266592
266650
274840
275224
279980
280792
260247
264384
266592
270369
270369
254070
261830
263678
268434
268818
269844
252037
252421
254269
244000
252190
249941
250325
243161
249146
251354
259114
260962
259349
260161
264917
262369
260545
242105
242163
248148
248206
250054
251080
258840
267030
262077
263103
269088
271296
271296
270441
270825
266853
264203
250086
246309
245225
247433
255193
255706
257554
258067
257363
257455
260185
261040
261852
244441
236809
244999
228888
233644
241834
244042
250027
250085
250897
251281
241671
243519
248275
234874
240859
239507
220575
221387
221900
224630
223912
226120
228060
232816
174120
174932
179891
175671
183861
184897
154052
155900
160656
161040
155958
156600
158448
160656
160656
161985
163833
163891
162187
162999
169947
173989
174047
181807
175943
176755
171796
173644
179629
180013
184769
174743
179499
181347
182373
171194
176367
178575
184560
185372
187220
189428
197188
203173
203557
203615
211805
216561
216268
218476
220324
221292
221676
221734
221569
222381
222381
223193
225401
230157
232005
231183
238860
228836
194762
192721
193533
195323
197171
201927
194355
200340
201366
203574
201366
203574
211764
205422
203598
204240
207351
207409
208435
216625
221381
226763
228971
223209
222145
224875
225003
226029
227877
233862
235710
236080
242065
242123
246879
254639
255152
233879
233709
234735
235547
237395
239603
247793
253778
234735
236943
245133
252893
253277
254089
255937
261922
266678
266678
266678
260751
254959
259715
260683
261719
267704
265710
266736
272721
274545
282305
283117
284965
285349
273524
275372
280128
272556
275286
274582
268292
259399
250973
252913
253041
253838
252528
254376
255188
262948
271138
277123
256258
258466
255918
261903
253540
261730
262756
260266
262114
258640
249847
252055
252113
252113
258098
266288
258786
259170
261018
269208
269266
275251
275635
278158
278216
279242
287432
292188
293000
288599
294584
299966
302174
302986
304834
303482
288470
288854
290783
295539
294571
295383
291653
292631
285653
279668
283398
283782
289767
290793
298553
300761
302609
310799
308069
297146
291422
299124
300972
301280
303488
304514
307244
308099
308483
308541
314883
308514
312651
272115
278100
276885
275859
266463
266847
275037
265763
265821
265821
266847
275037
279793
274395
280307
282515
283327
289312
289370
282155
283181
270597
272445
280205
276370
282355
283381
283439
275037
282797
283609
283609
272537
278522
277818
272266
273292
274255
276463
282448
282832
287588
295778
296804
290892
290892
299082
297730
300734
301760
302144
306842
299012
302789
296804
276248
277060
277118
285308
287156
287540
269557
270399
270924
273132
274158
266717
271473
277458
282214
290404
291430
291488
293696
299681
284120
281718
284448
285474
285858
284676
289432
297622
283650
283708
283708
289693
283280
284092
278540
286300
288148
289174
289874
295334
301319
307669
302068
293126
295334
300090
288406
290614
296426
304186
304998
305853
306161
314351
315173
321158
323366
323424
325632
325202
326228
326612
331368
331237
318721
323477
324289
332479
338464
340312
340370
268811
276571
282556
287312
288124
290332
292180
284924
284924
290024
271578
279338
280150
282358
284206
289807
273842
274654
275038
283228
284050
292240
296996
297509
282442
288427
279052
279436
270017
268607
269836
272044
280234
281046
288806
293562
299547
301395
280234
280234
281046
283254
288010
296200
296258
304018
304402
306250
305438
307646
299886
304642
306490
314250
313214
306308
314498
315524
321509
306308
311006
319196
321404
323252
321044
328804
308098
282952
290712
291096
295852
292237
293092
295300
297148
301904
307889
307947
315707
323897
324281
309103
298684
290866
293074
293132
291308
297293
299501
304257
306462
314222
320207
322055
322867
328852
328944
304206
308962
315304
316126
324316
325780
318461
320669
321695
265574
265632
251073
257058
258976
253842
261602
253030
253842
237237
237621
229431
232161
225792
225792
225792
221420
222232
226988
235178
231555
238119
239967
225734
225792
226818
227630
233615
233999
242189
215780
209795
217985
219011
223767
219630
215196
201970
202354
199374
199374
203703
198631
203661
203277
203661
211363
211421
212233
218218
226408
225586
208299
209121
215106
215918
210317
201315
209505
213877
214903
215715
215773
221758
223606
231412
231796
225454
225838
220372
221398
223606
229591
230403
230787
236868
228651
216919
217303
225063
217303
225109
219127
223883
231643
232455
233481
233865
235713
236568
239298
240110
248300
248684
243732
244758
246966
240940
235492
233668
233726
235574
236386
244576
246784
242028
241002
249192
249705
243861
235729
240485
248675
254660
256508
258716
266476
266604
253656
248045
256235
247435
253420
253634
249439
255424
255482
256294
256294
253634
254446
260431
268621
276381
277407
274499
255058
259430
258764
260972
261030
265786
266170
266982
274742
282932
276590
282128
282186
290376
290760
292968
292264
293119
291767
285782
279855
288045
292801
298786
286594
294354
294662
294662
283258
283258
286108
286166
288374
293504
301694
309454
307630
307688
308072
294684
299440
291680
299440
307630
313615
313999
322189
329949
330761
332609
333635
335843
340599
333651
341411
341795
300692
301076
302924
302924
305654
301194
278198
278582
286772
294532
290098
291946
292004
292859
287686
292442
292826
294674
300659
300717
308477
310685
318445
308516
316706
317348
317732
319580
324336
326544
330321
298295
304219
311979
312791
312849
308477
280532
284596
264055
264439
265465
267673
267731
273716
281906
273480
273404
275344
273194
274220
275391
273045
277801
269546
277736
276710
280596
276866
282851
282909
283721
278860
279244
284000
262620
264560
265372
265430
270186
269544
246053
242323
243135
249047
257237
263222
265430
262608
257779
258163
260371
266356
266414
274174
275200
278634
280098
272030
279790
285342
286368
286752
288600
293356
299341
299127
300523
308713
200056
207432
207004
207816
210024
214780
216628
216686
222671
230861
236773
237585
242341
239793
241641
242025
248010
247198
224519
222287
222671
230861
230861
229979
217448
222563
223589
228345
229157
206836
209840
211688
211746
216502
215106
215490
206836
212821
214669
210853
218613
219425
219809
219483
221691
174679
166107
173867
164804
164862
165674
171659
173867
178623
173925
174737
176945
177329
185519
190275
192123
199883
200695
200695
206680
190713
191739
193947
193947
201707
199883
186180
188388
194373
199129
200977
199941
204639
210624
218384
219196
226956
227340
222328
214640
215666
217514
217572
218384
219196
219709
219767
220075
227835
228690
229242
237432
207697
208509
210357
214301
215337
202806
208791
209603
209545
217305
219513
220325
228515
229541
231389
231773
199188
207378
215568
204120
205146
205530
207378
215138
217346
218158
220006
214079
218835
224820
212134
199572
207378
207436
207820
210028
211876
212688
217444
225634
230390
230774
230832
231644
237629
239837
248027
254012
261772
263620
263562
255894
252762
253617
248969
239372
239756
239756
241220
248980
241432
248596
246388
246772
248980
239430
237331
231549
232361
238346
239372
247562
239372
247562
248374
249400
249784
251632
253840
261600
268548
269360
271208
269360
269744
261600
267585
267643
269851
271699
270504
269108
269920
273697
279169
279553
279611
284367
284675
286883
264838
273028
273840
273816
266010
274200
275226
277074
281814
264838
273028
275236
267452
256218
250816
255572
263762
271464
271848
264371
258905
259717
261113
253307
254333
256181
249455
251663
259853
260879
255797
249815
251663
259423
267613
267997
272753
246795
247607
245399
242955
243767
244151
246359
254549
259305
259363
249205
255017
255569
255953
256765
258613
264598
247569
255329
252781
253593
258349
264161
266101
267949
273934
274576
275006
267998
272738
274586
274970
275782
273992
276200
280956
286557
266208
271760
273550
273934
279034
279846
276218
278066
279092
285077
281133
285889
287737
274960
283150
283534
284346
290331
291143
293351
290049
296031
296031
297057
298905
284447
278805
284790
292550
300740
302948
304796
300907
306892
308667
304341
289782
290166
290679
291534
281440
260317
261546
269306
271514
273362
281552
281936
281484
276974
278822
278880
284692
290677
295433
280729
288919
294092
294605
295033
296059
304249
303607
305455
313215
305815
306243
299789
278198
278628
279440
281288
289048
295033
289139
289951
290977
292825
293209
295417
295033
289957
295558
295772
303962
304774
286139
292124
299884
299884
301732
281383
289573
287725
288537
289573
289573
290385
291411
281383
289573
283278
283662
273670
278410
280258
281070
283278
282848
275470
283660
289645
273692
275900
277748
282408
283220
283604
286512
280143
286128
287976
279844
270951
268087
270295
278485
281009
288769
288827
294812
295072
277788
277428
277812
278994
278172
275964
276990
283340
291530
293378
293808
284582
269211
270023
276008
284198
284582
253407
254803
259559
247568
247626
247934
249874
242435
224832
226680
226738
227122
224914
216724
222692
223076
224102
226310
227122
227934
234668
242858
244706
245090
245603
228841
229099
226925
232098
232910
233294
235502
243692
226609
223949
225797
226609
210323
211135
192141
198875
199901
201749
202133
202945
204793
205819
214009
221769
223977
202646
202646
192168
194376
196924
198772
198830
199642
202646
174429
176277
175081
175893
170292
172500
180690
183598
174209
160919
161227
162082
164022
164080
164464
172596
173408
164948
166412
167438
165648
161094
162120
163968
172158
174366
162119
169879
175864
171538
172350
149624
157384
157744
158386
166192
166192
168040
168424
170632
171016
172042
177594
160117
161153
161965
160545
166530
149749
151597
153445
158201
161109
169299
171507
171891
171949
169955
170013
170825
176810
162342
151954
152766
153408
151944
146392
154582
151650
153498
154524
154582
154640
160625
160567
154640
162400
164608
166456
166840
167652
172408
178393
186583
180557
181369
187711
189107
189491
189549
191339
197324
190647
175022
182782
190972
191784
197769
199617
204315
204373
204431
205243
206269
208477
207573
209781
215766
218496
192120
198105
198105
199068
200916
201728
203576
203960
207068
209276
204842
198116
198174
177405
182103
188088
193900
196108
197134
196098
171045
171857
171857
172241
169951
171799
171857
175291
167913
171585
172611
166626
172611
174819
174065
174065
182255
190015
190827
186393
188241
182805
177574
182747
182805
185013
181283
177849
186039
187887
187945
188757
196517
180145
181993
182805
171012
173390
175238
175622
177830
183815
184627
184685
190643
194362
195388
197236
204996
207204
207588
207646
215836
195767
197975
198033
192048
190866
193074
194922
195734
199823
184230
190215
197975
199823
204831
205643
206669
207053
209261
203795
206003
200402
187302
181802
182828
190588
198778
203737
203795
206003
207029
207413
204323
211487
211103
212129
209313
209313
215240
216052
216110
210281
215037
215421
221406
223706
226436
222706
221242
215324
217532
219774
225759
227534
227842
222080
222935
227691
232447
233259
233643
233701
241891
242199
244407
250392
255148
262908
258794
258852
260700
256756
243011
244407
242175
232147
240337
241363
243211
243595
244407
243595
236647
244407
242308
243334
235207
241457
249217
251065
251123
253352
255502
257710
263262
264074
268830
269856
278046
279894
282102
282160
283935
285783
285841
291826
293674
294058
296266
291832
299592
300404
280866
273060
277816
259305
260317
262525
268510
276700
275878
277726
279122
269906
270718
268510
276700
277726
275236
277084
276700
249561
249945
251793
252819
253631
261391
261391
244033
251793
252605
251793
253641
254667
262857
265065
260367
254001
255027
256875
261631
236057
244247
245059
251793
259553
261401
261459
262485
270675
271059
271871
270047
274803
262652
263507
264533
272293
264533
269289
268467
262685
264533
238901
247091
249299
251147
247043
247855
233387
235235
233771
234797
233713
233387
237164
245354
246166
246224
253984
254368
254368
228631
233387
241147
243517
245725
246033
246845
247700
252456
235803
234991
235803
233955
241715
242741
243553
246987
251743
251801
239507
241715
239940
244696
244268
252092
238291
240499
242347
242021
242833
216814
224574
230559
235315
235272
235180
228890
229916
228520
221366
209536
209920
218110
221114
222962
227099
227157
223213
227969
233954
241714
243922
244958
247163
243107
244955
249711
251919
252303
260493
261006
252816
251634
252456
252840
245010
253200
257572
257956
266146
273906
276114
276172
276984
279192
286952
288800
258865
262809
268794
276984
274076
274436
274820
283010
290770
291796
285869
271570
277497
274623
281999
275265
283455
277473
277857
277497
278961
279345
279403
277497
263141
271331
272357
278342
278726
282627
282627
277454
279646
280076
284213
288969
288609
282627
284835
269211
273583
279565
287325
288137
288195
290817
276777
276835
278683
278683
280891
285647
282627
288612
293368
295576
295960
297808
297866
296514
277663
274789
275097
270089
272029
263457
254943
263133
263517
261071
268831
269286
267782
268594
268594
275542
259592
258528
260736
260794
263318
271078
279268
281116
281500
283708
289693
284520
262584
241970
239715
241923
242307
250067
251093
252941
252999
258984
252224
244448
252638
254404
259160
259544
260356
226427
220500
222348
227104
234864
243054
249039
250065
235643
226427
231183
226811
226869
227681
212685
220875
226427
229335
230361
226787
226427
228275
223553
225401
226427
226427
234617
227595
231539
233747
226379
226437
225615
226427
192056
191964
199724
199724
200108
190508
198698
199724
176368
178576
184561
192321
193347
195195
188568
189594
194350
202110
208095
195195
161404
165348
165656
138255
138085
138940
141670
136662
137046
112236
113262
110330
110388
118578
119604
119662
127422
127806
129596
111713
111713
117625
118661
119091
119903
121751
129511
135496
136012
136396
138244
140452
139117
131195
132007
133033
132970
137726
132767
138752
139136
147326
110221
118411
102231
103043
100383
101195
100383
108143
108955
107603
90831
98209
98593
100441
108143
114128
115154
117362
119210
110424
40529
48719
56909
49531
38464
30918
36903
44663
46511
48719
50509
50567
51593
59783
60167
47907
48719
56909
57721
33588
34400
35426
41411
49171
48719
49531
48719
49531
57721
50567
50567
43403
51163
51975
41555
48719
50648
43637
45485
47693
48719
56479
22286
23312
29297
37057
38905
39717
40743
40315
48505
48563
47527
55287
39717
45702
46728
47540
55300
57508
59356
47419
39657
47847
49695
49753
45319
42017
21415
17638
18664
24649
32409
34257
