0.055
0.043
0.036
0.036
0.038
0.035
0.116
0.04
0.035
0.035
0.035
0.038
0.035
0.035
0.035
0.036
0.035
0.037
0.035
0.035
0.036
0.037
0.047
0.035
0.035
0.04
0.035
0.035
0.038
0.094
0.04
0.034
0.035
0.034
0.039
0.036
0.035
0.034
0.098
0.035
0.036
0.049
0.051
0.036
0.034
0.035
0.036
0.035
0.038
0.034
0.035
0.035
0.037
0.05
0.036
0.034
0.034
0.035
0.035
0.084
0.034
0.035
0.035
0.034
0.035
0.035
0.038
0.036
0.035
0.091
0.034
0.034
0.035
0.09
0.087
0.035
0.041
0.084
0.089
0.036
0.038
0.132
0.042
0.036
0.049
0.04
0.039
0.042
0.05
0.046
0.037
0.036
0.035
0.034
0.035
0.036
0.036
0.034
0.049
0.079
0.035
0.08
0.034
0.034
0.038
0.034
0.083
0.081
0.079
0.095
0.144
0.045
0.046
0.042
0.042
0.041
0.034
0.035
0.041
0.035
0.044
0.045
0.041
0.259
0.067
0.057
0.319
0.037
0.056
0.078
0.053
0.053
0.055
0.059
0.055
0.229
0.064
0.148
0.094
0.046
0.042
0.043
0.053
0.041
0.14
0.108
0.039
0.08
0.035
0.035
0.105
0.055
0.044
0.044
0.045
0.041
0.042
0.039
0.042
0.046
0.042
0.035
0.04
0.043
0.042
0.041
0.037
0.043
0.045
0.035
0.091
0.033
0.087
0.035
0.034
0.094
0.041
0.063
0.043
0.04
0.04
0.038
0.044
0.035
0.035
0.039
0.036
0.035
0.041
0.075
0.122
0.119
0.115
0.043
0.043
0.043
0.135
0.035
0.034
0.036
0.035
0.036
0.035
0.035
0.034
0.034
0.036
0.036
0.043
0.034
0.038
0.034
0.034
0.034
0.035
0.035
0.036
0.035
0.038
0.035
0.056
0.045
0.059
0.043
0.045
0.041
0.048
0.035
0.047
0.051
0.036
0.036
0.036
0.157
0.037
0.036
0.034
0.135
0.102
0.043
0.043
0.043
0.042
0.042
0.042
0.14
0.048
0.046
0.042
0.046
0.042
0.042
0.044
0.048
0.042
0.046
0.044
0.129
0.043
0.043
0.043
0.043
0.042
0.051
0.044
0.045
0.06
0.044
0.046
0.126
0.043
0.046
0.047
0.046
0.071
0.102
0.045
0.043
0.043
0.045
0.043
0.047
0.046
0.038
0.036
0.036
0.058
0.04
0.037
0.047
0.036
0.046
0.125
0.042
0.048
0.038
0.039
0.046
0.047
0.118
0.048
0.037
0.05
0.123
0.04
0.054
0.039
0.038
0.091
0.038
0.096
0.088
0.036
0.037
0.038
0.04
0.078
0.036
0.104
0.049
0.094
0.037
0.044
0.044
0.053
0.044
0.063
0.047
0.047
0.036
0.036
0.036
0.038
0.04
0.037
0.039
0.038
0.037
0.038
0.042
0.049
0.269
0.628
0.057
0.041
0.102
0.046
0.042
0.041
0.041
0.041
0.035
0.089
0.087
0.036
0.035
0.088
0.036
0.094
0.043
0.041
0.042
0.042
0.044
0.042
0.043
0.045
0.036
0.035
0.034
0.037
0.035
0.034
0.037
0.034
0.048
0.048
0.048
0.153
0.048
0.039
0.048
0.037
0.036
0.036
0.048
0.035
0.035
0.048
0.038
0.035
0.037
0.035
0.038
0.034
0.085
0.037
0.035
0.035
0.036
0.034
0.075
0.034
0.035
0.034
0.033
0.035
0.037
0.036
0.035
0.034
0.035
0.086
0.034
0.037
0.035
0.088
0.035
0.04
0.081
0.036
0.037
0.035
0.035
0.038
0.035
0.035
0.034
0.091
0.035
0.085
0.08
0.042
0.034
0.033
0.088
0.034
0.038
0.084
0.08
0.034
0.034
0.036
0.034
0.034
0.034
0.035
0.036
0.037
0.035
0.033
0.036
0.037
0.035
0.085
0.084
0.083
0.036
0.034
0.035
0.036
0.035
0.035
0.036
0.034
0.085
0.086
0.095
0.042
0.035
0.037
0.034
0.034
0.035
0.043
0.035
0.034
0.033
0.036
0.034
0.035
0.034
0.035
0.035
0.035
0.035
0.035
0.034
0.034
0.088
0.091
0.085
0.035
0.034
0.035
0.052
0.095
0.042
0.045
0.043
0.043
0.04
0.041
0.041
0.044
0.036
0.035
0.038
0.042
0.04
0.041
0.044
0.034
0.033
0.034
0.034
0.036
0.036
0.088
0.528
0.047
0.051
0.127
0.223
0.037
0.097
0.043
0.042
0.06
0.045
0.1
0.036
0.118
0.056
0.045
0.049
0.046
0.052
0.075
0.047
0.067
0.276
0.056
0.05
0.088
0.034
0.049
0.037
0.033
0.033
0.037
0.034
0.035
0.035
0.083
0.037
0.14
0.042
0.051
0.044
0.041
0.042
0.037
0.035
0.088
0.086
0.081
0.102
0.083
0.082
0.078
0.05
0.08
0.053
0.043
0.046
0.036
0.043
0.044
0.041
0.128
0.048
0.065
0.051
0.118
0.047
0.037
0.036
0.036
0.035
0.039
0.044
0.034
0.046
0.044
0.049
0.041
0.046
0.043
0.044
0.042
0.042
0.054
0.035
0.045
0.034
0.037
0.035
0.088
0.036
0.035
0.082
0.085
0.095
0.048
0.043
0.042
0.045
0.041
0.082
0.034
0.083
0.041
0.043
0.128
0.044
0.041
0.077
0.042
0.041
0.042
0.041
0.063
0.068
0.043
0.076
0.062
0.042
0.152
0.049
0.052
0.049
0.045
0.042
0.041
0.053
0.036
0.037
0.043
0.034
0.037
0.038
0.035
0.035
0.033
0.042
0.05
0.12
0.049
0.044
0.046
0.036
0.036
0.046
0.039
0.035
0.043
0.042
0.041
0.042
0.041
0.041
0.134
0.09
0.074
0.042
0.097
0.041
0.042
0.045
0.042
0.124
0.127
0.042
0.115
0.04
0.049
0.048
0.05
0.066
0.053
0.048
0.052
0.047
0.149
0.05
0.122
0.146
0.05
0.052
0.157
0.058
0.055
0.061
0.082
0.1
0.035
0.035
0.049
0.035
0.094
0.043
0.041
0.11
0.117
0.042
0.042
0.044
0.04
0.042
0.042
0.044
0.042
0.041
0.045
0.035
0.092
0.043
0.04
0.042
0.064
0.045
0.04
0.034
0.035
0.037
0.084
0.085
0.035
0.034
0.084
0.085
0.082
0.041
0.046
0.044
0.045
0.041
0.042
0.044
0.035
0.035
0.035
0.038
0.044
0.036
0.035
0.033
0.038
0.035
0.034
0.038
0.08
0.034
0.092
0.093
0.059
0.04
0.041
0.041
0.046
0.04
0.042
0.043
0.041
0.041
0.041
0.042
0.057
0.046
0.042
0.044
0.067
0.045
0.057
0.043
0.046
0.042
0.098
0.042
0.121
0.042
0.043
0.112
0.051
0.041
0.046
0.043
0.044
0.117
0.042
0.051
0.042
0.048
0.042
0.044
0.05
0.09
0.042
0.041
0.044
0.042
0.041
0.041
0.159
0.041
0.037
0.035
0.033
0.034
0.09
0.087
0.086
0.034
0.096
0.057
0.057
0.054
0.081
0.059
0.056
0.051
0.081
0.058
0.048
0.041
0.053
0.215
0.049
0.137
0.047
0.048
0.062
0.048
0.049
0.044
0.043
0.147
0.065
0.035
0.045
0.14
0.043
0.095
0.035
0.083
0.079
0.085
0.078
0.084
0.085
0.043
0.045
0.043
0.041
0.124
0.055
0.037
0.034
0.035
0.038
0.077
0.044
0.043
0.041
0.041
0.044
0.049
0.046
0.044
0.063
0.311
0.597
0.045
0.051
0.051
0.048
0.048
0.047
0.045
0.041
0.049
0.05
0.048
0.048
0.048
0.051
0.116
0.068
0.051
0.053
0.048
0.053
0.057
0.049
0.149
0.052
0.041
0.048
0.05
0.049
0.05
0.049
0.05
0.049
0.113
0.05
0.047
0.048
0.049
0.049
0.077
0.051
0.049
0.049
0.048
0.047
0.036
0.04
0.035
0.036
0.087
0.035
0.034
0.033
0.033
0.09
0.042
0.045
0.045
0.042
0.043
0.042
0.043
0.042
0.052
0.041
0.05
0.05
0.04
0.041
0.049
0.091
0.035
0.035
0.035
0.078
0.035
0.082
0.057
0.06
0.054
0.055
0.054
0.058
0.058
0.054
0.056
0.055
0.058
0.034
0.034
0.036
0.034
0.034
0.04
0.049
0.086
0.034
0.052
0.035
0.087
0.049
0.084
0.154
0.151
0.049
0.162
0.058
0.035
0.094
0.041
0.042
0.041
0.041
0.044
0.041
0.049
0.049
0.048
0.048
0.05
0.054
0.048
0.049
0.049
0.045
0.045
0.04
0.041
0.042
0.045
0.043
0.073
0.042
0.045
0.042
0.1
0.043
0.042
0.043
0.043
0.043
0.042
0.042
0.05
0.048
0.044
0.042
0.041
0.042
0.044
0.041
0.041
0.041
0.045
0.102
0.045
0.042
0.043
0.041
0.045
0.042
0.042
0.042
0.041
0.049
0.052
0.048
0.041
0.08
0.046
0.04
0.083
0.046
0.041
0.041
0.048
0.048
0.048
0.05
0.048
0.048
0.05
0.048
0.051
0.051
0.048
0.048
0.048
0.048
0.047
0.052
0.052
0.056
0.055
0.056
0.058
0.056
0.042
0.041
0.055
0.057
0.054
0.054
0.058
0.055
0.055
0.053
0.041
0.051
0.042
0.057
0.057
0.055
0.057
0.055
0.104
0.048
0.049
0.048
0.053
0.048
0.047
0.042
0.15
0.049
0.051
0.042
0.049
0.048
0.166
0.054
0.051
0.056
0.057
0.049
0.05
0.048
0.047
0.134
0.049
0.047
0.073
0.045
0.042
0.041
0.041
0.041
0.042
0.045
0.04
0.096
0.043
0.041
0.044
0.045
0.045
0.041
0.041
0.048
0.035
0.035
0.036
0.034
0.034
0.034
0.089
0.085
0.093
0.04
0.053
0.126
0.047
0.049
0.047
0.049
0.047
0.05
0.148
0.147
0.051
0.163
0.055
0.061
0.053
0.061
0.076
0.055
0.058
0.056
0.042
0.042
0.04
0.138
0.046
0.041
0.131
0.048
0.144
0.055
0.058
0.054
0.054
0.049
0.051
0.056
0.058
0.056
0.055
0.059
0.063
0.056
0.056
0.055
0.058
0.054
0.056
0.054
0.175
0.055
0.184
0.062
0.061
0.042
0.042
0.041
0.044
0.041
0.042
0.041
0.041
0.051
0.047
0.068
0.167
0.055
0.057
0.053
0.055
0.157
0.056
0.034
0.176
0.614
0.119
0.082
0.084
0.077
0.082
0.08
0.197
0.314
0.051
0.041
0.05
0.041
0.045
0.058
0.059
0.059
0.061
0.063
0.07
0.067
0.073
0.073
0.072
0.044
0.045
0.045
0.043
0.043
0.042
0.046
0.055
0.042
0.098
0.047
0.111
0.132
0.048
0.057
0.049
0.054
0.054
0.051
0.05
0.041
0.065
0.061
0.071
0.066
0.06
0.065
0.066
0.035
0.067
0.045
0.042
0.043
0.044
0.042
0.043
0.042
0.035
0.036
0.035
0.042
0.045
0.043
0.045
0.041
0.043
0.04
0.042
0.056
0.059
0.055
0.056
0.064
0.058
0.06
0.061
0.055
0.049
0.062
0.048
0.05
0.05
0.048
0.049
0.05
0.049
0.049
0.048
0.055
0.049
0.05
0.055
0.055
0.058
0.035
0.051
0.048
0.156
0.143
0.273
0.064
0.058
0.06
0.086
0.14
0.055
0.055
0.057
0.057
0.054
0.058
0.055
0.058
0.054
0.202
0.036
0.086
0.035
0.034
0.034
0.049
0.083
0.049
0.048
0.061
0.094
0.04
0.047
0.042
0.041
0.044
0.05
0.043
0.058
0.056
0.057
0.055
0.054
0.057
0.058
0.054
0.055
0.055
0.054
0.055
0.057
0.042
0.04
0.04
0.042
0.041
0.043
0.056
0.041
0.041
0.042
0.04
0.042
0.041
0.085
0.034
0.084
0.093
0.043
0.055
0.055
0.056
0.06
0.041
0.055
0.055
0.054
0.041
0.042
0.045
0.04
0.04
0.04
0.049
0.086
0.072
0.052
0.05
0.052
0.049
0.052
0.049
0.049
0.049
0.052
0.051
0.05
0.041
0.041
0.042
0.048
0.049
0.39
0.054
0.048
0.048
0.041
0.062
0.06
0.058
0.149
0.059
0.055
0.058
0.057
0.055
0.054
0.054
0.055
0.042
0.041
0.044
0.041
0.041
0.041
0.058
0.055
0.058
0.055
0.057
0.057
0.049
0.052
0.048
0.042
0.04
0.04
0.044
0.041
0.041
0.042
0.058
0.055
0.054
0.135
0.056
0.042
0.051
0.056
0.055
0.058
0.056
0.055
0.172
0.078
0.058
0.06
0.043
0.042
0.048
0.054
0.046
0.064
0.13
0.073
0.066
0.074
0.053
0.069
0.134
0.125
0.058
0.05
0.042
0.042
0.047
0.041
0.042
0.055
0.058
0.053
0.054
0.055
0.053
0.048
0.058
0.055
0.054
0.054
0.058
0.058
0.055
0.042
0.107
0.12
0.043
0.115
0.113
0.052
0.135
0.049
0.07
0.059
0.069
0.054
0.042
0.047
0.046
0.045
0.051
0.045
0.048
0.05
0.045
0.045
0.042
0.045
0.043
0.118
0.121
0.104
0.045
0.115
0.041
0.043
0.046
0.044
0.042
0.046
0.043
0.045
0.041
0.043
0.045
0.043
0.041
0.047
0.041
0.045
0.041
0.041
0.127
0.047
0.048
0.049
0.048
0.057
0.049
0.053
0.049
0.051
0.048
0.052
0.051
0.048
0.086
0.091
0.116
0.114
0.046
0.048
0.048
0.044
0.04
0.04
0.041
0.058
0.05
0.048
0.048
0.051
0.048
0.048
0.048
0.048
0.047
0.152
0.049
0.048
0.05
0.047
0.196
0.076
0.058
0.056
0.056
0.369
0.123
0.057
0.055
0.151
0.055
0.057
0.054
0.055
0.057
0.048
0.051
0.047
0.11
0.043
0.058
0.056
0.054
0.133
0.054
0.058
0.054
0.054
0.048
0.048
0.048
0.051
0.049
0.047
0.054
0.059
0.055
0.056
0.056
0.054
0.058
0.054
0.056
0.055
0.056
0.053
0.054
0.057
0.054
0.054
0.056
0.054
0.054
0.058
0.169
0.049
0.048
0.05
0.047
0.051
0.159
0.042
0.048
0.152
0.055
0.053
0.057
0.054
0.055
0.058
0.05
0.047
0.048
0.049
0.046
0.049
0.132
0.049
0.041
0.054
0.041
0.042
0.042
0.151
0.046
0.05
0.041
0.044
0.041
0.119
0.053
0.052
0.08
0.046
0.042
0.048
0.071
0.048
0.159
0.056
0.054
0.055
0.04
0.048
0.054
0.058
0.149
0.107
0.054
0.058
0.107
0.056
0.057
0.058
0.054
0.041
0.041
0.041
0.044
0.041
0.043
0.041
0.042
0.041
0.049
0.048
0.047
0.048
0.039
0.041
0.041
0.041
0.042
0.04
0.043
0.041
0.045
0.042
0.043
0.041
0.042
0.071
0.055
0.055
0.055
0.054
0.056
0.048
0.047
0.048
0.047
0.048
0.046
0.049
0.057
0.058
0.055
0.129
0.072
0.098
0.082
0.324
0.088
0.109
0.076
0.054
0.222
0.064
0.071
0.065
0.064
0.064
0.062
0.047
0.052
0.049
0.048
0.048
0.052
0.05
0.041
0.042
0.042
0.043
0.041
0.108
0.045
0.113
0.049
0.049
0.048
0.122
0.052
0.041
0.147
0.188
0.147
0.153
0.049
0.049
0.048
0.059
0.158
0.041
0.04
0.044
0.043
0.054
0.057
0.054
0.057
0.054
0.041
0.042
0.042
0.041
0.042
0.042
0.06
0.056
0.057
0.053
0.051
0.053
0.057
0.054
0.057
0.055
0.056
0.053
0.055
0.19
0.042
0.042
0.043
0.043
0.04
0.041
0.103
0.051
0.048
0.048
0.052
0.047
0.048
0.049
0.118
0.051
0.049
0.063
0.056
0.048
0.05
0.048
0.048
0.041
0.041
0.135
0.051
0.131
0.05
0.157
0.053
0.054
0.057
0.057
0.057
0.055
0.057
0.058
0.055
0.054
0.056
0.212
0.063
0.061
0.063
0.064
0.061
0.06
0.067
0.06
0.062
0.06
0.061
0.064
0.062
0.065
0.064
0.065
0.041
0.044
0.043
0.042
0.046
0.042
0.04
0.04
0.061
0.063
0.042
0.041
0.042
0.041
0.041
0.042
0.089
0.055
0.054
0.054
0.042
0.043
0.041
0.041
0.041
0.04
0.041
0.041
0.061
0.066
0.061
0.063
0.058
0.055
0.056
0.056
0.057
0.054
0.055
0.062
0.116
0.072
0.073
0.178
0.071
0.192
0.066
0.05
0.043
0.113
0.041
0.04
0.045
0.041
0.041
0.058
0.053
0.066
0.059
0.055
0.054
0.057
0.056
0.046
0.042
0.042
0.04
0.042
0.042
0.121
0.042
0.057
0.058
0.057
0.055
0.056
0.063
0.057
0.056
0.057
0.05
0.048
0.048
0.048
0.049
0.048
0.091
0.076
0.076
0.072
0.071
0.295
0.068
0.066
0.066
0.066
0.066
0.065
0.042
0.042
0.065
0.042
0.046
0.04
0.044
0.105
0.041
0.042
0.087
0.04
0.041
0.042
0.043
0.041
0.043
0.096
0.044
0.042
0.119
0.043
0.117
0.043
0.109
0.042
0.043
0.041
0.042
0.066
0.041
0.041
0.05
0.046
0.049
0.051
0.04
0.041
0.051
0.154
0.057
0.075
0.245
0.087
0.074
0.093
0.092
0.116
0.13
0.129
0.118
0.09
0.089
0.105
0.111
0.123
0.122
0.058
0.075
0.059
0.047
0.043
0.046
0.043
0.043
0.136
0.119
0.185
0.05
0.113
0.052
0.049
0.049
0.049
0.048
0.047
0.051
0.047
0.047
0.051
0.047
0.048
0.046
0.04
0.078
0.086
0.081
0.061
0.062
0.061
0.064
0.064
0.062
0.061
0.041
0.084
0.043
0.041
0.041
0.041
0.04
0.041
0.059
0.054
0.054
0.055
0.058
0.061
0.05
0.05
0.048
0.049
0.048
0.047
0.048
0.049
0.046
0.048
0.139
0.048
0.061
0.065
0.04
0.044
0.057
0.043
0.041
0.061
0.059
0.064
0.061
0.061
0.063
0.12
0.047
0.041
0.04
0.04
0.042
0.048
0.055
0.057
0.055
0.067
0.05
0.051
0.047
0.048
0.05
0.049
0.05
0.04
0.044
0.062
0.063
0.064
0.062
0.064
0.041
0.045
0.041
0.041
0.041
0.043
0.042
0.049
0.047
0.046
0.048
0.047
0.05
0.071
0.051
0.048
0.048
0.041
0.042
0.041
0.091
0.043
0.043
0.077
0.052
0.048
0.047
0.047
0.041
0.121
0.049
0.042
0.044
0.042
0.048
0.051
0.041
0.047
0.047
0.04
0.041
0.04
0.041
0.047
0.049
0.048
0.063
0.042
0.04
0.045
0.05
0.044
0.041
0.041
0.04
0.058
0.072
0.049
0.042
0.071
0.045
0.06
0.072
0.062
0.049
0.055
0.13
0.051
0.057
0.051
0.048
0.048
0.054
0.056
0.057
0.056
0.055
0.056
0.055
0.055
0.058
0.056
0.055
0.056
0.057
0.06
0.058
0.049
0.041
0.048
0.041
0.044
0.044
0.044
0.041
0.059
0.055
0.073
0.057
0.059
0.062
0.057
0.061
0.057
0.057
0.056
0.061
0.057
0.061
0.056
0.058
0.058
0.045
0.051
0.051
0.055
0.052
0.053
0.045
0.045
0.042
0.047
0.059
0.044
0.047
0.044
0.047
0.055
0.052
0.052
0.05
0.053
0.051
0.052
0.052
0.052
0.044
0.047
0.043
0.043
0.046
0.043
0.043
0.043
0.051
0.051
0.051
0.052
0.056
0.05
0.056
0.158
0.049
0.056
0.243
0.046
0.044
0.059
0.045
0.146
0.056
0.052
0.051
0.054
0.051
0.054
0.108
0.052
0.07
0.066
0.07
0.067
0.059
0.061
0.06
0.044
0.044
0.114
0.047
0.049
0.046
0.045
0.09
0.071
0.071
0.068
0.055
0.055
0.055
0.053
0.056
0.046
0.054
0.056
0.054
0.055
0.055
0.051
0.052
0.069
0.059
0.064
0.052
0.052
0.052
0.051
0.051
0.054
0.051
0.052
0.061
0.069
0.052
0.05
0.054
0.052
0.066
0.056
0.052
0.052
0.056
0.047
0.046
0.045
0.049
0.046
0.046
0.046
0.044
0.047
0.045
0.06
0.061
0.065
0.058
0.062
0.059
0.06
0.061
0.059
0.044
0.047
0.053
0.052
0.055
0.051
0.044
0.043
0.132
0.044
0.045
0.045
0.046
0.045
0.045
0.156
0.128
0.061
0.062
0.068
0.083
0.064
0.059
0.058
0.149
0.06
0.065
0.313
0.066
0.066
0.061
0.239
0.4
0.05
0.057
0.046
0.044
0.044
0.054
0.053
0.052
0.053
0.063
0.154
0.051
0.051
0.055
0.052
0.064
0.159
0.049
0.067
0.061
0.064
0.06
0.063
0.067
0.065
0.042
0.043
0.04
0.042
0.042
0.041
0.041
0.042
0.041
0.041
0.051
0.052
0.058
0.047
0.04
0.041
0.04
0.044
0.042
0.131
0.055
0.047
0.04
0.041
0.088
0.098
0.126
0.049
0.051
0.063
0.061
0.063
0.062
0.064
0.062
0.049
0.049
0.049
0.047
0.156
0.056
0.053
0.059
0.052
0.049
0.048
0.048
0.047
0.048
0.048
0.048
0.042
0.041
0.05
0.048
0.051
0.047
0.064
0.04
0.05
0.048
0.051
0.049
0.052
0.05
0.048
0.041
0.043
0.042
0.043
0.044
0.041
0.041
0.048
0.13
0.087
0.048
0.047
0.048
0.051
0.056
0.054
0.059
0.05
0.049
0.05
0.048
0.048
0.161
0.055
0.059
0.056
0.055
0.065
0.061
0.066
0.061
0.064
0.061
0.062
0.064
0.062
0.064
0.06
0.064
0.063
0.063
0.065
0.043
0.049
0.055
0.058
0.109
0.149
0.066
0.062
0.063
0.063
0.062
0.061
0.049
0.051
0.047
0.049
0.071
0.052
0.051
0.048
0.051
0.048
0.046
0.163
0.058
0.053
0.055
0.064
0.054
0.051
0.049
0.049
0.053
0.047
0.048
0.051
0.054
0.056
0.058
0.055
0.149
0.056
0.054
0.068
0.05
0.052
0.049
0.049
0.05
0.055
0.069
0.069
0.049
0.052
0.047
0.047
0.048
0.048
0.051
0.049
0.048
0.084
0.049
0.048
0.052
0.048
0.048
0.117
0.048
0.048
0.048
0.051
0.049
0.052
0.049
0.048
0.05
0.17
0.1
0.055
0.083
0.075
0.071
0.079
0.071
0.071
0.079
0.049
0.042
0.042
0.045
0.043
0.042
0.042
0.043
0.041
0.042
0.043
0.089
0.053
0.05
0.051
0.051
0.048
0.05
0.048
0.044
0.065
0.048
0.048
0.052
0.049
0.049
0.05
0.049
0.048
0.051
0.048
0.051
0.048
0.05
0.048
0.049
0.049
0.05
0.041
0.045
0.043
0.041
0.07
0.042
0.045
0.04
0.049
0.049
0.052
0.048
0.051
0.048
0.049
0.051
0.052
0.048
0.064
0.062
0.065
0.061
0.061
0.065
0.06
0.053
0.048
0.049
0.049
0.048
0.05
0.049
0.048
0.063
0.056
0.054
0.054
0.054
0.054
0.057
0.052
0.048
0.047
0.048
0.048
0.048
0.139
0.049
0.047
0.045
0.116
0.1
0.108
0.118
0.049
0.05
0.062
0.05
0.05
0.051
0.048
0.047
0.047
0.152
0.062
0.055
0.061
0.041
0.119
0.119
0.115
0.156
0.094
0.126
0.049
0.048
0.049
0.046
0.04
0.048
0.05
0.048
0.048
0.049
0.051
0.052
0.048
0.049
0.05
0.049
0.051
0.043
0.048
0.067
0.049
0.048
0.049
0.051
0.048
0.051
0.048
0.048
0.049
0.055
0.048
0.051
0.048
0.051
0.051
0.048
0.047
0.057
0.048
0.052
0.048
0.052
0.047
0.048
0.048
0.089
0.068
0.071
0.059
0.087
0.079
0.071
0.06
0.066
0.059
0.07
0.193
0.063
0.081
0.055
0.057
0.054
0.048
0.051
0.047
0.048
0.06
0.12
0.047
0.052
0.041
0.039
0.046
0.05
0.049
0.045
0.047
0.049
0.047
0.047
0.052
0.046
0.051
0.048
0.047
0.05
0.129
0.048
0.143
0.042
0.04
0.04
0.04
0.043
0.039
0.04
0.043
0.04
0.04
0.048
0.04
0.117
0.064
0.133
0.046
0.05
0.068
0.046
0.115
0.063
0.046
0.137
0.146
0.061
0.065
0.06
0.064
0.059
0.062
0.106
0.082
0.091
0.048
0.086
0.046
0.078
0.047
0.046
0.052
0.139
0.058
0.055
0.058
0.048
0.047
0.047
0.048
0.047
0.047
0.047
0.057
0.054
0.054
0.047
0.056
0.054
0.04
0.041
0.041
0.042
0.041
0.045
0.04
0.041
0.04
0.101
0.041
0.047
0.048
0.049
0.106
0.062
0.05
0.047
0.052
0.05
0.052
0.048
0.052
0.054
0.052
0.064
0.183
0.069
0.048
0.082
0.062
0.066
0.042
0.046
0.045
0.061
0.041
0.062
0.044
0.101
0.041
0.063
0.061
0.048
0.051
0.047
0.051
0.04
0.05
0.048
0.05
0.047
0.118
0.047
0.051
0.047
0.045
0.047
0.063
0.054
0.054
0.099
0.055
0.054
0.054
0.055
0.055
0.048
0.049
0.049
0.049
0.046
0.046
0.046
0.067
0.051
0.061
0.042
0.064
0.062
0.056
0.06
0.041
0.05
0.046
0.041
0.04
0.043
0.041
0.045
0.04
0.04
0.042
0.041
0.058
0.054
0.056
0.054
0.057
0.047
0.048
0.047
0.05
0.041
0.05
0.047
0.046
0.058
0.067
0.075
0.061
0.048
0.051
0.118
0.041
0.054
0.042
0.044
0.046
0.047
0.063
0.065
0.063
0.041
0.053
0.048
0.048
0.047
0.05
0.048
0.042
0.042
0.04
0.043
0.078
0.047
0.047
0.05
0.048
0.052
0.061
0.071
0.06
0.064
0.042
0.039
0.054
0.04
0.051
0.047
0.051
0.047
0.065
0.047
0.048
0.049
0.12
0.051
0.04
0.042
0.041
0.044
0.042
0.04
0.04
0.039
0.04
0.057
0.073
0.054
0.092
0.048
0.049
0.046
0.095
0.047
0.046
0.064
0.101
0.048
0.057
0.04
0.039
0.04
0.114
0.164
0.043
0.042
0.041
0.057
0.054
0.046
0.04
0.042
0.04
0.042
0.039
0.04
0.043
0.039
0.04
0.116
0.052
0.089
0.04
0.045
0.041
0.043
0.117
0.04
0.061
0.045
0.053
0.067
0.048
0.049
0.05
0.049
0.047
0.046
0.073
0.046
0.05
0.039
0.04
0.04
0.041
0.04
0.039
0.042
0.042
0.158
0.042
0.053
0.072
0.055
0.054
0.056
0.054
0.056
0.054
0.052
0.054
0.04
0.042
0.041
0.052
0.107
0.044
0.039
0.04
0.041
0.045
0.039
0.04
0.042
0.041
0.053
0.055
0.25
0.237
1.545
0.202
0.085
0.269
0.066
0.096
0.099
0.101
0.095
0.1
0.081
0.063
0.061
0.059
0.043
0.04
0.049
0.116
0.065
0.041
0.042
0.065
0.043
0.04
0.097
0.064
0.041
0.04
0.04
0.06
0.078
0.043
0.061
0.047
0.049
0.047
0.047
0.047
0.046
0.048
0.041
0.041
0.049
0.047
0.048
0.047
0.049
0.047
0.046
0.046
0.145
0.046
0.04
0.042
0.072
0.049
0.054
0.046
0.046
0.049
0.05
0.046
0.047
0.049
0.046
0.045
0.047
0.048
0.046
0.049
0.046
0.047
0.051
0.068
0.106
0.068
0.072
0.047
0.047
0.046
0.041
0.04
0.039
0.039
0.042
0.04
0.05
0.048
0.042
0.049
0.051
0.048
0.049
0.053
0.049
0.048
0.042
0.054
0.047
0.063
0.06
0.08
0.098
0.059
0.063
0.064
0.068
0.063
0.052
0.052
0.049
0.075
0.073
0.062
0.08
0.064
0.076
0.279
0.168
0.131
0.322
0.104
0.111
0.106
0.098
0.089
0.094
0.099
0.093
0.07
0.078
0.074
0.087
0.054
0.081
0.044
0.069
0.043
0.045
0.054
0.049
0.067
0.056
0.05
0.053
0.063
0.044
0.049
0.217
0.07
0.064
0.211
0.066
0.074
0.064
0.077
0.073
0.063
0.062
0.057
0.059
0.073
0.058
0.057
0.058
0.082
0.101
0.045
0.043
0.047
0.044
0.041
0.045
0.043
0.043
0.041
0.064
0.062
0.056
0.058
0.055
0.047
0.05
0.057
0.122
0.05
0.052
0.069
0.072
0.072
0.072
0.072
0.075
0.17
0.071
0.152
0.057
0.049
0.062
0.044
0.052
0.052
0.047
0.05
0.052
0.048
0.05
0.047
0.05
0.148
0.051
0.116
0.049
0.147
0.049
0.049
0.049
0.048
0.048
0.049
0.051
0.048
0.048
0.058
0.057
0.057
0.058
0.043
0.045
0.041
0.041
0.044
0.041
0.05
0.043
0.045
0.041
0.042
0.202
0.318
0.061
0.083
0.05
0.049
0.045
0.051
0.05
0.052
0.073
0.053
0.05
0.052
0.048
0.048
0.048
0.056
0.052
0.047
0.055
0.057
0.054
0.057
0.054
0.06
0.043
0.045
0.042
0.041
0.043
0.128
0.042
0.041
0.045
0.057
0.058
0.056
0.055
0.055
0.056
0.055
0.058
0.051
0.048
0.054
0.079
0.084
0.05
0.05
0.05
0.049
0.049
0.048
0.053
0.049
0.051
0.05
0.056
0.059
0.057
0.043
0.044
0.063
0.043
0.044
0.043
0.043
0.041
0.046
0.042
0.046
0.046
0.042
0.043
0.043
0.057
0.058
0.056
0.059
0.057
0.06
0.057
0.059
0.044
0.043
0.042
0.045
0.111
0.047
0.043
0.068
0.059
0.057
0.056
0.061
0.059
0.053
0.05
0.051
0.052
0.051
0.051
0.05
0.051
0.044
0.047
0.044
0.044
0.043
0.044
0.044
0.049
0.051
0.049
0.055
0.049
0.05
0.1
0.043
0.106
0.048
0.043
0.046
0.047
0.042
0.043
0.046
0.048
0.043
0.046
0.044
0.049
0.05
0.05
0.059
0.062
0.05
0.051
0.06
0.058
0.058
0.111
0.122
0.092
0.094
0.091
0.092
0.057
0.044
0.055
0.052
0.053
0.053
0.057
0.056
0.051
0.054
0.053
0.051
0.05
0.052
0.049
0.053
0.05
0.042
0.042
0.044
0.042
0.043
0.042
0.057
0.042
0.064
0.044
0.059
0.079
0.089
0.063
0.069
0.066
0.062
0.084
0.065
0.064
0.065
0.062
0.082
0.059
0.06
0.045
0.07
0.055
0.052
0.053
0.054
0.052
0.052
0.053
0.045
0.048
0.043
0.059
0.047
0.043
0.062
0.058
0.059
0.044
0.058
0.059
0.058
0.097
0.048
0.043
0.044
0.044
0.045
0.194
0.106
0.044
0.044
0.115
0.043
0.044
0.089
0.055
0.05
0.051
0.065
0.052
0.053
0.065
0.051
0.05
0.046
0.125
0.043
0.059
0.061
0.058
0.1
0.046
0.045
0.044
0.058
0.053
0.054
0.05
0.053
0.051
0.05
0.05
0.051
0.052
0.05
0.052
0.051
0.053
0.051
0.095
0.053
0.055
0.045
0.048
0.065
0.044
0.048
0.049
0.045
0.157
0.047
0.057
0.056
0.06
0.062
0.044
0.054
0.05
0.065
0.052
0.05
0.054
0.051
0.053
0.051
0.052
0.051
0.055
0.051
0.057
0.052
0.051
0.054
0.051
0.045
0.043
0.048
0.044
0.055
0.052
0.052
0.055
0.044
0.046
0.126
0.119
0.11
0.046
0.109
0.063
0.045
0.045
0.139
0.055
0.051
0.358
0.331
0.071
0.359
0.049
0.132
0.054
0.053
0.052
0.053
0.052
0.056
0.045
0.05
0.045
0.046
0.044
0.055
0.053
0.055
0.054
0.053
0.051
0.055
0.144
0.162
0.056
0.046
0.053
0.044
0.044
0.044
0.046
0.044
0.045
0.047
0.043
0.047
0.052
0.057
0.051
0.055
0.052
0.053
0.044
0.047
0.043
0.044
0.051
0.053
0.057
0.052
0.068
0.052
0.052
0.051
0.079
0.051
0.164
0.159
0.052
0.161
0.119
0.055
0.169
0.061
0.044
0.058
0.059
0.052
0.056
0.057
0.052
0.051
0.054
0.052
0.051
0.054
0.054
0.046
0.052
0.137
0.056
0.066
0.06
0.058
0.059
0.063
0.058
0.058
0.066
0.058
0.061
0.045
0.045
0.047
0.045
0.047
0.045
0.052
0.051
0.043
0.056
0.046
0.045
0.044
0.045
0.141
0.05
0.052
0.05
0.051
0.159
0.054
0.11
0.056
0.147
0.052
0.16
0.051
0.056
0.044
0.047
0.045
0.088
0.059
0.061
0.059
0.082
0.064
0.058
0.06
0.061
0.058
0.057
0.056
0.044
0.044
0.048
0.043
0.043
0.048
0.045
0.044
0.052
0.059
0.058
0.062
0.058
0.061
0.058
0.058
0.059
0.058
0.055
0.045
0.046
0.056
0.051
0.053
0.082
0.053
0.052
0.052
0.054
0.05
0.063
0.044
0.043
0.043
0.044
0.047
0.047
0.168
0.142
0.054
0.05
0.143
0.052
0.069
0.174
0.046
0.061
0.054
0.051
0.054
0.051
0.052
0.051
0.045
0.115
0.048
0.051
0.132
0.052
0.052
0.052
0.052
0.054
0.052
0.05
0.051
0.052
0.072
0.167
0.051
0.051
0.055
0.051
0.052
0.052
0.051
0.055
0.055
0.052
0.055
0.064
0.052
0.056
0.091
0.052
0.056
0.06
0.059
0.108
0.116
0.085
0.084
0.262
0.056
0.052
0.052
0.162
0.058
0.048
0.048
0.074
0.05
0.047
0.047
0.048
0.049
0.049
0.05
0.148
0.055
0.061
0.055
0.056
0.056
0.058
0.055
0.143
0.055
0.05
0.047
0.047
0.05
0.061
0.047
0.045
0.059
0.058
0.057
0.056
0.228
0.058
0.054
0.07
0.06
0.054
0.06
0.057
0.058
0.05
0.049
0.043
0.043
0.041
0.052
0.154
0.052
0.041
0.048
0.057
0.049
0.052
0.048
0.052
0.048
0.054
0.105
0.054
0.053
0.056
0.042
0.052
0.049
0.052
0.043
0.044
0.049
0.044
0.041
0.047
0.044
0.085
0.045
0.058
0.048
0.054
0.054
0.055
0.058
0.053
0.056
0.047
0.053
0.046
0.051
0.048
0.05
0.056
0.041
0.048
0.048
0.041
0.04
0.041
0.112
0.041
0.048
0.048
0.042
0.053
0.048
0.048
0.046
0.049
0.047
0.047
0.047
0.046
0.048
0.047
0.048
0.048
0.046
0.047
0.05
0.048
0.041
0.049
0.042
0.113
0.048
0.072
0.049
0.051
0.048
0.05
0.107
0.049
0.048
0.1
0.098
0.109
0.047
0.107
0.054
0.049
0.047
0.052
0.15
0.044
0.05
0.052
0.047
0.048
0.047
0.047
0.048
0.048
0.047
0.048
0.048
0.048
0.047
0.05
0.048
0.047
0.049
0.047
0.047
0.047
0.074
0.05
0.047
0.05
0.058
0.047
0.05
0.071
0.048
0.045
0.146
0.041
0.047
0.04
0.04
0.041
0.041
0.042
0.04
0.04
0.039
0.043
0.047
0.049
0.053
0.047
0.041
0.045
0.055
0.058
0.054
0.057
0.053
0.2
0.055
0.15
0.055
0.048
0.081
0.059
0.048
0.048
0.051
0.048
0.046
0.051
0.048
0.046
0.053
0.048
0.058
0.051
0.048
0.046
0.05
0.049
0.046
0.05
0.048
0.047
0.077
0.073
0.065
0.062
0.198
0.07
0.205
0.055
0.056
0.048
0.049
0.051
0.047
0.053
0.049
0.047
0.048
0.047
0.05
0.047
0.046
0.048
0.041
0.044
0.041
0.044
0.041
0.042
0.041
0.042
0.039
0.056
0.054
0.047
0.056
0.042
0.052
0.046
0.048
0.049
0.047
0.048
0.049
0.052
0.047
0.051
0.046
0.047
0.047
0.048
0.049
0.054
0.05
0.048
0.047
0.05
0.046
0.051
0.046
0.051
0.043
0.04
0.041
0.04
0.04
0.041
0.042
0.048
0.049
0.049
0.046
0.05
0.046
0.141
0.148
0.056
0.053
0.055
0.056
0.059
0.053
0.054
0.053
0.057
0.042
0.054
0.054
0.058
0.054
0.052
0.054
0.055
0.054
0.056
0.054
0.052
0.048
0.07
0.052
0.048
0.048
0.048
0.047
0.044
0.044
0.127
0.055
0.053
0.059
0.113
0.054
0.049
0.052
0.049
0.05
0.054
0.048
0.046
0.042
0.042
0.045
0.04
0.043
0.046
0.042
0.044
0.053
0.048
0.041
0.044
0.052
0.05
0.048
0.048
0.047
0.046
0.041
0.042
0.044
0.041
0.041
0.044
0.041
0.046
0.043
0.071
0.059
0.048
0.065
0.047
0.048
0.114
0.054
0.054
0.052
0.051
0.054
0.057
0.049
0.048
0.053
0.05
0.05
0.053
0.042
0.04
0.052
0.048
0.043
0.041
0.041
0.042
0.044
0.04
0.04
0.045
0.048
0.044
0.041
0.04
0.04
0.041
0.043
0.122
0.127
0.047
0.048
0.048
0.047
0.047
0.053
0.149
0.048
0.051
0.047
0.048
0.048
0.051
0.052
0.048
0.053
0.057
0.054
0.049
0.051
0.048
0.15
0.047
0.047
0.138
0.14
0.049
0.049
0.048
0.041
0.044
0.085
0.041
0.042
0.049
0.043
0.048
0.045
0.048
0.046
0.05
0.049
0.05
0.048
0.051
0.047
0.048
0.048
0.051
0.054
0.054
0.055
0.056
0.056
0.053
0.055
0.054
0.043
0.041
0.044
0.059
0.049
0.048
0.142
0.057
0.048
0.047
0.049
0.048
0.049
0.083
0.049
0.052
0.041
0.041
0.048
0.049
0.052
0.047
0.049
0.05
0.049
0.048
0.054
0.055
0.054
0.053
0.056
0.054
0.055
0.048
0.049
0.047
0.048
0.048
0.048
0.047
0.047
0.047
0.047
0.041
0.041
0.044
0.041
0.121
0.125
0.048
0.048
0.054
0.056
0.043
0.049
0.047
0.049
0.067
0.044
0.04
0.043
0.115
0.044
0.041
0.113
0.04
0.116
0.043
0.052
0.048
0.048
0.051
0.047
0.048
0.05
0.047
0.047
0.048
0.048
0.049
0.047
0.052
0.052
0.052
0.049
0.05
0.047
0.048
0.049
0.05
0.041
0.041
0.047
0.042
0.05
0.127
0.057
0.059
0.057
0.054
0.054
0.05
0.05
0.055
0.047
0.049
0.042
0.046
0.047
0.043
0.053
0.091
0.041
0.041
0.042
0.041
0.043
0.123
0.051
0.166
0.086
0.09
0.109
0.106
0.115
0.153
0.093
0.059
0.08
0.054
0.053
0.052
0.052
0.054
0.149
0.178
0.077
0.17
0.059
0.054
0.05
0.049
0.053
0.049
0.049
0.052
0.049
0.047
0.049
0.05
0.083
0.056
0.048
0.053
0.048
0.072
0.061
0.075
0.141
0.054
0.049
0.049
0.048
0.049
0.053
0.049
0.05
0.155
0.05
0.05
0.048
0.052
0.147
0.184
0.044
0.041
0.04
0.055
0.056
0.056
0.059
0.057
0.059
0.058
0.055
0.059
0.056
0.059
0.056
0.049
0.05
0.058
0.132
0.081
0.061
0.058
0.055
0.059
0.145
0.056
0.06
0.054
0.048
0.082
0.052
0.049
0.049
0.049
0.12
0.053
0.042
0.056
0.049
0.051
0.056
0.042
0.117
0.047
0.115
0.051
0.043
0.043
0.042
0.065
0.056
0.057
0.218
0.075
0.065
0.059
0.057
0.291
0.086
0.079
0.088
0.251
0.064
0.059
0.121
0.063
0.056
0.057
0.059
0.065
0.061
0.055
0.055
0.058
0.056
0.052
0.043
0.043
0.044
0.043
0.043
0.146
0.048
0.048
0.068
0.084
0.052
0.117
0.057
0.055
0.051
0.073
0.056
0.064
0.057
0.052
0.052
0.053
0.053
0.049
0.05
0.051
0.048
0.048
0.058
0.056
0.047
0.05
0.07
0.049
0.053
0.049
0.049
0.05
0.053
0.132
0.054
0.055
0.054
0.057
0.06
0.065
0.066
0.107
0.068
0.056
0.056
0.065
0.053
0.059
0.046
0.062
0.056
0.06
0.056
0.06
0.199
0.075
0.067
0.055
0.051
0.049
0.054
0.051
0.057
0.052
0.052
0.049
0.043
0.048
0.045
0.112
0.044
0.043
0.045
0.043
0.06
0.059
0.089
0.057
0.058
0.094
0.056
0.062
0.144
0.066
0.094
0.067
0.064
0.167
0.067
0.062
0.062
0.051
0.049
0.053
0.05
0.048
0.049
0.081
0.055
0.05
0.052
0.048
0.057
0.049
0.052
0.06
0.059
0.056
0.056
0.055
0.058
0.057
0.058
0.065
0.055
0.057
0.056
0.06
0.054
0.056
0.057
0.06
0.073
0.091
0.109
0.14
0.111
0.074
0.089
0.119
0.081
0.051
0.053
0.066
0.066
0.054
0.052
0.069
0.05
0.068
0.05
0.051
0.054
0.05
0.049
0.072
0.059
0.051
0.053
0.048
0.163
0.137
0.166
0.061
0.06
0.058
0.055
0.152
0.083
0.082
0.051
0.058
0.05
0.048
0.071
0.061
0.056
0.054
0.055
0.05
0.055
0.049
0.054
0.057
0.053
0.051
0.061
0.167
0.058
0.075
0.057
0.058
0.061
0.056
0.058
0.061
0.058
0.059
0.057
0.06
0.065
0.049
0.05
0.065
0.058
0.052
0.204
0.094
0.07
0.066
0.068
0.066
0.051
0.064
0.06
0.059
0.06
0.059
0.058
0.061
0.057
0.054
0.052
0.055
0.054
0.053
0.083
0.055
0.056
0.051
0.069
0.071
0.197
0.069
0.066
0.059
0.057
0.061
0.06
0.057
0.19
0.055
0.052
0.172
0.058
0.058
0.058
0.057
0.052
0.049
0.05
0.052
0.05
0.046
0.045
0.045
0.046
0.046
0.043
0.052
0.062
0.066
0.06
0.062
0.06
0.06
0.058
0.06
0.057
0.056
0.057
0.062
0.057
0.057
0.059
0.059
0.061
0.059
0.057
0.058
0.058
0.06
0.057
0.051
0.047
0.044
0.043
0.046
0.068
0.07
0.066
0.069
0.065
0.077
0.065
0.061
0.062
0.07
0.088
0.107
0.167
0.076
0.066
0.067
0.066
0.061
0.064
0.062
0.056
0.06
0.058
0.063
0.059
0.062
0.06
0.06
0.058
0.058
0.051
0.054
0.053
0.053
0.125
0.054
0.057
0.059
0.058
0.16
0.059
0.207
0.058
0.057
0.185
0.083
0.05
0.045
0.044
0.044
0.046
0.061
0.06
0.058
0.057
0.144
0.059
0.061
0.058
0.059
0.105
0.062
0.062
0.059
0.057
0.062
0.06
0.06
0.061
0.057
0.06
0.043
0.045
0.044
0.046
0.044
0.043
0.042
0.043
0.128
0.043
0.044
0.047
0.043
0.044
0.047
0.133
0.062
0.061
0.058
0.057
0.202
0.063
0.064
0.066
0.221
0.075
0.234
0.075
0.064
0.068
0.067
0.06
0.056
0.061
0.075
0.264
0.084
0.083
0.075
0.079
0.074
0.048
0.044
0.103
0.044
0.046
0.058
0.058
0.06
0.057
0.057
0.057
0.059
0.06
0.057
0.058
0.057
0.056
0.05
0.051
0.048
0.049
0.043
0.043
0.042
0.046
0.042
0.043
0.046
0.042
0.059
0.061
0.074
0.073
0.077
0.193
0.072
0.071
0.076
0.07
0.076
0.072
0.072
0.133
0.075
0.077
0.06
0.051
0.058
0.058
0.057
0.074
0.056
0.058
0.06
0.224
0.064
0.072
0.065
0.073
0.061
0.056
0.061
0.057
0.061
0.057
0.06
0.06
0.222
0.068
0.065
0.066
0.061
0.056
0.056
0.059
0.058
0.058
0.058
0.043
0.043
0.045
0.042
0.043
0.043
0.043
0.042
0.044
0.043
0.043
0.054
0.042
0.044
0.042
0.043
0.047
0.125
0.063
0.058
0.058
0.059
0.057
0.055
0.057
0.056
0.059
0.057
0.058
0.056
0.069
0.076
0.07
0.065
0.066
0.064
0.24
0.074
0.043
0.043
0.062
0.061
0.058
0.057
0.05
0.053
0.049
0.058
0.07
0.061
0.057
0.06
0.06
0.059
0.056
0.058
0.057
0.043
0.047
0.047
0.057
0.06
0.056
0.056
0.061
0.163
0.057
0.059
0.052
0.122
0.058
0.067
0.059
0.065
0.057
0.059
0.204
0.065
0.066
0.252
0.077
0.06
0.058
0.062
0.057
0.061
0.206
0.066
0.067
0.059
0.044
0.058
0.062
0.058
0.063
0.058
0.062
0.057
0.057
0.079
0.046
0.045
0.044
0.048
0.042
0.13
0.051
0.055
0.063
0.06
0.062
0.052
0.063
0.06
0.045
0.059
0.062
0.058
0.044
0.045
0.044
0.046
0.051
0.06
0.057
0.059
0.052
0.059
0.064
0.059
0.062
0.125
0.159
0.081
0.064
0.058
0.058
0.063
0.051
0.045
0.046
0.044
0.044
0.046
0.046
0.06
0.07
0.044
0.068
0.066
0.071
0.071
0.065
0.066
0.077
0.074
0.068
0.05
0.045
0.068
0.07
0.068
0.066
0.075
0.067
0.067
0.06
0.058
0.064
0.06
0.059
0.061
0.059
0.06
0.068
0.061
0.058
0.051
0.052
0.05
0.051
0.172
0.059
0.057
0.193
0.077
0.054
0.049
0.053
0.051
0.054
0.05
0.05
0.065
0.062
0.064
0.079
0.087
0.081
0.074
0.08
0.084
0.101
0.112
0.103
0.049
0.064
0.063
0.066
0.059
0.058
0.063
0.062
0.062
0.066
0.06
0.062
0.063
0.061
0.062
0.065
0.059
0.057
0.059
0.078
0.063
0.059
0.057
0.057
0.044
0.045
0.128
0.047
0.057
0.043
0.065
0.068
0.066
0.066
0.065
0.074
0.071
0.066
0.066
0.058
0.064
0.059
0.056
0.059
0.059
0.056
0.05
0.052
0.054
0.054
0.051
0.049
0.05
0.144
0.166
0.055
0.061
0.059
0.057
0.057
0.059
0.057
0.105
0.06
0.057
0.061
0.059
0.056
0.07
0.065
0.065
0.063
0.067
0.064
0.065
0.148
0.212
0.062
0.059
0.08
0.058
0.06
0.057
0.059
0.056
0.046
0.043
0.044
0.047
0.143
0.052
0.049
0.049
0.063
0.057
0.06
0.056
0.06
0.057
0.051
0.05
0.052
0.05
0.049
0.188
0.164
0.058
0.062
0.064
0.062
0.064
0.063
0.064
0.065
0.063
0.066
0.064
0.064
0.065
0.068
0.068
0.063
0.067
0.063
0.23
0.057
0.056
0.056
0.06
0.056
0.056
0.058
0.057
0.064
0.049
0.057
0.052
0.052
0.056
0.057
0.058
0.057
0.058
0.057
0.228
0.079
0.102
0.071
0.071
0.078
0.083
0.23
0.06
0.059
0.06
0.068
0.06
0.14
0.19
0.08
0.059
0.07
0.061
0.059
0.061
0.058
0.058
0.07
0.058
0.057
0.069
0.066
0.066
0.163
0.068
0.098
0.058
0.057
0.059
0.062
0.061
0.058
0.074
0.057
0.058
0.057
0.058
0.06
0.057
0.06
0.056
0.058
0.06
0.061
0.058
0.057
0.057
0.06
0.203
0.063
0.065
0.066
0.059
0.059
0.065
0.068
0.057
0.06
0.057
0.059
0.057
0.055
0.055
0.067
0.059
0.058
0.059
0.056
0.056
0.186
0.059
0.067
0.064
0.067
0.069
0.065
0.063
0.067
0.066
0.062
0.063
0.057
0.067
0.114
0.057
0.063
0.059
0.057
0.057
0.06
0.058
0.059
0.078
0.06
0.104
0.065
0.067
0.066
0.068
0.066
0.066
0.068
0.064
0.064
0.1
0.078
0.069
0.12
0.059
0.062
0.058
0.067
0.057
0.061
0.057
0.059
0.058
0.053
0.051
0.063
0.051
0.11
0.05
0.061
0.057
0.059
0.061
0.056
0.056
0.127
0.068
0.067
0.06
0.067
0.054
0.052
0.051
0.05
0.067
0.051
0.049
0.053
0.057
0.059
0.056
0.065
0.063
0.056
0.071
0.067
0.08
0.095
0.065
0.066
0.065
0.06
0.058
0.057
0.062
0.058
0.086
0.057
0.066
0.063
0.065
0.052
0.051
0.058
0.057
0.086
0.063
0.139
0.07
0.056
0.067
0.059
0.062
0.058
0.058
0.059
0.091
0.152
0.062
0.061
0.052
0.067
0.087
0.057
0.056
0.061
0.056
0.06
0.057
0.056
0.059
0.056
0.062
0.05
0.052
0.051
0.05
0.057
0.057
0.051
0.05
0.066
0.056
0.057
0.06
0.055
0.065
0.061
0.058
0.084
0.058
0.068
0.067
0.068
0.068
0.057
0.059
0.056
0.056
0.064
0.058
0.057
0.069
0.06
0.058
0.058
0.057
0.072
0.067
0.084
0.07
0.071
0.051
0.043
0.044
0.042
0.043
0.044
0.044
0.046
0.065
0.064
0.077
0.067
0.074
0.07
0.065
0.067
0.132
0.068
0.067
0.091
0.073
0.061
0.067
0.067
0.064
0.064
0.063
0.08
0.068
0.064
0.065
0.066
0.063
0.065
0.062
0.066
0.07
0.061
0.049
0.049
0.053
0.054
0.049
0.052
0.058
0.049
0.051
0.053
0.051
0.055
0.048
0.051
0.055
0.057
0.054
0.055
0.058
0.056
0.057
0.055
0.055
0.055
0.058
0.055
0.058
0.055
0.061
0.063
0.064
0.063
0.071
0.058
0.055
0.056
0.059
0.056
0.057
0.061
0.066
0.056
0.06
0.054
0.062
0.063
0.059
0.054
0.057
0.058
0.055
0.059
0.128
0.126
0.138
0.116
0.129
0.09
0.066
0.136
0.064
0.071
0.057
0.059
0.056
0.055
0.056
0.055
0.058
0.051
0.049
0.048
0.048
0.06
0.068
0.048
0.049
0.052
0.048
0.049
0.052
0.047
0.048
0.053
0.048
0.048
0.05
0.042
0.045
0.043
0.046
0.041
0.043
0.051
0.053
0.053
0.049
0.048
0.048
0.056
0.052
0.048
0.051
0.051
0.048
0.135
0.063
0.059
0.062
0.069
0.064
0.065
0.063
0.066
0.062
0.061
0.069
0.062
0.063
0.056
0.061
0.064
0.055
0.055
0.055
0.064
0.057
0.049
0.049
0.049
0.049
0.048
0.048
0.05
0.065
0.063
0.079
0.062
0.067
0.064
0.05
0.065
0.048
0.05
0.134
0.058
0.058
0.055
0.059
0.057
0.057
0.053
0.049
0.051
0.049
0.061
0.052
0.045
0.044
0.041
0.051
0.049
0.051
0.048
0.119
0.05
0.048
0.052
0.068
0.062
0.064
0.062
0.061
0.066
0.062
0.066
0.061
0.066
0.062
0.062
0.063
0.06
0.112
0.067
0.063
0.063
0.065
0.062
0.063
0.064
0.075
0.064
0.066
0.061
0.065
0.064
0.065
0.043
0.05
0.042
0.041
0.06
0.049
0.076
0.049
0.057
0.067
0.056
0.059
0.048
0.048
0.049
0.056
0.217
0.271
0.069
0.101
0.067
0.075
0.066
0.057
0.073
0.057
0.055
0.057
0.056
0.054
0.06
0.052
0.059
0.069
0.064
0.081
0.063
0.06
0.061
0.056
0.068
0.049
0.051
0.052
0.051
0.053
0.062
0.065
0.067
0.072
0.059
0.2
0.057
0.057
0.057
0.055
0.06
0.056
0.067
0.067
0.064
0.069
0.064
0.19
0.056
0.056
0.06
0.083
0.162
0.057
0.056
0.057
0.055
0.067
0.065
0.064
0.066
0.062
0.067
0.062
0.066
0.065
0.063
0.062
0.064
0.061
0.064
0.066
0.065
0.061
0.055
0.043
0.057
0.057
0.054
0.055
0.059
0.057
0.07
0.061
0.055
0.055
0.056
0.058
0.056
0.056
0.054
0.057
0.056
0.056
0.056
0.05
0.049
0.049
0.049
0.049
0.049
0.052
0.053
0.064
0.063
0.191
0.065
0.053
0.051
0.05
0.049
0.052
0.049
0.052
0.056
0.051
0.06
0.055
0.05
0.048
0.052
0.048
0.049
0.052
0.049
0.048
0.051
0.057
0.05
0.05
0.048
0.048
0.056
0.058
0.057
0.055
0.054
0.054
0.059
0.055
0.065
0.051
0.043
0.042
0.044
0.043
0.042
0.044
0.055
0.058
0.055
0.05
0.052
0.042
0.123
0.041
0.041
0.043
0.049
0.049
0.053
0.049
0.048
0.068
0.055
0.048
0.055
0.056
0.058
0.054
0.058
0.054
0.058
0.055
0.05
0.123
0.112
0.063
0.056
0.051
0.053
0.049
0.05
0.048
0.047
0.056
0.087
0.055
0.058
0.108
0.056
0.058
0.055
0.056
0.054
0.065
0.055
0.049
0.049
0.05
0.048
0.048
0.056
0.057
0.055
0.055
0.057
0.058
0.074
0.058
0.056
0.062
0.057
0.051
0.047
0.055
0.05
0.048
0.05
0.048
0.049
0.044
0.062
0.064
0.061
0.067
0.068
0.068
0.042
0.041
0.041
0.043
0.043
0.057
0.048
0.055
0.05
0.134
0.049
0.048
0.05
0.049
0.05
0.048
0.052
0.047
0.064
0.062
0.065
0.068
0.066
0.054
0.056
0.049
0.058
0.058
0.051
0.064
0.059
0.055
0.056
0.057
0.056
0.052
0.073
0.132
0.068
0.063
0.068
0.065
0.048
0.049
0.05
0.049
0.053
0.047
0.051
0.055
0.057
0.061
0.056
0.059
0.058
0.056
0.079
0.063
0.055
0.055
0.049
0.05
0.065
0.065
0.064
0.057
0.061
0.061
0.066
0.057
0.066
0.071
0.061
0.08
0.076
0.066
0.078
0.054
0.055
0.058
0.048
0.052
0.054
0.05
0.071
0.065
0.067
0.062
0.065
0.069
0.049
0.048
0.052
0.05
0.051
0.05
0.051
0.05
0.049
0.054
0.047
0.049
0.048
0.048
0.052
0.047
0.05
0.07
0.054
0.05
0.123
0.05
0.049
0.049
0.05
0.06
0.049
0.049
0.049
0.049
0.05
0.049
0.05
0.049
0.05
0.051
0.048
0.067
0.098
0.063
0.063
0.064
0.065
0.061
0.063
0.057
0.054
0.061
0.054
0.055
0.057
0.054
0.06
0.055
0.058
0.054
0.05
0.048
0.049
0.049
0.048
0.05
0.134
0.048
0.049
0.048
0.05
0.049
0.048
0.06
0.055
0.054
0.058
0.072
0.061
0.182
0.064
0.052
0.053
0.114
0.063
0.099
0.057
0.062
0.057
0.052
0.052
0.05
0.051
0.053
0.049
0.053
0.051
0.051
0.049
0.05
0.05
0.048
0.05
0.116
0.068
0.066
0.063
0.066
0.063
0.067
0.068
0.065
0.062
0.057
0.06
0.056
0.059
0.059
0.061
0.059
0.058
0.058
0.058
0.058
0.065
0.059
0.071
0.058
0.238
0.251
0.076
0.069
0.071
0.361
0.081
0.056
0.058
0.054
0.055
0.057
0.055
0.048
0.052
0.049
0.048
0.048
0.048
0.058
0.057
0.055
0.054
0.057
0.056
0.059
0.055
0.059
0.105
0.062
0.056
0.058
0.056
0.058
0.059
0.055
0.059
0.056
0.059
0.055
0.058
0.054
0.048
0.05
0.05
0.047
0.048
0.051
0.048
0.051
0.048
0.053
0.048
0.049
0.051
0.05
0.05
0.142
0.049
0.053
0.049
0.049
0.156
0.055
0.058
0.056
0.058
0.058
0.048
0.049
0.057
0.054
0.054
0.057
0.055
0.057
0.049
0.05
0.053
0.049
0.05
0.049
0.048
0.08
0.055
0.06
0.055
0.056
0.057
0.057
0.049
0.05
0.048
0.052
0.051
0.056
0.056
0.056
0.06
0.056
0.058
0.055
0.058
0.049
0.055
0.057
0.064
0.065
0.061
0.049
0.049
0.049
0.049
0.048
0.048
0.048
0.048
0.048
0.048
0.05
0.056
0.054
0.057
0.056
0.055
0.055
0.064
0.063
0.064
0.062
0.066
0.062
0.063
0.056
0.049
0.048
0.058
0.048
0.059
0.054
0.058
0.056
0.058
0.049
0.065
0.054
0.048
0.073
0.054
0.05
0.048
0.059
0.051
0.048
0.049
0.049
0.052
0.051
0.057
0.048
0.048
0.05
0.048
0.05
0.052
0.049
0.047
0.051
0.048
0.049
0.056
0.054
0.054
0.05
0.055
0.054
0.053
0.054
0.055
0.054
0.055
0.054
0.054
0.054
0.055
0.053
0.053
0.053
0.055
0.047
0.055
0.057
0.053
0.071
0.06
0.057
0.048
0.048
0.049
0.047
0.047
0.048
0.057
0.054
0.058
0.054
0.056
0.054
0.053
0.056
0.053
0.062
0.062
0.064
0.061
0.065
0.061
0.048
0.048
0.05
0.052
0.05
0.048
0.05
0.05
0.056
0.052
0.048
0.051
0.047
0.047
0.047
0.047
0.047
0.048
0.053
0.056
0.053
0.05
0.054
0.054
0.054
0.056
0.054
0.058
0.054
0.054
0.054
0.056
0.054
0.055
0.059
0.053
0.058
0.057
0.054
0.054
0.065
0.053
0.057
0.054
0.048
0.048
0.047
0.05
0.057
0.05
0.051
0.053
0.047
0.047
0.049
0.053
0.047
0.048
0.047
0.047
0.055
0.057
0.057
0.055
0.054
0.056
0.058
0.049
0.046
0.058
0.056
0.083
0.179
0.057
0.064
0.059
0.072
0.062
0.063
0.07
0.159
0.055
0.055
0.053
0.068
0.056
0.056
0.057
0.054
0.053
0.051
0.049
0.047
0.051
0.048
0.051
0.05
0.049
0.051
0.048
0.05
0.065
0.048
0.049
0.055
0.059
0.047
0.058
0.055
0.051
0.048
0.05
0.047
0.071
0.049
0.047
0.068
0.06
0.06
0.054
0.059
0.056
0.053
0.057
0.057
0.063
0.054
0.191
0.06
0.057
0.058
0.181
0.058
0.057
0.053
0.056
0.058
0.049
0.055
0.052
0.054
0.055
0.053
0.054
0.057
0.056
0.05
0.048
0.047
0.051
0.053
0.047
0.047
0.051
0.046
0.048
0.047
0.049
0.049
0.047
0.057
0.054
0.057
0.055
0.056
0.054
0.055
0.054
0.048
0.048
0.054
0.047
0.056
0.054
0.053
0.059
0.055
0.128
0.082
0.06
0.103
0.056
0.058
0.057
0.054
0.055
0.054
0.057
0.055
0.055
0.057
0.054
0.058
0.054
0.051
0.049
0.048
0.048
0.049
0.047
0.048
0.051
0.048
0.048
0.058
0.047
0.053
0.054
0.057
0.053
0.054
0.072
0.057
0.055
0.05
0.047
0.048
0.048
0.049
0.047
0.047
0.047
0.046
0.047
0.048
0.047
0.049
0.047
0.048
0.057
0.052
0.047
0.057
0.057
0.058
0.057
0.072
0.187
0.059
0.057
0.054
0.054
0.055
0.05
0.056
0.054
0.054
0.057
0.047
0.058
0.054
0.058
0.057
0.054
0.053
0.053
0.057
0.181
0.046
0.054
0.05
0.049
0.048
0.05
0.047
0.054
0.059
0.055
0.057
0.056
0.058
0.054
0.05
0.065
0.049
0.053
0.048
0.048
0.049
0.05
0.057
0.054
0.055
0.054
0.057
0.053
0.056
0.055
0.048
0.048
0.047
0.048
0.048
0.054
0.054
0.052
0.048
0.137
0.058
0.054
0.054
0.055
0.052
0.051
0.048
0.05
0.375
0.087
0.08
0.068
0.077
0.071
0.125
0.083
0.077
0.085
0.08
0.06
0.174
0.05
0.047
0.05
0.047
0.056
0.054
0.048
0.05
0.049
0.051
0.056
0.076
0.055
0.049
0.048
0.046
0.152
0.047
0.052
0.047
0.052
0.054
0.056
0.057
0.055
0.059
0.053
0.054
0.058
0.054
0.057
0.054
0.057
0.061
0.058
0.064
0.075
0.069
0.065
0.051
0.054
0.047
0.046
0.049
0.049
0.051
0.048
0.051
0.051
0.052
0.053
0.047
0.052
0.05
0.047
0.049
0.048
0.094
0.053
0.05
0.051
0.06
0.055
0.081
0.055
0.048
0.055
0.05
0.049
0.054
0.057
0.055
0.049
0.047
0.048
0.055
0.059
0.056
0.048
0.048
0.051
0.048
0.05
0.048
0.046
0.049
0.048
0.048
0.051
0.047
0.06
0.055
0.056
0.055
0.057
0.053
0.056
0.047
0.049
0.052
0.053
0.054
0.053
0.056
0.056
0.053
0.057
0.054
0.056
0.054
0.053
0.05
0.049
0.048
0.051
0.049
0.051
0.047
0.049
0.046
0.046
0.05
0.041
0.057
0.056
0.055
0.06
0.056
0.054
0.054
0.058
0.055
0.057
0.054
0.047
0.047
0.052
0.047
0.048
0.051
0.046
0.055
0.049
0.047
0.056
0.06
0.058
0.054
0.058
0.054
0.058
0.054
0.042
0.041
0.04
0.041
0.04
0.044
0.04
0.045
0.041
0.055
0.047
0.048
0.051
0.05
0.051
0.048
0.047
0.048
0.058
0.057
0.053
0.057
0.054
0.056
0.054
0.071
0.057
0.056
0.058
0.055
0.061
0.057
0.055
0.059
0.055
0.055
0.075
0.056
0.059
0.149
0.043
0.054
0.049
0.049
0.048
0.049
0.041
0.043
0.05
0.049
0.042
0.042
0.045
0.049
0.123
0.045
0.041
0.043
0.04
0.12
0.062
0.051
0.05
0.05
0.049
0.135
0.06
0.059
0.058
0.056
0.054
0.143
0.059
0.056
0.052
0.059
0.057
0.055
0.058
0.055
0.056
0.059
0.056
0.055
0.055
0.058
0.056
0.056
0.056
0.057
0.055
0.057
0.05
0.051
0.051
0.12
0.05
0.052
0.056
0.055
0.058
0.057
0.055
0.056
0.058
0.054
0.057
0.055
0.055
0.182
0.057
0.055
0.059
0.055
0.058
0.055
0.055
0.073
0.062
0.056
0.055
0.055
0.055
0.056
0.056
0.066
0.056
0.053
0.05
0.048
0.379
0.147
0.093
0.087
0.088
0.094
0.088
0.086
0.067
0.072
0.065
0.065
0.07
0.226
0.077
0.079
0.082
0.075
0.076
0.076
0.093
0.077
0.078
0.128
0.08
0.08
0.26
0.088
0.085
0.098
0.087
0.089
0.085
0.075
0.076
0.091
0.073
0.074
0.078
0.073
0.076
0.074
0.089
0.092
0.085
0.089
0.128
0.092
0.086
0.068
0.064
0.065
0.088
0.085
0.087
0.086
0.087
0.064
0.066
0.065
0.066
0.172
0.065
0.075
0.102
0.075
0.075
0.077
0.074
0.079
0.083
0.092
0.085
0.084
0.083
0.089
0.088
0.086
0.092
0.087
0.095
0.087
0.084
0.088
0.085
0.09
0.328
0.076
0.082
0.194
0.085
0.119
0.075
0.083
0.09
0.085
0.085
0.085
0.084
0.083
0.086
0.085
0.085
0.063
0.071
0.065
0.062
0.071
0.064
0.191
0.077
0.09
0.092
0.095
0.094
0.096
0.091
0.079
0.079
0.075
0.076
0.08
0.086
0.1
0.084
0.087
0.082
0.086
0.085
0.095
0.094
0.21
0.121
0.099
0.09
0.09
0.085
0.088
0.085
0.087
0.085
0.087
0.084
0.087
0.086
0.085
0.092
0.113
0.089
0.089
0.085
0.087
0.085
0.083
0.076
0.077
0.077
0.072
0.074
0.075
0.087
0.088
0.093
0.085
0.088
0.087
0.089
0.114
0.083
0.086
0.088
0.086
0.086
0.088
0.085
0.087
0.088
0.087
0.087
0.563
0.213
0.128
0.134
0.082
0.276
0.045
0.049
0.045
0.049
0.052
0.046
0.048
0.049
0.211
0.061
0.078
0.109
0.058
0.058
0.055
0.062
0.056
0.056
0.045
0.048
0.048
0.047
0.054
0.054
0.12
0.08
0.058
0.13
0.059
0.055
0.058
0.04
0.057
0.058
0.054
0.054
0.058
0.085
0.056
0.054
0.061
0.055
0.057
0.056
0.053
0.056
0.057
0.053
0.055
0.04
0.041
0.04
0.041
0.041
0.041
0.039
0.048
0.058
0.055
0.056
0.055
0.056
0.059
0.056
0.057
0.055
0.056
0.055
0.056
0.058
0.067
0.06
0.06
0.068
0.074
0.063
0.054
0.053
0.054
0.053
0.053
0.058
0.056
0.057
0.054
0.057
0.054
0.053
0.055
0.054
0.056
0.054
0.056
0.055
0.058
0.056
0.058
0.054
0.056
0.042
0.048
0.047
0.046
0.055
0.046
0.087
0.051
0.055
0.061
0.055
0.054
0.051
0.059
0.06
0.054
0.061
0.062
0.056
0.042
0.055
0.053
0.058
0.055
0.055
0.054
0.094
0.06
0.053
0.046
0.057
0.054
0.048
0.049
0.048
0.046
0.048
0.048
0.048
0.055
0.047
0.057
0.056
0.053
0.053
0.053
0.054
0.055
0.057
0.054
0.077
0.073
0.059
0.049
0.06
0.07
0.096
0.061
0.065
0.062
0.063
0.219
0.07
0.062
0.062
0.067
0.061
0.059
0.065
0.053
0.058
0.057
0.06
0.06
0.057
0.059
0.058
0.057
0.059
0.056
0.06
0.058
0.059
0.057
0.061
0.058
0.055
0.046
0.063
0.056
0.056
0.064
0.056
0.058
0.052
0.045
0.05
0.052
0.048
0.051
0.052
0.063
0.053
0.054
0.058
0.062
0.046
0.05
0.044
0.059
0.059
0.057
0.061
0.069
0.058
0.061
0.058
0.057
0.062
0.058
0.083
0.053
0.05
0.053
0.053
0.052
0.055
0.051
0.051
0.053
0.044
0.062
0.063
0.059
0.061
0.06
0.063
0.074
0.058
0.061
0.059
0.057
0.059
0.043
0.045
0.046
0.043
0.062
0.058
0.047
0.044
0.046
0.071
0.059
0.115
0.061
0.158
0.062
0.053
0.063
0.06
0.064
0.062
0.205
0.067
0.07
0.067
0.071
0.067
0.06
0.054
0.066
0.058
0.066
0.06
0.063
0.059
0.078
0.061
0.061
0.065
0.063
0.06
0.062
0.061
0.064
0.06
0.06
0.062
0.059
0.062
0.06
0.062
0.063
0.052
0.051
0.052
0.052
0.052
0.122
0.074
0.055
0.053
0.064
0.061
0.06
0.062
0.062
0.059
0.06
0.063
0.058
0.063
0.06
0.063
0.06
0.063
0.063
0.066
0.061
0.209
0.064
0.06
0.055
0.052
0.056
0.054
0.081
0.067
0.06
0.058
0.059
0.062
0.064
0.064
0.062
0.064
0.06
0.062
0.059
0.062
0.065
0.063
0.06
0.061
0.061
0.055
0.052
0.056
0.053
0.054
0.06
0.06
0.062
0.06
0.06
0.06
0.063
0.218
0.067
0.067
0.072
0.061
0.053
0.064
0.053
0.057
0.052
0.059
0.053
0.053
0.06
0.059
0.059
0.061
0.068
0.06
0.061
0.059
0.059
0.07
0.062
0.064
0.059
0.194
0.132
0.068
0.065
0.063
0.169
0.066
0.06
0.18
0.059
0.063
0.06
0.079
0.06
0.061
0.217
0.069
0.057
0.054
0.054
0.054
0.054
0.071
0.054
0.058
0.183
0.062
0.073
0.076
0.056
0.062
0.061
0.062
0.063
0.062
0.064
0.06
0.064
0.059
0.063
0.059
0.064
0.062
0.061
0.061
0.066
0.064
0.054
0.059
0.055
0.06
0.058
0.06
0.091
0.054
0.052
0.063
0.06
0.065
0.056
0.052
0.053
0.052
0.052
0.052
0.053
0.058
0.056
0.06
0.056
0.062
0.064
0.062
0.06
0.064
0.053
0.054
0.055
0.054
0.053
0.054
0.053
0.139
0.053
0.072
0.064
0.06
0.059
0.06
0.166
0.065
0.061
0.089
0.062
0.063
0.064
0.062
0.062
0.062
0.06
0.061
0.062
0.058
0.059
0.062
0.058
0.06
0.062
0.06
0.064
0.06
0.061
0.06
0.059
0.06
0.059
0.051
0.061
0.06
0.061
0.059
0.06
0.062
0.059
0.06
0.059
0.06
0.064
0.062
0.061
0.061
0.055
0.063
0.06
0.078
0.061
0.053
0.062
0.058
0.101
0.063
0.06
0.063
0.06
0.06
0.063
0.06
0.062
0.059
0.066
0.059
0.062
0.072
0.064
0.283
0.094
0.109
0.084
0.068
0.067
0.166
0.055
0.056
0.059
0.056
0.055
0.068
0.063
0.062
0.063
0.06
0.061
0.071
0.141
0.065
0.063
0.059
0.071
0.069
0.067
0.062
0.067
0.1
0.092
0.065
0.064
0.066
0.064
0.066
0.064
0.066
0.064
0.061
0.05
0.056
0.056
0.059
0.049
0.048
0.057
0.1
0.062
0.057
0.057
0.057
0.054
0.058
0.054
0.06
0.055
0.06
0.076
0.058
0.097
0.074
0.065
0.068
0.063
0.068
0.066
0.064
0.087
0.072
0.054
0.054
0.052
0.048
0.047
0.05
0.048
0.047
0.052
0.046
0.049
0.074
0.059
0.06
0.057
0.059
0.056
0.058
0.056
0.051
0.047
0.155
0.046
0.159
0.057
0.054
0.062
0.179
0.056
0.054
0.052
0.048
0.06
0.053
0.112
0.055
0.055
0.056
0.201
0.099
0.351
0.056
0.059
0.057
0.054
0.055
0.07
0.055
0.057
0.055
0.053
0.053
0.053
0.057
0.054
0.054
0.054
0.059
0.055
0.058
0.057
0.054
0.054
0.198
0.06
0.059
0.062
0.054
0.061
0.058
0.056
0.053
0.055
0.076
0.056
0.057
0.054
0.055
0.055
0.055
0.057
0.047
0.061
0.054
0.055
0.063
0.06
0.06
0.061
0.061
0.063
0.062
0.057
0.058
0.053
0.057
0.055
0.054
0.056
0.077
0.128
0.05
0.047
0.05
0.049
0.048
0.051
0.047
0.047
0.053
0.057
0.054
0.055
0.054
0.054
0.059
0.054
0.053
0.056
0.054
0.055
0.053
0.056
0.055
0.061
0.056
0.057
0.054
0.057
0.055
0.056
0.054
0.132
0.054
0.055
0.054
0.053
0.054
0.055
0.166
0.055
0.054
0.057
0.054
0.055
0.053
0.057
0.053
0.062
0.06
0.062
0.062
0.064
0.061
0.125
0.149
0.065
0.055
0.05
0.054
0.052
0.056
0.055
0.059
0.054
0.059
0.054
0.106
0.057
0.057
0.056
0.057
0.055
0.054
0.057
0.055
0.051
0.048
0.05
0.048
0.063
0.059
0.055
0.057
0.054
0.055
0.055
0.054
0.054
0.135
0.047
0.159
0.057
0.177
0.184
0.061
0.061
0.053
0.064
0.053
0.056
0.06
0.054
0.054
0.054
0.058
0.065
0.055
0.054
0.056
0.054
0.113
0.079
0.056
0.06
0.055
0.054
0.061
0.055
0.06
0.062
0.061
0.065
0.053
0.058
0.063
0.061
0.062
0.063
0.062
0.063
0.061
0.063
0.055
0.055
0.055
0.059
0.058
0.071
0.068
0.086
0.089
0.077
0.061
0.055
0.056
0.057
0.058
0.057
0.053
0.058
0.075
0.056
0.057
0.054
0.057
0.063
0.054
0.063
0.054
0.057
0.054
0.058
0.055
0.059
0.054
0.055
0.054
0.057
0.054
0.057
0.055
0.065
0.064
0.062
0.067
0.067
0.062
0.061
0.062
0.118
0.055
0.177
0.058
0.054
0.056
0.057
0.053
0.054
0.052
0.057
0.179
0.065
0.086
0.056
0.053
0.058
0.054
0.056
0.054
0.054
0.058
0.075
0.124
0.057
0.057
0.054
0.056
0.056
0.063
0.098
0.054
0.056
0.057
0.058
0.053
0.056
0.055
0.064
0.061
0.063
0.062
0.056
0.341
0.083
0.069
0.069
0.074
0.075
0.074
0.075
0.08
0.074
0.531
0.068
0.056
0.056
0.06
0.056
0.058
0.059
0.054
0.061
0.053
0.053
0.057
0.053
0.054
0.135
0.079
0.076
0.056
0.055
0.146
0.055
0.057
0.056
0.056
0.062
0.055
0.057
0.065
0.053
0.054
0.056
0.055
0.054
0.065
0.06
0.063
0.06
0.063
0.056
0.054
0.062
0.053
0.056
0.062
0.056
0.06
0.061
0.063
0.067
0.057
0.053
0.058
0.054
0.061
0.057
0.055
0.073
0.055
0.057
0.055
0.067
0.063
0.062
0.062
0.063
0.061
0.064
0.068
0.061
0.064
0.061
0.062
0.062
0.057
0.056
0.172
0.054
0.057
0.054
0.053
0.055
0.056
0.077
0.056
0.054
0.056
0.065
0.055
0.056
0.046
0.047
0.112
0.047
0.05
0.108
0.049
0.048
0.062
0.054
0.057
0.065
0.049
0.048
0.047
0.047
0.046
0.05
0.048
0.059
0.054
0.053
0.055
0.206
0.107
0.117
0.102
0.104
0.141
0.057
0.055
0.047
0.058
0.048
0.054
0.055
0.056
0.081
0.15
0.089
0.085
0.096
0.077
0.073
0.087
0.11
0.088
0.09
0.099
0.089
0.09
0.088
0.092
0.09
0.079
0.078
0.076
0.079
0.079
0.074
0.085
0.078
0.077
0.088
0.091
0.092
0.088
0.106
0.09
0.097
0.146
0.109
0.098
0.085
0.088
0.084
0.082
0.087
0.08
0.086
0.09
0.139
0.098
0.099
0.09
0.098
0.095
0.097
0.094
0.096
0.091
0.093
0.093
0.096
0.095
0.125
0.107
0.098
0.099
0.113
0.098
0.1
0.228
0.102
0.091
0.095
0.094
0.092
0.096
0.093
0.118
0.1
0.094
0.098
0.109
0.069
0.067
0.07
0.119
0.134
0.104
0.126
0.121
0.063
0.062
0.062
0.061
0.078
0.063
0.054
0.056
0.053
0.054
0.056
0.052
0.052
0.055
0.069
0.07
0.072
0.069
0.067
0.067
0.07
0.054
0.072
0.069
0.07
0.091
0.09
0.056
0.072
0.059
0.06
0.073
0.107
0.135
0.067
0.069
0.07
0.056
0.063
0.054
0.069
0.054
0.071
0.064
0.062
0.056
0.062
0.055
0.055
0.052
0.052
0.067
0.079
0.064
0.065
0.059
0.06
0.063
0.06
0.055
0.053
0.053
0.057
0.051
0.057
0.057
0.053
0.052
0.051
0.052
0.053
0.069
0.111
0.069
0.071
0.067
0.066
0.069
0.068
0.068
0.069
0.069
0.069
0.068
0.067
0.06
0.052
0.052
0.055
0.052
0.052
0.052
0.055
0.17
0.061
0.061
0.059
0.058
0.058
0.064
0.089
0.062
0.067
0.06
0.066
0.06
0.063
0.059
0.06
0.057
0.09
0.154
0.116
0.105
0.067
0.062
0.06
0.062
0.059
0.071
0.069
0.051
0.056
0.064
0.059
0.056
0.06
0.059
0.057
0.059
0.079
0.058
0.058
0.062
0.059
0.059
0.062
0.058
0.061
0.058
0.056
0.054
0.062
0.052
0.069
0.058
0.058
0.057
0.058
0.068
0.065
0.064
0.063
0.069
0.061
0.058
0.047
0.047
0.048
0.048
0.049
0.047
0.048
0.058
0.047
0.047
0.05
0.062
0.047
0.049
0.046
0.055
0.053
0.049
0.05
0.047
0.049
0.048
0.053
0.057
0.056
0.05
0.093
0.055
0.064
0.053
0.053
0.057
0.053
0.057
0.062
0.06
0.064
0.062
0.063
0.061
0.063
0.054
0.054
0.055
0.054
0.052
0.057
0.055
0.054
0.062
0.06
0.06
0.061
0.063
0.056
0.058
0.054
0.057
0.057
0.054
0.057
0.054
0.059
0.048
0.047
0.048
0.047
0.062
0.047
0.051
0.051
0.048
0.059
0.088
0.058
0.053
0.054
0.058
0.053
0.055
0.05
0.054
0.057
0.048
0.155
0.053
0.047
0.048
0.047
0.047
0.053
0.056
0.055
0.054
0.076
0.057
0.055
0.055
0.053
0.057
0.053
0.055
0.059
0.201
0.065
0.061
0.062
0.06
0.064
0.061
0.061
0.053
0.054
0.054
0.059
0.054
0.056
0.054
0.058
0.053
0.061
0.061
0.064
0.06
0.106
0.066
0.061
0.041
0.057
0.061
0.064
0.046
0.215
0.06
0.103
0.161
0.075
0.061
0.471
0.063
0.051
0.051
0.05
0.048
0.048
0.047
0.156
0.047
0.042
0.045
0.041
0.041
0.04
0.056
0.057
0.056
0.059
0.054
0.054
0.057
0.055
0.06
0.068
0.061
0.06
0.064
0.066
0.061
0.062
0.063
0.061
0.045
0.055
0.075
0.055
0.057
0.055
0.056
0.054
0.049
0.061
0.055
0.055
0.059
0.088
0.054
0.058
0.054
0.059
0.058
0.053
0.062
0.067
0.061
0.06
0.054
0.057
0.055
0.055
0.058
0.053
0.057
0.055
0.053
0.064
0.061
0.06
0.063
0.06
0.044
0.057
0.054
0.053
0.055
0.054
0.055
0.055
0.052
0.062
0.058
0.054
0.052
0.053
0.055
0.055
0.057
0.055
0.045
0.05
0.059
0.058
0.054
0.055
0.054
0.055
0.052
0.054
0.055
0.057
0.054
0.055
0.06
0.063
0.053
0.055
0.054
0.053
0.054
0.041
0.049
0.04
0.051
0.049
0.039
0.047
0.041
0.048
0.05
0.054
0.047
0.053
0.054
0.056
0.047
0.054
0.05
0.047
0.048
0.051
0.047
0.048
0.049
0.057
0.056
0.056
0.053
0.054
0.054
0.054
0.057
0.054
0.048
0.047
0.046
0.046
0.047
0.048
0.047
0.05
0.054
0.073
0.054
0.058
0.054
0.056
0.053
0.056
0.056
0.063
0.052
0.056
0.052
0.056
0.059
0.046
0.052
0.047
0.049
0.047
0.139
0.048
0.048
0.149
0.121
0.053
0.056
0.053
0.053
0.055
0.053
0.055
0.049
0.047
0.05
0.048
0.049
0.061
0.062
0.063
0.06
0.054
0.06
0.063
0.06
0.064
0.041
0.161
0.056
0.061
0.061
0.06
0.06
0.06
0.064
0.066
0.062
0.06
0.053
0.052
0.056
0.054
0.055
0.049
0.041
0.064
0.041
0.043
0.042
0.04
0.055
0.061
0.054
0.059
0.055
0.062
0.057
0.055
0.058
0.055
0.054
0.057
0.055
0.057
0.053
0.054
0.055
0.057
0.055
0.058
0.058
0.054
0.063
0.055
0.058
0.057
0.057
0.057
0.056
0.062
0.064
0.054
0.056
0.055
0.062
0.055
0.065
0.062
0.064
0.061
0.186
0.062
0.058
0.055
0.139
0.043
0.047
0.054
0.052
0.05
0.054
0.052
0.063
0.051
0.049
0.049
0.059
0.049
0.058
0.051
0.049
0.057
0.059
0.061
0.048
0.065
0.056
0.056
0.057
0.056
0.071
0.081
0.058
0.061
0.066
0.055
0.066
0.068
0.066
0.066
0.062
0.191
0.064
0.063
0.064
0.063
0.064
0.063
0.063
0.06
0.065
0.065
0.067
0.063
0.067
0.064
0.08
0.068
0.063
0.064
0.06
0.057
0.06
0.058
0.058
0.057
0.06
0.057
0.066
0.069
0.058
0.058
0.057
0.059
0.201
0.062
0.065
0.064
0.079
0.062
0.068
0.07
0.063
0.065
0.069
0.065
0.078
0.056
0.058
0.075
0.062
0.057
0.054
0.05
0.05
0.049
0.05
0.053
0.051
0.05
0.059
0.056
0.056
0.061
0.059
0.058
0.056
0.05
0.056
0.058
0.056
0.058
0.057
0.057
0.05
0.05
0.049
0.049
0.051
0.064
0.068
0.063
0.067
0.063
0.062
0.068
0.063
0.057
0.052
0.058
0.054
0.064
0.064
0.064
0.066
0.073
0.052
0.052
0.108
0.055
0.052
0.053
0.055
0.051
0.067
0.054
0.065
0.06
0.057
0.046
0.045
0.045
0.045
0.044
0.066
0.086
0.065
0.067
0.068
0.072
0.067
0.067
0.197
0.065
0.053
0.059
0.067
0.068
0.06
0.058
0.062
0.059
0.062
0.12
0.08
0.071
0.057
0.065
0.058
0.065
0.073
0.071
0.077
0.061
0.071
0.081
0.069
0.077
0.075
0.071
0.051
0.131
0.061
0.059
0.058
0.078
0.06
0.062
0.065
0.071
0.07
0.07
0.069
0.067
0.07
0.066
0.08
0.064
0.061
0.061
0.062
0.062
0.061
0.06
0.06
0.062
0.079
0.06
0.061
0.06
0.059
0.065
0.065
0.061
0.208
0.046
0.045
0.044
0.047
0.046
0.046
0.044
0.056
0.059
0.06
0.068
0.069
0.07
0.071
0.068
0.072
0.068
0.086
0.066
0.11
0.077
0.308
0.457
0.142
0.093
0.127
0.112
0.108
0.067
0.074
0.065
0.065
0.106
0.059
0.059
0.062
0.082
0.066
0.063
0.061
0.062
0.065
0.06
0.06
0.063
0.06
0.065
0.071
0.07
0.072
0.07
0.073
0.059
0.054
0.057
0.052
0.053
0.056
0.068
0.068
0.071
0.067
0.068
0.073
0.067
0.077
0.168
0.146
0.145
0.065
0.081
0.062
0.07
0.065
0.07
0.069
0.068
0.065
0.255
0.063
0.048
0.047
0.046
0.048
0.057
0.054
0.054
0.057
0.055
0.054
0.054
0.053
0.055
0.055
0.055
0.054
0.057
0.066
0.06
0.062
0.063
0.062
0.062
0.066
0.061
0.064
0.067
0.153
0.063
0.065
0.062
0.064
0.062
0.062
0.064
0.064
0.07
0.055
0.053
0.055
0.055
0.054
0.055
0.054
0.055
0.061
0.066
0.065
0.065
0.062
0.064
0.061
0.064
0.062
0.062
0.062
0.062
0.07
0.072
0.068
0.094
0.075
0.07
0.061
0.062
0.061
0.112
0.064
0.065
0.062
0.062
0.063
0.066
0.063
0.068
0.064
0.067
0.064
0.065
0.065
0.079
0.074
0.057
0.059
0.189
0.058
0.069
0.082
0.073
0.077
0.072
0.072
0.072
0.07
0.073
0.066
0.063
0.062
0.066
0.062
0.068
0.056
0.063
0.063
0.061
0.145
0.075
0.076
0.066
0.072
0.067
0.071
0.137
0.094
0.142
0.083
0.084
0.062
0.063
0.083
0.086
0.078
0.055
0.058
0.054
0.056
0.079
0.078
0.091
0.055
0.084
0.082
0.077
0.08
0.098
0.152
0.084
0.082
0.08
0.067
0.068
0.067
0.063
0.048
0.143
0.048
0.049
0.054
0.07
0.067
0.063
0.088
0.055
0.061
0.057
0.056
0.061
0.057
0.06
0.065
0.066
0.064
0.072
0.057
0.066
0.214
0.063
0.071
0.065
0.067
0.063
0.066
0.063
0.07
0.066
0.069
0.062
0.064
0.066
0.063
0.095
0.067
0.053
0.122
0.051
0.047
0.051
0.046
0.137
0.138
0.175
0.058
0.06
0.055
0.057
0.117
0.064
0.148
0.209
0.247
0.072
0.074
0.076
0.071
0.056
0.056
0.055
0.055
0.069
0.063
0.067
0.074
0.06
0.068
0.061
0.06
0.063
0.061
0.079
0.062
0.064
0.075
0.072
0.089
0.071
0.068
0.076
0.067
0.073
0.218
0.068
0.066
0.074
0.063
0.059
0.061
0.059
0.061
0.065
0.063
0.051
0.067
0.062
0.062
0.066
0.062
0.062
0.061
0.062
0.061
0.062
0.054
0.06
0.065
0.06
0.068
0.062
0.062
0.068
0.062
0.094
0.064
0.062
0.064
0.061
0.064
0.065
0.063
0.061
0.061
0.061
0.118
0.066
0.069
0.062
0.065
0.066
0.092
0.099
0.093
0.095
0.105
0.096
0.094
0.07
0.083
0.065
0.068
0.063
0.063
0.063
0.118
0.216
0.118
0.156
0.061
0.078
0.057
0.057
0.054
0.052
0.054
0.055
0.057
0.051
0.051
0.055
0.061
0.053
0.05
0.052
0.057
0.055
0.052
0.057
0.055
0.053
0.054
0.05
0.047
0.058
0.056
0.053
0.056
0.055
0.053
0.054
0.054
0.074
0.059
0.055
0.057
0.051
0.048
0.106
0.122
0.048
0.05
0.046
0.049
0.053
0.063
0.06
0.06
0.063
0.059
0.063
0.066
0.059
0.057
0.056
0.084
0.058
0.06
0.062
0.05
0.047
0.047
0.051
0.047
0.052
0.053
0.052
0.047
0.062
0.049
0.045
0.05
0.054
0.057
0.047
0.053
0.046
0.046
0.046
0.053
0.064
0.057
0.09
0.06
0.055
0.054
0.054
0.055
0.058
0.054
0.053
0.06
0.054
0.059
0.061
0.063
0.064
0.054
0.072
0.055
0.066
0.06
0.057
0.056
0.061
0.061
0.056
0.06
0.056
0.072
0.116
0.057
0.077
0.056
0.054
0.052
0.05
0.071
0.049
0.052
0.055
0.051
0.048
0.076
0.154
0.071
0.157
0.132
0.098
0.077
0.053
0.046
0.046
0.083
0.089
0.071
0.109
0.098
0.072
0.125
0.075
0.127
0.083
0.073
0.059
0.132
0.128
0.055
0.08
0.057
0.06
0.054
0.144
0.062
0.155
0.149
0.094
0.087
0.094
0.089
0.091
0.088
0.091
0.143
0.085
0.1
0.506
0.125
0.105
0.784
0.173
0.108
0.116
0.106
0.1
0.111
0.117
0.098
0.092
0.094
0.088
0.093
0.087
0.094
0.097
0.103
0.091
0.092
0.089
0.098
0.095
0.088
0.092
0.107
0.083
0.072
0.073
0.3
0.051
0.06
0.06
0.048
0.06
0.057
0.052
0.071
0.097
0.095
0.092
0.279
0.088
0.106
0.105
0.105
0.123
0.101
0.094
0.102
0.091
0.097
0.094
0.092
0.129
0.123
0.323
0.064
0.062
0.057
0.056
0.065
0.075
0.07
0.055
0.056
0.057
0.059
0.061
0.075
0.05
0.054
0.055
0.061
0.057
0.056
0.057
0.055
0.057
0.059
0.056
0.157
0.059
0.053
0.056
0.053
0.049
0.049
0.052
0.047
0.051
0.051
0.051
0.047
0.051
0.073
0.049
0.048
0.061
0.055
0.054
0.057
0.055
0.056
0.054
0.054
0.057
0.06
0.054
0.056
0.058
0.05
0.055
0.053
0.055
0.052
0.054
0.056
0.054
0.056
0.052
0.054
0.055
0.053
0.08
0.061
0.054
0.057
0.054
0.055
0.054
0.056
0.054
0.056
0.051
0.056
0.053
0.053
0.054
0.054
0.058
0.053
0.05
0.054
0.047
0.047
0.045
0.049
0.047
0.049
0.055
0.049
0.047
0.047
0.046
0.046
0.052
0.048
0.047
0.049
0.047
0.05
0.055
0.054
0.055
0.047
0.047
0.068
0.055
0.056
0.057
0.055
0.057
0.05
0.055
0.054
0.049
0.056
0.055
0.05
0.055
0.055
0.073
0.057
0.051
0.056
0.056
0.058
0.053
0.058
0.051
0.089
0.079
0.051
0.102
0.054
0.05
0.055
0.05
0.063
0.059
0.058
0.06
0.057
0.062
0.062
0.059
0.061
0.058
0.059
0.05
0.058
0.06
0.061
0.059
0.061
0.059
0.053
0.061
0.073
0.068
0.071
0.105
0.072
0.086
0.09
0.076
0.093
0.081
0.061
0.063
0.058
0.055
0.058
0.064
0.06
0.053
0.059
0.053
0.062
0.061
0.061
0.059
0.064
0.061
0.075
0.062
0.059
0.064
0.064
0.064
0.054
0.058
0.053
0.055
0.061
0.064
0.055
0.057
0.053
0.053
0.06
0.061
0.059
0.061
0.063
0.061
0.053
0.067
0.054
0.054
0.053
0.052
0.053
0.051
0.051
0.051
0.053
0.095
0.067
0.059
0.073
0.066
0.076
0.062
0.063
0.062
0.147
0.102
0.093
0.066
0.052
0.062
0.061
0.056
0.056
0.055
0.051
0.051
0.058
0.053
0.052
0.061
0.062
0.054
0.053
0.051
0.053
0.052
0.053
0.054
0.053
0.062
0.062
0.064
0.061
0.061
0.059
0.062
0.064
0.065
0.059
0.093
0.061
0.061
0.068
0.061
0.054
0.054
0.06
0.062
0.06
0.061
0.063
0.065
0.066
0.061
0.065
0.061
0.064
0.063
0.063
0.214
0.062
0.066
0.065
0.069
0.074
0.054
0.054
0.064
0.053
0.063
0.061
0.068
0.062
0.063
0.059
0.061
0.093
0.064
0.079
0.067
0.061
0.06
0.065
0.06
0.063
0.103
0.064
0.077
0.065
0.068
0.064
0.063
0.222
0.065
0.067
0.056
0.059
0.056
0.054
0.053
0.057
0.053
0.064
0.068
0.065
0.064
0.063
0.178
0.065
0.065
0.078
0.063
0.062
0.064
0.062
0.063
0.062
0.062
0.066
0.063
0.065
0.056
0.062
0.066
0.062
0.055
0.065
0.055
0.065
0.063
0.069
0.063
0.067
0.055
0.063
0.059
0.062
0.061
0.06
0.059
0.063
0.063
0.067
0.063
0.055
0.057
0.174
0.055
0.053
0.057
0.115
0.061
0.068
0.063
0.061
0.064
0.205
0.062
0.063
0.057
0.057
0.055
0.065
0.064
0.061
0.06
0.063
0.055
0.055
0.056
0.057
0.052
0.054
0.054
0.055
0.058
0.058
0.074
0.059
0.06
0.059
0.057
0.056
0.056
0.068
0.063
0.069
0.063
0.063
0.065
0.064
0.186
0.066
0.079
0.062
0.066
0.061
0.061
0.062
0.064
0.062
0.06
0.06
0.066
0.064
0.063
0.058
0.063
0.066
0.063
0.064
0.061
0.064
0.062
0.063
0.061
0.055
0.054
0.058
0.052
0.056
0.053
0.055
0.059
0.06
0.061
0.062
0.06
0.064
0.06
0.06
0.059
0.06
0.046
0.045
0.046
0.049
0.047
0.063
0.061
0.063
0.062
0.106
0.063
0.066
0.062
0.064
0.064
0.061
0.06
0.059
0.065
0.061
0.067
0.064
0.061
0.064
0.062
0.066
0.063
0.061
0.092
0.085
0.084
0.231
0.07
0.076
0.051
0.048
0.053
0.048
0.055
0.056
0.056
0.058
0.055
0.055
0.054
0.055
0.144
0.056
0.057
0.052
0.054
0.053
0.053
0.056
0.053
0.055
0.073
0.056
0.057
0.054
0.054
0.054
0.054
0.054
0.057
0.054
0.053
0.053
0.055
0.054
0.057
0.057
0.052
0.09
0.057
0.053
0.055
0.054
0.06
0.057
0.181
0.054
0.056
0.054
0.054
0.055
0.053
0.053
0.054
0.049
0.051
0.048
0.051
0.047
0.049
0.155
0.041
0.042
0.041
0.044
0.046
0.043
0.059
0.053
0.065
0.071
0.08
0.076
0.056
0.06
0.055
0.088
0.061
0.042
0.041
0.137
0.048
0.048
0.047
0.047
0.055
0.059
0.055
0.054
0.171
0.059
0.05
0.06
0.059
0.055
0.055
0.053
0.057
0.06
0.058
0.055
0.057
0.054
0.055
0.054
0.051
0.057
0.056
0.058
0.054
0.064
0.055
0.053
0.071
0.057
0.059
0.056
0.057
0.131
0.044
0.052
0.053
0.049
0.048
0.052
0.163
0.054
0.053
0.056
0.056
0.053
0.078
0.057
0.057
0.054
0.054
0.057
0.054
0.053
0.054
0.054
0.054
0.053
0.059
0.057
0.055
0.057
0.056
0.053
0.055
0.055
0.049
0.048
0.047
0.086
0.156
0.047
0.046
0.057
0.053
0.058
0.073
0.139
0.057
0.058
0.054
0.054
0.06
0.053
0.056
0.054
0.054
0.055
0.054
0.057
0.057
0.053
0.057
0.053
0.072
0.06
0.055
0.056
0.054
0.054
0.056
0.055
0.054
0.054
0.055
0.06
0.055
0.056
0.059
0.056
0.053
0.055
0.057
0.053
0.054
0.055
0.054
0.058
0.047
0.084
0.047
0.048
0.047
0.057
0.054
0.053
0.054
0.056
0.056
0.055
0.057
0.054
0.047
0.055
0.047
0.054
0.093
0.058
0.057
0.054
0.055
0.054
0.053
0.056
0.056
0.054
0.057
0.055
0.054
0.053
0.055
0.103
0.056
0.055
0.058
0.047
0.05
0.049
0.048
0.047
0.048
0.048
0.048
0.046
0.049
0.048
0.05
0.048
0.047
0.05
0.054
0.057
0.054
0.056
0.056
0.157
0.054
0.057
0.053
0.049
0.047
0.05
0.047
0.048
0.048
0.055
0.06
0.055
0.054
0.055
0.057
0.054
0.049
0.047
0.051
0.047
0.041
0.064
0.054
0.053
0.053
0.056
0.053
0.053
0.055
0.054
0.053
0.056
0.048
0.053
0.062
0.053
0.055
0.057
0.053
0.132
0.055
0.054
0.04
0.053
0.054
0.052
0.054
0.055
0.054
0.056
0.064
0.05
0.048
0.05
0.055
0.054
0.055
0.057
0.054
0.053
0.05
0.043
0.04
0.054
0.056
0.041
0.06
0.041
0.056
0.051
0.167
0.05
0.048
0.046
0.048
0.048
0.055
0.056
0.054
0.057
0.054
0.055
0.057
0.053
0.126
0.059
0.056
0.056
0.056
0.055
0.056
0.054
0.058
0.055
0.066
0.064
0.056
0.066
0.065
0.062
0.056
0.058
0.058
0.063
0.049
0.052
0.058
0.057
0.186
0.159
0.183
0.178
0.057
0.055
0.173
0.05
0.048
0.052
0.048
0.07
0.042
0.043
0.04
0.041
0.046
0.04
0.048
0.134
0.046
0.047
0.049
0.154
0.047
0.154
0.153
0.054
0.057
0.06
0.056
0.055
0.058
0.053
0.056
0.053
0.062
0.054
0.072
0.053
0.056
0.054
0.056
0.049
0.28
0.078
0.072
0.107
0.325
0.058
0.056
0.056
0.054
0.056
0.155
0.047
0.056
0.048
0.049
0.05
0.056
0.053
0.058
0.071
0.059
0.052
0.158
0.055
0.057
0.046
0.052
0.18
0.055
0.048
0.047
0.048
0.049
0.047
0.054
0.159
0.054
0.054
0.055
0.146
0.081
0.059
0.056
0.058
0.054
0.058
0.053
0.053
0.054
0.057
0.057
0.042
0.054
0.055
0.055
0.057
0.053
0.055
0.056
0.054
0.053
0.056
0.058
0.056
0.056
0.054
0.137
0.054
0.057
0.053
0.055
0.053
0.054
0.054
0.054
0.053
0.054
0.056
0.054
0.057
0.054
0.058
0.054
0.055
0.058
0.054
0.056
0.054
0.056
0.055
0.054
0.055
0.053
0.053
0.055
0.054
0.056
0.054
0.055
0.054
0.055
0.055
0.054
0.14
0.057
0.055
0.053
0.056
0.054
0.057
0.054
0.053
0.056
0.056
0.054
0.053
0.055
0.057
0.058
0.054
0.055
0.055
0.058
0.055
0.055
0.054
0.053
0.053
0.053
0.054
0.056
0.057
0.054
0.053
0.056
0.054
0.057
0.056
0.053
0.058
0.053
0.057
0.054
0.058
0.054
0.054
0.05
0.054
0.054
0.057
0.055
0.057
0.11
0.057
0.052
0.058
0.056
0.054
0.057
0.054
0.057
0.052
0.056
0.055
0.041
0.042
0.04
0.044
0.04
0.045
0.04
0.058
0.145
0.16
0.116
0.105
0.079
0.114
0.064
0.051
0.051
0.122
0.062
0.054
0.059
0.054
0.054
0.061
0.064
0.062
0.064
0.062
0.054
0.054
0.055
0.055
0.056
0.053
0.056
0.053
0.046
0.053
0.054
0.055
0.044
0.041
0.044
0.041
0.059
0.054
0.056
0.052
0.053
0.058
0.053
0.057
0.055
0.061
0.054
0.057
0.053
0.054
0.057
0.055
0.057
0.054
0.109
0.058
0.055
0.057
0.127
0.055
0.058
0.054
0.051
0.081
0.053
0.048
0.048
0.048
0.05
0.05
0.05
0.05
0.05
0.046
0.048
0.061
0.05
0.046
0.048
0.163
0.056
0.053
0.054
0.051
0.051
0.056
0.053
0.059
0.055
0.057
0.047
0.047
0.047
0.072
0.056
0.059
0.053
0.054
0.056
0.056
0.057
0.054
0.055
0.055
0.142
0.055
0.054
0.057
0.055
0.056
0.06
0.053
0.057
0.053
0.054
0.054
0.054
0.054
0.058
0.053
0.058
0.054
0.057
0.053
0.054
0.054
0.057
0.055
0.053
0.056
0.054
0.053
0.054
0.055
0.058
0.055
0.054
0.054
0.053
0.054
0.057
0.055
0.194
0.065
0.06
0.061
0.06
0.059
0.052
0.052
0.05
0.048
0.06
0.049
0.055
0.049
0.09
0.047
0.046
0.052
0.048
0.051
0.048
0.054
0.056
0.055
0.053
0.055
0.059
0.048
0.042
0.042
0.054
0.056
0.056
0.054
0.055
0.058
0.055
0.05
0.048
0.046
0.056
0.048
0.047
0.055
0.055
0.075
0.064
0.116
0.088
0.05
0.127
0.063
0.05
0.049
0.04
0.043
0.042
0.042
0.042
0.099
0.058
0.055
0.056
0.058
0.056
0.056
0.064
0.075
0.059
0.055
0.056
0.057
0.055
0.054
0.054
0.068
0.059
0.055
0.053
0.055
0.057
0.054
0.056
0.056
0.054
0.054
0.054
0.064
0.054
0.057
0.053
0.053
0.062
0.054
0.068
0.049
0.043
0.041
0.04
0.04
0.053
0.059
0.054
0.054
0.043
0.041
0.064
0.042
0.044
0.059
0.056
0.057
0.053
0.053
0.053
0.061
0.057
0.054
0.052
0.054
0.054
0.057
0.054
0.051
0.049
0.047
0.049
0.111
0.048
0.047
0.049
0.053
0.052
0.054
0.055
0.056
0.054
0.057
0.054
0.057
0.056
0.054
0.054
0.055
0.055
0.054
0.057
0.052
0.055
0.057
0.055
0.056
0.054
0.113
0.099
0.112
0.115
0.093
0.097
0.079
0.076
0.078
0.085
0.108
0.083
0.093
0.083
0.107
0.105
0.092
0.086
0.083
0.083
0.116
0.127
0.097
0.097
0.125
0.093
0.085
0.083
0.087
0.089
0.128
0.089
0.086
0.096
0.103
0.096
0.094
0.101
0.352
0.095
0.095
0.095
0.092
0.087
0.085
0.086
0.084
0.086
0.088
0.085
0.104
0.126
0.087
0.133
0.097
0.086
0.106
0.086
0.086
0.086
0.085
0.113
0.092
0.085
0.097
0.09
0.439
0.091
0.068
0.06
0.056
0.072
0.251
0.046
0.055
0.064
0.059
0.055
0.057
0.054
0.054
0.056
0.049
0.073
0.094
0.085
0.071
0.073
0.079
0.071
0.052
0.049
0.07
0.049
0.051
0.048
0.05
0.051
0.047
0.049
0.051
0.048
0.047
0.049
0.05
0.05
0.047
0.05
0.049
0.047
0.049
0.047
0.047
0.054
0.056
0.068
0.065
0.052
0.067
0.057
0.055
0.057
0.061
0.064
0.061
0.067
0.062
0.057
0.068
0.059
0.073
0.055
0.058
0.049
0.06
0.054
0.054
0.056
0.057
0.058
0.058
0.073
0.054
0.053
0.056
0.041
0.041
0.039
0.058
0.059
0.054
0.048
0.047
0.05
0.063
0.062
0.06
0.06
0.063
0.059
0.109
0.077
0.075
0.053
0.055
0.053
0.053
0.07
0.054
0.052
0.053
0.056
0.053
0.057
0.057
0.061
0.056
0.058
0.058
0.063
0.057
0.053
0.057
0.054
0.052
0.055
0.053
0.053
0.048
0.046
0.09
0.046
0.048
0.048
0.041
0.043
0.042
0.042
0.04
0.039
0.04
0.076
0.055
0.075
0.053
0.059
0.052
0.055
0.058
0.053
0.055
0.053
0.067
0.162
0.119
0.059
0.055
0.054
0.054
0.054
0.051
0.047
0.047
0.046
0.047
0.047
0.046
0.047
0.053
0.053
0.051
0.055
0.053
0.052
0.055
0.052
0.052
0.055
0.054
0.057
0.054
0.056
0.053
0.052
0.055
0.052
0.056
0.053
0.053
0.054
0.053
0.053
0.052
0.052
0.055
0.053
0.053
0.053
0.058
0.052
0.052
0.055
0.062
0.047
0.046
0.049
0.046
0.047
0.045
0.048
0.046
0.045
0.059
0.053
0.053
0.052
0.055
0.054
0.053
0.054
0.052
0.055
0.052
0.056
0.052
0.054
0.053
0.052
0.053
0.054
0.053
0.054
0.053
0.052
0.052
0.045
0.048
0.047
0.046
0.048
0.046
0.046
0.046
0.046
