19.833
25.5
25.813
29.813
32.896
162.396
174.618
206.618
210.618
213.701
343.201
311.201
343.201
363.035
363.347
375.569
381.236
251.736
239.514
236.431
232.431
232.118
226.451
206.618
210.618
213.701
274.813
404.313
407.146
407.458
439.458
445.125
439.458
407.458
395.236
265.736
262.653
258.653
258.34
238.507
238.819
244.486
241.653
180.542
180.229
177.146
173.146
167.479
171.479
41.979
45.063
13.063
74.174
106.174
126.007
147.59
277.09
280.174
284.174
289.84
309.674
341.674
353.896
354.208
322.208
321.896
316.229
296.396
235.285
213.701
210.618
206.618
336.118
341.785
361.618
361.931
393.931
397.014
377.181
389.403
389.09
385.09
389.09
386.007
354.007
224.507
218.84
206.618
336.118
339.201
343.201
348.868
368.701
400.701
401.014
413.236
393.403
393.09
387.424
355.424
343.201
213.701
210.618
206.618
194.396
200.063
180.229
148.229
209.34
338.84
341.924
345.924
216.424
212.424
212.111
206.444
238.444
238.757
241.59
238.507
366.208
544.458
701.958
723.292
744.792
748.792
755.292
777.236
781.229
777.545
922.929
938.635
958.635
976.288
983.827
989.212
1001.712
1013.154
1016
1016.288
1135.827
1106.288
1117.571
1122.801
1120.186
1123.878
1067.468
947.929
977.468
977.179
974.333
970.641
988.949
983.718
980.026
950.487
939.205
819.667
816.821
816.532
811.301
792.994
822.224
886.878
1072.417
1088.417
1089.276
1091.122
1170.814
1216.917
1222.301
1295.827
1324.603
1406.449
1587.103
1592.526
1597.333
1602.564
1643.077
1637.077
1664.5
1681.34
1677.654
1697.5
1726.577
1722.885
1733.942
1714.096
1717.788
1737.481
1717.788
1572.404
1552.147
1434.269
1440.269
1275.731
1090.192
1089.333
1274.872
1339.526
1337.679
1338.538
1354.538
1356.385
1291.731
1275.731
1283.269
1340.75
1351.006
1424.532
1429.147
1445.173
1439.75
1259.096
1253.865
1249.058
1254.288
1434.942
1439.75
1445.173
1467.173
1503.788
1511.327
1526.327
1533.096
1539.096
1550.378
1552.994
1556.917
1576.917
1597.558
1565.375
1582.518
1588.804
1749.125
1755.804
1754.089
1754.887
1814.923
1814.125
1799.268
1827.982
1655.696
1657.411
1597.375
1601.089
1574.369
1506.095
1432.095
1508.095
1503.095
1460.286
1534.286
1458.286
1526.56
1553.28
1558.28
1568.982
1575.268
1593.839
1754.161
1772.702
1779.381
1773.095
1777.5
1804.929
1812.429
1805.75
1788.607
1793.464
1633.143
1785.929
1796.554
1813.696
1851.315
1824.315
1849.78
1865.417
1859.845
1849.577
1824.113
1805.827
1802.399
1805.827
1811.399
1773.78
1792.065
1776.429
1778.4
1904.4
1887.2
1896.783
1906.917
1925.983
1968.45
1974.683
1985.3
1999.594
2008.483
2013.211
2025.956
2043.261
2070.061
2083.928
2057.128
2075.806
2077.406
2073.939
1948.505
1947.005
1946.307
1893.776
1889.87
1885.464
1881.214
1734.432
1740.276
1755.276
1778.656
1784.156
1778.313
1763.313
1757.813
1617.531
1613.099
1599.698
1589.745
1573.521
1633.26
1627.417
1615.469
1625.422
1629.854
1635.698
1644.031
1660.255
1651.922
1665.323
1680.198
1684.448
1730.281
1733.281
1830.406
1830.984
1831.219
1855.219
1867.406
1871.656
1886
1918.917
1933.792
1999.885
2004.318
2016.635
1956.896
1952.464
1946.62
1938.286
1922.063
1912.109
1898.708
1914.932
1919.365
1925.208
1938.609
1950.557
1958.891
1968.844
1929.031
1946.906
2013.406
1995.531
2035.344
2025.844
2021.594
2021.359
1924.234
1923.656
1969.49
1945.49
1899.656
1896.656
1898.969
1901.969
1887.094
1891.344
1893.469
1909.656
1909.891
1933.891
1910.51
1911.484
1915.234
1934.603
1939.779
1934.279
1929.103
1914.985
1891.338
1895.279
2009.547
2027.057
2049.701
2051.113
2063.348
2046.868
2034.632
2033.221
2035.397
2038.221
2038.441
2129.853
2138.48
2138.26
2123.025
2127.025
2124.848
2122.025
2120.025
2129.392
2106.804
2063.667
2086.255
2075.01
2087.623
2072.353
2062.985
2057.485
2062.985
2055.142
2111.368
2107.196
2111.368
2107.368
2121.368
2129.211
2116.598
2131.868
2147.162
2169.75
2170.926
2175.338
2184.897
2075.426
2071.648
2063.5
2084.833
2071.611
2073.667
2071.611
2157.944
2161.722
2164.389
2143.056
2144.944
2144.736
2144.944
2070.649
1988.86
1986.333
2036.64
2031.719
2045.382
2052.399
2057.32
2061.053
2072.338
2061.053
2052.671
2048.939
2041.921
2050.303
2036.64
1986.333
2098.912
2150.579
2177.526
2262.693
2273.64
2277.219
2284.219
2289.14
2301.772
2314.974
2316.132
2198
2193.368
2192.548
2189.39
2196.127
2198.546
2191.054
2221.021
2274.221
2222.421
2169.221
2116.021
2101.721
2053.929
2078.429
2074.929
2093.633
2074.929
2092.196
2139.988
2171.838
2186.138
2193.738
2161.888
2160.188
2160
2235.088
2214.877
2211.298
2208.772
2212.351
2130.561
2132.509
2152.719
2150.772
2152.561
2081.6
2159.3
2159.488
2161.888
2135.554
2117.729
2144.063
2220.683
2238.508
2245.696
2234.75
2230.85
2233.25
2246.05
2225.095
2218.25
2308.25
2296.06
2299.774
2213.774
2229.963
2227.563
2231.108
2244.088
2254.808
2262.771
2254.808
2251.263
2255.938
2249.271
2255.938
2242.958
2195.167
2184.446
2179.771
2227.563
2241.7
2253.542
2256.892
2255.042
2257.442
2260.842
2259.142
2259.329
2240.129
2203.463
2237.645
2237.447
2276.044
2272.465
2292.675
2290.149
2292.096
2373.886
2375.675
2364.728
2361.202
2476.815
2480.627
2479.216
2484.716
2498.833
2497.539
2483.422
2505.426
2499.926
2367.897
2369.191
2312.966
2314.304
2299.034
2175.25
2180.444
2171.597
2159.685
2167.093
2161.898
2215
2211.06
2222.972
2345.892
2361.162
2358.985
2356.985
2352.985
2352.765
2330.176
2327.353
2235.941
2192.804
2194.804
2195.025
2197.201
2212.436
2130.264
2134.042
2155.375
2158.042
2122.653
2063.542
2047.653
2026.319
2102.377
2100.201
2104.201
2104.422
2107.245
2109.422
2107.422
2107.201
2104.377
2118.377
2114.377
2136.966
2228.377
2145.319
2130.931
2119.019
2115.079
2061.977
2056.782
2049.375
2154.657
2153.319
2166.819
2178.289
2182.289
2244.495
2256.088
2242.088
2237.917
2268.897
2273.069
2269.069
2283.069
2269.569
2258.098
2195.892
2164.912
2153.319
2153.863
2074.944
2075.153
2069.958
2148.583
2134.583
2138.583
2115.995
2115.775
2085.657
2177.069
2182.245
2090.833
2093.657
2079.539
2076.716
2054.711
2052.534
2075.123
2071.123
2085.123
2077.593
2019.848
2025.348
1899.525
2031.554
2061.672
2049.436
2077.436
2116.554
2139.142
2160.113
2174.23
2159.475
2174.23
2170.23
2075.044
2088.642
2087.348
2098.897
2101.956
2094.132
2116.721
2110.544
2095.25
2221.074
2233.686
2237.686
2111.863
2150.294
2157.088
2165.838
2180.897
2203.485
2215.495
2230.765
2227.137
2233.314
2229.314
2232.941
2217.672
2259.051
2358.94
2376.532
2368.269
2382.713
2361.38
2353.231
2338.324
2333.991
2331.157
2335.491
2321.046
2352.907
2354.796
2357.63
2372.074
2444.137
2459.922
2457.922
2362.111
2359.444
2359.236
2355.458
2314.718
2301.495
2345.466
2344.922
2322.333
2317.157
2303.039
2171.01
2303.039
2308.216
2302.716
2316.833
2322.333
2334.343
2338.461
2342.961
2253.537
2267.981
2276.245
2381.245
2369.903
2375.347
2270.347
2266.458
2275.486
2270.042
2261.014
2248.264
2233.819
2225.556
2313.333
2325.946
2328.348
2309.721
2316.515
2287.708
2316.153
2333.745
2370.042
2401.224
2421.434
2415.355
2404.07
2369.684
2356.211
2200.289
2189.544
2169.333
2189.963
2104.829
2004.495
2001.829
2004.495
2018.718
1989.458
1884.458
1943.569
1929.347
1933.681
1925.694
1933.681
1929.347
1909.542
1856.44
1975.273
1948.051
2001.153
2015.486
2048.782
2133.917
2100.62
2081.435
2096.065
2087.62
2108.62
2129.403
2108.62
2127.806
2041.605
2061.816
2026.816
2013.614
2008.982
2004.061
1991.43
2003.009
1884.877
1872.711
1852.5
1849.763
1831
1840.553
1846.386
1865.149
1878.351
1889.298
1864.246
1867.825
1857.491
1869.658
1801.775
1776.175
1825.258
1858.508
2006.633
1973.967
1958.133
1868.233
1893.833
1983.733
1977.958
1988.167
1998.888
1973.288
1921.224
1941.434
1975.82
1981.899
1961.689
1959.539
1948.254
1964.921
1961.395
1964.921
1950.039
1964.921
1977.386
1964.921
1953.956
1946.939
1959.57
1956.412
1917.083
1866.776
1921.601
1960.93
2011.237
2018.254
2013.096
2018.254
2073.912
2086.439
2076.175
2088.254
2098.627
2102.36
2130.079
2126.5
2136.763
2140.342
2129.969
2074.311
2062.232
2049.706
2021.987
2018.254
2012.175
1917.544
1969.792
2059.692
2034.092
2023.371
1875.246
1891.079
1858.413
1869.133
1881.933
1892.142
1898.542
1904.317
1894.108
1926.775
1907.575
1891.742
1930.388
1912.464
1916.917
1925.56
1957.226
1946.75
1938.107
1948.583
1943.306
1952.591
2042.591
2073.702
2081.286
2155.286
2118.48
2114.028
2118.48
2057.318
2081.286
2099.571
2123.952
2135.897
2158.563
2168.468
2158.563
2260.421
2242.135
2195.389
2163.722
2195.389
2242.135
2231.127
2219.183
2202.206
2279.262
2276.024
2364.225
2364.413
2454.313
2456.713
2467.796
2468.258
2500.925
2520.125
2485.738
2473.548
2483.27
2507.651
2497.929
2466.817
2472.317
2331.246
2325.151
2319.651
2309.44
2335.013
2345.733
2329.9
2360.024
2375.103
2378.675
2381.913
2382.722
2386.365
2404.46
2400.008
2326.008
2330.46
2404.46
2409.718
2491.558
2472.658
2396.038
2383.238
2401.063
2294.113
2296.513
2294.113
2290.213
2277.046
2371.546
2448.167
2474.5
2481.688
2485.588
2472.688
2485.588
2498.388
2491.2
2494.7
2441.5
2411.533
2394.267
2346.475
2327.771
2335.263
2383.054
2400.321
2392.901
2443.567
2420.234
2494.234
2499.492
2495.04
2499.492
2494.234
2420.234
2451.901
2462.377
2453.734
2443.258
2411.591
2420.234
2395.853
2367.521
2356.8
2389.467
2395.867
2385.658
2389.617
2395.392
2376.192
2348.659
2489.73
2399.833
2409.114
2379.417
2407.103
2401.603
2386.524
2396.734
2396.556
2396.115
2406.671
2404.385
2393.829
2395.591
2309.972
2310.151
2395.77
2398.056
2385.694
2367.409
2362.409
2359.472
2433.472
2437.925
2432.667
2420.286
2457.091
2450.008
2446.77
2459.131
2466.214
2364.357
2466.214
2471.214
2474.452
2492.738
2488.286
2500.667
2503.603
2429.603
2438.889
2452.508
2448.317
2452.508
2455.746
2451.079
2455.746
2446.46
2432.841
2410.175
2420.079
2442.746
2424.46
2401.794
2370.127
2268.27
2292.651
2280.706
2203.651
2235.317
2246.325
2236.421
2283.167
2258.786
2277.071
2289.016
2242.27
2237.576
2228.712
2232.962
2244.735
2196.667
2207.098
2217.917
2221.14
2218.049
2147.413
2087.652
2054.047
2057.004
2079.902
2125.88
2117.312
2094.413
2090.348
2087.264
2095.833
2085.486
2093.964
2083.986
2162.159
2171.036
2187.732
2209.993
2206.551
2077.746
2091.514
2119.92
2124.942
2115.62
2124.942
2119.377
2110.5
2082.094
2153.462
2148.212
2066.485
2105.442
2088.92
2099.355
2105.152
2115.5
2112.587
2100.293
2089.996
2139.866
2114.931
2146.815
2145.337
2113.453
2115.67
2113.453
2125.12
2121.728
2125.12
2113.815
2125.12
2126.598
2114.931
2143.844
2134.279
2143.844
2135.953
2143.844
2114.931
2110.866
2178.431
2212.036
2277.451
2265.678
2269.928
2266.519
2263.042
2266.133
2283.405
2293.837
2297.246
2296.473
2293.383
2276.11
2278.428
2276.746
2266.67
2266.841
2185.114
2184.943
2182.761
2264.489
2266.17
2276.246
2278.428
2248.731
2238.985
2215.712
2210.462
2193.008
2058.348
1976.621
2019.486
2010.609
2039.014
2044.036
2053.359
2131.533
2153.793
2170.489
2179.366
2193.134
2179.366
2175.301
2107.736
2168.409
2184.614
2160.674
2170.625
2187.807
2171.207
2174.598
2180.848
2191.978
2214.877
2148.25
2150.337
2134.837
2132.75
2050.576
2047.185
2035.967
2121.977
2110.341
2087.068
2084.595
2037.849
2027.944
2016.937
1985.27
1962.603
1944.317
2028.992
2048.192
2071.992
2105.242
2115.058
2125.458
2138
2060.571
2162.429
2239.484
2346.365
2397.032
2290.151
2335.667
2339
2288.333
2231.409
2258.652
2251.841
2208.394
2192.697
2189.515
2196.902
2212.152
2218.902
2231.902
2238.568
2244.705
2215.008
2205.727
2191.333
2056.674
2051.424
2061.856
2052.11
2082.337
2059.064
2041.61
2053.21
2084.877
2074.401
2084.877
2053.21
2044.567
2053.21
2041.973
2042.144
2052.962
1995.587
1998.543
2015.239
2016.848
2084.413
2086.5
2086.337
2084.25
2082.641
2084.728
2075.091
2084.728
2085.13
2006.957
2007.12
1998.406
2009.198
2009.354
1999.438
1983.438
1985.438
1985.823
1988.656
1986.656
1986.5
1984.958
1954.403
1951.569
1902.84
1917.375
1927.292
1943.292
1975.497
2002.038
2005.288
2021.122
2011.559
2014.514
2024.431
1980.368
2002.313
2010.524
2002.399
2011.962
2056.024
2053.069
2043.153
2051.278
2043.066
2040.233
2018.288
2021.122
2005.122
2007.122
1996.33
1999.163
1999.007
1998.622
1988.705
1985.872
1996.663
1946.13
1961.49
1971.01
1972.49
2024.122
2022.122
2022.278
2019.444
2009.882
2019.444
2021.569
2005.736
2008.861
2024.694
2022.569
2025.403
2022.278
2030.403
1951.653
1945.017
1917.795
1909.67
1936.892
2015.642
2022.278
2030.458
2027.625
2029.625
2001.917
1993.25
1977.25
1949.542
1939.09
1928.299
1919.132
1888.576
1888.733
1799.608
1792.045
1808.045
1740.622
1739.08
1738.924
1740.465
1743.299
1771.007
1769.007
1760.826
1828.25
1848.083
1794.64
1785.12
1838.167
1848.083
1856.75
1840.75
1929.875
1940.326
1920.493
1951.049
2015.799
2031.799
2041.715
2050.951
2125.868
2124.326
2123.941
2107.941
2107.785
2098.549
2033.799
2003.243
2006.076
1996.16
1996.316
1945.797
1947.717
1953.955
1955.497
1955.653
1971.653
1973.194
1973.038
1970.205
1968.205
1970.205
1968.205
2032.955
2063.267
2106.67
2133.892
2181.684
2192.5
2232.326
2232.483
2243.316
2248.941
2173.691
2245.301
2243.214
2245.301
2234.17
2237.562
2248.692
2245.301
2251.551
2242.033
2264.931
2249.431
2327.953
2337.471
2331.221
2346.721
2363.156
2346.721
2347.123
2358.384
2361.341
2293.507
2293.663
2295.663
2265.108
2249.108
2239.191
2174.441
2171.608
2264.417
2262.33
2262.167
2278.862
2289.21
2277.906
2266.62
2249.924
2245.359
2238.891
2236.21
2143.21
2140.254
2150.601
2072.08
2069.993
2086.688
2118.572
2118.736
2105.705
2107.705
2172.455
2175.288
2175.132
2144.576
2128.576
2125.743
2207.819
2207.417
2207.819
2196.558
2150.297
2105.254
2007.667
1981.609
1940.051
1937.007
1927.029
1955.942
1927.029
1937.007
1947.355
1915.471
1917.558
1985.123
2001.819
2008.196
2008.598
1998.25
1995.293
1993.207
1925.641
1908.946
1911.902
1911.739
1911.337
1911.5
1922.406
1901.71
1879.449
1889.5
1860.587
1872.188
1888.188
1877.736
1905.444
1914.111
1846.688
1866.521
1777.396
1726.78
1766.047
1758.193
1749.873
1734.513
1662.593
1662.443
1660.523
1651.657
1650.177
1608.51
1646.743
1676.633
1718.3
1722.22
1727.553
1697.663
1693.743
1703.343
1693.743
1688.41
1650.177
1588.017
1585.297
1583.377
1592.897
1583.377
1583.007
1582.857
1612.19
1613.67
1675.83
1669.963
1654.603
1657.323
1657.473
1659.393
1674.753
1665.233
1674.753
1684.353
1679.02
1684.353
1674.753
1677.753
1674.753
1677.473
1675.433
1666.253
1675.433
1677.473
1674.753
1659.553
1674.753
1666.87
1664.033
1654.853
1645.333
1637.533
1634.813
1592.513
1571.447
1571.297
1541.963
1532.443
1529.723
1467.563
1452.203
1450.283
1448.803
1495.61
1498.877
1544.757
1555.157
1544.757
1515.423
1512.303
1510.263
1499.53
1509.05
1463.17
1466.29
1495.623
1497.663
1496.303
1507.037
1515.203
1534.803
1528.853
1524.933
1521.873
1519.073
1508.673
1479.34
1554.94
1479.34
1472.84
1502.173
1506.093
1512.043
1518.543
1527.723
1519.557
1529.957
1533.223
1529.957
1483.15
1529.957
1524.557
1482.89
1509.023
1498.64
1536.873
1490.993
1461.893
1484.833
1490.233
1464.1
1524.948
1527.517
1570.92
1531.094
1531.25
1480.383
1509.483
1513.223
1514.703
1566.983
1572.538
1592.955
1603.406
1614.24
1630.552
1632.253
1681.01
1677.608
1628.851
1630.851
1641.517
1720.267
1698.323
1704.313
1688.563
1777.688
1788.438
1791.688
1788.438
1797.559
1788.438
1799.41
1793.42
1791.42
1776.566
1701.316
1690.649
1701.101
1690.649
1706.962
1708.503
1704.264
1706.946
1711.073
1716.628
1737.045
1731.49
1715.177
1711.281
1708.712
1712.608
1711.066
1690.649
1669.316
1660.649
1651.017
1610.115
1520.99
1510.538
1494.538
1466.83
1446.997
1445.295
1396.538
1445.295
1448.698
1452.101
1403.344
1452.101
1448.698
1459.149
1457.608
1459.149
1438.733
1422.42
1418.524
1408.073
1424.385
1421.816
1416.26
1416.903
1422.458
1425.375
1429.271
1438.833
1466.542
1438.833
1429.271
1478.028
1481.431
1432.674
1429.271
1423.715
1413.264
1409.368
1425.681
1427.222
1410.91
1414.806
1425.257
1423.715
1423.073
1428.628
1431.545
1434.115
1431.198
1428.365
1444.198
1453.76
1437.927
1441.052
1443.177
1433.615
1431.49
1434.323
1431.198
1438.163
1441.566
1438.163
1389.406
1387.865
1377.413
1373.517
1375.059
1368.094
1351.781
1346.226
1366.642
1363.24
1367.135
1372.691
1370.122
1367.205
1377.656
1380.226
1385.663
1333.503
1380.31
1442.47
1471.803
1487.163
1496.683
1496.833
1498.313
1500.233
1502.953
1476.82
1470.45
1394.85
1444.844
1434.01
1464.323
1469.948
1513.351
1553.177
1580.399
1591.233
1602.049
1602.205
1602.049
1558.646
1606.438
1600.813
1570.5
1543.278
1532.462
1508.566
1468.74
1419.983
1423.385
1472.142
1532.598
1526.801
1529.482
1535.279
1539.344
1560.649
1577.67
1579.279
1568.373
1562.699
1561.091
1571.996
1569.315
1548.011
1614.125
1631.58
1633.125
1632.955
1630.773
1613.318
1625.091
1628.182
1557.545
1555.864
1552.773
1517.145
1506.797
1474.913
1477
1478.609
1478.772
1475.221
1424.344
1431.612
1435.163
1418.307
1420.489
1468.557
1456.784
1474.239
1474.409
1487.261
1485.716
1496.534
1479.08
1485.746
1556.383
1554.201
1551.11
1552.792
1552.621
1563.439
1561.758
1525.739
1528.696
1564.848
1558.788
1557.106
1534.833
1540.894
1529.492
1526.689
1508.894
1510.576
1514.826
1526.227
1544.023
1539.773
1542.576
1496.812
1489.543
1485.993
1474.775
1381.775
1370.326
1360.808
1354.558
1343.428
1261.254
1259.167
1255.775
1252.819
1254.906
1244.558
1244.721
1247.678
1279.562
1347.127
1315.243
1313.156
1329.851
1329.688
1262.123
1263.732
1274.08
1257.384
1255.775
1251.71
1240.804
1223.783
1222.174
1219.493
1213.696
1246.591
1213.258
1283.894
1283.723
1266.269
1264.087
1193.451
1190.36
1188.678
1199.496
1201.678
1203.36
1192.542
1195.633
1195.803
1229.136
1246.591
1249.682
1252
1262.432
1279.705
1262.432
1259.341
1262.75
1259.341
1248.909
1246.591
1237.727
1259.364
1254.909
1259.364
1255.364
1264.227
1277.227
1274.136
1278.136
1265.136
1254.705
1224.477
1254.705
1265.136
1298.47
1300.652
1318.106
1388.742
1388.572
1399.39
1396.299
1396.72
1395.038
1395.208
1398.299
1364.966
1362.784
1345.33
1274.693
1263.875
1267.42
1273.466
1283.898
1277.946
1311.551
1353.109
1363.457
1373.891
1379.688
1369.254
1363.457
1353.109
1327.285
1343.285
1340.035
1404.785
1378.243
1376.243
1360.41
1386.951
1419.156
1429.073
1396.868
1412.701
1414.701
1417.535
1419.076
1418.92
1416.087
1419.337
1419.493
1409.576
1379.021
1378.635
1362.635
1297.885
1287.069
1239.278
1195.875
1156.049
1128.826
1128.67
1123.045
1092.733
1081.899
1080.358
1049.802
985.052
969.052
968.896
1000.674
997.717
995.63
1063.196
1069.572
1079.92
1096.616
1099.572
1101.659
1101.822
1103.431
1101.344
1102.953
1096.576
1029.011
1027.402
1037.75
1034.793
1034.63
1037.587
1020.891
1010.543
1010.707
1012.793
1044.678
1112.243
1128.938
1097.054
1108.721
1109.46
1107.243
1095.576
1097.054
1099.135
1129.691
1140.524
1137.274
1140.524
1130.608
1082.816
1071.983
1103.118
1038.368
1115.333
1187.253
1171.893
1162.373
1166.993
1171.41
1168.69
1168.54
1139.207
1149.59
1187.644
1202.26
1204.631
1203.208
1201.362
1209.609
1213.205
1275.821
1206.667
1221.282
1217.035
1180.157
1177.69
1182.31
1182.927
1251.372
1222.631
1304.901
1323.164
1313.549
1293.324
1297.268
1293.143
1279.571
1173.768
1183.039
1174.842
1173.021
1170.342
1167.914
1154.342
1163.613
1197.75
1202.512
1205.851
1213.509
1216.042
1221.729
1235.301
1294.859
1303.81
1329.578
1333.56
1407.319
1420.342
1424.022
1411.356
1410.842
1406.992
1335.692
1337.747
1312.839
1296.109
1287.158
1283.351
1181.195
1190.161
1263.92
1292.902
1295.937
1273.006
1265.092
1273.006
1295.937
1298.382
1289.431
1282.037
1256.27
1220.351
1212.075
1179.115
1174.517
1141.557
1138.178
1171.138
1166.54
1169.764
1174.362
1179.853
1174.362
1183.313
1180.089
1187.483
1227.36
1254.964
1252.762
1263.464
1293.655
1191.5
1193.626
1202.578
1198.595
1185.491
1201.143
1179.037
1163.616
1154.345
1158.47
1264.274
1277.845
1273.902
1197.509
1189.851
1194.613
1192.08
1199.738
1190.467
1156.33
1150.643
1184.78
1181.44
1190.711
1196.399
1199.738
1202.271
1197.509
1215.795
1225.065
1238.637
1240.839
1260.052
1228.661
1334.464
1338.589
1366.19
1345.558
1335.569
1236.819
1224.153
1220.303
1218.247
1209.594
1183.831
1187.511
1202.693
1209.733
1216.905
1218.181
1221.56
1244.491
1269.779
1229.686
1231.286
1283.086
1251.225
1245.917
1238.769
1241.886
1233.233
1230.117
1234.561
1266.422
1264.058
1266.422
1273.569
1282.222
1277.778
1283.086
1291.739
1304.406
1330.169
1334.019
1330.169
1390.103
1369.366
1371.355
1466.919
1458.546
1456.556
1452.995
1394.995
1299.43
1287.172
1263.067
1274.567
1205.567
1203.28
1205.567
1201.266
1194.349
1202.723
1197.586
1194.57
1163.737
1168.874
1160.5
1167.417
1171.718
1174.734
1205.567
1209.293
1278.293
1286.667
1344.667
1286.667
1191.102
1189.113
1180.739
1177.013
1189.272
1177.013
1152.081
1155.642
1212.107
1227.102
1215.602
1217.591
1241.696
1236.965
1271.078
1280.199
1303.855
1311.532
1277.419
1268.298
1260.621
1252.247
1259.164
1254.863
1259.164
1261.452
1266.589
1269.605
1277.978
1271.062
1301.895
1298.879
1296.591
1291.454
1260.621
1257.059
1248.685
1236.427
1178.427
1082.863
1080.874
1091.994
1088.144
1016.844
1019.961
1025.269
1032.417
1064.278
1072.931
1069.814
1074.258
1076.622
1044.761
1036.108
1030.8
1023.653
1021.289
1016.844
994.678
987.028
991.472
987.028
979.028
971.094
979.094
987.028
981.719
979.356
972.208
940.347
937.231
928.578
924.133
937.183
944.331
1019.147
1026.536
1034.536
1069.786
1168.536
1171.858
1179.192
1184.5
1160.056
1153.25
1177.694
1184.5
1186.833
1191.792
1195.058
1190.1
1186.833
1194.483
1178.15
1241.15
1232.483
1224.833
1219.417
1224.833
1161.833
1170.5
1187.567
1197.1
1257.3
1281.744
1314.467
1301.667
1293
1290.5
1283.353
1277.936
1277.269
1268.603
1230.369
1229.236
1226.636
1202.192
1201.625
1192.681
1194.681
1203.042
1204.275
1303.025
1308.442
1340.303
1378.536
1374.103
1342.242
1364.408
1338.644
1346.294
1372.058
1374.658
1372.058
1364.408
1326.175
1333.108
1341.003
1353.472
1346.667
1348.267
1353.575
1360.144
1420.078
1420.45
1428.1
1440.29
1471.957
1473.274
1475.79
1473.629
1494.704
1500.559
1502.108
1500.914
1513.172
1521.527
1524.688
1499.958
1501.115
1528.086
1504.43
1502.882
1496.172
1446.043
1467.495
1464.333
1466.621
1475.847
1544.847
1553.008
1557.227
1605.789
1616.07
1628.305
1630.237
1632.44
1681.003
1687.93
1694.805
1743.367
1745.919
1750.896
1752.396
1782.266
1785.016
1807.141
1819.016
1794.862
1819.016
1821.453
1801.547
1789.672
1809.578
1807.141
1817.197
1822.023
1895.114
1902.068
1922.22
1927.169
1929.442
1894.672
1899.475
1947.069
1954.069
1973.284
2001.548
2008.105
2022.733
2052.495
2072.724
2031.796
2034.394
2042.338
2055.949
2069.56
2070.588
2076.963
2080.713
2102.183
2048.002
2051.124
2068.34
2076.144
2080.559
2081.099
2129.91
2132.275
2135.396
2141.599
2150.491
2147.797
2175.797
2165.855
2087.895
2096.553
2100.743
2116.515
2129.147
2124.956
2119.167
2121.219
2093.39
2087.075
2092.864
2170.825
2177.14
2204.969
2207.592
2187.252
2204.015
2224.355
2226.921
2219.322
2226.921
2223.882
2207.118
2210.671
2207.118
2210.158
2267.257
2311.257
2314.378
2317.982
2320.09
2324.11
2330.358
2340.628
2344.232
2350.932
2381.932
2390.491
2394.14
2404.518
2433.099
2436.883
2440.005
2443.126
2425.91
2429.559
2408.669
2400.865
2408.669
2347.849
2368.189
2365.149
2361.596
2378.36
2375.794
2380.925
2368.399
2366.083
2358.557
2355.978
2358.557
2366.083
2368.399
2380.925
2375.794
2356.496
2363.936
2356.496
2328.667
2356.496
2362.759
2382.057
2375.794
2379.702
2383.61
2411.022
2467.311
2485.943
2488.404
2471.64
2464.042
2484.382
2464.042
2403.361
2406.823
2423.156
2484.357
2487.397
2494.996
2491.956
2488.404
2484.895
2478.632
2472.316
2477.502
2479.265
2434.498
2441.831
2445.915
2451.248
2432.444
2430.444
2429.214
2446.265
2448.265
2445.752
2440.419
2465.59
2449.1
2465.59
2448.538
2449.769
2443.128
2442.179
2441.893
2437.81
2440.323
2435.269
2475.115
2449.944
2450.893
2456.128
2455.081
2471.415
2478.748
2506.03
2509.491
2529.31
2545.643
2610.068
2613.107
2609.555
2610.838
2607.798
2615.397
2595.057
2587.458
2570.695
2572.458
2574.919
2572.458
2599.871
2572.458
2591.09
2573.897
2531.314
2573.897
2591.09
2585.05
2591.09
2572.458
2571.175
2578.774
2581.814
2565.05
2581.814
2561.474
2553.875
2556.441
2553.401
2549.849
2552.754
2556.307
2558.61
2578.95
2585.55
2610.704
2631.044
2631.338
2671.664
2673.309
2683.414
2685.281
2697.912
2682.14
2654.877
2613.368
2567.265
2569.265
2560.829
2548.521
2546.521
2592.624
2596.466
2604.902
2613.021
2613.97
2617.778
2619.009
2660.5
2662.897
2670.388
2699.642
2704.842
2710.579
2703.36
2699.985
2719.308
2655.362
2670.898
2668.205
2652.669
2659.711
2723.767
2726.654
2730.029
2727.142
2700.542
2727.142
2719.992
2735.917
2719.992
2727.142
2739.942
2778.792
2784.99
2801.615
2809.531
2812.906
2839.344
2841.117
2828.317
2830.754
2827.379
2811.454
2881.043
2873.639
2876.6
2873.639
2877.1
2884.504
2904.323
2920.656
2900.838
2893.504
2890.043
2881.44
2877.274
2873.466
2869.705
2875.038
2876.782
2883.662
2889.735
2889.831
2896.487
2900.248
2903.934
2905.472
2922.224
2924.622
2927.135
2948.686
2949.301
2955.733
2967.938
2974.605
2992.759
2996.566
2998.566
3005.13
2997.726
2994.265
2977.932
2975.432
2955.613
2952.652
2954.908
2960.406
2977.457
2982.692
2986.776
2989.468
2995.541
3000.541
3012.746
3019.412
3020.951
2944.989
2939.348
2877.502
2881.585
2854.47
2852.547
2848.359
2851.213
2855.194
2838.569
2785.094
2788.419
2779.238
2784.604
2836.774
2830.921
2827.037
2831.02
2833.451
2831.02
2825.423
2851.215
2847.331
2849.161
2854.758
2861.591
2862.128
2809.957
2793.982
2787.792
2793.982
2791.887
2771.875
2756.708
2731.375
2738.185
2763.518
2778.685
2771.875
2842.411
2846.202
2848.702
2853.345
2858.81
2876.27
2901.603
2905.472
2913.306
2916.639
2930.909
2906.107
2867.579
2906.107
2917.536
2956.063
2956.54
2939.683
2915.271
2931.736
2987.829
3004.295
2998.957
3023.182
3038.376
3040.55
3046.674
3052.012
3036.818
3034.643
2966.515
2990.697
3041.708
3063.432
3069.53
3074.913
3048.845
3031.278
3029.506
3007.782
3002.566
2987.453
2998.362
3005.839
3002.434
2961.57
3002.434
3016.055
3008.578
2997.669
2995.896
2997.669
3043.289
2997.669
3032.987
3033.828
3034.6
3036.146
3036.231
3039.14
3040.231
2988.967
3042.567
3041.078
3045.615
3050.715
3051.781
3086.315
3046.181
3042.643
3047.265
3050.804
3052.981
2987.417
2989.112
2986.982
2971.04
2928.713
2895.649
2897.074
2874.177
2860.323
2897.948
2901.333
2904.736
2910.694
2912.771
2911.771
2907.517
2903.184
2902.413
2916.267
2914.642
2894.191
2898.297
2854.114
2850.092
2828.378
2822.541
2809.541
2810.52
2809.827
2811.214
2810.235
2841.949
2841.872
2810.158
2768.622
2773.382
2770.822
2771.562
2779.242
2777.882
2777.957
2777.217
2818.929
2823.452
2828.31
2829.585
2829.993
2831.66
2823.823
2825.211
2826.19
2824.803
2824.726
2823.971
2809.005
2862.568
2870.568
2902.943
2903.714
2871.339
2870.339
2870.417
2871.125
2827.497
2830.747
2831.726
2836.583
2838.175
2843.294
2858.26
2853.141
2858.617
2857.026
2874.179
2868.954
2851.801
2862.25
2860.342
2857.349
2859.257
2853.781
2899.587
2903.609
2904.099
2903.405
2935.119
2933.731
2932.976
2940.813
2948.568
2916.854
2918.241
2918.935
2919.124
2920.512
2923.505
2924.485
2916.648
2916.571
2916.648
2915.668
2961.134
2960.363
2965.297
2945.384
2940.45
2946.04
2940.45
2893.689
2940.45
2962.616
2963.387
2941.22
2961.134
2981.047
2983.964
2968.872
2971.628
2972.383
2973.77
2973.847
2942.133
2942.056
2946.913
2954.75
2954.561
2957.554
2989.269
2988.575
2985.582
2986.561
2978.724
2977.745
2976.357
2979.607
2993.179
2992.689
3000.995
3003.929
3005.929
3004.541
3001.607
2996.774
3016.808
3007.094
3010.087
3019.801
3020.291
3025.124
3026.512
3027.491
3030.808
3036.105
3039.141
3047.447
3048.427
3047.039
3047.116
3042.259
3034.422
3035.81
3067.524
3020.84
3019.88
3027.56
2996.48
2996.405
2995.665
3000.425
2997.492
2998.232
2992.577
2971.427
2972.107
2957.44
2913.83
2919.374
2940.109
2935.443
2939.943
2941.413
2945.618
2954.951
2955.343
2912.612
2915.473
2913.556
2910.494
2904.167
2884.244
2880.013
2870.782
2836.205
2835.051
2833.551
2813.215
2756.244
2744.718
2743.41
2744.718
2745.641
2731.538
2761.423
2756.846
2770.949
2771.021
2770.098
2762.713
2816.158
2823.688
2824.413
2825.08
2825.007
2794.536
2790.036
2803.918
2783.493
2803.918
2808.418
2840.147
2852.958
2821.229
2823.062
2809.18
2807.346
2794.536
2798.614
2810.366
2815.033
2818.235
2810.784
2798.294
2783.139
2781.609
2776.511
2781.011
2784.198
2747.139
2743.953
2729.574
2725.57
2727.492
2741.871
2778.93
2774.43
2773.057
2778.155
2787.763
2790.68
2794.683
2792.761
2789.845
2794.345
2794.737
2838.747
2843.06
2844.237
2845.619
2875.667
2878.412
2847.941
2847.868
2862.247
2860.913
2861.855
2866.521
2866.595
2852.216
2852.941
2845.412
2875.882
2877.216
2876.275
2883.804
2883.078
2882.412
2838.402
2839.127
2838.402
2833.758
2812.895
2818.157
2836.899
2857.761
2901.771
2883.029
2877.768
2882.412
2886.912
2888.245
2889.186
2919.657
2912.127
2911.402
2910.461
2905.794
2906.461
2906.642
2905.309
2890.93
2860.459
2819.553
2819.625
2819.553
2826.938
2831.351
2784.966
2826.101
2818.288
2830.835
2827.83
2787.472
2783.142
2781.726
2778.645
2781.726
2779.217
2780.632
2783.637
2786.184
2793.354
2797.684
2807.344
2812.407
2783.086
2822.505
2815.12
2814.466
2814.394
2814.216
2813.293
2811.986
2834.043
2838.38
2842.17
2843.458
2839.532
2838.244
2860.301
2856.511
2843.723
2844.434
2804.602
2807.684
2778.363
2790.91
2792.759
2800.439
2781.917
2768.08
2797.401
2800.406
2801.311
2806.209
2804.36
2800.436
2804.042
2802.571
2806.495
2825.017
2824.319
2829.217
2831.057
2835.585
2837.057
2817.963
2818.719
2839.96
2806.515
2805.627
2802.677
2801.364
2791.883
2778.302
2776.571
2778.302
2773.657
2783.139
2784.583
2789.552
2773.988
2789.552
2788.108
2783.139
2796.719
2801.364
2830.142
2832.735
2838.827
2860.068
2816.976
2819.676
2820.894
2824.477
2827.182
2828.109
2831.891
2834.786
2816.415
2818.978
2847.367
2843.478
2844.563
2863.115
2867.516
2870.937
2889.604
2894.564
2875.898
2859.129
2858.48
2819.102
2821.769
2822.418
2826.573
2821.865
2817.711
2834.48
2824.307
2828.934
2825.348
2828.934
2831.75
2821.417
2817.313
2827.647
2831.75
2828.934
2831.736
2800.736
2801.951
2810.158
2816.908
2798.948
2771.049
2772.661
2753.093
2756.983
2769.314
2767.729
2771.486
2782.559
2783.754
2771.754
2783.754
2801.41
2790.336
2786.446
2797.52
2800.825
2803.524
2835.558
2847.888
2850.41
2800.198
2811.469
2812.621
2843.232
2839.218
2836.781
2830.145
2834.16
2835.208
2834.801
2837.237
2836.085
2836.492
2844.559
2846.042
2837.975
2840.492
2841.763
2833.085
2834.568
2839.36
2843.767
2817.428
2825.564
2829.578
2847.612
2831.411
2835.959
2826.101
2823.568
2822.951
2838.882
2839.499
2802.09
2797.618
2793.671
2795.332
2801.665
2815.674
2827.474
2823.9
2829.383
2856.353
2857.353
2861.178
2857.211
2860.678
2870.667
2873.389
2869.922
2867.2
2871.167
2861.178
2864.581
2894.681
2890.856
2893.331
2888.053
2889.678
2893.372
2894.622
2895.239
2944.614
2945.014
2953.547
2958.019
2962.2
2957.728
2959.028
2973.036
2971.736
2959.514
2950.981
2936.972
2932.792
2896.735
2895.202
2896.735
2893.538
2888.85
2890.292
2891.899
2890.456
2888.85
2892.046
2884.243
2892.046
2896.735
2898.074
2889.68
2900.391
2938.891
2941.104
2945.216
2945.822
2949.585
2961.191
2965.388
2962.71
2963.989
2970.661
2945.186
2974.792
2974.123
2976.309
2940.132
2942.7
2926.867
2930.046
2929.449
2928.191
2916.363
2915.589
2940.653
2929.927
2900.798
2916.632
2918.212
2914.858
2915.632
2914.051
2915.132
2915.79
2917.935
2921.29
2918.112
2917.031
2914.462
2910.134
2894.718
2910.134
2906.315
2889.153
2899.721
2917.164
2906.315
2905.718
2909.538
2910.134
2914.462
2922.204
2923.172
2927.733
2930.878
2938.781
2941.039
2941.426
2902.523
2891.797
2884.181
2918.134
2914.491
2913.3
2915.828
2913.235
2923.791
2926.384
2927.574
2893.622
2891.094
2894.737
2891.094
2907.628
2918.866
2893.181
2903.552
2892.313
2881.943
2862.197
2865.783
2894.737
2896.221
2894.737
2910.319
2918.446
2918.827
2921.108
2924.868
2927.225
2910.439
2909.899
2913.677
2909.189
2925.975
2930.463
2896.133
2884.674
2889.092
2892.793
2849.319
2850.365
2853.835
2855.368
2850.968
2853.256
2861.133
2823.949
2824.253
2815.172
2811.566
2815.172
2817.646
2814.495
2823.576
2821.101
2824.253
2827.73
2825.48
2823.46
2855.869
2850.884
2852.217
2855.203
2862.476
2863.506
2865.684
2867.018
2870.654
2872.071
2906.078
2889.957
2875.475
2879.54
2875.475
2841.467
2875.475
2874.914
2889.396
2905.518
2901.929
2905.518
2906.078
2907.109
2904.931
2905.617
2909.095
2909.458
2913.047
2905.835
2902.246
2909.458
2918.539
2882.621
2864.17
2866.284
2868.626
2869.533
2868.533
2884.085
2887.46
2887.107
2860.279
2861.185
2904.12
2907.569
2908.554
2897.926
2907.395
2916.864
2933.822
2935.243
2940.011
2926.158
2926.506
2925.376
2913.194
2909.306
2898.678
2902.566
2906.202
2907.332
2903.697
2905.052
2917.233
2909.813
2908.458
2877.385
2884.699
2884.385
2880.382
2876.668
2846.111
2862.496
2855.182
2846.62
2845.737
2849.451
2846.535
2860.189
2861.082
2868.606
2867.27
2868.527
2871.956
2870.699
2872.035
2839.97
2831.583
2828.203
2843.097
2844.478
2855.364
2871.519
2877.033
2878.019
2887.221
2888.092
2888.768
2879.401
2864.493
2861.204
2851.37
2847.927
2845.038
2836.714
2845.038
2841.733
2844.001
2841.733
2844.622
2847.927
2847.649
2851.26
2855.233
2858.42
2880.895
2877.707
2863.24
2864.096
2860.909
2870.742
2860.718
2874.987
2852.821
2855.521
2845.822
2851.082
2852.363
2851.082
2860.032
2844.002
2835.053
2838.089
2824.995
2824.489
2820.813
2817.568
2802.993
2772.247
2781.196
2772.247
2760.324
2734.784
2736.936
2734.784
2737.419
2734.784
2765.115
2763.926
2767.169
2763.926
2762.662
2763.926
2765.115
2772.247
2773.315
2770.466
2771.831
2785.279
2784.719
2782.897
2780.716
2775.51
2762.063
2761.405
2758.705
2758.048
2782.788
2784.068
2759.329
2756.068
2770.644
2749.356
2748.849
2738.804
2775.912
2744.738
2746.95
2745.867
2742.383
2720.8
2732.473
2735.211
2733.85
2734.558
2735.502
2738.69
2743.968
2745.009
2742.12
2745.454
2752.769
2753.477
2756.214
2758.277
2759.135
2757.837
2759.441
2737.858
2739.709
2725.022
2715.948
2714.976
2716.337
2710.899
2719.973
2718.612
2733.3
2749.23
2748.372
2755.177
2760.615
2749.88
2733.949
2744.684
2745.543
2754.39
2755.247
2760.524
2761.983
2778.235
2780.492
2766.858
2768.08
2766.858
2735.684
2736.983
2733.649
2764.823
2763.524
2766.858
2770.785
2769.854
2765.927
2766.858
2763.568
2766.858
2761.662
2762.37
2767.808
2770.644
2757.368
2762.028
2776.806
2772.236
2763
2760.731
2757.544
2756.502
2726.794
2693.294
2728.985
2732.764
2734.081
2723.752
2716.541
2717.64
2705.802
2702.269
2705.802
2704.485
2716.323
2712.543
2685.054
2692.166
2691.082
2678.958
2681.971
2685.259
2706.251
2728.418
2729.623
2732.323
2733.666
2724.556
2725.412
2728.672
2728.398
2728.672
2725.636
2724.78
2721.519
2724.556
2726.793
2735.003
2726.793
2723.944
2727.204
2724.967
2727.816
2724.556
2725.837
2727.042
2725.761
2719.258
2718.069
2714.825
2718.069
2687.738
2690.497
2693.697
2689.418
2689.093
2691.904
2689.962
2675.583
2688.5
2682.068
2682.986
2682.068
2688.5
2690.443
2690.493
2660.162
2681.162
2677.962
2678.286
2679.232
2677.908
2679.232
2693.523
2692.687
2694.179
2715.373
2694.179
2679.889
2673.267
2662.822
2668.113
2659.284
2668.113
2662.822
2663.658
2684.658
2694.568
2695.486
2700.676
2700.726
2701.226
2701.875
2705.091
2677.014
2680.074
2678.534
2675.023
2677.623
2690.712
2676.823
2679.883
2658.308
2667.019
2680.908
2679.661
2701.237
2702.483
2693.043
2702.483
2693.772
2690.712
2691.206
2694.379
2691.206
2691.156
2670.436
2669.796
2670.436
2691.156
2696.276
2696.326
2695.832
2694.926
2685.148
2686.054
2695.832
2690.712
2689.406
2699.183
2696.123
2697.43
2672.23
2675.697
2673.713
2670.991
2664.458
2689.658
2691.641
2698.174
2701.234
2703.957
2706.123
2696.346
2694.179
2690.712
2693.772
2694.772
2694.092
2694.999
2689.932
2702.677
2699.617
2700.297
2699.39
2692.99
2698.057
2697.057
2699.234
2700.408
2670.481
2669.308
2699.234
2702.434
2699.234
2697.988
2699.234
2699.728
2702.901
2702.851
2702.358
2697.238
2702.358
2681.638
2678.464
2688.242
2688.882
2687.976
2688.026
2688.932
2688.292
2678.514
2699.234
2698.434
2701.293
2700.387
2694.96
2692.837
2694.137
2694.777
2699.897
2703.35
2677.429
2678.06
2678.547
2674.827
2660.912
2660.018
2660.067
2669.716
2672.848
2672.361
2675.492
2672.361
2673.255
2673.206
2670.075
2649.627
2639.978
2643.698
2634.049
2633.418
2628.365
2642.28
2651.595
2655.011
2685.912
2709.57
2710.202
2715.254
2713.478
2714.629
2715.656
2712.636
2727.728
2749.998
2756.531
2761.751
2753.04
2737.747
2740.097
2714.213
2715.026
2716.316
2715.395
2714.105
2712.652
2711.839
2720.435
2715.284
2716.442
2717.672
2714.514
2717.672
2688.139
2686.981
2685.751
2690.673
2688.524
2696.41
2698.559
2701.691
2698.559
2701.296
2698.559
2690.673
2691.485
2690.998
2665.574
2689.028
2665.574
2664.95
2652.201
2653.338
2656.195
2655.182
2658.273
2659.156
2671.905
2662.381
2662.43
2657.443
2660.002
2664.937
2666.232
2671.167
2695.712
2695.663
2696.287
2686.249
2687.262
2684.702
2685.183
2683.115
2681.842
2713.998
2713.103
2715.198
2728.905
2733.957
2737.373
2750.289
2751.184
2771.632
2768.224
2744.566
2760.728
2736.648
2739.848
2761.423
2762.73
2761.423
2739.848
2736.648
2745.514
2746.814
2749.77
2758.263
2797.763
2796.363
2828.523
2826.723
2848.43
2847.257
2845.277
2852.103
2858.637
2879.069
2882.413
2885.473
2913.993
2916.413
2920.8
2923.733
2903.013
2902.52
2903.427
2924.147
2953.752
2952.833
2952.783
2952.134
2957.323
2954.107
2954.158
2957.374
2957.874
2967.784
2968.432
2963.243
2970.162
2981.52
2970.162
2960.252
2953.333
2956.959
2955.905
2957.169
2927.518
2930.862
2931.902
2928.558
2924.98
2923.733
2924.679
2925.319
2927.299
2932.726
2933.972
2935.301
2956.877
2941.583
2946.65
2945.403
2942.203
2943.45
2942.277
2943.45
2938.462
2941.662
2971.589
2970.949
2974.122
2983.9
2983.95
3004.67
3009.79
3006.617
3006.74
3007.647
3002.527
2992.749
2993.389
2992.482
2991.989
2971.269
2971.219
2972.548
2969.39
2965.62
2968.576
2977.442
2978.047
2977.153
2961.86
2966.98
2934.82
2937.24
2938.329
2952.429
2973.149
2970.089
2995.289
2996.618
2995.618
2995.351
3001.884
3014.629
3015.802
3016.296
3013.122
3013.762
3013.639
3013.689
3008.569
3007.929
3007.879
3008.786
3007.879
2998.101
3018.821
3028.599
3031.772
3011.052
3016.172
3013.822
3015.129
3020.349
3029.06
3027.753
3043.047
3057.147
3051.927
3058.46
3049.749
3039.443
3024.15
3023.326
3024.15
3025.622
3019.089
3024.156
3024.836
3025.742
3024.742
3023.836
3024.836
3019.769
3019.089
3022.149
3019.089
3020.256
3017.196
2987.269
2980.736
2978.569
2964.68
2963.373
2966.834
2964.668
2963.421
2966.594
2945.019
2941.959
2927.859
2918.419
2909.708
2907.108
2898.397
2896.273
2909.872
2911.673
2914.89
2918.133
2917.633
2938.633
2943.822
2933.912
2934.372
2931.155
2931.655
2930.736
2901.438
2896.318
2896.958
2896.318
2896.368
2875.648
2876.554
2876.504
2875.331
2845.404
2842.204
2840.958
2838.538
2844.884
2847.743
2847.25
2849.67
2840.803
2842.103
2843.01
2836.663
2836.983
2836.077
2832.919
2841.786
2840.986
2840.666
2837.732
2840.89
2838.973
2841.907
2843.823
2846.597
2843.423
2851.414
2849.237
2846.463
2848.641
2840.65
2843.823
2838.703
2838.653
2838.2
2837.293
2865.725
2844.725
2844.077
2843.577
2846.82
2837.252
2837.941
2800.996
2798.062
2797.458
2788.591
2789.196
2798.062
2795.107
2796.436
2799.391
2798.062
2822.036
2825.096
2846.671
2849.731
2844.664
2842.541
2842.591
2852.031
2855.498
2852.438
2848.624
2852.847
2856.047
2877.622
2878.929
2857.353
2854.153
2852.847
2844.136
2846.994
2848.241
2847.417
2850.878
2853.001
2865.746
2864.439
2857.906
2843.806
2838.586
2823.292
2825.07
2826.016
2824.543
2823.377
2824.623
2785.123
2792.146
2790.979
2769.403
2779.367
2780.189
2781.496
2778.896
2775.082
2776.256
2774.949
2768.602
2771.202
2770.029
2773.842
2780.189
2781.082
2820.582
2821.222
2845.196
2845.246
2848.201
2848.694
2846.917
2844.793
2846.571
2847.517
2848.763
2847.517
2850.376
2853.837
2852.891
2865.636
2867.759
2855.014
2851.553
2848.694
2846.711
2844.911
2865.343
2866.289
2875.156
2879.542
2874.116
2871.182
2873.602
2876.536
2892.138
2894.488
2892.068
2883.201
2885.068
2917.136
2918.19
2921.58
2910.222
2913.848
2910.458
2921.816
2920.762
2917.136
2924.055
2894.846
2893.599
2883.821
2885.068
2885.672
2888.628
2887.299
2896.166
2887.299
2886.694
2883.739
2885.068
2886.108
2883.152
2870.063
2872.691
2871.651
2864.824
2861.667
2837.587
2861.667
2859.543
2820.043
2833.132
2835.732
2849.919
2849.086
2858.526
2860.649
2863.277
2864.317
2865.223
2890.423
2887.796
2887.116
2889.239
2892.299
2895.76
2893.637
2894.317
2896.866
2895.866
2898.724
2895.664
2890.598
2891.844
2888.383
2886.606
2883.747
2882.84
2870.096
2875.162
2873.916
2874.861
2876.639
2875.693
2876.693
2877.6
2875.422
2872.649
2866.302
2869.309
2841.387
2838.255
2824.255
2826.405
2834.291
2830.527
2822.641
2836.273
2839.405
2853.036
2854.418
2857.155
2855.005
2833.714
2831.618
2828.203
2827.27
2825.515
2826.448
2828.203
2831.024
2843.601
2840.78
2838.264
2839.495
2842.91
2845.005
2843.775
2839.446
2841.338
2843.487
2846.053
2846.724
2840.276
2840.908
2813.537
2816.861
2819.646
2819.906
2821.659
2852.984
2854.802
2855.282
2868.811
2869.611
2883.14
2898.036
2907.484
2910.86
2914.232
2922.716
2924.47
2936.883
2936.932
2939.811
2940.434
2917.083
2916.46
2915.979
2913.101
2936.451
2936.5
2936.981
2936.932
2939.811
2931.174
2932.469
2933.057
2941.694
2941.105
2938.226
2936.932
2939.811
2937.453
2942.44
2940.687
2940.376
2931.739
2932.713
2923.518
2920.661
2929.298
2931.655
2929.298
2932.155
2932.744
2933.886
2934.807
2936.539
2937.753
2936.022
2933.953
2933.032
2930.248
2926.877
2914.463
2917.248
2919.316
2918.102
2930.515
2933.886
2932.744
2934.016
2931.036
2931.516
2945.044
2924.029
2922.529
2925.646
2926.269
2923.153
2931.789
2929.256
2916.508
2919.488
2940.503
2939.231
2918.088
2916.873
2914.089
2915.82
2928.234
2927.019
2929.804
2928.883
2926.815
2914.402
2911.617
2912.538
2910.806
2914.177
2910.806
2912.874
2914.089
2915.956
2914.089
2917.165
2886.665
2880.483
2881.366
2876.08
2882.262
2881.95
2877.015
2876.132
2885.656
2906.799
2907.11
2908.977
2905.902
2896.378
2893.287
2889.615
2875.881
2874.907
2875.53
2878.647
2876.719
2879.576
2841.102
2832.617
2829.832
2827.048
2829.116
2827.902
2815.488
2814.567
2826.981
2828.195
2831.566
2829.498
2832.282
2833.203
2829.832
2831.564
2829.832
2829.244
2826.365
2825.07
2833.707
2825.07
2827.949
2828.538
2829.832
2827.131
2825.01
2821.919
2814.135
2814.184
2814.135
2811.256
2787.906
2811.256
2811.737
2811.256
2814.135
2813.512
2814.135
2814.798
2811.94
2812.824
2817.759
2809.122
2811.479
2810.856
2808.989
2808.327
2810.437
2808.08
2769.606
2766.626
2767.898
2767.015
2775.652
2778.632
2773.697
2774.671
2773.697
2776.554
2781.84
2785.325
2796.24
2797.253
2800.511
2801.725
2795.076
2794.063
2800.712
2789.797
2786.312
2795.835
2794.621
2785.097
2781.84
2780.919
2777.548
2776.333
2774.602
2762.188
2759.404
2757.335
2758.115
2756.297
2758.028
2756.968
2726.84
2727.147
2741.853
2740.994
2741.647
2740.855
2744.915
2747.857
2738.78
2730.404
2716.846
2718.192
2709.816
2710.432
2706.765
2703.688
2717.043
2708.667
2723.372
2723.324
2721.593
2718.265
2721.593
2712.266
2697.561
2705.937
2715.264
2711.931
2698.576
2700.307
2703.64
2691.386
2691.434
2703.688
2705.397
2708.474
2706.765
2709.816
2706.739
2703.688
2704.966
2707.808
2706.53
2698.004
2697.423
2698.004
2695.162
2703.688
2705.782
2694.392
2696.69
2694.807
2692.312
2715.072
2716.059
2728.485
2727.498
2728.738
2728.485
2726.469
2727.077
2740.463
2738.607
2741.101
2743.117
2740.622
2738.607
2737.999
2725.573
2737.362
2738.484
2743.407
2744.663
2747.74
2726.995
2725.738
2722.661
2743.407
2742.933
2742.885
2740.043
2739.427
2739.475
2716.424
2717.04
2740.091
2740.565
2743.407
2746.249
2752.351
2743.826
2781.807
2792.582
2789.762
2785.702
2787.785
2791.119
2795.915
2798.009
2799.851
2772.428
2770.101
2773.384
2776.326
2785.906
2805.552
2810.475
2825.478
2828.656
2825.692
2827.173
2829.791
2831.698
2834.224
2837.926
2837.134
2813.98
2812.858
2810.764
2814.204
2812.926
2814.204
2805.678
2808.52
2807.939
2805.097
2813.623
2814.204
2817.537
2815.496
2814.592
2817.77
2820.847
2821.756
2826.679
2825.776
2827.87
2831.198
2828.307
2827.832
2830.674
2831.328
2830.674
2835.546
2836.418
2831.546
2830.584
2833.527
2830.584
2831.546
2830.674
2835.546
2832.604
2811.732
2841.841
2852.616
2854.347
2854.091
2853.182
2850.003
2863.644
2862.74
2867.612
2869.706
2866.373
2837.597
2831.315
2840.392
2860.038
2863.479
2867.104
2867.411
2870.078
2875.097
2880.116
2880.698
2881.172
2881.22
2880.605
2881.22
2880.746
2877.904
2880.746
2903.797
2903.749
2880.698
2879.826
2881.307
2883.39
2877.287
2866.512
2872.614
2874.656
2873.528
2870.088
2860.686
2860.378
2868.545
2861.981
2860.981
2864.017
2860.801
2861.109
2858.073
2859.916
2860.787
2858.944
2857.746
2844.391
2844.439
2846.17
2842.837
2857.542
2855.811
2846.484
2849.812
2859.139
2850.763
2854.096
2839.391
2839.343
2827.089
2835.465
2847.719
2844.391
2857.746
2857.271
2858.233
2859.137
2860.846
2854.094
2858.154
2854.826
2842.572
2845.072
2845.841
2846.745
2843.903
2845.181
2848.022
2846.745
2846.163
2837.638
2846.163
2846.745
2843.996
2845.791
2847.521
2848.312
2851.594
2851.338
2848.056
2834.701
2837.45
2836.975
2806.052
2819.407
2817.612
2816.822
2815.091
2815.347
2810.242
2810.71
2845.886
2846.745
2848.21
2810.71
2812.593
2815.177
2839.101
2848.384
2851.289
2854.58
2856.637
2853.346
2851.463
2849.406
2855.609
2853.024
2846.822
2843.917
2842.676
2843.917
2834.634
2810.71
2806.463
2812.944
2810.928
2814.549
2816.564
2817.678
2818.571
2841.33
2849.393
2828.91
2827.67
2824.632
2845.115
2848.153
2849.393
2850.254
2856.921
2859.934
2862.839
2863.736
2877.122
2879.591
2882.085
2881.832
2882.623
2882.877
2879.864
2882.67
2881.879
2879.073
2882.085
2877.13
2876.37
2884.788
2872.689
2881.972
2873.009
2879.212
2880.453
2881.212
2883.707
2880.532
2882.763
2855.895
2857.064
2858.084
2859.178
2864.072
2866.535
2866.073
2843.598
2843.551
2840.78
2840.18
2810.141
2837.851
2812.186
2813.101
2807.247
2806.107
2801.473
2799.847
2821.871
2821.006
2819.195
2831.829
2829.848
2833.296
2829.848
2832.384
2829.112
2828.819
2820.185
2815.411
2812.874
2816.146
2834.834
2839.609
2841.767
2842.06
2823.372
2822.819
2814.709
2815.262
2812.559
2815.262
2823.372
2822.157
2823.372
2822.421
2824.824
2836.796
2830.991
2812.04
2813.982
2826.426
2825.463
2823.627
2845.923
2853.989
2851.252
2857.573
2861.138
2862.101
2859.267
2862.477
2850.358
2848.392
2860.192
2857.759
2877.858
2855.562
2854.636
2853.796
2850.963
2850.333
2845.642
2850.383
2859.436
2860.276
2879.461
2882.399
2882.445
2883.038
2883.495
2869.048
2848.95
2851.19
2824.783
2818.906
2798.929
2784.483
2779.791
2750.797
2752.001
2747.26
2743.729
2744.322
2749.063
2753.896
2756.329
2754.153
2755.308
2746.254
2747.334
2744.901
2745.909
2754.963
2753.883
2752.874
2751.72
2781.223
2794.442
2799.242
2813.869
2833.024
2835.893
2832.794
2818.167
2808.826
2805.957
2809.056
2789.901
2791.235
2786.435
2787.285
2786.435
2805.86
2810.66
2810.707
2810.245
2807.27
2807.87
2782.258
2763.073
2763.027
2765.965
2761.224
2760.632
2761.088
2752.035
2752.776
2755.183
2755.479
2757.496
2758.056
2758.883
2757.049
2757.003
2742.843
2729.983
2726.773
2718.707
2715.502
2706.521
2704.854
2693.053
2692.597
2711.782
2714.72
2715.177
2724.23
2724.823
2724.23
2705.045
2704.999
2705.045
2695.992
2726.717
2725.867
2730.667
2731.517
2726.717
2718.404
2717.838
2715.067
2713.821
2699.483
2679.256
2681.113
2682.05
2682.65
2659.025
2659.775
2658.938
2649.444
2655.494
2656.235
2654.269
2654.725
2662.791
2682.769
2687.509
2687.556
2690.765
2691.605
2694.702
2697.665
2697.618
2675.322
2672.915
2674.751
2675.208
2674.615
2665.562
2668.5
2665.562
2662.599
2663.191
2658.451
2677.636
2658.451
2657.611
2656.401
2636.424
2635.967
2625.591
2626.8
2603.709
2606.246
2611.02
2619.654
2619.947
2616.499
2635.187
2632.65
2630.492
2630.199
2611.511
2614.784
2611.511
2606.737
2610.185
2609.189
2611.592
2613.184
2614.251
2616.4
2617.541
2594.839
2590.122
2588.996
2586.621
2585.567
2572.826
2573.81
2564.975
2562.083
2563.69
2560.822
2559.216
2562.107
2564.975
2563.243
2582.857
2582.038
2559.267
2567.279
2564.152
2565.944
2566.793
2557.641
2522.373
2524.804
2519.137
2538.518
2535.698
2535.127
2534.841
2535.079
2535.889
2540.46
2558.96
2559.532
2559.972
2562.806
2544.306
2544.261
2543.689
2552.42
2552.464
2552.024
2551.214
2548.381
2570.249
2565.622
2573.635
2578.213
2581.446
2583.414
2553.456
2554.171
2555.063
2552.23
2554.576
2552.23
2549.498
2552.331
2551.522
2564.111
2564.955
2567.277
2568.086
2561.816
2559.495
2562.227
2561.383
2567.653
2555.063
2541.409
2540.569
2540.284
2539.998
2548.659
2549.395
2536.806
2540.21
2541.922
2539.6
2537.666
2536.93
2540.124
2535.463
2544.124
2541.305
2532.574
2537.146
2537.586
2519.086
2519.896
2519.455
2514.884
2514.929
2515.5
2524.23
2524.635
2524.59
2523.781
2520.947
2520.376
2523.459
2527.983
2524.997
2528.087
2527.373
2527.813
2524.98
2527.078
2534.856
2536.231
2536.517
2537.703
2516.475
2517.275
2516.84
2516.44
2507.813
2506.852
2505.752
2505.187
2523.47
2523.514
2521.195
2518.148
2539.396
2537.298
2546.028
2550.599
2553.433
2558.093
2559.135
2559.575
2558.766
2557.724
2557.68
2558.793
2557.239
2557.811
2558.783
2554.211
2556.558
2535.108
2547.549
2552.02
2553.941
2554.824
2557.98
2565.804
2566.51
2564.588
2594.321
2595.119
2587.202
2586.31
2583.115
2582.401
2577.877
2573.96
2572.064
2570.878
2578.656
2575.565
2566.835
2559.058
2559.772
2554.058
2528.593
2527.552
2530.19
2531.083
2535.655
2554.155
2554.726
2554.155
2556.988
2556.179
2556.988
2552.417
2533.917
2534.357
2531.524
2540.254
2540.209
2540.254
2531.524
2531.083
2532.131
2530.964
2527.56
2530.964
2532.131
2526.464
2532.131
2529.81
2532.131
2531.083
2531.623
2536.284
2531.623
2531.083
2509.583
2507.649
2498.753
2495.663
2483.262
2465.019
2467.571
2468.464
2469.208
2470.369
2466.964
2448.721
2444.061
2435.632
2453.875
2454.161
2450.795
2454.161
2451.685
2460.113
2456.919
2456.633
2459.109
2462.304
2466.964
2466.92
2462.348
2461.777
2443.277
2442.836
2447.408
2447.452
2447.893
2466.393
2466.964
2467.774
2470.607
2469.798
2466.964
2458.234
2466.964
2463.77
2464.663
2456.746
2459.092
2459.807
2463.001
2470.918
2475.441
2473.497
2474.295
2473.497
2468.973
2468.259
2470.203
2471.974
2471.081
2477.351
2479.673
2481.568
2479.222
2483.746
2484.544
2472.857
2484.544
2486.865
2486.732
2465.232
2466.071
2468.756
2467.827
2466.935
2470.929
2471.673
2472.482
2471.673
2472.407
2470.511
2475.172
2476.285
2463.695
2462.582
2471.313
2492.252
2494.627
2492.252
2491.198
2486.481
2488.604
2489.659
2488.675
2460.02
2451.29
2450.718
2450.674
2450.233
2449.424
2430.924
2428.09
2423.519
2424.686
2421.828
2441.092
2421.828
2424.686
2423.519
2422.785
2435.186
2434.947
2435.682
2437.289
2435.622
2423.221
2451.936
2423.221
2425.774
2426.012
2424.405
2421.852
2421.412
2418.364
2420.031
2423.078
2423.519
2424.632
2433.293
2441.07
2449.731
2453.169
2450.437
2449.062
2451.794
2453.401
2451.633
2447.863
2448.911
2454.625
2451.639
2454.729
2443.35
2464.755
2461.804
2459.071
2445.141
2448.092
2456.988
2459.72
2441.477
2436.906
2435.635
2453.878
2458.449
2472.38
2474.324
2475.217
2473.273
2472.475
2475.67
2483.586
2482.693
2487.265
2486.104
2486.902
2478.985
2475.791
2471.267
2473.163
2477.687
2476.972
2472.401
2475.595
2456.214
2454.548
2455.714
2459.484
2487.442
2488.157
2509.562
2512.609
2515.085
2513.317
2514.692
2512.346
2509.87
2507.138
2500.868
2520.132
2518.882
2519.924
2513.828
2509.257
2510.864
2509.892
2513.329
2504.669
2503.556
2512.286
2510.188
2511.16
2508.813
2513.474
2514.516
2516.862
2512.201
2513.314
2512.342
2503.612
2502.57
2515.16
2512.813
2514.584
2512.813
2510.467
2516.737
2515.893
2518.625
2531.214
2528.893
2531.239
2530.43
2532.751
2533.561
2535.907
2538.74
2539.584
2533.314
2530.481
2517.892
2515.16
2507.243
2494.576
2492.989
2490.643
2488.367
2485.272
2482.95
2479.584
2477.977
2475.501
2457.258
2454.063
2453.778
2450.412
2445.751
2437.322
2438.037
2434.842
2442.759
2445.953
2445.239
2446.037
2446.93
2451.453
2446.93
2439.013
2440.957
2439.013
2438.12
2437.322
2402.055
2401.257
2402.055
2409.108
2409.822
2428.322
2429.295
2430.67
2432.381
2438.095
2440.827
2439.161
2439.97
2439.131
2420.631
2419.887
2447.845
2443.851
2439.935
2440.774
2419.274
2418.702
2399.438
2400.183
2399.373
2396.688
2392.028
2391.983
2391.412
2382.983
2382.139
2369.55
2367.203
2371.864
2384.453
2383.412
2370.822
2371.795
2370.822
2362.092
2370.822
2369.709
2370.751
2373.097
2374.21
2369.55
2368.657
2376.573
2379.768
2380.565
2376.042
2380.565
2372.649
2371.935
2368.74
2369.633
2368.835
2366.891
2367.605
2369.55
2368.815
2368.577
2365.487
2364.753
2366.524
2364.178
2362.407
2364.753
2363.586
2366.443
2385.707
2382.85
2384.017
2364.753
2378.684
2379.656
2379.37
2357.87
2352.037
2365.967
2366.939
2353.009
2352.037
2352.17
2348.975
2353.499
2345.582
2347.527
2348.241
2351.436
2350.638
2346.114
2354.031
2354.924
2352.979
2352.086
2351.372
2350.574
2348.804
2347.831
2345.212
2344.026
2331.437
2336.097
2344.827
2343.786
2341.439
2336.779
2335.807
2336.848
2349.438
2348.324
2349.438
2336.848
2328.118
2329.09
2331.437
2328.603
2331.46
2328.603
2330.19
2333.024
2331.437
2332.409
2318.478
2332.409
2331.437
2328.389
2327.228
2326.389
2325.645
2303.145
2302.598
2300.475
2298.126
2297.306
2291.403
2269.644
2269.065
2259.753
2258.769
2259.753
2273.851
2259.753
2256.52
2257.424
2249.412
2244.833
2242.865
2242.143
2244.517
2243.613
2243.479
2246.712
2251.29
2259.302
2261.094
2258.72
2259.527
2261.495
2262.218
2260.426
2259.251
2254.347
2252.38
2226.608
2224.922
2221.789
2219.024
2205.205
2207.97
2220.711
2221.53
2223.88
2221.012
2214.667
2215.521
2202.78
2200.406
2206.751
2209.126
2208.306
2211.174
2208.409
2206.059
2205.205
2191.106
2185.323
2203.786
2206.773
2220.871
2222.603
2241.326
2242.049
2239.062
2253.161
2255.926
2246.923
2255.926
2241.827
2239.062
2244.845
2246.237
2227.774
2228.758
2233.385
2234.368
2231.603
2212.881
2212.158
2211.174
2209.782
2205.156
2204.172
2206.937
2205.205
2204.024
2199.12
2195.988
2192.855
2190.349
2187.766
2187.477
2184.712
2182.337
2183.321
2188.038
2186.912
2178.076
2165.335
2167.71
2168.764
2181.505
2180.451
2181.577
2176.86
2185.696
2184.712
2170.613
2169.63
2183.728
2184.712
2185.258
2180.541
2185.258
2184.712
2177.491
2174.82
2165.985
2165.539
2164.338
2163.595
2162.469
2154.457
2153.734
2156.967
2156.063
2152.83
2153.638
2158.216
2159.119
2157.152
2157.874
2153.296
2152.489
2154.457
2162.469
2161.485
2147.387
2148.37
2162.469
2156.686
2155.505
2153.537
2134.041
2131.15
2132.134
2131.15
2117.051
2131.15
2133.524
2131.15
2132.942
2131.15
2128.385
2128.095
2125.721
2123.261
2123.707
2136.257
2134.631
2137.214
2137.455
2136.712
2135.025
2132.442
2133.185
2162.245
2159.161
2162.245
2161.799
2163.486
2163.245
2150.695
2152.321
2123.261
2121.293
2120.239
2121.293
2116.715
2121.432
2122.558
2120.184
2111.348
2124.089
2123.105
2131.941
2127.224
2119.212
2106.471
2105.664
2104.537
2101.304
2100.581
2099.678
2102.052
2103.036
2088.938
2087.954
2102.052
2103.036
2103.614
2103.66
2112.495
2117.121
2117.567
2118.387
2137.109
2139.977
2138.776
2136.105
2134.479
2132.13
2124.909
2112.089
2101.963
2103.752
2106.517
2106.562
2107.108
2107.928
2108.651
2111.436
2112.49
2114.116
2113.133
2113.624
2099.526
2101.54
2110.376
2112.333
2135.104
2137.869
2136.689
2134.897
2112.126
2106.222
2103.762
2094.927
2097.387
2095.429
2098.561
2104.465
2106.257
2103.124
2104.305
2101.54
2101.495
2106.121
2105.676
2104.475
2104.921
2104.342
2105.162
2113.997
2132.72
2133.298
2114.575
2113.515
2091.852
2094.72
2090.093
2090.139
2081.303
2080.484
2077.616
2077.124
2075.11
2070.484
2041.424
2040.44
2041.831
2050.667
2031.944
2032.763
2031.371
2022.536
2019.669
2015.042
2014.997
2015.443
2009.66
2006.895
2007.879
2007.433
2026.156
2026.201
2025.478
2044.201
2043.382
2049.165
2050.897
2051.475
2049.743
2049.165
2049.888
2054.514
2035.791
2038.556
2041.424
2039.049
2037.923
2029.087
2016.346
2015.292
2010.575
2009.591
2011.384
2009.009
2011.384
2009.591
2008.772
2008.158
2004.194
2003.615
2001.929
1990.101
1988.71
1987.891
1979.879
1977.011
1974.505
1965.67
1965.624
1968.492
1949.769
1949.814
1954.441
1963.276
1960.409
1959.963
1955.336
1956.156
1956.734
1956.156
1974.879
1974.059
1974.505
1972.131
1969.365
1963.02
1965.785
1953.044
1955.419
1956.238
1968.979
1971.328
1970.509
1973.377
1972.522
1969.655
1976
1976.854
1974.505
1971.854
1971.132
1969.4
1968.46
1971.327
1968.46
1969.038
1968.46
1973.086
1981.922
1973.086
1991.809
1987.183
1987.138
1987.183
1988.002
1988.448
1987.629
1987.183
1968.46
1965.592
1962.922
1962.681
1961.928
1960.136
1958.346
1956.66
1955.053
1953.999
1976.639
1950.554
1946.542
1965.23
1974.173
1969.49
1988.441
1979.498
1978.913
1978.867
1981.89
1981.439
1986.122
1985.293
1982.494
1983.079
1983.125
1974.012
1959.742
1968.855
1973.538
1970.514
1971.343
1952.655
1966.926
1967.377
1970.279
1973.078
1970.176
1951.225
1946.542
1943.743
1942.462
1937.779
1933.097
1931.283
1928.879
1931.283
1933.097
1933.142
1930.24
1929.789
1928.959
1965.087
1956.144
1955.559
1936.608
1937.425
1939.213
1934.53
1927.305
1927.259
1927.845
1928.296
1931.454
1932.284
1936.966
1936.149
1939.052
1936.349
1935.796
1929.373
1950.952
1950.905
1951.498
1952.337
1961.391
1960.934
1959.123
1958.531
1958.988
1958.148
1953.407
1950.21
1969.395
1974.136
1977.074
1977.12
1974.182
1972.346
1963.292
1958.601
1955.864
1952.926
1951.28
1948.317
1947.576
1928.391
1937.444
1937.901
1936.127
1933.188
1928.448
1927.608
1946.793
1946.747
1951.488
1951.031
1951.87
1950.862
1944.936
1935.883
1933.049
1931.623
1932.216
1931.623
1934.562
1934.608
1915.423
1912.218
1906.169
1883.971
1880.761
1877.798
1869.733
1889.57
1876.62
1879.083
1879.036
1874.236
1873.386
1875.246
1872.782
1870.923
1861.756
1861.156
1841.731
1841.269
1838.294
1834.94
1825.773
1824.106
1823.22
1814.907
1795.752
1794.002
1790.867
1790.085
1788.642
1788.042
1787.067
1780.667
1777.798
1775.942
1762.992
1761.823
1761.365
1756.409
1761.365
1761.939
1761.365
1760.504
1759.607
1746.22
1743.752
1737.085
1734.073
1731.578
1728.673
1729.247
1727.538
1728.399
1731.304
1730.73
1730.682
1751.166
1748.261
1749.969
1751.849
1748.923
1747.815
1747.863
1748.622
1747.762
1747.002
1745.122
1746.23
1745.281
1721.357
1712.148
1711.502
1708.464
1707.705
1703.54
1702.357
1688.888
1687.648
1682.496
1678.876
1684.901
1683.787
1687.407
1689.876
1690.989
1689.749
1687.281
1681.255
1682.496
1702.167
1703.35
1713.134
1711.9
1709.186
1708.578
1702.097
1698.811
1684.292
1683.185
1678.324
1671.843
1663.78
1663.526
1665.299
1663.526
1663.058
1676.244
1645.712
1676.244
1676.497
1679.737
1682.451
1684.16
1670.975
1671.755
1668.515
1666.806
1664.092
1663.311
1663.78
1661.897
1659.402
1679.073
1669.289
1666.992
1664.086
1662.267
1661.083
1657.687
1658.87
1668.654
1648.983
1648.085
1639.668
1637.083
1638.267
1657.938
1667.722
1657.938
1638.267
1637.083
1617.686
1602.873
1598.013
1601.151
1604.056
1594.597
1591.692
1611.09
1607.951
1622.764
1632.223
1637.083
1635.016
1634.442
1633.18
1620.066
1617.598
1617.13
1597.459
1596.275
1597.459
1607.243
1597.459
1617.13
1616.016
1613.431
1609.852
1608.591
1607.262
1598.992
1586.565
1582.557
1571.918
1571.158
1567.15
1563.53
1583.2
1573.417
1574.6
1573.417
1583.2
1563.53
1561.462
1556.727
1544.628
1545.811
1536.027
1516.357
1526.14
1524.957
1544.628
1521.767
1520.919
1518.851
1535.503
1532.561
1531.215
1521.813
1521.022
1518.181
1511.899
1491.975
1493.174
1503.083
1493.174
1491.975
1472.052
1491.975
1494.017
1497.094
1510.652
1513.472
1551.453
1552.731
1551.609
1551.028
1551.9
1548.957
1551.9
1551.028
1549.124
1547.393
1548.515
1549.096
1549.144
1548.375
1549.144
1547.946
1568.691
1567.569
1546.824
1526.901
1528.631
1518.722
1518.141
1518.093
1519.997
1517.379
1516.578
1503.993
1497.428
1494.486
1491.153
1489.069
1516.493
1526.073
1529.401
1530.191
1540.1
1541.581
1546.453
1569.504
1607.485
1604.958
1603.054
1595.371
1594.249
1593.345
1585.178
1584.217
1583.089
1569.734
1561.567
1559.484
1558.83
1578.205
1577.334
1538.86
1539.731
1578.205
1577.581
1576.78
1564.367
1551.953
1548.469
1559.194
1555.395
1554.724
1559.724
1569.556
1608.536
1632.194
1633.714
1630.298
1620.466
1610.296
1613.712
1614.523
1586.378
1614.523
1590.865
1601.035
1596.035
1594.515
1555.535
1554.724
1554.127
1554.724
1549.572
1554.724
1534.56
1531.298
1521.466
1506.069
1501.016
1497.997
1494.197
1470.539
1467.382
1466.57
1463.654
1462.134
1452.302
1448.886
1450.406
1449.594
1459.764
1487.909
1492.909
1469.251
1492.909
1464.764
1425.784
1424.264
1432.949
1436.41
1431.343
1470.843
1471.666
1481.629
1481.309
1480.669
1512.829
1509.416
1512.829
1513.096
1514.962
1514.696
1511.837
1512.33
1514.13
1512.33
1515.189
1513.322
1499.433
1500.256
1468.096
1467.602
1466.78
1480.669
1479.844
1476.267
1466.567
1461.5
1432.98
1409.007
1405.546
1415.509
1410.442
1400.479
1439.979
1441.519
1431.213
1441.519
1470.039
1470.861
1431.361
1434.822
1433.282
1438.349
1462.322
1461.5
1463.04
1465.762
1469.984
1475.104
1481.931
1521.431
1530.142
1554.116
1556.974
1556.924
1555.984
1555.078
1553.094
1513.594
1512.772
1536.746
1576.246
1604.766
1565.266
1563.726
1565.266
1570.332
1573.793
1563.83
1539.857
1511.337
1512.159
1522.464
1517.398
1527.361
1523.9
1513.594
1527.781
1536.274
1540.088
1538.171
1536.393
1534.27
1524.307
1523.218
1522.898
1526.359
1529.218
1541.962
1542.908
1545.031
1546.278
1548.056
1522.856
1529.389
1532.856
1534.162
1536.884
1539.051
1542.111
1551.889
1545.356
1542.633
1539.573
1529.796
1554.996
1551.529
1549.546
1547.379
1546.072
1548.056
1548.878
1543.811
1519.838
1509.532
1481.012
1520.512
1522.052
1512.089
1536.062
1539.523
1500.023
1505.09
1533.61
1530.149
1529.327
1527.787
1538.092
1539.516
1534.396
1532.596
1529.968
1524.901
1519.834
1516.021
1541.221
1543.344
1552.056
1554.656
1550.433
1510.933
1514.133
1528.233
1532.456
1535.314
1533.986
1540.812
1542.936
1540.213
1538.09
1541.023
1542.352
1535.526
1496.026
1490.906
1487.972
1490.694
1466.721
1458.01
1455.151
1463.862
1465.402
1451.302
1490.802
1514.776
1513.236
1510.036
1515.156
1554.656
1552.878
1556.339
1558.117
1555.993
1552.532
1549.673
1562.418
1563.664
1564.61
1566.733
1569.592
1556.848
1555.601
1554.656
1552.306
1550.128
1529.696
1526.282
1505.562
1492.473
1494.013
1492.473
1491.05
1467.077
1472.143
1443.623
1404.123
1443.623
1440.162
1468.682
1478.988
1478.166
1502.139
1505.6
1495.294
1496.117
1506.08
1501.013
1498.836
1493.769
1493.089
1489.239
1473.637
1472.837
1451.13
1421.203
1408.672
1384.375
1392.983
1407.361
1411.226
1396.848
1392.983
1384.375
1383.111
1380.214
1382.366
1384.168
1387.065
1385.264
1372.347
1373.61
1377.118
1390.035
1387.883
1384.375
1385.333
1384.375
1384.324
1383.514
1382.595
1381.412
1382.595
1380.77
1383.872
1384.484
1381.383
1383.39
1381.383
1382.194
1381.581
1381.632
1359.765
1361.589
1362.508
1384.375
1408.672
1399.843
1392.925
1395.822
1435.856
1434.295
1424.197
1384.163
1382.602
1384.163
1380.655
1384.935
1356.029
1364.858
1364.025
1361.266
1358.368
1318.334
1321.093
1316.814
1311.625
1318.544
1313.409
1302.964
1308.153
1283.856
1259.559
1258.91
1256.012
1215.979
1212.628
1199.712
1201.864
1199.712
1198.448
1199.407
1196.509
1197.773
1196.814
1209.731
1213.239
1215.041
1211.533
1209.731
1212.628
1211.939
1210.622
1209.608
1203.122
1202.163
1198.655
1197.811
1194.913
1181.997
1184.149
1182.885
1182.236
1195.153
1193.001
1190.104
1188.302
1189.565
1192.463
1194.265
1195.223
1198.731
1191.812
1200.641
1197.743
1202.023
1193.194
1191.633
1198.552
1203.741
1179.444
1176.685
1171.495
1211.529
1213.09
1173.056
1175.954
1200.251
1195.972
1198.731
1194.866
1203.474
1207.339
1221.717
1207.339
1198.731
1196.096
1175.387
1174.205
1176.357
1173.459
1176.357
1175.399
1177.2
1175.399
1162.482
1163.44
1176.357
1177.62
1175.468
1174.205
1177.713
1174.205
1171.57
1169.363
1168.41
1163.221
1153.123
1147.988
1146.974
1137.407
1177.44
1137.407
1144.325
1140.046
1137.149
1131.959
1130.399
1133.296
1108.999
1102.08
1099.321
1103.6
1127.898
1130.657
1121.828
1130.657
1135.846
1137.407
1140.304
1143.812
1130.895
1129.093
1128.135
1124.627
1123.364
1120.466
1121.425
1123.226
1136.143
1137.407
1139.559
1137.407
1134.743
1131.354
1122.745
1082.712
1077.212
1071.921
1071.309
1071.921
1077.212
1062.833
1058.968
1050.36
1017.766
1016.955
1015.766
1006.779
1003.882
1001.73
1000.466
999.508
986.591
983.083
981.282
979.271
976.17
962.17
961.157
958.184
955.425
995.458
971.161
956.87
959.63
960.976
963.874
1003.908
963.874
978.164
972.975
976.218
985.047
982.074
973.245
977.525
973.245
997.543
996.196
994.044
997.017
1003.936
1000.693
960.659
962.811
968
965.102
963.542
956.623
958.184
955.286
954.453
952.628
952.358
966.435
968.259
964.8
967.697
953.62
986.215
986.715
954.12
954.391
953.891
954.724
958.184
956.292
958.184
948.616
945.953
954.573
975.861
975.912
985.958
989.218
989.876
990.382
991.314
996.574
990.054
996.574
997.78
996.574
995.232
999.15
995.232
996.574
999.245
996.574
995.656
955.074
947.86
946.654
943.098
940.009
939.078
933.817
933.311
933.817
955.105
965.151
965.808
955.763
959.023
964.283
964.334
961.074
960.417
939.129
940.061
940.009
948.959
951.756
992.338
996.676
999.613
974.983
969.723
966.785
968.368
961.354
985.984
991.244
998.258
957.676
953.338
944.388
941.591
940.009
936.749
924.787
914.954
892.343
876.412
861.725
871.573
860.907
854.107
850.393
854.518
856.446
858.096
867.196
878.238
879.631
878.945
856.745
851.26
851.206
873.406
874.377
884.854
884.325
873.849
870.449
870.977
876.463
876.517
879.917
880.602
879.631
881.56
881.506
879.577
878.606
877.958
874.68
851.563
852.42
855.699
857.82
858.792
881.908
881.962
882.61
881.752
880.502
881.752
879.631
856.514
844.507
847.1
856.6
859.743
870.785
879.885
878.235
874.11
876.038
877.431
868.331
866.402
868.052
857.011
855.618
859.743
837.543
837.489
832.004
831.475
830.789
829.818
840.294
840.348
845.833
846.805
843.405
844.09
866.29
855.814
856.343
859.743
859.689
857.414
856.079
854.025
850.746
823.746
821.471
823.746
833.08
830.294
820.961
847.961
850.746
847.683
857.017
862.502
820.181
862.502
864.152
838.467
864.152
854.819
853.169
856.086
850.6
846.076
843.16
835.845
843.16
847.683
850.746
848.818
852.943
854.871
865.913
875.013
876.406
878.056
873.931
862.889
861.496
859.846
850.746
851.275
851.329
852.3
852.246
851.718
829.518
839.994
834.508
835.194
831.794
831.108
830.137
833.537
855.737
861.223
850.746
840.354
825.473
836.016
825.388
802.866
802.92
802.866
799.417
800.112
803.562
826.083
825.098
835.726
841.291
842.277
836.711
836.016
835.479
836.016
837.429
828.197
826.784
825.364
814.162
823.394
827.579
825.905
823.948
825.905
827.579
838.78
834.595
831.636
828.529
802.471
800.797
793.377
787.812
783.222
773.754
730.819
715.399
715.344
716.04
716.576
716.04
719.489
720.462
731.246
732.246
721.462
744.315
740.815
739.815
739.109
744.756
721.903
721.958
716.311
706.532
703.297
706.532
709.201
706.532
716.311
706.944
705.245
693.879
705.245
707.23
708.664
706.679
710.925
706.679
708.377
717.745
716.311
747.767
750.826
757.826
761.515
771.294
776.941
800.738
815.174
822.703
811.919
834.772
835.772
835.066
838.566
832.919
838.566
838.022
837.967
838.022
848.806
849.35
848.35
825.498
826.203
822.703
826.392
827.299
827.843
829.218
836.424
838.385
844.142
832.776
844.142
842.708
846.955
848.653
846.668
848.102
857.469
853.223
843.855
842.157
844.142
853.8
851.374
848.665
849.218
872.412
872.356
883.301
879.749
879.032
868.087
867.535
861.803
867.535
871.087
872.102
872.818
871.803
871.859
848.665
846.289
843.005
798.789
795.206
779.423
777.935
781.679
782.6
784.59
782.6
783.152
782.231
783.627
776.313
772.57
778.413
777.017
771.174
778.488
777.935
776.211
787.748
776.211
774.756
772.741
782.249
772.741
777.051
778.775
774.465
775.92
777.935
788.813
787.745
785.495
783.317
777.499
776.468
765.357
741.812
741.251
740.524
736.918
736.861
735.111
723.4
722.466
721.905
723.951
714.299
712.279
708.643
712.443
713.378
709.577
721.288
723.308
715.884
725.535
724.058
724.619
726.096
724.051
728.426
722.494
729.918
735.85
737.6
736.183
731.808
704.566
703.535
708.097
709.536
706.151
709.536
712.328
709.536
719.767
709.536
715.559
711.559
710.99
711.687
710.764
710.067
704.044
702.544
692.744
680.853
678.776
676.999
672.556
678.403
677.833
670.295
670.864
672.915
678.938
677.5
681.359
675.336
676.285
674.233
670.374
669.426
676.964
678.403
672.495
676.354
701.249
676.354
709.262
701.938
698.079
705.403
708.603
693.5
692.762
695.93
662.508
652.117
660.117
666.117
676.508
668.508
683.846
680.596
676.677
677.641
669.984
677.641
677.063
675.602
681.719
683.802
685.263
689.182
689.76
683.643
682.68
680.596
682.706
672.497
673.865
699.148
698.086
699.148
699.857
699.798
700.736
700.794
703.115
706.701
700.701
697.115
696.406
671.122
668.802
666.693
665.326
664.388
626.701
610.424
608.237
607.924
603.924
603.346
602.383
599.033
596.923
600.173
610.564
634.845
638.035
649.493
650.54
652.072
652.822
653.4
657.15
692.22
693.681
695.056
702.446
690.898
689.708
692.589
689.097
699.652
703.144
692.589
689.708
695.922
691.94
684.163
683.184
683.771
682.287
681.7
679.583
681.7
685.681
687.165
680.951
681.93
689.708
686.189
675.819
674.866
674.104
648.263
650.38
653.475
661.253
660.665
666.88
670.522
674.102
672.618
668.636
687.21
688.694
691.823
692.41
684.632
685.352
689.333
688.354
686.238
680.024
681.003
643.725
645.209
680.836
679.439
677.955
681.765
646.138
642.328
643.725
647.706
644.405
610.452
626.034
659.987
634.302
642.429
649.984
653.286
659.381
648.825
641.27
635.175
631.193
656.878
667.434
651.852
643.725
642.746
641.262
639.146
635.164
627.386
621.172
620.585
622.946
634.586
664.586
668.713
664.586
662.007
660.451
630.451
627.21
619.433
620.988
624.229
626.808
615.168
612.807
609.164
616.942
620.585
618.766
624.713
621.738
610.836
613.811
617.418
628.32
624.713
593.73
583.019
580.408
586.832
588.39
584.39
621.799
623.265
621.707
620.24
624.24
586.832
584.582
562.456
559.757
557.469
553.069
564.34
568.23
540.637
540.01
548.976
547.458
508.76
510.372
549.07
547.458
543.32
547.458
548.976
557.803
566.01
569.596
560.769
556.444
519.565
556.444
539.519
546.139
542.553
535.932
508.033
524.958
516.751
528.217
516.751
521.076
548.976
545.182
533.717
530.588
525.609
527.299
514.655
518.241
529.707
528.017
527.19
523.67
550.463
546.876
559.52
558.882
562.402
550.937
524.144
525.299
524.144
524.782
525.609
521.471
522.989
524.601
523.083
521.471
560.17
564.307
525.609
528.17
529.342
530.376
529.595
531.103
533.431
561.33
559.003
555.046
553.537
557.494
529.595
530.376
527.816
526.644
526.708
526.644
525.609
521.652
525.014
528.412
525.05
524.269
520.871
524.759
504.583
505.365
509.322
529.497
525.609
527.69
525.98
525.184
518.316
522.175
527.947
570.263
568.515
566.971
562.76
564.401
565.944
526.567
530.778
529.137
568.515
551.292
542.942
538.541
534.585
542.936
536.199
553.421
557.822
554.173
516.646
504.98
511.716
509.997
513.646
542.035
553.702
544.719
542.11
538.689
547.671
519.282
556.808
555.265
556.808
552.598
513.221
517.431
556.808
555.168
556.808
560.835
549.168
545.142
556.808
553.387
549.806
546.385
544.841
536.49
544.841
543.121
544.841
548.262
543.244
548.262
549.806
545.244
536.262
529.595
525.946
523.92
519.709
523.92
525.56
564.937
566.481
564.937
525.56
523.92
541.142
529.475
567.001
578.668
583.069
554.68
563.662
556.925
563.662
559.262
555.613
546.63
538.279
546.63
575.019
578.668
541.142
523.92
535.586
508.323
507.148
505.428
504.779
532.042
531.2
534.849
531.268
527.618
528.268
516.601
520.183
533.048
520.183
521.025
522.744
523.92
544.449
547.906
544.449
541.028
544.449
540.423
536.466
515.937
519.893
523.92
523.124
523.92
484.542
480.332
478.692
477.148
481.007
486.779
482.92
477.148
519.463
477.148
474.354
472.327
465.661
454.199
455.392
451.365
452.418
456.444
455.649
453.281
455.649
484.038
485.573
486.368
485.316
485.25
483.715
455.326
457.931
456.738
454.133
454.199
455.284
463.88
465.591
482.813
515.971
520.497
547.76
549.48
561.146
557.12
561.146
549.48
511.953
494.731
485.749
489.398
493.798
465.409
461.009
478.231
484.968
476.617
469.88
481.547
490.529
528.056
536.406
564.795
561.146
549.48
536.716
538.427
533.873
529.472
536.209
507.82
504.171
508.572
501.835
492.852
521.241
512.89
501.224
504.873
542.399
550.75
533.528
496.001
507.668
516.651
533.873
529.917
533.873
537.899
541.32
561.849
557.823
557.028
560.485
561.281
540.751
537.33
533.873
537.732
531.961
574.276
531.961
528.101
533.873
534.522
507.259
518.925
522.575
518.925
518.083
519.803
519.154
532.019
533.194
520.329
518.61
506.943
510.525
506.943
505.768
533.031
533.873
532.154
559.417
557.706
589.39
591.101
624.259
591.101
582.504
584.224
583.139
555.876
538.654
547.25
542.724
559.946
561.031
549.364
553.39
549.364
561.031
565.057
567.425
566.63
565.095
536.706
536.64
534.035
532.842
534.035
562.424
565.029
566.082
567.617
567.683
568.478
567.425
563.399
561.031
552.68
548.279
544.63
532.963
523.981
517.244
479.718
462.496
434.107
435.3
448.165
475.428
479.604
480.253
486.99
487.832
487.898
489.608
487.898
492.459
489.849
493.876
485.279
481.253
514.411
511.56
506.999
473.841
476.692
480.273
467.408
470.018
478.614
475.032
473.313
486.178
487.898
489.091
482.354
486.529
482.354
481.512
508.775
509.424
509.49
522.355
529.092
529.934
529.868
502.605
501.956
489.091
487.898
481.161
481.227
468.361
475.098
475.032
475.681
479.857
492.722
491.529
490.88
490.038
490.88
463.617
464.81
460.635
487.898
481.161
508.424
508.49
509.683
510.332
517.069
519.642
523.817
510.952
510.11
510.952
506.776
506.711
505.518
478.254
477.605
478.401
482.427
478.401
481.858
483.677
480.195
476.676
472.649
471.839
492.735
496.762
500.244
479.348
511.455
512.313
514.063
480.313
482.054
480.313
514.063
514.129
512.379
544.629
516.879
515.775
543.525
544.629
527.1
527.76
536.51
527.76
495.51
499.469
516.999
516.338
544.088
548.338
549.195
556.052
554.838
550.588
563.683
562.826
555.969
555.902
555.969
553.35
525.6
526.814
527.475
484.403
478.528
484.403
480.475
523.546
527.475
531.725
527.475
526.618
527.832
526.618
513.522
506.665
478.915
478.254
478.188
478.848
506.598
519.693
526.551
527.408
527.475
539.35
527.475
523.376
527.475
528.671
526.921
526.064
526.725
554.475
553.814
550.1
561.975
565.689
552.594
554.344
567.439
555.564
527.814
526.618
527.475
523.829
527.475
526.814
531.064
526.814
526.747
498.997
485.902
485.045
478.188
479.402
479.469
478.254
485.112
512.862
525.957
526.814
527.475
541.277
542.946
570.696
570.763
583.859
584.519
612.269
599.174
597.96
597.299
569.549
565.299
566.513
559.656
563.906
564.763
564.696
563.839
570.696
579.268
611.375
617.25
635.75
646.452
647.845
649.586
647.845
648.506
648.573
644.615
644.548
645.405
644.548
676.655
644.548
643.887
647.845
647.912
647.055
633.96
606.21
605.549
606.406
607.067
600.21
598.996
626.746
622.496
622.429
626.679
639.774
646.631
647.845
634.043
635.713
634.043
647.845
620.095
647.845
620.095
613.238
608.988
608.921
608.064
594.969
593.754
593.094
590.442
589.371
560.475
556.376
555.567
553.156
551.594
551.527
550.313
522.563
550.313
536.51
538.482
536.813
538.482
510.732
509.063
507.091
508.76
522.563
550.313
545.205
543.634
547.116
538.616
536.866
541.973
543.723
540.241
548.741
550.313
548.571
539.821
538.717
538.65
537.99
555.519
556.18
560.138
528.031
526.281
498.531
532.281
532.348
534.098
533.241
499.491
527.241
528.982
561.232
569.982
571.086
553.557
549.598
517.348
518.205
550.313
553.795
549.696
550.506
571.402
550.506
554.533
550.506
549.696
546.177
549.696
553.795
550.313
548.643
591.714
605.516
591.714
595.643
601.518
573.768
601.518
595.643
591.714
593.384
550.313
538.438
534.339
506.589
474.482
502.232
493.661
492.268
478.466
480.135
490.838
472.338
504.445
505.838
519.64
513.765
503.063
501.393
509.964
528.464
534.339
536.08
534.339
534.768
539.247
543.176
556.271
564.771
565.628
584.229
556.479
558.229
546.354
547.551
575.301
562.205
558.56
562.274
560.604
561.265
574.36
570.646
542.896
542.039
555.841
583.591
587.237
588.906
588.246
574.443
573.247
574.104
572.354
584.229
583.568
584.229
584.162
583.305
587.263
619.371
620.228
620.295
616.336
584.229
613.125
614.875
619.161
617.491
589.741
575.939
594.54
606.415
609.935
615.091
617.935
621.176
626.225
627.421
631.65
663.757
681.287
685.246
653.138
654.879
654.219
621.969
622.826
595.076
595.143
594.286
594.219
595.969
587.219
588.323
588.984
571.454
580.204
578.463
574.504
540.754
568.504
566.754
599.004
597.9
631.65
625.775
657.882
656.49
645.787
637.216
605.109
623.609
625.001
606.501
612.376
620.948
631.65
627.552
648.448
649.257
628.362
631.844
635.871
639.969
639.159
635.677
631.65
628.131
631.65
625.775
629.704
635.579
631.65
674.722
631.65
650.251
670.734
683.725
688.368
705.436
710.071
710.138
721.805
724.216
725.957
724.216
722.466
751.362
747.076
718.18
719.93
724.216
692.109
692.042
691.381
690.524
686.565
685.369
684.512
680.866
668.991
668.33
666.58
662.866
649.771
622.021
620.628
614.753
604.051
595.479
563.372
544.872
572.622
544.872
545.976
544.226
542.485
533.735
532.631
550.161
532.631
534.381
500.631
534.381
543.131
544.872
577.122
544.872
586.81
589.22
591.872
604.967
607.869
612.976
617.205
622.254
618.025
616.829
618.025
612.976
599.985
599.918
582.85
599.918
579.436
567.769
572.412
574.823
586.49
581.854
563.253
560.842
565.478
565.545
560.902
573.893
594.375
612.976
607.82
604.976
607.82
589.219
592.46
611.061
607.542
619.417
616.176
604.301
609.457
612.976
614.243
618.071
620.452
637.521
639.19
643.826
646.67
649.326
644.683
640.585
631.835
633.585
631.835
629.179
595.429
591.783
595.429
608.524
613.167
610.265
613.167
621.917
626.015
612.92
646.67
650.152
621.256
625.542
621.256
617.737
596.841
593.359
589.26
618.156
622.183
643.079
646.598
642.571
646.67
645.86
644.11
645.86
646.67
603.598
597.723
601.652
644.723
650.598
646.67
648.411
646.67
649.051
646.207
644.537
643.271
660.339
664.975
668.804
670.07
665.435
663.054
659.225
662.068
663.738
646.67
649.051
645.222
646.891
645.625
640.99
623.921
622.251
619.871
621.137
624.966
629.601
646.67
649.513
646.67
629.601
632.445
634.115
632.445
629.601
633.43
632.164
627.528
623.699
624.966
642.034
639.653
644.289
646.67
642.034
639.653
656.722
661.357
663.738
666.582
670.411
667.567
668.833
670.503
668.833
665.004
663.738
646.67
644.92
643.815
644.92
678.67
696.199
728.449
730.19
728.449
696.199
662.449
634.699
662.449
664.199
646.67
637.92
646.67
626.188
628.598
615.607
634.208
634.275
629.64
646.708
629.64
629.573
642.564
630.897
635.533
656.015
651.372
648.961
653.604
665.271
646.67
644.92
649.205
644.92
646.67
617.774
646.67
647.936
649.606
646.762
645.092
648.921
665.99
668.371
665.99
661.354
665.99
664.723
647.655
643.826
646.67
648.411
682.161
691.304
693.714
694.981
712.049
716.685
719.528
723.357
720.976
716.341
714.671
716.341
712.512
709.668
712.049
710.783
693.714
692.518
688.289
683.24
681.499
683.24
689.115
710.01
706.082
702.563
701.753
705.851
709.78
713.262
670.19
666.164
662.682
666.201
645.305
641.207
642.016
636.141
679.213
683.24
680.859
679.189
675.36
658.292
657.025
654.182
649.546
644.39
647.909
650.753
647.234
628.632
633.789
645.664
642.82
639.579
627.704
646.305
649.546
651.118
649.368
640.868
645.975
640.868
639.296
635.814
644.314
646.064
649.546
677.296
677.957
682.207
695.302
696.159
696.226
703.083
704.298
685.696
681.054
663.985
650.994
650.927
648.516
643.881
632.214
611.732
624.827
617.97
618.827
618.76
646.51
633.415
640.272
640.933
639.719
638.862
640.076
640.143
644.393
640.143
612.393
611.732
616.018
614.268
643.164
644.914
616.018
611.732
612.836
580.586
614.336
612.595
640.345
638.595
610.845
593.315
584.565
586.307
588.057
586.952
595.702
627.952
594.202
611.732
604.875
604.018
631.768
630.554
631.411
635.661
636.321
649.417
621.667
608.571
604.321
611.179
611.246
611.179
612.393
611.732
639.482
643.732
642.518
643.179
630.083
630.15
643.246
644.103
644.036
643.375
644.589
643.732
639.482
632.625
639.482
611.732
623.107
626.024
627.765
626.024
625.167
625.827
653.577
666.673
673.53
677.78
676.565
676.499
676.565
663.47
662.81
655.952
628.202
623.952
625.167
626.024
629.265
633.193
645.068
641.14
641.997
648.854
647.64
646.783
639.926
640.586
639.926
626.83
620.955
622.17
626.42
626.487
654.237
649.987
622.237
579.165
592.26
592.193
588.674
567.778
566.969
562.942
558.844
555.362
559.29
563.769
559.841
555.362
573.963
582.463
573.963
573.534
574.391
578.641
582.927
582.07
595.165
595.594
576.993
579.374
566.278
567.493
554.397
550.147
563.243
563.176
570.033
569.372
597.122
596.265
600.515
601.176
602.033
602.1
595.243
594.028
566.278
566.939
567.006
565.792
593.542
600.399
572.649
573.863
586.958
586.101
590.351
591.208
584.351
571.256
571.189
566.939
566.278
568.028
563.743
534.847
533.097
537.382
566.278
594.028
593.368
592.51
579.415
579.482
586.339
587.196
591.446
584.589
597.685
596.47
597.685
593.435
593.368
565.618
566.278
563.037
551.162
547.234
551.162
554.403
566.278
604.475
621.543
625.772
628.674
626.933
599.183
566.933
568.683
586.213
585.109
586.85
585.1
617.35
626.1
627.204
660.954
652.204
634.674
662.424
628.674
629.888
650.784
655.356
656.213
669.204
681.079
693.722
696.565
684.69
666.089
684.69
696.565
691.409
696.565
700.085
696.844
694
690.481
693.722
680.626
679.412
678.751
678.685
671.827
670.97
643.22
638.97
605.22
606.961
597.818
631.568
629.158
638.301
640.711
638.97
652.065
672.548
673.94
674.851
679.101
683.893
688.536
686.795
688.536
685.295
673.42
676.661
672.732
684.607
688.536
707.536
712.643
724.018
730.804
733.304
739.179
768.25
772.677
776.927
781.025
799.909
801.176
804.695
805.909
810.159
819.564
823.046
834.921
830.635
849.237
852.478
881.374
885.659
887.409
858.513
856.763
857.424
875.924
879.638
883.868
885.43
899.232
900.69
921.586
925.685
927.024
928.238
935.024
935.935
915.039
935.935
930.827
949.827
951.286
962.661
943.661
932.286
930.827
935.935
939.176
943.104
939.863
951.738
939.863
935.935
968.185
940.435
942.176
908.426
906.676
904.935
896.185
929.935
931.039
958.789
976.318
978.068
945.818
954.568
953.464
935.935
956.83
955.08
952.424
965.519
970.162
957.067
954.165
945.415
946.874
948.624
982.374
985.03
951.28
947.182
926.286
924.827
928.926
931.827
928.182
931.827
927.185
935.935
976.015
980.113
983.942
1002.942
1004.208
1002.75
981.854
983.313
1004.208
987.14
1025.336
1042.405
1004.208
1008.635
1012.155
1025.499
1030.606
1049.49
1050.299
1052.68
1071.281
1083.924
1104.82
1100.249
1087.606
1066.71
1065.496
1077.371
1078.228
1079.442
1092.433
1091.576
1078.585
1066.71
1071.281
1083.924
1063.028
1083.924
1085.382
1083.924
1082.183
1101.183
1082.183
1087.29
1082.183
1070.808
1082.183
1078.942
1067.067
1078.942
1060.341
1063.582
1082.183
1083.641
1104.537
1083.641
1082.183
1076.308
1080.735
1078.235
1080.735
1076.485
1105.557
1076.485
1082.36
1077.933
1082.183
1075.397
1082.183
1085.424
1082.183
1070.308
1082.183
1078.254
1082.183
1079.339
1067.464
1072.621
1075.464
1094.065
1088.909
1092.429
1095.67
1092.429
1073.827
1070.308
1082.183
1111.079
1082.183
1077.897
1076.147
1080.433
1082.183
1077.933
1080.314
1077.933
1073.647
1077.897
1082.183
1083.641
1104.537
1083.641
1082.183
1086.433
1095.838
1092.356
1096.454
1099.973
1081.089
1084.571
1103.455
1099.936
1101.15
1096.9
1092.802
1091.536
1092.802
1083.397
1082.183
1061.287
1062.746
1083.641
1082.183
1081.272
1077.174
1070.388
1069.049
1070.388
1071.299
1078.085
1076.871
1080.969
1082.183
1070.808
1065.701
1046.701
1025.805
1046.701
1045.243
1046.701
1067.597
1069.055
1048.159
1046.701
1043.46
1039.531
1027.656
1036.799
1003.049
1000.638
998.897
989.754
1023.504
1025.246
1027.656
993.906
992.165
983.415
982.311
950.061
948.311
930.781
903.031
882.135
880.677
892.552
880.677
883.918
902.519
883.918
880.677
866.875
867.536
849.036
867.536
863.307
867.021
866.36
870.589
872.152
885.954
884.391
880.677
882.07
886.713
866.231
867.141
871.933
892.415
888.165
883.374
887.624
900.719
899.808
886.713
885.32
880.677
876.391
847.496
876.391
878.141
876.391
880.677
920.757
939.757
943.586
947.685
943.586
924.586
884.506
880.677
883.177
912.249
918.124
922.374
918.124
922.551
929.336
922.551
920.051
890.979
886.552
880.677
884.927
884.994
886.208
886.869
899.964
927.714
928.571
935.429
952.497
914.301
952.497
935.429
926.929
928.679
923.571
919.473
918.259
916.92
918.491
925.277
929.375
928.464
929.804
931.018
936.125
934.554
931.071
929.321
937.821
938.732
942.214
935.429
948.42
927.524
922.952
943.848
945.063
949.634
936.991
949.634
948.42
936.545
937.402
949.277
948.42
935.429
931.909
928.427
927.161
936.565
935.351
936.618
927.213
908.329
904.231
907.75
903.5
922.384
926.482
930.732
934.214
935.429
939.679
938.464
937.804
944.661
916.911
910.054
905.804
918.899
946.649
933.554
932.696
932.629
932.696
933.911
934.571
935.429
954.313
953.503
949.984
931.382
933.763
928.656
916.013
934.615
938.134
935.753
922.409
935.052
935.862
940.289
945.396
958.74
939.856
935.429
928.571
924.321
923.661
936.756
937.613
941.863
914.113
901.018
907.875
906.661
905.804
905.871
907.085
907.018
934.768
935.429
954.03
965.905
954.03
957.271
954.03
935.429
923.554
920.71
924.229
920.988
902.387
897.231
900.472
896.952
899.796
904.952
916.827
935.429
934.768
933.911
933.844
920.749
921.409
921.476
922.69
921.476
949.226
956.083
928.333
929.19
924.94
929.19
922.333
935.429
939.679
939.018
966.768
965.911
964.696
965.554
966.768
939.018
952.113
947.863
934.768
927.911
927.844
928.504
935.362
935.429
933.679
904.783
900.497
900.564
928.314
928.247
921.39
920.729
892.979
906.074
912.932
913.592
917.842
904.747
900.497
899.64
900.497
899.283
900.497
894.622
865.551
871.426
900.497
897.997
891.211
895.638
898.138
893.888
889.461
893.711
900.497
899.836
906.693
906.626
907.484
907.551
908.211
935.961
929.104
928.247
927.033
922.783
923.997
928.247
915.152
887.402
900.497
896.399
897.31
904.095
905.435
904.22
905.435
904.095
903.185
907.283
900.497
904.747
909.033
911.414
907.128
902.878
900.497
899.283
899.35
900.01
895.76
895.693
896.551
868.801
870.015
874.265
867.408
854.313
861.17
860.313
888.063
901.158
900.497
899.836
900.497
904.211
908.44
889.94
908.44
906.878
902.649
888.847
885.132
898.935
900.497
903.414
892.039
889.122
900.497
897.256
915.857
919.098
930.973
919.098
900.497
872.747
859.652
863.75
863.683
823.603
823.67
822.455
815.598
822.455
823.313
827.141
822.891
862.972
876.067
877.281
881.531
900.531
899.871
899.013
895.185
922.935
903.935
899.836
900.497
896.247
899.729
903.979
899.881
901.147
905.246
903.979
907.499
916.903
898.019
894.5
893.286
894.5
891.018
909.902
900.497
900.564
904.522
905.183
906.04
938.147
940.991
958.06
959.729
962.11
966.746
968.012
971.841
967.591
939.841
932.984
931.769
930.912
917.817
917.156
917.089
900.021
861.824
873.699
874.914
874.057
861.414
848.423
843.851
856.494
855.28
876.176
880.747
868.872
881.863
882.72
861.824
862.682
867.161
871.089
884.185
902.786
894.286
875.685
862.589
858.661
858.232
858.661
854.182
862.682
861.824
864.668
868.497
885.565
890.201
892.582
875.513
872.67
871.403
867.574
869.244
864.609
865.875
864.205
861.824
895.574
886.432
899.775
908.918
910.659
876.909
878.784
881.195
894.997
893.256
925.506
937.381
990.283
991.741
996.027
993.616
995.357
996.624
994.954
991.125
986.49
990.318
993.162
976.094
980.729
978.348
980.729
997.798
996.531
998.201
995.357
997.738
996.929
984.286
981.905
977.478
958.594
962.113
966.54
985.424
990.531
1009.132
1009.942
1022.585
1003.984
998.876
995.357
982.013
995.357
994.696
995.357
1027.464
1027.397
1028.254
1024.296
1024.363
1023.506
1027.464
995.357
992.857
997.107
991.232
962.161
991.232
998.018
1002.445
998.195
1000.695
1006.57
1002.143
995.357
1000.149
1001.06
1014.155
1015.548
1014.155
1001.06
1005.31
1025.792
1024.881
1004.399
1009.042
1004.792
1000.149
995.357
996.696
997.911
996.696
992.598
991.259
992.17
998.955
992.17
996.268
995.357
978.289
976.619
971.984
969.14
971.521
973.19
969.362
973.19
974.457
977.301
974.92
991.988
996.624
995.357
998.598
995.357
1013.958
1002.083
1013.958
995.357
992.513
995.754
998.598
1002.118
1013.993
995.391
1000.548
1019.149
1015.629
1003.754
998.598
995.357
1012.426
1009.582
1007.912
1006.646
1003.744
1007.573
1010.417
1012.086
1009.705
1014.341
1018.57
1021.472
1017.243
1012.607
995.539
996.805
992.976
995.357
1029.107
1031.951
1043.618
1047.1
1045.833
1042.004
1024.936
1026.202
1021.567
1026.202
1023.359
1027.188
1024.807
1023.137
1025.981
1027.65
1044.719
1047.1
1014.85
1016.591
1069.493
1081.368
1094.711
1090.426
1078.551
1080.009
1066.207
1064.466
1078.268
1080.143
1078.685
1065.341
1012.439
1016.725
1014.85
1047.1
1048.314
1049.58
1030.696
1034.216
1037.698
1047.103
1051.353
1041.948
1060.832
1057.313
1056.098
1060.196
1055.946
1051.848
1050.582
1047.1
1044.689
1039.582
1026.487
984.549
981.897
978.996
978.929
982.887
978.929
979.786
947.679
947.018
946.161
978.268
978.929
978.996
977.729
973.094
971.424
968.58
972.409
977.045
973.216
970.835
972.101
989.17
990.839
993.22
976.152
978.996
970.246
967.589
970.246
973.891
970.246
967.344
1001.094
1003.996
990.9
986.257
988.007
990.626
991.876
990.126
986.028
990.671
956.921
961.019
980.019
961.019
920.939
925.037
920.939
961.019
964.848
961.019
957.305
961.019
979.519
978.859
979.519
977.957
976.69
978.253
974.024
978.253
959.753
945.951
959.753
956.909
952.274
948.445
946.064
928.996
927.729
926.06
922.818
904.217
892.342
910.943
914.185
926.06
920.185
921.399
914.613
921.399
950.47
946.22
947.56
954.345
925.274
920.847
914.061
913.15
917.577
923.452
927.551
931.801
932.711
931.372
927.274
929.774
928.56
926.06
946.955
934.313
946.188
925.292
913.417
908.845
907.988
920.631
933.622
932.408
933.622
938.193
939.051
926.06
927.176
928.435
929.649
971.586
972.247
976.205
1008.313
1009.17
1005.211
1005.278
1004.618
1004.551
1003.693
971.586
967.301
964.92
969.205
971.586
967.336
971.586
973.558
961.683
959.942
955.656
970.575
1022.548
1023.981
1025.692
1023.849
1025.722
973.749
972.316
974.158
960.598
972.265
940.58
927.471
931.681
935.139
939.488
921.213
922.009
919.67
937.944
924.835
919.817
922.156
917.807
930.917
949.469
961.89
943.338
948.355
944.898
944.102
931.681
930.488
911.936
908.478
907.234
897.994
893.968
889.792
886.371
887.02
887.863
883.974
887.863
887.928
887.086
886.437
917.981
886.437
886.371
887.02
901.766
906.167
911.722
908.538
890.263
878.596
875.412
870.346
873.14
884.807
881.349
884.807
887.991
876.325
873.531
878.596
896.871
878.596
877.404
876.307
877.5
878.596
837.395
843.281
842.044
843.281
810.123
801.14
798.772
797.061
797.711
798.553
799.746
803.921
803.987
810.724
837.987
850.852
844.186
840.159
839.265
837.949
836.756
836.822
840.997
813.734
840.997
839.141
837.968
837.904
839.076
834.973
835.8
829.18
835.8
835.162
834.335
821.691
822.329
794.26
796.674
792.57
796.674
800.948
796.674
791.001
784.45
790.122
787.708
815.777
822.329
820.921
822.731
824.343
837.227
835.323
839.461
843.927
875.065
876.746
825.668
876.746
865.28
863.44
859.302
828.164
841.49
852.955
851.274
849.464
862.79
864.198
864.134
865.306
866.134
839.341
838.703
834.599
834.664
833.836
832.664
826.043
832.664
820.02
824.124
836.767
837.405
864.198
902.897
884.552
880.595
841.897
845.593
849.55
845.853
864.198
833.198
832.56
832.496
831.668
827.846
826.967
822.864
823.743
819.116
814.634
819.116
831.76
833.105
820.461
800.685
799.341
819.116
823.743
827.846
827.782
823.678
817.057
821.161
819.989
793.195
780.552
781.379
788
788.638
801.282
801.346
802.519
801.881
801.053
827.846
826.234
839.56
841.172
836.707
863.5
850.174
846.588
833.261
851.124
851.761
853.27
856.856
855.348
837.486
833.402
846.728
846.091
850.174
841.967
845.329
846.846
845.329
843.639
840.277
845.208
853.415
848.484
850.174
837.967
826.501
827.674
807.499
794.955
807.499
819.705
839.881
835.467
834.295
835.122
839.536
851.001
850.174
849.536
836.892
832.789
831.616
844.26
817.467
818.295
818.932
818.105
822.57
823.157
823.092
829.713
829.777
823.157
824.329
813.065
845.651
842.289
841.116
839.901
837.155
839.901
834.116
801.53
800.453
811.717
815.079
816.691
803.365
776.572
803.365
816.691
815.079
815.717
815.131
821.751
822.924
822.096
822.924
810.28
805.815
832.608
836.711
849.355
842.734
842.096
842.161
840.989
840.924
842.536
869.329
842.536
840.924
827.598
840.924
841.751
841.687
835.066
835.704
831.601
835.704
823.06
823.125
829.746
830.918
857.711
856.884
869.527
868.355
841.562
840.924
842.536
855.862
829.069
815.743
842.536
840.924
845.062
857.945
909.023
910.927
909.519
907.708
896.243
897.651
884.767
886.448
882.31
851.172
867.356
854.256
852.603
802.391
813.662
815.442
841.781
837.747
837.684
836.87
840.904
847.412
834.983
835.797
835.86
829.352
828.725
827.572
828.725
841.154
841.781
815.442
801.432
797.329
808.861
802.194
797.845
792.073
792.139
792.073
791.424
818.687
814.512
787.249
774.383
775.032
781.769
782.611
786.787
799.652
798.459
799.652
792.915
792.073
810.626
806.276
805.481
807.82
826.095
838.516
843.534
825.259
821.801
834.911
835.706
840.056
835.038
821.928
819.589
801.037
788.615
792.073
778.513
805.776
778.513
776.873
790.433
792.073
790.88
786.705
786.056
758.792
745.927
745.861
745.019
738.282
736.642
723.082
732.064
704.801
718.361
745.624
747.265
744.471
739.405
721.13
717.673
706.006
702.822
700.482
696.307
692.096
664.833
651.273
649.633
663.193
665.219
666.316
670.077
666.316
670.077
651.411
690.788
651.411
670.077
674.104
670.077
671.92
703.604
690.494
691.927
639.953
628.287
626.444
605.381
607.122
605.381
617.256
615.798
611.512
664.414
668.699
682.043
695.845
693.874
706.516
685.621
686.478
685.621
673.746
686.737
691.308
686.737
698.612
719.507
718.293
705.65
692.659
693.874
703.016
706.845
708.595
711.095
709.533
708.872
712.586
708.872
727.372
728.033
732.262
713.762
727.564
723.335
709.533
711.095
722.47
711.095
714.012
711.095
729.696
730.911
732.369
752.851
762.256
766.506
771.077
776.234
780.661
786.536
798.411
801.652
806.295
808.676
810.455
830.938
839.688
841.438
855.24
874.124
881.115
892.781
893.885
899.54
906.531
913.799
917.318
935.818
942.604
961.104
980.104
981.443
986.6
990.119
986.19
985.762
977.262
972.783
971.926
953.324
940.229
941.345
945.595
949.554
963.356
910.454
922.329
975.231
970.945
969.204
955.86
988.11
989.568
991.31
995.595
981.793
995.137
997.012
995.554
963.304
951.429
949.554
929.071
929.982
943.077
942.167
929.071
927.679
929.071
949.554
954.196
958.446
954.196
949.405
954.196
949.554
952.397
952.464
956.693
960.652
964.171
985.067
951.317
939.65
936.807
933.324
936.844
918.243
899.359
900.168
919.052
906.409
904.028
900.509
913.152
908.045
907.235
909.616
928.217
941.561
928.217
923.79
928.897
933.324
934.994
936.208
940.307
944.786
957.429
958.53
960.592
964.112
965.891
1018.793
1021.637
1025.923
1029.851
1048.735
1049.839
1036.037
1017.153
1036.037
1043.028
1054.695
1052.945
1051.841
1072.323
1063.573
1065.323
1053.656
1033.174
1046.976
1055.726
1048.735
1051.302
1064.293
1065.365
1066.025
1068.525
1072.624
1091.624
1105.426
1106.235
1107.045
1110.973
1124.068
1128.167
1130.823
1164.573
1163.323
1159.677
1156.775
1161.418
1158.799
1154.156
1120.406
1116.308
1118.058
1126.808
1124.152
1122.402
1126.048
1128.949
1109.949
1105.851
1108.47
1127.47
1146.071
1105.991
1146.071
1152.929
1157.027
1160.856
1157.027
1158.128
1158.985
1161.552
1166.344
1170.594
1173.835
1213.915
1266.817
1273.603
1305.71
1306.811
1320.155
1324.79
1331.156
1344.958
1347.021
1344.119
1339.89
1335.318
1323.443
1336.086
1323.443
1310.452
1309.595
1321.47
1300.574
1313.565
1318.137
1316.923
1337.818
1339.033
1339.89
1354.899
1361.265
1365.908
1393.272
1404.647
1403.189
1391.314
1338.412
1324.61
1320.324
1318.449
1316.708
1284.458
1271.115
1277.481
1272.845
1279.631
1281.693
1286.329
1279.543
1309.069
1340.613
1330.382
1317.499
1316.435
1317.499
1319.402
1313.256
1299.93
1268.93
1217.852
1215.861
1197.628
1184.302
1195.566
1202.316
1182.54
1183.606
1175.158
1188.484
1206.717
1208.407
1228.182
1221.432
1219.743
1208.478
1216.927
1215.861
1229.187
1227.195
1229.187
1230.264
1229.187
1215.861
1219.557
1215.861
1217.378
1220.898
1222.114
1239.976
1242.536
1246.493
1253.114
1291.812
1318.605
1319.484
1324.415
1325.823
1366.315
1375.142
1376.832
1387.815
1414.608
1417.168
1419.009
1422.138
1419.009
1421.307
1409.842
1411.56
1423.026
1427.509
1425.79
1431.463
1434.592
1432.293
1426.621
1422.138
1422.203
1448.996
1450.168
1462.812
1463.45
1470.07
1470.898
1475.001
1476.51
1480.593
1479.085
1475.001
1478.588
1465.261
1478.588
1496.45
1497.088
1496.45
1492.864
1475.001
1470.526
1498.595
1511.921
1542.921
1541.017
1545.892
1539.746
1544.221
1493.144
1495.135
1493.144
1519.937
1532.82
1533.884
1540.03
1509.03
1502.478
1527.225
1540.672
1547.224
1546.161
1584.859
1584.221
1611.014
1617.635
1604.991
1617.635
1617.57
1618.208
1619.036
1620.208
1619.381
1612.76
1616.864
1616.928
1615.756
1588.963
1584.859
1589.486
1603.977
1604.805
1608.167
1625.092
1630.552
1633.112
1671.81
1675.914
1684.121
1670.795
1664.648
1613.57
1614.634
1613.57
1620.122
1618.131
1631.457
1626.981
1649.617
1662.282
1631.808
1636.887
1645.256
1638.922
1643.249
1645.174
1632.719
1633.336
1633.274
1633.336
1629.369
1630.503
1629.369
1635.769
1647.992
1651.958
1639.736
1638.936
1613.036
1613.836
1613.219
1606.819
1632.719
1633.853
1634.608
1638.875
1649.492
1657.425
1662.238
1673.126
1655.501
1656.118
1669
1656.118
1675.235
1674.618
1676.251
1688.474
1669.357
1686.982
1680.582
1679.551
1679.614
1678.814
1704.714
1678.814
1679.947
1667.725
1659.558
1659.496
1665.896
1655.007
1653.374
1654.174
1653.04
1646.515
1654.682
1658.649
1665.174
1666.204
1662.238
1657.911
1656.883
1648.712
1636.047
1642.487
1655.153
1653.195
1657.595
1651.154
1638.054
1651.154
1687.408
1717.883
1712.804
1691.257
1712.804
1714.761
1715.806
1719.84
1725.527
1730.421
1735.268
1737.556
1741.285
1741.912
1741.099
1767.438
1768.251
1768.315
1768.942
1742.603
1741.976
1740.823
1736.79
1740.823
1753.253
1759.761
1747.332
1747.268
1740.76
1741.912
1745.641
1781.895
1788.336
1790.294
1798.599
1816.633
1819.973
1824.041
1841.965
1838.236
1834.168
1852.974
1856.64
1839.015
1840.676
1843.331
1840.676
1839.015
1789.64
1776.758
1770.425
1783.307
1787.633
1751.983
1739.529
1788.904
1787.876
1817.843
1819.768
1832.222
1827.896
1797.929
1748.554
1749.582
1755.915
1753.99
1760.302
1743.318
1744.474
1747.821
1751.583
1750.141
1756.436
1752.673
1778.149
1774.802
1777.236
1751.761
1753.204
1746.908
1710.113
1708.958
1706.523
1723.507
1760.302
1734.827
1734.22
1738.122
1737.007
1733.105
1733.712
1734.827
1722.805
1716.51
1715.723
1722.018
1747.493
1748.28
1760.302
1760.363
1760.302
1743.225
1754.832
1742.582
1754.832
1772.168
1768.937
1770.093
1787.169
1798.776
1798.033
1793.969
1794.712
1783.105
1765.769
1770.458
1774.522
1776.878
1780.109
1797.445
1799.631
1794.943
1792.757
1798.986
1769.511
1770.522
1768.628
1780.878
1768.208
1780.878
1776.623
1778.516
1729.951
1728.94
1764.005
1757.776
1762.031
1726.966
1775.531
1763.281
1792.757
1792.818
1793.425
1793.363
1811.031
1836.931
1830.531
1842.753
1843.553
1839.586
1843.553
1844.686
1843.553
1849.953
1849.153
1823.253
1822.636
1842.139
1846.906
1809.497
1840.997
1878.406
1860.672
1864.246
1860.672
1878.406
1874.581
1879.393
1883.218
1864.101
1874.99
1868.465
1860.299
1861.932
1860.299
1861.329
1850.44
1832.815
1831.785
1818.903
1827.069
1833.594
1851.219
1864.101
1883.218
1893.835
1909.765
1909.703
1910.319
1922.542
1926.508
1914.286
1907.886
1907.269
1906.469
1907.269
1917.258
1925.192
1899.292
1904.058
1905.24
1922.974
1928.251
1954.151
1958.918
1954.951
1956.085
1956.147
1973.772
1972.639
1978.972
1996.239
2002.639
1953.264
1952.236
1939.782
1937.857
1933.531
1903.564
1897.231
1861.581
1848.699
1856.632
1851.865
1855.115
1856.749
1855.282
1860.049
1861.515
1858.265
1856.632
1848.699
1852.965
1841.882
1852.965
1864.765
1845.263
1857.388
1853.121
1854.254
1853.454
1841.329
1840.196
1859.699
1860.499
1848.699
1843.215
1838.882
1837.221
1840.246
1845.729
1847.951
1849.613
1853.946
1865.029
1862.004
1850.921
1848.699
1852.524
1855.99
1871.921
1875.868
1879.693
1879.756
1896.117
1899.401
1902.056
1895.656
1883.433
1857.533
1856.4
1856.338
1857.471
1856.854
1852.888
1859.288
1858.488
1862.454
1863.254
1875.476
1876.093
1876.156
1902.056
1897.722
1893.756
1892.906
1880.683
1876.211
1874.911
1855.794
1859.079
1867.613
1859.079
1864.563
1867.847
1869.508
1878.286
1884.686
1898.694
1872.794
1871.661
1871.044
1864.644
1864.582
1860.615
1848.393
1847.593
1885.001
1889.328
1893.508
1890.106
1887.631
1850.222
1856.622
1850.222
1832.956
1836.903
1838.078
1863.978
1867.803
1863.978
1862.803
1864.361
1866.836
1870.661
1869.194
1872.597
1875.847
1877.314
1863.522
1838.046
1874.842
1885.284
1889.973
1907.415
1908.158
1919.06
1922.694
1924.328
1916.295
1903.624
1886.288
1879.87
1878.857
1877.25
1858.447
1847.736
1846.302
1842.419
1839.01
1839.616
1843.026
1846.908
1859.579
1842.596
1829.925
1831.359
1848.343
1847.736
1849.075
1853.809
1858.444
1862.508
1865.855
1868.466
1869.48
1918.045
1924.463
1925.477
1921.962
1922.986
1935.657
1934.633
1932.739
1934.182
1970.977
1972.87
1976.385
1963.714
1965.247
1969.182
1980.083
2009.559
2012.169
2023.776
2034.678
2035.907
2037.186
2053.279
2078.4
2082.163
2084.827
2067.384
2077.827
2082.515
2099.958
2089.515
2084.827
2083.193
2084.827
2095.728
2099.362
2100.105
2096.471
2085.57
2084.827
2088.057
2088.119
2099.02
2083.665
2085.984
2120.484
2135.901
2138.219
2176.098
2187.926
2188.749
2171.692
2173.112
2169.241
2205.442
2203.835
2199.964
2203.835
2205.442
2222.499
2220.991
2219.571
2217.003
2219.571
2267.353
2268.862
2265.313
2268.862
2232.66
2236.531
2188.749
2197.243
2201.804
2205.849
2217.677
2219.371
2220.944
2214.75
2211.457
2247.659
2230.949
2234.651
2232.255
2207.191
2203.489
2206.782
2205.645
2222.355
2223.492
2248.556
2247.137
2253.331
2254.75
2218.548
2220.944
2203.782
2210.097
2212.274
2208.573
2205.114
2206.722
2206.782
2213.097
2224.516
2188.315
2189.312
2201.364
2189.312
2187.161
2175.742
2175.011
2192.067
2196.066
2208.118
2191.317
2193.468
2198.081
2194.902
2190.289
2201.708
2204.887
2200.888
2201.62
2184.563
2201.364
2197.171
2199.321
2197.714
2201.907
2203.515
2239.716
2234.41
2232.259
2242.985
2241.566
2238.638
2240.147
2229.421
2233.292
2236.219
2232.348
2196.147
2197.566
2196.058
2201.364
2191.09
2203.556
2213.831
2215.04
2217.218
2200.056
2202.315
2206.927
2202.315
2219.476
2244.54
2245.272
2241.696
2240.965
2242.573
2240.965
2251.691
2240.965
2244.54
2233.121
2244.855
2248.984
2250.081
2250.855
2240.129
2239.355
2227.621
2223.492
2222.395
2233.121
2214.247
2225.667
2244.54
2244.863
2245.831
2262.632
2278.465
2294.298
2305.024
2310.331
2311.54
2314.161
2315.371
2325.909
2360.409
2364.602
2383.476
2381.968
2383.476
2387.347
2351.145
2387.347
2383.476
2382.056
2383.476
2386.044
2386.641
2390.77
2395.878
2424.878
2426.571
2427.781
2429.388
2431.647
2433.227
2437.414
2439.565
2454.981
2456.125
2457.633
2460.202
2463.66
2446.499
2441.886
2431.612
2428.036
2431.612
2420.886
2422.493
2421.762
2420.155
2420.886
2431.612
2432.62
2436.44
2438.617
2442.254
2448.448
2446.052
2439.859
2414.794
2413.375
2415.77
2432.48
2433.617
2469.819
2433.617
2416.907
2418.327
2418.985
2415.284
2414.147
2418.324
2422.026
2418.733
2420.305
2422.168
2423.949
2426.126
2431.263
2435.921
2439.792
2441.3
2477.501
2473.63
2475.05
2473.542
2472.122
2435.921
2433.352
2434.496
2437.954
2440.523
2442.031
2457.448
2461.634
2457.448
2453.989
2452.481
2450.331
2434.914
2433.77
2435.921
2432.101
2415.391
2402.925
2401.513
2404.868
2421.578
2422.989
2435.456
2434.859
2438.679
2435.324
2435.921
2454.794
2457.363
2447.089
2451.276
2448.641
2479.125
2488.792
2493.352
2532.255
2542.981
2547.638
2545.461
2543.68
2542.108
2544.285
2556.751
2558.614
2568.888
2563.751
2559.094
2520.021
2518.188
2519.585
2523.394
2549.079
2546.552
2561.724
2559.607
2558.123
2562.243
2547.071
2542.951
2539.548
2541.664
2543.148
2546.552
2545.426
2547.954
2549.079
2559.19
2561.024
2550.913
2552.46
2563.016
2566.534
2563.016
2564.598
2552.329
2547.746
2552.329
2551.61
2552.329
2554.472
2552.329
2591.923
2590.06
2579.335
2591.801
2590.194
2607.25
2615.508
2653.387
2692.29
2707.707
2709.858
2725.274
2733.016
2731.409
2767.61
2765.042
2766.461
2762.59
2761.082
2759.663
2742.606
2744.114
2747.985
2744.437
2740.566
2704.364
2656.582
2653.124
2651.98
2652.988
2654.496
2655.64
2658.208
2661.667
2646.25
2648.401
2646.25
2648.113
2643.926
2641.358
2639.495
2642.953
2630.487
2642.953
2639.495
2643.681
2642.673
2641.165
2656.582
2652.88
2656.059
2637.185
2638.444
2642.315
2644.949
2646.368
2641.711
2631.437
2629.864
2628.001
2629.782
2617.316
2621.973
2623.546
2625.409
2627.586
2625.409
2635.683
2630.376
2626.183
2627.79
2626.183
2623.255
2621.105
2610.379
2614.573
2625.298
2628.226
2633.532
2635.683
2643.586
2631.758
2601.274
2593.371
2595.992
2593.593
2589.891
2620.375
2623.668
2619.474
2631.302
2635.004
2631.711
2634.11
2631.489
2635.683
2634.102
2635.683
2634.175
2637.633
2653.05
2654.194
2651.625
2648.167
2652.353
2648.167
2650.735
2649.591
2651.742
2658.306
2642.89
2658.723
2652.148
2680.688
2682.172
2680.056
2695.228
2713.434
2729.968
2734.089
2745.636
2745.696
2756.066
2758.209
2762.336
2760.193
2758.646
2760.193
2758.36
2762.943
2758.36
2748.249
2746.496
2748.639
2760.907
2771.019
2772.852
2774.336
2770.526
2806.153
2770.526
2774.336
2772.939
2771.455
2772.852
2773.971
2775.368
2777.725
2802.392
2798.749
2802.392
2800.995
2836.622
2830.526
2829.407
2825.296
2841.741
2847.836
2847.188
2830.743
2828.386
2792.759
2796
2797.667
2806.026
2807.415
2806.696
2807.415
2796.86
2793.341
2794.923
2793.341
2796.86
2807.415
2805.299
2820.471
2821.597
2819.069
2817.943
2821.347
2825.467
2827.583
2823.463
2824.947
2821.544
2824.071
2808.899
2807.415
2790.881
2779.02
2774.48
2770.545
2767.417
2765.3
2764.581
2753.343
2736.557
2738.31
2728.198
2730.032
2732.175
2719.906
2721.454
2719.62
2715.037
2713.489
2718.073
2728.184
2726.041
2724.962
2713.724
2703.168
2691.62
2673.046
2672.284
2668.221
2668.602
2670.149
2671.705
2679.324
2680.086
2677.864
2683.086
2720.364
2723.767
2725.251
2722.724
2724.84
2740.012
2742.54
2738.419
2736.303
2734.819
2735.944
2720.772
2717.369
2716.243
2720.364
2718.221
2716.388
2717.935
2720.078
2709.967
2722.235
2720.688
2725.271
2723.519
2733.63
2735.463
2730.88
2731.467
2735.594
2736.313
2732.671
2736.798
2738.345
2748.901
2773.567
2768.984
2773.048
2771.563
2735.937
2728.258
2726.883
2723.133
2724.594
2728.344
2729.719
2715.508
2726.4
2727.491
2727.433
2730.964
2738.349
2743.41
2735.308
2737.462
2749.353
2759.153
2760.653
2756.21
2754.433
2744.633
2749.076
2750.853
2738.962
2737.462
2735.385
2737.462
2735.41
2731.417
2728.118
2725.668
2724.229
2709.524
2708.433
2718.664
2717.131
2716.433
2719.844
2716.433
2706.203
2706.9
2708.433
2717.654
2714.862
2717.146
2719.197
2722.229
2733.726
2735.072
2700.541
2700.778
2710.578
2713.963
2714.66
2739.706
2749.937
2748.16
2736.269
2726.469
2724.392
2722.892
2718.45
2717.012
2715.658
2711.965
2719.27
2719.328
2723.047
2692.436
2693.005
2698.913
2722.821
2723.559
2724.605
2726.382
2727.882
2731.023
2742.519
2743.304
2743.673
2753.724
2737.355
2762.401
2746.463
2745.109
2710.578
2707.437
2710.578
2708.294
2684.386
2683.301
2684.655
2686.94
2688.024
2703.963
2727.871
2724.34
2758.871
2764.778
2768.309
2762.401
2777.106
2773.113
2758.408
2748.356
2766.003
2770.003
2766.003
2766.06
2776.112
2776.054
2764.862
2768.855
2770.932
2768.855
2752.829
2735.183
2746.376
2762.401
2765.786
2776.017
2778.809
2780.963
2782.009
2799.655
2798.309
2843.886
2849.732
2853.394
2877.301
2876.732
2913.84
2897.901
2901.545
2889.654
2904.756
2910.664
2911.403
2905.495
2904.756
2901.113
2897.451
2896.405
2896.463
2885.181
2885.123
2884.554
2881.354
2848.808
2825.263
2825.823
2825.136
2826.646
2828.662
2818.586
2821.944
2822.631
2819.273
2817.763
2810.551
2826.333
2818.576
2828.652
2820.894
2823.88
2834.991
2847.726
2865.105
2867.58
2856.705
2851.795
2856.705
2855.218
2854.501
2864.427
2863.874
2861.165
2857.285
2834.091
2832.101
2834.091
2836.8
2831.068
2821.143
2825.024
2830.755
2841.7
2843.188
2843.74
2843.684
2842.669
2831.724
2831.78
2832.795
2829.243
2852.437
2855.989
2856.705
2863.81
2859.541
2857.396
2859.119
2858.199
2862.02
2870.965
2870.249
2865.98
2868.689
2869.241
2874.973
2874.917
2851.723
2855.275
2855.991
2879.185
2878.17
2872.439
2883.384
2882.668
2882.116
2883.131
2879.578
2868.633
2868.689
2869.748
2901.673
2896.665
2898.121
2898.479
2907.986
2897.041
2898.056
2894.504
2895.22
2895.772
2918.966
2918.91
2929.856
2935.587
2934.572
2933.856
2928.124
2928.18
2927.628
2904.434
2907.986
2905.277
2901.994
2904.703
2907.986
2917.912
2907.986
2911.539
2904.434
2908.255
2909.743
2914.052
2923.978
2924.654
2927.963
2927.286
2925.799
2927.286
2923.978
2921.993
2925.193
2924.26
2925.984
2937.52
2938.453
2926.917
2923.716
2921.993
2911.047
2910.495
2911.047
2912.062
2912.118
2915.984
2916.7
2913.148
2913.655
2912.939
2912.883
2911.868
2906.137
2908.047
2876.066
2853.213
2854.507
2858.713
2865.713
2868.581
2867.287
2864.419
2857.419
2853.213
2854.654
2853.213
2854.25
2821.243
2815.596
2830.831
2815.596
2813.412
2810.409
2814.218
2819.865
2816.49
2815.453
2814.159
2817.534
2809.229
2810.505
2813.464
2790.942
2793.094
2795.123
2790.534
2787.085
2789.017
2812.611
2798.758
2776.55
2779.657
2778.473
2788.111
2790.419
2793.745
2794.832
2797.199
2828.199
2822.254
2821.768
2822.296
2832.773
2836.173
2836.119
2835.59
2831.89
2837.376
2838.348
2842.048
2841.362
2840.39
2838.562
2828.086
2828.139
2828.825
2823.339
2825.661
2830.185
2853.301
2867.325
2852.264
2849.165
2855.926
2862.687
2876.149
2872.487
2856.332
2866.579
2880.041
2865.37
2856.168
2858.069
2856.168
2872.323
2872.376
2872.323
2875.979
2862.516
2871.718
2868.062
2857.816
2861.478
2876.149
2876.67
2898.558
2898.036
2894.388
2891.036
2890.36
2890.308
2889.35
2890.308
2890.36
2893.712
2904.041
2904.717
2910.126
2904.717
2894.388
2891.642
2894.518
2924.644
2914.673
2936.256
2970.228
2970.866
2969.239
2958.353
2965.771
2962.649
2962.011
2960.607
2951.241
2920.436
2921.103
2920.436
2919.922
2925.256
2924.311
2924.259
2925.204
2928.509
2928.561
2918.376
2918.89
2915.584
2894.001
2915.584
2910.251
2907.73
2916.966
2920.022
2922.543
2913.307
2910.251
2910.959
2895.713
2918.015
2920.952
2930.998
2930.946
2909.659
2909.001
2939.219
2933.885
2932.941
2929.635
2929.122
2930.973
2934.417
2935.5
2944.736
2985.882
2974.208
2969.81
2969.296
2965.813
2967.664
2969.049
2971.569
2975.181
2970.611
2967
2965.616
2970.185
2979.421
2977.569
2968.333
2965.813
2974.66
2976.021
2977.625
3011.125
3007.938
3030.549
3030.035
3016.4
3019.706
3000.642
3002.868
3003.936
2998.676
3012.868
3014.073
2983.326
2969.135
2965.587
2968.384
2989.671
2987.637
2984.84
2987.984
2986.779
2985.813
2991.073
2980.984
2982.991
2979.89
2980.842
2981.532
2981.582
2977.717
2981.997
2979.001
2958.001
2963.292
2964.616
2962.163
2971.15
2974.123
2971.15
2973.602
2964.616
2969.751
2972.649
2958.358
2959.169
2960.115
2985.655
2994.484
2989.667
2993.569
2991.417
2988.444
2991.66
3005.736
3003.073
3005.08
3008.181
2996.823
3001.931
3015.197
3036.197
3033.386
3017.886
3003.81
2993.979
2985.15
2981.636
2979.812
2979.761
2966.845
2963.337
2963.837
2965.019
2967.992
2969.484
2984.984
2996.342
2997.66
3004.146
3006.038
3007.052
3021.342
3024.802
3028.31
3030.691
3016.615
3013.155
3013.804
3035.671
3037.878
3038.982
3027.624
3034.741
3030.876
3042.234
3041.545
3040.932
3031.946
3052.654
3056.005
3071.818
3077.007
3045.943
3049.003
3059.875
3062.328
3053.341
3050.582
3048.13
3046.94
3025.94
3020.751
3018.744
3021.717
3007.717
3004.616
3013.602
3012.65
3009.677
3031.544
3028.328
3042.706
3064.573
3067.963
3070.17
3073.37
3074.634
3034.532
3037.16
3010.829
3005.829
3002.066
3004.961
2989.39
2989.701
2993.416
2994.71
2997.69
2996.879
2998.379
3001.163
2991.126
2989.626
2999.663
3000.475
2997.69
3000.671
2998.55
3000.618
2972.839
2969.858
2962.706
2931.783
2940.309
2939.347
2937.306
2964.729
2965.69
2957.165
2959.259
2959.21
2946.625
2949.125
2954.343
2978.574
3001.728
3004.691
3001.513
2994.949
3003.474
3001.147
3005.365
3003.656
3005.365
3006.643
3005.365
3001.147
3003.474
3000.141
3003.474
2994.949
2996.205
2994.122
2993.16
2995.827
2995.353
2993.026
2994.224
2991.897
2989.077
2980.551
2995.256
2998.538
3001.038
3002.316
2993.239
2994.585
2993.676
3003.003
3000.476
3004.101
3000.042
3003.078
3002.174
3004.081
3012.607
3014.022
3023.099
3013.772
3033.696
3036.638
3012.407
3010.926
3013.253
3022.833
3023.449
3024.103
3015.577
3039.808
3042.474
3047.346
3044.064
3047.346
3048.308
3046.513
3040.359
3039.397
3042.725
3029.168
3030.963
3037.116
3033.788
3047.346
3052.218
3052.872
3042.963
3042.161
3040.318
3039.041
3046.724
3056.634
3024.145
3026.929
3029.834
3034.695
3032.815
3053.423
3039.955
3030.672
3006.748
3003.457
3001.574
3010.857
3007.951
3005.367
3006.608
3008.491
3011.075
3017.277
3011.075
3013.132
3016.423
3040.347
3039.107
3042.012
3039.955
3034.999
3020.48
3019.239
3056.739
3053.499
3062.461
3072.245
3070.536
3069.207
3053.417
3069.207
3066.194
3072.397
3072.444
3063.482
3076.95
3078.412
3090.512
3109.909
3111.618
3113.498
3083.746
3087.321
3089.352
3118.708
3120.568
3129.418
3132.993
3133.83
3145.778
3152.178
3149.079
3144.279
3134.939
3154.094
3151.225
3160.566
3165.366
3168.234
3153.607
3134.452
3137.551
3152.178
3152.816
3151.128
3154.089
3152.098
3156.056
3159.056
3165.64
3162.03
3169.993
3172.743
3173.629
3146.892
3145.142
3151.092
3161.598
3155.015
3157.99
3156.744
3152.631
3149.381
3147.715
3139.402
3137.133
3145.446
3147.305
3152.393
3137.766
3151.066
3142.216
3140.528
3137.174
3136.393
3116.968
3117.534
3120.403
3121.29
3124.265
3126.702
3127.552
3130.016
3136.599
3138.802
3146.969
3130.414
3132.247
3131.037
3131.63
3133.358
3134.284
3137.444
3131.519
3137.444
3140.649
3137.444
3150.5
3149.574
3147.846
3144.685
3131.63
3154.963
3156.929
3159.336
3167.402
3170.049
3171.475
3171.772
3166.747
3163.914
3162.488
3161.716
3159.069
3159.841
3150.298
3145.465
3150.156
3121.166
3091.751
3099.861
3100.775
3092.477
3084.465
3058.694
3056.775
3059.54
3044.617
3043.724
3051.335
3077.106
3079.074
3057.315
3055.347
3057.266
3054.501
3053.447
3050.863
3059.629
3065.797
3066.54
3067.285
3062.568
3061.99
3049.44
3048.894
3046.243
3026.629
3027.175
3035.187
3027.175
3046.789
3049.44
3051.627
3054.297
3026.002
3017.99
3018.844
3014.266
3017.119
3018.18
3018.923
3016.548
3016.002
3038.773
3037.954
3035.579
3037.371
3024.631
2997.588
2998.789
2995.936
3015.432
3014.146
3014.965
3014.146
3011.475
3013.443
3010.036
2982.994
2979.861
2987.873
2993.657
2974.934
2983.464
2980.813
2979.633
2981.982
2978.536
2979.717
2978.657
2979.717
2977.367
2983.102
2986.548
2980.813
2972.942
2974.116
2962.289
2974.771
2946.476
2947.09
2949.958
2951.916
2954.807
2954.852
2952.478
2965.028
2957.353
2960.07
2964.697
2965.983
2947.52
2930.674
2916.743
2912.172
2926.102
2929.054
2920.158
2922.89
2920.158
2917.206
2920.04
2921.808
2923.578
2921.991
2921.147
2922.915
2919.963
2918.297
2912.582
2909.492
2906.444
2909.535
2911.201
2916.916
2904.326
2916.916
2917.809
2920.856
2919.963
2922.285
2919.938
2920.783
2917.949
2920.296
2923.129
2921.031
2923.763
2924.572
2923.728
2921.407
2933.996
2927.726
2924.994
2931.264
2930.454
2929.61
2942.011
2908.187
2886.94
2888.814
2886.412
2904.44
2906.734
2887.581
2899.77
2899.17
2893.523
2887.326
2890.338
2891.697
2903.952
2938.805
2937.77
2940.292
2942.992
2930.804
2925.157
2924.057
2922.884
2920.566
2901.413
2900.452
2902.099
2902.899
2900.075
2921.228
2918.217
2919.177
2906.923
2909.37
2912.07
2925.836
2900.342
2911.757
2908.78
2922.387
2928.34
2935.309
2927.902
2906.995
2910.014
2912.781
2913.339
2916.358
2916.888
2892.302
2880.394
2878.128
2879.68
2875.18
2874.241
2874.95
2874.088
2873.377
2876.366
2877.487
2895.349
2904.233
2905.307
2897.664
2895.026
2896.856
2898.734
2874.148
2872.317
2900.041
2898.164
2897.302
2901.399
2907.09
2907.962
2915.695
2918.363
2917.02
2916.294
2907.306
2904.813
2903.673
2902.801
2905.084
2906.756
2888.686
2900.983
2905.535
2886.605
2883.814
2884.605
2878.443
2879.161
2879.971
2898.684
2898.507
2932.558
2933.679
2935.547
2938.011
2939.721
2939.135
2940.032
2941.684
2923.084
2922.808
2901.084
2898.362
2892.845
2898.477
2901.36
2892.476
2891.401
2892.476
2901.36
2883.498
2901.36
2902.969
2903.831
2909.349
2921.504
2915.987
2914.377
2911.394
2914.336
2917.32
2905.165
2904.303
2901.36
2903.191
2895.681
2903.191
2900.949
2922.673
2924.915
2923.084
2901.36
2901.785
2901.829
2904.376
2904.928
2925.595
2913.44
2911.174
2923.33
2920.692
2918.45
2919.232
2921.473
2920.692
2914.638
2916.903
2922.957
2925.595
2922.859
2925.595
2924.78
2925.595
2937.825
2942.239
2942.282
2942.833
2940.098
2942.833
2943.259
2918.146
2916.083
2918.403
2936.063
2936.835
2937.381
2933.017
2934.017
2936.028
2938.846
2941.454
2940.241
2926.943
2924.126
2937.423
2933.06
2941.551
2958.965
2963.329
2960.721
2943.307
2925.648
2943.307
2942.244
2951.027
2942.244
2943.307
2943.522
2944.215
2942.642
2950.114
2962.069
2970.309
2971.924
2970.829
2969.213
2980.243
2980.201
2956.168
2956.125
2956.665
2957.081
2974.541
2978.856
2976.182
2958.721
2958.763
2957.999
2957.46
2957.044
2982.313
2983.086
2978.723
2953.493
2956.168
2956.92
2959.935
2960.778
2968.25
2972.52
2973.194
2975.029
2965.585
2967.257
2965.042
2947.581
2946.531
2937.846
2939.087
2943.486
2940.825
2941.875
2940.892
2913.66
2898.719
2895.862
2885.074
2896.521
2896.114
2896.156
2904.214
2904.962
2904.92
2921.997
2904.92
2902.305
2901.777
2902.305
2898.085
2898.492
2897.745
2900.36
2924.438
2928.705
2928.294
2939.201
2942.856
2936.325
2927.089
2903.583
2902.045
2899.879
2897.636
2898.46
2894.306
2893.559
2894.306
2893.559
2919.366
2925.709
2926.404
2925.709
2924.926
2925.709
2926.243
2926.654
2929.298
2937.446
2936.913
2954.18
2951.535
2955.802
2955.76
2955.005
2954.594
2937.327
2933.06
2924.912
2925.668
2925.709
2924.67
2907.404
2924.67
2925.709
2934.297
2933.07
2932.537
2935.867
2915.889
2916.3
2918.763
2918.805
2919.338
2919.296
2918.885
2916.422
2919.404
2917.589
2919.404
2926.793
2922.57
2919.589
2920.333
2912.944
2913.778
2913.111
2912.367
2913.033
2917.256
2916.422
2917.394
2919.164
2919.997
2937.264
2936.731
2924.908
2922.264
2922.675
2926.942
2929.586
2929.628
2930.161
2929.75
2945.208
2962.669
2962.626
2937.856
2937.323
2929.175
2929.931
2925.664
2924.908
2948.675
2951.244
2953.049
2955.836
2965.175
2967.819
2969.986
2971.094
2953.827
2954.866
2946.278
2954.866
2953.827
2971.094
2947.327
2944.119
2911.202
2900.294
2899.883
2899.617
2900.372
2902.187
2901.32
2903.765
2921.854
2920.57
2921.404
2922.07
2924.737
2925.27
2927.915
2910.648
2935.112
2935.528
2936.292
2944.532
2948.846
2966.307
2965.543
2961.228
2960.689
2958.015
2957.599
2957.557
2957.599
2958.273
2950.801
2951.644
2953.479
2957.749
2953.479
2952.805
2920.741
2919.907
2916.926
2924.315
2923.57
2921.756
2924.737
2914.117
2896.137
2889.478
2882.4
2879.192
2862.165
2869.554
2861.687
2860.58
2861.267
2858.48
2847.572
2830.306
2833.093
2826.433
2828.983
2855.078
2852.695
2851.656
2868.923
2869.962
2852.695
2844.107
2852.695
2850.051
2849.518
2841.369
2841.411
2858.678
2862.944
2862.189
2862.147
2870.295
2869.884
2870.418
2853.151
2848.884
2849.295
2851.94
2852.695
2855.58
2852.735
2849.851
2850.684
2853.529
2841.779
2840.945
2839.39
2834.056
2835.612
2847.362
2852.695
2855.58
2852.793
2850.287
2847.737
2847.05
2846.828
2870.594
2868.405
2865.96
2870.227
2879.566
2876.424
2872.769
2875.231
2875.765
2873.302
2873.344
2872.81
2872.399
2869.069
2869.028
2872.357
2872.769
2864.181
2863.142
2845.875
2848.519
2853.964
2853.922
2851.033
2851.789
2846.344
2854.493
2856.298
2854.03
2833.03
2841.178
2858.444
2858.978
2861.528
2844.261
2842.456
2841.7
2837.433
2840.322
2840.364
2841.453
2843.106
2845.374
2837.226
2834.676
2835.087
2826.939
2825.286
2829.553
2829.019
2850.019
2849.608
2846.964
2845.875
2848.042
2845.875
2848.425
2847.669
2845.48
2846.235
2843.591
2837.739
2838.527
2840.717
2828.967
2826.417
2825.629
2828.273
2840.023
2845.875
2842.894
2844.663
2837.274
2840.416
2835.082
2836.366
2809.566
2785.799
2782.657
2775.269
2774.702
2764.081
2766.713
2759.635
2760.046
2755.824
2760.046
2768.349
2769.182
2768.438
2767.771
2769.586
2768.803
2742.708
2741.875
2737.653
2735.838
2743.227
2766.578
2765.814
2765.111
2769.381
2770.055
2770.808
2773.823
2770.808
2768.134
2768.092
2772.406
2771.642
2771.103
2770.687
2753.227
2744.987
2745.751
2746.167
2723.802
2741.069
2736.802
2737.335
2737.377
2740.021
2734.732
2732.774
2733.557
2732.891
2745.635
2745.857
2734.346
2736.809
2736.851
2729.773
2737.64
2736.01
2739.34
2732.262
2733.351
2733.918
2736.468
2740.69
2741.523
2742.279
2739.634
2738.079
2737.545
2742.879
2742.123
2762.19
2762.694
2763.481
2763.44
2761.67
2758.152
2754.944
2742.199
2742.766
2734.618
2734.206
2729.94
2712.673
2713.34
2717.562
2724.951
2724.118
2724.862
2723.047
2715.658
2711.436
2707.475
2709.29
2706.74
2705.995
2705.162
2704.495
2677.695
2675.926
2668.537
2666.722
2663.741
2664.574
2667.556
2659.253
2656.498
2659.253
2663.519
2650.518
2647.968
2650.518
2658.82
2641.794
2654.795
2650.529
2652.961
2645.883
2645.05
2645.838
2639.986
2640.769
2636.247
2633.616
2632.949
2627.097
2627.631
2627.097
2626.686
2626.644
2629.107
2629.149
2626.686
2623.356
2623.768
2643.745
2626.479
2629.047
2631.064
2638.931
2658.908
2635.074
2634.576
2633.499
2632.763
2633.587
2629.411
2636.719
2633.77
2632.946
2633.682
2634.342
2632.547
2625.239
2629.415
2631.21
2630.55
2633.499
2635.642
2660.66
2662.31
2660.829
2647.827
2636.919
2631.586
2623.438
2624.605
2620.949
2623.704
2629.393
2617.57
2621.92
2617.698
2622.048
2622.27
2625.448
2626.615
2627.37
2629.023
2652.79
2655.674
2659.941
2662.83
2663.515
2671.663
2671.252
2670.163
2667.973
2668.881
2665.672
2667.631
2668.464
2663.131
2665.975
2665.142
2653.392
2654.947
2657.831
2654.947
2653.392
2658.725
2655.881
2648.621
2627.621
2625.852
2623.685
2619.463
2621.278
2619.463
2618.796
2619.541
2612.152
2612.819
2612.074
2616.296
2613.315
2620.704
2619.87
2622.852
2623.685
2621.916
2621.349
2622.831
2625.336
2627.151
2627.109
2626.365
2608.385
2596.874
2597.846
2597.888
2595.425
2595.014
2586.255
2586.783
2586.742
2566.984
2567.39
2569.826
2569.299
2563.511
2562.764
2565.379
2566.158
2565.379
2567.522
2569.688
2570.435
2558.814
2556.292
2567.913
2565.747
2568.269
2574.057
2571.914
2569.299
2580.086
2591.533
2565.027
2565.687
2577.379
2577.42
2580.563
2577.706
2580.559
2583.081
2581.449
2583.081
2578.905
2578.081
2577.333
2581.509
2582.333
2578.158
2575.636
2576.383
2575.822
2578.344
2578.905
2581.853
2554.518
2551.601
2549.985
2545.854
2553.082
2542.693
2545.267
2552.495
2549.921
2566.813
2559.584
2562.035
2561.543
2562.195
2563.97
2580.861
2580.191
2581.006
2580.191
2578.416
2576.853
2580.984
2588.085
2580.857
2578.737
2578.085
2577.357
2569.063
2571.428
2564.984
2567.775
2573.438
2574.11
2549.976
2549.427
2547.232
2543.694
2538.426
2540.731
2541.737
2559.242
2552.091
2550.546
2549.881
2549.042
2523.107
2520.639
2524.725
2520.639
2519.994
2520.714
2521.521
2548.2
2537.53
2539.305
2549.976
2547.059
2539.831
2542.747
2540.972
2548.2
2547.385
2548.037
2544.928
2539.755
2537.635
2542.809
2541.744
2540.787
2543.896
2544.852
2545.918
2548.037
2545.628
2545.226
2544.704
2552.909
2552.868
2551.901
2544.593
2543.11
2517.302
2524.61
2524.112
2497.606
2471.799
2469.381
2469.879
2472.297
2471.201
2489.092
2471.201
2459.581
2467.792
2465.068
2462.546
2449.687
2441.475
2437.255
2441.475
2454.334
2471.174
2473.898
2476.42
2474.015
2465.956
2463.434
2463.17
2461.632
2429.077
2427.612
2420.304
2419.48
2418.821
2415.872
2414.077
2413.341
2409.165
2410.703
2407.851
2407.027
2404.213
2409.488
2410.312
2421.933
2424.746
2423.208
2426.06
2420.786
2418.849
2419.508
2416.893
2416.069
2417.338
2418.918
2414.742
2411.599
2410.504
2377.949
2378.846
2377.096
2382.371
2399.448
2397.816
2397.318
2399.84
2400.867
2408.647
2415.827
2427.274
2429.796
2447.578
2450.1
2449.539
2448.792
2443.084
2440.534
2433.145
2433.979
2429.756
2430.512
2431.079
2430.323
2429.49
2433.712
2433.49
2430.312
2425.962
2426.184
2429.362
2433.712
2431.162
2430.406
2429.619
2423.767
2412.017
2409.85
2407.66
2405.016
2403.21
2402.706
2396.047
2394.278
2388.944
2380.642
2376.119
2367.531
2365.881
2363.331
2361.679
2360.395
2342.416
2338.897
2305.981
2310.331
2313.118
2308.895
2306.451
2298.368
2296.715
2302.228
2302.644
2301.727
2302.777
2303.47
2300.594
2299.414
2297.199
2295.008
2293.173
2294.671
2300.177
2303.39
2310.548
2322.503
2321.626
2320.447
2317.202
2320.124
2318.452
2320.124
2321.303
2321.996
2317.682
2316.989
2314.067
2314.831
2314.067
2318.382
2294.348
2293.169
2296.085
2293.169
2317.202
2314.384
2309.985
2309.569
2310.62
2309.569
2311.067
2311.854
2314.672
2315.088
2319.487
2318.794
2319.487
2313.981
2312.483
2311.388
2305.47
2304.627
2291.74
2279.785
2274.032
2272.981
2261.951
2259.912
2257.873
2259.488
2258.57
2259.488
2257.873
2240.412
2237.833
2239.131
2239.805
2234.412
2233.114
2238.507
2241.086
2258.547
2257.873
2258.288
2257.596
2253.197
2254.695
2255.745
2258.564
2255.745
2260.144
2265.65
2264.599
2264.184
2263.397
2261.899
2262.592
2241.356
2223.064
2220.485
2217.811
2205.929
2204.356
2198.963
2198.12
2195.243
2192.327
2195.54
2202.698
2214.653
2202.698
2195.54
2192.327
2191.754
2196.023
2196.596
2194.018
2196.596
2195.832
2196.596
2195.754
2196.596
2192.327
2184.986
2166.804
2184.986
2192.941
2184.986
2196.69
2194.111
2195.162
2194.111
2182.407
2184.986
2192.327
2191.147
2165.928
2163.713
2162.927
2160.518
2147.63
2136.89
2126.151
2123.572
2129.078
2123.572
2123.988
2122.937
2124.435
2123.743
2122.244
2121.829
2117.43
2120.248
2117.43
2118.123
2119.173
2123.572
2120.787
2116.472
2099.254
2090.858
2077.71
2075.131
2067.79
2064.874
2047.655
2039.7
2038.127
2037.433
2034.511
2014.219
1994.017
1989.618
1990.034
1989.618
1990.669
1987.85
1986.8
1988.298
1982.792
1982.099
1980.601
1985
1990.506
1993.324
1994.017
1992.921
1992.348
1992.306
1972.104
1970.269
1961.873
1958.956
1949.512
1961.467
1954.31
1957.523
1964.681
1952.726
1949.512
1946.694
1941.346
1929.705
1929.289
1934.795
1937.613
1938.306
1935.488
1934.437
1930.038
1924.533
1926.031
1930.43
1930.846
1929.347
1928.654
1929.705
1925.306
1925.348
1925.888
1943.348
1944.112
1940.899
1945.213
1948.427
1951.101
1950.876
1959.116
1959.532
1963.931
1964.155
1956.684
1936.481
1933.663
1934.713
1934.021
1934.713
1933.663
1934.079
1928.573
1930.071
1925.672
1928.491
1928.075
1932.474
1930.976
1936.481
1928.242
1918.798
1920.624
1923.298
1941.479
1949.719
1947.045
1947.809
1945.212
1946.331
1943.657
1944.073
1944.455
1941.637
1939.811
1957.272
1957.229
1957.272
1960.09
1955.775
1931.742
1932.792
1930.601
1932.792
1935.489
1939.692
1922.231
1921.111
1921.651
1931.095
1930.331
1929.915
1929.375
1933.69
1934.679
1958.713
1954.314
1951.977
1940.947
1939.121
1936.587
1924.883
1919.49
1916.911
1899.45
1897.835
1899.45
1898.776
1900.074
1905.467
1908.046
1908.72
1907.422
1924.883
1925.801
1924.883
1907.422
1903.108
1900.434
1900.476
1901.015
1901.431
1918.891
1907.861
1907.446
1911.76
1920
1911.76
1911.221
1910.457
1911.221
1911.179
1922.209
1924.883
1923.832
1923.417
1917.911
1913.512
1912.014
1909.196
1906.377
1903.559
1902.866
1899.653
1892.495
1880.54
1884.81
1885.383
1884.54
1883.776
1884.54
1881.962
1882.804
1885.383
1881.113
1880.54
1883.214
1883.978
1883.936
1884.352
1884.891
1902.352
1894.112
1893.573
1893.615
1892.851
1875.39
1874.975
1872.301
1880.54
1884.855
1880.54
1879.445
1879.403
1878.283
1880.979
1882.081
1871.051
1865.545
1858.388
1876.569
1863.421
1862.504
1858.301
1857.312
1858.301
1865.772
1864.722
1862.025
1887.244
1889.823
1892.52
1893.57
1892.52
1884.565
1887.143
1868.962
1857.257
1868.962
1876.302
1873.724
1881.679
1882.729
1900.911
1893.57
1885.331
1864.095
1865.196
1868.117
1866.291
1865.19
1870.696
1878.935
1900.171
1897.593
1899.887
1897.593
1900.171
1897.25
1899.076
1893.57
1895.242
1893.57
1901.81
1902.349
1902.307
1902.349
1891.61
1874.149
1874.565
1877.239
1878.003
1869.607
1873.921
1872.82
1870.526
1862.287
1861.871
1879.331
1875.017
1874.478
1873.713
1873.174
1870.5
1871.418
1884.566
1883.689
1881.863
1881.17
1878.509
1877.757
1876.993
1879.667
1879.251
1879.667
1871.427
1853.966
1858.281
1858.323
1857.784
1857.742
1853.427
1827.039
1827.579
1819.339
1817.513
1814.3
1831.76
1830.243
1831.007
1829.339
1837.579
1834.904
1835.822
1848.97
1835.822
1834.904
1832.208
1857.427
1858.416
1833.197
1834.247
1833.258
1832.208
1834.904
1837.601
1844.942
1855.972
1858.011
1859.837
1860.532
1861.652
1869.124
1882.011
1880.961
1873.62
1870.443
1870.401
1869.637
1865.322
1862.648
1870.888
1873.562
1865.322
1865.364
1869.679
1869.14
1869.904
1870.443
1870.027
1869.985
1887.446
1887.861
1870.401
1871.094
1895.127
1894.434
1890.12
1887.203
1890.125
1894.439
1897.356
1898.536
1897.772
1896.592
1898.263
1895.342
1908.49
1907.572
1908.336
1909.254
1885.22
1883.549
1870.401
1864.648
1855.963
1835.761
1848.909
1844.595
1862.055
1862.097
1861.18
1860.764
1861.303
1843.843
1848.157
1849.075
1840.835
1849.075
1846.401
1845.861
1845.819
1846.583
1833.435
1836.11
1835.346
1835.761
1837.952
1859.188
1866.529
1868.318
1862.925
1857.172
1854.594
1853.676
1852.378
1850.763
1833.302
1832.628
1807.409
1806.42
1805.37
1830.589
1831.578
1834.274
1835.325
1832.628
1833.546
1820.398
1819.48
1832.628
1832.089
1836.404
1832.089
1823.849
1824.613
1824.571
1825.11
1825.153
1824.389
1806.928
1809.602
1817.842
1815.168
1815.583
1815.168
1832.628
1831.508
1829.469
1828.705
1815.557
1815.515
1811.245
1812.009
1814.588
1818.858
1818.015
1818.858
1818.285
1815.706
1816.279
1803.131
1802.213
1815.361
1816.279
1819.493
1801.311
1793.071
1789.858
1787.184
1786.959
1782.56
1782.785
1783.886
1779.571
1797.753
1800.449
1804.848
1804.309
1804.267
1803.851
1786.39
1785.289
1782.593
1781.829
1778.132
1776.517
1759.299
1772.447
1759.299
1758.381
1759.299
1756.602
1781.821
1782.81
1785.507
1784.456
1759.237
1758.248
1759.299
1747.595
1739.64
1742.218
1743.269
1742.218
1760.4
1768.355
1765.776
1773.117
1754.935
1747.595
1759.299
1758.203
1756.214
1755.035
1753.209
1739.467
1718.944
1711.387
1708.779
1711.387
1718.944
1711.387
1713.234
1712.531
1709.804
1710.507
1713.234
1714.366
1713.438
1720.995
1707.698
1708.626
1701.202
1714.236
1721.66
1719.598
1718.465
1705.431
1703.584
1692.429
1703.584
1705.647
1718.944
1716.713
1713.896
1712.208
1708.995
1700.728
1682.228
1679.524
1678.944
1660.444
1652.111
1651.183
1637.885
1651.183
1652.111
1651.429
1648.179
1640.134
1606.469
1594.378
1606.819
1605.491
1579.693
1580.767
1579.756
1580.767
1583.526
1580.767
1579.693
1605.491
1606.43
1619.88
1606.43
1605.491
1583.767
1582.647
1579.704
1577.313
1574.578
1567.068
1563.749
1566.214
1568.044
1568.859
1579.846
1580.92
1582.453
1585.437
1571.987
1571.048
1564.994
1562.603
1555.715
1548.071
1546.538
1541.067
1542.142
1543.972
1547.26
1549.724
1538.738
1549.724
1552.708
1550.877
1552.41
1553.536
1552.525
1554.766
1551.479
1550.404
1549.278
1550.093
1555.564
1556.576
1554.334
1553.519
1550.535
1548.071
1522.272
1521.197
1522.272
1523.284
1518.916
1518.134
1517.272
1514.513
1517.272
1543.071
1542.059
1541.473
1538.835
1536.197
1533.462
1515.6
1513.893
1511.134
1510.008
1491.408
1510.008
1512.766
1513.893
1512.747
1525.931
1527.799
1530.557
1541.841
1542.987
1542.276
1544.362
1533.079
1519.895
1518.027
1515.941
1523.45
1515.941
1513.182
1513.893
1506.249
1513.893
1510.909
1512.442
1500.468
1498.004
1496.173
1485.187
1496.173
1495.358
1498.342
1496.809
1497.625
1495.747
1496.822
1495.747
1498.212
1500.042
1497.058
1496.348
1495.221
1492.693
1489.934
1476.75
1473.991
1499.79
1502.549
1501.537
1475.739
1474.664
1475.675
1476.75
1475.935
1478.399
1470.89
1471.705
1482.692
1485.675
1477.537
1478.612
1486.122
1484.291
1485.366
1497.339
1494.701
1497.339
1498.872
1507.01
1505.935
1524.534
1521.551
1520.476
1501.876
1489.903
1488.371
1485.906
1487.737
1476.75
1465.466
1476.75
1468.321
1467.539
1466.528
1465.2
1464.261
1462.394
1470.037
1462.394
1465.032
1462.394
1454.75
1436.037
1435.516
1432.988
1433.217
1432.988
1429.7
1432.988
1437.488
1432.988
1428.574
1427.759
1425.928
1423.464
1434.45
1433.741
1430.758
1406.171
1406.987
1404.003
1406.987
1408.061
1409.594
1408.387
1406.854
1409.319
1411.149
1400.163
1399.381
1396.393
1394.683
1393.608
1383.947
1382.942
1380.413
1379.338
1376.58
1375.568
1349.769
1347.221
1322.635
1321.926
1319.288
1316.824
1315.555
1297.693
1286.706
1285.173
1288.157
1286.327
1287.401
1298.388
1297.573
1300.037
1297.573
1294.589
1293.514
1295.047
1295.862
1297.693
1300.943
1301.713
1304.435
1303.745
1303.056
1300.113
1278.389
1276.521
1275.81
1283.454
1280.695
1282.782
1280.695
1291.979
1305.163
1293.879
1286.236
1288.994
1275.81
1283.32
1282.174
1284.042
1284.753
1285.898
1278.389
1285.898
1288.14
1309.864
1307.623
1309.453
1287.729
1285.898
1278.389
1279.921
1282.386
1285.37
1287.2
1286.125
1286.941
1275.954
1275.139
1276.214
1273.749
1270.765
1268.935
1267.402
1278.389
1269.8
1272.558
1271.662
1270.847
1270.326
1272.725
1269.934
1251.004
1252.143
1270.959
1269.82
1251.004
1248.511
1245.628
1241.946
1239.029
1231.297
1228.529
1224.847
1220.295
1217.276
1216.452
1215.364
1204.25
1202.398
1200.848
1198.355
1197.762
1184.424
1183.081
1191.314
1210.13
1201.897
1209.494
1212.163
1200.05
1192.453
1191.366
1188.698
1189.785
1201.897
1183.081
1164.266
1161.707
1160.423
1158.873
1157.739
1158.53
1176.6
1176.643
1177.202
1185.729
1190.194
1190.624
1193.391
1192.252
1189.984
1184.287
1183.729
1180.961
1180.682
1161.752
1159.853
1167.585
1159.853
1157.184
1159.853
1164.318
1163.527
1164.085
1159.62
1159.19
1141.12
1141.077
1141.507
1140.949
1138.181
1140.949
1140.992
1149.519
1167.589
1159.062
1159.853
1158.302
1150.705
1164.043
1156.31
1157.469
1168.884
1170.994
1178.727
1167.312
1169.202
1168.329
1165.539
1173.136
1171.246
1169.136
1167.793
1170.583
1169.864
1168.777
1169.496
1156.159
1155
1157.767
1139.698
1140.256
1140.686
1136.221
1133.453
1132.663
1141.19
1140.76
1140.803
1140.245
1141.036
1140.992
1145.457
1136.93
1155
1153.101
1152.374
1149.881
1147.613
1135.501
1131.819
1124.086
1132.613
1129.846
1129.416
1128.858
1129.648
1125.183
1125.741
1125.785
1130.25
1133.017
1132.227
1132.183
1114.113
1114.544
1132.613
1124.086
1125.226
1106.41
1103.619
1099.067
1101.858
1101.625
1104.951
1109.503
1128.319
1128.551
1127.412
1124.086
1123.528
1124.546
1125.633
1126.582
1128.874
1137.401
1149.698
1154.25
1156.517
1155.727
1153.837
1128.965
1110.895
1113.812
1132.628
1134.517
1134.474
1137.241
1138.4
1138.83
1136.563
1135.404
1160.276
1170.049
1169.619
1166.703
1166.746
1184.816
1176.289
1173.521
1173.126
1175.893
1157.078
1147.304
1155.831
1156.39
1160.855
1156.39
1157.18
1156.622
1153.934
1141.822
1140.997
1140.439
1128.392
1125.639
1117.111
1110.142
1109.363
1106.609
1107.389
1110.676
1113.43
1110.142
1112.896
1113.327
1139.425
1151.797
1162.912
1166.032
1161.567
1162.125
1162.916
1171.443
1175.908
1175.952
1167.424
1166.866
1169.634
1151.564
1151.134
1151.09
1148.323
1166.392
1165.602
1166.032
1156.259
1153.505
1141.133
1135.435
1135.391
1133.72
1123.947
1123.903
1119.438
1101.368
1119.438
1119.868
1119.912
1111.385
1110.594
1107.827
1107.268
1111.734
1114.501
1123.028
1122.598
1123.156
1123.947
1111.575
1111.342
1110.325
1105.772
1093.476
1095.767
1104.295
1095.767
1096.785
1108.727
1109.688
1114.294
1126.735
1127.835
1126.735
1124.417
1125.517
1124.417
1116.73
1135.768
1133.068
1145.323
1133.068
1140.754
1121.717
1113.387
1116.087
1124.417
1116.73
1108.907
1110.819
1097.325
1095.189
1093.277
1092.105
1091.377
1088.554
1100.103
1102.238
1115.732
1116.905
1117.632
1120.456
1122.108
1129.886
1137.803
1135.07
1137.803
1115.303
1113.532
1112.365
1118.198
1112.365
1114.136
1105.406
1102.975
1104.91
1106.076
1104.142
1106.572
1129.072
1125.977
1129.072
1137.803
1136.993
1118.493
1121.326
1121.041
1119.434
1118.589
1114.018
1110.923
1115.494
1124.224
1124.18
1121.36
1122.17
1122.741
1122.301
1122.345
1140.845
1138.012
1138.452
1129.722
1129.151
1127.255
1125.484
1113.798
1112.027
1110.082
1118.813
1115.979
1134.479
1137.313
1132.741
1132.786
1124.056
1124.627
1106.127
1106.567
1105.996
1105.951
1105.511
1104.701
1105.511
1110.082
1117.999
1120.731
1109.045
1120.731
1117.999
1110.082
1110.127
1112.766
1134.171
1134.611
1135.183
1123.804
1126.998
1114.331
1111.137
1137.857
1150.524
1150.964
1150.524
1161.903
1135.183
1138.002
1135.183
1129.516
1142.317
1138.871
1138.017
1115.246
1114.186
1111.421
1108.553
1089.83
1089.011
1080.176
1079.73
1079.685
1075.058
1074.48
1087.221
1106.717
1115.552
1110.835
1111.89
1108.998
1106.623
1107.75
1106.623
1097.788
1098.772
1103.489
1102.505
1104.88
1107.771
1106.717
1093.976
1095.157
1075.661
1074.48
1065.657
1077.609
1054.276
1051.868
1043.802
1041.836
1033.096
1030.312
1027.349
1005.151
1004.388
1002.147
1002.91
1011.12
1013.127
1004.917
1017.036
1008.97
1011.211
1012.441
1009.478
1017.544
1016.314
1019.277
1007.157
1005.151
1019.312
1005.151
1004.071
1005.225
992.17
1001.223
992.17
987.336
1000.392
997.959
996.805
997.885
1000.318
1001.326
1000.318
1005.151
1001.62
1001.373
996.54
996.787
1000.318
1005.151
1007.888
1007.295
1006.838
1007.295
1007.249
1004.512
1005.105
1005.151
982.954
1005.151
990.991
985.966
979.917
978.991
977.157
976.565
973.404
970.48
967.168
967.624
979.425
982.349
954.639
967.775
971.087
970.631
998.341
985.205
973.404
976.238
975.083
983.149
975.083
955.106
963.847
950.987
952.141
965.001
962.168
953.427
973.404
972.478
969.274
966.311
961.619
959.603
947.802
946.629
945.792
942.831
939.297
938.416
919.26
918.042
917.021
918.115
919.283
918.19
904.971
909.865
900.698
895.804
898.268
899.289
898.12
895.656
904.823
918.042
921.042
918.042
938.269
937.044
936.273
933.313
934.538
914.31
911.442
903.129
905.9
883.425
882.825
882.363
882.316
879.545
880.007
902.482
902.529
903.129
905.599
934.011
920.542
932.641
920.542
917.146
920.143
891.732
892.2
889.203
902.671
906.068
905.599
908.637
910.935
908.878
910.139
907.101
915.371
923.789
911.363
913.42
914.203
926.629
925.846
917.576
916.314
914.017
905.599
920.118
905.599
903.716
901.836
883.29
863.366
842.621
843.819
842.621
847.64
848.762
847.64
842.621
843.668
846.194
843.668
857.225
856.178
865.58
852.022
842.621
843.749
846.249
840.146
838.89
840.146
846.249
843.749
840.082
843.749
842.621
850.193
849.277
848.476
844.584
841.706
844.584
845.065
868.416
867.935
844.584
844.536
845.159
845.208
844.584
841.706
832.511
829.435
815.701
818.261
823.345
837.079
836.018
826.495
823.935
825.149
823.935
824.996
819.911
829.435
830.571
829.435
808.42
799.225
790.74
777.212
774.232
783.189
795.765
796.252
792.721
792.235
795.351
798.882
812.882
798.882
786.305
815.838
786.305
783.189
778.037
768.205
767.31
766.159
762.396
761.106
762.396
741.104
737.946
759.238
762.396
757.245
756.981
741.584
738.453
723.361
724.174
715.424
706.828
704.44
713.036
715.174
702.258
701.444
699.306
697.995
701.152
703.541
712.291
725.207
722.049
737.141
738.453
734.41
737.038
742.258
728.158
729.247
726.619
736.397
750.497
751.743
752.91
743.132
737.912
736.746
735.499
734.41
736.188
739.388
742.561
743.201
767.174
767.668
767.028
769.983
746.01
743.054
743.104
742.611
742.561
755.65
742.561
749.494
745.673
736.106
746.551
747.814
768.814
769.314
767.372
780.288
777.088
775.081
778.282
792.66
779.743
765.365
764.865
768.491
738.16
734.534
732.642
700.905
731.236
721.327
696.921
707.366
728.366
717.921
719.185
698.185
696.921
698.025
706.854
704.19
702.927
728.467
718.557
720.709
719.606
720.869
723.533
724.715
739.006
748.916
747.733
752.613
755.284
740.798
746.161
754.313
758.035
779.923
790.809
792.126
770.238
759.352
758.035
757.359
754.237
754.184
728.86
728.339
726.05
723.494
720.114
703.959
694.593
693.722
684.52
683.116
669.29
663.776
667.156
689.947
686.567
685.187
662.396
663.776
677.238
686.604
687.703
698.589
701.822
717.977
719.293
708.407
686.52
685.203
707.09
717.977
708.61
705.378
703.135
677.698
673.065
641.452
642.602
641.37
646.884
636.555
635.405
667.018
670.797
667.461
668.694
653.708
649.928
650.45
647.674
646.357
649.692
644.178
645.495
658.958
673.852
676.628
686.957
672.062
687.048
673.586
673.065
674.381
673.065
651.177
673.065
662.178
673.065
674.942
678.599
681.619
683.862
684.86
698.323
699.64
695.984
700.44
678.24
679.576
678.24
700.44
711.482
700.44
698.315
697.787
655.465
640.358
639.023
637.856
641.564
639.66
635.951
630.358
632.633
646.288
647.301
633.646
631.371
616.264
614.929
613.915
615.82
614.57
617.633
607.157
604.094
601.279
602.614
579.498
575.914
574.49
572.169
568.769
538.212
535.426
531.005
523.585
524.94
536.141
534.786
557.308
534.786
523.585
519.696
504.275
471.746
471.21
467.778
453.925
456.233
452.471
456.233
455.205
452.098
450.743
464.595
462.663
464.595
467.703
468.731
466.423
452.57
453.925
430.331
420.693
419.338
408.136
385.615
384.194
360.743
357.264
356.237
357.264
353.502
355.81
358.918
355.81
353.502
355.435
359.197
357.842
343.989
357.842
355.909
357.264
355.844
358.199
355.24
351.472
349.316
338.688
340.844
313.453
320.554
347.946
340.844
342.264
346.033
342.707
345.665
356.293
359.62
357.264
355.996
352.889
355.996
358.304
372.157
368.395
366.463
367.818
366.79
367.818
365.51
369.272
355.419
354.064
355.996
359.209
360.115
363.564
363.854
366.337
380.393
397.261
399.449
396.132
394.172
397.989
401.142
399.767
413.824
416.165
417.208
418.583
414.766
400.71
398.368
400.328
399.286
396.132
399.632
401.593
405.597
402.015
398.463
402.045
394.881
394.119
393.061
394.456
392.08
388.205
391.405
393.782
391.792
388.592
387.197
391.071
376.805
377.863
379.853
394.119
395.178
380.526
365.874
363.884
360.684
346.418
344.041
340.167
338.771
337.713
335.336
325.585
322.674
350.883
360.634
363.011
334.802
337.713
339.703
350.856
365.122
366.585
370.167
385.714
380.042
377.821
380.249
370.197
353.828
350.272
338.99
342.19
352.421
353.928
377.836
389.118
389.687
390.718
393.859
394.597
391.299
389.86
364.814
367.314
380.245
381.753
385.746
384.392
377.069
380.069
378.562
375.562
379.962
375.562
382.885
384.238
385.746
400.451
410.682
411.882
417.099
413.513
425.59
410.655
414.241
403.85
392.054
379.786
397.992
414.881
419.421
429.532
412.997
414.579
431.365
433.893
437.385
441.194
488.218
488.98
489.04
489.627
495.722
507.362
532.029
535.807
536.886
541.359
551.633
568.794
564.181
568.794
551.633
541.359
547.552
548.649
552.488
551.891
551.117
551.056
544.863
541.024
541.621
553.449
553.509
528.445
553.509
554.284
542.456
541.359
543.509
547.38
545.23
541.359
537.52
541.359
545.198
544.101
543.327
544.423
550.617
551.214
550.617
538.789
532.595
532.535
533.309
508.245
508.305
533.37
545.198
541.359
529.531
525.692
519.499
519.559
520.156
495.091
496.188
495.591
501.785
505.624
505.563
506.337
531.402
530.628
529.531
541.359
558.52
568.794
551.633
556.246
551.633
541.359
529.531
535.724
510.66
511.434
559.216
559.813
588.813
613.878
620.071
620.132
616.293
616.233
626.77
627.867
627.27
626.496
634.754
633.657
627.464
629.327
632.785
644.613
649.72
653.013
656.852
646.315
643.169
612.685
610.117
608.536
609.31
612.665
587.601
575.773
575.176
571.883
561.157
562.238
572.964
598.028
596.948
597.544
596.77
598.351
594.996
606.824
610.117
635.181
634.085
627.891
627.117
615.289
615.886
622.079
633.907
635.004
631.165
631.105
630.508
631.282
606.218
610.056
610.117
623.673
662.577
665.931
667.012
667.399
666.625
660.431
659.335
659.931
684.996
685.056
659.992
659.395
671.223
675.062
676.159
672.32
660.492
661.266
667.46
667.399
656.862
654.999
649.891
620.891
624.184
620.891
614.698
566.915
558.657
569.195
565.737
573.995
575.858
604.858
608.316
613.423
619.617
667.399
650.238
639.964
635.351
636.77
650.327
654.52
689.02
714.085
725.913
719.719
725.913
729.751
725.913
700.848
699.751
700.348
701.122
702.219
702.28
690.452
690.391
689.794
689.02
692.569
644.786
642.218
659.274
657.667
660.235
708.017
709.625
705.754
702.206
685.149
689.02
684.833
683.253
687.44
689.02
691.641
689.02
702.577
689.02
687.923
688.52
688.581
663.516
662.742
656.548
656.488
657.262
682.327
678.488
679.585
685.778
697.606
701.445
700.848
689.02
680.762
674.569
703.569
698.461
701.919
691.382
694.675
742.457
740.594
751.132
756.239
764.497
761.039
757.746
709.964
680.964
687.157
689.02
688.96
688.185
687.589
681.395
669.567
668.47
664.632
639.567
642.922
644.003
642.922
629.366
668.269
629.366
629.753
629.366
642.922
639.567
636.109
637.972
666.972
660.778
612.996
619.19
624.297
595.297
592.004
595.462
593.599
583.062
577.954
588.492
591.785
639.567
647.825
639.567
643.438
639.567
627.515
612.098
609.948
612.098
610.517
622.57
637.987
654.788
637.987
639.567
637.168
632.974
636.267
638.667
626.839
618.935
626.839
623.137
624.718
628.911
640.739
610.255
608.675
612.376
642.86
645.481
642.86
639.567
675.769
674.688
675.769
677.188
678.696
678.309
681.664
678.309
717.212
730.769
717.212
721.083
682.18
682.567
690.825
738.608
730.349
727.056
721.949
692.949
645.167
655.704
645.167
650.274
652.137
645.944
652.137
650.274
653.733
658.566
661.859
658.401
657.804
668.53
671.823
675.177
687.005
683.651
708.715
683.651
671.823
668.53
667.755
666.675
665.094
666.175
655.449
656.223
657.804
658.401
656.25
692.452
696.29
697.798
693.927
697.798
696.29
697.71
696.29
692.452
696.323
660.121
662.272
658.401
642.984
630.517
619.792
616.09
614.832
596.332
644.114
645.977
651.085
680.085
690.622
696.816
694.953
688.759
683.926
680.468
632.685
627.578
617.04
620.499
623.792
615.534
612.241
620.499
619.355
619.742
580.839
577
573.645
574.726
573.718
574.04
612.944
616.298
615.976
615.589
612.013
615.852
602.296
615.852
616.86
620.435
619.355
620.962
617.414
600.358
598.75
594.879
547.097
549.665
553.214
557.085
554.516
571.573
619.355
583.153
584.573
588.444
584.573
620.774
619.355
617.847
619.355
622.93
623.704
624.301
624.362
653.362
642.824
646.117
617.117
613.824
642.824
646.282
648.145
654.339
662.597
656.403
652.945
700.727
711.265
716.372
708.114
706.251
701.144
653.362
634.862
632.462
617.046
619.445
634.862
653.362
689.563
685.692
684.273
685.692
687.2
685.692
649.491
653.362
682.362
684.224
679.117
675.824
686.362
689.655
694.762
688.569
659.569
656.11
703.892
702.03
708.223
711.681
701.144
709.402
661.62
653.362
657.548
660.169
661.75
659.129
672.685
671.105
666.918
653.362
692.265
678.708
679.789
693.345
692.958
654.055
657.41
656.329
656.716
664.072
664.466
669.101
673.5
679.918
691.525
716.646
720.056
719.449
719.511
718.724
689.249
685.615
685.553
686.16
715.635
719.269
720.056
756.851
755.408
753.876
755.408
718.613
714.679
718.613
720.056
713.761
708.57
679.094
668.384
665.037
663.143
654.75
606.184
602.669
605.645
616.546
620.153
608.131
609.738
609.131
607.525
610.934
636.41
637.197
626.295
626.902
638.923
613.448
612.661
611.563
608.216
611.563
608.153
619.055
620.153
615.464
617.071
613.874
612.432
617.12
624.923
623.317
624.76
616.956
620.153
606.374
605.276
565.735
565.342
561.932
563.464
526.669
530.604
529.071
527.628
523.694
525.137
561.932
561.993
561.206
561.145
560.538
564.172
534.697
535.484
564.959
561.325
561.932
566.331
565.937
561.538
573.145
573.538
568.903
562.485
559.075
533.954
538.589
541.999
530.392
536.81
561.932
544.596
540.989
539.355
536.745
488.179
484.245
519.31
548.786
550.679
562.929
569.158
573.414
586.085
595.798
596.809
599.784
610.686
614.292
610.686
599.784
596.809
599.165
599.559
603.441
604.556
612.359
613.802
617.736
616.294
653.089
649.154
647.622
649.154
612.359
614.798
618.029
618.635
620.821
628.854
629.865
631.398
637.816
641.928
637.672
650.343
652.236
681.712
730.277
695.212
682.541
676.311
682.541
683.552
695.802
730.867
728.974
719.261
707.011
706
710.255
680.78
680.719
684.352
654.877
684.352
684.959
681.325
682.112
681.325
680.719
680.78
682.993
687.249
706.052
710.314
725.984
737.91
748.62
765.697
765.758
759.34
755.228
753.695
752.684
744.652
742.466
743.477
749.895
752.081
756.193
764.225
763.619
764.225
765.758
761.503
724.708
754.183
705.617
704.175
752.74
789.536
787.642
786.631
787.642
783.708
796.378
761.313
749.063
755.292
759.227
763.482
775.732
777.265
775.079
780.923
776.989
764.318
766.212
767.654
761.425
759.892
730.417
726.515
751.99
755.892
757.007
757.068
757.675
758.462
764.757
767.161
792.283
785.865
790.264
765.142
760.743
761.137
772.743
779.161
783.796
787.206
783.796
772.19
771.796
767.161
775.194
772.219
772.825
771.292
764.874
763.863
761.678
763.863
765.396
766.407
770.519
769.913
776.331
787.232
790.839
786.727
778.694
775.087
764.186
767.161
768.172
719.607
706.936
700.706
696.451
709.122
696.872
694.978
693.967
698.223
710.473
759.038
760.932
731.456
737.686
767.161
761.317
796.383
800.284
800.223
774.747
770.846
764.551
763.944
764.005
762.891
764.005
764.612
762.208
758.977
770.999
774.23
776.668
782.963
782.176
779.738
805.213
806
804.467
800.533
763.738
762.295
755.877
759.989
759.383
757.85
753.738
755.923
763.956
755.923
757.456
756.445
757.456
763.874
764.481
762.295
713.73
743.205
755.876
762.105
763.999
728.933
729.944
725.689
724.678
722.784
693.309
741.874
729.204
733.459
721.209
756.275
768.525
762.295
787.77
786.656
785.869
760.393
761.508
757.607
758.393
759
758.393
752.098
758.393
758.332
758.393
770.415
774.317
762.295
761.508
760.41
761.197
759.59
734.115
723.213
711.191
714.601
711.191
710.585
721.486
718.139
718.746
744.221
747.568
749.175
761.197
762.295
761.508
759.902
730.426
726.171
730.426
759.902
760.508
746.73
743.096
745.76
745.698
743.034
746.668
747.455
747.516
746.91
748.516
762.295
764.481
762.948
756.53
755.519
792.314
791.708
787.596
794.014
809.683
817.716
815.53
817.063
817.669
809.637
826.62
830.732
838.765
856.208
857.219
867.044
865.929
865.322
865.261
877.283
851.807
851.869
855.77
849.475
837.454
843.749
844.863
845.47
841.568
842.355
867.831
867.044
915.609
880.544
867.873
874.102
861.852
832.377
833.388
831.495
782.929
795.179
788.949
793.205
795.098
830.164
842.835
838.579
843.492
842.481
838.874
841.85
845.456
842.481
831.579
842.481
843.268
817.792
817.731
818.337
820.523
814.228
813.441
812.835
812.896
800.874
812.896
808.995
815.29
840.765
853.015
837.346
835.739
837.346
833.411
850.488
851.602
867.272
865.086
868.988
856.738
860.672
843.596
842.481
841.038
845.301
810.235
796.456
792.194
827.26
841.038
842.481
843.087
841.555
840.544
838.358
844.587
840.475
842.008
843.019
836.601
835.995
842.413
834.38
838.492
840.678
848.71
813.645
812.634
847.699
845.261
843.367
849.597
843.367
844.378
847.609
877.085
881.34
883.234
895.904
944.47
940.214
952.464
949.234
944.321
895.755
883.505
885.944
873.273
876.683
865.077
858.658
863.294
869.712
865.077
890.198
890.592
890.198
901.805
898.395
893.996
868.874
873.273
873.88
858.21
832.735
831.948
842.658
846.921
846.314
842.413
842.351
842.413
831.702
831.641
832.755
831.641
819.619
807.693
813.988
795.184
820.66
839.463
835.201
847.223
842.967
854.893
857.107
850.811
854.713
852.5
852.561
869.638
885.307
886.094
890.35
873.273
873.88
867.462
866.451
872.869
876.981
877.992
886.025
887.557
885.372
887.557
886.951
882.839
881.306
873.273
872.262
842.787
836.557
801.492
797.236
784.566
772.316
723.75
721.857
717.974
725.777
726.892
726.499
726.892
725.777
728.134
732.016
724.213
721.857
733.878
734.665
734.604
734.665
734.059
730.157
729.551
725.917
713.895
714.501
713.714
712.6
687.124
657.649
656.862
663.157
664.272
689.747
689.686
683.391
687.292
683.18
676.762
674.577
673.044
672.033
664
663.393
662.607
666.508
691.984
691.377
665.902
665.84
664.725
664.787
658.492
670.514
666.612
667.399
673.694
674.809
675.415
663.393
667
669.975
659.074
655.467
666.369
663.393
660.955
664.186
666.624
663.393
662.787
650.765
650.827
651.941
648.04
648.827
642.531
641.417
647.712
659.734
634.258
634.197
638.098
663.574
664.18
663.393
637.918
637.311
636.525
635.41
635.348
629.053
617.031
613.13
609.72
598.113
593.714
587.296
562.175
561.781
557.146
554.482
542.46
559.903
555.641
586.624
583.277
575.245
558.261
527.277
525.671
488.876
496.908
498.515
488.69
504.359
514.184
522.217
525.98
528.418
520.385
517.947
502.277
514.299
518.561
501.119
497.357
500.02
503.367
520.351
557.146
557.085
574.161
569.906
565.643
546.84
551.102
534.026
523.316
535.242
519.572
530.283
534.538
522.612
520.399
520.46
536.13
538.343
557.146
546.245
543.014
540.038
537.6
533.993
536.432
539.663
540.269
552.291
548.881
536.859
535.253
538.6
527.698
524.351
525.958
524.859
499.384
498.777
499.876
500.663
504.072
529.548
528.761
539.663
542.859
545.47
556.18
587.164
591.419
594.083
607.862
603.607
589.828
588.221
585.557
587.164
583.933
581.495
583.933
587.164
589.52
589.914
589.52
581.717
577.835
581.717
589.52
588.406
589.52
587.164
599.835
625.31
626.843
624.63
620.374
601.571
590.861
573.784
558.115
546.189
546.127
541.865
540.84
544.742
548.376
544.474
544.802
541.168
540.84
541.865
529.194
554.669
567.34
541.865
540.332
541.865
545.627
562.963
564.078
565.24
573.874
577.105
581.007
584.204
592.236
602.061
617.731
609.698
592.255
609.239
626.682
663.477
646.493
636.668
620.999
584.204
580.973
583.411
580.973
584.204
609.679
584.204
571.533
573.066
585.736
584.204
571.533
573.066
585.736
611.212
609.679
584.204
580.794
580.007
578.4
566.378
555.477
552.13
551.031
550.425
524.949
506.146
490.477
488.038
492.727
488.038
489.481
492.678
491.071
498.874
497.432
499.038
491.235
488.038
475.367
473.835
475.367
449.892
475.367
488.038
490.477
488.038
484.807
488.038
489.571
502.242
500.709
526.184
500.709
488.038
489.194
490.309
528.809
529.833
504.358
505.891
518.561
544.037
531.366
529.833
530.227
529.112
521.309
523.665
521.309
522.423
526.306
534.109
530.227
529.833
527.395
524.164
523.001
524.116
520.354
517.157
534.493
537.724
541.486
550.12
553.317
554.48
545.846
544.731
548.633
545.402
541.5
524.164
498.689
497.156
484.485
468.816
464.881
452.631
435.555
433.369
431.762
414.779
404.954
414.779
399.109
391.077
399.109
414.779
451.574
434.131
451.115
468.557
431.762
444.433
450.663
451.941
462.384
448.605
444.35
445.956
450.212
452.876
451.269
448.605
462.384
463.54
462.425
463.54
425.04
426.064
424.908
423.884
462.384
473.094
442.111
431.4
434.011
431.4
434.597
431.4
462.384
427.318
423.056
409.277
407.835
411.35
413.96
415.123
416.656
432.325
434.511
438.766
437.611
436.586
435.471
396.971
400.734
403.964
402.802
403.964
421.301
418.104
419.219
401.883
400.768
404.669
401.439
397.676
406.31
397.676
393.775
396.971
379.529
379.922
377.311
392.981
383.156
367.486
350.503
313.708
315.24
352.036
354.646
351.131
350.016
353.531
349.649
348.116
351.999
368.982
378.807
363.138
370.941
363.138
360.952
360.559
362.745
360.388
368.421
370.777
375.033
367
368.115
369.277
365.022
382.464
381.302
396.971
398.086
401.988
402.049
414.071
420.366
420.973
421.76
447.235
445.702
461.372
465.627
463.441
462.279
458.023
454.508
451.898
453.43
455.616
456.779
441.109
443.72
447.235
421.76
421.698
427.993
453.469
465.49
461.589
465.49
464.376
464.437
465.552
464.765
465.372
466.158
459.863
459.257
447.235
449.128
450.727
461.169
465.903
468.116
480.787
485.042
483.88
482.347
479.736
476.221
479.736
481.922
484.533
485.695
501.365
497.109
494.923
479.254
480.787
487.082
461.607
462.393
462.332
461.217
460.43
459.824
447.802
447.863
451.765
477.24
477.847
471.552
472.667
484.689
480.787
479.189
477.295
472.561
485.232
486.831
497.273
484.602
489.336
487.123
489.016
491.23
480.787
476.885
502.361
501.754
501.816
500.701
500.639
475.164
475.951
469.656
475.951
476.557
464.536
476.557
475.77
476.885
480.787
484.302
480.046
481.579
478.064
480.25
478.064
493.734
496.344
495.182
499.437
483.768
482.235
483.398
480.787
478.348
474.586
505.57
502.223
503.829
506.268
509.615
506.951
509.615
505.352
517.374
521.137
519.53
511.497
499.475
503.738
472.754
480.787
470.344
483.015
487.749
485.536
495.978
498.191
499.79
498.191
496.298
491.564
493.458
480.787
480.725
484.627
484.689
485.295
491.59
517.066
516.279
528.301
522.005
496.53
495.923
494.809
490.907
491.694
479.672
480.787
481.949
466.28
462.025
458.51
455.899
453.713
457.969
460.579
462.112
460.579
459.417
462.932
465.117
480.787
476.531
473.867
472.261
458.482
452.187
451.581
450.794
452.392
452.331
426.855
426.917
425.802
426.917
427.523
452.999
440.977
439.378
435.477
433.583
438.317
444.612
448.514
435.843
425.4
420.667
433.337
434.124
446.146
448.359
458.802
456.589
458.482
467.116
465.583
448.247
439.613
456.949
453.753
449.497
448.383
444.62
446.806
447.921
451.683
452.846
448.944
446.758
449.989
452.6
456.501
460.016
475.686
477.219
478.381
477.219
473.988
470.473
454.803
459.059
456.448
459.645
458.482
452.187
451.581
455.482
430.007
429.945
417.923
424.219
425.333
425.94
426.001
424.887
450.362
449.575
450.362
446.46
458.482
471.153
473.366
483.809
479.075
476.862
474.969
473.37
475.264
464.821
466.419
471.153
458.482
452.253
469.236
506.031
488.589
451.794
434.81
424.985
416.952
426.777
434.81
450.48
467.922
452.253
448.738
446.127
444.964
440.709
438.523
422.854
421.321
446.796
450.698
425.223
413.201
412.594
411.48
412.266
413.381
409.48
410.086
409.299
415.594
427.616
427.678
427.616
421.321
423.214
421.321
408.65
419.093
417.495
412.761
414.359
403.917
416.587
421.321
423.534
421.321
390.337
387.727
377.016
373.82
374.426
378.328
379.443
378.656
384.951
410.426
422.448
410.426
409.311
405.41
405.348
405.41
379.934
379.328
373.033
373.82
384.262
388.951
406.393
408.75
408.357
416.16
412.277
416.16
416.553
417.668
409.865
408.75
406.393
401.66
388.989
391.202
392.801
403.243
415.914
414.02
403.578
405.471
410.205
408.607
406.393
405.607
399.311
395.41
383.388
382.781
381.667
381.605
356.13
368.801
379.243
366.572
368.466
370.064
367.851
366.253
370.986
369.093
371.306
360.863
356.13
354.236
341.566
339.967
337.754
327.311
322.578
333.02
337.709
327.266
309.824
327.266
322.578
330.971
329.857
325.955
329.717
330.88
339.514
340.628
331.995
328.798
332.699
335.93
332.168
335.365
352.701
351.538
348.307
330.971
332.201
367.266
369.877
409.418
420.32
422.997
426.76
423.126
419.224
418.199
417.872
411.642
417.872
419.15
429.593
428.314
417.872
405.201
417.872
428.314
445.757
441.068
445.757
435.314
417.872
400.429
392.626
391.183
386.495
389.691
352.896
349.699
348.093
349.536
354.224
344.399
336.366
344.169
345.776
330.107
313.123
308.434
290.992
280.549
272.746
272.352
276.235
272.352
273.467
281.27
280.156
280.549
282.906
280.549
292.571
294.784
299.473
337.973
340.407
343.071
343.678
373.153
373.214
374.001
377.635
376.473
359.137
355.235
352.004
348.242
345.045
336.411
335.296
360.772
367.067
367.854
368.969
369.03
381.052
381.658
385.56
399.339
403.738
405.27
417.292
421.404
429.798
431.077
430.29
431.077
430.47
442.492
441.377
447.672
441.377
442.492
443.098
468.574
464.672
452.65
452.712
452.65
456.552
431.077
431.863
431.257
431.318
431.925
431.863
402.388
401.601
431.077
427.443
431.077
437.372
431.077
405.601
409.503
409.441
421.463
422.25
421.135
421.742
447.217
443.316
442.529
441.922
429.9
429.962
431.077
396.011
393.4
389.638
429.179
389.638
392.316
389.638
424.704
435.605
439.367
441.978
443.208
441.978
431.077
434.978
434.917
435.704
434.589
430.687
456.163
457.277
469.299
475.594
450.119
449.332
449.939
443.643
443.037
431.015
431.077
432.191
432.253
436.154
410.679
404.384
416.406
417.193
413.291
419.586
420.193
408.171
433.646
432.531
432.47
431.863
431.077
427.194
424.837
424.444
424.837
417.034
420.917
422.031
429.835
432.191
431.077
470.617
474.224
479.617
478.831
449.355
449.294
450.081
449.474
449.536
479.011
475.377
475.984
479.617
485.913
485.126
486.24
474.219
474.157
474.944
471.042
471.649
465.354
477.376
476.769
502.245
501.13
475.654
475.716
479.617
479.679
480.286
505.761
480.286
486.581
482.679
486.581
498.602
499.717
499.656
498.541
497.934
485.913
486.699
480.404
479.617
479.556
454.081
447.786
451.687
457.982
470.004
466.102
466.709
467.496
466.381
491.857
492.971
493.033
492.246
491.639
479.617
478.085
482.197
483.73
492.123
493.402
497.801
493.689
507.467
499.074
487.052
473.273
485.295
480.896
479.617
473.322
472.208
478.503
466.481
462.579
463.366
462.579
463.694
463.087
463.694
438.219
438.28
463.755
475.777
479.679
479.617
480.224
479.437
479.499
480.286
509.761
509.699
513.333
512.727
483.251
479.617
483.73
494.631
521.158
529.552
535.847
570.913
574.322
590.415
598.219
596.612
600.874
604.221
607.984
605.32
607.984
609.59
640.574
638.135
646.168
658.19
660.628
648.607
640.574
637.227
606.243
602.481
598.219
597.104
590.809
590.747
589.96
564.485
563.878
551.857
547.955
577.561
580.792
582.071
598.164
600.775
600.713
597.079
597.686
627.161
626.374
630.008
600.533
600.594
601.381
600.775
604.381
564.84
604.381
598.988
595.381
600.775
609.168
600.775
611.217
600.775
599.496
586.825
599.496
605.725
607.004
600.775
597.365
588.971
562.444
546.351
572.878
565.075
600.141
604.253
612.056
607.944
624.037
634.939
643.332
632.43
638.725
642.135
607.07
600.775
592.971
592.578
591.463
589.107
585.224
586.339
587.175
588.404
592.167
598.396
594.634
593.404
632.945
635.556
600.49
597.813
600.49
611.392
571.851
560.949
564.712
562.101
563.331
598.396
593.997
592.719
591.186
587.074
588.607
592.719
584.325
592.719
604.74
606.019
593.997
580.219
584.617
598.396
568.921
565.287
564.5
564.439
563.832
598.898
591.094
607.187
633.714
641.518
647.813
658.714
662.827
659.417
651.023
615.958
609.663
593.57
589.458
592.867
566.34
574.734
563.832
565.439
557.635
556.029
554.586
556.029
552.832
548.143
555.947
559.143
563.832
560.07
558.955
565.184
562.574
563.689
547.596
546.76
540.53
544.292
545.522
544.292
573.899
589.992
586.761
557.154
559.765
558.486
559.765
560.601
563.832
558.439
563.832
524.291
520.684
560.225
563.832
550.053
554.165
567.944
555.922
551.81
550.531
552.064
543.671
548.07
546.537
554.93
550.531
562.553
563.832
555.439
558.848
567.242
551.149
524.622
530.917
527.507
523.395
539.488
543.6
532.698
524.895
532.698
497.633
524.16
535.061
570.127
563.832
567.734
569.947
573.709
585.635
586.914
588.029
588.772
592.378
611.182
619.575
637.018
641.751
642.85
645.527
670.649
671.042
672.477
691.66
702.561
705.908
707.071
733.598
735.492
743.361
753.803
772.986
812.527
820.921
823.531
827.294
824.616
824.944
864.485
865.714
826.173
828.851
830.19
828.96
826.35
815.448
823.481
833.306
837.941
834.179
845.081
857.331
868.232
833.167
868.232
867.003
868.117
861.888
868.117
867.281
866.167
867.003
870.765
867.003
868.232
874.65
877.626
878.639
879.65
885.044
876.65
911.716
895.623
860.557
849.656
855.951
863.754
855.951
852.541
846.246
842.134
846.246
857.148
873.24
846.713
850.123
876.65
885.044
895.945
898.24
900.679
917.755
928.198
933.592
935.948
938.305
941.501
951.327
953.683
957.317
962.71
966.317
960.923
957.317
996.858
957.317
960.548
957.937
928.331
912.238
913.516
929.609
926.378
928.989
958.596
957.317
982.792
985.231
1000.9
996.501
982.723
970.701
972.143
984.165
1009.641
1012.318
1011.04
1024.818
1026.097
1027.122
1025.589
1029.701
1034.1
1029.988
1045.657
1047.19
1055.583
1104.149
1095.755
1096.499
1098.22
1099.234
1110.135
1113.332
1116.939
1125.572
1133.376
1159.903
1153.608
1150.198
1161.1
1196.165
1185.264
1177.46
1193.553
1177.46
1181.572
1187.867
1179.474
1175.362
1148.835
1157.228
1122.163
1125.572
1129.335
1130.564
1126.802
1127.917
1126.802
1127.638
1126.802
1120.572
1119.343
1125.572
1127.758
1128.365
1159.348
1162.545
1165.156
1175.866
1176.653
1180.26
1183.956
1185.112
1214.587
1216.309
1227.915
1229.014
1230.025
1233.372
1222.929
1221.65
1215.421
1202.75
1205.428
1206.706
1207.542
1256.108
1291.173
1295.286
1299.921
1302.107
1321.29
1323.728
1326.085
1331.276
1333.462
1325.068
1354.544
1354.605
1355.212
1355.999
1359.633
1351.829
1378.357
1369.963
1386.056
1421.122
1410.22
1418.023
1421.433
1415.138
1388.611
1353.545
1361.939
1368.234
1364.824
1375.725
1371.613
1375.725
1359.633
1361.846
1365.193
1367.631
1371.743
1373.276
1374.391
1377.055
1377.798
1365.872
1362.109
1366.508
1362.607
1371
1379.033
1374.634
1373.355
1369.749
1374.011
1371.572
1363.179
1364.458
1368.22
1381.999
1380.72
1392.742
1404.764
1390.985
1378.963
1382.865
1378.602
1376.389
1373.725
1377.488
1378.766
1347.783
1359.709
1355.947
1354.34
1350.228
1349.113
1352.72
1351.187
1347.84
1347.097
1348.704
1336.682
1367.665
1359.633
1360.795
1363.152
1368.545
1395.234
1434.775
1437.131
1473.926
1470.32
1473.926
1478.038
1482.727
1443.186
1447.448
1442.055
1402.514
1391.612
1387.85
1385.172
1350.107
1348.877
1346.266
1354.9
1362.933
1380.269
1396.362
1404.755
1408.657
1409.264
1434.739
1435.526
1436.641
1442.936
1442.997
1455.019
1458.25
1454.488
1484.094
1480.863
1481.978
1484.589
1481.978
1485.74
1486.577
1485.347
1484.511
1478.281
1484.511
1468.418
1484.511
1454.904
1453.626
1454.855
1453.74
1455.019
1456.74
1464.773
1477.023
1496.206
1509.985
1510.821
1517.239
1518.518
1522.773
1548.249
1549.411
1555.706
1554.919
1542.898
1544.012
1556.034
1549.739
1553.641
1559.936
1559.997
1585.473
1586.26
1585.145
1585.083
1584.477
1580.575
1581.182
1555.706
1566.149
1575.974
1578.949
1581.384
1551.908
1552.515
1548.881
1548.094
1548.156
1577.631
1581.265
1581.204
1581.99
1581.384
1580.597
1574.302
1562.28
1568.575
1572.477
1584.499
1609.974
1584.499
1585.105
1584.499
1584.437
1580.536
1581.322
1581.384
1582.499
1581.384
1606.859
1617.57
1652.635
1654.234
1662.102
1697.168
1703.463
1706.873
1733.4
1727.105
1743.198
1735.395
1731.985
1740.378
1705.313
1678.786
1686.589
1697.49
1686.589
1670.496
1666.384
1657.99
1662.102
1662.041
1650.019
1656.314
1650.019
1646.117
1647.232
1651.134
1651.195
1651.802
1652.589
1627.113
1625.999
1651.474
1650.867
1650.081
1662.102
1664.766
1666.952
1668.108
1672.01
1659.988
1663.889
1662.775
1663.381
1664.168
1670.463
1644.988
1644.201
1640.299
1634.004
1633.943
1634.004
1646.026
1647.141
1672.616
1672.01
1675.643
1679.84
1683.723
1695.649
1696.673
1745.239
1770.361
1770.422
1766.52
1769.131
1770.294
1774.195
1774.802
1800.277
1810.72
1809.605
1808.999
1811.403
1817.698
1811.403
1811.464
1811.403
1799.381
1798.594
1812.373
1813.488
1814.275
1788.799
1759.324
1758.537
1758.475
1759.082
1758.475
1787.951
1784.317
1784.378
1788.012
1788.799
1784.687
1785.966
1790.078
1778.056
1786.449
1800.228
1801.761
1806.16
1818.182
1809.788
1808.255
1803.857
1790.078
1788.799
1793.488
1797.122
1798.654
1824.13
1836.152
1836.758
1836.82
1835.705
1837.044
1836.982
1836.195
1829.9
1849.083
1846.679
1847.466
1851.367
1850.761
1846.859
1853.154
1854.269
1828.794
1832.556
1833.392
1832.556
1826.327
1827.441
1828.671
1834.9
1833.786
1830.023
1828.794
1832.4
1827.007
1832.4
1828.794
1789.253
1828.794
1829.892
1845.985
1853.788
1872.971
1874.31
1872.971
1853.788
1853.85
1865.872
1866.658
1892.134
1896.036
1884.014
1877.719
1884.014
1882.899
1882.292
1856.817
1852.915
1854.03
1853.243
1853.182
1853.788
1845.985
1841.873
1825.78
1790.714
1779.813
1776.403
1768.01
1761.714
1735.187
1736.212
1740.847
1741.872
1743.505
1749.735
1752.169
1758.399
1758.46
1747.75
1716.766
1719.963
1730.673
1711.49
1748.286
1767.469
1798.452
1799.985
1796.788
1798.231
1799.57
1802.18
1806.115
1804.776
1802.165
1802.952
1809.247
1808.46
1807.346
1807.407
1803.505
1803.444
1807.346
1801.051
1789.029
1788.422
1813.898
1788.422
1789.537
1790.143
1802.165
1805.512
1807.119
1824.102
1842.906
1891.471
1890.133
1909.316
1890.133
1891.471
1890.684
1891.471
1920.947
1921.008
1920.947
1924.581
1895.105
1894.499
1895.105
1891.471
1890.865
1865.389
1864.275
1867.471
1863.57
1863.508
1851.486
1856.175
1854.732
1853.126
1849.929
1851.536
1846.847
1848.29
1840.486
1834.191
1833.404
1841.208
1843.818
1840.587
1810.981
1808.37
1807.092
1790.999
1794.217
1798.447
1799.725
1802.956
1804.563
1823.746
1804.563
1805.902
1804.563
1803.03
1804.473
1806.005
1809.94
1846.735
1809.94
1806.005
1804.563
1821.899
1827.292
1830.989
1848.325
1848.932
1850.464
1852.063
1858.481
1866.514
1868.809
1869.822
1872.008
1878.426
1879.437
1890.148
1891.754
1904.425
1908.537
1947.037
1955.07
1973.873
1954.69
1956.029
1958.769
1957.43
1961.193
1961.52
1962.357
1966.119
1985.302
1983.963
1985.302
1982.561
1984.747
1978.329
1979.34
1980.873
1984.985
1983.974
1992.007
1983.974
1982.441
1978.329
1976.143
1982.561
1981.955
1982.561
1978.955
1975.193
1979.094
1978.351
1979.094
1991.02
1994.783
1995.898
1994.619
1998.225
1997.111
1999.324
1997.111
1998.389
1994.488
1982.561
1978.799
1977.684
1976.455
1975.619
1969.389
1994.511
1998.575
1993.842
1995.276
1997.086
1999.299
2007.693
2013.922
2012.389
1975.594
1974.152
1954.969
1958.903
1954.969
1956.501
1957.944
1977.127
1978.466
1977.127
2013.922
2027.701
2013.922
2012.389
2016.788
1987.313
1983.201
1991.594
1992.201
2004.223
2008.335
2009.867
2009.261
2005.627
2004.84
2034.316
2029.917
2017.895
2009.501
2010.288
2010.35
2009.071
2009.01
2010.288
2013.922
2007.504
2008.111
2006.578
2014.611
2015.622
2014.611
2016.796
2012.684
2012.078
2018.496
2020.029
2024.141
2016.108
2013.922
2009.234
2006.57
2011.963
2009.529
1971.029
1972.012
1982.723
1980.51
1988.313
1976.291
1987.001
1985.663
2004.846
1985.663
1987.001
1978.969
1979.993
1962.657
1979.993
1981.141
1982.747
2022.288
2008.171
2018.708
2019.483
2025.797
2027.378
2008.878
2009.875
2012.194
2011.196
2009.616
1999.078
1986.612
1999.078
1992.763
2011.637
2010.32
1979.706
1961.132
1961.72
1961.132
1957.151
1959.222
1960.333
1961.312
1959.196
1963.177
1965.294
1963.81
1965.294
1959.079
1951.302
1950.323
1988.608
1993.831
1990.339
1952.053
1946.831
1950.323
1914.696
1916.18
1912.37
1910.886
1914.696
1916.093
1951.72
1950.323
1978.862
1967.001
1969.529
1950.955
1981.105
1982.099
1986.145
1985.548
1983.444
1984.04
1982.911
1978.866
1981.016
1978.866
1977.871
1976.363
1982.677
1984.185
1992.089
2021.089
2031.815
2035.516
2039.091
2010.091
2009.495
2009.434
2008.66
2005.085
2011.649
2019.327
2031.155
2035.284
2046.009
2046.606
2047.601
2048.198
2066.698
2069.54
2073.177
2109.379
2110.798
2074.597
2073.089
2074.597
2070.726
2074.597
2073.177
2074.685
2073.691
2065.788
2064.28
2066.43
2065.833
2066.828
2073.142
2073.739
2067.425
2063.379
2061.228
2065.274
2073.177
2081.081
2064.024
2053.487
2059.801
2072.267
2053.767
2052.187
2051.19
2059.684
2062.829
2061.7
2063.481
2064.212
2066.39
2067.387
2072
2090.5
2092.108
2087.566
2104.352
2098.138
2135.415
2136.368
2118.161
2128.532
2150.397
2151.977
2150.98
2152.552
2151.044
2153.195
2156.374
2152.328
2151.333
2145.019
2137.116
2143.43
2142.172
2136.836
2139.364
2154.946
2162.724
2159.595
2157.067
2158.306
2156.189
2157.168
2158.652
2158.065
2162.046
2158.93
2154.835
2155.422
2159.91
2163.669
2164.733
2162.451
2154.673
2152.84
2151.443
2115.816
2114.332
2149.959
2151.356
2155.165
2151.356
2152.84
2153.602
2165.242
2169.02
2193.687
2199.782
2200.861
2200.921
2201.508
2203.869
2196.091
2192.11
2191.131
2189.015
2187.53
2186.943
2180.729
2205.053
2205.64
2241.267
2249.394
2245.135
2246.619
2250.601
2252.929
2248.947
2247.463
2239.336
2252.677
2256.937
2255.698
2256.937
2245.296
2231.955
2236.075
2224.435
2223.848
2229.943
2229.884
2254.55
2254.61
2279.276
2273.181
2284.821
2290.044
2291.123
2290.361
2286.583
2261.917
2256.694
2257.282
2256.202
2259.98
2260.742
2264.321
2288.646
2305.534
2310.118
2316.149
2317.705
2334.491
2370.118
2380.488
2374.274
2374.655
2356.448
2339.663
2331.885
2370.171
2388.377
2392.02
2404.288
2405.27
2404.288
2410.503
2411.614
2399.345
2397.948
2401.44
2391.07
2389.515
2392.61
2409.396
2426.284
2426.344
2427.828
2433.923
2437.733
2435.205
2410.538
2406.761
2406.173
2406.114
2394.474
2393.712
2363.712
2359.902
2360.981
2359.902
2360.664
2396.291
2396.878
2398.275
2395.18
2398.958
2388.587
2352.96
2377.627
2376.143
2370.048
2381.688
2380.291
2408.831
2418.344
2419.582
2424.804
2432.423
2410.604
2447.299
2446.253
2450.253
2478.346
2494.971
2497.51
2496.234
2499.984
2493.984
2493.234
2492.656
2493.234
2468.953
2480.411
2504.693
2504.751
2504.693
2508.411
2509.474
2498.016
2504.016
2500.297
2499.234
2499.984
2496.547
2458.859
2462.297
2499.984
2505.125
2499.984
2489.308
2491.592
2500.813
2482.81
2484.344
2452.869
2460.141
2472.876
2472.933
2496.479
2485.367
2484.807
2485.837
2486.352
2480.534
2456.989
2456.261
2452.655
2458.473
2469.585
2469.528
2470.255
2470.816
2469.785
2466.149
2464.732
2466.066
2462.759
2464.154
2462.841
2429.341
2432.923
2450.042
2450.938
2452.102
2453.557
2454.609
2454.057
2443.112
2419.918
2425.649
2425.705
2426.422
2426.974
2426.466
2420.735
2421.75
2420.735
2431.68
2432.188
2431.471
2431.415
2435.281
2419.498
2436.617
2438.08
2445.94
2451.784
2440.248
2441.17
2431.419
2425.576
2441.359
2440.315
2439.392
2446.705
2439.063
2437.601
2438.534
2441.899
2451.65
2434.531
2435.292
2436.94
2435.485
2436.94
2436.996
2438.011
2437.504
2436.787
2437.34
2436.325
2442.056
2465.25
2461.384
2464.937
2465.653
2459.922
2459.369
2433.987
2423.202
2423.147
2420.96
2424.335
2426.32
2430.143
2432.331
2428.507
2429.654
2426.279
2398.485
2399.485
2410.27
2413.505
2410.005
2412.395
2415.77
2412.767
2440.561
2444.061
2433.277
2430.042
2440.74
2443.743
2433.044
2431.603
2429.618
2431.059
2431.725
2438.931
2437.931
2436.784
2436.118
2433.728
2430.353
2423.147
2424.294
2425.669
2428.071
2426.777
2393.77
2390.24
2388.865
2366.012
2366.718
2366.012
2371.659
2371.604
2372.604
2366.957
2367.012
2377.797
2376.797
2376.252
2400.774
2404.326
2427.52
2423.968
2424.52
2416.878
2414.689
2402.144
2400.749
2397.005
2395.841
2391.836
2388.527
2386.307
2389.507
2424.56
2414.634
2437.828
2447.336
2448.388
2449.321
2450.54
2451.555
2450.496
2464.762
2465.777
2492.733
2507.384
2510.326
2507.949
2480.994
2478.052
2463.4
2462.236
2464.613
2465.777
2465.944
2464.944
2468.479
2464.259
2460.724
2464.944
2468.496
2468.552
2457.607
2458.323
2458.876
2457.861
2457.308
2458.323
2452.592
2452.536
2451.82
2475.014
2451.82
2448.267
2459.213
2464.944
2480.825
2485.093
2494.601
2503.546
2510.71
2526.173
2548.751
2557.832
2554.739
2553.557
2554.739
2547.466
2548.951
2553.936
2548.951
2521.708
2523.186
2550.428
2551.443
2554.398
2545.317
2543.139
2570.381
2572.131
2573.066
2578.878
2584.55
2596.086
2568.897
2562.667
2566.429
2560.864
2560.327
2559.342
2548.714
2526.192
2526.138
2525.442
2521.993
2535.845
2534.425
2532.825
2547.052
2546.156
2547.339
2548.607
2542.934
2527.607
2510.984
2503.883
2494.414
2518.008
2540.53
2566.704
2555.502
2512.568
2518.061
2512.473
2538.82
2542.694
2543.614
2554.767
2560.439
2559.519
2586.354
2591.675
2589.951
2563.116
2564.764
2570.613
2566.795
2568.494
2568.2
2571.729
2573.714
2577.92
2580.31
2602.846
2603.846
2598.638
2600.667
2597.478
2596.572
2591.804
2592.7
2557.744
2600.679
2599.983
2604.128
2594.896
2590.751
2575.331
2584.563
2599.983
2598.383
2599.277
2598.383
2596.709
2570.288
2564.604
2607.539
2611.301
2585.243
2574.413
2568.906
2563.739
2569.246
2573.589
2567.381
2563.673
2565.25
2566.9
2574.424
2600.11
2599.138
2599.667
2607.19
2616.69
2630.714
2631.721
2635.807
2636.779
2641.479
2675.029
2674.021
2678.146
2644.596
2645.489
2644.596
2651.924
2653.598
2649.836
2651.436
2655.198
2659.588
2658.011
2647.336
2652.764
2651.883
2646.455
2644.805
2640.524
2666.21
2671.302
2667.082
2667.976
2640.537
2641.787
2644.108
2643.225
2642.882
2640.096
2643.496
2652.83
2655.996
2658.812
2660.205
2658.812
2660.389
2655.689
2656.175
2655.162
2643.089
2644.967
2656.805
2679.596
2690.482
2689.614
2719.741
2678.015
2688.54
2684.884
2679.532
2683.188
2695.833
2694.256
2692.606
2694.256
2695.137
2723.367
2728.874
2715.576
2710.483
2752.805
2756.89
2752.805
2761.905
2752.805
2737.605
2752.805
2748.105
2746.99
2761.79
2746.99
2721.305
2729.867
2734.567
2760.252
2751.69
2758.548
2759.662
2752.805
2753.919
2757.627
2754.485
2739.285
2738.035
2741.72
2742.97
2744.306
2749.006
2759.399
2763.524
2785.415
2787.344
2794.201
2809.082
2809.963
2813.671
2809.963
2798.921
2809.963
2784.277
2770.386
2740.259
2781.985
2787.337
2786.468
2781.116
2752.868
2744.459
2734.223
2731.052
2729.448
2731.052
2715.942
2713.904
2711.935
2715.371
2731.083
2734.371
2733.453
2742.563
2741.631
2740.296
2739.439
2740.357
2744.313
2743.347
2711.176
2704.6
2708.518
2707.6
2748.183
2723.553
2751.001
2759.621
2754.269
2757.925
2759.552
2784.876
2773.989
2772.363
2769.646
2770.527
2766.819
2797.376
2808.051
2807.17
2808.748
2814.176
2815.433
2812.648
2819.448
2823.533
2819.448
2822.233
2820.976
2814.176
2812.776
2814.176
2815.29
2813.015
2787.215
2773.192
2770.376
2796.176
2798.451
2812.475
2811.361
2814.176
2810.793
2810.633
2806.594
2797.494
2782.294
2778.208
2785.523
2763.323
2778.43
2780.43
2784.144
2798.944
2801.332
2794.018
2783.343
2757.657
2727.1
2723.392
2721.742
2679.42
2673.992
2673.111
2671.533
2674.319
2678.027
2686.589
2693.904
2704.38
2719.18
2714.656
2725.331
2723.831
2721.498
2763.819
2764.89
2768.169
2770.069
2766.79
2770.448
2771.614
2773.264
2762.589
2763.561
2753.168
2750.025
2748.911
2745.511
2742.232
2740.304
2741.696
2741.049
2739.656
2738.685
2739.213
2740.463
2743.526
2753.64
2755.545
2746.445
2744.945
2746.999
2750.656
2751.385
2755.093
2756.429
2758.704
2761.846
2783.738
2776.424
2790.079
2790.936
2794.644
2795.657
2787.095
2785.981
2781.281
2766.481
2759.624
2733.938
2736.456
2747.131
2751.831
2749.777
2752.944
2756.777
2771.577
2778.577
2779.913
2802.113
2813.155
2815.886
2816.899
2814.624
2810.915
2807.852
2809.757
2808.744
2812.452
2798.798
2801.861
2800.525
2798.62
2799.956
2802.231
2814.238
2837.355
2839.676
2841.076
2866.876
2875.976
2872.833
2864.271
2865.771
2866.664
2867.831
2868.36
2857.318
2858.654
2880.854
2879.518
2890.56
2868.36
2869.373
2867.098
2866.085
2864.18
2861.449
2875.104
2877.008
2880.717
2877.654
2880.717
2882.992
2879.283
2877.948
2879.283
2884.712
2885.683
2845.984
2847.387
2852.021
2843.583
2846.321
2859.596
2867.92
2871.209
2872.508
2850.925
2861.66
2850.925
2872.508
2871.209
2873.061
2876.617
2889.892
2898.74
2921.351
2922.649
2935.925
2934.626
2932.774
2934.986
2936.838
2940.443
2937.465
2935.253
2934.269
2930.663
2933.641
2934.626
2921.351
2923.337
2924.316
2928.043
2938.147
2904.647
2905.161
2893.487
2905.161
2905.728
2907.94
2911.019
2912.317
2911.019
2881.729
2860.442
2881.729
2871.142
2872.968
2873.939
2875.22
2877.402
2876.121
2889.215
2885.659
2888.596
2892.152
2889.97
2876.877
2875.905
2874.079
2871.142
2833.66
2824.831
2827.494
2827.765
2829.917
2832.89
2835.525
2829.092
2829.926
2826.824
2835.811
2838.912
2837.115
2839.778
2837.626
2834.963
2821.243
2808.154
2810.278
2809.238
2810.278
2786.198
2799.287
2778.567
2779.813
2778.567
2780.039
2807.162
2828.162
2830.369
2840.2
2833.644
2846.733
2850.2
2829.768
2832.723
2832.773
2830.996
2830.05
2830.996
2833.119
2820.374
2816.913
2829.658
2833.119
2830.26
2829.013
2830.26
2832.038
2834.897
2832.773
2831.473
2832.773
2832.093
2841.533
2839.756
2838.509
2839.756
2819.036
2817.563
2838.283
2848.589
2846.466
2849.324
2848.078
2860.822
2848.078
2846.3
2847.246
2849.369
2852.83
2854.608
2855.854
2852.996
2849.534
2848.589
2851.311
2853.911
2854.178
2823.07
2796.111
2798.222
2795.293
2786.879
2777.552
2779.594
2803.825
2806.325
2814.701
2828.259
2808.335
2809.613
2811.655
2812.854
2850.834
2860.744
2850.834
2853.655
2873.578
2876.655
2875.456
2899.687
2903.015
2900.266
2898.423
2913.128
2911.419
2910.22
2906.892
2911.815
2939.238
2933.136
2939.7
2927.446
2928.215
2927.306
2925.264
2921.936
2930.312
2942.566
2945.9
2960.605
2973.959
2983.286
2985.017
2988.345
2988.393
2991.47
2991.518
2993.612
3000.176
2980.53
2951.754
2954.596
2956.679
2954.772
2953.426
2952.228
2932.304
2922.395
2921.395
2922.197
2920.402
2920.876
2943.927
2954.703
2956.61
2927.834
2926.125
2924.042
2926.933
2930.01
2899.901
2894.683
2895.337
2902.089
2902.998
2889.011
2892.023
2889.726
2912.485
2913.131
2916.527
2918.825
2916.757
2914.938
2917.235
2918.497
2917.313
2919.782
2912.195
2914.98
2918.155
2919.142
2922.797
2916.772
2916.82
2925.237
2922.332
2925.237
2916.82
2925.237
2921.946
2924.003
2925.886
2928.47
2904.546
2907.451
2905.569
2908.86
2932.784
2905.291
2903.259
2894.093
2895.318
2894.093
2891.224
2888.672
2882.547
2888.672
2889.918
2870.763
2870.196
2861.346
2862.565
2861.346
2863.615
2855.302
2857.571
2820.54
2829.706
2838.556
2839.443
2827.172
2828.053
2832.803
2840.97
2828.699
2827.724
2815.11
2812.677
2810.711
2822.83
2825.263
2826.226
2838.979
2840.97
2842.07
2841.095
2839.239
2842.107
2830.353
2819.976
2808.176
2793.729
2791.082
2794.292
2792.626
2780.825
2772.759
2769.555
2782.415
2785.353
2799.513
2802.718
2802.764
2788.604
2789.197
2790.036
2790.493
2798.559
2798.605
2810.405
2819.387
2821.053
2825.794
2812.934
2812.888
2832.073
2823.092
2819.882
2794.436
2792.223
2805.198
2802.076
2804.875
2796.765
2770.68
2767.232
2803.36
2806.262
2808.476
2805.793
2803.415
2806.098
2793.463
2797.325
2802.289
2801.073
2803.976
2812.085
2819.854
2819.024
2800.073
2799.488
2799.534
2825.042
2824.996
2844.181
2845.021
2840.28
2839.823
2840.416
2837.477
2837.934
2842.675
2851.728
2854.667
2855.877
2843.016
2842.146
2844.793
2842.552
2840.716
2811.722
2815.253
2817.66
2820.068
2826.57
2829.508
2842.564
2843.403
2844.279
2847.112
2849.545
2844.854
2857.909
2894.484
2891.521
2889.555
2886.838
2889.801
2892.517
2893.748
2857.174
2855.943
2842.888
2844.854
2853.907
2834.722
2825.669
2824.829
2825.286
2825.879
2830.619
2827.681
2827.635
2827.042
2846.227
2845.771
2841.03
2841.869
2841.916
2844.854
2842.447
2843.006
2836.504
2862.912
2861.903
2890.897
2893.305
2895.079
2887.215
2884.01
2894.387
2894.844
2864.504
2867.187
2886.138
2867.187
2867.141
2864.239
2873.182
2873.228
2864.285
2864.87
2860.187
2863.089
2863.541
2863.089
2867.772
2866.943
2866.358
2867.187
2896.602
2897.396
2898.203
2898.444
2876.781
2878.513
2865.745
2867.12
2865.806
2864.639
2861.954
2861.22
2857.304
2859.942
2859.987
2860.559
2881.963
2882.073
2882.645
2882.204
2886.776
2886.886
2868.386
2863.814
2866.898
2866.942
2866.133
2866.942
2866.371
2835.449
2832.649
2824.022
2823.977
2832.605
2814.323
2811.734
2814.793
2816.152
2814.017
2817.071
2824.894
2817.071
2816.335
2803.894
2806.029
2808.618
2811.318
2819.141
2816.441
2808.618
2811.225
2814.176
2818.782
2810.959
2809.39
2804.92
2804.12
2803.32
2803.755
2795.127
2799.645
2799.601
2808.228
2811.028
2841.66
2842.469
2841.898
2841.942
2838.859
2839.431
2834.859
2853.359
2853.249
2854.41
2853.249
2850.263
2855.93
2820.662
2825.233
2828.328
2821.46
2822.26
2825.272
2824.989
2824.254
2826.842
2818.215
2819.015
2830.26
2833.314
2808.895
2817.355
2817.398
2816.608
2808.148
2812.613
2812.055
2824.168
2816.571
2816.527
2812.062
2812.492
2830.562
2830.606
2812.536
2814.106
2813.675
2810.652
2813.675
2810.657
2797.32
2795.75
2803.347
2803.905
2791.793
2789.025
2777.911
2777.867
2780.635
2793.972
2786.375
2784.523
2792.12
2794.388
2816.364
2814.097
2815.949
2793.972
2794.922
2788.797
2788.1
2783.635
2770.028
2774.761
2775.633
2787.047
2787.091
2787.882
2787.452
2786.893
2778.366
2792.771
2797.288
2794.488
2793.688
2811.971
2807.453
2807.853
2807.962
2783.838
2783.795
2784.353
2809.225
2820.339
2820.383
2820.813
2818.235
2818.192
2839.099
2838.991
2839.549
2842.127
2821.22
2820.662
2828.394
2807.792
2810.057
2822.031
2835.215
2833.128
2832.42
2839.929
2842.918
2845.446
2844.728
2837.084
2839.17
2846.814
2844.285
2848.699
2857.128
2856.738
2857.289
2839.427
2839.47
2831.041
2831.823
2831.271
2826.857
2844.719
2845.145
2847.88
2847.099
2846.992
2846.949
2848.076
2844.788
2845.8
2844.673
2850.145
2844.673
2842.432
2841.42
2844.708
2846.949
2846.053
2843.787
2841.957
2821.198
2809.915
2775.863
2778.947
2771.304
2770.298
2767.706
2766.56
2767.499
2768.511
2757.524
2758.386
2759.283
2753.65
2751.773
2748.523
2746.282
2744.016
2743.235
2745.476
2746.258
2758.413
2761.148
2758.511
2759.326
2761.964
2759.228
2765.282
2759.228
2747.073
2746.258
2748.523
2747.741
2747.698
2747.147
2738.717
2720.855
2718.12
2717.694
2713.281
2720.924
2726.557
2725.741
2718.098
2717.092
2709.582
2712.047
2699.817
2700.242
2694.725
2691.438
2703.411
2705.497
2711.382
2712.164
2713.816
2714.962
2716.494
2720.994
2728.638
2729.159
2734.63
2733.361
2752.074
2751.177
2749.625
2747.795
2749.625
2756.436
2753.907
2756.666
2757.811
2745.656
2748.185
2750.211
2747.452
2746.307
2712.255
2691.588
2691.545
2692.097
2692.522
2691.97
2681.812
2681.854
2712.255
2709.707
2712.255
2710.229
2707.882
2683.296
2680.767
2683.158
2694.145
2692.314
2692.9
2700.544
2703.073
2695.429
2696.981
2708.889
2714.406
2712.32
2730.92
2733.006
2725.684
2728.322
2735.966
2733.328
2725.684
2713.711
2710.727
2702.365
2699.376
2688.39
2675.206
2673.654
2666.145
2666.102
2666.527
2670.308
2662.987
2665.745
2666.642
2666.77
2665.649
2673.293
2674.414
2699
2696.057
2692.739
2682.662
2679.971
2685.955
2684.762
2683.99
2665.49
2663.955
2666.563
2660.745
2663.473
2660.523
2659.39
2684.896
2690.881
2689.247
2690.048
2691.181
2690.601
2698.026
2719.503
2722.412
2712.861
2694.473
2692.938
2695.154
2692.635
2695.154
2695.575
2705.892
2705.466
2726.133
2725.581
2725.625
2726.176
2726.133
2728.219
2725.691
2718.181
2715.834
2713.748
2714.3
2713.438
2710.89
2703.246
2705.968
2706.658
2708.744
2695.294
2707.202
2707.788
2708.064
2711.053
2717.106
2717.888
2715.647
2717.888
2715.25
2717.515
2729.67
2723.617
2722.835
2723.65
2720.915
2723.65
2722.835
2725.473
2723.208
2711.053
2718.696
2720.783
2732.756
2757.342
2732.756
2721.769
2732.756
2707.27
2709.997
2707.389
2706.679
2705.565
2707.256
2706.148
2697.656
2690.099
2681.766
2678.516
2674.067
2675.914
2674.806
2649.3
2655.118
2667.135
2645.564
2665.766
2666.305
2666.347
2665.808
2668.299
2667.883
2665.392
2665.35
2645.148
2645.564
2642.319
2647.668
2645.878
2642.182
2646.581
2656.223
2653.269
2650.661
2643.104
2641.996
2643.104
2615.695
2618.645
2617.054
2606.192
2610.817
2609.192
2626.851
2629.806
2631.496
2630.502
2640.053
2639.508
2618.03
2610.606
2608.39
2606.58
2604.578
2597.845
2596.712
2593.985
2592.175
2589.675
2592.526
2584.259
2590.243
2589.664
2587.145
2574.111
2572.301
2570.455
2577.879
2575.152
2568.341
2575.58
2579.943
2567.926
2556.089
2567.926
2566.813
2533.148
2525.591
2527.447
2528.001
2530.063
2512.404
2510.342
2517.899
2529.99
2551.467
2533.808
2515.42
2507.374
2506.954
2506.408
2485.976
2483.457
2483.415
2481.727
2483.967
2484.387
2485.069
2486.703
2492.112
2493.174
2492.464
2489.945
2490.525
2493.229
2501.563
2499.843
2502.315
2482.022
2483.848
2483.433
2477.68
2474.466
2454.174
2455.294
2457.766
2466.45
2468.665
2480.547
2486.464
2487.228
2489.807
2477.925
2475.711
2478.385
2475.711
2473.52
2470.941
2471.738
2470.974
2465.056
2464.259
2466.45
2433.164
2433.434
2431.644
2430.951
2418.064
2417.146
2414.328
2415.245
2420.639
2441.875
2440.779
2438.485
2436.659
2439.581
2418.345
2415.766
2417.592
2418.693
2410.453
2415.959
2413.037
2415.616
2417.91
2416.239
2410.733
2418.973
2417.872
2419.543
2423.79
2426.487
2423.273
2424.375
2412.493
2412.077
2416.391
2429.279
2423.361
2420.543
2400.341
2404.914
2394.174
2370.14
2380.88
2404.914
2438.2
2446.44
2449.654
2447.163
2444.672
2440.403
2448.577
2451.498
2450.378
2451.895
2472.187
2473.283
2472.187
2492.723
2504.561
2506.623
2514.18
2512.117
2500.28
2498.424
2505.981
2488.322
2489.032
2482.222
2479.494
2478.5
2467.345
2457.794
2458.722
2453.153
2456.752
2453.703
2452.902
2434.402
2447.699
2441.714
2444.322
2410.657
2406.919
2415.702
2417.014
2412.565
2395.152
2383.061
2379.811
2380.231
2380.004
2375.686
2373.186
2375.748
2375.705
2374.777
2375.48
2375.707
2376.418
2377.55
2380.763
2392.6
2392.021
2390.506
2366.199
2363.68
2366.384
2369.089
2363.104
2356.845
2356.052
2345.022
2345.787
2353.742
2356.955
2359.616
2361.133
2359.835
2364.408
2365.2
2363.96
2381.42
2383.611
2381.033
2383.247
2385.826
2397.708
2395.493
2389.576
2388.779
2389.543
2390.34
2387.666
2393.583
2391.392
2390.628
2393.302
2381.42
2383.089
2378.516
2385.673
2383.14
2379.963
2380.005
2378.179
2385.651
2384.078
2387.636
2390.169
2391.995
2394.21
2392.17
2403.875
2396.403
2384.699
2386.738
2394.21
2396.249
2404.489
2407.365
2407.938
2409.455
2411.281
2410.404
2421.434
2423.26
2449.648
2457.12
2468.76
2471.054
2471.728
2467.414
2468.107
2460.635
2462.424
2465.21
2464.446
2466.918
2468.898
2471.595
2464.254
2445.962
2438.804
2437.709
2434.495
2436.71
2430.957
2438.114
2437.541
2445.715
2447.505
2459.46
2459.235
2448.495
2424.462
2426.934
2424.057
2421.843
2414.685
2441.073
2453.028
2455.814
2451.415
2453.824
2448.318
2445.846
2446.541
2438.145
2438.942
2438.984
2459.186
2457.351
2459.842
2458.344
2464.096
2466.287
2474.527
2479.875
2480.145
2491.849
2490.748
2496.096
2497.198
2499.669
2497.478
2500.297
2497.083
2496.095
2497.083
2500.297
2500.836
2495.488
2493.873
2488.479
2462.092
2441.89
2439.215
2432.481
2427.908
2451.942
2453.24
2426.726
2415.215
2412.57
2415.12
2412.657
2419.917
2420.75
2403.723
2404.812
2407.362
2410.029
2408.94
2406.295
2404.129
2393.221
2393.755
2396.542
2397.825
2398.803
2398.299
2405.688
2404.781
2405.819
2407.836
2419.41
2417.394
2405.819
2413.208
2405.819
2405.597
2398.338
2395.494
2392.285
2400.433
2399.567
2390.228
2423.144
2419.489
2422.373
2420.206
2402.94
2407.462
2410.981
2405.647
2422.674
2423.541
2421.374
2418.824
2407.074
2406.286
2404.096
2401.452
2400.696
2394.844
2396.614
2403.873
2424.873
2427.04
2424.577
2426.767
2429.433
2428.645
2432.912
2432.87
2433.565
2426.668
2406.91
2404.273
2416.877
2416.429
2426.011
2424.728
2423.972
2426.355
2427.049
2429.694
2432.448
2435.08
2436.732
2433.077
2430.232
2442.055
2441.267
2434.607
2423.096
2420.93
2423.48
2419.961
2417.498
2419.054
2420.704
2417.495
2418.977
2416.222
2394.143
2413.901
2411.044
2414.524
2414.117
2414.797
2438.302
2431.716
2414.876
2382.321
2381.36
2391.864
2392.643
2394.393
2397.245
2398.273
2399.738
2402.094
2409.402
2420.849
2409.402
2407.408
2400.1
2402.094
2402.869
2398.693
2401.546
2402.573
2402.837
2401.87
2399.233
2406.412
2397.176
2395.181
2398.288
2400.431
2395.959
2398.811
2395.959
2394.494
2404.997
2404.218
2393.714
2391.964
2393.714
2394.742
2397.098
2397.877
2399.342
2398.315
2395.959
2392.786
2392.049
2394.192
2376.41
2373.993
2373.168
2375.69
2384.184
2383.217
2382.14
2364.37
2362.603
2380.299
2382.793
2381.018
2383.237
2381.118
2380.466
2374.741
2376.861
2384.556
2381.73
2407.947
2405.496
2407.827
2409.558
2408.787
2407.056
2404.726
2401.904
2403.353
2402.337
2403.353
2401.904
2402.675
2413.064
2402.675
2405.496
2387.801
2390.131
2389.729
2389.327
2401.794
2402.854
2400.881
2424.131
2424.534
2422.414
2405.757
2401.583
2394.355
2391.904
2392.792
2396.966
2399.553
2399.593
2407.564
2408.086
2408.488
2425.38
2426.119
2428.94
2426.61
2436.999
2438.015
2440.346
2439.575
2438.559
2428.169
2425.348
2426.797
2428.528
2429.299
2427.85
2426.119
2428.706
2428.053
2417.664
2415.169
2413.403
2401.838
2404.755
2403.671
2401.529
2400.758
2408.729
2396.262
2396.914
2421.088
2432.473
2433
2435.615
2433
2433.041
2433
2428.78
2420.722
2424.941
2425.348
2442.425
2425.348
2424.601
2425.348
2424.821
2424.414
2432.473
2429.87
2430.617
2432.76
2430.923
2431.885
2426.654
2424.016
2423.797
2420.984
2419.518
2417.162
2417.941
2418.969
2421.821
2423.571
2420.719
2418.969
2417.941
2428.445
2430.801
2420.298
2419.518
2420.984
2423.599
2419.379
2421.374
2425.593
2442.67
2443.198
2431.751
2443.198
2442.791
2435.484
2435.525
2435.484
2427.425
2428.172
2427.425
2410.348
2407.733
2415.04
2414.513
2414.919
2422.978
2420.984
2433.842
2435.308
2433.728
2434.805
2442.585
2443.662
2446.277
2440.49
2451.277
2445.49
2463.272
2465.266
2467.904
2475.212
2501.717
2499.723
2497.58
2487.076
2485.326
2486.105
2487.855
2490.708
2489.929
2488.901
2499.405
2501.761
2499.405
2500.87
2499.405
2496.552
2497.58
2498.327
2499.939
2499.897
2499.491
2495.271
2497.886
2498.414
2502.634
2503.04
2520.117
2517.502
2516.974
2508.916
2508.168
2508.21
2491.133
2490.635
2493.448
2494.717
2495.794
2521.602
2498.096
2515.986
2511.766
2512.173
2512.132
2512.879
2529.956
2512.879
2510.264
2510.791
2510.264
2512.879
2511.267
2510.52
2510.114
2518.172
2522.392
2522.433
2523.257
2503.411
2503.452
2500.639
2518.421
2521.564
2513.784
2502.399
2510.394
2511.663
2508.81
2509.906
2500.669
2501.765
2508.944
2508.384
2497.88
2500.236
2501.016
2502.043
2499.19
2498.411
2499.876
2498.849
2509.353
2506.996
2509.849
2508.099
2509.849
2508.384
2507.636
2507.678
2508.425
2507.897
2505.282
2505.81
2513.868
2530.945
2530.904
2530.497
2533.113
2525.054
2520.834
2521.241
2504.164
2508.384
2512.56
2508.944
2510.556
2508.924
2508.067
2518.571
2539.34
2536.724
2525.937
2523.415
2524.492
2513.045
2518.832
2517.047
2500.207
2497.35
2472.685
2471.22
2468.367
2457.864
2457.084
2455.334
2454.307
2451.951
2451.423
2449.257
2448.851
2448.191
2448.719
2447.972
2450.257
2458.316
2458.723
2455.107
2455.066
2453.28
2452.253
2454.775
2457.918
2460.161
2464.381
2467.238
2467.985
2459.927
2459.968
2462.583
2461.847
2457.627
2459.913
2442.836
2459.913
2462.349
2429.794
2427.179
2426.102
2418.043
2415.521
2413.277
2406.098
2404.348
2398.963
2406.143
2404.508
2406.651
2404.865
2410.25
2431.019
2433.541
2434.618
2432.475
2434.261
2430.107
2431.742
2433.492
2430.635
2451.404
2430.635
2432.878
2440.937
2443.794
2419.129
2417.135
2415.5
2417.936
2429.383
2428.355
2416.734
2417.394
2416.734
2413.877
2426.736
2409.659
2407.874
2408.401
2407.995
2407.467
2410.082
2414.302
2414.343
2406.285
2414.343
2414.75
2414.003
2413.962
2431.038
2426.819
2427.566
2424.951
2407.874
2400.566
2389.119
2387.125
2385.49
2365.732
2360.105
2360.147
2364.366
2367.509
2368.284
2369.749
2344.719
2364.263
2367.045
2367.447
2359.476
2360.216
2356.042
2353.455
2352.716
2335.824
2352.716
2355.303
2354.781
2355.303
2354.9
2359.074
2367.045
2367.086
2367.045
2369.962
2377.19
2377.842
2378.658
2382.788
2357.887
2359.643
2342.244
2344.824
2362.224
2361.17
2362.224
2359.643
2357.176
2357.821
2357.423
2358.369
2360.321
2359.089
2351.287
2371.394
2378.468
2388.637
2399.08
2399.745
2383.213
2382.819
2375.018
2374.294
2371.762
2371.723
2371.212
2367.127
2367.85
2368.393
2372.435
2374.877
2375.675
2376.157
2395.37
2391.285
2383.545
2384.476
2384.097
2383.708
2358.318
2352.929
2345.929
2345.539
2344.49
2343.441
2348.831
2346.92
2342.799
2343.848
2350.848
2351.564
2350.848
2352.759
2351.355
2345.966
2335.001
2336.404
2337.918
2348.882
2347.369
2340.369
2344.49
2342.771
2349.771
2345.771
2345.139
2338.139
2362.301
2359.446
2360.159
2360.957
2361.595
2360.797
2363.652
2367.694
2369.432
2359.263
2355.763
2357.346
2376.473
2377.41
2375.973
2378.505
2355.75
2353.23
2354.161
2358.326
2366.128
2368.224
2369.093
2370.088
2381.338
2378.483
2379.924
2377.558
2388.698
2389.846
2390.511
2391.176
2410.509
2411.025
2411.065
2411.463
2413.847
2410.961
2411.768
2410.961
2411.607
2386.664
2382.621
2385.476
2384.838
2388.88
2390.618
2389.905
2396.98
2389.905
2388.168
2368.187
2366.674
2365.625
2366.274
2370.395
2369.744
2369.207
2350.196
2352.806
2346.101
2347.504
2348.925
2343.768
2343.65
2344.308
2348.592
2346.276
2353.276
2351.421
2349.164
2353.206
2334.196
2333.806
2331.166
2334.499
2357.015
2357.52
2368.652
2367.731
2369.805
2370.665
2369.681
2367.606
2368.59
2369.511
2377.231
2373.11
2361.978
2366.099
2358.38
2357.52
2359.936
2362.252
2361.715
2362.252
2362.462
2369.462
2368.059
2370.248
2361.401
2362.106
2357.822
2358.871
2351.213
2351.918
2358.918
2383.301
2384.098
2385.836
2378.762
2377.964
2373.921
2371.066
2370.428
2368.691
2372.733
2373.371
2376.226
2375.184
2376.226
2373.673
2390.887
2373.673
2376.226
2376.98
2377.374
2377.334
2376.973
2374.118
2377.16
2383.536
2381.462
2380.943
2383.688
2400.902
2400.392
2400.352
2397.994
2397.6
2378.473
2378.866
2378.906
2381.264
2381.775
2400.902
2401.445
2405.488
2407.929
2405.488
2406.285
2407.009
2406.466
2405.743
2404.945
2400.902
2401.771
2399.33
2398.617
2397.128
2396.585
2395.92
2385.477
2379.874
2399.98
2403.48
2406.118
2395.097
2389.99
2395.203
2394.405
2401.48
2398.625
2394.582
2393.87
2393.231
2391.494
2394.348
2394.987
2387.912
2389.65
2390.363
2391.16
2395.203
2396.134
2395.203
2397.3
2393.135
2392.14
2403.39
2411.191
2410.323
2411.317
2412.186
2404.385
2408.55
2397.3
2395.203
2400.806
2408.607
2383.623
2390.698
2391.091
2391.73
2393.166
2392.105
2400.328
2395.115
2411.418
2410.668
2412.88
2409.838
2412.88
2417.944
2417.008
2411.944
2410.902
2408.827
2409.763
2410.806
2412.88
2423.049
2427.379
2424.617
2426.548
2415.466
2417.195
2419.535
2420.764
2421.519
2424.373
2423.735
2422.937
2430.012
2422.937
2422.224
2420.487
2421.125
2425.168
2426.905
2424.051
2420.008
2420.721
2421.519
2430.46
2430.715
2456.375
2457.088
2459.301
2461.742
2459.645
2439.539
2441.98
2442.236
2443.93
2442.701
2445.37
2444.54
2421.785
2425.764
2428.433
2428.473
2430.871
2441.315
2444.076
2451.608
2453.137
2453.68
2451.322
2451.362
2453.72
2454.113
2473.241
2472.848
2453.72
2453.68
2453.169
2453.68
2457.845
2458.714
2460.81
2459.879
2458.885
2459.816
2457.719
2456.85
2452.685
2463.935
2456.134
2437.999
2438.983
2427.852
2438.185
2438.722
2437.901
2449.032
2430.106
2411.096
2408.455
2409.161
2409.806
2410.801
2412.538
2411.74
2391.634
2390.921
2390.283
2390.921
2397.996
2398.793
2401.648
2397.605
2395.911
2393.837
2392.099
2392.812
2389.957
2383.007
2375.933
2379.975
2391.057
2398.858
2403.922
2396.121
2396.631
2399.3
2396.631
2396.887
2396.631
2398.972
2398.461
2387.379
2382.316
2379.975
2379.935
2368.616
2367.18
2389.935
2400.957
2403.999
2403.334
2400.781
2394.52
2393.489
2392.983
2392.278
2375.245
2368.368
2379.499
2396.532
2399.059
2398.317
2388.255
2380.536
2381.568
2383.883
2384.515
2386.081
2392.786
2403.986
2428.707
2445.74
2449.204
2448.344
2451.039
2450.533
2475.89
2476.885
2477.945
2475.546
2475.801
2475.259
2475.982
2473.541
2474.339
2470.296
2474.339
2473.615
2476.057
2476.599
2475.801
2476.67
2480.835
2479.966
2472.165
2483.415
2484.346
2473.096
2472.165
2471.17
2473.267
2481.068
2482.063
2477.898
2475.801
2475.546
2475.801
2484.743
2510.402
2501.461
2475.801
2478.014
2452.635
2450.446
2449.74
2449.109
2449.069
2442.069
2442.859
2440.034
2437.297
2436.639
2439.616
2441.335
2438.619
2448.681
2449.386
2456.386
2455.596
2457.316
2457.947
2454.937
2453.218
2449.218
2448.512
2452.512
2453.675
2454.421
2457.246
2457.285
2456.78
2456.39
2458.724
2458.684
2459.074
2440.147
2440.653
2438.319
2457.246
2456.214
2433.698
2446.016
2452.721
2450.572
2447.839
2445.984
2443.458
2418.703
2420.161
2417.549
2409.97
2411.121
2428.079
2409.35
2406.051
2403.072
2409.707
2420.791
2423.77
2412.687
2406.051
2403.572
2422.301
2439.157
2427.209
2424.501
2427.168
2425.115
2432.042
2433.057
2432.415
2431.79
2432.415
2433.113
2432.415
2428.457
2435.384
2438.179
2438.96
2432.033
2430.332
2429.55
2433.509
2430.714
2432.415
2434.468
2435.442
2431.364
2410.334
2421.236
2422.138
2420.107
2419.204
2418.363
2419.204
2411.644
2394.519
2383.728
2382.774
2380.036
2382.464
2380.474
2378.026
2373.168
2366.383
2368.942
2369.58
2367.151
2366.631
2358.054
2361.286
2362.184
2364.485
2366.568
2357.991
2366.568
2367.252
2366.568
2367.027
2366.785
2367.027
2342.663
2340.562
2342.663
2361.568
2344.956
2348.874
2341.65
2345.527
2357.231
2332.619
2333.109
2328.252
2326.594
2328.022
2327.532
2322.184
2321.81
2324.049
2321.81
2322.295
2321.689
2320.931
2319.281
2319.655
2318.978
2319.016
2312.299
2312.261
2294.099
2290.261
2287.551
2288.54
2299.288
2282.943
2281.953
2298.298
2295.409
2297.833
2295.409
2301.843
2304.732
2298.298
2287.551
2268.46
2250.217
2251.207
2253.741
2242.155
2235.721
2234.714
2241.148
2240.36
2240.983
2246.303
2264.545
2265.429
2269.384
2270.328
2268.338
2275.745
2271.79
2264.383
2265.208
2264.383
2275.065
2274.12
2286.535
2285.642
2287.653
2285.311
2284.546
2285.311
2287.653
2291.531
2292.051
2291.357
2290.837
2286.959
2287.653
2285.465
2283.037
2285.298
2304.662
2308.858
2319.539
2320.343
2328.311
2329.502
2332.141
2333.151
2349.172
2356.732
2357.433
2361.392
2361.773
2362.268
2362.307
2364.76
2365.405
2376.085
2374.41
2390.208
2391.651
2392.382
2392.176
2414.228
2415.13
2418.521
2434.542
2434.893
2427.332
2424.879
2424.384
2424.879
2425.58
2425.961
2429.92
2429.539
2413.518
2396.373
2396.412
2392.493
2392.455
2391.761
2400.338
2398.215
2398.46
2398.32
2389.655
2390.346
2392.491
2417.357
2417.109
2416.418
2408.858
2408.24
2418.979
2416.03
2409.463
2428.082
2424.164
2424.865
2423.855
2417.119
2418.653
2426.621
2429.075
2414.86
2408.193
2406.815
2395.958
2393.696
2393.319
2392.829
2398.961
2398.923
2398.541
2398.503
2398.997
2398.647
2398.152
2405.712
2406.094
2405.393
2397.832
2401.791
2402.492
2386.472
2388.925
2384.966
2385.005
2401.026
2400.124
2396.088
2394.056
2404.958
2412.518
2413.482
2415.514
2416.356
2415.514
2414.55
2403.648
2404.55
2408.586
2401.026
2407.761
2396.859
2398.05
2397.524
2374.385
2357.639
2357.678
2357.188
2357.678
2360.106
2360.068
2344.211
2344.905
2344.527
2343.833
2341.405
2333.922
2330.003
2330.381
2346.238
2350.156
2349.779
2355.003
2373.35
2361.646
2378.158
2379.175
2378.175
2396.522
2378.094
2379.454
2377.266
2381.419
2397.931
2398.176
2398.666
2397.972
2394.054
2411.174
2410.68
2394.659
2397.113
2397.074
2401.033
2401.071
2398.618
2406.178
2406.879
2422.899
2423.281
2422.899
2422.518
2421.882
2418.934
2413.985
2412.256
2405.756
2404.378
2402.037
2408.152
2413.152
2410.703
2427.215
2410.703
2409.703
2410.703
2413.152
2414.106
2416.117
2405.327
2404.434
2403.48
2414.27
2413.437
2414.33
2418.325
2425.808
2421.813
2419.802
2412.319
2413.152
2412.907
2421.484
2421.729
2421.045
2412.469
2414.591
2412.469
2413.152
2413.141
2388.777
2378.029
2379.09
2367.27
2377.186
2375.545
2374.787
2385.252
2367.09
2366.206
2368.307
2368.55
2362.924
2374.394
2356.334
2354.519
2353.894
2378.014
2377.977
2378.657
2379.137
2379.507
2378.827
2374.987
2375.024
2374.544
2359.004
2362.844
2360.464
2376.004
2368.671
2368.301
2370.681
2378.014
2377.334
2376.824
2377.334
2379.629
2383.429
2379.629
2380.379
2381.059
2378.764
2378.014
2380.056
2361.156
2359.114
2361.409
2359.114
2356.514
2359.114
2364.014
2382.914
2378.014
2379.639
2378.014
2377.034
2378.014
2376.527
2383.86
2385.348
2378.014
2378.214
2380.185
2377.585
2378.52
2380.562
2382.603
2386.443
2391.243
2390.873
2391.808
2385.158
2395.575
2395.205
2391.365
2391.403
2392.083
2389.703
2406.434
2410.312
2426.009
2425.524
2427.928
2412.231
2411.545
2412.029
2419.437
2419.811
2419.773
2420.888
2422.858
2424.36
2421.504
2421.466
2419.365
2411.817
2422.282
2420.06
2422.682
2425.086
2425.46
2441.157
2440.783
2438.379
2438.341
2437.654
2445.061
2445.099
2445.584
2446.271
2430.574
2423.167
2422.682
2426.561
2422.682
2423.507
2430.914
2420.232
2422.223
2420.232
2430.914
2431.859
2424.451
2423.567
2427.522
2428.406
2424.451
2423.507
2422.682
2438.379
2439.386
2440.392
2459.483
2466.2
2471.372
2477.971
2476.625
2476.587
2478.649
2477.824
2462.127
2469.535
2469.572
2469.535
2469.05
2471.454
2471.939
2469.535
2469.908
2466.029
2466.716
2470.595
2486.292
2478.885
2478.511
2477.824
2485.631
2515.556
2516.38
2498.689
2491.831
2492.796
2495.172
2496.212
2502.796
2502.133
2493.811
2493.573
2491.514
2492.309
2493.284
2490.688
2467.203
2451.022
2453.882
2454.5
2451.64
2441.223
2439.253
2432.173
2435.033
2434.663
2434.183
2433.503
2431.123
2415.583
2411.743
2411.705
2404.372
2406.187
2407.779
2409.75
2412.638
2419.288
2429.704
2427.889
2434.259
2433.641
2432.936
2433.911
2439.031
2432.381
2433.356
2423.539
2419.469
2421.724
2419.753
2418.818
2408.243
2404.328
2403.453
2396.12
2395.303
2414.203
2403.843
2405.436
2404.456
2388.274
2390.674
2388.274
2388.754
2391.123
2413.568
2402.098
2395.448
2396.428
2412.609
2410.465
2440.09
2438.457
2440.857
2443.237
2444.57
2462.63
2469.263
2468.576
2475.924
2476.601
2474.015
2474.473
2473.848
2463.101
2468.273
2470.242
2467.818
2470.322
2477.04
2477.864
2477.107
2476.592
2474.274
2474.789
2475.476
2476.233
2475.546
2479.385
2481.703
2477.864
2461.519
2459.457
2461.098
2461.705
2461.947
2464.113
2466.823
2484.985
2474.237
2474.695
2478.65
2476.024
2474.748
2475.428
2476.053
2476.758
2476.305
2475.488
2475.998
2478.143
2481.983
2486.783
2487.663
2489.063
2491.571
2461.946
2491.571
2498.496
2499.481
2501.905
2495.188
2502.736
2510.543
2509.558
2501.751
2519.654
2526.44
2527.273
2545.702
2543.253
2542.181
2543.253
2542.419
2541.696
2539.612
2539.367
2541.219
2538.571
2540.759
2545.656
2544.478
2560.335
2562.947
2563.578
2551.874
2552.891
2533.605
2531.616
2529.167
2512.554
2515.44
2513.011
2513.909
2525.849
2526.742
2528.401
2530.817
2538.704
2536.055
2534.877
2532.428
2535.166
2532.921
2528.926
2532.844
2526.059
2536.63
2529.005
2527.628
2517.874
2516.874
2519.793
2521.782
2522.782
2527.639
2525.65
2524.752
2521.833
2516.976
2517.874
2501.362
2517.874
2520.323
2517.874
2518.874
2517.874
2524.374
2525.553
2526.93
2528.057
2531.003
2531.998
2528.08
2516.139
2515.895
2532.406
2533.13
2512.492
2514.134
2513.113
2511.488
2510.888
2490.879
2491.621
2494.196
2496.572
2494.117
2517.37
2518.356
2520.551
2521.224
2522.952
2523.577
2522.952
2504.892
2505.597
2504.892
2505.345
2511.995
2511.315
2510.565
2510.055
2507.76
2507.08
2503.28
2504.33
2507.013
2503.847
2502.692
2501.588
2507.958
2507.588
2506.238
2482.118
2475.748
2476.903
2478.253
2480.653
2482.694
2485.582
2484.607
2474.19
2467.11
2468.085
2464.918
2462.031
2469.76
2486.04
2484.69
2483.205
2485.46
2486.21
2483.83
2465.77
2458.495
2457.87
2461.785
2472.202
2474.402
2475.218
2464.858
2435.233
2417.173
2415.223
2415.677
2414.192
2413.375
2396.879
2395.839
2394.874
2387.221
2381.523
2374.197
2380.717
2381.672
2375.153
2357.447
2359.8
2357.447
2358.248
2329.203
2330.233
2359.277
2360.359
2363.19
2360.359
2359.036
2359.992
2353.747
2354.879
2356.203
2348.625
2356.203
2355.247
2354.114
2360.359
2361.051
2361.495
2358.691
2356.338
2356.301
2337.772
2335.342
2345.554
2339.309
2336.799
2342.675
2337.655
2338.261
2309.217
2319.43
2322.261
2324.193
2313.98
2307.461
2304.63
2303.069
2304.63
2306.409
2304.63
2311.15
2309.217
2306.386
2309.217
2308.261
2315.839
2316.971
2309.394
2308.261
2306.938
2313.183
2314.139
2315.462
2309.217
2294.302
2311.758
2312.879
2315.4
2315.998
2319.688
2348.45
2333.054
2331.206
2330.774
2329.825
2331.936
2332.885
2326.552
2332.885
2333.317
2331.206
2347.227
2361.962
2355.837
2355.242
2355.843
2355.242
2353.944
2360.338
2358.593
2356.718
2362.843
2360.067
2358.956
2366.388
2365.09
2371.215
2373.991
2374.929
2367.497
2361.372
2360.434
2361.732
2362.843
2361.732
2384.925
2402.213
2384.925
2375.486
2366.295
2368.791
2361.359
2360.766
2351.327
2348.831
2369.398
2354.194
2356.263
2384.748
2385.859
2401.768
2405.457
2404.664
2427.465
2423.776
2434.912
2429.739
2413.405
2414.003
2410.809
2417.265
2407.735
2384.934
2384.249
2383.589
2382.982
2384.293
2383.172
2381.861
2384.296
2387.49
2387.985
2389.879
2388.932
2374.054
2381.558
2375.374
2367.87
2365.066
2383.416
2384.994
2387.013
2388.134
2385.906
2406.673
2412.858
2413.809
2417.537
2420.341
2401.991
2404.794
2404.435
2411.939
2418.396
2417.488
2418.434
2420.57
2413.451
2420.57
2425.192
2425.658
2435.771
2435.538
2425.425
2424.959
2422.523
2422.756
2420.621
2423.056
2418.434
2416.104
2417.056
2419.386
2418.434
2402.724
2418.434
2447.197
2463.863
2464.467
2443.497
2425.869
2424.737
2428.462
2429.595
2400.551
2398.006
2418.976
2426.554
2410.25
2409.651
2425.698
2421.972
2424.517
2418.434
2418.875
2425.331
2427.766
2429.344
2431.496
2430.642
2428.748
2430.043
2423.587
2421.434
2420.994
2421.752
2424.082
2425.049
2424.082
2423.966
2416.914
2419.691
2427.123
2425.825
2427.123
2426.012
2432.137
2424.705
2425.643
2422.866
2421.929
2423.039
2416.914
2420.568
2419.506
2418.913
2419.975
2391.49
2390.704
2389.767
2382.335
2388.008
2367.241
2364.911
2370.391
2371.191
2370.162
2387.868
2358.824
2356.689
2357.288
2354.768
2361.224
2368.479
2397.241
2399.571
2393.115
2394.061
2378.227
2377.116
2378.227
2395.515
2411.518
2407.828
2410.349
2411.368
2427.683
2435.261
2464.305
2454.148
2455.709
2449.304
2448.647
2449.252
2452.977
2468.001
2466.089
2481.324
2488.902
2486.098
2469.216
2471.109
2468.779
2466.344
2468.674
2466.363
2467.658
2466.363
2464.033
2466.344
2465.222
2448.95
2449.888
2442.456
2441.518
2447.643
2450.42
2444.295
2442.997
2444.295
2441.518
2442.629
2443.587
2446.083
2445.853
2443.737
2421.155
2422.586
2417.522
2420.018
2420.248
2448.734
2447.792
2445.856
2444.927
2446.213
2452.956
2435.832
2436.932
2434.46
2441.576
2448.937
2452.556
2446.381
2448.344
2450.578
2449.996
2470.175
2466.59
2438.642
2431.593
2436.555
2439.629
2440.611
2443.456
2445.905
2444.815
2446.136
2445.094
2446.495
2447.851
2448.433
2464.39
2463.462
2457.395
2456.11
2455.01
2452.26
2453.545
2455.101
2432.734
2434.103
2433.532
2434.865
2434.27
2441.631
2447.698
2448.05
2450.317
2455.333
2450.317
2450.988
2451.917
2450.52
2452.631
2450.52
2449.571
2455.904
2455.472
2449.139
2450.088
2450.52
2446.901
2454.017
2482.232
2461.86
2460.76
2461.348
2468.709
2468.121
2469.221
2461.86
2457.046
2454.55
2475.118
2477.614
2470.429
2487.717
2491.371
2498.103
2495.875
2500.632
2500.137
2493.68
2492.992
2498.105
2500.241
2498.797
2498.146
2497.564
2494.787
2490.986
2490.326
2483.87
2482.474
2481.18
2479.417
2469.304
2468.337
2463.366
2466.169
2464.725
2463.604
2461.522
2472.883
2473.533
2491.067
2490.159
2489.31
2487.396
2504.853
2505.889
2506.961
2499.457
2496.937
2497.536
2526.298
2528.818
2528.219
2507.452
2508.574
2507.452
2511.142
2503.887
2499.391
2481.763
2478.435
2474.746
2475.6
2477.93
2478.838
2500.629
2493.756
2496.559
2490.216
2492.198
2491.732
2476.022
2475.07
2472.74
2477.711
2477.748
2482.369
2483.337
2475.833
2468.578
2462.207
2444.841
2438.447
2409.962
2412.269
2411.208
2418.393
2416.085
2415.492
2421.886
2419.39
2422.112
2404.656
2403.863
2404.81
2403.863
2400.174
2428.936
2429.956
2437.46
2438.252
2437.233
2429.729
2428.608
2399.845
2398.809
2399.249
2398.809
2397.841
2404.298
2406.45
2407.417
2400.961
2398.809
2398.615
2396.095
2389.91
2387.682
2388.281
2398.548
2397.64
2418.407
2416.645
2415.35
2416.936
2411.823
2418.279
2416.701
2413.898
2412.136
2402.023
2403.569
2402.023
2403.936
2397.48
2395.566
2398.37
2404.826
2406.588
2416.701
2419.307
2423.967
2423.384
2422.918
2440.375
2469.137
2464.515
2454.248
2458.87
2462.598
2470.102
2468.807
2469.6
2471.146
2478.65
2479.335
2480.243
2479.335
2481.665
2479.335
2457.544
2479.335
2478.481
2479.335
2478.976
2478.183
2479.761
2477.275
2478.032
2481.227
2481.693
2475.35
2468.893
2454.015
2451.879
2451.297
2451.737
2448.96
2448.52
2453.491
2452.197
2436.486
2437.454
2460.871
2458.719
2461.126
2463.278
2463.744
2463.094
2463.694
2465.922
2464.955
2466.249
2463.504
2462.904
2456.447
2435.68
2442.137
2452.467
2450.921
2472.712
2471.804
2474.134
2475.042
2453.251
2454.105
2453.251
2450.921
2452.365
2459.485
2458.04
2459.618
2462.142
2480.492
2485.249
2487.477
2485.249
2466.9
2467.851
2463.094
2462.142
2460.16
2458.583
2456.058
2448.939
2450.921
2450.193
2451.314
2433.858
2426.738
2416.68
2417.286
2416.165
2420.922
2430.453
2429.871
2428.919
2429.57
2438.85
2434.898
2436.811
2432.054
2431.087
2433.276
2431.73
2430.658
2428.222
2421.103
2421.139
2414.265
2416.595
2387.833
2385.503
2388.008
2395.263
2394.47
2395.263
2400.717
2406.491
2399.236
2398.29
2390.786
2391.732
2390.713
2384.256
2390.713
2391.732
2399.236
2402.04
2400.278
2406.734
2400.278
2399.918
2402.146
2402.379
2404.71
2411.166
2401.053
2412.189
2396.478
2378.129
2380.734
2381.527
2377.799
2378.706
2381.036
2380.129
2358.337
2356.007
2356.862
2360.494
2359.639
2357.487
2358.455
2351.998
2358.455
2360.607
2359.639
2360.079
2359.639
2362.833
2359.639
2361.659
2360.299
2361.659
2360.217
2358.197
2359.593
2358.197
2359.639
2361.939
2359.639
2358.62
2359.639
2361.621
2358.427
2355.992
2356.591
2346.532
2344.222
2348.023
2332.312
2329.877
2329.189
2335.532
2346.667
2353.541
2355.769
2362.112
2363.02
2373.133
2388.844
2403.931
2411.051
2414.779
2415.439
2415.799
2418.109
2418.146
2418.612
2417.216
2414.692
2403.556
2403.061
2404.646
2395.367
2392.881
2395.956
2397.718
2394.643
2387.139
2383.507
2385.837
2407.629
2406.721
2407.575
2408.483
2407.629
2405.299
2389.222
2374.28
2377.972
2375.683
2376.039
2368.988
2369.45
2369.094
2369.058
2368.596
2364.904
2364.25
2364.286
2364.94
2379.882
2382.171
2396.905
2386.675
2386.444
2391.367
2393.751
2408.486
2409.596
2408.697
2414.822
2414.144
2416.144
2438.726
2440.024
2437.736
2439.018
2436.71
2438.998
2437.716
2440.024
2446.418
2446.854
2445.896
2439.502
2437.37
2438.329
2440.46
2440.024
2423.77
2421.503
2421.046
2423.313
2419.656
2419.008
2418.972
2404.172
2404.629
2408.287
2408.934
2423.734
2423.382
2423.734
2416.75
2416.786
2410.452
2394.948
2391.29
2397.624
2395.767
2396.767
2400.386
2403.402
2409.735
2419.656
2414.779
2415.367
2415.402
2430.202
2415.402
2415.05
2431.22
2438.272
2441.964
2441.31
2441.964
2438.272
2438.236
2440.524
2440.986
2438.697
2439.053
2438.591
2440.022
2441.031
2438.916
2456.204
2441.262
2440.252
2439.315
2421.142
2423.45
2424.235
2426.542
2425.605
2431.999
2428.235
2423.312
2418.389
2419.174
2418.063
2389.578
2397.01
2390.615
2391.401
2393.881
2386.45
2391.936
2399.052
2391.936
2389.212
2388.86
2385.24
2382.955
2390.316
2387.859
2386.842
2388.787
2389.715
2388.937
2386.652
2385.813
2384.923
2385.813
2407.19
2418.334
2420.62
2421.458
2422.236
2400.86
2402.588
2405.338
2403.61
2413.53
2407.197
2405.68
2395.76
2397.637
2403.97
2405.487
2403.61
2400.86
2415.66
2422.402
2423.05
2423.402
2423.438
2421.183
2421.147
2423.413
2423.061
2423.518
2422.871
2429.855
2433.512
2426.528
2426.071
2424.737
2422.482
2418.825
2418.177
2403.377
2401.11
2398.417
2399.195
2388.051
2387.273
2398.417
2398.875
2398.91
2416.034
2418.145
2418.498
2417.66
2416.71
2396.339
2398.7
2398.052
2399.002
2398.57
2397.518
2395.333
2397.444
2387.577
2385.466
2385.898
2392.231
2385.898
2386.545
2387.002
2372.202
2375.86
2375.824
2375.046
2374.398
2376.665
2365.521
2365.063
2379.863
2380.641
2380.994
2392.138
2392.786
2392.433
2390.167
2386.51
2386.545
2393.529
2386.545
2407.921
2407.031
2406.193
2407.031
2385.655
2383.369
2384.26
2386.545
2388.526
2384.65
2383.38
2382.431
2400.431
2396.555
2394.299
2393.371
2391.223
2389.037
2387.704
2381.996
2381.401
2361.029
2363.14
2363.918
2375.063
2363.918
2363.14
2348.34
2363.14
2359.483
2359.836
2360.483
2360.026
2362.293
2365.95
2365.914
2365.267
2372.251
2371.898
2371.934
2364.95
2362.683
2363.14
2378.552
2388.472
2382.25
2372.329
2379.072
2372.329
2356.918
2363.14
2362.25
2364.436
2362.25
2363.14
2352.217
2351.785
2360.888
2358.621
2343.117
2344.994
2344.216
2342.235
2339.797
2346.54
2346.971
2350.629
2354.286
2360.508
2370.375
2371.152
2370.375
2359.23
2370.375
2370.832
2356.032
2349.048
2349.083
2348.626
2348.274
2346.007
2348.274
2351.931
2366.731
2363.074
2362.426
2363.074
2363.038
2364.435
2364.787
2369.321
2366.597
2369.321
2369.53
2364.997
2366.854
2365.921
2365.083
2363.225
2364.159
2365.706
2366.992
2389.359
2390.773
2397.757
2400.481
2377.51
2375.148
2370.272
2372.996
2374.266
2364.399
2363.299
2362.199
2364.755
2362.569
2364.513
2365.085
2361.209
2362.099
2362.877
2365.163
2386.539
2385.701
2384.923
2373.779
2374.617
2385.761
2383.475
2362.099
2361.209
2359.098
2358.666
2352.333
2351.383
2336.583
2334.317
2334.964
2333.567
2340.552
2340.587
2340.552
2344.209
2344.561
2346.828
2361.628
2361.171
2360.523
2360.98
2357.323
2356.971
2339.847
2337.736
2339.847
2340.199
2339.847
2356.971
2356.513
2356.549
2356.513
2356.971
2349.854
2343.963
2341.482
2340.473
2339.688
2333.293
2325.861
2323.554
2322.616
2327.632
2329.545
2330.152
2340.419
2341.778
2343.174
2341.192
2343.42
2339.692
2344.663
2347.439
2345.995
2339.539
2340.138
2342.29
2341.683
2330.322
2329.529
2330.322
2341.683
2339.383
2341.683
2338.489
2341.683
2343.702
2345.061
2343.042
2342.023
2334.903
2336.345
2335.879
2335.842
2334.4
2335.42
2333.109
2332.75
2331.391
2332.786
2329.058
2328.398
2327.002
2311.915
2312.769
2313.21
2315.291
2315.65
2315.845
2325.958
2328.186
2330.71
2334.439
2336.016
2330.197
2330.926
2341.193
2338.964
2342.693
2324.343
2300.926
2293.422
2282.061
2281.268
2292.629
2293.422
2292.514
2290.184
2289.329
2267.538
2266.57
2288.362
2284.41
2307.211
2306.26
2317.396
2316.603
2305.242
2306.035
2317.396
2315.096
2317.396
2318.973
2317.396
2312.638
2316.308
2316.667
2321.328
2325.017
2323.658
2327.386
2338.747
2339.54
2338.747
2327.386
2328.294
2337.574
2339.655
2340.344
2341.89
2343.184
2345.705
2346.064
2346.53
2363.986
2366.138
2365.779
2365.313
2363.161
2363.125
2345.668
2345.705
2355.972
2344.611
2352.115
2334.659
2337.144
2338.722
2339.668
2361.46
2360.702
2353.583
2357.311
2355.733
2353.505
2361.665
2367.484
2373.827
2372.383
2395.184
2397.412
2386.051
2385.258
2387.778
2387.09
2385.544
2383.462
2384.37
2383.075
2384.37
2383.462
2384.15
2386.232
2387.778
2378.498
2375.978
2385.258
2387.693
2390.768
2397.642
2399.794
2397.642
2395.659
2393.054
2393.018
2395.503
2389.047
2389.896
2385.139
2386.261
2387.62
2388.528
2372.817
2366.474
2373.348
2375.576
2381.919
2371.806
2374.05
2371.822
2381.935
2381.028
2374.154
2364.04
2365.954
2376.067
2377.829
2375.916
2382.372
2375.916
2377.462
2374.659
2373.112
2375.916
2374.154
2384.212
2381.882
2379.693
2379.887
2391.023
2373.566
2356.11
2356.794
2354.566
2352.485
2330.693
2336.878
2336.645
2336.044
2338.569
2339.229
2340.18
2340.676
2322.326
2328.145
2304.727
2306.809
2305.515
2306.809
2316.089
2316.778
2316.089
2318.609
2316.528
2317.435
2315.889
2317.435
2314.915
2305.635
2304.727
2311.07
2312.617
2314.51
2332.859
2331.738
2332.495
2337.466
2330.403
2332.555
2348.361
2347.676
2348.696
2351.22
2359.38
2353.561
2354.057
2351.867
2357.686
2360.016
2358.722
2361.032
2358.722
2360.016
2357.686
2357.327
2357.363
2356.897
2359.049
2341.593
2341.557
2342.023
2339.871
2357.327
2357.686
2348.406
2347.498
2345.417
2342.896
2343.585
2344.493
2353.773
2355.067
2353.521
2356.041
2354.747
2354.058
2355.604
2357.686
2348.155
2344.354
2339.694
2338.748
2338.307
2336.325
2313.524
2313.291
2312.825
2302.712
2300.576
2298.141
2291.021
2286.4
2284.956
2284.227
2281.722
2263.373
2262.014
2261.325
2260.641
2259.99
2250.71
2247.636
2241.451
2241.092
2238.94
2237.646
2236.1
2238.181
2240.701
2239.794
2249.074
2246.992
2246.303
2247.85
2249.144
2246.624
2247.312
2238.032
2238.94
2236.629
2234.109
2230.158
2227.968
2227.211
2223.483
2221.153
2214.033
2221.153
2236.24
2236.706
2237.066
2239.376
2240.036
2240.073
2243.801
2241.281
2242.189
2241.5
2242.794
2244.341
2235.061
2235.749
2233.667
2236.188
2234.893
2233.985
2236.067
2234.521
2243.801
2237.345
2236.49
2234.18
2230.548
2225.79
2223.638
2223.172
2222.813
2229.933
2214.845
2207.726
2222.813
2220.502
2219.842
2222.153
2222.117
2218.388
2218.854
2218.891
2219.25
2222.978
2223.638
2241.095
2239.735
2239.699
2237.547
2237.583
2235.564
2234.168
2234.634
2235.994
2235.528
2218.071
2220.371
2222.39
2221.371
2224.565
2223.123
2222.764
2224.206
2225.601
2223.302
2223.661
2220.467
2222.619
2223.638
2221.033
2217.839
2215.354
2214.048
2211.891
2195.931
2185.718
2185.023
2175.652
2173.107
2174.414
2173.498
2182.868
2180.766
2183.311
2185.413
2183.852
2184.547
2183.24
2184.801
2185.718
2188.051
2203.287
2207.051
2207.522
2200.333
2196.568
2203.757
2204.424
2203.757
2203.721
2203.25
2202.887
2203.25
2200.917
2185.681
2185.718
2179.313
2181.563
2171.35
2169.1
2168.184
2161.243
2177.107
2178.024
2175.757
2185.97
2192.911
2199.316
2175.669
2173.159
2172.715
2172.11
2171.444
2162.073
2159.739
2160.21
2156.445
2149.256
2148.893
2148.856
2133.621
2140.81
2138.708
2142.473
2140.912
2140.441
2139.134
2141.467
2142.134
2141.439
2140.522
2140.885
2156.12
2156.157
2153.612
2152.635
2152.4
2151.733
2150.875
2147.11
2144.777
2147.11
2147.777
2132.542
2133.012
2132.975
2132.613
2132.142
2139.332
2143.096
2142.43
2142.792
2142.829
2135.64
2150.875
2139.63
2132.304
2127.141
2125.547
2120.528
2117.983
2100.355
2099.743
2092.165
2091.694
2089.521
2071.894
2071.531
2071.494
2067.73
2068.2
2068.867
2068.396
2072.161
2074.494
2074.458
2074.494
2059.259
2058.592
2058.955
2056.622
2056.259
2049.069
2056.259
2071.494
2068.945
2050.416
2047.785
2044.02
2041.006
2040.08
2033.611
2031.59
2026.521
2011.348
2010.54
2009.866
2013.668
2018.52
2021.094
2021.057
2028.318
2028.355
2026.083
2025.607
2027.964
2043.35
2036.089
2032.287
2016.901
2017.267
2017.941
2015.919
2034.632
2036.653
2037.624
2036.015
2037.488
2018.775
2019.25
2014.399
2014.032
2015.641
2013.285
2020.545
2017.971
2016.498
2009.238
2011.51
2010.54
1995.153
1971.272
1968.916
1957.559
1942.387
1947.456
1942.387
1939.903
1938.864
1928.55
1930.347
1933.206
1935.158
1933.361
1939.945
1941.521
1951.835
1950.258
1947.399
1940.815
1938.864
1938.191
1930.93
1927.128
1927.091
1929.447
1928.972
1929.645
1929.682
1945.068
1944.702
1929.316
1926.96
1934.22
1934.587
1935.062
1938.864
1931.211
1930.241
1929.271
1927.038
1925.945
1918.684
1934.07
1918.684
1918.721
1918.684
1919.357
1915.555
1917.912
1918.387
1917.912
1921.714
1922.08
1919.724
1926.984
1926.618
1925.945
1924.328
1923.715
1922.729
1918.699
1916.244
1905.987
1903.63
1903.155
1899.353
1898.68
1883.294
1876.033
1875.667
1875.63
1876.555
1869.545
1863.077
1869.545
1867.273
1866.347
1876.661
1892.682
1894.955
1884.641
1891.651
1875.63
1871.828
1869.897
1863.428
1865.359
1846.646
1848.223
1846.646
1844.715
1863.428
1869.897
1863.59
1862.013
1859.992
1830.66
1829.274
1827.343
1825.284
1803.061
1800.705
1799.384
1797.008
1794.663
1793.277
1790.02
1792.365
1790.894
1789.471
1790.941
1794.199
1796.258
1794.199
1795.585
1794.545
1795.585
1797.008
1796.038
1792.276
1790.803
1768.58
1763.511
1747.489
1746.879
1742.166
1741.2
1739.864
1729.55
1731.927
1729.654
1731.833
1710.654
1712.231
1709.875
1710.861
1693.059
1691
1701.47
1730.802
1760.134
1781.312
1783.584
1799.703
1801.975
1806.827
1811.579
1816.794
1827.264
1826.277
1814.691
1814.186
1798.165
1813.551
1814.477
1822.13
1815.823
1808.17
1806.747
1790.725
1788.271
1786.092
1785.429
1787.701
1788.627
1804.649
1789.262
1781.61
1782.535
1776.067
1769.057
1784.443
1791.453
1799.106
1783.084
1789.553
1779.239
1778.314
1788.627
1787.701
1785.429
1784.62
1783.284
1782.413
1777.66
1762.488
1769.072
1771.931
1770.354
1768.403
1758.089
1760.04
1758.243
1768.557
1770.134
1771.931
1765.347
1762.488
1767.2
1769.131
1771.963
1771.745
1767.032
1768.002
1767.032
1765.101
1765.973
1763.141
1756.557
1741.171
1740.507
1739.364
1718.186
1717.575
1715.958
1731.344
1730.418
1738.071
1722.685
1723.611
1715.958
1712.196
1711.324
1710.705
1700.235
1679.057
1679.983
1695.369
1703.021
1687.635
1686.71
1679.057
1678.092
1677.22
1676.233
1676.035
1673.913
1673.546
1671.749
1661.492
1656.64
1654.581
1670.617
1669.024
1684.564
1676.835
1675.9
1683.629
1668.089
1669.024
1658.664
1657.959
1657.922
1657.442
1658.377
1662.292
1662.662
1663.278
1664.612
1667.12
1672.02
1679.749
1672.02
1687.56
1672.02
1671.085
1672.02
1674.1
1675.5
1673.42
1671.983
1673.033
1676.323
1673.033
1670.664
1669.264
1667.779
1666.729
1668.167
1669.652
1672.02
1663.615
1652.145
1651.528
1641.97
1640.378
1638.233
1637.553
1619.493
1614.593
1610.678
1611.295
1616.195
1618.703
1619.638
1618.305
1617.688
1616.753
1616.383
1613.875
1615.208
1615.578
1619.493
1617.901
1620.101
1622.501
1633.076
1632.141
1647.681
1646.684
1648.277
1637.702
1629.973
1627.773
1605.328
1602.44
1610.169
1607.969
1637.594
1622.054
1618.214
1588.589
1586.189
1587.186
1586.569
1584.353
1585.288
1589.088
1595.621
1597.916
1604.996
1594.579
1587.499
1571.318
1564.784
1575.201
1576.136
1592.318
1591.383
1589.088
1587.008
1586.033
1581.133
1582.068
1580.026
1577.984
1567.409
1564.901
1564.284
1557.751
1556.418
1557.034
1554.834
1550.919
1549.286
1554.186
1558.101
1557.731
1556.796
1557.166
1559.674
1561.008
1559.383
1558.673
1550.944
1535.404
1534.469
1532.877
1526.343
1507.443
1505.493
1504.743
1508.357
1503.407
1501.306
1502.653
1502.279
1499.746
1500.69
1499.746
1500.369
1495.419
1497.953
1498.327
1503.276
1499.322
1503.276
1501.929
1501.306
1498.914
1497.273
1496.389
1488.582
1476.762
1475.817
1475.575
1472.658
1474.005
1470.051
1469.106
1474.056
1471.522
1472.145
1474.678
1474.305
1473.682
1474.626
1475
1470.051
1474.005
1472.658
1472.416
1470.138
1469.131
1483.439
1465.092
1464.075
1463.463
1460.724
1471.354
1460.724
1463.671
1465.523
1467.534
1469.159
1467.307
1464.361
1471.146
1469.135
1467.51
1475.784
1473.639
1471.534
1468.586
1457.847
1455.815
1456.779
1451.728
1449.142
1450.516
1449.552
1449.171
1454.223
1454.604
1458.64
1454.604
1453.968
1456.554
1455.18
1455.815
1451.918
1441.238
1438.472
1431.616
1401.075
1402.449
1398.413
1402.449
1399.863
1404.915
1403.54
1406.126
1407.09
1402.039
1401.403
1402.039
1401.075
1400.693
1401.075
1400.173
1399.791
1399.296
1397.265
1394
1393.533
1388.254
1380.955
1397.637
1396.674
1389.938
1397.237
1399.603
1382.921
1380.555
1387.29
1376.552
1377.515
1388.254
1377.285
1375.842
1374.399
1351.259
1363.304
1362.33
1361.688
1361.302
1359.913
1354.809
1352.196
1348.118
1345.991
1345.179
1343.477
1340.865
1340.392
1333.465
1332.84
1332.106
1321.09
1318.924
1349.783
1350.877
1352.536
1353.994
1357.421
1355.129
1352.662
1351.688
1350.141
1349.103
1350.141
1348.644
1346.985
1349.452
1342.077
1344.369
1355.385
1344.369
1346.536
1345.442
1342.942
1312.082
1314.582
1311.155
1312.702
1311.244
1312.741
1325.454
1322.718
1319.981
1300.086
1297.937
1296.905
1294.489
1314.384
1315.416
1320.574
1315.416
1307.696
1309.846
1312.582
1314.293
1316.709
1318.275
1325.994
1324.428
1322.718
1317.665
1317.128
1316.386
1314.82
1314.074
1311.884
1306.726
1309.142
1286.626
1309.142
1320.274
1337.411
1342.463
1311.279
1308.863
1314.407
1309.354
1340.539
1338.123
1320.986
1323.402
1317.858
1323.016
1311.884
1303.748
1297.043
1296.017
1295.09
1271.464
1269.131
1267.42
1266.915
1255.95
1249.073
1241.62
1240.636
1223.603
1221.187
1218.147
1216.471
1214.561
1207.561
1196.596
1194.521
1199.006
1196.369
1195.5
1187.761
1187.218
1155.702
1136.574
1134.846
1133.729
1131.176
1130.693
1129.895
1128.835
1109.707
1099.264
1096.41
1095.771
1084.521
1081.021
1056.037
1044.787
1043.093
1043.053
1040.33
1047.387
1044.806
1043.373
1042.301
1039.935
1008.081
1006.368
1003.263
983.93
982.801
989.31
999.284
975.778
973.256
970.149
971.303
972.935
971.355
969.723
973.339
971.053
973.339
972.185
973.765
975.303
977.906
976.367
973.765
970.149
967.393
961.605
954.298
945.804
943.048
937.817
934.674
933.597
932.63
930.487
904.679
903.048
901.564
898.421
896.636
888.577
871.737
860.353
857.5
845.879
845.2
844.639
841.024
834.438
826.658
821.273
804.196
799.976
800.562
802.216
798.035
796.501
788.455
781.645
776.19
775.488
774.787
772.06
764.014
759.565
758.863
756.012
745.151
744.878
733.041
731.407
728.157
727.384
725.869
714.032
711.078
703.521
684.613
677.291
675.423
670.923
668.375
669.985
668.332
670.723
669.516
666.794
668.446
672.228
669.837
666.056
664.446
667.169
668.375
666.669
668.375
662.904
661.577
654.067
645.183
642.635
639.551
605.499
599.445
604.963
599.33
601.968
626.555
645.267
642.629
654.784
630.198
627.56
608.848
614.48
617.118
611.601
599.445
633.497
639.551
637.086
636.224
635.994
631.58
628.592
626.724
620.67
617.031
606.387
606.343
597.356
594.982
591.963
587.682
585.075
584.339
581.516
580.598
569.049
561.225
557.828
557.546
556.821
552.35
549.433
546.733
544.415
542.665
541.512
539.6
536.541
534.139
528.375
506.139
497.512
494.812
482.624
475.129
459.286
453.19
445.413
442.593
438.677
436.2
434.534
432.822
431.055
429.805
425.233
396.519
387.317
384.27
379.746
375.976
372.929
371.262
374.982
373.998
372.206
371.222
365.439
360.812
358.047
355.282
347.27
339.258
338.409
336.222
333.235
331.843
327.78
324.982
325.933
296.939
267.945
253.785
250.254
243.933
243.373
238.633
231.954
224.463
219.663
206.713
206.834
169.334
166.429
172.505
185.891
212.967
233.575
239.777
219.17
222.075
224.98
218.904
215.999
209.796
185.063
178.311
185.063
171.505
209.486
187.661
188.376
187.087
185.195
180.195
158.774
145.598
143.286
143.016
131.658
128.556
114.266
111.164
104.047
82.047
76.596
69.884
40.582
0
