2856
3672
3717
4293
4737
7845
9605
14213
11357
10541
10496
9920
9476
7716
4608
5424
14224
14269
14677
19285
14677
17785
17896
18472
18427
17851
17740
14632
5832
1224
408
0
4608
4653
7509
26157
27917
28028
28604
29420
32276
36884
38644
34036
34480
15832
16408
19516
18940
18829
18784
17024
14168
14984
15029
14213
11357
10541
10496
9920
9476
6368
4608
0
45
621
1065
19713
21473
26081
26489
27305
25545
20937
20121
20076
19500
19056
408
984
1800
1845
6453
9309
8901
27549
27660
29420
24812
23996
23951
23375
23264
4616
1760
0
45
621
1065
19713
21473
26081
26489
27305
26489
26444
25868
7220
6776
9632
9677
14285
13877
14693
12933
13509
13953
17061
18821
14213
20533
21469
22045
23770
26842
49522
53800
56427
59523
62643
71443
75979
77155
77645
78485
80435
82220
84974
81866
84722
89330
88514
88469
87893
86133
85689
82833
83277
85037
88145
83537
83582
84398
84974
84398
79790
78030
74922
74478
74433
73617
70761
75321
104265
104399
107761
108049
110545
122977
130169
131009
142479
146968
148792
149608
150358
178540
179386
176314
169994
170570
171506
174578
151898
147620
144524
141897
140961
142686
142110
164790
169068
167343
173663
176759
195148
192652
195148
195952
192590
192878
192590
192456
195818
166874
171698
174578
186048
198548
200148
201429
202605
203451
231633
232449
233199
232383
204201
203355
202605
203661
206001
211713
215145
216321
219441
233205
236425
237361
246161
246569
246773
249653
250709
277643
277830
278118
274756
275380
304324
299500
302862
302058
299562
299274
299408
326342
328636
332780
334578
332754
333594
322124
309692
302500
301660
303484
298995
296115
296931
322599
323859
325644
328524
328337
301403
304518
305258
306038
332972
334028
334215
335751
334695
316306
319378
313058
313994
310898
311474
312049
333721
338257
342535
345695
323015
318737
317012
313940
313364
312428
315055
316879
318595
322417
323539
323812
325412
326263
327549
339019
342134
342000
341376
341088
337726
337860
342684
343308
343596
353682
324738
323988
323142
322326
294144
267210
266154
263274
263087
264143
291077
293957
294144
296055
299170
300770
301892
302743
305316
303716
292246
291973
290851
290000
286885
298355
297069
301677
320325
320769
321345
321390
322206
322614
331414
334270
346960
349325
350176
356496
358836
359652
360570
361692
362543
365658
367569
370142
381612
383212
382090
381239
379328
376755
365285
362170
360570
356748
360180
372948
371232
378876
377052
377628
377673
396321
396729
405529
405640
410248
409840
401040
382392
381576
381531
380955
380511
381327
376719
373839
372783
372596
372860
373580
374702
347768
374702
377198
376910
376286
366200
366488
395432
398794
398660
398794
393970
395092
395943
398516
409986
413101
411501
410379
411979
411128
408013
396543
395727
396135
393562
391651
392467
394003
393958
412606
413050
413626
413671
422471
417863
409063
390415
390304
389728
389320
391231
394351
398959
399199
400099
402049
404622
404577
404622
404046
402510
403086
404846
404030
404141
406997
411605
411161
429809
411161
402361
401953
402769
404680
403080
402229
400318
397745
386275
383160
382038
393508
396081
396932
398054
399654
402769
402049
400927
400663
401383
401647
428581
401647
404657
405779
411923
423703
428311
431085
436797
439293
447273
472941
446007
458439
450795
458439
461871
474639
501573
513043
512203
514001
526769
523337
521513
508745
506451
502307
500509
501349
501925
504781
509389
509434
528082
528193
528082
536882
534026
529418
527658
509010
508434
508389
507573
508389
511485
514557
519093
516021
515446
493774
489238
488662
489598
493876
492940
495567
497292
493014
490387
487227
487803
490963
502433
499318
498196
495623
494023
495623
484153
485004
486915
489488
488637
491752
489841
490963
493805
497198
498002
497186
501794
504650
505094
508202
507626
507581
516381
507581
488933
484325
481469
482285
482861
482750
482795
482507
479145
450201
447705
447571
446449
446713
451202
424268
424004
426884
428006
427286
428886
432001
430879
429279
431573
430722
433295
434146
434333
431760
420290
418379
415264
415537
415945
417481
426281
429389
429833
430649
430694
431270
428414
423806
415006
414190
414145
413569
413125
410017
402373
398941
386173
389029
388984
397784
402392
421040
420224
417116
416540
415004
415049
415865
415457
406657
407233
407344
406900
404327
404054
401760
400909
399309
399122
396007
389687
387322
390178
391029
390111
389295
386955
374265
371409
373749
374565
382695
385060
388220
390974
390123
398103
404247
409959
411081
399301
396805
401413
375745
378519
375509
401177
396569
408349
410845
402865
405875
400163
397389
400269
400005
426939
408291
405411
414211
411355
406747
397947
398355
398400
398976
399087
399903
398781
398205
398160
397344
401952
405060
398916
399972
395483
395372
396112
399232
398452
397712
396176
394391
393131
392315
395911
400519
397404
401204
402464
403280
406395
380727
383300
389444
391894
427444
428830
436670
438455
442733
447341
450561
436797
436389
439509
448309
448921
451777
451573
448453
447517
438717
435497
436433
450197
449789
446681
446570
441962
441917
441101
432301
431725
434605
435661
434539
435661
408727
407671
412160
409280
408104
408754
404218
395418
392298
390513
389673
386919
384969
393769
396889
398674
399514
402268
403444
403934
403444
407980
406594
401986
399536
395940
389796
354246
358854
356281
348441
352241
387791
390364
396508
397894
398384
406224
427800
424000
442389
448709
460179
472611
479803
485683
483885
456951
461440
460600
482272
486550
473782
490142
477710
479435
492203
495275
492115
489488
485210
482114
483050
479978
479042
478466
479042
477317
472781
461311
455599
458609
461105
465383
468157
474301
482281
487993
499773
493629
494959
486979
475199
472425
471303
466695
462206
461150
458654
455644
457822
459142
463750
438082
435202
439002
440388
448228
452836
417286
414713
414223
408079
403471
409615
401775
380199
376399
383509
385959
388532
410108
408722
405880
408722
412115
411311
407918
408722
421222
430189
431789
430613
431789
443259
430759
429478
427878
416408
413528
416408
403718
402867
403683
400929
397769
395404
397744
394888
407578
409943
413103
415857
413517
413942
416798
415982
413532
421372
422758
424294
424784
430928
433501
428893
425093
428893
421053
419667
412557
409984
403840
425416
460966
439390
458038
459160
468435
471075
468897
467567
475547
477725
476405
478745
486585
488496
511176
512298
503023
484375
483253
484578
503226
491446
497158
491446
488436
485940
481662
487806
479826
477052
472444
475454
477950
489730
494008
496782
501390
509370
503226
503670
506330
506375
506951
528527
532327
528527
506951
509524
506951
471401
506951
505415
504029
508637
508147
508637
514781
506941
508327
516167
537743
531599
536159
536975
537875
540629
540833
539711
521063
519738
529013
547661
547848
573516
571791
593463
596535
619215
625535
643924
643924
645649
641371
618691
619627
597955
597379
596443
593371
593947
575558
577382
581871
593341
605773
612965
607085
602596
591126
578694
571502
558734
559574
560696
551421
532773
532586
535694
544969
552949
550771
553411
545431
542791
544969
523393
544969
537129
543273
545846
581396
577596
576210
578660
578170
582778
590618
588045
583437
587237
588623
582479
546929
525353
525929
526373
526418
547994
550654
547994
547949
547505
546929
545807
548927
552042
553302
554118
579786
581571
586179
581901
578793
579533
580655
599303
608578
606793
603673
602857
599742
595134
594394
585119
583859
582683
576971
573539
571199
572375
574715
573659
577091
582803
579299
576803
579299
582309
590289
594897
597671
609451
597671
623339
629051
626041
632185
627907
625133
620525
612545
606401
600689
597935
610625
607465
608281
607856
614176
611320
613660
616025
613660
612538
613389
616143
606868
607990
626638
613948
613132
594484
592144
595000
596325
591717
594290
572714
608264
605691
599547
597097
589257
587871
584071
548521
554665
557115
561723
563109
570949
592525
596325
596325
599181
602061
603661
602857
599464
596622
596010
609774
596010
593154
589934
590546
581746
582682
579562
588362
588770
591990
595110
594174
596814
604794
602154
594174
591996
594174
597282
596160
577512
576187
577309
578634
577818
577614
578226
578226
579126
579942
577188
579942
584502
583602
584178
583734
583689
581029
559453
559498
558922
561582
583158
583269
583542
581092
588932
610508
611894
615694
611894
616502
618952
625096
617256
652806
646662
644089
608539
611112
589536
584928
583542
582420
581095
577987
574915
573979
574555
573979
572254
550582
527902
509513
483845
509513
512585
513521
516617
518342
521502
544182
562571
556251
581919
601337
605945
608301
609117
612127
620107
622603
616459
610747
585079
582583
570803
567793
565019
560411
552431
558575
551383
558575
557735
570167
558697
546265
544441
555911
582845
578356
579196
591964
593914
595696
599722
603154
604774
613574
607430
609026
606576
602776
567226
565840
558000
553392
556146
534570
531997
534637
531997
534175
526195
524017
531997
534003
555675
556251
556695
575343
584143
588751
591607
592423
592468
589808
568232
568277
568721
568145
585161
585737
585626
586006
585961
598461
597885
597930
589130
593738
592922
593738
593294
593249
593657
589049
589493
598293
616941
614085
595437
596013
603657
612932
617492
618428
605928
606779
604439
591749
588995
591851
594191
591335
590484
591300
584980
584164
596854
599219
605539
608293
605928
597128
599984
604592
613392
632040
632085
632040
632484
631668
632484
632040
613392
612984
608376
608952
608376
607764
606864
607764
610518
611334
615894
613140
612324
612324
612936
610596
618436
641116
643027
635187
633276
635616
612936
606792
612504
618648
615792
620400
612420
611604
619584
622080
624436
650104
645496
664914
667770
670780
675388
656740
675388
684188
676208
674030
673985
671345
670529
668173
667597
648179
645683
642673
633873
629265
603597
604413
604458
605034
604590
605034
613834
618442
618886
618070
596494
595918
596494
599602
599647
599602
600046
595438
596014
595634
598294
598339
599155
596299
595855
595810
595366
598222
579574
570774
592350
591774
605538
608658
616498
619613
631083
632703
645203
653933
653978
675650
652970
627302
608913
615233
640901
663581
661856
663581
664157
682546
685618
684682
685618
685042
681970
678874
675714
674898
674454
677310
674454
679062
679017
674409
671301
662501
671301
672117
672162
675270
675381
675957
675381
674641
672856
672040
670780
667665
663057
659937
634269
634224
635040
634929
630321
629505
626397
623541
614741
614165
592493
592538
595646
604446
609054
609165
609573
631245
631821
619389
592455
580985
573793
572953
560185
558589
561343
569323
566569
566614
562006
561961
561385
562201
561385
558277
549477
549069
557869
560725
561301
561412
564520
569128
569017
549599
550415
553487
548879
549503
523835
526191
523695
520685
512705
506561
500849
503859
505455
506991
526409
524053
549721
547061
525485
525041
524996
524420
522820
525700
522820
511350
498850
489883
498850
497674
499274
500450
512950
524420
533220
536076
531468
545508
545952
546528
546573
543717
534917
539525
536417
536306
535490
535445
534869
535685
532829
535709
538565
536965
534085
535685
538439
533879
534491
539051
539951
540767
540155
537401
536585
535685
529365
527025
524271
523455
521090
518234
505544
504693
504117
503301
503256
502812
494012
489404
486548
467900
468880
471736
485778
472014
480814
481750
484970
485582
485990
489110
480310
477090
476682
490446
487326
486390
485778
484602
487356
489306
491091
494211
503011
501226
498472
497982
499158
499998
502448
506984
498184
495064
494224
489688
489038
490018
475976
490018
489038
501806
503406
506526
512406
512451
515566
523406
532136
533258
537956
529226
529670
532680
544150
546650
548270
555152
555107
551992
544152
532682
520182
506418
503298
504038
502418
516460
517440
503398
502418
525098
526823
504143
529811
548200
545128
544192
550512
548787
527115
501447
483058
476738
479810
480746
481322
502994
502418
501678
495798
496920
492222
491778
490656
495354
473682
472082
493754
490744
491484
491928
494938
496538
502418
499346
497750
494740
475322
449654
447298
446674
445858
444322
443342
444322
458364
444322
458364
444322
444812
443832
444954
445398
446138
447704
441824
444834
443234
440224
439484
440324
435626
435182
434060
435660
438414
446394
443640
435660
421618
422598
436640
436150
436890
438490
441500
440660
439538
440660
441104
445802
451682
451238
450498
447488
445922
444322
441568
440668
441484
436924
439678
438862
439474
440374
439762
444322
443342
444322
430280
432286
433126
433616
435216
439914
440358
441098
439976
441982
440382
434502
433522
431516
428506
428062
429184
428444
431454
426756
429612
438412
443020
443596
443641
462289
463105
463549
461209
453369
451458
428778
436618
436663
433543
447307
435837
427107
419267
416767
415147
426617
439117
440737
449467
446352
449472
449427
442545
445660
446640
446150
460192
458186
455176
454732
453992
452392
447694
446572
449582
450322
450766
451888
451048
456928
461626
463226
454426
454834
454018
454462
454507
435859
436435
439543
439498
436642
441250
442066
441490
436882
436438
445238
447898
451013
450033
435991
436971
438977
417305
420698
423554
436244
435836
427036
423928
432728
432152
431708
432152
431336
432152
450800
459600
464208
467064
462456
463032
463077
463032
466042
467164
471862
472306
478186
477064
478664
472784
469774
469330
468590
463892
462292
463032
461026
460046
458321
455249
433577
410897
404577
378909
377973
359584
359008
358963
340315
339739
344347
347203
356003
356819
375467
375911
376487
376043
376088
375272
370664
367808
359008
358268
356668
353658
347778
346656
341958
341514
346122
354922
352066
354922
346122
346698
346743
347559
342951
324303
323859
323283
323238
322422
341070
341181
342081
337521
338133
337233
334479
337233
336621
337437
341997
341181
346893
341181
340125
338949
341289
342345
345777
342345
340005
341181
338427
341181
349161
341181
341226
340650
340539
321891
317283
314427
315003
315447
334095
342895
347503
350359
341559
340743
341559
341514
342450
344046
345371
347665
361429
364183
361303
356319
359199
357599
354743
356343
351735
352551
349695
331047
322247
322823
322379
321803
320987
321923
321968
331243
340043
339107
343715
346823
342263
334619
325344
329904
337548
340404
340359
340803
327039
323919
322299
322254
319139
310409
298939
286439
286439
288039
290895
295503
304303
305119
305563
305518
304702
304258
301150
292350
287742
284886
287994
287418
287994
288039
306687
297887
298331
297515
297470
294362
293786
293342
294158
294203
294779
291923
310571
319371
323979
319371
322227
321819
308055
304935
305871
304935
308055
307443
309203
309815
313035
313443
327207
323987
315187
306387
287739
286923
322473
321897
317289
314433
318993
320379
329346
329301
332416
332601
341876
367544
367100
388676
396320
397442
400015
419551
416436
425403
389853
385293
376326
354750
345475
344089
345475
381025
381765
384880
384695
406271
415546
441214
415546
420106
417352
416536
411976
411364
410464
412064
412915
414826
417399
428869
431984
433106
407438
398163
389196
388456
385341
411009
420284
441860
444975
449535
485085
494052
495438
490878
489492
490232
454682
433106
434162
444248
469916
473036
481016
473036
470282
473036
474636
473785
471874
470752
473867
476440
475264
473664
470784
459314
450347
437847
438698
427228
424113
426024
423451
421851
422973
434443
433703
429143
454811
464086
485662
488777
489517
453967
462934
467494
468880
504430
495463
469795
460520
438944
435829
434443
447211
448333
450906
451757
453668
465138
468253
466653
465531
464680
462769
460196
448726
445611
447211
453355
451349
425681
424295
419735
384185
383445
409113
410438
432014
435129
439689
436574
437960
446927
482477
483217
473942
452366
443399
443843
451823
452313
454809
455985
474633
475209
484009
484813
485935
474465
471350
472950
471828
469255
471828
470977
469377
472492
474403
475254
486724
484813
449263
448523
443963
422387
421062
395394
386427
412095
413420
434996
438111
438851
474401
483368
484754
489314
486199
484813
496283
493168
495079
497652
486182
483609
481698
480847
479725
478125
481240
482840
483691
484813
486413
490973
492359
490973
526523
517556
491888
490563
468987
472102
468987
469727
468987
478262
499838
464288
468566
464006
472973
470117
457427
460820
469620
472476
469083
460283
472973
471373
469462
468340
470913
472824
461354
462205
463805
464927
464076
467191
464076
475546
472973
471587
462620
427070
426330
417055
412777
408217
405102
383526
380411
378500
379351
381262
383835
395305
398420
397298
398898
398047
395474
384004
382404
383526
380772
372792
369936
372816
375672
377272
375672
372792
371941
369368
366253
364342
363220
361620
350150
349877
351662
353573
366263
401813
404693
405889
408529
399729
395193
392439
391599
389814
390990
393440
390990
392775
393615
396369
419049
417873
414753
412803
414753
417873
426673
424100
422150
419030
418130
417890
417890
414770
414362
413750
410530
408770
395006
394070
405540
406476
404880
403944
402619
416383
419137
426462
434442
432148
418384
415630
417995
418931
420107
407339
419119
418543
418053
439725
440215
441975
442779
442335
442446
444942
436142
436718
438629
436133
417485
416309
415505
407525
410633
412229
413080
417640
418576
414016
406372
397097
396161
403805
413080
415834
416734
418694
447638
449234
451145
476813
484653
497153
505649
506771
509545
512299
509639
512279
509164
510784
511954
515419
523063
524449
533724
534686
537326
536130
533250
530610
543042
507492
505581
506517
509397
510593
514541
521733
523644
559194
546504
559194
580770
586530
585144
586764
583299
590943
592329
590709
589539
598814
599984
590709
594174
586530
600294
598674
595209
602853
601467
602637
604257
607722
606552
615827
606552
607938
600294
601110
602286
596574
600006
602346
601290
598950
597774
598830
595398
598791
601647
614337
605537
602681
589991
598791
595398
586123
584737
577093
575473
584748
583578
587043
588429
589599
597243
598863
595398
593798
590918
588062
588638
600418
598822
598246
600696
600585
599409
598605
598115
599291
598355
596595
598506
600871
603967
604903
612883
601103
598738
599542
577870
578314
596962
593854
596350
605150
603239
600743
608387
611819
624587
625757
624137
616493
615323
606048
604662
606282
609747
606282
607668
615312
624587
623465
625589
633429
652847
653969
666469
663715
651215
653969
651195
642699
634859
625584
622119
623289
624614
623228
626693
628313
635957
628313
627143
625523
626909
639341
617765
623525
645101
649049
636617
632669
625477
619717
626909
625973
626909
633229
630373
629048
627878
626258
633902
630437
622793
624179
625799
626969
630434
629048
638323
645967
649399
662167
654523
651091
638323
644467
638323
630679
627214
630679
629293
627673
635317
636703
645978
647148
645978
636703
638323
636541
634921
634921
626121
622095
618663
624375
624663
626388
629230
630046
631168
641254
642070
648214
651224
654444
655380
657140
649496
648110
638835
637665
636045
632580
613932
615843
618723
615843
580293
577653
548709
523041
521130
520230
517476
525456
512766
510855
512051
510455
508495
507299
509210
534878
563822
576512
578472
579372
582012
584766
620316
645984
642864
652950
627282
628338
618252
621372
620316
607548
610980
623748
616104
612672
620316
618716
611072
603232
611728
608974
610096
629514
642014
629514
637354
617936
616814
614690
617444
628914
641682
668616
671458
674678
675122
672368
663093
662157
662157
648393
640413
618837
611645
633221
638981
626549
627485
634677
628917
641349
640413
636465
640413
640458
640902
643758
648366
657166
675814
676630
677206
678010
689790
692155
710803
707707
707980
708556
708112
708556
711052
708602
700622
709422
708618
707682
698882
698306
695810
696986
698582
699072
697896
695531
676883
665103
666039
687711
685800
673032
669600
661956
661140
652340
647732
644876
645692
645647
645203
645248
663896
672696
677304
677712
678288
678732
678156
659508
659748
660156
662816
663566
675346
676162
679018
683626
692426
711074
711185
711761
707153
706337
706292
705716
705272
686624
686216
686261
677461
671317
661231
662353
660593
657373
656251
659471
665615
668625
677425
687511
684501
683565
684501
685317
685272
684456
679848
684456
681600
681645
682053
682164
690964
690388
693496
693385
674737
665937
666513
666069
653301
656521
659363
686297
699065
710535
699065
696223
693003
666069
666513
666105
661497
652697
649589
649478
648902
649718
649763
649718
648902
649478
668126
669886
674494
674902
675013
675301
673576
679288
681013
681829
681013
675301
678143
675301
675013
674902
674947
675391
678499
687299
691907
687299
685539
684963
685539
666891
666483
667299
670155
669339
669294
666438
669831
657141
648341
644948
653748
666438
669294
662102
626552
623672
622476
609786
588210
587274
581514
579603
575655
563223
560583
555975
560583
563439
560331
560907
569707
570523
561723
558867
558291
558246
558291
576939
576123
575679
576123
563623
562501
563623
572119
591537
604037
606791
598295
578877
571037
568283
576123
578083
580939
583435
590627
582983
578423
569148
568212
590892
587772
586596
587772
590222
592172
569492
567042
569796
568956
566202
564417
562467
571267
562467
565587
567372
573252
560484
560928
569728
588376
587932
587977
587161
584305
579697
570897
552249
552825
557433
558249
558204
558612
558036
555194
542426
530956
543724
555194
555638
558858
563347
560127
562969
536035
535591
538447
537871
542479
551279
569927
570038
570614
569798
569843
569435
564827
556027
537379
536935
537751
537706
539617
540517
511573
509662
483994
486748
484788
483888
481134
489114
481134
485958
487918
513586
510730
506122
497322
478674
478098
478053
477237
477126
495774
495198
492702
492258
491082
490592
493042
474394
465594
464790
456615
465415
463819
475599
478095
478539
478673
481038
482634
504306
492526
492253
489888
468216
467280
468456
469392
469968
469117
470239
467229
466107
474907
475843
481987
485207
488217
498303
497367
487281
484061
475261
469117
467332
471940
470340
474829
477123
479965
477123
478947
479391
482611
471141
466652
466208
462988
450220
452716
459908
457412
455452
448260
445404
447364
450220
447466
438970
447466
434966
427126
407708
420208
422962
421840
429680
430802
450220
452560
460400
483080
484991
479279
482121
481833
483558
480716
478991
479807
485519
485807
484991
487745
484525
511459
511015
522485
535253
532411
527922
530764
528470
531690
532134
530310
532108
534068
531212
533708
531748
532156
524964
522468
519248
525392
526514
529734
526724
527660
536460
527660
517574
516452
519462
529548
528612
522468
521412
524844
525900
528240
529416
535128
532788
529356
528180
527364
521220
529200
510552
509616
509172
507576
507000
506866
509962
508051
509962
512327
490655
491591
479811
491591
489095
486645
484280
502928
503504
506000
506444
507620
508424
516404
515228
506428
515228
515718
512498
525266
552200
555042
528108
528219
525377
527671
516201
503433
502989
506209
514705
522685
521785
519825
515001
489333
515001
543945
545905
546805
549559
547648
539668
541579
538825
551325
554099
556853
555731
547235
527817
519977
507477
504723
504910
513406
521246
508556
511412
524102
527495
524639
515839
512446
521246
524639
525443
528285
525789
525381
527341
534533
532573
530775
533631
536127
537183
541672
544552
545674
548894
549338
546118
546007
543165
516231
503463
501169
504011
515481
528249
555183
552543
579477
577752
583464
583752
580910
580622
574910
574094
574910
577752
579477
581388
578378
575158
581302
580366
571566
574576
575698
585784
594584
595520
589376
592596
582510
581388
581388
555720
554664
551544
552666
551610
547121
544241
543119
544175
571109
573989
583264
597028
609718
610460
611636
619476
620316
625014
627870
625910
618718
616222
613366
615326
622518
625014
616518
604018
605140
624558
621804
630300
642800
640026
642780
650620
650433
642593
639373
638929
626161
614691
587757
584915
586826
594666
599202
576522
574182
572271
564431
566771
563891
566771
567893
540959
539837
566771
565715
566771
554991
554501
555437
554501
551405
549040
547129
546325
567997
559197
561108
563473
560977
552997
551821
551377
563157
544509
543933
556623
557523
562083
564837
565653
566265
552501
551685
560960
556262
548422
547582
561346
574036
578734
569459
570201
571377
567171
575011
561247
560505
559329
546639
543759
516825
515769
516891
543825
546705
545583
546639
545835
542993
543797
547190
550032
546639
534207
533307
531396
505728
502974
494994
466050
464090
465212
466148
472292
471356
481442
480320
483330
474530
468386
465166
462156
465376
465376
474176
477056
478232
497650
498226
497476
497068
494408
494168
497024
499684
499924
500674
503530
510722
512682
509826
507330
500138
498178
500674
497794
498058
502547
503267
502211
475277
475464
474342
480054
480870
479145
472825
474550
473734
470892
470604
464892
465180
468022
462142
462884
464060
475070
474328
465053
451289
446591
433901
436016
443856
449736
454434
455759
454583
446743
451351
452167
455023
455068
455644
456088
464888
483536
492032
484192
471692
474446
455028
452274
443778
442656
443778
456278
464118
483536
484112
475312
474496
474451
473875
473431
454783
473431
478039
478084
478900
476044
478900
484946
485390
480782
489582
466902
465726
468176
469352
475232
473282
475067
478187
475737
472983
467103
465318
462198
453398
476078
478028
480782
485342
484526
484526
483626
484442
479882
482636
483248
482636
483536
484658
511592
511328
514208
513488
513301
508812
509868
518668
500020
502876
502060
502105
506713
506668
525316
524872
525688
516888
514032
509424
510000
509424
509868
509052
490404
490980
491025
491841
495234
504034
506890
519580
520024
516631
503941
501085
498229
497785
493177
493132
492556
483756
474956
493604
498212
501068
502828
512103
512943
517641
530331
528216
527474
536540
522776
521600
513760
507880
508622
509798
508473
503775
511615
484681
485737
486859
485803
482923
485803
512737
511615
513413
516269
518765
520725
513533
511037
509077
506221
510829
510940
519740
522848
523424
525335
526151
525335
522479
517871
517826
517871
517295
518231
499583
497823
498231
476559
474648
462868
484540
486905
485969
497749
495384
494940
496116
493236
473818
493236
496116
494940
497580
501380
503558
511538
512354
512399
512975
512399
512354
531002
530186
534794
535238
544038
539430
530630
530519
527411
527819
527411
526475
523255
513169
507025
517111
518233
519169
522179
522639
525711
534511
533389
530379
521579
524799
525921
552855
555735
556791
555669
552789
525855
524799
525615
530223
521423
524279
524855
525299
543947
552747
552792
552384
552339
551523
532875
532431
531855
527247
526443
523050
524246
524790
521948
524608
532588
532144
513496
504696
503880
501024
500448
495840
496656
499512
500088
500532
519180
527980
527935
532543
532588
533764
543039
529275
529275
516585
515745
506470
507212
511910
524600
530480
522640
536404
535228
534486
542326
542938
538378
541132
540232
541132
545692
546508
545896
543142
542326
522908
515068
502568
499814
491318
490196
487856
485945
478105
473569
475169
478025
480905
489705
508353
512961
515817
515001
514956
515532
516348
516393
515949
497301
488501
483893
481037
480461
480905
478025
476903
449969
448913
448097
442385
442430
445272
446997
447285
452997
453813
452088
454728
454440
462420
464598
461958
453978
451800
448958
451454
449494
456686
454190
457046
454190
456150
454352
445552
442696
442252
423604
418996
418951
418135
417559
405779
413759
405779
406323
405779
404583
407243
408439
405779
406955
409835
429253
426373
425197
405779
407379
410494
405796
392032
390856
384976
375701
367861
379331
381904
383815
384666
385788
373098
372356
370016
372356
368924
369980
364268
363092
362036
365468
371180
372356
373160
408710
408755
409199
430775
433435
434011
435922
434322
432411
435526
432953
444423
446996
447847
446725
448325
436855
433740
432889
434011
436651
436651
441211
443389
451369
443389
440749
438571
437635
437175
434165
431093
421007
419885
411085
414305
420449
421385
430185
431307
441393
444403
447063
444403
452383
451839
450643
451839
452383
444403
446163
448074
450439
451375
439595
437684
449464
452560
451624
449259
427587
424833
427406
415936
412821
412209
409636
407725
412285
413185
414001
416755
415939
416551
418151
419273
418422
413862
412740
413591
411991
415106
426576
428487
427587
430083
432043
434899
442091
439235
432043
430083
427587
425014
423103
411633
411906
408791
407940
409540
410662
411513
412799
415093
418208
416608
415486
415930
417550
420622
422302
434802
435542
435782
464726
467299
468919
482683
494153
497273
497318
506048
513888
517003
529503
529458
529014
526354
525778
504202
506862
528438
529014
529059
529503
521523
523119
525779
524583
524039
521379
521923
523119
531099
533739
535917
533277
525297
523119
521519
518404
516110
514824
514551
513700
512578
514489
517062
517913
519035
520635
532105
535220
536396
539276
519858
518682
538100
535220
515684
513111
511989
510867
508294
506694
508605
509727
506612
509727
510578
512178
514751
526221
525370
513900
511989
514831
514543
515359
521071
521359
523084
521359
520543
514831
511989
499299
496443
487643
484250
485372
486972
488883
489734
492307
495422
493822
492971
491060
488487
477017
473902
476196
475074
475618
474022
471362
479342
482002
481458
480262
481458
479498
472306
469450
466954
467530
489106
486446
464870
465314
465359
468019
467974
467398
466954
467854
467242
469882
468982
471160
468406
467590
463030
463642
466396
463756
461578
453598
454414
458974
466954
475754
485840
484904
481894
488038
481894
473094
469874
472884
471762
472698
462612
465832
466954
463839
462717
461866
459955
457382
455088
453488
426554
418574
421694
410224
421694
421739
407975
421739
423359
435859
432739
435854
432739
440579
432739
424009
423964
411464
409844
418574
416974
418574
415694
412838
415718
418574
421234
413254
412058
409398
410594
411138
419118
418574
420939
432719
434630
456302
454391
451295
439515
438579
436214
437150
440030
441206
440030
437150
417732
437150
436574
433914
434358
434403
412827
413403
412959
434535
434490
437150
432542
429902
421922
419744
422317
426925
435892
449934
452909
471298
474052
466072
463412
464608
472588
472044
474704
473508
474052
474664
474052
471298
470482
475042
475858
476758
475858
478612
474052
477272
480665
483161
483449
491945
510334
515032
519730
520274
541850
544510
543934
522358
522802
523378
520718
520763
520319
520274
517432
520288
510202
509080
506070
499926
498201
501043
492243
492531
493347
499059
500784
499968
494256
493968
490748
489812
478342
465842
464222
456382
464222
475692
484422
487537
487582
484462
475732
488232
489852
503616
506736
506691
503576
489812
481316
473336
470676
471872
470676
470132
470676
473336
481316
468816
467196
466456
495400
498472
498916
500536
500721
500481
498801
501374
472430
469358
481858
482098
483778
483334
480761
481565
480761
445211
480761
478811
480761
471961
468841
467056
461176
458422
467222
464772
467892
470646
471822
474272
480152
478976
480761
503441
480761
483641
480761
483535
484711
465293
464117
470437
473293
474144
476898
477714
490404
492769
495109
494869
494119
491263
494119
496779
497019
497769
495109
493198
493742
495857
496044
497226
501924
502974
503954
512754
491178
490602
490557
490113
487453
492151
495544
487048
487336
490556
499052
517441
499052
495832
493336
493048
488350
484957
487453
490113
490657
498637
497441
489461
486801
487997
487453
488389
510061
512426
514337
512426
510061
488389
487453
475673
487453
486841
482281
481465
480565
477811
478627
478672
481528
486136
494936
513584
514160
514604
514417
515397
506597
505617
510315
505617
518307
519357
528157
529279
531644
529529
528347
527297
524543
527518
513476
510501
511782
530171
511782
507174
509928
514536
505569
516179
524979
506331
506739
505923
505878
505302
504858
496058
496103
496214
496790
497606
494750
497858
502466
497858
499769
491929
478165
475045
473425
464695
453225
450110
450065
437565
437520
437964
438780
438372
437556
456204
456780
461388
464244
463668
459060
450260
450305
459105
455997
455886
455342
454146
446166
443506
446362
447178
444298
447072
444298
448906
448330
457130
457085
452477
443677
425029
422173
425053
425098
425674
424858
426034
444682
444238
447094
447538
446362
442969
440473
448969
453667
472056
472344
474840
478233
481453
472957
468259
465039
464751
446362
447342
449707
454405
455455
464255
466370
461672
448982
447932
439132
438152
437030
434665
435787
437387
440243
443123
440267
438667
435787
432945
431220
430404
424692
424404
424359
405711
396911
396866
396050
393194
388586
388010
388826
407474
408050
408161
416961
421569
421977
421533
421578
429558
434118
437338
438142
439042
441002
441722
444087
446841
444476
438156
444476
431786
434642
433826
432975
430119
432459
433275
445965
443211
440871
441722
446330
449186
457986
458031
458607
453999
453591
454035
435387
426587
426011
425966
425150
425039
425855
428963
425163
433963
431598
432042
429186
429231
430047
434655
435231
438087
439137
434439
447129
442521
451321
452301
453423
455788
460486
459670
458690
461798
459683
450883
442083
441033
439911
439335
438891
438846
435738
438958
440918
438958
443518
451498
452218
444238
445138
440578
437358
436638
435834
434934
435738
436478
423788
423344
422528
422483
421907
418799
418844
427644
446292
446868
438068
435212
436028
431420
436028
438884
439328
438272
439328
439328
442760
440420
441596
435884
438224
443936
442760
442216
437518
442216
442760
451256
432867
429474
434172
430952
428456
430952
422456
425676
444065
443777
444065
439367
442760
445616
450224
450269
431621
431177
428321
427745
418945
418900
418084
418660
419104
437752
438568
433960
442760
441860
437300
436496
434536
426556
425836
426556
428921
430706
431606
432410
435630
443610
448170
450130
446910
444545
445295
446111
446957
475139
453467
452531
440751
438840
437860
433162
434142
435264
437629
442327
429637
427272
426222
438912
430112
428990
437790
438840
438024
437448
437004
418356
409556
404948
402092
402047
399167
397991
395217
398097
417515
418691
420371
420611
449555
451175
451619
454192
451619
422675
423415
422971
421351
421166
408666
406986
410058
422558
419486
419246
416492
398103
412145
398103
401078
410045
414653
417407
432821
428213
425238
423957
424761
429321
437301
440521
441421
442141
438921
434361
432401
429181
428281
427477
426757
418777
420737
420161
415601
416651
407851
410216
405518
418208
427008
428130
427150
431848
429483
428361
415671
414621
415601
417941
420306
432996
426676
423922
423071
420215
421031
423785
425570
428730
416040
416891
417299
415514
413149
410784
400649
399833
397493
388997
386501
386213
367824
364604
361211
356513
353293
354013
361993
365213
360653
352673
353477
358037
359997
358037
357137
356333
355613
356513
355709
320159
320963
356513
357899
363659
366413
367393
386041
387766
388486
389302
417484
418234
417484
389302
388486
389332
388486
386726
385676
376876
364186
368884
371249
372229
373351
386041
381343
378978
377856
376876
377926
386726
387446
386642
383422
385382
386282
387086
382526
385746
387076
391636
390736
388776
388056
380076
382416
384781
382416
380631
382416
379536
382310
381134
361716
362892
365772
366752
368758
367778
365772
379814
380794
376234
377134
375174
374274
373470
372750
369530
368200
368334
369054
372274
380254
384814
386774
384409
379711
370911
372093
372280
371158
370108
369128
371243
372293
373273
377971
365281
374081
372481
372889
370009
371609
374489
371633
385675
371633
370653
371633
370787
369971
341789
341039
355081
356061
342019
341039
340319
348299
349019
350804
348439
346654
351214
354434
352474
351574
348354
340374
335814
337774
340139
340943
341843
341709
338549
336184
333430
346120
348976
351316
338626
337775
336959
337810
338626
340991
347311
350065
349657
347317
341557
340171
339451
320803
319078
318098
304056
318098
319078
305036
306422
301814
304568
301814
302794
301814
292847
274458
274458
276183
285150
289758
308147
305393
308147
322189
327949
328669
347317
350292
362982
362002
364367
355567
355380
354198
349500
350550
359350
360330
361452
359337
364035
362985
362005
347963
362005
362985
367683
367139
362441
362985
358425
357621
356901
353681
345701
346601
348561
351781
352585
357145
365125
364225
362265
362985
348943
349923
363965
362985
360211
357331
356155
359375
345333
359375
360355
359375
361160
358795
357010
359375
362447
364127
361554
361314
359634
359634
364458
364014
360942
363515
363755
363015
375515
376255
377875
377986
376366
347422
342724
341602
350402
348442
345222
344322
336342
323652
322602
320237
311437
310457
315155
314351
313631
309071
311436
312558
313538
314588
316703
317683
316703
330745
316703
317147
317192
317768
336416
337232
341840
350640
353496
356376
356421
357237
359019
361773
363393
364443
367217
367457
368001
370007
370987
356945
355965
358415
359591
362345
368225
365775
367560
376360
374410
365610
362490
339810
333930
331176
334296
336246
335070
333285
355965
356010
353154
371802
380602
361954
364810
365626
370234
369790
369214
369169
368353
363745
364321
364765
355965
354985
352979
367021
366205
365629
365185
346537
347517
338717
335861
331253
331298
331874
332318
350966
350921
351737
360537
359557
357832
355078
336430
339286
333526
339286
338566
357214
358939
360325
363079
361693
366301
367021
365971
361273
358908
357786
356806
354691
345891
347676
350041
347676
345891
346335
341727
341772
342588
339732
342588
333788
333344
351992
351416
351371
350555
355163
363963
345315
345891
345075
347829
345489
348345
345489
346340
333650
331285
324965
322211
324551
325367
338057
340422
346742
345891
343318
340462
343318
343363
347971
356771
375419
375995
376811
373955
369347
369791
351143
350699
350123
350078
349262
340462
339712
336856
334196
333956
335906
326939
322331
319475
320291
311491
312067
293419
312067
320867
325475
328331
327887
328331
328376
327560
322952
336994
339748
342723
361112
365720
374687
360645
357891
354916
336527
336482
335906
338271
335906
334121
335906
333050
332474
332030
313382
304582
299974
300790
301594
302170
302614
321262
325870
326278
326323
326278
335078
370628
335078
334262
333458
336314
340922
359570
360014
368814
368859
369435
369027
369843
365235
364659
363843
355043
336395
335951
335906
357482
355882
355474
352594
343794
343839
344283
325635
334435
339043
341899
340174
339454
338068
356716
357532
354778
353798
348038
345182
344606
325958
325514
325469
326045
325229
320621
325181
334456
331600
333385
332569
330784
333149
333104
330739
330163
329719
311071
306463
297663
292965
293509
298207
297663
294909
292053
289713
288897
276207
273842
267522
266671
267721
268441
271195
269575
288993
286239
286194
285378
283596
284140
283090
280316
280076
281696
281741
282557
284339
283795
286549
283117
284173
285349
291061
293401
292345
290005
284293
283117
286549
287671
306319
315594
318666
317926
319546
320286
349230
350910
351150
346326
358826
361399
358826
358715
358475
356795
344295
344739
343119
340047
337682
335897
326622
325500
306852
325500
326622
335897
337019
327744
309096
307974
326622
335897
331289
349678
352653
343686
325297
322543
325297
329905
338872
335897
321855
335897
335353
334231
315583
306308
307430
326078
335353
336613
335491
316843
307568
326216
335491
336613
334702
335824
334702
316054
306779
316054
334702
337362
338484
357132
347857
329209
328087
337362
340242
342882
378432
391122
392318
394229
395279
395234
394418
392636
391916
391372
371954
370904
371720
373502
374222
374766
394184
396938
394184
392564
392609
391487
382212
383832
365184
377616
378897
383457
409125
418400
421996
425111
426497
427237
462787
460447
459707
456851
421301
421435
456985
456181
491731
487171
451621
456181
457567
466534
467274
465993
487569
496844
501122
499736
496621
493025
483750
458082
461197
460457
455759
455215
459913
460457
442068
433101
430126
416084
413330
408722
409266
399991
401377
410344
445894
446634
449749
471325
467047
476322
480600
476040
474654
465687
430137
429397
426282
404706
409266
410006
407433
409053
407373
394873
394133
392513
392069
388997
391570
362626
391570
393250
405750
406194
409266
409026
409266
412338
403371
438921
417345
413067
417627
408352
409092
407706
403146
428814
434869
399319
402434
401694
398579
399860
403456
404842
406228
427804
431604
434177
440321
448161
452769
488319
490769
526319
500651
501391
522967
532242
557910
559191
557910
522360
521620
518505
513945
518505
519891
518505
521620
518024
508749
521517
524949
532593
533169
534769
536680
537531
549001
550123
553238
555811
556987
559741
560581
554701
551581
556117
558567
567367
565417
542737
540287
531487
533272
531487
528733
527557
529507
532627
568177
566791
567531
570646
566086
587662
592222
556672
555391
552276
530700
521425
495757
505032
506313
507699
506959
511237
510661
507781
510121
532801
533074
540914
547058
582608
618158
620731
622642
626442
648018
655858
657244
661852
658052
670742
649166
641326
639940
642390
639940
604390
599782
587092
584452
581572
582768
580857
545307
547947
546751
544178
538034
540914
541765
543676
546249
557719
560834
559234
547764
546913
545002
546124
543551
542429
544029
540914
536354
571904
572644
575759
597335
606610
632278
596728
595342
594602
591487
582212
577934
586901
588287
592847
591566
569990
582758
575114
562346
569990
573422
569990
568079
565506
554036
550921
562391
564964
565815
564215
565337
566937
566086
564964
566875
569990
567236
568286
587704
590458
588676
587860
589480
589525
590341
591061
592843
592123
591579
572161
572116
570496
569446
569990
561023
556463
560263
581839
580453
544903
509353
506238
484662
486048
476773
451105
450365
454973
448829
454973
457546
493096
489296
467720
465147
463761
461311
456703
464543
466993
459153
460753
462664
474134
475256
476107
478680
467210
464637
461522
460400
458800
461915
461064
459153
465297
468412
479882
479031
477120
474547
463077
461955
458840
460751
461602
463202
461602
462724
462769
465342
457502
456116
451508
455308
419758
417185
411041
408591
387015
391623
427173
429746
435890
438340
439726
447566
469142
465342
457698
444930
441498
454266
457698
465342
465342
463392
460819
459697
458846
460446
458846
461961
463872
452402
454975
453064
453915
455037
466507
463392
481781
477173
512723
504883
502433
498633
477057
441507
463083
456939
454366
452980
459124
461574
466182
467568
475408
479208
481781
470311
467196
464623
476093
474971
474120
476693
475093
473182
475093
475944
477066
478666
481781
477083
481781
481237
481781
478349
470705
457937
443895
442773
439658
428188
427337
425737
423826
421253
416693
415497
417408
425248
446824
450624
453504
466194
468834
504384
468834
470030
471416
476024
473144
475594
478167
475717
471109
477253
475867
468027
446451
442651
440740
476290
463600
460960
425410
422837
416693
415953
412881
411261
410817
381873
384446
384686
386366
398866
399606
401226
401670
404742
433686
421186
419506
416933
416693
421301
422117
424973
433773
452421
452865
453441
453486
454542
455718
461430
459090
458034
460374
459198
453486
450054
453486
417936
417802
436450
427650
427074
427029
429885
411237
412053
411237
429885
438685
438730
438286
438730
439306
434698
431842
436450
430306
427733
430183
427733
423125
421739
386189
389989
397829
394029
372453
377061
378447
384591
376751
379324
414874
418470
415716
397068
398238
401703
403089
410733
412353
413678
414086
405286
402430
403246
384598
385174
385618
388726
397526
402134
397526
397082
397127
396551
396506
395690
397472
398016
417434
420188
420233
421853
422903
403485
402765
400011
400731
399681
398061
398016
396234
397050
396506
395690
397868
405848
408488
407102
405777
398133
396513
393048
402323
403709
404879
406499
409964
417608
416438
417014
416198
420806
420230
423086
423041
422597
417989
418034
418850
418442
427242
427686
418886
415778
434426
425151
422811
414971
417311
439991
441902
449742
427062
426789
430589
428139
423531
387981
385408
384022
377878
370038
372611
408161
414305
416755
421363
429203
450779
447183
448569
444769
443599
442213
432938
425294
428759
427139
434783
436169
445444
446614
448234
444769
463417
468025
470881
468025
459225
440577
440133
440088
440904
436296
436740
445540
445585
445009
444193
444769
445939
445123
436323
436278
435702
435258
416610
421218
416610
413754
414570
417426
417471
436119
444919
445495
445939
444553
435278
434108
432488
429023
436667
440132
441752
451027
452413
444769
445939
443366
437222
433422
432036
427428
424978
417138
395562
360012
359436
358176
361032
360987
369787
365179
369787
360987
342339
341895
341940
341124
338268
338844
339288
357936
358752
356574
348594
351234
348594
356574
358752
351108
349722
340447
339277
346921
345301
346471
348091
357366
358752
355287
358752
361248
361792
367504
370514
382294
401712
427380
431988
439968
446112
448968
453576
452760
461560
480208
480652
477796
477751
478567
459919
451119
446511
446556
446112
446688
446112
446852
448452
449574
450018
454716
457726
463606
455962
457582
461047
462433
458968
466612
465442
456167
454781
455951
465226
463606
464182
464227
455427
452571
453387
448779
449223
452079
456687
456243
437595
456243
455667
454851
454806
463606
462410
459530
423980
421340
408650
406739
403729
406739
405999
405555
405999
400119
400859
406739
408339
403641
408339
406739
405617
406739
416014
417184
415564
419029
420649
417184
424828
423658
414383
412997
405353
406739
397939
397123
396679
378031
377986
373378
370522
369946
373411
374533
373363
364088
362702
355058
356678
364322
365708
366878
369888
370628
364748
364304
362704
358006
357266
366541
363531
368229
364764
365208
363588
365188
371068
369946
377926
375286
373108
365128
367768
369946
377926
378470
383168
382624
377926
374461
372841
363566
362180
354536
353366
357926
353228
351628
356326
357066
358188
361198
360458
359336
358892
364772
365216
359336
356326
357926
336350
342062
344558
352538
350702
344558
341548
344558
332778
328170
325674
330282
324570
316590
319364
323642
304224
278556
290336
285638
284898
279018
276008
277608
277164
280174
280618
281358
286056
291936
293058
291936
290336
291386
289604
290148
288528
288483
285729
266311
265767
264717
267471
286889
288671
289391
288671
289487
288671
290291
290336
287763
287523
287079
284007
255063
254323
252643
240143
238523
246503
255303
256107
257283
257727
276375
276951
279401
281897
282953
309887
312767
313889
322385
330365
333005
330365
322385
324563
322385
321645
316947
315347
314225
320105
323115
323559
323115
323855
328553
325543
326665
328265
322385
319725
319181
322191
324531
321521
316823
315223
314101
314545
313805
316170
330212
329768
335648
338354
338898
341652
343252
347950
342070
343192
343932
351912
354792
355848
328914
327858
326736
323856
350790
351912
346200
346200
343704
331924
327646
324872
320264
314120
319832
322842
334622
360290
379708
384316
381306
389286
391782
397926
394916
394472
393732
389034
387434
386312
380432
378482
376697
375857
373103
364303
361853
357317
359267
381947
384397
385573
388327
394207
395992
399112
407912
404792
403616
391184
388112
390752
398732
400910
398270
396092
388112
365432
363092
361181
353341
350461
349405
322471
321349
322471
323527
350461
353341
361321
364075
365197
366253
365197
369686
366806
365684
368564
341630
335486
329342
355010
366790
369286
372296
366584
361976
353996
334578
308910
297130
294634
300346
308326
305316
324734
330878
335486
333308
325328
322688
330668
329864
338664
330684
329508
329064
320264
317768
317192
298544
301040
298590
299394
300570
301146
319794
320238
322688
323810
326690
325634
321145
322201
349135
346255
345133
343351
343396
342676
323258
322714
321898
321853
322903
324523
322903
320149
320869
321413
340831
343585
342535
343351
345133
347498
349838
349294
346929
332887
330547
344589
345133
342427
339673
342427
345133
345088
340390
339846
342486
371430
375378
378258
379380
352446
351390
352446
379380
376500
375378
387158
390168
392942
397550
405530
408026
405530
409808
412880
406736
398756
379338
374730
371720
366008
371720
359940
363740
338072
319683
316803
316990
317710
344644
345700
344644
343522
316588
308608
311362
319342
316588
310876
309700
307360
306304
309736
315448
316624
318964
320020
316588
335236
334516
334329
335385
362319
365199
338265
337209
338331
344043
341547
338537
335465
323685
317973
309993
307219
318999
314391
320535
316257
318753
323361
331341
334351
360019
379437
378261
370281
369837
369033
368457
369033
371529
371973
363173
363977
365153
362657
381305
378855
387655
390105
391701
373053
359011
356257
358622
361376
359011
373053
373597
370891
368551
368007
370713
373053
370173
369051
342117
341061
370005
367365
338421
334473
337113
341061
342843
343563
324145
324689
323969
322187
322232
323048
325802
325258
322504
324124
323074
321454
321409
320593
340011
341061
323583
328119
328861
330037
348685
349525
361305
382977
385731
387327
384573
376593
386679
380535
361117
355405
352395
326727
322119
314139
311643
299863
311643
337311
356729
361337
369317
375461
377957
383669
386679
386135
386877
389373
388203
389373
392383
418051
437469
449249
451745
447137
421469
426077
434057
440201
432221
426509
414729
420441
417945
414935
408791
389373
386667
383913
369871
367531
369896
367531
368075
382117
381573
384279
387033
389373
393321
395961
367017
363069
392013
384033
381393
382197
390997
388547
391043
391619
410267
410711
409115
390467
389291
397271
397761
388961
390137
389561
387065
386261
385817
395101
393925
393183
374535
362755
361915
340243
339073
339913
361585
366121
367291
368033
363497
364673
383321
385499
388253
386657
383903
391883
372465
370683
369867
370917
370872
370328
367574
365954
364904
364949
367703
366983
386401
386945
387665
389285
391067
391883
366215
346797
335017
332521
329511
324903
316923
310779
305067
307923
312531
321331
339979
340423
341239
341284
341860
340690
341860
343810
366490
364540
358660
361110
352310
349190
347405
344651
343475
320795
329595
330771
333525
339405
341190
344310
341860
333364
337972
338416
341272
343032
346140
346095
346671
346716
346272
327624
328440
327864
323256
322440
313640
310784
309968
309923
309347
308903
305795
304035
299427
299472
299916
318564
327364
331972
334828
331972
332548
333364
325384
329992
329176
329752
330196
330151
331911
331335
331743
322943
318335
319151
319196
316340
319448
300800
300356
302696
305450
319492
321857
317297
316753
319459
317119
314413
311659
297617
298161
295796
296538
299198
298028
320708
321284
342860
343304
331524
330684
309012
290364
289622
285086
296866
302746
324418
343066
344242
344287
343111
344281
343837
343021
342976
351776
370424
370469
371045
371453
369693
370509
375117
370509
369933
366825
366417
366528
363888
334944
337584
366528
370476
366528
365952
365907
361299
352499
333851
333035
333851
333740
334316
334760
353408
362208
366816
369672
369264
369309
372063
380043
377289
369309
360509
362269
361779
353799
352995
334347
333903
332727
332861
332285
333461
352109
352685
353129
355625
355625
363605
364095
382743
381927
381882
381306
362658
353858
362658
365514
365070
365886
365931
366507
371115
366507
366951
364095
365217
368325
369650
388298
388742
397542
398358
398403
398979
394371
393555
393111
374463
371607
371031
370986
375594
378450
369650
391226
398418
399354
405114
417546
421494
422664
421494
424154
424199
424154
402578
402134
399474
398898
399474
399918
421494
440142
442998
447606
456406
455590
456034
455989
453133
448525
439725
421077
420633
420057
420102
420918
421494
440142
439020
435912
434587
435709
444984
444540
443964
425316
416516
411908
409052
409007
408191
407141
406325
406280
403526
401906
382488
381944
381224
379442
378320
379645
398293
399415
390140
371492
352844
353966
372614
381889
380767
379442
373730
372554
374894
371462
370406
373838
379550
380726
378386
379442
378272
377096
377141
354461
366241
344569
366241
388921
410497
411073
392425
395085
395529
389649
389073
377293
395941
397117
398287
397545
403425
404167
403723
403678
382102
379442
393484
391119
388779
386073
386617
383863
369821
372527
374867
377232
376688
379442
376802
372854
354206
325262
327902
346550
375494
374372
365097
366219
370167
379442
376688
368708
368996
376188
380136
381072
368640
364692
370452
364692
343116
344238
337046
336110
326835
308187
329763
342195
341073
350348
368996
370166
368996
369284
369860
382360
391160
394170
399882
402522
403326
404448
423096
413723
404448
403326
400830
400254
381606
390406
392856
394032
393588
396084
396660
378012
396660
404640
402880
402390
394410
394276
393100
393544
371968
393544
393499
390839
390395
390440
393100
392524
393100
393544
412962
414138
417018
415896
406621
387973
400473
402651
410631
412996
416461
418372
419176
422569
425411
425987
428647
450223
444343
422671
410891
409715
408545
408590
411686
411110
411110
412286
411544
434224
434668
446448
452328
470976
449400
448956
446296
423616
424201
424943
424898
424898
412466
406706
402758
395566
394630
395566
373990
395566
401326
405274
417706
424898
422144
421600
407558
405193
405737
408102
405762
408516
405810
408150
410856
424898
428846
426206
397262
399902
395954
424898
414812
426282
435012
438127
438172
446012
447632
461396
464516
477016
473216
472046
472631
492049
493225
473807
470927
469751
472631
451055
451010
450566
447906
447330
454522
454078
452902
452098
443298
440848
422200
414220
413644
411148
408652
411312
404120
382544
370112
369176
365228
359468
381140
403820
404562
383052
384228
402876
414656
391976
391234
372586
369490
363610
351830
351245
352085
350909
352691
356717
360149
361769
363719
372519
369677
368873
365480
368322
371715
372519
386283
377553
377508
380628
377513
390013
391633
390013
401483
410213
418053
414933
401169
388669
391784
383944
372474
372519
364539
362361
374861
371396
369031
367120
370585
358085
359996
367976
370154
372519
375634
387104
388704
389826
392399
394310
395161
397111
388311
391065
396945
398730
401850
410650
408200
385520
382766
376886
375101
371981
374431
375607
398287
397111
395161
398041
378623
379167
398585
399761
397396
395056
392350
389596
375554
377894
377350
391392
394098
396852
393972
392796
395161
391213
388573
359629
362269
391213
395161
394576
395746
395004
396126
394526
395377
396977
395855
395004
398119
386649
384738
381623
379050
381623
393093
395004
396604
393489
382019
379446
377535
376413
374813
377928
379050
379901
381812
384385
383534
395004
393882
391309
392909
394031
382561
384472
387045
387896
384781
383181
386296
385445
383534
395004
413393
412271
423741
426856
425256
424405
426005
414535
411420
408847
409969
412542
410631
412542
413393
414569
433217
439097
439682
440424
462096
473876
473876
462096
460926
459750
441102
419430
418590
417848
422384
425499
422379
408615
406995
394495
383025
374295
388059
384944
386564
399064
410534
410579
418419
421539
413699
422429
422384
419504
438922
440098
442978
423560
422384
419269
418418
415845
417445
418567
419418
421991
420869
409399
420869
423984
422384
424295
422384
435074
436244
437864
444008
466688
465566
464715
462804
460231
448761
450361
451212
453123
456238
458811
455696
467166
465566
466688
463295
462491
459649
460819
459649
456895
454189
451824
437782
435442
464386
460438
431494
434134
433590
437538
438082
452124
454878
457584
459924
462289
459649
457076
456225
455103
453503
450388
438918
437007
440472
438107
440285
448265
450176
462676
460498
452518
450607
452972
449507
437007
431295
430119
435831
432399
430059
433491
432435
433611
435951
437007
445807
448663
467311
471919
472735
473179
473224
473800
461300
459680
456560
445090
437250
423486
423441
414711
411596
409418
410234
410810
407954
389306
380506
380950
376342
385142
389750
390158
390113
389537
389093
389138
392246
391430
388550
407968
406792
407968
410848
391430
390688
372040
360260
359675
360417
354537
373185
351513
352689
353859
376539
398211
393675
405455
411335
410159
413001
404201
401093
400517
400562
401138
400322
403178
403622
422270
431070
430626
435234
436050
435642
431034
430989
430944
430500
411852
411036
402236
411036
415644
412788
408180
408996
409041
409617
410061
409485
412341
430989
432949
440593
439423
440008
439963
439519
440335
431535
426927
426111
423255
422679
422724
423300
441948
450748
455356
455764
455875
437227
439405
442045
450025
449209
449164
449053
420109
401461
392661
393477
396333
392385
387777
387369
390477
390588
387948
388524
387948
396748
396793
401401
398695
396355
393601
379559
379015
376650
377466
376890
376602
379482
376472
376760
378360
365860
368716
363004
368716
371726
374366
383166
395666
393026
393602
384802
380194
371394
368286
372894
372849
369993
369882
369306
370122
370566
371142
389790
398590
397774
400630
400675
403531
408139
416939
435587
436031
436847
433991
429383
429428
428984
428408
428363
427547
428123
409475
400675
397795
378377
397795
398971
397795
400675
405283
400675
400630
400054
399610
380962
372162
372738
372783
373599
374043
392691
401491
400675
403531
400675
414439
417079
425059
427237
424597
416617
414439
425909
451577
453527
456369
462249
461507
460337
459161
440513
418841
412961
414137
415307
416049
438729
426949
445597
467269
479049
456369
457185
460257
474299
482795
483371
491351
500081
498170
506150
508061
510426
513891
511713
508248
505883
497903
485403
497903
500081
499265
490465
489889
485281
484837
484792
481936
463288
485968
463288
462118
460498
454354
455974
457144
463288
466408
480172
483392
492192
492804
493740
496596
497766
497181
494541
486561
494541
497181
499359
497181
504825
517593
521025
540561
542241
545097
549045
553605
556580
558920
559771
560587
562952
565706
572026
584716
587572
589750
586870
585694
566276
569156
581656
601074
609054
610230
612726
622001
623051
635483
635594
638436
639416
653458
654274
658834
659734
660346
663100
675868
679300
678320
665552
679594
671950
672930
669498
655456
663100
660460
662638
670618
668440
660460
663100
664276
645628
644452
643282
642540
619860
631640
637520
656168
678848
680018
680760
668980
663100
641428
663100
662120
670920
674040
675825
676315
673195
672019
670234
676114
662072
676114
673664
670910
665030
663080
654280
657034
658210
660660
683340
660660
662610
662322
675090
702024
704597
707351
708202
707712
709718
710698
696656
685186
710854
685186
687480
696447
698812
711312
714744
716344
729034
729578
732553
734677
731605
739585
748081
748897
757627
758203
749707
735665
749707
752779
744049
743473
735493
734677
735657
749699
748719
746713
745543
737899
750667
754099
741331
737899
745543
737563
739741
752241
760221
758043
745543
744563
730521
744563
745543
749491
746516
726980
724124
724549
719989
720409
739945
742801
741121
737173
741733
739093
741733
733753
731575
733753
741733
743911
751891
753802
756167
759632
772132
769954
768043
764578
752078
749713
741733
740557
721139
718259
721139
737125
738301
736701
739581
742437
744037
741157
738301
739281
725239
724259
738301
731109
743799
744650
742310
748630
751486
753851
751097
738407
737556
736740
734375
728055
725199
727539
730293
731109
730129
731109
745151
731109
733863
734475
735291
736191
740751
737997
737097
736281
731721
731109
728449
720805
717373
704605
718647
719627
718647
704605
705585
719627
718647
704605
701965
693985
691807
690187
689017
682873
689017
690187
691807
669127
691807
669127
668385
667215
666039
647391
625719
619839
608059
607079
593037
594997
587017
574517
582497
580319
582497
594997
597839
600335
597493
585061
584011
596443
605718
606768
597493
597382
594886
595330
598550
601670
602606
611406
612018
614874
611654
608534
607598
598798
598186
595330
581566
595330
614748
617628
618804
599386
598210
595330
582562
555628
582562
585135
582381
585135
582562
595330
598305
595449
600009
580473
580048
579628
575680
571120
573976
577924
597460
599140
603748
612548
615404
634052
634496
635072
635117
635933
610265
614543
626013
623719
620287
614575
613399
619111
618055
617443
620875
618535
619351
619963
622717
623893
626233
627289
628189
627289
631849
627289
624535
623719
631699
623203
626275
640317
641133
640317
649047
635005
631933
631357
622627
614647
609101
609677
607337
604972
592282
593098
595852
602172
604537
607393
620083
619232
616478
617329
614473
608153
610493
609677
612533
593885
593930
594746
595322
598430
595574
595130
586330
595130
594554
594509
593693
598301
593693
593804
590372
598868
611368
610824
607849
598882
597282
584592
586192
589624
577124
575000
572635
585325
594292
597267
599632
600176
599600
598784
598739
589939
590515
609163
609052
613660
614104
614149
614965
612109
607501
616301
613193
616049
608069
595569
593391
601371
613871
616049
597660
585160
582795
580884
572904
570726
583226
586691
589056
590967
593145
589680
597660
616308
615864
607064
588416
588371
583763
580907
581723
581768
584624
585068
593868
593292
593868
593052
597660
598236
616884
625684
630292
630736
630781
631597
630781
626173
617373
598725
598281
597705
594849
595257
595212
594036
574618
571738
562938
581586
590386
594994
597850
597034
596458
596902
597478
592870
593686
593731
593686
575038
574594
574186
571211
569531
549995
547139
543191
547751
551699
547139
549995
569531
572506
574186
574762
577618
577573
572965
573781
573826
574270
578878
560230
559786
559210
558394
577042
585842
582986
574186
573370
572758
570004
569104
568288
569104
569716
572470
573370
577930
573370
570514
573394
571794
573394
570514
573370
577978
578794
569994
570039
588687
597487
592879
592435
589579
590023
592879
592303
592258
591442
592018
573370
574420
574864
587296
590138
592634
601909
592634
591584
589088
586246
585802
573370
565726
563766
571410
573370
575548
567568
555068
563048
560870
573370
554722
551866
552682
552727
540037
539593
552361
551785
552229
555085
550477
550432
549616
550192
568840
577640
568840
573448
576202
578775
566007
563253
590187
563253
560680
561088
561939
564693
571013
573378
571038
570222
572562
573378
572527
569773
557083
554718
556833
550513
547657
548233
569809
572469
572913
572958
584428
587001
588912
589763
591363
594478
595600
590992
590176
589732
586876
586831
578031
577455
558807
547337
543059
543875
552605
555677
569719
578215
569719
570295
561565
553585
552769
549697
557677
557101
557101
544601
538889
535879
535591
535015
532375
523575
523863
524439
530151
542651
550491
559291
561931
564941
567514
569114
571025
582495
580895
584010
582888
584010
580895
581746
579173
577262
576411
564941
563771
564751
565921
567181
544501
553776
552156
555036
577716
571572
579552
615102
616272
619368
625512
627132
628413
630363
631214
632814
635387
646857
649972
648850
649972
649121
646548
635078
631963
633874
632274
630363
638343
629376
615612
602922
590422
598918
611418
609818
606386
609818
601322
614012
614556
614981
623948
626313
623948
623404
620429
622029
622605
619945
619501
619456
597880
597925
598369
601029
622605
622029
641565
638590
642538
644218
644626
640066
643041
639093
637413
617877
615021
619581
618645
632409
629289
632409
623609
609845
606989
606377
607313
616113
616725
619945
620353
617133
614379
615279
616095
620655
619755
620367
619551
614991
617745
617133
628603
629725
631325
629725
632840
631718
634291
633440
631529
628956
625841
614371
616282
617133
609153
596653
609153
606975
609153
617133
614955
627455
629633
627722
629633
617133
619498
622963
620598
612618
609153
617133
618733
630203
632776
634726
631611
628769
626819
629661
630783
632694
621224
620102
618502
617651
615740
613167
616282
617133
619473
642153
649993
651904
652755
651155
654270
665740
668313
670224
668313
665740
662625
651155
650304
651426
653026
651904
654784
653804
652634
674306
709856
718823
728098
729358
721378
722358
723528
731508
728412
727152
691602
690321
681046
678166
677758
675418
673303
670938
664618
661864
661048
663904
663053
663869
666234
668574
669425
672179
678499
691189
691189
689569
687787
685837
677037
673011
673455
695031
694455
672879
670219
670795
670351
673011
672966
673011
671889
675004
673404
670289
667716
665805
654335
653484
654335
656246
667716
670289
671411
673011
671061
662261
659141
657356
651476
648722
647546
645096
646881
649331
653867
655043
657797
666597
669717
647037
648987
649827
676761
689529
692283
694856
682088
679515
652581
649827
652669
653293
652849
665281
665725
667050
668100
655668
653172
650330
641055
640005
639154
637554
626084
625233
624111
621538
618423
616512
604012
616512
608532
606354
614334
616512
613670
609110
608210
606530
602582
598022
600878
620414
623389
625069
629017
626042
626654
627554
630308
627554
626942
631502
632318
612782
611966
611558
613838
605858
606434
597938
594866
594050
608092
594050
594866
603596
611576
614648
605918
614414
613838
614684
642866
643682
644432
644477
644921
647581
669157
668581
669157
666497
666053
666008
644432
642832
643240
644840
647720
644864
641984
643314
640434
639174
617502
581952
572985
563710
562540
561560
597110
618782
627749
637024
638284
639264
642144
643314
635334
622834
626266
622834
621234
623599
610909
619876
622851
623395
636085
637685
628718
620222
617857
630357
629813
638309
637884
631564
628708
627857
625103
624287
611597
609232
606892
606316
627892
628468
628513
606937
606892
606448
606892
604232
606892
609902
619988
623788
624232
611732
609554
601574
593594
591683
579183
576818
578996
576818
573353
576818
579183
581094
589074
601574
602324
574142
574958
603140
603986
603170
602324
601574
599954
593810
592640
569960
588608
589052
589628
589673
594281
597137
605937
606753
603999
603183
600903
600291
599391
603999
603183
600327
609127
609172
608728
609544
610120
609544
609988
628636
631492
626884
618084
618039
599391
594831
590883
589203
586228
586636
583780
588340
592288
595263
614799
616479
596943
598854
600179
564629
572609
563642
562472
581120
582242
560570
551295
550035
549055
546175
547155
568827
604377
613344
622619
623879
626759
627929
626599
626023
625579
616779
617595
617550
622158
603510
602694
611494
612070
609214
609259
609703
628351
631207
626599
624026
650960
653533
656287
643519
640765
613831
626599
605023
604978
604534
601874
601298
600890
597670
583906
587026
586414
595214
586414
585478
582358
596122
598978
602198
602810
603746
599138
596282
596237
596282
596726
587926
588502
587686
588502
597302
601910
604766
586118
585542
585098
603746
613021
594373
593048
591926
610574
611696
612140
611090
608248
607624
595192
594748
595798
598640
601136
599811
612243
613568
612512
609080
603368
606800
605624
606800
609140
610196
615908
613568
621548
622364
630860
644902
653632
656704
647974
647398
646582
643510
629468
620972
621548
613568
608960
609776
606920
598120
579472
579028
578452
578407
587207
586391
586799
586844
587420
587864
590972
595580
618260
590078
587738
595578
597489
599829
599079
598263
590423
588512
565832
564986
563864
582512
591787
573139
574261
564986
563026
567634
567589
576389
575573
594221
594665
595241
595286
596102
595694
598550
593942
585142
582034
581590
581014
571739
581014
599662
581014
579892
581014
583870
592670
591854
591809
591233
591809
573161
576269
571661
562861
560005
560821
560866
560422
565030
565474
556199
557321
556199
565474
546826
565474
556507
557227
558487
567762
576729
612279
590607
555057
563037
561777
558897
557917
556747
548767
570439
571609
572589
563314
563758
563803
564379
583027
591827
592643
592199
587591
578791
575683
580291
580699
579883
579307
576451
576406
571846
552310
549335
545387
544979
543299
547907
548483
548528
549344
558144
561000
552200
547592
528944
528500
527684
527639
527231
545879
546323
545747
536780
536236
534636
543132
555632
559064
560664
573354
573898
582865
580500
572004
559504
556072
543382
545747
542772
545747
564395
565517
574792
556144
546869
545747
544931
544886
526238
517438
516862
516418
511810
508954
499679
500801
482153
481031
499679
508954
515098
512920
504940
502575
499110
497199
484699
481819
481411
479811
478689
460041
450766
452152
454725
455475
464750
467504
440570
443143
455911
458617
456044
443276
470210
467456
431906
410234
409254
408084
400104
421776
430743
421776
423036
425916
426896
428066
435176
436501
435241
434521
442501
433226
424496
416516
415700
407204
393162
393738
402468
416510
419582
420398
428378
436874
436298
433226
431901
444333
446829
449671
458946
459996
459552
447120
444624
441782
442226
441176
443136
441176
448820
441176
442562
450542
452720
455840
457440
461388
462584
470424
471600
477480
490170
490912
495610
504885
518649
519585
519297
518721
513009
500509
497499
494859
486059
488939
496919
495594
486627
479517
480798
516348
494676
491796
513468
514728
513558
514728
513468
512488
513468
514793
506813
506201
509321
506465
503345
502409
493609
490389
476625
479481
482701
496465
505265
506201
506813
504902
482222
474382
472042
463075
450575
452940
461436
463036
459604
472294
469319
467719
470694
471238
474670
474126
461436
473936
465440
474407
472042
464062
465973
467169
470049
472689
508239
520929
530204
536084
543924
556614
570378
571554
570812
571554
562279
556399
548559
535869
531171
517407
516231
520929
523683
525633
522513
520728
543408
540654
539478
537028
539478
537528
546328
548113
553993
557113
548313
547473
548649
544113
517179
514425
511852
499084
501838
528772
531345
544113
553388
579056
582171
582911
604487
613454
614840
619400
654950
653000
650158
658138
650158
649342
646270
637774
646504
632462
635534
649576
658072
649342
649918
650734
650158
648208
669784
668614
665734
644062
642737
641456
605906
604646
603666
595686
560136
581712
583037
583777
579217
577831
582109
617659
614544
615930
620490
611523
614638
613898
592322
583047
557379
558660
549385
543505
530815
531557
532882
528184
514420
513678
505838
507014
520778
525476
538166
546006
546846
545670
554945
556331
553758
544483
543097
542347
544920
545670
564318
566100
567156
571764
584196
586646
589400
590246
617180
625160
628280
632228
630050
626930
618950
615002
616198
618376
617180
618780
617180
617996
618572
619016
637664
642272
645128
645173
653973
651131
653627
652577
650081
640806
640362
627930
628374
629424
632266
641541
653973
650858
650118
614568
592992
594317
598877
594599
593274
618942
617661
620776
620961
628071
629352
650928
652314
647754
646368
647184
646608
645792
641184
644040
648648
648603
648159
648204
639404
636548
645348
663996
664440
665016
646368
638528
640478
649753
685303
686043
678933
678748
675633
679229
682344
686622
682062
660486
659161
633493
642460
641179
639793
644353
645739
648595
653203
653248
653824
650968
669616
669571
669127
660327
659751
660195
655587
664387
663571
644923
645739
641041
627277
626461
627037
625861
625119
622263
623079
618471
609671
591023
590978
609626
609671
615551
602861
602285
594445
593605
594049
603324
607932
606607
607349
606905
611603
624293
633093
635949
643789
657553
658729
623179
620064
616468
607193
602915
593948
592562
597122
592562
618230
621345
620605
621345
622731
626327
627652
628933
664483
666083
666128
684776
684200
684155
688763
691619
692195
700995
701811
698955
694347
685547
666899
666455
666899
666083
663203
665114
629564
638822
641462
644342
645538
644342
631652
629012
627101
662651
658091
662651
664037
673004
708554
709294
712409
711023
685355
682240
680959
645409
644669
653944
675520
671924
670599
696267
714915
715971
718421
715667
713217
711435
692787
694569
667635
680067
675459
674403
673557
676311
677157
681646
686254
673822
670966
671782
671827
671011
671455
666847
685495
676695
685495
666847
666403
665827
665782
666358
669214
673822
672222
684722
693218
695583
682893
691860
695292
696892
688396
691371
704061
703517
700542
691575
688143
675643
676187
673822
670707
645039
666615
692283
683316
681930
677370
678695
643145
633870
636985
641545
642826
644212
679762
680502
658926
658186
658762
661618
666226
684874
685318
685273
694073
691217
692033
691217
686609
686654
686210
667562
658762
658186
685120
672352
645418
642845
645599
642845
655613
658186
650346
659621
665501
656226
642462
641286
653976
649278
657118
651238
652414
666178
665436
670134
657444
658186
659382
658806
654198
654606
653790
644990
644546
649154
649109
646253
647069
647114
647558
666206
675006
656358
656934
655609
620059
615499
614113
610998
610258
608977
587401
561733
561733
567445
570877
569821
570997
573337
574393
573217
567505
565165
564589
573085
576157
590199
591015
583035
568993
565921
557191
548695
549271
558001
565981
565165
561217
553237
551059
547939
551887
550287
558267
560445
563565
565165
563969
565165
563254
562438
562393
557785
557341
538693
529893
529485
530301
530745
531321
549969
558769
558814
561670
561094
565702
556902
554046
540282
537062
533942
533006
532394
538538
532394
531578
531533
531089
522289
517681
514825
514249
495601
494545
490056
487302
486456
484006
471574
466966
471574
472630
473476
476230
503164
515596
517378
519828
518046
499398
518046
530814
534246
541890
549870
551066
551610
554270
541580
540838
539662
533782
524507
519809
506045
498205
500701
497859
496809
497253
487978
487534
488859
489909
487413
490255
502687
490255
490995
489609
498884
498134
499520
490245
490995
493568
494624
521558
524438
525560
522987
530631
534063
526419
522987
510219
522987
525647
526843
527387
535367
534823
526843
525647
522987
520347
519291
518095
515215
479665
466975
465064
466260
469140
496074
493194
466260
467382
468438
470349
483039
485679
521229
521949
520827
523277
541925
540143
542897
569831
574439
575495
577277
589709
590555
588105
587049
582441
563793
551361
524427
521673
520827
493893
481125
478371
475798
477398
486365
499055
486555
487099
478603
491103
499599
497234
484544
484000
481025
472058
468626
467026
470001
472366
475798
474198
471078
467130
459150
456972
454092
453036
455916
482850
483906
482710
486658
459724
460846
462446
465566
467744
475724
476920
475798
463030
459598
451954
464722
472366
475798
467818
469014
469558
477538
480198
479002
478458
475798
483778
484594
487666
496162
504892
518934
519510
511014
496972
493900
485170
477190
476374
475798
472918
473974
472852
475732
502666
501610
502732
475798
487268
489179
492294
494867
495989
497589
498440
490796
487364
474596
471936
473132
473676
476336
484316
483772
475792
474596
476378
477434
504368
507122
507968
506186
510794
509738
512188
524620
522170
503522
498914
471980
469226
468380
455948
459056
466700
468086
469256
470581
474046
475666
476788
479668
506602
505480
502600
475666
474610
475666
478781
476208
474297
473446
472324
470724
473297
475208
476059
477181
478781
467311
464196
475666
473170
460738
460294
461344
470619
469294
469738
472234
484666
483616
486458
483616
475972
473266
471306
469686
478961
480581
481751
480365
483830
482660
484046
491690
488225
486900
479256
482371
484944
486544
487666
488517
490428
488828
487706
486855
484944
482371
470901
467786
479256
486900
478920
469645
468475
469645
473110
474730
484005
485391
483771
483227
482031
484691
492671
493215
494411
493025
485381
482721
479256
466566
465370
464650
429100
426460
424549
421669
424549
423493
396559
395437
422371
423427
424549
425671
427271
428657
429407
426834
426084
424698
427271
428596
419321
420172
408702
407580
419050
422165
420565
419714
417803
415230
412115
414688
416599
424579
423193
419728
427372
428758
419483
422948
421328
413684
412514
411128
412748
422023
423193
425371
433351
432155
429035
421055
425003
426199
424021
425621
428741
427141
423193
400513
409313
406863
398063
395309
394133
397253
395303
393518
399398
396278
398063
400817
401993
404443
427123
429073
423193
425766
437236
440351
439229
436656
435805
433894
430779
431630
433541
431941
433541
434663
423193
424813
432653
432698
435813
448313
459783
462903
476667
485397
493041
489576
487956
489126
490746
494211
503486
502316
493041
485397
484011
485397
486519
489399
516333
513453
486519
485463
484341
485397
482289
455355
442923
469857
465249
462799
463645
462799
475231
477985
479041
481491
483273
481491
484599
481845
480789
485397
484201
485397
493377
492833
484853
482193
484853
485397
486248
487848
484733
473263
470690
469839
467928
469839
472412
483882
482282
481160
482282
485397
483032
482488
469798
468198
464766
452266
443299
434803
431828
422553
424173
423003
421383
417918
425562
434837
436007
428363
431828
430442
431828
431252
422756
408714
405642
404826
396846
388116
385001
383879
381968
370498
367925
367074
368196
369796
371707
374280
385750
388865
387265
388116
384651
375376
374206
372586
380230
372586
381861
383031
384651
383265
384651
388116
386994
388050
386994
384114
411048
384114
385236
388116
389736
391122
394587
395757
405032
401567
409211
408041
398766
397380
389736
388116
386516
385394
382279
381428
379517
376944
365474
357494
354834
354290
356950
357494
365474
364278
365474
367256
369206
371846
391382
391926
399906
392262
390876
381601
380431
378811
375346
374290
347356
344476
343354
344170
344215
344659
345235
354035
358643
361499
380147
382597
383443
388051
400483
427417
430171
427063
425281
412849
411793
409343
406589
405743
407525
426173
399239
394631
395687
392572
392617
401347
412817
415932
417552
420672
420627
417507
409667
397167
385697
393537
407301
398571
384807
383187
395687
398327
406307
408485
408530
389882
385274
382418
383234
392034
392610
393054
411702
411126
402326
405182
404738
404693
403643
394368
391526
389030
388214
375782
375338
379946
381142
378482
370502
373162
371966
379946
380490
379946
373802
373757
372941
364141
359533
356677
357121
357166
357742
366542
385190
389798
390614
386666
385066
383870
386726
388904
380924
377804
381752
382948
380770
383890
385490
384914
384470
365822
373802
372866
370010
365402
356602
337954
337510
336934
336889
345689
346505
346550
349406
354014
372662
373106
373682
372866
381666
386274
387090
389946
408594
407778
407733
403125
402681
384033
384477
383901
381045
381090
381666
372866
370688
368048
370226
378206
380846
372866
370916
368256
367060
367604
375584
367604
367060
368256
370916
380191
378866
380252
381002
378429
377679
376293
378866
374258
371402
352754
352310
353126
357734
357779
358355
357779
360635
361079
379727
370927
370111
370066
371826
374166
375222
369510
368334
374046
372990
376422
377598
375258
371826
375970
380578
383686
385468
387918
388974
387192
368544
367698
364944
360336
387270
390024
363090
360640
359584
347152
347998
376942
379696
381607
389587
391547
392447
418115
417671
418115
418070
417494
398846
403454
406310
403454
402638
398030
396270
397086
397662
416310
418070
418115
445049
452889
464359
452889
439125
426625
423510
426625
423505
421885
421840
434340
435960
449724
440994
433154
433199
436319
445049
445865
464513
467369
476169
476745
476790
473934
474378
455730
453970
453925
458533
458089
457513
456697
452089
450489
449293
441313
438653
438109
438925
439501
436645
432037
413389
412945
412990
412945
412129
403329
403773
406629
425277
434077
433501
438109
440287
437647
440287
438109
446089
438109
435253
430645
429829
429385
428809
410161
401361
401316
379740
369654
366644
366200
362400
365520
361572
360376
361572
359394
356274
358452
360052
358452
362400
354420
362400
363251
358643
355889
352781
350999
348549
344405
317471
316625
319379
318323
345257
349865
350921
353371
355153
373801
386233
387079
389257
386617
378637
386617
384439
387079
386339
421889
410419
396655
393535
391915
379415
379370
376255
368415
359685
365445
367125
370240
373312
374212
386902
400944
403698
406673
425062
429670
438637
435997
438175
437329
435151
443131
445771
443017
430585
403651
385003
383221
375241
374185
371735
367127
388799
390185
389435
386862
385476
386226
388799
390124
380849
383603
409271
411231
403251
401340
375672
346728
345828
343074
343974
342014
370958
372869
380849
382045
385993
382045
380445
378267
375147
367167
368767
371887
374065
382045
380849
372869
370229
368051
375891
374695
379255
382327
384007
389767
402457
399342
393582
391902
392802
391902
379212
376140
379255
385135
388255
397055
395105
396890
399644
393764
371084
368330
370280
371456
394136
385336
382886
385336
384160
381040
379255
357583
379255
407437
409057
412489
421289
423071
425021
406632
411240
408486
394444
403411
400436
418825
409858
412833
426875
429629
425021
426217
448897
447701
439721
437543
434423
432823
428875
431731
432582
438902
441267
453957
454773
457113
459867
458187
457287
454172
459932
454172
457287
458187
455115
456795
444105
447177
459867
462207
484887
486798
494638
497211
495886
493313
494063
492677
491927
493313
502588
476920
474166
472255
464275
467371
468271
470182
469282
467322
470076
495744
524688
526648
534628
512956
484012
482230
481686
484326
464790
456810
457354
476890
474250
482230
481174
477742
480082
481138
482314
481138
475426
481138
484570
482230
480280
461891
475933
466966
462358
459383
463991
449949
447195
465584
468559
477526
480280
483352
489112
485997
473307
485997
482925
482025
476265
477945
478845
477165
480280
467590
466774
464020
461680
455360
457700
454844
467534
469899
467534
466683
473003
475859
478613
479464
480280
477184
469204
442270
443392
452667
471315
500259
492279
490368
516036
517996
517096
519850
517096
488152
462484
460524
462435
470415
471315
469929
467356
458081
457331
458147
486329
487175
487925
497200
496078
477430
468155
486803
487925
500615
503687
500615
494855
493175
490060
493175
494855
495755
494855
500615
487925
465245
463334
465674
463334
471174
493854
495765
487925
488501
510077
512737
513181
513226
514042
516382
515531
518387
516047
515231
508911
506546
512866
500176
512866
515231
517985
515231
512375
513226
514042
514087
514663
515107
533755
542555
547163
547571
556538
570580
573334
591723
594698
580656
577902
559513
550546
545938
550546
547571
566219
547571
538296
539418
548693
547571
555551
555596
555152
546352
555152
554336
554780
555356
554780
573428
578036
577991
578807
578399
573791
555143
557999
562559
570539
571343
572063
575283
577243
578143
579265
569990
573098
575758
574636
555988
557313
556737
575385
570777
573633
578241
569441
568997
550349
559149
559104
559920
559965
560541
560985
558129
557313
569093
597275
598121
598937
599687
598841
598025
569843
569093
569537
574145
582945
585801
588909
589725
589770
588954
589530
584922
576122
557474
557030
556454
556409
553553
552228
570876
567768
566646
567768
577043
598619
599063
599108
598532
599108
601768
580192
577532
577487
577043
576143
578103
586083
590643
589839
581859
581139
581859
578639
574079
572119
573019
573823
577043
574187
573371
572795
572351
569243
560443
555835
555790
564590
583238
583682
584258
584303
585119
587975
592583
612001
615011
625097
626293
629149
654817
656767
659107
668382
649734
650856
641581
660229
659107
680779
662131
661687
662131
661315
658459
649659
649614
645006
649614
650430
650475
651051
669699
678499
681355
680779
688759
693319
692419
691615
690895
682915
679695
675135
677095
677995
678129
678849
682069
680109
679258
678136
659488
650213
651335
669983
679258
680074
688874
689450
689894
708542
708587
705731
710339
701539
701095
700519
700474
699658
681010
683866
679258
666568
664888
659128
662243
674933
678005
683765
684665
686345
683230
680158
679258
679213
679657
682317
682362
681786
660210
657550
657106
678682
679258
669983
651335
650213
647357
638557
632677
630892
627772
626596
626551
626107
626923
624169
619561
610761
592113
591537
589087
588271
586321
563641
566497
571105
589753
590197
598997
600782
606662
609782
610958
613408
636088
638038
638614
638659
647459
650213
652578
654918
657774
658625
661379
674069
680389
677635
674779
672439
671588
670772
668407
662087
649397
650213
653433
654153
625971
633951
633105
625125
629685
628869
630829
630963
626403
627303
624083
623363
623229
622329
620369
619619
620435
619619
619574
622430
603782
603206
600350
600395
600971
596363
595919
599027
607827
612435
603635
603746
606500
607112
608012
608828
613388
605548
605503
602647
598039
589239
586131
586020
585444
584628
576648
578608
574048
578608
575388
573428
574148
573248
574148
574952
574232
577452
548508
556488
555588
553628
553494
527826
519846
517935
515181
496792
499546
496792
482750
485725
481117
472150
490539
487564
492172
501139
515181
479631
480207
501783
504443
482867
482912
482336
482291
481847
479187
479631
481591
479631
478731
477927
477207
469227
470031
470751
466191
474171
470951
474171
475071
479631
482385
482625
487323
490755
493870
495655
500263
501523
502339
528007
531127
531867
534842
540602
546362
533672
527912
524840
523940
522260
525332
538022
541137
542817
543717
540602
517922
510082
508171
505831
513811
518371
519175
520075
519271
514711
516671
513451
512731
515951
516671
515771
507791
505831
502856
502811
506407
509067
509643
509688
509112
487536
484876
484987
484543
482178
479838
479022
481878
482729
485483
487848
488664
494984
494133
487813
500503
487813
484957
487297
484543
479983
480883
483637
484249
479689
476935
476119
475219
476035
475423
479983
478023
470043
478023
477219
476319
477039
477939
481159
481963
483923
488483
487763
483203
479983
481105
483678
503214
499994
499094
498290
497570
495610
487630
489590
490490
491210
494430
502410
497850
502410
490630
502410
503214
505554
508986
507810
505470
506526
512238
511182
507750
508926
503214
503169
503058
500398
496802
496226
476690
496226
504206
506846
498866
496226
495682
496226
482184
496226
498980
501955
520344
524952
522198
503809
499201
490234
499201
496226
473546
472646
468086
460106
456886
456166
454206
453402
456517
469207
474967
469207
466135
464455
461340
462240
465312
464412
451722
453402
459162
477810
479535
480921
481641
482621
485375
497875
500629
508469
516965
518087
537505
536689
533935
529375
528475
533035
533647
534547
537301
536689
537505
537265
532567
532807
536239
532807
537505
524815
522475
521624
518870
512550
510185
507329
506513
509523
509967
510707
511829
513429
519309
524007
527439
535083
547851
548667
547927
543319
547927
573595
576715
578500
579760
578500
579240
576120
574335
548667
547851
544736
547851
541971
543093
544693
545433
545877
548887
554767
556333
554733
550035
549295
548851
545841
544719
543523
544243
545223
550983
569631
571356
572742
554094
553374
552394
551008
549283
546529
540769
543523
541923
540801
540357
538791
539913
539173
540773
545471
539591
536581
537321
540331
540775
546655
544975
539215
538315
525625
522510
519438
527082
530514
543282
535638
532206
519438
520050
522804
518244
517632
518532
519348
523908
521154
520254
519438
516684
504184
505306
524724
537224
545064
543942
535446
516028
524524
516684
519438
525318
530016
531616
532738
529728
528606
529346
524648
525092
528102
526502
526058
525318
519438
516684
498295
493687
484720
470678
467703
472587
475597
476041
475301
474857
471847
465967
461269
467149
465549
466289
467889
469011
467889
472587
464943
468375
476019
472587
485355
472587
473709
474831
479529
480269
480713
483723
485323
484201
482601
477903
477163
476719
470839
467829
473709
478317
487117
505765
510463
511039
514471
515287
515332
515776
518632
515200
514960
510262
510502
508902
510024
513034
518914
517792
513094
512354
517052
514042
508162
509762
510206
510946
510502
491854
494194
493378
494500
495076
494500
494056
485256
482400
483216
483261
483705
502353
511153
515761
518617
514009
539677
537337
538533
540483
543339
543294
540284
541340
568274
548856
547660
550540
524872
514786
511930
522016
525026
544444
542494
561142
562528
565282
566002
567727
573487
574467
568707
566982
566262
563508
562528
543880
542494
537886
535030
537886
537070
537025
536449
536005
547785
529137
517357
521965
540613
541057
541633
541678
542494
533694
542494
539484
539040
533160
532038
530438
525740
525000
517356
513924
501156
496596
497412
496512
499266
503826
503214
502398
503010
500256
501156
482508
487116
495916
514564
515008
515584
515629
511021
508165
511021
502221
501777
501201
501156
500340
501156
520574
525063
527943
529119
527997
530751
538731
539853
536973
563907
562851
535917
536973
539853
540975
528475
520635
540053
547893
560393
559271
539853
537099
545595
548349
539853
562533
553733
556487
557663
560113
562063
563848
566968
563848
561898
560113
554233
560113
558937
556487
533807
542607
539853
531053
530237
530192
529616
529172
537972
533364
552012
552828
552873
553449
553893
556749
561357
542709
539853
540833
554875
552215
550265
559065
577713
568913
569489
574097
576953
577397
575777
557129
554273
549665
540865
540421
539845
539800
538984
510802
509020
509065
505633
506449
492407
491427
492407
506449
509329
510385
509329
482395
479515
478393
505327
506449
508399
510577
511319
525083
527963
535943
537139
544979
556759
557335
561943
561499
560923
560878
560062
562918
563362
560506
560551
561367
556759
547959
529311
547959
556759
531091
530275
532060
535175
535915
561583
558468
553860
554676
559284
560544
559284
562404
576446
575706
576686
574901
560859
559879
556759
556315
557131
554275
553459
553414
552434
551858
570506
561706
570506
573362
573407
554759
550151
550727
536685
537665
551707
551818
556426
558766
560677
568517
591197
585437
584457
581703
580983
579258
577872
559224
560346
559290
562170
589104
590160
589038
586158
559224
558244
544202
545182
559224
540576
543432
534632
530024
529913
529337
528521
529097
529541
548189
556989
557034
556989
557805
554949
559557
558945
561699
562515
563127
558567
563127
562311
563211
562311
559557
558577
559557
573599
559557
540909
540864
540048
539604
542484
561902
563078
543660
542484
539604
539028
536172
532740
523940
524180
527612
522914
522674
518066
522764
521784
522764
508722
510728
507848
508970
482036
480980
507914
510794
509672
510728
523228
524350
532846
552264
560104
558982
539564
531724
534478
521978
513482
510728
511272
519252
522006
514026
511272
512014
504174
501294
513074
511124
512320
520300
528140
531020
544784
544042
545992
546972
544966
531202
545244
533464
535642
527662
526466
524288
523308
524288
523308
509266
523308
524430
551364
554244
553122
550242
523308
522252
523308
522328
508286
522328
523308
501636
502482
504393
505244
506366
507966
519436
522551
525124
511082
510102
502122
505554
504703
505879
511591
512647
511525
508093
505520
507860
506804
507655
504540
502200
496488
494577
497692
496516
499089
501000
502122
503722
515192
503722
502122
529056
530178
533058
532446
531324
532380
529500
526746
525846
521286
494352
493296
492480
486720
506138
507314
506138
503258
506138
486720
478740
476790
474612
466772
468950
457170
465150
463954
465904
452140
465904
477684
480564
481306
489146
490342
487462
486720
487842
490415
501885
505000
503400
502278
499163
500763
489293
486720
484809
483958
485869
486720
494700
467766
468822
469944
472824
499758
498636
495756
494700
503196
501596
502718
491248
488675
486764
483649
482798
481676
478922
470426
472999
484469
487584
488435
489557
492311
504811
506411
514251
533669
521169
513329
493911
495822
494700
506480
494700
497454
494700
502680
494700
475164
474620
471980
464000
460568
460808
456110
460808
460568
464000
460885
459625
458809
454201
452416
454016
450896
425228
413758
410643
409903
407992
407141
406019
404419
407534
419004
421577
423488
420915
421766
422888
421766
394832
393776
390896
388985
377515
374942
376542
375420
378535
377684
378806
377206
378057
374942
386412
388323
390896
393738
397131
397935
386155
383275
382533
374693
373497
365517
368397
376237
384217
384959
386909
398689
396511
382747
384925
382975
384171
397935
390095
388184
390524
388184
396024
418704
420615
397935
401050
401901
403812
406385
417855
415282
403812
402690
399575
398724
396813
397935
396335
397935
400815
381397
380221
377341
378517
397935
395181
401790
400668
399068
396495
385025
384174
382263
379148
387644
379804
371308
390726
403226
405980
407102
404348
391848
390726
371308
379148
379964
382820
391620
410268
410313
410889
411333
415941
418695
415941
407961
415941
415125
396477
391869
400669
419317
419761
422617
422662
423478
420622
425230
416430
415986
415410
415365
415941
414745
420625
419883
433647
435597
427757
424877
426073
437853
429873
427695
413931
416109
424089
422139
429979
430721
418941
421821
424677
424722
406074
405630
396830
396785
397601
397025
396209
396653
415301
424101
419493
416637
421245
421821
421776
418920
418344
427144
427720
423112
414312
415128
396480
395664
398520
403128
421776
422220
422265
421821
422061
426759
429639
433071
452489
447791
447551
444119
445295
442415
422997
421821
422801
435491
440189
442554
451354
452404
453526
472174
471730
474586
479194
481534
490334
490778
471360
471405
472221
469365
460565
459989
449903
450479
447469
466887
448239
446289
420621
417765
415425
425511
428521
427325
428521
430471
456139
451531
454387
454342
453526
455866
459259
462101
461297
457904
455062
455866
459086
459530
462372
489306
502074
513544
494896
494452
513100
512284
503484
503439
498831
498255
499071
499116
499692
500136
508936
513544
516400
513544
494896
486096
486912
484056
479448
478632
478188
478233
478188
496836
497280
497856
506656
509512
508936
513544
515909
517031
515909
516889
504199
503149
507847
506867
504502
499804
512494
513544
522344
513544
501044
499922
497168
498290
500414
503188
494692
497446
509946
517786
509946
490528
504292
505488
507666
510546
511288
519268
531048
519268
521218
518338
510358
518198
516248
502484
500306
499564
491724
490528
492978
496098
494313
493137
490687
468007
466057
460177
457423
459208
461962
463138
471938
494618
496568
493448
484648
490528
490972
488116
486994
486418
486373
485557
486373
486949
505597
505642
514442
519050
521906
517298
508498
489850
489406
491979
492024
492840
489984
485376
485331
466683
466239
466350
465534
464958
456158
459266
468066
468642
473250
473658
470904
478884
490664
490664
482684
485438
485483
485927
488587
489163
510739
499269
510739
523507
550441
553283
526349
523129
523573
523129
510361
507519
510739
516499
511891
511075
511030
510454
510343
501543
498435
498027
489227
488247
487125
488105
489281
498081
510771
530189
531239
528874
531754
534119
538817
534119
514701
511821
510645
497955
496905
498027
475347
473007
465167
463256
465206
478970
478228
490008
491204
493382
485542
488422
496262
494084
491204
483224
491204
490008
478228
464464
462514
463256
464306
473106
474086
475208
472843
475208
470510
475208
474228
465428
464378
451688
464378
463256
467954
467714
464282
464522
459824
463256
441680
441725
441281
440705
441149
438489
460065
460020
460596
463256
458372
469842
472684
499618
499729
512497
499729
488259
487815
491035
464101
461259
458039
470539
462699
459925
457801
456679
459433
446933
454773
474191
482687
483809
481055
480511
481315
477922
477118
474276
479160
482002
486700
489065
490187
489065
497865
493167
484367
485417
498107
495742
494762
493712
481022
482002
483178
502596
483178
486058
484882
482002
479248
471268
470692
470647
470203
470248
467588
468032
470692
492268
470692
471268
474110
474554
501488
514256
502786
514256
501488
474554
471712
468492
468381
471601
463761
451981
449101
462865
464815
451051
449855
447677
450557
462337
463079
470919
472115
474293
482273
480323
472343
471601
480401
481451
480329
471529
469164
468184
480874
485572
487937
489059
490039
488989
484291
471601
472657
469225
474937
476113
479545
481885
476173
474997
472657
471601
480568
481744
481855
481411
481987
485583
488243
488288
487712
485052
463476
463431
465796
466918
475718
476698
477748
490438
485740
483375
482395
469705
460905
459855
458733
463431
462309
454469
451715
432297
419797
411301
408081
411301
399831
400275
403117
430051
442819
442375
415441
402673
414143
411301
408421
409597
390179
393059
412477
407779
404347
403171
402931
398442
417978
426708
423828
431808
433004
434954
437834
449614
463378
464120
452340
454518
446538
445342
437502
436760
434810
421046
428886
426708
425658
416858
415878
414756
412391
425081
427446
436246
437368
442066
429376
430356
431406
426708
428308
431164
434044
433999
433888
431228
427632
428208
428652
431312
434908
434953
434377
446157
434377
443652
444774
463422
451952
463422
476190
500004
500448
503668
500826
488058
490900
490456
487236
460302
469577
450929
449807
450929
469577
460302
462213
453413
476093
475113
473991
478689
486529
488869
487819
485454
486576
487556
496356
497406
510096
505398
492708
495073
496195
477547
476425
495073
504348
495073
494629
494584
491924
488328
487752
487010
484130
476290
462526
454546
452368
451172
439392
437442
438618
435738
434562
453980
456860
437442
451206
453960
465430
474705
475641
477237
486512
485390
476115
477237
495885
477237
474017
476859
475809
474829
462061
460939
460495
461617
462597
453797
462597
463647
476337
449403
449847
476781
489549
484851
489549
476859
488329
490694
487852
485487
488707
477237
471357
480632
481754
500402
491127
472479
471357
472957
484427
486338
489453
490575
493148
493999
486019
487189
496464
515112
516234
506959
488311
487189
498659
496748
499321
497721
499321
496206
495355
496206
495084
483614
484736
487851
479051
474353
461663
460613
458040
457060
455938
453573
455484
445398
442388
422970
421774
418918
393250
390910
388960
398235
416883
407608
408730
407608
388960
385740
385296
382454
355520
344050
331282
328167
326567
329140
328289
329411
331011
331862
320392
318481
317359
319270
316697
319812
331282
330436
311788
310666
301391
300215
297335
277917
276006
273433
261963
263085
261963
258848
260448
259597
260448
262359
273829
276944
275344
277917
279093
284973
283023
291823
294943
296728
299178
301932
300756
298306
300256
277576
271696
269911
269911
261111
258357
281037
284837
283715
286830
298300
300873
302784
303635
302035
298920
298069
295496
284026
285626
286748
284837
287497
287737
290593
291343
294775
306245
320009
321794
316034
314912
316298
317420
320535
332005
331154
328581
326981
328892
329743
327832
316362
313789
315389
312274
314847
317727
316127
313271
310391
311991
314847
312936
314847
313996
312874
309759
298289
299140
301713
304828
306428
307550
305950
317420
314847
315698
297309
285529
282956
271486
270364
268764
265649
263738
262887
262932
265272
287952
289863
282023
279683
257003
255092
262932
273018
272973
285473
286649
288249
297216
300096
311566
320062
320866
323316
323760
324336
332316
333492
342292
345400
347896
346774
344201
324665
319781
317441
320556
322506
323682
333768
332712
338424
339600
333888
337320
334980
337320
338376
334944
333768
332172
329418
343182
345936
346872
354852
366322
354852
353916
344641
330877
340152
352920
356352
363996
399546
412236
413432
415343
418223
420863
439511
440087
444695
453495
453939
456795
457611
457656
454814
451382
454814
467582
459938
447170
454814
450206
447350
428702
429518
429563
430139
430583
449231
458031
462639
462594
462018
461574
460758
463614
454814
446084
444484
447364
447772
449372
446516
443636
452436
451860
451044
453900
453456
454272
451416
446808
465456
465900
470508
470463
470508
471084
452436
443636
442832
444452
447308
448124
456924
460032
460476
465084
464508
464463
463647
460791
461367
442719
433919
429311
429356
428912
432344
419576
432344
439988
436556
428912
427736
433880
430772
433628
469178
471751
474201
483001
484387
488995
486139
481531
472731
473175
494751
513399
518007
518823
518778
518334
517758
521558
520742
528582
529158
529203
506523
498683
496772
494432
502412
499916
502366
505474
502366
501190
493210
490760
481960
482764
483940
484384
493184
495680
496256
495452
495008
494432
499040
494432
493856
493412
474764
465964
463108
465964
466540
466984
467800
466984
485632
485587
494387
494432
495182
495986
524930
527426
537512
537800
537356
534500
533684
552332
552377
543577
524929
520321
520765
521581
530381
533237
537845
538421
538376
537800
545640
550248
571824
574397
578197
556621
555235
556621
552821
548213
540373
534229
531656
496106
493656
529206
535350
537800
530156
526724
513956
515012
540680
543800
553886
544919
544874
545690
527042
526598
526022
517222
512614
509758
509803
510379
529027
537827
542435
542843
542027
542471
543407
546047
510497
512408
514523
550073
537383
538579
536668
533788
532592
535472
532832
531656
534771
524685
522735
523911
533997
530882
532832
532877
528269
531125
530717
529901
529325
533933
533888
525088
524644
533444
534260
534836
535280
553928
535280
537645
538905
541478
519902
516102
508262
506876
502268
499818
535368
541512
538939
543547
507997
511797
533373
541213
542599
545049
538905
534297
534252
531396
530580
530136
511488
510912
502112
501824
504320
501824
511910
512198
513002
502916
473972
473168
502112
503498
500925
494781
492331
496939
499389
503189
511029
532605
497055
495669
498242
533792
539936
518360
510520
505912
502112
504992
506168
504568
503392
494425
482955
491922
493522
490642
503142
514612
502112
504866
527546
536346
538796
536846
538022
515342
517292
516116
513362
507482
513362
511577
508457
499657
502777
504562
502112
503712
506592
516678
545622
545910
548406
538320
509376
509088
506592
505788
506910
507966
534900
535704
529560
526987
525601
517761
513961
492385
527935
529321
526871
491321
497465
500038
495430
499230
507070
507560
529136
533744
531248
532052
540032
542482
551282
548174
547598
566246
566822
565646
564842
556862
554412
545612
546788
546899
549395
548951
529415
529959
532815
535695
535287
533687
535287
534231
535287
562221
565101
566223
563343
562221
535287
532407
518643
510663
509727
500452
488982
486228
450678
452064
473640
467496
471296
479136
478646
476073
471465
470079
462239
440663
443236
478786
474986
481130
483580
488188
487018
489678
488827
488539
517483
517771
520267
521071
510985
511225
511975
514635
517491
516687
514191
485247
484497
484257
481597
478741
488827
491837
504527
505723
503083
500968
499057
463507
499057
496177
498817
500728
499532
502412
499532
498476
525410
528290
501356
502412
501290
502412
502457
502901
505561
527137
527713
506137
499993
464443
459835
481411
473571
476144
472344
507894
508384
512992
514378
512992
520832
524632
522059
525131
522681
523532
512062
513847
527611
513847
512062
523532
526286
523406
524462
551396
554276
555398
554342
553220
526286
490736
494536
489928
511504
519344
520730
525338
527788
524716
527289
562839
559039
551199
549813
528237
534381
533891
531318
532494
542580
545695
542580
541404
531318
529368
531318
530514
533010
533814
523728
521232
520944
549888
559974
531030
531318
549707
554405
562901
566121
569514
572010
572298
571722
571278
549702
549747
552407
573983
574559
574514
571854
572298
568498
541564
542686
539806
538750
537628
540508
567442
564010
565066
529516
525716
523143
518535
516085
514699
506859
485283
479139
481317
489297
491937
491826
491250
491826
494276
496772
487972
496772
497216
496040
496844
494348
475700
474896
493544
491094
483114
484290
485886
486942
490374
484662
483606
481266
483606
489318
485886
487062
485886
475800
446856
446568
445764
443268
442146
415212
414156
417036
443970
441090
442212
443268
443223
442779
443223
445883
445307
423731
421071
442647
443223
443268
445764
437268
440488
422099
425492
425780
434276
452665
447967
447679
445183
449881
446488
443268
444654
409104
407193
394503
391863
388983
387787
397062
401622
402362
411329
432905
468455
469841
474119
477234
469254
466614
468792
476772
479412
477234
478050
479775
480063
482905
488617
487561
479065
477943
451009
453889
480823
481879
478999
480121
481906
484271
487281
488403
488847
489587
495467
500165
501765
500379
498993
498253
533803
542770
538492
529217
526102
490552
491292
482325
485440
507016
508402
517677
543345
521769
526329
521769
519109
518665
497089
497134
496558
499218
499662
499617
503213
503789
512519
515634
523474
534944
547444
549064
562828
565948
565993
568195
569035
570635
571757
574767
574878
575063
573463
568765
568025
567581
564571
558691
557569
593119
602086
603472
608032
572482
569626
596560
597682
600562
601618
597058
595458
594072
591192
582225
603801
600686
626354
600686
602011
601271
602011
605126
578192
575312
574190
564915
543339
542283
542859
543675
543720
562368
562812
563220
572020
576628
568132
586521
595017
599715
600003
603396
606616
609112
605892
602499
600003
599715
595017
576628
576517
575677
578317
586297
588475
585835
577855
575677
580375
580190
580930
577920
576798
575198
570500
571622
573222
576232
576676
582556
587116
561448
560123
538547
535432
534692
543659
545045
543659
579209
579949
583064
604640
608918
604358
605683
596716
561166
559546
549460
550036
552892
571540
580340
578555
576190
577975
580340
580784
580829
585437
584621
584576
584000
583556
583148
578540
569740
551092
551908
524974
523852
522796
519916
516906
518028
519628
524326
524770
527780
533660
532060
527362
526622
526178
520298
521038
519916
545584
554859
576435
579550
578225
613775
618335
614057
609497
610237
608851
573301
572561
569446
547870
549151
550537
541570
560218
559402
558826
558781
561637
566245
575045
575489
576305
573449
568841
560041
541393
540949
541525
541570
542014
542818
550798
551974
560774
579422
560774
563224
563800
563224
560774
559178
558374
557198
556754
556754
559250
550450
547790
547745
557831
559007
559583
559628
559184
558608
556658
557102
553506
575082
577742
567656
566480
568430
571545
568430
562550
561428
568620
581052
585541
597011
602891
604715
605837
608847
609587
610031
614729
611719
607021
606281
605837
604237
605837
606677
609533
609089
590441
585833
577033
581641
581065
581881
579025
579070
579646
580090
598738
607538
606722
606677
611237
612623
621898
630865
656533
651973
687523
690638
691378
682103
656435
634859
631744
631004
595454
594173
592787
596383
594205
596845
598175
595535
587555
589733
589157
580357
579913
561265
556657
553801
553846
554662
555106
573754
582554
587162
590018
589973
590549
589733
578263
575383
562883
561707
562883
564483
576983
585950
588830
587230
578263
589733
588677
585557
559889
549803
575471
578591
588677
589733
594293
591283
591727
592849
592405
591665
590065
585367
591247
594257
594997
599695
601295
595415
594293
595033
569365
572480
573866
571501
569716
560441
562226
571193
567597
558630
557890
522340
525936
535211
560879
559493
554933
559493
595043
591928
594293
591797
594293
591073
587680
587392
605781
614277
614565
609867
614565
596176
599396
602789
594293
593717
605187
605763
608878
621378
620562
620517
620073
623193
623637
619029
616173
634821
635637
635682
626882
608234
608189
616029
629793
626678
635408
640016
640061
641681
638561
624797
633597
636453
623953
612483
603753
595913
594293
593543
598241
596641
595901
595457
592447
586567
581869
580747
582347
585357
585801
586923
589688
590428
581153
577557
577557
551889
551149
515599
514213
505246
500686
500398
498673
492961
492145
493870
494158
497000
497816
494974
500686
482038
477430
480286
480730
485338
494138
512786
503986
503941
503365
503410
504226
503782
502966
503542
500686
498026
497450
475874
475829
475385
474645
473523
471923
467225
466781
463771
457891
476539
473683
478291
478246
479062
479107
479683
480127
488927
491783
473135
464335
463891
463315
462499
457891
460531
462709
460069
458739
456561
464541
463605
461820
464185
465970
463605
472405
472450
473026
472981
472165
471589
490237
494845
476197
476641
477457
474601
469993
461193
460749
463605
462345
461529
458673
458628
449828
449252
448808
444200
425552
425264
422044
417346
414850
396461
393068
384572
381452
383902
385078
387832
393712
395497
398617
407417
404967
403791
381111
380271
373079
360647
358862
352982
354932
352982
350228
372908
380100
368630
381398
379574
406508
397708
398548
403788
399299
401593
410323
412617
420457
420502
434266
435886
427156
424041
427156
415686
403186
401566
387802
384682
397182
397137
400257
392417
390632
387992
380012
377647
379432
381797
379619
360971
361415
358965
361461
362037
380685
381861
382665
374685
383485
382309
381505
381061
383511
381015
380439
388419
379619
379075
386915
388826
411506
413846
403760
401810
404925
415011
413835
415011
411896
413846
411481
409696
412061
413846
419558
417833
417545
411833
408991
411833
413558
413846
414662
413846
414968
433616
442891
440526
438906
426406
417676
417631
403867
400747
398453
390613
387498
388248
385588
384838
381982
381742
381982
384838
387498
378223
379345
397993
407268
388620
387498
388314
401004
403344
409664
412418
415274
416125
418490
417650
415356
421236
428428
415660
419804
431274
458208
458208
445776
458544
431610
429825
431610
429245
431610
450258
451380
442105
440983
442308
423660
432935
434057
415409
414084
432732
431610
431034
430590
411942
403142
402338
401162
398712
390732
388236
385226
383441
369677
358207
359263
360439
366151
368491
367435
365095
368527
365095
363919
358207
376855
377977
368702
367580
376855
358207
356422
358787
356422
358207
355453
374101
383376
384498
365850
356575
355453
383635
384481
385297
386047
398737
396077
397199
415847
397199
387924
386802
396077
397802
396077
396893
402605
402893
405735
400023
399735
398919
396077
408577
406212
404427
407283
394593
391737
389372
390223
392977
399297
401662
399322
400138
402478
396158
393404
392553
405243
404427
402827
384179
374904
373782
364815
363215
350715
339245
338069
335189
329309
341741
354509
350365
338895
311961
299193
326127
337597
330405
336285
338083
339019
343579
351223
360498
362448
372534
371358
361272
358157
356207
359322
360498
361248
389430
390276
362094
361278
360432
361248
360498
352658
354569
331889
329978
337818
340158
337818
360498
359647
358591
355471
329803
319717
323517
324639
325490
328063
329974
341444
344559
346159
345343
317161
316411
315565
312811
310471
309655
296965
294600
288280
300970
301786
304126
310446
307590
306739
309493
310344
313200
315565
311765
311477
314592
312992
313843
315754
316876
311164
316876
317692
311812
310996
308154
319624
321224
323797
322675
322963
325805
324954
323043
335811
362745
360172
348702
345587
343862
345587
357057
345587
318653
305885
311765
318957
331389
329591
317159
317899
317944
336592
337036
337612
340468
345076
353876
354692
360836
357721
346251
347102
348224
350797
362267
365382
363782
362931
361020
358447
357325
358925
360836
361280
352480
351664
351088
351904
333256
337864
340720
340675
359323
359899
359944
359500
368300
365444
360836
359450
362915
364085
373360
374746
382390
384010
372540
369425
380895
378322
379444
380295
378384
377533
380106
378984
377384
380499
382410
384010
384826
403474
406330
403474
412274
412718
413294
408686
399886
399442
398866
398821
398005
398050
379402
384010
376366
367091
368261
366641
363176
370820
369434
370820
380095
381715
385180
384010
384826
385234
389842
398642
398753
398798
380150
377294
372686
363886
363070
363025
362449
362005
362581
365689
354219
353368
350795
348884
351457
350335
348735
350335
351457
352308
354219
365689
368804
365689
362935
357055
355270
352150
354600
377280
374830
352150
350200
359000
362120
353320
352144
353929
359809
362563
363739
365689
356414
358034
361499
362669
361499
370774
369388
367768
364303
356659
364303
365689
374489
375305
374489
374378
371270
362470
357862
357454
360310
360355
360931
361375
360799
379447
379402
384010
372540
370629
372229
373080
374991
376113
372998
375571
378686
377086
375964
375113
386583
384010
384298
383122
380007
378057
367971
360327
367971
364506
362886
371686
362411
365267
369875
368489
377764
376594
377170
374314
375484
375928
377548
377593
377548
376972
376528
367728
363120
344472
345288
346674
350139
368787
367971
367120
364366
361251
359340
347870
345297
344446
343324
341724
353194
355767
357678
358529
355673
357273
358395
361510
355190
352850
352034
354890
361210
363575
350885
353225
350860
351711
364401
367155
367971
381735
377127
376551
376107
357459
360315
364923
356123
355307
373955
373910
374354
375170
375215
375791
384591
381735
383355
386820
394464
395634
404909
406295
404675
397031
387756
386370
382905
381735
377175
364407
337473
349905
355785
367255
394189
406957
401077
393885
381453
369983
377175
375575
372460
371338
369427
368576
357106
354533
373181
372605
372650
372206
371390
371345
371789
372365
381165
372365
367757
364901
367757
372365
373181
354533
345258
344088
340623
339003
346647
345261
337617
346892
348062
349682
351068
354533
352193
350282
327602
319762
310962
306354
305778
305334
286686
283830
283785
284361
284406
283590
286446
287262
296062
314710
315154
319762
332530
335962
343606
340764
339948
345660
345948
348790
349606
351331
351043
345331
343606
351250
360525
361911
365376
361911
360291
359121
349846
348460
340816
341986
343606
343561
342985
342541
323893
315093
310485
309669
306813
309473
311093
312263
310877
312263
310643
309473
312938
305294
301829
292554
300198
309473
312905
311519
302244
300624
292980
291810
288345
306993
299349
306993
310425
323193
319761
306993
313137
315993
313653
312837
300147
299296
296931
290611
287857
288708
291462
292278
294618
291762
294127
300447
313137
316257
318168
320128
345796
346696
349450
378394
386374
385624
382768
380108
379868
389143
390079
385519
393163
392227
382952
387512
379868
376436
368792
381560
389204
376436
379868
378812
372932
365740
353308
341838
329070
330126
332466
333642
337074
333642
327930
326754
299820
305532
303192
307140
294450
297204
289560
276792
273360
272544
278256
278544
280269
278544
272832
272544
273360
276202
273360
282090
310272
313704
315486
324286
326236
327856
328300
349876
350452
350497
353157
352341
349485
348634
345880
339560
337195
324505
322165
326863
329523
329967
332823
337431
356079
356655
356700
357516
366316
369536
375680
376802
386888
395688
398698
399634
399058
396202
395758
377110
368310
363702
362886
363702
363747
364323
364767
383415
383370
387978
390834
399634
400210
400654
400609
379033
378589
381249
378589
400165
399589
399634
408434
408878
408062
408017
407441
406997
388349
406997
398197
395341
396157
396202
396778
399634
404242
399634
398734
396823
371155
342211
340251
337497
329517
331428
357096
386040
388000
388900
391654
399634
404242
422890
423334
423289
422713
422269
403621
412421
407813
408389
407573
404717
407573
407618
408434
399634
402749
402794
401978
401933
401357
400913
382265
373465
374281
371425
372001
390649
393505
402305
406913
402305
402749
403565
401840
401552
400736
406448
408173
408461
402749
399907
402749
405389
434333
438281
438236
438812
460388
463048
463492
460832
439256
438680
438725
438281
438725
439541
439586
440162
439718
458366
462974
454174
435526
430918
439718
438902
438857
438281
441137
438281
433673
433229
436085
440693
449493
468141
468585
468630
469206
466350
457550
438902
439718
439142
439097
438281
425781
421173
420729
411929
393281
393725
393149
393104
393920
402720
399864
404472
404517
423165
426021
426597
425781
431925
433047
430037
438837
439773
442993
441871
451957
441871
433071
432135
425991
429001
425781
424965
433765
436621
436576
436000
435556
426756
408108
405252
400644
401460
401505
402081
402525
421173
425781
425337
422677
401101
401677
401632
404292
425868
425292
425337
425781
451449
470867
482647
485657
488153
492761
498905
504617
512597
510812
508362
485682
487467
490587
488637
494517
493341
487461
490215
487461
496261
487461
484341
486291
508971
511421
512597
509741
505133
496333
477685
476869
476824
476248
475804
476740
498412
500777
512557
514468
514180
492604
492649
493093
495753
493093
514669
515245
515200
514756
514180
511540
540484
543124
547072
518128
514180
520324
514180
509620
514180
521824
520888
513244
514180
504905
514180
519892
513748
533166
541146
547290
544280
541784
567452
572060
583840
586336
574556
548888
551898
547290
527872
519892
514180
508468
506743
503901
503085
502797
507357
508173
509073
511827
512439
511539
508785
516765
517665
515754
518508
520419
546087
575031
576991
569011
567051
538107
512439
513375
516595
519605
518483
508397
499597
500719
506863
515663
514727
511717
505573
515659
512439
509779
509335
509290
487714
487138
488818
482674
470894
468398
462254
456542
459552
462048
487716
499496
518914
514306
488638
493246
501226
506938
513082
493664
490654
482674
464026
460906
457474
456298
453958
450526
456238
459670
458614
459790
462130
463186
457474
460228
460840
456280
455668
454852
452098
452914
451003
439223
440123
444683
443747
422075
419710
431490
433401
435766
438862
439798
438898
409954
407314
403366
406006
409954
438898
425134
427774
427034
424024
415224
414288
404202
400982
399860
408660
411670
414890
415826
425912
427034
420890
427034
422426
427034
432746
438890
446870
466288
458308
461318
441900
444396
438684
435674
433178
427034
401366
427034
415254
427034
427578
430434
439164
439980
440916
443556
446310
447930
418986
421740
419780
445448
419780
418880
447824
455804
457715
459675
460575
452595
449841
447930
447030
451590
452406
451794
454548
455160
450600
447846
447030
447930
445434
439722
435114
409446
403302
391522
394018
374600
371590
379570
391350
397062
403206
395226
399834
419252
444920
447930
476874
447930
445290
447930
443982
447930
444834
443898
455678
458774
459710
462075
460164
462075
450295
447930
451150
441064
439942
442952
449096
457896
454676
464762
455962
455026
448882
450004
450940
447930
445270
441322
421904
447572
450068
453078
447366
441222
438212
426432
400764
396156
388176
407594
412202
420182
426326
432038
443818
441322
440422
439606
440506
443260
442648
443260
440506
435946
436762
441322
449162
451073
473753
476093
473339
470679
467564
463004
462068
452793
445149
439005
460581
460626
461070
463730
464306
461810
456098
453088
464868
467878
461734
487402
475622
467642
487060
467642
475622
480230
454562
449954
452450
458162
464306
463370
472170
471048
479778
473634
470414
461614
464734
461724
455844
453394
452218
449464
447679
444559
442609
432523
423723
401043
403797
426477
425661
431541
433991
435167
437117
439871
442727
448871
446231
449241
450057
450601
453241
455026
455962
447232
444376
445996
444376
443832
444768
447424
457510
454756
455878
454942
458162
453464
450824
446876
449516
478460
449516
453464
424520
421766
419806
417895
392227
391327
383347
386203
404851
405295
405340
406156
406732
411340
420140
417386
420140
420752
432532
433432
432532
434443
436808
458480
456569
457505
445725
446541
445725
441165
438800
435704
440264
439652
438716
447516
466164
470772
452124
452568
453144
453189
454005
456861
448061
447617
447041
446996
446180
441572
438716
439292
460868
460823
460379
457719
436143
435567
435612
436056
438716
435860
427060
408412
407596
408172
408217
409033
404425
413225
416333
415757
415313
415268
415712
416120
420728
411998
437666
411998
423778
418066
437484
431340
439320
445464
447960
436180
433684
430674
433684
414266
409658
401678
406286
411998
412574
413018
412574
417182
416366
415790
424590
421482
440130
442986
443031
443847
443802
439194
430394
429986
430802
412154
412109
403309
398701
395845
395401
394585
395161
395605
414253
423053
422477
425333
429941
429986
429941
448589
457389
461997
453197
456053
455237
454661
455105
454661
450053
447197
448013
448058
448634
429986
430430
430475
408899
408323
429899
430475
430430
427770
427326
429986
440072
440072
441008
449808
450930
447710
444700
443764
434964
441108
431022
429900
433120
436130
438790
443398
442954
451754
451178
451622
451667
470315
484357
484312
483496
484072
486928
487744
469096
460296
455688
456668
453812
453200
448640
451394
452210
453110
450356
450968
450068
449252
453812
482756
486704
482756
453812
456452
453812
467854
468834
467854
453812
453767
449159
440359
437503
418855
418411
417835
417019
425819
428675
429251
429695
448343
452951
452996
453812
450802
448306
440326
420908
416300
390632
384488
378776
366996
364656
363676
366016
388696
390607
398447
399427
385385
383474
375634
376756
379636
406570
383890
397932
398988
401844
420492
420936
421512
421557
422373
419517
400869
400293
399849
399804
404412
395612
391004
399804
398988
384946
383966
398008
398988
399033
401693
402137
402713
424289
402713
400053
400008
399564
398988
395556
398988
397932
397356
398532
396192
395016
389304
388860
384252
384207
383391
374591
371735
374075
375131
356483
362195
363131
384803
396583
384803
387168
384803
363131
362195
364106
362195
363175
377217
363175
362195
389129
362195
359315
358193
357137
360017
361139
362195
370035
375915
385190
391070
392192
396890
397630
410320
413330
418028
431792
432968
433710
435310
435754
449796
450776
436734
435754
449796
448816
434774
435754
437354
438476
438920
439660
436650
441348
444358
445198
444076
443632
442892
437012
432314
430714
430170
438900
441756
443376
444192
444736
447376
450130
449314
446458
444838
443902
444838
442198
439444
430714
429898
429286
426532
421972
421072
394138
421072
422194
425074
422194
408152
409132
423174
424230
423108
422052
421072
418412
427212
426636
426681
427257
429917
433513
434449
434005
434449
434404
412828
409608
406598
397798
399244
402254
401132
404352
405474
395388
394452
388308
398394
398838
399960
400700
405398
406998
410008
410008
406998
406554
405814
404214
403092
408972
408132
406182
397382
369200
365768
364148
362366
361386
347344
348324
350330
344450
335175
335917
340615
341791
333951
347715
348555
343857
343115
341939
349779
336015
348705
336015
337340
351382
349376
348396
349376
350498
350942
355640
356380
359390
360990
359868
360708
357698
357254
351374
346676
345936
344336
373280
344336
346976
343028
340388
344336
345458
346514
345392
342512
315578
314522
317402
344336
343356
329314
335194
330496
332096
329086
328246
327506
327062
325462
325906
330604
329482
330222
333232
334354
334309
331649
328053
327609
327033
328155
301221
298341
297285
296163
297219
324153
327033
327477
324467
325589
327189
331887
332627
331027
330583
324703
330583
329461
324763
324023
327033
330253
316489
322369
331644
330319
337201
329361
330537
325839
326581
325405
326971
326229
338919
346759
345919
333229
334399
328519
306847
304482
305222
306158
294378
291368
313040
313484
311573
313938
318636
321646
324002
323558
324680
326591
325851
324915
323315
322193
323793
329673
324975
325779
329172
332014
329134
328078
326956
328012
354946
357826
330892
332014
332059
332875
351523
352099
354955
359563
368363
368807
366167
365045
359165
354467
353727
353283
350273
348673
345453
355539
356661
359881
349795
358595
357659
348859
342715
341593
344603
350747
351683
348673
349249
357089
359945
351145
369793
370237
370282
365674
362818
371618
370802
370757
371573
370997
352349
356957
356513
354833
359393
352511
344671
338791
329516
330258
329516
328340
342104
354794
362634
368514
377789
365099
363533
364709
369407
378207
381087
378207
379263
378141
377085
350151
353007
350667
350712
351156
378090
375234
370626
361826
343178
342734
342158
342113
341297
341873
342995
343811
348419
346508
338668
357316
334636
347068
351016
356776
378352
385544
386480
377680
377635
380491
377635
382243
377635
386435
405083
386435
387251
387296
387872
388316
387872
387056
386480
389120
386480
415424
419372
390428
386480
381872
381917
382733
379877
388677
389253
389697
389121
407769
407325
411933
411888
414744
396096
387296
386480
385424
358490
355610
354488
355544
382478
385358
386480
385664
394464
413112
413556
414132
414177
414993
410385
401585
382937
382493
381917
381872
384728
381872
386480
400244
404942
410822
404942
400244
401420
414110
404835
403659
402917
410757
411499
420774
408084
400244
386480
387650
386480
386435
383579
386435
391043
390227
390671
391247
409895
410711
410135
418935
414327
405527
386879
386435
386480
388930
390106
392860
398740
400525
403645
401860
393060
389940
412620
406740
384060
381610
379660
376906
378856
387586
386410
386954
389810
391430
392246
394886
397640
406440
397710
396090
395274
394730
392090
389336
388400
389336
386480
413414
412292
409412
382478
381422
400070
399254
380606
377750
373142
364342
365158
368014
376814
381422
380846
380801
380846
381422
380978
381422
378412
377290
367204
366268
360124
351324
348104
348950
349700
350516
378698
381063
392843
394754
395690
393779
391414
369742
368806
371902
369546
372388
368995
368191
371584
372388
369546
369591
370407
365799
356999
357575
357131
354275
353699
335051
335006
353654
358262
361118
360302
360746
369546
382314
385746
393390
386198
364622
363686
376118
380066
387258
408834
409770
397338
393390
387630
393390
394776
420444
455994
460554
463669
485245
494520
495260
504227
499619
498803
498758
498182
479534
470734
467878
467434
461554
452279
444439
443263
438565
424801
412111
411369
409983
405423
431091
440366
461942
465057
465797
456830
458111
432443
433829
438389
429114
464664
461549
460809
425259
403683
399735
397095
368151
395085
391653
384009
391653
395085
396909
384141
385527
359859
358473
359213
362328
383904
385229
380669
379929
388896
353346
352065
356343
353228
343953
348513
326937
362487
363303
391485
392235
391419
363237
362391
363237
362487
357927
353649
352324
373900
370785
349209
348469
349855
350595
386145
395112
386145
390705
416373
419488
418102
382552
391827
395259
396429
395259
359709
362824
362084
353117
350002
350742
372318
381593
385871
364295
362909
353634
327966
363516
372483
373869
378429
373869
370437
368613
381381
384813
392457
384813
397245
401193
406953
414145
435721
423289
419341
412149
406389
384813
385749
384813
420363
441939
443325
447885
456852
459967
438391
433831
443106
438828
443106
434139
434879
434139
431024
421749
386199
384813
384063
355881
355065
354219
357334
321784
321044
312077
315192
305917
284341
280063
284623
310291
319566
316451
317837
326804
327544
326158
321598
343174
378724
373012
374188
373132
376564
378904
384616
385672
382240
381064
378724
400396
397300
395389
394453
392088
393024
395389
383609
385520
397300
394458
393654
390261
382617
379185
366417
389097
363429
354154
353414
350299
345739
336772
335386
313810
278260
279860
257180
259934
267914
270794
267938
259208
257588
257044
256228
253588
250834
249664
250834
249898
258698
259820
260671
263786
265697
268270
269870
281340
280404
273212
267452
255020
233444
229496
238771
257419
258541
257419
256568
254657
252084
240614
243187
241587
238472
241587
242438
243560
245160
256630
258541
267816
249168
248046
266694
257419
258541
260452
258852
259974
262547
264147
275617
278732
279583
268113
266202
263629
262507
261656
258541
265733
275008
293656
294778
285503
266855
265733
266584
263469
265380
276850
265380
262807
265922
265071
263949
262349
264922
266522
264611
265733
247085
245963
236688
237810
239135
257783
259694
271164
274279
272679
271828
274401
276001
276852
274279
275401
273490
262020
258905
257783
249803
247049
249803
257783
258719
237047
238958
241323
262995
251215
249304
248368
260148
257783
256458
265733
264611
245963
264611
265733
266584
263469
274939
273028
270455
258985
257385
259296
258174
260747
261869
263469
262618
265733
264563
265733
262513
243865
253140
254262
244987
243865
262513
263364
260791
258880
257280
245810
242695
241844
242966
244566
246477
249050
260520
263635
262513
259853
262193
264104
286784
294624
296535
287260
296535
315183
296535
309225
308103
310983
346533
349173
350369
351491
353856
352256
349141
346568
344657
343806
342684
331214
332834
346598
359098
362218
370948
370993
378833
381948
393418
392296
373648
364373
367593
369771
372411
380391
388371
385617
377637
380391
383511
385296
391176
393930
396380
419060
427860
429810
427860
426075
420195
419019
416265
417441
414991
406191
403071
380391
379221
380391
392823
404603
392823
414495
416406
415470
413559
411194
389522
391887
392823
384983
385028
383408
386264
372500
372545
373121
373937
370817
371261
374376
383106
401754
410554
415162
427662
439132
440752
443872
443827
440712
432872
420372
434136
422666
413936
421776
413796
415974
413334
411156
419136
421776
412976
394328
394772
394328
391472
391517
396125
396701
392093
410741
410696
413552
412976
421776
422592
421776
422627
424967
427332
430086
436406
439262
440078
452768
448208
447012
459702
424152
411462
408582
409778
407138
410018
445568
447479
450119
448208
449024
440224
421576
421132
420556
420511
419695
415087
433735
434179
434224
443024
445880
450488
451064
448208
477152
480008
477152
476576
475760
475715
457067
456623
457199
465999
470607
465999
466815
466860
485508
485952
477152
450218
452878
474454
474898
475474
475519
475564
470956
462156
459300
458724
458679
457863
458679
458235
467035
471643
474499
455851
456295
474943
475519
478159
486139
488317
486139
478159
475519
472765
464785
467539
475519
478375
475519
474943
474127
482927
487535
487490
488306
479506
480082
475474
475918
475963
475519
456871
475519
474349
475519
480127
481747
495511
498631
511131
510555
510510
496746
488906
476406
464936
456206
453091
449971
449155
460625
459005
467735
468551
471666
462866
467474
467519
468095
468539
476379
485179
503827
506683
503827
503383
498775
498730
498775
480127
502807
505147
482467
474627
482467
480556
482467
480127
515677
515101
514657
514612
510004
491356
482556
479700
480144
480189
479373
483981
484557
503205
512005
514861
515677
527147
552815
550155
528579
528534
528090
549666
549090
551750
551795
551906
552482
549367
551545
548905
556885
554707
546727
549367
544759
545575
544999
536199
517551
517995
517551
517596
517551
520407
525015
522159
540807
539991
540567
549367
545935
540223
537883
536827
540259
545971
547147
549487
550543
549367
548431
526759
524848
513068
510703
523393
525733
526549
527400
529765
536085
538839
536085
535234
532378
526058
523693
511003
510187
507847
510703
510127
491479
486871
484015
483571
483526
482710
473910
475510
476706
489206
490931
497075
505055
509753
511931
512747
516140
489206
492426
490515
477825
474945
439395
436755
439395
440591
453281
456161
491711
490515
492426
492315
491739
470163
470208
470652
492228
492804
492759
490099
492759
489879
492057
500037
497397
489417
487239
489879
497859
500613
492633
489879
481149
469679
457179
443415
440300
440255
438635
430795
427675
426505
427675
424243
422643
422067
422022
421578
418918
419494
422154
422199
422643
401067
422643
420465
412485
409845
401045
393853
393002
399322
400173
412863
415617
416433
413577
411237
413577
415942
418798
416433
403743
402927
396607
393853
396031
408531
416511
405041
416511
442179
416511
438087
440747
440171
440216
437556
415980
415935
416511
416067
416511
408531
405777
406947
405777
403866
381186
373346
371006
358316
357120
355209
352329
349689
314139
306159
308337
320837
328817
316317
317133
314955
314379
313935
311275
289699
289654
287289
286473
285622
288376
286036
292356
294721
295537
282847
280482
274162
271408
284098
286438
283582
286438
287289
290409
267729
270179
267059
289739
290915
293669
299549
301334
310134
308184
305734
304558
295758
293004
291219
293169
287289
298759
324427
298759
287289
284069
282899
274919
287419
289597
277097
274919
282899
285559
287924
285068
282314
281498
279133
266443
268783
262463
261612
267932
268783
271639
284329
285145
282805
285559
283381
291361
303861
306039
293539
285559
274089
248421
251853
257565
260575
259519
260095
262435
260095
254383
255559
268059
276859
279499
276067
281779
282067
280891
281947
269515
261535
249035
251213
259193
257015
269515
266761
265910
263570
260714
258349
252029
239339
238523
246363
248274
270954
273294
270074
234524
236124
237246
239157
241730
253200
256315
257166
265146
267324
259344
246844
244666
257166
255566
254444
255566
244096
240981
242581
243432
245343
247916
259386
262501
260590
258017
257166
253773
250658
248747
249869
238399
237548
238399
240310
242883
254353
251780
250180
249058
250658
253773
253818
254262
254838
273486
282286
286894
289750
290566
291417
288302
285729
297199
298799
300710
303825
302225
301103
300252
298341
286871
287993
290566
261622
280270
275662
278518
283126
291926
292370
291794
292610
291794
291839
291794
292370
273722
264922
262066
261622
260771
258860
256287
244817
243695
246810
249383
250234
251356
252956
249841
261311
263222
261622
260806
262984
275484
283464
281286
268786
260806
260761
260185
241537
244393
249001
257801
257357
276005
276449
277025
277070
277886
275030
270422
261622
264502
265678
285096
288211
286611
275141
272568
270657
269806
272379
271257
273168
274019
275141
276741
273626
285096
284652
280044
279468
260820
257964
257148
275796
275841
276417
276861
279717
279672
280488
285096
276296
285096
287952
292560
273912
292560
292515
283715
283139
282323
282767
282323
279467
288267
288312
289128
289704
285096
284245
283123
281523
279612
282727
284327
286900
288811
289662
290784
287669
276199
273626
285096
284280
288888
289704
292560
293136
274488
265688
261080
261035
258179
266979
266535
266979
285627
285051
285096
280488
277373
265903
265052
263141
262019
260419
257846
276494
275678
275633
275057
275501
278357
282965
291765
292341
292386
289530
284922
276122
275678
257030
257846
259631
265511
242831
234031
231581
230405
227651
221771
219986
216866
218042
219992
222442
245122
237282
235371
212691
210351
218191
240871
242782
245122
247876
250996
249046
257846
261278
261233
264089
259481
264089
263273
262697
262253
243605
234805
235621
235666
236242
236686
255334
264134
261278
253298
240798
238620
234012
231156
222356
222932
222488
221672
221717
203069
203885
208493
208937
208361
217161
220017
219972
238620
239424
241384
242284
243004
246224
250784
258764
255884
258764
259940
258764
278182
258764
257948
255092
250484
250439
241639
240823
240247
221599
221155
221767
226327
229081
229981
230797
231613
237757
236941
238541
236816
228836
226658
231356
226658
220514
208014
206414
208139
216119
217315
219493
218297
230797
231697
236257
239477
240197
248177
244957
242997
238437
240397
239677
231697
230797
231601
230797
231777
232827
241627
242749
247447
249812
262502
284078
284123
284567
285143
287803
279823
275263
272043
274003
272043
272763
271959
271239
274459
282439
286999
287133
286233
287133
284473
285595
284545
286910
274220
278918
279898
280948
289748
285050
282685
281705
272905
271783
284473
284339
281119
280219
283439
282719
278159
276199
280759
272779
280759
281479
282283
283183
285143
304561
307441
288023
285143
286319
285143
285994
264418
264994
262334
261890
283466
283421
283865
283910
283334
285994
286810
287710
290464
291076
290260
285700
282946
282334
286894
285994
278014
277294
274074
273270
274170
272210
276770
279990
279090
279894
280614
288594
284034
285994
287116
291814
289449
290429
299229
294531
296896
288096
286974
285994
298684
297634
298684
285994
284938
285994
283654
282478
284818
279106
282538
279106
284818
285994
285094
285814
283854
284658
283854
283134
279914
283134
285094
285994
278014
285994
290554
285994
286798
289294
289582
318526
328612
307036
309696
331272
328612
328036
327991
328435
329011
328567
328612
333310
334360
343160
344282
346647
333957
334937
333815
332765
323965
322985
318287
330977
328612
325392
324672
320112
319212
311372
288692
286781
284821
289381
287041
279061
287041
290261
290981
291785
292685
294645
293841
291201
290625
281825
282113
282689
288401
285391
294191
296831
299841
287341
287053
281341
293841
306609
314253
311373
314805
315981
314805
317685
337103
317685
313125
310371
309759
308943
309555
314115
314931
315831
314931
317685
318665
317685
315320
320018
322383
323505
332305
327607
318807
328377
327255
326205
313515
314565
314277
311781
312069
311265
282321
272235
274731
303675
313761
314565
313761
313041
315001
307021
302461
303361
300141
303361
311341
315901
315001
313041
313761
314565
336141
333481
332905
311329
310885
310930
310885
313545
314121
314565
317407
304639
301207
293563
306331
309763
317407
316687
314727
313827
313023
305043
301823
297263
299223
300123
300927
301647
304867
312847
317407
316285
320983
308293
309343
318143
320258
319208
321573
312773
311793
312915
308217
305852
306832
307120
309616
310420
300334
271390
271102
268606
267802
277888
306832
304872
303972
303168
302448
294468
289908
289863
311439
308779
305559
304983
307643
308087
308132
308708
308264
286688
285512
286688
283256
275612
283256
286688
273920
286688
267270
270044
272924
270044
291716
300516
302881
304003
304983
306033
297233
295118
307808
312506
311456
310476
309354
306989
302291
302903
302291
299537
304097
304913
300353
303107
302291
301391
302291
311091
311667
330315
334923
335739
335784
336228
339084
339039
338223
338667
339243
339288
340104
344712
347568
366216
363360
358752
349952
331304
330860
330284
339084
349170
346674
375618
378114
378918
378630
349686
348882
349170
339084
331440
328008
315240
314796
314751
314175
292599
289939
292795
293371
293815
293860
275212
284012
288620
289436
308084
307508
306692
297892
293284
290428
290383
289939
281139
282119
290919
303609
298911
296546
297668
300033
304731
303609
302629
303679
302629
289939
292693
289837
292693
297301
306101
306917
307361
307937
307982
326630
326585
326009
325565
306917
298117
293509
292693
294313
275665
276109
280717
283573
284149
279541
279586
270786
270210
270165
269349
270165
267309
276109
294757
294313
297288
298464
295584
298464
295690
294514
313932
312952
321752
309062
300262
299140
298090
310780
311830
307132
308112
310477
315175
316297
313932
303846
306342
316428
317232
346176
345372
342876
342588
313644
313932
292260
295356
299964
302820
299964
295356
286556
267908
268724
277524
277569
277125
277569
278145
296793
296748
296172
295356
299916
295356
294744
295560
294660
293844
294456
297210
298110
295356
298476
300261
301437
324117
326067
328821
334701
343501
341051
318371
317195
314441
308561
306776
306776
297976
300426
298476
299052
296196
295380
304180
304624
304669
323317
318709
309909
291261
295869
298725
298281
297705
297660
298476
297660
297615
297039
288239
291095
286487
267839
268655
268700
269276
287924
296724
301332
301776
301332
298476
311166
302366
301386
300264
297899
293201
280511
285209
287574
288696
297496
296446
297426
298476
279828
271028
271073
266465
266021
265445
262589
261773
262217
271017
273873
273828
292476
297084
297660
298476
307443
329115
330285
338265
373815
376695
377955
387230
388210
385714
385426
356482
346396
345592
345148
326500
325924
325108
316308
316263
313407
308799
321299
324764
327129
329307
337287
339198
330398
328033
326911
322213
321233
320183
307493
308669
311549
292131
289251
288075
307493
309093
311949
314829
336501
333405
332589
328029
328641
331395
332295
331395
332211
331599
336159
333405
334251
335001
335817
363999
355032
356202
364182
342510
345390
346370
338390
302840
312115
302840
301580
302840
301670
310637
313733
310853
309873
345423
344572
341140
343982
345932
350540
353972
359684
358508
352796
349364
350420
351596
353936
352880
350540
331122
328242
331122
350540
351716
350540
354005
363280
370924
372544
373714
375100
400768
396160
395410
396160
396976
397822
369640
347968
347122
355102
355646
356842
356026
358686
386868
382308
379554
378942
378042
377226
378612
380232
376767
380232
381402
390677
398321
389046
387876
386490
378846
398264
396644
405611
404631
396651
361101
358005
355125
376797
367830
366660
365400
366660
374640
375810
376790
379670
388945
424495
415220
424495
432139
433309
434929
438394
439780
436315
428671
427501
418226
416840
415220
417131
414953
416864
408884
416864
419229
431729
435194
431729
429364
416864
419042
417131
420596
422216
423602
424772
421307
420137
429412
428026
426406
418762
426406
417131
421691
423016
427294
430890
439857
440597
443712
445098
480648
472668
475328
476524
475328
474784
472124
472668
480648
489923
491093
489473
492938
494324
495944
503588
502418
494774
493388
484113
480648
479323
500899
497303
494188
489628
494188
458638
449671
448931
444653
453928
458206
456820
458101
461216
461956
497506
498892
498142
497326
496480
468298
466678
465292
466912
457637
456467
448823
458098
459268
460654
468298
471763
468298
455798
456374
450662
453672
459384
458808
461448
473948
465148
464860
465148
462138
459498
468298
465418
484836
483660
486540
487716
468298
446722
468298
463738
454463
463738
459460
462575
463315
498865
503143
500028
501414
505974
470424
469684
468403
467017
468298
470958
469762
469218
461238
461782
462978
470958
468298
460654
459268
466912
463447
454172
455558
453938
463213
464383
466003
469468
468298
489874
492989
493729
528109
529390
533950
536830
538000
537020
534140
524865
515898
514638
492966
457416
458741
466721
462443
484115
462539
426989
425819
416544
452094
461061
470336
471596
463616
462335
463721
462981
461595
457035
461313
458198
459178
462058
463658
460778
463634
462034
459178
457792
467067
468687
472152
462877
464047
464047
465433
473077
469612
467992
460348
469315
433765
434505
437620
473170
468610
469996
468610
472206
471466
472791
471466
470185
448609
452887
449772
445494
449442
452284
456844
458569
460351
462847
464527
465787
462322
461152
453508
452122
442847
441227
443887
445083
453063
451867
452411
444431
443887
441227
436949
435624
432028
428913
437880
463548
472823
468263
467523
458556
461671
426121
426861
431421
432807
468357
489933
488547
480567
478842
476664
475848
474248
469550
463406
450906
449710
452825
443550
417882
396306
421974
413007
411621
420588
421974
426534
423419
458969
454409
455149
458745
458005
467280
431730
458664
461544
462666
463722
462546
443128
440248
442908
433941
408273
443823
422151
443823
434548
435528
427548
426288
390738
391908
394788
393618
392638
388078
378803
375688
372092
373352
372612
380592
379206
370239
334689
331809
341084
342365
339705
347685
339705
339161
337965
340625
341821
342365
340187
342552
346017
333517
330052
338032
350532
342552
344463
342098
344276
342365
369299
370355
369233
342299
343421
346301
345245
342365
342909
345569
344373
341713
342909
350889
350345
342365
341243
338363
311429
310373
337307
338363
339485
342365
319685
342365
344815
345991
344041
349921
351706
354826
363626
360872
363626
361176
352376
349256
347471
341591
343541
342365
343535
342365
364037
372017
380984
382244
417794
416814
418139
419309
416429
380879
371604
370323
369063
347391
339411
342291
342781
339806
340862
343742
370676
369620
342686
339806
340928
339806
338610
341270
342466
343010
335030
343010
340350
339806
341066
338224
336964
338746
340471
343313
347261
345536
341588
344084
345764
343268
341486
339806
341406
342528
350368
369786
382286
385040
393536
393581
396437
401045
401621
402437
421085
429885
430329
457263
458319
459441
462321
461265
434331
431451
430329
421529
440177
440222
441038
438182
433574
433130
432554
432509
433085
432269
413621
416477
421085
429885
430329
436473
437193
434313
431457
429857
431457
434313
437193
439853
439309
438113
438657
435997
437193
429213
437193
437637
428837
428393
409745
409790
405182
405998
405422
402566
411366
415974
434622
434577
433761
434337
434745
435561
435117
434541
434496
415848
415893
415077
415653
406853
425501
434301
429693
429285
433893
428769
429213
420246
421527
420202
418942
416062
414892
406912
428584
464134
463644
428094
428814
430074
431399
432379
433549
434879
432037
410365
383431
382375
381253
378373
381253
382375
383355
410289
411345
425387
421922
421922
419744
417833
415468
402968
406433
408798
410709
418689
420867
433367
428759
428315
432923
432347
413699
404899
407755
406939
425587
426031
426607
426652
427468
424612
424567
433367
435092
449134
448154
449134
435092
435137
437797
459373
459949
460393
463053
461857
459197
460393
459849
460393
468373
460393
461209
461785
464641
464686
473486
464686
469294
464686
483334
482758
481942
482386
483366
497408
496428
493572
493128
493083
474435
460393
461449
488383
487327
484447
487327
488449
461515
460393
461373
475415
474435
460393
479041
476185
477001
476185
476230
471622
462822
463266
444618
447474
452082
460882
460438
460393
460969
460393
468233
470987
462491
474991
494409
486569
474069
471315
479811
480933
461515
460393
446351
445371
459413
460393
451593
432945
437553
438129
438174
437358
434502
437358
437313
436869
432261
432705
451353
460153
460969
460393
462733
468445
467389
468565
471997
473053
470713
465001
463825
460393
462175
490357
491977
500777
504209
506159
507215
506159
507281
510161
496119
493239
492117
519051
533093
534073
507139
506159
504963
496983
494323
493779
493824
493380
474732
470124
467268
468084
468660
469104
487752
496552
501160
504016
503200
494400
493824
493779
515355
514911
493335
490675
491251
493911
494355
494400
493824
493779
492449
491469
490749
455199
454029
452748
431076
429751
428491
427511
441553
442533
428491
426766
429608
427826
427781
429506
427010
428690
431186
435134
432278
431018
422218
403570
403126
401446
400630
400054
396106
393264
395046
390438
391698
392598
395718
395958
397908
395154
399762
402335
400715
401003
386961
401003
401983
401003
374069
371189
370133
369011
383053
384033
369991
369011
366169
368119
370961
369011
354969
369011
369991
369011
369862
381332
383905
385816
387416
388538
391653
392097
392052
391608
388948
410524
409948
409993
412653
413229
391653
377611
376631
375031
376631
377753
379664
377091
373976
377091
365621
364770
363648
364499
375969
378542
376631
377753
386249
405667
413507
401007
398253
378835
370339
382839
385593
377753
376631
378542
386522
388700
391065
394530
392352
384372
382461
380096
376631
364131
376631
378251
375136
377047
377898
380471
369001
370601
368690
367839
366717
365117
368232
369354
380824
378251
386091
388431
411111
413022
411422
414302
417158
414278
415878
413022
391446
391890
394550
394595
395171
392511
392067
392022
391446
413022
412171
410571
407998
406087
407209
404094
406005
408578
420048
423163
424763
423641
412171
413022
407310
407022
404382
391882
388872
388296
379496
377585
376463
373348
371748
370897
372808
374408
377523
366053
377523
374950
376072
376923
379496
388296
406944
407760
407805
408381
408825
411681
416289
415438
412323
400853
398280
396369
394769
397884
409354
411265
412116
413238
414838
413716
416289
411681
393033
392589
392013
391968
391152
391968
392013
383213
380357
383213
392013
410661
411237
411681
416289
418071
418647
415805
414545
412820
411038
408542
406862
410810
413652
414912
417408
416832
412884
434460
437120
437564
437609
437564
439244
436584
415008
416733
416289
390621
388048
384933
385784
374314
372403
371552
370430
368830
371945
374518
385988
387110
388710
390621
409269
404661
403845
403800
403224
402780
403224
400368
401184
401760
410560
410605
413461
394813
386013
390621
378121
370281
371403
351985
364485
372981
392399
400239
391743
394497
391743
390621
395229
394653
395229
393318
393762
412410
421210
419610
418759
416186
417002
417410
414295
413173
413218
412774
411958
409102
404494
395694
395649
377001
365531
363620
363176
363221
363176
366032
384680
393480
394056
393240
393684
398292
399108
390308
385700
367052
366644
366068
344492
344447
344003
343427
340767
322119
313319
308711
309527
310103
310547
329195
328751
325895
325079
324503
327359
327404
336204
336159
340767
341343
318663
316713
325513
328633
333241
342041
347921
348365
347549
350303
368951
350303
341503
336895
334039
334084
333640
333595
333019
334195
356875
359325
357540
360396
351596
348476
349292
343412
340658
339482
337032
338982
340767
346911
340767
342945
340580
353080
345100
343189
346654
334154
330689
328511
330422
338402
340767
341343
341787
360435
365043
367899
365043
360435
351635
332987
332543
341343
340527
341343
340767
340722
340767
341211
340767
322119
321543
321498
320682
311882
307274
304418
304463
305039
313839
332487
335343
339951
320533
321349
318689
318245
317669
317624
316808
298160
289360
284752
281896
294396
313814
322310
325064
305646
313486
305646
302892
301770
289270
280774
281896
279556
256876
259216
257305
265145
257305
279985
281896
280296
277440
274560
272064
273744
269796
266954
265694
267476
265751
268247
266465
267725
271673
273398
276240
274560
276471
277667
276497
279377
292067
294707
330257
336577
349267
352021
387571
393331
396085
415621
441289
442129
451404
470052
471174
470052
450634
441359
442481
439727
427227
419387
438805
439927
448423
456263
468763
460267
463021
461899
471174
452526
471174
473085
475263
473085
475450
483430
475450
471985
475450
473085
471174
483674
471174
472230
468798
463086
461910
460854
466566
464226
466566
469998
471174
470454
451806
442531
451806
470454
471576
470454
473562
474684
476009
466734
448086
446964
448086
446964
443856
442531
461179
470454
472054
473176
477874
478614
479058
482068
487948
497223
498345
489070
487948
506596
487948
489628
485680
488176
485334
484074
482349
480567
478071
476391
479233
480493
482218
484000
487948
490958
489836
490676
491120
489520
494218
495818
496940
491060
488050
487606
487791
483093
482353
495043
496165
498805
534355
536266
545541
564189
563067
544419
535144
536340
534429
521739
520543
517663
482113
479473
482353
486913
488035
480195
471699
470577
483077
491573
510991
491573
479073
476319
484159
486913
485188
484348
487358
487802
493682
494422
499120
500720
499598
500720
499120
498935
498491
495481
490783
489661
480386
461738
459398
451558
449647
426967
426227
430925
430481
431603
428593
430193
429071
427471
427915
430925
436805
430925
426227
426967
425017
422175
420575
421697
423297
422557
421435
427315
422617
419607
413727
418425
419165
419609
422619
422175
420575
418210
420388
407888
404423
402512
394532
392354
404854
408319
410684
412595
420575
421019
420575
426455
425333
423733
419035
420157
420897
417887
412007
416705
418305
421315
420575
420131
417121
416381
414781
415903
417503
412805
411683
417563
420573
421017
421757
426455
420575
414431
422927
442345
429845
430967
411549
403709
402587
394091
396845
409345
417185
414431
409733
408133
407393
401513
401069
398059
396937
398719
411409
412605
415485
451035
453675
455586
451638
449727
437037
439533
436893
434013
432753
434433
433237
430395
428670
426888
424392
422712
423972
426814
430762
395212
396937
396649
398434
389634
383754
386204
387380
390134
393254
390500
388550
365870
363420
362244
368124
366339
363219
385899
394699
396649
393895
396649
383959
409627
429163
422843
387293
422843
429163
441853
447613
450367
447613
441853
441013
421477
395809
396649
377231
368735
365981
358141
357019
344519
341054
338689
336778
328798
326620
314120
311240
310044
308424
295734
293094
257544
255633
258129
259389
256547
255287
253562
251780
249284
253232
256074
252126
253851
255633
257313
255633
252201
251145
249969
247629
241917
238485
236865
235083
226283
224333
196151
194471
192746
189904
188644
186862
182914
186862
188122
189847
191629
194125
195805
193309
196151
198905
163355
176045
195581
201461
207221
209975
235643
271193
270353
276673
273919
268159
265405
245869
220201
213881
201191
200291
197171
196931
194358
189750
187800
183240
174440
171320
165440
163655
162479
160029
137349
134595
132645
130965
129183
126341
122393
120668
118172
116912
104222
68672
65918
63164
57284
37748
12080
6320
9074
44624
38304
50994
76662
82982
88862
94622
97376
116912
81362
75482
69722
66968
60648
57894
45204
19536
0
