206.783
209.304
289.652
334.261
594.478
950.565
967.261
1063.261
1400.652
1496.652
1499.174
1242.13
1286.739
1624.13
1980.217
1996.913
2203.696
1400.652
1445.261
1461.957
1668.739
2024.826
2362.217
2362.217
2364.739
2460.739
2718.435
1607.435
472.043
472.043
552.391
597
693
1030.391
1386.478
1392.043
467
511.609
591.957
929.348
739.261
835.261
1042.043
1398.13
1400.652
96
452.087
496.696
513.391
593.739
610.435
222
273.391
549.13
593.739
674.087
770.087
1126.174
1463.565
1670.348
1705.652
1965.87
2061.87
2142.217
1693.913
1918.826
2125.609
1628.478
1965.87
1888.696
1045.957
1402.043
1739.435
1946.217
1885.522
1965.87
2321.957
2338.652
2212.217
2568.304
2664.304
2625.826
2433.957
2469.261
2676.043
2694.739
2790.739
3128.13
3208.478
3415.261
3452.435
3351.333
3385.167
3401.167
3417.167
3758.417
3599.333
3691.208
3214.792
3140.833
2985.833
3077.833
3401.167
3742.417
3758.417
4099.667
4115.667
2603.125
2588.125
2786.292
3035.667
3149.417
3241.417
3288.417
2947.167
3024.167
3365.417
3381.417
3288.417
3365.417
3706.667
3365.417
2861.708
3111.083
3188.083
3221.917
3224.333
3240.333
3332.333
3530.5
3546.5
3638.5
3322.708
3428.875
3321
3662.25
3985.583
3793.28
3744.25
4085.5
3744.25
3746.667
3823.667
4021.833
4113.833
4363.208
4397.042
4397.042
4386.375
4500.125
4235.875
4169.542
4510.792
4071.792
4397.042
4595.208
4810.75
4902.75
4934.167
4844.583
4780.417
4258.292
4599.542
4691.542
4707.542
4741.375
4083.5
4281.667
4531.042
4052.625
4206.958
4548.208
4582.042
4624.792
4518.625
4768
4267.75
4344.75
3964.958
3639.708
3964.958
4041.958
4397.565
4432.87
4435.391
4531.391
4566.696
4826.913
5033.696
5114.043
5114.043
4002.348
3878.333
4219.583
4158.583
4250.583
4448.75
4491.5
4568.5
4766.667
4843.667
4266.875
4266.875
4358.875
4269.292
4303.125
4552.5
4568.5
4682.25
4687.583
4364.167
4366.583
4116.583
3352.042
3550.208
3044.708
3136.708
3386.083
3727.333
3808.167
3842
3729.36
3722.56
3810.88
3860.04
3892.52
3655.44
3729.36
3803.28
4056.96
4072.32
3990.48
4229.88
4163.2
4163.2
4234.8
4441.72
4769.32
4857.64
4873
4875.32
4907.8
4163.2
4251.52
4441.76
4681.16
4639.72
4642.04
4715.96
4163.2
3186.44
2848.6
2611.52
2644
2883.4
2860.92
2860.92
3051.16
3092.2
3180.52
3254.44
3224.28
3224.28
3312.6
3312.6
3342.76
3071.708
3412.958
3504.958
3510.292
3211.083
3154.708
3167.542
2925.375
2925.375
2876.125
2953.125
2969.125
3032.292
3121.391
3156.696
3157.957
3251.304
3091.304
2920.261
2936.957
3143.739
3226.348
3486.565
3842.652
3923
3958.304
3959.565
3837.333
4160.667
3509.083
3542.917
3792.292
4080
4278.167
4312
4404
4745.25
4994.625
5071.625
5379.042
5027.125
5085.417
5087.833
5103.833
4854.583
5195.833
5126.375
5160.208
5251.542
5592.792
4759.208
4836.208
4928.208
5251.542
5087.208
5251.542
5002.167
5036
5285.375
4920.958
5262.208
5460.375
5494.208
5835.458
5912.458
6235.792
6451.333
5460.375
5247.208
5281.042
5479.208
4795.792
4869.75
5119.125
5034.708
5199.042
5232.875
5232.875
5010.542
5087.542
5089.958
5105.958
5197.958
4647.083
4287
4441.333
4690.708
4888.875
4980.75
5014.583
4782.583
4748.333
4764.333
4841.333
4782.583
4980.75
5057.75
4896.48
4665.2
4992.8
5232.2
5320.52
5321.68
5416.8
5421.92
5252.846
5551.308
5849.769
6079.962
6026.269
6026.269
6111.192
6182.269
5551.308
5622.385
5805.308
5890.231
5921.462
6151.654
6153.885
6168.654
6467.115
6572.115
6307.538
6137.808
6208.885
6240.115
6242.346
6425.269
6740.269
6572.115
6657.038
6972.038
6849.16
7159.56
7200.6
7274.52
7276.84
6907.88
6942.08
5521.24
5343.32
5177.269
5360.192
5166.962
4212.346
4395.269
4480.192
4551.269
4866.269
5164.731
5011.444
5201.444
5239.444
5526.852
5703
5717.222
5497.704
5566.148
5869.481
6091.148
6022.704
5299.192
5614.192
5199.5
5047.808
5230.731
5301.808
5316.577
5401.5
5416.269
5731.269
5816.192
5849.077
5849.077
5220.846
5291.923
5519.308
5558.769
5561
5791.192
5534.077
5849.077
5863.846
5849.077
6164.077
5723.769
5763.231
5778
5849.077
5494.296
5670.444
5632.444
4624.808
4939.808
3992.692
4032.154
4215.077
4217.308
4447.5
4147.269
4462.269
4499.538
4729.731
4959.808
4974.577
4630.038
4644.808
3813.462
4111.923
4239.692
4469.885
4652.808
4684.038
4768.962
4840.038
4844.962
4613.192
4805.84
4894.16
4743.08
4755.4
4611.962
4554.654
4869.654
4783.808
4798.577
4554.654
4586.269
4769.192
4630.556
3759.962
3990.154
3791.192
3862.269
3864.5
4178.385
4061.63
4349.037
4636.444
4650.667
4872.333
4874.481
4956.259
5132.407
5200.852
5238.852
5542.185
5763.852
5793.926
5796.074
5630.889
5492.741
5494.889
5716.556
5796.074
5877.852
6099.519
5798.222
6019.889
6049.963
6019
6249.192
6021.231
6249.192
6019
6033.769
5593.462
5908.462
5979.538
5796.074
5765
5836.077
6019
6317.462
6348.692
6388.154
6703.154
6705.385
6776.462
6861.385
7044.308
6811.885
6813
6845.885
5805.615
5996.346
6311.346
6083.385
5416.593
5600.259
5378.593
5447.037
5528.815
5704.963
5473.63
5695.296
5725.37
5727.519
5840.852
5922.63
5960.63
5990.704
6212.37
6280.815
6281.889
6383
6413.074
6272.148
5998.889
6006.815
5719.407
5801.185
5869.63
5871.778
6159.185
6380.852
6383
6132.037
6434.296
6516.074
6554.074
6584.148
6805.815
6874.259
6876.407
6588.444
6618.519
6840.185
6908.63
6990.407
7078.481
7300.148
7300.148
7080.63
7080.63
7108.556
7092.704
6668.704
6972.037
6759.679
6825.679
6796.321
6862.321
7032.179
6839.393
7131.893
7424.393
7458.964
7487.964
7701.714
7767.714
7769.786
7556.143
7594.357
7345.643
7515.5
7581.5
6378.679
6280.036
6066.286
6113.964
6283.821
6497.571
6308.897
5821.464
5730.464
5796.464
5798.536
5835.179
5864.179
6034.036
6311.179
6018.679
6166.321
6458.821
5821.464
5900.321
5850.464
5929.321
5931.393
6208.536
6501.036
6514.75
6551.393
6830.179
6551.393
5107.321
5173.321
5343.179
5419.964
5448.964
5479.5
5493.214
5785.714
5493.214
5493.214
5508.5
5307.571
5477.429
5446.893
5448.964
5662.714
5583.857
5662.714
5377.357
5406.357
5485.214
5655.071
5895.571
6018.214
5846.069
5848.069
5114.966
5128.207
5410.621
5421.241
5497.379
5424.828
5204.6
4967.172
5173.552
5441.138
5708.724
5583.69
5747.69
5775.69
5803.69
5867.414
5902.793
5350.621
5426.759
5633.138
5037.379
5101.103
5231.345
5233.345
5261.345
5337.483
4892.143
4813.286
4813.286
4983.143
4842.286
4725.704
4777.407
4953.556
5017.148
5320.481
5358.852
5062.556
5064.704
5096.37
4890.741
4978.815
4977.741
4544.107
3904.179
4045.036
4167.679
4246.536
4312.536
4218.107
3939.321
3363.185
3393.259
3408.704
3490.481
3520.556
3696.704
3666.63
3888.296
3954.037
3843.64
4171.24
4410.64
4600.88
4633.36
4943.76
5032.08
5064.56
4782.16
4113.24
4440.84
4751.24
4990.64
5064.56
5017.68
5033.04
5074.08
5401.68
5032.08
4943.76
5032.08
5222.32
5064.56
4737.04
5064.64
5008.24
5096.56
4721.68
4724
5034.4
4231.84
4287.68
4477.92
4510.4
4820.8
5148.4
5032.08
4856.24
4888.72
5128.12
5438.52
5547.72
5642.84
5622.68
4730.88
4763.36
5073.76
4565.84
4654.16
4668.24
4745.84
4780.04
4779.115
4810.346
4731.846
4763.077
4633.846
4864.038
4731.846
4816.769
5098.885
5397.346
5627.538
5658.769
5448.88
5776.48
6015.88
6104.2
4809.36
4841.84
4854.16
4706.923
4721.692
4366.308
4681.308
4681.308
4911.5
3555.038
3626.115
3853.5
3492.577
3523.808
3608.731
3523.808
3754
3936.923
4235.385
3754
3756.231
3795.692
3978.615
4293.615
4523.808
4838.808
4838.808
4378.538
4693.538
4876.462
5174.923
5206.154
5208.385
5223.154
5254.385
5223.154
4995.769
5027
5325.462
5225.385
5540.385
5625.308
5555.154
5423.077
5240.154
5240.154
4881.538
5196.538
5236
5250.769
5321.846
5512.577
5512.577
5251.154
5263.692
5265.923
5350.846
5649.308
5964.308
5153.154
5080.769
5083
5114.231
5412.692
5167.923
5482.923
5383.231
5080.077
5052.385
5083.615
4870.077
5100.269
4552.731
4592.192
4600
4782.923
4785.154
4639.885
4954.885
4785.154
3312.308
3625.077
3923.538
3954.769
3994.231
3853.385
3855.615
3886.846
4185.308
4500.308
4539.769
4542
4626.923
4857.115
5040.038
5044.962
4695.423
4680.654
4785.654
4797.5
4657.815
4680.962
4765.885
4691.269
4989.731
5048.962
4818.769
5117.231
5188.308
5371.231
5456.154
5456.154
5686.346
5717.577
5947.769
6262.769
6007.462
5198.346
5428.538
5743.538
6042
6224.923
6256.154
6341.077
6343.308
5143.731
5458.731
5757.192
5987.385
6170.308
6201.538
6272.615
6127.346
6272.615
6455.538
6770.538
6810
6812.231
7042.423
6343.692
6374.923
6407.808
6512.808
6597.731
6367.593
6369.741
6545.889
5407.111
5583.259
5804.926
6092.333
6395.667
6477.444
6545.889
6767.556
7070.889
6849.333
6324.333
6546
6833.407
7136.741
7136.741
6432.852
6462.926
6233.519
6263.593
6335.444
6472.63
6541.074
6504.593
6586.37
6808.037
6534.778
6273.296
6368.115
6407.577
6478.654
6708.731
6793.654
6626.038
6441.308
5566.423
5581.192
5666.115
5962.346
6067.346
6100.231
5898.074
5928.148
6149.815
6218.259
6439.926
6310.889
6325.111
6355.185
6260.815
6380.111
6556.259
5758.296
5840.074
6127.481
6349.148
6417.593
6593.741
6623.815
5403.259
5690.667
5937.538
5634.962
5719.885
5869.346
5900.577
6059.692
5876.769
5791.846
5862.923
5632.615
5672.077
5674.308
5904.5
5865.038
5778
6093
6391.462
6574.385
6576.615
6661.538
6698.769
6730
6645.077
5865.72
6105.12
6432.72
6193.32
6414.52
5829.84
6069.24
6143.16
6175.64
6177.96
6193.32
6208.68
6519.08
6307.808
6339.038
6410.115
6725.115
6955.308
7040.231
7223.154
7538.154
7577.615
7592.385
7637.846
7294.231
6284.192
6511.577
6511.577
5956.654
6023.962
6063.423
6094.654
6179.577
6181.808
6412
6727
6511.577
6508.654
6399.923
6415.538
6147.852
5940.407
6022.185
6325.519
6501.667
6292.704
6462.148
5718.185
6005.593
6087.37
6360.63
6390.704
6199.107
6198.333
4781.852
4781.852
5003.519
4957.407
4700.074
4700.074
3878.296
4025.185
3943.519
4165.185
4233.63
4106.444
4393.852
4431.852
3953.333
3955.481
4037.259
4340.593
4643.926
4725.704
4739.926
4742.074
4772.148
4948.296
5016.741
5017.815
5049.481
4905.786
4934.786
4751.571
4597.571
4474.414
4502.414
4770
5052.414
4964.552
4478.276
4642.276
4912.286
5126.036
5128.107
5157.107
5235.964
5301.964
4972.821
5265.321
5301.964
5315.679
5315.679
5579.107
5871.607
5908.25
5921.964
6000.821
6170.679
6384.429
6385.464
6396.464
6688.964
6858.821
6937.679
6860.893
6860.893
6860.893
6634.393
6396.464
6184.75
6354.607
6169.857
6171.929
6250.786
6462.464
6688.964
6702.679
6781.536
6783.607
6725.607
6939.357
7216.5
7245.5
7538
7551.714
6702.679
6660.464
6503.464
6347.357
6495.464
6558.857
6851.357
6813.185
7034.852
7038.519
7040.667
7109.111
7139.185
7227.259
7514.667
7818
7856
7937.778
7053.926
6364.667
6668
6688.444
6451.643
6517.643
6687.5
6901.25
6930.25
5451.519
5673.185
5741.63
5917.778
5999.556
6013.778
6317.111
6388.963
6390.037
6529.926
6631.037
6712.815
6409.481
6439.556
6441.704
6455.926
6677.593
6597.963
6679.741
6709.815
6373.259
6676.593
6676.593
6690.815
6441.704
6523.481
6745.148
6746.222
6333.778
6126.333
6194.778
6482.185
6620.333
6658.333
6696.333
6559.815
6596.593
6597.667
6627.741
6849.407
7152.741
7166.963
5851.37
5933.148
6154.815
6184.889
5988.296
5912.704
5846.407
5838.846
6069.038
6140.115
5699.808
6014.808
6054.269
6069.038
5853.615
5938.538
5969.769
6061.231
6135.846
6240.846
6241.962
6274.846
6080.444
4302.333
4205.815
4237.481
4238.556
4100.893
4393.393
4670.536
4707.179
4773.179
4694.321
4694.321
4095.5
4124.5
3968.357
4116.107
4379.607
4445.607
4615.464
4694.321
4708.036
4708.036
3956.333
3956.333
3986.407
3956.333
3986.407
3880.679
4173.179
4186.893
4356.75
4570.5
4142.964
4171.964
4250.821
4398.571
3836.5
4129
4142.714
4171.714
4243.926
4246.074
4054.481
4276.148
3168.889
3390.556
3693.889
3775.667
3991.222
4167.37
4197.444
4169.519
4183.741
3947.852
4251.185
4265.407
3821.37
4043.037
3997.519
3999.667
4029.741
4081.444
3976.741
3988.148
4224.231
4283.88
4523.28
4611.6
4260.08
4275.44
4603.04
4570.56
4434.231
4018.259
4048.333
4270
4446.148
3939.741
4161.407
4229.852
4232
4117.5
4256.444
4559.778
4574
4604.074
4635.741
4647.148
4395.407
4483.481
4325.429
4310.071
4346.714
3884.25
4097.893
4163.893
4200.536
4279.393
3629.857
3983.815
4013.889
3862.556
3892.63
3906.852
4210.185
4218.111
3958.444
4245.852
4549.185
4770.852
4947
5028.778
4022.679
4051.679
4053.75
3468.143
3470.214
3468.143
3681.893
3681.893
3175.643
3468.143
2256.37
2180
2356.148
2358.296
2579.963
2187.926
2225.926
2364.074
2366.222
2396.296
2683.704
2333.037
2636.37
2704.815
2719.037
2287.214
2286.357
2414.815
1931.889
2108.037
2411.37
2169.296
2199.37
2199.37
2015.704
2321.192
2273.222
2449.37
2463.593
2685.259
2151.481
2164.815
2468.148
2482.37
2248.077
2478.154
2492.923
2532.385
2563.615
2565.846
2796.038
2880.962
3063.885
3078.654
3393.654
3093.423
3078.654
3393.654
3063.885
3068.808
2753.808
2599.885
2782.808
2853.885
2745.577
2785.038
2869.346
2884.115
3114.308
3153.769
3336.692
3651.692
3383.808
3398.577
3149.731
3164.5
2833.16
3160.76
3201.8
3118.115
3149.346
3379.538
3464.462
3779.462
3850.538
4149
4134.231
4149
3634.077
3634.077
3864.269
3866.5
3881.269
4064.192
4103.654
3856.462
3887.692
4117.885
4120.115
4191.192
4080.654
4263.577
3865.231
4095.423
3512.538
3811
3707.852
3715.778
3426.667
3648.222
3730
3677.778
3981.111
4049.556
4079.63
4255.778
4543.185
4624.963
4846.63
4846.63
4928.407
5039.667
5261.333
5437.481
4996.852
4876.704
4673.536
4247.214
4460.964
4463.036
4476.75
4646.607
4673.536
4843.393
3861.143
3940
4232.5
4430.786
4644.536
4673.536
4771.036
4775.607
4020.643
4007
4284.143
4454
4483
4696.75
4775.607
4910.5
4910.5
4234.393
4313.25
4605.75
4634.75
4775.607
4966.036
4979.75
4783.821
4849.821
4886.464
4915.464
5129.214
4715.643
4784.929
4366.393
4368.464
4253.207
4417.207
4430.448
3804.31
4010.69
4278.276
4560.69
4545.103
4573.103
4430.448
4443.69
4726.103
4318.931
4209.167
4282.767
3503.8
3624.621
3506.207
3541.586
3617.724
3824.103
3826.103
3852.103
3865.345
3675.321
3677.393
3706.393
3983.536
4012.536
4026.25
4026.25
4039.964
4092.25
4384.75
4144.071
4173.071
4386.821
4677.25
4847.107
4925.964
4962.607
5028.607
4991.607
5057.607
5271.357
5272.393
5564.893
5272.393
5272.393
5327.964
5412.893
5261.621
5245.379
5451.759
5451.759
5102.448
5308.828
5591.241
5311.759
5313.759
5324.379
5196.103
5338.759
5158.379
5132.379
5144.793
5208.517
5221.759
5181
5463.414
5338.759
5366.759
5402.138
5183.448
5148.069
5150.069
5314.069
5133.379
5197.103
5008.828
4945.103
4958.345
4881.036
4910.036
5123.786
5311.407
5598.815
5774.963
5805.037
5819.259
5959.148
5989.222
5953.37
5563.643
5337.929
5121.714
5134.571
5119.643
5333.393
5362.393
5212.862
5376.862
4662.69
4945.103
5227.517
5133.379
5415.793
5105.379
5133.379
5135.379
5197.103
5415.793
5131.379
4212.214
4214.286
4428.036
4720.536
4934.286
5013.143
5026.857
5026.857
5183
5219.643
5248.643
5462.393
5004.214
5070.214
4587.148
4822.037
4556.704
4570.926
4532.037
4835.37
4600.481
4518.704
4518.704
4518.704
4518.704
4523.444
4321.222
3980.037
4051.889
4066.926
4370.259
4009.889
4091.667
4265.667
4074.074
4046.148
3978.593
3933.923
4164.115
3778.692
4008.885
3778.808
3304.577
3335.808
3338.038
3370.923
3375.846
3460.769
3382.846
3474.308
3401.385
3205.923
3245.385
3330.308
3330.308
3628.769
3638.615
3654.231
3247.5
3301.192
3531.385
3533.615
3525.385
3432.815
3447.037
3515.481
3637.037
3718.815
3720.963
3751.037
3765.259
3633.481
3936.815
4158.481
4188.556
4491.889
4668.037
4749.815
3856.296
3870.519
3936.815
4018.593
4240.259
3936.815
3936.815
4224.222
4224.222
3565.037
3588.815
3603.037
3671.481
3936.815
3938.963
4160.63
4336.778
4640.111
4721.889
4736.111
4804.556
4834.63
3548.926
3563.148
3850.556
3880.63
3949.074
4170.741
4346.889
4650.222
4664.444
4664.444
4375.556
4140.667
4170.741
4172.889
4200.815
4215.037
4502.444
4190.074
4221.741
4000.185
3789.926
3794.667
3695.786
3774.643
3974.571
3548.556
3504.259
3586.037
3889.37
4065.519
3873.926
3942.37
3702.519
3878.667
4182
4469.407
4551.185
4619.63
4633.852
4663.926
4666.074
4697.741
4727.815
4729.963
4906.111
4920.333
4814.815
5036.481
4801.593
4883.37
4677.148
4964.556
4994.63
4928.889
5010.667
5040.741
5042.889
5219.037
5522.37
5536.593
5375.5
5652.643
5666.357
5732.357
5811.214
5896.821
6110.571
6139.571
6141.643
6155.357
6325.214
6404.071
6681.214
6778.714
6876.214
6880.786
6542.37
6556.593
6625.037
6581.259
6884.593
6884.593
6898.815
6900.963
6931.037
6942.444
6188.148
6137
6429.5
6381.857
6659
6672.714
6965.214
7135.071
6568.571
6597.571
6590.929
6595.5
6511.714
6804.214
7076.786
7369.286
7396.214
7042.286
7056
7225.857
7304.714
7092.143
7061.607
7075.321
7077.393
7106.393
7117.393
6947
6989.037
6949.185
6935.037
6807.852
6837.926
6630.357
6922.857
6924.929
6990.929
7069.786
7346.929
7240.143
7503.643
7146
7423.143
7425.214
7595.071
7624.071
7360.643
7346.929
7192.357
7206.071
7483.214
7653.071
7719.071
7346.929
7546.964
7443.107
7472.107
7749.25
7785.893
7955.75
7969.464
8048.321
8050.393
6998.148
7029.815
7071.25
5043.75
5057.464
5094.107
5386.607
5451.75
5420.679
5499.536
5565.536
5735.393
5764.393
5766.464
5606.25
5342.464
5439.964
4460.519
4490.593
4253.556
4417.154
4419.385
4419.385
4504.308
4788.077
5086.538
5171.462
5242.538
5282
5597
5599.231
5614
5844.192
6027.115
6058.346
6129.423
6214.346
6529.346
6759.538
7058
7240.923
7325.846
6641.192
6672.423
6902.615
7201.077
7286
7468.923
7325.846
6458.269
6543.192
6841.654
7071.846
7254.769
7286
7357.077
7556.038
7558.269
7589.5
7674.423
7210.852
7279.296
7213
7324.259
7354.333
7392.333
7695.667
7396.481
7426.556
7498.407
7530.074
7104.143
7396.643
7462.643
6585.107
6754.964
6557.414
6661
6737.138
6739.138
6802.862
6229.793
6420.931
6551.069
6757.448
6833.586
6538.786
6752.536
6754.607
6924.464
6953.464
7167.214
7444.357
7736.857
7749.714
7815.714
7498.407
7164.607
7457.107
7535.964
7549.679
7615.679
7309.464
7320.464
7103.414
7131.414
7399
7681.414
7887.793
8051.793
8065.034
8003.828
8271.414
8553.828
8629.966
8511.552
8169.172
8156.759
8037.034
8065.034
8271.414
8332.621
7722.103
7724.103
7787.828
7863.966
7760.367
7384.241
6976.793
6978.793
7006.793
7042.172
7324.586
7488.586
7501.828
7784.241
7575.862
7605.345
7606.345
7439.379
7452.621
7659
7560.517
7571.138
7316.724
7288.552
7079.8
7352.8
6728.3
6691.138
6691.138
6855.138
6931.276
7137.655
7201.379
7229.379
7511.793
7525.034
7527.034
7513.793
7527.034
7470.552
7676.931
7704.931
7911.31
8034.069
8047.31
8049.31
7340.241
7403.966
7363.207
7439.345
7706.931
7216.138
7498.552
7704.931
7972.517
8136.517
8100.793
8136.172
8418.586
8420.586
8484.31
8396.448
7974.103
7704.931
7619.069
7682.793
7400.379
7187.9
7460.9
7972.517
7252.138
7280.138
7562.552
7768.931
7845.069
7858.31
7868.931
7704.931
7730.931
7732.931
7528.034
7236.793
7330.931
7215.552
7315.828
7315.828
7391.966
7289.69
7317.69
7330.931
7537.31
7206
7269.724
7133.724
7297.724
7317.69
7330.931
7613.345
7626.586
6369.034
6575.414
6517.931
5558.429
5637.286
5644.929
5814.786
5828.5
5247.679
5524.821
5738.571
5550.667
5651.778
5486.571
5296.214
5298.286
5327.286
5524.593
5206.926
5275.37
5320.889
5321.963
5326.704
5408.481
5337.889
5514.037
5801.444
5869.889
5872.037
6175.37
5991.464
6283.964
6297.679
6376.536
6405.536
6619.286
6227.929
6306.786
6150.643
5794.75
5796.821
5862.821
5696.034
6178.25
6455.393
6196.964
6410.714
6489.571
6766.714
6832.714
6986.786
6988.857
6328.679
6145.828
6221.966
6428.345
6710.759
5941.448
5954.69
6237.103
6504.69
6540.069
6746.448
6810.172
6886.31
6280.393
6450.25
6368.964
6582.714
6875.214
6954.071
6955.107
6807.357
6289.536
5960.393
6039.25
6075.893
6275.821
6289.536
5336.071
5628.571
5309.143
4608.214
4431.107
4559.929
4573.643
4866.143
4945
5222.143
5392
5470.857
4873.786
4782.679
5059.821
5273.571
5284.571
5285.607
5116.586
5151.966
5164.379
5177.621
5179.621
5207.621
5271.345
5313.724
5119.172
5195.207
5359.345
5361.345
5643.759
5679.138
5692.379
5856.379
6123.966
6187.69
6206.724
6478.517
5655.393
5122.214
4881.714
4918.357
4932.071
5224.571
5226.643
5396.5
5425.5
5506.667
5682.815
5581.556
5613.222
5511.654
5542.885
4430.231
4442.077
4457.692
4294.741
4167.556
4454.519
4536.296
4550.519
4467.852
4771.185
4809.185
4823.407
4468.741
4195.481
4498.815
4506.741
4520.963
4697.111
4656.963
4131.074
4258.259
4479.926
4481
4471.963
4551.296
4854.63
4936.407
4950.63
5160.889
4984.741
4845.038
4916.115
5214.577
5245.808
5316.885
5387.962
5348.115
5531.038
5761.231
6045
6129.923
6129.923
5897.64
5930.12
6120.36
6359.76
6342.56
6670.16
6711.6
6433.68
6243.44
6004.04
6053.2
6127.12
6129.44
6144.8
6042.88
6233.12
6423.36
6457.56
6767.96
6877.16
6899.24
7226.84
6971.2
7003.68
5107.96
5418.36
5745.96
5834.28
5908.2
5459.36
5301.6
5279.52
5265.12
5265.12
5518.8
5607.12
5312
5003.92
4779.846
4779.846
4692.615
4694.846
4726.077
5041.077
5269.038
5125.962
5140.731
5323.654
4205.593
4274.037
4561.444
4864.778
4946.556
4976.63
5279.963
5015
5096.778
5370.037
5312.037
5533.704
5821.111
5997.259
5048.852
5051
4816.111
5037.778
5164.963
5056.37
5138.148
5168.222
4998.259
4162.815
4192.889
4414.556
4590.704
4878.111
4946.556
4050.963
4081.037
3036.407
2680.556
2967.963
2573.885
2573.885
2658.808
2609.308
2648.769
2947.231
2719.846
2767.115
3082.115
3096.885
3136.346
3451.346
3522.423
3607.346
3113.346
3428.346
3084.346
3267.269
2952.269
3205.4
3205.4
3483.32
3557.24
3279.32
3395.64
3483.96
3723.36
3755.84
3757
3769.32
3114.2
3353.6
3664
3737.92
4065.52
4067.84
4065.52
4106.56
4138.48
3497.56
3499.88
3739.28
3929.52
4003.44
3504.48
3383.68
3457.6
3472.96
3514
3602.32
3513.44
3823.84
3472
3662.24
3664.56
3664.56
3903.96
3992.28
3410.4
3451.44
3276.56
3466.8
3703.88
4014.28
4016.6
4104.92
4193.12
3348.8
3351.12
3228
3248.16
3322.08
3410.4
3410.4
3232
3559.6
3592.08
3493.385
3464.385
2949.538
2980.769
3279.231
3239.385
3260.615
3316
3384.444
2874.778
3096.444
3110.667
3083.111
3386.444
3424.444
3134.444
3098.593
3037.63
3259.296
3341.074
3517.222
3279.231
3107.231
3410.385
3422.231
3507.154
3581.769
3487.111
3501.333
3641.222
3643.37
2956.444
3243.852
3325.63
3547.296
3648.407
3554.75
3724.607
3724.607
4001.75
3724.607
2855.571
2643.5
2717.63
2717.63
3020.963
3197.111
3484.519
3043.037
3012.963
3005.037
3181.185
3484.519
3484.519
3063.222
3284.889
3366.667
3296.296
3330.148
3334.889
3422.963
3335.286
3479.75
3558.607
3728.464
3742.179
4034.679
4311.821
4198.517
4262.241
4264.241
4264.241
4546.655
4559.897
4379.893
4416.536
4630.286
4644
3932.893
4102.75
4087.393
3981.828
4264.241
4292.241
4559.828
4623.552
4428.241
3484.897
3691.172
3704.414
4048.393
4100.679
4137.321
4414.464
4416.536
4429.393
4599.25
3528.429
3820.929
3886.929
4100.679
4377.821
4262.241
4264.241
3851.586
4015.586
4028.828
4296.414
4502.793
4386.9
4340.379
4340.379
4546.759
4548.759
4816.345
5098.759
5112
5276
5311.379
4416.536
4453.179
4455.25
4625.107
4422.679
4196.179
4488.679
4432.75
4403.75
4680.893
4759.75
4825.75
4672.586
4622.103
4904.517
5110.897
5146.276
5310.276
5312.276
5376
5643.586
5621.448
5697.586
5440.31
4917.759
5081.759
5157.897
5364.276
5646.69
5357.931
5014.033
4904.517
4917.759
3574.966
3588.207
3623.586
3906
3982.138
4192.643
4219.571
4221.643
4354.857
4099
3942.857
4235.357
4142.893
4221.75
4258.393
4472.143
4474.214
4766.714
4936.571
5229.071
4950.286
3914.259
3610.926
2499.556
2529.63
2598.074
2885.481
3107.148
3283.296
3586.63
3586.63
3600.852
3586.63
3586.63
3118.926
3149
3325.148
3612.556
3915.889
3997.667
3762.778
2551.037
2581.111
2868.519
2815.519
2897.296
2965.741
3066.852
2993.964
2681.741
2985.074
3066.852
3081.074
3148.63
3383.519
3670.926
3892.593
4068.741
4098.815
4167.259
3187.296
3269.074
3299.148
3475.296
3513.296
3595.074
3663.519
3665.667
3969
4000.667
4304
4304
4525.667
4563.667
4565.815
4258
3187.667
3269.444
3572.778
3794.444
3824.519
4000.667
4014.889
4017.037
4085.481
4261.63
4343.407
4224.929
4517.429
4546.429
4760.179
4296.107
4161.214
4453.714
4730.857
4944.607
5114.464
5180.464
5209.464
5423.214
5715.714
4881.214
4883.286
5053.143
5218.036
5284.036
5497.786
5526.786
5371.586
4877.379
3725.414
3931.793
3725.414
3141.714
3432.143
3511
3425.31
3453.31
3659.69
3723.414
3725.414
3931.793
3959.793
3961.793
4025.517
4025.517
4307.931
4384.069
3912.733
3925.533
4168.172
4244.31
3961.793
3187.679
3357.536
3172.786
3465.286
3679.036
3345.75
3347.821
3384.464
3384.464
3370.75
3407.393
3699.893
3778.75
3807.75
3821.464
4035.214
4037.286
3333.667
3030.333
3333.667
3335.815
3365.889
3587.556
3402.111
3333.667
3415.444
3333.667
3363.741
3142.074
3363.741
3637
3705.444
3651.222
3954.556
4023
3915.964
3994.821
3639.148
3669.222
3637
3555.222
3637
3705.444
3813.148
3851.148
3853.296
4074.963
3978.333
3675
3418.704
3348
3416.444
3638.111
3776.259
3814.259
3525.148
3606.926
3637
3858.667
3888.741
3890.889
3568.556
3871.889
3568.556
3428.667
3568.556
3790.222
3820.296
3822.444
3871.889
3232.889
2904.889
3208.222
3246.222
3314.667
3442.154
3527.077
3757.269
3473.385
3544.462
3727.385
3728.5
3761.385
3846.308
2461.385
2476.154
2507.385
2578.462
2406.923
2491.846
2806.846
2740.889
2962.556
3184.222
3471.63
3485.852
3789.185
3870.963
4047.111
4115.556
4153.556
4155.704
4256.815
3953.481
3953.481
3915.111
3982.481
4158.63
4240.407
4462.074
4144.556
4144.556
4226.333
4447.889
4428.556
4430.704
4460.778
4682.444
4190.259
4258.704
4037.148
4075.148
4089.37
4119.444
4341.111
4644.444
4646.593
4676.667
4964.074
5267.407
5443.556
5457.778
5457.778
5462.519
5304.071
5596.571
5253.714
4984.036
5276.536
5276.536
5453.643
5467.357
4766.286
4753.429
4832.286
5046.036
5075.036
5077.107
5124.893
5294.75
5323.75
5325.821
5202.179
4768.893
5046.036
4887.929
4916.929
4930.643
4796
4872.034
4377.483
4390.724
4597.103
4561.724
4609.862
4892.276
4763.4
4765.333
4711.567
4800.633
4683.759
4697
4695
4733.571
4660.679
4674.393
4676.464
4874.75
4953.607
4982.607
4984.25
4847.759
4966.172
4711.759
4775.483
4804.966
4881.103
4882.103
4964.103
4549.786
4433.536
4464.071
4493.071
4373.517
4063.103
4164.69
3807.724
3809.724
4092.138
4256.138
4332.276
4129.69
4157.69
4170.931
4289.357
4581.857
4660.714
4632.25
4632.25
4737.107
4766.107
4935.964
3379.357
3416
3708.5
3787.357
3624.296
2401.037
2170.154
2184.923
2256
2438.923
2523.846
2838.846
2841.077
2873.962
1667.808
1772.808
1667.808
1752.731
1837.654
1727.115
1798.192
2028.269
1687.815
1991.148
2059.593
2347
2568.667
2582.889
2664.667
2886.333
3189.667
3365.815
3395.889
3464.333
3466.481
3480.704
3702.37
3740.37
3822.148
3998.296
4066.741
4080.963
4111.037
4113.185
4005.704
3974.037
4062.926
3841.259
4062.926
3994.481
4008.704
3789.185
4092.519
4174.296
4395.963
4484.037
4481.222
3696.148
3917.815
4221.148
4251.222
4319.667
4401.444
4104.407
4106.556
3841.259
4062.926
3797.593
3797.593
4100.926
4182.704
4219.192
4363.538
4149.885
4220.962
4235.731
4534.192
4162.885
4125.654
4355.846
4538.769
4408.667
4477.111
4477.111
4780.444
4062.926
3714.074
3795.852
3864.296
3902.296
3970.741
4000.815
4176.963
4191.185
4272.963
4576.296
4526.185
3712.296
3933.963
3712.296
3726.519
3733.222
3763.296
3765.444
3847.222
3974.407
3794.593
3902.296
3680.63
3902.296
3956.519
3970.741
3865.571
3684.071
3762.929
3776.643
3976.679
4253.821
4027.321
4319.821
3561.429
3640.286
3932.786
3832.552
3691.034
3638.552
3666.552
3872.931
3874.931
3797.172
3782.414
3642.552
3718.69
3731.448
3795.172
4001.552
3762.929
3841.786
4118.929
4332.679
4334.75
4220.655
4503.069
4516.31
4680.31
4744.034
4950.414
5026.552
4620.1
4622.033
4634.833
4696.433
4895.933
4908.733
4982.333
4299.167
4301.1
4559.767
4835.414
4708.433
4696.433
4758.033
4526
4553.067
4555
4567.8
4799
4696.433
4696.433
4969.433
5168.933
5010.4
4965.241
5232.828
5233.828
5244.448
5248.862
5108.1
4658.933
4693.133
4608.2
4669.8
4709.2
4982.2
5240.867
5126.4
5126.4
5128.333
5162.533
5224.133
4746.133
4782.241
4858.379
4807.897
4871.621
4669.833
4942.833
5003.633
4860.379
4717.724
4924.103
4183.621
4259.759
4273
4367.138
4634.724
4514.433
4539.567
4541.5
4554.3
4615.1
4888.1
4676.7
4429.5
4514.433
4416.7
4418.633
4452.833
3672.2
3140.533
3399.2
3412
3672.2
3672.2
3733.8
3807.4
4080.4
4107.467
4366.133
4565.633
4724.167
3859.4
3985.3
4058.9
4198.862
4362.862
4059.552
4059.552
4095.276
3931.276
3992.483
4005.724
4288.138
4406.552
4417.172
4238.793
4239.793
4244.207
4263.241
4102.667
4302.167
4244.241
4450.621
4614.621
4642.621
3928.517
3900.517
4168.103
4181.345
4168.103
4374.483
4332.103
4360.103
4013.966
4132.379
4208.517
4272.241
4437.276
4168.103
4156.862
4071
4132.724
4168.103
3961.724
4168.103
4244.241
4279.464
4316.107
4329.821
4395.821
3425.714
3504.571
3666.138
3933.724
3961.724
4104.379
4168.103
4181.345
4463.759
4731.345
4759.345
4760.345
4842.345
4861.379
4586.071
4293.571
4067.071
4280.714
4557.857
4771.607
4607.714
4500.429
4452.593
4534.37
4635.481
4640.222
4670.296
4505.571
4782.714
4848.714
5018.571
5232.321
5261.321
5246.036
5232.321
5311.179
5313.25
5586.036
5599.75
5359.25
5573
5742.857
5756.571
5756.571
6033.714
5685.286
4609.429
4688.286
4439.571
4543.429
4264.643
4543.429
4806.857
5020.607
5031.607
5324.107
5114.929
4344.393
4296.071
4387.071
4400.357
4414.071
4416.143
4400.786
4479.643
4325.071
3991.929
4028.571
4040.214
4106.214
4203.607
4373.464
4665.964
4540.448
4616.586
4618.586
4682.31
4710.31
4710.31
4712.31
4593.897
4402.448
4444.724
4684.31
4710.31
4500.207
4182.414
4258.552
4540.966
4604.69
4811.069
4786.103
5068.517
5096.517
5184.379
5013.379
4568.966
4604.69
3799.31
3771.31
3679.8
3647.533
3647.533
3042.733
3315.733
3317.667
3344.733
3391.267
3425.467
3584
3645.6
3679.8
3805.233
3618.533
3645.6
3804.133
4077.133
4089.933
4163.533
4422.2
4312.645
4314.516
4374.129
4567.194
4760.258
4772.645
4360.935
4374.806
4625.129
4818.194
4844.387
4846.258
4905.871
4907.742
4920.129
5073.548
5266.613
5530.806
5593.387
4904.774
4930.968
3978.742
3798.065
3890.467
3952.067
3954
3768.933
3596.839
3847.161
4040.226
4193.645
4264.871
4457.935
4517.548
4543.742
4545.613
4558
4822.194
4975.613
4916
4942.516
4975.613
4756.367
4955.867
4982.933
5062.2
4778.581
5028.903
5293.097
5305.484
5376.71
4704.167
4706.1
4905.6
4937.867
5210.867
5284.467
5060.267
4937.867
4930.733
5094.897
5251.857
5253.929
5319.929
5122.214
5188.214
5480.714
5415.571
5217.286
5387.143
5389.214
5515.964
5338.857
5367.857
5156.179
5369.929
5382.75
5365.393
5535.25
4950.143
4979.143
4981.214
5273.714
5338.857
5424.857
5638.607
5461.5
5631.357
5633.429
5699.429
5192.857
5206.571
5417.714
5095.071
5109.571
5140.107
4203.321
3928.5
3828.414
3856.414
4125.586
3844.759
4112.345
4125.586
4189.31
4125.586
4201.724
4365.724
4393.724
4406.966
4549.621
4613.345
3884.414
3856.414
3920.138
3764.31
3792.31
3998.69
4000.69
4179.179
4181.25
4351.107
4643.607
4674.143
4548.345
4548.345
4561.586
4561.586
4250.828
4314.552
4548.345
4550.345
4371.966
4548.345
4561.586
4637.724
4637.724
4844.103
4872.103
4846.103
5128.517
4844
4624.483
4659.862
4823.862
4887.586
4889.586
4917.586
5200
5467.586
4566.793
4536.793
4564.793
4139.69
4175.069
4238.793
4240.793
3809.034
4091.448
4077.034
4119.414
4147.414
4149.414
4225.552
4225.552
4195.552
4145.414
4173.414
4208.793
4280.414
4449.414
4613.414
4139.517
4035.733
4062.8
4097.333
4255.867
3673
3674.933
3947.933
3816.467
4075.133
4035.733
4294.4
4008.6
4082.1
4086.367
4285.867
4300.2
4499.7
4573.3
4831.967
4859.033
4920.633
4659.633
4932.633
4966.833
5028.433
4920.633
4727.567
4789.167
4636.2
4822.9
4907.833
5180.833
4918.7
4920.633
4918.7
4920.633
4982.233
4854.613
4833.129
5064.226
5066.097
5125.71
5196.935
5350.355
4414.219
4656.719
4682.094
4694.094
4841.844
4867.219
4869.031
4437.313
4495.063
4682.094
4830.719
4682.094
4739.844
4899.219
4924.594
4462.75
4464.563
4496.625
4712.806
4866.226
4794.733
4794.733
4994.233
5055.833
5043.033
5077.233
5230.172
5331.586
5359.586
5337.25
5350.964
4629
4633.571
4910.714
4875.25
4972.75
5051.607
5065.321
5067.393
5281.143
5347.143
5639.643
5668.643
5759.643
4972.75
4974.821
5267.321
4726.179
4867.036
4867.036
4880.75
4946.75
4465.107
4757.607
4864.893
4827.893
4906.75
4972.75
5249.893
5315.893
5344.893
5423.75
5437.464
5651.214
5653.286
5493.724
5776.138
5839.862
5867.862
5839.862
5700
5669.172
5476.034
5478.034
5506.034
5569.759
5599.241
5604.214
5633.214
5712.071
5778.071
5808.607
5643.69
5926.103
5926.103
6002.241
6031.724
6045.724
5846.133
5907.733
6051.533
6020.4
6111.4
6112.367
6130.767
5839.194
5812.677
5654.613
5345.387
5416.613
5498.806
5500.677
5048.097
5081.194
5345.387
5609.581
5223.548
5416.613
4843.548
4903.161
4881.5
4908.567
5108.067
5266.6
5287.6
5546.267
5253.067
5287.267
5560.267
5633.867
5587.667
5253.067
4850.333
4884.533
5084.033
4809.033
4511.133
4572.733
4597.867
4106.567
4306.067
4379.667
4611.267
4810.767
4969.3
5042.9
5069.967
5131.567
5404.567
5782.379
5810.379
5812.379
5825.621
5989.621
6065.759
6159.897
6226.034
5530.966
5612.966
5623.586
5573.862
5320.931
5387.828
5523.828
5537.069
4893.966
4921.966
5189.552
5471.966
5548.103
5752.483
5752.483
5410.103
5412.103
5576.103
5611.828
5576.103
5740.103
6007.69
6290.103
6366.241
6429.966
6540.345
6367.207
6512.172
6272.586
6540.172
6575.897
6779.759
6986.138
7080.276
7099.31
7109.931
7123.931
5993.033
5051.933
5310.6
5337.667
5339.6
5239.467
5313.067
5325.867
5598.867
5525.267
5325.867
5484.4
5683.9
5694.167
5446.2
5447.167
5465.567
4986.767
5060.367
4899.733
4961.333
5038.8
5103.467
5131.967
4986.967
4885.71
5136.032
5289.452
5322.548
5324.419
5324.419
5477.839
5357.516
5357.516
5417.129
5253.194
5324.419
5548.548
5548.548
5574.742
5838.935
5670.806
5683.194
5324.419
5239.484
5392.903
5585.968
5850.161
5921.387
5794.161
5853.774
5740.387
5653.033
5503.774
5529.968
5589.581
5853.774
5879.968
5892.355
5706.194
5866.161
5855.645
5926.871
6119.935
6135.258
6194.871
6077.133
4130.9
4157.967
4219.567
4378.1
4405.167
4378.1
4577.6
4651.2
4534.258
4546.645
4548.516
4574.71
4119.839
4146.032
4267.871
4339.097
4410.226
4205.645
4455.968
4457.839
4269.129
4376.355
4159.129
4352.194
4616.387
4769.806
4771.677
4797.871
4830.968
5095.161
5319.29
5472.71
5505.806
5518.194
5544.387
5794.71
5794.71
5548.516
5204.313
5273.313
5305.375
5363.125
5511.75
5388.5
5619.063
5806.094
5831.469
5889.219
5901.219
5903.031
5972.031
6120.656
6146.031
6388.531
6446.281
6458.281
6460.094
6486.813
6054.875
6086.938
6098.938
6100.75
6249.375
6318.375
6299.344
6255.719
6230.344
6255.719
6415.094
6230.344
6333.219
6296.281
6321.656
6379.406
6448.406
6646.594
6609.194
6873.387
6626.032
6653.613
6478.355
5953.839
5980.032
5966.226
5510.839
5537.032
5730.097
5994.29
6053.903
6094.871
6107.258
6371.452
6357.581
6131.419
6152.129
6164.516
6410.967
6186.5
6140.3
5879.3
6152.3
6165.1
5900.633
6173.633
6162.767
6321.3
6126.633
6160.833
6433.833
6234.433
6137.5
5944.8
5946.733
6146.233
6358.172
6386.172
6468.172
6468.172
6478.793
6278.103
5995.69
6278.103
6064.379
5993.7
6055.3
6044.433
6046.367
6050.633
5971.367
5811.839
5839.419
6032.484
6058.677
6013.645
5836.129
5853.935
5925.161
5951.355
6022.581
6024.452
6274.774
6307.871
6461.29
6473.677
6666.742
6726.355
6474.548
6738.742
6990.548
6726.355
6731.484
6791.097
6862.323
7055.387
6997.645
7021.968
7175.387
7201.581
7291.3
6759.133
7018.207
7224.586
7507
7520.241
7252.207
7281.69
7375.828
7317.069
7345.069
7408.793
7502.931
7579.069
7661.069
7928.655
7933.069
7962.552
7275.966
7311.345
7517.724
7530.966
7731.655
7885.034
7951.172
7815.724
7589.4
7651
7724.6
7501.533
7563.133
7534.133
7607.733
7561.2
7404.6
7377.533
7404.6
7171
7429.667
7096.5
7123.567
7185.167
7197.967
7213.133
7241.633
7243.567
7027.533
7286.2
7299
7300.933
7374.533
7384.8
7125.633
7152.7
7096.233
7169.833
7369.333
7642.333
7707
7458.387
7470.774
7382.452
7535.871
6832.935
6859.129
6718.323
6871.742
6884.129
6886
6931.032
6990.645
7134.433
7136.367
7136.367
7209.967
7237.033
7209.633
7283.233
7244.167
7443.667
7716.667
7510.033
7264.1
7522.767
7535.567
7545.833
7610.5
7611.933
7517.935
7589.161
7591.032
7319.839
7187.129
6889.581
6738.032
7002.226
6814.742
6807.839
6627.156
6626.688
6630.688
6472.719
6541.719
6616.031
6663.727
6898.879
6911.848
6913.606
7105.788
7012.606
7068.606
7080.242
6954.879
6979.485
7123.606
7304.97
7540.121
7788.303
7855.212
7712.848
7529.727
7673.848
7740.758
7922.121
7946.727
7866.848
7891.455
7893.212
8037.333
8093.333
8341.515
8576.667
8643.576
8824.939
8783.212
9244.625
9431.656
9489.406
8720.813
8976.75
9219.25
9367.875
9393.25
9431.656
9457.031
9484.594
9511.313
9580.313
9441.313
9067.313
9215.938
9179
9234.469
9235.375
9296
9322.719
9051.848
9076.455
9143.364
9287.485
9343.485
9591.667
9773.03
9831.818
9914.545
9653.118
9793
9804.294
9567.576
9735.818
9879.939
9892.97
9632.176
9808.206
9819.5
9171.941
9412.824
9443
9497.353
9454.294
9594.176
9389.824
9618.059
9794.088
9148.471
9213.412
9389.353
9413.235
9412.382
9047.118
9112.059
9137.206
9122.382
8969.088
9145.118
9373.353
9614.235
9624.824
9308.912
9363.265
9262.265
9438.294
9503.235
9557.588
9313.829
9547.829
9769.543
9771.2
9782.171
9918.057
10139.771
10310.771
10457.343
10394.257
10607.171
10630.371
10374.486
10385.457
10448.543
10501.343
10513.571
10524.543
10524.543
10501.343
10672.343
10894.057
11128.057
11191.143
10478.143
10501.343
10152.343
10215.429
10239.857
10295.286
10363.229
10366.886
10366.886
10327
10017.583
9826.514
9889.6
10111.314
10226.886
10460.886
10198.806
10330.917
10270
10292.556
10316.306
10217.222
10349.333
10416.611
10223.472
10114.361
10125.028
10289.667
10066.528
10055.861
10078.417
10007.639
10235.139
10286.472
10300.722
10466.972
10489.528
10543.417
10709.667
10709.667
10537.944
10729.75
10467.486
10596.027
10536.351
10537.919
10597.595
10817.378
11027.108
10596.027
10624.027
10683.703
10467.486
10596.027
9900.162
9927.892
9949.838
9951.405
10079.946
10017.081
9533.162
9554.73
9628.514
9651.622
9715.892
9719.351
9611.703
9833.054
9892.73
8968.162
8971.622
8762.526
8724.211
8929.632
9054.789
9149.378
9199.324
9213.189
9272.865
9276.324
8773.216
8795.162
8845.108
9066.459
9126.135
8989.946
8656.27
8678.216
8839.973
8796.054
8924.595
8984.27
8752.595
8780.324
8916.27
9126
9062.676
9084.622
9095
9096.568
8946.514
9156.243
9206.189
9173.865
9375.75
9209.5
9232.056
8928.889
8932.444
8882.722
8936.611
8951.944
8843.583
8975.694
9004.194
9026.75
9088.083
9089.694
8728.389
9119.457
9159.343
8722.171
8943.886
8973.2
8954.857
8840.514
9011.514
9147.4
9096.257
7983.914
8119.8
8290.8
7587.143
7588.8
7618.114
7438.412
7462.294
7387.353
7185.735
7361.676
7333.735
7345.029
7368.912
7597.147
7608.441
7399.382
7539.265
7604.206
7780.235
7804.118
7805.824
7099.206
7110.5
7009.794
7149.676
7084.735
7086.441
7151.382
6803.588
6833.765
6822.471
6833.765
6603.382
6603.382
6540.147
6594.5
6659.441
6835.471
6823.176
6596.647
6607.235
6654.118
6678
6516.514
6527.486
6698.486
6834.371
6701.6
6478.571
6712.571
6712.571
6935.6
5986.265
6126.147
6302.176
6326.059
6327.765
6151.735
6133.529
5934.8
5677.6
5838.294
5892.647
6133.529
6119.676
6084.5
6108.382
6349.265
6108.382
6162.735
6338.765
6340.471
6480.353
6545.294
6575.471
6599.353
6840.235
7081.118
7135.471
7146.765
7176.941
7241.882
6599.353
6840.235
6659.206
6713.559
6715.265
6751.412
6816.353
6840.235
6840.235
6978.412
6709.059
6732.941
6763.118
7004
6818.788
6874.788
7018.909
6475.909
6657.273
6740
6740.879
6621.364
6761.545
6817.545
6760.545
6747.424
6928.788
6953.394
6955.152
7099.273
6492.576
6559.485
6142.485
6167.091
6348.455
6492.576
6492.576
6559.485
6584.091
6585.848
6597.485
6741.606
6573.5
6627.853
6773.706
6495.853
6477.647
6501.529
6641.412
6695.765
6707.059
6708.765
6937
7001.941
6831.2
6854.4
6917.486
7151.486
7322.486
7333.457
7335.114
7556.829
7692.714
7863.714
7886.914
7696.333
7757.667
7984.361
7629.889
7631.5
7631.5
7465.25
7415.944
7631.5
7824.5
7847.056
7642.167
7323.139
7453.639
7514.972
7537.528
7681.222
7682.028
7692.028
6701.333
6711.333
6722
6903.771
7137.771
6754.057
6988.057
7209.771
7239.086
7240.743
7411.743
7464.543
7600.429
7611.4
7335.857
7506.857
7728.571
7864.457
7887.657
7916.971
7907.657
7918.629
7980.057
7198.886
7209.857
7272.943
7408.829
6593.722
6809.278
6860.611
6656.5
6771.417
6057.971
6064.265
6088.147
6089.853
6229.735
5860.265
5579.382
5633.735
5698.676
5926.912
6066.794
6000.235
5608.088
5848.971
5771.441
5999.676
6023.559
5529.758
5764.909
5776.545
6024.727
5877.706
5942.647
5629.882
5619.294
5784.029
5848.971
5872.853
6012.735
6240.971
6481.853
6393.029
6569.059
6121.971
5923.912
5192.529
5257.471
5194.235
5435.118
5637.061
5648.697
5512.735
5740.971
5795.324
5814.206
6055.088
6120.029
5772.735
5784.029
5795.324
5935.206
6111.235
6112.941
5436.5
5501.441
5558.5
5567.559
4761.818
4943.182
5191.364
5247.364
5271.97
5338.879
5363.485
5507.606
5724.697
5700.03
5711.667
5713.424
5894.788
5925.879
5144.697
5379.848
5000.576
5002.333
5002.333
4935.515
4835.121
4844.455
4813.061
5061.242
5205.364
5386.727
5621.879
5688.788
5744.788
5992.97
5879.939
5904.545
6022.303
5924.313
5967.938
5213.469
5298.781
5373.094
5399.813
5263.875
5339.515
5483.636
5437.875
5394.594
5381.906
5539.094
5726.125
5924.313
6072.938
6328.875
6571.375
6564.688
6751.719
5884.25
5670.121
5670.121
5737.03
5737.03
5748.667
5603.375
5672.375
6107.161
6109.032
6302.097
6328.29
6592.484
6332.968
6392.581
6392.581
6225.71
6379.129
6463.71
6534.935
6404.194
6597.161
6623.355
6887.548
6873.677
6217.258
6217.258
6276.871
6469.935
6623.355
6656.452
6727.677
6787.29
6864
6540.194
6733.258
6804.387
6864
6890.194
6517.516
6446.29
6446.29
6457.903
6611.323
6804.387
6864
6492.719
6057.129
6124.226
6126.097
6138.484
6388.806
6581.871
6846.065
6872.258
6007.645
6033.839
5872.355
6122.677
6193.903
6253.516
6091.645
6095.774
5845.387
6109.581
6109.581
6111.452
6304.516
6304.516
6042.194
6068.387
6244.903
6304.516
5284.613
5548.806
4794.226
4798.355
4680.469
4834.594
4903.594
5090.625
4878.219
4903.594
4786.091
4423.455
4604.818
4853
5088.152
5232.273
5256.879
5268.515
4755
4506.818
4755
5003.182
5027.788
4250.364
4322.424
4389.333
4413.939
4439.848
4310.971
3838
3892.353
3894.059
4070.088
4310.971
4111.059
4134.941
4310.971
4551.853
4563.147
4287.529
4311.412
4487.441
4627.324
4681.676
4721.029
4354.059
4530.088
4531.794
4772.676
4796.559
4586.147
4827.029
4849.206
4849.206
4531.794
4155.941
4060.824
4236.853
4465.088
4604.971
4388.029
4267.029
4507.912
4531.794
4543.088
4531.794
4561.971
4546.382
4551.382
4561.971
4556.941
4543.294
4415.143
4380.029
4287.343
3958.914
4022
4193
4244.143
4221.457
4455.457
4508.257
4537.571
4548.543
4509.121
4509.121
4064.121
4312.303
4456.424
4481.03
4537.03
4548.667
4579.758
4761.121
4996.273
4998.03
5008.576
5164.03
5188.636
5436.818
5474.031
5504.594
5357.781
5544.813
5570.188
5512.438
5050.031
5062.031
5063.844
5306.344
5493.375
5642
5699.75
5333.406
5345.406
5377.469
5379.281
5437.031
5462.406
5464.219
5706.719
5962.656
5974.656
6161.688
6193.75
6342.375
5506.031
5437.031
5449.031
5598.688
5598.688
5624.063
5438.844
5138.094
5286.719
5342.656
5368.031
5437.031
5437.031
5437.031
5462.406
5437.031
5291.813
5382.688
5440.438
5465.813
5492.531
5062.5
4320.031
4493.094
4562.094
4587.469
4736.094
4923.125
5179.063
4907.333
4909.091
4920.727
4468.727
4480.364
4511.455
4759.636
4826.545
5018.727
5042.438
5040.625
5072.688
5062.5
4831.938
5062.5
4745.219
4733.219
4792.031
4786.719
4844.469
4876.531
2905.5
3161.438
3230.438
3232.25
3257.625
3289.688
3438.313
3680.813
3936.75
3994.5
4123.355
4149.548
4182.645
4242.258
4244.129
4256.516
4046.567
4059.367
4258.867
4260.8
4287.867
4299.867
4334.4
4260.8
4036.6
4236.1
4238.033
4265.1
4338.7
4497.233
4258.433
4197.633
4259.233
4532.233
4497.233
4270.767
3922.233
3924.167
4197.167
4231.367
4258.433
4161.5
4118.067
4130.067
4002.867
4202.367
4036.7
4195.233
4197.167
4231.367
4233.3
4246.1
4197.167
4270.767
4429.3
4490.9
4197.167
4170.1
4197.167
4355.7
4230.767
3709.5
3736.567
3737.533
3650.065
3914.258
4164.581
4044.258
4115.484
4268.903
4011.161
4164.581
4357.645
4428.871
4037.355
4039.226
4011.161
4070.774
3663.355
3675.742
3939.935
4011.161
3962.065
3963.935
3963.935
4011.161
2949.516
3009.129
3078.484
2601.161
2754.581
2947.645
2791.129
2862.355
2921.968
2923.839
3188.032
3221.129
3247.323
3497.645
2306.433
2134
2333.5
2407.1
2565.633
2575.9
2168.097
2169.968
2182.355
2241.968
1878.194
2142.387
2175.484
2177.355
2370.419
2551
2265.323
2277.71
2337.323
2370.419
2608.419
2610.29
2669.903
2741.129
2894.548
2146.613
2396.935
2430.032
2136.677
2400.871
2224.548
2284.161
2317.258
2329.645
2342.032
2606.226
1791.7
1804.5
1531.5
1533.433
1560.5
1634.1
1792.633
1854.233
2053.733
2144.733
2144.733
2157.533
2344.233
2376.5
2649.5
1985.233
2064.5
1744.5
1757.3
1791.5
2064.5
2138.1
2155.5
1886.767
2146.967
2405.633
2605.133
2632.2
2705.8
2767.4
2925.933
2858.267
2686.433
2514
2514.967
2519.233
2592.833
2773.387
2833
2845.387
2785.774
2845.387
2834.871
2841.258
3017.387
3210.452
3460.774
3724.968
3796.194
3855.806
3906.323
2940.677
2817.516
2712.871
2784.097
2784.097
2579.516
2740.806
2740.806
2767
3017.323
3170.742
3434.935
3506.161
3518.548
3520.419
3475.387
3628.806
3821.871
4072.194
3449.194
3449.194
3520.419
3532.806
3487.774
3489.645
3407.452
3671.645
3825.065
3620.484
3695.097
3754.71
3947.774
3980.871
4052.097
4078.29
4328.613
4482.032
4746.226
4899.645
4925.839
4985.452
4291.226
4541.548
4734.613
4805.839
4467.774
4300.548
4302.419
4328.613
4399.839
4664.032
4817.452
5103.933
5376.933
5635.6
5732.533
5759.6
5821.2
4904.433
4938.633
4951.433
5013.033
4904.433
5177.433
5335.967
5170.667
5370.167
4984.667
4773.267
4677.467
4950.467
4984.667
4984.667
5257.667
5416.2
5331.267
5072.6
5072.6
5074.533
4984.667
3406.4
3679.4
3837.933
3817.3
3819.233
3832.033
3905.633
3932.7
3714.9
3973.567
4132.1
4144.9
4146.833
4178.633
4205.7
3139.9
3412.9
3439.967
3598.5
3598.5
3367.467
3395.967
2965.4
2938
2986.8
2938
2903.8
2938
3137.5
3139.433
3297.967
3570.967
3632.567
3659.633
3733.233
3891.767
3953.367
3955.3
3982.367
4016.567
4216.067
4218
4052.7
4325.7
4330.533
4489.067
4374.6
4448.2
4461
4462.933
4735.933
4797.533
4997.033
4518.967
4500.967
4215.167
4306.167
4200.355
4212.742
4153.129
4403.452
4481.129
4507.323
4700.387
4745.419
4755.355
4639
4147.065
4411.258
3739.097
3772.194
3798.387
3991.452
4051.065
4052
3786.806
3858.032
3891.129
3950.742
3952.613
4216.806
4349.323
3886.677
3804.484
3786.613
3605.935
3607.806
3634
3693.613
3886.677
3886.677
4040.097
4233.161
4483.484
4516.581
4542.774
4328.194
4288.548
4481.613
4483.484
3752.032
3905.452
3376.194
3184.968
3378.032
3466.097
3470.226
3496.419
2746.2
2780.4
2793.2
2854.8
3127.8
3192.467
3219.533
3229.8
3158.71
3312.129
3373.419
3316.161
3316.065
2928.258
2954.452
2956.323
3149.387
3220.613
3484.806
3638.226
3188.323
3060.613
3120.226
3153.323
3346.387
3348.258
3159.871
2328.226
2481.645
2569.71
2597.29
2601.419
2602.355
2628.548
2646.355
2679.452
2453.387
2717.581
2646.355
2646.355
2717.581
2719.452
2969.774
3123.194
3182.806
3215.903
3480.097
3506.29
3518.677
3672.097
3645.903
3399.774
3325.594
3383.344
3408.719
3221.688
3221.688
3408.719
3335.406
3373.813
3431.563
3433.375
3501.469
3598
3683.313
3708.688
3864.844
4120.781
4130.406
4155.781
4157.594
4226.594
4413.625
4482.625
4508
4750.5
4937.531
4949.531
4951.344
5207.281
5355.906
5413.656
5420
4940.094
5170.656
5413.156
5438.531
5507.531
5656.156
5713.906
5443.25
5462.156
5487.531
5556.531
5663.844
5663.844
5665.656
5691.031
5359.875
5615.813
5802.844
5804.656
5862.406
6011.031
5740.875
5798.625
5800.438
5987.469
6012.844
5920.156
5989.156
6001.156
6188.094
6304.656
6336.719
6362.094
5619.906
5862.406
5793.406
5862.406
5920.156
5831.094
5673.848
5684.758
5684.758
5740.758
5922.121
5994.182
6061.091
6119.879
5970.059
5981.353
6222.235
6223.941
6363.824
6375.118
6399
6575.029
6639.971
6868.206
6922.559
6924.265
6954.441
7008.794
6834.471
6948.394
7196.576
7221.182
7398.719
7425.438
7450.813
6984.969
6985.875
6911.563
6871.063
6674.485
6855.848
6741.394
6561.455
6617.455
6761.576
6941.182
6942.939
6674.485
6699.091
6700.848
6767.758
6012.242
6035.394
6270.545
6518.727
6522.606
6666.727
6790.333
6791.212
6815.818
6619.182
6424.5
6419.206
6660.088
6671.382
6695.265
6835.147
6889.5
7065.529
6900.765
6930.941
6915.353
6839.412
6841.118
7082
7310.235
7375.176
7149.794
7163.647
7161.879
6405.667
6531.03
6779.212
7014.364
7038.97
7094.97
7161.879
7130.788
7312.152
6921.059
7161.941
7226.882
6964.118
6975.412
6986
7040.353
6823.353
6494.853
6723.088
6711.794
6498.912
6514.5
6539.647
6715.676
6956.559
7010.912
7012.618
7023.912
7047.794
7157.5
7211.853
7226.941
7455.176
6947.176
7012.118
6682.059
6910.294
6995.824
7019.706
7021.412
7025.176
7192.147
7193.853
7217.735
7244.273
7492.455
7297.242
7364.152
7508.273
7481.091
7537.091
7561.697
7326.25
7513.281
7571.031
7339.281
7339.281
7323.25
7471.875
7497.25
7555
7580.375
7362.303
7393.394
7395.152
7462.061
7710.242
7945.394
7335.576
7459.182
7344.727
7264.03
7320.03
7344.636
7276.061
7277.818
7212.667
7001.727
7057.727
7305.909
7382.394
7267.939
7266.182
7277.818
7420.182
7421.939
6990.091
7057
7292.152
7307.697
7333.606
7337.485
7346.818
7304.515
7387.242
7568.606
7580.719
7612.781
7681.781
7691.406
7716.781
7959.281
7959.281
7986
8043.75
7811.636
7813.394
7938.758
8186.939
7787.03
7788.788
7813.394
7400.909
7178.545
7190.182
7089.188
7158.188
7146.938
7232.25
7380.875
7301.156
7018.031
7205.063
7230.438
7232.25
7301.25
7236.25
7198.563
7200.375
6825.094
6882.844
6930
6806.75
6833.469
6638.03
6873.182
6888.727
6899.636
6924.242
6535.03
6617.758
6643.667
6588.147
6414.265
6238.235
6262.118
6503
6514.294
5860.529
6088.765
6143.118
6283
6313.176
5879.545
5935.545
6091
6339.182
6406.091
6641.242
6652.879
6654.636
6798.758
6255.242
6229.333
6253.939
6007.515
6038.909
6038.909
6049.818
6121.394
6369.576
6237.091
5716.333
5740.939
5731.061
5979.242
6038.875
6225.906
6403.313
6645.813
6794.438
5714.688
5772.438
5797.813
5946.438
5978.5
5990.5
6233
6233.906
5781.344
5388.844
5457.844
5339.719
5595.656
5627.719
5639.719
5697.469
5305
5145.281
5139.938
5208.938
5269.563
5279.188
5291.875
5118.545
5149.636
5293.758
5360.667
5608.848
5844
5868.606
6049.97
6105.97
6117.606
6037.667
6068.758
6211.121
6190.939
6246.939
6246.939
6495.121
6485.242
6097.848
6108.758
5705.121
5608.455
5456.147
5510.5
5534.382
5577.441
5642.382
5666.265
5894.5
6135.382
6311.412
6317.059
6231.529
6082.8
6316.8
6327.771
6350.971
6352.629
6208.147
6148
6214.909
5846.515
6027.879
6172
6407.152
6655.333
6679.939
6690.848
6642.909
6426.121
6493.03
6517.636
6765.818
6712.03
6856.152
6685.697
6676.697
6759.424
6536.576
6484.206
6514.382
6568.735
6570.441
6581.735
6040.206
6281.088
6346.029
6400.382
5713.147
5853.029
6081.265
5980.265
6008.735
5326.412
5567.294
5795.529
5860.471
5914.824
6090.853
6081.265
6309.5
6550.382
6726.412
6780.765
6810.941
6875.882
6822.235
6998.265
7063.206
7203.088
7204.794
6811.294
6586.824
6708.5
6415.265
6269.706
6334.647
6343.706
6328.618
6393.559
6479.088
6527.971
6761.971
6932.971
7014.294
7016
7155.882
7220.824
7275.176
7503.412
7518.5
7460.794
6522
6672.441
6696.324
6707.618
6708.471
6306.206
6547.088
6558.382
6309.971
6390.265
6377.529
6379.235
6394.324
6445.629
6468.829
6479.8
6552.6
6615.686
6599.8
6542.853
6006.235
6166.824
6197
6208.294
6384.324
6625.206
6649.088
5450.676
5475.824
5553.371
5606.171
5669.257
5890.971
5920.286
6056.171
5516.6
5614.714
5625.686
5579.229
5813.229
5984.229
6007.429
6009.086
6038.4
6038.4
5473.114
5391.686
5414.886
5128.371
5157.686
5391.686
5614.714
5625.686
5443.8
5454.771
5507.571
5666.029
5621.971
5630.765
5806.794
5572.206
5801.794
5260.176
5436.206
5437.912
5478.971
5502.853
5387.03
5443.03
5458.576
5288.848
5347.515
5359.152
5347.515
5280.182
5304.788
5316.424
5564.606
5347.515
5414.424
5118.788
5118.788
4950.061
4974.667
4976.424
5120.545
5132.182
5188.182
5507.031
4839.813
4865.188
5052.219
5006.781
5262.719
5193.813
5436.313
5505.313
5563.063
5648.375
5722.688
5723.594
5486.818
5232.212
5203.469
5390.5
4910.156
4922.156
5178.094
5190.094
5432.594
5457.969
5713.906
5782.906
5931.531
5933.344
6081.969
6231.625
6233.438
6265.5
6508
6763.938
6832.938
6657.906
6715.656
6453.031
6510.781
6753.281
6822.281
6785.344
6843.094
6055.813
6057.625
6126.625
5952.606
6133.97
6382.152
6548.636
6573.242
6575
6483.97
6550.879
6799.061
6810.697
7045.848
6579.727
6723.848
6779.848
6804.455
7039.606
7287.788
7291.667
7473.03
7539.939
6532.636
6599.545
6794.531
6806.531
6838.594
5180.969
5436.906
5679.406
5711.469
5769.219
5771.031
5797.75
5691.375
5458.313
5357.806
5359.677
5430.903
5490.516
5740.839
5894.258
5920.452
5932.839
5759.438
5828.438
5330.938
5573.438
5598.813
5600.625
5749.25
5896.063
5318.813
5350.875
5419.875
5421.688
5608.719
5864.656
5922.406
6086.935
5781.677
5794.065
5649.839
5914.032
5839.194
5898.032
6148.355
6207.968
6224.516
6295.742
6449.161
5946.129
6008.71
6034.903
6036.774
6229.467
5740.7
5616.367
5616.367
5889.367
6088.867
6100.867
6113.667
6272.2
6299.267
6322.933
6335.733
6535.233
6537.167
6596.833
6613.933
6546.4
6125.767
6082.567
5868.4
5779.733
5806.8
4578.2
4777.7
4936.233
4997.833
4999.767
5026.833
5185.367
5224.767
5286.367
5299.167
4313.1
4340.167
4404.833
4434.233
4462.733
4462.733
4661.333
4674.133
4735.733
4809.333
3841.567
3287.233
3348.833
3480.3
3507.367
3520.167
3580.967
3581.933
3609
3867.667
3581.933
3609
3756.774
3949.839
4200.161
4202.032
4235.129
4306.355
4318.742
4378.355
4145.613
4147.484
4173.677
4244.903
4244.903
4437.968
4628.677
4654.871
4808.29
4919.065
4930.677
4990.29
5183.355
5195.742
5228.839
4924.258
5117.323
5188.548
5341.968
5190.419
5214.742
5077.677
5270.742
5521.065
5531
5602.226
5459.219
5484.594
5671.625
5927.563
5330.656
5300.406
5300.406
5325.781
5358.156
4950.625
5137.656
5286.281
5311.656
5242.656
5300.406
5325.781
5581.719
5593.719
5609.75
5852.25
5921.25
5930.875
4912.594
5168.531
5366.719
5398.781
5410.781
5479.781
5489.406
5132.406
4763.281
4765.094
5007.594
5076.594
5101.969
5250.594
5121.313
5121.313
5133.313
5179.063
5366.094
5423.844
5449.219
5461.219
5609.844
5611.656
5696.969
5765.969
5914.594
6157.094
6413.031
6438.406
6254.939
6256.697
6438.061
6504.97
6514.303
6300.529
6324.412
6500.441
6565.382
6473.176
6038.765
6268.353
6318.206
6329.5
6359.676
6414.029
6642.265
6349.029
6589.912
6317.441
6328.735
6383.088
6394.382
6424.559
6665.441
6730.382
6958.618
6982.5
7186.853
7210.735
7265.088
7057.441
6966.121
7147.485
7214.394
7215.273
7239.879
7295.879
7362.788
6966.212
6967.97
7112.091
7136.697
7328.879
7508.485
7653.515
7665.152
7653.515
7888.667
7913.273
7876.727
7664.364
7720.364
7405.333
7168.788
7416.97
6987.455
6750.909
6715.091
6739.697
6974.848
7041.758
6962.545
6683.273
6383.03
6439.03
6454.576
6702.758
6149.545
6174.152
6175.909
6187.545
6254.455
6502.636
6646.758
6702.758
6727.364
6975.545
7042.455
7054.091
7110.091
7291.455
6693.182
6912.219
7154.719
6981.219
7066.531
7091.906
7101.531
7162.156
7188.875
7115.152
7126.788
7182.788
7417.939
7666.121
7696.788
7375.212
7390.758
7334.758
7290.697
7234.697
7301.606
7445.727
7447.485
7503.485
7099.606
6873.788
6898.394
6957.182
6876.576
6460.152
6627.727
6560.818
6585.424
6641.424
6876.576
6799
6824.909
6883.697
6957.091
6981.697
7008.781
6965.406
6898.455
7079.818
7314.97
6756.091
6812.091
6956.212
7023.121
7204.485
7229.091
7348.606
7404.606
7471.515
7706.667
7888.03
7870.667
7895.273
7906.909
7944.152
8088.273
7973.818
7975.576
8223.758
8248.364
7895.273
7296.03
7305.364
7309.242
7124.441
7365.324
7389.206
7454.147
7213.176
6767.941
7008.824
7184.853
7413.088
7529.088
7454.147
7508.5
7682.676
7506.735
7518.029
7313.676
7554.559
7454.147
7020.647
7075
7214.882
7279.824
7430.265
7454.147
7478.029
7617.912
7793.941
8022.176
8263.059
8328
8382.353
7508.5
7646.735
7670.618
7764.029
7564.206
7588.088
7828.971
7840.265
7894.618
7924.794
7612.676
7840.912
7641
7705.941
7946.824
8001.176
7894.618
8135.5
8135.5
8160.647
8215
7998
7998.853
8063.794
7523.314
7544.857
7347.543
7229.343
6981.457
7044.543
7056.829
7227.829
7299.943
7521.657
7692.657
7828.543
7851.743
7853.4
7906.2
7574.457
7521.657
7511.371
7522.343
7570.771
7570.771
7570.771
7633.857
7663.171
7855.571
8089.571
7593.971
7536.314
6856.343
6879.543
6647.457
6700.257
6701.086
6725.514
6349.514
6305.25
6315.25
6316.861
6339.417
6505.667
6637.778
6689.111
6315.25
6337.806
6348.472
6020.25
6038.083
6066.861
6282.417
6276.472
6327.806
6327.139
5828.694
5839.361
6066.861
6282.417
6147.056
6107.306
6047.583
6058.25
6080.806
6142.139
6369.639
6397.222
6305.486
6358.286
6580
6581.657
6249.914
6385.8
6448.886
6619.886
6643.086
6643.086
6836.8
6866.114
6877.086
6929.886
7151.6
7035.714
6801.714
7035.714
7065.029
7088.229
7151.314
7204.114
7152
5765.114
5700.371
5871.371
5882.343
5945.429
6179.429
6315.314
5827.229
5850.429
5861.4
5997.286
5528.514
5477.8
5699.514
5701.171
5944.265
5953.324
6023.265
5967.382
5790.912
5627.114
5461.629
5524.714
5301.686
5472.6
5535.686
5471.914
5524.714
5746.429
5917.429
5917.429
5698.5
5733.265
4994.853
5235.735
5345.618
5345.618
5375.794
5430.147
5441.441
5506.382
5521.471
5684.765
5288.343
5510.057
5031.771
4810.057
5031.771
5050.114
5102.914
5142.8
4844.057
4867.257
4814.457
4892.457
4955.543
4828.556
4830.167
4962.278
5013.611
4969.4
4992.6
5163.6
4246.371
4468.086
4491.286
4298.886
4382.265
4447.206
4676.794
4678.5
4702.382
4702.382
4917.676
5145.912
5210.853
5212.559
5266.912
5290.794
5430.676
5606.706
5618
5729.088
5332.882
5323.294
5334.588
5399.529
5638.706
5638.706
5778.588
5954.618
5956.324
6021.265
6140.794
5530.353
5532.059
5555.941
5784.176
5695.824
5776.118
6017
6040.882
6066.029
5922.029
5983.457
6189.912
6244.265
5997.03
5513.545
5513.545
5463.606
5530.515
5778.697
5636.333
5692.333
5692.333
5759.242
5940.606
5965.212
5980.758
6047.667
6191.788
5827.333
5769.758
5010.273
4977.333
5212.485
5279.394
5269.515
5300.909
5325.515
5329.394
4871.97
4667.758
4692.364
4873.727
4887.515
5126.364
4709.455
4853.576
4878.182
4698.576
4754.576
4934.182
5115.545
5117.303
5141.909
4120.212
4120.212
4176.212
4243.121
4424.485
4672.667
4674.424
4909.576
4934.182
4605.303
4672.212
4786.667
4817.758
4873.758
4796.545
4808.182
5056.364
5200.485
5156.364
5300.485
5242.909
5258.455
5325.364
5506.727
5508.485
5150.152
4859
5040.364
5275.515
5329.303
5396.212
5286.909
5088.353
5299.059
5329.235
5383.588
5385.294
5561.324
4904.559
4958.912
5158.324
5022.091
5089
5034.394
4888.029
5064.059
5103.324
5118.412
5346.647
5204.857
5375.857
5511.743
5522.714
5031.571
5265.571
5436.571
5438.229
5491.029
5367
5582.556
5643.889
5435.361
5567.472
5783.028
5383.472
4962.972
5024.306
5032.861
4898.405
5119.757
4770.568
4798.297
4737.973
4959.324
5019
5068.946
5070.514
4906.056
5121.611
5267.943
5267.943
5403.829
5433.143
5667.143
5668.8
5721.6
5744.8
5966.514
5711.743
5774.829
5785.8
6019.8
6253.8
6259.914
6261.571
6432.571
6485.371
6496.343
6559.429
6781.143
6554.286
6589.4
6538.543
6760.257
6896.143
6155.2
5098.886
5109.857
5151.686
5166.343
5250.333
5311.667
4943
5170.5
5193.056
5408.611
5469.944
5498.444
5517.889
4943
5047.917
4648.886
4870.6
5006.486
5035.8
5183.912
5238.265
5094.824
5109.912
5164.265
5229.206
5229.206
4624.941
4570.588
4572.294
4596.176
4837.059
5013.088
5078.029
5217.912
5229.206
5405.235
5429.118
5483.471
5548.412
5776.647
5916.529
6157.412
5613.265
5722.206
5776.559
6015.735
6017.441
5806.735
5694.5
5759.441
5643.441
5040.364
4567.455
4623.455
4532.424
4780.606
4834.394
5015.758
5015.758
4896.242
5040.364
5221.727
5456.879
5705.061
5736.455
5015.758
5015.758
4979.939
5020.394
5032.03
5031.303
5031.303
5175.424
5187.061
5435.242
5670.394
5695
5696.758
5763.667
5835.727
5716.212
5717.515
5790.235
5855.176
6083.412
5373.324
5384.618
5560.647
5590.824
5730.706
5971.588
6199.824
5427.676
5549.353
5290.647
5251.176
5316.118
5544.353
5785.235
5925.118
5761.909
5906.03
5961.303
5817.182
5841.788
5843.545
5830.576
5727.848
5944.939
5526.273
5292.879
5528.03
5594.939
5739.061
5763.667
5800.818
5825.424
6004.576
6071.485
5942.818
5707.667
5763.667
5029.091
5030.848
5055.455
5303.636
5359.636
5371.273
5438.182
5619.545
5763.667
5819.667
5830.576
5798.971
5810.265
5811.971
5835.853
5999.147
5607.147
4863.333
4951.455
4953.212
4984.303
5165.667
5413.848
5413.848
5557.97
5425.485
5450.091
5451.848
5700.03
5583.031
5557.344
5705.969
5861.871
5933.097
5883.419
5994.194
6147.613
6218.839
5981.161
5796.063
5500.688
5743.188
5550.938
5343.125
5299.063
5253.313
5285.375
5541.313
4798.063
4985.094
5001.125
5149.75
5405.688
4600.156
4461.75
3718.545
3695.697
3707.333
3731.939
3798.848
3843.212
4024.576
4272.758
4454.121
4564
4618.353
4629.647
4653.529
4655.235
3990.242
4236.667
3870.273
3885.818
4029.939
3716.5
3892.441
3922.618
3976.971
3716.5
3918.353
4147.941
4159.235
4299.118
4329.294
3948.529
2650.235
2409.353
2583.676
2542.912
2563.029
2378.559
2240.333
2271.424
2519.606
2663.727
2688.333
2719.424
2863.545
2865.303
2628.758
2794.576
2689.697
2691.455
2762.909
2944.273
2968.879
2980.515
2982.273
3038.273
1234.375
1421.406
1433.406
1582.031
1614.094
1615.906
1617.719
1617.719
1734.281
1990.219
2022.281
2047.656
1685.219
1872.25
1661.656
1431.094
1443.094
1641.281
1897.219
2024.688
2025.594
2083.344
1615.688
1578.364
961.97
971.091
972.848
984.485
1128.606
1159.697
1184.303
140.25
165.625
133.563
158.469
160.281
234.594
258.576
378.091
389.303
327.576
508.939
575.848
474.094
475.906
233.25
13.813
200.844
232.906
258.281
327.281
475.906
543.094
537.438
306.781
338.844
487.469
499.469
501.281
