15.522
19.957
20.201
23.332
25.745
127.092
174.918
199.962
195.527
195.283
192.152
189.739
141.913
40.565
45
29.478
29.723
45.245
70.288
45.245
146.592
149.005
152.136
199.962
184.44
184.196
181.065
178.652
77.304
29.478
4.435
0
4.435
4.679
20.201
121.549
169.375
171.788
174.918
199.962
98.614
114.136
139.179
187.005
161.962
164.375
167.505
268.853
265.723
265.967
270.402
254.88
250.446
250.201
247.788
199.962
184.44
180.005
179.761
176.63
174.217
126.391
101.348
0
4.435
7.565
9.978
111.326
159.152
184.196
199.717
199.962
174.918
170.484
170.239
167.109
164.696
63.348
15.522
18.652
3.13
5.543
106.891
154.717
170.239
195.283
199.717
199.962
174.918
170.484
170.239
167.109
164.696
63.348
15.522
0
4.435
7.565
9.978
111.326
159.152
184.196
199.717
199.962
215.484
211.049
210.804
207.674
106.326
103.913
128.957
129.201
113.679
88.636
93.071
45.245
48.375
50.788
152.136
199.962
234.31
239.397
242.527
251.902
268.598
391.859
531.359
631.299
648.125
665.082
674.647
677.31
683.701
742.405
771.805
781.555
790.48
804.25
711.01
734.05
729.97
729.745
744.025
741.145
738.925
694.925
697.805
683.525
687.605
687.83
781.07
825.07
827.29
804.25
789.97
785.89
785.665
783.445
739.445
716.405
713.525
620.285
643.085
787.805
791.825
842.255
843.695
856.175
918.335
954.295
983.695
1006.14
1069.98
1127.33
1131.41
1135.16
1276.07
1280.3
1188.355
1156.755
1159.635
1164.315
1179.675
1066.275
937.935
922.455
907.095
902.415
911.04
902.415
935.903
965.162
1050.296
1169.13
1190.13
1187.463
1175.907
1177.241
1188.796
1192.519
1145.824
1144.491
1140.769
1187.463
1321.463
1187.463
1194.87
1200.315
1241.829
1294.931
1308.264
1366.134
1362.662
1358.745
1228.273
1224.495
1228.273
1358.745
1362.662
1366.134
1382.023
1408.468
1413.912
1424.745
1429.634
1444.079
1448.412
1480.273
1482.162
1483.106
1418.754
1432.634
1445.047
1449.599
1565.694
1570.53
1527.056
1402.297
1413.056
1414.297
1435.091
1478.565
1475.099
1464.341
1463.099
1463.677
1489.022
1605.116
1654.556
1662.306
1607.272
1625.134
1575.694
1522.108
1491.108
1465.763
1520.797
1501.448
1506.879
1510.397
1621.034
1628.728
1641.142
1636.306
1623.892
1507.797
1510.987
1524.435
1640.53
1645.082
1658.509
1663.345
1683.207
1678.655
1692
1705.241
1678
1682.034
1588.621
1591.103
1511.841
1531.392
1538.828
1618.091
1631.711
1612.159
1612.745
1604.759
1590.537
1587.87
1583.537
1603.343
1611.787
1619.731
1637.426
1646.273
1651.468
1658.875
1670.787
1723.889
1738.31
1742.25
1741.63
1730.074
1728.741
1682.046
1682.667
1705
1716.556
1717.889
1764.583
1742.25
1738.778
1734.861
1731.083
1600.611
1475.917
1471.028
1457.694
1452.5
1457.389
1582.083
1595.417
1600.611
1588.699
1596.106
1601.301
1593.894
1597.833
1606.681
1618.593
1614.653
1561.551
1614.653
1629.074
1623.88
1615.032
1600.611
1600.819
1614.042
1617.819
1620.486
1706.819
1747.56
1768.894
1770.949
1781.898
1840.648
1844.588
1857.81
1887.069
1897.903
1901.681
1914.431
1967.532
1971.472
1985.894
1994.741
2006.653
2014.06
2019.255
2014.06
2010.12
2001.273
1989.361
1936.259
1921.838
1914.431
1896.736
1955.847
1971.736
1963.792
1955.347
1990.736
2012.069
2012.278
2098.611
2101.278
2114.5
2122.648
2124.704
2111.481
2109.426
2023.093
2019.315
2019.106
2016.44
1975.699
1954.366
1958.144
1952.949
1948.06
1949.282
1935.949
1949.282
1824.588
1814.849
1819.685
1776.211
1755.418
1758.884
1758.306
1801.78
1822.573
1823.815
1834.573
1823.815
1822.573
1833.664
1837.332
1826.241
1833.138
1882.578
1887.414
1900.841
1897.323
1892.487
1888.819
1875.392
1825.953
1817.716
1810.819
1823.129
1822.935
1820.453
1840.315
1848.552
1928.931
1930.845
1933.328
1933.522
1941.108
1928.797
1908.935
1901.349
1820.97
1819.056
1822.573
1836.022
1855.884
1856.918
1860.797
1869.203
1880.293
1880.487
1794.649
1792.327
1794.117
1790.827
1793.149
1792.968
1796.258
1794.468
1869.661
1794.468
1787.371
1768.79
1757.274
1768.79
1787.371
1774.81
1782.516
1776.065
1772.633
1764.927
1754.552
1708.302
1754.552
1767.113
1762.589
1772.964
1776.395
1780.919
1787.371
1791.629
1809.73
1821.343
1825.867
1821.343
1712.738
1711.673
1700.06
1718.641
1741.673
1766.448
1798.625
1808.69
1912.19
1990.488
2037.988
2050.125
1941.52
1950.77
1919.948
1950.77
1964.609
1971.964
1954.473
2001.564
1979.292
2001.564
2049.928
2036.928
1988.564
1940.201
1896.754
1881.057
1874.246
1881.057
1882.739
1953.375
1960.042
1962.223
1963.769
1963.939
1981.394
1979.712
1979.542
1968.723
1951.269
1917.936
1847.299
1845.117
1960.867
1964.157
1951.77
1939.286
1936.964
2028.415
2040.802
2128.19
2109.899
2113.673
2106.718
2123.968
2120.194
2130.786
2137.742
2120.492
2046.343
2033.601
2035.923
2048.665
2038.29
2025.73
2021.206
1974.956
1968.504
2014.754
2021.206
2024.637
2032.343
2042.718
2039.286
2051.847
2044.141
2048.665
2051.907
2065.589
2077.048
2078.839
2090.355
2108.935
2109.117
2184.31
2191.407
2188.117
2185.794
2188.117
2186.327
2179.23
2104.036
2085.456
2083.81
2087.101
2086.919
2076.855
2073.613
2032.944
2013.492
2151.112
2138.698
2143.534
2155.948
2151.397
2152.534
2122.266
2117.742
2099.641
2095.117
2088.665
2099.04
2015.273
2027.072
2033.133
2029.909
2037.148
2040.371
2044.621
2034.875
1991.428
1984.189
1972.39
1975.481
1977.663
1979.208
1897.539
1964.139
1965.725
1965.886
1982.343
1972.143
1955.686
1949.4
1946.486
1946.325
1879.725
1877.668
1876.082
1848.782
1803.182
1790.925
1807.382
1817.582
1817.421
1848.85
1915.45
1912.536
1845.936
1843.879
1844.039
1846.954
1845.496
1829.039
1797.611
1799.668
1801.254
1908.739
1901.5
1891.754
1879.955
1836.508
1832.258
1829.034
1940.585
1915.101
1905.565
1917.081
1920.512
1909.407
1858.238
1854.948
1845.512
1842.081
1851.516
1854.806
1905.976
1915.512
1940.996
1952.101
1940.585
1965.359
1997.536
2016.117
2006.052
1902.552
1855.052
1933.351
1956.383
1955.319
2030.512
2011.931
2021.431
2031.496
1999.319
2011.456
1988.423
1910.125
1897.988
1902.512
1884.436
1895.345
1893.163
1888.913
1895.58
1884.761
1867.307
1833.973
1844.792
1844.962
1847.144
1848.826
1778.189
1781.28
1883.303
1883.133
1880.042
1897.496
1874.223
1878.223
1776.201
1765.292
1763.61
1775.428
1763.61
1760.807
1743.352
1731.553
1745.947
1742.856
1824.583
1817.822
1820.625
1815.852
1833.307
1850.761
1855.534
1758.307
1784.796
1795.921
1817.864
1826.614
1835.804
1840.754
1868.754
1875.129
1966.8
1969.714
1945.136
1943.679
1954.821
1961.107
1963.293
1974.793
1984.993
1973.85
1970.507
1939.079
1938.35
2043.629
2047.174
1979.35
1976.436
1974.379
1974.218
1967.932
1951.475
1941.275
1939.689
1986.61
1990.86
2001.769
2005.769
2001.519
1997.519
1895.496
1997.519
1986.61
1982.155
1989.542
1903.633
1896.966
1885.148
1878.386
1856.114
1845.682
1956.895
1966.774
1973.871
1986.452
1993.649
1997.036
2008.141
2012.883
2010.907
2029.198
2019.319
1994.544
1907.544
1901.956
1758.609
1777.19
1766.815
1854.871
1835.009
1988.241
1999.332
2025.815
2031.789
2033.901
2067.694
2071.789
2025.125
2009.802
2035.286
2081.536
2131.665
2160.665
2184.375
2177.02
2153.31
2103.181
2095.931
2170.081
2257.468
2275.569
2316.409
2414.168
2432.608
2440.043
2444.078
2499.112
2485.491
2474.168
2455.728
2362.315
2352.427
2365.668
2361.634
2359.151
2361.634
2354.198
2256.44
2243.198
2293.974
2269.353
2282.328
2293.086
2311.526
2318.405
2324.138
2198.968
2222
2189.823
2268.121
2249.54
2224.766
2267.56
2183.862
2179.026
2062.931
2058.379
2047.621
2034.647
1912.161
1922.806
1941.387
1931.887
1920.274
1935.597
1967.21
1972.798
1829.452
1819.077
1817.101
1792.327
1773.746
1792.327
1760.714
1789.142
1785.047
1938.28
1948.841
1959.931
1986.414
2001.914
1995.94
1983.69
1995.94
2010.565
2007.099
1992.474
1995.94
2049.819
2088.47
2083.401
2090.297
2095.366
2144.806
2095.366
2056.716
2049.819
1995.94
1983.526
1995.94
2006.026
2009.543
1997.672
1970.431
1960.237
1905.539
1902.022
1889.711
1899.905
1927.147
1939.017
1928.931
1932.599
1944.909
1954.026
1950.358
1955.194
2048.194
2037.634
2071.427
2077.401
2097.263
2107.823
2134.306
2145.397
2125.534
2131.75
2117.25
2132.573
2100.96
2095.371
1952.024
1941.649
1916.875
1901.552
1938.952
1943.476
2018.669
2027.452
2059.629
2048.984
2040.202
2050.847
2045.484
2077.097
2168.548
2176.254
2185.69
2186.444
2149.044
2073.851
2069.327
2074.669
2087.202
2111.976
2135.008
2111.976
2099.839
2089.774
2072.524
1994.226
1987.79
1940.29
1921.71
1933.847
1943.911
1991.411
2094.911
2173.21
2191.79
2223.968
2350.862
2352.776
2364.241
2364.435
2457.435
2459.918
2443.539
2350.539
2361.629
2350.539
2360.069
2338.736
2356.329
2349.912
2382.829
2371.486
2382.829
2404.162
2367.866
2374.282
2410.579
2427.227
2398.782
2259.832
2279.487
2283.004
2286.884
2298.754
2301.392
2300.586
2287.19
2327.168
2332.004
2412.384
2406.672
2417.996
2349.383
2342.427
2349.383
2361.77
2453.222
2478.706
2425.708
2414.072
2344.417
2328.212
2242.303
2245.848
2163.758
2161.576
2158.03
2160.212
2136.273
2114
2162.364
2179.367
2222.814
2140.196
2099.232
2120.232
2104.2
2059.8
2034.114
1988.514
2014.2
2018.932
2085.532
2089.539
2022.939
1989.814
1985.807
1957.307
1947.879
1849.946
1858.865
1851.507
1878.466
1907.959
1920.108
1907.27
1908.926
1830.724
1838.971
1952.913
1927.785
1916.26
1893.471
1878.702
1870.849
1951.22
1955.902
1968.74
1960.047
1986.534
2002.101
1997.419
1924.527
1926.473
1927.973
2000.865
1998.919
2007.905
1998.919
1998.767
1997.267
1997.419
1910.703
1921.243
1923.743
1934.267
1938.524
1941.28
1955.733
1961.764
1977.331
1973.541
1989.108
1984.632
1988.422
2051.422
2082.757
2076.726
2066.186
2063.429
2052.905
2037.338
2033.081
2030.581
1967.581
1963.608
1944.311
1932.716
1936.689
1940.257
1936.689
1948.284
1967.581
1975.486
1967.581
2054.297
2045.865
2054.297
2081.257
2096.824
2162.426
2202.223
2212.392
2202.223
2136.622
2049.905
2034.338
2007.378
1967.581
1946.824
1927.527
1946.824
1967.581
1975.486
1967.497
1974.642
1953.291
1956.047
1953.172
1974.524
1964.875
1955.571
1963.561
1972.865
1965.72
1961.929
1965.72
2028.72
2033.196
2001.861
1938.861
1930.956
1940.605
1943.48
1940.723
1939.068
1947.76
1935.611
2055.713
2047.02
2026.264
2010.696
2026.264
1999.777
2012.615
1999.777
1879.676
1900.432
1908.709
1981.601
2089.886
2094.836
2122.836
2106.55
2116.75
2127.036
2132.75
2120.632
2110.482
2107.611
2096.111
2145.268
2096.111
2085.911
2083.725
2085.911
2082.568
2071.425
2074.768
2106.196
2116.396
2127.539
2139.039
2132.754
2124.975
2096.475
2104.254
2132.754
2142.182
2262.011
2266.261
2301.394
2230.758
2301.394
2297.144
2292.125
2289.807
2292.125
2289.034
2271.761
2268.352
2257.92
2268.352
2285.625
2288.716
2292.125
2294.307
2295.989
2377.716
2375.534
2375.705
2293.977
2283.902
2293.977
2293.807
2292.125
2298.886
2313.28
2342.977
2286.15
2291.1
2277.529
2286.279
2302.736
2311.925
2283.925
2410.889
2402.139
2385.682
2308.625
2303.675
2281.732
2303.675
2294.486
2167.521
2134.396
2130.389
2063.789
2068.364
2066.307
2068.364
2058.982
2048.011
2041.85
2038.507
1961.107
2042.107
2068.644
2044.705
2056.341
2059.886
2019.579
2025.739
2048.311
2113.986
2205.657
2124.657
2139.936
2160.336
2166.036
2182.493
2192.4
2200.814
2211.564
2112.777
2093.48
2006.764
1998.331
1958.534
1948.365
1882.764
1867.196
1945.393
1923.45
1932.364
1958.05
1932.364
1911.364
2007.557
1963.157
1876.905
1920.041
1958.791
1915.655
1957.655
1918.905
1903.74
1915.334
1920.807
1850.51
1856.76
1862.471
1952.798
1933.106
1958.683
1950.83
1836.888
1767.734
1742.606
1727.837
1719.59
1728.417
1716.237
1804.324
1795.405
1788.047
1761.088
1768.446
1777.365
1804.324
1781.256
1781.401
1783.247
1784.67
1844.439
1781.296
1795.345
1804.052
1806.54
1798.43
1732.649
1734.405
1735.759
1743.869
1725.48
1723.805
1722.515
1722.384
1722.515
1720.142
1720.012
1694.43
1707.826
1706.535
1693.14
1625.822
1625.947
1574.147
1575.747
1574.147
1639.061
1693.27
1718.852
1720.142
1722.515
1749.477
1762.733
1765.453
1787.674
1785.201
1792.003
1794.375
1786.073
1779.198
1816.087
1813.715
1820.59
1838.962
1846.968
1849.442
1857.744
1850.942
1842.936
1836.788
1818.416
1792.834
1801.137
1826.718
1880.927
1881.058
1894.453
1895.744
1894.453
1840.244
1831.942
1818.547
1816.872
1816.741
1818.416
1820.788
1907.119
1904.631
1890.729
1892.595
1900.991
1914.893
1917.637
1915.771
1913.027
1904.631
1907.119
1912.945
1982.091
1974.957
1905.811
1881.909
1876.082
1883.216
1907.119
1924.534
1943.265
1934.558
1948.607
1943.741
1925.009
1907.595
1943.509
1945.412
1958.454
1944.405
1952.863
1885.23
1893.532
1902.282
1915.677
1908.003
1962.212
1987.794
2077.149
2052.82
2046.18
2046.043
2043.555
2036.372
2034.616
2026.159
2016.982
1960.128
1933.299
1919.25
1906.207
1908.695
1908.832
1910.588
1909.235
1910.588
1924.637
1925.991
1923.503
1923.366
1857.585
1859.341
1916.195
1852.651
1850.977
1851.108
1842.805
1841.131
1903.852
1878.27
1824.061
1832.363
1831.073
1832.363
1921.61
1907.561
1910.049
1910.186
1918.296
1910.186
1911.942
1910.588
1934.491
1976.454
1981.393
1981.53
2016.5
2054.61
2081.226
2090.723
2100.235
2109.674
2040.527
1962.271
1906.207
1920.037
1905.349
1923.721
1918.706
1923.721
1925.395
1978.852
1987.782
1985.061
1987.782
1986.108
1977.177
1914.177
1988.284
2002.332
2011.698
2010.345
2011.588
2002.881
2000.393
1973.564
1971.808
1914.954
1851.468
1838.073
1892.282
1893.573
1895.247
1895.378
1897.75
1897.619
1895.468
1883.032
1880.66
1876.997
1867.942
1854.547
1845.477
1840.288
1840.157
1842.529
1840.157
1826.762
1825.471
1824.285
1825.576
1833.878
1847.273
1789.617
1737.817
1739.417
1723.037
1772.633
1772.753
1715.114
1713.582
1765.297
1745.319
1670.503
1635.036
1600.503
1584.169
1552.308
1530.142
1552.308
1559.958
1552.308
1550.708
1548.442
1548.317
1548.442
1535.642
1534.408
1482.608
1525.985
1517.683
1543.265
1544.555
1598.765
1612.16
1613.834
1622.137
1624.509
1616.445
1633.049
1650.91
1637.515
1644.77
1679.015
1644.77
1642.956
1634.206
1611.009
1593.148
1576.544
1589.939
1646.387
1658.823
1646.387
1669.584
1678.334
1615.613
1607.881
1606.59
1606.459
1604.785
1600.134
1608.506
1600.134
1626.201
1622.782
1596.715
1601.366
1568.023
1571.442
1607.779
1571.442
1604.785
1591.39
1645.599
1645.73
1648.102
1649.392
1662.788
1671.09
1662.788
1688.369
1685.997
1660.416
1662.09
1661.959
1660.285
1658.994
1604.785
1613.087
1604.785
1596.413
1601.064
1609.436
1604.785
1602.413
1610.419
1612.791
1599.535
1602.151
1600.372
1592.366
1594.145
1591.529
1604.785
1597.91
1589.608
1587.134
1579.128
1576.756
1539.866
1533.064
1514.692
1513.017
1512.887
1458.677
1457.387
1431.805
1418.41
1410.108
1407.735
1448.555
1451.404
1476.985
1479.706
1439.695
1449.055
1450.834
1442.532
1450.834
1424.586
1415.919
1413.319
1411.619
1402.675
1378.231
1386.897
1394.547
1399.506
1408.172
1371.654
1366.468
1371.654
1365.138
1360.391
1357.263
1349.939
1337.875
1329.577
1324.896
1322.662
1382.981
1389.497
1405.136
1408.263
1445.609
1408.263
1405.657
1408.263
1411.247
1434.465
1455.316
1463.614
1463.734
1479.372
1483.628
1491.912
1504.407
1481.189
1482.37
1490.375
1520.88
1554.125
1558.434
1595.04
1594.92
1586.636
1565.785
1557.487
1559.455
1522.848
1518.54
1485.295
1519.447
1522.169
1519.447
1480.442
1519.447
1516.847
1534.403
1529.611
1580.692
1572.158
1570.558
1499.258
1490.658
1561.958
1624.958
1633.558
1635.158
1622.558
1627.35
1576.269
1631.212
1640.142
1642.863
1656.93
1666.369
1648.442
1653.32
1651.966
1649.71
1653.131
1648.253
1644.832
1662.759
1677.082
1667.905
1677.082
1679.338
1680.692
1666.369
1658.759
1622.845
1563.643
1549.595
1525.265
1507.851
1498.674
1485.631
1466.899
1424.088
1421.101
1463.912
1466.899
1469.887
1512.698
1509.71
1466.899
1452.576
1451.223
1454.643
1456.899
1453.479
1453.817
1451.561
1460.738
1455.86
1437.933
1428.756
1379.395
1393.052
1397.703
1374.506
1366.5
1389.698
1397.703
1394.855
1397.703
1438.523
1397.703
1399.855
1382.762
1387.413
1396.163
1399.424
1396.163
1394.012
1393.689
1348.081
1339.719
1352.769
1354.003
1340.953
1398.672
1396.055
1409.311
1407.532
1415.538
1413.166
1414.945
1417.317
1419.933
1411.927
1398.672
1357.852
1359.276
1356.427
1397.247
1399.689
1340.203
1344.647
1348.997
1351.053
1352.286
1349.169
1388.175
1383.731
1367.397
1366.036
1327.031
1318.669
1317.436
1320.553
1318.497
1366.166
1374.916
1383.218
1408.799
1463.009
1464.299
1465.974
1466.105
1468.477
1472.942
1466.14
1400.209
1462.686
1438.784
1403.814
1445.777
1455.274
1428.659
1390.549
1366.646
1357.134
1352.195
1352.332
1376.235
1411.204
1449.314
1439.817
1444.756
1471.372
1480.884
1480.747
1438.784
1395.973
1398.96
1441.771
1512.567
1507.439
1506.016
1503.644
1493.997
1490.401
1487.708
1502.766
1521.612
1526.74
1530.337
1531.76
1532.353
1542
1536.981
1535.558
1535.913
1536.058
1537.904
1547.865
1519.66
1510.506
1525.276
1527.891
1526.045
1527.353
1522.429
1474.994
1418.14
1418.003
1415.515
1458.326
1461.314
1458.326
1415.515
1406.076
1405.939
1404.183
1405.537
1449.41
1439.449
1436.833
1436.478
1496.247
1505.401
1533.606
1544.481
1544.625
1547.24
1554.019
1582.224
1596.994
1606.147
1604.84
1590.071
1591.917
1597.045
1606.692
1610.288
1625.346
1627.718
1646.564
1642.968
1627.91
1627.317
1625.894
1616.247
1597.401
1598.824
1593.696
1622.436
1577.429
1574.288
1564.442
1558.913
1557.067
1484.375
1464.119
1381.849
1378.849
1319.91
1309.987
1309.843
1250.074
1264.843
1262.997
1265.612
1274.766
1265.612
1262.997
1263.141
1264.987
1266.41
1264.987
1324.756
1352.962
1338.192
1309.987
1281.247
1279.824
1277.452
1272.324
1253.478
1249.881
1234.824
1225.176
1239.946
1268.151
1258.997
1268.151
1239.946
1241.792
1241.936
1244.551
1184.782
1183.359
1181.513
1181.369
1178.753
1180.176
1239.946
1225.176
1228.061
1219.234
1216.349
1213.734
1199.119
1201.08
1209.907
1212.522
1227.138
1225.176
1243.484
1240.099
1232.599
1228.83
1236.33
1239.715
1250.715
1239.715
1221.407
1225.176
1250.753
1259.58
1250.753
1225.176
1223.753
1223.897
1222.051
1162.282
1164.897
1150.128
1147.513
1156.667
1171.436
1177.077
1187.038
1187.394
1189.24
1161.035
1160.891
1151.737
1154.737
1126.686
1161.655
1185.985
1227.948
1236.345
1227.564
1218.857
1227.564
1236.345
1231.466
1236.345
1236.006
1221.957
1224.445
1215.738
1206.262
1200.896
1202.652
1200.896
1177.591
1175.104
1177.957
1178.095
1206.372
1211.738
1208.884
1222.933
1279.787
1281.14
1282.384
1282.247
1305.552
1319.454
1291.177
1277.274
1235.311
1225.799
1220.86
1220.723
1211.226
1184.61
1149.64
1111.53
1087.628
1114.457
1128.506
1137.213
1194.067
1137.213
1138.97
1139.107
1141.595
1140.351
1126.302
1120.936
1119.582
1117.095
1115.338
1115.201
1116.555
1116.692
1118.448
1120.936
1112.229
1112.091
1138.921
1152.97
1138.921
1195.774
1204.482
1147.628
1146.274
1144.518
1117.689
1115.201
1115.54
1106.832
1064.869
1038.04
1035.186
1025.674
1035.186
1033.32
1010.84
1012.619
1021.98
1030.282
1070.294
1060.933
1063.654
1061.282
1007.073
981.491
981.36
990.416
990.093
976.698
968.395
981.651
985.68
1011.747
1010.073
1012.224
1115.567
1126.02
1129.872
1150.956
1147.839
1150.956
1158.103
1160.779
1184.628
1176.343
1081.795
1078.109
1074.585
1085.963
1089.649
1077.521
1089.649
1087.681
1078.117
1054.733
1029.825
1128.575
1137.228
1147.217
1150.897
1152.953
1150.686
1138.019
1136.319
1133.819
1178.549
1181.811
1184.285
1189.84
1197.32
1203.988
1213.044
1217.695
1191.628
1179.192
1175.34
1164.887
1175.34
1173.189
1176.913
1223.356
1236.022
1244.675
1270.439
1257.772
1272.516
1276.202
1267.918
1269.886
1266.199
1171.652
1174.46
1242.726
1251.024
1277.848
1256.625
1249.301
1270.524
1277.848
1271.747
1268.62
1264.364
1256.705
1249.862
1219.356
1195.508
1162.263
1160
1162.263
1166.519
1171.601
1168.617
1175.46
1205.965
1214.25
1209.995
1212.979
1204.694
1199.612
1191.327
1179.199
1196.548
1220.209
1225.24
1232.875
1234.689
1231.292
1229.478
1142.346
1153.522
1156.919
1244.051
1229.349
1205.689
1196.515
1199.783
1196.515
1200.597
1203.459
1205.63
1212.194
1204.247
1174.987
1168.423
1163.548
1161.378
1158.515
1166.462
1171.337
1167.255
1196.515
1212.189
1200.434
1291.122
1356.602
1359.982
1415.023
1422.969
1434.602
1437.87
1426.237
1422.702
1419.434
1328.745
1332.281
1324.334
1269.293
1245.633
1247.52
1182.041
1230.372
1230.729
1238.995
1208.781
1215.031
1221.398
1222.531
1225.531
1247.98
1249.449
1241.503
1238.64
1245.204
1215.944
1211.862
1219.809
1224.684
1226.855
1256.115
1251.24
1254.102
1258.184
1251.62
1249.449
1241.503
1150.814
1095.773
1093.885
1028.406
1025.138
1013.505
1078.985
1090.617
1094.153
1090.617
1093.885
1138.12
1139.934
1147.569
1200.451
1223.184
1219.936
1212.301
1240.414
1244.336
1249.02
1255.326
1227.213
1220.907
1216.223
1214.137
1211.387
1207.466
1215.1
1217.186
1219.936
1241.914
1253.091
1256.488
1343.62
1341.806
1394.689
1457.6
1446.424
1359.292
1362.539
1354.904
1362.539
1363.112
1339.452
1341.339
1337.804
1272.324
1269.056
1277.712
1300.161
1307.446
1300.161
1291.505
1269.056
1301.429
1296.033
1327.965
1323.71
1320.726
1351.231
1346.149
1354.434
1352.17
1355.154
1359.41
1351.125
1353.388
1322.883
1327.965
1334.809
1327.965
1324.279
1300.431
1205.883
1203.915
1200.391
1132.125
1119.997
1062.614
1054.33
1050.074
1052.338
1057.42
1060.404
1052.12
1021.614
1014.771
1012.508
1009.524
1017.809
1012.726
1043.231
1050.074
1054.33
1047.005
1025.782
1018.186
1025.846
1033.441
1037.697
1033.441
1025.782
1021.035
1018.771
1014.516
1011.532
1006.449
998.165
991.322
960.816
965.125
961.718
966.801
1000.551
1007.572
1010.753
1018.412
1112.96
1104.662
1099.476
1159.795
1168.093
1175.418
1177.652
1182.399
1188.915
1162.837
1165.837
1161.283
1146.283
1139.258
1136.258
1130.008
1072.151
1077.125
1099.556
1094.37
1087.527
1079.229
1076.835
1076.197
1063.941
1062.314
1025.707
1002.303
994.707
986.144
977.846
975.356
1005.862
984.638
977.314
940.707
961.931
986.598
956.093
992.699
968.032
965.543
968.032
975.356
973.824
980.114
985.197
1016.527
1019.654
996.25
998.739
977.516
998.739
1048.335
1049.867
1056.505
1057.686
1056.505
1049.989
1052.128
1031.633
1037.883
1093.168
1090.168
1129.92
1121.654
1121.298
1123.561
1148.229
1168.559
1180.686
1178.197
1153.529
1133.199
1121.072
1123.561
1128.774
1197.04
1218.263
1223.346
1236.176
1243.5
1245.894
1268.489
1302.447
1335.691
1356.543
1359.527
1411.17
1418.495
1423.346
1415.176
1424.391
1369.237
1373.37
1392.87
1416.531
1420.066
1485.546
1482.495
1489.842
1499.913
1514.607
1519.482
1610.171
1577.798
1584.533
1639.574
1657.921
1660.309
1655.434
1564.745
1596.459
1589.724
1582.378
1585.429
1617.801
1598.301
1574.64
1565.801
1585.301
1588.837
1584.704
1581.719
1605.38
1608.365
1673.12
1682.335
1686.644
1711.311
1714.423
1734.753
1743.968
1747.654
1751.963
1742.747
1738.439
1735.327
1710.66
1706.973
1686.644
1683.516
1677.293
1674.484
1680.707
1685.271
1687.441
1690.569
1624.26
1615.505
1600.934
1633.306
1641.962
1633.306
1590.824
1569.255
1562.255
1531.152
1538.152
1515.419
1512.022
1493.287
1516.02
1519.99
1538.725
1541.593
1544.99
1553.483
1550.615
1542.123
1538.152
1531.152
1524.093
1520.172
1518.201
1515.907
1494.338
1499.022
1504.819
1557.936
1560.23
1554.434
1557.316
1559.287
1506.169
1507.257
1552.963
1559.081
1530.208
1524.203
1519.52
1499.961
1498.873
1500.284
1494.167
1523.039
1520.157
1539.716
1545.721
1567.289
1521.583
1520.172
1538.907
1547.319
1578.613
1575.216
1556.48
1553.613
1556.48
1533.748
1537.718
1546.211
1537.718
1541.115
1559.85
1555.88
1578.613
1631.73
1584.137
1604.961
1624.176
1671.77
1674.52
1705.157
1698.407
1667.77
1674.52
1655.304
1634.48
1631.73
1635.127
1632.26
1635.127
1657.86
1654.463
1662.956
1666.926
1685.662
1666.926
1644.194
1640.223
1631.73
1649.358
1651.652
1621.181
1651.652
1634.025
1686.907
1677.23
1624.348
1610.23
1624.348
1622.054
1631.73
1623.238
1604.502
1601.105
1609.598
1612.466
1635.199
1638.596
1642.566
1619.833
1638.569
1634.598
1631.73
1623.319
1642.054
1650.466
1681.76
1663.025
1631.73
1646.789
1631.73
1623.238
1600.505
1581.77
1585.74
1588.608
1611.341
1614.738
1633.473
1641.966
1637.995
1634.598
1631.73
1626.951
1605.382
1536.309
1531.941
1523.529
1519.559
1521.559
1535.559
1536.265
1551.324
1555.551
1562.517
1565.267
1589.988
1550.743
1557.842
1565.436
1567.644
1549.616
1541.443
1537.623
1534.863
1512.988
1509.719
1514.226
1544.156
1541.335
1601.873
1595.08
1601.307
1603.429
1608.052
1615.359
1604.395
1608.739
1689.534
1695.793
1702.339
1705.057
1700.714
1671.873
1690.009
1683.75
1681.705
1677.361
1659.225
1600.889
1596.434
1590.434
1509.639
1507.239
1565.575
1588.498
1595.589
1572.666
1565.575
1567.975
1509.639
1538.657
1521.284
1513.484
1484.466
1501.839
1509.639
1511.573
1514.123
1533.432
1539.477
1521.659
1515.4
1521.659
1493.25
1511.068
1466.936
1464.386
1445.077
1489.209
1517.618
1524.936
1525.945
1536.148
1565.166
1570.38
1576.839
1558.702
1556.575
1530.507
1524.248
1492.966
1471.886
1462.914
1460.786
1473.877
1502.132
1489.041
1498.014
1500.141
1471.886
1488.232
1439.195
1422.85
1471.886
1473.195
1473.298
1474.307
1480.798
1491.27
1511.27
1553.652
1555.507
1549.834
1567.97
1573.539
1576.211
1533.83
1531.157
1529.33
1511.193
1516.866
1517.875
1516.866
1518.175
1522.518
1520.391
1471.136
1466.793
1440.02
1442.148
1439.072
1479.967
1485.154
1436.513
1461.47
1507.564
1526.862
1521.489
1520.226
1500.928
1493.401
1465.401
1448.638
1447.664
1406.77
1404.98
1385.682
1375.577
1376.55
1370.287
1369.024
1369.123
1410.018
1429.316
1439.421
1445.684
1446.947
1448.737
1448.638
1449.533
1450.059
1451.704
1457.537
1457.636
1456.373
1450.11
1430.811
1389.917
1388.943
1388.844
1390.634
1388.844
1390.107
1391.081
1431.976
1402.078
1411.841
1417.892
1408.129
1401.752
1388.735
1401.752
1423.121
1421.138
1423.121
1420.744
1427.566
1433.943
1452.587
1445.765
1427.121
1429.498
1408.129
1389.485
1389.39
1388.449
1381.139
1379.959
1397.992
1398.902
1400.082
1400.174
1401.846
1395.994
1357.781
1367.223
1368.404
1405.028
1403.299
1409.35
1408.409
1415.231
1410.371
1383.32
1384.261
1374.75
1367.928
1361.907
1386.208
1413.258
1470.322
1476.343
1530.725
1532.453
1538.504
1548.267
1566.911
1606.419
1607.36
1608.581
1606.852
1600.801
1591.038
1572.394
1572.299
1571.358
1570.138
1570.233
1584.434
1586.224
1582.441
1594.967
1595.599
1599.382
1605.614
1603.825
1591.298
1585.066
1584.434
1586.224
1584.961
1583.171
1573.066
1553.768
1563.873
1562.899
1603.794
1604.768
1604.866
1606.129
1625.428
1619.164
1578.27
1578.171
1584.434
1556.605
1537.307
1529.866
1557.695
1563.958
1614.339
1618.339
1626.05
1545.255
1517
1508.027
1503.684
1490.593
1441.557
1412.716
1410.589
1407.87
1401.325
1384.98
1378.98
1389.452
1388.443
1386.589
1386.486
1385.177
1378.686
1380.541
1370.068
1350.068
1356.559
1376.559
1418.941
1419.95
1421.259
1421.361
1378.98
1334.848
1315.539
1297.72
1341.852
1335.593
1341.852
1313.443
1331.261
1350.57
1378.98
1381.53
1378.98
1395.325
1400.998
1407.489
1411.943
1401.58
1380.5
1363.127
1361
1359.091
1352.832
1348.775
1344.343
1364.343
1368.4
1348.4
1355.491
1361.75
1356.182
1304.636
1318
1322.432
1315.341
1362.203
1364.976
1370.755
1424.245
1425.292
1425.399
1424.04
1430.776
1432.7
1443.568
1444.927
1400.946
1380.191
1369.323
1362.587
1362.481
1406.462
1405.415
1403.491
1407.642
1434.693
1441.396
1433.802
1463.915
1527.439
1535.033
1536.08
1505.967
1442.443
1435.741
1434.693
1407.642
1415
1413.642
1412.594
1368.613
1364.462
1353.594
1346.858
1346.965
1345.04
1346.399
1347.446
1391.427
1395.578
1395.472
1396.434
1398.358
1409.226
1477.491
1482.1
1486.555
1488.6
1422.818
1418.475
1360.139
1366.398
1361.943
1359.898
1353.639
1371.775
1376.118
1357.982
1400.364
1399.436
1388.964
1384.964
1342.582
1341.273
1341.17
1339.316
1338.307
1318.307
1312.739
1318.307
1316.48
1322.152
1319.48
1318.47
1312.798
1311.489
1269.107
1289.107
1307.243
1289.107
1291.78
1289.652
1290.661
1241.407
1283.745
1255.962
1258.17
1265.472
1271.05
1226.657
1253.43
1257.773
1300.155
1301.464
1296.089
1294.155
1301.473
1294.155
1271.232
1273.782
1266.941
1252.977
1250.85
1230.85
1237.691
1207.737
1209.789
1229.088
1226.627
1248.746
1255.807
1254.833
1195.768
1170.614
1171.588
1177.82
1171.588
1196.741
1213.237
1186.186
1213.237
1206.415
1221.653
1215.602
1221.653
1206.415
1202.263
1196.975
1201.127
1206.415
1208.949
1206.572
1208.949
1225.559
1231.394
1272.534
1299.017
1272.534
1266.699
1284.699
1266.699
1225.559
1208.949
1212.998
1229.608
1277.659
1282.617
1288.638
1276.536
1275.926
1279.581
1273.559
1269.905
1271.633
1283.735
1284.345
1282.617
1279.184
1278.244
1271.422
1265.4
1238.35
1214.049
1220.871
1221.811
1227.833
1284.896
1311.947
1336.248
1324.068
1296.068
1300.366
1284.594
1290.857
1286.559
1281.086
1286.559
1302.331
1296.068
1304.401
1297.34
1283.866
1290.467
1288.007
1265.888
1246.59
1244.537
1246.59
1268.708
1262.107
1269.169
1271.629
1285.103
1304.401
1302.086
1309.612
1311.928
1317.059
1319.638
1332.164
1330.375
1327.796
1322.664
1318.901
1305.428
1331.261
1333.314
1314.015
1311.436
1270.542
1289.84
1295.213
1298.713
1256.392
1258.883
1259.824
1265.112
1266.333
1305.841
1300.831
1295.542
1288.983
1287
1286.059
1269.153
1267.932
1310.658
1306.467
1310.658
1315.844
1363.371
1337.537
1332.164
1325.103
1353.103
1412.169
1411.195
1404.963
1411.195
1352.129
1377.283
1352.129
1324.129
1331.191
1332.164
1330.191
1325.893
1269.603
1206.129
1269.603
1273.901
1275.875
1281.914
1277.724
1260.224
1277.724
1271.684
1327.974
1332.164
1289.581
1272.388
1299.8
1305.884
1287.252
1293.292
1290.831
1263.419
1265.879
1283.072
1287.73
1281.691
1244.294
1271.18
1278.369
1251.483
1245.432
1241.703
1234.515
1253.159
1254.862
1262.051
1268.072
1278.025
1284.076
1268.839
1274.127
1289.364
1293.517
1287.466
1282.178
1322.868
1325.184
1327.645
1329.224
1341.229
1342.169
1335.347
1362.398
1419.462
1413.441
1356.377
1329.326
1305.025
1311.847
1317.869
1342.169
1341.229
1337.574
1349.676
1353.331
1353.941
1352.212
1340.11
1341.839
1335.818
1338.309
1344.331
1343.72
1345.703
1324.335
1317.958
1311.136
1298.119
1296.136
1277.492
1283.869
1302.513
1304.89
1326.258
1339.275
1346.097
1343.72
1322.352
1267.97
1261.36
1259.123
1255.258
1200.877
1198.64
1141.576
1140.051
1137.674
1139.911
1196.975
1203.076
1205.453
1234.614
1261.5
1278.11
1279.89
1256.932
1266.559
1268.969
1270.49
1288.379
1303.117
1308.969
1304.953
1290.215
1285.1
1279.248
1283.264
1288.379
1303.117
1300.818
1326.432
1322.08
1316.395
1300.33
1317.74
1312.096
1351.887
1354.186
1328.572
1344.637
1350.281
1326.777
1271.584
1265.76
1239.596
1232.998
1232.088
1248.154
1257.449
1210.973
1206.178
1202.262
1186.197
1190.992
1194.908
1200.809
1203.109
1147.916
1145.617
1139.715
1194.908
1192.744
1194.908
1219.047
1217.303
1179.09
1177.91
1173.064
1176.98
1158.947
1165.155
1141.782
1137.99
1094.99
1093.133
1097.825
1092.964
1088.012
1084.845
1083.25
1080.917
1080.036
1081.893
1083.679
1089.143
1098.19
1099.81
1101.024
1119.427
1103.871
1102.204
1129.514
1154.692
1164.014
1145.611
1147.083
1149.417
1161.083
1176.639
1175.167
1172.833
1145.524
1136.202
1111.024
1068.024
1073.738
1075.833
1073.607
1067.893
1014.452
1012.357
1014.583
1068.024
1066.429
1060.79
1062.385
1069.117
1074.756
1068.024
1064.232
1062.446
1011.518
1006.054
990.22
986.331
928.903
927.046
921.073
914.685
902.494
885.034
865.022
862.796
868.768
880.958
882.815
900.276
906.665
908.891
928.903
967.431
973.145
975.478
973.99
973.514
972.704
967.427
973.093
978.371
978.847
980.335
976.446
981.399
967.129
962.177
956.51
960.399
974.669
980.335
926.895
928.99
926.895
932.609
926.895
924.669
926.895
935.802
939.224
944.863
941.44
943.06
954.393
954.964
953.345
947.706
947.135
935.802
939.343
966.653
968.125
970.458
968.986
950.583
923.274
913.952
888.774
913.952
929.508
931.175
933.804
931.47
940.792
929.125
943.523
945.195
951.047
951.139
960.582
961.762
999.975
1000.885
1018.918
1036.328
1076.119
1092.184
1117.799
1120.098
1117.799
1112.156
1072.365
1078.008
1052.393
1036.328
1018.918
1017.246
999.213
1037.426
1037.334
1027.891
989.678
988.498
987.588
988.768
1006.801
1012.654
1013.564
1015.236
1015.328
1024.77
1018.918
1036.951
1034.541
1039.561
1041.971
1054.02
1057.678
1064.072
1060.076
1013.6
1007.957
995.908
992.25
985.857
967.824
1014.299
1018.295
1023.939
1018.918
1017.246
1015.402
1024.746
1026.418
1025.164
1030.807
1032.061
1022.717
1024.561
1018.918
1016.619
1007.42
1001.518
1003.682
1009.584
1064.777
1062.613
1064.912
1065.004
1063.332
1069.184
1087.217
1125.43
1126.611
1136.053
1097.84
1098.75
1097.57
1096.66
1098.332
1080.299
1074.447
1065.004
1064.912
1012.314
1038.318
1031.365
1013.332
987.328
981.475
975.623
974.443
965
964.908
963.236
945.203
906.99
912.842
911.932
929.965
936.918
946.361
946.453
947.633
948.543
954.395
992.609
994.281
1012.314
1040.518
1012.314
1002.686
1000.965
984.9
986.42
988.83
986.115
983.705
957.701
956.18
965.807
984.814
1000.879
1026.883
1038.932
1041.096
1043.395
988.203
986.039
980.137
986.039
1041.232
1038.932
1044.785
1049.9
1045.883
1031.145
1026.031
1040.768
1034.916
1038.932
1056.965
1047.523
1041.67
1039.998
1041.67
1041.762
1042.943
1043.852
1082.066
1087.918
1097.361
1096.18
1095.27
1095.178
1077.145
1072.299
1096.439
1094.52
1056.307
1100.717
1102.635
1107.482
1103.566
1095.059
1099.108
1105.159
1080.201
1121.341
1115.239
1117.731
1076.591
1082.693
1080.201
1085.794
1102.701
1107.316
1125.96
1086.451
1085.511
1086.451
1088.18
1088.275
1069.631
1068.411
1069.631
1109.14
1107.411
1117.174
1123.225
1117.174
1117.078
1107.316
1105.333
1092.316
1085.494
1079.117
1082.845
1089.667
1102.684
1081.316
1087.693
1085.316
1087.693
1089.676
1071.032
1092.4
1094.778
1096.303
1096.862
1094.485
1088.383
1031.32
1029.083
1050.535
1056.387
1065.83
1047.797
1047.889
1049.07
1049.98
1088.193
1106.225
1107.898
1102.045
1101.953
1100.281
1062.068
1061.158
1059.977
1050.535
1043.582
1041.934
1044.385
1045.5
1050.951
1045.127
1061.48
1055.627
1055.719
1046.277
1028.244
990.031
989.121
990.793
989.121
987.941
988.85
1027.064
1045.096
1045.004
1054.447
1060.299
1061.48
1080.486
1052.281
1042.654
1070.859
1069.338
1066.928
1050.863
1062.912
1078.977
1088.605
1114.609
1116.129
1097.123
1085.074
1059.07
1061.48
1052.135
1050.463
1052.307
1053.561
1051.717
1046.074
1047.746
1046.492
1052.135
1061.48
1021.689
1019.389
1003.324
985.914
980.27
974.82
949.205
933.139
929.223
924.428
915.133
918.412
924.264
930.166
891.953
930.166
929.256
928.076
929.748
929.84
931.02
930.928
912.895
903.453
901.781
902.691
920.723
914.871
924.314
930.166
927.867
926.391
900.731
900.172
898.951
902.383
896.362
896.972
892.358
875.451
869.858
874.472
891.379
896.972
898.701
910.803
914.458
920.479
918.75
906.648
906.038
902.383
907.672
922.909
907.672
902.383
898.231
892.18
896.333
902.383
896.333
895.392
855.883
837.239
827.477
827.381
825.653
824.432
825.585
842.492
825.585
819.949
825.585
824.432
821.898
824.432
817.822
811.72
817.822
858.962
856.47
815.331
817.822
790.936
797.536
787.583
758.422
755.93
736.28
734.708
722.25
746.551
752.002
756.051
757.854
760.231
743.621
747.011
755.375
750.417
743.146
745.383
733.282
730.79
728.553
740.655
743.146
748.104
755.375
757.078
772.142
773.083
778.718
778.814
824.525
825.746
823.943
817.343
811.892
787.591
790.981
793.358
795.161
799.21
804.661
801.271
798.894
823.195
819.146
825.746
831.339
826.725
809.818
804.225
808.839
825.746
818.924
840.292
842.669
861.314
863.297
876.314
883.136
889.513
887.136
865.767
852.75
846.373
844.39
840.661
823.754
818.119
835.025
833.873
831.339
833.873
835.025
840.661
838.678
884.593
838.678
840.661
879.621
883.669
878.659
874.61
899.568
904.578
879.621
881.424
885.472
890.924
887.534
911.835
918.434
917.138
892.837
887.002
880.403
874.951
870.903
880.564
882.47
888.305
890.034
888.305
886.398
889.788
892.165
890.362
880.701
878.324
879.621
884.909
889.061
895.112
910.35
904.299
889.061
884.909
879.621
883.669
887.059
880.46
878.657
873.206
875.583
871.534
876.985
901.286
907.886
904.496
902.119
877.818
879.621
881.998
879.464
879.972
906.456
910.015
916.523
921.975
922.915
926.347
987.669
989.237
992.669
1016.97
1046.131
1064.627
1081.237
1087.837
1087.932
1114.415
1121.025
1122.246
1167.958
1173.593
1174.534
1174.629
1173.409
1167.773
1167.678
1166.737
1121.025
1118.492
1117.339
1100.432
1094.797
1097.331
1114.237
1119.873
1121.025
1137.932
1143.525
1148.14
1142.547
1125.64
1121.025
1081.517
1085.566
1080.114
1104.415
1107.805
1110.182
1111.985
1117.436
1124.036
1121.659
1119.856
1115.807
1091.506
1084.907
1081.517
1079.025
1085.127
1087.619
1046.479
1040.377
1081.517
1079.14
1073.689
1068.52
1043.366
1047.557
1043.366
1045.827
1038.996
1033.353
1035.219
1060.373
1066.015
1064.149
1061.689
1068.52
1065.011
1068.52
1072.303
1071.671
1073.461
1085.987
1086.618
1092.851
1089.068
1082.836
1070.309
1068.52
1061.079
1033.25
1013.952
1007.689
1032.842
1026.011
1000.857
995.215
991.024
987.515
985.649
983.189
988.831
990.697
994.888
998.397
1000.857
1007.689
990.189
984.355
1001.855
999.232
1005.066
1006.259
1008.882
1007.689
1003.39
987.618
981.355
975.882
970.048
922.732
921.469
921.568
922.831
928.664
975.98
975.007
974.908
975.882
965.579
967.158
973.197
990.697
992.487
1002.487
997.711
980.211
982.184
983.526
977.737
975.947
969.908
974.684
972.711
978.5
977.158
967.158
947.86
954.921
932.803
934.855
932.395
925.333
927.794
934.395
947.868
941.268
939.215
961.333
980.632
967.158
963.649
956.818
931.664
929.798
925.607
923.147
917.504
909.171
916.013
931.105
934.658
962.07
955.228
974.373
967.542
950.349
931.204
931.105
903.693
900.14
869.956
887.149
887.248
894.079
899.11
873.956
880.219
873.956
867.64
871.149
899.191
905.736
904.5
905.736
911.782
905.736
903.018
884.882
887.6
905.736
903.609
952.864
958.239
962.582
989.355
985.011
987.139
937.884
911.111
905.736
906.391
912.936
957.068
959.741
953.195
909.064
906.391
900.345
899.036
899.139
900.148
901.457
901.355
950.391
949.382
955.427
906.391
900.391
882.255
877.305
919.098
929.57
932.482
964.395
970.655
977.416
959.28
953.234
955.952
974.089
975.325
974.089
980.134
1014.3
1012.177
1005.682
1003.757
1014.512
1016.436
1018.559
1007.804
1014.3
1012.856
1014.3
1032.679
1053.502
1054.208
1060.326
1068.642
1076.534
1121.605
1133.12
1144.635
1145.968
1198.85
1198.961
1192.441
1192.331
1193.419
1140.537
1139.125
1145.645
1147.056
1145.968
1139.002
1145.968
1121.248
1106.189
1098.811
1077.243
1073.015
1070.721
1068.721
1082.721
1083.426
1087.654
1073.654
1072.949
1065.056
1067.056
1064.306
1060.336
1060.225
1043.358
1035.723
1043.37
1047.341
1077.978
1056.581
1050.958
1084.694
1065.478
1034.841
1042.475
1061.691
1061.801
1083.199
1111.311
1103.664
1097.145
1100.076
1098.743
1095.811
1115.37
1116.703
1123.223
1103.664
1107.635
1108.723
1112.841
1183.782
1185.596
1193.125
1223.762
1221.949
1217.978
1217.39
1213.272
1182.635
1188.941
1118
1110.471
1109.382
1103.076
1103.664
1121.091
1103.664
1103.993
1102.022
1087.61
1032.022
1027.243
1032.022
1010.453
1002.806
998.431
991.681
994.564
988.559
996.206
1000.581
1007.331
1028.9
1034.904
1049.316
1046.434
1057.551
1039.924
1037.042
1039.924
1046.983
999.39
992.331
1039.924
1041.924
1047.659
1053.456
1084.559
1091.309
1106.799
1113.799
1115.885
1116.473
1123.473
1125.311
1118.792
1111.792
1118.311
1117.723
1115.885
1118.635
1123.819
1083.722
1089.3
1091.776
1112.531
1123.611
1117.337
1066.45
1065.092
1064.986
1063.939
1059.729
1039.691
1047.693
1053.58
1054.259
1010.889
1018.483
1029.564
1049.601
1041.599
1034.005
1028.118
1027.439
1016.358
1059.729
1066.002
1067.285
1086.106
1083.285
1064.465
1058.191
1061.012
1059.729
1063.502
1035.719
1063.502
1012.389
1010.182
1004.604
1009.111
1004.604
1010.182
1012.389
1063.502
1052.748
1050.823
1048.7
1042.205
1040.762
1042.12
1043.167
1087.149
1107.903
1114.639
1114.745
1116.67
1127.538
1124.764
1104.009
1101.698
1099.052
1110.132
1140.061
1128.981
1149.736
1152.047
1154.693
1160.271
1155.283
1149.705
1192.218
1194.792
1239.863
1247.154
1212.738
1205.988
1198.696
1209.99
1244.407
1251.157
1239.863
1236.723
1191.652
1213.63
1202.336
1177.719
1188.587
1232.568
1225.833
1227.757
1227.863
1207.108
1208.467
1209.514
1208.156
1208.05
1206.125
1212.861
1168.88
1167.833
1164.012
1145.521
1113.059
1105.7
1085.111
1058.059
1028.578
1021.231
1021.125
977.144
977.25
998.005
987.137
986.09
965.335
972.071
965.335
966.693
1010.675
1008.75
1007.392
1009.316
1010.363
1021.231
1061.169
1054.65
1035.091
1033.757
1030.826
1033.694
1040.694
1043.576
1050.635
1003.042
1009.841
1002.782
1004.782
1003.37
1003.26
1001.26
979.691
976.809
931.103
924.103
912.809
912.919
914.331
915.419
961.125
945.611
956.479
955.432
958.191
950.189
942.594
948.481
956.483
957.163
951.276
971.314
982.394
971.314
970.634
978.229
958.191
914.821
958.191
960.502
963.149
957.571
954.925
952.613
931.858
901.929
890.849
911.604
914.08
925.16
930.738
928.262
958.191
961.965
968.7
975.493
971.719
964.983
958.191
956.267
942.795
942.116
935.413
931.344
929.42
922.684
921.325
921.219
900.465
856.483
878.777
878.887
880.299
926.005
947.574
958.868
965.868
964.779
966.779
967.868
975.76
986.936
991.74
993.946
995.917
1015.475
1017.24
1010.49
1012.576
1019.576
1026.326
1020.529
1005.039
1010.836
979.733
995.223
989.488
987.402
980.402
986.137
988.137
1019.24
1017.24
995.672
988.672
987.583
985.583
985.473
984.061
938.355
938.466
984.172
967.788
978.656
985.392
974.524
975.882
976.929
978.854
978.748
976.823
974.177
944.248
941.771
921.017
900.262
856.281
900.262
889.394
882.658
884.583
884.689
886.047
884.689
885.736
906.491
917.358
924.094
921.783
910.703
940.632
943.108
963.863
966.175
968.821
974.399
949.643
944.268
978.854
968.099
978.854
976.731
974.835
973.137
965.542
946.722
948.844
950.741
952.439
971.259
966.637
971.259
978.854
978.96
934.979
933.932
935.856
935.75
937.108
935.75
921.723
932.195
933.205
913.205
906.714
896.241
894.386
900.877
943.259
930.277
932.95
940.75
938.077
943.395
938.077
935.677
938.077
951.059
943.259
944.495
933.818
932.582
943.259
953.936
912.143
904.432
897.114
891.441
910.75
916.423
924.134
931.452
973.245
972.591
973.245
953.936
943.259
923.259
923.157
912.684
911.375
904.884
903.875
894.002
895.361
906.229
912.965
914.889
935.644
936.691
980.672
980.778
978.854
986.448
988.146
992.769
1003.524
1022.344
986.995
989.041
994.416
998.473
980.336
973.018
971.382
969.555
967.509
963.055
952.691
954.545
949.17
950.875
1014.925
1016.848
967.593
965.466
938.693
932.202
927.859
930.245
950.245
947.695
945.468
925.468
954.309
951.923
923.082
933.759
939.134
941.684
943.911
933.234
927.859
927.757
925.902
919.411
877.03
857.03
856.02
854.711
844.239
841.566
835.261
828.716
872.848
875.52
882.066
910.475
912.157
919.139
915.32
886.911
885.23
881.548
880.539
873.557
873.011
807.23
813.077
813.623
817.441
883.223
877.375
878.384
882.066
931.102
924.843
892.93
924.843
918.082
924.843
945.223
955.695
961.955
1003.748
983.368
972.895
931.102
932.93
914.793
913.157
911.33
909.284
904.83
897.511
901.966
891.602
901.966
920.102
927.42
929.466
931.102
933.489
922.811
928.186
908.186
937.027
957.027
954.8
957.35
954.8
965.477
960.102
957.716
928.875
931.102
929.248
923.93
930.189
944.552
915.711
917.645
924.136
920.08
925.455
927.309
931.366
936.684
930.193
928.259
922
907.636
936.477
941.852
936.477
931.102
932.339
921.661
915.989
908.67
866.877
866.223
858.511
839.202
831.884
830.248
828.42
826.375
821.92
826.375
836.739
854.875
862.193
851.83
853.466
855.293
857.339
839.202
823.043
822.739
903.534
905.361
918.452
924.711
926.939
969.32
973.241
976.391
978.027
987.177
994.159
992.236
928.186
926.332
928.255
961.514
963.283
965.208
968.179
965.868
945.113
915.184
926.264
931.842
929.366
931.677
934.323
936.8
941.788
936.21
933.564
919.616
908.939
906.893
905.257
900.802
911.166
918.484
920.12
921.948
923.993
928.448
918.084
899.948
898.12
890.802
908.939
914.314
908.939
912.995
908.939
911.611
918.157
874.025
871.352
864.807
871.111
842.695
873.489
871.34
871.111
903.025
905.252
903.207
905.252
894.889
890.434
888.607
886.97
879.652
884.107
865.97
876.334
877.97
885.289
903.425
873.489
845.956
841.475
851.428
849.203
867.847
865.771
863.394
865.771
876.851
866.548
861.362
863.664
868.851
896.68
902.943
906.452
912.768
906.504
900.189
896.68
865.886
896.68
898.829
896.68
894.825
885.996
884.351
882.561
913.355
915.504
884.711
882.561
875.5
878.417
885.478
881.18
879.206
877.443
875.864
870.678
874.976
864.976
874.976
880.162
880.456
882.43
886.344
887.923
870.423
866.509
826.182
829.691
828.112
821.849
823.715
829.754
827.965
822.833
795.004
800.136
806.399
804.533
806.322
792.463
787.276
815.105
828.965
834.151
828.112
826.533
832.572
834.721
838.504
818.84
859.735
861.314
873.945
879.985
886.509
926.836
936.941
906.147
900.107
893.583
891.434
851.107
881.901
901.566
888.934
885.895
845
834.895
837.934
807.14
803.357
834.151
828.112
825.963
828.112
825.809
836.112
808.283
810.743
812.893
832.191
860.02
854.833
852.373
833.075
838.261
836.112
838.414
828.112
858.906
861.055
830.261
828.112
829.305
839.607
829.305
828.112
824.559
842.059
840.086
850.086
845.787
852.849
854.822
859.121
860.7
857.783
850.721
849.143
848.849
869.352
869.657
901.57
869.657
867.43
869.657
863.111
860.439
880.439
871.466
865.161
897.075
865.161
862.934
865.161
861.105
866.48
870.536
865.161
836.752
837.761
841.443
837.625
844.607
848.425
842.577
844.259
872.668
865.686
866.232
872.08
806.298
805.752
804.743
870.525
866.843
865.161
870.536
881.214
870.85
869.214
868.909
871.295
876.102
865.425
863.198
860.648
840.648
838.261
809.42
807.375
800.057
795.602
799.602
794.227
776.091
778.318
780.868
783.095
751.182
783.095
780.868
787.359
797.832
797.934
799.243
800.252
842.634
844.489
864.489
908.889
928.889
931.275
932.511
934.148
978.28
981.961
982.064
988.323
992.373
994.227
1026.141
1023.914
992
994.227
998.284
994.227
1001.318
995.059
981.695
971.386
964.295
944.295
964.295
966.968
972.536
1024.082
1028.514
1025.841
1039.205
1033.636
1029.205
1035.464
1055.464
1061.955
1072.427
1074.282
1074.384
1116.766
1106.293
1086.293
1079.802
1078.793
1077.484
1077.382
1075.527
1076.536
1077.845
1035.464
1003.55
1001.323
1002.632
992.159
992.261
993.27
950.889
970.889
981.361
987.852
981.361
1023.743
1003.743
997.484
996.475
992.555
950.173
948.536
961.627
963.264
1005.645
1009.566
1012.716
999.625
996.475
994.248
996.475
998.33
996.475
996.373
995.064
1001.323
997.323
992.516
990.289
979.611
974.236
971.85
969.3
965.243
970.618
974.675
969.3
926.918
916.445
958.827
959.836
961.145
961.248
954.757
961.248
941.248
943.102
941.793
941.691
939.836
950.309
970.309
969.3
954.936
949.618
956.109
949.618
951.552
922.711
917.336
915.402
920.777
926.095
927.95
956.791
971.155
977.414
975.559
969.3
970.309
971.618
1014
1007.509
1017.982
1019.836
1019.939
1039.939
1029.466
1028.157
985.775
984.766
964.766
964.664
962.809
969.3
962.809
956.764
955.059
954.514
951.964
983.877
973.405
953.405
911.023
910.014
910.116
903.625
903.523
901.668
907.927
876.014
917.807
928.28
948.659
942.4
935.639
893.845
883.373
882.064
883.918
890.68
870.3
871.609
878.1
879.109
921.491
941.491
951.964
946.589
951.964
947.907
951.964
953.818
943.345
963.345
943.345
941.518
860.723
858.868
816.486
816.384
817.693
819.52
861.902
860.893
861.902
860.593
941.389
934.898
935
941.491
951.964
951.309
953.164
946.673
947.982
948.084
968.084
969.093
1011.475
1017.966
1016.111
1016.009
1015
972.618
952.618
963.091
961.782
951.309
947.673
979.586
973.095
969.459
999.25
997.325
998.684
998.578
997.219
996.172
952.191
941.323
934.587
936.512
936.618
937.665
893.684
914.439
925.307
911.722
910.024
906.755
950.736
946.667
940.172
937.861
917.106
923.842
890.724
889.366
868.611
863.033
852.165
857.743
853.533
853.427
851.502
855.712
848.976
804.995
803.948
827.736
826.453
827.736
838.816
827.736
825.729
819.233
804.328
798.75
768.821
766.896
761.377
754.642
708.844
710.542
717.038
713.217
759.014
752.519
752.413
750.488
746.285
747.568
745.092
743.394
745.87
749.691
749.797
751.722
755.925
754.642
746.547
752.066
754.84
768.311
770.802
768.311
776.406
773.632
768.113
754.642
757.288
801.269
823.144
820.384
827.63
833.698
834.264
838.226
867.708
869.453
873.274
871.528
803.264
871.528
864.283
860.462
861.509
832.028
825.96
825.394
856.674
852.556
846.76
842.385
845.135
890.841
913.574
910.824
865.118
842.385
843.797
866.529
912.235
866.529
843.797
846.547
843.797
888.868
896.159
874.181
829.11
817.816
824.566
835.86
857.838
850.547
816.13
809.38
843.797
846.547
843.797
798.091
775.358
798.091
843.797
861.424
858.674
812.968
790.235
835.941
858.674
861.424
869.059
823.353
800.62
803.37
849.076
871.809
869.059
871.809
917.515
894.782
849.076
846.326
869.059
876.118
963.25
969.721
1000.824
1005.507
1008.439
1056.032
1057.365
1059.13
1063.498
1065.498
1061.527
1054.777
1007.184
1005.85
1004.086
999.718
999.608
1006.358
1003.784
1001.784
1005.755
1005.865
960.159
962.733
959.983
937.25
1000.162
997.074
1084.206
1086.02
1093.654
1097.051
1119.784
1182.696
1193.873
1197.012
1205.826
1292.958
1205.826
1203.855
1205.826
1202.958
1195.429
1282.561
1271.385
1184.252
1195.429
1198.826
1220.804
1222.618
1220.804
1273.686
1276.934
1289.285
1286.017
1282.995
1275.649
1267.167
1206.63
1213.976
1192.101
1193.384
1182.304
1181.021
1192.101
1170.953
1137.835
1131.34
1124.323
1080.953
1070.085
1080.84
1141.377
1144.646
1165.795
1249.639
1251.384
1258.731
1198.193
1201.318
1209.8
1199.045
1195.92
1235.184
1233.37
1180.488
1158.51
1155.113
1067.98
997.039
1003.346
999.228
968.591
966.777
962.806
961.718
954.189
1025.13
1029.1
1033.218
1063.855
1065.669
1066.757
1074.287
1073.699
1067.392
1067.98
1066.167
1067.98
1064.583
1042.605
1105.517
1128.25
1120.615
1109.439
1131.417
1139.051
1150.228
1087.316
1084.069
1075.255
1078.652
1131.534
1044.402
1061.828
1148.961
1160.255
1175.314
1181.319
1190.632
1243.515
1249.821
1253.218
1272.434
1283.61
1272.434
1249.701
1196.819
1283.951
1221.039
1222.853
1231.667
1239.301
1262.034
1265.174
1261.777
1239.799
1222.373
1220.559
1212.924
1223.409
1226.806
1245.542
1253.953
1285.248
1291.88
1295.801
1303.436
1309.743
1337.855
1340.605
1345.289
1347.375
1344.493
1340.118
1344.493
1322.924
1316.919
1261.331
1254.581
1255.782
1229.149
1282.639
1268.771
1270.752
1277.248
1280.021
1275.422
1268.064
1275.422
1280.021
1363.866
1360.597
1362.342
1369.689
1372.958
1394.833
1455.37
1444.616
1465.764
1476.519
1392.675
1390.929
1383.583
1375.101
1353.226
1343.137
1340.116
1348.597
1297.71
1293.936
1299.455
1310.153
1310.797
1329.288
1326.019
1329.288
1335.356
1339.863
1348.825
1399.712
1418.203
1429.071
1434.849
1449.34
1479.269
1563.113
1646.958
1637.995
1619.505
1608.637
1557.75
1543.259
1537.191
1534.37
1540.597
1456.752
1463.545
1466.366
1459.573
1453.347
1447.568
1417.639
1413.132
1329.288
1324.781
1318.712
1321.358
1314.012
1311.366
1309.358
1313.132
1309.358
1282.307
1309.358
1315.427
1319.934
1321.941
1329.288
1330.335
1414.179
1410.91
1400.156
1401.901
1409.248
1460.134
1482.009
1398.165
1377.017
1437.554
1430.208
1421.726
1399.851
1339.314
1360.462
1363.731
1374.486
1372.741
1371.458
1363.363
1393.476
1401.571
1419.599
1401.571
1371.458
1377.526
1374.88
1372.873
1376.646
1379.292
1381.3
1385.807
1378.46
1405.512
1399.443
1394.936
1402.283
1398.509
1371.458
1375.66
1375.767
1379.587
1382.064
1375.568
1373.644
1369.441
1375.936
1421.733
1423.658
1421.182
1417.361
1417.255
1371.458
1370.175
1368.476
1369.759
1371.458
1364.111
1414.998
1423.96
1413.205
1394.715
1391.446
1388.177
1366.302
1315.415
1318.684
1316.939
1256.401
1267.269
1351.113
1365.604
1371.672
1287.828
1278.866
1227.979
1144.134
1138.066
1123.575
1117.797
1106.929
1125.42
1131.198
1110.05
1108.042
1100.696
1106.764
1110.538
1113.184
1117.691
1144.743
1117.691
1119.698
1115.191
1112.545
1108.771
1116.118
1110.05
1063.974
1059.467
1053.399
1026.347
1019
1016.354
1022.422
1026.196
1028.203
1024.429
1027.075
1034.422
1061.474
1065.981
1063.974
1070.042
1080.91
1077.642
1066.774
1075.736
991.892
985.823
971.333
965.554
947.064
955.545
946.583
992.957
1006.92
1012.489
1015.639
1033.457
984.42
992.22
1021.239
1003.866
1021.239
992.22
984.42
980.077
977.527
975.593
971.957
979.036
983.38
977.532
981.168
974.089
979.936
981.87
984.42
1010.489
984.42
1003.73
983.73
992.366
984.193
987.343
997.816
1003.384
1017.348
1023.195
1017.348
1035.166
1017.348
1006.875
1055.911
1047.275
1128.07
1124.92
1110.957
1105.389
1024.593
998.525
991.445
997.293
1023.361
1020.811
1018.877
1015.241
1010.898
1012.832
1015.382
1019.018
1051.403
1058.75
1063.257
1074.337
1075.62
1074.337
1063.257
1055.163
1037.134
1007.021
1000.953
997.179
992.672
965.62
958.274
955.627
953.62
950.8
944.007
860.163
853.936
824.007
907.851
903.344
894.382
843.495
840.226
821.736
827.804
842.295
836.517
841.024
859.514
910.401
919.363
926.156
956.085
950.017
1033.861
950.017
952.837
956.106
941.616
952.483
941.616
947.842
953.62
1021.884
1029.13
1030.177
1033.998
1035.743
1065.224
1069.186
1069.752
1001.488
994.243
1000.311
994.243
993.677
989.856
960.375
958.63
957.583
953.62
953.726
954.774
998.755
1019.509
1030.377
1037.113
1039.038
1040.396
1032.302
1037.821
1032.302
1029.528
1032.019
1034.792
1021.321
1029.415
1042.887
1040.396
956.552
954.656
954.55
953.191
909.21
911.134
909.21
953.191
959.927
970.795
969.748
970.795
972.153
951.399
940.531
933.795
933.901
954.656
943.788
938.009
923.519
942.009
935.941
932.672
938.45
919.96
910.998
919.96
869.073
952.917
958.986
1009.873
1024.363
1027.632
943.788
954.656
962.828
966.649
988.524
1006.552
1009.821
1012.58
1012.474
1011.116
1011.222
1010.175
1008.25
1014.986
1025.854
1030.005
1009.25
1010.297
1011.656
1018.986
975.005
976.929
970.193
959.325
963.528
917.731
919.014
964.811
971.307
971.413
975.233
977.71
971.215
972.913
971.63
973.554
969.351
967.427
967.321
963.5
961.024
959.325
957.967
963.104
981.925
988.151
984.33
976.158
972.889
951.014
969.042
951.014
972.889
975.649
979.469
976.71
984.882
988.151
1032.132
1033.491
1026.16
1022.009
1042.764
1036.028
1037.953
1038.059
1048.927
1047.88
1047.774
1054.509
1053.151
1042.283
1040.358
1041.406
1022.915
1022.271
1011.573
1006.054
1024.545
1078.035
1083.554
1088.061
1073.571
1062.703
1056.925
1065.887
1062.618
1044.127
1035.165
1119.009
1125.078
1139.568
1150.436
1168.927
1219.814
1168.927
1162.858
1079.014
1084.792
1088.061
1090.821
1094.642
1090.821
1112.696
1120.868
1118.108
1109.936
1127.965
1131.233
1109.358
1106.09
1088.061
1086.137
1084.778
1084.884
1086.243
1087.29
1131.271
1142.139
1148.875
1169.63
1158.762
1138.007
1094.026
1092.979
1092.873
1094.797
1088.061
1077.193
1056.439
1056.333
1054.974
1053.927
1009.946
1010.993
1004.257
1005.616
1012.351
1012.458
1056.439
1077.193
1088.061
1086.137
1088.061
1091.882
1109.91
1112.67
1120.842
1124.111
1106.083
1112.356
1115.481
1111.66
1103.488
1100.729
1078.854
1075.585
991.741
940.854
922.363
911.495
908.226
902.448
887.958
881.889
872.927
873.033
874.958
854.203
898.184
899.231
897.873
895.948
897.307
896.259
889.524
868.769
879.637
868.769
889.524
889.417
896.153
852.172
857.309
851.083
857.309
876.13
870.993
852.172
834.144
825.972
829.241
851.116
847.295
865.323
862.564
859.439
856.17
864.342
867.101
870.922
931.46
950.281
961.149
1006.946
1021.436
1049.219
1055.106
1062.205
1075.677
1086.545
1087.903
1094.639
1115.394
1159.375
1160.422
1153.686
1153.58
1151.656
1153.58
1109.599
1088.844
1077.976
1078.083
1077.035
1075.677
1077.422
1080.068
1091.149
1094.922
1102.021
1115.889
1116.936
1098.908
1107.08
1128.955
1131.715
1128.446
1106.571
1103.811
1099.991
1091.818
1109.847
1113.116
1116.936
1093.149
1093.042
1091.118
1080.25
1124.231
1080.25
1079.203
1090.071
1110.825
1111.873
1113.231
1119.967
1121.892
1115.156
1094.401
1094.507
1093.149
1086.356
1002.512
999.691
969.762
965.255
959.028
951.929
959.028
957.283
943.415
942.368
943.415
945.16
941.387
945.16
934.08
945.16
942.514
956.382
959.028
955.208
951.939
930.064
927.304
919.132
922.401
944.276
947.035
950.856
959.028
977.057
959.028
958.922
938.167
936.243
892.262
891.215
889.856
878.988
872.252
875.012
877.658
880.927
898.955
902.776
910.948
892.92
871.045
867.776
871.55
893.425
890.665
876.797
883.896
880.123
891.203
890.156
891.203
887.382
901.25
898.604
900.349
893.25
891.505
880.425
872.252
878.479
897.3
902.436
883.616
877.389
872.252
861.172
862.455
873.535
872.252
869.493
865.672
862.403
844.375
836.203
814.328
825.083
824.035
822.29
818.517
820.262
822.908
826.682
837.762
826.682
812.814
805.715
806.762
820.63
817.983
825.083
817.983
810.637
824.108
829.995
848.816
855.915
870.406
855.915
795.377
806.245
745.708
734.84
707.057
701.17
682.349
684.094
711.877
757.675
711.877
772.415
758.943
757.896
771.764
775.538
768.439
754.571
743.491
739.717
737.071
744.17
745.217
746.962
758.042
756.297
758.943
765.439
763.741
763.634
761.71
807.507
811.71
813.408
809.205
811.13
811.236
815.057
817.533
811.038
765.241
763.958
761.481
757.66
758.943
754.981
725.5
721.679
719.934
651.67
651.104
650.057
643.988
636.743
657.498
676.318
678.215
680.988
686.875
687.922
731.903
737.682
739.04
741.686
744.177
807.7
814.493
809.356
790.535
784.309
789.446
795.672
814.493
825.573
824.526
817.427
803.559
807.333
809.979
808.233
809.979
817.078
830.946
828.3
824.526
813.446
814.493
807.394
804.748
800.974
789.894
790.941
796.46
794.715
793.667
800.163
801.908
815.776
848.894
835.026
840.604
851.684
855.458
858.104
859.387
865.769
872.868
866.075
863.429
860.939
797.415
800.061
806.854
870.377
872.868
879.967
866.495
847.675
836.807
842.693
828.203
855.986
850.099
895.896
906.764
899.665
918.486
872.689
879.425
889.514
861.731
801.193
814.665
829.156
828.108
814.241
811.594
807.821
796.741
794.995
787.896
767.142
765.16
760.95
758.177
750.818
771.573
770.417
765.818
712.328
705.833
759.323
765.101
767.875
774.37
788.238
792.448
799.807
804.406
797.67
792.533
773.712
778.849
772.623
778.849
797.67
744.179
738.66
734.153
715.663
708.87
645.347
652.139
715.663
718.153
720.8
718.153
715.663
734.483
740.979
743.469
740.979
677.455
670.663
677.455
740.979
743.625
740.979
724.017
734.884
720.394
780.932
808.715
815.814
802.342
791.474
772.653
787.144
793.031
782.941
755.158
749.271
762.743
781.564
774.465
820.262
774.465
768.238
749.417
744.281
738.394
744.281
765.035
746.215
744.318
741.545
740.498
719.743
718.384
762.366
756.587
762.366
764.262
767.035
768.394
787.215
788.262
744.281
680.757
673.965
671.318
673.809
737.333
744.125
746.771
744.281
748.483
741.988
696.191
694.493
690.29
688.366
688.259
690.736
689.453
693.274
689.453
691.151
692.434
738.231
744.726
742.25
744.175
744.281
777.399
744.281
738.703
732.208
738.703
737.42
742.939
748.517
742.998
749.38
750.663
744.281
733.2
731.917
741.229
809.493
815.719
822.512
815.719
879.243
881.733
879.087
815.564
813.073
815.719
755.182
709.384
702.285
691.417
704.889
677.106
662.616
649.144
663.634
644.814
638.927
699.465
705.351
724.172
735.04
780.837
787.936
815.719
752.196
749.55
747.059
749.55
756.342
758.988
752.196
815.719
834.54
841.035
822.215
815.719
814.672
817.446
809.351
811.842
825.314
830.833
828.342
822.823
820.05
806.578
814.672
817.318
814.828
821.62
758.097
760.587
757.941
751.149
814.672
821.771
829.118
814.627
786.844
773.373
754.552
782.335
801.156
755.358
694.821
700.708
711.575
757.373
817.91
807.042
799.943
794.057
807.528
814.774
812.877
794.057
773.302
771.943
766.057
765.009
762.236
756.458
712.476
756.458
762.236
781.057
782.953
785.726
786.774
792.66
794.019
814.774
847.892
846.608
852.991
847.472
841.09
842.373
836.795
830.3
835.818
841.396
808.278
814.774
807.981
805.335
741.811
739.321
732.939
742.25
748.476
739.165
807.429
801.203
732.939
732.833
778.63
776.705
774.229
770.408
774.229
770.026
768.328
722.531
723.814
725.512
729.715
731.639
731.745
738.241
740.717
734.222
732.939
740.269
768.052
770.033
791.286
793.959
796.618
798.305
849.85
831.714
849.85
843.591
849.85
842.868
798.736
785.755
778.914
752.141
693.805
683.332
665.195
659.523
666.364
724.7
768.832
779.305
797.441
811.405
817.077
830.059
856.832
859.491
840.182
866.955
879.936
890.409
897.25
915.386
904.914
918.877
963.009
950.027
891.691
864.918
870.591
897.364
853.232
839.268
821.132
814.291
808.618
866.955
873.105
866.845
834.932
833.695
839.07
844.389
838.239
832.92
864.834
866.07
860.695
866.955
932.736
923.764
932.736
926.736
860.955
854.909
860.909
880.909
875.341
881.014
882.323
884.15
926.532
924.705
906.568
864.186
861.514
879.65
885.218
884.209
884.461
878.789
877.48
880.152
860.152
808.607
818.916
820.602
823.261
825.934
832.998
851.296
849.669
875.502
872.936
870.357
863.542
837.708
835.866
848.761
801.235
857.524
851.485
868.985
882.448
888.707
894.966
892.58
892.477
890.623
886.573
882.891
881.655
837.523
837.625
840.011
843.693
845.548
849.598
851.234
852.47
896.602
894.966
888.707
890.411
877.43
863.466
805.13
794.657
787.816
761.043
716.911
698.775
693.102
693.205
694.214
696.068
697.377
739.759
759.759
770.232
776.723
774.064
776.723
756.723
761.155
757.098
743.734
737.475
734.802
729.234
749.234
742.143
744.816
758.18
762.236
769.327
764.895
713.35
764.895
771.155
776.723
777.959
784.45
804.45
846.832
857.305
858.614
816.232
814.377
814.275
813.266
811.957
791.957
781.484
774.993
776.848
777.857
777.959
757.959
756.95
758.805
756.95
756.848
755.539
713.157
702.684
696.193
697.502
698.511
740.893
760.893
771.366
777.857
777.959
777.857
781.857
782.866
793.339
791.484
790.175
791.484
792.411
805.502
786.204
776.099
776.197
769.934
729.039
730.829
729.855
735.789
740.976
730.976
761.77
767.809
772.941
771.748
765.708
760.577
754.643
723.849
725.042
719.855
721.482
673.956
679.789
729.526
730.789
778.105
779.079
753.246
740.351
737.772
735.206
733.579
723.632
749.465
762.36
809.886
850.781
853.36
854.643
854.741
847.925
867.224
866.25
864.461
864.362
905.257
906.23
906.329
907.592
913.855
943.086
944.941
955.414
944.941
943.632
935.259
934.297
928.071
859.807
850.495
918.759
928.071
934.297
932.939
922.071
901.316
857.335
856.288
854.363
856.288
849.552
850.91
851.958
895.939
916.693
927.561
934.297
934.191
934.297
953.118
959.613
940.792
934.297
932.552
951.373
948.599
948.337
904.356
902.46
883.639
877.861
898.616
877.861
883.639
882.281
885.054
879.167
885.054
886.101
886.417
887.776
931.757
930.71
930.604
929.245
908.491
864.509
853.642
864.509
865.868
865.974
867.899
865.974
872.71
893.465
937.446
938.493
931.757
934.403
941.733
944.858
938.123
982.104
983.151
984.509
984.616
986.54
984.616
963.861
919.88
918.833
917.474
917.368
928.236
934.972
920.973
910.5
959.536
968.509
981.6
983.727
1011.982
1028.327
1030.986
1028.327
1077.364
1083.409
1083.511
1083.409
1034.373
1028.327
1027.318
1026.009
1027.318
1028.327
1029.636
1030.645
1050.645
1093.027
1092.925
1099.416
1109.889
1111.743
1109.889
1099.416
1079.416
1037.034
1036.025
1034.716
1034.818
1028.327
1030.877
1051.957
1048.945
1091.327
1088.777
1081.714
1079.859
1079.757
1073.266
1062.793
1042.793
1000.411
999.102
998.093
953.961
951.575
949.72
949.618
943.359
942.123
940.486
936.805
932.755
935.766
978.148
980.698
959.618
917.236
914.686
932.823
929.811
887.43
884.88
927.261
929.811
950.891
948.218
953.536
945.736
943.336
930.355
943.336
946.009
940.691
943.091
950.891
901.855
859.473
846.109
843.436
892.691
865.918
864.609
864.507
867.166
861.12
874.484
872.798
874.484
877.157
919.539
918.209
917.2
917.302
865.757
914.793
915.802
942.575
893.32
899.366
900.675
952.22
920.307
919.07
913.695
908.377
902.227
903.464
935.377
929.118
935.377
941.527
946.845
952.22
1018.002
1012.002
1003.03
1009.03
943.248
964.327
961.777
919.395
898.316
900.866
943.248
952.22
945.961
927.825
940.916
931.943
903.689
912.661
915.211
931.557
933.684
920.593
962.975
946.63
944.502
923.423
881.041
930.077
958.332
955.782
976.861
927.825
971.957
974.616
971.957
984.939
990.939
997.78
1026.189
1046.189
1047.498
1048.152
1045.48
1044.47
1047.02
1089.402
1110.482
1089.402
1086.852
1081.18
1079.87
1037.489
1043.057
1063.057
1065.73
1066.739
1072.411
1073.72
1031.339
1073.72
1091.857
1071.857
1066.289
1048.152
1047.848
1048.152
1048.05
999.014
1048.05
1042.005
1043.314
1044.323
1043.314
1043.416
1049.461
1048.152
1092.284
1094.957
1101.502
1098.952
1077.873
1035.491
1039.834
1047.709
1053.084
1056.107
1084.516
1089.466
1097.177
1103.636
1066.675
1016.939
1015.965
1041.798
1054.693
1095.588
1095.489
1089.656
1042.34
1044.906
1043.643
1043.741
1041.175
1038.596
997.702
950.175
937.281
938.544
985.86
991.693
1039.219
1037.592
1040.171
1041.145
1042.772
1092.509
1066.675
1068.728
1056.096
1040.325
1038.272
1011.009
1026.781
1018.123
1030.754
1039.412
1066.675
1019.36
1066.675
1072.61
1073.803
1067.868
1061.829
1031.035
1029.842
1060.636
1065.768
1070.954
1065.822
1071.862
1066.675
1114.202
1119.991
1143.347
1134.983
1129.39
1068.068
1076.432
1083.042
1112.203
1115.636
1142.119
1142.214
1148.814
1165.424
1183.919
1208.22
1201.621
1199.142
1201.621
1199.129
1205.231
1164.091
1166.583
1207.722
1201.621
1201.525
1200.585
1194.949
1149.237
1148.017
1147.733
1129.089
1112.182
1072.674
1067.483
1062.195
1061.254
1060.034
1057.542
1031.203
1022.839
1010.636
995.398
949.686
947.703
993.619
1033.127
1081.178
1083.657
1085.229
1097.686
1100.178
1125.136
1079.22
1077.648
1075.157
1035.648
1023.191
998.233
995.754
947.703
972.004
990.648
994.78
998.212
1057.919
1061.695
1068.966
1074.987
1082.176
1118.384
1110.943
1104.711
1106.474
1079.061
1072.219
1047.066
1047.164
1016.98
1047.164
1047.066
1053.908
1047.077
1074.489
1070.936
1074.489
1099.643
1118.787
1135.98
1142.811
1123.667
1106.474
1123.974
1129.16
1133.936
1106.524
1110.715
1106.524
1103.607
1098.421
1090.822
1118.235
1113.458
1121.057
1146.211
1149.719
1156.55
1158.417
1162.607
1168.25
1170.711
1166.434
1173.276
1223.013
1227.289
1233.329
1246.224
1250.138
1269.436
1262.594
1212.857
1207.485
1204.906
1198.866
1185.971
1182.057
1187.43
1190.009
1170.711
1165.524
1160.393
1154.458
1148.419
1117.625
1122.811
1128.851
1159.645
1165.579
1159.263
1156.684
1114.101
1120.417
1119.224
1124.355
1126.934
1128.127
1170.711
1179.368
1242.842
1248.632
1185.158
1179.368
1213.282
1215.941
1213.282
1211.577
1209.643
1212.193
1208.557
1201.477
1203.411
1177.343
1174.793
1170.45
1177.53
1203.598
1209.445
1213.789
1217.425
1211.577
1214.127
1240.195
1246.043
1250.386
1252.32
1248.684
1246.134
1249.77
1256.85
1249.77
1245.427
1243.493
1237.645
1211.577
1185.509
1179.661
1177.111
1180.748
1183.298
1185.232
1189.575
1182.495
1178.859
1185.939
1184.005
1179.661
1185.509
1211.577
1184.805
1177.725
1180.275
1182.209
1185.845
1190.189
1196.036
1222.105
1218.468
1215.918
1213.984
1209.641
1183.573
1177.725
1184.805
1198.168
1146.623
1149.282
1150.968
1200.223
1226.995
1225.309
1222.65
1219.977
1170.723
1157.359
1130.586
1133.259
1175.641
1227.186
1184.805
1158.736
1138.895
1110.486
1128.305
1097.023
1079.205
1075.523
1068.443
1075.534
1106.816
1110.498
1138.907
1164.975
1184.816
1184.918
1177.827
1177.725
1184.805
1228.936
1222.391
1225.064
1231.609
1187.477
1184.805
1177.725
1175.791
1169.943
1173.58
1176.13
1178.064
1182.407
1156.339
1162.186
1188.255
1195.334
1191.698
1187.355
1184.805
1236.35
1239.009
1242.691
1256.655
1260.705
1267.784
1273.632
1277.975
1279.909
1283.545
1286.095
1282.459
1276.611
1272.268
1270.334
1267.784
1260.705
1234.636
1260.705
1252.993
1251.166
1244.707
1247.366
1244.707
1250.025
1255.4
1261.55
1267.809
1299.723
1293.464
1287.314
1281.939
1250.025
1244.707
1250.707
1316.489
1250.707
1244.707
1243.47
1252.443
1253.68
1244.707
1218.639
1214.295
1210.659
1203.58
1201.645
1195.798
1193.248
1134.911
1116.775
1121.725
1139.861
1144.205
1172.614
1180.489
1175.539
1171.195
1165.82
1171.195
1163.32
1134.911
1132.239
1119.257
1127.057
1119.257
1121.93
1134.911
1132.511
1127.193
1129.593
1134.911
1177.293
1183.784
1203.784
1205.42
1206.73
1207.739
1207.841
1209.695
1220.168
1213.077
1193.236
1193.134
1186.055
1168.236
1164.555
1138.486
1148.986
1119.505
1117.807
1117.7
1106.833
1086.078
1042.097
1035.361
1037.285
1036.238
1036.344
1037.703
1038.75
1082.731
1103.486
1114.354
1121.09
1119.165
1117.807
1124.599
1078.802
1081.575
1078.802
1124.599
1117.807
1161.788
1108.297
1106.547
1157.66
1211.151
1213.91
1216.684
1165.571
1151.703
1148.943
1176.726
1148.943
1104.962
1102.189
1103.939
1117.807
1115.882
1122.618
1123.665
1167.646
1188.401
1189.759
1189.866
1188.507
1187.46
1198.328
1200.252
1193.517
1182.649
1161.894
1117.913
1117.807
1117.7
1116.653
1072.672
1070.748
1049.993
1070.748
1081.616
1088.351
1077.483
1070.748
1072.672
1072.778
1074.137
1075.184
1119.165
1117.807
1072.009
1090.038
1094.66
1091.901
1094.66
1087.925
1086
1075.132
1076.179
1076.073
1077.998
1076.95
1056.196
1054.837
1075.592
1076.95
1120.932
1121.038
1131.906
1138.642
1094.66
1113.481
1118.618
1124.844
1123.561
1102.807
1093.495
1025.231
1023.307
1023.2
1029.936
1028.889
984.908
986.833
975.965
986.833
985.474
985.58
989.731
991.09
984.863
985.91
993.241
986.505
985.222
978.84
945.722
940.144
934.625
928.13
929.88
922.781
893.3
897.073
903.809
910.601
909.922
910.601
897.13
895.771
902.87
909.097
929.851
959.333
953.106
954.465
967.936
947.182
948.54
955.276
953.351
964.219
984.974
1028.955
1030.002
1030.108
1032.033
1030.675
1029.627
1029.521
1022.191
1011.323
1007.172
1000.436
1002.748
1009.483
1020.351
1041.106
1085.087
1085.193
1078.458
1079.505
1058.75
1047.882
1003.901
1005.259
1003.335
1005.259
1003.901
1002.854
1002.748
999.974
1002.748
1048.545
1002.748
995.955
1002.748
1003.795
1001.87
1006.021
1013.351
1014.314
1007.578
1009.502
1020.37
1009.502
1009.396
1008.038
1008.144
1007.097
963.116
942.361
943.719
949.946
968.767
973.903
967.677
948.856
943.719
970.771
1031.309
1035.908
1042.611
1093.724
1107.592
1105.842
1103.083
1100.309
1056.328
1100.309
1086.441
1089.215
1091.974
1093.724
1040.233
1012.45
961.337
1014.828
1042.611
1044.535
1051.781
1084.899
1104.936
1106.295
1125.116
1145.705
1151.283
1132.462
1137.599
1156.42
1160.927
1169.099
1164.592
1194.073
1188.495
1180.323
1150.842
1145.705
1134.837
1133.479
1131.554
1130.507
1130.401
1126.25
1125.288
1117.958
1132.448
1136.269
1139.028
1192.519
1189.759
1185.939
1132.448
1117.958
1138.712
1140.156
1142.363
1149.958
1182.42
1189.778
1196.514
1214.542
1217.302
1214.542
1219.679
1214.542
1220.769
1239.59
1220.769
1214.542
1232.571
1240.665
1270.778
1316.854
1320.816
1327.552
1338.307
1347.618
1354.634
1335.814
1342.55
1344.474
1374.403
1380.899
1386.417
1401.323
1403.33
1408.908
1415.7
1418.474
1372.677
1369.903
1363.111
1368.248
1387.068
1432.866
1462.347
1473.101
1478.988
1481.465
1503.34
1510.042
1539.363
1540.41
1573.528
1575.84
1586.594
1588.717
1590.16
1592.085
1598.58
1565.462
1583.491
1585.802
1577.708
1607.821
1640.939
1610.825
1608.514
1616.608
1598.58
1593.443
1574.623
1580.849
1585.986
1604.807
1598.58
1601.354
1557.373
1554.599
1551.84
1550.09
1496.599
1510.467
1561.58
1605.561
1608.321
1610.071
1582.288
1568.42
1517.307
1545.09
1598.58
1584.712
1591.208
1624.325
1603.571
1599.361
1596.587
1589.229
1603.097
1607.307
1614.665
1635.42
1637.731
1604.613
1602.302
1606.901
1660.392
1666.17
1668.943
1662.448
1656.67
1652.071
1598.58
1605.075
1668.599
1698.712
1704.781
1706.788
1704.476
1706.788
1673.67
1706.788
1733.84
1673.302
1733.84
1706.788
1727.936
1733.514
1741.608
1771.09
1791.127
1794.901
1796.184
1803.2
1833.13
1831.205
1829.847
1837.092
1870.21
1837.092
1818.271
1819.63
1799.592
1792.347
1812.384
1791.795
1810.616
1831.205
1833.13
1830.818
1797.7
1800.012
1833.13
1830.37
1812.342
1842.455
1850.55
1820.436
1812.342
1830.37
1800.889
1806.026
1835.507
1854.328
1835.507
1830.37
1863.488
1861.177
1828.059
1830.37
1837.387
1846.698
1839.682
1793.606
1786.87
1797.625
1786.87
1790.833
1836.908
1843.644
1839.682
1830.37
1836.597
1841.733
1860.554
1855.417
1849.191
1830.37
1803.318
1832.8
1827.222
1797.741
1789.568
1785.061
1766.241
1761.104
1769.276
1774.854
1779.361
1784.498
1803.318
1849.116
1846.342
1853.134
1846.342
1849.116
1803.318
1799.545
1806.337
1813.073
1816.847
1810.054
1803.318
1805.63
1772.512
1770.2
1803.318
1805.965
1799.469
1829.399
1831.406
1825.887
1840.792
1847.528
1853.106
1855.031
1840.125
1838.2
1808.271
1802.693
1795.958
1801.476
1807.972
1805.965
1803.653
1805.965
1772.847
1805.965
1812.46
1813.903
1815.828
1817.95
1828.705
1827.262
1820.767
1818.644
1816.719
1805.965
1775.851
1767.757
1749.729
1782.847
1785.158
1782.847
1749.729
1782.847
1780.535
1747.417
1749.729
1744.592
1738.366
1719.545
1773.035
1787.526
1784.767
1788.587
1774.097
1775.476
1771.656
1718.165
1690.382
1676.514
1673.755
1629.774
1627
1575.887
1522.396
1520.646
1518.335
1485.217
1494.179
1443.066
1437.929
1456.75
1461.887
1491.368
1461.887
1443.066
1448.953
1455.656
1453.179
1456.304
1426.983
1428.031
1404.357
1406.743
1385.664
1384.655
1378.195
1372.523
1341.241
1334.75
1314.75
1307.432
1305.305
1298.214
1329.495
1335.986
1343.305
1344.695
1364.695
1366.823
1373.914
1372.523
1416.655
1419.327
1425.873
1381.741
1379.068
1372.523
1343.505
1337.245
1276.032
1337.245
1366.264
1372.523
1366.675
1372.523
1368.705
1362.214
1372.577
1328.177
1321.416
1312.443
1321.416
1327.907
1372.307
1376.125
1382.886
1372.523
1392.523
1434.905
1441.395
1442.405
1452.877
1452.98
1454.834
1456.143
1482.211
1423.875
1482.211
1456.143
1458.816
1453.498
1461.298
1474.28
1471.88
1469.207
1456.225
1448.425
1450.28
1455.598
1454.207
1455.598
1445.234
1443.38
1453.743
1451.698
1445.439
1447.484
1453.743
1456.143
1475.984
1507.898
1509.752
1527.889
1526.034
1527.343
1495.43
1494.12
1474.28
1456.143
1475.452
1482.434
1475.452
1456.143
1457.38
1461.43
1456.055
1427.214
1429.068
1435.327
1440.134
1441.061
1446.38
1444.525
1438.034
1439.968
1425.605
1419.345
1417.411
1422.786
1417.468
1424.65
1422.795
1424.105
1381.723
1381.825
1383.68
1384.689
1427.07
1420.58
1419.57
1399.57
1419.57
1418.261
1418.159
1428.632
1384.768
1374.662
1367.136
1385.768
1413.18
1411.987
1405.463
1385.798
1357.969
1354.461
1382.289
1388.814
1392.322
1393.515
1413.18
1418.366
1413.18
1394.548
1367.136
1374.662
1415.557
1414.294
1412.504
1412.406
1393.107
1392.134
1393.397
1399.66
1399.759
1409.864
1410.838
1369.943
1371.732
1415.123
1404.65
1424.65
1429.6
1458.009
1476.145
1471.195
1442.786
1424.65
1428.993
1447.13
1452.08
1457.455
1429.045
1421.17
1416.22
1444.63
1426.493
1422.15
1416.775
1424.65
1426.505
1406.505
1448.886
1406.505
1406.402
1395.93
1389.439
1389.541
1400.014
1401.023
1421.023
1419.714
1417.859
1419.168
1425.659
1424.65
1425.959
1468.341
1488.341
1498.814
1499.823
1497.968
1499.823
1499.925
1489.452
1469.452
1427.07
1426.061
1424.752
1418.261
1424.752
1424.65
1469.05
1466.377
1422.245
1415.7
1458.082
1478.082
1488.555
1495.045
1493.191
1491.882
1471.882
1473.736
1467.245
1456.773
1458.082
1458.184
1458.082
1415.7
1414.691
1415.7
1408.939
1405.12
1360.72
1354.23
1345.257
1355.62
1359.439
1349.075
1355.566
1399.966
1406.727
1415.7
1416.709
1410.218
1430.218
1472.6
1470.745
1469.436
1468.427
1426.045
1427.355
1407.355
1407.457
1413.948
1413.845
1415.7
1405.227
1415.7
1444.541
1454.905
1456.759
1458.805
1465.064
1466.455
1456.091
1454.236
1452.191
1445.932
1444.541
1438.05
1434.414
1438.05
1444.541
1437.995
1444.541
1455.014
1456.868
1436.868
1436.97
1479.352
1499.352
1488.88
1488.777
1482.286
1483.295
1482.286
1488.777
1487.468
1485.614
1486.923
1444.541
1451
1452.009
1480.264
1501.343
1503.73
1501.343
1498.332
1497.323
1469.068
1474.741
1468.282
1462.609
1467.064
1462.609
1479.982
1462.609
1444.473
1416.064
1434.2
1429.25
1434.2
1462.609
1462.711
1491.73
1497.989
1503.836
1565.05
1558.791
1552.3
1491.086
1485.239
1456.22
1413.839
1415.693
1414.384
1413.375
1411.148
1431.148
1441.62
1484.002
1485.011
1465.011
1463.157
1463.055
1452.582
1459.073
1460.382
1462.236
1456.918
1455.064
1460.382
1459.455
1453.195
1448.389
1443.014
1447.82
1453.195
1451.261
1444.08
1451.261
1453.195
1455.282
1456.209
1456.311
1457.32
1463.366
1512.402
1513.711
1519.559
1523.902
1525.836
1529.473
1536.552
1539.102
1565.17
1563.316
1562.307
1560.998
1540.998
1498.616
1488.143
1481.652
1481.55
1455.482
1449.868
1448.509
1455.755
1488.873
1490.231
1457.113
1437.075
1416.486
1437.075
1435.151
1427.906
1446.726
1448.651
1468.689
1449.868
1436.396
1437.755
1438.434
1444.66
1415.179
1408.953
1407.594
1406.915
1399.816
1379.061
1392.533
1422.014
1429.113
1449.868
1452.514
1454.521
1451.875
1444.528
1417.476
1411.408
1406.901
1403.127
1410.474
1437.526
1443.594
1448.101
1451.875
1449.868
1468.689
1552.533
1573.682
1565.711
1567.939
1570.598
1573.461
1521.916
1528.461
1527.132
1548.211
1534.248
1585.793
1588.452
1592.134
1606.098
1602.416
1615.507
1621.355
1624.991
1626.925
1652.993
1648.65
1645.014
1642.464
1645.014
1649.357
1642.277
1616.209
1610.361
1617.441
1615.507
1611.457
1619.257
1590.416
1562.007
1581.316
1609.725
1606.089
1598.289
1601.925
1582.616
1611.457
1618.218
1638.598
1643.973
1638.598
1637.361
1630.6
1610.22
1611.457
1610.448
1604.402
1603.093
1602.991
1604.3
1555.264
1561.309
1561.411
1562.42
1570.593
1564.102
1519.702
1515.884
1506.911
1496.548
1503.039
1547.439
1554.2
1558.018
1566.991
1560.23
1570.593
1539.311
1519.311
1512.22
1543.502
1537.011
1544.102
1536.784
1543.275
1545.402
1544.011
1551.33
1549.202
1550.593
1515.485
1521.524
1523.498
1525.287
1519.248
1529.248
1527.274
1525.932
1524.143
1514.143
1515.485
1521.127
1517.618
1524.45
1549.603
1553.112
1554.978
1553.112
1550.651
1554.842
1550.651
1543.82
1518.667
1521.127
1515.485
1497.985
1493.208
1510.708
1538.121
1542.897
1515.485
1542.897
1525.397
1520.621
1525.397
1542.897
1538.706
1511.294
1503.695
1508.882
1516.48
1511.294
1515.485
1518.993
1544.147
1549.789
1542.958
1536.726
1532.45
1538.682
1541.143
1515.989
1520.18
1517.719
1514.211
1512.344
1508.154
1502.511
1509.342
1511.208
1515.485
1532.678
1536.868
1586.605
1591.737
1594.197
1596.064
1599.572
1597.706
1590.875
1565.721
1560.079
1557.618
1561.809
1567.452
1572.482
1575.897
1572.388
1568.197
1588.537
1636.064
1618.564
1615.998
1613.849
1620.164
1639.829
1642.592
1720.553
1722.702
1725.268
1718.952
1699.287
1716.787
1638.827
1636.064
1588.537
1568.197
1569.987
1575.173
1589.033
1590.899
1596.939
1624.768
1629.899
1628.033
1626.02
1619.09
1613.904
1609.265
1607.476
1602.344
1601.45
1607.713
1588.414
1584.138
1580.23
1572.704
1569.151
1507.349
1554.664
1560.498
1561.471
1561.57
1560.307
1552.421
1546.588
1547.851
1546.877
1546.779
1541.748
1537.557
1531.914
1534.375
1532.509
1530.048
1526.634
1578.511
1604.58
1606.514
1610.857
1616.705
1623.784
1627.42
1632.989
1635.661
1641.92
1652.23
1659.32
1607.775
1612.207
1616.207
1618.116
1604.752
1608.809
1603.241
1600.568
1594.309
1590.252
1583.161
1563.161
1558.73
1552.47
1491.257
1485.409
1456.391
1485.409
1491.668
1552.882
1558.73
1537.65
1544.109
1549.782
1547.848
1545.461
1539.002
1533.33
1535.716
1556.795
1557.805
1530.408
1529.434
1502.171
1495.34
1489.697
1485.507
1483.64
1481.18
1456.026
1452.518
1425.105
1429.882
1447.382
1474.794
1457.294
1452.518
1442.518
1440.544
1434.02
1430.336
1420.336
1426.599
1469.441
1475.965
1479.649
1488.307
1479.649
1480.991
1487.031
1489.004
1482.965
1481.623
1491.623
1493.412
1450.57
1448.781
1442.518
1452.518
1483.311
1452.518
1453.781
1435.149
1428.412
1426.623
1409.123
1415.86
1435.004
1452.504
1454.294
1435.149
1453.781
1452.518
1454.373
1516.175
1517.965
1519.61
1520.583
1520.485
1519.511
1513.678
1466.362
1465.099
1472.985
1474.248
1480.081
1480.18
1476.671
1482.987
1489.25
1482.934
1476.671
1480.18
1477.614
1495.114
1474.774
1427.248
1349.287
1342.971
1340.208
1338.059
1318.395
1319.619
1339.269
1341.939
1348.04
1350.519
1333.612
1335.689
1338.403
1367.369
1365.07
1349.406
1372.91
1355.5
1337.125
1355.5
1361.596
1362.711
1365.99
1359.893
1355.047
1381.051
1379.936
1397.346
1371.342
1376.189
1372.91
1347.295
1340.262
1347.295
1372.91
1371.389
1358.439
1352.586
1350.842
1345.199
1343.527
1317.523
1312.676
1307.881
1313.332
1307.881
1308.791
1308.699
1307.789
1307.881
1352.094
1344.725
1343.545
1344.725
1350.893
1351.803
1372.471
1380.258
1354.643
1350.18
1333.828
1328.982
1325.066
1299.451
1283.098
1278.635
1283.098
1290.199
1295.045
1287.945
1291.861
1317.475
1333.828
1332.156
1274.406
1276.139
1277.811
1279.348
1277.615
1335.365
1333.828
1287.352
1284.033
1271.443
1269.045
1287.078
1325.291
1326.471
1326.564
1328.236
1337.678
1343.531
1344.441
1335.096
1329.453
1327.781
1318.436
1317.182
1315.338
1316.248
1310.395
1328.428
1328.52
1329.701
1331.373
1331.281
1330.1
1339.543
1377.756
1376.084
1375.174
1336.961
1318.928
1309.486
1315.338
1307.248
1303.805
1297.709
1301.152
1261.119
1266.971
1257.627
1263.723
1271.814
1281.158
1275.305
1273.581
1289.415
1286.873
1284.552
1321.552
1323.778
1280.778
1210.242
1191.839
1189.339
1222.432
1220.424
1204.072
1206.08
1250.49
1323.338
1341.713
1360.719
1363.301
1369.203
1371.6
1390.607
1384.754
1384.846
1386.518
1387.699
1349.486
1387.699
1393.551
1384.109
1385.018
1403.051
1402.141
1400.961
1382.928
1381.256
1381.164
1390.607
1445.799
1440.527
1445.799
1451.443
1477.607
1451.443
1445.799
1390.607
1390.514
1389.605
1384.154
1339.941
1338.76
1366.965
1372.818
1366.424
1368.342
1386.375
1392.973
1391.055
1392.309
1391.055
1384.457
1390.85
1384.998
1356.793
1338.76
1337.85
1336.67
1298.457
1300.129
1305.982
1315.424
1333.457
1371.67
1353.637
1347.785
1347.693
1347.785
1348.965
1349.875
1340.432
1338.76
1336.461
1374.674
1376.973
1357.967
1376.973
1338.76
1332.936
1358.412
1353.297
1354.207
1328.732
1327.822
1325.67
1344.676
1350.5
1355.615
1336.609
1338.76
1333.965
1338.76
1341.17
1352.875
1359.908
1357.744
1355.334
1348.301
1336.596
1338.76
1355.113
1337.703
1308.928
1302.633
1300.961
1284.609
1266.719
1265.539
1266.719
1273.014
1290.904
1292.576
1321.35
1338.76
1339.941
1349.383
1387.596
1388.506
1388.598
1394.451
1356.238
1354.566
1354.473
1356.145
1350.293
1340.85
1322.818
1298.284
1297.403
1296.26
1294.641
1238.724
1234.081
1249.637
1253.429
1298.429
1294.637
1292.958
1291.47
1275.915
1230.915
1235.558
1198.558
1196.331
1233.331
1235.558
1217.155
1235.558
1228.018
1233.685
1232.065
1230.923
1230.042
1193.042
1214.125
1208.273
1198.83
1198.922
1200.102
1201.012
1239.225
1257.258
1266.701
1266.609
1268.281
1249.275
1211.061
1230.068
1268.281
1265.982
1268.281
1277.723
1283.576
1284.756
1283.084
1282.992
1281.811
1243.598
1221.579
1222.46
1205
1195.857
1190.19
1191.81
1191.899
1191.018
1228.018
1233.482
1215.079
1212.853
1175.853
1194.256
1231.256
1233.482
1190.482
1196.196
1198.696
1201.325
1203.867
1235.19
1166.825
1151.479
1166.825
1164.402
1158.863
1156.979
1154.729
1137.485
1119.648
1121.533
1123.783
1130.67
1129.147
1129.063
1127.989
1133.317
1141.914
1107.123
1090.705
1082.108
1076.78
1078.302
1062.989
1096.772
1097.815
1097.897
1098.701
1097.897
1094.222
1091.088
1085.537
1077.03
1069.664
1064.336
1063.261
1098.052
1098.881
1099.955
1100.039
1101.562
1117.979
1126.576
1131.905
1126.576
1126.493
1091.701
1090.873
1089.351
1105.946
1097.085
1121.488
1104.244
1105.29
1111.012
1109.965
1106.888
1123.227
1129.827
1132.904
1156.942
1151.221
1155.769
1151.221
1134.883
1110.844
1104.244
1079.84
1064.336
1081.64
1116.431
1114.338
1079.547
1062.243
1064.336
1088.011
1102.899
1099.575
1098.052
1097.968
1063.177
1054.58
1049.252
1048.177
1031.759
1030.931
1013.627
1015.72
980.929
978.836
1013.627
1030.931
1042.394
1027.506
1023.94
1000.619
994.155
989.743
985.679
980.306
977.321
971.993
969.899
952.595
917.804
935.108
939.909
941.308
943.894
893.644
943.894
920.073
914.935
910.134
914.935
920.073
943.894
877.569
875.179
872.828
887.716
882.343
867.815
865.267
863.383
931.748
916.402
958.079
975.323
977.746
983.285
985.169
957.944
955.761
973.065
977.431
961.58
963.103
968.834
995.032
1011.319
1005.588
979.39
977.868
961.58
946.692
947.767
962.655
978.506
977.431
989.222
966.028
966.856
964.897
947.593
942.291
937.634
936.806
960
977.304
982.606
987.263
989.222
985.565
999.826
1003.483
989.222
952.774
959.104
969.761
946.086
950.149
965.037
968.022
973.843
981.209
983.44
994.41
1009.037
1032.713
1050.017
1052.211
1053.595
1079.274
1088.039
1087.024
1076.278
1075.741
1074.666
1064.009
1040.688
1035.073
1030.147
1013.729
1015.252
1017.08
1022.453
1037.341
1020.037
1003.308
936.983
953.713
1020.037
979.604
996.909
1007.274
1002.056
999.937
1002.056
999.774
997.998
1000.281
985.824
980.65
981.759
987.411
989.107
1014.042
1019.875
1025.049
1040.991
1035.158
1034.049
1018.107
1016.411
1010.759
985.824
987.857
983.618
942.531
939.069
924.866
929.15
932.049
947.44
932.049
927.764
950.409
944.192
921.547
944.536
941.638
936.248
952.493
957.882
958.868
965.085
964.1
941.111
924.866
928.328
930.495
935.712
1000.114
1003.946
1008.728
1033.663
1035.007
1051.81
1062.462
1076.665
1099.654
1101.784
1100.44
1108.951
1092.149
1081.496
1067.293
1044.304
1035.793
1010.859
1008.728
1003.739
1001.609
1042.696
1044.826
1039.174
1042.707
1047.696
1044.462
1040.024
1044.462
1040.929
1056.871
1060.105
1070.757
1076.409
1073.221
1071.699
1063.482
1058.493
1009.699
986.569
981.908
986.569
991.558
1014.688
1063.482
1065.014
1081.817
1128.317
1133.96
1173.047
1237.449
1253.694
1256.205
1264.466
1265.806
1262.274
1257.125
1258.168
1243.712
1242.234
1236.668
1211.23
1225.687
1210.295
1211.774
1217.339
1242.777
1258.168
1242.353
1241.31
1257.125
1254.842
1190.44
1174.196
1157.393
1152.176
1150.056
1135.6
1167.67
1161.921
1163.344
1160.679
1151.91
1201.271
1219.108
1226.023
1157.658
1189.425
1141.537
1144.123
1152.631
1135.901
1141.713
1140.332
1100.078
1082.774
1076.963
1093.692
1076.388
1065.418
1041.743
1043.127
1034.362
1008.683
1025.987
1011.36
1009.976
1012.17
1037.849
1046.614
1070.289
1084.916
1086.483
1084.289
1101.593
1104.179
1105.578
1088.274
1085.688
1084.289
1089.09
1084.289
1119.08
1122.405
1124.375
1132.972
1156.166
1160.737
1165.875
1167.453
1182.408
1185.306
1183.139
1197.596
1204.748
1190.292
1186.346
1191.998
1189.1
1181.947
1185.893
1188.06
1182.408
1183.886
1184.929
1185.734
1201.676
1210.024
1215.197
1215.279
1249.062
1243.913
1248.435
1246.533
1229.73
1207.208
1202.687
1204.589
1203.784
1204.589
1221.391
1226.54
1213.877
1216.317
1210.833
1209.53
1146.942
1140.611
1142.944
1150.972
1105.782
1113.313
1105.285
1089.498
1094.982
1095.308
1126.173
1141.527
1147.047
1131.588
1160.217
1161.615
1160.628
1159.231
1151.341
1156.231
1164.122
1164.045
1163.284
1163.361
1148.293
1143.402
1111.471
1126.539
1158.471
1159.231
1160.217
1176.099
1236.973
1238.24
1177.366
1177.05
1182.384
1219.329
1211.521
1206.187
1203.813
1247.765
1249.959
1247.183
1244.85
1252.879
1255.319
1239.532
1232
1240.113
1245.141
1245.22
1246.234
1241.206
1240.424
1273.255
1273.176
1257.683
1256.669
1257.451
1249.338
1264.831
1263.394
1264.831
1232
1229.93
1207.588
1199.317
1175.085
1173.648
1174.662
1173.356
1173.276
1174.713
1169.685
1161.572
1146.079
1113.248
1146.079
1146.158
1132.356
1142.708
1166.94
1165.926
1164.447
1165.229
1181.558
1189.671
1173.342
1174.648
1173.866
1182.137
1204.479
1219.972
1225
1227.07
1240.873
1178.285
1172.801
1134.815
1118.486
1073.296
1071.04
1068.6
1076.629
1082.113
1074.085
1076.525
1121.715
1120.412
1121.715
1123.97
1130.301
1132.634
1162.476
1163.873
1155.983
1151.092
1183.024
1182.038
1181.961
1189.851
1194.741
1195.728
1195.805
1210.873
1195.805
1163.873
1163.113
1163.873
1162.476
1166.997
1162.065
1165.337
1104.464
1126.193
1131.125
1129.077
1125.455
1120.935
1117.663
1178.536
1180.584
1241.457
1246.791
1248.058
1263.413
1279.295
1287.103
1279.295
1276.921
1279.295
1235.342
1229.185
1226.991
1166.118
1164.851
1201.796
1196.462
1194.193
1238.146
1206.214
1208.022
1212.217
1244.149
1239.954
1236.902
1232.187
1235.238
1222.614
1224.104
1215.991
1214.132
1212.643
1217.491
1264.91
1286.798
1294.91
1273.023
1267.995
1269.431
1269.511
1268.074
1268.856
1260.743
1293.574
1278.081
1281.18
1248.349
1247.567
1246.553
1246.474
1247.488
1252.516
1260.629
1265.866
1287.873
1302.831
1306.995
1284.653
1300.44
1306.482
1309.299
1294.342
1291.525
1313.866
1312.908
1307.671
1291.884
1285.842
1263.835
1264.792
1260.629
1252.6
1250.16
1234.373
1189.183
1187.88
1182.396
1220.382
1157.794
1174.123
1219.313
1202.984
1204.287
1266.875
1282.662
1285.102
1293.13
1255.144
1260.629
1261.643
1266.671
1274.783
1290.276
1288.84
1289.621
1289.701
1322.532
1323.968
1318.94
1315.842
1283.011
1282.229
1281.215
1273.102
1273.023
1295.502
1290.653
1295.502
1248.083
1225.604
1230.134
1277.553
1273.023
1259.22
1248.868
1259.22
1257.914
1235.572
1251.901
1227.669
1225.599
1247.94
1239.669
1223.34
1224.646
1226.717
1250.949
1259.22
1273.023
1272.009
1263.896
1268.924
1267.488
1251.995
1251.213
1218.382
1226.495
1221.467
1222.903
1222.982
1223.764
1256.595
1272.088
1272.009
1273.023
1267.539
1259.511
1243.181
1205.195
1189.408
1144.218
1081.63
1079.19
1077.887
1071.845
1081.901
1080.042
1086.085
1088.155
1092.275
1094.134
1092.063
1082.007
1077.887
1076.873
1091.831
1116.553
1091.831
1077.782
1083.19
1077.782
1076.345
1090.394
1105.764
1107.201
1092.243
1093.257
1077.887
1070.937
1067.102
1064.285
1071.236
1057.187
1071.236
1075.07
1080.563
1083.38
1081.275
1083.38
1077.887
1076.451
1076.371
1068.259
1067.477
1034.646
1019.153
1014.125
1015.562
1015.641
1016.655
1024.768
1057.599
1073.092
1073.873
1072.859
1077.887
1062.394
1057.366
1033.134
1027.465
1021.972
1020.324
1019.246
1030.063
1019.246
1017.81
1017.731
1016.949
984.118
968.625
960.512
955.484
954.47
934.276
948.079
900.66
895.812
894.322
890.009
868.121
860.009
858.15
880.037
847.206
844.069
848.382
856.495
889.326
892.463
939.882
944.731
946.22
948.079
970.558
976.6
990.058
1004.107
1006.213
1007.171
1011.854
1003.583
1002.276
1000.206
989.854
973.525
951.183
926.951
913.148
935.035
913.148
908.754
903.75
901.901
902.683
886.354
888.202
904.532
903.75
908.754
913.148
917.678
916.357
932.687
935.127
918.798
920.118
921.977
919.537
924.607
926.583
922.053
969.472
970.549
948.07
942.028
928.57
934.613
948.07
970.549
965.866
951.817
956.5
970.549
971.507
973.613
971.507
970.549
972.197
970.222
975.292
1022.711
1024.57
1019.5
1017.641
1015.535
1010.465
947.877
943.229
895.81
892.445
894.551
899.621
962.21
966.857
989.199
992.563
994.539
1000.377
977.388
975.855
1009.638
1006.409
1011.399
1060.192
1082.714
1091.062
1092.975
1097.413
1100.641
1066.859
1068.391
1063.953
1062.04
1053.692
1031.17
982.377
977.388
928.594
905.464
900.475
922.554
946.229
949.215
965.944
942.623
943.638
927.787
951.108
956.659
972.509
948.834
947.819
942.269
925.539
921.127
914.724
911.739
916.151
922.554
920.323
914.502
907.136
892.248
888.185
885.2
879.826
877.856
883.229
933.479
935.45
942.815
892.565
894.659
897.644
903.465
907.528
922.416
924.647
922.554
908.293
901.89
925.711
901.89
916.151
922.554
907.666
902.703
900.472
905.435
904.42
905.435
907.666
922.554
938.405
954.692
960.424
986.621
988.144
1003.032
1004.106
988.256
962.058
956.326
940.039
925.151
923.629
922.554
920.461
922.431
917.058
922.431
920.461
970.711
972.804
922.554
943.953
946.938
949.032
950.619
956.431
961.231
964.797
940.976
934.573
920.312
921.326
916.364
918.595
933.483
918.595
916.364
915.349
920.312
905.424
914.021
910.696
914.021
919.159
969.409
967.438
969.017
970.987
994.181
1028.972
1024.401
989.61
981.013
930.763
925.625
924.047
900.853
905.424
911.888
914.91
917.093
919.679
933.94
951.244
949.274
951.244
900.994
909.369
907.276
912.649
914.743
909.369
915.181
910.381
906.815
905.228
903.134
907.935
904.95
908.515
910.103
912.196
915.181
893.782
887.97
909.369
908.541
903.239
898.582
875.388
877.347
900.541
905.843
906.672
911.328
894.024
892.065
909.369
905.713
891.451
877.19
894.494
897.517
903.981
901.396
915.657
913.474
916.06
909.595
906.573
908.756
891.451
896.252
899.237
901.33
904.896
910.707
932.106
933.694
931.601
930.013
926.448
921.647
900.248
894.437
891.451
905.713
890.825
873.521
871.338
873.521
879.985
883.007
900.312
902.897
899.875
898.86
896.629
901.591
916.479
917.494
919.726
917.14
902.879
897.916
891.451
867.776
865.545
860.172
793.847
788.922
785.356
779.983
785.356
783.386
775.011
772.918
823.168
825.138
827.231
829.325
832.31
834.896
836.295
831.494
830.095
827.509
832.31
849.614
832.31
833.897
812.498
810.405
831.804
837.616
834.631
833.043
829.478
824.677
818.866
823.666
827.231
824.646
818.181
820.767
803.463
809.927
807.744
822.006
839.31
841.493
844.515
841.493
827.231
831.295
846.183
831.295
829.063
823.243
815.877
823.243
825.474
821.41
824.396
830.216
827.231
833.052
816.634
814.44
809.869
806.231
822.649
817.511
806.541
764.228
775.198
769.377
772.707
777.845
780.039
784.61
826.924
830.562
827.231
832.032
853.431
859.243
857.149
852.349
848.784
827.384
825.797
827.384
821.573
820.05
822.144
815.813
812.828
816.394
819.379
845.058
850.879
872.278
888.565
894.377
894.461
909.088
912.11
935.431
938.017
952.278
945.813
942.791
945.813
952.278
969.582
967.399
950.095
935.834
933.248
935.431
937.524
942.897
993.147
995.118
989.744
939.494
937.524
935.431
885.181
861.987
912.237
907.666
906.088
907.666
912.804
904.207
927.401
924.076
926.047
930.618
933.942
899.151
933.942
928.804
926.834
935.431
924.774
929.912
927.681
942.569
943.584
942.569
927.681
922.718
927.681
929.912
908.513
910.101
913.086
907.274
902.474
923.873
925.966
922.401
925.966
930.767
936.578
933.593
932.006
929.912
925.5
924.485
900.81
897.825
891.422
868.101
851.371
835.521
829.97
812.666
815.688
813.506
810.483
804.019
818.28
820.866
838.17
840.353
826.091
832.556
829.97
828.896
813.045
786.847
781.116
779.593
764.705
748.418
743.28
737.468
734.483
730.918
709.519
704.718
703.131
706.116
704.022
705.61
709.175
713.976
735.375
741.187
743.28
749.744
732.44
730.257
727.235
720.771
723.356
740.66
742.843
745.866
731.604
745.866
743.28
731.489
781.739
779.646
729.396
724.022
725.993
724.022
726.116
731.489
734.075
740.539
743.562
745.744
763.049
777.31
775.127
772.104
754.8
752.215
737.953
731.489
726.688
705.289
701.724
699.631
693.819
690.834
689.246
694.209
691.978
677.09
672.127
674.358
675.373
690.261
689.246
687.153
702.041
706.966
743.414
744.429
741.843
724.539
710.278
707.256
700.791
698.608
696.638
646.388
641.015
638.922
640.444
640.528
641.356
642.431
658.849
667.446
672.774
707.565
703.2
704.778
713.375
736.569
786.819
791.957
757.166
761.737
758.412
756.442
747.845
724.651
674.401
676.371
711.162
714.487
712.909
707.771
703.2
686.912
672.285
666.474
666.39
687.789
690.812
696.623
712.91
712.994
707.174
712.994
689.674
668.274
642.595
639.573
662.894
677.521
703.2
708.125
723.013
727.076
692.285
675.868
667.271
661.942
663.465
679.882
680.957
681.785
716.576
716.66
725.257
730.586
729.757
729.674
727.715
710.41
705.108
700.451
677.257
675.735
674.907
673.832
676.063
671.101
676.063
675.049
672.817
687.705
688.72
673.832
662.369
662.285
660.763
644.345
635.748
630.42
631.248
631.332
632.407
648.825
683.616
692.213
693.735
686.369
693.735
691.504
696.832
700.896
686.007
681.944
676.123
678.354
675.369
681.19
684.175
683.101
682.272
647.481
662.369
657.041
648.444
632.026
597.235
596.407
595.332
595.248
611.666
613.188
613.272
618.601
627.198
661.989
662.817
663.892
662.369
662.453
663.976
669.304
677.901
694.319
695.394
730.185
731.013
725.685
724.162
724.078
715.481
714.407
679.616
663.198
662.369
658.306
653.381
657.444
672.332
677.257
662.369
660.138
675.026
676.041
671.078
656.19
655.175
660.138
662.369
667.17
684.474
683.075
680.489
681.888
684.474
667.17
662.369
627.578
627.662
629.185
623.856
615.259
598.841
607.438
606.61
607.685
607.601
606.078
609.362
644.153
644.981
643.907
644.668
655.325
648.922
638.265
636.071
640.437
638.466
644.869
647.063
649.034
644.668
641.343
649.94
684.731
685.646
687.616
652.825
656.424
648.076
651.304
646.315
695.109
700.098
701.63
700.098
698.185
649.391
626.87
622.431
625.982
640.438
642.069
647.058
693.558
745.993
749.455
750.259
750.178
749.134
748.33
714.547
719.721
728.069
744.011
777.793
777.875
774.687
766.339
764.861
766.339
765.6
766.643
782.458
803.237
782.458
757.524
751.88
757.524
771.726
766.074
781.889
759.245
756.31
778.955
781.889
806.824
791.009
776.806
776.888
782.54
782.458
783.263
817.045
822.219
838.161
839.205
839.286
840.764
840.683
832.335
798.553
782.611
790.958
790.154
789.111
787.632
782.458
768.002
765.835
764.85
760.031
761.509
761.591
762.634
757.46
749.112
715.33
714.525
713.482
713.4
711.922
695.98
696.784
701.958
735.741
751.683
760.031
755.248
740.792
744.737
749.52
763.976
760.031
744.089
710.306
709.502
708.458
708.377
706.899
701.725
693.377
686.493
685.688
667.417
661.964
664.13
669.783
662.63
660.464
663.362
659.417
653.764
660.917
675.373
679.319
664.862
661.964
663.739
679.681
630.888
622.54
588.757
585.529
584.641
589.63
567.109
562.12
560.587
562.12
610.913
619.261
617.348
621.786
625.014
658.797
681.319
683.232
667.29
706.551
710.496
696.04
691.257
696.04
692.094
706.551
667.29
665.757
668.991
668.909
646.264
640.621
637.687
623.484
598.549
577.77
561.955
556.303
566.737
569.781
592.77
598.413
600.043
605.609
631.047
636.036
641.426
674.739
683.087
699.332
704.114
699.125
694.342
698.288
696.755
692.81
707.266
658.473
635.951
627.603
625.69
621.252
618.024
584.241
569.784
555.582
594.842
597.353
614.156
618.817
620.176
617.665
600.862
599.504
594.842
591.292
592.922
540.487
538.857
492.357
487.368
472.911
476.462
522.962
527.951
542.408
538.946
591.38
594.842
600.408
601.94
600.245
614.701
600.245
593.092
590.194
586.248
588.415
586.248
589.147
596.299
608.278
614.099
618.162
632.424
617.535
612.61
608.547
616.058
624.565
627.7
638.446
644.177
649.989
673.664
670.53
672.209
670.53
664.718
641.043
635.312
624.565
630.386
646.804
643.166
632.196
627.625
630.955
641.925
644.119
601.806
606.377
604.183
600.853
595.032
578.614
620.927
624.565
629.703
624.565
584.132
624.565
623.424
629.244
632.569
635.591
641.994
658.412
710.991
714.629
709.491
743.799
748.937
754.487
780.685
789.282
772.552
767.414
741.216
757.946
749.349
743.799
709.491
706.506
700.685
685.797
678.431
676.2
672.136
676.502
678.024
689.815
695.144
700.282
701.869
706.282
729.957
734.882
749.771
755.502
779.177
777.498
753.823
756.957
758.636
764.448
753.701
764.448
758.636
752.905
749.771
753.336
757.701
772.328
814.642
797.338
795.938
791.138
788.552
791.138
792.537
809.841
814.642
829.53
833.187
887.187
935.075
940.213
936.556
940.121
941.8
926.912
923.347
869.347
864.209
816.321
814.642
855.075
814.642
809.716
810.731
809.716
773.269
778.194
793.082
829.53
814.642
829.53
835.933
846.59
835.933
831.567
833.537
837.903
840.097
833.694
831.724
829.53
795.222
769.024
752.295
778.493
769.896
764.345
759.207
764.345
781.075
786.625
795.222
829.53
840.276
834.465
840.196
863.871
869.683
846.007
835.261
838.396
840.075
836.94
835.261
829.53
833.896
810.22
808.698
803.56
799.194
793.866
795.388
783.597
788.009
783.597
782.009
793.8
799.129
804.267
827.942
829.53
789.097
793.754
811.058
813.151
847.942
846.263
842.606
794.718
740.718
735.58
739.146
740.825
744.481
798.481
846.369
842.804
827.916
842.804
847.942
846.543
841.743
839.157
821.853
874.431
875.83
877.353
878.931
915.159
917.252
952.043
934.739
932.646
949.95
915.159
938.834
928.088
922.356
898.681
904.412
901.278
912.024
910.345
904.534
907.668
909.347
915.159
918.724
923.09
965.403
980.03
975.664
961.037
957.472
915.159
915.243
920.205
960.459
961.534
962.362
960.84
962.362
966.728
965.14
970.468
966.103
942.427
966.103
954.312
949.174
943.845
948.983
950.571
962.362
957.95
962.362
970.959
976.287
992.705
993.534
994.608
994.692
996.215
1031.006
1047.735
1073.933
1079.071
1113.379
1121.976
1095.778
1090.64
1085.09
1050.782
1034.052
1025.455
1031.006
1048.31
1046.216
1028.912
994.121
1028.912
1031.006
1014.588
1031.006
1029.483
1028.655
1029.483
1030.558
1065.349
1064.274
1072.871
1072.787
1074.31
1068.981
1060.384
1025.593
1025.677
1031.006
1037.013
1040.67
1042.349
1043.692
1052.2
1053.7
1068.588
1103.379
1068.588
1066.494
1068.966
1051.662
1053.756
1062.353
1067.681
1059.084
1042.666
1077.457
1076.382
1041.591
1036.263
1035.435
1035.351
1036.873
1036.957
1038.032
1038.86
1037.338
1053.756
1075.733
1070.002
1071.524
1072.924
1071.524
1069.946
1017.368
1018.946
1017.424
1070.002
1086.42
1087.181
1095.778
1096.853
1095.33
1101.129
1101.957
1103.479
1098.151
1098.235
1098.151
1089.554
1073.136
1038.345
1037.517
1036.442
1033.97
999.179
1033.97
1031.877
1033.97
1036.442
1031.479
1030.651
1030.567
1035.53
995.276
994.201
994.285
995.114
1005.357
1006.4
1014.661
1000.205
1003.755
1002.125
1000.668
999.364
993.531
985.27
981.719
983.35
984.806
986.111
991.944
1006.4
1000.77
999.966
998.922
998.841
998.101
982.159
980.681
972.333
973.138
989.08
1022.862
1028.036
1029.08
1037.428
1037.509
1038.987
1044.44
1062.712
1064.879
1100.056
1105.23
1151.73
1155.969
1159.502
1193.284
1190.884
1188.851
1155.069
1171.871
1173.904
1172.371
1158.524
1142.582
1137.408
1135.929
1135.848
1135.043
1101.261
1092.913
1101.261
1102.739
1102.821
1103.864
1104.668
1138.451
1154.393
1159.567
1158.524
1157.219
1171.676
1179.937
1178.306
1176.85
1171.016
1172.647
1169.096
1154.639
1155.944
1161.777
1165.328
1157.067
1157.31
1191.092
1207.895
1191.092
1157.31
1155.277
1157.31
1158.788
1163.962
1179.904
1213.687
1214.491
1215.534
1215.616
1223.964
1215.616
1210.442
1194.5
1193.696
1192.652
1192.571
1191.092
1157.31
1134.321
1139.886
1162.875
1168.518
1170.149
1180.583
1174.94
1177.984
1176.353
1173.31
1162.875
1157.31
1141.495
1180.582
1180.5
1181.543
1181.625
1180.582
1175.569
1170.606
1169.778
1170.606
1175.569
1158.265
1123.474
1121.381
1122.455
1127.784
1131.422
1096.631
1080.213
1071.616
1066.478
1068
1067.172
1066.097
1066.013
1064.491
1058.67
1055.34
1044.369
1039.041
1036.847
1020.429
978.116
986.713
1021.504
1022.332
1038.75
1034.179
1037.509
1048.479
1054.3
1056.494
1061.065
1103.379
1103.463
1119.881
1116.243
1121.381
1145.056
1149.422
1154.75
1156.338
1168.129
1172.541
1174.063
1179.201
1173.873
1169.507
1167.92
1144.244
1142.722
1138.31
1126.519
1121.381
1119.802
1122.284
1130.791
1132.134
1138.142
1123.254
1121.731
1120.332
1067.754
1071.41
1062.903
1064.582
1058.575
1057.231
1056.981
1055.302
1051.646
1022.62
1017.446
1017.527
1018.571
1010.223
1011.027
1044.81
1030.871
1035.9
1020.407
987.576
986.794
985.78
985.701
984.264
985.701
993.813
995.461
1000.31
1008.338
1009.415
1011
1012.437
1011
1010.921
1010.139
1008.414
1005.271
1004.257
971.426
963.313
958.285
970.12
966.658
952.201
953.832
957.382
949.121
957.382
951.549
947.998
949.303
946.893
941.904
943.361
942.056
947.889
895.455
909.911
863.411
861.955
858.404
856.774
855.143
821.83
826.819
821.83
796.391
780.147
771.799
805.112
799.723
825.161
830.551
838.899
855.143
894.23
895.274
900.092
861.005
861.087
861.005
856.187
856.991
856.187
855.143
849.491
863.947
869.781
878.042
872.208
868.658
867.027
870.578
869.274
854.817
846.556
847.861
849.491
850.947
849.491
849.926
856.143
864.654
873.002
874.48
920.98
926.632
927.973
931.207
936.85
939.132
937.502
927.067
937.502
931.937
928.893
923.25
900.261
905.904
908.947
910.578
916.143
939.132
898.045
883.842
880.38
876.141
877.772
881.322
895.779
904.04
905.496
897.236
895.779
889.946
888.641
894.475
895.779
894.149
890.598
876.141
880.426
881.469
881.388
920.475
925.293
925.495
924.451
885.364
880.545
879.741
879.822
881.364
877.08
872.841
877.125
875.647
880.821
885.81
884.268
907.257
908.736
912.975
907.801
884.812
879.822
868.373
879.822
872.529
864.268
865.899
870.888
862.627
863.736
862.257
860.627
855.638
857.116
856.007
864.268
870.101
878.362
881.913
873.652
872.196
870.891
869.261
883.717
869.261
865.71
859.877
861.333
862.964
864.268
866.301
870.962
906.353
927.694
921.861
920.23
918.774
917.469
913.918
899.462
878.121
879.752
881.208
882.513
888.346
902.803
894.542
902.803
906.353
910.592
916.81
912.571
910.44
904.223
906.136
895.788
893.875
904.223
906.353
906.272
906.071
901.252
862.165
861.121
825.73
840.187
875.578
861.121
862.107
866.889
862.107
861.121
855.732
839.487
831.139
797.826
792.837
801.185
817.429
850.743
856.132
861.121
886.56
861.121
859.665
856.114
854.81
846.549
844.918
839.085
824.629
822.998
828.563
825.52
819.877
796.888
791.322
780.888
791.322
814.312
819.955
822.998
824.629
826.404
836.839
870.621
873.746
876.257
877.562
882.551
884.029
919.207
921.239
936.63
950.833
955.822
978.467
976.837
971.848
972.957
964.696
963.217
964.848
966.326
971.315
970.207
978.467
969.957
976.174
976.609
976.174
969.957
978.467
955.478
954
948.826
944.542
943
938.011
933.772
922.322
917.801
919.833
930.486
931.29
936.743
945.254
948.152
933.696
935.036
958.167
964.384
978.232
983.884
992.232
1038.732
1037.391
1038.87
1030.522
1032.804
1036.038
1037.379
1031.736
1026.083
1022.85
976.35
974.871
972.589
978.232
967.58
969.612
972.511
981.022
982.362
983.167
984.688
982.656
979.757
971.246
969.906
969.101
963.649
969.101
972.226
973.531
975.306
985.741
1019.524
1022.034
1020.73
1025.719
1023.944
1021.433
1018.308
1013.319
1002.884
969.101
971.134
974.033
972
969.101
960.591
959.25
957.728
966.239
960.786
959.982
961.322
962.127
967.58
978.232
976.601
966.167
963.123
940.134
934.491
928.926
922.708
899.578
922.708
928.926
942.774
928.926
933.915
925.654
924.545
925.654
927.132
935.393
930.404
928.774
927.295
928.926
964.103
959.114
936.469
938.502
952.705
937.313
942.303
940.27
905.092
920.484
906.281
928.926
924.143
926.176
927.516
936.027
938.926
933.473
938.926
936.893
933.995
925.484
924.143
923.339
924.143
913.491
924.143
918.754
893.315
884.967
851.654
846.665
830.42
815.964
821.417
822.221
820.88
815.428
814.623
812.591
823.243
820.344
811.833
813.174
815.207
818.105
826.616
815.964
822.181
808.333
822.181
799.051
792.833
815.964
817.996
820.895
829.406
830.746
831.551
828.652
839.304
837.272
828.761
827.42
826.616
821.163
810.511
815.964
809.746
810.181
801.67
801.236
806.409
814.92
830.862
864.645
865.449
866.493
866.574
868.053
874.27
882.618
847.44
852.893
863.545
861.513
860.172
851.661
850.857
845.404
834.752
837.65
838.455
839.795
848.306
850.339
847.44
863.382
867.621
866.143
868.176
869.219
868.176
867.371
833.589
817.647
809.299
804.125
805.603
805.685
806.489
840.272
848.62
853.793
900.293
896.054
898.221
903.395
903.313
897.861
899.774
948.567
952.1
916.922
914.755
919.973
873.473
855.201
850.027
868.299
873.752
908.929
905.397
907.172
908.476
942.259
947.248
950.373
960.808
963.319
960.194
957.683
956.379
951.389
949.614
915.832
905.397
900.223
891.875
890.397
890.315
889.272
888.467
909.808
876.025
881.199
889.547
905.489
939.272
940.076
941.12
941.201
942.679
926.737
905.397
902.498
893.987
891.955
891.15
880.498
879.158
873.705
850.574
844.357
830.509
829.031
820.77
819.139
824.129
819.139
820.248
821.726
829.987
828.879
830.509
835.683
801.9
810.248
826.19
859.973
860.777
861.821
863.299
858.125
849.777
848.973
847.929
847.848
846.37
846.451
830.509
865.687
867.228
872.446
874.576
872.543
877.533
891.989
894.022
892.109
900.241
851.447
846.23
851.447
853.361
855.393
841.19
876.368
899.013
876.368
874.335
879.324
894.716
908.918
873.741
858.35
853.361
848.371
832.429
837.418
839.549
880.636
884.168
889.821
893.054
908.996
867.909
863.471
861.341
865.779
855.127
851.594
845.942
842.708
853.361
819.578
853.361
851.882
851.078
867.02
851.078
842.73
842.649
844.127
838.953
847.301
852.475
851.431
852.475
852.556
853.361
855.136
880.574
877.639
885.987
887.466
888.509
922.292
938.234
934.701
939.875
923.933
917.716
909.368
904.194
904.275
901.047
849.993
848.514
849.319
848.275
847.471
813.688
813.607
797.665
795.889
770.451
772.226
797.665
799.697
797.665
846.458
838.326
840.239
845.457
840.239
838.326
852.529
854.696
859.913
874.37
895.71
920.645
921.989
925.935
929.467
930.772
931.815
965.598
966.402
974.75
973.946
972.902
972.821
971.342
987.284
987.366
988.844
983.67
975.322
959.38
925.598
930.772
928.996
903.558
900.324
902.1
900.759
895.107
920.545
926.197
928.48
927.002
935.35
888.85
935.35
927.002
928.48
926.197
927.538
930.772
925.129
930.772
932.547
933.591
933.672
899.889
891.542
892.346
866.908
900.69
909.038
934.476
937.665
936.861
938.339
933.165
938.339
938.257
936.482
935.438
933.96
918.018
922.257
925.719
939.922
981.009
976.02
965.585
963.81
960.685
958.174
924.391
923.087
925.12
923.207
928.424
977.217
979.13
977.098
971.88
923.087
921.312
895.873
897.649
923.087
914.739
915.783
912.594
907.42
908.899
908.817
917.165
933.107
966.889
967.694
972.868
971.389
971.471
970.428
969.623
935.841
936.949
941.938
940.83
942.308
934.047
942.308
940.678
935.688
937.319
935.841
937.616
912.178
910.402
935.841
900.663
905.88
905.076
907.207
942.384
940.906
940.824
907.042
904.911
888.969
883.752
877.534
886.045
886.48
892.697
884.187
883.752
875.404
870.23
869.187
870.962
896.4
870.962
869.187
867.274
818.48
820.513
815.295
813.263
815.176
863.969
869.187
891.832
907.223
942.4
956.603
954.571
919.393
904.002
881.357
876.368
878.4
864.197
869.187
864.902
879.359
864.902
869.891
864.902
868.435
869.779
855.322
859.268
871.736
893.076
898.293
912.496
914.663
929.12
914.917
910.971
907.438
906.094
904.319
906.094
880.656
855.721
881.159
859.819
857.652
852.435
826.996
828.772
826.996
852.435
847.217
849.13
847.217
845.185
796.391
845.185
847.217
852.435
854.21
879.649
854.21
852.435
855.333
858.795
860.337
862.37
883.149
888.792
893.453
868.014
866.239
868.152
870.283
880.63
879.089
873.446
869.207
864.545
868.784
870.326
876.543
870.326
868.413
864.951
870.594
849.815
847.783
868.562
871.46
868.562
872.024
876.685
878.717
868.37
866.239
865.13
863.098
865.011
867.043
865.565
816.772
815.141
806.88
804.967
853.761
858.978
853.989
848.772
883.949
878.732
880.862
845.685
850.902
848.772
863.228
867.174
863.641
859.696
845.493
833.025
811.685
797.228
800.761
798.594
823.529
844.87
850.087
851.431
865.634
867.801
862.583
861.239
855.596
857.629
878.408
884.051
881.152
879.12
883.781
886.679
865.9
861.239
857.777
856.236
859.697
861.239
859.543
857.63
852.413
850.38
801.587
806.804
808.837
810.75
859.543
865.187
880.578
915.755
929.958
932.857
955.502
960.491
962.524
964.065
967.527
988.306
972.915
970.882
956.679
961.341
926.163
905.384
900.723
897.261
874.616
873.074
871.042
866.053
863.154
865.187
859.543
880.884
859.543
845.087
859.543
864.533
859.543
824.152
819.37
818.384
803.928
810.145
801.634
810.145
810.58
804.362
803.928
795.58
789.928
792.826
789.592
743.092
741.614
739.332
733.688
728.045
725.147
720.486
717.024
715.482
713.449
712.109
717.752
738.531
743.192
746.654
748.687
727.908
729.449
727.536
678.743
676.71
671.493
669.46
663.817
643.038
638.377
634.915
655.694
652.795
651.254
654.152
655.694
657.726
663.37
666.832
671.493
676.641
682.788
684.245
662.904
661.56
647.357
645.19
630.734
635.951
650.408
664.611
661.078
663.245
667.19
642.255
637.038
658.379
683.313
684.658
680.712
684.245
687.707
701.909
742.996
701.909
698.447
684.245
688.484
684.245
687.143
689.176
685.714
684.172
678.529
676.496
673.598
668.937
673.598
652.819
673.598
679.241
682.703
684.245
682.114
676.897
679.027
714.205
679.027
684.245
681.346
679.313
673.67
669.009
665.547
664.005
643.226
658.618
643.226
678.404
692.607
678.404
683.393
685.426
680.437
645.259
622.614
620.582
643.226
648.4
656.748
658.226
692.009
692.813
693.857
693.938
709.88
695.424
690.435
695.424
709.88
701.533
702.576
707.75
741.533
742.337
742.418
758.361
753.187
719.404
717.926
717.844
719.322
718.518
702.576
710.924
709.88
688.54
687.196
712.13
715.663
701.46
699.293
694.076
715.417
720.634
716.688
691.754
695.699
710.156
706.623
708.79
722.993
708.536
709.88
715.054
713.576
712.772
696.83
696.748
698.226
664.444
664.525
663.482
671.83
666.656
700.438
716.38
717.185
718.228
709.88
709.076
709.158
709.962
743.745
759.687
768.034
773.208
739.426
740.904
732.556
733.6
732.556
732.475
727.301
725.822
709.88
701.37
695.152
693.022
657.844
657.409
652.192
654.322
660.54
660.975
666.192
674.703
709.88
708.402
712.687
714.589
730.531
732.563
741.074
764.063
765.839
774.187
779.361
779.442
761.17
765.409
764.605
780.547
764.605
765.409
766.453
767.931
762.757
757.304
756.261
790.043
754.866
708.366
704.833
703.355
669.572
669.491
667.324
658.976
705.476
709.009
714.183
749.361
754.813
773.085
768.846
763.672
765.839
771.986
773.442
778.591
777.134
770.987
765.839
786.618
809.748
858.542
859.346
865.179
870.328
836.545
870.328
868.85
868.768
867.725
866.92
850.978
842.63
837.457
838.935
839.016
840.06
840.864
856.806
865.154
870.328
836.545
835.067
826.719
810.777
812.255
812.337
807.163
806.359
840.141
840.06
840.864
841.908
857.85
863.024
871.371
870.328
878.839
883.123
885.156
883.123
884.899
861.909
860.007
844.065
839.781
831.27
854.259
856.161
872.103
870.328
885.719
863.074
861.042
856.053
858.085
893.263
877.871
882.861
905.505
919.708
905.505
870.328
872.495
886.951
890.897
896.114
897.458
918.799
897.458
900.991
925.926
911.469
925.672
921.726
896.792
894.625
891.092
889.748
875.545
870.328
874.766
864.114
859.125
855.891
853.761
849.322
808.236
804.703
810.355
794.413
805.065
810.054
812.185
828.127
869.214
872.746
867.094
870.328
871.371
866.197
865.154
863.676
863.594
865.072
864.268
865.072
898.855
914.797
923.145
928.319
919.971
904.029
870.246
870.328
878.676
879.719
870.431
903.262
904.044
904.123
905.56
900.532
892.419
876.926
844.095
843.313
843.234
841.798
840.783
845.812
840.963
845.812
859.861
880.6
859.861
845.812
883.798
883.877
888.56
889.574
890.356
885.352
862.873
857.204
809.785
814.789
814.007
836.486
816.292
821.961
842.155
842.937
890.356
898.468
897.032
896.952
895.938
895.157
879.664
846.833
841.805
833.692
835.667
833.819
842.09
843.938
866.28
881.773
883.498
881.523
879.798
864.305
898.491
894.327
899.398
903.562
895.29
872.949
838.762
833.692
831.621
833.692
832.424
829.06
815.257
775.327
771.208
769.901
774.972
778.806
792.609
813.349
837.581
841.014
827.211
823.778
825.085
811.035
813.141
827.19
825.085
820.014
799.275
775.042
771.208
773.056
768.893
784.386
786.111
788.086
792.25
769.908
778.18
776.204
774.479
758.986
757.137
779.479
771.208
779.479
779.056
779.479
785.521
777.25
771.208
772.222
771.44
766.757
765.743
727.757
728.539
733.222
771.208
771.129
771.208
769.71
764.04
759.037
711.618
717.287
716.505
694.026
694.808
699.812
747.231
769.71
789.903
769.71
771.685
776.533
810.72
825.678
847.685
825.678
811.875
825.678
810.72
776.533
771.685
769.71
764.706
758.732
757.317
759.042
762
766.164
774.435
789.928
791.653
793.629
795.477
773.136
771.287
769.562
754.069
752.093
747.93
739.658
762
759.93
725.743
730.813
765
759.93
762
757.151
743.102
742.32
741.306
741.227
742.009
743.023
705.037
705.116
700.433
705.116
743.102
742.32
736.651
741.655
742.437
722.243
717.239
739.718
745.387
765.581
743.102
695.683
722.743
721.473
745.041
748.38
724.812
704.64
699.709
686.284
706.455
692.791
689.062
693.993
695.264
708.688
712.418
726.082
722.743
720.695
722.743
723.675
725.353
721.303
719.382
704.313
702.635
724.365
722.567
700.837
702.635
694.591
698.64
706.685
721.753
723.675
733.455
735.264
737.277
743.154
747.161
741.284
731.503
727.497
725.688
723.675
760.62
765.175
766.161
765.401
766.161
766.238
765.252
728.307
728.229
723.675
725.596
747.325
751.375
749.577
757.622
759.3
774.368
776.166
768.122
764.072
762.151
760.473
738.743
723.675
690.425
685.709
672.284
650.88
648.959
634.411
628.897
634.411
614.771
660.89
661.651
666.517
665.757
687.62
707.26
679.764
657.285
652.282
647.211
649.282
615.095
620.165
654.352
653.93
645.658
643.588
637.546
661.778
682.518
687.588
666.849
668.954
683.004
686.838
681.768
685.201
681.366
682.673
680.567
666.764
665.458
662.025
637.792
651.595
637.546
629.275
631
629.151
613.658
611.933
609.958
605.794
628.136
629.984
631.96
636.123
644.394
622.053
637.546
642.574
647.644
650.461
651.475
651.396
650.614
645.931
644.917
645.699
607.713
645.699
645.778
650.461
671.201
650.461
690.391
706.72
739.551
741.526
761.72
784.199
831.618
832.4
812.206
807.202
812.871
790.393
795.396
794.614
788.945
741.526
757.856
755.88
739.551
706.72
739.551
741.526
726.033
724.308
722.46
720.484
728.755
742.558
746.678
786.607
789.972
794.136
809.629
811.354
813.202
835.544
827.273
823.109
800.768
802.743
807.391
809.366
825.695
809.366
842.197
840.222
807.391
769.405
768.391
763.708
762.926
762.847
759.012
744.963
742.857
729.055
727.748
722.678
719.245
695.012
674.273
696.614
662.428
657.357
662.428
660.357
694.544
696.614
720.847
725.695
745.889
762.218
763.866
777.915
794.245
792.269
775.94
777.915
810.746
777.915
772.246
777.25
775.401
773.676
751.197
749.222
748.44
732.947
734.923
736.648
752.141
753.989
776.331
756.137
756.919
752.755
747.752
700.333
704.496
710.165
687.824
696.095
716.289
738.768
786.187
777.915
794.245
796.22
779.891
747.06
779.891
777.915
798.109
801.474
806.958
808.933
811.75
816.28
817.778
832.736
865.567
881.896
914.727
898.398
865.567
863.592
865.567
885.761
888.577
886.602
885.104
879.62
859.426
856.609
862.093
866.623
863.259
865.234
860.704
845.211
836.94
814.599
812.75
811.025
809.049
804.886
808.25
809.748
775.562
770.533
752.776
747.477
743.357
739.924
694.734
692.629
659.798
657.822
674.151
657.822
690.653
692.629
645.21
640.206
639.424
633.755
613.562
591.083
570.889
566.359
569.724
574.254
594.447
599.931
597.114
595.139
593.641
595.616
598.433
599.931
594.447
591.083
558.252
556.276
539.947
537.877
532.806
498.62
497.121
499.938
479.745
481.72
478.356
482.886
488.37
491.734
511.928
509.111
504.581
502.606
504.104
498.62
483.127
477.634
472.785
483.137
479.704
495.197
500.69
505.004
509.852
512.995
510.924
550.854
554.287
514.357
510.044
499.692
496.549
498.62
500.838
498.021
496.046
516.239
520.769
524.134
529.618
531.116
529.618
525.088
504.894
499.41
501.386
498.021
500.838
505.521
510.549
511.87
512.292
532.486
556.718
559.861
562.678
559.861
563.225
564.724
566.699
571.229
551.035
571.229
569.254
567.755
564.391
559.861
565.345
559.861
562.678
559.861
570.915
565.697
570.871
576.089
581.078
592.527
603.658
598.996
604.639
608.101
606.56
604.527
601.065
580.286
601.065
598.167
602.828
604.37
607.268
601.625
603.658
605.199
594.069
572.728
571.187
567.725
546.946
544.047
542.014
537.353
531.71
535.949
577.036
572.797
587
572.797
569.335
528.248
531.71
554.355
556.486
559.384
575.629
580.846
601.625
615.828
607.48
591.783
596.097
597.111
601.505
602.287
616.336
618.407
616.533
648.464
646.543
642.137
608.685
614.019
617.358
619.372
636.642
638.656
632.779
636.786
634.772
630.765
636.642
634.834
644.615
634.834
636.642
637.926
657.567
671.231
672.834
688.716
693.432
717
712.284
698.62
678.979
677.377
653.808
637.926
651.015
656.892
678.755
684.565
745.438
767.168
772.099
775.372
779.892
781.94
782.017
782.777
784.175
784.252
785.238
817.17
832.238
840.128
845.019
831.93
810.067
804.19
826.053
831.93
845.019
829.95
845.019
852.909
852.832
851.846
850.449
842.558
843.955
812.024
816.914
816.154
817.14
817.901
849.832
844.942
845.019
849.95
845.06
847.8
852.69
849.95
845.019
846.005
850.896
858.786
859.546
891.478
890.491
889.094
889.017
888.257
856.325
841.257
833.366
828.476
829.873
829.95
845.019
844.087
843.101
843.024
841.627
841.704
843.101
858.17
890.101
890.861
891.848
886.957
894.848
899.738
891.848
859.916
859.156
844.087
830.998
809.135
830.998
836.875
849.964
844.087
848.283
858.803
866.693
927.567
895.635
900.041
902.414
907.305
905.908
905.985
919.409
920.396
928.286
923.396
915.505
900.437
901.197
933.128
970.074
985.142
986.539
986.462
985.702
984.716
991.223
977.798
974.526
970.519
931.683
935.878
931.604
945.269
960.337
958.324
957.337
955.961
955.2
941.536
963.745
948.252
949.667
951.738
952.519
985.35
989.745
990.759
957.928
959.426
960.863
959.426
958.644
958.565
950.452
949.438
916.607
901.114
896.086
901.114
902.129
902.208
902.989
918.482
926.595
959.426
1010.384
984.079
988.353
1005.623
1006.116
1006.193
1038.125
1036.728
1031.837
1031.077
1038.967
1043.858
1058.926
1026.995
1027.981
1026.995
1028.392
1029.152
1029.075
1014.007
1006.116
999.61
1036.555
1049.979
1052.353
1060.243
1064.438
1074.959
1079.365
1140.238
1126.813
1124.44
1116.55
1112.354
1101.834
1097.428
1036.555
999.61
1006.116
1000.24
987.151
965.288
967.096
1011.048
1016.39
1033.661
1032.675
1033.435
1018.366
1018.289
1010.399
1005.509
1005.586
1013.476
1045.408
1060.476
1061.873
1066.764
1065.366
1064.606
1065.592
1033.661
1030.784
1052.647
1050.599
1045.668
1041.147
1019.418
1021.466
1026.397
1058.277
1079.427
1082.612
1023.362
1027.762
1024.577
1029.768
1027.808
1010.998
1007.748
1009.708
1026.518
1029.768
1024.577
1016.897
1021.657
1016.897
1015.537
1014.577
1022.257
991.177
991.102
990.362
991.722
991.797
992.757
993.497
1024.577
1039.243
1024.577
1029.697
1022.017
1081.267
1078.957
1083.245
1076.912
1040.952
1027.885
1023.802
1034.042
1029.753
1037.433
978.183
984.517
1020.477
1033.543
1035.853
1025.613
1029.697
1022.017
1021.942
1007.275
1002.515
1001.775
970.695
969.735
968.375
967.035
983.845
935.605
918.795
920.135
920.615
968.855
964.695
964.215
968.375
966.742
969.052
909.802
907.492
911.78
971.03
964.697
974.937
938.977
934.893
927.213
940.28
946.613
982.573
986.657
994.337
984.097
979.808
966.742
952.582
957.382
959.342
956.675
941.73
939.77
918.937
899.82
914.765
917.432
912.632
933.465
952.582
990.382
1005.048
1009.132
1005.882
1009.132
1011.092
1015.682
1001.015
996.932
994.972
990.382
980.582
977.607
972.407
977.607
980.582
990.382
952.582
914.782
919.582
936.392
984.632
988.792
989.272
972.462
924.222
923.742
919.582
918.242
963.132
965.002
966.762
968.102
957.862
953.573
951.263
938.197
902.237
895.903
955.153
959.442
955.358
959.442
967.122
969.432
982.498
988.492
929.242
921.562
931.802
938.135
969.215
965.055
978.355
982.438
997.105
966.025
967.365
966.625
970.785
971.525
970.565
972.525
971.185
967.102
968.062
966.102
952.802
938.135
933.735
938.495
943.295
938.535
935.868
938.535
936.775
938.535
943.335
945.205
940.405
935.605
933.735
888.845
933.735
929.145
915.845
914.285
898.827
879.71
856.77
859.08
895.04
884.8
897.867
893.783
889.495
881.815
879.505
866.438
860.445
854.112
913.362
917.65
858.4
863.52
867.603
875.283
881.617
871.083
868.983
867.565
872.325
872.805
876.965
878.305
861.495
861.895
863.145
867.578
867.098
915.338
911.178
909.928
909.528
905.095
900.335
917.145
953.265
951.925
903.685
924.835
903.685
899.285
894.485
896.478
893.293
856.894
860.166
858.118
862.639
923.512
928.443
923.512
877.392
875.584
880.515
882.437
928.557
926.635
894.704
896.512
896.589
897.349
901.904
938.849
939.836
931.945
968.89
1029.764
1024.503
1035.024
1030.829
1017.404
956.531
952.125
956.531
954.158
947.651
951.846
959.736
962.11
925.164
938.589
945.096
949.024
945.967
926.327
929.384
927.54
904.6
900.01
898.14
900.01
904.81
949.7
947.94
943.14
898.25
900.01
840.76
830.52
836.853
829.173
865.133
878.2
880.51
888.19
892.273
902.513
961.763
955.43
942.363
940.053
904.093
900.01
895.722
900.01
916.82
920.07
925.262
923.302
925.262
920.07
916.82
900.01
899.53
916.34
964.58
965.06
948.25
900.01
904.17
905.51
901.35
900.01
930.658
938.488
952.648
958.015
963.67
967.83
968.31
963.877
963.802
964.762
1000.722
1005.155
1005.895
1004.935
968.975
968.235
968.31
966.44
966.84
1011.73
1016.53
1014.77
1016.53
1011.73
1013.6
968.71
964.422
954.182
947.848
888.598
884.515
871.448
869.138
833.178
825.498
829.128
842.428
846.828
845.868
846.828
850.912
855.072
840.405
855.072
854.332
855.072
868.372
864.212
833.132
831.172
829.832
860.912
856.828
843.528
845.488
846.828
825.678
825.278
815.758
817.518
823.238
821.478
823.438
821.478
825.378
834.898
829.178
825.278
808.468
760.228
759.748
758.408
754.248
752.488
707.598
709.468
707.598
752.488
747.688
749.448
754.248
754.173
753.433
757.867
757.942
758.682
722.722
718.288
754.248
755.208
754.248
740.088
744.248
749.615
718.967
724.622
725.102
719.447
733.607
764.255
756.425
755.945
751.785
746.418
754.248
752.255
747.455
743.055
721.905
718.72
659.47
674.928
682.528
687.72
746.97
749.28
792.06
807.005
808.238
844.198
840.568
827.268
822.868
826.498
839.798
844.198
847.073
847.553
852.29
861.81
863.17
850.103
805.213
800.413
802.173
847.063
851.863
853.733
851.863
850.103
853.078
857.02
862.037
863.907
866.573
876.373
877.607
878.347
886.177
880.985
878.675
877.442
878.675
937.925
952.87
910.09
894.632
835.382
820.437
825.628
861.588
863.898
879.357
922.137
886.177
893.777
886.177
916.825
912.392
911.652
875.692
874.732
874.807
875.547
879.98
879.905
892.076
893.011
893.084
898.149
920.494
923.123
943.416
962.036
976.208
988.935
993.992
1003.537
1004.739
1007.336
1009.157
1011.7
1016.586
1007.041
1005.219
1002.622
997.735
990.109
988.907
988.187
988.367
1002.924
1010.326
952.615
947.979
943.304
987.028
991.703
1049.414
1051.128
1043.726
1041.128
1042.95
1040.7
1042.95
1048.006
1033.45
1047.9
1007.286
1021.962
1030.025
1028.883
1030.025
988.46
984.015
982.284
967.971
934.674
929.867
928.238
929.497
930.182
930.252
943.832
972.61
979.721
984.128
985.017
998.128
985.017
988.869
996.119
996.563
1001.799
1030.177
1001.799
994.549
999.519
995.667
995.222
989.986
985.017
980.372
971.298
967.937
966.795
954.48
961.73
957.656
961.017
973.332
977.406
977.235
981.88
982.565
980.096
982.565
983.707
985.438
983.707
981.29
990.364
997.401
1011.239
1010.097
1005.29
990.977
957.681
918.069
920.208
918.069
972.931
974.073
1007.369
1046.98
1039.943
1054.256
1040.418
985.557
990.364
991.253
996.068
996.753
1000.403
1003.157
999.508
1000.397
1013.977
1014.046
1018.454
1047.231
1044.477
1051.588
1022.81
1021.551
1021.481
1020.593
1019.907
1015.5
1008.389
1019.994
1021.285
978.668
987.782
982.413
980.742
976.185
974.41
973.707
971.176
972.347
971.176
961.872
954.438
959.201
957.426
966.729
967.432
974.866
977.397
979.172
974.41
976.603
990.791
956.652
951.723
950.552
894.302
880.114
877.921
870.706
830.092
844.767
878.907
883.835
885.006
941.256
926.581
933.796
974.41
988.334
995.625
1000.144
1029.65
1028.739
1027.448
1027.377
1028.079
1020.788
1022.079
1017.56
1003.636
974.13
973.427
974.339
974.41
988.334
992.21
1004.837
1006.109
1006.812
977.305
978.217
964.293
963.021
950.394
948.533
947.831
943.881
942.97
946.919
976.426
972.549
974.41
973.223
972.521
977.449
973.241
973.169
970.084
986.043
986.954
987.025
986.114
987.975
988.677
979.331
1014.357
1018.675
1002.302
1000.393
1003.558
998.502
988.956
987.135
998.81
1018.992
1062.716
1081.336
1090.881
1111.609
1113.43
1122.976
1124.177
1126.774
1126.054
1124.852
1117.226
1114.628
1122.255
1127.141
1127.862
1122.976
1124.3
1094.028
1086.547
1094.028
1093.307
1092.372
1087.735
1073.45
1073.523
1074.458
1075.179
1105.451
1091.389
1090.098
1094.617
1094.546
1099.475
1140.089
1132.873
1135.066
1149.742
1163.93
1220.18
1221.351
1206.676
1166.062
1131.922
1126.994
1125.823
1069.573
1055.384
1053.191
1087.331
1094.546
1114.217
1117.663
1130.29
1117.663
1113.486
1110.04
1114.217
1118.736
1136.884
1134.353
1148.541
1168.32
1170.851
1172.712
1170.851
1151.073
1132.924
1128.367
1129.658
1115.47
1115.399
1114.108
1121.399
1135.323
1164.829
1165.532
1166.443
1171
1157.076
1182.494
1175.013
1144.74
1144.019
1144.093
1143.157
1141.443
1136.378
1094.709
1096.424
1101.489
1143.157
1159.531
1143.157
1138.271
1138.992
1140.813
1140.093
1138.891
1146.294
1144.472
1141.875
1151.42
1156.307
1157.508
1165.135
1155.589
1147.963
1150.56
1152.81
1155.708
1156.909
1160.748
1156.909
1154.011
1168.568
1173.625
1131.956
1116.899
1111.843
1110.641
1075.615
1061.058
1003.347
1010.75
1003.347
1001.097
1058.808
1073.865
1080.818
1121.432
1128.866
1123.497
1127.446
1122.351
1121.896
1150.992
1164.435
1160.486
1131.389
1123.956
1110.513
1115.608
1120.976
1121.432
1139.581
1138.669
1139.581
1159.359
1164.288
1162.997
1162.926
1162.223
1163.514
1164.217
1169.153
1161.862
1157.343
1186.85
1186.921
1172.997
1143.491
1155.896
1137.747
1132.818
1146.631
1160.555
1167.847
1167.775
1170.339
1165.402
1143.623
1143.695
1148.214
1128.435
1114.622
1102.217
1123.995
1121.432
1126.195
1127.97
1130.502
1131.672
1132.375
1139.809
1137.277
1136.106
1126.802
1122.04
1123.369
1121.593
1114.16
1113.457
1072.843
1058.168
1001.918
967.778
962.85
961.679
959.486
945.297
938.082
942.579
933.541
930.812
930.356
929.065
931.794
933.085
942.123
937.627
938.082
952.271
922.764
915.473
919.992
927.283
941.207
970.714
970.642
969.731
970.434
970.505
971.796
957.872
956.581
957.492
952.973
948.764
947.853
913.714
913.642
912.94
912.237
911.066
909.291
906.759
899.326
897.997
893.234
915.714
915.641
915.568
929.854
937.334
932.698
934.023
934.096
934.817
965.089
966.024
958.544
957.219
956.284
960.92
930.648
916.362
915.641
919.927
915.641
919.177
915.641
928.596
915.641
918.539
914.7
911.802
915.641
914.706
913.381
913.308
943.581
944.516
944.589
958.875
966.356
967.076
968.401
963.765
956.284
941.998
911.726
911.005
915.641
914.317
909.68
895.394
895.321
894.601
893.666
886.185
855.912
850.404
820.552
806.76
799.133
795.081
789.854
789.386
777.711
768.166
747.984
738.438
735.541
733.631
715.011
735.739
715.011
758.735
778.917
788.463
744.739
763.359
775.034
781.035
776.445
779.695
741.895
779.695
775.612
772.362
787.028
792.228
787.028
796.828
801.418
803.378
807.462
810.437
795.887
810.437
829.553
842.62
847.812
847.887
850.587
845.395
845.781
827.161
806.869
804.239
791.511
769.167
764.102
784.394
784.321
789.386
786.489
782.203
769.248
772.146
768.307
772.146
768.61
770.519
771.24
767.263
771.315
772.25
802.523
772.25
773.555
760.601
774.886
778.864
776.955
775.649
774.929
770.877
769.942
782.896
768.61
815.597
828.325
831.427
868.245
872.044
855.67
860.727
857.562
860.727
862.636
857.58
855.67
872.044
868.205
871.102
874.942
872.044
876.657
873.857
869.244
878.516
869.244
870.568
871.036
873.836
873.369
872.044
902.317
917.373
919.195
914.208
949.234
949.161
928.869
926.239
912.067
907.002
888.381
883.325
870.597
870.873
875.307
880.067
880.467
880.067
875.307
874.057
875.307
870.873
886.332
917.412
901.953
870.873
869.003
870.873
875.633
877.052
881.642
892.175
896.117
917.267
918.627
922.527
943.807
923.087
967.977
987.093
975.107
930.217
942.203
952.003
930.723
911.607
901.807
922.527
918.585
922.527
919.552
922.527
953.607
955.477
940.018
908.938
907.068
922.527
886.407
884.988
863.708
832.628
834.498
819.04
834.498
832.628
863.708
849.042
848.302
847.342
834.042
832.702
830.742
826.582
795.502
791.418
788.443
765.503
761.68
759.72
755.82
746.3
740.58
738.82
744.54
754.06
756.02
759.92
761.68
730.6
728.73
713.272
715.142
746.222
761.68
758.705
762.647
758.705
761.68
777.138
779.008
747.928
732.47
730.6
761.68
808.65
809.9
811.26
812.67
816.3
785.22
800.678
798.808
783.35
814.43
816.3
813.425
808.688
807.328
806.848
797.328
802.065
802.545
812.065
813.425
816.3
812.358
809.383
814.143
792.993
788.233
784.292
788.882
792.823
813.973
815.392
819.292
820.652
819.233
814.643
804.11
814.643
810.743
809.383
793.925
792.055
760.975
746.03
743.363
738.563
717.73
715.77
696.653
741.543
753.53
763.33
751.343
770.46
749.18
770.46
751.343
730.623
731.828
741.543
696.653
698.213
705.813
718.553
734.012
735.972
732.722
737.913
732.722
735.972
734.012
750.822
734.012
735.372
733.962
686.992
685.632
684.382
685.792
732.762
734.012
747.078
734.012
737.197
734.012
771.812
767.912
771.812
734.012
703.363
707.652
705.892
700.692
657.912
641.102
642.52
644.39
647.057
651.345
654.53
659.722
678.838
677.428
676.068
629.098
627.848
623.948
622.588
601.438
597.497
586.963
582.373
586.315
587.675
591.575
602.108
597.348
595.93
600.52
601.938
606.698
627.848
607.128
608.762
611.947
613.365
612.885
614.755
612.088
614.755
617.63
618.99
609.19
599.67
598.31
593.573
612.69
622.21
626.498
631.69
632.17
653.45
650.265
648.847
653.583
649.295
630.178
624.987
620.822
666.942
686.582
640.462
618.599
628.668
640.983
662.271
659.317
647.002
645.08
625.44
625.517
657.449
658.209
659.195
664.086
671.976
687.045
688.442
689.899
670.259
672.18
676.586
679.858
685.192
682.452
680.995
683.735
681.813
677.408
674.135
693.776
688.442
689.202
674.134
672.736
671.75
639.818
639.058
631.168
626.277
641.346
641.423
642.409
650.3
655.19
655.113
656.51
688.442
683.099
685.873
701.755
704.128
717.217
723.151
725.154
744.795
725.154
727.894
722.56
724.017
727.289
732.623
729.884
726.611
722.205
720.748
725.154
727.075
725.154
726.551
758.483
763.373
758.483
773.551
781.442
782.202
783.188
775.298
760.229
759.469
758.483
758.406
757.009
757.086
725.154
712.065
696.183
694.18
696.954
691.021
704.11
701.736
704.11
719.991
721.995
727.928
725.154
715.291
723.182
724.579
725.277
720.603
705.937
706.677
706.752
675.672
670.912
671.872
671.132
670.172
670.097
668.737
661.057
692.137
673.02
668.732
663.54
662.122
666.41
663.743
666.41
668.28
669.698
672.883
669.698
688.815
694.007
692.137
695.112
704.912
709.502
711.462
696.795
694.835
700.035
714.702
704.902
701.652
663.852
659.768
663.018
700.818
704.902
699.702
696.727
692.137
676.678
674.728
680.503
695.962
693.652
696.352
690.577
677.837
675.137
677.447
679.397
692.137
684.457
685.817
684.457
683.717
652.637
637.97
637.29
637.215
637.29
653.764
661.654
666.545
698.476
699.236
700.223
715.291
695.651
715.291
713.834
711.913
717.247
721.652
723.574
726.846
728.303
722.969
725.709
722.437
719.697
715.291
713.277
707.943
704.604
687.334
695.224
696.211
693.837
706.926
700.993
698.219
703.11
687.228
693.161
708.229
724.111
726.485
724.481
726.485
713.396
716.17
717.567
718.327
686.396
678.505
663.437
662.676
694.608
694.531
693.134
688.243
688.32
687.334
692.668
697.558
700.298
702.219
703.676
723.317
727.723
724.983
723.062
727.777
726.32
729.592
751.322
729.592
725.543
714.721
710.005
708.548
703.658
707.664
709.062
713.111
723.933
722.536
718.529
714.123
715.58
695.94
692.668
687.334
671.979
670.993
670.233
662.342
660.945
692.877
692.8
687.909
686.923
688.32
689.08
704.149
712.039
716.93
701.861
669.93
670.916
670.993
686.875
689.649
702.738
704.741
710.675
704.741
701.967
699.964
686.875
684.502
668.62
670.993
663.185
675.5
653.637
633.997
612.709
600.394
554.274
576.137
622.257
641.897
651.966
673.253
663.185
660.445
655.111
653.654
649.248
629.608
627.687
624.414
616.524
616.601
615.841
614.443
614.366
609.476
617.366
618.353
586.421
585.435
590.325
575.257
590.325
591.086
592.483
624.414
630.348
628.344
622.411
619.637
603.755
606.128
608.902
610.906
623.995
639.877
626.788
624.414
621.142
582.307
578.3
564.875
532.943
525.053
524.976
523.99
523.229
524.627
525.387
525.464
510.396
505.505
504.108
519.176
527.067
558.998
559.985
564.875
586.738
592.615
605.704
595.923
592.969
591.572
591.079
594.033
598.899
608.68
609.173
604.307
605.704
608.478
614.411
616.414
603.325
600.952
585.07
583.067
580.293
574.36
587.449
589.822
605.704
556.142
557.683
556.286
556.209
555.223
554.462
522.531
507.462
499.572
494.682
497.055
512.937
510.933
508.159
495.07
479.188
481.192
483.966
481.592
475.659
488.748
494.682
481.592
475.659
472.885
470.512
454.63
452.627
415.682
393.818
387.942
374.853
387.942
393.818
415.682
426.202
424.805
403.075
401.618
397.568
392.853
388.846
393.736
382.914
387.63
409.36
413.366
408.476
409.873
413.923
424.745
426.202
429.558
443.223
487.175
490.447
540.009
541.55
546.265
541.375
536.82
536.409
535.125
533.522
517.64
504.551
496.743
509.832
525.714
527.317
535.125
513.262
519.139
532.228
519.139
527.72
550.199
527.72
525.861
515.509
502.847
480.96
460.766
466.808
468.667
478.724
480.794
474.752
464.695
462.625
458.505
411.086
415.206
392.727
386.685
373.227
371.79
381.847
384.884
389.887
390.394
389.887
391.324
388.287
383.283
373.227
406.058
455.674
458.526
464.569
480.062
483.495
486.632
490.945
491.727
496.41
534.396
535.41
535.489
534.053
529.025
527.526
516.4
512.236
489.894
485.775
480.926
481.708
497.201
502.229
510.342
543.173
544.187
544.266
545.702
551.371
562.188
564.164
569.463
584.956
586.604
604.361
619.854
614.826
614.044
581.213
565.72
557.607
559.044
558.03
559.044
559.826
592.657
591.22
591.141
599.254
604.282
604.361
605.143
606.157
606.077
610.761
609.979
610.058
609.044
571.058
566.375
604.361
605.143
603.706
603.627
602.613
601.831
569
553.507
558.535
553.507
554.944
555.023
556.037
564.15
579.643
612.474
604.361
590.312
586.947
541.757
490.799
489.215
485.764
480.915
531.873
535.238
540.086
541.671
555.72
559.171
604.361
612.474
627.967
660.798
661.579
661.5
660.718
645.225
644.211
645.225
643.789
638.761
643.789
643.868
645.305
637.192
604.361
588.868
588.947
587.511
587.431
586.417
585.636
552.805
553.586
555.023
556.037
588.868
593.896
609.389
617.502
609.389
604.361
601.324
600.817
599.38
604.384
605.82
606.327
596.271
591.268
601.324
604.361
600.526
605.174
656.132
663.083
663.004
664.018
702.004
706.687
705.673
700.989
663.004
663.083
662.301
663.083
664.519
663.738
658.71
659.491
659.57
660.585
693.415
701.528
706.556
673.725
665.613
662.445
661.048
660.971
659.985
644.916
643.93
643.17
643.092
611.161
612.558
614.32
612.884
607.856
599.743
599.822
600.604
633.435
648.928
657.04
662.069
663.083
654.97
654.188
638.695
605.864
606.646
605.632
605.553
606.989
607.069
602.04
610.153
642.984
658.477
663.505
664.519
663.083
678.576
673.276
674.924
676.9
687.717
685.741
691.41
675.917
693.674
675.917
681.217
679.569
668.752
663.083
671.111
669.674
685.167
690.195
690.116
689.102
688.32
655.489
639.996
634.968
636.405
636.484
637.498
638.28
671.111
679.224
671.111
633.125
632.343
632.264
627.581
628.595
628.674
633.357
634.139
633.125
671.111
705.298
750.488
771.227
776.526
780.921
789.033
799.85
809.907
823.956
820.523
818.452
814.139
809.29
812.433
817.926
828.278
788.349
790.419
794.732
834.662
838.095
832.602
817.109
832.602
822.25
819.107
823.956
824.379
835.505
827.393
811.9
779.069
777.632
777.553
776.539
775.757
770.729
791.468
829.623
833.787
835.435
838.799
839.813
839.032
838.952
876.938
875.924
880.607
881.389
881.468
843.482
838.799
831.849
780.891
831.849
836.496
831.849
838.799
827.982
838.799
830.771
844.229
852.257
838.799
840.447
824.118
822.47
838.799
834.405
823.588
857.775
865.887
876.704
871.405
881.461
895.511
881.461
871.405
916.595
908.482
913.782
879.595
858.856
863.25
818.06
838.799
838.292
833.289
830.252
828.815
818.759
819.836
821.421
822.857
830.886
835.734
840.583
835.734
849.783
846.419
844.835
848.199
797.241
752.051
748.6
750.185
753.636
798.826
784.776
835.734
849.537
851.185
856.854
854.879
839.386
844.685
846.66
857.477
872.97
871.322
866.023
860.354
849.537
867.294
849.537
844.854
844.072
843.993
806.007
804.993
800.463
808.576
822.625
814.512
769.322
764.928
750.879
745.579
734.762
740.062
744.456
789.646
810.386
800.329
808.442
818.498
829.315
808.576
774.389
808.576
810.435
814.555
816.625
814.766
820.808
830.864
820.808
816.688
814.618
808.576
807.139
799.111
803.96
805.037
806.621
768.467
776.495
755.755
750.907
752.343
748.979
747.901
746.254
749.618
745.454
766.194
770.357
808.512
810.16
808.576
757.618
750.667
801.625
806.273
813.224
808.576
806.85
827.59
829.238
827.59
812.097
801.28
803.255
821.012
836.505
818.748
824.417
829.717
840.533
838.558
833.259
827.59
819.477
805.428
810.727
844.914
840.519
851.336
840.519
850.576
858.688
872.738
877.132
867.076
912.266
878.079
832.889
812.15
832.889
827.59
828.548
843.917
848.945
851.798
853.234
854.882
859.53
864.379
862.794
858.481
863.329
859.879
905.069
859.879
808.921
807.336
802.488
788.438
791.803
842.761
846.211
847.796
844.431
858.481
857.403
858.84
857.255
865.283
866.868
862.019
863.097
855.069
853.632
858.481
854.086
844.03
835.917
801.731
756.54
745.724
724.984
729.379
724.079
729.379
750.118
760.174
770.991
756.942
765.055
799.241
844.431
858.481
807.523
800.572
805.22
812.171
807.523
858.481
820.326
818.678
822.042
860.197
880.937
885.1
864.361
860.197
861.845
858.481
863.965
869.634
851.877
849.901
860.718
876.211
877.859
883.158
867.665
866.018
855.201
857.176
851.877
846.208
863.965
859.57
904.761
909.155
914.454
904.398
893.581
888.282
854.095
833.356
819.306
811.194
766.004
786.743
796.799
804.912
818.961
853.148
863.965
862.528
854.5
855.937
863.965
865.042
863.965
859.116
860.701
859.116
863.965
831.134
869.289
880.415
920.345
924.465
938.268
941.632
925.303
923.655
910.197
902.169
903.817
893
930.986
935.669
935.748
936.53
937.544
923.495
944.234
949.533
938.717
972.903
982.96
1028.15
1020.037
1030.854
1038.967
1053.016
1018.829
973.639
952.9
942.843
937.544
933.15
937.544
931.875
921.058
925.907
924.259
908.766
893.273
891.298
896.79
894.72
889.421
849.491
845.178
850.206
845.357
835.005
831.863
826.37
822.937
805.18
820.673
819.236
834.606
850.099
860.451
863.593
865.241
869.555
871.625
875.058
914.988
919.836
930.653
926.005
931.305
932.741
931.093
935.741
941.41
943.058
927.688
922.66
925.512
922.66
921.702
939.46
934.611
936.586
937.544
944.495
949.143
942.192
891.234
942.192
937.544
932.695
887.505
884.055
870.005
819.048
817.463
814.099
815.113
816.549
821.577
829.69
845.183
878.014
878.796
878.875
880.46
901.199
906.048
907.125
905.54
904.104
896.076
891.912
853.757
852.109
851.032
859.06
862.424
857.576
854.211
833.472
835.12
836.556
874.711
878.875
894.368
899.396
907.509
874.678
875.46
876.474
876.553
909.384
904.356
888.863
888.081
887.067
886.988
885.551
877.438
878.875
879.889
917.875
917.796
917.014
912.331
874.345
873.331
873.41
874.192
878.875
863.382
858.354
825.523
824.086
825.1
825.18
826.616
818.504
823.532
856.363
847.969
855.86
855.783
855.022
854.036
854.796
854.385
898.337
902.611
922.783
913.002
946.252
935.731
949.396
959.916
915.964
925.745
921.471
916.317
921.471
888.221
880.33
866.666
874.557
854.385
855.372
856.132
824.2
832.091
830.693
830.616
829.63
861.562
876.63
875.87
877.267
872.377
872.454
857.385
862.276
878.452
879.889
847.058
846.979
831.486
823.373
818.345
817.563
816.127
817.141
817.923
850.754
866.246
865.232
870.261
878.373
878.452
878.373
893.866
878.373
911.204
909.768
908.754
916.866
916.085
883.254
884.035
885.049
890.077
891.514
886.486
886.565
878.452
840.467
841.248
841.327
879.313
878.299
879.313
879.234
878.452
883.136
878.452
880.428
882.076
897.569
886.752
904.509
899.21
910.026
915.326
913.678
898.185
880.428
878.452
872.783
878.452
845.621
840.593
840.514
832.401
816.908
818.345
819.359
817.923
819.648
844.37
844.449
849.477
848.695
856.808
872.301
905.132
905.914
904.9
909.748
911.185
919.213
920.29
921.875
920.438
912.41
910.826
905.977
904.9
909.548
858.59
853.942
860.893
911.85
904.9
903.174
878.452
880.178
904.9
903.886
898.857
890.745
875.252
842.421
841.639
841.56
840.123
841.56
846.588
847.602
848.384
881.215
896.708
904.82
904.9
899.6
895.206
881.157
873.044
838.857
828.801
783.611
772.794
752.055
756.174
796.104
801.174
776.452
772.333
775.697
773.972
787.775
812.496
814.356
810.991
797.188
799.164
846.583
806.653
808.379
809.393
809.472
824.965
826.401
859.232
864.261
865.042
860.014
859.935
858.921
858.139
825.308
833.421
817.928
809.815
808.379
797.252
821.974
823.699
821.974
797.252
797.331
835.317
840
840.782
802.796
801.782
797.099
797.019
796.238
797.252
791.21
797.252
795.393
794.379
790.259
788.188
778.132
777.35
779.421
779.342
746.511
748.37
752.489
762.546
754.433
738.94
737.504
732.475
735.84
697.685
693.521
690.157
669.417
671.065
691.805
709.961
714.01
712.408
710.729
686.685
688.363
712.408
714.329
719.26
717.452
719.26
717.339
712.408
666.288
712.408
704.599
705.866
727.596
735.64
738.38
739.14
741.154
742.425
765.993
774.038
779.192
792.616
794.538
804.606
820.488
830.557
832.235
808.19
832.235
830.557
832.235
830.557
854.601
830.557
829.796
827.057
819.012
808.943
807.676
805.755
800.601
805.755
807.676
810.416
818.461
819.728
820.488
830.557
832.159
827.639
822.923
821.32
820.389
835.337
840.228
841.625
842.557
847.077
851.793
836.844
831.954
834.728
833.33
830.557
825.841
818.033
816.491
815.443
814.046
860.166
836.122
831.19
785.07
786.991
788.8
787.122
788.8
812.844
810.923
809.115
814.046
813.06
808.505
823.574
824.334
823.574
860.519
861.505
863.108
867.663
867.586
867.663
862.149
825.204
820.05
825.31
830.824
828.902
834.057
818.988
820.909
803.639
802.036
791.515
808.786
809.546
811.467
812.735
820.779
825.933
828.673
823.519
822.759
832.827
831.56
823.515
820.776
810.707
808.786
805.735
757.478
751.601
748.827
733.759
730.42
754.464
752.786
728.741
730.42
720.351
704.469
705.74
713.784
737.353
739.366
725.942
723.928
733.997
725.952
704.223
725.952
741.834
755.259
753.988
730.42
728.741
704.697
728.741
730.42
731.18
733.101
735.841
738.522
739.789
744.943
743.022
740.283
732.238
730.971
730.211
725.057
714.988
705.722
753.962
705.722
712.302
705.722
701.322
705.722
707.592
752.482
750.612
745.812
700.922
702.682
707.482
705.722
698.042
696.408
673.005
682.805
680.195
682.862
677.845
677.105
675.872
684.32
681.58
682.341
690.385
688.464
689.731
694.885
696.807
683.382
682.622
682.545
681.558
644.613
640.058
641.979
640.171
635.24
633.318
635.127
681.247
686.178
640.058
640.818
635.664
637.586
640.325
648.37
649.637
648.877
638.808
648.877
646.955
644.216
642.949
634.904
640.058
616.49
626.558
642.44
644.454
668.022
654.598
638.716
630.671
631.942
629.928
637.973
636.702
658.432
671.856
661.788
640.058
642.062
631.993
594.884
607.477
608.78
610.428
589.688
584.389
605.488
602.216
606.265
607.026
612.18
632.351
631.591
633.512
631.909
639.954
643.226
635.182
632.442
630.521
633.26
643.329
642.062
643.438
649.248
654.115
649.183
647.262
645.454
691.574
696.505
698.426
652.307
654.115
669.183
677.074
681.964
682.724
683.711
715.642
717.039
717.116
711.783
721.646
711.577
708.837
703.683
702.923
701.656
693.611
691.69
708.961
710.882
716.396
710.882
708.961
703.807
718.875
717.272
702.204
703.807
714.327
719.481
714.221
696.95
701.841
686.772
718.704
719.464
720.45
715.56
716.957
709.067
677.135
685.026
684.265
684.188
682.791
697.86
697.937
696.95
704.759
706.029
682.461
674.416
652.687
668.568
678.637
692.062
713.791
721.836
745.404
744.134
746.147
744.134
728.252
718.183
704.759
702.95
707.841
661.721
659.8
661.608
656.676
643.252
639.245
647.135
662.204
694.135
655.3
652.027
652.788
652.865
651.467
646.577
638.687
623.618
591.687
590.926
589.94
589.863
635.983
636.969
638.89
640.288
645.219
655.082
661.842
698.788
700.39
721.678
733.993
713.822
718.712
713.822
721.712
713.822
698.753
713.822
745.753
745.676
747.074
746.087
744.69
743.93
711.998
712.985
713.062
713.822
718.342
713.822
763.384
770.144
720.582
713.822
714.808
729.877
728.89
730.288
722.397
723.158
718.267
718.344
750.276
750.199
749.438
754.329
722.397
707.329
705.932
713.822
712.014
665.894
660.962
659.041
660.849
665.781
667.702
713.822
712.425
720.315
735.384
767.315
768.075
769.062
769.139
770.536
771.235
766.344
751.276
719.344
718.584
717.598
717.521
709.63
687.901
709.63
693.748
701.793
725.361
727.375
717.307
693.738
685.693
684.423
682.409
668.985
679.053
680.324
693.748
709.63
711.634
709.63
709.553
714.443
722.334
720.937
752.868
753.628
754.615
753.916
755.313
770.382
762.491
747.423
715.491
714.731
714.808
713.822
717.161
755.997
760.192
756.853
761.568
764.625
759.283
754.567
739.498
736.442
726.373
687.538
683.342
698.411
703.753
713.822
715.836
717.438
715.425
716.356
719.13
720.527
725.048
729.764
714.815
719.705
716.932
715.534
714.603
710.082
705.366
720.315
718.712
713.822
711.901
665.781
663.973
659.041
657.644
625.712
620.822
612.932
597.863
597.103
598.5
613.568
618.459
617.473
617.396
617.473
618.459
619.219
651.151
659.041
653.527
638.459
627.938
626.336
624.414
619.26
601.99
591.168
592.565
640.822
642.271
643.555
662.513
660.953
624.833
620.892
601.258
605.2
624.833
638.68
640.283
643.555
637.745
636.368
641.235
647.045
648.421
643.555
644.315
649.205
664.274
696.205
697.192
697.269
695.872
687.981
689.378
689.301
688.315
683.425
691.315
690.555
658.623
643.555
665.418
671.295
684.384
685.925
673.61
636.664
635.062
656.349
663.11
700.055
712.37
713.973
707.212
697.349
707.212
685.925
688.298
732.25
793.123
800.932
837.877
853.759
855.026
860.36
875.714
874.954
870.063
868.666
836.735
836.658
828.767
813.699
812.712
789.144
781.099
759.37
745.945
735.877
733.863
732.592
716.711
722.045
719.671
704.317
696.509
740.461
756.342
793.288
749.336
764.69
803.548
804.782
807.092
814.692
809.5
773.54
772.307
713.057
697.598
691.018
686.618
638.378
644.098
622.818
635.558
656.838
644.098
638.378
653.837
652.603
650.293
651.527
656.718
692.678
694.988
737.768
752.713
709.933
769.183
733.223
717.765
712.573
720.173
660.923
645.978
638.378
639.628
640.988
687.958
686.708
639.738
638.328
639.738
638.178
636.818
635.585
592.805
577.347
613.307
608.115
572.155
564.555
505.305
490.36
549.61
550.843
556.035
598.815
614.273
611.963
614.273
629.218
636.818
634.868
636.818
641.218
605.258
597.658
595.348
536.098
534.865
537.175
494.395
553.645
568.59
576.19
581.382
624.162
608.703
624.162
618.97
620.203
605.258
611.252
589.972
577.232
571.512
584.252
605.532
611.252
631.972
641.572
677.532
689.518
696.098
675.378
668.798
667.238
655.252
645.652
609.692
611.252
595.793
553.013
595.793
580.848
521.598
520.365
515.173
509.18
524.125
516.525
517.758
533.217
538.408
546.008
581.968
641.218
638.908
641.218
642.968
641.718
594.748
593.388
591.978
589.668
574.723
579.915
543.955
542.722
527.263
484.483
520.443
563.223
578.682
573.49
514.24
516.55
531.495
590.745
591.978
584.378
591.978
588.078
586.118
584.358
590.078
593.978
603.498
605.258
595.738
597.698
591.978
555.858
551.917
550.357
545.264
582.373
586.423
583.151
603.322
604.925
608.197
606.82
601.01
596.144
590.267
577.178
555.315
518.205
510.397
495.043
492.67
455.724
450.39
389.517
373.635
372.368
328.416
342.08
346.796
345.399
340.509
325.56
324.628
321.854
317.334
315.33
313.728
315.731
311.015
330.656
332.577
334.034
339.368
342.64
347.046
349.786
337.471
327.608
290.663
269.375
267.772
261.012
276.894
308.825
310.747
306.341
308.262
311.534
312.991
311.07
309.613
306.341
286.7
289.44
309.08
303.747
301.007
306.341
310.747
315.841
313.92
281.988
297.87
329.801
331.723
315.841
317.762
322.168
325.44
328.18
347.82
353.154
350.414
351.872
350.414
347.142
342.736
340.815
321.175
315.841
331.723
363.654
365.575
349.693
347.772
315.841
321.175
322.632
325.904
320.57
340.211
320.57
316.164
314.707
316.628
313.889
318.295
321.034
317.762
315.841
317.844
285.913
283.991
268.11
270.031
301.962
304.231
309.565
329.205
326.466
325.009
327.748
331.021
332.478
327.144
329.065
325.793
321.387
301.747
306.152
304.231
317.896
322.611
317.896
304.231
324.402
322.8
319.527
315.478
295.307
332.416
336.466
339.738
302.628
304.231
320.113
317.844
315.923
347.854
349.776
317.844
312.51
332.151
328.878
324.473
304.832
302.092
303.55
301.628
306.034
309.307
311.228
313.967
312.51
317.844
315.841
317.844
285.913
270.031
271.952
287.834
285.913
317.844
313.438
310.166
312.087
292.447
287.113
285.192
283.735
285.192
290.526
310.166
314.572
317.844
320.584
317.844
331.269
370.104
373.377
377.384
399.113
402.385
386.503
402.385
434.317
402.385
463.259
461.337
466.269
468.19
472.711
474.759
469.425
449.784
445.378
442.639
441.182
439.26
442.317
439.045
444.378
449.721
463.146
463.223
478.171
497.812
519.216
521.99
545.558
529.676
527.755
495.824
505.687
506.673
520.337
524.067
528.587
542.252
537.536
523.872
528.587
533.93
536.986
547.055
551.771
555.966
594.801
598.14
594.801
555.966
552.909
550.896
546.18
548.193
543.998
528.93
523.587
538.656
528.587
526.584
528.587
491.478
487.428
484.156
482.553
484.156
521.265
541.437
521.265
524.538
528.587
528.664
525.89
530.781
507.212
501.87
502.856
502.933
504.33
509.664
510.425
523.849
543.49
558.438
582.007
560.603
540.962
526.014
512.589
507.255
539.187
544.529
544.452
552.342
567.411
570.185
591.589
587.86
601.524
605.253
600.733
587.068
591.589
606.658
574.726
606.658
607.644
607.721
609.118
604.228
589.159
588.399
589.159
581.269
581.192
589.082
587.685
592.575
591.589
595.596
597.053
598.45
620.18
624.229
628.945
639.767
644.658
636.849
634.801
629.87
568.997
547.267
543.995
539.474
542.747
603.62
608.551
630.281
634.801
636.849
604.918
609.808
617.699
609.808
608.411
608.334
607.348
592.279
593.676
592.916
592.993
593.979
594.74
626.671
641.74
636.849
652.731
658.608
659.368
664.259
696.19
711.259
712.245
704.354
704.277
712.168
711.408
679.476
678.079
677.092
678.49
678.567
673.676
658.608
659.368
663.923
664
700.945
701.932
701.171
693.281
678.212
673.322
673.399
672.413
672.336
670.938
672.336
687.404
695.295
700.185
668.253
669.014
700.945
701.932
706.452
720.116
723.846
720.116
706.452
701.932
697.216
683.551
688.267
701.932
709.822
714.712
709.822
708.425
723.493
724.89
723.904
724.664
724.587
716.697
701.628
701.705
700.945
669.014
670
701.932
699.928
701.932
692.068
677
671.658
666.324
652.899
637.95
618.31
596.906
594.132
570.563
570.486
569.5
574.842
598.411
601.185
622.589
642.229
657.178
625.247
633.137
634.534
634.611
635.598
636.358
668.289
683.358
675.467
680.358
675.467
674.707
673.31
673.233
673.31
678.644
692.068
696.075
682.651
721.486
682.651
679.378
692.803
696.075
692.068
693.517
694.788
693.801
693.041
692.964
661.033
645.964
641.074
633.183
633.26
631.863
639.753
640.74
641.5
673.432
688.5
693.39
694.788
714.428
758.38
764.538
759.983
723.038
722.961
723.721
724.707
723.721
723.798
728.353
727.592
723.072
726.801
740.466
736.736
723.072
727.592
712.524
704.634
706.031
705.045
704.284
672.353
673.113
673.036
673.113
674.099
672.702
704.634
719.702
727.592
732.483
727.592
729.401
731.414
741.195
745.202
743.394
739.387
737.373
727.592
721.716
727.592
690.483
688.88
685.608
665.437
661.387
665.437
687.166
691.173
692.57
694.027
698.743
709.565
704.849
703.392
698.502
687.68
683.63
661.901
660.503
656.497
661.387
660.401
628.469
620.579
620.502
605.433
604.036
603.276
598.385
596.844
598.241
611.906
613.954
617.683
639.087
642.041
652.562
655.301
663.346
602.473
605.745
666.618
671.139
676.07
697.8
699.848
696.575
674.846
669.914
665.394
663.346
662.586
661.599
655.442
656.202
656.279
660.834
697.779
698.765
694.211
694.134
697.863
694.134
680.469
675.949
680.469
694.134
689.418
675.753
689.418
694.134
679.185
673.842
654.202
632.798
609.229
603.896
603.818
601.045
587.62
585.616
587.62
590.959
614.527
651.473
614.527
613.541
613.618
618.173
619.159
614.604
613.844
613.767
614.527
610.798
597.134
592.613
590.815
586.808
590.858
595.748
591.699
590.301
579.479
574.764
573.307
568.416
579.238
583.245
584.702
606.432
611.147
612.545
590.815
594.545
608.209
629.613
609.973
566.021
585.661
629.613
631.986
631.226
632.212
627.658
627.58
632.135
632.896
595.95
596.027
632.973
631.986
618.322
613.606
615.61
613.606
618.7
613.606
609.599
596.175
557.339
554.067
493.193
491.146
487.873
466.144
461.623
456.692
461.247
464.519
459.998
456.269
442.604
421.2
434.865
456.269
459.998
455.443
454.457
417.512
416.752
416.675
414.671
416.128
414.731
418.738
413.848
418.738
414.731
425.553
429.603
431
409.271
405.221
394.399
389.683
411.413
416.128
414.671
411.615
406.899
404.885
400.69
397.351
412.42
415.476
425.545
430.26
432.274
436.469
475.305
465.236
468.575
463.233
424.397
429.74
414.671
395.031
351.079
395.031
414.671
404.808
401.752
399.748
413.413
392.009
378.344
399.748
396.019
399.748
403.755
414.577
416.034
414.577
419.467
420.865
410.043
388.313
383.598
382.2
386.916
382.026
386.075
382.068
378.019
399.748
413.413
434.817
413.413
399.748
396.019
399.748
355.796
336.156
334.885
329.009
338.789
339.776
343.783
353.563
359.44
357.632
353.625
354.118
356.132
377.536
392.604
397.125
402.279
404.087
402.074
392.293
391.307
389.858
403.522
399.793
421.197
424.926
403.522
389.858
388.401
383.685
372.863
368.813
363.923
359.916
338.187
336.789
375.625
379.632
393.057
396.329
427.817
421.94
427.274
430.014
431.935
433.392
436.664
441.07
460.711
447.046
425.642
439.307
435.577
439.307
460.711
465.865
460.531
440.89
442.348
444.269
442.348
445.62
450.026
446.753
466.394
471.728
467.322
465.865
463.125
465.865
467.673
444.104
446.026
440.692
421.051
422.509
418.103
414.83
413.373
416.113
414.192
411.452
416.786
436.426
440.832
444.104
428.223
460.154
475.223
475.3
476.06
477.046
478.443
483.334
491.224
493.146
487.812
507.452
510.192
505.786
509.058
513.464
518.798
516.058
514.137
512.68
509.408
489.767
491.224
506.293
498.402
503.293
511.183
543.115
542.128
542.205
543.603
538.712
523.644
524.63
523.233
523.156
522.396
523.156
491.224
488.851
487.394
484.122
479.716
485.05
482.31
486.716
489.988
491.445
493.366
473.726
468.392
488.033
486.111
488.851
520.783
515.892
517.289
517.366
518.353
519.113
511.223
510.462
525.531
510.462
514.192
535.596
549.26
545.531
544.134
530.469
509.065
508.988
508.002
476.07
480.961
488.851
493.567
498.498
500.512
533.762
528.428
525.688
506.048
501.642
498.37
496.449
500.854
499.397
519.038
522.31
523.767
525.688
528.428
533.762
534.522
549.591
534.522
533.125
534.522
534.445
539.336
540.322
508.39
540.322
535.432
543.322
542.562
541.575
533.685
533.762
501.83
486.762
491.652
490.255
490.178
489.192
488.432
503.5
511.39
543.322
544.082
545.068
545.146
546.543
541.652
533.762
514.122
508.788
510.709
512.166
515.438
519.844
539.485
544.818
542.079
540.158
538.7
534.295
531.022
533.762
501.83
486.762
478.872
473.981
474.058
475.045
490.113
490.873
495.764
494.777
502.668
501.908
503.305
503.228
501.83
533.762
528.428
508.788
504.382
501.11
499.652
496.913
494.991
495.068
463.137
458.043
457.283
442.214
434.324
429.433
430.83
431.817
430.83
438.721
443.611
444.372
444.295
442.897
474.829
489.897
486.841
476.772
472.057
470.043
465.848
471.19
467.851
462.509
465.565
475.634
436.798
421.729
423.743
438.812
442.151
446.866
450.139
488.974
502.399
498.392
502.399
499.127
485.702
524.538
528.733
489.897
486.558
491.449
483.558
491.449
490.051
489.974
488.988
488.228
473.159
468.269
469.666
469.743
470.729
471.49
503.421
518.49
486.558
482.829
461.425
447.76
457.009
472.502
471.72
472.502
472.581
471.144
438.313
439.327
431.215
415.722
415.643
420.671
428.783
461.614
463.051
458.023
457.009
471.058
476.727
477.995
479.579
483.03
471.173
478.981
483.913
450.663
445.731
443.717
445.731
478.981
474.091
466.2
465.214
464.454
432.522
417.454
416.057
415.979
417.521
418.568
426.377
427.774
432.49
411.086
400.565
392.521
393.918
390.188
376.524
373.784
371.736
374.69
396.094
399.824
398.426
400.474
408.519
405.565
416.086
429.75
432.49
433.723
435.099
436.64
442.154
455.818
463.627
458.113
450.305
446.949
445.716
449.072
460.306
458.722
444.673
439.989
448.261
452.424
454.4
469.893
471.741
494.083
495.808
496.822
497.604
497.683
502.366
540.352
538.937
530.908
525.239
528.69
525.239
523.655
522.387
508.338
509.606
523.655
531.683
518.493
520.034
525.548
530.068
532.116
533.795
535.716
533.918
512.188
527.257
535.301
537.099
541.149
533.104
529.055
527.377
512.308
510.387
532.116
536.832
535.599
527.791
524.435
522.894
521.517
530.539
538.567
539.982
554.032
559.701
560.968
562.553
548.504
551.954
586.141
591.211
557.025
554.954
557.025
551.954
553.452
515.467
510.783
510.002
547.988
549.002
549.783
549.863
549.783
548.769
553.452
554.889
556.474
561.322
562.4
554.371
552.787
547.938
546.861
554.889
553.452
552.185
546.516
545.1
546.685
543.234
529.185
537.213
535.629
537.044
538.312
543.981
558.03
550.002
553.452
555.428
551.264
566.757
558.486
566.757
570.921
572.646
570.671
568.945
553.452
551.604
553.452
531.111
553.452
551.593
553.452
549.333
547.262
551.382
541.326
535.283
545.34
547.41
553.452
547.783
549.051
545.6
544.185
542.917
534.889
536.305
537.889
523.84
529.509
543.558
551.586
555.037
553.452
571.21
572.625
577.019
577.526
628.484
590.498
589.717
590.731
591.512
591.592
590.577
585.894
585.815
623.801
628.484
632.648
634.623
642.894
644.743
622.401
637.894
633.731
635.456
633.607
618.114
616.389
608.118
630.46
628.484
625.033
623.618
627.069
628.653
630.069
631.336
637.005
651.055
637.005
645.033
643.766
635.738
634.153
630.033
590.104
586.739
572.937
567.268
567.775
563.127
562.113
546.62
541.32
542.335
541.827
563.835
553.778
531.771
541.827
546.475
561.968
567.268
601.454
606.525
608.595
574.408
580.451
575.38
588.838
611.317
609.246
601.218
599.782
594.933
593.856
594.933
602.961
604.398
605.982
604.398
609.246
605.083
613.354
617.518
619.493
621.218
619.267
611.223
596.154
617.884
615.962
614.284
612.486
590.757
592.555
642.116
659.387
663.661
665.038
647.767
598.205
596.829
597.322
593.048
592.555
591.178
589.945
584.432
570.767
574.123
575.664
581.178
594.842
596.219
597.452
594.096
586.288
594.096
592.555
592.478
591.717
591.795
554.849
553.863
549.308
586.253
590.808
591.568
592.555
614.418
620.295
614.418
592.555
605.644
592.555
593.603
599.116
612.781
620.589
617.233
615.692
614.315
600.651
599.418
591.61
594.966
596.507
597.884
599.116
593.603
591.682
599.726
597.928
576.199
577.997
593.065
597.115
582.825
583.724
582.046
583.967
579.918
601.647
593.603
596.942
614.212
663.774
668.048
651.573
634.763
635.243
634.763
630.603
629.263
581.023
576.007
562.707
526.747
523.48
521.98
520.64
519.44
511.84
510.88
510.14
505.707
500.34
504.773
504.848
505.808
541.768
541.693
542.433
563.713
569.433
571.393
539.03
543.83
576.193
571.393
550.113
562.853
550.113
544.393
542.433
578.553
582.495
567.828
569.578
567.828
569.462
571.332
585.998
564.848
585.998
584.128
598.454
594.404
586.36
594.404
589.688
591.086
590.038
591.086
589.545
588.147
580.339
585.055
586.596
594.404
597.281
605.171
637.103
638.089
639.486
654.555
655.315
655.392
660.283
658.885
658.808
659.568
660.555
661.952
669.842
674.733
706.664
721.733
721.81
713.92
698.851
666.92
666.159
665.173
660.283
656.009
673.279
722.841
727.115
728.491
711.221
709.844
709.351
709.844
660.283
654.406
641.317
619.454
618.467
581.522
576.967
576.207
576.13
544.199
559.267
591.199
596.089
603.979
604.966
605.043
605.803
607.2
606.44
605.454
604.057
588.988
581.098
576.207
576.13
577.808
592.877
614.606
606.562
602.512
604.433
608.483
616.527
601.459
599.781
601.579
599.781
578.051
576.13
571.24
576.13
584.021
599.089
600.486
601.247
602.233
602.31
600.913
600.836
600.075
568.144
553.075
545.185
577.116
576.13
576.207
544.276
545.036
552.926
557.817
558.803
550.913
535.844
535.084
533.687
533.61
565.541
580.61
579.623
581.021
576.13
542.88
547.812
581.062
576.13
578.144
592.359
607.852
585.511
583.662
568.169
590.511
588.785
586.81
582.646
584.495
586.22
590.384
598.655
600.63
592.359
574.602
578.996
580.412
598.169
598.676
649.634
645.239
644.732
593.775
592.359
613.24
659.36
660.291
623.182
591.25
583.36
588.25
596.14
596.217
591.327
592.724
577.656
578.416
610.348
608.738
607.998
607.038
606.963
605.603
606.563
607.923
615.523
607.923
606.903
602.313
600.813
599.453
600.473
605.063
606.563
609.538
611.498
649.298
652.548
657.138
666.938
672.138
686.805
683.555
680.58
676.497
674.537
669.947
660.147
654.947
640.28
644.363
606.563
627.713
632.905
628.145
626.785
641.452
672.532
673.272
674.232
674.307
675.667
667.987
653.32
622.24
627
626.26
642.432
642.354
650.245
645.529
644.132
644.055
643.068
628
632.89
625
593.068
594.466
594.543
595.529
627.461
642.529
650.42
649.659
650.42
645.529
667.259
652.19
650.512
648.591
644.541
636.497
614.767
622.812
626.861
628.783
643.851
642.053
643.731
645.529
613.598
598.529
598.606
593.716
593.639
592.878
584.988
585.748
584.762
589.652
597.543
612.611
614.009
614.995
613.598
645.529
682.639
696.303
697.981
699.985
702.142
718.024
720.217
781.091
786.022
784.646
780.372
779.878
730.317
713.046
681.558
680.798
648.866
647.88
646.483
641.592
626.524
618.634
618.557
639.961
645.894
649.943
653.673
667.337
670.61
714.562
699.493
697.695
689.651
687.729
686.051
664.322
660.272
658.259
653.327
686.577
653.327
655.341
660.272
616.32
619.06
623.95
628.882
665.991
646.597
638.569
633.72
641.748
640.312
641.748
640.164
641.748
646.597
647.674
646.597
648.033
697.65
699.139
700.46
698.6
736.586
734.368
729.298
767.452
830.04
845.827
862.157
864.375
862.12
864.18
847.85
852.921
854.646
840.597
802.442
739.854
738.129
736.069
750.118
748.62
754.593
749.945
754.949
758.382
762.502
772.558
770.488
772.558
762.502
756.46
762.502
760.643
756.523
758.382
756.312
790.498
792.569
797.639
763.452
758.382
771.84
774.692
777.132
793.461
795.521
801.621
799.516
798.195
760.04
758.551
772.6
773.558
775.664
780.347
781.783
831.4
832.889
783.273
784.593
783.157
775.129
770.28
769.202
767.618
766.181
768.621
762.521
768.621
770.681
787.011
800.468
797.616
781.287
784.139
781.699
768.241
766.181
728.026
743.813
729.764
667.176
665.451
703.606
698.535
682.748
680.688
678.47
741.058
755.107
757.167
758.893
763.963
780.292
782.511
766.181
769.033
782.491
798.82
800.88
806.981
809.421
803.32
789.863
787.803
771.474
769.033
766.181
799.012
795.178
798.542
784.493
798.542
802.706
824.713
830.813
827.449
823.285
801.278
805.113
799.012
801.864
807.965
810.405
812.465
806.364
804.305
820.634
818.194
815.342
801.884
815.342
799.012
844.202
860.532
868.56
906.546
922.333
923.636
929.12
931.56
994.148
980.099
984.782
986.887
984.782
983.824
979.141
980.099
994.148
996.123
998.183
1001.035
987.577
1003.907
1006.347
1012.447
1025.905
1009.576
1006.724
1004.283
1002.224
996.123
979.794
1017.78
979.794
974.31
966.282
974.31
911.722
895.935
894.632
849.442
851.697
872.315
888.197
885.824
891.158
892.425
927.877
930.187
928.937
927.577
926.167
879.197
876.497
874.187
876.887
861.428
859.478
846.738
862.197
864.147
866.457
879.197
884.972
879.197
858.363
859.323
849.803
854.82
864.34
863.38
867.78
853.113
873.947
873.467
873.947
868.93
864.53
879.197
874.397
906.76
904.8
909.6
911.56
879.197
843.237
879.197
871.597
856.138
871.597
828.817
834.008
835.242
894.492
937.272
952.217
954.527
962.127
902.877
901.643
899.508
921.779
942.261
956.31
960.993
958.887
957.93
958.887
954.204
956.31
942.261
955.718
949.618
933.289
930.849
917.391
919.831
916.979
933.308
935.368
938.22
944.32
942.261
980.246
985.731
987.033
1049.621
1065.408
1073.437
1078.507
1080.567
1078.842
1073.771
1057.442
1041.655
1039.437
1001.282
938.694
955.023
969.072
923.882
962.037
924.051
861.463
859.403
843.074
905.662
921.449
937.778
939.996
925.947
910.16
912.6
911.298
908.857
900.829
946.019
940.535
942.261
947.331
950.148
945.077
950.106
947.289
942.261
939.82
956.15
959.002
965.102
948.773
950.833
937.375
939.815
953.273
947.173
944.32
942.261
938.827
954.614
892.026
893.329
898.813
961.401
958.961
950.933
953.373
991.359
990.056
992.389
976.06
960.273
968.301
985.724
980.39
936.438
941.305
943.462
950.223
953.274
957.548
960.425
923.479
926.433
910.551
904.618
902.615
889.526
887.152
884.378
898.043
898.974
903.529
905.577
904.646
900.091
898.043
884.378
864.1
826.114
823.782
861.768
856.283
872.07
917.261
933.59
925.562
924.259
908.472
913.956
851.368
852.671
860.699
863.139
925.727
923.287
912.47
898.421
876.414
873.597
869.762
868.326
866.22
857.949
854.912
850.063
848.761
856.789
859.229
921.817
919.377
903.59
948.78
910.794
865.604
849.275
786.687
803.016
841.002
832.974
827.489
843.276
844.579
850.063
855.134
902.553
904.412
906.387
904.317
899.246
865.06
885.254
890.324
892.049
894.109
909.896
871.741
909.896
847.308
863.637
926.225
910.438
896.389
880.06
834.87
772.282
756.495
751.424
749.364
747.639
739.611
723.282
717.798
679.812
682.03
680.727
678.509
676.069
690.118
691.076
686.393
700.442
686.393
685.435
683.329
688.012
690.118
694.282
700.382
678.375
672.275
686.324
708.331
704.967
701.132
696.968
682.919
686.754
690.118
689.04
690.9
688.924
641.505
639.646
687.065
692.136
687.065
689.04
686.083
690.766
704.815
702.71
698.026
700.132
701.09
700.132
686.083
684.224
686.199
691.269
738.688
740.548
693.129
688.058
686.083
701.576
707.069
710.211
715.06
719.373
679.444
719.373
715.94
718.011
713.162
723.514
719.201
703.708
698.215
695.072
684.72
688.153
686.083
684.023
722.178
736.227
752.014
754.232
816.82
815.095
817.428
819.488
814.417
751.829
735.5
719.713
681.558
667.509
672.579
655.83
653.673
651.752
653.673
648.741
650.55
655.481
701.601
699.793
653.673
658.228
644.563
646.611
647.543
646.611
644.563
640.009
653.673
655.83
650.964
648.807
651.858
654.812
659.678
666.438
663.562
660.608
664.882
667.759
663.485
660.433
653.673
654.906
676.31
681.026
695.574
728.824
742.248
744.17
752.06
752.137
757.027
758.014
759.411
791.342
806.411
807.171
819.486
865.606
867.414
869.336
874.267
872.459
826.339
821.408
819.486
804.418
836.349
836.426
837.824
832.933
825.043
824.283
823.296
823.219
824.205
822.808
790.877
795.767
803.658
818.726
819.486
830.007
825.075
820.185
817.445
820.185
825.075
830.007
827.959
827.027
831.582
832.514
827.959
830.007
816.342
830.007
830.767
815.699
814.938
783.007
783.084
775.193
770.303
769.317
770.714
785.783
793.673
825.604
825.527
824.13
825.116
830.007
829.247
830.233
829.247
829.17
797.238
797.315
795.918
797.315
798.075
790.185
805.253
790.185
785.295
793.185
798.075
830.007
814.652
816.846
814.577
812.42
807.488
805.485
791.82
806.825
866.075
888.125
827.252
832.183
834.341
836.61
838.288
840.291
842.568
805.459
759.339
757.531
755.61
750.678
755.61
779.654
781.332
827.452
829.26
831.182
809.777
806.048
792.384
789.111
785.062
779.128
800.533
804.582
807.854
821.519
825.248
831.182
839.072
838.086
806.154
791.086
795.976
794.579
809.647
841.579
842.565
841.805
841.882
843.279
838.389
838.312
839.072
831.182
829.503
853.548
829.503
831.182
831.259
835.813
872.759
873.745
874.505
879.06
877.012
872.457
858.793
857.861
871.526
872.457
874.505
852.776
851.378
856.269
856.346
871.414
847.37
855.26
840.192
832.301
832.224
830.546
831.307
832.704
864.635
865.622
867.3
862.409
830.478
854.522
853.536
852.776
854.584
900.704
898.896
893.964
898.896
900.817
854.697
852.776
854.454
830.409
828.731
852.776
884.707
879.817
881.214
879.817
879.894
872.003
856.935
857.695
825.764
830.654
838.545
853.613
852.853
852.776
853.762
852.776
857.491
824.241
826.163
840.711
838.789
817.385
803.961
799.245
832.495
845.92
867.324
852.776
851.844
846.51
870.555
872.233
848.188
846.51
841.62
841.697
842.683
847.574
855.464
840.396
808.464
807.067
806.99
806.003
798.113
798.873
830.805
845.873
847.271
846.51
844.702
846.51
850.517
852.531
842.75
848.627
842.75
838.743
836.729
846.51
852.387
855.726
858.5
906.757
909.808
924.877
926.555
924.877
926.685
880.565
904.61
902.801
900.88
895.949
871.904
876.836
878.757
924.877
920.322
918.274
917.342
903.678
895.788
880.719
880.642
879.656
878.896
846.964
842.074
842.834
842.911
843.897
875.829
890.897
898.788
903.678
902.281
903.678
940.623
936.068
899.123
898.363
899.349
903.904
904.664
904.741
903.755
903.678
901.401
899.397
897.719
892.788
890.594
888.437
886.168
849.058
810.387
835.109
836.835
812.113
810.387
817.338
820.375
823.333
827.727
830.864
833.083
828.079
833.083
826.132
823.095
814.982
810.588
805.56
790.067
757.236
756.454
753.496
752.06
751.981
750.967
748.748
745.611
746.033
747.618
753.111
756.544
761.074
769.187
744.465
742.739
767.461
769.187
721.768
716.697
714.838
712.863
711.137
735.859
737.585
712.863
716.296
721.299
717.866
712.863
688.141
712.863
711.137
712.863
718.347
720.322
723.139
743.333
747.863
749.361
752.725
753.739
791.725
791.805
790.79
752.805
748.121
747.34
747.261
748.042
752.725
751
726.278
723.461
726.278
728.254
731.618
727.088
706.894
712.379
706.894
705.396
703.421
704.919
725.113
729.643
726.278
678.859
692.662
707.62
702.771
736.958
738.933
760.94
747.137
712.951
697.993
702.842
700.866
678.859
682.694
686.058
700.107
704.271
700.907
722.914
719.079
705.03
700.866
678.859
672.759
678.859
682.224
686.754
681.269
661.076
656.546
658.044
656.546
654.57
651.754
671.947
677.431
679.407
676.042
678.859
692.662
696.782
736.711
740.076
737.259
732.231
737.259
740.076
745.146
740.076
740.155
702.169
702.951
701.937
739.923
740.937
736.254
736.174
735.393
740.076
737.259
732.729
729.364
727.866
729.842
733.206
737.736
757.93
763.414
757.93
760.746
758.771
738.577
740.076
730.019
729.512
724.864
702.857
697.558
696.544
681.051
677.687
675.711
670.227
668.729
664.199
661.382
663.357
664.856
668.22
672.75
692.944
695.761
675.567
681.051
675.077
683.19
688.218
689
690.014
690.093
691.53
724.361
739.854
738.356
732.871
712.678
708.148
704.783
724.977
722.16
727.644
732.174
735.539
737.037
739.012
741.829
739.854
707.023
706.241
705.227
705.148
703.711
695.599
697.035
697.114
681.621
686.65
681.621
697.114
698.129
698.91
731.741
739.854
701.868
705.005
706.019
701.016
698.798
695.761
692.623
688.229
685.271
692.222
694.44
697.477
696.695
695.681
688.731
726.717
731.4
732.181
732.261
732.181
735.139
730.456
735.46
739.854
735.324
732.507
734.005
736.822
738.798
742.162
746.692
766.886
772.37
766.886
764.91
763.412
760.048
739.854
741.29
733.178
731.741
732.523
732.444
731.43
730.648
725.62
725.699
726.713
711.22
726.713
734.826
739.854
707.023
739.854
705.667
683.66
705.667
720.625
754.812
768.614
770.59
756.787
741.829
739.854
744.702
739.854
740.868
737.504
738.285
771.116
786.609
794.722
799.75
796.933
794.958
793.46
788.93
787.915
789.352
783.868
751.037
730.843
729.407
724.379
716.266
700.773
700.694
700.773
699.991
662.005
663.019
678.512
686.625
691.653
724.484
725.266
725.187
725.266
724.484
723.048
722.033
713.921
681.09
665.597
660.569
662.005
660.03
627.199
626.185
621.502
620.72
620.641
582.655
577.627
610.458
611.239
609.803
611.239
595.746
596.761
563.93
555.817
554.803
570.296
578.408
583.437
582.655
582.576
582.655
583.669
599.162
604.655
612.768
628.261
638.613
639.394
637.958
636.944
669.775
666.342
650.849
642.736
637.708
637.787
637.005
636.926
604.095
564.165
566.236
567.673
564.53
569.379
553.886
548.393
551.535
556.563
551.715
549.644
545.331
548.764
588.694
593.007
582.655
593.472
582.655
586.489
564.482
560.319
582.326
568.276
564.912
561.077
564.442
558.342
562.505
568.606
582.655
583.669
584.451
617.282
632.775
640.887
645.915
640.887
625.394
617.282
616.5
616.579
615.143
616.579
615.565
615.486
582.655
574.542
541.711
540.93
539.915
539.836
538.4
539.181
523.688
518.66
534.153
535.167
536.604
569.435
574.463
582.576
582.655
581.387
548.556
547.12
547.04
546.259
530.766
522.653
517.625
516.611
518.586
523.435
545.442
579.629
594.586
560.4
555.551
541.748
555.551
553.576
531.569
516.611
502.808
499.444
459.514
455.394
459.514
462.879
502.808
516.611
513.794
508.766
503.695
506.833
502.438
505.396
498.445
493.442
491.224
488.187
490.405
494.799
491.842
498.792
501.829
506.833
503.695
526.037
529.401
534.049
596.637
601.708
603.813
626.155
637.282
642.13
704.718
714.859
719.708
754.102
799.292
800.771
817.1
849.931
851.907
831.713
829.738
795.551
779.222
774.373
752.366
738.563
772.75
774.725
789.683
791.658
805.461
827.468
812.511
817.359
815.384
831.713
798.882
831.713
817.664
821.827
817.993
821.827
835.877
839.241
817.234
813.07
809.706
815.806
837.813
831.713
833.572
843.629
841.769
837.65
835.579
825.523
819.481
825.523
829.643
831.713
798.882
782.553
798.882
831.713
833.688
831.713
833.688
850.018
855.489
822.658
806.329
804.354
837.185
839.16
837.185
831.713
815.384
831.713
833.688
838.988
849.34
850.121
851.424
859.695
862.512
895.343
893.368
860.537
876.866
860.537
862.512
865.47
868.607
871.644
873.863
878.866
875.908
870.905
867.768
864.731
862.512
855.562
859.956
855.562
862.512
860.537
861.319
866.618
868.097
867.315
864.498
856.227
859.044
860.347
859.044
853.745
843.393
845.368
830.252
828.33
860.262
863.534
865.455
869.976
891.705
875.824
936.697
904.765
920.647
922.695
919.423
897.693
895.646
890.714
829.841
825.32
830.252
838.06
824.635
819.92
798.515
803.231
805.152
790.604
804.029
825.433
858.683
825.433
839.981
838.06
839.981
838.06
836.622
851.917
846.618
849.435
848.653
849.956
860.308
861.09
866.389
865.086
873.357
870.54
854.211
821.38
819.405
805.602
801.482
798.118
758.188
766.46
765.678
767.653
762.354
765.171
763.868
761.893
763.195
763.977
769.276
779.629
769.276
766.46
758.188
754.755
749.752
737.09
737.871
743.171
745.146
747.963
746.66
757.012
754.195
752.22
751.438
746.139
735.787
744.058
745.361
737.09
733.725
729.562
733.396
727.296
713.246
691.239
713.246
719.347
733.396
737.56
740.924
737.09
737.871
737.09
747.442
745.467
742.65
734.379
733.076
727.776
717.424
725.695
728.512
730.488
735.787
737.09
735.787
737.762
734.945
737.762
736.981
728.71
723.41
733.762
739.062
728.71
729.491
730.794
739.065
737.09
726.273
741.231
775.417
753.41
755.386
721.199
716.35
701.393
699.417
704.266
726.273
740.076
726.273
723.456
715.185
713.882
711.907
711.125
705.826
695.474
690.826
668.484
661.533
664.898
669.292
731.88
736.951
739.056
761.398
764.535
769.183
764.113
760.748
763.706
761.6
756.597
753.639
750.602
747.465
743.07
680.482
682.701
687.704
694.655
692.437
695.474
698.907
738.836
723.343
712.991
717.305
719.375
724.224
727.366
742.859
739.426
699.496
695.183
690.335
700.687
697.544
692.051
697.544
695.474
700.322
677.981
632.79
631.312
596.917
619.259
664.449
698.843
687.717
625.129
687.717
698.069
708.21
713.058
708.21
703.361
693.22
704.347
670.16
655.202
653.227
631.22
617.417
612.569
606.468
602.305
598.94
584.891
581.056
559.049
556.944
553.579
548.509
543.861
481.273
458.931
463.326
465.544
460.54
458.322
455.285
452.148
447.754
444.796
451.746
456.75
449.799
452.836
455.974
458.931
452.889
442.833
440.974
436.854
434.783
428.741
425.889
422.752
407.259
403.826
354.21
351.252
348.114
343.111
340.893
337.856
333.461
326.511
328.729
331.766
334.903
339.298
342.255
347.259
354.21
359.058
296.47
318.812
364.002
398.396
408.748
413.597
402.47
412.611
402.259
413.386
408.537
398.396
393.548
359.153
313.963
291.621
354.21
352.625
347.132
346.71
342.18
334.067
330.634
322.606
307.113
301.62
291.268
288.125
286.055
282.621
277.773
273.46
233.53
230.572
227.435
222.431
215.481
212.444
210.225
205.831
160.641
98.053
93.204
88.356
78.215
67.863
33.468
11.127
73.715
78.563
83.412
93.553
103.905
138.299
183.489
205.831
194.704
205.831
183.489
178.641
167.514
104.926
94.785
84.433
50.039
45.19
0
