78.923
444.769
474.308
478.769
939.154
1109
1171.462
1631.846
1997.692
2027.231
2031.692
2201.538
2280.462
2877.385
3019.538
3522.154
4152.154
3928.857
4356.357
4383.786
4441.786
4457.071
4484.5
4542.5
4970
5555
4727.538
4463.385
4084.615
4254.462
4685.308
5282.231
4978.214
5110.214
4560.071
5145.071
5218.357
5276.357
4233.286
4560.071
4717.786
2976.214
3003.643
3135.643
3208.929
3548.643
4133.643
4687.929
4573.786
4612.538
4675
4704.538
4783.462
5413.462
4350.077
4637
4490.385
4632.538
4711.462
4881.308
5478.231
6108.231
6010.385
3929.857
4269.571
4297
4301.143
4728.643
4886.357
4515.071
4469.214
5054.214
5112.214
5539.714
4927.286
4869.286
4873.429
5005.429
5078.714
5633
5320.714
5478.429
5818.143
6403.143
4618.071
4205.857
3947.643
3975.071
4560.071
1245.5
1377.5
1450.786
1478.214
2063.214
2490.714
2467.429
2467.429
2567.143
2551.857
2143
2508.846
3105.769
3566.154
3645.077
3814.923
4444.923
4336.462
3736
3814.923
3707.538
4073.385
4533.769
5130.692
5760.692
5930.538
6072.692
5617.923
4961.538
5024
4320.462
4386.231
4855.769
5035.929
5590.214
5648.214
5913.077
5682
5211.231
5381.077
6011.077
6007.769
6086.692
6410.077
6439.615
6444.077
6613.923
7074.308
6102.231
6732.231
7329.154
7695
8155.385
6821.077
6420.462
7050.462
7192.615
7362.231
7391.769
7454.231
7914.615
8280.462
8422.615
8988.308
8419.571
8577.286
8549.857
8577.286
8635.286
8453.286
8585.286
8954.786
8954.786
8419.786
9004.786
9162.286
9189.714
8604.714
9189.714
8861.929
9056.929
9118
9339.429
9361.429
9549.286
9607.286
7866
7192.8
7738.8
7316
7463.2
7439.2
7439.2
7985.2
6258.2
6283.8
6337.933
6655
7054
7600
7723.2
7870.4
7896
6406.6
6529.8
6846.867
7151.867
7697.867
8215.2
7765.875
7519.375
7915.75
7915.75
7888.875
7544.188
7597.625
7597.625
7713.125
7763.875
7767.5
7905.5
8279.563
8831.533
8467.533
8476.067
8476.067
8408.733
8831.533
8287.533
8434.733
8434.733
8488.867
8557.267
8874.333
8899.933
9377.533
8831.533
8831.533
7968.267
8285.333
8432.533
8721.133
8775.267
8601.8
9147.8
9173.4
9227.533
8921.6
8395.133
8514.467
8831.533
8259.933
8658.933
9176.267
9722.267
9776.4
9844.8
8611.6
8874.533
8997.733
8149.533
8695.533
8695.533
8272.733
9071.357
9203.357
8700
9009.214
8948.929
8951
8491.286
8471.2
8539.6
7969.6
7995.2
8832.714
8906
9038
9170
9082.214
9214.214
8790.714
8848.714
8852.857
8880.286
9038
9623
9233
9242.143
9214.714
9769
9780.786
9572.071
9002.333
8739.4
8765
7240.933
7558
6803.2
7120.267
7519.267
7573.4
7577.267
7547.133
7670.333
7572.733
7928.2
7928.2
7906.467
7932.067
8249.133
8525.6
8262.667
7398.188
7536.188
7560.188
7563.813
7937.875
8053.375
6727.063
6865.063
7376.938
7674.188
7833.438
6857.875
6908.625
7282.688
7420.688
7439.938
7555.438
6047.75
6173.765
5800.706
5412.235
5415.647
5524.353
5873
5800.706
5782.588
5409.529
5664.176
5536
5056.765
5186.647
5353.5
5617.722
5662.833
5845.118
6197.176
6476.941
5557.941
6277.688
6301.688
6227.813
6343.313
5981.938
5486.063
5783.313
6295.188
6359.313
7177.4
7324.6
7393
7396.867
7520.067
7919.067
7973.2
7986.75
7485.125
7623.125
8108.125
8620
8670.75
8786.25
9083.5
9595.375
9515.875
9277.25
9318.188
9433.688
8917.375
8921
8904.467
9086.467
9123.267
9522.267
9051
9054.867
9080.467
9148.867
9203
9832.929
9832.929
10417.929
10757.643
9278.643
9220.643
9378.357
9932.643
10478.214
10505.643
9049.214
9123.214
9708.214
10262.5
10262.5
10320.5
9893.214
10232.929
10290.929
10378.714
10933
11128
11167.429
9406.929
9432.643
9295.643
9880.643
10095.5
9563.429
9567.571
9990.929
9783.214
9598.286
10152.571
10737.571
10711.857
10869.571
10227.5
9692.786
9802.786
9876.071
9903.5
9763.357
9789.071
9862.357
10202.071
9921.071
9816.5
10156.214
10313.929
10375
10379.143
10401.143
9776.133
10322.133
10839.467
10893.6
11210.667
10240.2
10387.4
10933.4
10639.2
11156.533
10907.867
10933.467
11479.467
11533.6
12050.933
12368
12739.933
12760.467
12907.667
12933.267
12937.133
12991.267
13138.467
13655.8
13972.867
14096.067
14642.067
15041.067
14446.6
14763.667
15186.467
15154.067
15208.2
15460
15480.533
15374
14828
14951.2
15019.6
15536.933
16082.933
16400
15332.867
15214.533
13151.667
11603.2
11521.267
11668.467
11791.667
12337.667
12855
13106.8
12195.467
11497.375
11612.875
11056
11331.6
11848.933
11917.333
12040.533
12044.4
11671
11988.067
12387.067
12044.533
12162.867
12166.733
12545.2
12862.267
13020.8
13008.667
13090.6
13237.8
13263.4
13283.933
12884.933
12910.533
13033.733
13452.667
13042.267
12704.133
12439.333
11726
12211
10936.625
10960.625
11098.625
11610.5
11634.5
11076.125
11100.125
11164.25
11302.25
11098.625
10506.118
10614.824
10445.765
10554.471
9429.813
9405.813
8102.5
8474.875
8498.875
8361.063
8411.813
8896.813
9034.813
9332.063
8843.471
8952.176
9433.941
9456.529
9433.941
9542.647
9433.941
9915.706
9433.941
9890.412
9277.471
9629.529
9909.294
9957.059
9830.588
9939.294
10069.176
9422.294
9023.235
9083.588
9131.353
9613.118
10069.588
10199.471
9654.167
9884
9986.667
10250.889
10307.889
10762.889
10106.889
10128.222
10250.889
10412.444
9918.421
10015.684
10148.222
10247.667
9423.611
9136.222
9258.889
9361.556
9792.667
9795.889
10250.889
10254.111
10376.778
10641
11072.111
11129.111
11584.111
11916.611
12019.278
11948.611
12281.111
12284.333
12329.444
12432.111
12110.333
11076.167
11133.167
11588.167
11920.667
12043.333
12064.667
12122.222
12386.444
12197.333
12374.556
12377.778
12042.056
11590.944
11647.944
11912.167
12034.833
12079.944
12412.444
12843.556
12977.333
11939.389
11939.389
11984.5
11365
11730.684
11927
12004.053
12319.053
12435.263
12227.684
12658.737
11845.737
11654.895
11107.632
11127.842
11225.105
11321.105
11277.842
11528.158
12111.611
12111.611
12542.722
12495.833
11892.158
12323.211
12326.263
12442.474
12539.737
12581.684
12624.421
12627.474
10150.882
10502.941
10550.706
10238.471
9009.118
9288.882
9770.647
9733.588
10190.059
10071.294
10119.059
10120.765
10649.125
10946.375
11458.25
11573.75
11624.5
11001.059
11130.941
11483
10948.353
10542.118
11543.938
11841.188
12215.25
12266
11868.25
11887.5
11889.313
12010.563
12061.313
10975.941
11065.471
10713.588
10822.294
10870.059
11222.118
11703.882
11707.294
12064.938
12115.688
12489.75
12605.25
12743.25
12937
11030.688
11146.188
10257.813
10445.563
10583.563
10403.938
10915.813
10334.059
10330.647
10378.412
10381.824
10356.647
10035.118
10071.588
10180.294
10310.176
10310.176
10261.824
10370.529
10791.941
10852.294
11132.059
11135.471
11183.235
11205.824
11687.588
11615.294
11446.235
10688.118
11040.176
11521.941
11500.765
11630.647
11691
12387.188
12113.063
10176.375
10473.625
10847.688
10985.688
10117.867
10265.067
10388.267
10934.267
10938.133
11006.533
11060.667
11578
10982.933
11528.933
11450.133
11475.733
11529.867
12075.867
12593.2
12597.067
12744.267
12744.267
12926.267
10868.6
10922.733
11321.733
11444.933
10527.533
10844.6
11059.8
11085.4
11111
11657
11815.533
11141.188
11256.688
11307.438
11445.438
11449.063
11823.125
11961.125
12446.125
12820.188
12935.688
13232.938
13283.688
13795.563
14283.438
13795.563
14092.813
14146.25
14284.25
14303.5
13462.118
13157.824
12768.412
12828.765
12832.176
12238.294
12061.588
12543.353
12652.059
12699.824
11871.353
11300.471
11782.235
11912.118
11959.882
12239.647
12591.706
12591.706
12591.706
12591.706
13073.471
13203.353
13263.706
13286.294
12422.647
12774.706
13133.765
12312.529
12442.412
12898.882
13007.588
13489.353
13183.412
13231.176
13231.176
13510.941
13558.706
13667.412
14149.176
14279.059
14206.765
14558.824
14917.882
14509.176
13309
13417.706
13447.353
13727.118
13727.118
13730.529
13745.412
13793.176
12777.588
12907.471
13047.353
12379.5
12482.167
12383.556
12441.111
12773.611
12818.722
12985.611
13088.278
13260.5
13430.5
13451.833
13906.833
14006.944
14054.444
14162.222
13024.278
12142.474
12185.211
12188.263
12392.789
12392.789
12490.053
12532.789
12783.105
13098.105
13506.526
12538.053
12330.474
12538.053
12635.316
12751.526
12980.474
12592.579
13001
13055
13486.053
13109.421
13112.474
13427.474
13048.105
13173.263
12514.6
12197.5
12005.75
11855.55
11803.75
11617.75
11617.75
12005.75
12305
11575.85
11627.15
12036.65
11719.4
11738.6
11779.2
12078.45
12188.85
11934.35
10281.421
10073.842
9947.526
9593.526
9709.737
10140.789
10161
9468.611
9468.611
9571.278
10002.389
10103.556
10124.889
10457.389
9215.167
9235.722
9568.222
9537.833
9585.333
9134.842
8954.105
9070.316
9113.053
9521.474
10004.778
10459.778
10504.889
10508.111
10772.333
10569.412
10521.647
10569.412
10519.118
10566.882
10846.647
10864.765
10872.294
9913.059
10073.647
10203.529
10275.824
10732.294
10358.235
10636.125
10774.125
11286
11771
12145.063
12442.313
12493.063
12652.313
11518.5
12030.375
12515.375
12889.438
13004.938
12493.063
12470.563
12534.688
12558.688
12696.688
12493.063
12355.063
12493.063
12195.813
12344.438
12280.313
12307.188
11907.938
11937.563
11988.313
11991.938
12476.938
11063.5
11179
11317
11691.063
11988.313
12039.063
12524.063
12621.938
12675.375
12796.625
12967.25
12941.875
10937.118
11067
10719.235
10767
11223.471
11127.471
11420.813
11718.063
11771.5
11892.75
12063.375
12147.938
12028.063
12151.313
12204.75
11943.294
11965.882
12074.588
12556.353
11306.647
11436.529
11918.294
12252.235
12382.118
12838.588
13118.353
13166.118
13224.529
12974.176
13326.235
13456.118
13503.882
12797.353
13149.412
13429.176
13451.765
13469.882
13582.706
12885.111
13007.778
10979
11024.111
11237.389
11428.167
11550.833
11003.833
11245.5
11262.611
11594.944
11603.611
11549.833
11814.056
11404.167
11185.056
11449.278
11118.611
11413.944
10980.278
11082.944
11047.944
11380.444
11047.944
9693.333
9545.556
9590.667
9635.778
9900
9713.333
9590.667
9923.167
10354.278
9305.667
9638.167
9641.389
9698.389
10153.389
10417.611
10520.278
10541.611
10394
10370.111
10702.611
10580.111
11035.111
11035.111
10825.278
11280.278
11711.389
11975.611
11996.944
12042.056
12045.278
11784.278
12048.5
12045.278
12500.278
12622.944
12622.944
12668.056
12622.944
12602.944
12630.944
12630.944
12865.278
12967.944
13013.056
12455.5
12458.722
12475.833
12598.5
12750.167
12703.278
13042.389
13089.889
12454.947
11478.316
11728.632
11731.684
11745.368
12156.211
12564.632
12542.105
12973.158
12979.895
12382.2
12492.6
11985
12027.75
11838.9
11779.8
11278.4
11687.9
11728.5
11966.3
11560.5
11601.1
11693.5
12103
11916.5
11083.3
11443.7
11630.2
11681.5
11722.1
12131.6
12150.8
12450.05
11468.619
11838.143
11943.286
11946.048
11964.333
11633.476
11857.19
11857.19
11849.095
11867.381
12257.381
12247.19
11895.857
12186.524
12187.905
12194
11525.81
11401.714
11496.667
11583.7
11602.9
11643.5
12001.7
11704.6
11797
12052
12092.6
11815
11961.1
12198.9
12201.8
11851.25
12147.6
11618
11391.524
11676.524
11568.667
11617.524
11635.81
11350.952
11740.952
11740.952
10976.905
11366.905
11336.905
10594.238
10597
10635.667
10774.143
10780.238
10707.381
10713.476
10520.857
10561.571
9825.762
9840.429
9791.571
9896.714
9915
10305
10617
10986.524
10989.286
11027.952
10573.318
10482.136
10519.045
10193.409
10145.762
10148.524
10253.667
10292.333
10310.619
10359.476
10749.476
11119
11404
10660.227
11032.5
11049.955
11086.864
11358.909
10969.636
11341.909
11313.273
10805.636
10822
10922.364
11337.333
11084.35
11084.35
11667.737
11765
11472.789
11515.526
11923.947
12355
12763.421
13013.737
12968.737
13283.737
13598.737
13849.053
13502
13544.737
13598.737
14029.789
11973.947
12090.158
12132.895
12258.053
12601.947
12646.947
12065.9
10649.55
10996.95
11089.35
11129.95
11367.75
11667
11993.7
12104.1
11955.05
11103
10914.15
11151.95
11746.526
11749.579
11213.4
11622.9
10933.35
11171.15
11281.55
11284.45
11693.95
11786.35
12085.6
12126.2
11809.1
11919.5
12215.1
11589.15
11629.75
11867.55
12166.8
12236.6
12535.85
12672.35
11854.65
10804.5
10847.25
10379.571
10769.571
10996.048
11084.048
11102.333
11207.476
11383.857
11422.524
11649
11279.476
11288.619
10840.238
10589.762
10542.476
10634.857
10720.667
10523.667
10653.667
10375.905
10745.429
10786.143
10677.048
10621.238
10726.381
10479.429
10764.429
10990.905
11380.905
10989.762
11008.048
11056.905
11144.905
11429.762
11494.143
11599.286
11559.095
11542.19
11064.182
10602.429
10582.048
10867.048
11233.81
11623.81
11908.81
11438
11476.667
11089.429
11355.095
11745.095
11971.571
11989.857
12007
11843.333
12128.333
12497.857
12603
12617.667
12747.667
11427.333
10092.524
10131.19
10219.19
10307.19
10345.857
10572.333
10677.476
11047
11065.286
11068.048
11458.048
11460.81
11499.476
11587.476
11037.476
11427.476
11037.333
11231.571
11458.048
11379.048
10908.455
10911.091
11183.136
11136.5
10490.864
10614.955
10198.043
10233.348
10233.348
9229.913
9586
9169.304
9171.826
9617.909
9889.955
10134.591
10350.773
10387.682
10300.5
10400.864
10672.909
10950.636
10967
11082.818
11100.273
11137.182
11409.227
11411.864
10860.773
10433.174
10639.957
10735.957
11092.043
11108.739
11111.261
11146.565
11226.913
11487.13
10842.565
10877.87
10958.217
10544.375
10793.75
10885.75
11083.917
11425.167
11441.167
11613.542
11936.875
11952.875
12029.875
12371.125
12346.522
11973.739
12285.217
12365.565
12410.174
11303.696
11605.783
11605.783
10851.609
10722
10982.217
10984.739
11080.739
11125.348
11142.043
11285
11569.087
11570.957
11777.739
11896.435
11992.435
11998
11755.435
11268.042
11123.792
10484.833
10092.375
10169.375
9938.042
9954.042
9783.042
9816.875
10081.125
10370.625
9549.773
9821.818
9922.182
9351.182
9388.091
9660.136
9661.455
9342.909
8943.864
8761.783
9021.87
9066.478
9031.174
9066.478
9478.591
9850.864
9897.5
9334.227
9267.682
9270.318
9370.682
9586.864
9537.045
9548.864
9632.864
9904.909
9942.318
10314.591
10667.318
10667.318
10085.409
10544.619
10657.905
10706.762
10615.429
10618.19
10844.667
10836.571
10941.714
11105.238
11474.762
11513.429
11531.714
10715.952
10725.095
10931.238
10931.238
11019.238
11245.714
11530.714
11533.476
11638.619
11687.476
11705.762
12095.762
12183.762
12200.905
11656.905
11666.048
11796.048
11836.762
11063.333
10870.714
10394.045
9427.682
9799.955
9883.955
9886.591
9923.5
10023.864
10107.864
10110.5
10382.545
10735.273
10781.909
11154.182
11171.636
11272
11488.182
11704.364
11029.273
11113.273
11150.182
11152.818
11216.273
11488.182
11488.182
10991.227
11260.636
11297.545
11298.864
11312.864
11420.955
11401.5
11773.773
12146.045
12148.682
12420.727
12439
12473.045
12509.955
12556.591
12772.773
11849.045
11025.636
11251.045
11251.045
11268.5
11387.682
11488.045
11490.682
10514.591
10598.591
10951.318
11051.682
11098.318
11386.591
11739.318
11785.955
11822.864
11906.864
11924.318
11078.409
11450.682
11666.864
11703.773
11919.955
11912.227
12184.273
12221.182
11951.773
11813.182
12165.909
12538.182
12555.636
12474.273
12746.318
12559.773
12389.8
12500.2
12738
12029.25
12328.5
12465
12557.4
11824.05
11942.95
11985.7
12290.9
12427.4
12677.947
12794.158
12814.368
12817.421
12860.158
13175.158
13195.368
12490.053
12921.105
13055.211
13129.211
12722.947
12086.8
11237.35
11288.65
11676.65
11769.05
11788.25
11898.65
12044.05
12453.55
12463.15
12503.75
11777
11819.75
11483.381
11852.905
12154.905
12173.19
11434.048
11392.048
11410.333
11695.333
11698.095
11746.952
11852.095
12239.333
12421.381
10671.571
10956.571
10613.048
10651.714
10739.714
10966.19
10963.429
11189.905
10890.571
10413
10459.636
10831.909
10932.273
10533.818
10397.273
10481.273
10145.909
10558.714
10928.238
11213.238
11177.333
11282.476
11321.143
11547.619
11917.143
12228.286
12167.714
12208.429
11645.773
9584.5
9756.182
9758.818
9776.273
10148.545
10501.273
10089.304
10432.091
10516.091
10498.636
10516.091
9354
9390.909
9539.409
9351.364
9549.091
9416.273
9142.273
9444.545
9732.818
10085.545
10103
10187
10190.455
10090.091
9464.727
9736.773
9952.955
9989.864
10071.636
10172
9799.727
10172
9210.333
9249
9289.714
9375.524
9335.333
9336.714
8914.333
9027.571
9045.857
8644.409
9016.682
9073.5
8148.545
8501.273
8773.318
8989.5
9026.409
9110.409
9110.409
9110.409
8757.591
9029.636
8775.045
8720.682
9135.952
9014.619
9241.095
9526.095
9895.619
10285.619
10236.286
10324.286
9223.952
9329.095
9347.381
9396.238
9434.905
9719.905
9946.381
10315.905
10705.905
10016.238
9682.381
9685.143
9734
10103.524
9667.333
9706
10057.333
10342.333
10381
10399.286
10504.429
10853.714
10699.857
10271.905
10312.619
10417.762
10432.429
10630.9
10351.143
10741.143
11114.1
11224.5
11334.9
9559.75
9797.55
9767.65
10177.15
10196.35
10236.95
9756.95
9808.25
10196.25
9789.65
10027.45
10068.05
10068.55
10367.8
10408.4
10427.6
10837.1
10369.905
9143.1
9531.1
9349.6
9460
9697.8
10107.3
10733.474
10776.211
10856
11287.053
11341.053
11438.316
11458.526
10944.421
11060.632
11375.632
11806.684
12215.105
12269.105
12519.421
12068.263
11860.684
11375.474
11341.684
11656.684
11699.421
11753.421
11194.737
11214.947
11400.053
11192.474
11235.211
10724.75
11134.25
11433.5
11671.3
10940.45
10570.85
10365.65
10424.75
10465.35
10468.25
8806.95
8747.85
8550.65
8938.65
8805.65
8896.85
8487.35
8528.45
8766.25
8785.45
8826.05
8696.55
8995.65
9294.9
9405.3
7486.5
7537.8
7724.3
7686.6
7727.2
8115.2
7353.5
7394.1
7803.6
7822.8
7742.7
7758.1
7437.524
7152.667
7283.667
7388.81
7552.333
7570.619
7658.619
7885.095
8254.619
8215.476
7047.524
7081.45
7122.05
7421.3
7440.5
7162.1
7399.9
7637.7
7730.1
7781.4
5295.8
4558.4
4946.4
4949.3
4989.9
4898.7
5226.947
5477.263
5727.579
5705.053
6136.105
6190.105
6193.158
6290.421
6082.842
6491.263
6534
6849
6869.211
7098.158
7236.579
7380.263
7062.55
6362.25
6457.25
6866.75
6918.05
6937.25
7089.316
7186.579
7229.316
7479.632
7240.579
7260.789
7377
7419.737
7850.789
8281.842
8302.053
8617.053
8637.263
8753.474
9003.789
9006.842
9049.579
8648.4
8584.8
8721.3
8572.65
8499.95
8540.55
8209.8
8066.1
8034.6
8050
8090.6
8201
8220.2
8312.6
8286.9
8674.9
8964.4
8446.1
8465.3
8349.65
8587.45
8975.45
8994.65
8994.65
9274.7
9326
9262.4
9650.4
9786.9
10005.5
9558.65
9577.85
9168.35
8780.619
8489.952
8879.952
8704.333
8743
8831
8792.333
8810.619
8833.19
9223.19
9328.333
8909.857
9246.429
9295.286
8838.238
8838.238
8856.524
8895.19
9180.19
9285.333
9675.333
9763.333
10132.857
9718.909
9802.909
10175.182
10175.182
9329.636
9295.905
9314.19
9363.048
9401.714
9471.429
9861.429
9864.19
10149.19
10254.333
10272.619
10355.286
10393.952
10155.048
8499.429
8548.286
8774.762
8805.333
8823.619
8862.286
8862.286
9213.5
9512.6
9900.6
10011
10026.4
9597.81
9460.952
7672.143
7898.619
8288.619
8658.143
8943.143
8717.143
7029.762
7117.762
7155.762
7545.762
7370.905
7740.429
6893.381
7283.381
7647.55
7739.95
7780.55
7816.45
7857.05
8094.85
8482.85
8782.1
8797.5
8825.1
8794.857
8751.1
8689.65
8988.9
9376.9
9249.5
9659
9699.6
8377.1
8383.5
8520
8480.85
8125.857
8495.381
8515.762
8555.952
8840.952
8843.714
8862
9088.476
9127.143
8250.591
8556.682
8115.545
8215.909
8588.182
8940.909
9157.091
9373.273
9410.182
9737.818
9301.545
8730.773
8430.591
8530.955
8577.591
8530.5
8614.5
8631.955
8651.5
8668.955
8668.955
8885.136
8668.955
7671.182
7771.545
8143.818
8496.545
8712.727
8749.636
9021.682
8585.409
8632.045
8668.955
8941
8941
9041.364
9394.091
8444.136
8080.5
8296.682
8668.955
8668.955
8686.409
8314.136
8666.864
8837.318
8827.591
8874.227
8921.318
8668.955
8588.273
8605.727
8633.909
8790
9142.727
8986.636
8920.591
8447.955
8548.318
8920.591
9273.318
9545.364
9653.455
8894.409
8941.045
8958.5
9042.5
8794.045
7467.636
7485.091
5915.318
6235
6481.333
6484.095
6520
6538.286
6764.762
6803.429
6806.19
7091.19
7129.857
7499.381
7517.667
7907.667
7517.667
7744.143
7429.667
7517.667
7605.667
7644.81
7647.571
7998.905
8017.19
8066.048
7968.619
7899.714
8269.238
8230.571
8269.238
8269.238
8318.095
8406.095
8320.857
8408.857
8635.333
9025.333
9310.333
9415.476
9454.143
9396.682
9480.682
9752.727
9968.909
10005.818
10358.545
10458.909
10458.909
10476.364
10458.909
10831.182
11166.455
11382.636
11429.273
11076.545
10831.182
10559.273
10931.545
10894.636
10149.318
10195.955
10232.864
10250.318
10263.762
10302.429
10587.429
10956.952
10971.619
11168.619
10886.381
10922.286
10598.762
10686.762
10705.048
10581.619
10971.619
10581.619
10630.476
10633.238
10671.905
10956.905
11013.19
11134.524
10883.619
10703.762
11093.762
11463.286
11748.286
11974.762
11672.762
11253.143
11273.619
11361.619
10956.952
11346.952
11326.476
11611.476
10956.952
11241.952
11277.857
11280.619
10004.286
10053.619
10158.762
10548.762
10918.286
11144.762
11183.429
10956.952
10975.238
11024.095
10407.048
10692.048
10694.81
10713.095
10939.571
10978.238
11347.762
11013.905
11062.095
11347.095
11385.762
11434.619
11329.476
11719.476
11945.952
11183.429
9791.095
10075.952
9912.429
10281.952
10331.286
10721.286
11006.286
10956.952
10938.667
10956.952
10959.714
11203.286
11429.762
11105.095
11153.952
11241.952
11044.952
11346.952
11434.952
10956.952
10813.905
11098.905
10587.429
10956.952
10956.952
10162.048
8272
8269.238
8269.238
8230.095
8232.857
8320.857
8690.381
7889.429
8279.429
8318.095
8374.381
8659.381
9049.381
9049.381
9049.381
7799.238
7711.238
7760.095
7710.095
7623.238
7711.238
7711.238
7760.095
7654.286
7692.952
7711.238
7996.238
7999
8037.667
7799.238
7339.524
7729.524
8080.762
8042.095
8080.762
8101.238
7711.238
7474.571
7492.857
7395.667
7680.667
7785.81
7834.667
7834.667
6789.19
7015.667
6976.524
6678.381
6393.524
6783.524
6501.286
6539.952
6909.476
7014.619
7032.905
7422.905
7649.381
7875.857
8160.857
8530.381
7407.381
7456.238
7474.524
7579.667
7649.381
8018.905
7688.048
7706.333
7186.905
6860.227
7195.591
7215.045
6946.318
6948.955
7301.682
7654.409
7654.409
7533.955
7183.864
7183.864
7284.227
7301.682
6636.5
6653.955
6690.864
6737.5
6800.955
7073
7075.636
6240.545
6340.909
6557.091
6574.545
6577.182
6929.909
7302.182
6720.455
6936.636
6973.545
6976.182
6982
7045.455
6308.273
6406
6305.636
6677.909
5463.818
5816.545
5483.273
5500.727
5873
5919.636
5956.545
6228.591
6110.773
6157.409
6174.864
6258.864
6228.591
6500.636
6165.273
5856.318
6181.955
6228.591
6275.227
6292.682
6664.955
6667.591
6751.591
7104.318
7141.227
6543.476
6582.143
6346
5448.667
5838.667
6085
6123.667
6126.429
6214.429
6604.429
6830.905
6869.571
6957.571
7327.095
7612.095
7630.381
7279.048
7327.905
7346.19
7717.905
7707.714
7756.571
7844.571
8129.571
8414.571
8519.714
8586.048
8634.905
9024.905
9063.571
8567.762
8586.048
7374.19
7686.762
7705.048
7810.048
7850.762
7565.905
7052.476
6305.476
6607.476
6997.476
7085.476
6803.238
6852.095
7137.095
7422.095
7460.762
6809.952
6824.619
6830.714
6566.864
6667.227
6083.409
6100.864
6103.5
6187.5
6540.227
6912.5
6959.136
6771.091
6808
6810.636
7096.273
6959.136
7311.864
7412.227
7414.864
7432.318
7469.227
7685.409
7957.455
8041.455
8413.727
8379.455
8751.727
8788.636
8872.636
8890.091
8890.091
8936.727
8376.818
8729.545
8766.455
8188.773
8191.409
8460.818
8376.818
8413.727
8431.182
8803.455
8564
8936.273
9036.636
9073.545
9445.818
9798.545
9801.182
9818.636
10034.818
10135.182
9780.364
10152.636
10181.818
10199.273
10571.545
10988.19
10963.333
10903.619
11293.619
11311.905
11681.429
11786.571
11399.333
11438
10858.333
10861.095
10899.762
10949.095
11339.095
10945.048
10944
10984.714
10781.381
10828.524
10843.19
10024.682
10124.909
10142.364
10497.182
9787
10112.636
10075.273
10410.636
10763.364
10847.364
10850
11185.273
11032.545
11248.727
11266.182
11268.818
10460.273
10497.182
10107.455
10479.727
10090.091
10092.727
10176.727
10277.091
10493.273
10846
10882.909
10854.273
10856.909
10940.909
11157.091
11257.455
11610.182
11647.091
11664.545
12036.818
12120.818
12081.273
12118.182
12120.818
12036.818
12054.273
12091.182
12307.364
12310
12662.727
12662.727
12682.273
12409.091
12351.273
11786.136
11870.136
11887.591
11906.045
11941.136
12213.182
11011.182
11283.227
11655.5
9934.636
9206.318
9478.364
9515.273
9887.545
9529.273
9535.091
9165.13
9521.217
9521.217
9249.957
9510.174
9449.478
9300.174
9302.696
9383.043
9479.043
9495.739
9816.522
9317.19
9543.667
9319.952
9709.952
9406.905
9366.714
9381.381
8770.591
8667.727
8685.182
8687.818
9060.091
9144.091
8791.13
9128.522
9224.522
9431.304
9691.522
9898.304
10254.391
10350.391
10430.739
10466.043
10803.435
10899.435
10260.957
10521.043
10556.348
10299.304
10559.522
10896.913
11103.696
10200.261
10296.261
10312.957
10357.565
10617.783
10620.304
10957.696
11038.043
11247.957
11328.304
11330.826
11303.435
11659.522
11676.217
11659.522
10801.826
11157.913
11329.391
10360.087
10440.435
10777.826
11038.043
11134.043
11123.174
11203.522
11410.304
10767.522
10361.625
10702.875
10711.292
11034.625
11232.792
11275.542
11616.792
11650.625
11973.958
12007.792
12205.958
12455.333
12598.417
12334.167
11761.458
11309.375
11650.625
11650.625
11900
11942.75
11976.583
12040.75
11482.458
11800.708
12124.042
12373.417
12407.25
12605.417
11367.458
11708.708
11800.708
12313.783
12394.13
12484.565
12840.652
12885.261
12391.87
12487.87
12694.652
12208.458
12285.458
12626.708
12876.083
12892.083
12925.917
13249.25
12426.625
12767.875
12693.917
12693.917
12892.083
12925.917
13249.25
13341.25
13484.333
13561.333
13253.917
13577.25
13516.25
13714.417
13716.833
13513.917
12421.458
12498.458
12590.458
12788.625
12508.042
12321.125
12453.174
11977.042
12318.292
12641.625
12498.542
12453.174
12809.261
12825.957
13163.348
13052.565
12842.043
12922.391
13278.478
13295.174
12894.043
12753.957
12753.957
11362.609
11362.609
11365.13
11409.739
11747.13
11843.13
11923.478
12279.565
12296.261
12556.478
12763.261
12859.261
13023.478
13119.478
13326.261
13328.783
13345.478
13701.565
13736.87
13750.261
13750.261
13750.261
14010.478
14045.783
13401.043
13481.391
13483.913
12964.833
12931
13177.333
12678.708
13019.958
13269.333
13193.333
13534.583
13508.333
13494.75
13248.417
12904.75
13228.083
13431.667
13523.667
13721.833
13398.5
13441.25
13782.5
13661.333
13108.333
13092.333
13108.333
13314.833
13357.583
13449.583
13092.333
13097.667
12381.417
12458.417
12707.792
12799.792
13107.208
13149.958
13348.125
13671.458
13994.792
13671.458
13563.417
13331
13364.833
13706.083
13311.043
13595.13
13675.478
13710.783
13971
13987.696
14083.696
14439.783
14386.348
14375.478
13769.391
13699.261
13715.957
13522.565
13787.957
13744.783
13475.478
12956.75
13206.125
13222.125
13563.375
13886.708
13534.792
13648.542
12216.667
12293.667
12634.917
12884.292
12876.5
12995.25
13011.25
12905.083
12283.25
10601.333
10635.167
10884.542
11225.792
11251.625
11285.875
11533.043
11889.13
11985.13
11845.696
12183.087
12218.391
11765.13
11317.667
11053.417
10834
10839.333
10840.542
10853.375
10967.125
10367.583
10332.417
10368.042
10709.292
10907.458
11230.792
11307.792
11310.208
11352.958
11694.208
11710.208
11802.208
11836.042
12085.417
12210.583
12253.333
12451.5
12485.333
12085.417
12197
12538.25
12565
12642
12891.375
12552.542
12568.542
12462.375
12660.542
12177.417
11836.042
12085.417
12101.417
12424.75
12674.125
13015.375
13058.125
13060.542
13152.542
13350.708
13427.708
12426.667
12442.667
12692.042
12890.208
12982.208
12961.625
12995.458
13008.292
12733.458
12452.292
12793.542
12870.542
12672.375
12418.458
12741.792
12775.625
12736.042
12752.042
12829.042
12537.042
12855.292
11490.5
11506.333
11506.333
11598.333
11921.667
11431.75
11465.583
11481.583
11515.417
11856.667
11788.917
11822.75
11497
11978.261
12334.348
12378.957
12309.478
11989.13
12085.13
11608.333
11806.5
11064.792
11311.75
11635.083
11651.083
11610.75
10963.333
11209.667
11286.667
11484.833
11576.833
11592.833
11635.583
11686.792
11412.583
10945.5
11194.875
11237.625
10863.083
11186.417
11527.667
12218.957
12254.261
12514.478
12517
12597.348
12641.957
12804.13
12839.435
11990.042
12331.292
12115.208
10872.667
10390.48
10700.88
11028.48
11267.88
11458.12
11458.12
11532.04
11620.36
11947.96
12036.28
12051.64
12053.96
12086.44
12160.36
12058.72
11943.32
12176.708
12500.042
12698.208
13039.458
13013.208
13105.208
13107.625
13357
13373
13680.417
13714.25
12104.348
12200.348
12217.043
12219.565
12254.87
12268.261
12305.435
12214.217
11900
11546.957
11903.043
12163.261
12165.783
12182.478
12389.261
11007.25
11099.25
11065.913
11422
11518
11518
11562.609
11320.87
11356.174
11356.174
10883
10867.083
10833.25
10867.083
10805.5
10690.625
11031.875
11074.625
11151.625
11185.458
10936.083
10952.083
11275.417
11524.792
10992.25
11173.5
10014.208
10030.208
10072.958
10396.292
10488.292
10565.292
10906.542
11155.917
11158.333
11491.522
11499.87
11063.458
10745.542
10994.917
11028.75
11193.083
11270.083
11536.708
11628.708
11644.708
11860.25
11662.083
11695.917
11310.417
11387.417
11421.25
10644.333
10985.583
11308.917
11314.25
11300.667
11343.417
11359.417
11608.792
11700.792
12024.125
12101.125
12134.958
11723.5
11757.333
11834.333
11319.375
11660.625
11983.958
12233.333
12431.5
12465.333
12542.333
12870.75
12529.5
12563.333
12812.708
13136.042
13477.292
13520.458
13718.625
13102.208
12240
12547.417
12745.583
13068.917
12529.5
11874.667
11326.792
11524.958
11848.292
11940.292
12017.292
12358.542
12607.917
12623.917
12870.75
12873.167
12907
13230.333
13246.333
13444.5
13213.167
12614.5
12847.875
12939.875
13016.875
13068.083
13145.083
13178.917
13181.333
13197.333
13197.333
13395.5
13718.833
13832.583
13924.583
14265.833
14265.833
12463
12540
12573.833
12576.25
12592.25
12841.625
13164.958
13207.708
13241.542
13333.542
13531.708
13781.083
14104.417
14445.667
14522.667
13527.208
13868.458
13884.458
13945.458
13911.208
13758.542
13801.292
13817.292
14015.458
13022.083
13065.25
13066.458
12945.292
13125.667
13449
13482.833
12845.76
12797.92
12830.4
12792.417
12869.417
12468.417
12791.75
12989.917
13331.167
13365
13273.125
13315.875
13407.75
13282.583
13282.583
13605.917
14025.391
14232.174
14113.87
13811.217
13891.565
13894.087
13910.783
13946.087
14152.87
14213.565
14293.913
14554.13
14891.522
14248.174
14283.478
13892.652
13847.609
13236.792
13239.208
13488.583
13565.583
13304.333
13304.333
13502.5
13545.25
13886.5
12066.042
12068.458
11555.792
11497.042
11589.042
11601.875
11466.25
11501.875
11082.84
11171.16
11410.56
11720.96
11753.44
11943.68
12271.28
12345.2
12360.56
12401.6
12434.08
12761.68
12510.8
12599.76
12640.8
12831.04
12836.16
12381.923
12448.077
12450.308
12481.538
11826.385
11841.154
12093.615
12164.692
12195.923
11704.231
11789.154
11828.615
12058.808
10791.731
10822.962
10894.038
10933.5
10576.577
10806.769
11121.769
11192.846
11375.769
11674.231
11410.154
11227.615
10759.885
10791.5
10706.692
11021.692
10958.846
11043.769
10638.074
10652.296
10720.741
10802.519
10614.296
9809.407
9847.407
10150.741
10438.148
10614.296
10652.296
10790.444
10738.741
10996.074
11299.407
11521.074
11602.852
11617.074
10931.852
10917.63
10947.704
10661.231
10692.462
10922.654
10924.885
11009.808
11223.346
11294.423
11309.192
11518.308
11701.231
12016.231
10911.192
11141.385
11156.154
11339.077
11341.308
11122.038
11437.038
11508.115
11593.038
11891.5
11489.074
11194.37
11230.222
11337.926
11368
11589.667
11591.815
11230.222
11678.154
11709.385
12007.846
11480.846
11259.231
11344.154
11558.731
11589.962
11681.423
10695.577
10788.192
10819.423
10890.5
11073.423
11303.615
11343.077
11428
11640.615
10405.654
10490.577
10789.038
10677.192
10347.115
10530.038
10544.808
10859.808
10862.038
11044.962
11052.769
11038
9568.038
9713.308
9715.538
9746.769
9621.846
9804.769
9431.115
9470.577
9541.654
9840.115
9871.346
10186.346
10033.885
10021.346
10251.538
10336.462
10634.923
10706
10737.231
10377.556
10323.333
9965.593
9979.815
9898.037
9966.481
9980.704
10018.704
10100.481
10363.654
10678.654
10680.885
10765.808
10836.885
11019.808
11407
11491.84
10703.231
10329.962
10557.346
10588.577
10605.115
10644.577
10874.769
10906
11088.923
11160
11244.308
11329.231
10666.346
9582.692
9674.154
9675.269
9708.154
9739.385
9569.231
9600.462
9898.923
9970
10054.923
9720.519
9942.185
10245.519
10245.519
9159.852
9336
8871.889
8909.889
8939.963
9091.407
9091.407
9394.741
9173.074
9394.741
9394.741
9408.963
9270.815
9558.222
9652.593
9381.407
9394.741
9394.741
9408.963
9411.111
9698.519
9780.296
9956.444
9986.519
9954.852
9957
10110.222
9951.778
10112.889
10003.593
10163.926
9837.571
9916.429
9982.429
9996.143
9998.214
9600.893
9629.893
9501.464
9866.963
8307.148
8345.148
8521.296
8526.111
8702.259
8716.481
8491.962
8494.192
8724.269
8755.5
8555.577
8870.577
9208.2
9210.52
9298.84
9372.76
9700.36
9366.731
9549.654
9580.885
9595.654
9823.038
9854.269
9819.5
9721.5
9721.5
9840.731
9871.962
9858.577
9891.462
9890.577
9892.808
10123
10137.769
10177.231
10475.692
10560.615
10875.615
10374.423
10381.808
9585.423
9900.423
9931.654
9946.423
10129.346
10214.269
9521.731
9522.846
9627.846
9884.615
9263.654
9334.731
9419.654
9395.423
9625.615
9696.692
8686.222
8699.556
9002.889
9017.111
9085.556
9020
9018.222
9019.296
9050.963
9136.889
8980.778
8318.926
8364.333
8651.741
8813.667
8409.296
8439.37
8440.444
7841.963
7854.393
7920.393
7962.607
7999.25
8012.964
8015.036
8184.893
8248.286
7955.786
7614.714
7470.214
7549.071
8099.704
8113.926
8182.37
8212.444
8250.444
8426.593
8431.333
8532.444
8564.111
8584.556
8314.607
8591.75
8533
8562
8353.821
8523.679
8589.679
8591.75
8868.893
8817.393
8925
8735.519
7730.926
7634.407
7196.259
7226.333
7402.481
7440.481
7454.704
7660.333
7671.741
7799.808
7870.885
7910.346
7739.269
6791.88
6840.92
6856.28
7166.68
7255
7445.24
7676.167
6969.625
7216.583
7259.333
7351.333
7342.417
7419.417
7421.833
7745.167
7822.167
7998.833
8032.667
8124.667
8158.917
8201.667
7878.333
7262.458
7511.833
7853.083
7868.083
7542.833
7282.16
7472.4
7546.32
8161.083
8161.083
8238.083
8579.333
8069.083
7787.36
7875.68
8212.167
8228.167
8270.917
8594.25
8843.625
8792.417
8884.417
8194.917
7837.75
8161.083
8238.083
7878.083
8047.417
8388.667
8712
8428.917
8431.333
8508.333
8513.667
8257.333
8412.75
8140
8389.375
8423.208
8465.958
8257.333
8291.583
8412.75
8087.5
8410.833
8660.208
8489.208
8107.125
8000.833
7198.375
7275.375
7318.125
7241.125
7180.125
7257.125
7349.125
7672.458
7656.542
7979.875
8013.708
7987.917
8064.917
8107.667
7633.583
7241.125
7180.125
7521.375
7579.542
6914.833
7238.167
7487.542
7521.375
7564.125
7598.375
7796.542
7839.292
7505.375
7719.125
7719.125
7811.125
7917.292
7864.292
7590.76
7918.36
7933.72
7781
7854.92
7895.96
7928.44
8167.84
8170.16
8211.2
7795.28
7810.64
8138.24
8194.96
8691.833
9015.167
9006.25
9022.25
9099.25
9101.667
9437.583
8773.52
8671.6
8155.04
8243.36
8553.76
8793.16
8825.64
8841
8843.32
8403.56
8179.52
8179.52
8403.56
8491.88
8532.92
8772.32
8774.64
9102.24
9292.48
9292.48
9620.08
8459.542
8493.375
8742.75
8547
8416.375
8416.792
8015.542
8015.542
6975.625
7173.792
7497.125
7530.958
7607.958
7699.958
8041.208
8041.208
8057.208
7883.833
8133.208
8083.958
7885.792
8041.208
8290.583
7886.208
7800.292
7899.375
7624.44
7626.76
7846.52
8085.92
8126.96
8215.28
8289.2
8321.68
7698.36
7642.52
7970.12
8280.52
8470.76
8519.92
7952.04
7050.2
7240.44
7281.48
7313.96
7641.56
7656.92
6739.8
6959.56
6961.88
7002.92
7091.24
7281.48
7386.36
7474.68
7548.6
7859
7975.32
7559.4
7281.48
7609.08
7697.4
7712.76
7786.68
7385.16
6107.44
6435.04
6745.44
6984.84
7175.08
7207.56
7281.48
7369.8
7584.875
7926.125
8018.125
8020.542
8097.542
8346.917
8380.75
8086.56
8276.8
8467.04
8508.08
8510.4
8227.64
8276.8
8279.12
8311.6
8345.8
8607.16
8619.48
8947.08
7839.28
8149.68
8223.6
8413.84
8446.32
8685.72
8701.08
8742.12
8981.52
8983.84
9016.32
9206.56
9294.88
9622.48
9696.4
9361.04
9432.64
9473.68
9506.16
9745.56
9696.4
9935.8
9534
9566.48
9756.72
9759.04
9790.96
10030.36
10104.28
10136.76
10152.12
10152.12
9440.08
9481.12
9791.52
9865.44
9865.44
9434.24
9508.16
9835.76
10146.16
10385.56
10385.56
10418.04
10506.36
9955.36
10050.16
10178.8
10157.6
10245.92
10278.4
9922.538
9459.346
9487.346
9342.077
9373.308
9472.769
9512.231
9742.423
8810.846
8725.923
8810.846
8643.231
8941.692
8384.692
8415.923
8455.385
8638.308
8709.385
9024.385
9024.385
8523.923
8246.222
8314.667
8013.481
8252.926
8321.37
8543.037
8573.111
8561.704
8543.333
8274.857
8340.857
8005
8308.333
8387.963
8425.963
8456.037
8458.185
8526.63
8679.852
8651.926
8682
8903.667
8972.111
8972.111
8480.556
8518.556
8821.889
8903.667
8941.667
9117.815
8903.296
8651.556
8873.222
8903.667
8833.074
8863.148
8901.519
8903.667
9207
8985.444
8903.667
8972.111
8203.741
7462.444
7500.444
7803.778
7979.926
8010
7790.481
8012.148
7954.148
7968.37
7529.444
7557.37
7639.148
7881.148
7636.321
7702.321
7578.714
7613.286
7615.357
7681.357
7710.357
7843.571
7859.407
7927.852
7861.556
7943.333
8105.259
8392.667
8431.037
7791.333
7814.296
7844.37
8147.704
8066.037
7844.37
7177.148
7245.593
7327.37
7365.37
7587.037
7874.444
7872.296
7874.444
7874.444
7846.519
8066.037
8134.481
7814.296
7844.37
7912.815
7823.926
7905.704
7627.769
7630
7470.885
7769.346
7854.269
8084.462
8064.692
7948.538
7948.538
8178.731
8218.192
8289.269
8469.962
8501.192
7980.577
8210.769
8202.538
8202.538
7805.077
7988
8266.48
8527.84
8855.44
8288.44
8320.92
8323.24
8562.64
8601.76
8855.44
8896.48
8984.8
8781.52
8527.84
8318.6
8558
8527.84
8745.16
8833.48
8340.4
8355.76
8444.08
8485.12
8675.36
8985.76
8947.04
8979.52
9127.2
8594.08
8921.68
8880.64
8688.08
8690.4
8395.615
8263.538
8180.308
8133.038
7934.077
8005.154
8090.077
7958
7997.462
8012.231
8327.231
7799.577
7799.577
7799.577
7455.654
7714.654
7785.731
8015.923
8047.154
8049.385
8015.923
8087
8087
7856.808
7888.038
7714.654
7944.846
7745.885
8060.885
7905
7618
7686.444
7824.593
7650.593
7650.593
7732.37
7431.074
7237.333
7459
7428.926
7459
7527.444
7830.778
7209.407
7431.074
7498.63
7360.481
7428.926
6753.667
6741.593
7029
6974.778
6961.444
6820.111
6613.179
6349.679
6256.607
6285.607
6364.464
6534.321
6826.821
7103.964
7117.679
7119.75
7133.464
6790.607
7083.107
7119.75
7185.75
7060.607
7060.607
7274.357
7139.464
7168.464
7382.214
7552.071
7618.071
7620.143
6939.893
7043.75
7009.179
7038.179
6691.571
6905.321
6826.231
6641.5
6939.962
6769.385
6800.615
6871.692
6818
6820.231
6567.846
6652.769
6667.538
6966
6850.462
6889.923
7204.923
7289.846
7472.769
6943.5
7173.692
6804.077
6818.846
6889.923
7033.385
7348.385
7363.154
7365.385
7404.846
7703.308
7933.5
8018.423
8089.5
8404.5
8319.692
8404.5
7734.538
7803.385
7986.308
8071.231
8073.462
8303.654
7776.731
7806.885
8105.346
8136.577
8151.346
8334.269
8387.962
8234.769
8319.692
8089.5
7364.423
7379.192
7464.115
7579.654
7594.423
7777.346
7049.962
7081.192
7396.192
7450.269
7649.231
7680.462
7545.692
7350.615
7435.538
6903.654
6974.731
7157.654
7130.077
7144.846
6561.077
6859.538
6890.769
6893
6907.769
7137.962
7169.192
7183.962
7223.423
7308.346
7623.346
7806.269
6961.654
6961.654
6593.346
6837.269
6622.037
6925.37
6939.593
5590.846
5622.077
5852.269
5812.808
5806.269
5647.154
5647.154
5576.077
5806.269
5837.5
5839.731
5806.269
5891.192
5922.423
5924.654
5809.115
5721.962
5837.5
5791.5
5806.269
5837.5
5737.923
5507.731
5491.269
5806.269
5806.269
5406.769
5421.538
5452.769
5523.846
5706.769
5791.692
6106.692
6146.154
6382.269
6297.462
6082.038
6067.269
6152.192
6133.5
6164.731
6025.692
5779.038
5781.269
5812.5
6110.962
6425.962
5844.885
5964.115
6003.577
5874.346
5907.231
5938.462
5939.577
5880.346
5654.462
5969.462
5984.231
5629.769
5714.577
5747.462
5715
5541.333
5207.926
5061.852
5349.259
5351.407
5017.556
5193.704
5275.481
4876.148
5308
5339.231
5569.423
5261
5332.077
5515
5546.231
5776.423
5394.115
5465.192
5648.115
5586.231
5460.885
3886.846
3642
3957
3996.462
4011.231
3739.8
3205.04
3207.36
3405.72
3438.2
3453.56
3527.48
3717.72
4045.32
2530.333
2871.583
2228.417
2305.417
1828.417
2169.667
2212.417
2461.792
2538.792
2880.042
3203.375
3219.375
3417.542
3419.958
3496.958
3530.792
3546.792
3638.792
3888.167
4229.417
4263.25
4265.667
4515.042
4527.875
4800.125
5141.375
5390.75
5467.75
5665.917
5757.917
5800.667
5803.083
5819.083
4800.125
5141.375
5390.75
4877.125
4893.125
4458.75
4708.125
4708.125
4708.125
4741.958
4800.125
4165.25
4414.625
4755.875
4789.708
4864.292
4907.042
5248.292
5135.042
5137.458
5335.625
5045.458
5122.458
5156.292
5248.292
5589.542
5838.917
5695.833
5711.833
6035.167
6077.917
6088.167
6429.417
6368.417
6104.167
6353.542
6409.167
6486.167
6520
6522.417
5935.292
5951.292
6028.292
6369.542
6104.167
6302.333
6104.583
5821.75
5857.375
5891.208
5904.042
5848.792
5655.88
5178.52
4443.72
4476.2
4666.44
4668.76
4684.12
4772.44
4905.44
4369.8
3968.28
3938.12
3970.6
4044.52
4372.12
4385.16
4387.48
4461.4
4700.8
4733.28
4821.6
5011.84
5052.88
5380.48
5028
5054.08
5056.4
5071.76
5397.04
5587.28
5292.16
5380.48
5619.88
5622.2
5949.8
5982.28
5380.48
5570.72
5404.92
5420.28
5499.4
5811.64
5852.68
5906.8
5922.16
5703.52
5777.44
5818.48
5832.76
5906.68
5922.04
6146.08
6456.48
6008.72
6097.04
6424.64
6465.68
6432.2
6464.68
6704.08
6706.4
6439.84
6543.08
6617
6649.48
6651.8
6794.2
6735.64
6823.96
7151.56
6566.333
6796.75
6873.75
6907.583
6910
6582.333
6659.333
6702.083
6704.5
6706.917
7030.25
7046.25
7080.083
7172.083
7370.25
7711.5
7447.25
7696.625
7730.458
7994.708
7711.5
7960.875
8052.875
7249.083
7447.25
7449.667
7465.667
7499.5
7804.5
7045.125
6737.708
6737.708
6829.708
7079.083
7156.083
7497.333
7513.333
7711.5
7803.5
7846.25
7862.25
7939.25
8280.5
8298.417
8300.833
8084.25
8407.583
8423.583
8621.75
8713.75
8478.667
8096.583
8419.917
8462.667
8137.417
8478.667
8188.5
8529.75
8528.75
8544.75
8280.5
7633.167
7940.5
7974.333
8172.5
8264.5
7939.25
8280.5
7917.875
8009.875
8025.875
7830.125
7863.958
7940.958
7394.458
7592.625
6619.25
6646
6648.417
6664.417
6539.833
6293.5
6634.75
6200.5
6523.833
6536.667
6628.667
6742.417
6776.25
7030.583
7066.208
7195.375
7229.208
7321.208
7402.042
7418.958
6950.04
6673.32
6688.68
6691
6692.4
6829.76
7140.16
7379.56
7569.8
7279.56
7258.68
7274.04
7601.64
7672.28
7687.64
7689.96
7773.8
8101.4
8133.88
7880.08
8119.48
7138.875
6974.542
7172.708
7422.083
7745.417
8086.667
8178.667
7243.333
7335.333
7533.5
7567.333
7583.333
7660.333
7711.542
7713.958
7222.875
6897.625
7238.875
7421.042
7670.417
7993.75
8335
8427
8504
7299.875
7265.625
6848.375
6925.375
7189.625
7281.625
7222.875
7222.875
7236.458
7236.458
7313.458
7222.875
6591.417
6607.417
6805.583
6848.333
6899.542
7222.875
6837.875
7179.125
7221.875
7237.875
7222.875
7299.875
7623.208
7964.458
8056.458
8305.833
8435
7153.875
7477.208
7511.042
7513.458
7711.625
7727.625
7819.625
8160.875
8502.125
8751.5
8843.5
7492.208
7833.458
8156.792
8233.792
8267.625
8483.167
8806.5
8634.125
8384.875
8384.875
8249.708
8267.625
8608.875
8807.042
9130.375
8964.875
8767.125
8800.958
9050.333
9051.542
9143.542
9177.375
9159.542
9143.542
9177.375
8961.292
8963.708
8979.708
9013.542
9210.542
9302.542
8995.208
9037.958
9287.333
9485.5
8186.542
8170.542
8403.917
8727.25
8804.25
8820.25
8170.542
8368.708
8709.958
8058.958
8256.458
8348.458
8168.125
8170.542
7856.042
7933.042
7935.458
7813.292
8011.458
8352.708
8602.083
8694.083
8736.833
8770.667
8773.083
8850.083
8100.125
8135.75
8169.583
8182.417
8045.36
8133.68
8174.72
8215.08
8230.44
8230.44
8093.08
8108.44
7831.72
8109.64
8142.12
8230.44
8154.2
8154.2
8228.12
8302.04
8317.4
8358.44
8446.76
8228.12
8538.52
8579.56
8769.8
8785.16
9112.76
9027.92
8351.038
8611.808
8625.654
8696.731
8711.5
8600.962
8685.885
8725.346
8756.577
8528.615
8599.692
8829.885
8514.885
7551.885
7782.077
7887.077
7256.962
7280.808
7243.577
7243.577
7241.346
7158.654
7229.731
6922.538
6890.923
6975.846
6991.462
7076.269
7259.192
6980.769
7210.962
7225.731
7256.962
7154.654
7225.731
7256.962
7555.423
7594.885
7609.654
7924.654
7995.731
8178.654
8408.846
8395.462
8480.385
8309.731
8378
8392.769
8463.846
8778.846
7479.231
7564.154
7862.615
8177.615
8407.808
8478.885
8481.115
8495.885
8678.808
7512.115
7545
7568.889
7856.296
7924.741
7926.889
8008.667
7075.185
7251.333
7377
7383.852
7465.519
7547.296
7615.741
7629.963
7660.037
7662.185
7590.577
7675.5
7179.808
7219.269
7534.269
7605.346
7675.5
7690.269
7873.192
8103.385
8401.846
8716.846
8400.333
7685.074
7797.731
6331.769
6260.692
6331.769
6416.692
6985.6
6985.6
7011.28
6967.92
6970.24
6985.6
6725.32
6964.72
7204
7428.04
7469.08
7779.48
7484.76
7487.08
7814.68
7830.04
8020.28
7798.2
7257.833
7291.667
7538
7383
7385.417
7583.583
7626.333
7626.333
7639.917
7051.333
7254.917
7596.167
6411.25
6101.292
6135.125
5930.76
5587.8
5603.16
5913.56
5986.4
5915.4
5930.76
6004.68
6007
6048.04
5915.4
5388.32
5403.68
5037.36
5276.76
5309.24
5397.56
5587.8
5915.4
5873.96
5841.48
5915.4
5561.16
5602.2
5617.56
5691.48
5915.4
5947.88
5873.4
5826.12
5841.48
5915.4
6243
6154.68
6394.08
6482.4
6003.72
6331.32
6363.8
6366.12
6407.16
6597.4
6907.8
6981.72
5742.72
5816.64
5818.96
5701.68
5979.6
6012.08
6086
6129.875
5923.25
5957.083
5939.25
6137.417
6171.25
6512.5
5514.375
5763.75
5760.583
5760.583
5571.2
5584.24
5672.56
5672.56
5862.8
5387.76
5428.8
5517.12
5844.72
5728.4
5950.48
5655.44
5909.12
5326.76
5566.16
5640.08
5728.4
5967.8
6295.4
5952.44
6280.04
6254.36
6328.28
6295.4
6369.32
6679.72
6712.2
6582.84
6598.2
6639.24
6966.84
7055.16
7039.8
7279.2
7039.92
6407.654
6422.423
6424.654
6495.731
6226.654
6257.885
6556.346
6538.962
6395.5
6693.962
6791.962
6507.731
6578.808
6581.038
6896.038
6927.269
6570.192
6271.731
6342.808
6610.038
6553.731
6305.5
6376.577
6356.808
6441.731
6756.731
6590.269
6781
6719.538
5950.154
5983.038
6067.962
6139.038
6170.269
6468.731
6009.423
6048.885
6051.115
6122.192
6638.28
6653.64
6405.68
6446.72
6686.12
6679.32
6367.08
6236.76
6310.68
6344.88
6348.56
6119.154
5331.808
5646.808
5872.68
6183.08
6271.4
6345.32
6347.64
6675.24
6716.28
7043.88
7076.36
7034.36
6897
6109.16
6150.2
5872.68
6111.96
6351.36
6439.68
5946.6
6257
5872.68
6200.28
6232.76
6032.5
6117.423
6188.5
6418.692
6489.769
6521
6418.692
6449.923
6433.308
6616.231
6701.154
6931.346
6962.577
6964.808
6978.654
7161.577
7476.577
7775.038
7806.269
7821.038
7823.269
7825.5
7910.423
8145.192
7788.5
7800.346
7619.148
7664.556
7702.556
7415.148
7079.333
7109.407
7123.63
7192.074
7368.222
7450
7753.333
7730
7472.185
7392.556
7614.222
7696
7999.333
8153.963
8330.111
8411.889
8235.741
8203.519
8151.815
7877.741
7781.741
7781.741
7850.185
7864.407
7946.185
7718.222
7763.741
7793.815
7795.963
7864.407
7864.407
7795.963
7864.407
8167.741
8153.519
7806.407
7782.63
7864.407
7832.741
8040.185
8078.185
8092.407
7676.074
7424.444
7600.593
7614.815
7644.889
7932.296
7456.667
7678.222
7293.111
7374.889
6585.577
6587.808
6248.885
6089.769
6272.692
6357.615
6670.385
6741.462
6772.692
6857.615
7040.538
7270.731
7569.192
7600.423
7639.885
7870.077
7884.846
8422.32
8454.8
8457.12
8647.36
8596.48
8705.68
8794
8984.24
8327.92
8360.4
8362.72
8451.04
8466.4
8794
8849.84
8411.346
8709.808
8780.885
8394.808
8577.731
8807.923
7719.769
8034.769
8037
8219.923
8304.846
8336.077
8634.538
8451.615
8505.308
8534.308
8536.538
8719.462
8634.538
8665.769
8848.692
7959
8043.808
8342.269
8572.462
8101.52
8203.44
8235.92
8309.84
7999.44
8235.92
8268.4
7316.44
7555.84
7746.08
7820
8147.6
8235.92
7240.6
7273.08
7275.4
7155.24
7122.68
6724.92
6953.8
7042.12
7369.72
6953.8
6994.84
7068.76
7157.08
7157.08
7098.52
7082.44
7116.64
7128.96
7131.28
6803.56
6825.64
6647.48
6369.56
6078.8
6406.4
6596
6752.04
6825.96
6828.28
7138.68
7212.6
7245.08
7005.885
7188.808
7188.808
7371.731
7188.808
6913.269
7096.5
7167.577
7252.5
7267.269
7151.731
7153.962
7185.192
7500.192
7585.115
7316.192
7401.115
7064.885
7379.885
6681.5
6864.423
7131.654
7236.654
7267.885
7208.654
7293.577
7215.654
6986.407
6751.519
6833.296
6734.154
6964.346
6995.577
7211
7211
6964.346
6703.462
6886.385
7104.731
7104.731
7189.654
7220.885
5346.769
5645.231
5676.462
5529.692
5560.923
5116.577
5131.346
5162.577
5392.769
5431.692
5661.885
5976.885
5222.615
5405.538
5289.385
5144.115
5374.308
5445.385
5460.154
5460.154
5775.154
5860.077
5405.538
5002.538
5301
5372.077
5374.308
5573.04
5850.96
6041.2
5848.308
5863.077
5894.308
6192.769
5894.308
6209.308
6439.5
6141.346
6180.808
6195.577
6280.5
6595.5
6669.692
6984.692
6524.423
6439.5
6470.731
6454.269
6525.346
6610.269
6612.5
6842.692
6873.923
7172.385
7355.308
7354.654
7584.846
7669.769
7222.577
7070.885
6816.926
6847
6861.222
6793.148
7066.333
6847.37
6847.37
6715.815
6729.148
6797.593
7100.926
6879.259
7249.654
7264.423
7579.423
7409.692
7264.423
7579.423
7284.385
7582.846
7765.769
7124.769
7156
7203.269
7219.808
7244.5
7559.5
7273.308
6958.308
7141.231
7156
7180.692
7495.692
7580.615
7124.385
7156
6540.654
6540.654
6573.154
6756.077
7054.538
7085.769
7100.538
6804.308
6542.885
6613.962
6525.885
6596.962
6596.962
6281.962
6596.962
6557.115
6525.885
6756.077
6841
6843.231
7141.692
7212.769
7252.231
7435.154
7449.923
7481.154
7481.154
7495.923
7265.846
7180.923
7495.923
7495.923
7481.154
7512.385
7551.846
7481.154
7481.154
7298.231
7481.154
6606.192
6836.385
7151.385
7166.154
7396.346
7694.808
7877.731
7623.963
7927.296
7995.741
8025.815
8107.593
8395
8091.741
8313.407
8351.407
8527.556
8830.889
7735.889
7773.889
8008.778
8077.222
8018.654
8049.885
8018.654
7705.769
7886.462
8184.923
8199.692
8270.769
8355.692
8386.923
8617.115
8201.577
7240.846
7311.923
7287.692
7546.692
7861.692
8028.192
8033.115
8064.346
7966.346
7969.846
8284.846
8085.885
7810.346
7881.423
7896.192
8194.654
8225.885
8067.654
7443.231
7445.462
7628.385
7699.462
7976.692
8206.885
8258.346
8289.577
8604.577
8144.308
8289.577
8588.038
8602.808
8650.077
8801.769
9116.769
9156.231
9241.154
8942.692
9058.231
9241.154
9326.077
9397.154
9580.077
9810.269
10108.731
10423.731
10454.962
10486.192
10488.423
10503.192
10686.115
10757.192
10842.115
11140.577
11245.577
11412.077
11642.269
11957.269
11412.077
11497
10767.385
10615.692
10798.615
11097.077
11412.077
11412.077
11292.5
11331.962
11363.192
11363.192
11678.192
11908.385
11993.308
11363.385
11546.308
11224.192
11255.423
11294.885
11525.077
11570.538
11800.731
12115.731
10979.538
11162.462
11171.538
11470
11768.462
11838.5
11722.962
11727.885
11760.769
10845.704
10666
10680.222
10683.556
10986.889
11068.667
11098.741
11082.815
11198.037
11266.481
11334.926
11401.667
10922.074
11225.407
11212.074
11388.222
11419.889
11517.296
11478.926
10542.074
10829.481
10831.63
11134.963
11172.963
11241.407
11323.185
11337.407
11559.074
11735.222
11911.37
12198.778
12420.444
11846.296
11860.519
11942.296
11970.222
12257.63
12433.778
12573.667
12420.444
12163.111
12147.259
12434.667
12185.556
12215.63
12391.778
12613.444
12916.778
12998.556
13285.963
12403.852
11577.222
11798.778
11813
11989.148
12276.556
12308.222
12390
12268.444
12293.037
11849.815
11463.25
11398.107
11690.607
11967.75
11904.357
11813.357
11879.357
12171.857
12385.607
12414.607
12691.75
12289.483
12289.483
12363.621
12570
12598
12429
12464.379
12628.379
12641.621
12466.379
12748.793
12824.931
12748.793
12609.034
12618
12900.414
13168
12411.621
12447.345
12523.483
11538.828
11462.793
11114.9
11127.7
11286.233
11359.833
11632.833
11641.621
11359.103
11435.241
10551.414
10586.793
10750.793
10814.517
10978.517
10724.172
10930.552
10600.4
10732.655
11000.241
11206.621
11206.621
11234.621
11142.897
11178.276
11460.69
11536.828
11550.069
11206.621
10992.862
10825
10901.138
10964.862
11171.241
10633.567
10646.367
10646.367
10421.433
10579.967
10366.133
10400.333
10426.867
10453.933
10653.433
10633.567
10906.567
10615.233
10660.333
10403.6
10416.4
10443.467
10602
10727.9
10986.567
11000.833
11159.367
11144.933
11155.8
10876.5
10923.033
10984.633
10986.567
11145.1
11344.6
11603.267
11060.167
11218.7
11418.2
11284.8
11284.8
11543.467
11543.467
11577.667
11020.767
10787.067
10787.067
10986.567
9588.7
9847.367
9688.833
8520.867
8594.467
8607.267
8567.867
8840.867
8752.133
8466.4
8493.467
8652
8653.933
8681
8880.5
8954.1
9015.7
9028.5
9055.567
8816.2
9015.7
8214.867
8227.667
7592.5
7473.367
7534.967
7569.167
7706.967
7719.767
7633.467
7660.533
7575.6
7637.2
7495.567
7433.967
7446.767
7646.267
7804.8
7839
7900.6
8159.267
8034.467
7974.8
7743.2
7234.467
7433.967
7706.967
7507.567
7520.367
7507.567
7541.767
7603.367
7676.967
7835.5
7848.3
7848.3
6528.3
6686.833
6886.333
6913.4
6987
6988.933
6768.8
7041.8
7115.4
7177
7204.067
6830.4
6795.867
7054.533
7067.333
7041.8
6768.8
7041.8
7068.867
7103.067
7176.667
7335.2
7337.133
7536.633
7598.233
7300.433
7313.233
7292.233
7394.233
7467.833
7099.033
7372.033
7275.1
6985
7184.5
7211.567
7213.5
7372.033
7630.7
7431.2
7630.7
7445.633
6780.4
7053.4
7211.933
6774.733
6836.333
6857
6930.6
6799.133
7057.8
7084.867
7086.8
7148.4
7306.933
7579.933
7592.733
7666.333
7310.233
7337.3
7536.8
7633.733
7606.267
7679.867
7692.667
7851.2
7885.4
7947
8146.5
8185.9
7492.867
7421.2
7679.867
7952.867
8152.367
8197.467
7852.8
8052.3
8325.3
8338.1
8496.633
8523.7
8597.3
8631.5
8890.167
8731.633
8931.133
8958.2
8702.323
8773.548
9035.871
8672.742
8674.613
8463.742
8656.806
8656.806
8432.677
8683
8695.387
8916.367
8943.433
9005.033
8933.367
8871.767
8945.367
9018.967
9008.1
9042.3
9030.3
8945.367
8150.133
7818.133
7891.733
8164.733
8177.533
7866.7
7879.5
7953.1
7987.3
7989.233
8188.733
8250.333
8509
8667.533
8406.433
8564.967
8626.567
8700.167
8074.5
8174.633
8333.167
8360.233
8339.233
8328.367
8341.167
8412.833
8441.333
8443.267
8470.333
8483.133
8556.733
8715.267
8749.467
9022.467
9084.067
9283.567
9118.267
9376.933
9649.933
9662.733
9787.067
9924.967
9727.9
9209.967
9283.567
8059.7
8259.2
8332.8
7876.1
7679.033
7680.967
7939.633
8151.033
8163.833
8237.433
8395.967
8595.467
7522.433
7781.1
7808.167
8112.31
7536.621
7549.862
7832.276
7605.4
7667
7668.933
7868.433
7768.3
7795.367
7868.967
8141.967
8041.3
8054.1
8312.767
8512.267
8514.2
8212.7
7394.267
7652.933
7687.133
7699.933
7761.533
7961.033
8234.033
8223.167
7554.733
7552.966
7616.69
7321.034
7603.448
7638.828
7602.552
7615.793
7679.517
7961.931
8125.931
7847.103
7875.103
7603.103
6670.621
6953.034
6981.034
6983.034
7046.759
6743.345
6767.483
6769.483
6591.103
6604.345
6668.069
6744.207
6969.517
6758.6
6271.067
6470.567
6472.5
6485.3
6643.833
6902.5
7175.5
7236.3
7196.9
7065.767
7139.367
7297.9
7229.167
6458.133
6657.633
6887.207
6626.821
6477
6091.571
6305.321
6334.321
6400.321
6429.321
6721.821
6891.679
7105.429
7382.571
7461.429
7540.286
7631.286
7498.071
7564.071
8025.185
7874.963
8096.63
8272.778
8178.407
8246.852
7737.778
7698.815
7515.519
7818.852
7995
8216.667
8011.037
8041.111
7775.778
7694.111
7915.667
8203.074
8195.148
8369.148
8450.926
8453.074
8467.296
7819.556
7351.778
7366
7434.444
7737.778
7333.778
7363.852
7366
7434.444
7737.778
7672.037
7848.185
7878.259
7944
7610.593
7692.37
7737.778
7767.852
8071.185
8358.593
8580.259
8648.704
8824.852
9128.185
7989.407
8071.185
8085.407
7596.63
7772.778
7854.556
8157.889
8195.889
8225.963
8447.63
8429.333
8447.538
8258.192
8343
8414.077
8445.308
7943.077
8014.154
8329.154
8512.077
8742.269
8773.5
8445.308
8476.538
8547.615
8862.615
9092.808
9391.269
9406.038
9408.269
9493.192
9676.115
9859.038
8931.731
8971.192
7556.192
7871.192
7527.192
7558.423
7788.615
7817.615
7819.846
8134.846
8205.923
7788.615
7301
7385.923
7700.923
7700.923
7647.231
7945.692
7960.462
7708.692
7725.231
7740
7811.077
7811.077
7896
7746.462
7761.231
7443.885
7674.077
7676.308
7678.538
7580.538
7296.846
7350.923
7369.154
7552.077
6921.962
7006.885
7237.077
7552.077
7850.538
8033.462
8064.692
8055
7676.308
7676.308
7676.308
6701.077
6772.154
6803.385
6805.615
7035.808
6264.808
6335.885
6518.808
6481.577
6566.5
6603.731
6618.5
6649.731
6964.731
6964.731
6964.731
6995.962
7279.731
6979.5
6781.808
6781.808
6964.731
6732.308
6962.5
6964.731
7279.731
7310.962
7035.808
7234.769
7237
7268.231
7350.808
6964.731
7034.885
6801.731
6816.5
6700.962
6999.423
7229.615
6999.852
6770.259
6464.778
6768.111
6770.259
6578.667
6770.259
6782.333
6435.222
6503.667
6807
6888.778
6768.111
6768.111
6429.852
6459.926
6636.074
6704.519
7007.852
7045.852
7127.63
7349.296
7363.519
7141.852
7363.519
7363.519
7393.593
7363.519
7365.667
7372.778
7146.107
7159.821
7373.571
7375.643
7454.5
7747
7515.241
7528.483
7556.483
7620.207
7620.207
6703.897
6739.276
6945.655
7228.069
7495.655
7523.655
7536.897
7687.655
6972.034
6956.793
6970.034
7176.414
7204.414
6970.034
7134.034
6934.655
6970.034
7237.621
7201.897
7265.621
7548.034
7712.034
7788.172
7239.207
7252.448
6617.552
6630.793
6658.793
6658.793
6545.172
6573.172
6649.31
6684.69
6952.276
6954.276
6458.172
6382.138
6424.414
6552.069
6770.759
6846.897
6860.138
6923.862
6641.448
6394.414
6429.793
6493.517
6407.655
6394.414
6394.414
6394.414
6676.828
6690.069
6429.793
6608.172
6610.172
6410.793
6151.931
6158.552
6322.552
6398.69
6642.5
5569.75
5606.393
5672.393
4163.714
4456.214
4458.286
4524.286
4553.286
4767.036
5059.536
5138.393
5167.393
5444.536
5614.393
5651.036
5943.536
5945.607
6011.607
5894.393
5841.464
5870.464
6067.964
5894.103
5574.31
5342.379
5344.379
5550.759
5714.759
5790.897
5818.897
5895.034
5930.414
5818.069
5831.31
5818.897
5816.897
5816.897
5818.897
5818.897
6025.276
5335.828
5184.241
5260.379
5288.379
5295.379
5323.379
5325.379
4760.966
4762.966
5045.379
5080.759
5244.759
5380.759
5648.345
5584.621
5791
6073.414
6108.793
6075.414
6059.172
5521.379
5585.103
5749.103
4968.714
4970.786
5036.786
5073.429
5152.286
5366.036
5658.536
5368.107
5397.107
5463.107
5366.036
5658.536
5828.393
5629.179
5695.179
5687.536
5766.393
5936.25
6002.25
5870.214
5658.536
5722.464
5577.607
5256.107
5548.607
5548.607
5550.679
5579.679
5658.536
5660.607
5874.357
5924.107
5990.107
6019.107
6232.857
6139.929
5876.429
5426.821
5694.111
5870.259
5949.889
6191.889
6141.815
5953.815
6022.259
5469.37
5281.519
5159.963
5012.321
4015.107
4044.107
3821.929
3991.786
4070.643
4072.714
4213.571
4242.571
4246.607
4539.107
4617.964
4683.964
3999.464
4013.179
4226.929
4208.607
4274.607
4488.357
4197.929
4226.929
4440.679
4733.179
4812.036
4112.286
4141.286
4433.786
4435.857
4472.5
4551.357
4721.214
4481.071
4378.429
4415.071
4481.071
4650.929
4555.929
4769.679
4798.679
4585.964
4592.821
4420.893
4713.393
4647.393
4676.393
4449.893
4363.821
4226.586
4228.586
4263.966
3821.107
4034.857
4071.5
4100.5
4270.357
4307
4309.071
4522.821
4815.321
4828.179
4841.893
4907.893
4778.679
4815.321
5078.821
5080.893
5117.536
5196.393
5366.25
5329.607
5358.607
5107.821
4522.821
4551.821
4551.821
4551.821
4815.321
4985.179
4985.179
4987.25
5201
5230
5243.714
5309.714
5388.571
5681.071
4829.036
5121.536
5335.286
5101.821
5180.679
5194.393
5260.393
5233.607
5235.679
4956.893
5249.393
5301.679
5338.321
5301.679
4119.926
3816.593
4038.259
4068.333
4070.481
4152.259
4220.704
4524.037
4700.185
4714.407
5017.741
5031.963
4936.074
4938.222
4805.741
4843.741
4714.407
4752.407
4834.185
5137.519
5205.963
5220.185
4848.407
5151.741
5233.519
5165.963
5220.185
4916.852
5220.185
5441.852
5729.259
5905.407
5935.481
6017.259
6085.704
6389.037
6403.259
6358.963
6168.5
6197.5
5954
5927.071
6005.929
6298.429
6364.429
6578.179
6376.071
6545.929
6226.857
6203.929
6206
6176.643
6439.643
6160.857
6020
5246.357
5523.5
5621
5699.857
5710.857
5766.786
4728.036
4667.179
4746.036
4959.786
5139.429
5205.429
5384
5106.857
4814.25
4893.107
4922.107
4924.179
5003.036
5087.964
5092.536
5190.036
5408.036
5474.036
5118.143
4932.143
5209.286
5379.143
5408.143
5621.786
5428.036
5149.786
5363.536
5533.393
5612.25
5151.964
5180.964
5194.679
5231.321
5297.321
5511.071
5589.929
5882.429
6159.571
6188.571
6358.429
6462.286
6676.036
6968.536
7047.393
6266.036
6295.036
6572.179
5991.786
6284.286
6313.286
6315.357
6329.071
6498.929
6647.5
6139.857
5822.25
5835.107
6112.25
6326
6559.357
6588.357
6540.071
6606.071
6642.714
6656.429
6880.857
7050.714
6873.607
6794.857
6625
6880.857
6959.714
6996.357
6917.5
6983.5
6880.857
6959.714
6587.5
6601.214
6667.214
6940
7109.857
7018.857
6354.571
6356.643
6370.357
6647.5
5690.25
5982.75
5826.607
5828.679
5857.679
5307.5
5386.357
5600.107
5734.143
5683.786
5697.5
5520.393
5535.679
5828.179
5841.893
6011.75
6011.75
6090.607
5520.393
5599.143
5500.679
5579.536
4730.107
4899.964
4899.964
5081.679
4870
4899
4942.893
5008.893
4782.393
4819.036
4764.679
4730.107
4718.464
4888.321
4967.179
5180.929
5217.571
5510.071
5576.071
5605.071
5641.714
5670.714
5672.786
5886.536
5952.536
6122.393
6124.464
6161.107
6453.607
5952.536
6122.393
6188.393
6142.964
5890.379
5902.793
5778.138
6060.552
6039.517
6115.655
6128.897
6130.897
6158.897
6222.621
6505.034
5516.517
5798.931
5834.31
5847.552
5911.276
6014.862
6221.241
6503.655
6567.379
6595.379
5747.276
5911.276
5946.655
6075.276
6357.69
6421.414
5845.897
5667.517
5873.897
5875.897
5714.233
5529.633
5563.833
5590.9
5603.7
5698.7
5895.552
5897.552
5932.931
6009.069
6215.448
6497.862
6319.483
5873.069
6079.448
6003.31
5960.931
5974.172
6050.207
6050.207
6078.207
6141.931
6348.31
6065.069
5860.655
6024.655
6231.034
6233.034
5860.655
5896.034
4923.31
4181.138
4244.862
4451.241
4733.655
4746.897
4774.897
4938.897
4429.821
4443.536
4480.179
4772.679
4851.536
4173.964
4057.607
4350.107
4386.75
4400.464
4466.464
4495.464
4787.964
4866.821
5036.679
5050.393
5052.464
5089.107
5302.857
5368.857
5538.714
5815.857
6042.357
6256.107
6285.107
5461.259
5463.407
5477.63
5507.704
5729.37
5811.037
5987.185
6055.63
5461.259
5169.37
5237.815
5275.815
5497.481
5527.556
5461.259
5682.926
5157.926
5461.259
5423.259
5437.481
5475.481
5461.259
5461.259
5461.259
5121.667
5190.111
5241.815
5271.889
5285.111
5461.259
4601.444
4683.222
4904.778
4919
4919
4577.667
4389.444
4457.889
4525.444
4563.444
4565.593
4520.074
4588.519
4565.185
4786.852
4816.926
4290.111
4195.741
4209.963
4212.111
4242.185
4463.852
4545.519
4502.111
3977.111
4198.778
4502.111
4570.556
4792.222
4968.37
5050.148
5088.148
5090.296
5104.519
5391.926
5422
5503.778
5572.222
5875.556
6097.222
6273.37
6495.037
5935.444
5759.296
5759.296
5935.444
6017.222
6047.296
6334.704
6416.481
6638.148
6925.556
7101.704
7131.778
7435.111
7503.556
7526.519
7572.037
7640.481
7670.556
7369.37
7383.593
7445.741
7687.741
7579.519
7313.185
7327.407
7519.815
7549.889
7328.222
7549.889
7552.037
7620.481
7292.37
7322.444
7358.667
7534.815
7572.815
7794.481
8097.815
8179.593
8149.148
7859.926
7505.259
7587.037
7548.148
7851.481
7616.593
7654.593
7654.593
7843.926
7798.407
8020.074
8022.222
8036.444
8066.519
8134.963
8158.741
8240.519
8172.963
8300.148
8368.593
8590.259
8672.037
8959.444
8832.259
8834.407
8240.963
8462.63
8765.963
8544.296
8765.963
8659.519
8697.519
8765.963
8927.889
9231.222
9313
8525.407
8512.074
8733.741
8735.889
8765.963
8987.63
9026
8874.037
8904.111
8939.963
8765.963
9069.296
9151.074
9182.741
9212.815
9250.815
9472.481
9182.741
9251.185
8940
8920.963
9140.481
9427.889
9509.667
9335.667
8822.37
9064.37
8160.852
8448.259
8478.333
8546.778
8628.556
8804.704
8842.704
9064.37
9240.519
9462.185
9500.185
9749.593
9779.667
9861.444
10164.778
9462.185
8995.926
9064.37
8874.37
9146.037
9211.444
9225.667
9227.815
9257.889
9257.889
9146.037
9064.37
9204.259
9286.037
8736.37
9039.704
9077.704
9091.926
9160.37
8777.286
8688.357
8980.857
8661.786
8740.643
8524.893
8603.75
8669.75
8671.821
8700.821
8870.679
9084.429
9376.929
9012
9196.75
9262.75
9264.821
9278.536
9307.536
9600.036
9733.25
9769.893
9983.643
9985.714
9786.857
9602.107
9892.536
9958.536
10037.393
10066.393
9802
9584.25
9538.821
9481.75
8853.143
8583.241
8646.966
8853.345
8929.483
7928.724
7992.448
8068.586
8336.172
8371.552
8577.931
8591.172
8755.172
8757.172
8757.172
8963.552
9245.966
9201.655
9265.379
9329.103
9405.241
9440.621
9723.034
10005.448
10211.828
10239.828
10253.069
10255.069
10191.345
10397.724
10425.724
9943.724
10150.103
10213.828
10375.828
10312.103
10105.828
9943.828
9952.793
10016.517
9994.793
10158.793
9037.069
9113.207
9014.931
9050.31
9332.724
9408.862
9395.621
8843.633
8535.633
8597.233
9099.966
9113.207
9148.586
8603.069
8631.069
8898.655
9181.069
9387.448
9551.448
9290.483
8937.69
8973.069
9036.793
9049.207
9077.207
9344.793
9627.207
9833.586
8441.31
8439.31
8721.724
8785.448
9053.034
8439.31
8239.931
8275.31
8277.31
8353.448
8353.448
8388.828
8289.724
8353.448
7513.345
7515.345
7543.345
7556.586
7762.966
7760.966
7781.679
7860.536
8074.286
7502.893
7780.036
7949.893
8163.643
8242.5
8244.571
8310.571
8339.571
8302.929
8169.714
8339.571
8353.286
8260.714
7821.643
7998.75
8291.25
8370.107
8448.964
8222.357
8172
8464.5
8208
8221.241
8039.103
8115.241
8209.379
8476.966
8504.966
8654.241
8664.862
8741
8971.207
9006.586
9019.828
9183.828
8776.034
9058.448
9122.172
9124.172
9005.759
9033.759
9109.793
9173.517
8981.517
9111.759
9177.276
8324.207
8488.207
8186.379
8456.607
8749.107
8485.607
8554.893
8847.393
8876.393
8878.464
8826.179
9039.929
9092.214
9171.071
9127.179
9206.036
8999.143
8678.5
8789.607
8818.607
8473.759
8577.345
8458.828
8373.379
8237.724
8313.862
8520.241
8596.379
8624.379
8666.759
8830.759
9098.345
9380.759
9444.483
8960.621
9124.621
9152.621
9295.172
9371.31
9435.034
8754.241
8322.552
8528.931
8811.345
8813.345
9019.724
8362.655
8630.241
8643.483
8530.31
8606.448
8634.448
8810.31
8020.172
8184.172
8212.172
8494.586
8570.724
8634.448
8552.448
8239.967
8301.567
8506.167
8593.5
8606.3
8667.9
8867.4
8698.333
8698.333
8198.161
8349.71
7868.29
7880.677
7922.484
7877
8127.323
8391.516
8584.581
8655.806
8688.903
8690.774
8631.935
8825
8896.226
9049.645
8856.581
8927.806
8746.355
9010.548
9043.645
9274.742
9345.968
9405.581
9141.387
9201
9579.833
9779.333
9976.4
9656.933
9238.2
9265.267
9299.467
9498.967
9572.567
9731.1
9733.033
8683
8422.8
8484.4
8237.567
8423.533
8694.6
8707.4
8980.4
8720.2
8993.2
9138.933
8645.7
8707.3
8780.9
9053.9
9066.7
8815.1
8842.167
8854.967
9127.967
9327.467
8690
8751.6
8910.133
8983.733
9083.867
8825.2
8744.467
8552.1
8749.167
8478.1
8677.6
8519.067
8520.6
8553.7
8712.233
8716.5
8468.419
8726.567
8999.567
9199.067
8652.967
8652.967
8568.033
8569.967
8769.467
8352.6
8598.467
8757
8763.033
8790.1
8687.167
8654.9
8681.967
8881.467
9154.467
9413.133
9339.533
8680.033
8665.767
8680.033
8879.533
9118.333
8639.433
8639.433
8701.033
8859.567
9032.586
9315
8624.586
8659.966
8583.828
8598.931
8612.172
8726.828
8740.069
8248.345
8270.483
7952.69
8082.931
8159.069
7989.552
7773.448
7786.69
7788.69
7506.276
7670.276
7938.69
7940.69
8147.069
8175.069
8368.207
8396.207
8409.448
8175.069
8175.069
8251.207
7384.759
7667.172
7695.172
7901.552
7879.414
8085.793
8113.793
7881.414
7879.414
7943.138
7943.138
7881.414
8087.793
8355.379
8431.517
8495.241
8777.655
7879.414
7879.414
7888.241
7392.069
7598.448
7605.828
7619.069
7901.483
8155.828
8183.828
8259.966
8423.966
8425.966
8708.379
8664.517
8445.828
8164.828
8200.207
8467.793
8750.207
8763.448
8839.586
9003.586
9209.966
8975.586
9003.586
9209.966
9416.345
9416.241
9492.379
9286.103
9450.103
9314.103
9057.138
9002.034
9269.621
9274.034
9303.517
8942.034
8952.655
9019.552
9095.69
9183.552
9218.931
9218.931
9054.931
9322.517
9604.931
9811.31
9824.552
9900.69
9902.69
9012.931
9076.655
9132.793
9400.379
9428.379
9159.207
9323.207
9399.345
9133.759
9169.138
9245.276
9451.655
9464.897
9747.31
10014.897
10078.621
10242.621
10270.621
10477
10512.379
10525.621
9780
10006.5
10085.357
10072.5
10027.071
9434.276
8745.517
8724.172
8787.897
9070.31
9337.897
9472.414
9548.552
9576.552
9550.552
9578.552
9784.931
9705.172
8781.966
8795.207
9077.621
9345.207
9408.931
9410.931
9370.172
9576.552
9559.517
9572.759
9606.138
9770.138
9976.517
10004.517
9647.655
9854.034
10018.034
10031.276
10059.276
10123
10199.138
10466.724
10468.724
10542.862
9901.966
10171.138
10035.138
10037.138
10201.138
10468.724
9535.103
9251.467
9325.067
9483.6
9683.1
9956.1
10017.7
10117.833
10119.767
10319.267
10057.133
10215.667
10134.2
10207.8
10466.467
10427.067
10488.667
10477.8
10292.2
10319.267
10321.2
10146.833
10419.833
9891.1
9776.633
9850.233
9861.1
10119.767
10181.367
10319.267
10592.267
10850.933
10878
10912.2
10827.267
10840.067
10193.833
10124.1
9911.8
9787.467
9849.067
10048.567
10050.5
10063.3
10221.833
9865.433
9827.833
10086.5
10137.833
10236.667
10012.033
10383.276
8515.172
8721.552
8439.034
8706.621
8467.034
8479.931
8643.931
8720.069
8783.793
8677.862
8679.862
8741.586
8947.966
8975.966
9052.103
9054.103
9161
9104.276
9132.276
8899.897
8961.621
9165.483
9193.483
9228.862
8858.483
8280.483
8444.483
8726.897
8933.276
8961.621
9037.759
9065.759
9229.759
9243
9278.379
9484.759
9767.172
10034.759
10317.172
10330.414
10394.138
10470.276
10146.276
9026.286
8870.143
9040
9253.75
8970.034
8998.034
9000.034
8860.517
9066.897
9102.276
8923.897
8820.31
8310.069
8310.069
8338.069
8605.655
8681.793
8717.517
8923.897
8951.897
9219.483
8923.897
8787.793
8493.552
8699.931
8682.897
8746.621
8744.621
8808.345
7859.966
8023.966
8051.966
8319.552
8511.931
8200.8
8439.6
8452.4
7619.767
7693.367
7778.3
7805.367
8064.033
8337.033
8536.533
8598.133
8598.133
8625.2
8824.7
8898.3
8499.267
8501.2
8698.267
8897.767
9056.3
8657.4
8856.8
9056.3
7439.516
7453.387
7646.452
7648.323
7898.645
7958.258
8029.484
8055.677
8246.387
8279.806
8306
7924.839
7951.032
8144.097
8215.323
7936.452
7996.065
8246.387
8258.774
8330
8356.194
8620.387
8653.484
8713.097
7913.774
7926.161
7959.258
7854.935
7842.548
7854.935
7926.161
7567.29
7600.387
7753.806
7766.194
7768.065
7961.129
7961.129
8119.226
7571.548
7573.419
7823.742
7883.355
7907.677
8061.097
7939.258
8203.452
7939.258
8189.581
8343
8402.613
8404.484
8430.677
8432.548
8444.935
8516.161
8780.355
8933.774
9126.839
9153.032
9212.645
9283.871
9296.258
9560.452
9753.516
9906.935
9895.323
9871
9897.194
10090.258
10161.484
9714.935
9727.323
9920.387
9753.516
9753.516
10017.71
9780.032
10030.355
9412.031
9667.969
9367.719
9379.719
9448.719
9704.656
9716.656
9704.656
9773.656
9799.031
10041.531
9913.281
9925.281
9801.156
9558.656
9775.781
9801.156
9839.563
9919.188
9704.969
9730.344
9799.344
9801.156
8840.625
8866
9014.625
9270.563
9116.719
8769.063
8770.875
8782.875
8794.875
8782.875
8776.188
8775.438
8962.375
8721.879
8777.879
8770.875
8782.875
8969.906
9038.906
9225.844
9330.387
9066.194
8825
8706.097
8648.677
8708.29
8741.387
8753.774
8560.806
8296.613
8367.839
8632.032
8665.129
8724.742
7781.129
7793.516
7864.742
8128.935
8282.355
8284.226
8477.29
8503.484
8548.419
8798.742
8952.161
8284.533
8297.333
8358.933
8386
8571.967
8545.867
8547.8
8560.6
8719.133
8698.133
8725.2
8719.167
8747.667
8492.967
8583.967
8555.833
8635.1
8708.7
8773.367
8783.633
8544.767
8803.433
8776.367
8742.167
8776.367
9043.276
9056.517
9102.483
9111.448
9111.448
9124.69
9231.586
9232.586
9262.069
8878.621
8942.345
8970.345
8878.621
8404.759
8326.276
8573.31
8525.172
8560.552
8624.276
8878.621
8906.621
8798.103
9004.483
9272.069
9554.483
9630.621
9694.345
9743.586
9949.966
10217.552
9992.552
10198.931
10212.172
10240.172
10323.786
10408.714
10487.571
10626.714
10657.25
10501.893
9808.448
8987.276
9051
9053
9066.241
9142.379
9306.379
9512.759
9795.172
8900.069
9167.655
9231.379
9244.621
9527.034
9555.034
9631.172
9913.586
10090.483
10358.069
10522.069
10598.207
10615.586
10679.31
10032.143
10309.286
10095.643
10100.214
9787.31
10041.724
9881.241
9344.31
8690.759
8973.172
9240.759
9447.138
9597.138
9325.345
9277.207
9559.621
9827.207
9991.207
10026.586
9962.862
10026.586
10294.172
10309
10102.724
9848.379
9876.379
9876.379
10039.828
10026.586
9648.103
9930.517
10006.655
10185.034
10349.034
10300.897
10286.069
9341.931
9548.31
9612.034
9640.034
9642.034
9718.172
9924.448
9398.31
8702.241
8418.069
8446.069
8522.207
8804.621
8891.655
9159.241
9161.241
9367.621
9176.172
8904.5
9103.9
9116.7
9106.433
8574.767
8561.967
8301.767
8335.967
8647.345
8914.931
9197.345
7990.207
7859.586
7872.828
7830.448
7878.586
7867.345
8073.724
8137.448
8150.69
8418.276
8433.034
8320.793
8470.069
8120.483
8168.621
8190.759
8437.793
8104.897
8372.483
8296.345
8372.483
8168.621
8232.345
8231.517
7359
7371.8
7398.867
7637.667
7896.333
7811.4
7573.7
7600.767
7602.7
7615.5
7761.233
7623.333
7896.333
7923.4
7589.133
7847.8
7862.133
7896.333
8155
7869.267
7896.333
7889.2
7923.4
8122.9
7896.333
7957.933
7487.067
7760.067
7760.067
7945.133
7957.933
7992.133
7254.6
7208.067
7269.667
7789.517
8057.103
8133.241
7896.333
7371
7653.414
7666.655
7090
7153.724
7281.966
7309.966
7311.966
7371
7399
7681.414
7743.138
7756.379
7758.379
7566.931
7064.345
7207
7283.138
7296.379
6917.966
7200.379
7264.103
7221.724
7325.31
7531.69
6978.552
6937.793
6965.793
6979.034
6992.276
7056
6683.379
6759.517
7041.931
7220.207
7487.793
7551.517
7544.138
7620.276
6060.714
6097.357
6267.214
6507.714
6244.214
6492.357
6463.357
6492.357
6385.071
6421.714
6591.571
6816
6894.857
6908.571
6910.643
6326.714
6392.714
6421.714
6487.714
6566.571
6780.321
6809.321
6811.393
6054.179
6083.179
6375.679
6244.536
6046.25
5951.536
6017.536
6200.214
5988.536
6017.536
6046.536
6060.25
6062.321
6128.321
6207.179
6484.321
6776.821
6946.679
6960.393
6881.036
6917.679
6946.679
7101.286
7178.571
6702.036
6768.036
6797.036
6810.75
6889.607
7180.036
7101.286
7103.357
7182.214
7474.714
7564.857
6823.607
6825.679
6854.679
7147.179
7424.321
7453.321
7489.964
7644.571
7858.321
7924.321
8092.107
8085.741
8167.519
7856.259
8032.407
8070.407
8357.815
8373.741
7019.667
7241.333
7241.333
7101.444
7329.222
7104.107
7170.107
7183.821
6665.107
6667.179
6416.893
6643.393
6702.536
6506.793
6534.793
6741.172
6903.172
6037.276
6065.276
6067.276
5996.897
6203.276
6470.862
6753.276
6817
6661.207
6632.862
6426.483
6502.621
6264.483
6470.862
6485.69
6521.069
6549.069
6306.862
6470.862
6498.862
6468.862
6470.862
6634.862
6670.241
6733.966
6810.103
6765.276
6765.276
6971.655
6984.897
7061.034
7343.448
7371.448
7373.448
7437.172
6040.552
6007.172
6020.414
6096.552
6364.138
6427.862
6463.241
6669.621
6833.621
7116.034
7151.414
7139
7303
7379.138
7585.517
7613.517
7615.517
7383.621
7116.034
7322.414
7129.276
7293.276
7575.69
7651.828
7653.828
7681.828
7745.552
7951.931
8145.069
7907.767
7694
7686.867
7760.467
7715.033
7716.967
7778.567
8037.233
8310.233
8372.967
7872.4
7651.548
7397.871
7430.968
7502.194
7442.581
7705.267
7658.733
7660.667
7860.167
7665.867
7824.4
8083.067
8282.567
8555.567
8568.367
8102.633
8129.7
8288.233
8534.167
8568.367
8827.033
8805.633
7798.903
7858.516
8011.935
8013.806
8206.871
8471.065
8542.29
8304.355
8306.226
8365.839
8437.065
8463.258
8392.129
8656.323
8486.29
8639.71
7856.484
7916.097
7942.29
7944.161
7956.548
8027.774
8291.968
8291.968
8070.839
8103.935
7933.452
8004.677
8268.871
8175.065
8425.387
8618.452
8598.533
8339.867
8401.467
8674.467
8748.067
9006.733
9033.8
9192.333
9226.533
9228.467
8565.333
8723.867
8549.067
8622.667
8635.467
8697.067
8896.567
8898.5
8908.767
8654.484
8918.677
9182.871
9433.194
9445.581
9599
9433.194
9422.677
8919.677
8870.581
8882.968
9074.161
8892.71
9130.71
8795.29
8821.484
8881.097
8269.1
8303.3
8461.833
8488.9
8747.567
8216.233
7991.467
7952.067
8225.067
7929.867
7942.667
8016.267
8174.8
7480.867
7698.667
7725.733
7929.2
7746.733
7529.935
7437.226
7470.323
7529.935
7601.161
7471.097
6841.194
6824.613
7017.677
7268
7656
7914.667
7713.621
7920
7741.621
7515.345
7517.345
7530.586
7606.724
7889.138
8053.138
8259.517
7977.103
7858.966
7935.103
7998.828
7766.4
7840
8113
8312.5
8374.1
7540.333
7532
7790.667
7817.733
8090.733
8290.233
8363.833
8522.367
8376.633
8522.367
8781.033
8542.233
8815.233
8398.033
8390.9
8549.433
8808.1
9081.1
9154.7
9216.3
9415.8
8860.7
8971.533
8930.567
8932.5
8994.1
8761.967
8835.567
8848.367
8875.433
9057.767
9330.767
9332.7
9394.3
9202.3
9275.9
9144.433
9178.633
8111.933
8370.6
8570.1
8728.633
8755.7
8371.133
8109.241
8109.241
8376.828
8240.828
8404.828
8480.966
8687.345
8751.069
8674.172
8109.241
8032.276
8096
8109.241
8109.241
8109.241
8137.241
8139.241
8215.379
8482.966
8496.207
8660.207
8942.621
8942.621
8186.241
8468.655
8332.655
8600.241
8764.241
8970.621
8955.862
8957.862
8985.862
9049.586
9091.966
8885.69
8778.621
8942.621
9225.034
9046.207
9196.966
9179.241
9385.621
9398.862
8675.31
8839.31
8874.69
9157.103
8889.517
8889.517
8917.517
8516.586
8735.276
9002.862
9079
9142.724
8889.517
8977.379
8990.621
8964.621
8992.621
9260.207
9157.103
8889.517
8963.655
9127.655
8923.793
8923.793
8696.069
8696.069
8887.517
8889.517
8965.655
9071.172
8803
8864.6
8877.4
8751.5
8950.9
8877.4
9076.8
9273.867
9188.933
9250.533
9330.667
9357.733
8970.367
7862.7
8121.367
8123.3
8396.3
8457.9
8276.7
8350.3
8494.6
8521.667
8583.267
8731.533
8931.033
9189.7
9462.7
9536.3
9597.9
9624.967
9626.9
9653.967
9926.967
10085.5
10159.1
9428
9627.5
9689.1
9747.967
9906.5
9919.3
9921.233
10167.167
10425.833
9847.633
9042.552
9014.207
9102.069
8915.103
8978.828
9026.966
9309.379
9337.379
9501.379
9376.448
9157.759
8978.828
8935.586
9203.172
9231.172
9233.172
9246.414
9246.414
9322.552
9042.552
9054.966
8954.69
8978.828
9014.207
8787.379
8483.138
8135.207
8149.207
8231.207
8260.69
8327.586
7615.103
7396.414
7398.414
7426.414
7114.483
7232.897
7481.448
7557.586
7763.966
7661.172
7557.586
7840
7389.138
7391.138
7419.138
7482.862
7646.862
7853.241
7827.5
7859
8017.857
8310.357
8323.214
8389.214
8458.5
8487.5
8450.857
8372
8385.714
8200.786
8279.643
7838.107
7840.179
7869.179
7905.821
8075.679
8075.679
8289.429
7775.25
8052.393
8015.393
8002.036
8279.179
8512.536
8395.321
8474.179
7472.607
7457.321
7459.393
7077.821
6893.071
7170.214
7249.071
7462.821
7755.321
7651.464
7665.179
7701.821
7994.321
8060.321
8016.63
7037.778
7341.111
7628.519
7850.185
8026.333
8094.778
8124.852
8206.519
8428.185
8124.852
8301
8303.148
8354.852
8316.481
8384.926
8606.593
8620.815
8524.815
8124.852
8154.926
8376.593
6380.333
6410.407
6412.556
5298.852
5602.185
5192.407
5192.407
5194.556
5192.407
5260.852
5260.852
5329.296
5505.444
5091
5172.778
5476.111
5749.296
5120.556
5126.889
5348.556
5362.778
4179.704
4209.778
4399.222
3754.444
3792.444
3684.741
3728.519
3874.519
3956.296
3571.185
3874.519
3876.667
3906.741
4128.407
3541.593
3763.259
4050.667
3876.667
4096.185
4126.259
2088.296
2126.296
2429.63
2511.407
2579.852
2295.741
2517.296
2295.741
1879.556
1729.333
1797.778
1812
1850
1937.667
2019.444
1797.778
1006.111
1309.444
1347.444
1361.667
1430.111
1334.222
1334.222
1112.556
1126.778
1164.778
1468.111
1549.889
1112.556
972.667
890.889
1112.556
795.889
810.111
848.111
1151.444
1233.222
587.556
890.889
1112.556
991.889
1295.222
1333.222
1347.444
1415.889
119.778
423.111
461.111
475.333
543.778
