8.481
45.75
83.019
93.548
128.856
170.856
133.587
125.106
162.375
170.856
160.327
123.058
81.058
45.75
81.058
123.058
160.327
170.856
172.933
188.856
198.817
268.971
231.702
194.433
152.433
143.952
108.644
98.115
135.385
177.385
187.913
223.221
260.49
268.971
279.5
387.731
634.279
648.01
669.866
678.17
708.884
674.277
635.277
625.5
592.714
627.321
660.107
669.884
708.884
674.277
666.402
701.009
708.884
669.884
637.098
627.321
592.714
627.321
666.321
699.107
708.884
738.884
884.25
884.75
905.375
870.768
831.768
798.982
789.205
821.991
860.991
870.768
905.375
897.5
862.893
823.893
791.107
781.33
746.723
779.509
812.991
824.705
901.705
910.009
960.723
1189.661
1204.446
1579.446
1598.821
1525.833
1531.433
1613.1
1585.125
1607.547
1653.047
1659.445
1660.711
1715.93
1734.706
1644.458
1688.347
1705.347
1661.458
1644.458
1621.478
1569.507
1568.316
1659.445
1681.544
1733.515
1734.706
1781.176
1688.347
1705.347
1656.264
1543.201
1542.076
1586.316
1579.831
1659.445
1786.641
1787.906
1843.125
1862.25
1759.191
1805.662
1733.603
1727.581
1722.64
1701.537
1762.383
1689.539
1562.344
1607.844
1558.469
1631.313
1630.047
1652.469
1658.867
1639.742
1584.523
1563.375
1568.316
1659.445
1681.544
1682.735
1734.706
1644.458
1688.347
1705.347
1592.285
1591.16
1542.076
1614.787
1608.301
1659.445
1660.711
1715.93
1843.125
1741.191
1759.191
1805.662
1887.016
1870.063
1541.938
1480.882
1496.838
1705.347
1721.389
1899.451
1849.691
1906.428
1890.322
1989.215
1988.09
1939.007
1895.118
1782.056
1788.181
1815.097
1808.972
1782.056
1788.181
1815.097
1795.167
1730.417
1724.729
1783.36
1711.301
1706.36
1712.382
1755.206
1760.147
1832.206
1795.167
1815.097
1808.972
1782.056
1808.972
1815.097
1833.014
1834.826
1874.271
1881.875
1875.75
1848.833
1854.958
1881.875
1768.813
1745.479
1745.09
1729.049
1729.438
1745.479
1858.542
1881.875
1854.958
1848.833
1832.792
1772.903
1594.84
1632.537
1649.522
1705.64
1894.176
1957.588
1962.551
1757.086
1740.133
1822.542
1856.142
2068.258
2085.211
2220.563
2277.563
2337.188
2338.875
2340.914
2349.469
2375.719
2353.297
2307.797
2302.547
2296.148
2367.558
2289.858
2296.683
2175.563
2248.406
2188.206
2231.029
2235.971
2164.528
2191.444
2235.333
2242.938
2295.938
2319.771
2202.204
2209.02
2223.296
2269.796
2383.776
2398.053
2483.316
2492.711
2576.849
2601.007
2628.717
2633.243
2681.243
2686.77
2691.98
2564.381
2694.806
2778.281
2783.794
2790.794
2951.05
2855.952
2924.682
2957.614
2963.977
2994.977
2961.011
2968.141
3015.641
3038.533
2951.51
2988.125
3007.656
3066.281
3079.031
3086.578
3094.911
3134.786
3142.333
3176.083
3184.333
3251.833
3265.271
3296.36
3348.65
3359.5
3258.154
3269.692
2931.448
2872.583
2874.642
2888.142
2890.954
2920.404
3007.354
2963.097
2986.468
2990.984
3026.226
3043.935
3049.79
3072.694
3077.532
3129.101
3171.27
3174.657
3190.286
3193.673
3218.06
3159.906
3162.531
3205.656
2930.886
2933.296
2944.868
2890.108
2823.348
2867.132
2652.097
2670.997
2611.796
2635.54
2636.034
2638.448
2588.164
2592.414
2614.643
2633.452
2633.619
2659.286
2666.429
2613.837
2616.279
2654.311
2668.509
2700.253
2640.838
2672.815
2675.065
2696.747
2700.872
2725.372
2745.452
2746.134
2758.611
2765.94
2768.446
2710.258
2716.286
2716.736
2705.802
2734.22
2738.72
3380.247
3377.922
3346.422
3336.726
3334.456
3314.78
3312.014
3278.905
3032.988
3035.088
3037.647
3055.847
2842.648
2850.991
3287.639
3263.76
3287.51
3291.209
3292.878
3296.378
3304.182
3304.75
3305.632
3057.709
3084.659
2869.451
2870.985
3331.726
3332.274
3340.99
3372.49
3376.922
3123.653
3157.778
3159.878
2939.422
2747.72
3412.301
3390.949
3390.22
3135.953
3347.014
3338.743
3335.044
3348.139
3372.787
3375.111
3412.409
3423.76
3436.855
3442.449
3441.568
3397.784
3423.316
3172.829
3185.671
3194.421
3209.061
3209.793
3211.402
3218.445
3241.787
3020.756
2827.941
2658.265
2660.245
2509.665
2468.778
3362.779
3380.984
3394.984
3397.965
3400.503
3467.388
3463.798
3430.279
3348.096
3323.635
3295.994
3288.59
3053.69
2850.111
2856.528
2677.995
3287.724
3287.724
3252.724
3250.571
3250.571
3246.365
3216.481
3216.481
2986.732
2787.617
2794.783
2796.65
2800.294
2625.276
2470.848
2333.579
2333.708
3206.929
3219.353
3222.942
3223.122
3223.641
3215.949
3266.8
3274.344
3298.681
3288.181
3312.031
3321.594
3294.281
3298.744
3303.206
3285.094
3287.203
3308.072
3373.284
3384.034
3404.903
3409.441
3407.331
3395.856
3158.936
3146.426
2945.59
3364.36
3236.311
3229.695
3236.311
3015.653
2823.165
2831.303
2837.686
2843.457
3257.524
3284.171
3060.25
3068.943
3292.768
3297.186
3293.186
3242.527
3276.027
3268.348
3264.443
3264.443
3262.443
3262.443
3262.443
3262.443
3262.443
3044.947
3048.592
2858.055
2859.805
2888.242
2912.523
2919.242
2939.18
2953.388
2779.659
2796.983
2802.301
2804.309
2648.514
2509.118
2383.663
2385.313
3331.277
3363.777
3425.884
3402.705
3175.858
3399.446
3400.223
3402.271
3434.583
3447.583
3457.226
3226.744
3436.19
3431.878
3203.086
3409.092
3404.378
3365.807
3358.128
3338.842
3334.53
3373.101
3148.228
3152.628
3156.653
2959.362
2785.282
3377.366
3349.616
3358.366
3361.449
3360.967
3363.015
3370.301
3377.586
3152.414
3154.281
3374.658
3365.015
3368.098
3365.741
3261.741
3044.292
3079.817
3285.268
3252.411
3265.482
3267.982
3265.545
3265.545
3257.003
3255.003
3255.003
3237.67
3021.825
2832.961
2666.316
2673.35
2675.358
2677.005
2528.282
3247.565
3196.003
3193.378
3171.664
3188.914
3166.199
3163.116
3162.616
3177.152
2965.342
3173.247
3173.247
3140.747
3133.068
3133.068
3105.318
3103.318
3080.533
2875.164
2896.431
2903.597
2907.242
2725.539
2753.977
2754.398
3125.17
2916.825
2918.692
3104.455
3123.741
3126.179
3103
3086.762
3080.958
3063.708
3076.708
2871.594
2876.361
2878.272
3072.327
3068.994
3078.637
3083.351
3100.685
3113.22
3111.211
3100.051
2893.381
3061.113
3028.801
3025.542
3037.077
3055.077
2851.406
3048.619
3074.286
3056.286
2852.533
3055.804
3094.375
3103.482
3103.482
3086.577
3079.393
3084.5
3080.179
2874.833
2875.3
2885.5
3080.071
3067.536
3090.321
3080.107
3082.116
3084.616
3101.378
3111.616
3107.366
3099.688
3099.688
3067.188
3044.402
3044.402
3044.402
3040.497
3038.497
2835.931
2837.797
2868.131
2688.872
2530.703
2537.027
2540.243
2399.118
2272.849
2159.206
2160.856
2161.294
2161.731
2058.792
2059.113
3026.563
3049.348
3023.336
3020.836
3040.122
3088.577
3088.095
2882.222
3075.024
2870.022
2919.217
2920.589
2927.256
3135.568
3133.997
3113.074
3118.003
3079.94
3119.69
3107.155
3113.613
3095.613
3083.077
3076.619
3066.381
3064.333
3052.798
2990.69
3002.226
2993.119
2991.071
2988.714
2978.714
2780.133
2969.071
2943.06
2919.881
2916.31
2928.845
2930.417
2926.104
2926.104
2988.211
2970.961
2982.122
3001.997
2999.997
2999.997
2999.997
2999.997
2999.997
2996.092
2988.414
2955.914
2963.592
2967.497
2995.247
3018.033
3050.533
2847.164
2669.216
2670.966
3012.783
3009.449
3009.449
3040.574
3032.033
3034.47
3000.97
3015.506
3037.735
2933.735
2920.664
2887.164
2908.199
2960.908
2970.336
3001.461
2994.176
3012.176
2959.467
2936.753
2958.982
2862.732
2841.696
2835.238
2832.738
2847.274
2870.452
2902.952
2840.845
2841.012
2778.905
2716.798
2721.905
2705
2672.5
2671.03
2492.961
2495.236
2495.819
2504.819
2682.265
2651.14
2641.497
2628.497
2615.497
2613.488
2613.488
2630.738
2636.542
2574.435
2574.435
2567.56
2567.56
2567.56
2643.872
2666.586
2692.253
2699.128
2716.033
2696.158
2698.658
2698.658
2678.783
2678.783
2670.241
2667.804
2667.804
2667.804
2665.804
2663.804
2631.304
2631.304
2631.304
2623.625
2595.875
2573.089
2569.185
2397.906
2248.036
2251.453
2258.172
2259.922
2126.985
2008.819
1903.092
1905.969
1911.338
2592.387
2419.561
2421.028
2423.361
2435.061
2570.423
2567.923
2528.985
2548.271
2548.271
2544.938
2544.938
2375.275
2376.742
2387.158
2557.188
2544.652
2544.652
2542.604
2535.318
2557.548
2570.083
2573.167
2594.089
2598.339
2609.875
2584.208
2586.256
2581.542
2581.542
2581.542
2577.229
2577.229
2538.658
2561.443
2566.158
2604.729
2612.408
2631.693
2636.006
2636.006
2657.042
2624.185
2645.899
2685.649
2662.863
2624.292
2624.292
2620.042
2613.167
2622.81
2642.095
2630.56
2621.452
2618.952
2616.943
2621.256
2609.72
2607.673
2703.923
2713.923
2736.637
2730.179
2735.982
2731.268
2731.268
2713.268
2680.955
2680.455
2667.92
2676.461
2667.354
2670.926
2670.926
2670.926
2664.467
2670.926
2492.864
2337.06
2670.926
2670.926
2670.926
2667.021
2659.342
2659.342
2657.342
2657.342
2480.186
2325.174
2353.612
2357.029
2363.747
2365.497
2226.35
2102.664
2684.14
2684.14
2684.14
2681.64
2685.952
2681.024
2502.289
2669.488
2648.565
2655.44
2646.69
2639.815
2639.649
2629.649
2606.863
2581.196
2578.429
2578.429
2555.714
2553.357
2520.857
2495.19
2493.143
2459.643
2455.321
2445.679
2458.679
2451
2398.292
2367.167
2364.542
2360.97
2360.488
2354.03
2334.744
2334.744
2334.744
2317.411
2357.161
2352.054
2352.054
2351.429
2313.366
2315.366
2326.902
2365.839
2364.268
2239.268
2243.982
2320.295
2324.199
2315.092
2315.869
2353.932
2332.217
2394.324
2399.086
2403.848
2413.277
2417.589
2426.918
2424.869
2391.576
2391.576
2391.576
2391.576
2391.576
2387.576
2379.71
2384.942
2384.942
2370.302
2382.595
2387.473
2400.863
2435.18
2434.448
2435.088
2381.095
2392.527
2388.101
2373.21
2373.381
2375.796
2377.405
2377.405
2371.46
2371.46
2410.451
2408.037
2243.852
2100.628
2100.777
2147.878
2461.405
2456.357
2448.997
2445.838
2451.784
2434.466
2458.21
2458.04
2290.446
2321.29
2473.47
2473.47
2466.006
2466.006
2466.006
2470.884
2505.201
2334.392
2336.778
2479.335
2528.973
2533.326
2531.229
2554.57
2554.57
2554.57
2555.064
2564.393
2552.96
2574.509
2563.314
2609.412
2621.229
2601.473
2598.976
2604.024
2627.768
2627.768
2606.22
2623.89
2645.323
2649.741
2661.174
2479.73
2507.571
2518.224
2577.509
2593.645
2607.287
2611.403
2631.483
2639.636
2602.089
2439.458
2770.702
2749.667
2735.131
2746.667
2744.167
2724.881
2702.652
2778.964
2756.179
2733.949
2681.241
2714.741
2715.366
2705.723
2696.295
2696.777
2687.134
2685.125
2677.982
2677.982
2675.935
2636.185
2460.439
2633.747
2638.509
2655.414
2655.58
2659.902
2669.545
2672.17
2693.205
2693.688
2742.143
2760.952
2768.238
2768.071
2755
2752.643
2752.643
2569.133
2599.467
2783.143
2785.58
2790.688
2787.604
2770.842
2775.771
2801.783
2787.247
2738.792
2738.625
2731.75
2721.75
2728.625
2738.625
2556.05
2556.206
2556.656
2556.811
2565.811
2568.394
2589.142
2613.097
2797.747
2801.318
2804.086
2807.42
2810.188
2866.927
2870.741
2902.485
2713.193
2723.383
2906.27
2885.724
2838.395
2837.924
2819.552
2816.988
2633.272
2472.051
2472.464
2488.587
2506.617
2362.005
2379.543
2249.75
2252.105
2265.341
2273.686
2904.39
2903.779
2714.402
2548.214
2574.893
2921.936
2919.494
2915.68
2725.527
2885.279
2873.035
2877.247
2689.601
2697.916
2883.701
2853.299
2863.974
2826.797
2822.584
2815.084
2792.828
2788.224
2750.549
2731.712
2706.642
2699.927
2677.741
2603.203
2677.741
2684.456
2706.642
2731.712
2733.247
2713.834
2734.381
2741.096
2746.765
2768.477
2758.477
2758.477
2697.814
2703.483
2698.831
2711.529
2698.831
2699.302
2715.814
2716.442
2705.174
2686.802
2686.802
2666.256
2666.256
2666.256
2665.785
2491.929
2536.171
2553.345
2553.785
2572.992
2415.462
2432.497
2443.64
2771.846
2772.334
2591.53
2601.72
2638.014
2811.16
2810.689
2810.689
2627.383
2466.523
2494.686
2350.762
2364.416
2850.951
2871.009
2875.66
2876.419
2876.89
2877.517
2886.936
2698.658
2533.434
2387.274
2400.928
2903.448
2890.75
2891.238
2858.517
2851.541
2840.273
2835.285
2836.82
2651.81
2830.512
2832.892
2858.096
2852.427
2846.759
2847.247
2844.805
2862.387
2830.642
2783.314
2764.942
2764.471
2743.924
2743.924
2743.924
2744.395
2764.942
2767.506
2774.622
2821.951
2840.323
2838.02
2836.584
2844.927
2886.497
2884.962
2889.951
2901.218
2901.706
2901.706
2905.858
2896.439
2946.802
2955.145
2954.983
2950.331
2997.66
2990.945
2989.41
2988.799
2994.468
2989.48
2971.898
2960.177
2966.892
3018.375
3014.887
3036.599
3034.218
3044.892
3044.892
3033.991
3013.445
3038.648
2991.32
2988.756
2968.209
2961.093
2960.622
2942.25
2942.721
2961.093
2968.209
2970.773
2991.32
3038.648
3085.977
3085.977
3047.151
3042.163
3035.855
2988.526
3004.898
3004.898
2808.927
2814.823
2642.487
2645.834
2654.61
2661.931
2663.278
3012.259
3014.962
3015.451
2818.791
2646.212
3015.288
3015.288
2978.11
2955.471
2951.259
2953.212
2931.026
2870.363
2909.189
2913.41
2963.773
2962.238
2914.91
2896.538
2875.991
2873.427
2941.36
2934.074
2912.36
2878.86
2878.86
2887.967
2856.842
2666.386
2852.08
2869.414
2864.652
2866.122
2675.047
2861.408
2866.17
2879.241
2910.366
2907.283
2902.354
2901.711
2879.997
2884.759
2889.688
2907.688
2904.92
2927.705
2732.525
2895.393
2933.455
2923.455
2912.527
2919.813
2919.313
2923.563
2926.896
2944.896
2952.574
2967.11
3029.217
2827.269
2650.565
3025.884
3045.759
2842.708
2969.446
2973.018
2980.696
2981.321
3032.884
3054.598
2850.958
2861.725
2898.067
2900.65
2719.359
2559.397
2417.208
3104.756
3124.631
3141.536
3153.071
3158.179
3166.72
3149.815
3168.625
3168.625
3161.75
3182.673
3244.78
3028.461
3244.78
3254.78
3250.467
3283.967
3263.432
3258.67
3226.17
3129.92
2921.258
3125.607
3123.17
3135.705
3158.42
3164.223
2953.275
3119.223
3114.461
3114.461
3152.524
3143.417
3148.524
2938.622
2940.897
3150.961
3139.426
3134.318
3146.318
3168.033
2956.831
2993.172
3204.613
3195.185
3208.185
3229.899
3231.946
3214.696
3240.363
3240.196
3206.696
3195.536
3192.768
3170.539
3166.289
2955.203
3143.503
3104.565
3028.253
3028.253
3028.253
3018.61
3018.61
3018.128
3001.223
3000.58
2999.804
2799.817
2800.542
2625.508
2640.299
2648.737
2649.299
2649.721
2493.855
3027.771
3050.485
3052.057
3012.307
2990.077
3006.315
3001.994
3006.923
2997.28
2975.051
2997.28
3008.815
3003.012
3002.512
3042.262
2989.554
2991.024
2991.024
2989.452
3005.69
3005.065
3038.875
3029.232
3023.429
3002.393
2993.851
2972.929
2968.616
2959.509
2947.973
2936.813
2932.908
2737.381
2927.104
2910.199
2913.283
2952.22
2972.756
2968.443
2770.547
2772.014
2775.347
2823.472
3024.372
2822.747
3021.604
3010.676
3012.146
2986.342
3031.342
3057.146
3077.682
3054.967
3048.092
3022.426
3017.97
3044.262
3067.53
3145.704
3147.802
3170.046
3177.088
3147.21
3169.454
3175.399
3172.902
2956.568
3149.159
2934.443
3115.5
3114.988
3115.482
2903.063
3104.049
2976
2976
2971.646
2769.034
2770.989
2773.932
2865.807
2873.136
2689.745
2706.553
2716.319
2735.117
2735.266
2745.574
3147.366
3164
3163.488
3142.055
3141.561
3136.683
3087.046
3086.552
3086.04
3080.991
3057.649
3057.649
3057.649
3044.259
3044.259
3044.088
3017.796
3012.564
2807.162
2818.173
3024.381
2997.735
2997.735
2990.271
2972.954
2939.662
2928.229
2925.393
2907.637
2906.027
2906.027
2892.71
2874.271
2874.271
2873.631
2868.582
2868.582
2866.973
2832.655
2832.655
2832.655
2793.665
2788.433
2769.994
2769.994
2758.177
2769.994
2581.131
2769.994
2769.994
2720.357
2719.716
2678.997
2676.899
2676.899
2670.284
2670.284
2488.219
2329.396
2736.534
2743.316
2722.447
2680.709
2672.647
2637.147
2627.584
2604.784
2550.644
2550.644
2546.894
2519.8
2509.05
2468.166
2468.166
2445.366
2390.022
2390.022
2377.909
2323.769
2335.881
2347.356
2361.006
2364.428
2364.428
2359.066
2421.628
2421.803
2412.834
2412.834
2395.084
2394.409
2394.409
2394.409
2393.903
2393.088
2382.963
2393.088
2422.225
2439.975
2481.713
2308.57
2309.328
2309.956
2310.427
2471.597
2471.597
2466.597
2442.747
2439.509
2421.759
2408.109
2408.109
2395.997
2408.109
2410.866
2408.766
2390.566
2390.566
2345.878
2338.659
2334.559
2325.591
2325.591
2324.916
2313.441
2310.019
2296.369
2284.256
2295.731
2307.844
2321.494
2324.916
2307.316
2290.266
2270.516
2260.016
2247.903
2230.853
2227.431
2203.581
2200.675
2196.213
2185.463
2150.288
2070.159
2105.334
2116.084
2139.934
2143.356
2146.263
2226.391
2176.442
2173.104
2159.787
2147.97
2136.774
2116.415
2089.982
2101.177
2112.994
2126.311
2129.649
2116.808
2114.71
2103.515
2071.631
2065.686
2053.393
2092.616
2089.859
2066.009
2078.122
2080.878
2079.334
2039.369
2034.831
2023.356
2003.606
1981.519
1981.344
1981.344
1979.194
1975.956
1967.894
1866.831
1874.894
1929.034
1932.272
1952.022
1954.172
2055.234
2055.409
2077.497
2088.972
2075.322
2071.9
2060.425
2048.313
2051.734
2063.209
2076.859
2088.972
2083.797
2083.797
2083.797
2080.891
2110.862
2110.862
2098.439
2098.439
2098.439
2110.625
2194.97
2198.03
2210.78
2234.78
2281.131
2323.064
2309.675
2148.535
2309.675
2288.806
2285.056
2268.006
2268.006
2268.006
2268.006
2250.956
2250.956
2306.048
2283.394
2336.345
2334.72
2334.72
2322.641
2308.273
2304.671
2291.921
2306.289
2309.891
2321.97
2334.72
2396.152
2402.556
2378.597
2375.535
2362.076
2381.864
2425.096
2425.096
2393.39
2365.331
2356.838
2262.57
2271.063
2365.331
2393.39
2425.096
2409.037
2406.026
2392.526
2378.276
2362.217
2358.191
2362.217
2378.276
2391.776
2406.026
2379.202
2385.674
2378.711
2378.711
2368.633
2349.555
2345.18
2339.602
2315.977
2315.977
2234.461
2258.086
2268.164
2272.539
2209.083
2288.129
2330.765
2325.908
2343.864
2333.313
2339.621
2375.651
2407.357
2454.375
2255.372
2086.219
2096.119
2108.231
2464.213
2449.963
2445.938
2432.438
2431.842
2431.048
2431.048
2419.136
2398.254
2349.151
2348.555
2314.276
2313.316
2347.596
2368.478
2176.439
2177.169
2178.051
2014.697
2024.822
2025.328
2334.64
2327.471
2295.765
2295.765
2289.676
2292.919
2292.919
2319.743
2347.202
2347.202
2319.743
2319.743
2292.919
2357.856
2357.856
2429.477
2414.336
2412.273
2409.363
2489.442
2489.675
2573.092
2544.342
2544.342
2535.3
2535.3
2535.3
2544.342
2478.524
2259.831
2474.347
2463.944
2394.085
2368.601
2340.101
2209.698
2194.891
2194.665
2191.891
2130.923
2121.609
2108.06
2108.06
2107.835
2108.06
2055.309
2118.906
2127.93
2127.93
2115.273
2114.43
2113.797
2077.375
2077.375
2055.188
2054.168
2055.012
2077.199
2129.371
2142.027
2142.66
2200.231
2169.798
2170.757
2076.489
2071.665
2065.577
2051.79
2030.908
2027.489
2013.989
1982.283
1987.107
1990.526
2022.232
2036.018
2130.287
2151.169
2157.257
2170.757
2142.699
2110.993
2102.5
2069.087
2077.837
2106.746
2203.871
2236.538
2221.856
2216.447
2200.492
2172.201
2168.277
2141.648
2157.602
2163.011
2177.693
2204.322
2208.246
2236.538
2186.981
2199.465
2140.012
2110.593
2110.593
2007.202
2003.452
2054.083
2101.417
2155.929
2159.804
2219.388
2235.538
2032.307
2059.943
2157.068
2181.008
2189.758
2194.727
2204
2228.545
2234.606
2283.049
2511.121
2427.704
2511.121
2511.354
2511.354
2502.313
2571.22
2580.573
2338.645
2138.189
2505.897
2501.069
2494.914
2404.966
2378.897
2452.339
2491.056
2468.444
2496.444
2519.056
2506.433
2599.594
2604.594
2563.297
2569.453
2580.573
2566.608
2542.125
2484.556
2345.159
2344.228
2343.53
2385.603
2472.75
2499.046
2451.42
2511.045
2268.04
2269.093
2269.964
2270.617
2283.681
2489.862
2489.612
2456.268
2449.893
2439.179
2410.964
2411.214
2421.929
2428.304
2461.647
2500.147
2528.362
2535.433
2564.362
2568.299
2585.603
2605.21
2607.415
2615.076
2619.013
2539.108
2542.017
2547.19
2547.914
2548.845
2545.043
2528.336
2291.305
2306.445
2507.871
2474.974
2465.017
2354.496
2391.668
2401.625
2434.522
2545.043
2528.336
2528.336
2545.043
2463.883
2380.467
2380.233
2380.467
2164.061
2379.379
2378.704
2339.854
2338.954
2362.039
2348.073
2323.591
2323.591
2105.754
2106.773
2107.406
1926.771
1938.343
1958.629
1959.4
1804.711
2254.272
2192.634
2175.927
2119.534
2119.534
2115.526
2084.078
2035.112
2014.608
2030.758
2068.641
2098.06
2101.81
2162.457
2213.563
2023.829
2281.411
2265.782
2281.411
2284.968
2315.742
2111.412
2171.268
1995.22
2003.375
2063.206
1908.466
1775.317
1659.535
2432.419
2509.825
2479.425
2509.825
2432.419
2462.536
2446.907
2443.351
2443.351
2434.601
2434.601
2430.185
2419.782
2396.879
2395.827
2396.879
2401.294
2411.698
2434.601
2448.149
2524.27
2525.09
2529.137
2499.324
2490.301
2456.613
2432.468
2409.565
2396.5
2395.847
2395.847
2395.847
2394.976
2394.976
2393.923
2394.976
2408.04
2461.895
2462.766
2463.419
2593.823
2631.419
2654.323
2629.935
2619.532
2535.387
2465.528
2420.141
2494.863
2559.841
2555.013
2603.53
2609.685
2594.883
2681.833
2702.183
2712.933
2629.935
2654.323
2654.323
2654.097
2654.097
2608.29
2578.871
2448.468
2444.718
2341.327
2325.698
2272.944
2403.347
2461.008
2243.86
2270.684
2284.934
2099.669
1942.194
1945.1
1964.85
1965.356
1968.113
2018.991
2041.078
2048.728
2513.117
2500.052
2477.149
2476.097
2438.5
2437.629
2436.976
2383.121
2513.524
2536.427
2509.336
2521.992
2522.836
2523.855
2524.488
2560.91
2570.988
2350.618
2165.043
2006.625
1869.81
1750.46
2541.176
2541.176
2541.176
2541.176
2557.5
2557.5
2557.5
2486.089
2558.9
2507.129
2564.79
2617.048
2699.328
2467.957
2273.118
2281.059
2296.855
2128.793
2702.828
2693.266
2665.656
2662.211
2598.613
2597.98
2598.613
2662.211
2584.879
2608.818
2618.091
2644.864
2644.652
2631.924
2705.148
2726.762
2740.31
2740.536
2749.851
2815.5
2805.629
2780.145
2751.645
2750.992
2774.854
2771.179
2800.629
2801.304
2811.504
2724.367
2749.851
2507.217
2746.657
2746.657
2746.657
2746.657
2504.305
2507.217
2531.768
2596.879
2848.19
2813.415
2806.496
2793.722
2754.206
2754.206
2738.577
2687.008
2699.782
2706.702
2746.218
2761.847
2769.71
2716.844
2772.703
2822.66
2813.098
2788.41
2788.41
2760.801
2757.355
2756.723
2757.355
2820.953
2845.641
2855.203
2772.023
2798.795
2793.826
2769.886
2721.443
2712.17
2703.42
2697.36
2672.814
2682.087
2627.026
2632.908
2656.143
2664.636
2669.46
2716.478
2704.125
2560.478
2559.706
2633.348
2571.678
2571.064
2561.792
2535.019
2610.793
2586.105
2610.793
2593.348
2620.121
2546.301
2555.301
2555.897
2555.301
2546.301
2523.066
2596.182
2569.409
2586.105
2563.918
2511.746
2499.09
2372.762
2448.431
2447.379
2409.782
2409.129
2196.559
2208.471
2029.405
1877.2
1877.706
1878.522
1896.272
1763.974
2443.246
2493.567
2463.167
2494.288
2417.383
2446.802
2498.371
2500.5
2523.21
2528.5
2534.952
2494.016
2484.064
2463.577
2474.827
2474.827
2465.342
2465.342
2465.342
2465.342
2465.342
2471.165
2499.313
2508.798
2532.621
2537.949
2585.596
2581.478
2576.228
2499.507
2458.125
2440.169
2376.474
2425.58
2491.301
2535.676
2558.316
2561.598
2546.457
2542.824
2486.965
2458.465
2458.465
2458.465
2332.137
2332.137
2360.637
2332.133
2386.299
2410.382
2424.632
2470.857
2474.179
2520.904
2591.239
2565.393
2637.723
2621.769
2688.559
2659.383
2674.523
2703.699
2471.954
2475.654
2500.761
2515.804
2587.598
2587.598
2531.738
2531.738
2531.738
2481.113
2451.301
2441.871
2429.215
2429.215
2428.195
2428.195
2427.563
2427.563
2427.563
2486.508
2463.605
2246.228
2064.101
2089.885
2106.108
1948.15
1812.233
1694.043
1590.327
1498.577
1514.63
1530.207
1546.26
1573.567
1621.692
1642.423
1552.836
1565.636
2771.355
2740.484
2730.081
2677.823
2651.694
2645.851
2569.355
2599.262
2604.922
2630.234
2640.313
2690.938
2640.98
2629.027
2561.352
2586.315
2579.863
2557.153
2551.863
2549.734
2510.218
2515.508
2293.551
2295.493
2316.199
2327.449
2333.331
2144.142
2187.348
2023.297
2526.56
2507.198
2484.294
2478.452
2447.806
2419.306
2407.734
2413.577
2442.077
2461.44
2244.254
2254.805
2071.983
2091.172
2466.496
2450.867
2393.206
2340.452
2336.702
2290.895
2187.504
2057.101
2092.977
1913.579
1960.304
1963.625
1989.682
2003.525
1845.352
1710.326
1744.96
1768.302
1770.351
1778.216
1806.643
1810.643
1687.19
1718.213
2352.465
2327.152
2321.492
2270.867
2240.961
2306.863
2262.831
2225.234
2225.234
2179.427
2169.024
2163.734
2161.024
2130.153
2271.056
2308.653
2352.685
2398.492
2408.895
2363.523
2366.148
2371.273
2413.684
2417.129
2432.27
2432.27
2432.27
2432.27
2432.27
2402.457
2383.699
2383.699
2383.699
2383.699
2402.457
2396.739
2450.905
2512.576
2486.324
2495.199
2649.61
2713.45
2740.707
2740.707
2720.593
2720.593
2674.918
2669.204
2667.318
2662.632
2662.632
2651.704
2442.359
2484.428
2486.164
2304.25
2308.25
2150.869
2155.415
2017.835
1896.765
2700.45
2575.65
2542.35
2515.007
2474.436
2435.436
2433.036
2499.772
2527.919
2322.953
2325.223
2333.939
2365.439
2402.331
2440.709
2445.142
2646.64
2643.397
2646.64
2660.89
2633.43
2606.607
2682.254
2710.545
2713.886
2741.523
2732.773
2732.561
2719.833
2658.163
2653.193
2611.83
2576.511
2566.739
2537.739
2537.739
2494.708
2492.163
2527.481
2530.027
2319.191
2323.747
2144.997
2153.266
2188.266
2031.961
2580.072
2571.322
2522.879
2498.333
2493.364
2546.594
2537.031
2543.281
2552.844
2578.156
2508.78
2532.72
2537.689
2586.133
2582.792
2568.11
2571.451
2586.133
2550.814
2550.814
2550.814
2550.814
2545.845
2543.299
2501.936
2492.163
2447.011
2449.482
2489.629
2531.393
2536.217
2588.554
2549.024
2557.983
2554.92
2541.462
2345.965
2358.388
2528.337
2407.003
2367.559
2401.904
2399.504
2460.592
2455.768
2488.822
2281.42
2105.926
2110.131
1959.408
1961.408
1969.086
1837.814
1722.951
1757.732
1759.865
1763.99
1660.225
1660.623
1692.689
1694.63
1600.484
1626.539
1634.484
1647.632
1695.938
2775.17
2760.489
2795.807
2822.436
2826.36
2829.542
2841.133
2844.133
2853.277
2855.883
2812.852
2787.557
2812.852
2855.883
2869.792
2912.822
2925.549
2681.753
2720.087
2723.003
2723.198
2738.448
2527.798
2530.779
2531.615
2656.846
2681.308
2685.952
2688.157
2701.081
3163.493
3069.224
3042.401
3038.982
3038.982
2990.882
2990.882
2990.882
3109.779
3157.879
3210.452
3304.721
3318.971
3049.865
3074.514
3077.655
3344.39
3344.39
3341.919
3332.434
3332.434
3332.434
3332.434
3332.434
3264.564
3303.564
3344.136
3377.436
3379.836
3384.521
3411.84
3420.799
3420.993
3157.84
2932.28
2942.494
2746.328
2804.294
2629.026
2647.333
2664.724
2667.422
2685.729
2695.495
2698.346
2725.581
2727.331
2566.9
2570.782
2571.179
2428.336
2430.377
2432.97
3649.455
3643.899
3643.899
3642.066
3597.66
3597.66
3593.104
3593.104
3593.104
3653.26
3663.885
3669.441
3671.274
3690.83
3695.385
3628.618
3671.824
3622.237
3591.566
3587.25
3578.763
3553.579
3551.368
3529.297
3490.919
3549.972
3554.528
3281.103
3046.738
2843.622
2845.489
2852.656
2674.365
2517.049
2569.606
2429.445
2433.209
2433.7
2443.682
2444.275
2445.475
2441.337
2446.801
2448.308
2417.32
3521.981
3518.471
3515.49
3479.413
3454.952
3372.769
3368.192
3371.173
3130.375
2921.683
2924.725
2741.93
2750.888
2589.071
2610.321
2616.645
2616.782
2628.752
2629.15
2647.855
2680.935
2686.151
2539.634
2541.434
2575.798
3530.997
3533.556
3547.281
3568.844
3609.344
3614.706
3637.506
3596.622
3345.695
3352.811
3359.828
3361.363
3610.906
3625.913
3549.768
3613.39
3616.729
3370.134
3593.957
3593.787
3589.433
3570.165
3543.872
3536.555
3555.823
3561.055
3561.787
3584.03
3591.348
3614.119
3640.412
3640.582
3558.152
3556.152
3556.152
3556.152
3556.152
3556.152
3548.473
3548.473
3544.568
3604.152
3363.875
3364.542
3385.808
3402.608
3438.608
3439.058
3224.117
3227.034
3683.726
3681.679
3694.679
3720.482
3472.45
3688.17
3720.482
3739.768
3490.45
3736.685
3688.229
3649.658
3626.943
3612.652
3570.092
3453.807
3484.052
3476.692
3348.643
3371.912
3142.009
2941.455
2975.923
2797.368
2803.403
2644.719
2656.045
2513.757
2385.939
3422.229
3188.895
2985.348
2996.965
3001.178
2821.108
3428.558
3422.613
3417.381
3391.088
3352.098
3342.439
3298.841
3350.688
3377.638
3387.538
3427.503
3472.191
3484.303
3429.198
3434.43
3440.375
3449.704
3454.753
3434.393
3414.637
3434.393
3200.23
3201.73
3217.23
3429.369
3447.125
3439.765
3478.756
3438.037
3544.573
3563.841
3320.852
3323.239
3111.117
3112.904
3120.537
3577.201
3513.579
3542.006
3300.506
3312.983
3546.067
3548.628
3548.134
3537.671
3571.988
3603.872
3600.713
3627.146
3379.841
3622.317
3623.823
3633.152
3553.524
3552.747
3315.897
3361.122
3584.964
3605.887
3584.964
3584.482
3345.517
3136.422
3149.141
3595.685
3627.997
3631.902
3631.902
3599.045
3598.402
3615.735
3616.378
3616.378
3623.664
3636.735
3643.878
3666.107
3675.214
3679.119
3701.833
3698.5
3715.75
3468.033
3712.982
3710.482
3695.946
3700.268
3697.009
3708.545
3698.545
3714.783
3726.318
3733.193
3713.908
3713.908
3466.314
3697.003
3694.646
3713.932
3712.36
3464.869
3691.438
3684.253
3684.253
3679.146
3679.146
3662.908
3667.67
3671.982
3427.183
3595.67
3593.313
3554.741
3554.027
3551.589
3577.256
3579.881
3546.071
3546.696
3553.571
3522.446
3496.643
3263.533
3488.964
3537.42
3475.313
3437.25
3409.5
3443.31
3423.435
3389.935
3394.256
3386.97
3394.113
3342.551
3325.789
3397.576
3395.966
3391.088
3361.21
3322.22
3278.622
3274.622
3283.951
3257.324
3258.896
3262.801
3045.281
2854.951
2888.255
2892.422
2907.089
2916.047
2744.515
3332.625
3330.577
3341.738
3344.176
3267.863
3228.926
3132.676
3132.676
3121.14
3099.426
3056.866
3054.098
3130.411
3172.97
3175.738
3187.274
3208.988
3228.372
3266.404
3053.378
3097.62
3364.881
3381.119
3433.827
3420.756
3420.589
3422.598
3306.313
3303.813
3302.241
3082.092
3100.092
3321.527
3338.289
3349.449
3372.164
3369.664
3374.592
3374.592
3384.021
3158.419
3324.438
3302.723
3312.366
3312.199
3312.199
3329.533
3322.247
3322.247
3315.789
3294.866
3299.116
3296.491
3076.725
3293.866
3272.152
3249.923
3272.152
3293.866
3074.275
3293.866
3272.152
3291.438
3292.214
3294.262
3285.155
3289.476
3291.976
3288.717
3309.253
3318.36
3305.289
3293.753
3293.753
3271.524
3250.601
3247.518
3234.982
3246.518
3268.747
3250.747
3263.283
3261.283
3282.205
3279.848
3061.192
3064.069
2872.565
2703.591
3282.932
3285.289
3266.479
3213.771
2999.519
3000.119
2812.612
2813.034
3214.896
3194.36
3185.253
3185.253
3202.015
3169.702
3191.417
3196.524
3244.979
3263.789
3272.896
3054.703
3250.182
3250.958
3250.958
3225.155
3233.905
3018.311
3027.844
3241.494
3241.327
3237.423
3254.756
3250.042
3187.935
3181.06
3203.845
3226.56
3213.488
3201.952
3170.827
3157.827
2947.306
3135.113
3137.551
3123.015
3121.006
3120.524
3109.363
3111.863
2904.406
2914.822
3120.524
3103.274
3069.464
3086.714
3089.214
2883.267
3088.571
3083.857
3107.036
3107.661
3139.973
3139.973
3130.866
3123.58
3127.485
3122.378
3124.387
3112.387
3108.074
3116.616
3150.426
3130.551
3096.741
3091.813
3120.979
3133.979
3153.854
3187.664
3137.363
3150.204
3110.692
3111.332
2899.196
2903.741
3115.415
3112.918
3159.015
3117.61
3114.039
3112.03
3110.56
3097.488
3094.863
3094.363
3089.256
3088.613
3081.429
3083.438
3083.938
2878.342
2698.445
2702.914
2704.201
2704.763
2545.659
2404.234
2404.734
2439.734
3111.134
3108.366
3097.438
3093.533
3086.39
3081.461
3064.557
2988.244
2983.315
3044.646
3070.939
3082.372
3086.372
3097.567
3102.616
2891.074
2907.21
2909.852
3122.768
3122.274
3121.543
3119.933
3119.933
3119.933
3119.933
3106.543
3102.116
3102.116
3106.543
3128.787
3105.854
3001.854
2801.731
2802.314
2968.979
2987.789
2942.789
2929.717
2929.717
2934.03
2925.488
2918.304
2918.304
2904.012
2904.012
2904.012
2904.012
2904.012
2881.298
2842.726
2842.893
2828.601
2836.28
2839.851
2841.899
2846.613
2860.905
2861.548
2865.798
2927.905
2879.449
2847.137
2824.908
2867.467
2869.824
2678.503
2869.824
2890.86
2868.074
2676.869
2686.403
2518.503
2525.221
2542.612
2555.117
2894.467
2905.628
2919.92
2906.92
2906.92
2914.063
2810.063
2813.146
2814.717
2827.789
2846.598
2846.598
2656.825
2692.825
2695.936
2703.908
2534.914
2897.045
2877.759
2860.997
2870.426
2868.955
2883.491
2866.158
2873.301
2877.205
2685.392
2687.842
2707.475
2852.411
2857.339
2858.911
2853.804
2886.661
2912.673
2919.815
2923.074
2921.074
2921.699
2921.699
2898.985
2882.747
2878.426
2862.188
2671.375
2680.908
2872.402
2680.908
2865.527
2865.527
2848.765
2846.265
2842.36
2793.905
2787.03
2783.125
2775.839
2757.03
2718.967
2699.682
2694.92
2714.205
2718.11
2722.872
2730.158
2768.22
2775.095
2793.905
2607.644
2793.905
2811.905
2811.128
2623.719
2811.128
2832.051
2842.979
2826.217
2788.155
2784.25
2779.488
2779.488
2727.926
2726.354
2717.247
2717.247
2734.009
2551.742
2392.258
2251.537
2254.752
2129.488
2017.41
1916.54
1919.873
2738.771
2715.592
2698.342
2706.021
2716.021
2721.128
2718.628
2777.497
2798.706
2801.41
2618.709
2639.448
2639.601
2814.34
2811.898
2812.369
2795.439
2795.439
2788.724
2606.851
2627.59
2790.852
2790.852
2770.416
2772.369
2591.563
2753.997
2728.794
2739.468
2560.807
2729.491
2725.34
2725.34
2728.828
2695.805
2695.642
2695.642
2700.631
2692.084
2516.514
2691.474
2724.195
2746.834
2765.672
2756.462
2751.811
2760.358
2749.09
2753.302
2755.683
2744.782
2737.805
2709.317
2709.317
2713.468
2716.48
2715.869
2711.648
2738.753
2721.823
2719.823
2701.451
2721.997
2627.985
2627.985
2625.282
2550.744
2529.535
2518.267
2476.698
2438.666
2429.77
2429.77
2429.77
2443.968
2436.468
2435.858
2454.23
2484.631
2465.794
2488.049
2471.119
2471.119
2480.328
2433
2449.372
2485.976
2495.405
2493.048
2488.119
2497.548
2463.738
2466.238
2486.774
2320.989
2472.482
2472.482
2472.482
2484.018
2439.018
2276.417
2134.141
2439.018
2276.417
2435.685
2433.676
2433.676
2271.431
2129.466
2136.94
2155.94
2165.503
2474.86
2467.182
2415.619
2426.548
2435.089
2435.089
2432.464
2379.756
2387.042
2382.28
2413.405
2252.511
2413.405
2252.511
2408.476
2406.039
2398.896
2391.753
2516.753
2537.289
2527.86
2527.217
2539.753
2528.592
2531.676
2499.363
2489.125
2500.054
2517.387
2496.351
2499.119
2537.69
2519.69
2500.405
2500.405
2511.94
2509.583
2540.708
2585.708
2582.94
2592.048
2594.048
2601.232
2600.75
2613.286
2613.286
2590.5
2571.69
2593.92
2594.086
2589.372
2599.586
2600.211
2632.524
2633.024
2660.774
2660.149
2660.149
2705.149
2524.806
2703.577
2706.077
2706.077
2525.672
2367.818
2377.583
2379.333
2719.071
2537.8
2710.53
2712.887
2738.899
2733.792
2767.292
2765.72
2768.077
2764.506
2639.506
2631.827
2646.119
2650.881
2654.214
2673.024
2677.952
2677.952
2684.827
2662.113
2660.104
2649.89
2641.14
2661.676
2670.783
2688.116
2676.955
2644.098
2682.161
2682.161
2672.161
2667.839
2700.339
2687.339
2713.143
2709.571
2762.28
2774.28
2773.637
2780.512
2595.144
2771.405
2749.69
2762.226
2749.155
2704.155
2683.119
2701.119
2701.119
2697.214
2720.393
2721.863
2721.863
2755.363
2742.827
2742.827
2762.113
2761.336
2752.795
2569.275
2593.231
2612.758
2449.461
2776.598
2809.098
2806.661
2808.661
2785.946
2789.205
2791.643
2757.833
2746.673
2746.673
2732.381
2755.56
2738.798
2734.036
2734.036
2734.036
2734.036
2730.131
2730.131
2730.131
2730.131
2731.702
2736.464
2740.369
2557.678
2566.178
2605.9
2443.031
2457.698
2313.127
2339.892
2810.173
2771.601
2768.518
2778.732
2777.955
2761.051
2753.372
2750.113
2566.772
2750.113
2745.801
2745.801
2771.604
2789.604
2798.146
2611.603
2635.881
2638.214
2822.408
2825.176
2827.613
2816.685
2807.256
2807.256
2787.381
2768.095
2782.387
2813.512
2819.315
2838.601
2858.476
2861.244
2882.958
2879.875
2905.542
2891.006
2901.244
2903.869
2895.327
2896.899
2900.158
2880.872
2859.949
2841.14
2848.283
2848.283
2786.176
2786.676
2764.961
2580.631
2764.961
2701.27
2701.741
2776.279
2780.491
2782.794
2820.826
2810.849
2769.279
2772.462
2771.852
2591.079
2769.852
2769.224
2758.549
2754.398
2743.724
2757.683
2748.474
2746.52
2732.561
2739.578
2749.555
2760.23
2760.23
2764.451
2764.451
2584.16
2742.265
2742.265
2716.858
2707.962
2704.779
2694.105
2661.384
2660.913
2660.913
2660.424
2660.424
2639.215
2617.503
2639.215
2641.779
2662.988
2674.256
2685.977
2704.349
2695.14
2688.163
2677.262
2677.424
2656.878
2534.785
2369.473
2385.223
2546.645
2557.913
2391.092
2524.89
2505.477
2524.89
2360.223
2375.973
2411.524
2549.369
2505.416
2543.448
2543.919
2565.128
2616.61
2605.343
2602.64
2621.012
2625.163
2622.86
2623.488
2622.878
2627.529
2677.892
2503.247
2652.689
2638.491
2618.433
2595.794
2598.096
2428.655
2432.959
2454.122
2625.34
2608.968
2731.061
2734.317
2742.863
2743.622
2743.622
2741.32
2737.108
2726.433
2758.526
2738.468
2770.561
2763.544
2767.695
2776.59
2787.265
2782.451
2793.352
2794.049
2792.096
2760.352
2761.049
2792.794
2792.794
2795.174
2612.88
2785.198
2783.762
2787.576
2766.366
2722.413
2705.483
2702.471
2702.471
2702.308
2691.041
2665.634
2642.994
2642.994
2639.738
2631.395
2610.186
2588.474
2588.474
2561.369
2540.933
2533.956
2515.584
2503.34
2503.34
2500.637
2463.459
2463.459
2461.017
2443.436
2411.875
2360.392
2350.392
2327.753
2295.032
2295.032
2292.468
2290.026
2277.782
2275.48
2257.108
2247.131
2247.131
2242.48
2217.41
2216.939
2216.939
2213.756
2183.355
2171.634
2164.919
2139.512
2120.674
2116.023
2107.128
2107.128
2105.593
2101.779
2101.779
2085.407
2085.407
2043.837
2085.407
2101.779
2138.956
2189.32
2198.215
2202.866
2206.68
2235.169
2236.703
2229.587
2229.587
2222.872
2220.491
2217.308
2199.727
2199.727
2187.483
2181.814
2144.14
2127.291
2124.849
2124.36
2113.686
2099.727
2099.727
2098.192
2081.262
2077.448
2114.911
2089.107
2089.107
2087.107
2082.786
2031.223
1993.161
1963.994
1958.887
1916.327
1890.661
1881.232
1869.696
1863.893
1893.06
1904.595
1914.024
1919.827
1924.935
1796.606
1820.561
1706.776
1922.851
1920.414
1920.414
1889.289
1887.289
1866.753
1859.568
1850.461
1838.926
1836.568
1836.568
1827.369
1807.009
1841.643
1895.637
1915.997
1918.412
1914.058
1959.434
1924.259
1924.259
1890.134
1889.459
1902.522
1943.148
1930.398
1902.03
1901.171
1865.25
1865.25
1829.037
1784.838
1758.527
1742.304
1739.537
1736.395
1731.044
1706.395
1690.172
1690.172
1685.277
1710.146
1664.719
1651.969
1549.168
1528.468
1528.468
1517.968
1478.539
1477.961
1477.104
1472.004
1471.254
1463.004
1454.261
1408.586
1402.871
1398.186
1375.043
1352.471
1361.214
1369.464
1375.179
1397.75
1443.425
1448.111
1471.254
1424.529
1424.529
1420.618
1449.783
1435.996
1430.114
1469.208
1468.996
1445.723
1445.723
1443.66
1420.371
1413.919
1408.629
1369.113
1402
1378.533
1364.431
1309.306
1383.983
1390.879
1433.121
1494.759
1519.034
1574.159
1579.815
1582.091
1595.28
1582.091
1582.091
1565.384
1560.918
1530.616
1498.422
1498.422
1533.134
1484.384
1483.313
1487.938
1521.281
1538.585
1557.388
1588.772
1595.147
1595.147
1565.335
1595.147
1645.862
1614.134
1614.134
1588.06
1548.134
1513.556
1509.472
1532.452
1536.692
1572.601
1607.678
1576.524
1568.909
1537.755
1505.649
1537.755
1568.909
1541.043
1541.043
1537.005
1564.87
1568.909
1623.524
1596.447
1588.755
1527.269
1480.154
1536.72
1530.16
1514.86
1443.36
1356.735
1349.49
1357.49
1333.48
1319.13
1383.075
1383.075
1383.075
1354.675
1319.335
1321.975
1370.975
1401.538
1407.846
1421.907
1447.981
1462.148
1558.759
1572.046
1598.343
1631.065
1606.741
1628.179
1634.647
1623.933
1585.433
1557.219
1580.315
1640.827
1633.962
1634.231
1645.769
1681.678
1688.543
1718.928
1760.389
1754.082
1751.543
1668.25
1599.5
1648.18
1687.521
1620.911
1612.578
1561.536
1502.37
1467.589
1502.37
1499.075
1486.835
1422.89
1416.33
1384.73
1376.73
1344.33
1332.78
1340.78
1352.33
1384.73
1448.675
1460.915
1492.515
1499.075
1494.665
1457.32
1420.84
1403.64
1403.64
1403.64
1403.64
1398.99
1393.515
1393.515
1400.655
1406.13
1410.78
1427.98
1484.26
1550.447
1587.139
1601.625
1582.245
1573.665
1573.665
1557.825
1514.705
1504.955
1504.955
1515.822
1524.072
1585.558
1572.204
1590.148
1604.815
1613.843
1653.769
1623.769
1592.852
1623.769
1653.769
1653.769
1653.769
1653.769
1716.337
1715.529
1715.529
1781.68
1773.1
1769.725
1712.925
1749.516
1808.682
1843.464
1838.068
1817.88
1874.027
1833.435
1795.228
1787.467
1828.06
1849.125
1854.755
1892.962
1821.526
1843.464
1798.547
1779.016
1836.408
1827.408
1903.017
1903.017
1897.733
1865.46
1856.369
1819.551
1783.642
1776.188
1762.278
1749.153
1676.489
1749.153
1785.972
1793.426
1829.335
1838.426
1852.335
1865.46
1832.528
1767.983
1763.21
1767.983
1832.528
1865.46
1827.517
1762.972
1800.915
1865.46
1827.517
1790.699
1863.364
1907.614
1972.159
1989.545
2045.227
2094.489
2157.216
2179.239
2188.648
2193.932
2215.239
2228.875
2250.898
2199.902
2232.772
2253.152
2279.696
2322.022
2360.435
2386.533
2427.125
2433.647
2436.332
2457.397
2517.397
2521.065
2528.196
2537.196
2546.522
2582.815
2583.728
2584.033
2587.701
2592.495
2593.375
2634.853
2540.38
2459.825
2463.785
2491.945
2496.595
2503.855
2665.555
2700.895
2718.095
2753.245
2701.466
2713.236
2742.313
2743.322
2778.399
2801.486
2708.903
2684.839
2704.446
2616.362
2654.034
2611.793
2604.397
2549.272
2532.565
2495.392
2481.737
2473.332
2411.694
2420.099
2355.579
2391.513
2432.346
2411.544
2463.113
2470.032
2482.806
2531.547
2544.672
2550.859
2606.719
2675.898
2684.375
2726.785
2731.473
2748.535
2751.223
2722.019
2647.287
2659.934
2681.346
2709.404
2710.022
2712.551
2647.441
2622.89
2581.125
2578.213
2629.35
2642.464
2652.714
2667.757
2620.042
2657.958
2670.979
2716.406
2731.031
2520.952
2705.097
2683.153
2682.958
2678
2669.667
2639.722
2669.667
2669.861
2674.819
2683.153
2709.087
2731.031
2750.753
2764.212
2551.58
2555.17
2729.767
2732.684
2688.278
2693.236
2690.946
2699.662
2707.77
2719.122
2698.689
2735.368
2739.422
2759.098
2781.659
2818.551
2850.76
2790.587
2755.997
2779.922
2758.216
2760.265
2772.082
2751.08
2567.675
2568.342
2581.908
2757.58
2761.152
2758.795
2760.795
2758.786
2766.464
2784.464
2761.286
2756.179
2572.433
2577.2
2580.311
2582.644
2591.644
2615.922
2795.488
2835.238
2858.024
2934.336
2738.714
2739.164
2768.214
2768.881
2963.89
2954.783
2955.408
2933.179
2937.429
2947.643
2914.786
2927.857
2937.5
2938.214
2944.018
2910.208
2890.333
2894.646
2880.11
2880.592
2918.655
2724.078
2724.661
2736.361
2565.339
2924.631
2927.399
2920.256
2899.22
2911.22
2717.139
2547.318
2891.345
2899.887
2883.125
2905.911
2915.018
2903.482
2911.161
2909.113
2883.101
2786.851
2804.851
2799.923
2819.798
2841.512
2837.94
2854.179
2856.679
2905.134
2926.848
2731.725
2742.492
2912.58
2889.866
2697.208
2705.708
2536.602
2850.518
2854.089
2849.839
2659.85
2820.673
2823.44
2820.673
2853.53
2814.592
2833.402
2844.938
2822.318
2820.848
2839.658
2828.122
2845.455
2655.758
2489.773
2343.316
2835.217
2646.203
2480.815
2489.773
2343.316
2844.955
2852.634
2861.741
2670.958
2848.67
2858.908
2847.372
2834.836
2813.914
2810.83
2806.58
2784.351
2598.728
2774.113
2782.863
2759.685
2575.706
2577.981
2613.981
2779.658
2594.347
2775.753
2756.943
2737.658
2732.896
2725.61
2687.548
2680.673
2684.577
2703.863
2523.606
2541.161
2545.606
2552.022
2392.521
2730.738
2719.81
2697.024
2654.464
2654.464
2652.464
2647.536
2647.054
2679.366
2669.366
2658.205
2659.676
2617.116
2621.438
2634.509
2673.08
2673.08
2668.759
2654.223
2656.223
2479.142
2641.932
2661.217
2694.074
2694.699
2771.012
2586.278
2763.869
2789.536
2787.036
2786.554
2795.982
2825.149
2813.613
2836.399
2832.827
2815.494
2813.485
2830.818
2841.747
2765.435
2778.506
2756.792
2739.887
2773.387
2588.494
2595.161
2613.711
2627.05
2789.03
2815.042
2814.417
2834.292
2830.72
2798.22
2805.506
2618.472
2800.792
2791.685
2757.875
2718.125
2705.125
2693.964
2701.643
2754.351
2570.728
2741.815
2750.565
2738.03
2740.077
2745.881
2734.345
2734.845
2730.94
2712.94
2717.869
2706.708
2695.173
2706.708
2610.458
2627.708
2665.771
2656.128
2670.664
2652.664
2644.122
2626.789
2627.289
2624.789
2634.789
2636.789
2639.872
2654.164
2642.164
2643.634
2656.705
2623.848
2651.598
2672.634
2676.539
2687.699
2673.408
2769.658
2775.461
2788.533
2791.301
2798.485
2776.771
2796.646
2792.333
2758.833
2748.833
2565.578
2623.544
2792.131
2787.818
2804.057
2741.949
2559.153
2720.235
2720.86
2699.938
2668.813
2656.277
2611.277
2603.598
2629.265
2627.265
2627.265
2607.39
2617.39
2616.765
2613.997
2595.997
2422.931
2589.539
2634.539
2668.348
2665.723
2688.438
2688.438
2688.271
2726.842
2765.414
2742.699
2753.628
2878.628
2888.057
2890.065
2923.565
2914.458
2897.125
2878.315
2855.53
2853.03
2854.5
2853.786
2815.723
2813.676
2813.676
2781.363
2677.363
2686.113
2663.327
2662.845
2485.322
2586.533
2583.199
2577.396
2569.717
2569.717
2537.405
2537.405
2528.655
2475.946
2466.518
2482.756
2456.744
2452.423
2451.923
2484.235
2484.235
2488.14
2488.14
2483.89
2483.89
2536.598
2562.61
2583.146
2586.229
2597.765
2601.098
2504.848
2522.182
2518.61
2538.485
2530.807
2534.14
2508.473
2498.235
2331.686
2352.433
2508.464
2519.625
2520.402
2539.688
2542.771
2564.485
2579.021
2596.271
2563.771
2561.771
2571.199
2633.307
2633.307
2652.592
2647.485
2613.985
2599.693
2602.777
2429.258
2633.159
2629.744
2590.232
2613.5
2567.402
2561.457
2548.616
2548.616
2548.104
2548.104
2548.104
2547.372
2557.835
2547.372
2559.189
2551.872
2556.921
2620.543
2628.006
2625.957
2643.713
2646.549
2655.299
2668.616
2694.909
2697.323
2633.701
2645.994
2628.238
2449.04
2479.884
2660.607
2621.095
2571.457
2562.707
2562.707
2548.067
2524.896
2461.274
2443.957
2446.055
2450.933
2442.183
2437.765
2424.375
2441.009
2441.009
2419.46
2442.232
2442.232
2505.854
2513.171
2492.811
2526.104
2555.982
2582.628
2581.988
2581.988
2405.943
2409.054
2575.997
2585.326
2585.326
2583.268
2585.366
2567.695
2521.598
2548.03
2374.301
2376.256
2540.25
2441.652
2444.991
2473.418
2473.418
2466.058
2464.552
2461.716
2463.223
2469.168
2472.582
2449.314
2448.674
2446.576
2446.576
2480.235
2468.418
2467.905
2472.784
2472.784
2486.101
2564.274
2389.438
2554.03
2577.774
2523.78
2535.598
2559.341
2384.841
2525.683
2540.573
2540.573
2543.07
2546.409
2568.652
2590.896
2583.03
2579.372
2576.213
2589.53
2412.972
2414.881
2260.739
2591.579
2561.701
2566.128
2565.332
2574.296
2560.905
2544.271
2544.271
2561.588
2593.473
2593.473
2566.826
2571.244
2569.738
2569.738
2546.396
2506.884
2530.226
2530.866
2541.11
2593.93
2602.893
2614.71
2613.204
2601.771
2606.198
2612.814
2635.585
2657.018
2646.53
2629.896
2603.25
2591.433
2600.183
2597.348
2597.348
2618.78
2607.585
2573.268
2551.72
2569.476
2569.476
2572.037
2589.793
2606.427
2601.378
2537.756
2548
2527.64
2534.256
2514.5
2548.159
2597.796
2611.113
2631.473
2634.308
2613.948
2614.46
2586.034
2626.753
2624.256
2615.293
2436.977
2595.537
2601.482
2589.665
2611.098
2600.634
2609.963
2606.549
2593.159
2602.488
2579.716
2583.055
2571.238
2443.189
2454.622
2478.366
2504.799
2566.763
2578.875
2580.984
2583.609
2556.297
2554.147
2581.241
2565.978
2575.166
2585.891
2558.797
2569.547
2560.359
2495.147
2512.747
2534.834
2666.084
2666.609
2480.567
2663.372
2660.134
2663.634
2663.634
2677.284
2728.163
2712.9
2523.628
2529.936
2364.94
2365.649
2396.236
2747.609
2798.488
2787.988
2765.188
2767.338
2759.688
2794.188
2780.463
2798.063
2788.5
2796.563
2788.913
2785.413
2787.563
2805.763
2819.488
2804.481
2825.35
2820.35
2806.7
2803.278
2806.184
2796.284
2740.941
2740.941
2740.941
2705.441
2687.328
2684.703
2702.816
2514.247
2516.689
2535.061
2701.341
2695.247
2670.909
2670.909
2689.022
2668.153
2644.228
2644.978
2631.253
2619.778
2584.278
2549.103
2545.681
2541.144
2541.144
2575.269
2521.128
2527.909
2538.409
2593.753
2580.103
2582.203
2578.103
2398.235
2435.413
2599.956
2605.131
2624.881
2628.631
2588.666
2523.453
2523.453
2511.734
2512.241
2512.747
2534.834
2530.734
2542.847
2582.813
2584.913
2612.225
2591.975
2603.45
2421.814
2424.517
2462.192
2619.906
2616.484
2585.859
2563.059
2522.559
2517.559
2437.431
2414.091
2412.547
2439.609
2404.811
2414.234
2354.534
2333.666
2348.928
2325.588
2326.113
2309.063
2309.063
2287.094
2297.219
2314.819
2380.031
2382.656
2370.938
2388.688
2388.863
2402.025
2411.213
2452.95
2463.075
2453.888
2449.35
2454.3
2534.428
2505.291
2487.091
2545.554
2549.064
2568.449
2568.449
2565.128
2567.333
2564.708
2550.708
2532.042
2351.182
2497.042
2473.657
2483.465
2480.484
2479.946
2489.144
2484.5
2505.904
2516.058
2512.468
2500.045
2497.84
2491.59
2481.436
2585.09
2598.59
2587.821
2562.859
2559.878
2581.994
2563.327
2550.904
2528.788
2528.25
2531.231
2515.577
2545.462
2557.481
2529.692
2586.455
2608.987
2627.564
2639.333
2639.333
2628.564
2625.054
2602.522
2602.522
2593.324
2617.862
2581.785
2578.196
2394.039
2575.99
2391.991
2566.183
2523.375
2516.42
2498.933
2522.317
2494.676
2514.061
2545.471
2532.548
2560.189
2570.343
2575.843
2573.151
2591.202
2621.087
2618.881
2618.112
2431.104
2618.112
2618.112
2582.728
2575.035
2657.218
2646.192
2650.837
2641.413
2600.423
2614.423
2617.115
2659.048
2631.26
2666.058
2663.519
2661.365
2666.494
2664.288
2657.333
2467.524
2505.586
2514.128
2516.137
2548.449
2735.285
2721.208
2776.737
2769.782
2811.321
2866.849
2852.849
2877.811
2879.965
2858.561
2859.099
2841.612
2834.657
2845.657
2863.708
2863.708
2879.362
2865.862
2868.843
2890.958
2901.958
2906.612
2924.099
2905.894
2887.228
2892.356
2897.01
2900.599
2920.856
2917.01
2883.49
2905.606
2870.221
2857.798
2852.49
2843.067
2867.529
2849.478
2870.247
2861.053
2884.903
2885.409
2843.672
2816.359
2816.184
2619.706
2816.184
2856.684
2657.381
2834.716
2861.809
2870.997
2880.897
2910.034
2931.597
2920.872
2928.934
2873.591
2893.341
2858.841
2659.387
2663.991
2812.913
2616.663
2626.64
2658.201
2658.689
2836.003
2836.003
2816.253
2809.034
2788.784
2783.784
2783.784
2779.684
2799.434
2807.084
2811.184
2818.403
2838.653
2878.619
2883.619
2885.269
2683.971
2709.378
2716.093
2716.256
2919.319
2917.219
2926.188
2927.731
2974.981
2965.419
2970.594
2970.594
2970.088
2975.45
2973.341
2922.463
2987.675
2970.075
2992.163
3005.325
3039.45
3038.944
3027.469
3003.131
3002.475
3002.475
2981.606
3046.819
3126.947
3114.834
3110.306
3083.356
3080.45
3114.575
3094.825
3132.641
3133.314
3133.314
3138.391
3140.545
3140.006
3154.083
3168.083
3186.288
3192.538
3157.74
3145.971
3173.612
3170.103
2943.667
3129.112
3140.112
3164.651
3172.054
3193.816
3203.378
3204.128
3194.941
3144.063
3149.063
2929.36
3125.213
3120.75
3040.622
3005.447
3002.541
2991.791
2988.369
2992.906
2995.381
2930.169
2916.519
2911.569
2893.969
2891.344
2891.344
2926.844
2950.769
2945.406
2914.781
2874.816
2868.722
2858.822
2831.872
2819.759
2775.072
2829.213
2848.113
2853.475
2654.395
2665.663
2690.733
2515.25
2520.549
2366.23
2229.716
2895.725
2903.269
2869.144
2879.044
2865.881
2863.256
2845.506
2714.256
2613.194
2628.2
2628.375
2630.025
2647.075
2653.856
2657.094
2471.715
2489.297
2669.9
2660.931
2663.081
2674.556
2663.831
2608.488
2620.6
2621.106
2638.856
2623.594
2624.409
2615.222
2605.097
2632.191
2645.841
2659.003
2676.753
2658.641
2658.816
2473.317
2476.02
2656.359
2637.459
2615.372
2597.772
2631.7
2630.884
2617.234
2434.637
2495.299
2499.904
2503.087
2503.558
2680.825
2663.225
2682.975
2674.913
2675.663
2655.913
2660.441
2651.472
2588.909
2586.284
2568.084
2565.984
2606.869
2606.869
2583.019
2601.131
2648.381
2668.131
2669.781
2483.517
2484.276
2494.253
2516.439
2705.172
2664.672
2688.522
2688.522
2676.803
2671.628
2726.972
2661.101
2668.418
2486.48
2532.733
2710.189
2692.518
2746.512
2746
2751.049
2751.845
2564.219
2741.966
2739.131
2729.473
2710.204
2740.082
2718.649
2725.692
2725.198
2751.845
2760.808
2572.571
2577.071
2578.474
2581.884
2584.134
2616.111
2616.588
2801.003
2805.43
2838.53
2856.201
2856.372
2851.945
2842.287
2868.933
2871.43
2872.226
2860.409
2879.677
2683.335
2694.347
2695.75
2866.354
2864.296
2888.04
2835.22
2814.86
2814.22
2715.622
2728.939
2748.207
2776.634
2799.902
2804.688
2789.425
2793.953
2784.766
2781.859
2701.731
2708.95
2730.919
2540.39
2730.169
2705.831
2705.831
2715.019
2724.206
2684.241
2630.1
2636.881
2614.081
2629.344
2624.394
2624.394
2613.669
2589.819
2603.544
2630.856
2642.969
2666.819
2700.944
2683.894
2713.031
2632.903
2630.428
2632.538
2659.631
2653.538
2694.038
2707.2
2707.2
2702.2
2691.475
2673.725
2678.725
2491.837
2658.475
2653.475
2680.425
2639.925
2610.788
2581.65
2527.509
2525.359
2518.578
2530.691
2521.128
2530.691
2595.903
2414.794
2578.853
2582.091
2551.466
2553.009
2555.159
2556.809
2580.659
2681.722
2660.159
2633.066
2637.594
2645.094
2644.278
2646.753
2642.225
2644.85
2610.922
2586.997
2642.341
2751.541
2741.641
2749.141
2754.091
2772.991
2772.241
2796.091
2796.616
2792.078
2815.928
2792.078
2797.028
2806.591
2815.559
2815.559
2815.559
2825.459
2828.366
2823.416
2782.531
2804.5
2802.4
2802.4
2806.938
2820.663
2823.288
2826.044
2806.294
2805.638
2805.113
2807.213
2827.463
2808.563
2807.747
2803.209
2812.772
2813.447
2813.272
2779.147
2789.647
2829.613
2808.05
2803.513
2748.169
2726.606
2725.791
2535.619
2722.553
2722.028
2716.853
2716.853
2706.128
2688.378
2692.841
2727.341
2686.456
2685.95
2684.3
2699.563
2681.813
2668.65
2646.563
2669.903
2645.978
2655.166
2664.728
2668.478
2673.016
2673.016
2659.291
2686.241
2693.022
2716.772
2703.122
2685.009
2685.009
2690.184
2690.859
2695.388
2707.106
2672.981
2666.2
2632.272
2645.434
2679.559
2667.447
2643.597
2614.459
2603.734
2614.234
2616.794
2661.481
2475.797
2477.759
2636.497
2636.497
2624.384
2611.222
2592.322
2643.2
2661.4
2661.4
2641.65
2675.775
2672.275
2714.013
2723.913
2731.975
2754.063
2739.056
2729.869
2722.65
2708.925
2643.713
2661.913
2665.413
2662.506
2663.163
2669.944
2668.4
2668.925
2674.1
2660.45
2629.825
2577.976
2577.976
2577.976
2556.939
2554.841
2555.482
2557.53
2545.713
2447.116
2452.348
2451.854
2456.902
2433.634
2451.39
2449.293
2473.037
2483.5
2479.841
2470.512
2444.22
2444.22
2446.909
2446.909
2446.909
2407.396
2402.165
2408.78
2362.683
2384.927
2383.317
2220.818
2225.523
2334.372
2299.738
2300.25
2305.482
2303.872
2345.268
2344.768
2361.53
2361.363
2383.077
2374.536
2342.223
2280.116
2247.804
2230.554
2221.125
2198.339
2196.339
2134.232
2132.223
2119.688
2119.045
2129.973
1987.975
2013.875
2156.253
2173.015
2176.92
2170.045
2169.878
2231.985
2229.628
2262.485
2255.301
2272.551
2267.789
2274.247
2197.935
2202.256
2168.756
2206.818
2205.348
2222.11
2207.574
2218.503
2227.932
2223.217
2254.342
2254.342
2296.902
2294.402
2291.318
2284.443
2295.372
2142.347
2200.314
2258.281
2267.281
2293.181
2438.17
2429.063
2433.313
2440.991
2466.658
2462.408
2444.408
2454.646
2447.924
2436.657
2436.494
2437.93
2454.779
2473.616
2465.07
2497.163
2514.093
2488.686
2487.25
2482.599
2484.134
2465.762
2456.866
2436.43
2399.253
2381.672
2359.485
2380.032
2392.799
2382.125
2404.311
2401.128
2357.174
2355.64
2351.419
2249.837
2272.023
2240.279
2247.779
2268.988
2272.172
2270.218
2263.241
2283.788
2321.462
2296.259
2287.916
2292.067
2291.308
2243.98
2243.98
2237.003
2251.201
2249.247
2244.642
2261.573
2259.009
2259.009
2302.962
2307.613
2213.602
2219.27
2215.058
2206.512
2215.721
2252.898
2254.898
2233.186
2239.901
2239.291
2273.798
2278.56
2126.656
2276.122
2273.354
2230.795
2264.604
2216.149
2188.399
2126.292
2121.979
2095.967
2043.259
2085.818
2085.818
2058.068
2097.006
1957.206
1965.372
1973.872
1989.028
2118.101
2156.164
2130.152
2112.818
2115.256
2132.589
2136.161
2136.804
2113.625
2113.625
2130.958
2140.601
2157.851
2162.613
2165.696
2168.054
2163.125
2158.196
2153.268
2150.768
2150.125
2139.196
2132.054
2145.054
2155.292
2150.979
2150.979
2227.292
2194.792
2190.887
2201.815
2179.101
2146.244
2136.244
2156.119
2094.012
2091.655
1952.211
2074.321
2076.321
2050.655
2112.762
2122.405
2133.94
2166.44
2175.19
2177.958
2157.036
2134.321
2101.821
2102.598
2091.438
2101.676
1961.564
2089.14
2091.188
2068.473
2068.473
2055.402
2093.973
2051.414
2029.699
2038.807
2032.348
2027.634
2067.759
2101.052
2091.393
2071.637
2059.345
1918.935
1969.247
2108.912
2132.253
2181.89
2227.25
2194.569
2235.453
2236.109
2220.847
2065.904
2215.672
2210.722
2244.65
2271.6
2263.538
2264.044
2240.294
2287.929
2295.333
2319.795
2337.846
2326.077
2349.462
2349.462
2347.256
2349.795
2351.949
2374.603
2374.603
2376.808
2432.337
2450.542
2485.542
2513.183
2333.67
2494.606
2576.788
2576.609
2552.67
2548.093
2527.837
2500.196
2492.503
2464.862
2462.237
2438.853
2448.66
2437.891
2490.074
2525.074
2344.711
2361.473
2328.648
2338.625
2346.125
2393.453
2487.465
2638.525
2639.2
2680.084
2670.184
2666.434
2669.934
2681.653
2641.688
2638.188
2648.313
2641.094
2635.731
2627.669
2605.581
2608.819
2622.544
2611.069
2632.631
2608.294
2643.794
2638.431
2636.888
2657.756
2664.975
2646.775
2629.175
2644.438
2645.253
2641.153
2635.059
2628.278
2639.028
2604.528
2607.153
2589.553
2589.553
2581.903
2586.003
2578.784
2538.819
2518.569
2498.819
2493.819
2514.955
2527.378
2535.224
2535.224
2553.891
2577.83
2588.856
2585.346
2609.705
2591.038
2632.577
2444.536
2467.714
2655.375
2655.894
2655.356
2588.471
2583.894
2640.657
2697.42
2692.766
2684.497
2670.42
2629.429
2622.474
2627.974
2629.667
2635.167
2624.167
2613.782
2622.051
2633.821
2638.026
2634.179
2633.506
2645.526
2599.692
2612.115
2609.288
2553.76
2554.279
2544.471
2592.933
2614.337
2618.913
2618.375
2607.99
2612.635
2594.569
2605.069
2638.997
2689.875
2689.369
2716.463
2682.534
2683.35
2496.14
2663.1
2663.85
2681.963
2679.403
2681.053
2692.528
2652.028
2662.753
2659.516
2659.516
2699.481
2681.881
2641.381
2629.906
2637.125
2626.375
2617.188
2619.288
2617.188
2593.338
2595.897
2635.863
2649.588
2584.375
2584.375
2624.875
2590.375
2600.5
2603.125
2646.171
2646.171
2698.991
2751.811
2757.756
2787.634
2597.568
2615.523
2616.136
2797.073
2806.951
2800.335
2609.403
2630.131
2648.54
2824.665
2798.372
2794.957
2793.348
2764.921
2776.738
2791.628
2782.299
2743.308
2752.966
2744.003
2751.363
2718.07
2713.192
2752.183
2766.823
2751.933
2754.622
2760.567
2727.274
2704.104
2686.433
2685.774
2502.653
2670.884
2642.457
2654.274
2655.884
2660.302
2660.96
2647.643
2669.192
2679.07
2657.521
2647.643
2598.006
2420.869
2588.348
2595.39
2418.432
2434.977
2279.553
2589.878
2572.122
2572.616
2397.21
2401.327
2420.298
2445.128
2621.991
2604.235
2426.673
2592.418
2592.418
2601.381
2596.503
2599.918
2604.747
2609.979
2643.079
2625.323
2642.494
2646.921
2624.677
2617.213
2571.116
2549.567
2549.567
2589.454
2607.21
2589.454
2624.088
2641.405
2681.293
2687.909
2680.043
2679.549
2683.549
2706.89
2706.25
2703.689
2703.689
2686.018
2703.689
2519.347
2521.733
2652.256
2635.622
2647.439
2686.43
2608.256
2607.46
2651.058
2661.521
2644.351
2683.341
2692.671
2695.829
2697.887
2693.534
2688.302
2702.942
2715.235
2708.192
2728.552
2727.756
2725.341
2746.774
2754.64
2757.201
2756.543
2568.597
2587.006
2838.488
2820.738
2623.942
2809.988
2798.513
2821.853
2841.603
2800.719
2880.847
2890.972
2911.841
2915.078
2915.078
2919.178
2929.678
2931.788
2926.788
2924.638
2815.438
2764.559
2767.184
2769.334
2786.934
2826.9
2886
2940.038
2929.913
2934.45
2944.013
2941.863
2941.863
2996.003
3000.466
3042.203
3122.331
3119.094
3108.369
3061.119
3066.119
3086.369
3064.806
3023.922
3054.547
3003.669
3002.019
2999.544
2945.403
2960.409
2965.772
2953.659
2953.659
2929.734
2875.594
2899.519
2872.569
2814.323
2781.03
2804.299
2778.006
2778.518
2776.47
2763.079
2765.137
2686.963
2663.695
2661.006
2658.171
2679.72
2736.213
2743.756
2752.725
2741.25
2748.9
2738.175
2697.291
2697.291
2712.297
2708.197
2674.072
2638.572
2604.644
2583.775
2601.375
2624.175
2600.425
2610.325
2617.869
2566.991
2566.175
2590.513
2612.6
2618.694
2624.788
2636.9
2654.5
2469.302
2644.375
2645.125
2605.159
2626.028
2635.591
2643.091
2635.028
2594.528
2588.434
2565.094
2555.531
2556.206
2377.866
2555.456
2569.181
2569.181
2513.838
2491.038
2466.7
2488.669
2500.388
2503.809
2625.909
2623.284
2636.447
2452.509
2636.447
2633.822
2609.897
2620.022
2608.303
2617.866
2605.753
2619.478
2605.753
2565.788
2574.975
2552.888
2542.163
2524.563
2477.313
2457.063
2421.563
2398.763
2377.894
2377.894
2372.531
2360.813
2356.713
2352.184
2333.984
2333.309
2318.047
2297.178
2294.553
2292.903
2238.763
2211.813
2199.7
2194.338
2184.438
2178.344
2178.344
2178.344
2178.344
2184.438
2194.338
2199.7
2189.646
2040.352
2064.852
2101.185
2112.196
2266.253
2264.643
2241.872
2143.274
2138.921
2138.921
2134.503
2130.076
2077.256
2056.896
2045.079
2033.262
2013.994
2003.506
1993.628
1983.14
1974.39
1952.841
1941.024
1941.024
1941.024
1935.793
1857.619
1814.021
1809.604
1799.945
1797.887
1774.619
1808.859
1753.516
1753.516
1733.766
1727.672
1718.484
1697.616
1657.65
1650.106
1632.506
1614.906
1602.306
1582.056
1551.431
1520.806
1520.806
1479.922
1473.828
1505.369
1481.984
1516.207
1513.513
1505.618
1477.099
1474.878
1472.658
1468.974
1459.303
1416.671
1368.334
1357.997
1334.118
1326.314
1325.584
1301.834
1301.834
1298.997
1290.674
1246.267
1245.705
1260.496
1254.839
1234.554
1259.614
1212.596
1198.809
1181.154
1207.674
1201.174
1192.424
1187.455
1146.33
1137.186
1171.785
1204.294
1201.52
1166.278
1146.915
1094.161
1065.661
1055.258
1028.331
1035.608
1042.534
1042.534
1018.259
1050
1015.821
1037.889
1030.481
1054.885
1086.23
1125.786
1169.103
1203.835
1202.881
1185.494
1167.085
1158.972
920.335
938.018
965.794
930.594
891.704
907.896
874.549
820.465
840.228
873.883
872.195
566.945
566.945
532.633
532.633
502.352
502.352
447.43
414.523
414.523
393.858
386.858
372.558
372.558
265.983
146.817
129.018
52.018
37.269
0
