36.4
38.4
32.4
34.4
40.4
54.4
48.4
58.4
46.4
42.4
50.4
44.4
56.4
52.4
60.4
62.4
64.4
239.3
237.3
245.3
253.3
251.3
247.3
255.3
257.3
249.3
243.3
241.3
1489
1491
1493
1495
1497
1487
1499
1507
1503
1505
1501
1541.29
1543.29
1545.29
1547.29
1549.29
1551.29
1553.29
1555.29
1557.29
1559.29
1561.29
1563.29
1565.29
1567.29
1569.29
1571.29
1573.29
1579.29
1583.29
1587.29
1585.29
1595.29
1593.29
1589.29
1597.29
1591.29
1581.29
1599.29
1601.29
1605.29
1607.29
1609.29
1603.29
1611.29
1866.9
1864.9
1868.9
1870.9
1876.9
1878.9
1872.9
1862.9
1874.9
1886.9
1880.9
1888.9
1896.9
1892.9
1894.9
1882.9
1890.9
1884.9
2019.8
2021.8
2039.8
2029.8
2035.8
2037.8
2027.8
2031.8
2025.8
2023.8
2033.8
2041.8
2259.8
2257.8
2263.8
2269.8
2271.8
2267.8
2275.8
2265.8
2261.8
2273.8
2919.1
2935.1
2929.1
2933.1
2925.1
2927.1
2931.1
2937.1
2921.1
2923.1
3036.2
3034.2
3038.2
3052.2
3044.2
3058.2
3054.2
3050.2
3040.2
3046.2
3048.2
3042.2
3056.2
3062.2
3064.2
3066.2
3070.2
3068.2
3060.2
3088.18
3090.18
3092.18
3094.18
3096.18
3098.18
3100.18
3102.18
3104.18
3106.18
3108.18
3110.18
3112.18
3114.18
3116.18
3118.18
3120.18
3130.18
3134.18
3132.18
3136.18
3126.18
3138.18
3128.18
3148.18
3142.18
3152.18
3140.18
3144.18
3154.18
3156.18
3150.18
3158.18
3146.18
3537.3
3539.3
3541.3
3553.3
3543.3
3559.3
3549.3
3547.3
3555.3
3545.3
3551.3
3557.3
3563.3
3561.3
3565.3
3742.3
3746.3
3752.3
3750.3
3758.3
3756.3
3754.3
3744.3
3748.3
3768.3
3766.3
3762.3
3772.3
3760.3
3764.3
3770.3
4255.51
4257.51
4259.51
4261.51
4263.51
4265.51
4267.51
4269.51
4271.51
4273.51
4275.51
4277.51
4285.51
4293.51
4299.51
4291.51
4295.51
4289.51
4283.51
4287.51
4297.51
4303.51
4301.51
4305.51
4412
4420
4414
4416
4418
4438
4424
4430
4428
4422
4434
4440
4436
4426
4432
4444
4446
4442
4635.07
4637.07
4639.07
4641.07
4643.07
4645.07
4647.07
4649.07
4651.07
4653.07
4655.07
4657.07
4659.07
4661.07
4663.07
4665.07
4667.07
4677.07
4679.07
4673.07
4675.07
4681.07
4695.07
4689.07
4699.07
4687.07
4683.07
4691.07
4685.07
4697.07
4693.07
4701.07
4703.07
4705.07
4842.43
4844.43
4846.43
4848.43
4850.43
4852.43
4854.43
4856.43
4858.43
4860.43
4866.43
4876.43
4872.43
4874.43
4878.43
4868.43
4870.43
4882.43
4880.43
4884.43
5662
5664
5666
5668
5670
5672
5674
5676
5678
5680
5682
5684
5686
5688
5690
5692
5694
5696
5714
5720
5702
5718
5710
5704
5712
5706
5716
5708
5734
5728
5736
5732
5724
5730
5726
5722
6181.96
6183.96
6185.96
6187.96
6189.96
6191.96
6193.96
6195.96
6197.96
6199.96
6201.96
6203.96
6205.96
6207.96
6209.96
6211.96
6213.96
6219.96
6223.96
6227.96
6225.96
6235.96
6233.96
6229.96
6237.96
6231.96
6221.96
6239.96
6241.96
6245.96
6247.96
6249.96
6243.96
6251.96
6519.23
6521.23
6523.23
6525.23
6527.23
6529.23
6531.23
6533.23
6535.23
6537.23
6539.23
6541.23
6549.23
6557.23
6555.23
6559.23
6553.23
6547.23
6551.23
6567.23
6563.23
6565.23
6569.23
6561.23
6789.77
6791.77
6793.77
6795.77
6797.77
6799.77
6801.77
6803.77
6805.77
6807.77
6813.77
6819.77
6815.77
6817.77
6831.7
6833.7
6835.7
6837.7
6839.7
6829.77
6823.77
6827.77
6821.77
6825.77
6831.77
6841.7
6843.7
6845.7
6847.7
6849.7
6851.7
6853.7
6855.7
6857.7
6859.7
6848.1
6850.1
6852.1
6856.1
6854.1
6858.1
6861.7
6863.7
6865.7
6867.7
6866.1
6872.1
6874.1
6875.7
6870.1
6860.1
6862.1
6879.7
6876.1
6878.1
6864.1
6873.7
6868.1
6877.7
6891.7
6883.7
6897.7
6893.7
6889.7
6885.7
6887.7
6899.7
6881.7
6895.7
6880.1
6901.7
6903.7
6905.7
6909.7
6907.7
6952
6954
6956
6958
6960
6962
6964
6966
6968
6970
6972
6974
6976
6978
6980
6982
6984
6986
6992
7000
6994
6996
6998
7018
7004
7010
7008
7002
7014
7020
7016
7006
7012
7024
7026
7022
7707.3
7709.3
7711.3
7713.3
7715.3
7717.3
7719.3
7721.3
7723.3
7725.3
7727.3
7728.84
7730.84
7732.84
7734.84
7736.84
7738.84
7735.3
7733.3
7739.3
7737.3
7740.84
7742.84
7744.84
7746.84
7748.84
7750.84
7752.84
7754.84
7756.84
7758.84
7741.3
7749.3
7747.3
7743.3
7751.3
7753.3
7745.3
7760.84
7770.84
7774.84
7772.84
7776.84
7766.84
7778.84
7768.84
7788.84
7782.84
7792.84
7780.84
7784.84
7794.84
7796.84
7790.84
7798.84
7786.84
7922.3
7924.3
7926.3
7928.3
7930.3
7932.3
7934.3
7936.3
7938.3
7940.3
7942.3
7944.3
7946.3
7948.3
7950.3
7952.3
7958.3
7962.3
7968.3
7966.3
7974.3
7978.3
7972.3
7970.3
7976.3
7960.3
7964.3
7984.3
7982.3
7988.3
7980.3
7986.3
8076.6
8078.6
8074.6
8080.6
8096.6
8098.6
8088.6
8082.6
8094.6
8084.6
8090.6
8086.6
8092.6
8100.6
8108.6
8102.6
8104.6
8106.6
8179.57
8181.57
8183.57
8185.57
8187.57
8189.57
8191.57
8193.57
8195.57
8197.57
8199.57
8201.57
8203.57
8205.57
8207.57
8209.57
8211.57
8213.57
8219.57
8237.57
8223.57
8221.57
8225.57
8227.57
8233.57
8235.57
8239.57
8229.57
8231.57
8242
8244
8246
8248
8250
8252
8254
8256
8258
8260
8243.57
8245.57
8253.57
8249.57
8251.57
8247.57
8241.57
8262
8264
8266
8268
8270
8272
8274
8276
8294
8300
8282
8298
8290
8284
8292
8286
8296
8288
8314
8308
8316
8312
8304
8310
8306
8302
8636.2
8632.2
8638.2
8634.2
8630.2
8646.2
8656.2
8652.2
8640.2
8654.2
8650.2
8642.2
8644.2
8648.2
8737.1
8739.1
8741.1
8743.1
8745.1
8747.1
8749.1
8751.1
8753.1
8755.1
8772.8
8774.8
8776.8
8778.8
8777.1
8761.1
8771.1
8775.1
8767.1
8769.1
8773.1
8779.1
8763.1
8765.1
8780.8
8782.8
8782.94
8784.8
8784.94
8786.8
8786.94
8788.8
8788.94
8790.8
8790.94
8792.94
8794.94
8796.94
8798.94
8798.8
8796.8
8800.94
8802.94
8804.94
8802.8
8812.94
8808.8
8810.8
8806.8
8814.8
8818.94
8816.94
8804.8
8810.94
8800.8
8814.94
8812.8
8830.94
8820.94
8826.94
8828.94
8822.94
8832.94
8824.94
9233.3
9223.3
9239.3
9221.3
9225.3
9235.3
9231.3
9237.3
9229.3
9227.3
9241.3
9245.3
9243.3
9247.3
9275.73
9277.73
9279.73
9281.73
9283.73
9285.73
9287.73
9289.73
9291.73
9293.73
9295.73
9297.73
9299.73
9301.73
9303.73
9305.73
9307.73
9317.73
9319.73
9313.73
9315.73
9321.73
9335.73
9329.73
9339.73
9327.73
9323.73
9331.73
9325.73
9337.73
9333.73
9341.73
9343.73
9345.73
9532
9534
9536
9538
9540
9542
9544
9546
9548
9550
9552
9554
9556
9558
9560
9562
9564
9566
9572
9580
9574
9576
9578
9598
9584
9590
9588
9582
9594
9600
9596
9586
9592
9604
9606
9602
10053.1
10055.1
10057.1
10059.1
10061.1
10063.1
10065.1
10067.1
10069.1
10071.1
10073.1
10075.1
10077.1
10079.1
10081.1
10083.1
10085.1
10091.1
10093.1
10095.1
10099.1
10097.1
10109.1
10115.1
10117.1
10113.1
10103.1
10105.1
10119.1
10107.1
10111.1
10101.1
10121.1
10123.1
10671.2
10673.2
10675.2
10677.2
10679.2
10681.2
10683.2
10684.43
10685.2
10686.43
10687.2
10688.43
10689.2
10690.43
10691.2
10692.43
10693.2
10694.43
10695.2
10696.43
10697.2
10698.43
10699.2
10700.43
10701.2
10702.43
10703.2
10705.2
10707.2
10715.2
10708.43
10718.43
10714.43
10716.43
10719.2
10713.2
10717.2
10710.43
10712.43
10731.2
10724.43
10723.2
10737.2
10722.43
10733.2
10729.2
10725.2
10727.2
10720.43
10726.43
10739.2
10721.2
10735.2
10741.2
10743.2
10745.2
10749.2
10747.2
10822
10822.62
10824
10824.62
10826
10826.62
10828
10828.62
10830
10830.62
10832
10832.62
10834
10834.62
10836
10836.62
10838
10838.62
10840
10840.62
10842
10842.62
10844
10844.62
10846
10846.62
10848
10848.62
10850
10850.62
10852
10852.62
10854
10854.62
10856
10864.62
10868.62
10874
10880
10866.62
10876.62
10862
10878
10874.62
10870
10870.62
10864
10878.62
10860.62
10872
10872.62
10866
10862.62
10876
10868
10894
10888
10896
10882.62
10886.62
10892
10884
10888.62
10890
10886
10890.62
10884.62
10892.62
10880.62
10882
10915.5
10917.5
10907.5
10911.5
10909.5
10905.5
10919.5
10913.5
10923.5
10935.5
10933.5
10929.5
10925.5
10931.5
10937.5
10921.5
10927.5
11046.66
11048.66
11050.66
11052.66
11054.66
11056.66
11058.66
11060.66
11062.66
11064.66
11066.66
11068.66
11076.66
11074.66
11078.66
11094.66
11084.66
11090.66
11092.66
11082.66
11086.66
11080.66
11096.66
11088.66
11166.7
11174.7
11176.7
11172.7
11170.7
11168.7
11178.7
11182.7
11196.7
11188.7
11190.7
11194.7
11198.7
11192.7
11186.7
11184.7
11180.7
11794.9
11792.9
11796.9
11798.9
11804.9
11806.9
11808.9
11802.9
11810.9
11800.9
12036.8
12028.8
12038.8
12030.8
12032.8
12034.8
12058.8
12050.8
12056.8
12046.8
12054.8
12040.8
12044.8
12052.8
12048.8
12042.8
12062.8
12060.8
12112
12114
12116
12118
12120
12122
12124
12126
12128
12130
12132
12134
12136
12138
12138.3
12140
12140.3
12142
12142.3
12144
12144.3
12146
12146.3
12148.3
12150.3
12152.3
12154.3
12156.3
12158.3
12152
12160
12154
12156
12158
12160.3
12162.3
12164.3
12166.3
12168.3
12174.3
12178
12164
12178.3
12170
12168
12162
12174
12180
12176
12176.3
12166
12172
12184
12184.3
12186
12182
12182.3
12190.3
12198.3
12194.3
12188.3
12186.3
12192.3
12196.3
12180.3
12200.3
12204.3
12202.3
12369.51
12371.51
12373.51
12375.51
12377.51
12379.51
12381.51
12383.51
12385.51
12387.51
12389.51
12391.51
12393.51
12395.51
12397.51
12399.51
12401.51
12411.51
12415.51
12413.51
12417.51
12407.51
12419.51
12409.51
12429.51
12423.51
12433.51
12421.51
12425.51
12435.51
12437.51
12431.51
12439.51
12427.51
12490.2
12496.2
12498.2
12492.2
12494.2
12488.2
12504.2
12512.2
12508.2
12516.2
12502.2
12518.2
12510.2
12500.2
12506.2
12514.2
12547.3
12549.3
12551.3
12553.3
12555.3
12557.3
12559.3
12558.4
12544.4
12554.4
12550.4
12546.4
12552.4
12556.4
12548.4
12561.3
12563.3
12565.3
12567.3
12569.3
12571.3
12573.3
12575.3
12564.4
12562.4
12560.4
12585.3
12597.3
12587.3
12593.3
12591.3
12599.3
12581.3
12589.3
12595.3
12583.3
12607.3
12605.3
12609.3
12603.3
12601.3
12631.77
12633.77
12635.77
12637.77
12639.77
12641.77
12643.77
12645.77
12647.77
12649.77
12655.77
12657.77
12659.77
12671.77
12665.77
12669.77
12661.77
12663.77
12667.77
12673.77
12879.7
12873.7
12871.7
12877.7
12875.7
12883.7
12893.7
12895.7
12881.7
12887.7
12891.7
12889.7
12897.7
12885.7
13296.1
13298.1
13300.1
13302.1
13304.1
13306.1
13308.1
13310.1
13310.37
13312.1
13312.37
13314.1
13314.37
13316.1
13316.37
13318.1
13318.37
13320.1
13320.37
13322.1
13322.37
13324.1
13324.37
13326.1
13326.37
13328.1
13328.37
13330.37
13332.37
13334.1
13336.1
13338.1
13338.37
13340.37
13358.37
13352.1
13358.1
13348.37
13354.37
13356.37
13356.1
13346.1
13346.37
13348.1
13350.37
13344.37
13342.1
13340.1
13350.1
13342.37
13354.1
13352.37
13344.1
13360.1
13362.1
13364.1
13360.37
13366.1
13402
13404
13406
13408
13410
13412
13414
13416
13418
13420
13422
13424
13426
13428
13430
13432
13434
13436
13454
13460
13442
13458
13450
13444
13452
13446
13456
13448
13473.1
13474
13468
13475.1
13476
13471.1
13472
13477.1
13469.1
13465.1
13464
13470
13466
13479.1
13462
13467.1
13483.1
13481.1
13504.2
13508.2
13500.2
13512.2
13502.2
13516.2
13506.2
13514.2
13510.2
13518.2
13520.2
13597.34
13599.34
13601.34
13603.34
13605.34
13607.34
13609.34
13611.34
13613.34
13615.34
13633.34
13623.34
13635.34
13621.34
13637.34
13631.34
13639.34
13625.34
13629.34
13627.34
13700.5
13702.5
13704.5
13706.5
13708.5
13710.5
13712.5
13714.5
13716.5
13718.5
13720.5
13722.5
13724.5
13726.5
13728.5
13730.5
13732.5
13738.5
13756.5
13748.5
13750.5
13740.5
13744.5
13742.5
13758.5
13754.5
13752.5
13746.5
13768.5
13766.5
13762.5
13764.5
13770.5
13760.5
13824.7
13826.7
13828.7
13830.7
13832.7
13834.7
13836.7
13838.7
13840.7
13842.7
13844.7
13846.7
13848.7
13850.7
13852.7
13854.7
13856.7
13878.7
13862.7
13870.7
13872.7
13868.7
13866.7
13864.7
13876.7
13874.7
13892.7
13884.7
13886.7
13890.7
13894.7
13888.7
13882.7
13880.7
13916.4
13918.4
13920.4
13922.4
13924.4
13926.4
13928.4
13930.4
13932.4
13934.4
13936.4
13938.4
13940.4
13942.4
13944.4
13946.4
13948.4
14169.48
14171.48
14173.48
14175.48
14177.48
14179.48
14181.48
14183.48
14185.48
14187.48
14189.48
14191.48
14193.48
14195.48
14213.48
14209.48
14203.48
14211.48
14217.48
14201.48
14207.48
14205.48
14219.48
14215.48
14223.48
14225.48
14221.48
14227.48
14510.7
14512.7
14514.7
14516.7
14518.7
14520.7
14522.7
14524.7
14526.7
14528.7
14530.7
14532.7
14534.7
14536.23
14536.7
14538.23
14538.7
14540.23
14540.7
14542.23
14542.7
14544.23
14544.7
14546.23
14546.7
14548.23
14550.23
14552.23
14554.23
14556.23
14558.23
14554.7
14558.7
14552.7
14556.7
14560.23
14562.23
14564.23
14566.23
14568.23
14570.23
14579.1
14570.7
14562.7
14576.7
14572.7
14578.23
14568.7
14564.7
14566.7
14578.7
14560.7
14574.7
14576.23
14581.1
14583.1
14585.1
14587.1
14589.1
14591.1
14593.1
14595.1
14597.1
14580.7
14582.7
14594.23
14580.23
14584.7
14582.23
14584.23
14588.7
14590.23
14592.23
14586.7
14596.23
14586.23
14588.23
14598.23
14600.23
14602.23
14610.23
14606.23
14608.23
14604.23
14664.4
14666.4
14668.4
14670.4
14672.4
14674.4
14676.4
14678.4
14680.4
14682.4
14684.4
14692
14694
14696
14698
14700
14691
14696
14699
14690
14690.4
14690
14696
14698
14687
14696.4
14698
14692.4
14694
14687
14693
14698.4
14694
14693
14687
14683
14694.4
14696
14702
14704
14706
14708
14710
14712
14714
14716
14718
14720
14704.4
14703
14708
14702
14701
14700.4
14710.4
14706
14703
14701
14705
14717
14705
14709
14718
14714
14719
14702
14712
14720
14710
14717
14710
14702.4
14708.4
14717
14720
14706
14710
14702
14706.4
14722
14724
14726
14798.95
14800.95
14802.95
14804.95
14806.95
14808.95
14810.95
14812.95
14814.95
14816.95
14818.95
14828.95
14832.95
14824.95
14836.95
14826.95
14830.95
14838.95
14834.95
14840.95
14844.95
14842.95
14950.47
14952.47
14954.47
14956.47
14958.47
14960.47
14962.47
14964.47
14966.47
14968.47
14970.47
14972.47
14974.47
14976.47
14978.47
14980.47
14982.47
14984.47
14998.47
14990.47
14992.47
14994.47
14996.47
15012.47
15000.47
15018.47
15008.47
15016.47
15002.47
15006.47
15014.47
15010.47
15004.47
15020.47
15024.47
15022.47
15118.2
15114.2
15116.2
15134.2
15122.2
15124.2
15138.2
15132.2
15126.2
15136.2
15128.2
15120.2
15130.2
15150.2
15142.2
15140.2
15146.2
15144.2
15148.2
15203.3
15205.3
15207.3
15209.3
15211.3
15213.3
15215.3
15217.3
15219.3
15221.3
15223.3
15311.8
15313.8
15315.8
15317.8
15319.8
15321.8
15323.8
15325.8
15327.8
15329.8
15425.79
15427.79
15429.79
15431.79
15433.79
15435.79
15437.79
15439.79
15441.79
15443.79
15451.79
15449.79
15459.79
15453.79
15457.79
15455.79
15461.79
15463.79
15465.79
15467.79
15484.6
15486.6
15488.6
15490.6
15492.6
15494.6
15496.6
15498.6
15499.26
15500.6
15501.26
15502.6
15503.26
15504.6
15505.26
15506.6
15507.26
15508.6
15509.26
15510.6
15511.26
15512.6
15513.26
15514.6
15515.26
15516.6
15517.26
15518.6
15519.26
15521.26
15523.26
15525.26
15530.6
15526.6
15539.26
15533.26
15528.6
15531.26
15538.6
15532.6
15537.26
15534.6
15535.26
15524.6
15536.6
15543.26
15553.26
15555.26
15541.26
15546.6
15547.26
15551.26
15548.6
15550.6
15558.6
15544.6
15552.6
15540.6
15554.6
15549.26
15557.26
15556.6
15545.26
15542.6
15574.09
15576.09
15578.09
15580.09
15582.09
15584.09
15586.09
15588.09
15590.09
15592.09
15594.09
15596.09
15601.3
15603.3
15605.3
15607.3
15609.3
15611.3
15613.3
15615.3
15617.3
15619.3
15604.09
15612.09
15618.09
15610.09
15614.09
15608.09
15602.09
15606.09
15616.09
15621.3
15623.3
15625.3
15627.3
15622.09
15635.3
15620.09
15633.3
15637.3
15624.09
15639.3
15645.3
15653.3
15651.3
15647.3
15657.3
15655.3
15643.3
15649.3
15659.3
15641.3
15987
15989
15991
15993
15995
15997
15999
15998
15987
15995
15992
15994
15999
15980
15992
16000
15983
15982
15999
15998
15998
15998
15991
15994
15991
15999
15980
15988
15987
15990
15981
15989
15990
15988
15988
15985
15991
15988
15998
16001
16003
16005
16007
16001
16006
16002
16002
16002
16004
16001
16123.7
16125.7
16127.7
16129.7
16131.7
16133.7
16135.7
16137.7
16139.7
16141.7
16143.7
16153.7
16157.7
16149.7
16151.7
16155.7
16159.7
16161.7
16165.7
16169.7
16163.7
16167.7
16354.3
16356.3
16358.3
16360.3
16362.3
16364.3
16366.3
16368.3
16370.3
16372.3
16374.3
16376.3
16378.3
16380.3
16382.3
16384.3
16399
16391
16397
16395
16393
16407
16419
16409
16417
16411
16413
16403
16401
16415
16405
16423
16427
16421
16425
16482.6
16484.6
16486.6
16488.6
16490.6
16492.6
16494.6
16496.6
16498.6
16500.6
16514.6
16516.6
16512.6
16518.6
16510.6
16506.6
16508.6
16520.7
16522.7
16524.7
16526.7
16528.7
16530.7
16532.7
16533.5
16534.7
16535.5
16536.7
16537.5
16538.7
16539.1
16539.5
16524.6
16520.6
16522.6
16540.7
16541.1
16541.5
16542.7
16543.1
16543.5
16544.7
16545.1
16545.5
16546.7
16547.1
16547.5
16548.7
16549.1
16549.5
16550.7
16551.1
16551.5
16552.7
16553.1
16553.5
16555.1
16555.5
16557.1
16557.5
16559.1
16559.5
16558.7
16561.1
16561.5
16563.1
16563.5
16565.1
16565.5
16567.1
16569.1
16571.1
16574.7
16566.7
16577.1
16579.1
16568.7
16564.7
16573.5
16577.5
16575.5
16562.7
16578.7
16560.7
16576.7
16572.7
16570.7
16571.5
16579.5
16595.1
16589.5
16588.7
16581.5
16583.5
16599.1
16599.5
16589.1
16581.1
16591.1
16580.7
16582.7
16586.7
16595.5
16590.7
16584.7
16591.5
16597.5
16585.1
16587.5
16583.1
16593.1
16597.1
16593.5
16585.5
16587.1
16601.1
16603.1
16601.5
16605.1
16607.1
16603.5
16609.1
16678.5
16690.5
16692.5
16698.5
16682.5
16694.5
16686.5
16684.5
16688.5
16680.5
16696.5
16700.5
16704.5
16702.5
16810.4
16812.4
16814.4
16816.4
16818.4
16820.4
16822.4
16824.4
16826.4
16828.4
16829.03
16830.4
16831.03
16833.03
16835.03
16837.03
16839.03
16836.4
16838.4
16841.03
16843.03
16845.03
16847.03
16849.03
16851.03
16853.03
16855.03
16850.4
16846.4
16856.4
16842.4
16844.4
16848.4
16854.4
16840.4
16852.4
16873.03
16869.03
16863.03
16871.03
16877.03
16861.03
16867.03
16865.03
16879.03
16875.03
16883.03
16885.03
16881.03
16887.03
17120.87
17122.87
17124.87
17126.87
17128.87
17130.87
17132.87
17134.87
17136.87
17138.87
17140.87
17142.87
17144.87
17146.87
17148.87
17150.87
17152.87
17154.87
17156.87
17166.87
17162.87
17170.87
17172.87
17174.87
17176.87
17168.87
17164.87
17178.87
17198.87
17190.87
17188.87
17182.87
17194.87
17186.87
17180.87
17192.87
17184.87
17196.87
17254.23
17256.23
17258.23
17260.23
17262.23
17264.23
17266.23
17268.23
17270.23
17272.23
17278.23
17290.23
17280.23
17292.23
17294.23
17288.23
17296.23
17282.23
17286.23
17284.23
17448.45
17450.45
17452.45
17454.45
17456.45
17458.45
17460.45
17462.45
17464.45
17466.45
17468.45
17478.45
17474.45
17476.45
17482.45
17486.45
17490.45
17494.45
17480.45
17488.45
17484.45
17492.45
17678
17674
17680
17676
17688
17690
17692
17682
17684
17694
17686
17837.8
17839.8
17841.8
17843.8
17845.8
17847.8
17849.8
17851.8
17853.8
17855.8
17857.8
17859.8
17912.13
17914.13
17916.13
17918.13
17920.13
17922.13
17924.13
17926.13
17928.13
17930.13
17932.13
17934.13
17936.13
17938.13
17940.13
17942.13
17944.13
17946.13
17952.13
17954.13
17956.13
17958.13
17960.13
17974.13
17962.13
17970.13
17978.13
17964.13
17968.13
17976.13
17972.13
17966.13
17982.13
17986.13
17980.13
17984.13
18158.81
18160.81
18162.81
18164.81
18166.81
18168.81
18170.81
18172.81
18174.81
18176.81
18178.81
18180.81
18182.81
18184.81
18198.81
18192.81
18190.81
18196.81
18194.81
18202.81
18212.81
18214.81
18200.81
18206.81
18210.81
18208.81
18216.81
18204.81
18293.1
18295.1
18291.1
18299.1
18297.1
18303.1
18317.1
18313.1
18311.1
18301.1
18309.1
18305.1
18315.1
18307.1
18319.1
18327.1
18325.1
18323.1
18321.1
18350.2
18352.2
18354.2
18356.2
18358.2
18360.2
18362.2
18364.2
18366.2
18368.2
18370.2
18372.2
18374.2
18376.2
18378.2
18380.2
18382.2
18384.2
18386.2
18773.2
18775.2
18777.2
18779.2
18781.2
18783.2
18785.2
18787.2
18789.2
18791.2
18793.2
18799.2
18798.3
18803.2
18800.3
18816.3
18808.3
18807.2
18811.2
18810.3
18806.3
18801.2
18814.3
18812.3
18815.2
18819.2
18805.2
18813.2
18809.2
18804.3
18817.2
18818.3
18802.3
18832.3
18830.3
18824.3
18828.3
18826.3
18822.3
18820.3
18847.07
18849.07
18851.07
18853.07
18855.07
18857.07
18859.07
18861.07
18863.07
18865.07
18867.07
18869.07
18871.07
18873.07
18879.07
18891.07
18893.07
18899.07
18883.07
18895.07
18887.07
18885.07
18889.07
18881.07
18897.07
18901.07
18905.07
18903.07
18956.4
18958.4
18960.4
18962.4
18964.4
18966.4
18968.4
18970.4
18972.4
18974.4
18976.4
18996.4
18982.4
18992.4
18988.4
18984.4
18990.4
18994.4
18986.4
18998.4
19002.4
19000.4
19082.68
19084.68
19086.68
19088.68
19090.68
19092.68
19094.68
19096.68
19098.68
19100.68
19118.68
19108.68
19106.68
19116.68
19110.68
19114.68
19112.68
19120.68
19122.68
19124.68
19169.53
19171.53
19173.53
19175.53
19177.53
19179.53
19181.53
19183.53
19185.53
19187.53
19189.53
19191.53
19193.53
19195.53
19197.53
19199.53
19201.53
19203.53
19205.53
19216.7
19218.7
19215.53
19211.53
19219.53
19217.53
19213.53
19220.7
19222.7
19224.7
19226.7
19228.7
19230.7
19232.7
19234.7
19236.7
19238.7
19239.53
19237.53
19231.53
19221.53
19235.53
19229.53
19223.53
19233.53
19225.53
19227.53
19240.7
19242.7
19244.7
19246.7
19248.7
19247.53
19254.7
19243.53
19241.53
19258.7
19256.7
19245.53
19270.7
19262.7
19264.7
19260.7
19276.7
19278.7
19274.7
19272.7
19268.7
19266.7
19284.7
19282.7
19286.7
19280.7
19338.4
19342.4
19354.4
19358.4
19350.4
19352.4
19348.4
19356.4
19344.4
19346.4
19340.4
19366.5
19368.5
19370.5
19372.5
19374.5
19376.5
19378.5
19368.4
19366.4
19370.4
19360.4
19362.4
19364.4
19380.5
19382.5
19384.5
19386.5
19388.5
19390.5
19392.5
19394.5
19396.5
19398.5
19414.5
19416.5
19406.5
19410.5
19408.5
19404.5
19418.5
19412.5
19422.5
19434.5
19432.5
19428.5
19424.5
19430.5
19436.5
19420.5
19426.5
19488.59
19490.59
19492.59
19494.59
19496.59
19498.59
19500.59
19502.59
19504.59
19506.59
19508.59
19510.59
19512.59
19514.59
19524.1
19526.1
19528.1
19530.1
19532.1
19534.1
19536.1
19538.1
19532.59
19528.59
19522.59
19530.59
19536.59
19520.59
19526.59
19524.59
19538.59
19534.59
19540.1
19542.1
19556.1
19542.59
19544.59
19558.1
19540.59
19554.1
19552.1
19548.1
19546.59
19550.1
19574.33
19576.33
19578.33
19560.1
19566.1
19562.1
19564.1
19580.33
19582.33
19584.33
19586.33
19588.33
19590.33
19592.33
19594.33
19596.33
19598.33
19600.33
19602.33
19604.33
19606.33
19608.33
19610.33
19616.33
19618.33
19624.33
19622.33
19620.33
19632.33
19634.33
19636.33
19638.33
19628.33
19626.33
19630.33
19644.33
19648.33
19642.33
19652.33
19646.33
19650.33
19640.33
19782.1
19784.1
19786.1
19788.1
19790.1
19792.1
19794.1
19796.1
19798.1
19800.1
19802.1
19804.1
19806.1
19808.1
19810.1
19812.1
19814.1
20090.2
20092.2
20094.2
20096.2
20097.95
20098.2
20099.95
20100.2
20101.95
20102.2
20103.95
20104.2
20105.95
20106.2
20107.95
20108.2
20109.95
20110.2
20111.95
20112.2
20113.95
20114.2
20115.95
20116.2
20117.95
20127.95
20131.95
20123.95
20135.95
20125.95
20139.95
20129.95
20137.95
20133.95
20143.95
20141.95
20818.37
20820.37
20822.37
20824.37
20826.37
20828.37
20830.37
20832.37
20834.37
20836.37
20838.37
20840.37
20842.37
20844.37
20858.37
20852.37
20850.37
20856.37
20854.37
20873.8
20875.8
20877.8
20879.8
20862.37
20872.37
20874.37
20860.37
20866.37
20870.37
20868.37
20876.37
20864.37
20881.8
20883.8
20885.8
20887.8
20889.8
20891.8
20892.9
20893.8
20894.9
20895.8
20896.9
20897.8
20898.9
20899.8
20900.9
20901.8
20902.9
20903.8
20904.9
20905.8
20906.9
20907.8
20908.9
20910.9
20911.12
20912.9
20913.12
20914.9
20915.12
20916.9
20917.12
20918.9
20919.12
20913.8
20915.8
20917.8
20919.8
20920.9
20921.12
20922.9
20923.12
20924.9
20925.12
20926.9
20927.12
20929.12
20937.12
20921.8
20935.8
20923.8
20935.12
20931.8
20939.8
20925.8
20939.12
20929.8
20937.8
20933.8
20927.8
20947.12
20943.8
20947.8
20949.12
20951.12
20941.8
20945.12
20945.8
20953.12
20943.12
20941.12
21047.64
21049.64
21051.64
21053.64
21055.64
21057.64
21059.64
21061.64
21063.64
21065.64
21067.64
21069.64
21071.64
21073.64
21079.64
21091.64
21093.64
21099.64
21083.64
21095.64
21087.64
21085.64
21089.64
21081.64
21097.64
21102.4
21104.4
21106.4
21108.4
21110.4
21112.4
21114.4
21116.4
21118.4
21101.64
21105.64
21103.64
21120.4
21122.4
21128.4
21138.4
21134.4
21130.4
21136.4
21132.4
21142.4
21148.4
21140.4
21146.4
21144.4
21218.2
21220.2
21222.2
21224.2
21226.2
21228.2
21230.2
21232.2
21234.2
21236.2
21238.2
21240.2
21242.2
21244.2
21246.2
21248.2
21250.2
21252.2
21254.2
21264.2
21260.2
21268.2
21270.2
21278.2
21272.2
21274.2
21266.2
21262.2
21276.2
21296.2
21288.2
21286.2
21280.2
21292.2
21284.2
21290.2
21282.2
21294.2
21348
21350
21360
21358
21354
21356
21346
21342
21344
21340
21352
21422.7
21424.7
21426.7
21428.7
21430.7
21432.7
21434.7
21436.7
21438.7
21440.7
21442.7
21454.4
21456.4
21458.4
21452.7
21456.7
21448.7
21450.7
21454.7
21458.7
21460.4
21462.4
21464.4
21466.4
21468.4
21470.4
21472.4
21474.4
21476.4
21478.4
21460.7
21464.7
21468.7
21462.7
21466.7
21480.4
21482.4
21484.4
21486.4
21496.4
21498.4
21492.4
21494.4
21508.4
21512.4
21504.4
21506.4
21502.4
21510.4
21500.4
21514.4
21516.4
21518.4
21522.4
21520.4
21524.4
21591.3
21593.3
21595.3
21597.3
21599.3
21601.3
21603.3
21605.3
21607.3
21609.3
21611.3
21613.3
21615.3
21617.3
21619.3
21912.7
21914.7
21916.7
21918.7
21920.7
21922.7
21924.7
21926.7
21928.7
21930.7
21932.7
21934.7
21936.7
21938.7
21940.7
21942.7
21944.7
21950.7
21958.7
21956.7
21954.7
21952.7
21966.7
21960.7
21972.7
21974.7
21978.7
21976.7
21970.7
21968.7
21964.7
21962.7
21980.7
21982.7
22013.3
22015.3
22017.3
22019.3
22021.3
22023.3
22025.3
22027.3
22029.3
22031.3
22033.3
22035.3
22037.3
22039.3
22148.14
22150.14
22152.14
22154.14
22156.14
22158.14
22160.14
22162.14
22164.14
22166.14
22168.14
22170.14
22172.14
22174.14
22199.5
22192.14
22188.14
22182.14
22190.14
22196.14
22180.14
22186.14
22184.14
22198.14
22194.14
22201.5
22203.5
22205.5
22207.5
22209.5
22211.5
22213.5
22215.5
22217.5
22219.5
22202.14
22204.14
22200.14
22206.14
22221.5
22223.5
22225.5
22227.5
22229.5
22231.5
22297.6
22299.6
22295.6
22311.6
22301.6
22307.6
22309.6
22303.6
22319.6
22313.6
22315.6
22317.6
22305.6
22323.6
22329.6
22327.6
22321.6
22325.6
22331.6
22565.6
22567.6
22569.6
22571.6
22573.6
22575.6
22577.6
22579.6
22581.6
22583.6
22592.4
22597.6
22588.4
22599.6
22595.6
22586.4
22594.4
22598.4
22593.6
22590.4
22589.6
22596.4
22584.4
22591.6
22604.4
22602.4
22610.4
22606.4
22608.4
22601.6
22600.4
22607.6
22603.6
22605.6
22612.4
22716
22736
22739.57
22741.57
22743.57
22745.57
22747.45
22747.57
22749.45
22749.57
22751.45
22751.57
22753.45
22753.57
22755.45
22755.57
22757.45
22757.57
22759.45
22761.45
22763.45
22765.45
22767.45
22775.57
22765.57
22777.45
22773.45
22777.57
22763.57
22779.57
22773.57
22775.45
22779.45
22767.57
22771.57
22769.57
22799
22799.67
22781.45
22781.57
22785.45
22789.45
22793.45
22787.45
22783.45
22791.45
22801.67
22803.67
22805.67
22807.67
22808
22809.67
22810
22811.67
22813.67
22815.67
22817.67
22819.67
22805
22821.67
22823.67
22825.67
22827.67
22829.67
22831.67
22833.67
22835.67
22849.67
22841.67
22847.67
22845.67
22857.67
22859.67
22853.67
22851.67
22843.67
22855.67
22869.67
22873.67
22867.67
22861.67
22863.67
22877.67
22871.67
22875.67
22865.67
22934.6
22936.6
22938.6
22922.1
22934.1
22938.1
22930.1
22924.1
22928.1
22936.1
22926.1
22932.1
22940.6
22942.6
22944.6
22946
22946.6
22948.6
22950.6
22952.6
22954
22954.6
22956.6
22958.6
22956.1
22944.1
22948.1
22950.1
22954.1
22940.1
22942.1
22952.1
22946.1
22960.6
22962.6
22964.6
22966.6
22968.6
22976
22978
22988
22996
22995
22988
22993
23006
23012
23009
23010
23180
23201
23214
23220
23248.21
23248.4
23250.21
23250.4
23252.21
23252.4
23254.21
23254.4
23255
23256.21
23256.4
23257
23258.21
23258.4
23259
23259
23258.7
23253
23257
23251
23252
23256
23254
23249
23248.7
23246.7
23244.7
23258
23250.7
23251
23254.7
23256.7
23248
23248
23252.7
23254
23252
23256
23248
23260.21
23260.4
23261
23262.21
23262.4
23263
23264.21
23264.4
23265
23266.21
23266.4
23266.87
23267
23268.21
23268.4
23268.87
23269
23270.21
23270.87
23271
23272.21
23272.87
23273
23274.21
23274.87
23275
23276.87
23278.2
23278.87
23272
23264
23263
23263
23268
23267
23267
23274.4
23274
23269
23271
23271
23272
23269
23262
23268
23276.4
23269
23263
23262.7
23264
23272
23269
23265
23260.7
23267
23278.4
23264
23268
23280.2
23280.87
23282.2
23282.87
23284.2
23284.87
23286.2
23286.87
23288.2
23288.87
23290.2
23290.87
23292.2
23292.87
23294.2
23294.87
23296.2
23296.87
23298.2
23298.87
23292.21
23289
23288.4
23291
23299
23284.4
23295
23294.21
23294.4
23280.4
23297
23284.21
23287
23282.4
23283
23296.21
23288.21
23286.4
23285
23286.21
23292.4
23280.21
23281
23290.21
23293
23282.21
23298.21
23290.4
23300.2
23300.87
23302.2
23302.87
23304.2
23306.2
23308.2
23312.87
23308.87
23301
23302.21
23316.87
23300.21
23306.21
23318.87
23304.21
23314.87
23310.87
23336.87
23334.87
23328.87
23332.87
23326.87
23320.87
23338.87
23330.87
23322.87
23324.87
23345
23344.87
23340.87
23342.87
23376
23377
23379
23372
23368
23372
23440
23431
23477.92
23479.92
23481.92
23483.92
23485.92
23487.92
23489.92
23491.92
23493.92
23495.92
23497.92
23499.92
23501.92
23503.92
23517.92
23511.92
23519.92
23509.92
23515.92
23513.92
23521
23521.92
23531.92
23533.92
23525.92
23529.92
23527.92
23535.92
23523.92
23553
23608.4
23610.4
23612.4
23614.4
23616.4
23618.4
23620.4
23622.4
23624.4
23626.4
23628.4
23630.4
23632.4
23634
23634.4
23636.4
23638
23638.4
23625
23633
23640.4
23650.4
23658.4
23656.4
23652.4
23654.4
23646.4
23648.4
23678
23676.4
23662.4
23666.4
23674.4
23678.4
23660.4
23664.4
23677
23668.4
23676
23670.4
23672.4
23681.85
23683.85
23685.85
23687.85
23689.85
23691.85
23693.85
23695.85
23697.85
23699.85
23701.85
23703.85
23705.85
23707.85
23709.85
23711
23711.85
23713.85
23715.85
23717.85
23703
23739.85
23739.4
23725.85
23729.85
23735.85
23737.4
23737.85
23735.4
23731.85
23733.4
23729.4
23731.4
23727.85
23733.85
23723.85
23751.85
23757.85
23755.85
23749.85
23743.4
23741.4
23751.4
23747.85
23745.4
23753.85
23749.4
23741.85
23759.85
23747.4
23743.85
23745.85
23807.73
23809.73
23811.73
23813.73
23815.73
23817.73
23819.73
23821.73
23823.73
23825.73
23827.73
23829.73
23831.73
23833.73
23835.47
23835.73
23837.47
23839.47
23841.47
23843.47
23845.47
23847.47
23849.47
23851.47
23853.47
23855
23855.47
23857.47
23859.47
23849.73
23845.73
23859.73
23843.73
23851.73
23855.73
23847.73
23857.73
23853.73
23841.73
23861.47
23863.47
23865.47
23867.47
23869.47
23861.73
23867.73
23875.47
23877.47
23879.47
23863.73
23865.73
23869.73
23883.47
23897.47
23885.47
23893.47
23887.47
23891.47
23899.47
23895.47
23881.47
23889.47
23905.47
23909.47
23903.47
23907.47
23901.47
24013
24005
24072.2
24074.2
24076.2
24078.2
24074.7
24078.7
24076.7
24080.2
24082.2
24084.2
24086.2
24088.2
24090.2
24092.2
24080.7
24090.7
24088.7
24096.7
24094.7
24084.7
24092.7
24086.7
24082.7
24098.7
24106
24106
24100.7
24126
24159
24177
24207
24209
24213
24212
24200
24206
24224
24291
24294
24298
24293
24321
24324
24327
24323
24345
24345
24384
24432
24426
24429
24568.01
24570.01
24572.01
24574.01
24576.01
24577
24578.01
24580.01
24582.01
24584.01
24586.01
24596
24600
24594.01
24592.01
24596.01
24592
24598.01
24608.7
24610.7
24612.7
24614.7
24616
24616.7
24618.7
24604.01
24606.01
24608.01
24602.01
24610.01
24600.01
24620.7
24622.7
24624.7
24626.7
24628.7
24630.7
24632.7
24634.7
24636.7
24638
24638.7
24640
24633
24633
24639
24640.7
24660
24659
24653
24694
24807.7
24809.7
24811.7
24813.7
24815.7
24817.7
24819.7
24821.7
24823.7
24825.7
24827.7
24829.7
24831.7
24833.7
24844
24857.4
24859.4
24874
24873.4
24871.4
24875.4
24879.4
24868
24861.4
24871
24877.4
24869.4
24865.4
24867.4
24863.4
24883.4
24885.4
24881.4
24905
24919
24963
25030
25065.07
25067.07
25069.07
25071.07
25073.07
25075.07
25077.07
25079.07
25081.07
25083.07
25085.07
25087.07
25089.07
25091.07
25093.07
25099.07
25110.1
25112.1
25114.1
25116.1
25118.1
25107.07
25119.07
25103.07
25117.07
25101.07
25109.07
25113.07
25105.07
25115.07
25111.07
25120.1
25122.1
25124.1
25126.1
25128.1
25130.1
25132.1
25134
25134.1
25136.1
25138.1
25132
25125.07
25121.07
25123.07
25127.07
25140.1
25142.1
25144.1
25146.1
25149
25154.1
25158.1
25156.1
25152.1
25168.1
25164.1
25166.1
25178.1
25160.1
25176.1
25170.1
25172.1
25174.1
25162.1
25196
25198
25200
25199
25193
25193
25199
25180.1
25196
25186.1
25194
25192
25184.1
25197
25182.1
25197
25188.1
25198
25195
25195
25192
25196
25202
25204
25206
25208
25210
25212
25214
25216
25205
25212
25205
25201
25201
25205
25208
25210
25206
25211
25204
25236
25230
25232
25240
25236
25238
25228
25224
25226
25222
25234
25242
25285.11
25287.11
25289.11
25291.11
25293.11
25295
25295.11
25297.11
25299.11
25301.11
25303.11
25305.11
25307.11
25315.53
25317.53
25319.53
25319.11
25317.11
25313.11
25315.11
25321.53
25323.53
25325.53
25327.53
25329.53
25331.53
25333.53
25335.53
25337.53
25339.53
25323.11
25321.11
25327.11
25325.11
25335.11
25329.11
25333.11
25331.11
25341.53
25343.53
25345.53
25347.53
25349.53
25351.53
25357
25357.53
25349
25359.53
25361.53
25377.53
25365.53
25367.53
25375.53
25369.53
25379.53
25371.53
25363.53
25373.53
25393
25394.4
25396.4
25398.4
25393.53
25385.53
25383.53
25389.53
25381.53
25387.53
25391.53
25400.4
25402.4
25404.4
25406.4
25408.4
25410.4
25412.4
25414.4
25418.5
25414.5
25416.5
25434.4
25420.5
25426.5
25420.4
25430.4
25426.4
25422.5
25436.5
25422.4
25428.4
25430.5
25432.4
25434.5
25438.4
25424.4
25428.5
25432.5
25424.5
25438.5
25436.4
25448.79
25450.79
25452.79
25454.79
25456.79
25458.79
25458.3
25454.3
25440.4
25444.5
25442.5
25452.3
25456.3
25440.5
25460.79
25462.79
25464.79
25466.79
25468.79
25470.79
25472.79
25474.79
25460.3
25476.3
25462.3
25466.3
25474.3
25468.3
25470.3
25478.3
25464.3
25472.3
25492.79
25486.2
25490.2
25482.3
25482.2
25480.2
25488.3
25494.79
25494.2
25484.79
25492.2
25496.79
25488.79
25496.2
25498.2
25486.79
25480.3
25480.79
25490.79
25484.3
25486.3
25484.2
25488.2
25482.79
25498.79
25504.2
25502.79
25500.79
25502.2
25506.79
25500.2
25504.79
25571
25578
25570
25585
25600
25607.1
25609.1
25611.1
25613.1
25615
25615.1
25617.1
25619.1
25621.1
25623
25623.1
25625.1
25708
25708.03
25710.03
25712.03
25714.03
25716.03
25718.03
25720.03
25722.03
25724.03
25726.03
25736.03
25734.03
25732.03
25738.03
25746.03
25742.03
25744.03
25750.03
25748.03
25740.03
25762
25762.4
25764.4
25766.4
25768.4
25770.4
25772.4
25774.4
25776.4
25778.4
25780
25761
25779
25780.4
25782.4
25784.4
25786.4
25788
25788.4
25790.4
25792.4
25794.4
25804.4
25816.4
25812.4
25814.4
25810.4
25818.4
25806.4
25808.4
25800.4
25802.4
25830.4
25820.4
25828.4
25832.4
25822.4
25824.4
25826.4
25905
25922
25963
26025
26027
26029
26031
26033
26035
26037
26039
26027
26027
26024
26030
26040
26027
26040
26040
26039
26021
26022
26031
26036
26031
26022
26032
26024
26034
26020
26031
26024
26040
26023
26020
26026
26034
26028
26025
26039
26024
26027
26026
26040
26033
26031
26029
26041
26043
26045
26047
26049
26051
26053
26055
26057
26059
26041
26047
26050
26043
26047
26045
26049
26048
26045
26042
26055
26053
26042
26046
26043
26046
26048
26058
26052
26061
26075
26067
26073
26071
26079
26077
26069
26083
26095
26085
26099
26093
26087
26089
26097
26091
26081
26103
26101
26322.4
26324.4
26326.4
26328.4
26330.4
26332.4
26334.4
26336.4
26338.4
26339.9
26340.4
26341.9
26342.4
26343.9
26344.4
26345.9
26346.4
26347.9
26348.4
26349.9
26350.4
26351.9
26353.9
26355.9
26357.9
26359.9
26358.4
26356.4
26361.9
26363.9
26365.9
26367.9
26364.4
26376.4
26360.4
26374.4
26373.9
26378.4
26377.9
26366.4
26370.4
26362.4
26372.4
26368.4
26375.9
26379.9
26396.46
26398.46
26389.9
26387.9
26382.4
26391.9
26395.9
26399.9
26380.4
26397.9
26393.9
26385.9
26381.9
26383.9
26384.4
26400.46
26402.46
26404.46
26406.46
26408.46
26410.46
26412.46
26414.46
26401.9
26432.46
26422.46
26434.46
26420.46
26436.46
26430.46
26438.46
26424.46
26428.46
26426.46
26532.1
26534.1
26536.1
26538.1
26538.35
26540.1
26540.35
26542.1
26542.35
26544.1
26544.35
26546.1
26546.35
26548.1
26548.35
26550.1
26550.35
26552.1
26552.35
26554.1
26554.35
26556.1
26556.35
26558.1
26558.35
26560.1
26560.35
26562.1
26562.35
26564.1
26564.35
26566.1
26566.35
26568.35
26570.35
26572.35
26574.35
26572.1
26574.1
26578.1
26576.1
26596.35
26582.35
26594.1
26584.1
26586.35
26588.1
26598.1
26592.35
26594.35
26580.1
26590.1
26592.1
26588.35
26586.1
26596.1
26598.35
26582.1
26584.35
26590.35
26580.35
26606.1
26608.35
26614.35
26600.1
26612.35
26606.35
26604.1
26604.35
26610.35
26602.1
26616.35
26600.35
26602.35
26797.13
26799.13
26801.13
26803.13
26805.13
26807.13
26809.13
26811.13
26813.13
26815.13
26817.13
26819.13
26821.13
26823.13
26825.13
26827.13
26829.13
26831.13
26837.13
26839.13
26845.13
26859.13
26847.13
26841.13
26855.13
26849.13
26853.13
26857.13
26843.13
26851.13
26868.83
26870.83
26872.83
26874.83
26876.83
26878.83
26867.13
26871.13
26865.13
26869.13
26863.13
26861.13
26880.83
26882.83
26884.83
26886.83
26888.83
26890.83
26896.83
26898.83
26906.83
26904.83
26902.83
26910.83
26908.83
26918.83
26912.83
26900.83
26916.83
26914.83
27107.86
27109.86
27111.86
27113.86
27115.86
27117.86
27119.86
27121.86
27123.86
27125.86
27127.86
27129.86
27131.86
27133.86
27135.86
27137
27137.86
27139
27139.86
27138
27139
27138
27129
27138
27136
27138
27137
27141
27141.86
27143
27143.86
27145
27147
27149
27151
27153
27155
27157
27155.86
27144
27146
27157.86
27154
27151.86
27147
27144
27159.86
27151
27147
27144
27147
27146
27143
27147
27141
27144
27149.86
27142
27145
27150
27145
27146
27153.86
27171
27173
27173.86
27179.86
27177
27163.86
27171.86
27165.86
27179
27167.86
27169
27175.86
27165
27161.86
27167
27177.86
27163
27175
27169.86
27183
27181
27185.86
27181.86
27183.86
27364.2
27366.2
27368.2
27370.2
27372.2
27374.2
27376.2
27378.2
27380.2
27382.2
27384.2
27386.2
27388.2
27390.2
27392.2
27394.2
27396.2
27398.2
27400.2
27478.4
27488.4
27480.4
27496.4
27490.4
27482.4
27492.4
27486.4
27484.4
27494.4
27540.4
27542.4
27544.4
27546.4
27548.4
27550.4
27552.4
27554.4
27556.4
27558.4
27560.4
27579.73
27581.73
27583.73
27585.73
27587.73
27589.73
27591.73
27593.73
27595.73
27597.73
27599.73
27601.73
27603.73
27605.73
27607.73
27617.73
27615.73
27619.73
27613.73
27621.73
27633.73
27631.73
27639.73
27635.73
27637.73
27623.73
27627.73
27629.73
27625.73
27649.36
27651.36
27653.36
27655.36
27657.36
27659.36
27641.73
27661.36
27663.36
27665.36
27667.36
27669.36
27671.36
27673.36
27674
27675.36
27676
27678
27680
27667
27667
27677
27675
27675
27678
27672
27675
27675
27671
27673
27669
27678
27672
27675
27669
27675
27676
27678
27682
27684
27686
27688
27690
27692
27694
27693.36
27683
27682
27695.36
27700
27682
27687
27689
27685.36
27685
27686
27681
27697.36
27689.36
27687
27682
27687.36
27687
27681.36
27691.36
27683.36
27699.36
27685
27704
27714
27703.36
27716
27718
27701.36
27708
27710
27707.36
27706
27720
27705.36
27702
27712
27856.4
27858.4
27860.4
27862.4
27864.4
27866.4
27868.4
27870.4
27872.4
27874.4
27876.4
27878.4
27880.4
27882.4
27884.4
27890.4
27894.4
27898.4
27892.4
27896.4
27916.4
27918.4
27906.4
27904.4
27908.4
27912.4
27916.4
27918.4
27914.4
27910.4
27902.4
27900.4
27920.4
27922.4
27924.4
27926.4
27928.4
27930.4
27932.4
27934.4
27936.4
27938.4
27940.4
27942.4
27944.4
27946.4
27948.4
27958.4
27954.4
27956.4
27966.6
27968.6
27970.6
27972.6
27974.6
27976.6
27978.6
27970.4
27974.4
27966.4
27968.4
27964.4
27972.4
27960.4
27962.4
27976.4
27978.4
27980.6
27982.6
27984.6
27986.6
27988.6
27990.6
27992.6
27994.6
27996.6
27998.6
27984.4
27982.4
27986.4
27980.4
28000.6
28002.6
28010.6
28014.6
28016.6
28012.6
28018.6
28008.6
28024.6
28020.6
28036.6
28022.6
28034.6
28032.6
28038.6
28026.6
28028.6
28030.6
28042.6
28040.6
28044.6
28195.37
28197.37
28199.37
28201.37
28203.37
28205.37
28207.37
28209.37
28211.37
28213.37
28219.37
28224.9
28226.9
28228.9
28230.9
28232.9
28234.9
28236.9
28238.9
28233.37
28223.37
28221.37
28225.37
28229.37
28231.37
28237.37
28235.37
28227.37
28240.9
28242.9
28254.5
28256.5
28258.5
28260.5
28262.5
28264.5
28266.5
28268.5
28270.5
28272.5
28274.5
28276.5
28278.5
28274.8
28278.8
28270.8
28272.8
28276.8
28280.5
28282.5
28284.5
28291.1
28293.1
28295.1
28297.1
28299.1
28294.5
28286.8
28290.5
28284.8
28288.8
28296.5
28282.8
28290.8
28292.8
28298.5
28280.8
28292.5
28294.8
28301.1
28303.1
28305.1
28307.1
28309.1
28311.1
28313.1
28315.1
28317.1
28319.1
28302.5
28312.5
28306.5
28310.5
28318.5
28304.5
28308.5
28300.5
28314.5
28316.5
28321.1
28323.1
28325.1
28327.1
28335.1
28337.1
28333.1
28320.5
28339.1
28345.1
28359.1
28355.1
28353.1
28343.1
28351.1
28341.1
28347.1
28357.1
28349.1
28369.1
28367.1
28365.1
28363.1
28361.1
28424.2
28426.2
28428.2
28430.2
28432.2
28434.2
28436.2
28438.2
28440.2
28442.2
28444.2
28446.2
28448.2
28452.54
28454.54
28456.54
28458.54
28456.2
28454.2
28458.2
28460.54
28462.54
28464.54
28466.54
28468.54
28470.54
28472.54
28474.54
28478.2
28460.2
28464.2
28468.2
28476.2
28474.2
28466.2
28470.2
28472.2
28462.2
28490.54
28488.54
28486.54
28494.54
28492.54
28496.54
28484.54
28480.54
28482.54
28498.54
28502.54
28500.54
28677.4
28675.4
28673.4
28679.4
28691.4
28683.4
28681.4
28693.4
28695.4
28689.4
28687.4
28685.4
28707.29
28709.29
28711.29
28713.29
28715.29
28717.29
28719.29
28721.29
28723.29
28725.29
28733.29
28731.29
28735.29
28739.29
28737.29
28741.29
28749.29
28743.29
28745.29
28747.29
28798.3
28798.4
28794.4
28796.4
28800.3
28802.3
28804.3
28805.41
28806.3
28807.41
28808.3
28809.41
28810.3
28811.41
28812.3
28813.41
28814.3
28815.41
28816.3
28817.41
28818.3
28819.41
28808.4
28816.4
28814.4
28800.4
28818.4
28812.4
28806.4
28804.4
28802.4
28810.4
28820.3
28821.41
28822.3
28823.41
28824.3
28825.41
28826.3
28827.41
28828.3
28829.41
28830.3
28831.41
28832.3
28833.41
28835.41
28837.07
28837.41
28839.07
28839.41
28833.9
28827.9
28831.9
28824.4
28835.9
28839.9
28828.4
28829.9
28825.9
28820.4
28823.9
28837.9
28838.3
28822.4
28826.4
28841.07
28841.41
28843.07
28845.07
28847.07
28849.07
28851.07
28853.07
28855.07
28857.07
28859.07
28853.41
28843.9
28855.41
28849.41
28840.3
28856.3
28857.41
28848.3
28849.9
28847.9
28845.9
28850.3
28846.3
28854.3
28859.41
28852.3
28841.9
28847.41
28844.3
28851.41
28858.3
28842.3
28861.07
28863.07
28865.07
28879.07
28872.3
28875.07
28870.3
28871.41
28877.41
28864.3
28861.41
28868.3
28869.41
28863.41
28873.07
28866.3
28865.41
28873.41
28877.07
28862.3
28875.41
28879.41
28871.07
28867.41
28860.3
28891.07
28889.07
28897.07
28883.41
28893.07
28895.07
28881.07
28885.07
28887.07
28883.07
28881.41
28899.07
29078
29080
29077
29071
29074
29071
29076
29073
29075
29078
29073
29075
29075
29082
29084
29086
29088
29090
29092
29094
29096
29098
29093
29087
29086
29093
29081
29081
29084
29089
29092
29087
29092
29092
29082
29086
29088
29112
29114
29118
29120
29110
29106
29108
29104
29116
29124
29122
29194.2
29190.2
29196.2
29184.2
29188.2
29192.2
29182.2
29186.2
29198.2
29204.2
29200.2
29202.2
29250.33
29252.33
29254.33
29256.33
29258.33
29260.33
29262.33
29264.33
29266.33
29268.33
29270.33
29272.33
29274.33
29276.33
29278.33
29280.33
29282.33
29284.33
29286.33
29292.33
29298.33
29296.33
29294.33
29300.33
29308.33
29310.33
29318.33
29312.33
29314.33
29304.33
29302.33
29316.33
29306.33
29320.33
29324.33
29328.33
29322.33
29326.33
29372.9
29374.9
29376.9
29378.9
29380.9
29382.9
29384.9
29386.9
29388.9
29390.9
29392.9
29394.85
29394.9
29396.85
29396.9
29398.85
29398.9
29400.85
29400.9
29402.85
29404.85
29406.85
29408.85
29410.85
29412.85
29414.85
29416.85
29418.85
29406.9
29410.9
29418.9
29414.9
29408.9
29416.9
29412.9
29420.85
29422.85
29424.85
29426.85
29428.85
29430.85
29438.85
29422.9
29420.9
29424.9
29428.9
29432.9
29434.9
29430.9
29426.9
29436.85
29452.85
29442.85
29448.85
29450.85
29444.85
29454.85
29456.85
29458.85
29440.85
29446.85
29475.8
29479.8
29464.85
29470.85
29468.85
29462.85
29460.85
29466.85
29477.8
29472.85
29497.8
29485.8
29499.8
29491.8
29483.8
29481.8
29487.8
29495.8
29489.8
29493.8
29505.8
29503.8
29507.8
29501.8
29706.9
29718.9
29712.9
29710.9
29708.9
29704.9
29702.9
29714.9
29700.9
29716.9
29720.9
29722.9
29726.9
29724.9
29758.8
29757.9
29753.9
29755.9
29759.9
29760.8
29762.8
29764.8
29766.8
29768.8
29770.8
29772.8
29774.8
29776.8
29778.8
29769.9
29765.9
29763.9
29761.9
29777.9
29771.9
29775.9
29767.9
29779.9
29773.9
29780.8
29782.8
29784.8
29786.8
29788.8
29790.8
29792.8
29785.9
29781.9
29783.9
29787.9
29789.9
29849.93
29851.93
29853.93
29855.93
29857.93
29859.93
29861.93
29863.93
29865.93
29867.93
29869.93
29871.93
29873.93
29875.93
29893.93
29898.1
29888.1
29890.1
29895.93
29896.1
29886.1
29885.93
29897.93
29889.93
29887.93
29892.1
29881.93
29891.93
29894.1
29883.93
29899.93
29903.93
29900.1
29901.93
29907.93
29902.1
29906.1
29914.1
29908.1
29912.1
29905.93
29916.1
29918.1
29910.1
29904.1
29922.1
29920.1
29960.18
29962.18
29964.18
29966.18
29968.18
29970.18
29972.18
29974.18
29976.18
29978.18
29994.18
29986.18
29984.18
29996.18
29988.18
29998.18
29992.18
29990.18
30002.18
30000.18
30036.26
30038.26
30040.26
30042.26
30044.26
30046.26
30048.26
30050.26
30052.26
30054.26
30056.26
30058.26
30070.4
30072.4
30074.4
30076.4
30078.4
30074.26
30072.26
30070.26
30078.26
30076.26
30068.26
30064.26
30066.26
30080.4
30082.4
30084.4
30086.4
30088.4
30090.4
30092.4
30094.4
30094.4
30096.4
30096.4
30098.4
30098.4
30086.26
30080.26
30084.26
30082.26
30100.4
30100.4
30102.4
30102.4
30104.4
30106.4
30108.4
30110.4
30112.4
30114.4
30116.4
30118.4
30120.4
30122.4
30136.4
30132.4
30130.4
30138.4
30134.4
30128.4
30148.4
30146.4
30154.4
30150.4
30152.4
30142.4
30144.4
30140.4
30156.4
30182.1
30184.1
30186.1
30188.1
30190.1
30192.1
30194.1
30196.1
30198.1
30200.1
30202.1
30204.1
30206.1
30208.1
30210.1
30212.1
30214.1
30216.1
30222.1
30234.1
30238.1
30230.1
30224.1
30228.1
30236.1
30226.1
30232.1
30256.1
30244.1
30248.1
30250.1
30254.1
30240.1
30242.1
30252.1
30246.1
30389.69
30391.69
30393.69
30395.69
30397.69
30399.69
30401.69
30403.69
30405.69
30407.69
30409.69
30411.69
30413.69
30419.69
30435.69
30433.69
30437.69
30423.69
30431.69
30427.69
30439.69
30429.69
30421.69
30425.69
30441.69
30443.69
30502.97
30504.97
30506.97
30508.97
30510.97
30512.97
30514.97
30516.97
30518.97
30520.97
30522.97
30524.97
30526.97
30528.97
30530.97
30532.97
30534.97
30536.97
30538.97
30550.97
30552.97
30546.97
30554.97
30558.97
30556.97
30544.97
30548.97
30568.97
30574.97
30566.97
30560.97
30562.97
30570.97
30572.97
30576.97
30578.97
30564.97
30580.97
30643.7
30655.7
30651.7
30657.7
30649.7
30659.7
30645.7
30653.7
30647.7
30665.7
30667.7
30661.7
30669.7
30663.7
30682.7
30684.7
30686.7
30688.7
30690.7
30692.7
30694.7
30696.7
30698.7
30700.7
30710.7
30708.7
30706.7
30712.7
30716.7
30718.7
30714.7
30720.7
30724.7
30722.7
30819.9
30823.1
30825.1
30827.1
30829.1
30831.1
30833.1
30835.1
30837.1
30839.1
30833.9
30829.9
30831.9
30823.9
30835.9
30825.9
30839.9
30837.9
30827.9
30821.9
30841.1
30843.1
30845.1
30847.1
30849.1
30851.1
30853.1
30855.1
30857.1
30859.1
30845.9
30841.9
30849.9
30851.9
30853.9
30847.9
30843.9
30867.1
30871.1
30877.1
30879.1
30873.1
30869.1
30875.1
30865.1
30889.4
30891.4
30893.4
30895.4
30897.4
30899.4
30881.1
30893.1
30899.1
30897.1
30891.1
30889.1
30895.1
30883.1
30885.1
30887.1
30901.4
30903.4
30905.4
30907.4
30909.4
30911.4
30913.4
30915.4
30917.4
30901.1
30939.4
30937.4
30923.4
30927.4
30935.4
30931.4
30925.4
30933.4
30929.4
30941.4
30945.4
30949.4
30951.4
30947.4
30943.4
31019
31017
31018
31010
31014
31019
31013
31012
31020
31018
31018
31017
31014
31010
31017
31015
31017
31016
31021
31023
31025
31027
31029
31031
31033
31035
31037
31039
31029
31026
31032
31028
31038
31027
31034
31028
31026
31030
31030
31033
31027
31022
31032
31035
31031
31022
31021
31038
31022
31035
31031
31035
31024
31025
31034
31038
31035
31053
31055
31059
31051
31047
31049
31045
31057
31065
31063
31061
31130.5
31132.5
31134.5
31136.5
31138.5
31140.5
31142.5
31144.5
31146.5
31148.5
31150.5
31152.5
31154.5
31156.5
31158.5
31160.5
31170.5
31166.5
31172.5
31178.5
31174.5
31168.5
31176.5
31188.5
31196.5
31182.5
31186.5
31194.5
31180.5
31184.5
31190.5
31192.5
31213.07
31215.07
31217.07
31219.07
31221.07
31223.07
31225.07
31227.07
31229.07
31231.07
31239.07
31237.07
31247.07
31255.07
31249.07
31241.07
31251.07
31245.07
31243.07
31253.07
31311.9
31313.9
31315
31315.9
31317.9
31319.9
31321.9
31323.9
31325.9
31327.9
31329.9
31331.9
31333.9
31335.9
31337.9
31339.9
31341.9
31343.9
31345.9
31347.9
31351.73
31353.73
31355.73
31357.73
31359.73
31357.9
31353.9
31355.9
31359.9
31361.73
31363.73
31365.73
31367
31367.73
31369.73
31371.73
31373.73
31375.73
31377.73
31379.73
31369.9
31365.9
31363.9
31361.9
31377.9
31371.9
31375.9
31367.9
31379.9
31373.9
31393
31398.2
31393.73
31385.9
31389.73
31381.9
31383.9
31390
31387.73
31395.73
31387.9
31399.73
31391.73
31397.73
31385.73
31389.9
31400.2
31402.2
31404.2
31406.2
31408.2
31410.2
31412.2
31414.2
31416.2
31418.2
31405.73
31403.73
31411.73
31407.73
31409.73
31401.73
31413.73
31420.2
31422.2
31434.2
31438.2
31430.2
31428.2
31432.2
31436.2
31452.2
31442.2
31450.2
31448.2
31440.2
31444.2
31446.2
31467
31474
31476
31470
31472
31477
31481
31572
31579
31601
31619.97
31621.97
31622
31623.97
31625.97
31627.97
31629.97
31631.97
31633.97
31635.97
31636
31637.97
31639.97
31641.97
31657.97
31655.97
31653.97
31659.97
31651.97
31647.97
31649.97
31661.97
31669.97
31663.97
31667.97
31665.97
31680.9
31682
31682.9
31684.9
31686.9
31688.9
31690.9
31692.9
31694.9
31696.9
31698.9
31700.9
31702.9
31704.9
31706.9
31718.9
31711.8
31717.8
31713.8
31703.8
31705.8
31709.8
31716.9
31719.8
31714.9
31707.8
31715.8
31712.9
31718.9
31728.9
31731.8
31730.9
31734.9
31732.9
31723.8
31730.9
31724.9
31734.9
31721.8
31724.9
31738.9
31722.9
31725.8
31736.9
31720.9
31738.9
31726.9
31729.8
31736.9
31720.9
31732.9
31722.9
31726.9
31727.8
31728.9
31742.9
31746.9
31740.9
31744.9
31748.9
31791
31793
31802
31810
31804
31808
31837
31839
31828
31864
31868
31906
31906.1
31908.1
31914.1
31910.1
31916.1
31912.1
31918.1
31922.1
31928.1
31924.1
31930.1
31926.1
31937
31920.1
31944
31965
32028
32050.5
32052.5
32054.5
32056.5
32058.5
32060.5
32062.5
32064.5
32066.5
32068.5
32070.5
32072.5
32074.5
32076.5
32116
32186
32200.52
32202.52
32204.52
32206.52
32208.52
32210.52
32212.52
32214.52
32216.52
32218.52
32220.52
32222.52
32224.52
32226.52
32228.52
32230.52
32232.52
32234.52
32236.52
32251.35
32253.35
32255.35
32257
32257.35
32259.35
32248.52
32250.52
32244.52
32252.52
32256.52
32258.52
32254.52
32242.52
32246.52
32261.35
32263.35
32265.35
32267.35
32269.35
32271.35
32272
32273.35
32275.35
32277.35
32279.35
32266.52
32272.52
32278.52
32264.52
32260.52
32268.52
32270.52
32274.52
32276.52
32262.52
32281.35
32283.35
32285.35
32287.35
32295.35
32299.35
32297.35
32293.35
32309.35
32305.35
32307.35
32319.35
32301.35
32317.35
32311.35
32313.35
32315.35
32303.35
32339
32321.35
32327.35
32325.35
32323.35
32329.35
32346
32345
32344
32369
32380
32405.9
32407.9
32409.9
32411.9
32413
32413.9
32415.9
32417.9
32418
32419.9
32421.9
32423.9
32425.9
32427.9
32429.9
32431.9
32433.9
32436.4
32438.4
32439.9
32440.4
32442.4
32444.4
32445.61
32446.4
32447.61
32448.4
32449.61
32450.4
32451.61
32452.4
32453.61
32454.4
32455.61
32456.4
32457.61
32458.4
32459.61
32455.9
32453.9
32457.9
32443.9
32459.9
32451.9
32447.9
32441.9
32449.9
32445.9
32460.4
32461.61
32462.4
32463.61
32465.61
32465.96
32467.61
32467.96
32469.61
32469.96
32471.61
32471.96
32473.61
32473.96
32475.61
32475.67
32475.96
32477.61
32477.67
32477.96
32479.61
32479.67
32479.96
32478.4
32472.4
32476.4
32461.9
32465.9
32474.4
32470.4
32467.9
32463.9
32468.4
32481.67
32481.96
32483.67
32483.96
32485.67
32487.67
32489.67
32491.67
32493.67
32495.67
32497.67
32499.67
32499.96
32488.4
32499.61
32495.61
32491.96
32480.4
32484.4
32489.96
32494.4
32497.61
32489.61
32492.4
32493.96
32490.4
32482.4
32485.61
32491.61
32497.96
32486.4
32493.61
32487.61
32495.96
32501.67
32503.67
32505.67
32506
32507.67
32509.67
32511.67
32511.61
32517.67
32507.61
32515.61
32507.96
32517.61
32501.61
32501.96
32519.61
32513.61
32509.61
32503.96
32505.61
32503.61
32519.67
32505.96
32538.58
32525.67
32523.67
32521.67
32533.67
32535.67
32537.67
32539.67
32529.67
32527.67
32531.67
32540.58
32542.58
32544.58
32546.58
32548.58
32549
32550.58
32552.58
32554.58
32556.58
32558.58
32545.67
32549.67
32543.67
32553.67
32547.67
32551.67
32541.67
32560.58
32562.58
32572.58
32576.58
32568.58
32578.58
32570.58
32574.58
32584.58
32582.58
32586.58
32580.58
32588.58
32590.58
32592.58
32609.07
32611.07
32613.07
32615.07
32617.07
32619.07
32621.07
32622
32623.07
32625.07
32627.07
32629.07
32631.07
32633.07
32635.07
32637.07
32647
32651.07
32647.07
32645.07
32653.07
32657.07
32649.07
32659.07
32655.07
32643.07
32657
32665
32679
32663.07
32661.07
32669.07
32665.07
32667.07
32671.07
32695
32707
32715
32788
32795
32782
32854
32862
32875
32908
32911.9
32913.9
32915.9
32917.9
32919.9
32921.9
32923.9
32925.9
32927.9
32929.9
32931.9
32933.9
32935.9
32937.9
32939.9
32940
32932
32941.9
32943.9
32945.9
32947.9
32960
32960
32954
32959
32957.9
32953.9
32960
32955.9
32959
32957
32957
32959.9
32956
32952
32954
32962
32964
32966
32968
32969
32970
32972
32974
32976
32978
32980
32971
32969.9
32965.9
32964
32961
32964
32966
32966
32972
32969
32963.9
32964
32971
32961.9
32970
32974
32972
32977.9
32971.9
32963
32975.9
32964
32967.9
32962
32979.9
32962
32973.9
32969
32966
32978
32970
32972
32967
32985.9
32981.9
32983.9
32987.9
32989.9
33008
33009
33061
33082
33088
33099.6
33097.6
33095.6
33109
33101.6
33117.6
33109.6
33107.6
33105.6
33115.6
33111.6
33103.6
33113.6
33119.6
33140
33123.6
33125.6
33121.6
33152.9
33158.9
33154.9
33156.9
33170.03
33172.03
33174.03
33176.03
33178.03
33166.9
33164.9
33174.9
33170.9
33162.9
33176.9
33172.9
33160.9
33168.9
33180.03
33182.03
33184.03
33186.03
33188.03
33194
33195
33198.03
33196.03
33194.03
33189
33203.69
33205.69
33207.69
33209
33209.69
33211.69
33213.69
33215.69
33217.69
33219.69
33208.03
33200.03
33204.03
33206.03
33212.03
33210.03
33202.03
33221.69
33223.69
33225.69
33228
33229
33234
33239.69
33237.69
33235.69
33231.69
33233.69
33241.69
33245.69
33243.69
33253.69
33247.69
33251.69
33249.69
33305
33323
33344
33419
33410
33474
33478
33523
33521
33546
33543
33544
33617
33618
33616
33624
33634
33633
33674
33679.6
33681.6
33683.6
33685.6
33687.6
33689.6
33691.6
33692.9
33693.6
33694.9
33695.6
33696.9
33697.6
33698.9
33699
33699.6
33698
33700.9
33701.6
33702.9
33703.6
33704.9
33705.6
33706.9
33707.6
33708.9
33709
33709.6
33710.9
33711.6
33712.69
33712.9
33713.6
33714.69
33714.9
33715.6
33716.69
33716.9
33718.69
33718.84
33718.9
33720.69
33720.84
33722.69
33722.84
33724.69
33724.84
33726.69
33726.84
33728.69
33728.84
33730.69
33730.84
33732.69
33732.84
33734.69
33734.84
33736.69
33736.84
33738.69
33730.9
33736.9
33734.9
33732.9
33728.9
33726.9
33738.9
33724.9
33740.69
33750
33752.84
33742.9
33744.9
33754.69
33744.84
33742.84
33746.9
33754.84
33750.9
33746.84
33748.9
33756.69
33746.69
33748.69
33756.84
33752.69
33750.84
33750.69
33758.69
33748.84
33758.84
33740.9
33771.2
33773.2
33775.2
33777.2
33779.2
33774.69
33766.69
33760.84
33764.69
33760.69
33768.69
33772.69
33762.69
33770.69
33781.2
33783.2
33785.2
33787.2
33789.2
33791.2
33793.2
33795.2
33797.2
33803.2
33815.2
33811.2
33817.2
33809.2
33819.2
33805.2
33813.2
33807.2
33828
33832.1
33834.1
33836.1
33838.1
33825.2
33827.2
33821.2
33829.2
33823.2
33840.1
33842.1
33844.1
33846.1
33848.1
33850.1
33852.1
33854.1
33856.1
33858.1
33860.1
33862.1
33864.1
33866.1
33866.4
33868.4
33870.4
33872.4
33874.4
33876.4
33878.4
33880.4
33882.4
33884.4
33886.4
33888.4
33890.4
33892.4
33894.4
33898.08
33900.08
33902.08
33904.08
33906.08
33908
33908.08
33910.08
33912.08
33914.08
33916.08
33918.08
33920.08
33922.08
33922.4
33924.08
33924.4
33926.08
33926.4
33928.08
33928.4
33930.08
33930.4
33932.08
33932.4
33934.08
33934.4
33936.4
33938.4
33940.4
33942.4
33944.4
33946.4
33948.4
33950.4
33946.08
33948.08
33942.08
33950.08
33956.4
33954.08
33956.08
33958.08
33952.08
33940.08
33958.4
33944.08
33966
33968
33969
33962
33972.4
33970.4
33964.08
33970.08
33974.4
33964
33978.4
33976.08
33960.4
33962.08
33966.08
33976.4
33968.4
33968.08
33972.08
33964.4
33974.08
33966.4
33967
33960.08
33962.4
33994
33982.4
33984.4
33980.4
34006.5
34008.5
34010.5
34012.5
34014.5
34016.5
34018.5
34020.5
34022.5
34024
34024.5
34026.5
34028.5
34030.5
34032.5
34034.5
34036.5
34021
34056
34046.5
34042.5
34048.5
34054.5
34050.5
34044.5
34058.5
34056.5
34052.5
34079
34073
34064.5
34072.5
34062.5
34070.5
34060.5
34066.5
34068.5
34111.33
34113.33
34114
34115.33
34117.33
34119.33
34110
34116
34121.33
34123
34123.33
34125.33
34127.33
34129.33
34131.33
34133.33
34134
34135.33
34137.33
34139.33
34132
34141.33
34143.33
34145.33
34146
34153
34155.33
34159
34151.33
34157.33
34159.33
34153.33
34161
34168
34177.33
34165.33
34173.33
34162
34161.33
34163.33
34167.33
34179.33
34175.33
34171.33
34169.33
34196
34181.33
34183.33
34185.33
34220
34220
34223
34234
34226
34232
34250
34256
34254
34254
34263
34287
34343
34372.2
34374.2
34376.2
34378.2
34378
34377
34380.2
34382.2
34383
34384.2
34386.2
34388.2
34390.2
34392.2
34394.2
34396.2
34407
34416
34408.2
34412.2
34404.2
34402.2
34416.2
34414.2
34418.2
34406.2
34410.2
34426.2
34424.2
34422.2
34420.2
34478
34487.2
34489.2
34491.2
34493.2
34495.2
34497.2
34499.2
34501.2
34503.2
34505.2
34507.2
34509.2
34511.9
34513.9
34515.9
34517.9
34519.9
34517.2
34515.2
34519.2
34521.9
34523.9
34525.9
34527.9
34529.9
34531.9
34533.9
34535.9
34537.9
34539.9
34527.2
34537.2
34523.2
34529.2
34521.2
34525.2
34533.2
34535.2
34531.2
34541.9
34542
34543.9
34545.9
34547.9
34557.9
34553.9
34555.9
34559.9
34553
34561
34570.9
34572.9
34574.9
34576.9
34578.9
34569.9
34565.9
34563.9
34561.9
34577.9
34571.9
34575.9
34567.9
34579.9
34573.9
34580.9
34582.9
34584.9
34586.9
34588.9
34590.9
34592.9
34594.9
34596.9
34598.9
34585.9
34581.9
34583.9
34587.9
34589.9
34600.9
34616.9
34618.9
34612.9
34614.9
34608.9
34610.9
34606.9
34639
34630.9
34630
34622.9
34634.9
34634
34628.9
34626.9
34637
34624.9
34620.9
34632.9
34636.9
34685
34687.47
34689.47
34691.47
34693.47
34694
34695.47
34697.47
34699.47
34701.47
34703.47
34705.47
34707.47
34709.47
34711.47
34719
34717
34717.47
34719.47
34733.47
34731.47
34735.47
34721.47
34729.47
34725.47
34737.47
34739.47
34727.47
34723.47
34743
34741.47
34780
34784
34787
34787.4
34789.4
34791.4
34793.4
34795.4
34797.4
34799
34799.4
34801.4
34803.4
34805.4
34807.4
34809.4
34812
34814
34824.7
34826.7
34828.7
34830.7
34832.7
34834.7
34836.7
34838.7
34840.7
34842.7
34844.7
34846.7
34848.7
34850.7
34869
34908
34904
34916.2
34918.2
34914.2
34932.2
34928.2
34938.2
34938
34930.2
34934.2
34920.2
34922.2
34924.2
34936.2
34926.2
34945
34958
34944.2
34957
34940.2
34948.2
34942.2
34946.2
34954
34971.73
34973.73
34975.73
34977.73
34979.73
34981.73
34983.73
34985.73
34987.73
34989.73
34997
34997.73
34995.73
34991
34995
34999.73
35005.73
35013.73
35007.73
35009.73
35003.73
35001.73
35011.73
35046
35090
35085
35096
35084
35098
35105
35108
35110
35104.4
35108.4
35116.4
35109
35110.4
35114.4
35118.4
35112.4
35106.4
35120.4
35134.4
35130.4
35122.4
35128.4
35138.4
35124.4
35132.4
35136.4
35126.4
35152
35140.4
35194
35196
35198.46
35188
35200.46
35202.46
35204.46
35206.46
35208.46
35210.46
35212.46
35214.46
35216.46
35218.46
35220.46
35222.46
35224.46
35226.46
35228.46
35230
35234
35238.46
35236.46
35230
35234.46
35243
35240.46
35256.46
35248.46
35246.46
35244.46
35254.46
35250.46
35242.46
35252.46
35258.46
35270
35262.46
35264.46
35260.46
35293
35299
35308
35305
35328
35357
35357
35362
35366
35369
35364
35365
35382
35399
35415
35424
35438.9
35440.9
35442.9
35444.9
35446.9
35448.9
35450.9
35452.9
35454.9
35456.9
35458.9
35456
35460.9
35461
35462.9
35464.9
35466.9
35472.9
35476.9
35474.9
35478.9
35498.4
35488.9
35486.9
35490.9
35494.9
35498.9
35496.9
35492.9
35484.9
35480.9
35482.9
35500.4
35502.4
35504.4
35506.4
35508.4
35510.4
35512.4
35514.4
35516.4
35518.4
35500.9
35520.4
35535
35530.4
35528.4
35526.4
35536.4
35530
35534.4
35532.4
35538.4
35544.4
35546.4
35548.4
35542.4
35540.4
35570
35595.63
35597.63
35599.63
35601
35601.63
35603.63
35605.63
35607.63
35609.63
35611.63
35613.63
35615.63
35617.63
35619.63
35621.63
35623.63
35625.63
35627.63
35629.63
35631.63
35639.63
35637.63
35646
35657.37
35659.37
35643.63
35645.63
35643
35647.63
35651.63
35659.63
35653.63
35655.63
35649.63
35645
35645
35657.63
35641.63
35661.37
35663.37
35665.37
35667.37
35669.37
35671.37
35673.37
35675.37
35678
35661.63
35667.63
35673.63
35663.63
35665.63
35669.63
35671.63
35695.37
35695
35698
35700
35694
35685.37
35683.37
35681.37
35700
35695
35687.37
35691.37
35693.37
35699.37
35694
35697.37
35689.37
35694
35701
35703
35704.9
35705
35706.9
35707
35708.9
35709
35710.9
35711
35712
35712.9
35713
35714.9
35715
35716.9
35717
35718.9
35719
35702
35718
35711
35701
35717
35708
35713
35716
35708
35707
35702
35714
35706
35703
35704
35703
35720
35719
35704
35720.9
35721
35722.9
35723
35724.9
35725
35726.9
35727
35728.9
35729
35730.9
35731
35733
35735
35737
35726
35730
35722
35726
35722
35733
35736
35726
35733
35732
35724
35728
35723
35738.9
35725
35736.9
35728
35728
35746
35755.58
35757.58
35759.58
35742.9
35754.9
35756.9
35758.9
35748.9
35746.9
35745
35744.9
35740.9
35750.9
35752.9
35761.58
35763.58
35765.58
35767.58
35769.58
35771.58
35773.58
35775.58
35777.04
35777.58
35779.04
35779.58
35762.9
35760.9
35781.04
35781.58
35783.04
35783.58
35785.04
35787.04
35789.04
35791.04
35793.04
35795.04
35797.04
35799.04
35800
35797.58
35793
35799.58
35789.58
35791.58
35795.58
35793.58
35801.04
35803.04
35805.04
35807.04
35809
35809.04
35811.04
35817.58
35809.58
35807.58
35803.58
35811.58
35817.04
35815.58
35805.58
35801.58
35813.58
35819.04
35831.04
35839.04
35827.04
35829.04
35821.04
35833.04
35823.04
35837.04
35835.04
35825.04
35848
35843.04
35847.04
35849.04
35851.04
35845.04
35841.04
35866
35874
35865
35902
35947
35984
35986
36002
36005
36051
36078
36080.9
36082.9
36084.9
36086.9
36088.9
36090.9
36092.9
36094.9
36096.9
36098.9
36100.9
36102.9
36104.9
36106.9
36111.9
36113.9
36115.9
36117.9
36119.9
36116.9
36118.9
36114.9
36112.9
36121.9
36123.9
36125.9
36127.9
36129.9
36131.9
36133.9
36135.9
36137.9
36139.9
36122.9
36132.9
36120.9
36124.9
36128.9
36138.9
36136.9
36134.9
36126.9
36130.9
36141.9
36143.9
36145.9
36147.9
36156
36157.9
36153.9
36155.9
36159.9
36162
36169.9
36165.9
36163.9
36161.9
36177.9
36171.9
36175.9
36167.9
36179.9
36173.9
36185.9
36181.9
36183.9
36187.9
36189.9
36224.62
36226.62
36228.62
36230.62
36232.62
36234.62
36236.62
36238.62
36239
36240.62
36242.62
36246
36258.62
36250.62
36248.62
36252.62
36256.62
36254.62
36266.62
36260.62
36262.62
36264.62
36369
36373
36375
36366
36377
36375
36382
36392
36393
36388
36451
36460
36467
36478
36482
36525
36520
36590
36592
36711
36713
36721
36735
36728
36766
36811.8
36809.8
36817.8
36815.8
36819.8
36813.8
36830
36833
36836.36
36838.36
36823.8
36825.8
36821.8
36831.8
36827.8
36829.8
36840.36
36842.36
36844.36
36846.36
36848.36
36850.36
36852.36
36854.36
36856.36
36858.36
36860.36
36865
36871
36874
36870.36
36878.36
36870
36874.36
36866.36
36865
36876.36
36873
36868.36
36872.36
36882.5
36884.5
36886.5
36888.5
36890.5
36892.5
36894.5
36896.5
36898.5
36882.36
36880.36
36884.36
36886.36
36888.36
36890.36
36900.5
36902.5
36904
36904.5
36906.5
36908.5
36909
36910.5
36912.5
36930.7
36932.7
36934.7
36936.7
36938.7
36940.7
36942.7
36944.7
36946.7
36948.7
36950.7
36952.7
36954.7
36955.4
36956.7
36957.4
36959.4
36961.4
36963.4
36965.4
36967.4
36969.4
36971.4
36973.4
36975.4
36977.4
36979.4
36962.7
36974.7
36970.7
36976.7
36968.7
36978.7
36964.7
36972.7
36966.7
36981.4
36983.4
36984.7
36986.7
36980.7
36988.7
36982.7
37039
37079
37073
37076
37070
37086
37087
37120
37119
37125
37125
37135
37136
37121
37155
37156
37188
37225
37227
37252
37263
37267
37261
37281
37293.19
37295.19
37297.19
37299.19
37301.19
37302
37303.19
37305.19
37307.19
37309.19
37311.19
37313.19
37315.19
37317.19
37319.19
37311
37317
37313
37315
37319
37321.19
37323.19
37325.19
37327.19
37329.19
37337.31
37339.31
37323
37337.19
37329
37321
37325
37335.19
37327
37339.19
37341.31
37343.31
37345.31
37346.2
37347.31
37348.2
37349.31
37350.2
37351.31
37352.2
37353.31
37354.2
37355.31
37356.2
37357.31
37358.2
37359.31
37341.19
37343.19
37359.19
37345.19
37349.19
37357.19
37351.19
37353.19
37347.19
37355.19
37360.2
37361.31
37362.2
37363.31
37364.2
37365
37365.31
37366.2
37367.31
37368.2
37370
37370.2
37377.31
37365.19
37378.2
37376.2
37371.19
37379.31
37375.31
37361.19
37363.19
37367.19
37369.19
37373.31
37382.2
37386.2
37395.31
37390.2
37398.2
37387.31
37385.31
37396.2
37393.31
37383.31
37388.2
37392.2
37389.31
37394.2
37381.31
37399.31
37380.2
37391.31
37384.2
37397.31
37400.2
37401.31
37403.31
37434
37442.76
37444.76
37446.76
37448.76
37450.76
37452.76
37454.76
37456.76
37458.76
37458.9
37460.76
37460.9
37462.76
37462.9
37464.76
37464.9
37466.76
37466.9
37468.76
37468.9
37469
37470.76
37470.9
37471
37472.76
37472.9
37474.76
37474.9
37476.76
37476.9
37477
37477.51
37478.9
37479.51
37466
37469
37480.9
37481.51
37482.9
37483.51
37484.9
37485.51
37486.9
37487.51
37488.9
37489.51
37491.51
37493
37493.51
37495.51
37492
37497
37496.76
37496
37492.76
37489
37494.76
37486.76
37498.76
37489
37482.76
37488.76
37496.9
37498.9
37490.76
37484.76
37490
37494.9
37505
37518.9
37511.51
37508.76
37504.9
37510.9
37504.76
37512.76
37503.51
37519.51
37501.51
37506.9
37500.9
37514.76
37513.51
37516.76
37505.51
37510.76
37516.9
37514.9
37506.76
37502.9
37515.51
37512.9
37509.51
37502.76
37508.9
37500.76
37507.51
37517.51
37522.9
37520.9
37524.9
37560
37556
37698
37700
37700
37694
37696
37698
37700
37700
37699
37702
37704
37706
37708
37710
37711.9
37712
37713.9
37714
37715.9
37716
37716.9
37717.9
37718
37718.9
37719.9
37720
37720
37707
37712
37714
37704
37701
37701
37717
37714
37710
37717
37714
37714
37709
37701
37711
37709
37720.9
37721.9
37722.9
37723.9
37724.9
37725.9
37726.9
37727.9
37728.9
37729.9
37730.9
37731.9
37732.9
37733.9
37734.9
37735.9
37736.9
37737.9
37738.9
37739.9
37730
37740
37726
37734
37736
37732
37728
37738
37740.9
37741.9
37742.9
37743.9
37745.9
37746
37747.9
37754.9
37757.9
37753.9
37742
37755.9
37744
37758.9
37759.9
37756.9
37746
37752.9
37750.9
37748.9
37769.9
37765.9
37766.9
37768.9
37770.9
37760.9
37763.9
37774.9
37761.9
37772.9
37777.9
37771.9
37775.9
37762.9
37767.9
37779.9
37773.9
37764.9
37798.47
37785.9
37781.9
37783.9
37787.9
37789.9
37800.47
37802.47
37804.47
37806.47
37808.47
37810.47
37810.8
37812.47
37812.8
37814.47
37814.8
37816.47
37816.8
37818.47
37818.8
37820.47
37820.8
37822.47
37822.8
37824.47
37824.8
37826.47
37826.8
37828.8
37830.8
37832.8
37838.8
37832.47
37834.47
37838.47
37836.47
37852.8
37854.8
37840.8
37840.47
37852.47
37846.8
37850.47
37846.47
37844.8
37854.47
37842.47
37850.8
37858.47
37848.8
37848.47
37844.47
37856.47
37856.8
37842.8
37858.8
37860.47
37860.8
37920
37919
37922
37974
37967
37965
38144.7
38146.7
38148.7
38150.7
38152.7
38154.7
38156.7
38158.7
38160.7
38162.7
38286.1
38288.1
38290.1
38292.1
38294.1
38296.1
38298.1
38300.1
38302.1
38304.1
38306.1
38308.1
38310.1
38312.1
38314.1
38316.1
38318.1
38320.1
38322.1
38333.1
38335.1
38337.1
38339.1
38330.1
38332.1
38338.1
38328.1
38334.1
38336.1
38341.1
38343.1
38345.1
38347.1
38349.1
38351.1
38353.1
38355.1
38357.1
38359.1
38340.1
38342.1
38344.1
38348.1
38356.1
38350.1
38354.1
38358.1
38352.1
38346.1
38361.1
38363.1
38365.1
38367.1
38369.1
38377.1
38379.1
38364.1
38375.1
38362.1
38360.1
38395
38387.1
38397.1
38395.1
38385.1
38393.1
38392
38383.1
38389.1
38399.1
38391.1
38381.1
38420
38401.1
38411.1
38409.1
38407.1
38405.1
38403.1
38495
38494
38494
38489
38503
38509
38570.5
38568.5
38572.5
38576.5
38574.5
38578.5
38589
38596.5
38584.5
38580.5
38594.5
38582.5
38590.5
38592.5
38586.5
38588.5
38680
38671
38674.1
38674
38668.1
38662.1
38678.1
38670.1
38666.1
38676.1
38664.1
38672.1
38660.1
38682.1
38684.1
38680.1
38730.4
38732.4
38734.4
38736.4
38737
38738.4
38740.4
38742.4
38744.4
38746.4
38748.4
38758
38757
38838.3
38839.8
38840.3
38841.8
38842.3
38843.8
38844.3
38845.8
38846.3
38847.8
38848.3
38849.8
38850.3
38851.8
38852.3
38853.8
38854.3
38855.8
38856.3
38857.8
38858.3
38859.8
38860.3
38861.8
38862.3
38864.3
38866.3
38868.3
38870.3
38872.3
38869.8
38867.8
38875.8
38873.8
38878.3
38879.8
38877.8
38871.8
38881.8
38883.8
38880.3
38896.3
38888.3
38890.3
38886.3
38894.3
38889.8
38892.3
38885.8
38884.3
38887.8
38898.3
38882.3
38912.3
38910.3
38904.3
38908.3
38906.3
38902.3
38900.3
38921
38960
38985.24
38987.24
38989.24
38990.74
38991.24
38992.74
38993.24
38994.74
38995.24
38996.74
38997.24
38998.74
38999.24
39000.74
39001.24
39002.74
39003.24
39004.74
39005.24
39006.74
39007.24
39008
39008.74
39009.24
39010.74
39012.74
39014.74
39016.74
39018.74
39017.2
39015.2
39019.2
39019.24
39015.24
39017.24
39020.74
39022.74
39024.74
39026.74
39037
39038.74
39023.2
39031.24
39027.2
39034.74
39029.24
39033.24
39027.24
39031.2
39039.2
39037.2
39023.24
39035.24
39033.2
39037.24
39029.2
39025.24
39039.24
39035.2
39021.2
39032.74
39025.2
39036.74
39021.24
39040.74
39056.74
39042.74
39041.2
39046.74
39054.74
39048.74
39049.2
39050.74
39045.2
39058.74
39051.2
39044.74
39047.2
39043.2
39052.74
39062
39072
39075
39068
39067
39062.74
39069
39068.74
39060.74
39064.74
39066.74
39108.47
39110.47
39112.47
39114.47
39116.47
39118.47
39119
39120.47
39122.47
39124.47
39126.47
39128
39128.47
39130.47
39132.47
39134.2
39134.47
39136.2
39136.47
39138.2
39138.47
39140.2
39140.47
39142.2
39142.47
39144.2
39146.2
39148.2
39150.2
39152.2
39154.2
39156.2
39158.2
39156
39158.47
39152.47
39148.47
39154.47
39156.47
39150.47
39160.2
39162
39162.2
39164.2
39166.2
39168.2
39172.9
39174.9
39176.9
39178.9
39174.47
39176.2
39162.47
39170.47
39178.47
39178.2
39160.47
39164.47
39176.47
39174.2
39172.47
39168.47
39166.47
39180.9
39182.9
39184.9
39186.9
39188.9
39190.9
39192.9
39194.9
39196.9
39192.2
39188.2
39198.2
39180.47
39182.47
39190.2
39194.2
39180.2
39182.2
39184.2
39196.2
39186.2
39216.9
39214.9
39204.2
39202.9
39208.9
39204.9
39212.9
39210.9
39218.9
39200.2
39208.2
39202.2
39206.2
39206.9
39221
39229
39235
39237
39224.9
39220.9
39226.9
39222.9
39226
39221
39241
39296
39311.9
39313.9
39315.9
39317.9
39319.9
39321
39321.9
39323.9
39325.9
39327.9
39329.9
39331.9
39333.9
39335.9
39337.9
39339.9
39341.9
39343.9
39345.9
39347.9
39357.9
39353.9
39355.9
39359.9
39369.9
39365.9
39363.9
39361.9
39377.9
39371.9
39375.9
39367.9
39379.9
39373.9
39385.9
39381.9
39383.9
39387.9
39389.9
39418
39438
39443
39459
39448.8
39454.8
39452.8
39456.8
39446.8
39440.8
39442.8
39458.8
39444.8
39450.8
39476.17
39478.17
39464.8
39460.8
39470.8
39466.8
39462.8
39468.8
39472.8
39480.17
39482
39482.17
39484.17
39486.17
39487
39488.17
39490.17
39492.17
39494.17
39496.17
39498.17
39500.17
39502.17
39504.17
39506.17
39519
39516.17
39518.17
39514.17
39516
39513
39514
39517
39512.17
39521
39534.17
39526.17
39524.17
39522.17
39532.17
39528.17
39520.17
39538.17
39530.17
39536.17
39540.17
39542.17
39640
39638
39647
39644
39725.4
39727.4
39728.9
39729.4
39730.9
39731.4
39732.9
39733.4
39734.9
39735.4
39736.9
39737.4
39738.9
39739.4
39740.9
39741.4
39742.9
39743.4
39744
39744.9
39745.4
39746.9
39747.4
39748.9
39749.4
39750.9
39751.4
39752.9
39754.9
39759.4
39757.4
39766.9
39767.4
39778.9
39777.4
39761.4
39765.4
39769.4
39773.4
39772.9
39763.4
39770.9
39779.4
39768.9
39771.4
39764.9
39762.9
39775.4
39774.9
39760.9
39776.9
39795
39780.9
39782.9
39783.4
39781.4
39786.9
39784.9
39820.2
39822.2
39824.2
39826.2
39827
39828.2
39830.2
39832.2
39834.2
39836.2
39838.2
39840.2
39841.36
39842.2
39843.36
39845.36
39847.36
39849.36
39851.36
39853.36
39855.36
39857.36
39859
39859.36
39861.36
39862
39863.36
39865.36
39867.36
39868.8
39869.36
39870.8
39872
39872.8
39874.8
39876.8
39878.8
39875.36
39877.36
39879.36
39880.8
39882.8
39884.8
39886.8
39888.8
39890.8
39894
39898.8
39883.36
39896.8
39895.36
39893.36
39889.36
39897.36
39885.36
39881.36
39891.36
39887.36
39899.36
39910.8
39912.8
39903.36
39904.8
39902.8
39901.36
39908.8
39918.8
39906.8
39914.8
39900.8
39916.8
39921
39956
39955
39977
40031
40084
40090.2
40092.2
40094.2
40096.2
40098.2
40100.2
40102.2
40104.2
40106.2
40108.2
40110
40110.2
40112.2
40114.2
40116.2
40122.2
40134.2
40130.2
40136.2
40128.2
40138.2
40124.2
40132.2
40126.2
40144.2
40146.2
40140.2
40148.2
40142.2
40168
40215.8
40217.8
40219.8
40221.8
40223.8
40225.8
40227.8
40229.8
40231.8
40233.8
40235.8
40237.8
40239.8
40241.8
40243.8
40245.8
40247.8
40258
40311.07
40313.07
40315.07
40317.07
40319.07
40320.2
40321.07
40322.2
40323.07
40324.2
40325.07
40326.2
40327.07
40328.2
40329.07
40330.2
40331.07
40332.2
40333.07
40334.2
40335.07
40336.2
40337.07
40338.2
40339.07
40340.2
40341.07
40342.2
40343.07
40344.2
40345.07
40346.9
40347.07
40348.9
40350.9
40352.9
40354.9
40356.9
40358.9
40353.07
40357.07
40359.07
40355.07
40360.9
40362.9
40364.9
40366.9
40368.9
40370.9
40372.9
40374.9
40376.9
40369.07
40379.07
40371.07
40377.07
40365.07
40373.07
40380
40363.07
40367.07
40361.07
40375.07
40383
40392.9
40398.9
40383.07
40387.07
40394.9
40388.9
40389.07
40390.9
40381.07
40384.9
40396.9
40386.9
40385.07
40400
40382.9
40403
40418
40406.9
40410.9
40420
40404.9
40402.9
40400.9
40408.9
40412.9
40427
40423
40502
40662
40688.3
40690.3
40692.3
40694.3
40696.3
40698.3
40700.3
40702.3
40704.3
40706.3
40708.3
40710.3
40712.3
40714.3
40714.75
40716.3
40716.75
40718.3
40718.75
40720.3
40720.75
40722.3
40722.75
40724.3
40724.75
40726.75
40728.75
40730.75
40731
40732.75
40734.75
40736.75
40738.75
40740.75
40742.75
40754
40755
40750.75
40748.75
40750
40752.75
40756.75
40754.75
40758.75
40762
40774.19
40776
40776.19
40778.19
40776.75
40764.75
40760.75
40774.75
40762.75
40770.75
40772.75
40766.75
40768.75
40780.19
40782.19
40784.19
40786.19
40788.19
40790.19
40792.19
40794.19
40796.19
40798.19
40800.19
40802.19
40804.19
40806.19
40808.19
40815
40818.19
40814.19
40816.19
40828.19
40836.19
40824.19
40826.19
40830.19
40838.19
40820.19
40834.19
40832.19
40822.19
40844
40850
40853
40840.19
40844.19
40846.19
40848.19
40842.19
40893
40897.8
40899.8
40886
40901.8
40903.8
40905.8
40907.8
40908
40909.8
40911.8
40911.9
40913.8
40913.9
40915.8
40915.9
40917.8
40917.9
40919.8
40919.9
40921.9
40923.9
40925.9
40927.9
40929.9
40931.9
40933.9
40935.9
40937.9
40939.9
40939.8
40927.8
40925.8
40933.8
40931.8
40937.8
40935.8
40929.8
40941.9
40943.9
40945.9
40947.9
40953
40941.8
40957.9
40953.9
40955.9
40959.9
40947.8
40943.8
40945.8
40969.9
40965.9
40963.9
40961.9
40977.9
40971.9
40975.9
40967.9
40979.9
40973.9
40981
40995
40985.9
40981.9
40983.9
40987.9
40989.9
41050.2
41051
41052.2
41054.2
41056.2
41058.2
41060.2
41062.2
41064.2
41066.2
41068.2
41070.2
41072.2
41074.2
41076
41076.2
41078.2
41080.2
41082.2
41084.2
41086.2
41094.2
41092.2
41096.2
41098.2
41117
41100.2
41104.2
41108.2
41116.2
41114.2
41118.2
41110.2
41106.2
41112.2
41102.2
41134.13
41136.13
41138.13
41126.2
41122.2
41128.2
41124.2
41120.2
41140.13
41142.13
41144.13
41146.13
41148.13
41150.13
41152.13
41154.13
41156.13
41158.13
41178.13
41168.13
41176.13
41172.13
41164.13
41174.13
41166.13
41170.13
41180.13
41182.13
41184.13
41186.13
41188.13
41344
41417
41465
41485
41484
41481
41578
41578
41585
41592.6
41594.6
41596.6
41598.6
41600.6
41602.6
41604.6
41606.6
41608.6
41610.6
41612.6
41614.6
41615.03
41616.6
41617.03
41619.03
41621.03
41623.03
41625.03
41627.03
41629.03
41631.03
41633.03
41635.03
41637.03
41639.03
41636.6
41630.6
41624.6
41632.6
41628.6
41638.6
41626.6
41634.6
41622.6
41641.03
41643.03
41645.03
41655.03
41657.03
41653.03
41640.6
41644.6
41646.6
41659.03
41642.6
41651.03
41667.94
41669.94
41671.94
41673.94
41675.94
41677.94
41679
41679.94
41673.03
41665.03
41679.03
41663.03
41661.03
41671.03
41667.03
41677.03
41669.03
41675.03
41681.94
41683.94
41685.94
41687.94
41689.94
41691.94
41693.94
41695.94
41697
41697.94
41699.94
41681.03
41708
41717
41713.94
41719.94
41717.94
41711.94
41705.94
41707.94
41709.94
41715.94
41733
41735
41724
41721.94
41729.94
41725.94
41735.94
41731.94
41723.94
41727.94
41734
41733.94
41737.94
41740.9
41742.9
41744.9
41746.9
41748.9
41750.9
41752.9
41754.9
41756.9
41758.9
41760.9
41762.9
41764.9
41766.9
41778.9
41776.9
41774.9
41772.9
41784
41790.9
41792.9
41794.9
41784.9
41798.9
41782.9
41796.9
41780.9
41786.9
41788.9
41822
41868
41884.24
41886.24
41888.24
41890.24
41892.24
41894.24
41896.24
41897
41898.24
41900.24
41902.24
41904.24
41906.24
41908.24
41910.24
41912.24
41918.24
41926.8
41928.8
41930.8
41932.8
41934.8
41936.8
41938.8
41940
41939
41926.24
41938.24
41936.24
41932.24
41939
41928.24
41920.24
41924.24
41934.24
41922.24
41930.24
41940.8
41942.8
41944.8
41946.8
41948.8
41946.24
41956.8
41954.8
41940.24
41944.24
41942.24
41958.8
41968
41968.8
41970.8
41962.8
41960.8
41966.8
41976.8
41964.8
41972.8
41974.8
42093
42131
42157
42158
42171
42168
42181
42183
42212.5
42215
42206.5
42210.5
42214.5
42218.5
42216.5
42208.5
42222
42226
42222.5
42228.5
42226.5
42238.5
42224.5
42236.5
42234.5
42233
42220.5
42232.5
42230.5
42242
42240.5
42263
42264.33
42266.33
42268.33
42270.33
42272.33
42274.33
42276.33
42277
42278.33
42280.33
42282.33
42295
42288.33
42294.33
42298.33
42290.33
42292.33
42296.33
42300.33
42306.33
42302.33
42304.33
42351.4
42353.4
42355.4
42357.4
42359.4
42361.4
42363.4
42365.4
42367.4
42369.4
42371.4
42373.4
42394
42439.9
42441.9
42443.9
42445.9
42447.9
42449.9
42451.9
42453.9
42455
42455.9
42457.9
42459.9
42461.9
42463.9
42465.9
42467.9
42468
42469.9
42471.9
42473.9
42505
42511.9
42513.9
42515.9
42517.9
42519.9
42514
42521
42521.9
42523.9
42525.9
42527.9
42529.9
42531.9
42533.9
42535.9
42537.9
42539.9
42541.9
42543.9
42544
42545.9
42547.9
42559
42559
42557.9
42553.9
42555.9
42552
42559.9
42563
42569.9
42565.9
42563.9
42561.9
42577.9
42571.9
42575.9
42567.9
42579.9
42573.9
42584.4
42586.4
42588.4
42590.4
42592.4
42594.4
42596.4
42598.4
42585.9
42581.9
42583.9
42587.9
42589.9
42600.4
42601
42602.4
42604.4
42606.4
42608.4
42610.4
42612.4
42614.4
42616.4
42618.4
42655
42657
42687
42727
42726
42776
42796
42853
42876
42895
42897
42899
42900
42890
42898
42892
42900
42897
42895
42900
42893
42891
42892
42888
42894
42892
42896
42900
42901
42903
42905
42907
42909
42911
42913
42915
42917
42918
42919
42905
42916
42908
42910
42913
42907
42918
42907
42909
42902
42915
42904
42904
42914
42914
42917
42905
42915
42917
42906
42909
42912
42908
42907
42908
42917
42909
42917
42911
42912
42921
42923
42922
42931
42929
42933
42937
42935
42939
42952
42955.8
42957.8
42959.8
42957
42945
42941
42955
42943
42951
42953
42947
42949
42961.8
42963.8
42965.8
42967
42967.8
42969.8
42971.8
42973.8
42975.8
42977.8
42997.8
42999.8
42985.8
42983.8
42991.8
42989.8
42995.8
42993.8
42987.8
43001
43007
43005.8
43001.8
43003.8
43127.2
43129.2
43131.2
43133.2
43135.2
43137.2
43139.2
43141
43141.2
43143.2
43145.2
43147.2
43149.2
43150
43151.2
43153.2
43155.2
43157.2
43159.2
43161.2
43163.2
43171.2
43177.2
43169.2
43173.2
43175.2
43179.2
43181.2
43185.2
43193.2
43191.2
43195.2
43187.2
43183.2
43199.2
43189.2
43197.2
43203.2
43205.2
43201.2
43223
43234.9
43236.9
43238.9
43240
43240.9
43242.9
43244.9
43246.9
43248.9
43249.7
43250.9
43251.7
43252
43252.9
43253.7
43254.9
43255.7
43256.9
43257.7
43258.9
43259.7
43260.9
43261.7
43262.9
43263.7
43264.9
43265.7
43267.7
43269.7
43271.7
43273.7
43275.7
43276.9
43278.9
43272.9
43274.9
43270.9
43283.02
43285.02
43287.02
43289.02
43291.02
43293.02
43295.02
43297.02
43299.02
43294.9
43280.9
43286.9
43298.9
43282.9
43292.9
43290.9
43288.9
43284.9
43296.9
43301.02
43303.02
43305.02
43307.02
43317.02
43313.02
43300.9
43315.02
43319.02
43329.02
43327.02
43331.02
43325.02
43321.02
43333.02
43335.02
43323.02
43337.02
43369.9
43371.9
43373.9
43375.9
43377.9
43379.9
43381.9
43383.9
43385.9
43387.9
43389.9
43390
43391.9
43393.9
43394.2
43395.9
43396.2
43398.2
43400.2
43402.2
43404.2
43406.2
43408.2
43410
43410.2
43412.2
43414.2
43416.2
43418.2
43420.2
43422.2
43424.2
43426.2
43428.2
43436.2
43438.2
43434.2
43455.39
43457.39
43459
43459.39
43452.2
43448.2
43458.2
43450.2
43454.2
43440.2
43442.2
43444.2
43456.2
43446.2
43461.39
43463.39
43465.39
43467.39
43469.39
43471.39
43473.39
43475.39
43477.39
43479.39
43464.2
43460.2
43468.2
43462.2
43466.2
43481.39
43483.39
43485.39
43487.39
43489.39
43495.39
43499.39
43497.39
43510
43501.39
43511.39
43517.39
43515.39
43503.39
43507.39
43505.39
43513.39
43509.39
43519.39
43529.39
43527.39
43525.39
43523.39
43521.39
43550
43650
43716
43736
43738
43732
43728
43727
43752.9
43753.89
43754.9
43755.89
43756.9
43757.89
43758.9
43759.89
43760.9
43761.89
43762.9
43763.89
43764.9
43765.89
43766.9
43767.89
43768.9
43769.89
43770.9
43771
43771.89
43772.9
43773.89
43774.9
43775.89
43776.9
43777.89
43778.9
43779.89
43780
43781.89
43783.89
43790.9
43793.89
43795.89
43796.9
43791.89
43794.9
43792.9
43799.89
43788.9
43786.9
43797.89
43798.9
43784.9
43789.89
43808
43802.9
43804.9
43811.89
43806.9
43810.9
43803.89
43817.89
43801.89
43808.9
43809.89
43805.89
43819.89
43815.89
43807.89
43813.89
43800.9
43827
43873
43888
43900
43908
43909
43927.13
43929.13
43931.13
43933.09
43933.13
43935.09
43935.13
43937.09
43937.13
43939.09
43939.13
43941.09
43941.13
43943.09
43943.13
43945.09
43945.13
43947.09
43947.13
43949.09
43949.13
43951.09
43951.13
43953.09
43953.13
43955.09
43955.13
43957.09
43959.09
43961.09
43963.09
43965.09
43979.09
43969.13
43977.09
43979.13
43975.13
43971.09
43971.13
43973.09
43961.13
43963.13
43967.13
43977.13
43975.09
43965.13
43973.13
43984.8
43986.8
43988.8
43990.8
43992.8
43994.8
43996.8
43998.8
43985.09
43989.13
43983.09
43987.09
43981.13
43995.09
43991.09
43983.13
43997.09
43989.09
43987.13
43993.09
43985.13
43999.09
43981.09
44000.8
44002.8
44004.8
44006.8
44014.8
44012.8
44018.8
44001.09
44003.09
44016.8
44022
44026.8
44028.8
44020.8
44024.8
44034.8
44022.8
44030.8
44032.8
44061
44106
44111
44111.9
44113.9
44115.9
44117.9
44119.9
44121.9
44123.9
44125.9
44127
44127.9
44129
44129.9
44131.9
44133.9
44135.9
44137.9
44139.9
44135
44125
44141.9
44142
44143.9
44145.9
44147.9
44157.9
44153.9
44155.9
44159.9
44169.9
44165.9
44163.9
44161.9
44177.9
44171.9
44175.9
44167.9
44179.9
44173.9
44192
44194
44185.9
44181.9
44183.9
44187.9
44189.9
44201
44239.5
44257.5
44259.5
44243.5
44253.5
44249.5
44247.5
44241.5
44245.5
44251.5
44255.5
44280
44265.5
44261.5
44263.5
44267.5
44269.5
44271.5
44296
44289
44305
44327
44343
44351
44396
44390
44401
44402
44485
44498
44496
44494
44496
44496
44492
44520
44555.1
44557.1
44559.1
44561.1
44563.1
44565.1
44567.1
44568
44569.1
44571.1
44573.1
44575.1
44577.1
44579.1
44596
44599.1
44592
44593.1
44587.1
44595.1
44591.1
44593
44589.1
44597.1
44585.1
44587
44620
44603.1
44607.1
44601.1
44609.1
44605.1
44625
44633
44622
44656
44717
44744.28
44746.28
44748.28
44750.28
44752.28
44754.28
44756.28
44758.28
44760.28
44762.28
44763
44764.28
44766.28
44768.28
44770.28
44772.28
44774.28
44776.28
44778.28
44782
44791
44790.28
44784.28
44783
44788.28
44792.28
44796.28
44794.28
44798.28
44786.28
44800.28
44818.28
44806.28
44804.28
44816.28
44802.28
44814.28
44812.28
44810.28
44808.28
44827
44833
44835.2
44839.2
44827.2
44837.2
44833.2
44831.2
44829.2
44847.2
44841.2
44843.2
44845.2
44879
44874
44870
44897.5
44893.5
44887.5
44891.5
44895.5
44883.5
44881.5
44885.5
44899.5
44889.5
44905.5
44911.5
44909.5
44907.5
44903.5
44901.5
44931
44992
44990
45013.8
45015.8
45017.8
45019.8
45021.8
45022
45023.8
45025.8
45027.8
45029.8
45031.8
45033.8
45035.8
45049
45052
45055.8
45057.8
45043.8
45041.8
45049.8
45047.8
45053.8
45051.8
45059.8
45045.8
45069
45075.25
45077.25
45079.25
45063.8
45061.8
45081.25
45083.25
45085.25
45087.25
45089.25
45090
45091.25
45093.25
45095.25
45097.25
45099
45099.25
45101.25
45103.25
45111.25
45109.25
45113.25
45117.25
45115.25
45119.25
45136
45137.25
45125.25
45121.25
45135.25
45123.25
45131.25
45133.25
45127.25
45129.25
45159
45169
45190
45204.2
45206.2
45208.2
45210.2
45212.2
45214.2
45215
45216.2
45218
45218.2
45212
45220.2
45222.2
45222.9
45224.2
45224.9
45226.2
45226.9
45228.2
45228.9
45230.2
45230.9
45232.2
45232.9
45234.2
45234.9
45236.2
45236.9
45238.2
45238.9
45240.2
45240.9
45242.9
45244.9
45246.9
45256
45248.2
45254.2
45246.2
45258.2
45250.2
45252.2
45256.2
45262.2
45270.2
45268.2
45272.2
45264.2
45260.2
45276.2
45278.2
45266.2
45274.2
45293
45289
45290
45280.2
45282.2
45313
45319
45315
45333
45342
45399
45431.91
45433.91
45435.91
45436
45437.91
45439.91
45441.91
45443.91
45445
45445.91
45447.91
45449.91
45451.91
45453.91
45455.91
45469
45477.91
45475.91
45479.91
45465.91
45473.91
45469.91
45461.91
45466
45471.91
45463.91
45467.91
45488
45481.91
45483.91
45485.91
45559.73
45556
45561.73
45562
45563.73
45565.73
45567.73
45569.73
45570
45571.73
45573.73
45575.73
45577.73
45579.73
45581.73
45583.73
45585.73
45587.73
45589.73
45591.73
45593.73
45595.73
45600
45601
45606
45617.73
45601.73
45619.73
45605.73
45613.73
45602
45607.73
45611.73
45615.73
45609.73
45603.73
45631.73
45627.73
45625.73
45635.73
45621.73
45637.73
45629.73
45633.73
45623.73
45651
45658
45667
45673
45692
45711.9
45713.9
45715.9
45717.9
45719.9
45721.9
45723.9
45725.9
45727.9
45729
45729.9
45731.9
45733.9
45735.9
45737.9
45739.9
45741.9
45743.9
45745.9
45747.9
45764.9
45766.9
45768.9
45770.9
45772.9
45774.9
45776.9
45778.9
45780.9
45782.9
45784.9
45786.9
45788.9
45790.9
45795
45798.9
45796.9
45817
45802.9
45814.9
45816.9
45818.9
45808.9
45806.9
45804.9
45800.9
45810.9
45812.9
45834
45822.9
45820.9
45892
45892.74
45894.74
45895
45896.74
45898
45898.74
45892
45891
45894
45900.74
45902.74
45904.74
45906.74
45908.74
45910.74
45912.74
45914.74
45916.74
45918.74
45917
45920.74
45922.74
45925
45934
45935
45939
45932.74
45934.74
45930.74
45938.74
45936.74
45928.74
45950.74
45942.74
45956.74
45940.74
45948.74
45944.74
45958.74
45954.74
45946.74
45952.74
45970.02
45972.02
45974.02
45976.02
45978.02
45980.02
45982.02
45984.02
45986.02
45988.02
45990.02
45992.02
45994.02
45996.02
45998.02
46018
46012.02
46018.02
46014.02
46004.02
46006.02
46010.02
46008.02
46016.02
46033.17
46035.17
46037.17
46039.17
46032.02
46024.02
46022.02
46026.02
46038.57
46030.02
46020.02
46028.02
46041.17
46042.8
46043.17
46044.8
46045.17
46046.8
46047.17
46048.8
46049.17
46050.8
46051.17
46052.8
46053.17
46054.8
46055.17
46056.8
46057.17
46058.8
46059.17
46042.57
46046.57
46044.57
46054.57
46052.57
46048.57
46056.57
46050.57
46040.57
46058.57
46060.8
46061.17
46062.8
46063.17
46064.8
46065.17
46067.17
46079.17
46072.8
46060.57
46070.8
46073.17
46078.8
46077.17
46076.8
46064.57
46066.57
46068.57
46075.17
46062.57
46074.8
46070.57
46084.8
46086.8
46089.17
46095.17
46093.17
46081.17
46085.17
46083.17
46091.17
46082.8
46092.8
46080.8
46088.8
46087.17
46099.17
46097.17
46090.8
46107.17
46105.17
46103.17
46101.17
46122.9
46124.9
46126.9
46128.9
46130.9
46132.9
46134.9
46136.1
46136.9
46138.1
46138.9
46140.1
46140.9
46142
46142.1
46142.9
46144.1
46144.9
46146.1
46146.9
46148.1
46148.9
46150.1
46150.9
46152.1
46152.9
46154.1
46156.1
46158.1
46160.1
46166
46194
46198
46198.23
46200.23
46202.23
46204.23
46206.23
46208.23
46210.23
46212.23
46214.23
46216.23
46218.23
46220.23
46222.23
46224.23
46226.23
46228.23
46230.23
46236.23
46238.23
46256
46244.23
46250.23
46248.23
46252.23
46242.23
46256.23
46254.23
46258.23
46240.23
46246.23
46260.23
46266.23
46262.23
46264.23
46268.23
46280
46286
46302
46413
46405
46408
46406
46467
46471
46566
46575
46579.5
46581.5
46583.5
46585.5
46587.5
46589.5
46591.5
46593.5
46595.5
46597.5
46599.5
46601.5
46603.5
46605.5
46607.5
46609.5
46611.5
46617.5
46619.5
46635.5
46637.5
46629.2
46621.5
46639.5
46631.5
46627.5
46631.2
46625.5
46635.2
46633.2
46623.5
46629.5
46637.2
46639.2
46633.5
46657
46653.2
46643.5
46655.2
46657.2
46643.2
46647.2
46651.2
46649.2
46641.5
46645.5
46647.5
46649.5
46641.2
46659.2
46645.2
46670
46676
46677
46661.2
46687
46728.1
46730.1
46732.1
46734.1
46736.1
46738.1
46740.1
46742.1
46744.1
46746.1
46748.1
46750.1
46752.1
46754.1
46756.1
46758.1
46759
46760.1
46762.1
46764.1
46812
46859
46861
46868
46917.2
46919.2
46921.2
46923.2
46925.2
46927.2
46929.2
46931.2
46933.2
46935.2
46937.2
46951.2
46955.2
46943.2
46953.2
46949.2
46947.2
46957.2
46959.2
46945.2
46963.2
46961.2
47032
47071.8
47073.8
47075.8
47077.8
47079.8
47081.8
47083.8
47085.8
47087.8
47088
47089.8
47091.8
47093.8
47141
47169
47179
47176.5
47178.5
47174.5
47178
47194.5
47190.5
47180.5
47182.5
47184.5
47192.5
47188.5
47186.5
47241.67
47243.67
47245.67
47247.67
47249.67
47251.67
47253.67
47255.5
47255.67
47257.5
47257.67
47259.5
47259.67
47261.5
47263
47263.5
47265.5
47267.5
47269.5
47271.5
47273.5
47275.5
47277.5
47279.5
47277.67
47265.67
47271.67
47275.67
47267.67
47279.67
47269.67
47273.67
47281.2
47281.5
47283.2
47283.5
47285.2
47287.2
47289.2
47291.2
47293.2
47295.2
47297.2
47299.2
47291.5
47283.67
47289.5
47293.5
47297.5
47295.5
47299.5
47281.67
47301.2
47303.2
47305.2
47307.2
47309.2
47311.2
47312
47313.2
47315.2
47317.2
47317.5
47305.5
47301.5
47315.5
47303.5
47311.5
47313.5
47307.5
47309.5
47322.06
47324.06
47326.06
47328
47328.06
47330.06
47332.06
47334.06
47336.06
47338.06
47325.2
47331.2
47323.2
47335.2
47327.2
47339.2
47321
47337.2
47329.2
47333.2
47340.06
47342.06
47344.06
47346.06
47348.06
47350.06
47352.06
47354.06
47356.06
47347.2
47345.2
47349.2
47341.2
47357.2
47353.2
47359.2
47355.2
47343.2
47351.2
47368.06
47378.06
47362.06
47366.06
47370.06
47374.06
47372.06
47376.06
47364.06
47384
47394
47396.06
47384.06
47382.06
47394.06
47380.06
47391
47392.06
47390.06
47388.06
47386.06
47445
47465
47517.6
47519.6
47521.6
47523.6
47525.6
47527.6
47529.6
47531.6
47533.6
47535.6
47537.6
47539.6
47541.6
47545
47547.46
47549.46
47551.46
47553.46
47555.46
47557.46
47559.46
47555.6
47549.6
47557.6
47553.6
47551.6
47559.6
47547.6
47561.46
47563.46
47565.46
47567.46
47569.46
47571.46
47573.46
47575.46
47577.46
47579.46
47561.6
47565.6
47569.6
47563.6
47571.6
47567.6
47580.8
47582.8
47584.8
47586
47586.8
47588.8
47590.8
47592.8
47594.8
47596.8
47598.8
47589.46
47593.46
47598
47591.46
47599.46
47595.46
47585.46
47597.46
47587.46
47600.8
47602.8
47604.8
47606
47607.46
47601.46
47611.46
47603.46
47613.46
47615.46
47609.46
47617.46
47605.46
47632
47630
47654.2
47656.2
47658.2
47660.2
47661
47662.2
47664.2
47666.2
47668.2
47670.2
47672.2
47674.2
47676.2
47678.2
47680.2
47682.2
47684.2
47686.2
47688.2
47696.2
47698.2
47694.2
47712.2
47708.2
47718.2
47710.2
47714.2
47700.2
47702.2
47717
47704.2
47716.2
47706.2
47720
47726
47728
47730
47732
47734
47736
47738
47740
47727
47734
47726
47737
47724.2
47739
47731
47733
47732
47737
47721
47731
47736
47734
47725
47720.2
47728.2
47723
47722
47722.2
47726.2
47726
47727
47733
47725
47723
47742
47744
47746
47756
47752
47760
47758
47741
47754
47741
47776.9
47778.9
47766
47768
47770
47762
47772
47764
47780.9
47782.9
47784.9
47786.9
47788.9
47790.9
47792.9
47794.9
47796.9
47798.9
47800.9
47802.9
47850
47847.34
47859.34
47849.34
47855.34
47853.34
47843.34
47851.34
47857.34
47845.34
47869.34
47867.34
47871.34
47865.34
47861.34
47863.34
47912
48012.91
48014.91
48016.91
48018.91
48020.91
48022.91
48024.91
48026.91
48028.91
48030.91
48031.6
48032.91
48033.6
48034.91
48035.6
48036.91
48037.6
48038.91
48039.6
48040.91
48041.6
48043.6
48045.6
48047.6
48049.6
48051.6
48053.6
48054
48055.6
48057.6
48059.6
48054.91
48056.91
48046.91
48048.91
48052.91
48050.91
48058.91
48061.6
48074.91
48066.91
48064.91
48060.91
48068.91
48072.91
48062.91
48070.91
48116.3
48118.3
48120.3
48128.3
48126.3
48136.3
48132.3
48124.3
48122.3
48134.3
48130.3
48138.3
48140.3
48170
48214
48326
48375.1
48377.1
48379.1
48381.1
48383.1
48385.1
48387.1
48389.1
48391.1
48393.1
48395.1
48397.1
48399.1
48401.1
48403.1
48405.1
48407.1
48409.1
48411.1
48419.1
48417.1
48421.1
48429.1
48439.1
48437.1
48427.1
48435.1
48425.1
48431.1
48433.1
48423.1
48443.1
48453.1
48441.1
48451.1
48449.1
48447.1
48445.1
48463.37
48465.37
48467.37
48469.37
48471.37
48473.37
48475.37
48477.37
48479.37
48481.37
48483.37
48485.37
48487.37
48489.37
48491.37
48493.37
48495.37
48509.37
48515.37
48513.37
48517.37
48507.37
48501.37
48503.37
48519.37
48505.37
48511.37
48537.5
48539.5
48525.37
48521.37
48531.37
48527.37
48523.37
48529.37
48533.37
48541.5
48543.5
48545.5
48547.5
48549
48549.5
48551.5
48552
48553.5
48555.5
48557.5
48559.5
48561.5
48563.5
48565.5
48567.5
48579.5
48575.5
48573.5
48577.5
48589.5
48597.5
48585.5
48583.5
48587.5
48599.5
48595.5
48593.5
48591.5
48581.5
48610.94
48612.94
48614.94
48616.94
48618.94
48603.5
48601.5
48620.94
48622.94
48624.94
48626.94
48628.94
48630.94
48632.94
48634.94
48636.94
48638.94
48640.94
48642.94
48644.94
48656.94
48650.94
48654.94
48658.94
48652.94
48666.94
48672.94
48670.94
48662.94
48660.94
48668.94
48678.94
48664.94
48676.94
48674.94
48684.94
48682.94
48680.94
48747
48762
48832
48878.3
48880.3
48881
48882.3
48884.3
48886.3
48888.3
48890.3
48892.3
48894.3
48896.3
48898.3
48900.3
48902.3
48904.3
48906.3
48908.3
48910.3
48912.3
48918.3
48920.3
48936.3
48928.3
48930.3
48926.3
48934.3
48932.3
48924.3
48938.3
48922.3
48957.5
48959.5
48952.3
48950.3
48944.3
48948.3
48946.3
48942.3
48940.3
48961.5
48963.5
48965.5
48966
48967.5
48969.5
48971.5
48973.5
48975.5
48977.5
48979.5
48981.5
48983.5
48985.5
48987.5
48989.5
48995.5
48999.5
48997.5
49017.9
49009.9
49013.5
49015.5
49017.5
49009.5
49019.5
49005.5
49015.9
49007.9
49013.9
49003.5
49019.9
49001.5
49007.5
49011.9
49011.5
49033.2
49035.2
49037.2
49039.2
49040
49021.9
49021.5
49029.9
49033.9
49023.9
49031.9
49023.5
49025.5
49027.9
49027.5
49035.9
49025.9
49041.2
49043.2
49045.2
49047.2
49049.2
49051.2
49053.2
49059.2
49079.2
49067.2
49071.2
49069.2
49065.2
49063.2
49073.2
49075.2
49061.2
49077.2
49090
49094.35
49096.35
49098.35
49100.35
49102.35
49104.35
49106.35
49108.35
49110.35
49112.35
49114.35
49116.35
49118.35
49120.35
49122.35
49124.35
49126.35
49136.35
49138.35
49132.35
49134.35
49140.35
49154.35
49148.35
49158.35
49146.35
49142.35
49150.35
49144.35
49156.35
49152.35
49160.35
49162.35
49164.35
49358.2
49360.2
49362.2
49364.2
49366.2
49368.2
49370.2
49372.2
49374.2
49376.2
49378.2
49380.2
49382.2
49384.2
49386.2
49388.2
49390.2
49392.2
49394.2
49402.2
49408.2
49400.2
49412.2
49404.2
49416.2
49418.2
49414.2
49406.2
49410.2
49435.75
49437.75
49439.75
49424.2
49422.2
49426.2
49434.2
49430.2
49436.2
49432.2
49420.2
49428.2
49441.75
49443.75
49445.75
49447.75
49449.75
49451.75
49453.75
49454
49455.75
49457.75
49459.75
49461.75
49463.75
49471.75
49469.75
49473.75
49477.75
49475.75
49479.75
49497.75
49485.75
49481.75
49495.75
49483.75
49491.75
49493.75
49487.75
49489.75
49899.83
49901.83
49903.83
49905.83
49907.83
49909.83
49911.83
49913.83
49915.83
49917.83
49919.83
49921.83
49923.83
49925.83
49927.83
49929.83
49931.83
49933.83
49939.83
49945.83
49955.83
49959.83
49943.83
49947.83
49951.83
49949.83
49957.83
49953.83
49941.83
49973.83
49961.83
49971.83
49969.83
49967.83
49965.83
49963.83
49992
50055.8
50057.8
50059.8
50061.8
50063.8
50065.8
50067.8
50069.8
50071.8
50073.8
50075.8
50077.8
50079.8
50081.8
50083.8
50139.5
50151.5
50147.5
50145.5
50159.5
50153.5
50149.5
50155.5
50157.5
50143.5
50141.5
50167
50178
50173.5
50169.5
50161.5
50167.5
50165.5
50171.5
50163.5
50216.3
50218.3
50220.3
50222.3
50224.3
50226.3
50228.3
50230.3
50232.3
50234.3
50236.3
50238.3
50240.3
50250.3
50246.3
50248.3
50258.3
50256.3
50254.3
50252.3
50270.3
50266.3
50262.3
50264.3
50260.3
50268.3
50316
50393
50480.1
50482.1
50484.1
50486.1
50488.1
50490.1
50492.1
50494.1
50496.1
50498.1
50500.1
50502
50502.1
50504.1
50641.24
50643.24
50645.24
50647.24
50649.24
50651.24
50653.24
50655
50655.24
50657.24
50658
50659.24
50661.24
50663.24
50665.24
50667.24
50669.24
50671.24
50673.24
50679.24
50683.24
50687.24
50685.24
50695.24
50693.24
50689.24
50697.24
50691.24
50681.24
50699.24
50701.24
50705.24
50707.24
50709.24
50703.24
50711.24
50728.51
50730.51
50732.51
50734.51
50736.51
50738.51
50740.51
50742.51
50744.51
50746.51
50748.51
50750.51
50752.51
50754.51
50756.51
50758.51
50760.51
50774.51
50778.51
50772.51
50766.51
50768.51
50770.51
50776.51
50788
50800
50780.51
50782.51
50790.51
50786.51
50796.51
50792.51
50784.51
50788.51
50794.51
50798.51
50808.4
50810.4
50812.4
50814.4
50816.4
50818.4
50820.4
50822.4
50824.4
50826.4
50828.4
50830.4
50832.4
50834.4
50836.4
50838.4
50840.4
50842.4
50844.4
50909
50917.8
50913.8
50919.8
50911.8
50915.8
50925.8
50923.8
50929.8
50927.8
50931.8
50921.8
50933.8
50935.8
50952
51016
51049
51107
51111
51133
51125
51140
51138
51125
51130
51145
51149.2
51151.2
51153.2
51155.2
51157.2
51159.2
51161.2
51163.2
51165.2
51167.2
51169.2
51175.2
51179.2
51177.2
51188.72
51190.72
51192.72
51194.72
51196.72
51198.72
51195.2
51183.2
51187.2
51185.2
51181.2
51189.2
51191.2
51193.2
51200.72
51201
51202.72
51204.72
51206.72
51208.72
51210.72
51212.72
51214.72
51215
51216.72
51218.72
51220
51220.72
51222.72
51234.72
51228.72
51232.72
51236.72
51238.72
51230.72
51244.72
51250.72
51248.72
51240.72
51246.72
51258.72
51256.72
51242.72
51254.72
51252.72
51262.72
51260.72
51312.53
51314.53
51316.53
51318.53
51320.53
51322.53
51324.53
51326.53
51328.53
51330.53
51332.53
51334.53
51335.5
51336.53
51337.5
51338.53
51339.5
51340.53
51341.5
51342.53
51343.5
51344.53
51345.5
51347
51347.5
51349.5
51351.5
51353.5
51355.5
51357.5
51359.5
51350.53
51352.53
51356.53
51354.53
51358.53
51361.5
51363.5
51365.5
51366
51367.5
51374.53
51373.5
51376.53
51378.53
51364.53
51368.53
51372.53
51377.5
51370.53
51362.53
51375.5
51379.5
51366.53
51360.53
51382
51398
51399.5
51391.5
51393.5
51382.53
51395.5
51387.5
51397.5
51383.5
51381.5
51380.53
51385.5
51389.5
51401.5
51403.5
51405.5
51435.2
51437.2
51439.2
51441.2
51443.2
51445.2
51447.2
51449.2
51451.2
51453.2
51455
51455.2
51457.2
51459.2
51461.2
51463.2
51465.2
51467.2
51469.2
51470
51471.2
51485
51490
51498
51502
51510
51509
51550
51543
51585
51611
51616
51618
51620
51611
51612
51612
51611
51619
51615
51619
51615
51620
51614
51617
51618
51622
51624
51625
51626
51626
51628
51630
51632
51634
51636
51638
51640
51633
51621
51636
51631
51630
51634
51625
51636
51623
51626
51623
51624
51624
51631
51625
51624
51622
51628
51634
51631
51632
51621
51625
51626
51625
51636
51621
51622
51626
51639
51637
51621
51639
51634
51630
51632
51630
51621
51636
51642
51644
51654
51652
51641
51650
51654
51658
51656
51660
51671
51678
51666
51662
51676
51664
51672
51674
51668
51670
51686
51699
51726
51735
51732
51882
51897
51902
51914.2
51916
51916.2
51918.2
51920.2
51922.2
51924.2
51926.2
51928.2
51930.2
51932.2
51934.2
51936.2
51938.2
51940.2
51942.2
51944.2
51946.2
51948.2
52014
52127
52146
52157
52151
52179
52182
52188.13
52190.13
52192.13
52194.13
52196.13
52198.13
52200.13
52202.13
52204.13
52206.13
52208.13
52210.13
52212.13
52214.13
52216.13
52218.13
52219
52214
52215
52219
52210
52219
52218
52219
52220
52220
52220
52220.13
52221
52223
52224
52225
52227
52229
52229.5
52231
52231.5
52233
52233.5
52235
52235.5
52237
52237.5
52239.5
52229
52230.13
52234.13
52234
52234
52232.13
52225
52222
52221
52236.13
52226.13
52236
52238.13
52228.13
52221
52227
52228
52222
52241.5
52242
52243.5
52245.5
52247.5
52249.5
52251.5
52253.5
52255.5
52257.5
52259.5
52248.13
52242.13
52252.13
52240.13
52244.13
52254.13
52256.13
52250.13
52258.13
52246.13
52267
52277.5
52271.5
52275.5
52264
52279.5
52267.5
52265.5
52269.5
52273.5
52282
52281.5
52289.5
52295.5
52293.5
52291.5
52287.5
52285.5
52283.5
52338
52343
52344
52346.3
52348.3
52350.3
52352.3
52354.3
52356
52356.3
52358.3
52342
52360.3
52362.3
52364.3
52366.3
52368.3
52370.3
52376.3
52378.3
52380.3
52388.3
52386.3
52396.3
52392.3
52384.3
52382.3
52394.3
52390.3
52398.3
52400.3
52465
52477.61
52479.61
52481.61
52483.61
52485.61
52487.61
52489.61
52491.61
52493.61
52495.61
52497.61
52499.61
52501.61
52503.61
52505.61
52507.61
52509.61
52511.61
52517.61
52519.61
52523.61
52533.61
52539.61
52537.61
52521.61
52525.61
52529.61
52527.61
52535.61
52531.61
52545
52549
52551.61
52549.61
52547.61
52545.61
52543.61
52541.61
52577
52575
52672
52708
52769
52838
52843
52846
52850
52855
52849
52853
52882
52886
52950.93
52952.93
52954.93
52956.93
52958.93
52960.93
52962.93
52964.93
52966.93
52968.93
52970.93
52972.93
52974.93
52976.93
52978.93
52980.93
52982.93
52984.93
52993.66
52995.66
52997.66
52999.66
52998.93
52996.93
52990.93
52994.93
52992.93
53001
53001.66
53003.66
53005.66
53007.66
53009.66
53011.66
53013.66
53015.66
53017.66
53019.66
53020
53002.93
53010.93
53004.93
53012.93
53000.93
53018.93
53006.93
53016.93
53008.93
53014.93
53021.66
53023.66
53025.66
53039.66
53024.93
53020.93
53037.66
53031.66
53033.66
53022.93
53035.66
53045.66
53043.66
53047.66
53055.66
53051.66
53057.66
53049.66
53053.66
53059.66
53041.66
53061.66
53063.66
53123
53154
53191
53215.4
53217.4
53219.4
53221.4
53223.4
53225.4
53227.4
53229.4
53231.4
53233.4
53235.4
53237.4
53239.4
53241.4
53243.4
53259.4
53251.4
53257.4
53249.4
53255.4
53253.4
53265.2
53267.2
53269.2
53271.2
53273.2
53275.2
53277.2
53279.2
53263.4
53271.4
53275.4
53265.4
53273.4
53269.4
53261.4
53277.4
53267.4
53281.2
53283.2
53285.2
53299.2
53291.2
53297.2
53295.2
53293.2
53311.2
53303.2
53301.2
53305.2
53307.2
53309.2
53415
53495
53562
53565
53572
53713.5
53715.5
53717.5
53719.5
53721.5
53723.5
53725.5
53727.5
53729.5
53731.5
53733.5
53735.02
53735.5
53737.02
53737.5
53739.02
53739.5
53741.02
53741.5
53743.02
53743.5
53745.02
53745.5
53747.02
53749.02
53751.02
53753.02
53755.02
53757.02
53759.02
53751.5
53755.5
53759.5
53753.5
53757.5
53761.02
53763.02
53765.02
53766.5
53767.02
53768.5
53770.5
53772.5
53774.5
53776.5
53778.5
53777.02
53777.5
53769.5
53771.5
53779.02
53773.5
53765.5
53775.5
53761.5
53779.5
53773.02
53775.02
53763.5
53767.5
53780.5
53782.5
53784.5
53786.5
53788.5
53790.5
53792.5
53794.5
53796.25
53796.5
53798.25
53798.5
53781.02
53795.02
53789.02
53799.02
53787.02
53781.5
53783.02
53791.02
53783.5
53785.02
53797.02
53793.02
53800.25
53800.5
53802.25
53804.25
53806.25
53808.25
53810.25
53812.25
53814.25
53816.25
53818.25
53819
53801.02
53803.02
53805.02
53820.25
53822.25
53824.25
53832.25
53830.25
53834.25
53838.25
53836.25
53858.25
53846.25
53842.25
53856.25
53844.25
53852.25
53854.25
53848.25
53840.25
53850.25
53871
53887
53928.47
53930.47
53932.47
53934.47
53936.47
53938.47
53940.47
53942.47
53944.47
53946.47
53948.47
53950.47
53952.47
53958.47
53972.47
53964.47
53960.47
53970.47
53966.47
53976.47
53974.47
53978.47
53968.47
53962.47
53980.47
53982.47
54130
54205
54319
54347
54476.3
54478.3
54480.3
54482.3
54484.3
54486.3
54488.3
54490.3
54492.3
54494.3
54496.3
54498.3
54500.3
54513
54510.3
54510.3
54514.3
54506.3
54508.3
54518.3
54516.3
54518.3
54514.3
54512.3
54508.3
54516.3
54512.3
54530.3
54520.3
54526.3
54522.3
54524.3
54520.3
54524.3
54522.3
54526.3
54528.3
54528.3
54738
54933.11
54939.11
54921.11
54937.11
54929.11
54923.11
54931.11
54925.11
54935.11
54927.11
54943
54953.11
54947.11
54955.11
54951.11
54943.11
54949.11
54945.11
54941.11
55060
55179
55258.8
55260.8
55262.8
55264.8
55266.8
55268.8
55270.8
55272.8
55274.8
55276.8
55278.8
55280.8
55281.91
55282.8
55283.91
55284.8
55285.91
55286.8
55287.91
55288.8
55289.91
55290.8
55291.91
55293.91
55295.91
55297.91
55299.91
55301.91
55303.91
55305.91
55307.91
55309.91
55311.91
55313.91
55319.91
55323.91
55327.91
55325.91
55335.91
55333.91
55329.91
55337.91
55331.91
55321.91
55339.91
55341.91
55345.91
55347.91
55349.91
55343.91
55351.91
55381.2
55383.2
55385.2
55387.2
55389.2
55391.2
55393.2
55395.2
55397.2
55399.2
55401.2
55415.2
55419.2
55407.2
55417.2
55413.2
55411.2
55409.2
55427.2
55421.2
55423.2
55425.2
55516
55526
55556
55586
55710
55802.36
55804.36
55806
55806.36
55808.36
55810.36
55812.36
55814.36
55816.36
55818.36
55820.36
55822.36
55824.36
55826.36
55828.36
55830.36
55832.36
55834.36
55836.36
55854.36
55850.36
55848.36
55856.36
55852.36
55858.36
55842.36
55846.36
55844.36
55862.36
55876.36
55872.36
55864.36
55870.36
55868.36
55860.36
55874.36
55866.36
55890
55890
55913
55911
55921.5
55923.5
55925.5
55927.5
55929.5
55931.5
55933.5
55935.5
55937.5
55939.5
55941.5
55943.5
55945.5
55947.5
55949.5
55951.5
55959.5
55957.5
55976.5
55978.5
55973.5
55969.5
55963.5
55967.5
55971.5
55961.5
55979.5
55977.5
55975.5
55965.5
55980.5
55982.5
55984.5
55986.5
55988.5
55990.5
55992.5
55994.5
55996.5
55998.5
55981.5
55987.5
55985.5
55983.5
56000.5
56002.5
56004.5
56033.87
56035.87
56037.87
56039.87
56041.87
56043.87
56045.87
56047.87
56049.87
56051.87
56053.87
56055.87
56057
56057.87
56059.87
56061.87
56063.87
56065.87
56071.87
56073.87
56077.87
56075.87
56079.87
56091.5
56093.5
56095.5
56097.5
56099.5
56095.87
56097.87
56099.87
56085.87
56089.87
56093.87
56091.87
56083.87
56087.87
56081.87
56101.5
56103.5
56105.5
56107.5
56109.5
56111.5
56113.5
56115.5
56117.5
56119.5
56103.87
56101.87
56121.5
56123.5
56129.5
56133.5
56139.5
56137.5
56131.5
56135.5
56155.5
56147.5
56149.5
56151.5
56143.5
56153.5
56157.5
56159.5
56141.5
56145.5
56171.11
56173.11
56175.11
56177.11
56178
56179.11
56161.5
56181.11
56183.11
56185.11
56187.11
56189.11
56191.11
56193.11
56195.11
56197.11
56199.11
56201.11
56203.11
56205.11
56218
56215
56211.11
56219.11
56213.11
56215.11
56217.11
56237.11
56223.11
56229.11
56227.11
56221.11
56233.11
56239.11
56235.11
56225.11
56231.11
56243.11
56245.11
56241.11
56287
56306
56302
56329
56446
56525
56606.3
56608.3
56610.3
56612.3
56614.3
56616.3
56618.3
56620.3
56622.3
56624.3
56626.3
56628.3
56629
56630.3
56636.3
56638.3
56624
56640.3
56648.3
56646.3
56656.3
56652.3
56644.3
56642.3
56654.3
56650.3
56658.3
56680
56679
56660.3
56671
56714
56828.8
56830.8
56832.8
56834.8
56836.8
56838.8
56836.2
56834.2
56820.2
56828.2
56838.2
56822.2
56830.2
56824.2
56826.2
56832.2
56840.8
56842.8
56844.8
56846.8
56848.8
56850.8
56852.8
56853.34
56854.8
56855.34
56856.8
56857.34
56858.8
56859.34
56842.2
56844.2
56850.2
56840.2
56848.2
56846.2
56860.8
56861.34
56863.34
56865.34
56867.34
56869.34
56871.34
56873.34
56875.34
56877.34
56879.34
56870.8
56874.8
56872.8
56876.8
56866.8
56878.8
56868.8
56881.34
56891.34
56888.8
56893.34
56882.8
56892.8
56880.8
56899.34
56897.34
56884.8
56887.34
56895.34
56894.8
56889.34
56896.8
56890.8
56898.8
56886.8
56903.34
56913.34
56911.34
56915.34
56909.34
56905.34
56901.34
56907.34
56956
56959
56971
56975.13
56977.13
56979.13
56968
56981.13
56983.13
56985.13
56987.13
56989.13
56991.13
56993.13
56995.13
56997.13
56999.13
57019.13
57011.13
57007.13
57017.13
57013.13
57005.13
57015.13
57009.13
57023.13
57021.13
57025.13
57027.13
57029.13
57121
57140
57157
57234
57245
57318
57333
57374
57373
57381
57414
57407
57456.9
57458.9
57460.9
57461.11
57462.9
57463.11
57464.9
57465.11
57466.9
57467.11
57468.9
57469.11
57470.9
57471.11
57472
57472
57472.9
57473.11
57474.9
57475.11
57476.9
57477.11
57478.9
57479.11
57480.9
57481.11
57482.9
57483.11
57484.9
57485.11
57487.11
57489.11
57491.11
57493.11
57495.11
57497.2
57499.2
57492.9
57498.9
57490.9
57496.9
57494.9
57501.2
57503.2
57505.2
57507.2
57509.2
57511.2
57513.2
57515.2
57517.2
57518
57500.9
57504.9
57512.9
57513.11
57519.11
57516.9
57506.9
57501.11
57517.11
57514.9
57509.11
57510.9
57503.11
57511
57511
57511.11
57502.9
57505.11
57518.9
57515.11
57507.11
57508.9
57533.11
57527.11
57535.11
57531.2
57535.2
57523.2
57533.2
57531.11
57529.2
57523.11
57529.11
57527.2
57525.11
57537.2
57539.2
57525.2
57521.11
57559
57543.2
57541.2
57668
57752
57754
57756
57758
57760
57751
57759
57759
57756
57746
57760
57758
57760
57748
57749
57758
57757
57743
57749
57754
57753
57759
57756
57751
57754
57762
57764
57766
57768
57770
57772
57761
57768
57768
57764
57778
57764
57768
57763
57764
57761
57761
57780
57763
57764
57765
57761
57765
57761
57765
57782
57792
57794
57796
57786
57788
57784
57798
57790
58079.8
58089.8
58087.8
58081.8
58091.8
58085.8
58095.8
58093.8
58097.8
58083.8
58099.8
58103.8
58105.8
58107.8
58101.8
58133.8
58139.8
58131.8
58135.8
58137.8
58141.8
58147.8
58151.8
58153.8
58155.8
58145.8
58143.8
58149.8
58375.68
58377.68
58379.68
58381.68
58383.68
58385.68
58387.68
58389.68
58391.68
58393.68
58395.68
58397.68
58399.68
58401.68
58403.68
58405.68
58407.68
58417.1
58419.1
58417.68
58419.68
58413.68
58415.68
58421.1
58423.1
58425.1
58427.1
58429.1
58431.1
58433.1
58435.1
58437.1
58439.1
58421.68
58435.68
58429.68
58439.68
58427.68
58423.68
58431.68
58425.68
58437.68
58433.68
58441.1
58443.1
58445.1
58447.1
58449.1
58451.1
58453.1
58459.1
58441.68
58443.68
58445.68
58469.5
58471.5
58473.5
58475.5
58477.5
58479.5
58461.1
58463.1
58471.1
58479.1
58469.1
58477.1
58467.1
58473.1
58475.1
58465.1
58481.5
58483.5
58485.5
58487.5
58489.5
58491.5
58493.5
58495.5
58497.5
58499.5
58485.1
58495.1
58481.1
58483.1
58493.1
58491.1
58489.1
58487.1
58501.5
58653.79
58655.79
58657.79
58659.79
58661.79
58663.79
58665.79
58667.79
58669.79
58671.79
58673.79
58675.79
58677.79
58679.79
58681.79
58683.79
58685.79
58687.79
58699.79
58693.79
58697.79
58695.79
58705.79
58701.79
58713.79
58707.79
58715.79
58703.79
58709.79
58719.79
58711.79
58717.79
58736.3
58738.3
58727.79
58723.79
58721.79
58725.79
58740.3
58742.3
58744.3
58746.3
58748.3
58750.3
58751.11
58752.3
58753.11
58754.3
58755.11
58756.3
58757.11
58758.3
58759.11
58760.3
58761.11
58763.11
58765.11
58767.11
58769.11
58771.11
58773.11
58775.11
58777.11
58779.11
58770.3
58766.3
58768.3
58778.3
58776.3
58774.3
58772.3
58781.11
58783.11
58785.11
58790.3
58791.11
58786.3
58782.3
58799.11
58784.3
58793.11
58780.3
58795.11
58797.11
58788.3
58817.11
58803.11
58809.11
58807.11
58801.11
58813.11
58819.11
58815.11
58805.11
58811.11
58823.11
58825.11
58821.11
58918.3
58920.3
58922.3
58924.3
58926.3
58928.3
58930.3
58932.3
58934.3
58936.3
58938.3
58940.3
58942.3
58944.3
58946.3
58948.3
58950.3
58952.3
58958.3
58967.65
58960.3
58971.65
58977.65
58976.3
58968.3
58975.65
58970.3
58966.3
58974.3
58972.3
58979.65
58969.65
58964.3
58973.65
58978.3
58962.3
58992.3
58993.65
58990.3
58984.3
58988.3
58986.3
58983.65
58991.65
58987.65
58981.65
58982.3
58997.65
58985.65
58989.65
58995.65
58980.3
59011.31
59013.31
59015.31
59017.31
59019.31
59021.31
59023.31
59025.31
59027.31
59029.31
59031.31
59033.31
59035.31
59037.31
59039.31
59041.31
59047.31
59055.31
59049.31
59057.31
59051.31
59053.31
59059.31
59063.31
59069.31
59061.31
59071.31
59065.31
59077.31
59067.31
59075.31
59073.31
59119.1
59115.1
59117.1
59133.1
59121.1
59123.1
59135.1
59125.1
59129.1
59137.1
59131.1
59127.1
59139.1
59141.1
59338.1
59334.1
59336.1
59340.1
59350.1
59342.1
59352.1
59346.1
59348.1
59344.1
59354.1
59356.1
59601.23
59603.23
59605.23
59607.23
59609.23
59611.23
59613.2
59613.23
59613.5
59615.2
59615.23
59615.5
59617.2
59617.23
59617.5
59619.2
59619.23
59619.5
59621.2
59621.23
59621.5
59623.2
59623.23
59623.5
59625.2
59625.23
59625.5
59627.2
59627.23
59627.5
59628
59629.2
59629.23
59629.5
59631.2
59631.5
59633.2
59633.5
59635.5
59637.5
59639.5
59637.23
59635.23
59639.2
59624
59639.23
59641.5
59643.5
59645.23
59643.23
59659.2
59647.23
59641.23
59647.2
59651.2
59659.23
59651.23
59655.5
59659.5
59649.2
59649.23
59653.23
59645.2
59643.2
59653.2
59651.5
59655.23
59649.5
59655.2
59653.5
59657.2
59641.2
59657.5
59657.23
59665.5
59673.5
59679.5
59661.5
59661.23
59677.5
59663.5
59675.5
59663.23
59671.5
59669.5
59667.5
59684
59707
59709
59756
59757
59763
59786
59809
59810
59847
59858
59862
59872
59865
59867
59869
59922.57
59924.57
59925
59926.57
59928
59928.57
59930.57
59932.57
59934.57
59936.57
59938.57
59940.57
59942.57
59944.57
59946.57
59948.57
59949
59950.57
59952.57
59954.57
59998
60008
60021.8
60023.8
60025.8
60027.8
60029.8
60031.8
60033.8
60035.8
60037.8
60039.8
60041.11
60041.8
60043.11
60043.8
60045.11
60045.8
60047.11
60049.11
60051.11
60053.11
60055.11
60057.11
60059.11
60057.8
60053.8
60059.8
60051.8
60055.8
60061.11
60063.11
60065
60065.11
60067.11
60069.11
60071.11
60073.11
60075.11
60065.8
60063.8
60069.8
60067.8
60071.8
60061.8
60073.8
60075.8
60095
60093.11
60099.11
60081.11
60097.11
60089.11
60083.11
60091.11
60085.11
60095.11
60087.11
60113.11
60107.11
60115.11
60111.11
60103.11
60109.11
60105.11
60101.11
60222
60242
60244
60321
60332
60339.9
60326
60320
60337.9
60335.9
60320
60333.9
60351.9
60353.9
60341.9
60343.9
60347.9
60345.9
60349.9
60376
60382
60411
60405
60443
60479
60470
60532
60536
60537
60542
60544
60545
60551
60557
60578
60600
60653
60646
60668
60679
60686
60687
60755.2
60757.2
60759.2
60761.2
60763.2
60765.2
60767.2
60769.2
60771.2
60773.2
60775.2
60777.2
60779.2
60781.2
60783.2
60785.2
60787.2
60793
60806
60822
60848
60850
60862
60866.3
60868.3
60870.3
60872.3
60874.3
60876.3
60878.3
60880.3
60882.3
60884.3
60886.3
60888.3
60890.3
60897
60938
60948
60960
60966
60976
60985
61013
61015
61019
61009
61022
61037
61032
61029
61044
61050
61048
61062
61066
61076
61067
61099
61102
61121
61132
61138
61141
61156.66
61158.66
61159
61160.66
61162.66
61164.66
61166.66
61168.66
61170.66
61172.66
61174.66
61176.66
61178.66
61180.66
61182.66
61184.66
61198.66
61192.66
61196.66
61190.66
61194.66
61200.66
61202.66
61214.66
61206.66
61216.66
61204.66
61208.66
61210.66
61218.66
61212.66
61238.42
61240.42
61242.42
61244.42
61246.42
61248.42
61250.42
61252.42
61254.42
61256.42
61258.42
61260.42
61262.42
61264.42
61266.42
61268.42
61270
61274.42
61276.42
61278.42
61285
61289
61290.42
61296.42
61288.42
61282.42
61298.42
61292.42
61294.42
61284.42
61280.42
61286.42
61304.42
61302.42
61300.42
61331.11
61333.11
61335.11
61337.11
61339.11
61341.11
61343.11
61345.11
61347.11
61349.11
61351.11
61353.11
61355
61355.11
61357.11
61359.11
61352
61361.11
61363.11
61365.11
61371
61365
61371.11
61379.11
61373.11
61375.11
61377.11
61397.11
61383.11
61389.11
61387.11
61381.11
61393.11
61399.11
61395.11
61385.11
61391.11
61406
61411
61417
61403.11
61402
61405.11
61401.11
61441
61476
61471
61486
61500
61482
61505.21
61507.21
61509.21
61511.21
61513.21
61515.21
61517.21
61519.21
61521.21
61523.21
61525.21
61527.21
61529.21
61531.21
61533
61533.21
61535.21
61537.21
61539.21
61548
61555
61557.21
61553.21
61551.21
61559.21
61555.21
61545.21
61549.21
61547.21
61574
61565.21
61579.21
61575.21
61567.21
61573.21
61561.21
61571.21
61563.21
61577.21
61569.21
61674.5
61676.5
61678.5
61680.5
61682.5
61684.5
61686.5
61688.5
61690.5
61692.5
61694.5
61698.4
61700.4
61702.4
61704.4
61706.4
61708.4
61710.4
61712.4
61714.4
61716.4
61718.4
61720.4
61722.4
61724.4
61726.4
61729.2
61731.2
61733.2
61735.2
61737.2
61739.2
61734.4
61732.4
61738.4
61736.4
61741.2
61743.2
61745.2
61747.2
61749.2
61742.4
61746.4
61754.4
61758.4
61748.4
61755.2
61756.4
61752.4
61740.4
61744.4
61759.2
61757.2
61750.4
61775.2
61763.2
61767.2
61765.2
61761.2
61760.4
61769.2
61771.2
61773.2
61929
61931
61922
62072
62097
62103
62232
62621.11
62623.11
62625.11
62627.11
62629.11
62631.11
62633.11
62635.11
62637.11
62639.11
62641.11
62643.11
62645.11
62647.11
62649.11
62651.11
62653.11
62655.11
62673.11
62679.11
62661.11
62677.11
62669.11
62663.11
62671.11
62665.11
62675.11
62667.11
62693.11
62687.11
62695.11
62691.11
62683.11
62689.11
62685.11
62681.11
62712.09
62714.09
62716.09
62718.09
62720.09
62722.09
62724.09
62726.09
62728.09
62730.09
62732.09
62734.09
62736.09
62738.09
62740.09
62756.09
62754.09
62748.09
62758.09
62752.09
62746.09
62750.09
62770.09
62762.09
62772.09
62760.09
62764.09
62766.09
62774.09
62768.09
62831.77
62833.77
62835.77
62837.77
62839.77
62841.77
62843.77
62845.77
62847.77
62849.77
62851.77
62853.77
62855.77
62857.77
62869.77
62871.77
62867.77
62873.77
62877.77
62879.77
62863.77
62875.77
62865.77
62881.77
62889.77
62883.77
62885.77
62887.77
62950.7
62954.7
62952.7
62958.7
62956.7
62960.7
62970.7
62964.7
62968.7
62966.7
62962.7
63068.47
63070.47
63072.47
63074.47
63076.47
63078.47
63080.47
63082.47
63084.47
63086.47
63088.47
63090.47
63092.47
63098.47
63112.47
63104.47
63100.47
63110.47
63106.47
63116.47
63114.47
63118.47
63108.47
63102.47
63124.3
63126.3
63128.3
63130.3
63132.3
63134.3
63136.3
63138.3
63120.47
63122.47
63140.3
63142.3
63144.3
63146.3
63147.65
63148.3
63149.65
63151.65
63153.65
63155.65
63157.65
63159.65
63156.3
63154.3
63158.3
63161.65
63163.65
63165.65
63167.65
63169.65
63171.65
63173.65
63175.65
63177.65
63162.3
63164.3
63170.3
63174.3
63176.3
63178.3
63168.3
63166.3
63160.3
63172.3
63183.65
63187.65
63193.65
63191.65
63199.65
63197.65
63195.65
63185.65
63189.65
63209.65
63207.65
63203.65
63213.65
63201.65
63205.65
63211.65
63234.1
63236.1
63238.1
63240.1
63242.1
63244.1
63246.1
63248.1
63250.1
63252.1
63254.1
63256.1
63268.1
63266.1
63278.1
63270.1
63262.1
63274.1
63264.1
63276.1
63272.1
63280.1
63282.1
63284.1
63305.5
63307.5
63309.5
63311.5
63313.5
63315.5
63317.5
63319.5
63321.5
63323.5
63325.5
63327.5
63329.5
63331.5
63333.5
63335.5
63465.53
63467.53
63469.53
63471.53
63473.53
63475.53
63477.53
63479.53
63481.53
63483.53
63485.53
63487.53
63489.53
63491.53
63493.53
63495.53
63517.53
63515.53
63501.53
63509.53
63519.53
63503.53
63511.53
63505.53
63507.53
63513.53
63523.53
63525.53
63531.53
63521.53
63529.53
63527.53
63733.3
63735.3
63737.3
63739.3
63741.3
63743.3
63745.3
63747.3
63749.3
63751.3
63753.3
63759.3
63761.3
63765.3
63771.3
63769.3
63775.3
63773.3
63767.3
63777.3
63763.3
63779.3
63845.2
63847.2
63849.2
63851.2
63853.2
63855.2
63857.2
63859.2
63861.2
63863.2
63865.2
63911.11
63913.11
63915.11
63917.11
63919.11
63921.11
63923.11
63925.11
63927.11
63929.11
63931.11
63933.11
63935.11
63937.11
63939.11
63941.11
63943.11
63945.11
63951.11
63959.11
63953.11
63955.11
63957.11
63977.11
63963.11
63969.11
63967.11
63961.11
63973.11
63979.11
63975.11
63965.11
63971.11
63983.11
63985.11
63981.11
64220
64267.51
64269.51
64271.51
64273.51
64275.51
64277.51
64279.51
64281.51
64283.51
64285.51
64287.51
64289.51
64291.51
64293.51
64295.51
64311.51
64309.51
64303.51
64313.51
64307.51
64301.51
64317.51
64315.51
64319.51
64305.51
64325.51
64327.51
64321.51
64329.51
64323.51
64356.64
64358.64
64360.64
64362.64
64364.64
64366.64
64368.64
64370.64
64372.64
64374.64
64376.64
64378.64
64376.36
64378.36
64374.36
64380.64
64382.64
64384.64
64386.64
64388.64
64390.64
64392.36
64384.36
64386.36
64380.36
64398.36
64396.64
64394.36
64390.36
64396.36
64388.36
64398.64
64382.36
64408.64
64404.64
64402.64
64416.64
64410.64
64418.64
64406.64
64404.36
64412.64
64402.36
64414.64
64400.36
64406.36
64400.64
64430.64
64426.64
64424.64
64422.64
64428.64
64420.64
64856
65076.77
65072.77
65078.77
65074.77
65070.77
65086.77
65096.77
65092.77
65080.77
65094.77
65090.77
65082.77
65084.77
65088.77
65201.11
65203.11
65205.11
65207.11
65209.11
65211.11
65213.11
65215.11
65217.11
65219.11
65221.11
65223.11
65225.11
65227.11
65229.11
65231.11
65233.11
65235.11
65231.5
65239.5
65237.5
65233.5
65229.5
65235.5
65223.5
65225.5
65227.5
65243.5
65249.5
65247.5
65255.5
65259.5
65251.5
65241.5
65253.5
65257.5
65245.5
65427.84
65429.84
65431.84
65433.84
65435.84
65437.84
65439.84
65441.84
65443.84
65445.84
65447.84
65453.84
65457.84
65455.84
65459.84
65463.84
65473.84
65467.84
65471.84
65469.84
65461.84
65465.84
65534
65606
65692.64
65694.64
65696.64
65698.64
65700.64
65702.64
65703
65704.64
65706.64
65708.64
65710.64
65712.64
65714.64
65716.64
65718.64
65720
65720.64
65722.64
65728.64
65736.64
65730.64
65738.64
65732.64
65734.64
65744.64
65750.64
65742.64
65752.64
65746.64
65758.64
65748.64
65756.64
65754.64
65740.64
65820
65822.94
65824.94
65826.94
65828.94
65830.94
65832.94
65834.94
65836.94
65838.94
65840.94
65842.94
65844.94
65846.94
65848.94
65850.94
65858.94
65856.94
65866.94
65864.94
65868.94
65862.94
65872.94
65870.94
65874.94
65860.94
65876.94
65878.94
65897.34
65899.34
65880.94
65882.94
65884.94
65901.34
65903.34
65905.34
65907.34
65909.34
65911.34
65913.34
65915.34
65917.34
65919.34
65921.34
65922
65923.34
65925.34
65939.9
65941.9
65943.9
65945.9
65947.9
65949.9
65951.9
65953.9
65955.9
65957.9
65959.9
65961.9
65963.9
65965.9
65967.9
66006
66036
66028
66071
66115.13
66117.13
66119.13
66121.13
66123.13
66125.13
66127.13
66129.13
66131.13
66133.13
66134
66135.13
66137.13
66139.13
66125
66159.13
66151.13
66147.13
66157.13
66153.13
66145.13
66155.13
66149.13
66163.13
66161.13
66165.13
66167.13
66169.13
66208
66337
66352.4
66348.4
66346.4
66354.4
66358.4
66350.4
66356.4
66344.4
66362
66374
66364.4
66362.4
66370.4
66366.4
66368.4
66360.4
66372.4
66412
66407
66425
66441
66472.39
66474.39
66476.39
66478.39
66480.39
66482.39
66484.39
66486.39
66488.39
66490.39
66492
66492.39
66494.39
66496.39
66498.39
66500.39
66502.39
66504.39
66506.39
66508.39
66514.39
66516.39
66518.39
66526
66534.39
66522.39
66530.39
66528.39
66524.39
66538.39
66520.39
66526.39
66532.39
66536.39
66540.39
66546.39
66550.39
66542.39
66544.39
66548.39
66565
66580.43
66582.43
66584.43
66586.43
66588.43
66590.43
66592.43
66594.43
66596
66596.43
66598.43
66593
66600.43
66602.43
66604.43
66606.43
66618
66618.43
66616.43
66612.43
66614.43
66630.43
66638.43
66620.43
66632.43
66622.43
66626.43
66634.43
66628.43
66624.43
66636.43
66777
66796
66803
66867
66869
66868
66926
66940
66937.36
66936
66935.36
66936
66939.36
66941
66947.36
66943.36
66957.36
66959.36
66945.36
66951.36
66955.36
66941.36
66953.36
66949.36
66961.36
67003
67060
67057
67076
67159
67151
67162.1
67164.1
67166.1
67168.1
67169.36
67170.1
67171.36
67172.1
67173.36
67174.1
67175.36
67176.1
67177.36
67178.1
67179.36
67180.1
67181.36
67182.1
67183.36
67184.1
67185.36
67187.36
67189
67189.36
67191.36
67193.36
67195.36
67197.36
67199.36
67196.1
67194.1
67198.1
67190.1
67192.1
67201.36
67208.07
67210.07
67212.07
67214.07
67216.07
67218.07
67206.1
67217.36
67208.1
67219.36
67202.1
67209.36
67213.36
67211.36
67204.1
67207.36
67200.1
67210.1
67215.36
67212.1
67220.07
67222.07
67224.07
67226.07
67228.07
67230.07
67232.07
67234.07
67236.07
67238.07
67225.36
67237.36
67235.36
67231.36
67227.36
67233.36
67239.36
67223.36
67229.36
67221.36
67240.07
67242.07
67256.07
67254.07
67258.07
67248.07
67252.07
67250.07
67260.07
67268.07
67262.07
67278.07
67270.07
67276.07
67264.07
67274.07
67266.07
67272.07
67282.07
67280.07
67363.65
67365.65
67367.65
67369.65
67371.65
67373.65
67375.65
67377.65
67378.37
67379.65
67380.37
67381.65
67382.37
67383.65
67384.37
67385.65
67386
67386.37
67387.65
67388.37
67389
67389.65
67390.37
67391.65
67392.37
67393.65
67394.37
67396.37
67398.37
67399.65
67400.37
67402.37
67404.37
67406.37
67403.65
67414.37
67409.65
67418.37
67412.37
67407.65
67415.65
67419.65
67413.65
67416.37
67411.65
67417.65
67401.65
67405.65
67425
67436
67422.37
67420.37
67425.65
67424.37
67436.37
67428.37
67438.37
67435
67426.37
67423.65
67430.37
67429.65
67432.37
67431
67421.65
67427.65
67434.37
67440.37
67489
67500
67487
67503
67502
67540
67539.12
67535.12
67533.12
67537.12
67545.12
67547.12
67543.12
67551.12
67541.12
67549.12
67567.73
67569.73
67571.73
67573.73
67575.73
67577.73
67579.73
67581.73
67583.73
67585.73
67587.73
67589.73
67591.73
67593.73
67595.73
67600
67595
67606
67609.73
67605.73
67619.73
67603.73
67611.73
67615.73
67602
67607.73
67617.73
67613.73
67601.73
67633
67621.73
67627.73
67623.73
67625.73
67629.73
67672
67671
67669
67684
67747
67745
67763.28
67765.28
67767.28
67769.28
67771.28
67773.28
67775.28
67777.28
67778
67779.28
67780
67771
67777
67774
67776
67780
67779
67772
67780
67776
67781.28
67782
67783.28
67784
67785.28
67786
67787.28
67788
67789.28
67790
67791.28
67792
67793.28
67794
67795.28
67796
67797.28
67798
67799.28
67794
67784
67791
67785
67787
67790
67782
67787
67788
67787
67786
67782
67795
67789
67787
67785
67783
67808
67813.28
67819.28
67818
67815.28
67820
67804
67812
67814
67811.28
67810
67817.28
67805.28
67807.28
67806
67816
67809.28
67825.28
67821.28
67831.28
67829.28
67837.28
67822
67833.28
67823.28
67835.28
67824
67839.28
67827.28
67845
67841.28
67919.76
67921.76
67923.76
67925.76
67927.76
67929.76
67930.99
67931.76
67932.99
67933.76
67934.99
67935.76
67936.99
67937.76
67938.99
67939.76
67940.99
67941.76
67942.99
67943.76
67944.99
67945.76
67946.99
67947.76
67948.99
67949.76
67950.99
67956.99
67955.76
67957.76
67958.99
67959.76
67971.76
67977.76
67969.76
67966.99
67963.76
67976.99
67979.76
67973.76
67975.76
67960.99
67965.76
67970.99
67974.99
67972.99
67964.99
67962.99
67968.99
67961.76
67967.76
67985.76
67983.76
67981.76
68124
68146.8
68148.8
68150.8
68152.8
68154.8
68156.8
68158.8
68160.8
68162.8
68164.8
68166.8
68168.8
68170.8
68178.8
68176.8
68184.8
68186.8
68184.96
68180.8
68192.8
68196.8
68186.96
68196.96
68188.96
68198.96
68198.8
68190.8
68188.8
68182.8
68192.96
68190.96
68194.8
68194.96
68202.96
68208.96
68210.96
68206.96
68212.96
68200.8
68214.96
68200.96
68204.96
68216.96
68233.14
68235.14
68237.14
68239.14
68241.14
68243.14
68245.14
68247.14
68249.14
68251.14
68253.14
68255.14
68257.14
68259.14
68277.14
68273.14
68267.14
68275.14
68265.14
68271.14
68269.14
68279.14
68287.14
68289.14
68281.14
68285.14
68283.14
68291.14
68459.1
68461.1
68463.1
68465.1
68467.1
68469.1
68471.1
68473.1
68475.1
68477.1
68479.1
68481.1
68483.1
68485.1
68487.1
68489.1
68491.1
68493.1
68495.1
68503.1
68505.1
68513.1
68501.1
68511.1
68519.1
68509.1
68515.1
68517.1
68507.1
68527.1
68537.1
68523.1
68521.1
68525.1
68535.1
68533.1
68531.1
68529.1
68607
68696.4
68692.4
68688.4
68686.4
68694.4
68684.4
68690.4
68698.4
68710.4
68706.4
68702.4
68700.4
68708.4
68712.4
68704.4
68825.06
68827.06
68829.06
68831.06
68833.06
68835.06
68837.06
68839.06
68837
68831
68835
68839
68833
68841.06
68843.06
68845.06
68847.06
68849.06
68851.06
68853.06
68845
68847
68849
68841
68851
68859.06
68843
68867.06
68879.06
68863.06
68877.06
68861.06
68869.06
68873.06
68865.06
68875.06
68871.06
68885.06
68881.06
68883.06
68887.06
68933.8
68935.8
68937.8
68939.8
68941.8
68943.8
68945.8
68947.8
68949.8
68951.8
68953.8
68955.8
68957.8
68958.3
68959.8
68960.3
68961.8
68962.3
68964.3
68966.3
68968.3
68970.3
68972.3
68974.3
68976.3
68978.3
68980.3
68982.3
68984.3
68986.3
68988.3
68990.3
68992.3
68998.3
69000.3
69016.3
69008.3
69010.3
69006.3
69014.3
69012.3
69004.3
69018.3
69002.3
69032.3
69030.3
69024.3
69028.3
69026.3
69022.3
69020.3
69054.17
69056.17
69058.17
69060.17
69062.17
69064.17
69066.17
69068.17
69070.17
69072.17
69074.17
69076.17
69078.17
69080.17
69082.17
69084.17
69086.17
69088.17
69090.17
69096.17
69098.17
69116.17
69104.17
69112.17
69110.17
69106.17
69102.17
69108.17
69114.17
69118.17
69100.17
69122.17
69120.17
69128.17
69132.17
69124.17
69126.17
69130.17
69155.69
69157.69
69153.69
69149.69
69151.69
69147.69
69159.69
69161.8
69162
69163.8
69165.8
69167.8
69169.8
69171.8
69173.8
69175.8
69177.8
69179.8
69167.69
69165.69
69161.69
69163.69
69181.8
69183.8
69185.8
69237
69239
69235
69233
69255
69251
69257
69245
69243
69253
69241
69247
69249
69259
69267
69265
69269
69261
69263
69306
69318
69507
69562.92
69564.92
69566.92
69568.92
69570.92
69572.92
69574.92
69576.92
69578.92
69580.92
69582.92
69584.92
69586.92
69588.92
69596.92
69594.92
69598.92
69609
69606.92
69602.92
69616.92
69618.92
69604.92
69610.92
69614.92
69600.92
69612.92
69608.92
69620.92
69651
69719
69728.2
69732.2
69736.2
69738.2
69734.2
69730.2
69760
69742.2
69746.2
69754.2
69756.2
69740.2
69744.2
69758.2
69752.2
69750.2
69748.2
69762
69768
69774
69762.2
69760.2
69810
69828
69921
69932
69992
70002.36
70004.36
70006.36
70008.36
70010.36
70012.36
70014.36
70016.36
70018.36
70020.36
70022.36
70024.36
70026.36
70028.36
70030.36
70032.36
70034.36
70049.96
70051.96
70053.96
70055.96
70057.96
70059.5
70059.96
70058.36
70050.36
70052.36
70042.36
70046.36
70044.36
70056.36
70040.36
70054.36
70048.36
70061.5
70061.96
70063.5
70063.96
70065.5
70065.96
70067.5
70067.96
70069.5
70069.96
70071.5
70071.96
70073.5
70073.96
70075.5
70075.96
70077.5
70077.96
70079.5
70070.36
70068.36
70064.36
70060.36
70066.36
70072.36
70062.36
70081.5
70082.4
70083.5
70084.4
70085.5
70086.4
70087.5
70088.4
70089.5
70090.4
70091.5
70092
70092.4
70093.5
70094.4
70096.4
70098.4
70095.96
70091.96
70087.96
70099.96
70085.96
70093.96
70083.96
70089.96
70097.96
70100.4
70102.4
70104.4
70106.4
70108.4
70110.4
70109.96
70105.96
70101.96
70118.4
70107.96
70111.96
70103.96
70116.4
70124.4
70136.4
70120.4
70134.4
70138.4
70126.4
70130.4
70122.4
70132.4
70128.4
70146.87
70148.87
70150
70150.87
70152.87
70154.87
70156.87
70158.87
70142.4
70140.4
70144.4
70160.87
70162.87
70164.87
70166.87
70168.87
70170.87
70172.87
70174.87
70176.87
70198.87
70196.87
70182.87
70190.87
70184.87
70192.87
70186.87
70188.87
70194.87
70204
70204.87
70206.87
70200.87
70212.87
70202.87
70210.87
70208.87
70240
70329.1
70331.1
70333.1
70335.1
70337.1
70339.1
70341.1
70343.1
70345.06
70345.1
70347.06
70347.1
70349.06
70349.1
70351.06
70351.1
70353.06
70353.1
70355.06
70355.1
70357.06
70359
70359.06
70361.06
70363.06
70365.06
70367.06
70369.06
70371.06
70373.06
70375.06
70377.06
70379.06
70381.06
70395.06
70397.06
70393.06
70399.06
70387.06
70389.06
70391.06
70402.11
70404.11
70406.11
70408.11
70410.11
70412.11
70414.11
70416.11
70418.11
70407.06
70403.06
70401.06
70413.06
70411.06
70419.06
70415.06
70405.06
70417.06
70409.06
70420.11
70422.11
70434.13
70436.13
70438.13
70434.11
70438.11
70428.11
70432.11
70423.06
70436.11
70430.11
70421.06
70440.13
70442.13
70444.13
70446.13
70448.13
70450.13
70452.13
70454.13
70442.11
70444.11
70446.11
70448.11
70440.11
70460.13
70470.13
70464.13
70462.13
70474.13
70478.13
70476.13
70468.13
70466.13
70472.13
70480.13
70504
70700
70892.7
70894.7
70896.7
70898.7
70900.7
70902.7
70904.7
70906.7
70908.7
70910.7
70912.7
70914.7
70916.7
70918.7
70936.7
70932.7
70926.7
70934.7
70924.7
70930.7
70928.7
70938.7
70946.7
70948.7
70940.7
70944.7
70942.7
70950.7
70975
71062.69
71064.69
71066.69
71068.69
71070.69
71072.69
71074.69
71076.69
71078.69
71080.69
71082.69
71090.1
71092.1
71094.1
71096.1
71098.1
71096.69
71098.69
71094.69
71090.69
71092.69
71088.69
71100.1
71102.1
71104.1
71106.1
71108.1
71110.1
71112.1
71108.69
71106.69
71102.69
71118.1
71104.69
71100.69
71124.1
71122.1
71134.1
71126.1
71136.1
71130.1
71120.1
71132.1
71128.1
71138.1
71143
71140.1
71339.73
71341.73
71343.73
71345.73
71347.73
71349.73
71351.73
71353.73
71355.73
71357.73
71359.73
71358.1
71361.73
71363.73
71365.73
71367.73
71378.1
71377.73
71364.1
71370.1
71374.1
71375.73
71368.1
71379.73
71376.1
71362.1
71366.1
71360.1
71373.73
71372.1
71389.96
71391.96
71393.96
71395.96
71397.96
71399.96
71381.73
71393.73
71391.73
71399.73
71388.1
71395.73
71397.73
71380.1
71383.73
71387.73
71390.1
71389.73
71382.1
71392.1
71385.73
71386.1
71384.1
71401.96
71403.96
71405.96
71407.96
71409.96
71411.96
71413.96
71415.96
71417.96
71419.96
71401.73
71421.96
71427.96
71429.96
71439.96
71431.96
71435.96
71433.96
71437.96
71449.51
71451.51
71453.51
71455.51
71457.51
71459.51
71445.96
71451.96
71453.96
71449.96
71441.96
71455.96
71457.96
71443.96
71447.96
71459.96
71461.51
71463.51
71465.51
71467.51
71469.51
71471.51
71473.51
71475.51
71477.51
71495.51
71491.51
71487.51
71499.51
71485.51
71493.51
71483.51
71489.51
71497.51
71509.51
71505.51
71501.51
71507.51
71511.51
71503.51
71579.65
71581.65
71583.65
71585.65
71587.65
71589.65
71591.65
71593.65
71595.65
71597
71597.65
71599.65
71601.65
71603.65
71605.65
71607.65
71609.65
71635.94
71637.94
71639.94
71641.94
71643.94
71645.94
71647.94
71649.94
71651.94
71653.94
71655.94
71657.94
71659.94
71661.94
71663.94
71665.94
71667.94
71669.94
71671.94
71677.94
71679.94
71697.94
71685.94
71693.94
71691.94
71687.94
71683.94
71689.94
71695.94
71699.94
71681.94
71703.94
71701.94
71709.94
71713.94
71705.94
71707.94
71711.94
71976.95
71978.95
71980.95
71982.95
71984.95
71986.95
71988.95
71990.95
71992.95
71994.95
71996.95
71998.95
71999.22
72000.95
72001.22
72002.95
72003.22
72004.95
72005.22
72006.95
72007.22
72008.95
72009.22
72010.95
72011.22
72013.22
72015.22
72017.22
72019.22
72016.95
72018.95
72039.22
72020.95
72031.22
72030.95
72035.22
72034.95
72025.22
72029.22
72024.95
72028.95
72032.95
72026.95
72033.22
72027.22
72022.95
72038.95
72036.95
72037.22
72041.22
72043.22
72045.22
72042.95
72044.95
72046.95
72040.95
72050.95
72048.95
72084.7
72088.7
72098.7
72082.7
72092.7
72086.7
72080.7
72090.7
72094.7
72096.7
72102.7
72108.7
72104.7
72100.7
72106.7
72222.48
72224.48
72226.48
72228.48
72230.48
72232.48
72234.48
72236.48
72238.48
72240.48
72242.48
72244.48
72246.48
72248.48
72256.48
72254.48
72258.48
72266.48
72262.48
72276.48
72278.48
72264.48
72270.48
72274.48
72260.48
72272.48
72268.48
72280.48
72373.98
72375.98
72377.98
72379.98
72381.98
72383.98
72385.98
72387.98
72389.98
72391.98
72393.98
72395.98
72397.98
72399.98
72401.98
72403.98
72409.98
72417.98
72411.98
72419.98
72413.98
72415.98
72425.98
72431.98
72423.98
72433.98
72427.98
72439.98
72429.98
72437.98
72435.98
72421.98
72597.06
72599.06
72601.06
72603.06
72605.06
72607.06
72609.06
72611.06
72613.06
72615.06
72617.06
72619.06
72621.06
72623.06
72625.06
72639.06
72635.06
72633.06
72637.06
72631.06
72651.06
72649.06
72657.06
72653.06
72655.06
72641.06
72645.06
72647.06
72643.06
72659.06
72835.36
72837.36
72839.36
72841.36
72843.36
72845.36
72847.36
72849.07
72849.36
72851.07
72851.36
72853.07
72853.36
72855.07
72855.36
72857.07
72857.36
72859.07
72859.36
72854.94
72856.94
72848.94
72858.94
72846.94
72852.94
72850.94
72861.07
72861.36
72863.07
72863.36
72865.07
72865.36
72867.07
72867.36
72869.07
72871.07
72873.07
72875.07
72877.07
72862.94
72860.94
72875.36
72879.36
72864.94
72877.36
72866.94
72873.36
72891.36
72883.36
72895.07
72885.36
72891.07
72887.07
72899.07
72897.36
72893.36
72885.07
72899.36
72889.36
72893.07
72883.07
72889.07
72897.07
72895.36
72887.36
72881.36
72909.07
72903.36
72901.36
72905.07
72901.07
72907.07
72905.36
72911.07
72903.07
72926.83
72928.83
72930.83
72932.83
72934.83
72936.83
72937.27
72938.83
72939.27
72940.83
72941.27
72942.83
72943.27
72944.83
72945.27
72946.83
72947.27
72948.83
72949.27
72950.83
72951.27
72952.83
72953.27
72954.83
72955.27
72956.83
72957.27
72958.83
72960.83
72962.83
72963.27
72976.83
72973.27
72978.83
72974.83
72967.27
72965.27
72977.27
72968.83
72970.83
72979.27
72971.27
72969.27
72975.27
72972.83
72984.3
72986.3
72988.3
72990.3
72992.3
72994.3
72996.3
72998.3
72988.83
72984.83
72982.83
72994.83
72992.83
72983.27
72996.83
72980.83
72986.83
72998.83
72981.27
72990.83
73000.3
73002.3
73003.69
73004.3
73005.69
73007.69
73009.69
73011.69
73013.69
73015.69
73017.69
73019.69
73000.83
73004.83
73002.83
73021.69
73023.69
73037.69
73039.69
73035.69
73031.69
73033.69
73029.69
73049.69
73047.69
73043.69
73045.69
73041.69
73169.3
73171.3
73173.3
73175.3
73177.3
73179.3
73181.3
73183.3
73185.3
73187.3
73189.3
73191.3
73193.3
73199.3
73201.3
73207.3
73209.3
73203.3
73215.3
73219.3
73213.3
73211.3
73205.3
73217.3
73221.3
73223.3
73550.5
73552.25
73552.5
73554.25
73554.5
73556.25
73556.5
73558.25
73558.5
73560.25
73560.5
73562.25
73562.5
73564.25
73564.5
73566.25
73566.5
73568.25
73568.5
73570.25
73570.5
73572.25
73572.5
73574.25
73574.5
73576.25
73576.5
73578.25
73578.5
73580.5
73582.5
73584.5
73586.5
73596.33
73598.33
73596.25
73592.25
73586.25
73594.25
73584.25
73596.5
73590.25
73588.25
73598.5
73594.5
73598.25
73592.5
73600.33
73602.33
73604.33
73606.33
73608.33
73610.33
73612.33
73614.33
73616.33
73614.5
73610.5
73606.25
73608.25
73616.5
73604.5
73600.25
73604.25
73602.5
73612.5
73600.5
73606.5
73608.5
73618.5
73602.25
73610.25
73636.33
73628.33
73638.33
73632.33
73622.33
73626.5
73626.33
73624.5
73630.33
73628.5
73624.33
73620.5
73622.5
73634.33
73640.33
73642.33
73854.4
73856.4
73858.4
73860.4
73862.4
73864.4
73866.4
73868.4
73870.4
73872.4
73874.4
73876.4
73878.4
73880.4
73882.4
73896.4
73892.4
73890.4
73898.4
73894.4
73888.4
73908.4
73906.4
73914.4
73910.4
73912.4
73902.4
73904.4
73900.4
73916.4
74048.12
74050.12
74052.12
74054.12
74056.12
74058.12
74060.12
74062.12
74064.12
74066.12
74078.12
74074.12
74072.12
74076.12
74080.96
74082.96
74084.96
74086.96
74088.96
74090.96
74092.96
74094.96
74096.96
74098.96
74084.12
74086.12
74082.12
74090.12
74080.12
74088.12
74100.96
74102.96
74104.96
74106.96
74108.96
74110.96
74112.96
74114.96
74126.96
74120.96
74132.96
74136.96
74130.96
74138.96
74124.96
74128.96
74122.96
74134.96
74140.96
74150.96
74142.96
74152.96
74144.96
74154.96
74148.96
74146.96
74213.2
74215.2
74217.2
74217.72
74219.2
74219.72
74221.2
74221.72
74223.2
74223.72
74225.2
74225.72
74227.2
74227.72
74229.2
74229.72
74231.2
74231.72
74233.2
74233.72
74235.2
74235.72
74237.2
74237.72
74239.2
74239.72
74241.2
74241.72
74243.72
74245.72
74247.72
74248.62
74249.72
74250.62
74251.72
74252.62
74253.72
74254.62
74256.62
74258.62
74251.2
74255.2
74249.2
74259.2
74253.2
74247.2
74257.2
74259.72
74260.62
74262.62
74264.62
74265.7
74266.62
74267.7
74268.62
74269.7
74270.62
74271.7
74272.62
74273.7
74274.62
74275.7
74276.62
74277.7
74279.7
74279.72
74269.2
74267.72
74275.72
74273.72
74275.2
74271.2
74265.2
74269.72
74267.2
74273.2
74265.72
74271.72
74277.72
74261.2
74261.72
74263.72
74263.2
74281.7
74283.7
74285.7
74287.7
74289.7
74291.7
74293.7
74295.7
74297.7
74299.7
74285.72
74294.62
74283.72
74291.72
74295.72
74290.62
74287.72
74286.62
74298.62
74289.72
74293.72
74284.62
74292.62
74282.62
74281.72
74288.62
74296.62
74305.7
74309.7
74319.7
74308.62
74313.7
74317.7
74315.7
74304.62
74300.62
74311.7
74306.62
74310.62
74302.62
74307.7
74323.7
74331.7
74333.7
74321.7
74335.7
74329.7
74327.7
74339.7
74337.7
74325.7
74601.09
74603.09
74605.09
74607.09
74609.09
74611.09
74613.09
74615.09
74617.09
74619.09
74621.09
74623.09
74625.09
74627.09
74629.09
74631.09
74632.96
74634.96
74636.96
74638.96
74637.09
74639.09
74640.96
74642.96
74644.96
74646.96
74648.96
74650.96
74652.96
74654.96
74656.96
74658.96
74653.09
74659.09
74651.09
74645.09
74655.09
74657.09
74647.09
74641.09
74643.09
74649.09
74660.96
74662.96
74664.96
74670.96
74661.09
74667.09
74672.96
74674.96
74665.09
74678.96
74676.96
74663.09
74688.96
74694.96
74696.96
74692.96
74682.96
74684.96
74698.96
74686.96
74690.96
74680.96
74700.96
74702.96
74756
74822
74882.03
74884.03
74886.03
74888.03
74890.03
74892.03
74894.03
74896.03
74898.03
74900.03
74902.03
74904.03
74906.03
74908.03
74916.03
74914.03
74918.03
74926.03
74922.03
74936.03
74938.03
74924.03
74930.03
74934.03
74920.03
74932.03
74928.03
74944.69
74946.69
74948.69
74950.69
74952.69
74954.69
74956.69
74958.69
74940.03
74960.69
74962.69
74964.69
74978.69
74976.69
74972.69
74974.69
74970.69
74980.69
74990.69
74988.69
74984.69
74986.69
74982.69
75018.1
75017.61
75013.61
75015.61
75007.61
75019.61
75003.61
75009.61
75011.61
75005.61
75020.1
75022.1
75024.1
75026.1
75028.1
75030.1
75032.1
75034.1
75036.1
75038.1
75029.61
75025.61
75033.61
75035.61
75037.61
75031.61
75027.61
75023.61
75021.61
75040.1
75052.1
75050.1
75054.1
75046.1
75058.1
75048.1
75056.1
75062.1
75064.1
75060.1
75066.1
75068.1
75111.73
75113.73
75115.73
75117.73
75119.73
75121.73
75123.73
75125.73
75127.73
75129.73
75131.73
75133.73
75135.73
75137.73
75139.73
75153.73
75149.73
75147.73
75155.73
75159.73
75151.73
75157.73
75145.73
75165.73
75163.73
75171.73
75167.73
75169.73
75161.73
75173.73
75182
75193.44
75195.44
75197.44
75199.44
75201.44
75203.44
75205.44
75207.44
75209.44
75211.44
75213.44
75219.44
75233.44
75225.44
75235.44
75237.44
75229.44
75239.44
75223.44
75227.44
75221.44
75231.44
75440.41
75442.41
75444.41
75446.41
75448.41
75450.41
75452.41
75454.41
75456.41
75458.41
75460.41
75466.41
75476.41
75470.41
75468.41
75474.41
75472.41
75478.41
75486.41
75480.41
75484.41
75482.41
75508.61
75510.61
75512.61
75514.61
75516.61
75518.61
75520.61
75522.61
75524.61
75526.61
75528.61
75530.61
75532.61
75534.61
75536.61
75538.61
75540.61
75542.61
75544.61
75558.61
75556.61
75550.61
75552.61
75554.61
75570.61
75566.61
75564.61
75576.61
75560.61
75574.61
75578.61
75562.61
75568.61
75572.61
75582.61
75586.61
75580.61
75584.61
75643
75648.18
75650.18
75652.18
75654.18
75656.18
75658.18
75660.18
75662.18
75664.18
75666.18
75668.18
75668.36
75670.18
75670.36
75672.18
75672.36
75674.18
75674.36
75676.18
75676.36
75678.36
75680.36
75682.36
75684.36
75686.36
75688.36
75690.36
75692.36
75694.36
75696.36
75698.36
75694.18
75690.18
75686.18
75698.18
75684.18
75692.18
75682.18
75688.18
75696.18
75700.36
75717
75708.18
75704.18
75700.18
75706.18
75710.18
75702.18
75812
75828
75885
75892
75986
76016
76073
76069
76093
76107
76170
76172
76186
76211.81
76213.81
76215.81
76217.81
76219.81
76221.81
76223.81
76225.81
76227.81
76229.81
76231.81
76233.81
76235.81
76237.81
76255.81
76251.81
76245.81
76253.81
76259.81
76243.81
76249.81
76247.81
76257.81
76265.81
76267.81
76263.81
76261.81
76269.81
76352
76369.06
76371.06
76373.06
76375.06
76377
76377.06
76379.06
76379.7
76381.06
76381.7
76383.06
76383.7
76385.06
76385.7
76387.06
76387.7
76389.06
76389.7
76391.06
76391.7
76393.06
76393.7
76395.06
76395.7
76397.06
76397.7
76399.7
76401.7
76403.7
76405.7
76407.7
76411.06
76417.7
76407.06
76415.7
76419.7
76405.06
76413.7
76413.06
76417.06
76409.06
76419.06
76415.06
76403.06
76421.7
76423.06
76435.7
76421.06
76429.06
76437.7
76431.7
76433.7
76425.7
76425.06
76439.7
76427.06
76423.7
76427.7
76431.06
76429.7
76457
76441.7
76450
76465
76506
76510
76530.77
76532.77
76534.77
76536.77
76538.77
76540.77
76542.77
76544.77
76546.77
76548.77
76550.77
76552.77
76554.45
76554.77
76556.45
76556.77
76558.45
76560.45
76562.45
76564.45
76566.45
76568.45
76570.45
76572.45
76574.45
76576.45
76578.45
76580.45
76582.45
76584.45
76586.45
76588.45
76594.45
76598.45
76596.45
76608.45
76612.45
76602.45
76606.45
76610.45
76618.45
76604.45
76600.45
76616.45
76614.45
76629.32
76631.32
76633.32
76635.32
76637.32
76639.32
76620.45
76622.45
76624.45
76628.45
76626.45
76641.32
76643.32
76645.32
76647.32
76649.32
76651.32
76653.32
76655.32
76657.32
76659.32
76661.32
76663.32
76667
76671
76679.32
76673.32
76669.32
76675.32
76677.32
76671.32
76691
76695.32
76683.32
76691.32
76699.32
76681.32
76685.32
76697.32
76693.32
76689.32
76687.32
76701.32
76703.32
76738.25
76736.25
76742.25
76746.25
76750.25
76758.25
76756.25
76748.25
76752.25
76754.25
76740.25
76744.25
76760.25
76790.56
76792.56
76794.56
76796.56
76798.56
76799.5
76800.56
76801.5
76802.56
76803.5
76804.56
76805.5
76806.56
76807.5
76808.56
76809.5
76810.56
76811.5
76813.5
76815.5
76817.5
76819.5
76816.56
76818.56
76821.5
76823.5
76825.5
76827.5
76828.2
76829.5
76830.2
76831.5
76832.2
76833.5
76834.2
76835.5
76836.2
76838.2
76830.56
76822.56
76832.56
76834.56
76826.56
76836.56
76820.56
76824.56
76828.56
76840.2
76841
76842.2
76843.81
76844.2
76845.81
76846.2
76847
76847.81
76848
76848.2
76849.81
76850.2
76851.81
76852.2
76853.81
76854.2
76855.81
76856.2
76857.81
76858.2
76859
76859.81
76861.81
76863.81
76865.81
76867.81
76869.81
76871.81
76873.81
76875.81
76877.81
76885.69
76887.69
76889.69
76891.69
76893.69
76895.69
76897.69
76899.69
76889.81
76883.81
76895.81
76899.81
76893.81
76887.81
76891.81
76885.81
76897.81
76901.69
76903.69
76905.69
76919.69
76903.81
76913.81
76905.81
76917.69
76915.81
76913.69
76907.81
76901.81
76917.81
76911.81
76915.69
76911.69
76909.81
76934
76921.69
76935
76931.69
76929.69
76925.69
76927.69
76937
76923.69
76941
76978
76996
77006
77047.73
77049.73
77051.73
77052
77053.73
77055.73
77057.73
77059.73
77061.73
77063.73
77065.73
77067.73
77069.73
77071.73
77073.73
77075.73
77080
77084
77093.73
77089.73
77085.73
77099.73
77097.73
77083.73
77091.73
77081.73
77087.73
77095.73
77083
77107.73
77103.73
77105.73
77109.73
77101.73
77198
77191
77192
77296
77335
77334
77327
77352
77381
77478.24
77496
77482.24
77494.24
77498.24
77490.24
77492.24
77488.24
77496.24
77484.24
77486.24
77480.24
77508.24
77506.24
77510.24
77500.24
77502.24
77504.24
77541.59
77543.59
77545.59
77547.59
77549.59
77551.59
77553.59
77555.59
77557.59
77559.59
77561.59
77563.59
77565.59
77567.59
77570
77575.59
77573.59
77579.59
77577.59
77585.59
77581.59
77595.59
77597.59
77583.59
77589.59
77593.59
77591.59
77599.59
77587.59
77626.4
77628.4
77629
77630.4
77632.4
77634.4
77636.4
77638.4
77640.4
77642.4
77644.4
77646.4
77648.4
77650.4
77652.4
77653
77654.4
77646
77663.9
77665.9
77667.9
77669.9
77671.9
77673.9
77675.9
77677.9
77679.9
77681.9
77683.9
77797
77798
77798
77799
77797
77804
77806
77808
77810
77812
77814
77816
77818
77820
77812
77806
77811
77806
77814
77812
77811
77802
77815
77801
77819
77806
77819
77808
77807
77812
77816
77810
77806
77807
77808
77815
77815
77809
77815
77804
77805
77807
77813
77816
77822
77824
77834
77830
77838
77840
77822
77836
77832
77844
77846
77848
77850
77842
77875.96
77877.96
77879.96
77881.96
77883.96
77885.96
77887.96
77889.96
77891.96
77893.96
77895.96
77897.96
77899.96
77901.96
77903.96
77905.96
77907.96
77910
77912
77914
77916
77918
77920
77919
77915
77919
77913.96
77912
77905
77919
77917
77915
77915.96
77909
77917.96
77915
77907
77915
77919
77916
77908
77908
77903
77917
77911
77918
77910
77909
77919.96
77915
77908
77915
77922
77924
77926
77928
77930
77932
77934
77936
77938
77940
77924
77923
77938
77931.96
77937.96
77921
77930
77929
77929
77931
77939.96
77931
77921
77922
77922
77925
77927
77929
77939
77924
77935.96
77929
77925.96
77928
77927.96
77937
77921
77924
77937
77940
77939
77935
77921.96
77924
77929
77929.96
77936
77933.96
77927
77929
77923.96
77942
77943.56
77944
77945.56
77946
77947.56
77949.56
77951.56
77953.56
77955.56
77957.56
77959.56
77956
77941.96
77941
77941
77960
77943.96
77941
77958
77954
77945.96
77952
77961.56
77963.56
77974
77969.56
77970
77976
77964
77979.56
77962
77973.56
77972
77971.56
77980
77977.56
77975.56
77966
77968
77978
77986
77984
77989.56
77988
77983.56
77987.56
77985.56
77982
77981.56
78011.8
78003.8
78017.8
78007.8
78015.8
78019.8
78005.8
78009.8
78013.8
78029.8
78027.8
78033.8
78039.8
78035.8
78025.8
78037.8
78021.8
78031.8
78023.8
78191.8
78193.8
78195.8
78197.8
78199.8
78201.8
78203.8
78205.8
78207.8
78209.8
78211.8
78213.8
78215.8
78295.04
78297.04
78299.04
78296.44
78290.44
78294.44
78292.44
78298.44
78301.04
78303.04
78305.04
78307.04
78309.04
78311.04
78313.04
78315.04
78317.04
78319.04
78306.44
78316.44
78304.44
78312.44
78310.44
78300.44
78308.44
78302.44
78314.44
78321.04
78323.04
78325.04
78327.04
78329.04
78339.04
78335.04
78337.04
78349.04
78357.04
78345.04
78347.04
78351.04
78359.04
78341.04
78355.04
78353.04
78343.04
78361.04
78365.04
78367.04
78369.04
78363.04
78387.67
78389.67
78391.67
78393.67
78395.67
78397.67
78399.67
78401.67
78403.67
78405.67
78407.67
78419.67
78413.67
78417.67
78415.67
78427.67
78429.67
78431.67
78423.67
78433.67
78421.67
78425.67
78447.29
78449.29
78451.29
78453.29
78455.29
78457.29
78459.29
78461.29
78463.29
78465.29
78467.29
78469.29
78471.29
78473.29
78475.29
78493.29
78489.29
78485.29
78499.29
78497.29
78483.29
78491.29
78481.29
78487.29
78495.29
78501.1
78503.1
78505.1
78507.1
78509.1
78511.1
78513.1
78515.1
78517.1
78519.1
78507.29
78503.29
78505.29
78509.29
78501.29
78521.1
78523.1
78525.1
78527.1
78529.1
78531.1
78533.1
78535.1
78537.1
78546.2
78548.2
78550.2
78552.2
78554.2
78556.2
78558.2
78545.1
78547.1
78555.1
78543.1
78553.1
78551.1
78557.1
78559.1
78549.1
78560.2
78562.2
78564.2
78566.2
78568.2
78570.2
78572.2
78574.2
78569.1
78579.1
78565.1
78563.1
78561.1
78567.1
78577.1
78575.1
78573.1
78571.1
78584.2
78588.2
78598.2
78582.2
78592.2
78586.2
78580.2
78590.2
78594.2
78596.2
78602.2
78608.2
78604.2
78600.2
78606.2
78779.3
78789.3
78793.3
78781.3
78799.3
78785.3
78795.3
78783.3
78787.3
78791.3
78797.3
78811.3
78809.3
78805.3
78801.3
78807.3
78803.3
78826.69
78828.69
78830.69
78832.69
78834.69
78836.69
78838.69
78840.69
78842.69
78843.2
78844.69
78845.2
78846.69
78847.2
78849.2
78851.2
78853.2
78855.2
78857.2
78859.2
78858.69
78854.69
78856.69
78852.69
78861.2
78863.2
78865.2
78867.2
78869.2
78871.2
78871.36
78873.2
78873.36
78875.2
78875.36
78877.2
78877.36
78879.36
78860.69
78862.69
78872.69
78870.69
78866.69
78868.69
78864.69
78881.36
78883.36
78885.36
78887.36
78889.36
78891.36
78893.36
78895.36
78897.36
78883.2
78887.2
78897.2
78891.2
78895.2
78899.2
78893.2
78889.2
78885.2
78901.2
78909.2
78911.2
78913.2
78907.2
78905.2
78917.2
78915.2
78903.2
78946.1
78948.1
78950.1
78952.1
78954.1
78956.1
78958.1
78960.1
78962.1
78964.1
78966.1
78968.1
78998.3
79000.3
79002.3
79004.3
79006.3
79008.3
79010.3
79012.3
79014.3
79016.3
79018.3
79020.3
79022.3
79024.3
79026.3
79028.3
79030.3
79032.3
79038.3
79040.3
79056.3
79048.3
79050.3
79046.3
79054.3
79052.3
79044.3
79058.3
79042.3
79072.3
79070.3
79064.3
79068.3
79066.3
79062.3
79060.3
79468.72
79472.72
79464.72
79476.72
79466.72
79470.72
79478.72
79474.72
79480.72
79484.72
79482.72
79594.24
79596.24
79598.24
79583.57
79591.57
79597.57
79599.57
79589.57
79593.57
79587.57
79581.57
79585.57
79595.57
79600.24
79602.24
79604.24
79606.24
79606.67
79608.24
79608.67
79610.24
79610.67
79612.24
79612.67
79614.24
79614.67
79616.24
79616.67
79618.24
79618.67
79601.57
79603.57
79620.24
79620.67
79622.24
79622.67
79624.24
79624.67
79626.24
79626.67
79628.67
79630.67
79632.67
79634.67
79636.67
79638.67
79636.24
79638.24
79632.24
79634.24
79640.67
79648.24
79652.24
79644.24
79646.24
79642.24
79650.24
79652.67
79646.67
79658.67
79640.24
79654.24
79656.67
79656.24
79650.67
79654.67
79648.67
79658.24
79662.24
79666.67
79660.24
79664.24
79676.67
79662.67
79668.67
79678.67
79670.67
79664.67
79674.67
79672.67
79660.67
79680.25
79682.25
79684.25
79686.25
79688.25
79690.25
79692.25
79694.25
79696.25
79698.25
79680.67
79700.25
79702.25
79704.25
79716.25
79712.25
79710.25
79714.25
79718.25
79734.25
79720.25
79724.25
79732.25
79730.25
79722.25
79726.25
79728.25
79846.84
79848.84
79850.84
79852.84
79854.84
79856.84
79858.84
79860.84
79862.84
79864.84
79866.84
79868.84
79870.84
79872.84
79874.84
79892.84
79888.84
79884.84
79898.84
79896.84
79882.84
79890.84
79880.84
79886.84
79894.84
79906.84
79902.84
79904.84
79908.84
79900.84
79960.75
79962.75
79964.75
79966.75
79968.75
79970.75
79972.75
79974.75
79976.75
79978.75
79980.75
79982.75
79984.75
79984.78
79986.75
79986.78
79988.75
79988.78
79990.75
79990.78
79992.75
79992.78
79994.75
79994.78
79996.78
79998.78
80000.78
80002.78
80004.78
80016.78
80010.78
80014.75
80010.75
80014.78
80012.75
80004.75
80018.78
80016.75
80012.78
80000.75
80006.75
80018.75
80008.75
80002.75
80024.78
80026.75
80026.78
80028.78
80020.78
80030.78
80022.75
80030.75
80032.75
80034.75
80028.75
80024.75
80020.75
80022.78
80316.94
80318.94
80320.94
80322.94
80324.94
80326.94
80328.94
80330.94
80332.94
80334.94
80336.94
80350.94
80358.94
80356.94
80352.94
80344.94
80354.94
80342.94
80348.94
80346.94
80360.94
80362.94
80446.7
80448.7
80450.7
80452.7
80454.7
80456.7
80458.7
80460.7
80462.7
80464.7
80466.7
80545.97
80547.97
80549.97
80551.97
80553.97
80555.97
80557.97
80559.97
80561.97
80563.97
80565.97
80567.97
80569.97
80571.97
80573.97
80575.97
80577.97
80575
80577
80579
80587.12
80589.12
80591.12
80593.12
80595.12
80597.12
80599.12
80599.51
80593.97
80583
80597.97
80585.97
80597
80585
80589.97
80593
80587
80599.97
80587.97
80583.97
80591
80591.97
80599
80595.97
80595
80581
80589
80601.12
80601.51
80603.12
80603.51
80605.12
80605.51
80607.51
80609.51
80611.51
80613.51
80615.51
80617.51
80619.51
80615.97
80605
80609
80613.97
80611.25
80609.25
80607.25
80603.97
80609.97
80605.97
80603
80607
80611.97
80613.25
80617.25
80619.25
80607.97
80601
80615.25
80601.97
80621.51
80623.51
80625.51
80627.51
80629.51
80631.51
80633.51
80635.51
80621.25
80625.25
80623.25
80649.51
80641.51
80655.51
80645.51
80653.51
80657.51
80643.51
80647.51
80659.51
80651.51
80667.51
80665.51
80671.51
80677.51
80673.51
80663.51
80675.51
80669.51
80661.51
80712.7
80714.7
80716.7
80718.7
80720.7
80722.7
80724.7
80726.7
80728.7
80730.7
80732.7
80734.7
80736.7
80738.7
80740.7
80750.7
80754.7
80748.7
80758.7
80752.7
80746.7
80756.7
80763.47
80765.47
80767.47
80767.69
80769.47
80769.69
80771.47
80771.69
80773.47
80773.69
80775.47
80775.69
80777.47
80777.69
80779.47
80779.69
80768.7
80774.7
80770.7
80764.7
80766.7
80772.7
80760.7
80762.7
80781.47
80781.69
80783.47
80783.69
80785.69
80787.69
80793.47
80797.47
80789.47
80791.47
80795.47
80799.47
80801.47
80805.47
80809.47
80803.47
80807.47
81118.96
81120.96
81122.96
81124.96
81126.96
81128.96
81130.96
81131.95
81132.96
81133.95
81134.96
81135.95
81136.96
81137.95
81138.96
81139.95
81140.96
81141.95
81142.96
81143.95
81144.96
81145.95
81146.96
81147.95
81148.96
81149.95
81150.96
81151.95
81153.95
81155.95
81157.95
81159.95
81161.95
81163.95
81165.95
81171.95
81175.95
81179.95
81177.95
81173.95
81185.95
81189.95
81197.95
81199.95
81183.95
81187.95
81195.95
81181.95
81193.95
81191.95
81201.95
81205.95
81203.95
81246.4
81248.4
81250.4
81252.4
81254.4
81256.4
81258.4
81260.4
81262.4
81264.4
81266.4
81268.4
81270.4
81272.4
81274.4
81581.89
81583.89
81585.89
81587.89
81589.89
81591.89
81593.89
81595.89
81597.89
81599.89
81601.89
81613.89
81617.89
81607.89
81611.89
81615.89
81609.89
81619.89
81626.47
81628.47
81630.47
81632.47
81634.47
81636.47
81638.47
81621.89
81623.89
81625.89
81627.89
81640.47
81642.47
81644.47
81646.47
81648.47
81650.47
81652.47
81654.47
81656.47
81658.47
81660.47
81676.47
81678.47
81670.47
81666.47
81672.47
81674.47
81668.47
81692.47
81680.47
81688.47
81696.47
81698.47
81682.47
81694.47
81690.47
81686.47
81684.47
81700.47
81748.24
81750.24
81752.24
81754.24
81756.24
81758.24
81760.24
81762.24
81764.24
81766.24
81768.24
81770.24
81772.24
81774.24
81776.24
81778.24
81780.24
81790.24
81798.24
81796.24
81792.24
81794.24
81786.24
81788.24
81817.28
81819.28
81816.24
81802.24
81806.24
81814.24
81818.24
81800.24
81804.24
81808.24
81810.24
81812.24
81821.28
81823.28
81825.28
81827.28
81829.28
81831.28
81833.28
81835.28
81837.28
81839.28
81847.28
81855.28
81853.28
81857.28
81851.28
81845.28
81849.28
81859.28
81865.28
81861.28
81863.28
81867.28
82088.22
82090.22
82092.22
82094.22
82096.22
82098.22
82100.22
82102.22
82104.22
82106.22
82108.22
82118.22
82114.22
82116.22
82122.22
82126.22
82130.22
82134.22
82120.22
82128.22
82124.22
82132.22
82269.5
82271.5
82273.5
82275.5
82277.5
82279.5
82281.5
82283.5
82285.5
82287.5
82289.5
82291.5
82293.5
82295.5
82297.5
82299.5
82301.5
82303.5
82305.5
82315.5
82319.5
82317.5
82313.5
82311.5
82333.5
82329.5
82335.5
82323.5
82321.5
82331.5
82339.5
82325.5
82327.5
82337.5
82350.63
82352.63
82354.63
82356.63
82358.63
82345.5
82343.5
82347.5
82341.5
82360.63
82362.63
82364.63
82366.63
82368.63
82369.53
82370.63
82371.53
82372.63
82373.53
82374.63
82375.53
82376.63
82377.53
82378.63
82379.53
82380.63
82381.53
82382.63
82383.53
82385.53
82387.53
82389.53
82391.53
82393.53
82395.53
82397.53
82399.53
82398.63
82390.63
82394.63
82392.63
82388.63
82396.63
82401.53
82403.53
82418.63
82402.63
82408.63
82414.63
82410.63
82415.53
82409.53
82416.63
82419.53
82412.63
82413.53
82417.53
82404.63
82411.53
82400.63
82406.63
82420.63
82429.53
82439.53
82421.53
82425.53
82431.53
82433.53
82427.53
82437.53
82435.53
82423.53
82441.53
82443.53
82654.25
82656.25
82658.25
82660.25
82662.25
82664.25
82666.25
82668.25
82670.25
82672.25
82674.25
82676.25
82678.25
82690.25
82694.25
82686.25
82684.25
82698.25
82696.25
82688.25
82692.25
82708.25
82706.25
82704.25
82700.25
82702.25
82879.2
82881.2
82883.2
82885.2
82887.2
82889.2
82891.2
82893.2
82895.2
82897.2
82899.2
82901.2
82903.2
82905.2
82907.2
82917.2
82915.2
82919.2
82913.2
82921.2
82935.2
82937.2
82931.2
82933.2
82925.2
82939.2
82923.2
82927.2
82929.2
82941.2
83070.58
83072.58
83074.58
83076.58
83078.58
83080.58
83082.58
83084.58
83086.58
83088.58
83098.58
83096.58
83094.58
83108.58
83100.58
83104.58
83106.58
83112.58
83110.58
83102.58
83179
83175
83176
83177
83172
83176
83178
83177
83178
83180
83174
83174
83173
83181
83183
83185
83187
83189
83191
83193
83195
83197
83199
83193
83186
83190
83194
83186
83194
83186
83194
83183
83188
83192
83194
83182
83183
83187
83184
83188
83186
83237.23
83239.23
83241.23
83243.23
83245.23
83247.23
83249.23
83251.23
83253.23
83255.23
83257.23
83259.23
83261.23
83263.23
83265.23
83267.23
83269.23
83271.23
83273.23
83279.23
83292.18
83294.18
83296.18
83298.18
83287.23
83293.23
83283.23
83291.23
83295.23
83281.23
83285.23
83297.23
83289.23
83299.23
83300.18
83302.18
83304.18
83306.18
83308.18
83310.18
83312.18
83314.18
83316.18
83318.18
83305.23
83303.23
83309.23
83315.23
83311.23
83301.23
83313.23
83307.23
83320.18
83322.18
83324.18
83326.18
83336.18
83332.18
83338.18
83334.18
83358.18
83346.18
83354.18
83342.18
83344.18
83348.18
83356.18
83352.18
83350.18
83340.18
83362.18
83364.18
83366.18
83360.18
83412.97
83414.97
83416.97
83418.97
83420.7
83420.97
83422.7
83422.97
83424.7
83424.97
83426.7
83426.97
83428.7
83428.97
83430.7
83430.97
83432.7
83432.97
83434.7
83436.7
83438.7
83438.97
83440.7
83442.7
83444.7
83446.7
83448.7
83450.7
83452.7
83454.7
83442.97
83446.97
83450.97
83440.97
83454.97
83458.97
83444.97
83452.97
83448.97
83456.97
83460.7
83464.7
83474.7
83478.7
83468.7
83472.7
83476.7
83470.7
83466.7
83462.7
83496.67
83498.67
83486.7
83488.7
83490.7
83484.7
83482.7
83494.7
83492.7
83480.7
83500.67
83502.67
83504.67
83506.67
83508.67
83510.67
83512.67
83514.67
83516.67
83518.67
83520.67
83522.67
83524.67
83526.67
83528.67
83530.67
83536.67
83538.67
83544.67
83558.67
83546.67
83540.67
83554.67
83548.67
83552.67
83556.67
83542.67
83550.67
83566.67
83570.67
83564.67
83568.67
83562.67
83560.67
83735.3
83729.3
83727.3
83733.3
83737.3
83731.3
83725.3
83739.3
83743.3
83747.3
83751.3
83741.3
83745.3
83749.3
83757.3
83755.3
83753.3
83811.64
83807.64
83813.64
83819.64
83809.64
83817.64
83815.64
83821.64
83837.64
83829.64
83827.64
83833.64
83831.64
83825.64
83835.64
83839.64
83823.64
83841.64
83902.24
83904.24
83906.24
83908.24
83910.24
83912.24
83914.24
83916.24
83918.24
83920.24
83922.24
83924.24
83926.24
83928.24
83930.24
83932.24
83934.24
83944.24
83956.24
83952.24
83954.24
83950.24
83958.24
83946.24
83948.24
83940.24
83942.24
83970.24
83960.24
83968.24
83972.24
83962.24
83964.24
83966.24
84080.99
84082.99
84084.99
84086.99
84088.99
84090.99
84092.99
84094.99
84096.99
84098.99
84084.73
84088.73
84094.73
84092.73
84086.73
84090.73
84096.73
84098.73
84100.99
84102.99
84106.73
84110.99
84114.73
84118.99
84108.73
84112.73
84116.73
84116.99
84110.73
84114.99
84100.73
84108.99
84112.99
84104.73
84102.73
84128.99
84124.99
84126.99
84120.99
84130.99
84122.99
84155.3
84157.3
84159.3
84161.3
84163.3
84165.3
84167.3
84169.3
84171.3
84173.3
84175.3
84177.3
84179.3
84181.3
84183.3
84185.3
84187.3
84195.3
84199.3
84197.3
84193.3
84203.3
84207.3
84213.3
84219.3
84215.3
84217.3
84209.3
84201.3
84205.3
84211.3
84225.3
84223.3
84221.3
84279.29
84295.29
84281.29
84299.29
84287.29
84293.29
84289.29
84283.29
84291.29
84285.29
84297.29
84303.29
84307.29
84309.29
84301.29
84305.29
84555.9
84557.9
84551.9
84559.9
84553.9
84563.9
84571.9
84567.9
84561.9
84565.9
84569.9
84737.72
84739.72
84741.72
84743.72
84745.72
84747.72
84749.72
84751.72
84753.72
84755.72
84757.72
84767.72
84771.72
84763.72
84775.72
84765.72
84779.72
84769.72
84777.72
84773.72
84783.72
84781.72
84957.89
84959.89
84961.89
84963.89
84965.89
84967.89
84969.89
84971.89
84973.89
84975.89
84977.89
84979.89
84981.89
84983.89
84985.89
84987.89
84989.89
84991.89
84997.89
84999.89
85011.89
85019.89
85007.89
85009.89
85001.89
85013.89
85003.89
85017.89
85015.89
85005.89
85023.89
85027.89
85029.89
85031.89
85025.89
85021.89
85045.7
85047.7
85049.7
85051.7
85053.7
85055.7
85057.7
85059.7
85061.7
85063.7
85065.7
85067.7
85069.7
85071.7
85073.7
85079.7
85083.7
85087.7
85097.7
85081.7
85099.7
85091.7
85085.7
85089.7
85093.7
85095.7
85119
85101.7
85107.7
85103.7
85105.7
85132.39
85134.39
85136.39
85138.39
85140.39
85142.39
85144.39
85146.39
85148.39
85150.39
85152.39
85154.39
85156.39
85158.39
85160.39
85162.39
85164.39
85166.39
85178.39
85172.39
85176.39
85174.39
85192.39
85184.39
85188.39
85194.39
85182.39
85196.39
85190.39
85180.39
85198.39
85186.39
85202.39
85204.39
85206.39
85200.39
85224
85401
85427.83
85437.83
85433.83
85435.83
85439.83
85429.83
85431.83
85443.83
85441.83
85445.83
85477
85557.91
85559.91
85561.91
85563.91
85565.91
85567.91
85569.91
85571.91
85573.91
85575.91
85595.91
85585.91
85583.91
85581.91
85587.91
85591.91
85593.91
85599.91
85597.91
85589.91
85628.25
85630.25
85632.25
85634.25
85636.25
85638.25
85640.25
85642.25
85644.25
85646.25
85648.25
85650.25
85652.25
85658.25
85664.25
85668.25
85660.25
85672.25
85678.25
85670.25
85674.25
85676.25
85662.25
85666.25
85682.25
85680.25
85709.45
85711.45
85713.45
85715.45
85717.45
85719.45
85721.45
85723.45
85725.45
85727.45
85729.45
85731.45
85733.45
85735.45
85737.45
85739.45
85741.45
85743.45
85749.45
85753.45
85757.45
85759.45
85755.45
85751.45
85763.45
85767.45
85775.45
85777.45
85761.45
85765.45
85779.45
85773.45
85771.45
85769.45
85783.45
85781.45
85818
85849
85850
85856
85848
85865
85874.94
85876.94
85878.94
85880.94
85882.94
85884.94
85886.94
85888.94
85890.94
85892.94
85894.94
85896.94
85898.94
85900.94
85902.94
85904.94
85906.94
85908.94
85910.94
85916.94
85918.94
85934
85935
85924.94
85930.94
85920.94
85928.94
85932.94
85922.94
85938.94
85934.94
85926.94
85936.94
85946
85959.97
85942.94
85940.94
85946.94
85952.94
85948.94
85950.94
85944.94
85961.97
85963.97
85965.97
85967.97
85969.97
85971.97
85973.97
85975.97
85977.97
85979.97
85981.97
85983.97
85985.97
85987.97
85989.97
85991.97
85993
85999.97
86000
85997.97
86001
86002
86006
86014
86015
86015
86014
86007.97
86011.97
86017.97
86003.97
86019.97
86013.97
86001.97
86005.97
86010
86009.97
86015.97
86029.97
86027.97
86023.97
86025.97
86021.97
86056.24
86058
86058.24
86052
86060.24
86061
86062.24
86062.47
86064.24
86064.47
86066.24
86066.47
86068.24
86068.47
86070.24
86070.47
86072.24
86072.47
86074.24
86074.47
86076.24
86076.47
86078.24
86078.47
86080.24
86080.47
86082.24
86082.47
86084.24
86086.24
86088.24
86094
86098.24
86092.47
86096.47
86088.47
86090
86090.47
86094.47
86094.24
86098.47
86096.24
86089
86115
86113.02
86110.24
86114.24
86109.02
86106.24
86108.24
86117.02
86104.24
86112.24
86119.02
86100.24
86102.24
86116.24
86100.47
86118.24
86104.47
86108.47
86102.47
86115.02
86111.02
86106.47
86132
86134
86137
86124.24
86137.02
86135.02
86122.24
86126.24
86129.02
86133.02
86127.02
86121.02
86139.02
86123
86129
86131.02
86123.02
86120.24
86125.02
86155
86157
86145.02
86141.02
86143.02
86174
86232
86273
86277
86279
86275
86295
86285
86291
86287
86293
86297
86281
86289
86283
86318
86310
86344.71
86346.71
86348.71
86350.71
86352.71
86354.71
86356.71
86358.71
86360.71
86362.71
86364.71
86366.71
86374.71
86378.71
86372.71
86376.71
86400
86392.71
86382.71
86388.71
86390.71
86380.71
86384.71
86394.71
86386.71
86406
86458.34
86460.34
86462.34
86464.34
86466.34
86468.34
86470.34
86472.34
86474.34
86476.34
86478.34
86480.34
86481
86482.34
86484.34
86486.34
86488.34
86490.34
86492.34
86495
86498.34
86520
86506.34
86508.34
86500.34
86502.34
86516.34
86510.34
86514.34
86518.34
86504.34
86512.34
86526
86533
86528.34
86532.34
86520.34
86526.34
86530.34
86524.34
86522.34
86550
86556
86564
86567
86574
86579
86579
86563
86580
86573
86587
86597
86597
86595
86609
86611
86622
86623.61
86625.61
86627.61
86629
86629.61
86631
86631.61
86633
86633.61
86635
86635.61
86637
86637.61
86638
86639
86639.61
86632
86640
86628
86638
86631
86640
86640
86640
86637
86638
86629
86627
86630
86628
86630
86632
86632
86640
86625
86629
86641
86641.61
86643
86643.61
86645
86645.61
86647
86647.61
86649
86649.61
86651
86651.61
86653
86653.61
86655
86655.61
86657
86657.61
86659
86659
86658
86642
86660
86648
86650
86648
86646
86660
86655
86648
86643
86646
86643
86655
86644
86641
86656
86644
86659
86650
86654
86660
86649
86656
86641
86646
86650
86660
86642
86647
86650
86661
86663
86665
86668
86693
86711
86707
86725
86757
86768
86788
86784
86785
86815
86822
86880
86876
86933
87008
87011
87012
87005
87025
87033
87044
87068
87063
87066
87108
87130
87138.57
87130.57
87136.57
87134.57
87132.57
87155
87146.57
87158.57
87148.57
87156.57
87150.57
87148
87152.57
87142.57
87140.57
87154.57
87144.57
87178
87162.57
87166.57
87160.57
87164.57
87202
87212.2
87214.2
87216.2
87218.2
87220.2
87222.2
87224.2
87226.2
87228.2
87230.2
87232.2
87234
87234.2
87236.2
87238.2
87226
87240.2
87250.2
87254.2
87248.2
87258.2
87252.2
87246.2
87256.2
87268.2
87274.2
87270.2
87264.2
87266.2
87272.2
87260.2
87262.2
87296
87300
87311
87314
87316
87307
87351.16
87353.16
87355.16
87356
87357.16
87359.16
87353
87361.16
87363.16
87365.16
87367.16
87369.16
87374
87375.16
87377.16
87379.16
87383
87387.22
87389.22
87391.22
87393.22
87395.22
87397.22
87399.22
87391.16
87385.16
87389.16
87381.16
87383.16
87387.16
87393.16
87401.22
87403.22
87405.22
87407.22
87412
87417.22
87413.22
87415.22
87419.22
87404
87422
87430
87437
87421.22
87423
87425.22
87427
87429.22
87433.22
87427.22
87423.22
87431.22
87441
87456
87454
87450
87461
87467
87476
87477
87474
87468
87504
87508.81
87510.81
87512.81
87514.81
87516.81
87506.81
87518.81
87503
87523
87526.81
87522.81
87524.81
87520.81
87550
87554
87569
87562
87599
87612
87647
87676
87678
87672
87667
87671
87687
87689
87682
87685
87710
87702
87705
87735
87762
87764.63
87766.63
87768.63
87770.63
87772.63
87774.63
87776.63
87778.63
87760
87775
87779
87780.63
87781
87782.63
87784.63
87786.63
87788.63
87790.63
87792.63
87794.63
87796.63
87810
87812.94
87814.94
87815
87816.94
87818.94
87812.63
87816.63
87804.63
87808.63
87818.63
87806.63
87802.63
87810.63
87814.63
87820.94
87822.94
87824.94
87826.94
87828.94
87830
87830.94
87832
87832.94
87834
87836
87838
87840
87830
87836
87834.63
87839
87826
87831
87832.63
87831
87823
87831
87822.63
87840
87828.63
87830
87824.63
87827
87825
87840
87830.63
87837
87833
87840
87829
87826.63
87835
87831
87834
87832
87831
87820.63
87829
87842
87844
87846
87848
87850
87860
87845
87843
87841
87842
87841
87856
87841
87845
87845
87846
87858
87847
87864
87870
87872
87874
87864
87866
87862
87876
87868
87895.24
87897.24
87899.24
87901.24
87903.24
87905.24
87907.24
87909.24
87911.24
87913.24
87915.24
87917.24
87919.24
87921.24
87923.24
87925.24
87927.24
87929.24
87935.24
87939.24
87937.24
87955.24
87941.24
87947.24
87951.24
87957.24
87945.24
87959.24
87953.24
87943.24
87949.24
87965.24
87967.24
87969.24
87963.24
87961.24
87998.2
88000.2
88002.2
88004.2
88006.2
88008.2
88010.2
88012.2
88014.2
88016.2
88018.2
88020.2
88022.2
88024.2
88026.2
88028.2
88030.2
88032.2
88045.25
88047.25
88049.25
88051.25
88053.25
88055.25
88057.25
88059.25
88061.25
88063.25
88073.25
88071.25
88069.25
88075.25
88079.25
88077.25
88083.25
88081.25
88087.25
88085.25
88115.68
88117.68
88119.68
88121.68
88123.68
88125.68
88127.68
88129.68
88131.68
88133.68
88135.68
88137.68
88139.68
88141.68
88143.68
88145.68
88147.68
88149.68
88151.68
88157.68
88159.68
88161.68
88177.68
88165.68
88167.68
88175.68
88169.68
88179.68
88171.68
88163.68
88173.68
88193.68
88185.68
88183.68
88189.68
88181.68
88187.68
88191.68
88210.24
88212.24
88214.24
88216.24
88218.24
88220.24
88222.24
88224.24
88226.24
88228.24
88230.24
88232.24
88234.24
88236.24
88238.24
88240.24
88242.24
88512.66
88514.66
88516.66
88518.66
88520.66
88522.66
88524.66
88526.66
88528.66
88530.66
88532.66
88534.66
88536.66
88538.66
88540.66
88542.66
88543.1
88544.66
88545.1
88546.66
88547.1
88548.66
88549.1
88551.1
88553.1
88555.1
88557.1
88559.1
88554.66
88558.66
88556.66
88561.1
88563.1
88565.1
88567.1
88569.1
88571.1
88573.1
88575.1
88577.1
88579.1
88562.66
88568.66
88578.66
88566.66
88570.66
88560.66
88576.66
88572.66
88564.66
88574.66
88587.1
88589.1
88597.1
88580.66
88584.66
88585.1
88595.1
88590.66
88593.1
88599.1
88586.66
88588.66
88582.66
88591.1
88602.25
88604.25
88606.25
88608.25
88608.42
88610.25
88610.42
88612.25
88612.42
88614.25
88614.42
88616.25
88616.42
88618.25
88618.42
88611.1
88607.1
88605.1
88614.45
88603.1
88616.45
88609.1
88618.45
88619.1
88617.1
88601.1
88615.1
88613.1
88620.25
88620.42
88622.25
88622.42
88624.25
88624.42
88626.25
88626.42
88628.42
88630.42
88638.42
88622.45
88638.25
88628.45
88626.45
88630.45
88620.45
88634.25
88621.1
88632.25
88638.45
88634.45
88632.45
88636.45
88636.42
88636.25
88624.45
88656.42
88656.25
88646.42
88642.25
88652.42
88654.42
88646.25
88654.25
88644.42
88644.45
88648.42
88640.45
88652.25
88642.42
88644.25
88648.25
88650.25
88658.42
88642.45
88640.42
88650.42
88646.45
88640.25
88711.97
88713.97
88715.97
88717.97
88719.97
88721.97
88723.97
88725.97
88727.97
88729.97
88731.97
88737.97
88739.97
88741.97
88745.97
88749.97
88753.97
88757.97
88743.97
88751.97
88747.97
88755.97
88996.24
88998.24
89018.24
89008.24
89012.24
89004.24
89014.24
89016.24
89002.24
89010.24
89000.24
89006.24
89038.3
89030.24
89022.24
89024.24
89028.24
89026.24
89020.24
89040.3
89040.44
89042.3
89042.44
89044.3
89044.44
89046.3
89046.44
89048.3
89048.44
89050.3
89050.44
89052.3
89052.44
89054.3
89054.44
89056.3
89056.44
89058.3
89058.44
89060.3
89060.44
89062.3
89062.44
89064.3
89064.44
89066.3
89066.44
89068.3
89070.3
89072.3
89078.3
89080.3
89096.3
89088.3
89090.3
89086.3
89094.3
89092.3
89084.3
89098.3
89082.3
89112.3
89110.3
89104.3
89108.3
89106.3
89102.3
89100.3
89298.5
89300.5
89302.5
89304.5
89306.5
89308.5
89310.5
89312.5
89314.5
89316.5
89338.5
89322.5
89332.5
89336.5
89328.5
89330.5
89334.5
89324.5
89326.5
89340.5
89378.7
89380.7
89382.7
89384.7
89386.7
89388.7
89390.7
89392.7
89394.7
89396.7
89398.7
89398.66
89394.66
89396.66
89400.7
89402.7
89404.7
89406.7
89420
89406.66
89419
89419
89418
89416.66
89416
89408.66
89416
89414.66
89413
89410.66
89415
89402.66
89417
89418.66
89400.66
89404.66
89417
89414
89412.66
89419
89422
89424
89426
89428
89430
89432
89434
89436
89438
89440
89426
89425
89435
89432
89424
89436
89424
89427
89435
89424
89426
89420.66
89427
89433
89438
89427
89423
89439
89438
89434
89423
89424
89428
89439
89431
89442
89444
89446
89448
89450
89452
89454
89446
89447
89460
89445
89442
89449
89447
89442
89452
89445
89449
89446
89447
89448
89468
89470
89462
89464
89478
89472
89476
89480
89466
89474
89490
89494
89482
89488
89492
89486
89484
89569.3
89571.3
89573.3
89575.3
89577.3
89579.3
89581.3
89583.3
89585.3
89587.3
89589.3
89591.3
89593.3
89595.3
89597.3
89599.3
89601.3
89617.3
89609.3
89613.3
89611.3
89607.3
89615.3
89619.3
89639.3
89637.3
89621.3
89627.3
89633.3
89629.3
89635.3
89631.3
89623.3
89625.3
89718.18
89708.18
89706.18
89716.18
89710.18
89714.18
89712.18
89720.18
89722.18
89724.18
90036.72
90038.72
90040.72
90042.72
90044.72
90046.72
90048.72
90050.72
90052.72
90054.72
90056.72
90164.35
90166.35
90168.35
90170.35
90172.35
90174.35
90176.35
90178.35
90180.35
90182.35
90184.35
90186.35
90188.35
90190.35
90192.35
90194.35
90196.35
90198.35
90200.35
90210.35
90206.35
90214.35
90216.35
90218.35
90212.35
90208.35
90234.35
90232.35
90237.9
90226.35
90238.35
90230.35
90224.35
90236.35
90235.9
90228.35
90220.35
90222.35
90239.9
90242.35
90243.9
90251.9
90249.9
90241.9
90247.9
90253.9
90245.9
90240.35
90313.91
90315.91
90317.91
90319.91
90321.91
90323.91
90325.91
90327.91
90329.91
90331.91
90333.91
90335.91
90337.91
90339.91
90341.91
90343.91
90345.91
90347.91
90349.91
90355.91
90359.91
90357.91
90363.91
90361.91
90371.91
90373.91
90375.91
90377.91
90367.91
90365.91
90379.91
90369.91
90383.91
90387.91
90381.91
90391.91
90385.91
90389.91
90532.58
90534.58
90536.58
90538.58
90540.58
90542.58
90544.58
90546.58
90548.58
90550.58
90558.58
90556.58
90570.58
90560.58
90562.58
90566.58
90568.58
90574.58
90572.58
90564.58
90658.1
90660.1
90662.1
90664.1
90666.1
90668.1
90670.1
90672.1
90674.1
90676.1
90678.1
90680.1
90682.1
90684.1
90686.1
90688.1
90690.1
90692.1
90841.59
90843.59
90845.59
90847.59
90849.59
90851.59
90853.59
90855.59
90857.59
90859.59
90861.59
90863.59
90865.59
90867.59
90869.59
90871.59
90872.14
90873.59
90874.14
90876.14
90878.14
90879.59
90880.14
90882.14
90884.14
90886.14
90888.14
90890.14
90892.14
90894.14
90887.59
90893.59
90891.59
90895.59
90885.59
90899.59
90881.59
90897.59
90883.59
90889.59
90902.14
90910.14
90916.14
90918.14
90903.59
90908.14
90909.59
90912.14
90905.59
90906.14
90901.59
90900.14
90907.59
90904.14
90914.14
90911.59
90920.14
90922.14
91055.88
91057.88
91059.88
91067.88
91073.88
91071.88
91063.88
91065.88
91077.88
91079.88
91069.88
91061.88
91075.88
91087.88
91081.88
91089.88
91085.88
91083.88
91150.37
91152.37
91154.37
91156.37
91158.37
91160.37
91162.37
91164.37
91166.37
91168.37
91170.37
91172.37
91174.37
91176.37
91178.37
91180.37
91182.37
91184.37
91186.37
91191
91192.37
91196.37
91194.37
91198.37
91218.37
91200.37
91206.37
91216.37
91204.37
91208.37
91214.37
91210.37
91202.37
91212.37
91236
91222.37
91228.37
91224.37
91226.37
91220.37
91245.83
91247.83
91249.83
91250
91251.83
91253.83
91255.83
91257.83
91259.83
91261.83
91263.83
91269.83
91279.83
91275.83
91277.83
91271.83
91273.83
91285.83
91283.83
91281.83
91287.83
91373.97
91375.97
91377.97
91379.97
91381.97
91383.97
91385.97
91387.97
91389.97
91391.97
91393.97
91395.97
91397.97
91399.97
91401.97
91403.97
91405.97
91413.97
91417.97
91415.97
91411.97
91419.97
91421.97
91425.97
91431.97
91437.97
91433.97
91439.97
91435.97
91427.97
91423.97
91429.97
91446
91443.97
91441.97
91510.63
91512.63
91514.63
91516.63
91518.63
91519
91520.63
91522.63
91524.63
91526.63
91528.63
91536.63
91534.63
91538.63
91546.63
91548.63
91550.63
91544.63
91552.63
91542.63
91540.63
91563.23
91565.23
91567.23
91569.23
91571.23
91573.23
91575.23
91576.25
91577.23
91578.25
91579.23
91580.25
91581.23
91582.25
91583.23
91584.25
91585.23
91586.25
91587.23
91588.25
91589.23
91590.25
91592.25
91594.25
91596.25
91598.25
91599.23
91595.23
91597.23
91600.25
91607.23
91617.23
91609.23
91615.23
91611.23
91603.23
91619.23
91601.23
91605.23
91613.23
91621.23
91715
91710
91711
91737
91741
91750
91792
91809
91855.3
91857.3
91859.3
91861.3
91863.3
91865.3
91867.3
91869.3
91871.3
91873.3
91875.3
91877.3
91879.3
91881.3
91883.3
91885.3
91887.3
91898
91897.3
91895.3
91899.3
91893.3
91913
91911.3
91903.3
91915.3
91919.3
91909.3
91913.3
91901.3
91905.3
91917.3
91907.3
91925.3
91923.3
91921.3
91951.9
91953.9
91955.9
91957.9
91958
91959.9
91961.9
91963.9
91965.9
91967.9
91969.9
91971.9
91978.88
91977.9
91979.9
91976.88
91994.88
91989.9
91981.9
91986.88
91997.9
91983.9
91996.88
91993.9
91992.88
91982.88
91987.9
91988.88
91990.88
91991.9
91995.9
91985.9
91984.88
91980.88
91998.88
92004.88
92006.88
92000.88
92008.88
92012.88
92010.88
92002.88
92023
92049.67
92051.67
92053.67
92055.67
92057.67
92059.67
92061.67
92063.67
92065.67
92067.67
92069.67
92071.67
92073.67
92079.67
92091.67
92097.67
92093.67
92099.67
92087.67
92083.67
92095.67
92085.67
92081.67
92089.67
92101.67
92103.67
92168
92194
92198
92213.02
92215.02
92217.02
92219.02
92221.02
92223.02
92225.02
92227.02
92229.02
92231.02
92233.02
92235.02
92237.02
92239.02
92241.02
92243.02
92245.02
92247.02
92249.02
92250
92259.02
92255.02
92244
92257.02
92276
92275.02
92263.02
92265.02
92279.02
92273.02
92267.02
92277.02
92269.02
92261.02
92271.02
92291.02
92283.02
92281.02
92287.02
92285.02
92289.02
92305.88
92307.88
92309.88
92311.88
92313.88
92314
92315.88
92317.88
92319.88
92321.88
92323.88
92325.88
92327.88
92329.88
92331.88
92333.88
92335.88
92337.88
92339.88
92357.88
92345.88
92353.88
92347.88
92355.88
92349.88
92359.88
92351.88
92377.88
92371.88
92363.88
92379.88
92361.88
92375.88
92367.88
92373.88
92369.88
92365.88
92381.67
92383.67
92385.67
92387.67
92389.67
92391.67
92393.67
92395.67
92397.67
92399.67
92401.67
92403.67
92405.67
92407.67
92409.67
92411.67
92413.67
92415.67
92429.67
92421.67
92431.67
92423.67
92425.67
92439.67
92433.67
92437.67
92427.67
92435.67
92451.67
92455.67
92443.67
92449.67
92453.67
92447.67
92445.67
92441.67
92484
92535
92533
92528
92546
92592
92606.24
92608.24
92610.24
92612.24
92614.24
92616.24
92618.24
92620.24
92622.24
92624.24
92626.24
92628.24
92630.24
92632.24
92634.24
92636.24
92638.24
92640.24
92646.24
92658.24
92654.24
92648.24
92652.24
92650.24
92656.24
92668.24
92662.24
92672.24
92674.24
92678.24
92664.24
92666.24
92676.24
92660.24
92670.24
92680.24
92716
92817
92939.67
92949.67
92941.67
92957.67
92951.67
92943.67
92953.67
92947.67
92945.67
92955.67
92982
93019.91
93021.91
93023.91
93025.91
93027.91
93029.91
93031.91
93033.91
93035.91
93037.91
93057.91
93047.91
93045.91
93043.91
93049.91
93053.91
93055.91
93059.91
93051.91
93061.91
93106.73
93108.73
93109
93110.73
93112.73
93114.73
93116.73
93118.73
93120.73
93122.73
93124.73
93126.73
93127
93128.73
93130.73
93132.73
93134.73
93135.85
93136.73
93137.85
93138.73
93139.85
93141.85
93143.85
93145.85
93146
93147.85
93149.85
93151.85
93153.85
93155.85
93157.85
93152.73
93158.73
93156.73
93150.73
93144.73
93146.73
93148.73
93141
93154.73
93178.63
93165.85
93173.85
93160.73
93179.85
93168.73
93171.85
93164.73
93174.73
93175.85
93170.73
93169.85
93162.73
93166.73
93163.85
93172.73
93167.85
93177.85
93176.73
93180.63
93182.63
93184.63
93186.63
93188.63
93190.63
93192.63
93193.16
93194.63
93195.16
93196.63
93197.16
93198.63
93199.16
93183.85
93181.85
93185.85
93200.63
93201.16
93202.63
93203.16
93204.63
93205.16
93206.63
93207.16
93208.63
93209.16
93210.63
93211.16
93217.16
93218.63
93216.63
93219.16
93233.16
93226.63
93230.63
93236.63
93227.16
93231.16
93223.16
93222.63
93225.16
93238.63
93229.16
93235.16
93232.63
93220.63
93224.63
93228.63
93234.63
93221.16
93248.63
93246.63
93242.63
93244.63
93240.63
93339.07
93341.07
93343.07
93345.07
93347.07
93349.07
93351.07
93353.07
93355.07
93357.07
93375.07
93365.07
93377.07
93363.07
93379.07
93373.07
93367.07
93371.07
93369.07
93381.07
93539.24
93541.24
93543.24
93545.24
93547.24
93549.24
93551.24
93553.24
93555.24
93557.24
93559.24
93561.24
93563.24
93565.24
93567.24
93569.24
93571.24
93573.24
93575.24
93595.88
93597.88
93599.88
93589.24
93581.24
93587.24
93585.24
93597.24
93599.24
93593.24
93591.24
93583.24
93595.24
93601.88
93603.88
93605.88
93607.88
93609.88
93611.88
93613.88
93615.88
93617.88
93619.88
93609.24
93613.24
93607.24
93601.24
93603.24
93617.24
93611.24
93615.24
93605.24
93621.88
93623.88
93625.88
93627.88
93629.88
93635.88
93637.88
93639.88
93647.88
93653.88
93651.88
93643.88
93645.88
93657.88
93659.88
93649.88
93641.88
93655.88
93667.88
93661.88
93669.88
93665.88
93663.88
93763.8
93765.8
93767.8
93769.8
93771.8
93773.8
93775.8
93777.8
93779.8
93781.8
93783.8
93785.8
93787.8
93788.09
93789.8
93790.09
93792.09
93794.09
93796.09
93798.09
93799.8
93795.8
93797.8
93800.09
93802.09
93804.09
93806.09
93808.09
93810.09
93812.09
93814.09
93816.09
93818.09
93807.8
93817.8
93809.8
93815.8
93811.8
93803.8
93819.8
93801.8
93805.8
93813.8
93820.09
93822.09
93824.09
93838.09
93830.09
93821.8
93834.09
93832.09
93836.09
93856.09
93844.09
93854.09
93842.09
93846.09
93852.09
93848.09
93858.09
93840.09
93850.09
93860.09
93866.09
93862.09
93864.09
94149
94168.56
94170.56
94172.56
94174.56
94176.56
94178.56
94174.49
94172.49
94170.49
94178.49
94176.49
94168.49
94164.49
94166.49
94180.56
94182.56
94184.56
94186.56
94194.56
94192.56
94196.56
94186.49
94180.49
94184.49
94182.49
94198.56
94202.56
94210.56
94204.56
94206.56
94200.56
94208.56
94261.68
94263.68
94265.68
94267.68
94269.68
94271.68
94273.68
94275.68
94277.68
94279.68
94281.68
94283.68
94285.68
94287.68
94289.68
94291.68
94293.68
94295.68
94297.68
94307.68
94303.68
94311.68
94313.68
94315.68
94317.68
94309.68
94305.68
94319.68
94339.68
94331.68
94329.68
94323.68
94335.68
94327.68
94321.68
94333.68
94325.68
94337.68
94497
94553
94613
94737
94740
94742
94786
94824.73
94826.73
94828.73
94830.73
94832.73
94834.73
94836.73
94838.73
94840.73
94842.73
94844.73
94846.73
94848.73
94850.73
94852.73
94854.73
94856.73
94865.9
94867.9
94869.9
94871.9
94873.9
94875.9
94877.9
94879.9
94881.9
94883.9
94885.88
94887.88
94889.88
94891.88
94892
94893.88
94895.88
94897.88
94899.88
94897.9
94888
94891.9
94898
94894
94895.9
94889.9
94899
94899.9
94893.9
94888
94901.88
94903
94903.88
94905.88
94907.88
94909.88
94911.88
94913.88
94915.88
94917.88
94919.88
94905.9
94903.9
94901.9
94907.9
94936
94937.88
94925.88
94933.88
94927.88
94935.88
94929.88
94939.88
94931.88
94957.88
94951.88
94943.88
94959.88
94941.88
94955.88
94947.88
94953.88
94949.88
94945.88
94973
94971
94981
94983.3
94985.3
94987.3
94988
94989.3
94991.3
94993.3
94995.3
94997.3
94999
94999.3
94997
94993
94994
95001.3
95003.3
95005.3
95007.3
95009.3
95011.3
95013.3
95015.3
95024
95043
95069.29
95071.29
95073.29
95075.29
95077.29
95079.29
95081.29
95083.29
95085.29
95087.29
95089.29
95091.29
95093.29
95095.29
95097.29
95098
95099.29
95104
95121
95140.5
95142.5
95143
95144.5
95146.5
95148
95148.5
95150.5
95152.5
95153
95154.5
95156.5
95158.5
95167.51
95169.51
95171.51
95173.51
95175.51
95177.51
95179.51
95164.5
95174.5
95178.5
95170.5
95172.5
95176.5
95166.5
95168.5
95181.51
95183.51
95185.51
95180.5
95193.51
95191.51
95182.5
95195.51
95199.51
95197.51
95207
95217
95203.51
95205.51
95207.51
95201.51
95202
95209.51
95222
95335
95343.34
95345.34
95347.34
95349.34
95351.34
95353.34
95355.34
95357.34
95359.34
95361.34
95363.34
95365.34
95367.34
95369.34
95371.34
95371.87
95373.34
95373.87
95375.34
95375.87
95377.34
95377.87
95379
95379.87
95373.66
95371.66
95379.66
95377.66
95375.66
95381.87
95383.87
95385.87
95387.87
95389.87
95391.87
95393
95393.87
95395.87
95397.87
95399.57
95399.87
95385.66
95387.66
95391.34
95392
95383.34
95393.34
95385.34
95387.34
95383.66
95393.66
95381.66
95387
95395.34
95389.66
95399.34
95391.66
95389.34
95397.34
95401.57
95401.87
95403.57
95403.87
95405.57
95407.57
95409.57
95411.57
95413.57
95415.57
95417.57
95419.57
95417.87
95413.34
95417.34
95415.87
95405.34
95409.87
95411.34
95415.34
95411.87
95401.34
95409.34
95413.87
95407.34
95419.87
95403.34
95421.45
95421.57
95423
95423.45
95425.45
95427.45
95428
95429.45
95431.45
95433.45
95435.45
95437.45
95439.45
95423.87
95421.87
95425.87
95433.87
95429.87
95439.87
95435.87
95427.87
95431.87
95437.87
95455.45
95447.45
95445.45
95457.45
95449.45
95459.45
95453.45
95441.87
95451.45
95469
95463.45
95461.45
95497
95507.25
95509.25
95511.25
95513.25
95515.25
95517.25
95519.25
95521.25
95523.25
95525.25
95529
95541
95560
95569
95567
95563
95567
95589
95632
95632
95633
95642
95648
95660
95641
95661
95681
95699
95703
95710
95707
95720.21
95722.21
95723
95724.21
95726.21
95728.21
95730.21
95732.21
95734
95734.21
95736.21
95738.21
95738
95740.21
95742.21
95744
95746
95758.21
95756.21
95754.21
95752.21
95748.21
95750.21
95774.38
95776.38
95778.38
95762.21
95760.21
95770.21
95764.21
95768.21
95766.21
95780.38
95782.38
95784.38
95786.38
95788.38
95790.38
95792.38
95794.38
95796.38
95797
95798.38
95799
95795
95795
95800.38
95801
95802.38
95804.38
95806.38
95808.38
95810.38
95818.38
95816.38
95834.38
95826.38
95836.38
95832.38
95822.38
95828.38
95830.38
95824.38
95820.38
95838.38
95844.38
95846.38
95840.38
95848.38
95852.38
95850.38
95842.38
95896
95917
95943
95964.37
95966.37
95968
95968.37
95970.37
95972.37
95974.37
95976.37
95978.37
95980.37
95982.37
95984.37
95985
95986.37
95988.37
95990.37
95992
95996.37
95998.37
96003
96006
96008.37
96018.37
96010.37
96016.37
96000.37
96012.37
96004.37
96002.37
96006.37
96014.37
96022.37
96020.37
96055
96054
96053
96049
96049
96075
96079
96085
96096
96119
96142
96142
96165
96167
96175.88
96177.88
96179.88
96178.32
96174.32
96166.32
96162.32
96164.32
96172.32
96170.32
96168.32
96176.32
96181.88
96183.88
96184
96185.88
96187.88
96189.88
96191.88
96193.88
96195.88
96197.88
96199.88
96194.32
96190.32
96192.32
96196.32
96186.32
96180.32
96184.32
96188.32
96182.32
96198.32
96201.88
96203.88
96205.88
96207.88
96209.88
96215.88
96217.88
96219.88
96227.88
96233.88
96231.88
96223.88
96225.88
96237.88
96239.88
96229.88
96221.88
96235.88
96251
96251
96256.24
96258.24
96247.88
96241.88
96249.88
96245.88
96243.88
96260.24
96262.24
96264.24
96266.24
96268.24
96270.24
96272
96272.24
96274.24
96276.24
96277
96278.24
96280.24
96282
96282.24
96284.24
96285
96286
96286.24
96288.24
96290.24
96296.24
96281
96298.24
96309
96310.35
96312.35
96314.35
96316.35
96318.35
96318.24
96308.24
96312.24
96304.24
96301
96314.24
96316.24
96302.24
96310.24
96300.24
96306.24
96320.35
96322.35
96324.35
96326.35
96328.35
96330.35
96332.35
96334.35
96336.35
96338.35
96339
96330.24
96322.24
96324.24
96336
96328.24
96335
96326.24
96320.24
96340.35
96342.35
96344.35
96346.35
96350
96356.35
96345
96352.35
96349
96358.35
96354.35
96372.66
96374.66
96375
96376.66
96378.66
96378.35
96372.35
96360.35
96362.35
96376.35
96370.35
96364.35
96374.35
96366.35
96368.35
96380.66
96382.66
96384.66
96386.66
96388.66
96390.66
96392.66
96394.66
96388.35
96380.35
96384.35
96382.35
96386.35
96402
96420
96414.66
96416.66
96402.66
96400.66
96408.66
96406.66
96412.66
96410.66
96418.66
96404.66
96425.8
96427.8
96429.8
96431.8
96433.8
96435.8
96437.8
96439.8
96422.66
96420.66
96441.8
96443
96443.8
96445.8
96447.8
96449.8
96451.8
96453.8
96455.8
96456
96457.8
96459.8
96461.8
96462
96464
96472
96484
96488
96498
96517
96519
96512
96513
96516
96522
96536
96539
96535
96533
96535
96580
96600
96621
96625
96638
96644
96649
96674
96674.34
96676.34
96678.34
96680.34
96682.34
96684.34
96686.34
96688.34
96690.34
96692.34
96698.34
96708.34
96700.34
96716.34
96710.34
96702.34
96712.34
96706.34
96704.34
96714.34
96764.57
96766.57
96768.57
96770.57
96772.57
96774.57
96775
96776.57
96778.57
96780.57
96782.57
96784.57
96786.57
96788.57
96790.57
96792.57
96794.57
96796.57
96798.57
96800.57
96814.57
96806.57
96812.57
96810.57
96818.57
96816.57
96808.57
96829
96822.57
96834.57
96824.57
96838.57
96832.57
96826.57
96828.57
96836.57
96830.57
96820.57
96842.57
96840.57
96871.23
96873.23
96867.23
96875.23
96879.23
96877.23
96865.23
96869.23
96889.23
96895.23
96887.23
96881.23
96883.23
96891.23
96893.23
96897.23
96899.23
96885.23
96901.23
96937
96956
96973
96987
96995.96
96997.96
96999.96
97001.96
97003.96
97005.96
97007.96
97009.96
97011.96
97013.96
97019.96
97031.96
97021.96
97033.96
97035.96
97029.96
97037.96
97023.96
97027.96
97025.96
97068
97087.83
97089.83
97091.83
97093.83
97095.83
97097.83
97099.83
97092.58
97090.58
97088.58
97098.58
97096.58
97094.58
97100
97101.83
97103.83
97105.83
97108
97119
97106.58
97108.58
97110.58
97104.58
97102.58
97100.58
97249
97303.92
97304
97305.92
97307.92
97309.92
97311.92
97313.92
97315.92
97317.92
97319.92
97321.92
97323.92
97325.92
97331
97336
97339.92
97337.92
97335.92
97331.92
97333.92
97345
97356
97341.92
97345.92
97343.92
97353.92
97347.92
97351.92
97349.92
97390
97401.66
97403.66
97405.66
97407.66
97409.66
97411.66
97413.66
97415.66
97417.66
97419.66
97421.66
97423.66
97431.66
97429.66
97437.66
97435.66
97439.66
97433.66
97450
97443.66
97445.66
97441.66
97451.66
97447.66
97449.66
97465.88
97467.88
97469.88
97471.88
97473.88
97475.88
97477.88
97479.88
97476.62
97478.62
97472.62
97474.62
97481.88
97483.88
97485.88
97487.88
97489.88
97491.88
97492
97493.88
97495.88
97497.88
97499.88
97480.62
97494.62
97488.62
97498.62
97486.62
97482.62
97490.62
97484.62
97496.62
97492.62
97517.88
97505.88
97513.88
97507.88
97515.88
97500.62
97509.88
97502.62
97519.88
97504.62
97511.88
97537.88
97531.88
97523.88
97539.88
97521.88
97535.88
97527.88
97533.88
97529.88
97525.88
97550
97586
97595
97597.64
97599.64
97600
97580
97601.64
97603.64
97605.64
97607.64
97609.64
97611.64
97613.64
97615.64
97617.64
97619.64
97620
97620
97621
97621.64
97622
97623.64
97625.64
97627.64
97629.64
97631.64
97637.02
97639.02
97640
97641.02
97643.02
97644
97645.02
97647.02
97649.02
97651.02
97653.02
97655.02
97657.02
97659.02
97661.02
97663.02
97665.02
97667
97667.02
97669.02
97680
97665
97675.02
97677.02
97679.02
97699
97683.02
97689.02
97687.02
97691.02
97681.02
97699.02
97695.02
97693.02
97697.02
97685.02
97709
97713
97704
97704
97705.02
97701.02
97703.02
97707.02
97720.32
97722
97722.32
97723
97724.32
97726.32
97727
97728.32
97729
97730.32
97732.32
97734.32
97736.32
97738.32
97723
97726
97726
97721
97740.32
97742.32
97744
97744.32
97746.32
97748.32
97750.32
97752.32
97754.32
97756
97756.32
97773
97778.32
97774.32
97766.32
97762.32
97764.32
97772.32
97770.32
97768.32
97776.32
97794.32
97790.32
97792.32
97796.32
97786.32
97780.32
97784.32
97788.32
97782.32
97798.32
97814
97837
97842
97856
97856.33
97858
97858.33
97860
97852
97857
97855
97850
97860
97858
97860
97851
97860
97860
97855
97856
97859
97860.33
97862
97862.33
97864
97864.33
97866
97866.33
97868
97868.33
97870
97870.33
97872
97872.33
97874
97874.33
97876
97876.33
97878.33
97870
97862
97865
97862
97873
97866
97871
97863
97865
97866
97868
97861
97871
97867
97863
97874
97865
97880.33
97886
97896
97898
97900
97898.33
97882
97890
97892
97894.33
97886.33
97888
97890.33
97884
97892.33
97894
97888.33
97896.33
97911
97903
97908.33
97904.33
97900.33
97906.33
97910.33
97902
97902.33
97927.23
97929.23
97931.23
97933.23
97935.23
97937.23
97939.23
97941.23
97943.23
97945.23
97951
97953.23
97951.23
97955.23
97959.23
97957.23
97969
97961.23
97969.23
97963.23
97967
97965.23
97967.23
98045
98044
98151
98159
98164.95
98166.95
98167
98168.95
98170.95
98172.95
98174.95
98176.95
98178.95
98180.95
98182.95
98184.95
98186.95
98188.95
98190.95
98196.95
98198.95
98217
98208.95
98218.95
98210.95
98216.95
98200.95
98212.95
98204.95
98202.95
98206.95
98214.95
98222.95
98220.95
98300
98300
98296
98305
98307
98309
98311
98313
98315
98317
98319
98316
98312
98308
98312
98312
98302
98314
98312
98306
98304
98311
98304
98314
98301
98303
98303
98304
98312
98312
98306
98304
98303
98316
98309
98318
98310
98304
98304
98318
98312
98310
98302
98313
98317
98308
98321
98323
98325
98327
98329
98331
98331
98333
98335
98337
98339
98330
98332
98323
98323
98328
98326
98324
98324
98324
98330
98323
98323
98327
98324
98322
98322
98334
98359.02
98361.02
98363.02
98365.02
98367.02
98369
98369.02
98371.02
98373.02
98375.02
98377.02
98379.02
98381.02
98383.02
98385.02
98387.02
98389.02
98391.02
98393.02
98395.02
98425
98430.66
98432.66
98434.66
98436.66
98438.66
98421
98424
98423
98440.66
98442.66
98444.66
98446.66
98448.66
98450.66
98452.66
98458.66
98472.66
98474.66
98460.66
98466.66
98464.66
98470.66
98468.66
98476.66
98462.66
98478.66
98480.66
98520.78
98522.78
98524.78
98526.78
98528.78
98530.78
98532.78
98534.78
98536.78
98538.78
98540.78
98542.78
98544.78
98546.78
98547
98548.78
98550.78
98552.78
98554.78
98556.78
98568.78
98570.78
98564.78
98572.78
98576.78
98578.78
98574.78
98562.78
98566.78
98585.1
98587.1
98589.1
98591.1
98593.1
98595.1
98597.1
98599.1
98586.78
98592.78
98598.78
98584.78
98580.78
98588.78
98590.78
98594.78
98596.78
98582.78
98601.1
98603.1
98605.1
98607.1
98609.1
98611.1
98613.1
98615.1
98617.1
98619.1
98621.1
98629.1
98631.1
98639.1
98627.1
98637.1
98635.1
98633.1
98660
98653.1
98649.1
98647.1
98645.1
98641.1
98651.1
98659.1
98643.1
98657.1
98655.1
98663.1
98661.1
98684
98735
98733
98741
98755.88
98757.88
98759.88
98761.88
98763.88
98765.88
98767
98767.88
98769.88
98771.88
98773.88
98775.88
98777.88
98779.88
98762
98781.88
98783.88
98785.88
98787.88
98789.88
98800
98795.88
98797.88
98799.88
98810
98807.88
98813.88
98811.88
98803.88
98805.88
98817.88
98819.88
98809.88
98801.88
98815.88
98821
98824.4
98826.4
98828.4
98830.4
98832.4
98834.4
98836.4
98838.4
98827.88
98821.88
98829.88
98825.88
98823.88
98840.4
98842.4
98850
98850.4
98848.4
98844
98858.4
98852.4
98856.4
98854.4
98860.4
98862.4
98864.4
98866.4
98887.64
98889.64
98891.64
98893.64
98895.64
98897.64
98899.64
98901.64
98903.64
98905.64
98907.64
98909.64
98920
98919.64
98915.64
98917.64
98923
98930
98925.64
98923.64
98921.64
98929.64
98927.64
98937.64
98931.64
98935.64
98933.64
98948
98946
98944
98971
98981.51
98983.51
98984
98985.51
98987.51
98989.51
98991.51
98993.51
98995.51
98997.51
98999.51
99001.51
99003.51
99005.51
99007.51
99009.51
99011.51
99013.51
99019.51
99025
99023.51
99027.51
99025.51
99035.51
99033.51
99029.51
99037.51
99031.51
99021.51
99039.51
99041.51
99045.51
99047.51
99049.51
99043.51
99051.51
99065
99066
99078.3
99062
99080.3
99082.3
99084.3
99086.3
99088.3
99090.3
99092.3
99094.3
99096.3
99098.3
99100.3
99102.3
99104.3
99106.3
99108.3
99110.3
99112.3
99118.3
99120.3
99136.3
99128.3
99130.3
99126.3
99134.3
99132.3
99124.3
99138.3
99122.3
99152.3
99150.3
99144.3
99148.3
99146.3
99142.3
99140.3
99180.12
99182.12
99184.12
99186.12
99188.12
99190
99190.12
99192.12
99194.12
99196.12
99198.12
99182
99184
99203
99214.12
99206.12
99204.12
99216.12
99208.12
99218.12
99212.12
99210.12
99224
99231.54
99222.12
99235.54
99239.54
99233.54
99237.54
99220.12
99249
99245
99247.54
99245.54
99249.54
99253.54
99257.54
99259.54
99255.54
99251.54
99243.54
99241.54
99276
99270
99315
99320.32
99322.32
99324.32
99326.32
99328.32
99330.32
99332.32
99334.32
99336.32
99338.32
99340.32
99342.32
99344.32
99346.32
99347
99348.32
99350.32
99352.32
99354.32
99356.32
99343
99377.9
99379
99379.9
99378.32
99374.32
99366.32
99362.32
99364.32
99372.32
99370.32
99368.32
99376.32
99381.9
99383.9
99385.9
99387.9
99389.9
99391.9
99393.9
99395.9
99396
99397.9
99394.32
99390.32
99392.32
99396.32
99386.32
99380.32
99384.32
99388.32
99382.32
99398.32
99459.66
99461.66
99463.66
99465.66
99467.66
99469.66
99471.66
99473.66
99475.66
99477.66
99479.66
99481.66
99489.66
99487.66
99495.66
99493.66
99499.66
99497.66
99491.66
99519.9
99501.66
99503.66
99509.66
99505.66
99507.66
99521.9
99523.9
99525.9
99527.9
99529.9
99531.9
99533.9
99535.9
99537.9
99551.9
99559.9
99557.9
99545.9
99549.9
99555.9
99543.9
99553.9
99547.9
99561.9
99613.88
99615.88
99617.88
99619.88
99621.88
99623.88
99625.88
99627.88
99629.88
99631.88
99633.88
99635.88
99637.88
99639.88
99641.88
99643.88
99645.88
99647.88
99649.88
99657.88
99655.88
99659.88
99673.88
99677.03
99665.88
99679.88
99675.88
99671.88
99661.88
99667.88
99669.88
99679.03
99663.88
99677.88
99693.03
99683.88
99685.03
99685.88
99687.88
99687.03
99683.03
99699.03
99691.88
99681.03
99697.03
99689.88
99695.03
99691.03
99689.03
99681.88
99707.03
99701.03
99705.03
99709.03
99703.03
99734.84
99738.84
99736.84
99732.84
99730.84
99740.84
99750.84
99742.84
99746.84
99756.84
99754.84
99752.84
99744.84
99748.84
99898
99902.16
99904.16
99906.16
99906.24
99908.16
99908.24
99910.16
99910.24
99912.16
99912.24
99914.16
99914.24
99916.16
99916.24
99918.16
99918.24
99920.16
99920.24
99922.16
99922.24
99924.16
99924.24
99926.16
99926.24
99928.16
99928.24
99930.16
99930.24
99932.16
99932.24
99934.16
99934.24
99936.24
99938.24
99940.24
99948.16
99954.16
99952.16
99956.16
99946.16
99940.16
99942.16
99958.16
99944.16
99950.16
99964.16
99960.16
99970.16
99966.16
99962.16
99968.16
99972.16
99989.91
99991.91
99993.91
99995.91
99997.91
99999.91
100001.91
100003.91
100005.91
100007.91
100009.91
100011.91
100013.91
100015.91
100017.91
100019.91
100021.91
100023.3
100023.91
100025.3
100025.91
100027.3
100029.3
100031.3
100033.3
100035.3
100037.3
100039.3
100039.91
100031.91
100037.91
100035.91
100033.91
100041.3
100043.3
100045.3
100045.88
100047.3
100047.88
100049.3
100049.88
100051.3
100051.88
100053.3
100053.88
100055.3
100055.88
100057.88
100059.88
100047.91
100059.91
100049.91
100057.91
100051.91
100053.91
100043.91
100041.91
100055.91
100045.91
100061.88
100063.88
100065.88
100067.88
100069.88
100071.88
100073.88
100075.88
100077.88
100079.88
100063.91
100067.91
100061.91
100065.91
100097.88
100085.88
100093.88
100087.88
100095.88
100089.88
100099.88
100091.88
100117.88
100111.88
100103.88
100119.88
100101.88
100115.88
100107.88
100113.88
100109.88
100105.88
100167
100218.34
100220.34
100222.34
100224.34
100226.34
100228.34
100230.34
100232.34
100234.34
100236.34
100238.34
100240.34
100242.34
100244.34
100246.34
100248.34
100250.34
100252.34
100254.34
100266.34
100268.34
100262.34
100270.34
100274.34
100276.34
100278.34
100272.34
100260.34
100264.34
100284.34
100290.34
100296.34
100282.34
100286.34
100288.34
100292.34
100294.34
100280.34
100365.52
100367.52
100369.52
100371.52
100373.52
100375.52
100377.52
100379.52
100381.52
100383.52
100385.52
100387.52
100389.52
100391.52
100397.52
100399.52
100409.52
100419.52
100411.52
100417.52
100401.52
100413.52
100405.52
100403.52
100407.52
100415.52
100433.01
100435.01
100437.01
100439.01
100423.52
100421.52
100441.01
100443.01
100445.01
100447.01
100449.01
100451.01
100459.01
100457.01
100471.35
100473.35
100475.35
100477.35
100479.35
100467.01
100475.01
100469.01
100461.01
100471.01
100465.01
100463.01
100473.01
100481.35
100483.35
100485.35
100487.35
100488.66
100489.35
100490.66
100491.35
100492.66
100493.35
100494.66
100496.66
100498.66
100499.35
100500.66
100502.66
100504.66
100506.66
100508.66
100510.66
100509.35
100518.66
100516.66
100507.35
100505.35
100513.35
100511.35
100515.35
100503.35
100519.35
100501.35
100517.35
100528.4
100530.4
100532.4
100534.4
100536.4
100538.4
100530.66
100532.66
100524.66
100522.66
100521.35
100528.66
100538.66
100526.66
100534.66
100520.66
100536.66
100540.4
100542.4
100544.4
100546.4
100548.4
100550.4
100552.4
100554.4
100556.4
100558.4
100560.4
100570.4
100574.4
100572.4
100576.4
100566.4
100578.4
100568.4
100588.4
100582.4
100592.4
100580.4
100584.4
100594.4
100596.4
100590.4
100598.4
100586.4
100652.85
100654.85
100656.85
100658.85
100660.85
100662.85
100664.85
100666.85
100668.85
100670.85
100678.85
100676.85
100688.85
100690.85
100692.85
100686.85
100694.85
100680.85
100684.85
100682.85
100714.04
100716.04
100718.04
100720.04
100722.04
100724.04
100726.04
100728.04
100730.04
100732.04
100734.04
100736.04
100738.04
100740.04
100742.04
100748.04
100752.04
100756.04
100750.04
100758.04
100754.04
100764.04
100762.04
100766.04
100770.04
100774.04
100776.04
100772.04
100768.04
100760.04
100920.32
100922.32
100924.32
100926.32
100928.32
100930.32
100932.32
100934.32
100936.32
100938.32
100940.32
100942.32
100944.32
100946.32
100948.32
100950.32
100952.32
100954.32
100956.32
100978.32
100974.32
100966.32
100962.32
100964.32
100972.32
100970.32
100968.32
100976.32
100994.32
100990.32
100992.32
100996.32
100986.32
100980.32
100984.32
100988.32
100982.32
100998.32
101223
101335.88
101337.88
101339.88
101341.88
101343.88
101345.88
101347.88
101349.88
101351.88
101353.88
101355.88
101357.88
101359.88
101361.88
101363.88
101365.88
101367.88
101369.88
101517.66
101519.66
101521.66
101523.66
101525.66
101527.66
101529.66
101531.66
101533.66
101535.66
101537.66
101539.66
101559.66
101547.66
101545.66
101553.66
101551.66
101557.66
101555.66
101549.66
101570
101561.66
101567.66
101563.66
101565.66
101685.89
101687.89
101689.89
101691.89
101693.89
101695.89
101697.89
101699.89
101701.89
101703.89
101719.89
101711.89
101709.89
101713.89
101717.89
101715.89
101727.89
101721.89
101723.89
101725.89
101915.89
101917.89
101919.89
101921.89
101923.89
101925.89
101927.89
101929.89
101931.89
101933.89
101935.89
101937.89
101939.89
101941.89
101943.89
101945.89
101947.89
101949.89
101951.89
101959.89
101957.89
101963.89
101965.89
101967.89
101971.89
101979.89
101973.89
101975.89
101969.89
101977.89
101961.89
101981.89
101987.89
101993.89
101983.89
101985.89
101989.89
101991.89
102006.81
102008.81
102010.81
102012.81
102014.81
102016.81
102018.81
102020.81
102022.81
102024.81
102026.81
102055.06
102057.06
102059.06
102061.06
102063.06
102065.06
102067.06
102069.06
102071.06
102073.06
102075.06
102075.29
102077.06
102077.29
102079.29
102081.29
102083.29
102085.29
102087.29
102089.29
102091.29
102093.29
102095.29
102097.29
102099.29
102093.06
102091.06
102089.06
102097.06
102095.06
102099.06
102087.06
102083.06
102085.06
102101.29
102103.29
102105.29
102107.29
102108
102117.29
102119.29
102105.06
102113.29
102103.06
102115.29
102101.06
102121.29
102135.29
102129.29
102139.29
102127.29
102123.29
102131.29
102125.29
102137.29
102133.29
102141.29
102143.29
102145.29
102167.3
102169.3
102171.3
102173.3
102175.3
102177.3
102179.3
102181.3
102183.3
102185.3
102187.3
102189.3
102191.3
102193.3
102195.3
102197.3
102199.3
102213.3
102219.3
102217.3
102211.3
102205.3
102207.3
102209.3
102215.3
102230.54
102232.54
102234.54
102236.54
102238.54
102221.3
102229.3
102225.3
102235.3
102231.3
102223.3
102227.3
102233.3
102237.3
102240.54
102242.54
102244.54
102246.54
102248.54
102250.54
102252.54
102254.54
102256.54
102258.54
102278.54
102264.54
102268.54
102276.54
102272.54
102266.54
102274.54
102270.54
102280.54
102282.54
102286.54
102290.54
102292.54
102288.54
102284.54
102335.03
102337.03
102339.03
102341.03
102343.03
102345.03
102347.03
102349.03
102351.03
102353.03
102355.03
102357.03
102359.03
102361.03
102363.03
102365.03
102367.03
102373.03
102379.03
102377.03
102375.03
102389.03
102381.03
102383.03
102395.03
102397.03
102399.03
102393.03
102391.03
102387.03
102385.03
102403.03
102401.03
102405.03
102447
102481.29
102483.29
102485.29
102487.29
102489.29
102491.29
102493.29
102495.29
102497.29
102499.29
102519
102517.29
102507.29
102519.29
102505.29
102515.29
102509.29
102513.29
102511.29
102520.32
102522.32
102524.32
102526.32
102528.32
102530.32
102532.32
102534.32
102536.32
102538.32
102521.29
102523.29
102540.32
102542.32
102544.32
102546.32
102546.66
102548.32
102548.66
102550.32
102550.66
102552.32
102552.66
102554.32
102554.66
102556.32
102556.66
102558.66
102560.66
102562.66
102564.66
102566.09
102566.66
102568.09
102568.66
102570.09
102572.09
102574.09
102576.09
102578.09
102578.32
102574.32
102576.66
102566.32
102562.32
102574.66
102564.32
102572.32
102570.32
102568.32
102576.32
102578.66
102580.09
102582.09
102584.09
102586.09
102588.09
102590.09
102592.09
102588.66
102594.32
102590.66
102590.32
102582.66
102580.66
102592.32
102596.32
102586.32
102580.32
102586.66
102584.32
102596.66
102584.66
102598.09
102592.66
102588.32
102582.32
102594.66
102598.32
102610.09
102612.09
102618.09
102602.09
102614.09
102606.09
102604.09
102608.09
102600.09
102616.09
102620.09
102624.09
102622.09
102938.78
102940.78
102942.78
102944.78
102946.78
102948.78
102950.78
102952.78
102954.78
102956.78
102972.78
102964.78
102962.78
102974.78
102966.78
102976.78
102970.78
102968.78
102978.78
102980.78
103215.24
103217.24
103219.24
103221.24
103223.24
103225
103225.24
103227.24
103229.24
103231.24
103233.24
103235.24
103237.24
103239.24
103241.24
103243.24
103245.24
103247.24
103249.24
103251.24
103257.24
103259.24
103265.24
103263.24
103261.24
103273.24
103275.24
103277.24
103279.24
103269.24
103267.24
103271.24
103285.24
103289.24
103283.24
103293.24
103287.24
103291.24
103281.24
103343.34
103345.34
103347.34
103349.34
103351.34
103353.34
103355.34
103357.34
103359.34
103361.34
103363.34
103365.34
103367.34
103369.34
103379.34
103377.34
103375.34
103385.34
103395.34
103383.34
103387.34
103391.34
103381.34
103399.34
103397.34
103389.34
103393.34
103401.34
103453.38
103455.38
103457.38
103459.38
103461.38
103463.38
103465.38
103467.38
103469.38
103471.38
103473.38
103475.38
103477.38
103479.38
103481.38
103483.38
103485.38
103487.38
103489.38
103497.38
103495.38
103499.38
103513.38
103505.38
103519.38
103515.38
103511.38
103501.38
103507.38
103509.38
103503.38
103517.38
103523.38
103525.38
103527.38
103531.38
103529.38
103521.38
103575.66
103577.66
103579.66
103581.66
103583.66
103585.66
103587.66
103589.66
103591.66
103593.66
103595.66
103597.66
103611
103613.45
103615.45
103617.45
103619.45
103617.66
103619.66
103605.66
103603.66
103611.66
103609.66
103615.66
103613.66
103607.66
103621.45
103622.18
103623.45
103624.18
103625.45
103626.18
103627.45
103628.18
103629.45
103630.18
103631.45
103632.18
103633.45
103634.18
103635.45
103636.18
103637.45
103638.18
103638.78
103639.45
103625.66
103621.66
103623.66
103640.18
103640.78
103641
103641.45
103642.18
103642.78
103643.45
103644.18
103644.78
103645.45
103646.18
103646.78
103647.45
103648.18
103648.78
103649.45
103650.18
103650.78
103652.18
103652.78
103654.18
103654.78
103656.78
103658.78
103660
103657.45
103654
103657
103659
103655.45
103659.45
103660.78
103663
103665
103667
103669
103671
103673
103675
103677
103679
103661.45
103676.78
103664.18
103670
103663.45
103661
103674
103674
103668.18
103679.45
103670
103665.45
103674.78
103665
103666.18
103679
103669.45
103676.18
103672.78
103666
103677.45
103671.45
103674.18
103678.78
103670.18
103673.45
103670.78
103678.18
103679
103660.18
103672.18
103667.45
103667
103666.78
103662.18
103668.78
103678
103668
103674
103663
103671
103675.45
103681
103683
103685
103687
103682.18
103685.45
103691.45
103680.78
103686.18
103688.78
103682.78
103681.45
103686.78
103688.18
103683.45
103690.18
103684.78
103687.45
103689.45
103684.18
103692.18
103680.18
103726
103747.04
103749.04
103751.04
103753.04
103755
103755.04
103757.04
103759.04
103761.04
103763.04
103765.04
103767.04
103769.04
103771.04
103773.04
103775.04
103797.04
103795.04
103799.04
103781.04
103785.04
103793.04
103789.04
103783.04
103791.04
103787.04
103803
103803.04
103807.04
103809.04
103805.04
103801.04
103913.58
103915.58
103917.58
103919.58
103921.58
103923.58
103925.58
103927.58
103929.58
103931.58
103933.58
103935.58
103945.58
103959.58
103943.58
103941.58
103951.58
103949.58
103957.58
103947.58
103955.58
103953.58
103961.58
103963.58
104043
104091
104120.32
104122.32
104124.32
104126.32
104128.32
104130.32
104132.32
104134.32
104136.32
104138.32
104140.32
104142.32
104144.32
104146.32
104148.32
104150.32
104152.32
104154.32
104156.32
104166
104173.9
104175.9
104177.9
104179.9
104178.32
104174.32
104166.32
104162.32
104164.32
104172.32
104170.32
104168.32
104176.32
104181.9
104183.9
104185.9
104187.9
104189.9
104191.67
104191.9
104193.67
104195.67
104197.67
104199.67
104194.32
104190.32
104192.32
104196.32
104186.32
104180.32
104184.32
104188.32
104182.32
104198.32
104201.67
104203.67
104205.67
104207.67
104209.67
104258
104299
104309.74
104311.74
104313.74
104315.74
104317.74
104319.74
104321.74
104322
104323
104323.74
104325.74
104327.74
104335.74
104333.74
104337.74
104339.74
104345.74
104347.74
104349.74
104343.74
104351.74
104341.74
104412
104423
104432.45
104434.45
104436.45
104438.45
104440.45
104442.45
104444.45
104446.45
104448.45
104450.45
104452.45
104454.45
104456.45
104458.45
104460.45
104462.45
104464.45
104467
104547
104571
104575
104604.66
104606.66
104608.66
104610.66
104612.66
104614.66
104616.66
104618.66
104620.66
104622.66
104624.66
104626.66
104634.66
104632.66
104638.66
104636.66
104646.66
104648.66
104640.66
104644.66
104654.66
104642.66
104650.66
104652.66
104712
104755
104766.66
104768.66
104770.66
104772.66
104774.66
104776.66
104778.66
104780.66
104782.66
104784.66
104786.66
104788.66
104790.66
104792.66
104800
104960
105031.03
105033.03
105035.03
105037.03
105039.03
105041.03
105043.03
105045.03
105047.03
105049.03
105051.03
105053.03
105055.03
105057.03
105059.03
105061.03
105063.03
105069.03
105077.03
105079.03
105075.03
105073.03
105071.03
105085.03
105099.03
105091.03
105093.03
105097.03
105095.03
105089.03
105087.03
105083.03
105081.03
105101.03
105124
105169.07
105171.07
105173.07
105174
105175.07
105177.07
105179.07
105181.07
105183.07
105185.07
105187.07
105189.07
105191.07
105193.07
105195.07
105197.07
105199.07
105201.07
105211.07
105215.07
105213.07
105217.07
105207.07
105219.07
105209.07
105222.49
105224.49
105226.49
105228.49
105230.49
105232.49
105234.49
105236.49
105238.49
105229.07
105223.07
105233.07
105221.07
105225.07
105235.07
105237.07
105231.07
105239.07
105227.07
105240.49
105242.49
105244.49
105263.54
105265.54
105267.54
105269.54
105271.54
105273.54
105275.54
105277.54
105279.54
105281.54
105283.54
105285.54
105287.54
105289.54
105291.54
105297.54
105299.54
105311
105313
105314
105315
105317
105319
105320
105308
105308
105310
105313.54
105311
105311.54
105315.54
105305
105319.54
105313
105311
105311
105316
105307
105301.54
105307
105314
105317.54
105309.54
105303
105320
105313
105310
105313
105305.54
105303
105307.54
105303.54
105310
105321
105323
105325
105327
105329
105331
105333
105335
105337
105339
105325
105338
105330
105332
105323.54
105323
105330
105333
105321
105337
105327
105325.54
105321.54
105333
105340
105335
105322
105323
105338
105324
105339
105329
105322
105332
105341
105343
105345
105347
105359
105341
105355
105343
105343
105346
105341
105353
105357
105361
105377
105363
105367
105375
105369
105371
105379
105365
105373
105383
105389
105381
105385
105387
105479
105526
105555
105633.66
105635.66
105637.66
105639.66
105641.66
105643.66
105645.66
105647.66
105649.66
105651.66
105653.66
105655.66
105658
105720.32
105722.32
105724.32
105726.32
105728.32
105730.32
105732.32
105734.32
105736.32
105738.32
105740.32
105742.32
105744.32
105746.32
105747
105748.32
105750.32
105752.32
105754.32
105756.32
105776
105778.32
105774.32
105766.32
105762.32
105764.32
105772.32
105770.32
105768.32
105776.32
105794.32
105790.32
105792.32
105796.32
105786.32
105780.32
105784.32
105788.32
105782.32
105798.32
105862
105873
105874
105865
105871
105909
105976
106006
106037
106052
106071
106076
106096
106103
106102
106102
106121
106138.18
106140.18
106142.18
106144.18
106146.18
106148.18
106150.18
106152.18
106153
106154.18
106156.18
106159
106175
106218
106300
106309
106316
106334
106357
106359
106356
106356
106365
106379
106405
106419
106434
106439
106431
106440.57
106442.57
106444.57
106446.57
106448.57
106450
106450.57
106452
106452.57
106454.57
106456.57
106458.57
106460.57
106462.57
106464.57
106466.57
106468.57
106470.57
106472.57
106474.57
106476.57
106497
106503
106505
106512
106510
106502
106594
106597
106613
106618
106655
106688
106694
106689
106685
106688
106708
106715.96
106717.96
106719.96
106721.96
106723.96
106725
106725.96
106727.96
106729.96
106731.96
106732
106733.96
106735.96
106737.96
106739.96
106741.96
106743.96
106745.96
106747.96
106756
106757.96
106754
106755
106759.96
106753.96
106755.96
106761
106768
106761.96
106775.96
106769.96
106779.96
106767.96
106763.96
106771.96
106765.96
106777.96
106773.96
106780.04
106782.04
106784
106784.04
106786.04
106788.04
106790.04
106792.04
106794.04
106796.04
106798.04
106781.96
106783.96
106785.96
106800.04
106802.04
106804.04
106806.04
106808.04
106810
106814.04
106818.04
106816.04
106830.04
106828.04
106832.04
106836.04
106838.04
106834.04
106826.04
106822.04
106824.04
106820.04
106840.04
106842.04
106856
106861
106877
106878
106873
106881
106889
106889
106883
106974
106987.84
106989.84
106991.84
106993.84
106995.84
106997.84
106999.84
106996
106997
107001.84
107003.84
107005
107005
107005.84
107007.84
107008.56
107009.84
107010.56
107011.84
107012.56
107013.84
107014.56
107016.56
107018.56
107019.84
107020.56
107022
107022
107022.56
107024.56
107026.56
107028.56
107030.56
107032.56
107034.56
107036.56
107038.56
107029.84
107039.84
107023.84
107027.84
107031.84
107035.84
107025.84
107021.84
107033.84
107037.84
107040.56
107042.56
107044.56
107048
107055
107056
107056.56
107058.56
107052.56
107050
107045.84
107043.84
107053
107041.84
107053
107050.56
107054.56
107072
107074.56
107060.56
107064.56
107071
107072.56
107066.56
107068.56
107076.56
107062.56
107078.56
107070.56
107080.56
107086.56
107082.56
107084.56
107108
107133
107128
107128
107156
107176
107172
107181
107218
107212
107228
107240
107237
107241
107247
107255
107289
107290
107292.88
107293
107294
107294.88
107296.88
107298.88
107282
107288
107300.88
107302.88
107304.88
107306.88
107308.88
107310.88
107312
107312.88
107314.88
107316.88
107318.88
107307
107320.32
107320.88
107322
107322.32
107322.88
107324
107324.32
107324.88
107325
107326.32
107326.88
107328.32
107328.88
107330.32
107332.32
107334.32
107336.32
107338.32
107336
107340.32
107342.32
107343
107344.32
107346.32
107348.32
107350.32
107352.32
107354.32
107356.32
107378.32
107374.32
107366.32
107362.32
107364.32
107372.32
107370.32
107368.32
107376.32
107384
107394.32
107390.32
107392.32
107396.32
107386.32
107380.32
107384.32
107388.32
107382.32
107398.32
107443
107451
107499
107498
107492
107501
107531
107566
107576
107574
107574
107583
107581
107633
107627
107632
107670
107667
107693
107684
107709
107727.03
107729.03
107731.03
107733.03
107735.03
107737.03
107739.03
107741.03
107743.03
107745.03
107747.03
107749.03
107751.03
107753.03
107755.03
107757.03
107759.03
107765.03
107773.03
107775.03
107771.03
107769.03
107767.03
107779.03
107777.03
107793
107781.03
107795.03
107787.03
107789.03
107793.03
107797.03
107791.03
107785.03
107783.03
107819
107818
107850
107855
107849
107876
107876
107878
107879
107877
107875
107876
107882
107884
107886
107888
107890
107892
107894
107896
107898
107900
107889
107892
107890
107891
107899
107900
107882
107881
107884
107888
107881
107884
107893
107896
107887
107899
107894
107890
107889
107882
107892
107885
107902
107914
107929
107943
107957
107941
107952
107961
107975
108012
108013
108017
108006
108031
108041
108049
108048
108115
108109
108156
108205
108206
108207
108201
108237
108258
108251
108251
108262.85
108264.85
108266.85
108268.85
108270.85
108272.85
108274.85
108276.85
108278
108278.85
108280.85
108282.85
108284.85
108286.85
108288.85
108290.85
108292.85
108294.85
108296.54
108298.54
108300.54
108302.54
108304.54
108306.54
108308.54
108310.54
108312.54
108314.54
108316.54
108318.54
108304.85
108308.85
108306.85
108316.85
108314.85
108310.85
108318.85
108300.85
108312.85
108302.85
108320.54
108322.54
108324.54
108322.85
108330.54
108334.54
108326.85
108328.85
108330.85
108338.54
108332.54
108324.85
108332.85
108320.85
108336.54
108346.54
108344.54
108348.54
108352.54
108356.54
108358.54
108354.54
108350.54
108342.54
108340.54
108383
108383
108587
108627.1
108629.1
108631.1
108633.1
108635.1
108637.1
108639.1
108641.1
108643.1
108645.1
108647.1
108649.1
108651.1
108653.1
108655.1
108657.1
108659.1
108661.1
108663.1
108706.12
108708.12
108710.12
108712.12
108714.12
108716.12
108718.12
108720.12
108722.12
108724.12
108726.12
108728.12
108730.12
108732.12
108734.12
108736.12
108738.12
108740.12
108742.12
108754.12
108756.12
108750.12
108758.12
108748.12
108752.12
108772.12
108778.12
108762.12
108770.12
108764.12
108766.12
108774.12
108760.12
108776.12
108768.12
108784.12
108780.12
108782.12
108862
108920.32
108922.32
108924.32
108926.32
108928.32
108930.32
108932.32
108934.32
108936.32
108938.32
108940.32
108942.32
108944.32
108946.32
108948.32
108950.32
108952.32
108954.32
108956.32
108978.32
108974.32
108966.32
108962.32
108964.32
108972.32
108970.32
108968.32
108976.32
108994.32
108990.32
108992.32
108996.32
108986.32
108980.32
108984.32
108988.32
108982.32
108998.32
109118.3
109120.3
109122.3
109124.3
109126.3
109128.3
109130.3
109132.3
109134.3
109136.3
109138.3
109140.3
109142.3
109144.3
109146.3
109148.3
109150.3
109152.3
109158.3
109160.3
109176.3
109168.3
109170.3
109166.3
109174.3
109172.3
109164.3
109178.3
109162.3
109192.3
109190.3
109184.3
109188.3
109186.3
109182.3
109180.3
109809.73
109811.73
109813.04
109813.73
109815.04
109815.73
109817.04
109817.73
109819.04
109819.73
109821.04
109821.73
109823.04
109823.73
109825.04
109825.73
109827.04
109827.73
109829.04
109829.73
109831.04
109831.73
109833.04
109833.73
109835.04
109835.73
109837.04
109837.73
109839.04
109839.73
109841.04
109841.73
109851.73
109855.73
109847.04
109853.73
109851.04
109857.73
109847.73
109859.04
109859.73
109849.73
109855.04
109849.04
109857.04
109853.04
109863.04
109861.04
109869.73
109865.04
109869.04
109873.04
109863.73
109873.73
109861.73
109875.04
109871.04
109865.73
109867.04
109875.73
109877.73
109871.73
109879.73
109867.73
110403.67
110405.67
110407.67
110409.67
110411.67
110413.67
110415.67
110417.67
110419.67
110421.67
110423.03
110423.67
110425.03
110425.67
110427.03
110427.67
110429.03
110429.67
110431.03
110431.67
110433.03
110433.67
110435.03
110435.67
110437.03
110437.67
110439.03
110439.67
110441.03
110443.03
110445.03
110447.03
110449.03
110451.03
110453.03
110455.03
110451.67
110453.67
110447.67
110455.67
110459.67
110457.67
110445.67
110449.67
110477.03
110461.03
110469.03
110469.67
110475.67
110471.03
110467.03
110467.67
110461.67
110463.67
110471.67
110465.03
110463.03
110473.67
110479.03
110475.03
110477.67
110473.03
110479.67
110465.67
110491.03
110481.67
110483.03
110485.03
110489.03
110493.03
110487.03
110481.03
110520.32
110522.32
110524.32
110526.32
110528.32
110530.32
110532.32
110534.32
110536.32
110538.32
110540.32
110542.32
110544.32
110546.32
110548.32
110550.32
110552.32
110554.32
110556.32
110578.32
110574.32
110566.32
110562.32
110564.32
110572.32
110570.32
110568.32
110576.32
110594.32
110590.32
110592.32
110596.32
110586.32
110580.32
110584.32
110588.32
110582.32
110598.32
110632.34
110634.34
110636.34
110638.34
110640.34
110642.34
110644.34
110646.34
110648.34
110650.34
110652.34
110654.34
110656.34
110658.34
110674.34
110668.34
110672.34
110676.34
110670.34
110666.34
110664.34
110678.34
110684.34
110680.34
110690.34
110688.34
110686.34
110682.34
110766.58
110768.58
110770.58
110772.58
110774.58
110776.58
110778.58
110780.58
110782.58
110784.58
110786.58
110788.58
111329.54
111331.54
111333.54
111335.54
111337.54
111339.54
111341.54
111343.54
111345.54
111347.54
111349.54
111351.54
111353.54
111355.54
111356.62
111357.54
111358.62
111360.62
111362.62
111364.62
111366.62
111368.62
111370.62
111372.62
111374.62
111376.62
111378.62
111380.62
111382.62
111384.62
111386.62
111388.62
111690
111709
111722
111979
112001
112101.23
112103.23
112105.23
112107.23
112109.23
112111.23
112113.23
112115.23
112117.23
112119.23
112120.32
112121.23
112122.32
112123.23
112124.32
112125.23
112126.32
112127.23
112128.32
112129.23
112130.32
112131.23
112132.32
112133.23
112134.32
112135.23
112136.32
112137.23
112138.32
112140.32
112142.32
112144.32
112146.32
112148.32
112150.32
112152.32
112154.32
112156.32
112200
112436
112501
112543
112606
112637
112643
112959
113005
113085
113119.03
113121.03
113123
113123.03
113125.03
113127.03
113129.03
113131.03
113133.03
113135.03
113137.03
113139.03
113141.03
113143.03
113145.03
113147.03
113149.03
113151.03
113315
113332
113444
113445
113445
113556
113574
113576
113667
113672
113697
113699
113712
113809
113815
113926
113988
113996
114000
114103
114158
114170
114201
114211
114276.84
114278
114278.84
114280.84
114282.84
114284.84
114286.84
114288.84
114290.84
114292.84
114294.84
114296.84
114298.84
114300.84
114302.84
114303
114309
114382
114398
114452
114482
114498
114512
114615
114649
114680
114698
114791
114800
114823
114844
114856
114873
114983
115028
115050
115098
115139
115172
115191
115191
115195
115211
115213
115215
115268
115297
115301
115309
115342
115395
115444
115482
115501
115509
115528
115604
115630
115672
115705
115712
115726
115739
115747
115774
115818
115930
115950
116002
116012
116014
116026
116049
116070
116078
116094
116163
116166
116206
116261
116276
116285
116331
116354
116402
116410
116422
116425
116460
116465
116524
116526
116552
116576
116612
116639
116675
116697
116787
116796
116860
116873
116889
117090
117163
117194
117278
117351
117352
117359
117376
117384
117407
117499
117545
117623
117641
117662
117728
117744
117787
117832
118022
119158.3
119160.3
119162.3
119164.3
119166.3
119168.3
119170.3
119172.3
119174.3
119176.3
119178.3
119180.3
119182.3
119184.3
119186.3
119188.3
119190.3
119192.3
119198.3
119200.3
119216.3
119208.3
119210.3
119206.3
119214.3
119212.3
119204.3
119218.3
119202.3
119232.3
119230.3
119224.3
119228.3
119226.3
119222.3
119220.3
129198.3
129200.3
129202.3
129204.3
129206.3
129208.3
129210.3
129212.3
129214.3
129216.3
129218.3
129220.3
129222.3
129224.3
129226.3
129228.3
129230.3
129232.3
129238.3
129240.3
129256.3
129248.3
129250.3
129246.3
129254.3
129252.3
129244.3
129258.3
129242.3
129272.3
129270.3
129264.3
129268.3
129266.3
129262.3
129260.3
139238.3
139240.3
139242.3
139244.3
139246.3
139248.3
139250.3
139252.3
139254.3
139256.3
139258.3
139260.3
139262.3
139264.3
139266.3
139268.3
139270.3
139272.3
