0.053
0.035
0.036
0.035
0.039
0.035
0.08
0.038
0.035
0.037
0.034
0.035
0.034
0.038
0.116
0.035
0.068
0.034
0.034
0.035
0.039
0.076
0.034
0.069
0.034
0.036
0.035
0.115
0.035
0.035
0.034
0.034
0.034
0.033
0.034
0.034
0.117
0.034
0.033
0.037
0.033
0.036
0.034
0.034
0.113
0.034
0.033
0.035
0.034
0.034
0.034
0.034
0.111
0.034
0.036
0.033
0.034
0.035
0.034
0.033
0.035
0.034
0.034
0.079
0.033
0.033
0.033
0.035
0.035
0.075
0.036
0.111
0.037
0.034
0.075
0.119
0.035
0.077
0.074
0.037
0.033
0.075
0.035
0.035
0.033
0.036
0.033
0.034
0.078
0.034
0.032
0.034
0.033
0.112
0.034
0.037
0.033
0.034
0.13
0.078
0.035
0.112
0.033
0.034
0.034
0.033
0.034
0.033
0.037
0.075
0.034
0.113
0.077
0.073
0.078
0.036
0.034
0.035
0.033
0.112
0.081
0.035
0.034
0.081
0.033
0.122
0.033
0.034
0.033
0.034
0.036
0.035
0.034
0.033
0.037
0.033
0.034
0.116
0.035
0.077
0.074
0.119
0.035
0.033
0.038
0.034
0.036
0.034
0.116
0.115
0.074
0.078
0.034
0.117
0.116
0.076
0.039
0.038
0.033
0.034
0.033
0.033
0.035
0.116
0.052
0.034
0.034
0.034
0.036
0.074
0.037
0.033
0.032
0.034
0.117
0.076
0.115
0.075
0.078
0.033
0.032
0.037
0.034
0.033
0.033
0.117
0.033
0.036
0.11
0.108
0.081
0.062
0.205
0.036
0.075
0.074
0.075
0.033
0.033
0.036
0.034
0.034
0.033
0.034
0.032
0.036
0.035
0.034
0.034
0.112
0.034
0.033
0.035
0.033
0.033
0.033
0.036
0.033
0.032
0.033
0.032
0.033
0.036
0.033
0.034
0.077
0.033
0.05
0.034
0.036
0.037
0.08
0.034
0.038
0.033
0.117
0.034
0.034
0.078
0.034
0.08
0.087
0.041
0.04
0.039
0.118
0.051
0.033
0.034
0.033
0.054
0.034
0.034
0.076
0.034
0.075
0.041
0.04
0.039
0.044
0.034
0.042
0.033
0.033
0.036
0.033
0.034
0.033
0.033
0.034
0.082
0.041
0.039
0.04
0.119
0.042
0.034
0.075
0.035
0.033
0.075
0.038
0.075
0.037
0.084
0.041
0.041
0.036
0.033
0.036
0.033
0.034
0.117
0.034
0.034
0.11
0.073
0.041
0.032
0.041
0.036
0.118
0.042
0.102
0.035
0.037
0.034
0.033
0.104
0.042
0.04
0.039
0.039
0.037
0.033
0.077
0.036
0.033
0.075
0.113
0.034
0.04
0.042
0.04
0.042
0.04
0.041
0.044
0.04
0.032
0.034
0.034
0.033
0.033
0.034
0.034
0.074
0.036
0.033
0.033
0.044
0.12
0.216
0.064
0.033
0.124
0.032
0.037
0.088
0.041
0.044
0.034
0.036
0.078
0.086
0.073
0.043
0.041
0.044
0.034
0.036
0.085
0.129
0.04
0.034
0.035
0.129
0.082
0.034
0.034
0.033
0.039
0.035
0.033
0.034
0.034
0.048
0.04
0.041
0.042
0.041
0.041
0.042
0.04
0.033
0.041
0.036
0.047
0.046
0.129
0.073
0.051
0.046
0.049
0.13
0.033
0.036
0.082
0.054
0.034
0.037
0.033
0.034
0.033
0.033
0.081
0.034
0.072
0.054
0.053
0.033
0.032
0.042
0.039
0.037
0.156
0.033
0.074
0.056
0.111
0.048
0.071
0.044
0.051
0.037
0.077
0.076
0.074
0.036
0.074
0.033
0.077
0.073
0.034
0.075
0.049
0.112
0.035
0.034
0.032
0.045
0.087
0.046
0.037
0.033
0.033
0.034
0.089
0.078
0.083
0.04
0.041
0.044
0.034
0.039
0.038
0.044
0.034
0.033
0.158
0.205
0.076
0.226
0.099
0.041
0.116
0.043
0.065
0.056
0.038
0.033
0.034
0.034
0.034
0.033
0.035
0.111
0.034
0.112
0.032
0.038
0.073
0.056
0.056
0.059
0.056
0.055
0.056
0.058
0.132
0.191
0.094
0.033
0.079
0.033
0.048
0.04
0.04
0.043
0.107
0.046
0.05
0.128
0.048
0.041
0.041
0.041
0.033
0.036
0.033
0.033
0.033
0.035
0.036
0.076
0.071
0.04
0.036
0.034
0.035
0.037
0.033
0.095
0.044
0.039
0.04
0.078
0.033
0.033
0.034
0.07
0.034
0.034
0.078
0.036
0.033
0.035
0.033
0.073
0.04
0.039
0.103
0.04
0.04
0.04
0.04
0.042
0.067
0.035
0.075
0.033
0.07
0.04
0.042
0.041
0.039
0.099
0.04
0.096
0.055
0.043
0.124
0.041
0.122
0.12
0.034
0.047
0.155
0.062
0.058
0.039
0.089
0.075
0.054
0.057
0.053
0.177
0.061
0.061
0.058
0.059
0.06
0.039
0.043
0.041
0.043
0.04
0.04
0.035
0.04
0.04
0.04
0.044
0.039
0.04
0.056
0.08
0.034
0.033
0.041
0.041
0.04
0.042
0.041
0.079
0.034
0.076
0.075
0.07
0.043
0.115
0.047
0.048
0.115
0.033
0.088
0.035
0.032
0.041
0.121
0.041
0.074
0.033
0.033
0.039
0.043
0.043
0.041
0.041
0.042
0.14
0.041
0.109
0.036
0.074
0.086
0.104
0.041
0.043
0.04
0.039
0.04
0.039
0.04
0.041
0.04
0.036
0.091
0.033
0.13
0.043
0.106
0.034
0.032
0.035
0.034
0.033
0.04
0.043
0.04
0.042
0.04
0.042
0.04
0.069
0.059
0.041
0.04
0.12
0.039
0.121
0.049
0.047
0.046
0.049
0.048
0.047
0.127
0.047
0.049
0.048
0.05
0.046
0.047
0.134
0.049
0.047
0.174
0.057
0.033
0.04
0.04
0.04
0.04
0.043
0.109
0.04
0.04
0.119
0.039
0.042
0.116
0.04
0.04
0.05
0.046
0.049
0.044
0.074
0.033
0.034
0.114
0.086
0.033
0.076
0.032
0.033
0.034
0.073
0.039
0.04
0.048
0.039
0.04
0.04
0.042
0.043
0.04
0.098
0.124
0.28
0.14
0.147
0.058
0.044
0.049
0.038
0.036
0.034
0.033
0.034
0.033
0.036
0.246
0.078
0.074
0.074
0.04
0.043
0.04
0.042
0.039
0.039
0.04
0.04
0.041
0.04
0.04
0.041
0.039
0.041
0.102
0.124
0.1
0.118
0.046
0.048
0.052
0.141
0.049
0.048
0.048
0.047
0.051
0.049
0.047
0.047
0.049
0.049
0.046
0.049
0.052
0.047
0.05
0.047
0.13
0.046
0.146
0.049
0.048
0.046
0.046
0.049
0.046
0.046
0.049
0.045
0.046
0.047
0.084
0.04
0.039
0.046
0.038
0.039
0.04
0.041
0.098
0.048
0.048
0.046
0.045
0.046
0.046
0.047
0.07
0.052
0.047
0.041
0.043
0.047
0.042
0.043
0.12
0.043
0.107
0.051
0.047
0.05
0.047
0.047
0.05
0.042
0.061
0.041
0.086
0.041
0.041
0.098
0.04
0.04
0.043
0.122
0.121
0.047
0.04
0.127
0.04
0.093
0.047
0.033
0.034
0.033
0.035
0.033
0.034
0.041
0.13
0.121
0.118
0.042
0.039
0.04
0.04
0.051
0.051
0.048
0.092
0.049
0.069
0.047
0.046
0.048
0.044
0.126
0.047
0.04
0.039
0.045
0.039
0.1
0.123
0.04
0.049
0.048
0.046
0.128
0.125
0.047
0.046
0.049
0.047
0.078
0.041
0.041
0.053
0.049
0.049
0.12
0.047
0.046
0.05
0.047
0.046
0.098
0.098
0.039
0.107
0.047
0.051
0.046
0.05
0.133
0.144
0.041
0.039
0.039
0.055
0.04
0.121
0.04
0.044
0.039
0.049
0.085
0.047
0.047
0.05
0.047
0.047
0.048
0.041
0.04
0.037
0.053
0.057
0.039
0.04
0.041
0.12
0.043
0.055
0.042
0.048
0.076
0.04
0.049
0.047
0.05
0.047
0.047
0.048
0.047
0.047
0.047
0.032
0.035
0.035
0.033
0.033
0.039
0.043
0.115
0.048
0.048
0.049
0.047
0.047
0.046
0.049
0.039
0.121
0.047
0.093
0.04
0.039
0.04
0.047
0.038
0.039
0.118
0.058
0.053
0.052
0.056
0.054
0.056
0.052
0.053
0.054
0.048
0.048
0.034
0.033
0.077
0.034
0.032
0.033
0.074
0.041
0.04
0.042
0.082
0.061
0.157
0.041
0.039
0.034
0.096
0.124
0.047
0.04
0.041
0.043
0.04
0.04
0.042
0.04
0.116
0.033
0.076
0.082
0.043
0.04
0.04
0.176
0.045
0.04
0.11
0.341
0.053
0.047
0.049
0.046
0.048
0.049
0.047
0.046
0.041
0.05
0.049
0.047
0.046
0.048
0.046
0.046
0.048
0.043
0.039
0.039
0.127
0.04
0.047
0.048
0.046
0.049
0.047
0.04
0.039
0.047
0.05
0.046
0.047
0.05
0.045
0.047
0.049
0.033
0.057
0.047
0.046
0.051
0.085
0.047
0.047
0.125
0.054
0.057
0.053
0.041
0.047
0.049
0.104
0.046
0.046
0.049
0.047
0.049
0.048
0.047
0.13
0.047
0.055
0.055
0.053
0.056
0.052
0.052
0.057
0.052
0.041
0.034
0.033
0.033
0.078
0.07
0.04
0.04
0.115
0.112
0.091
0.033
0.084
0.041
0.115
0.04
0.041
0.039
0.041
0.039
0.04
0.043
0.097
0.04
0.04
0.099
0.047
0.048
0.047
0.048
0.046
0.129
0.149
0.054
0.053
0.053
0.201
0.061
0.062
0.059
0.063
0.059
0.064
0.06
0.062
0.053
0.039
0.039
0.039
0.118
0.04
0.099
0.093
0.096
0.045
0.047
0.04
0.043
0.041
0.039
0.057
0.054
0.044
0.038
0.04
0.039
0.04
0.045
0.039
0.102
0.041
0.041
0.1
0.106
0.047
0.048
0.045
0.121
0.04
0.033
0.034
0.036
0.034
0.032
0.033
0.084
0.04
0.14
0.165
0.164
0.208
0.068
0.065
0.069
0.066
0.068
0.069
0.083
0.158
0.067
0.069
0.066
0.068
0.066
0.154
0.049
0.048
0.045
0.049
0.046
0.05
0.046
0.048
0.05
0.14
0.046
0.046
0.126
0.056
0.052
0.055
0.041
0.04
0.041
0.039
0.043
0.04
0.04
0.04
0.041
0.12
0.118
0.045
0.045
0.046
0.125
0.154
0.05
0.047
0.139
0.052
0.067
0.068
0.07
0.066
0.07
0.069
0.066
0.04
0.04
0.04
0.042
0.04
0.039
0.043
0.04
0.044
0.04
0.043
0.069
0.041
0.033
0.032
0.035
0.034
0.074
0.038
0.051
0.068
0.047
0.051
0.046
0.049
0.052
0.129
0.048
0.044
0.039
0.049
0.047
0.047
0.047
0.05
0.047
0.128
0.054
0.049
0.131
0.04
0.046
0.136
0.138
0.047
0.13
0.132
0.053
0.122
0.04
0.04
0.04
0.054
0.039
0.043
0.047
0.046
0.048
0.047
0.042
0.039
0.04
0.121
0.04
0.043
0.103
0.041
0.043
0.039
0.039
0.042
0.04
0.053
0.049
0.043
0.039
0.039
0.106
0.046
0.048
0.053
0.049
0.046
0.132
0.067
0.064
0.06
0.061
0.096
0.339
0.05
0.048
0.05
0.043
0.044
0.04
0.04
0.039
0.042
0.048
0.041
0.044
0.043
0.04
0.039
0.04
0.043
0.04
0.041
0.042
0.05
0.048
0.05
0.137
0.046
0.047
0.037
0.034
0.033
0.035
0.032
0.033
0.047
0.055
0.046
0.139
0.049
0.055
0.051
0.045
0.053
0.048
0.047
0.053
0.053
0.162
0.055
0.047
0.048
0.048
0.048
0.141
0.047
0.046
0.045
0.046
0.131
0.047
0.035
0.119
0.048
0.127
0.047
0.05
0.046
0.081
0.05
0.046
0.048
0.122
0.046
0.047
0.043
0.049
0.04
0.04
0.043
0.042
0.048
0.046
0.047
0.048
0.046
0.103
0.048
0.047
0.051
0.048
0.134
0.041
0.053
0.049
0.046
0.048
0.046
0.048
0.04
0.051
0.123
0.051
0.13
0.046
0.053
0.058
0.048
0.05
0.046
0.046
0.057
0.05
0.042
0.038
0.04
0.033
0.033
0.036
0.114
0.037
0.04
0.046
0.043
0.043
0.033
0.098
0.043
0.04
0.04
0.04
0.044
0.041
0.05
0.04
0.041
0.041
0.04
0.041
0.041
0.114
0.037
0.082
0.04
0.043
0.041
0.063
0.053
0.061
0.053
0.072
0.057
0.041
0.04
0.04
0.04
0.039
0.04
0.047
0.041
0.138
0.041
0.048
0.05
0.047
0.047
0.056
0.046
0.045
0.05
0.04
0.107
0.048
0.046
0.049
0.043
0.043
0.04
0.04
0.117
0.122
0.039
0.039
0.047
0.13
0.053
0.049
0.071
0.056
0.113
0.04
0.043
0.038
0.143
0.109
0.046
0.047
0.052
0.047
0.049
0.047
0.051
0.046
0.047
0.048
0.047
0.094
0.046
0.047
0.123
0.133
0.046
0.055
0.114
0.095
0.069
0.078
0.053
0.054
0.053
0.059
0.054
0.055
0.137
0.053
0.142
0.04
0.042
0.04
0.042
0.044
0.046
0.047
0.046
0.049
0.047
0.047
0.049
0.046
0.044
0.144
0.136
0.108
0.053
0.125
0.04
0.041
0.039
0.127
0.126
0.039
0.042
0.108
0.054
0.057
0.053
0.053
0.053
0.056
0.047
0.049
0.053
0.046
0.05
0.047
0.048
0.08
0.053
0.049
0.047
0.053
0.134
0.054
0.053
0.057
0.052
0.055
0.054
0.056
0.136
0.054
0.054
0.05
0.047
0.051
0.13
0.048
0.053
0.033
0.049
0.047
0.047
0.05
0.141
0.055
0.055
0.052
0.047
0.05
0.047
0.047
0.048
0.049
0.047
0.116
0.217
0.068
0.071
0.055
0.075
0.156
0.064
0.124
0.133
0.107
0.05
0.046
0.046
0.049
0.053
0.104
0.14
0.048
0.13
0.053
0.053
0.054
0.057
0.039
0.051
0.184
0.054
0.134
0.176
0.055
0.153
0.185
0.041
0.04
0.039
0.04
0.034
0.094
0.041
0.043
0.04
0.039
0.05
0.047
0.046
0.049
0.057
0.054
0.054
0.053
0.041
0.076
0.048
0.05
0.047
0.047
0.048
0.047
0.055
0.056
0.053
0.055
0.055
0.057
0.041
0.04
0.04
0.04
0.039
0.04
0.044
0.055
0.055
0.052
0.054
0.06
0.047
0.041
0.04
0.04
0.142
0.04
0.045
0.042
0.039
0.095
0.096
0.048
0.047
0.049
0.048
0.046
0.048
0.047
0.049
0.047
0.05
0.046
0.056
0.049
0.047
0.046
0.05
0.047
0.047
0.049
0.045
0.128
0.047
0.13
0.049
0.048
0.126
0.058
0.061
0.058
0.047
0.045
0.05
0.04
0.04
0.039
0.042
0.055
0.046
0.055
0.055
0.164
0.06
0.041
0.041
0.041
0.04
0.04
0.043
0.054
0.053
0.056
0.054
0.052
0.057
0.061
0.063
0.147
0.06
0.059
0.061
0.062
0.059
0.05
0.041
0.047
0.05
0.047
0.046
0.043
0.04
0.126
0.098
0.043
0.039
0.127
0.125
0.049
0.046
0.146
0.047
0.041
0.11
0.043
0.04
0.1
0.042
0.043
0.105
0.049
0.046
0.05
0.046
0.047
0.046
0.055
0.053
0.055
0.056
0.057
0.053
0.052
0.055
0.052
0.054
0.063
0.06
0.061
0.06
0.064
0.06
0.062
0.06
0.06
0.064
0.055
0.044
0.04
0.04
0.039
0.053
0.056
0.054
0.053
0.054
0.055
0.054
0.056
0.053
0.053
0.055
0.047
0.049
0.053
0.049
0.053
0.043
0.041
0.04
0.04
0.047
0.046
0.049
0.049
0.053
0.148
0.135
0.053
0.053
0.047
0.05
0.046
0.047
0.046
0.046
0.054
0.053
0.148
0.145
0.056
0.053
0.053
0.151
0.043
0.041
0.038
0.039
0.117
0.043
0.116
0.043
0.046
0.047
0.047
0.048
0.046
0.047
0.047
0.04
0.039
0.042
0.04
0.039
0.04
0.042
0.04
0.056
0.053
0.053
0.057
0.053
0.056
0.054
0.056
0.053
0.049
0.046
0.046
0.048
0.041
0.067
0.065
0.046
0.051
0.047
0.046
0.05
0.046
0.065
0.049
0.047
0.05
0.049
0.047
0.048
0.047
0.047
0.048
0.046
0.046
0.049
0.045
0.045
0.048
0.039
0.04
0.043
0.04
0.04
0.045
0.158
0.044
0.135
0.041
0.042
0.12
0.054
0.053
0.053
0.056
0.043
0.04
0.046
0.039
0.054
0.058
0.065
0.053
0.053
0.053
0.047
0.057
0.054
0.052
0.051
0.049
0.046
0.047
0.049
0.047
0.053
0.065
0.063
0.059
0.063
0.051
0.058
0.052
0.056
0.054
0.057
0.053
0.056
0.053
0.041
0.136
0.044
0.043
0.04
0.042
0.107
0.039
0.047
0.052
0.047
0.046
0.04
0.039
0.104
0.1
0.105
0.07
0.051
0.051
0.046
0.046
0.049
0.05
0.053
0.056
0.052
0.055
0.065
0.057
0.055
0.058
0.052
0.05
0.049
0.047
0.046
0.049
0.055
0.054
0.045
0.053
0.049
0.046
0.048
0.045
0.047
0.047
0.049
0.05
0.052
0.057
0.049
0.048
0.052
0.049
0.05
0.05
0.055
0.048
0.051
0.056
0.046
0.051
0.055
0.061
0.049
0.055
0.054
0.053
0.059
0.05
0.046
0.046
0.056
0.046
0.048
0.055
0.048
0.069
0.048
0.046
0.049
0.047
0.051
0.092
0.046
0.049
0.091
0.058
0.064
0.247
0.476
0.083
0.054
0.055
0.048
0.133
0.048
0.047
0.05
0.046
0.046
0.04
0.039
0.042
0.041
0.04
0.04
0.041
0.129
0.039
0.055
0.1
0.049
0.046
0.052
0.047
0.047
0.049
0.047
0.05
0.046
0.046
0.049
0.051
0.047
0.05
0.046
0.047
0.05
0.048
0.049
0.046
0.046
0.052
0.047
0.048
0.047
0.05
0.047
0.046
0.047
0.047
0.05
0.047
0.046
0.048
0.045
0.048
0.05
0.046
0.045
0.132
0.051
0.042
0.121
0.04
0.04
0.04
0.041
0.04
0.039
0.042
0.046
0.047
0.049
0.047
0.045
0.049
0.047
0.046
0.049
0.047
0.046
0.047
0.048
0.052
0.039
0.041
0.121
0.039
0.049
0.045
0.049
0.047
0.051
0.047
0.045
0.049
0.046
0.046
0.047
0.046
0.047
0.048
0.047
0.046
0.048
0.048
0.048
0.046
0.048
0.049
0.049
0.049
0.046
0.116
0.047
0.047
0.045
0.05
0.047
0.047
0.041
0.039
0.04
0.043
0.04
0.04
0.041
0.039
0.041
0.088
0.046
0.046
0.052
0.047
0.046
0.046
0.072
0.051
0.046
0.123
0.097
0.04
0.04
0.04
0.04
0.041
0.047
0.041
0.136
0.04
0.04
0.111
0.047
0.047
0.047
0.047
0.055
0.052
0.056
0.048
0.047
0.046
0.047
0.047
0.125
0.046
0.05
0.047
0.057
0.053
0.056
0.052
0.049
0.046
0.048
0.047
0.051
0.051
0.046
0.047
0.068
0.048
0.049
0.047
0.047
0.052
0.049
0.047
0.046
0.046
0.048
0.047
0.047
0.054
0.047
0.046
0.046
0.046
0.049
0.049
0.047
0.049
0.046
0.046
0.048
0.046
0.046
0.049
0.052
0.055
0.051
0.046
0.047
0.046
0.054
0.046
0.048
0.046
0.047
0.046
0.049
0.046
0.046
0.049
0.045
0.046
0.049
0.047
0.098
0.048
0.049
0.047
0.046
0.048
0.046
0.049
0.046
0.047
0.049
0.045
0.125
0.066
0.048
0.046
0.048
0.046
0.05
0.047
0.132
0.125
0.047
0.047
0.049
0.047
0.046
0.049
0.131
0.047
0.05
0.046
0.045
0.048
0.046
0.047
0.048
0.047
0.047
0.049
0.047
0.05
0.042
0.131
0.049
0.045
0.047
0.048
0.129
0.058
0.056
0.056
0.053
0.056
0.053
0.056
0.054
0.047
0.046
0.047
0.049
0.04
0.04
0.041
0.043
0.039
0.042
0.04
0.04
0.039
0.106
0.047
0.047
0.045
0.21
0.042
0.058
0.044
0.124
0.046
0.046
0.049
0.056
0.053
0.057
0.055
0.055
0.057
0.153
0.053
0.054
0.053
0.053
0.055
0.053
0.054
0.05
0.048
0.05
0.05
0.047
0.046
0.049
0.047
0.048
0.049
0.048
0.046
0.13
0.047
0.046
0.052
0.046
0.045
0.05
0.047
0.047
0.047
0.051
0.046
0.063
0.048
0.047
0.049
0.047
0.051
0.047
0.132
0.054
0.056
0.047
0.049
0.046
0.058
0.052
0.055
0.057
0.053
0.138
0.155
0.155
0.055
0.058
0.053
0.054
0.055
0.054
0.054
0.053
0.053
0.056
0.056
0.053
0.053
0.053
0.055
0.047
0.047
0.057
0.056
0.186
0.057
0.053
0.053
0.151
0.053
0.06
0.042
0.04
0.041
0.04
0.042
0.04
0.039
0.043
0.039
0.039
0.137
0.04
0.106
0.05
0.046
0.047
0.047
0.047
0.048
0.131
0.046
0.05
0.048
0.046
0.051
0.047
0.049
0.046
0.139
0.132
0.047
0.046
0.05
0.048
0.047
0.047
0.049
0.055
0.049
0.046
0.047
0.046
0.048
0.048
0.047
0.047
0.069
0.048
0.048
0.12
0.071
0.062
0.146
0.064
0.048
0.049
0.05
0.047
0.048
0.048
0.076
0.121
0.118
0.047
0.048
0.047
0.134
0.054
0.057
0.057
0.059
0.053
0.053
0.053
0.056
0.047
0.047
0.049
0.041
0.045
0.04
0.04
0.04
0.056
0.042
0.04
0.04
0.049
0.04
0.042
0.04
0.041
0.119
0.042
0.047
0.051
0.053
0.043
0.041
0.039
0.043
0.039
0.04
0.04
0.048
0.047
0.046
0.048
0.046
0.048
0.046
0.038
0.132
0.04
0.043
0.041
0.041
0.039
0.101
0.04
0.097
0.047
0.049
0.048
0.047
0.049
0.05
0.046
0.043
0.04
0.054
0.046
0.046
0.049
0.046
0.046
0.049
0.045
0.046
0.046
0.123
0.046
0.047
0.142
0.054
0.056
0.126
0.053
0.122
0.041
0.04
0.123
0.04
0.044
0.04
0.039
0.041
0.121
0.099
0.04
0.109
0.099
0.092
0.048
0.042
0.04
0.128
0.041
0.043
0.093
0.046
0.047
0.046
0.108
0.046
0.067
0.139
0.054
0.053
0.052
0.05
0.145
0.047
0.047
0.05
0.047
0.05
0.047
0.055
0.054
0.056
0.074
0.054
0.055
0.053
0.053
0.053
0.145
0.043
0.042
0.042
0.041
0.038
0.039
0.039
0.039
0.048
0.048
0.046
0.045
0.047
0.048
0.041
0.042
0.041
0.04
0.061
0.047
0.05
0.046
0.123
0.047
0.048
0.046
0.049
0.046
0.046
0.051
0.046
0.048
0.047
0.05
0.047
0.048
0.049
0.046
0.046
0.048
0.047
0.049
0.046
0.051
0.131
0.046
0.048
0.046
0.047
0.079
0.049
0.05
0.046
0.047
0.047
0.045
0.048
0.159
0.046
0.047
0.125
0.12
0.105
0.046
0.063
0.049
0.125
0.049
0.049
0.053
0.056
0.054
0.056
0.054
0.052
0.057
0.053
0.049
0.045
0.045
0.049
0.119
0.048
0.046
0.046
0.049
0.165
0.139
0.05
0.046
0.046
0.047
0.046
0.046
0.047
0.051
0.047
0.05
0.048
0.05
0.046
0.046
0.048
0.046
0.045
0.047
0.064
0.053
0.047
0.046
0.048
0.047
0.05
0.048
0.046
0.046
0.047
0.047
0.046
0.049
0.048
0.049
0.046
0.049
0.047
0.046
0.051
0.048
0.047
0.046
0.047
0.046
0.049
0.046
0.047
0.047
0.047
0.048
0.046
0.046
0.046
0.049
0.066
0.079
0.046
0.048
0.046
0.048
0.051
0.048
0.048
0.046
0.048
0.047
0.047
0.064
0.047
0.133
0.048
0.049
0.047
0.047
0.057
0.051
0.046
0.047
0.047
0.048
0.046
0.047
0.045
0.047
0.134
0.047
0.05
0.05
0.047
0.046
0.05
0.047
0.046
0.048
0.05
0.047
0.042
0.042
0.04
0.041
0.04
0.04
0.041
0.04
0.054
0.047
0.052
0.055
0.04
0.04
0.055
0.057
0.053
0.057
0.052
0.053
0.053
0.058
0.053
0.047
0.05
0.047
0.048
0.05
0.041
0.041
0.043
0.041
0.039
0.041
0.039
0.048
0.041
0.041
0.077
0.041
0.062
0.054
0.054
0.049
0.05
0.048
0.051
0.047
0.054
0.047
0.053
0.061
0.047
0.048
0.048
0.047
0.051
0.047
0.041
0.04
0.043
0.051
0.051
0.132
0.053
0.047
0.172
0.072
0.064
0.064
0.053
0.214
0.07
0.221
0.125
0.047
0.047
0.049
0.046
0.045
0.049
0.063
0.047
0.046
0.041
0.04
0.041
0.039
0.04
0.12
0.126
0.039
0.141
0.048
0.05
0.047
0.124
0.05
0.047
0.046
0.047
0.046
0.048
0.046
0.045
0.049
0.131
0.047
0.049
0.05
0.04
0.052
0.055
0.052
0.052
0.056
0.054
0.055
0.053
0.141
0.043
0.09
0.048
0.047
0.05
0.046
0.046
0.05
0.056
0.046
0.046
0.059
0.04
0.039
0.115
0.042
0.118
0.119
0.128
0.04
0.047
0.05
0.046
0.046
0.049
0.047
0.045
0.047
0.045
0.04
0.047
0.048
0.046
0.05
0.119
0.118
0.046
0.046
0.045
0.046
0.049
0.047
0.155
0.046
0.047
0.049
0.046
0.046
0.048
0.045
0.047
0.064
0.046
0.048
0.125
0.047
0.14
0.122
0.154
0.062
0.053
0.058
0.053
0.054
0.098
0.117
0.125
0.254
0.055
0.107
0.052
0.066
0.061
0.104
0.062
0.093
0.089
0.087
0.094
0.054
0.07
0.053
0.047
0.068
0.131
0.054
0.08
0.094
0.141
0.688
0.066
0.062
0.078
0.077
0.076
0.067
0.081
0.076
0.077
0.115
0.102
0.108
0.297
0.25
0.076
0.082
0.068
0.078
0.076
0.074
0.079
0.064
0.109
0.121
0.099
0.099
0.104
0.099
0.079
0.079
0.075
0.094
0.075
0.079
0.077
0.074
0.089
0.101
0.102
0.104
0.101
0.083
0.064
0.171
0.068
0.068
0.067
0.092
0.08
0.073
0.076
0.076
0.079
0.137
0.125
0.119
0.14
0.141
0.083
0.082
0.083
0.089
0.082
0.095
0.083
0.081
0.087
0.267
0.27
0.106
0.118
0.084
0.087
0.086
0.09
0.068
0.062
0.064
0.126
0.132
0.137
0.133
0.088
0.09
0.264
0.118
0.108
0.107
0.115
0.094
0.095
0.096
0.101
0.094
0.1
0.105
0.094
0.094
0.095
0.09
0.094
0.082
0.069
0.087
0.077
0.082
0.109
0.116
0.113
0.078
0.083
0.079
0.082
0.077
0.082
0.091
0.09
0.099
0.093
0.093
0.1
0.092
0.089
0.074
0.076
0.076
0.106
0.108
0.103
0.103
0.108
0.104
0.104
0.085
0.084
0.08
0.137
0.102
0.103
0.1
0.104
0.106
0.097
0.267
0.088
0.087
0.088
0.091
0.092
0.082
0.074
0.073
0.094
0.097
0.09
0.088
0.093
0.131
0.085
0.079
0.077
0.076
0.256
0.084
0.082
0.219
0.236
0.09
0.083
0.083
0.086
0.083
0.215
0.168
0.088
0.085
0.088
0.354
0.093
0.287
0.106
0.075
0.067
0.07
0.068
0.068
0.071
0.091
0.115
0.091
0.098
0.083
0.078
0.081
0.074
0.106
0.096
0.101
0.103
0.103
0.095
0.076
0.072
0.083
0.078
0.077
0.078
0.091
0.091
0.088
0.094
0.099
0.074
0.069
0.068
0.066
0.075
0.191
0.078
0.07
0.088
0.081
0.085
0.135
0.084
0.094
0.091
0.107
0.088
0.097
0.088
0.087
0.096
0.091
0.095
0.097
0.108
0.114
0.104
0.108
0.111
0.108
0.066
0.064
0.061
0.176
0.158
0.062
0.072
0.069
0.069
0.103
0.141
0.257
0.129
0.074
0.086
0.129
0.087
0.09
0.094
0.272
0.097
0.104
0.076
0.091
0.081
0.082
0.081
0.081
0.078
0.119
0.117
0.119
0.124
0.121
0.12
0.08
0.077
0.076
0.081
0.075
0.095
0.089
0.087
0.135
0.088
0.088
0.092
0.083
0.088
0.104
0.095
0.101
0.094
0.115
0.132
0.104
0.075
0.074
0.085
0.079
0.07
0.211
0.065
0.065
0.133
0.12
0.077
0.087
0.09
0.075
0.08
0.077
0.084
0.104
0.072
0.079
0.079
0.102
0.076
0.086
0.109
0.073
0.156
0.232
0.066
0.065
0.269
0.099
0.098
0.136
0.07
0.072
0.063
0.05
0.041
0.041
0.039
0.039
0.054
0.056
0.056
0.054
0.054
0.053
0.053
0.055
0.116
0.093
0.061
0.049
0.048
0.041
0.042
0.044
0.041
0.044
0.066
0.202
0.181
0.078
0.087
0.042
0.049
0.076
0.04
0.101
0.05
0.046
0.047
0.049
0.046
0.048
0.049
0.048
0.047
0.053
0.054
0.048
0.048
0.047
0.051
0.048
0.137
0.057
0.055
0.059
0.06
0.059
0.053
0.052
0.074
0.047
0.046
0.042
0.042
0.042
0.13
0.051
0.06
0.061
0.059
0.054
0.056
0.055
0.061
0.058
0.054
0.086
0.118
0.144
0.11
0.124
0.132
0.117
0.118
0.111
0.082
0.08
0.081
0.084
0.121
0.116
0.109
0.112
0.112
0.231
0.082
0.08
0.128
0.124
0.092
0.11
0.095
0.092
0.097
0.158
0.143
0.354
0.077
0.102
0.096
0.107
0.1
0.087
0.078
0.085
0.131
0.133
0.136
0.069
0.071
0.068
0.072
0.075
0.068
0.064
0.078
0.054
0.051
0.076
0.079
0.28
0.093
0.135
0.132
0.077
0.093
0.049
0.048
0.048
0.051
0.048
0.137
0.053
0.05
0.049
0.048
0.05
0.045
0.04
0.071
0.068
0.063
0.061
0.064
0.062
0.06
0.096
0.088
0.084
0.071
0.075
0.068
0.049
0.046
0.066
0.041
0.063
0.041
0.044
0.07
0.049
0.137
0.125
0.048
0.133
0.048
0.123
0.048
0.048
0.041
0.047
0.137
0.135
0.055
0.048
0.048
0.042
0.04
0.041
0.045
0.042
0.042
0.052
0.048
0.048
0.047
0.051
0.056
0.049
0.056
0.057
0.054
0.054
0.058
0.055
0.055
0.145
0.048
0.052
0.048
0.052
0.049
0.047
0.047
0.047
0.047
0.049
0.044
0.041
0.103
0.047
0.041
0.04
0.088
0.049
0.047
0.046
0.055
0.053
0.053
0.053
0.053
0.055
0.053
0.09
0.054
0.054
0.054
0.145
0.143
0.053
0.176
0.154
0.209
0.056
0.042
0.047
0.056
0.185
0.048
0.05
0.048
0.069
0.046
0.048
0.072
0.066
0.046
0.13
0.051
0.047
0.041
0.046
0.131
0.046
0.059
0.047
0.046
0.048
0.047
0.048
0.048
0.069
0.047
0.065
0.048
0.046
0.047
0.087
0.046
0.046
0.047
0.039
0.039
0.04
0.051
0.048
0.05
0.046
0.085
0.145
0.054
0.057
0.053
0.055
0.057
0.092
0.052
0.054
0.142
0.053
0.145
0.048
0.046
0.05
0.047
0.046
0.048
0.047
0.046
0.047
0.048
0.046
0.047
0.071
0.046
0.048
0.048
0.047
0.047
0.045
0.047
0.068
0.049
0.049
0.046
0.05
0.048
0.051
0.049
0.05
0.047
0.152
0.047
0.05
0.047
0.039
0.05
0.118
0.041
0.091
0.042
0.041
0.039
0.1
0.04
0.041
0.05
0.047
0.048
0.046
0.049
0.048
0.047
0.048
0.047
0.05
0.06
0.059
0.053
0.192
0.152
0.126
0.078
0.06
0.063
0.069
0.067
0.049
0.047
0.045
0.048
0.093
0.047
0.054
0.044
0.05
0.046
0.074
0.054
0.062
0.054
0.072
0.056
0.057
0.046
0.048
0.131
0.047
0.045
0.067
0.047
0.126
0.041
0.043
0.04
0.047
0.052
0.048
0.048
0.048
0.047
0.05
0.047
0.049
0.137
0.045
0.119
0.051
0.048
0.048
0.048
0.05
0.148
0.058
0.042
0.045
0.042
0.155
0.042
0.045
0.041
0.041
0.056
0.34
0.076
0.075
0.092
0.225
0.201
0.067
0.059
0.061
0.068
0.053
0.147
0.05
0.048
0.048
0.047
0.047
0.051
0.048
0.141
0.048
0.134
0.059
0.056
0.043
0.041
0.041
0.045
0.04
0.041
0.041
0.042
0.05
0.049
0.048
0.06
0.056
0.056
0.049
0.139
0.05
0.051
0.049
0.056
0.055
0.056
0.055
0.057
0.051
0.041
0.051
0.048
0.05
0.047
0.048
0.048
0.041
0.05
0.04
0.041
0.045
0.052
0.047
0.053
0.049
0.052
0.047
0.047
0.05
0.055
0.054
0.042
0.056
0.047
0.056
0.05
0.048
0.049
0.047
0.05
0.051
0.048
0.051
0.049
0.048
0.049
0.06
0.048
0.114
0.05
0.048
0.048
0.05
0.048
0.048
0.051
0.041
0.049
0.049
0.139
0.045
0.042
0.041
0.043
0.041
0.041
0.044
0.101
0.057
0.056
0.054
0.057
0.053
0.042
0.041
0.044
0.048
0.042
0.05
0.127
0.042
0.041
0.041
0.127
0.133
0.06
0.055
0.054
0.047
0.048
0.05
0.047
0.058
0.049
0.055
0.054
0.048
0.056
0.055
0.057
0.059
0.057
0.055
0.05
0.046
0.047
0.048
0.047
0.046
0.04
0.043
0.041
0.068
0.041
0.04
0.04
0.039
0.11
0.046
0.04
0.049
0.047
0.046
0.048
0.046
0.046
0.049
0.046
0.045
0.056
0.053
0.054
0.054
0.069
0.048
0.054
0.048
0.049
0.047
0.132
0.047
0.049
0.142
0.047
0.062
0.048
0.049
0.046
0.047
0.129
0.13
0.049
0.049
0.048
0.04
0.118
0.048
0.047
0.114
0.048
0.047
0.046
0.046
0.063
0.047
0.052
0.048
0.052
0.048
0.057
0.058
0.054
0.055
0.056
0.069
0.055
0.068
0.084
0.047
0.048
0.05
0.047
0.049
0.048
0.048
0.049
0.047
0.049
0.047
0.05
0.046
0.05
0.046
0.046
0.058
0.047
0.046
0.048
0.05
0.046
0.046
0.048
0.047
0.046
0.047
0.129
0.046
0.047
0.048
0.049
0.047
0.049
0.046
0.05
0.046
0.047
0.048
0.046
0.047
0.051
0.047
0.048
0.053
0.046
0.152
0.05
0.049
0.05
0.051
0.048
0.049
0.049
0.048
0.048
0.049
0.05
0.125
0.049
0.051
0.134
0.049
0.125
0.048
0.048
0.048
0.049
0.048
0.063
0.047
0.05
0.047
0.048
0.047
0.047
0.062
0.047
0.049
0.052
0.048
0.047
0.048
0.047
0.056
0.054
0.057
0.053
0.051
0.047
0.065
0.051
0.048
0.048
0.05
0.048
0.048
0.058
0.056
0.058
0.055
0.057
0.054
0.048
0.048
0.054
0.048
0.052
0.056
0.047
0.047
0.063
0.048
0.051
0.046
0.047
0.05
0.048
0.047
0.05
0.047
0.046
0.048
0.049
0.047
0.047
0.049
0.046
0.052
0.051
0.048
0.047
0.048
0.048
0.055
0.055
0.055
0.055
0.059
0.068
0.063
0.061
0.048
0.047
0.135
0.047
0.05
0.047
0.045
0.062
0.048
0.047
0.047
0.045
0.049
0.047
0.052
0.047
0.048
0.048
0.049
0.047
0.048
0.046
0.049
0.046
0.046
0.049
0.047
0.046
0.045
0.046
0.046
0.13
0.046
0.046
0.05
0.048
0.135
0.138
0.047
0.047
0.056
0.047
0.047
0.05
0.056
0.052
0.055
0.143
0.054
0.198
0.057
0.054
0.062
0.055
0.049
0.051
0.049
0.049
0.055
0.052
0.051
0.048
0.116
0.055
0.054
0.047
0.048
0.051
0.047
0.133
0.059
0.055
0.053
0.047
0.051
0.055
0.05
0.048
0.05
0.048
0.05
0.054
0.051
0.163
0.048
0.052
0.05
0.046
0.129
0.047
0.053
0.054
0.053
0.062
0.055
0.066
0.049
0.048
0.108
0.151
0.16
0.049
0.073
0.052
0.152
0.058
0.053
0.053
0.051
0.047
0.047
0.048
0.058
0.047
0.257
0.073
0.077
0.198
0.205
0.107
0.052
0.047
0.05
0.046
0.048
0.048
0.047
0.05
0.046
0.046
0.049
0.135
0.05
0.05
0.046
0.07
0.047
0.046
0.045
0.048
0.046
0.046
0.05
0.046
0.046
0.049
0.046
0.049
0.046
0.047
0.046
0.046
0.047
0.046
0.049
0.054
0.046
0.056
0.053
0.05
0.047
0.046
0.048
0.144
0.053
0.046
0.047
0.053
0.05
0.046
0.053
0.046
0.046
0.046
0.046
0.046
0.067
0.047
0.047
0.047
0.05
0.046
0.047
0.049
0.046
0.05
0.047
0.049
0.047
0.047
0.047
0.046
0.129
0.047
0.048
0.049
0.047
0.139
0.047
0.049
0.139
0.047
0.049
0.047
0.132
0.046
0.042
0.038
0.04
0.047
0.041
0.055
0.052
0.144
0.181
0.054
0.053
0.056
0.054
0.048
0.046
0.049
0.047
0.046
0.052
0.047
0.045
0.129
0.056
0.053
0.052
0.059
0.052
0.053
0.052
0.046
0.046
0.047
0.043
0.108
0.114
0.054
0.054
0.054
0.054
0.055
0.053
0.161
0.079
0.061
0.061
0.061
0.049
0.047
0.05
0.055
0.055
0.053
0.055
0.052
0.053
0.056
0.056
0.053
0.056
0.056
0.054
0.056
0.078
0.136
0.056
0.053
0.092
0.051
0.056
0.053
0.053
0.151
0.055
0.055
0.053
0.054
0.053
0.052
0.053
0.046
0.064
0.063
0.047
0.047
0.109
0.115
0.047
0.138
0.047
0.163
0.051
0.047
0.048
0.062
0.047
0.062
0.06
0.062
0.059
0.063
0.061
0.054
0.055
0.053
0.056
0.052
0.054
0.053
0.057
0.053
0.055
0.053
0.063
0.061
0.062
0.046
0.061
0.047
0.048
0.048
0.045
0.131
0.047
0.053
0.053
0.056
0.053
0.055
0.054
0.052
0.053
0.06
0.173
0.053
0.057
0.059
0.055
0.052
0.059
0.06
0.06
0.059
0.053
0.054
0.056
0.053
0.058
0.052
0.054
0.053
0.054
0.053
0.054
0.056
0.052
0.056
0.053
0.052
0.054
0.052
0.054
0.053
0.053
0.054
0.056
0.052
0.049
0.046
0.051
0.047
0.047
0.047
0.045
0.048
0.046
0.05
0.13
0.061
0.063
0.062
0.059
0.064
0.06
0.064
0.06
0.042
0.043
0.041
0.06
0.046
0.047
0.049
0.047
0.05
0.047
0.047
0.05
0.046
0.046
0.076
0.065
0.048
0.047
0.053
0.057
0.053
0.053
0.054
0.059
0.052
0.072
0.069
0.068
0.087
0.07
0.069
0.07
0.068
0.07
0.049
0.047
0.049
0.049
0.048
0.048
0.042
0.041
0.041
0.044
0.044
0.109
0.048
0.048
0.056
0.054
0.053
0.058
0.054
0.054
0.047
0.051
0.049
0.046
0.051
0.157
0.052
0.143
0.057
0.054
0.109
0.06
0.058
0.056
0.058
0.056
0.057
0.056
0.056
0.057
0.058
0.057
0.052
0.048
0.049
0.051
0.049
0.053
0.049
0.048
0.069
0.071
0.067
0.07
0.047
0.133
0.05
0.125
0.048
0.14
0.058
0.068
0.056
0.084
0.057
0.056
0.055
0.05
0.052
0.051
0.047
0.051
0.048
0.049
0.049
0.048
0.048
0.051
0.047
0.048
0.048
0.047
0.048
0.05
0.047
0.051
0.048
0.047
0.049
0.047
0.048
0.046
0.052
0.048
0.048
0.05
0.047
0.137
0.051
0.05
0.144
0.057
0.054
0.056
0.138
0.178
0.219
0.047
0.049
0.07
0.065
0.057
0.054
0.054
0.057
0.053
0.061
0.056
0.057
0.055
0.058
0.057
0.049
0.056
0.056
0.061
0.078
0.169
0.073
0.078
0.071
0.071
0.057
0.063
0.056
0.055
0.059
0.054
0.056
0.188
0.085
0.072
0.07
0.093
0.075
0.095
0.245
0.072
0.047
0.049
0.048
0.048
0.047
0.068
0.05
0.047
0.048
0.046
0.063
0.058
0.067
0.063
0.06
0.066
0.059
0.063
0.076
0.071
0.06
0.063
0.054
0.057
0.063
0.061
0.063
0.066
0.058
0.063
0.059
0.061
0.049
0.059
0.05
0.047
0.047
0.046
0.09
0.067
0.071
0.067
0.067
0.065
0.073
0.064
0.054
0.059
0.062
0.068
0.062
0.064
0.063
0.066
0.153
0.067
0.067
0.063
0.06
0.063
0.061
0.064
0.062
0.053
0.048
0.136
0.049
0.048
0.048
0.048
0.049
0.047
0.048
0.049
0.046
0.062
0.149
0.066
0.063
0.066
0.062
0.065
0.064
0.174
0.05
0.066
0.056
0.049
0.05
0.053
0.056
0.059
0.057
0.056
0.056
0.173
0.056
0.057
0.059
0.061
0.052
0.052
0.049
0.05
0.06
0.056
0.054
0.062
0.055
0.052
0.056
0.052
0.054
0.049
0.048
0.053
0.05
0.054
0.05
0.07
0.051
0.05
0.049
0.047
0.05
0.048
0.049
0.272
0.053
0.052
0.067
0.079
0.069
0.063
0.065
0.065
0.23
0.071
0.075
0.219
0.076
0.075
0.057
0.064
0.053
0.074
0.056
0.055
0.054
0.056
0.057
0.054
0.055
0.054
0.07
0.081
0.067
0.067
0.05
0.05
0.051
0.053
0.053
0.064
0.069
0.064
0.066
0.056
0.071
0.057
0.057
0.086
0.058
0.054
0.048
0.051
0.052
0.049
0.048
0.052
0.05
0.047
0.052
0.049
0.048
0.052
0.064
0.057
0.226
0.076
0.077
0.112
0.079
0.08
0.077
0.079
0.104
0.077
0.253
0.084
0.084
0.085
0.047
0.06
0.055
0.055
0.084
0.088
0.081
0.06
0.161
0.056
0.055
0.086
0.056
0.063
0.062
0.062
0.063
0.062
0.065
0.062
0.065
0.145
0.056
0.061
0.055
0.05
0.052
0.048
0.049
0.049
0.05
0.139
0.05
0.049
0.069
0.051
0.049
0.052
0.048
0.048
0.049
0.049
0.05
0.051
0.048
0.048
0.051
0.048
0.149
0.058
0.056
0.055
0.058
0.054
0.066
0.06
0.065
0.06
0.06
0.06
0.064
0.055
0.157
0.166
0.055
0.054
0.145
0.156
0.096
0.087
0.066
0.052
0.048
0.047
0.048
0.049
0.048
0.062
0.063
0.065
0.066
0.064
0.067
0.066
0.069
0.065
0.05
0.049
0.049
0.102
0.048
0.048
0.05
0.05
0.167
0.049
0.052
0.146
0.056
0.053
0.049
0.049
0.056
0.077
0.057
0.167
0.164
0.068
0.07
0.063
0.178
0.056
0.058
0.057
0.163
0.062
0.064
0.063
0.063
0.052
0.066
0.05
0.05
0.049
0.048
0.049
0.05
0.048
0.141
0.052
0.05
0.053
0.05
0.051
0.054
0.051
0.05
0.054
0.067
0.069
0.071
0.092
0.209
0.069
0.066
0.063
0.065
0.049
0.052
0.053
0.053
0.051
0.066
0.07
0.063
0.067
0.064
0.084
0.147
0.093
0.357
0.125
0.134
0.106
0.063
0.073
0.078
0.066
0.117
0.14
0.129
0.142
0.095
0.105
0.114
0.094
0.096
0.142
0.104
0.076
0.054
0.053
0.052
0.15
0.11
0.112
0.114
0.229
0.191
0.142
0.093
0.087
0.121
0.123
0.079
0.074
0.048
0.058
0.075
0.285
0.066
0.226
0.177
0.092
0.097
0.1
0.088
0.095
0.091
0.072
0.073
0.088
0.101
0.103
0.071
0.083
0.092
0.126
0.098
0.09
0.048
0.093
0.071
0.252
0.2
0.063
0.069
0.062
0.061
0.069
0.058
0.186
0.084
0.078
0.085
0.132
0.077
0.068
0.083
0.076
0.12
0.093
0.272
0.18
0.145
0.141
0.135
0.156
0.131
0.136
0.128
0.141
0.73
0.063
0.055
0.172
0.162
0.086
0.081
0.088
0.11
0.067
0.093
0.084
0.089
0.067
0.075
0.055
0.059
0.053
0.055
0.053
0.056
0.049
0.056
0.092
0.054
0.053
0.049
0.05
0.148
0.127
0.056
0.094
0.146
0.189
0.07
0.102
0.331
0.073
0.068
0.069
0.257
0.13
0.097
0.097
0.107
0.05
0.108
0.056
0.238
0.075
0.08
0.06
0.062
0.058
0.059
0.07
0.065
0.059
0.062
0.076
0.065
0.06
0.049
0.046
0.133
0.054
0.054
0.052
0.055
0.053
0.057
0.073
0.056
0.057
0.057
0.057
0.055
0.06
0.055
0.156
0.057
0.06
0.147
0.155
0.155
0.078
0.077
0.069
0.107
0.067
0.069
0.075
0.077
0.074
0.171
0.173
0.19
0.062
0.06
0.188
0.071
0.087
0.068
0.066
0.108
0.12
0.138
0.159
0.116
0.096
0.197
0.136
0.112
0.156
0.073
0.138
0.051
0.082
0.081
0.091
0.081
0.06
0.078
0.096
0.268
0.065
0.08
0.085
0.092
0.063
0.08
0.072
0.265
0.34
0.068
0.232
0.088
0.096
0.077
0.092
0.075
0.072
0.07
0.067
0.068
0.079
0.062
0.058
0.078
0.082
0.085
0.08
0.129
0.117
0.185
0.162
0.157
0.165
0.111
0.096
0.094
0.111
0.12
0.069
0.053
0.096
0.23
0.116
0.12
0.112
0.092
0.074
0.093
0.122
0.11
0.12
0.262
0.083
0.065
0.078
0.081
0.104
0.119
0.076
0.068
0.068
0.082
0.126
0.085
0.083
0.084
0.084
0.124
0.065
0.078
0.082
0.226
0.118
0.105
0.303
0.116
0.131
0.19
0.283
0.118
0.106
0.115
0.123
0.06
0.177
0.065
0.108
0.088
0.079
0.082
0.081
0.082
0.169
0.056
0.057
0.233
0.179
0.152
0.149
0.115
0.115
0.128
0.072
0.065
0.059
0.113
0.112
0.127
0.103
0.095
0.14
0.088
0.107
0.081
0.055
0.052
0.054
0.057
0.048
0.047
0.046
0.058
0.055
0.058
0.073
0.071
0.073
0.072
0.068
0.07
0.059
0.08
0.061
0.066
0.098
0.09
0.08
0.048
0.061
0.078
0.229
0.078
0.049
0.052
0.078
0.147
0.05
0.055
0.048
0.048
0.054
0.05
0.111
0.106
0.112
0.175
0.131
0.14
0.071
0.049
0.066
0.113
0.068
0.067
0.062
0.061
0.061
0.06
0.183
0.081
0.384
0.15
0.135
0.127
0.088
0.112
0.1
0.103
0.118
0.105
0.112
0.114
0.089
0.091
0.179
0.088
0.12
0.156
0.1
0.104
0.122
0.137
0.11
0.1
0.096
0.102
0.072
0.05
0.055
0.048
0.051
0.047
0.085
0.062
0.081
0.088
0.068
0.118
0.142
0.095
0.102
0.136
0.122
0.098
0.089
0.114
0.071
0.08
0.118
0.135
0.124
0.133
0.101
0.095
0.106
0.118
0.099
0.073
0.11
0.144
0.096
0.097
0.103
0.097
0.135
0.071
0.063
0.061
0.064
0.048
0.073
0.048
0.05
0.049
0.068
0.057
0.059
0.056
0.075
0.074
0.071
0.071
0.081
0.067
0.061
0.063
0.061
0.069
0.063
0.065
0.064
0.075
0.163
0.08
0.063
0.061
0.063
0.074
0.072
0.069
0.071
0.073
0.072
0.073
0.071
0.075
0.071
0.071
0.074
0.069
0.055
0.055
0.06
0.086
0.437
0.121
0.083
0.08
0.194
0.072
0.237
0.116
0.104
0.1
0.093
0.102
0.118
0.107
0.093
0.1
0.138
0.145
0.149
0.153
0.113
0.111
0.115
0.107
0.093
0.112
0.102
0.096
0.096
0.097
0.096
0.11
0.081
0.087
0.081
0.081
0.09
0.081
0.106
0.075
0.072
0.108
0.093
0.103
0.104
0.095
0.1
0.079
0.074
0.074
0.072
0.076
0.08
0.103
0.109
0.102
0.105
0.107
0.094
0.098
0.096
0.103
0.097
0.09
0.09
0.095
0.075
0.078
0.069
0.071
0.079
0.073
0.068
0.068
0.078
0.382
0.062
0.087
0.077
0.075
0.077
0.083
0.092
0.072
0.078
0.075
0.054
0.058
0.056
0.056
0.057
0.054
0.054
0.054
0.054
0.057
0.053
0.049
0.064
0.066
0.154
0.107
0.063
0.063
0.064
0.067
0.066
0.063
0.121
0.063
0.062
0.061
0.068
0.064
0.059
0.063
0.048
0.052
0.047
0.049
0.051
0.047
0.048
0.089
0.068
0.069
0.068
0.066
0.071
0.049
0.048
0.048
0.048
0.056
0.049
0.047
0.047
0.051
0.047
0.047
0.055
0.057
0.058
0.054
0.059
0.056
0.05
0.049
0.049
0.053
0.052
0.053
0.049
0.052
0.048
0.046
0.051
0.049
0.098
0.065
0.064
0.055
0.066
0.061
0.064
0.062
0.066
0.065
0.081
0.064
0.061
0.622
0.352
0.196
0.251
0.181
0.229
0.122
0.131
0.119
0.127
0.137
0.137
0.144
0.142
0.139
0.161
0.114
0.15
0.103
0.103
0.08
0.13
0.103
0.093
0.105
0.141
0.07
0.148
0.068
0.058
0.06
0.159
0.104
0.063
0.071
0.063
0.065
0.062
0.063
0.08
0.072
0.061
0.06
0.062
0.058
0.056
0.069
0.048
0.047
0.058
0.11
0.062
0.094
0.057
0.082
0.137
0.092
0.094
0.065
0.064
0.067
0.12
0.126
0.12
0.171
0.124
0.121
0.117
0.123
0.115
0.119
0.118
0.131
0.106
0.107
0.303
0.122
0.117
0.103
0.101
0.111
0.108
0.114
0.11
0.121
0.117
0.299
0.091
0.105
0.098
0.109
0.092
0.106
0.101
0.102
0.102
0.099
0.102
0.243
0.133
0.102
0.096
0.244
0.094
0.1
0.111
0.259
0.101
0.094
0.103
0.092
0.093
0.09
0.111
0.095
0.096
0.098
0.092
0.096
0.092
0.095
0.102
0.094
0.098
0.095
0.102
0.081
0.088
0.085
0.088
0.249
0.087
0.082
0.079
0.106
0.107
0.108
0.103
0.098
0.098
0.118
0.104
0.1
0.114
0.093
0.086
0.094
0.091
0.105
0.097
0.092
0.092
0.095
0.096
0.092
0.099
0.095
0.092
0.104
0.078
0.109
0.101
0.101
0.096
0.096
0.096
0.103
0.107
0.086
0.084
0.086
0.108
0.085
0.09
0.083
0.096
0.081
0.101
0.086
0.087
0.093
0.246
0.08
0.082
0.084
0.083
0.094
0.093
0.096
0.097
0.091
0.111
0.114
0.118
0.111
0.114
0.089
0.119
0.112
0.094
0.098
0.102
0.094
0.101
0.095
0.111
0.079
0.098
0.092
0.089
0.084
0.06
0.063
0.06
0.062
0.059
0.06
0.053
0.08
0.058
0.06
0.074
0.06
0.063
0.069
0.07
0.067
0.071
0.069
0.07
0.062
0.061
0.061
0.06
0.058
0.058
0.062
0.059
0.06
0.053
0.05
0.062
0.058
0.058
0.058
0.06
0.062
0.054
0.058
0.07
0.056
0.064
0.053
0.069
0.086
0.086
0.097
0.08
0.053
0.062
0.061
0.059
0.082
0.062
0.078
0.07
0.072
0.07
0.053
0.076
0.059
0.061
0.059
0.062
0.074
0.069
0.07
0.072
0.067
0.072
0.053
0.055
0.055
0.053
0.051
0.068
0.05
0.067
0.069
0.066
0.068
0.068
0.067
0.067
0.066
0.056
0.061
0.052
0.079
0.066
0.067
0.057
0.053
0.058
0.054
0.058
0.05
0.05
0.055
0.051
0.059
0.055
0.051
0.055
0.05
0.049
0.058
0.053
0.054
0.056
0.068
0.071
0.068
0.065
0.066
0.068
0.051
0.055
0.051
0.055
0.056
0.051
0.051
0.05
0.051
0.052
0.054
0.051
0.059
0.052
0.054
0.05
0.051
0.057
0.05
0.051
0.054
0.052
0.051
0.071
0.051
0.134
0.05
0.054
0.049
0.05
0.056
0.058
0.052
0.051
0.052
0.053
0.07
0.07
0.069
0.069
0.069
0.069
0.075
0.066
0.071
0.077
0.069
0.069
0.071
0.08
0.064
0.051
0.142
0.162
0.085
0.097
0.107
0.093
0.095
0.117
0.127
0.088
0.093
0.083
0.076
0.071
0.079
0.072
0.055
0.054
0.052
0.143
0.162
0.054
0.054
0.054
0.054
0.051
0.124
0.059
0.054
0.055
0.056
0.056
0.048
0.048
0.051
0.047
0.05
0.051
0.049
0.05
0.051
0.05
0.048
0.051
0.047
0.064
0.079
0.066
0.092
0.066
0.063
0.067
0.064
0.067
0.064
0.066
0.064
0.067
0.063
0.136
0.065
0.063
0.064
0.062
0.063
0.078
0.062
0.065
0.05
0.08
0.082
0.128
0.249
0.086
0.056
0.063
0.058
0.067
0.058
0.058
0.06
0.058
0.063
0.058
0.056
0.06
0.053
0.05
0.091
0.05
0.049
0.052
0.053
0.06
0.062
0.057
0.059
0.085
0.058
0.065
0.06
0.073
0.065
0.084
0.059
0.062
0.066
0.063
0.057
0.085
0.066
0.066
0.067
0.064
0.062
0.051
0.079
0.156
0.05
0.05
0.051
0.051
0.049
0.05
0.053
0.051
0.14
0.059
0.056
0.058
0.06
0.06
0.149
0.161
0.064
0.065
0.067
0.064
0.058
0.057
0.06
0.056
0.055
0.067
0.06
0.057
0.056
0.057
0.057
0.059
0.059
0.054
0.055
0.097
0.05
0.05
0.053
0.057
0.055
0.049
0.049
0.05
0.051
0.061
0.058
0.058
0.063
0.056
0.062
0.059
0.059
0.06
0.056
0.057
0.057
0.056
0.06
0.056
0.057
0.06
0.056
0.054
0.057
0.054
0.05
0.049
0.052
0.051
0.051
0.057
0.061
0.057
0.06
0.057
0.058
0.059
0.05
0.051
0.05
0.05
0.05
0.053
0.059
0.058
0.059
0.055
0.061
0.057
0.056
0.061
0.05
0.049
0.049
0.049
0.053
0.055
0.053
0.05
0.05
0.057
0.054
0.05
0.053
0.051
0.05
0.05
0.052
0.072
0.05
0.053
0.058
0.051
0.058
0.063
0.058
0.057
0.056
0.058
0.066
0.068
0.104
0.068
0.062
0.065
0.081
0.063
0.064
0.06
0.06
0.06
0.059
0.059
0.061
0.059
0.051
0.05
0.051
0.052
0.05
0.053
0.049
0.067
0.063
0.065
0.066
0.064
0.086
0.051
0.067
0.058
0.063
0.058
0.058
0.06
0.057
0.06
0.057
0.056
0.059
0.057
0.061
0.049
0.053
0.049
0.06
0.061
0.057
0.06
0.051
0.051
0.053
0.147
0.051
0.053
0.05
0.058
0.053
0.05
0.051
0.052
0.053
0.049
0.049
0.052
0.05
0.05
0.053
0.051
0.051
0.051
0.065
0.053
0.049
0.048
0.049
0.048
0.058
0.058
0.055
0.058
0.054
0.056
0.058
0.05
0.049
0.051
0.161
0.141
0.05
0.049
0.051
0.048
0.158
0.053
0.055
0.051
0.051
0.051
0.065
0.062
0.061
0.077
0.062
0.059
0.066
0.066
0.09
0.065
0.07
0.065
0.065
0.059
0.06
0.062
0.061
0.056
0.057
0.058
0.057
0.057
0.058
0.053
0.051
0.06
0.06
0.061
0.057
0.057
0.061
0.058
0.054
0.051
0.073
0.062
0.058
0.053
0.053
0.051
0.053
0.052
0.059
0.058
0.063
0.059
0.058
0.06
0.084
0.06
0.062
0.069
0.063
0.07
0.065
0.068
0.058
0.072
0.058
0.061
0.059
0.063
0.057
0.082
0.064
0.064
0.065
0.065
0.066
0.057
0.068
0.058
0.058
0.058
0.057
0.06
0.057
0.059
0.061
0.057
0.06
0.057
0.06
0.059
0.056
0.063
0.057
0.085
0.071
0.054
0.049
0.05
0.05
0.054
0.052
0.05
0.051
0.048
0.053
0.049
0.049
0.054
0.058
0.063
0.058
0.05
0.05
0.05
0.05
0.059
0.059
0.058
0.06
0.058
0.057
0.06
0.058
0.058
0.057
0.059
0.057
0.061
0.168
0.061
0.059
0.057
0.051
0.145
0.05
0.049
0.056
0.048
0.051
0.05
0.05
0.051
0.049
0.057
0.066
0.064
0.067
0.064
0.063
0.068
0.066
0.066
0.063
0.056
0.057
0.061
0.058
0.057
0.05
0.052
0.051
0.077
0.051
0.049
0.09
0.051
0.051
0.05
0.056
0.057
0.058
0.057
0.057
0.058
0.054
0.06
0.05
0.049
0.066
0.065
0.063
0.062
0.082
0.066
0.063
0.063
0.063
0.071
0.055
0.06
0.146
0.061
0.173
0.056
0.064
0.17
0.061
0.054
0.061
0.071
0.168
0.173
0.055
0.049
0.059
0.06
0.066
0.059
0.062
0.058
0.076
0.057
0.061
0.06
0.057
0.059
0.056
0.057
0.057
0.059
0.06
0.06
0.057
0.053
0.065
0.068
0.062
0.059
0.057
0.058
0.049
0.052
0.052
0.048
0.056
0.056
0.086
0.059
0.05
0.053
0.218
0.075
0.113
0.155
0.219
0.063
0.05
0.053
0.049
0.178
0.142
0.062
0.05
0.053
0.192
0.048
0.057
0.058
0.049
0.048
0.05
0.055
0.055
0.055
0.107
0.056
0.055
0.047
0.051
0.046
0.046
0.05
0.047
0.049
0.087
0.067
0.054
0.059
0.057
0.055
0.081
0.055
0.057
0.061
0.055
0.059
0.055
0.06
0.048
0.051
0.081
0.048
0.058
0.054
0.061
0.055
0.056
0.063
0.055
0.058
0.054
0.054
0.072
0.057
0.055
0.054
0.061
0.059
0.061
0.057
0.053
0.053
0.049
0.05
0.047
0.047
0.052
0.048
0.048
0.051
0.07
0.05
0.051
0.048
0.047
0.048
0.048
0.05
0.048
0.085
0.063
0.063
0.066
0.058
0.054
0.057
0.054
0.054
0.057
0.054
0.06
0.052
0.061
0.077
0.055
0.053
0.055
0.055
0.055
0.054
0.055
0.054
0.052
0.045
0.047
0.049
0.052
0.048
0.046
0.047
0.046
0.049
0.047
0.046
0.051
0.046
0.054
0.077
0.053
0.057
0.046
0.045
0.047
0.045
0.05
0.049
0.077
0.054
0.056
0.053
0.049
0.054
0.081
0.06
0.089
0.06
0.06
0.059
0.046
0.047
0.048
0.045
0.066
0.052
0.046
0.047
0.046
0.053
0.049
0.048
0.073
0.06
0.054
0.052
0.052
0.052
0.053
0.055
0.052
0.048
0.046
0.046
0.05
0.047
0.048
0.047
0.048
0.047
0.049
0.056
0.056
0.053
0.056
0.053
0.052
0.072
0.053
0.061
0.046
0.046
0.046
0.047
0.046
0.1
0.083
0.083
0.113
0.064
0.06
0.059
0.062
0.07
0.045
0.046
0.045
0.073
0.047
0.046
0.125
0.131
0.067
0.048
0.054
0.056
0.053
0.055
0.053
0.053
0.056
0.048
0.046
0.053
0.046
0.047
0.047
0.045
0.047
0.054
0.045
0.05
0.164
0.055
0.056
0.054
0.053
0.078
0.069
0.053
0.059
0.052
0.052
0.083
0.054
0.054
0.053
0.057
0.048
0.069
0.054
0.074
0.053
0.052
0.057
0.053
0.055
0.052
0.052
0.053
0.071
0.057
0.053
0.055
0.056
0.055
0.052
0.055
0.056
0.053
0.06
0.052
0.056
0.053
0.052
0.053
0.051
0.054
0.053
0.054
0.078
0.053
0.057
0.053
0.053
0.056
0.081
0.054
0.056
0.055
0.058
0.054
0.072
0.055
0.054
0.057
0.057
0.055
0.149
0.148
0.168
0.058
0.056
0.055
0.053
0.072
0.146
0.057
0.055
0.058
0.054
0.056
0.055
0.054
0.055
0.057
0.055
0.073
0.056
0.048
0.048
0.057
0.052
0.049
0.069
0.058
0.055
0.059
0.06
0.146
0.056
0.05
0.137
0.064
0.056
0.057
0.06
0.056
0.059
0.055
0.058
0.055
0.055
0.079
0.056
0.059
0.056
0.06
0.056
0.049
0.051
0.079
0.06
0.054
0.054
0.058
0.055
0.053
0.051
0.054
0.085
0.053
0.051
0.14
0.05
0.051
0.058
0.06
0.057
0.059
0.058
0.055
0.056
0.056
0.055
0.054
0.089
0.054
0.059
0.056
0.056
0.055
0.056
0.058
0.075
0.058
0.06
0.058
0.057
0.08
0.057
0.059
0.057
0.057
0.061
0.056
0.059
0.055
0.059
0.054
0.054
0.059
0.058
0.051
0.049
0.048
0.048
0.138
0.05
0.048
0.082
0.056
0.06
0.057
0.054
0.055
0.052
0.054
0.048
0.169
0.051
0.047
0.055
0.057
0.054
0.053
0.056
0.054
0.056
0.052
0.051
0.05
0.049
0.051
0.05
0.059
0.049
0.07
0.049
0.059
0.055
0.057
0.056
0.06
0.072
0.066
0.087
0.057
0.059
0.056
0.057
0.049
0.053
0.048
0.078
0.07
0.05
0.05
0.048
0.061
0.056
0.056
0.048
0.049
0.091
0.049
0.05
0.06
0.057
0.058
0.056
0.057
0.056
0.06
0.064
0.056
0.06
0.05
0.101
0.077
0.05
0.052
0.06
0.055
0.049
0.048
0.056
0.075
0.059
0.056
0.053
0.051
0.052
0.049
0.053
0.049
0.078
0.053
0.055
0.05
0.051
0.059
0.069
0.167
0.055
0.059
0.161
0.049
0.048
0.048
0.054
0.223
0.074
0.135
0.075
0.073
0.121
0.161
0.057
0.054
0.054
0.055
0.054
0.055
0.088
0.053
0.057
0.055
0.056
0.063
0.163
0.047
0.05
0.062
0.045
0.05
0.045
0.047
0.056
0.053
0.055
0.051
0.057
0.054
0.077
0.057
0.054
0.059
0.055
0.059
0.057
0.056
0.092
0.055
0.058
0.055
0.055
0.059
0.056
0.052
0.048
0.049
0.051
0.049
0.047
0.05
0.065
0.063
0.055
0.056
0.056
0.055
0.058
0.056
0.052
0.053
0.056
0.053
0.054
0.153
0.142
0.059
0.052
0.048
0.057
0.048
0.047
0.056
0.054
0.057
0.057
0.053
0.053
0.056
0.054
0.057
0.053
0.055
0.069
0.056
0.049
0.05
0.047
0.049
0.051
0.049
0.051
0.055
0.048
0.06
0.057
0.058
0.054
0.051
0.055
0.058
0.056
0.057
0.055
0.056
0.06
0.055
0.057
0.06
0.056
0.056
0.057
0.054
0.058
0.055
0.171
0.058
0.056
0.058
0.055
0.058
0.057
0.056
0.055
0.056
0.056
0.048
0.048
0.063
0.046
0.047
0.05
0.048
0.045
0.047
0.052
0.055
0.052
0.053
0.053
0.068
0.064
0.048
0.048
0.047
0.051
0.047
0.046
0.05
0.049
0.047
0.05
0.055
0.08
0.053
0.048
0.047
0.056
0.054
0.056
0.055
0.058
0.054
0.058
0.054
0.049
0.054
0.055
0.151
0.057
0.055
0.057
0.057
0.059
0.057
0.056
0.058
0.055
0.055
0.052
0.05
0.048
0.048
0.05
0.047
0.064
0.048
0.049
0.056
0.055
0.058
0.049
0.052
0.048
0.051
0.049
0.048
0.051
0.049
0.049
0.05
0.048
0.051
0.047
0.048
0.051
0.049
0.047
0.049
0.05
0.048
0.163
0.163
0.048
0.163
0.138
0.056
0.056
0.06
0.055
0.056
0.055
0.069
0.055
0.058
0.055
0.056
0.055
0.057
0.055
0.146
0.056
0.061
0.056
0.059
0.054
0.058
0.082
0.074
0.049
0.061
0.048
0.049
0.046
0.044
0.072
0.046
0.046
0.054
0.053
0.052
0.055
0.055
0.056
0.055
0.054
0.079
0.054
0.056
0.057
0.05
0.055
0.057
0.157
0.057
0.058
0.155
0.051
0.049
0.049
0.048
0.057
0.052
0.055
0.053
0.055
0.052
0.066
0.055
0.055
0.057
0.054
0.053
0.061
0.056
0.056
0.054
0.076
0.056
0.056
0.057
0.057
0.053
0.055
0.056
0.054
0.052
0.053
0.054
0.187
0.061
0.06
0.063
0.061
0.048
0.052
0.05
0.048
0.047
0.047
0.048
0.052
0.048
0.056
0.053
0.056
0.053
0.057
0.053
0.058
0.054
0.067
0.061
0.057
0.057
0.057
0.06
0.057
0.178
0.069
0.173
0.063
0.063
0.065
0.063
0.065
0.064
0.064
0.061
0.063
0.188
0.067
0.061
0.046
0.046
0.048
0.048
0.05
0.047
0.047
0.133
0.051
0.055
0.047
0.05
0.048
0.057
0.062
0.055
0.05
0.047
0.047
0.179
0.163
0.056
0.057
0.208
0.066
0.068
0.065
0.067
0.063
0.066
0.05
0.054
0.051
0.065
0.061
0.065
0.052
0.048
0.065
0.055
0.058
0.092
0.054
0.055
0.079
0.06
0.055
0.058
0.055
0.065
0.063
0.064
0.049
0.048
0.052
0.049
0.048
0.055
0.058
0.055
0.059
0.055
0.054
0.055
0.054
0.057
0.062
0.051
0.137
0.049
0.06
0.053
0.053
0.056
0.055
0.053
0.057
0.054
0.053
0.053
0.056
0.072
0.054
0.049
0.048
0.049
0.047
0.054
0.054
0.055
0.137
0.054
0.058
0.056
0.057
0.054
0.054
0.07
0.054
0.056
0.061
0.064
0.063
0.061
0.061
0.064
0.063
0.062
0.061
0.061
0.068
0.07
0.059
0.062
0.05
0.05
0.053
0.047
0.047
0.047
0.049
0.05
0.133
0.057
0.062
0.055
0.054
0.055
0.064
0.081
0.099
0.084
0.057
0.093
0.058
0.058
0.059
0.073
0.065
0.092
0.088
0.062
0.077
0.064
0.066
0.067
0.052
0.047
0.06
0.053
0.059
0.051
0.052
0.057
0.058
0.169
0.057
0.065
0.068
0.06
0.061
0.061
0.066
0.061
0.07
0.047
0.052
0.047
0.05
0.084
0.062
0.048
0.047
0.05
0.048
0.047
0.051
0.047
0.062
0.06
0.047
0.049
0.051
0.05
0.051
0.163
0.052
0.24
0.344
0.157
0.07
0.047
0.049
0.047
0.072
0.149
0.055
0.067
0.053
0.051
0.053
0.051
0.052
0.053
0.05
0.054
0.051
0.141
0.052
0.052
0.051
0.07
0.049
0.045
0.08
0.049
0.13
0.138
0.051
0.319
0.165
0.063
0.239
0.071
0.067
0.053
0.063
0.067
0.063
0.09
0.064
0.068
0.063
0.067
0.045
0.048
0.044
0.044
0.045
0.045
0.045
0.05
0.054
0.05
0.054
0.079
0.056
0.051
0.09
0.052
0.057
0.052
0.053
0.053
0.051
0.054
0.05
0.133
0.133
0.159
0.064
0.051
0.055
0.055
0.052
0.054
0.051
0.051
0.053
0.05
0.055
0.051
0.054
0.165
0.188
0.077
0.058
0.08
0.057
0.065
0.058
0.061
0.074
0.059
0.061
0.059
0.058
0.097
0.058
0.145
0.053
0.085
0.052
0.054
0.051
0.051
0.057
0.074
0.053
0.051
0.054
0.052
0.053
0.05
0.053
0.054
0.051
0.058
0.098
0.044
0.044
0.049
0.045
0.045
0.058
0.082
0.056
0.051
0.09
0.051
0.051
0.19
0.17
0.059
0.051
0.055
0.052
0.068
0.051
0.046
0.044
0.045
0.045
0.048
0.134
0.052
0.05
0.059
0.06
0.058
0.06
0.056
0.073
0.06
0.057
0.084
0.054
0.059
0.059
0.056
0.046
0.048
0.045
0.045
0.048
0.044
0.045
0.048
0.044
0.045
0.047
0.045
0.044
0.046
0.051
0.055
0.051
0.051
0.052
0.055
0.057
0.051
0.073
0.054
0.051
0.077
0.051
0.054
0.044
0.05
0.051
0.133
0.055
0.05
0.055
0.133
0.163
0.195
0.058
0.066
0.044
0.045
0.045
0.045
0.045
0.139
0.051
0.051
0.052
0.06
0.06
0.057
0.061
0.072
0.147
0.125
0.141
0.15
0.136
0.128
0.124
0.06
0.054
0.061
0.059
0.067
0.074
0.058
0.058
0.06
0.06
0.057
0.06
0.146
0.054
0.052
0.053
0.051
0.05
0.053
0.052
0.054
0.052
0.052
0.052
0.054
0.052
0.051
0.06
0.058
0.058
0.059
0.058
0.06
0.059
0.058
0.055
0.051
0.05
0.06
0.058
0.082
0.058
0.054
0.051
0.053
0.051
0.054
0.051
0.051
0.055
0.06
0.06
0.059
0.061
0.059
0.057
0.06
0.058
0.059
0.061
0.057
0.06
0.058
0.163
0.059
0.052
0.061
0.057
0.16
0.061
0.056
0.178
0.063
0.083
0.069
0.047
0.045
0.055
0.052
0.054
0.051
0.054
0.052
0.051
0.052
0.052
0.054
0.056
0.049
0.046
0.045
0.047
0.062
0.058
0.06
0.058
0.044
0.068
0.065
0.045
0.047
0.046
0.044
0.055
0.055
0.052
0.053
0.05
0.054
0.05
0.046
0.1
0.047
0.053
0.054
0.057
0.047
0.047
0.046
0.046
0.048
0.047
0.045
0.048
0.07
0.057
0.053
0.054
0.051
0.051
0.158
0.045
0.048
0.121
0.046
0.13
0.052
0.052
0.091
0.083
0.045
0.058
0.06
0.059
0.061
0.058
0.052
0.055
0.052
0.059
0.058
0.059
0.058
0.061
0.075
0.049
0.044
0.046
0.049
0.059
0.061
0.058
0.059
0.062
0.075
0.06
0.058
0.062
0.064
0.061
0.058
0.057
0.059
0.058
0.058
0.058
0.059
0.061
0.084
0.058
0.06
0.061
0.057
0.061
0.052
0.097
0.053
0.05
0.052
0.062
0.053
0.051
0.045
0.044
0.045
0.07
0.053
0.055
0.055
0.066
0.058
0.052
0.053
0.05
0.048
0.045
0.056
0.045
0.06
0.045
0.046
0.044
0.053
0.046
0.046
0.044
0.051
0.052
0.058
0.051
0.061
0.054
0.082
0.052
0.087
0.062
0.091
0.057
0.05
0.051
0.045
0.053
0.053
0.046
0.046
0.045
0.129
0.052
0.052
0.053
0.053
0.053
0.055
0.051
0.049
0.045
0.054
0.051
0.052
0.053
0.051
0.056
0.05
0.052
0.046
0.056
0.054
0.053
0.051
0.076
0.051
0.052
0.051
0.052
0.052
0.051
0.05
0.053
0.053
0.052
0.053
0.051
0.078
0.1
0.051
0.078
0.052
0.047
0.045
0.043
0.046
0.046
0.05
0.044
0.06
0.058
0.059
0.062
0.06
0.057
0.058
0.058
0.052
0.052
0.053
0.055
0.052
0.054
0.052
0.044
0.045
0.077
0.13
0.124
0.051
0.052
0.054
0.061
0.059
0.059
0.061
0.056
0.057
0.062
0.061
0.058
0.059
0.061
0.082
0.119
0.113
0.061
0.057
0.06
0.057
0.06
0.062
0.061
0.057
0.061
0.051
0.07
0.045
0.045
0.045
0.049
0.045
0.046
0.047
0.062
0.057
0.062
0.061
0.061
0.057
0.057
0.052
0.057
0.057
0.058
0.052
0.062
0.052
0.06
0.058
0.059
0.06
0.051
0.058
0.051
0.053
0.053
0.05
0.161
0.057
0.056
0.051
0.051
0.051
0.052
0.051
0.161
0.146
0.068
0.053
0.052
0.077
0.05
0.056
0.053
0.052
0.055
0.052
0.049
0.045
0.048
0.044
0.061
0.048
0.046
0.048
0.045
0.049
0.046
0.044
0.059
0.062
0.059
0.059
0.06
0.059
0.061
0.059
0.06
0.061
0.057
0.06
0.058
0.059
0.059
0.063
0.052
0.052
0.051
0.054
0.052
0.052
0.055
0.053
0.045
0.047
0.044
0.045
0.047
0.046
0.048
0.045
0.054
0.052
0.051
0.055
0.051
0.054
0.046
0.046
0.045
0.044
0.047
0.044
0.045
0.046
0.049
0.044
0.053
0.054
0.088
0.062
0.058
0.059
0.062
0.058
0.058
0.058
0.075
0.058
0.051
0.054
0.054
0.051
0.053
0.052
0.136
0.047
0.045
0.048
0.053
0.053
0.054
0.051
0.059
0.062
0.058
0.059
0.061
0.055
0.058
0.048
0.05
0.045
0.046
0.047
0.045
0.048
0.046
0.045
0.048
0.045
0.044
0.131
0.046
0.052
0.052
0.048
0.045
0.045
0.048
0.131
0.06
0.046
0.055
0.059
0.045
0.052
0.052
0.052
0.053
0.095
0.099
0.21
0.116
0.115
0.131
0.121
0.076
0.053
0.056
0.052
0.066
0.057
0.054
0.055
0.077
0.069
0.052
0.057
0.054
0.09
0.069
0.059
0.058
0.056
0.057
0.062
0.067
0.065
0.067
0.074
0.061
0.059
0.094
0.059
0.058
0.054
0.056
0.053
0.052
0.056
0.052
0.061
0.053
0.047
0.047
0.047
0.079
0.046
0.045
0.05
0.046
0.05
0.063
0.086
0.045
0.049
0.046
0.048
0.048
0.055
0.054
0.056
0.053
0.054
0.046
0.047
0.046
0.056
0.052
0.053
0.054
0.053
0.054
0.054
0.063
0.063
0.06
0.09
0.06
0.062
0.059
0.06
0.05
0.056
0.053
0.055
0.053
0.052
0.052
0.054
0.052
0.052
0.055
0.046
0.053
0.049
0.054
0.057
0.056
0.052
0.068
0.053
0.052
0.057
0.046
0.049
0.045
0.049
0.049
0.054
0.047
0.063
0.052
0.057
0.052
0.053
0.055
0.059
0.053
0.059
0.046
0.05
0.046
0.046
0.125
0.057
0.055
0.054
0.061
0.054
0.058
0.054
0.053
0.058
0.053
0.056
0.056
0.053
0.053
0.058
0.056
0.054
0.053
0.062
0.084
0.127
0.088
0.06
0.052
0.057
0.052
0.054
0.047
0.046
0.049
0.049
0.052
0.053
0.054
0.045
0.053
0.055
0.052
0.054
0.053
0.055
0.054
0.056
0.053
0.057
0.053
0.061
0.052
0.06
0.053
0.056
0.052
0.058
0.056
0.051
0.059
0.052
0.052
0.056
0.053
0.142
0.059
0.067
0.059
0.056
0.059
0.055
0.055
0.204
0.055
0.052
0.059
0.054
0.055
0.077
0.049
0.047
0.046
0.048
0.05
0.047
0.049
0.061
0.078
0.084
0.092
0.096
0.123
0.09
0.088
0.083
0.074
0.071
0.075
0.077
0.079
0.079
0.072
0.074
0.079
0.074
0.087
0.125
0.084
0.089
0.119
0.083
0.101
0.093
0.087
0.091
0.086
0.087
0.087
0.089
0.105
0.089
0.084
0.082
0.092
0.089
0.082
0.12
0.085
0.086
0.076
0.073
0.2
0.223
0.081
0.076
0.072
0.075
0.085
0.086
0.087
0.074
0.075
0.072
0.072
0.071
0.074
0.073
0.11
0.085
0.083
0.083
0.089
0.096
0.075
0.081
0.082
0.078
0.231
0.218
0.101
0.221
0.252
0.075
0.089
0.083
0.086
0.122
0.083
0.087
0.09
0.083
0.101
0.102
0.126
0.096
0.095
0.094
0.096
0.077
0.097
0.072
0.083
0.1
0.096
0.098
0.093
0.1
0.101
0.183
0.068
0.068
0.048
0.048
0.05
0.048
0.048
0.063
0.061
0.164
0.05
0.051
0.049
0.048
0.049
0.056
0.057
0.051
0.048
0.049
0.091
0.05
0.056
0.058
0.053
0.06
0.054
0.057
0.054
0.057
0.058
0.052
0.056
0.067
0.048
0.052
0.067
0.063
0.056
0.057
0.068
0.053
0.052
0.047
0.046
0.047
0.06
0.054
0.065
0.082
0.064
0.061
0.059
0.063
0.06
0.049
0.046
0.112
0.048
0.047
0.055
0.053
0.055
0.057
0.053
0.056
0.058
0.055
0.058
0.059
0.054
0.059
0.055
0.054
0.058
0.055
0.055
0.057
0.056
0.059
0.056
0.057
0.06
0.055
0.057
0.055
0.058
0.055
0.056
0.057
0.055
0.059
0.053
0.054
0.056
0.054
0.171
0.059
0.062
0.056
0.056
0.055
0.054
0.055
0.056
0.055
0.054
0.057
0.055
0.049
0.048
0.065
0.048
0.05
0.048
0.049
0.046
0.058
0.057
0.047
0.047
0.049
0.048
0.047
0.049
0.049
0.047
0.047
0.058
0.054
0.063
0.065
0.062
0.054
0.064
0.06
0.061
0.062
0.06
0.057
0.082
0.06
0.058
0.053
0.056
0.054
0.058
0.055
0.054
0.057
0.055
0.056
0.055
0.058
0.055
0.057
0.053
0.058
0.054
0.055
0.057
0.053
0.059
0.052
0.054
0.053
0.057
0.054
0.056
0.054
0.056
0.054
0.057
0.054
0.056
0.059
0.054
0.089
0.059
0.054
0.054
0.17
0.063
0.065
0.056
0.054
0.058
0.055
0.047
0.081
0.066
0.063
0.065
0.048
0.058
0.065
0.055
0.059
0.054
0.055
0.068
0.056
0.059
0.055
0.055
0.057
0.053
0.057
0.048
0.05
0.048
0.049
0.049
0.053
0.061
0.056
0.056
0.058
0.067
0.156
0.063
0.066
0.061
0.058
0.053
0.048
0.049
0.049
0.048
0.058
0.053
0.056
0.048
0.067
0.048
0.052
0.052
0.055
0.047
0.048
0.051
0.046
0.048
0.047
0.061
0.061
0.052
0.048
0.051
0.05
0.051
0.048
0.048
0.051
0.047
0.07
0.052
0.053
0.056
0.053
0.057
0.054
0.055
0.053
0.054
0.055
0.053
0.053
0.052
0.047
0.046
0.046
0.047
0.151
0.056
0.054
0.054
0.056
0.052
0.056
0.055
0.052
0.065
0.05
0.047
0.048
0.056
0.048
0.056
0.055
0.057
0.062
0.061
0.15
0.064
0.06
0.063
0.06
0.064
0.06
0.059
0.053
0.061
0.06
0.063
0.172
0.061
0.064
0.061
0.054
0.054
0.058
0.055
0.059
0.053
0.053
0.057
0.055
0.053
0.054
0.054
0.057
0.055
0.06
0.055
0.056
0.058
0.054
0.07
0.056
0.057
0.058
0.055
0.059
0.056
0.147
0.154
0.069
0.207
0.064
0.06
0.061
0.059
0.062
0.059
0.054
0.057
0.054
0.055
0.06
0.057
0.149
0.062
0.064
0.055
0.048
0.046
0.049
0.056
0.055
0.048
0.051
0.054
0.057
0.054
0.056
0.055
0.055
0.074
0.057
0.055
0.054
0.053
0.057
0.058
0.153
0.056
0.057
0.059
0.055
0.056
0.057
0.058
0.054
0.054
0.057
0.059
0.055
0.054
0.054
0.054
0.058
0.054
0.053
0.056
0.053
0.056
0.097
0.056
0.046
0.055
0.052
0.056
0.053
0.054
0.053
0.053
0.049
0.049
0.054
0.051
0.053
0.047
0.076
0.061
0.064
0.062
0.065
0.061
0.079
0.055
0.056
0.055
0.055
0.057
0.055
0.053
0.046
0.047
0.046
0.053
0.045
0.128
0.045
0.064
0.049
0.051
0.048
0.048
0.057
0.054
0.058
0.056
0.056
0.061
0.064
0.061
0.061
0.062
0.061
0.063
0.06
0.063
0.052
0.052
0.048
0.051
0.051
0.049
0.057
0.062
0.056
0.054
0.054
0.188
0.215
0.153
0.23
0.073
0.067
0.082
0.063
0.058
0.063
0.059
0.061
0.061
0.053
0.054
0.052
0.18
0.052
0.053
0.051
0.055
0.053
0.046
0.06
0.151
0.061
0.063
0.059
0.06
0.059
0.059
0.047
0.046
0.049
0.046
0.045
0.145
0.048
0.049
0.046
0.049
0.046
0.12
0.048
0.047
0.054
0.052
0.052
0.056
0.056
0.052
0.052
0.055
0.051
0.089
0.056
0.055
0.054
0.053
0.056
0.052
0.055
0.053
0.056
0.051
0.051
0.056
0.162
0.052
0.167
0.057
0.178
0.126
0.047
0.048
0.048
0.129
0.047
0.044
0.135
0.055
0.167
0.049
0.058
0.057
0.061
0.081
0.056
0.055
0.052
0.051
0.144
0.053
0.051
0.141
0.078
0.051
0.055
0.05
0.055
0.055
0.052
0.051
0.05
0.051
0.159
0.061
0.059
0.063
0.108
0.146
0.169
0.176
0.227
0.152
0.054
0.053
0.05
0.05
0.159
0.061
0.051
0.05
0.073
0.061
0.047
0.046
0.045
0.048
0.044
0.06
0.058
0.058
0.06
0.057
0.06
0.057
0.06
0.098
0.052
0.055
0.052
0.053
0.05
0.052
0.053
0.05
0.05
0.054
0.135
0.052
0.052
0.061
0.058
0.06
0.056
0.06
0.052
0.052
0.052
0.052
0.054
0.053
0.055
0.051
0.054
0.054
0.059
0.05
0.044
0.044
0.048
0.045
0.045
0.048
0.063
0.058
0.061
0.053
0.053
0.05
0.054
0.052
0.052
0.052
0.079
0.051
0.055
0.051
0.056
0.052
0.054
0.05
0.051
0.053
0.052
0.045
0.052
0.045
0.047
0.052
0.054
0.051
0.052
0.053
0.092
0.05
0.053
0.055
0.137
0.051
0.052
0.067
0.052
0.054
0.053
0.052
0.05
0.05
0.05
0.051
0.052
0.052
0.052
0.053
0.052
0.088
0.052
0.052
0.053
0.055
0.05
0.055
0.053
0.055
0.051
0.058
0.059
0.059
0.06
0.054
0.089
0.107
0.054
0.053
0.051
0.052
0.091
0.058
0.058
0.045
0.048
0.045
0.045
0.053
0.051
0.054
0.052
0.055
0.089
0.055
0.051
0.052
0.053
0.054
0.053
0.051
0.051
0.05
0.093
0.055
0.05
0.049
0.06
0.051
0.06
0.05
0.052
0.059
0.053
0.053
0.054
0.057
0.058
0.058
0.061
0.074
0.064
0.057
0.06
0.057
0.059
0.057
0.052
0.044
0.059
0.059
0.058
0.064
0.058
0.051
0.054
0.052
0.05
0.052
0.054
0.05
0.054
0.051
0.051
0.058
0.07
0.053
0.053
0.05
0.053
0.051
0.056
0.056
0.058
0.077
0.147
0.061
0.078
0.075
0.055
0.056
0.058
0.055
0.045
0.047
0.045
0.044
0.047
0.058
0.045
0.044
0.054
0.05
0.05
0.116
0.053
0.056
0.053
0.051
0.052
0.053
0.052
0.053
0.051
0.071
0.055
0.052
0.051
0.05
0.051
0.05
0.054
0.05
0.044
0.07
0.062
0.045
0.05
0.047
0.124
0.045
0.045
0.07
0.089
0.045
0.166
0.055
0.051
0.053
0.051
0.051
0.052
0.06
0.058
0.073
0.059
0.056
0.059
0.058
0.062
0.057
0.047
0.054
0.051
0.051
0.052
0.051
0.053
0.102
0.061
0.054
0.056
0.054
0.054
0.061
0.068
0.051
0.107
0.094
0.127
0.056
0.071
0.089
0.054
0.143
0.086
0.092
0.089
0.093
0.087
0.154
0.058
0.065
0.058
0.061
0.058
0.058
0.062
0.16
0.054
0.054
0.051
0.061
0.051
0.052
0.072
0.091
0.052
0.055
0.051
0.107
0.059
0.061
0.11
0.086
0.081
0.055
0.075
0.06
0.056
0.059
0.057
0.059
0.057
0.058
0.06
0.052
0.052
0.05
0.053
0.051
0.05
0.055
0.051
0.053
0.051
0.045
0.06
0.052
0.053
0.049
0.053
0.052
0.052
0.052
0.051
0.055
0.051
0.051
0.051
0.053
0.052
0.052
0.051
0.054
0.053
0.055
0.059
0.051
0.046
0.046
0.048
0.044
0.046
0.058
0.056
0.062
0.072
0.215
0.181
0.093
0.076
0.067
0.081
0.301
0.052
0.055
0.047
0.044
0.05
0.046
0.047
0.051
0.055
0.055
0.051
0.054
0.05
0.061
0.052
0.083
0.112
0.076
0.071
0.078
0.128
0.053
0.055
0.051
0.053
0.051
0.053
0.054
0.1
0.052
0.054
0.052
0.055
0.051
0.052
0.053
0.051
0.054
0.052
0.062
0.058
0.058
0.047
0.052
0.052
0.052
0.051
0.061
0.051
0.051
0.086
0.053
0.054
0.05
0.053
0.069
0.051
0.051
0.05
0.045
0.048
0.053
0.054
0.05
0.052
0.054
0.052
0.066
0.058
0.06
0.059
0.054
0.05
0.052
0.058
0.057
0.051
0.062
0.045
0.052
0.053
0.065
0.053
0.047
0.047
0.049
0.047
0.147
0.053
0.046
0.049
0.046
0.046
0.049
0.046
0.046
0.048
0.045
0.057
0.052
0.051
0.059
0.053
0.054
0.052
0.057
0.052
0.054
0.057
0.047
0.056
0.056
0.059
0.057
0.054
0.053
0.055
0.054
0.054
0.053
0.069
0.053
0.053
0.053
0.051
0.054
0.055
0.069
0.052
0.055
0.051
0.054
0.056
0.064
0.059
0.061
0.058
0.059
0.06
0.059
0.06
0.075
0.061
0.055
0.061
0.054
0.054
0.053
0.057
0.055
0.055
0.055
0.057
0.057
0.054
0.056
0.055
0.055
0.053
0.055
0.053
0.061
0.055
0.055
0.054
0.056
0.055
0.058
0.054
0.052
0.059
0.054
0.053
0.057
0.057
0.054
0.055
0.053
0.055
0.054
0.055
0.054
0.047
0.047
0.05
0.048
0.047
0.046
0.049
0.048
0.058
0.055
0.056
0.055
0.071
0.06
0.053
0.056
0.064
0.061
0.066
0.062
0.064
0.063
0.091
0.075
0.046
0.056
0.062
0.049
0.057
0.055
0.057
0.053
0.057
0.053
0.054
0.054
0.061
0.062
0.061
0.059
0.06
0.057
0.063
0.054
0.064
0.055
0.053
0.061
0.065
0.065
0.057
0.056
0.055
0.058
0.056
0.055
0.054
0.054
0.063
0.057
0.061
0.061
0.058
0.055
0.053
0.057
0.073
0.06
0.053
0.064
0.063
0.099
0.061
0.066
0.062
0.064
0.048
0.053
0.049
0.058
0.055
0.054
0.057
0.054
0.057
0.048
0.058
0.056
0.056
0.054
0.058
0.054
0.058
0.056
0.057
0.047
0.048
0.052
0.049
0.049
0.058
0.048
0.056
0.062
0.064
0.052
0.046
0.048
0.134
0.155
0.058
0.047
0.046
0.053
0.046
0.046
0.056
0.053
0.057
0.054
0.165
0.054
0.054
0.069
0.058
0.054
0.067
0.062
0.067
0.079
0.066
0.062
0.065
0.059
0.054
0.055
0.056
0.059
0.055
0.054
0.054
0.057
0.058
0.055
0.064
0.049
0.055
0.057
0.058
0.057
0.054
0.055
0.048
0.049
0.051
0.048
0.047
0.058
0.055
0.058
0.052
0.054
0.053
0.056
0.048
0.049
0.047
0.047
0.053
0.057
0.048
0.067
0.062
0.065
0.063
0.062
0.056
0.056
0.058
0.056
0.057
0.056
0.057
0.056
0.059
0.055
0.054
0.057
0.048
0.06
0.057
0.054
0.054
0.06
0.056
0.055
0.059
0.054
0.059
0.054
0.06
0.143
0.067
0.065
0.063
0.065
0.062
0.062
0.063
0.056
0.059
0.054
0.055
0.054
0.055
0.059
0.058
0.056
0.058
0.049
0.047
0.048
0.061
0.059
0.062
0.057
0.058
0.058
0.055
0.083
0.065
0.063
0.063
0.064
0.062
0.063
0.062
0.055
0.056
0.057
0.055
0.056
0.057
0.059
0.084
0.056
0.057
0.058
0.054
0.078
0.051
0.056
0.104
0.049
0.067
0.057
0.049
0.05
0.048
0.059
0.056
0.058
0.056
0.057
0.059
0.055
0.053
0.05
0.068
0.143
0.048
0.048
0.051
0.054
0.062
0.063
0.059
0.067
0.17
0.054
0.048
0.079
0.047
0.048
0.051
0.063
0.061
0.064
0.056
0.055
0.058
0.066
0.054
0.054
0.056
0.053
0.056
0.054
0.056
0.05
0.047
0.046
0.052
0.047
0.053
0.056
0.055
0.077
0.06
0.054
0.057
0.053
0.056
0.081
0.061
0.063
0.062
0.06
0.061
0.068
0.062
0.061
0.054
0.06
0.218
0.062
0.05
0.058
0.061
0.058
0.056
0.06
0.074
0.055
0.056
0.055
0.069
0.056
0.056
0.055
0.055
0.059
0.049
0.048
0.167
0.26
0.131
0.074
0.074
0.104
0.313
0.05
0.049
0.047
0.049
0.05
0.049
0.051
0.046
0.06
0.047
0.045
0.047
0.058
0.053
0.052
0.052
0.052
0.055
0.053
0.061
0.065
0.059
0.063
0.06
0.073
0.058
0.076
0.074
0.161
0.132
0.06
0.069
0.061
0.056
0.05
0.062
0.053
0.055
0.053
0.052
0.055
0.052
0.054
0.054
0.056
0.053
0.055
0.055
0.053
0.051
0.079
0.058
0.061
0.052
0.053
0.054
0.052
0.052
0.053
0.053
0.181
0.057
0.053
0.062
0.053
0.054
0.051
0.057
0.056
0.052
0.057
0.056
0.053
0.051
0.078
0.054
0.052
0.054
0.06
0.185
0.054
0.056
0.052
0.052
0.055
0.058
0.148
0.173
0.154
0.06
0.057
0.058
0.052
0.056
0.06
0.054
0.046
0.061
0.061
0.067
0.047
0.054
0.054
0.06
0.046
0.049
0.053
0.056
0.052
0.053
0.057
0.095
0.047
0.049
0.047
0.045
0.061
0.059
0.065
0.072
0.059
0.063
0.059
0.059
0.062
0.058
0.065
0.053
0.053
0.061
0.053
0.048
0.054
0.073
0.053
0.053
0.053
0.047
0.049
0.055
0.051
0.054
0.052
0.052
0.055
0.051
0.057
0.046
0.045
0.045
0.054
0.047
0.044
0.05
0.048
0.053
0.053
0.054
0.053
0.051
0.054
0.094
0.064
0.052
0.054
0.052
0.054
0.053
0.052
0.136
0.06
0.052
0.056
0.05
0.057
0.07
0.053
0.057
0.052
0.054
0.057
0.056
0.052
0.051
0.055
0.051
0.053
0.051
0.052
0.053
0.056
0.152
0.144
0.144
0.146
0.052
0.054
0.046
0.053
0.048
0.046
0.051
0.047
0.05
0.046
0.045
0.045
0.044
0.053
0.052
0.079
0.048
0.051
0.045
0.132
0.045
0.157
0.185
0.195
0.063
0.061
0.063
0.06
0.062
0.053
0.061
0.062
0.059
0.052
0.054
0.054
0.054
0.054
0.054
0.054
0.054
0.055
0.054
0.053
0.053
0.052
0.053
0.151
0.062
0.059
0.156
0.059
0.046
0.052
0.053
0.053
0.1
0.053
0.057
0.057
0.053
0.055
0.051
0.047
0.049
0.046
0.155
0.049
0.048
0.045
0.052
0.053
0.045
0.147
0.055
0.139
0.142
0.167
0.053
0.053
0.074
0.057
0.061
0.061
0.062
0.045
0.047
0.051
0.046
0.048
0.047
0.053
0.056
0.046
0.175
0.059
0.046
0.049
0.046
0.046
0.087
0.184
0.187
0.06
0.089
0.046
0.073
0.202
0.084
0.08
0.078
0.058
0.055
0.053
0.064
0.059
0.062
0.082
0.069
0.063
0.06
0.06
0.062
0.054
0.054
0.054
0.056
0.051
0.053
0.054
0.053
0.143
0.065
0.065
0.062
0.062
0.059
0.149
0.053
0.06
0.057
0.056
0.056
0.057
0.052
0.143
0.165
0.059
0.067
0.059
0.063
0.053
0.05
0.049
0.051
0.048
0.046
0.045
0.047
0.05
0.047
0.049
0.055
0.141
0.054
0.052
0.061
0.053
0.053
0.052
0.061
0.053
0.065
0.063
0.062
0.059
0.061
0.059
0.062
0.061
0.061
0.052
0.048
0.054
0.056
0.053
0.138
0.056
0.135
0.053
0.059
0.186
0.054
0.053
0.055
0.052
0.061
0.08
0.066
0.063
0.05
0.049
0.046
0.052
0.07
0.046
0.049
0.06
0.054
0.052
0.055
0.053
0.053
0.053
0.158
0.088
0.055
0.123
0.072
0.052
0.055
0.052
0.052
0.053
0.058
0.052
0.054
0.052
0.056
0.057
0.052
0.053
0.052
0.062
0.052
0.051
0.051
0.052
0.056
0.052
0.047
0.047
0.046
0.046
0.059
0.061
0.059
0.061
0.06
0.058
0.06
0.062
0.053
0.062
0.055
0.055
0.051
0.059
0.056
0.053
0.052
0.056
0.059
0.142
0.053
0.053
0.143
0.151
0.052
0.056
0.157
0.064
0.053
0.061
0.056
0.054
0.055
0.052
0.046
0.047
0.049
0.045
0.046
0.062
0.047
0.05
0.046
0.045
0.057
0.045
0.045
0.048
0.045
0.055
0.054
0.048
0.046
0.047
0.045
0.045
0.054
0.055
0.054
0.053
0.052
0.061
0.062
0.06
0.058
0.059
0.058
0.06
0.06
0.045
0.05
0.05
0.047
0.046
0.048
0.06
0.064
0.053
0.055
0.054
0.052
0.052
0.051
0.055
0.054
0.056
0.056
0.055
0.053
0.053
0.056
0.053
0.079
0.072
0.058
0.054
0.192
0.087
0.06
0.062
0.058
0.063
0.059
0.137
0.191
0.069
0.067
0.07
0.066
0.067
0.049
0.046
0.045
0.048
0.129
0.053
0.053
0.052
0.059
0.09
0.054
0.054
0.052
0.052
0.054
0.053
0.053
0.055
0.051
0.053
0.058
0.06
0.06
0.06
0.06
0.058
0.048
0.046
0.056
0.054
0.079
0.053
0.053
0.072
0.053
0.056
0.052
0.052
0.053
0.052
0.055
0.053
0.06
0.054
0.052
0.056
0.056
0.053
0.054
0.056
0.053
0.055
0.053
0.052
0.046
0.052
0.046
0.046
0.048
0.047
0.045
0.053
0.117
0.057
0.079
0.056
0.083
0.055
0.051
0.054
0.056
0.051
0.072
0.053
0.056
0.053
0.053
0.054
0.054
0.053
0.055
0.068
0.059
0.062
0.063
0.06
0.06
0.056
0.053
0.069
0.053
0.057
0.052
0.053
0.046
0.046
0.05
0.047
0.056
0.054
0.072
0.052
0.047
0.046
0.049
0.074
0.044
0.087
0.067
0.053
0.054
0.053
0.055
0.053
0.056
0.053
0.054
0.051
0.052
0.055
0.09
0.094
0.056
0.089
0.052
0.054
0.052
0.052
0.055
0.061
0.06
0.061
0.061
0.063
0.057
0.064
0.055
0.052
0.053
0.053
0.053
0.052
0.051
0.057
0.053
0.054
0.053
0.052
0.058
0.054
0.052
0.055
0.053
0.055
0.055
0.053
0.052
0.055
0.053
0.055
0.053
0.053
0.052
0.056
0.052
0.052
0.054
0.052
0.053
0.053
0.056
0.053
0.054
0.056
0.053
0.055
0.056
0.056
0.053
0.054
0.053
0.055
0.051
0.052
0.058
0.056
0.053
0.055
0.051
0.068
0.055
0.052
0.054
0.086
0.095
0.115
0.087
0.081
0.058
0.063
0.073
0.091
0.085
0.084
0.1
0.062
0.122
0.053
0.059
0.053
0.056
0.058
0.054
0.061
0.051
0.062
0.056
0.051
0.056
0.047
0.046
0.049
0.046
0.046
0.047
0.063
0.062
0.134
0.062
0.059
0.062
0.059
0.079
0.054
0.056
0.054
0.055
0.053
0.052
0.055
0.052
0.054
0.054
0.053
0.053
0.06
0.058
0.053
0.053
0.052
0.055
0.058
0.055
0.053
0.053
0.055
0.054
0.054
0.057
0.053
0.056
0.053
0.053
0.055
0.053
0.055
0.053
0.053
0.053
0.053
0.051
0.052
0.136
0.053
0.056
0.052
0.062
0.064
0.062
0.054
0.072
0.059
0.054
0.089
0.059
0.053
0.053
0.056
0.051
0.053
0.056
0.059
0.06
0.063
0.061
0.059
0.049
0.046
0.05
0.053
0.053
0.055
0.057
0.054
0.053
0.056
0.057
0.054
0.058
0.052
0.057
0.052
0.065
0.064
0.061
0.061
0.059
0.061
0.061
0.062
0.058
0.059
0.065
0.053
0.148
0.052
0.056
0.053
0.058
0.055
0.064
0.061
0.063
0.053
0.052
0.062
0.075
0.061
0.065
0.055
0.057
0.056
0.054
0.061
0.055
0.047
0.047
0.046
0.048
0.047
0.048
0.047
0.06
0.074
0.063
0.059
0.063
0.06
0.063
0.053
0.056
0.054
0.053
0.055
0.053
0.052
0.059
0.064
0.06
0.058
0.067
0.06
0.055
0.052
0.055
0.052
0.064
0.056
0.054
0.056
0.057
0.054
0.052
0.059
0.052
0.055
0.077
0.054
0.056
0.052
0.056
0.051
0.052
0.056
0.113
0.067
0.056
0.05
0.056
0.079
0.073
0.076
0.07
0.072
0.068
0.085
0.077
0.075
0.062
0.061
0.058
0.066
0.06
0.064
0.056
0.054
0.054
0.054
0.051
0.052
0.056
0.053
0.053
0.058
0.053
0.052
0.057
0.052
0.073
0.055
0.061
0.062
0.061
0.063
0.06
0.062
0.059
0.055
0.053
0.058
0.052
0.053
0.053
0.051
0.057
0.056
0.051
0.046
0.046
0.048
0.045
0.046
0.05
0.047
0.048
