40
66.154
130.192
250.856
279.223
310.848
366.777
397.313
697.089
672.2
746.867
763.333
820.625
894.688
958.125
1087.813
1109.75
1114.563
1156.719
1195.531
1284.125
1347.781
1444.382
1457.794
1629.194
1632.625
1727.625
1742.694
1781.861
1800.75
1814.625
1828.329
1833.125
1853.849
1868.559
1894.664
1900.961
1954.382
1958.434
2086.263
2020.625
2121.875
2232.125
2237.075
2262.875
2293.213
2326.938
2328.25
2333.25
2355.388
2370.138
2426.138
2446.538
2460.1
2494.475
2496.613
2396.393
2538.774
2554.964
2593.464
2601.321
2604.179
2640.179
2640.786
2597.114
2620.568
2633.273
2522.587
2545.196
2562.315
2585.94
2590.288
2688.799
2578.547
2589.849
2604.224
2636.453
2683.12
2696.792
2709.604
2728.052
2754.505
2657.925
2687.175
2690.255
2633.555
2513.955
2473.215
2390.215
2380.225
2366.625
2338.425
2313.585
2302.405
2381.932
2353.828
2342.526
2371.901
2368.104
2468.38
2270.859
2296.352
2342.648
2354
2356.807
2369.511
2359.148
2417.903
2402.995
2600.516
2563.411
2572.911
2598.786
2602.583
2613.885
2628.052
2656.156
2780.74
2685.26
2688.905
2600.63
2611.063
2613.438
2626.514
2607.433
2634.548
2555.563
2380.832
2404.716
2519.716
2530.466
2445.19
2454.44
2492.162
2517.144
2464.644
2538.871
2477.799
2468.112
2465.906
2440.728
2428.585
2321.799
2285.424
2275.442
2266.522
2242.433
2242.433
2316.54
2377.612
2457.227
2536.591
2533.087
2617.894
2629.24
2645.856
2658.476
2674.918
2644.597
2646.181
2660.699
2675.931
2696.542
2734.134
2764.079
2725.362
2731.254
2737.933
2769.004
2787.576
2802.263
2806.536
2806.536
2809.79
2809.79
2812.54
2812.54
2823.04
2834.759
2841.241
2841.241
2850.844
2850.844
2854.232
2865.629
2916.844
2916.844
2944.808
2956.527
2961.616
2979.741
2981.884
2880.741
2904.276
2907.724
2935.603
2889.417
2913.792
2919.292
2879.315
2879.726
2930.944
2940.863
2951.448
2987.577
3011.165
3032.335
3022.415
3019.931
3009.347
3006.121
3016.04
3001.758
2978.169
2955.906
2920.906
3004.161
2982.992
2985.476
2999.758
2982.23
2985.456
3010.407
3023.109
2929.973
2938.449
2955.43
2944.648
3038.258
3049.387
3125.25
3049.725
3061.058
3052.017
3038.892
3144.125
3146.183
3071.548
3092.452
3108.452
3145.548
3195.048
3200.597
3214.387
3215.234
3232.762
3195.02
3248.457
3183.269
3187.663
3256.322
3248.102
3246.231
3171.004
3039.519
3059.958
3056.504
3054
3043.568
3086.523
3065.159
3108.625
3169.654
3139.699
3157.963
3199.125
3196.445
3192.772
3172.934
3180.912
3170.912
3091.564
3111.707
3118.843
3120.607
3120.607
3130.321
3136.836
3119.093
3121.696
3062.411
3013.554
3021.539
3050.639
3048.955
3039.51
3011.316
3020.76
3022.899
2999.774
2883.194
2876.333
2866.583
2808.944
2806.806
2785.056
2770.611
2761.618
2749.319
2754.653
2742.778
2711.667
2758.333
2726.179
2735.666
2790.395
2735.666
2763.098
2777.152
2725.977
2825.467
2784.188
2790.688
2801.938
2822.543
2803.375
2811.676
2823.029
2835.494
2864.212
2821.135
2823.699
2826.237
2839.468
2836.929
2820.103
2832.821
2830.256
2856.282
2838.987
2825.756
2828.824
2885.362
2949.641
2925.933
2937.285
2937.958
2955.253
2929.228
2853.939
2853.266
2840.548
2784.01
2782.035
2857.324
2805.401
2754.603
2735.266
2751.672
2753.597
2821.135
2824.202
2844.933
2886.471
2919.163
2933.433
2934.847
2936.391
2974.753
3013.003
3014.881
3014.881
3050.015
3062.698
3073.235
3083.662
3086.076
3086.076
3073.698
3034.973
3031.497
3031.808
3015.162
3014.851
3032.686
3036.162
3028.159
3036.162
3037.351
3035.887
2975.688
2991.938
3010.58
3012.009
3048.914
3030.271
3012.86
3015.241
3028.449
3032.378
3065.363
3072.863
3037.503
3058.601
3051.28
3047.351
3028.101
3099.518
3175.788
3137.038
3145.241
3155.041
3192.938
3116.104
3169.884
3177.079
3221.832
3168.052
3172.076
3161.54
3119.832
3133.405
3143.436
3166.18
3101.08
3105.533
3095.741
3091.813
3087.36
3099.548
3090.214
3046.018
3045
3064.25
3024.25
3000.083
3040.798
3021.548
3031.726
3021.548
3081.671
3151.338
3163.738
3167.656
3180.556
3206.019
3147.415
3161.363
3192.46
3211.326
3229.162
3237.723
3264.21
3271.591
3241.911
3268.577
3307.149
3278.494
3284.994
3308.68
3316.587
3318.023
3292.279
3297.581
3327.895
3257.938
3243.824
3204.96
3101.71
3054.551
3052.48
3120.435
3105.105
3098.94
3089.991
3145.456
3182.32
3177.017
3183.326
3159.64
3153.14
3147.331
3163.727
3195.074
3261.471
3277.157
3291.599
3293.718
3302.875
3310.324
3308.854
3346.658
3348.827
3373.113
3391.756
3400.113
3455.831
3472.837
3484.93
3490.974
3507.017
3513.722
3529.051
3476.183
3483.378
3521.378
3549.792
3566.592
3550.342
3560.692
3557.525
3562.081
3564.303
3571.136
3562.633
3558.333
3523.05
3521.717
3539.117
3535.45
3501.006
3483.039
3408.38
3408.103
3371.582
3407.573
3422.41
3420.236
3405.399
3365.923
3369.434
3352.774
3386.556
3386.827
3388.104
3398.902
3404.128
3407.16
3424.362
3368.255
3368.255
3384.568
3393.792
3420.674
3420.674
3426.82
3426.82
3426.82
3426.82
3427.086
3427.086
3427.086
3427.086
3427.086
3427.086
3437.969
3444.719
3455.292
3463.792
3487.75
3496.656
3511.344
3525.334
3526.906
3552.926
3553.186
3556.635
3570.028
3509.495
3509.565
3516.128
3526.448
3540.098
3584.331
3600.081
3602.042
3608.475
3609.985
3619.635
3613.289
3606.12
3614.801
3613.292
3606.858
3598.176
3591.51
3585.48
3538.067
3536.144
3514.606
3520.519
3507.899
3464.327
3474.776
3488.839
3489.661
3494.877
3471.686
3479.116
3493.71
3479.116
3471.686
3461.434
3467.849
3529.322
3535.957
3535.135
3536.959
3540.555
3543.296
3551.517
3607.983
3629.522
3631.425
3636.704
3578.34
3583.243
3593.205
3599.007
3599.007
3608.583
3613.7
3614.196
3614.196
3616.932
3608.414
3611.544
3638.22
3638.285
3644.28
3673.683
3677.146
3611.175
3624.92
3564.65
3609.743
3621.931
3610.844
3623.213
3651.95
3652.625
3689.029
3629.731
3634.55
3652.11
3657.972
3633.532
3621.903
3620.332
3590.849
3580.142
3581.207
3585.138
3548.398
3471.398
3436.229
3486.907
3498.856
3516.258
3558.593
3546.644
3540.881
3536.648
3592.806
3588.875
3650.754
3657.662
3669.585
3729.145
3730.802
3742.093
3754.357
3749.425
3780.516
3785.448
3784.548
3792.32
3793.443
3753.105
3755.241
3769.679
3760.393
3827.817
3827.817
3810.018
3784.295
3730.902
3723.188
3724.955
3723.58
3752.83
3715.412
3713.314
3714.664
3714.664
3707.164
3697.401
3696.318
3669.397
3655.213
3626.792
3636.555
3644.134
3696.59
3718.072
3740.441
3748.31
3757.276
3678.948
3617.419
3630.691
3633.487
3631.072
3630.055
3606.528
3601.316
3599.917
3580.061
3579.845
3588.447
3560.811
3563.227
3551.246
3537.542
3531.981
3537.193
3549.174
3550.869
3542.267
3541.441
3539.746
3551.314
3551.53
3539.962
3566.233
3579.936
3548.271
3549.271
3554.74
3541.69
3509.658
3565.127
3565.127
3578.408
3585.208
3593.808
3617.681
3619.675
3640.675
3643.7
3643.7
3644.413
3645.696
3651.165
3652.746
3646.183
3654.85
3654.85
3673.356
3671.775
3671.775
3644.475
3644.475
3637.621
3697.97
3691.055
3745.797
3802.39
3802.39
3802.39
3802.39
3864.431
3862.295
3862.295
3862.295
3863.922
3862.295
3862.357
3849.982
3855.377
3869.357
3889.007
3896.164
3905.217
3905.217
3910.393
3916.357
3928.191
3928.651
3928.651
3931.195
3933.333
3947.07
3947.07
3948.154
3904.522
3888.11
3878.9
3880.508
3875.911
3867.309
3867.309
3865.701
3846.718
3865.701
3923.248
3915.877
3982.84
3977.445
3974.164
3975.901
3924.388
3919.829
3917.329
3919.829
3919.829
3920.289
3924.849
3925.599
3989.913
3995.404
4003.038
4012.741
4021.804
4025.143
3963.789
3968.548
3968.088
3973.772
3983.805
3961.436
3948.607
3920.186
3914.502
3914.502
3889.035
3903.667
3890.096
3883.939
3875.237
3875.237
3866.184
3868.934
3851.066
3851.066
3851.066
3831.417
3817.325
3807.292
3807.292
3807.292
3771.765
3771.765
3771.765
3771.765
3771.765
3771.765
3771.765
3769.015
3733.211
3728.511
3724.783
3717.568
3725.068
3724.693
3718.936
3701.129
3668.564
3698.564
3688.8
3685.52
3671.336
3664.458
3634.985
3632.09
3635.371
3674.055
3639.675
3670.067
3613.424
3616.22
3608.975
3609.699
3616.669
3623.992
3637.695
3644.339
3661.542
3632.559
3640.593
3645.593
3648.25
3591.246
3595.904
3568.584
3572.633
3582.814
3589.502
3604.881
3622.946
3623.913
3630.546
3637.514
3648.522
3603.359
3615.637
3639.994
3657.772
3670.605
3753.716
3719.283
3753.736
3758.799
3765.549
3765.549
3765.549
3765.604
3765.604
3766.807
3768.289
3768.289
3778.828
3779.027
3779.027
3779.027
3780.932
3796.846
3786.307
3797.322
3801.561
3802.984
3812.688
3775.838
3766.285
3766.285
3798.208
3799.158
3797.756
3802.056
3802.056
3802.056
3802.056
3812.433
3808.59
3802.533
3802.533
3756.533
3740.863
3736.563
3725.717
3724.767
3654.875
3649.644
3649.644
3623.337
3647.529
3625.381
3621.143
3617.58
3617.58
3617.17
3612.107
3608.047
3612.107
3612.518
3604.588
3603.92
3595.43
3593.947
3591.721
3585.041
3567.541
3545.393
3555.062
3553.49
3548.609
3601.47
3651.855
3658.863
3659.564
3664.605
3614.014
3618.389
3623.615
3626.631
3635.395
3653.46
3617.968
3619.54
3621.802
3629.857
3685.387
3673.496
3675.002
3673.103
3683.52
3730.127
3731.349
3743.627
3775.77
3782.798
3817.798
3819.696
3830.403
3846.514
3854.387
3855.974
3856.391
3797.682
3796.135
3750.256
3758.318
3742.459
3741.256
3739.693
3739.283
3727.197
3716.658
3708.908
3701.99
3693.928
3683.674
3710.002
3675.002
3627.705
3623.357
3650.076
3641.537
3649.287
3666.432
3666.432
3663.744
3639.768
3621.799
3619.533
3584.131
3582.287
3590.777
3589.813
3589.402
3592.09
3581.965
3582.375
3584.641
3591.32
3615.297
3606.807
3557.779
3583.145
3584.109
3557.391
3525.75
3525.75
3519.07
3537.039
3537.039
3532.234
3519.602
3517.023
3514.797
3514.598
3515.418
3491.697
3466.889
3465.951
3455.287
3453.725
3448.598
3437.172
3413.334
3401.1
3400.338
3374.088
3406.51
3416.635
3423.553
3396.729
3408.775
3415.352
3368.509
3385.479
3393.358
3398.676
3402.419
3453.28
3465.894
3489.661
3442.651
3427.502
3428.651
3423.819
3417.438
3416.289
3408.528
3378.304
3347.334
3340.726
3329.039
3319.368
3334.517
3329.278
3359.502
3355.815
3343.072
3381.696
3410.025
3458.756
3440.978
3449.603
3467.381
3456.964
3455.377
3462.405
3467.613
3456.006
3438.228
3433.02
3428.139
3422.742
3415.714
3414.492
3416.079
3420.96
3432.567
3442.984
3447.29
3459.567
3465.817
3457.192
3462.669
3457.192
3493.157
3493.835
3487.585
3475.308
3439.343
3444.74
3440.435
3441.657
3440.978
3441.657
3445.782
3442.813
3434.758
3416.98
3412.675
3390.175
3383.389
3381.817
3390.198
3381.817
3376.675
3383.778
3436.914
3437.344
3446.252
3502.108
3520.775
3522.425
3527.55
3517.857
3526.176
3521.135
3522.691
3522.26
3529.268
3532.334
3534.67
3539.117
3530.209
3530.209
3529.508
3534.82
3530.559
3539.682
3563.297
3589.855
3603.109
3605.07
3606.082
3680.557
3682.18
3668.926
3677.451
3745.441
3766.342
3773.35
3746.793
3712.78
3737.53
3785.756
3777.369
3766.51
3702.302
3703.544
3630.27
3623.302
3602.738
3601.141
3576.391
3528.165
3519.19
3518.194
3469.206
3467.308
3466.085
3440.085
3433.3
3430.331
3426.367
3378.907
3382.871
3370.871
3344.871
3342.569
3341.796
3316.593
3293.728
3291.046
3279.855
3317.956
3318.012
3271.227
3322.54
3271.387
3296.195
3321.789
3324.055
3274.727
3321.445
3329.58
3289.987
3251.137
3251.729
3254.606
3276.767
3279.367
3290.213
3288.195
3277.854
3277.801
3323.248
3393.14
3419.448
3397.64
3355.57
3356.951
3367.17
3371.405
3375.189
3376.125
3391.557
3397.523
3391.44
3395.489
3426.459
3436.981
3436.981
3440.384
3425.183
3395.658
3365.143
3365.143
3356.011
3396.034
3396.034
3395.112
3395.112
3393.752
3383.229
3383.229
3383.229
3430.256
3435.407
3435.407
3484.087
3459.422
3466.938
3468.263
3479.343
3439.401
3396.586
3400.697
3410.226
3416.226
3422.579
3445.145
3395.922
3416.96
3426.471
3435.471
3441.152
3445.428
3445.428
3445.428
3453.716
3472.194
3486.955
3489.226
3498.014
3498.014
3503.101
3510.58
3510.58
3510.58
3510.58
3510.58
3510.58
3510.58
3502.292
3502.292
3500.02
3500.02
3500.02
3500.02
3500.02
3500.02
3500.02
3500.02
3483.788
3483.788
3483.788
3483.788
3481.078
3477.312
3476.692
3471.996
3464.121
3459.665
3453.469
3449.538
3406.984
3390.752
3390.752
3389.317
3388.937
3389.317
3431.697
3429.601
3421.836
3425.658
3431.945
3439.936
3444.458
3447.208
3447.208
3451.197
3449.801
3449.801
3449.801
3449.801
3451.257
3452.653
3454.748
3458.138
3458.138
3458.138
3482.844
3488.608
3485.158
3491.206
3495.544
3476.841
3471.935
3486.645
3489.036
3495.297
3498.007
3504.877
3500.391
3476.904
3488.454
3493.141
3468.713
3437.213
3425.663
3407.4
3406.789
3412.896
3437.325
3433.111
3385.359
3383.035
3375.197
3372.563
3358.268
3332.123
3326.331
3320.31
3321.542
3316.021
3323.007
3330.444
3295.344
3299.226
3290.226
3310.387
3320.543
3299.231
3293.564
3284.45
3275.825
3279.922
3255.875
3249.875
3206.024
3211.613
3207.784
3197.767
3190.534
3186.493
3166.608
3171.978
3160.974
3160.307
3159.108
3179.034
3187.541
3196.531
3202.449
3208.366
3201.572
3179.044
3181.328
3192.182
3192.355
3192.402
3198.179
3215.409
3220.922
3219.407
3210.539
3219.762
3226.029
3238.973
3245.853
3253.098
3262.498
3276.732
3269.852
3263.085
3263.085
3263.085
3253.685
3246.44
3244.187
3244.187
3243.16
3192.557
3192.51
3181.8
3164.8
3165.827
3160.387
3160.387
3154.687
3150.367
3177.399
3177.226
3168.003
3089.679
3089.679
3089.679
3092.003
3094.287
3094.287
3094.287
3094.287
3098.064
3098.064
3099.711
3099.711
3113.186
3120.407
3120.407
3120.407
3126.39
3122.725
3120.198
3120.775
3117.264
3109.921
3109.921
3111.203
3107.047
3102.669
3101.331
3095.554
3095.199
3095.199
3110.334
3110.334
3110.334
3115.078
3115.25
3115.25
3115.25
3118.916
3127.784
3129.709
3134.304
3149.439
3151.966
3156.122
3154.196
3157.861
3161.373
3168.716
3170.054
3170.409
3169.127
3188.282
3195.14
3234.819
3238.485
3243.998
3247.336
3251.715
3258.85
3264.627
3270.61
3270.61
3270.61
3270.438
3259.856
3260.424
3261.478
3255.779
3255.779
3255.779
3255.779
3255.779
3255.779
3255.779
3255.779
3255.779
3255.779
3255.779
3248.051
3248.051
3248.051
3248.051
3244.353
3244.353
3244.353
3223.155
3223.155
3219.169
3221.287
3247.36
3266.515
3209.801
3206.289
3210.275
3214.65
3209.907
3231.363
3209.907
3225.448
3236.029
3314.353
3303.772
3225.448
3225.802
3233.323
3290.037
3285.662
3289.174
3302.938
3305.056
3294.84
3299.583
3308.698
3313.073
3299.289
3309.505
3319.387
3326.414
3349.522
3326.414
3325.182
3335.764
3320.223
3350.02
3370.757
3371.988
3352.522
3345.495
3335.613
3355.079
3389.204
3380.09
3393.873
3450.588
3445.267
3422.159
3418.784
3432.547
3392.142
3392.142
3382.615
3392.142
3399.662
3399.662
3403.439
3375.399
3375.399
3397.291
3397.291
3402.588
3402.635
3398.97
3398.97
3385.206
3428.455
3432.284
3431.036
3411.618
3403.111
3410.783
3401.543
3404.58
3405.829
3404.983
3411.935
3415.764
3439.188
3439.188
3440.034
3377.801
3377.801
3419.993
3419.993
3419.993
3429.361
3436.583
3463.38
3459.498
3459.675
3481.203
3459.891
3461.106
3469.731
3458.575
3432.793
3475.396
3467.96
3468.009
3462.488
3458.333
3460.713
3466.46
3473.896
3480.882
3492.106
3491.419
3537.304
3530.218
3580.112
3601.15
3605.201
3616.158
3605.56
3565.527
3556.27
3580.698
3580.698
3597.127
3606.502
3597.63
3618.927
3665.114
3665.114
3671.375
3677.288
3656.25
3656.25
3656.25
3658.641
3664.322
3664.942
3655.431
3664.431
3688.17
3662
3672.446
3676.661
3685.532
3687.889
3708.468
3709.718
3712.975
3718.575
3725.825
3728.064
3728.064
3728.064
3729.773
3733.302
3754.039
3754.039
3782.968
3782.968
3782.968
3791.138
3791.138
3791.748
3795.963
3796.145
3810.645
3835.073
3825.523
3830.086
3835.607
3856.053
3858.377
3808.257
3809.523
3818.891
3840.203
3810.611
3809.765
3811.752
3818.985
3828.224
3812.882
3814.551
3814.551
3815.397
3819.438
3845.868
3838.8
3882.046
3883.716
3894.442
3892.772
3849.526
3845.485
3845.485
3851.55
3822.204
3837.34
3835.38
3824.799
3820.644
3846.716
3846.361
3846.314
3851.828
3856.422
3856.777
3852.182
3859.155
3869.924
3874.079
3874.127
3874.127
3863.358
3857.845
3859.076
3880.532
3871.417
3842.198
3862.658
3858.338
3852.638
3850.145
3843.105
3803.955
3797.188
3793.088
3791.823
3791.253
3787.788
3787.438
3783.822
3782.502
3783.717
3798.65
3815.65
3841.707
3843.77
3866.27
3859.12
3860.694
3866.063
3870.38
3855.643
3864.169
3873.15
3854.498
3852.623
3847.65
3862.387
3864.61
3881.387
3881.387
3862.433
3855.11
3856.123
3911.345
3912.919
3923.558
3924.37
3940.604
3947.926
3948.094
3954.936
3965.574
3966.877
3972.502
3972.502
3913.301
3917.183
3895.867
3894.854
3889.169
3909.36
3870.018
3853.242
3798.02
3791.178
3805.321
3794.732
3796.018
3801.628
3808.07
3808.849
3808.047
3788.119
3788.119
3809.157
3798.657
3797.104
3775.831
3774.545
3784.894
3787.856
3787.856
3757.162
3757.503
3761.497
3764.705
3755.549
3768.731
3738.64
3717.367
3715.172
3696.464
3704.18
3702.558
3704.161
3683.541
3673.722
3673.089
3671.206
3667.002
3666.956
3658.093
3655.664
3616.833
3619.028
3614.547
3604.502
3604.502
3610.252
3611.805
3611.805
3611.805
3611.805
3620.328
3620.883
3617.414
3617.414
3612.998
3599.096
3595.573
3599.567
3595.573
3599.834
3614.38
3615.679
3614.679
3619.159
3579.726
3584.774
3584.774
3594.691
3623.739
3621.215
3620.667
3614.758
3586.271
3586.316
3591.796
3591.796
3595.274
3595.438
3554.229
3545.922
3536.666
3540.1
3549.356
3550.331
3549.065
3543.46
3545.828
3549.562
3549.562
3550.763
3560.019
3561.823
3570.025
3582.937
3602.361
3606.459
3626.557
3628.071
3642.628
3642.672
3649.574
3649.574
3652.701
3652.701
3665.593
3657.286
3665.593
3670.555
3680.467
3662.092
3662.092
3662.092
3642.668
3637.706
3656.081
3656.081
3652.347
3648.809
3657.011
3681.434
3672.177
3680.038
3690.125
3683.847
3689.011
3681.15
3690.407
3700.574
3708.881
3714.35
3715.616
3725.85
3715.682
3714.574
3718.112
3721.847
3721.847
3722.464
3745.652
3751.93
3756.892
3756.892
3758
3776.87
3777.358
3771.889
3799.801
3794.636
3794.636
3799.62
3801.134
3805.288
3806.489
3810.381
3810.381
3832.027
3832.027
3832.027
3830.128
3850.862
3844.331
3844.331
3852.638
3848.484
3850.288
3860.826
3836.403
3815.669
3820.875
3814.293
3813.318
3813.318
3821.957
3820.804
3820.804
3820.804
3827.335
3825.038
3823.524
3805.149
3803.948
3811.187
3811.187
3811.728
3814.025
3803.938
3806.236
3809.525
3822.166
3846.589
3855.845
3874.22
3879.384
3879.114
3885.696
3895.783
3896.758
3914.236
3915.389
3922.628
3941.003
3941.978
3949.491
3963.491
3963.491
3961.531
3967.066
3967.066
3967.066
3967.066
3999.795
4001.908
4006.009
4010.059
4022.791
3983.043
3989.167
3984.833
4009.833
4018.16
4036.619
4036.619
4040.952
4040.952
4046.918
4053.289
4062.602
4050.028
4050.028
4041
4025.259
4034.809
4027.748
4029.684
4029.684
4029.684
4023.313
4031.739
4032.502
4036.699
4035.194
4035.194
4029.728
4029.728
4029.728
4020.701
4018.614
4025.034
4025.034
4022.91
4022.91
4022.91
4022.91
4022.91
4022.91
4022.91
4026.552
4026.552
4023.102
4024.606
4026.397
4027.631
4029.108
4031.194
4031.194
4031.194
4031.194
4031.194
4031.194
4036.66
4036.66
4040.111
4042.235
4042.235
4042.235
4029.66
4041.481
4058.981
4067.083
4045.116
4054.976
4055.497
4062.284
4065.296
4084.009
4084.052
4092.97
4063.898
4067.265
4090.175
4090.175
4095.325
4107.554
4109.741
4119.175
4127.985
4132.901
4132.901
4135.91
4135.91
4135.91
4139.614
4139.614
4139.614
4141.503
4151.244
4163.515
4155.389
4163.883
4163.883
4163.883
4163.139
4163.139
4172.739
4172.739
4172.739
4172.739
4172.739
4176.107
4176.107
4175.009
4175.009
4166.515
4154.244
4150.877
4150.877
4150.877
4150.877
4147.608
4148.352
4149.45
4149.45
4141.968
4145.236
4153.363
4160.845
4161.324
4161.324
4181.669
4182.392
4182.392
4182.392
4160.23
4162.218
4166.172
4161.021
4161.021
4161.021
4160.056
4156.502
4156.502
4158.755
4162.309
4162.309
4162.309
4167.032
4167.032
4172.182
4177.137
4167.396
4163.696
4163.696
4158.741
4136.634
4124.405
4122.417
4120.164
4128.911
4108.309
4108.351
4088.11
4093.315
4086.61
4081.887
4151.718
4151.718
4165.706
4167.742
4167.742
4167.742
4168.947
4191.857
4192.785
4192.785
4192.785
4185.462
4187.649
4187.649
4184.622
4167.133
4167.133
4167.133
4167.133
4167.133
4160.699
4174.027
4174.027
4174.027
4173.733
4173.733
4151.896
4151.896
4151.896
4151.896
4151.896
4147.173
4156.914
4153.547
4153.547
4153.547
4152.492
4156.047
4156.047
4159.414
4159.414
4159.414
4159.414
4153.438
4148.523
4130.035
4124.83
4124.83
4116.923
4109.441
4114.592
4136.956
4127.279
4127.279
4127.279
4127.279
4127.279
4127.279
4130.646
4134.2
4134.2
4134.2
4136.616
4136.616
4137.821
4139.262
4139.262
4141.334
4141.334
4141.334
4136.611
4136.611
4136.611
4144.093
4138.691
4136.803
4130.688
4130.688
4130.688
4138.971
4135.995
4135.995
4142.7
4144.887
4152.072
4153.215
4153.215
4153.215
4136.447
4135.006
4135.729
4135.729
4135.729
4135.729
4137.617
4137.617
4137.617
4137.617
4137.617
4137.617
4137.617
4137.617
4137.617
4138.123
4138.123
4138.123
4138.123
4138.123
4138.123
4137.069
4141.298
4141.813
4139.066
4139.066
4139.066
4139.066
4139.066
4131.584
4107.187
4105.199
4105.199
4087.843
4087.843
4087.527
4063.13
4053.81
4052.605
4051.413
4071.654
4066.319
4030.943
4024.726
4033.22
4034.148
4026.241
4025.313
4017.187
4015.745
4019.646
4007.417
4009.134
4012.402
4018.949
4021.136
3994.569
4006.858
4008.747
4017.557
4020.304
4014.328
4004.587
4000.491
3996.569
3991.846
3990.792
3970.551
3978.033
3978.033
3978.075
3942.051
3945.06
3944.545
3938.328
3930.045
3926.777
3920.512
3916.958
3926.699
3929.675
3937.157
3937.31
3944.792
3944.792
3948.889
3948.735
3939.627
3938.904
3939.41
3925.916
3923.928
3920.56
3923.536
3927.489
3931.393
3945.248
3952.139
3952.139
3954.127
3955.331
3955.331
3955.331
3972.821
3972.821
3981.074
3987.869
3987.869
3987.869
3988.797
3988.797
3980.607
3976.89
3976.89
3958.402
3958.402
3964.517
3951.023
3952.464
3897.729
3894.361
3899.512
3890.193
3885.277
3885.593
3903.083
3879.837
3877.949
3881.849
3883.054
3874.831
3875.337
3870.383
3888.87
3881.389
3878.413
3875.666
3874.943
3875.259
3875.259
3862.5
3862.5
3843.825
3843.825
3842.898
3842.898
3816.331
3816.331
3812.428
3813.633
3803.892
3798.687
3797.544
3806.977
3810.931
3741.099
3741.563
3746.479
3768.843
3768.843
3768.843
3771.096
3771.413
3790.542
3817.108
3824.59
3825.334
3823.866
3823.712
3823.712
3815.586
3815.544
3777.508
3781.062
3786.212
3787.929
3794.044
3818.441
3819.539
3817.551
3817.551
3817.551
3817.551
3814.542
3810.639
3821.38
3835.964
3835.964
3815.361
3817.548
3836.223
3836.223
3823.994
3806.505
3814.631
3814.785
3811.23
3790.989
3794.893
3794.739
3790.017
3793.384
3793.384
3793.384
3813.119
3822.797
3826.697
3826.697
3818.571
3800.083
3798.985
3798.47
3798.154
3799.87
3798.123
3784.268
3784.584
3791.131
3791.131
3791.131
3790.387
3790.387
3782.58
3792.61
3792.61
3786.063
3783.991
3783.991
3763.389
3744.901
3731.681
3733.428
3739.542
3741.614
3746.765
3755.873
3757.62
3757.62
3758.718
3776.074
3776.818
3776.818
3786.559
3788.447
3764.05
3789.05
3801.279
3809.562
3803.586
3803.586
3805.658
3805.658
3819.514
3823.512
3842
3842
3836.849
3840.803
3844.508
3846.58
3856.258
3856.258
3856.845
3857.899
3866.416
3866.416
3866.416
3866.416
3863.048
3870.955
3878.437
3883.352
3883.352
3883.352
3879.798
3879.798
3896.761
3896.761
3896.761
3896.761
3900.315
3900.315
3900.315
3900.315
3905.038
3905.038
3908.405
3918.435
3918.435
3918.435
3931.929
3931.929
3931.929
3934.116
3934.116
3961.414
3961.414
3965.902
3965.902
3969.806
3969.806
3974.761
3978.664
3980.736
4003.982
4003.982
4012.108
3998.614
3986.386
3981.235
3977.006
3971.672
4002.096
4008.361
4026.392
4008.98
4017.264
4021.164
3996.164
3988.357
4001.851
3997.755
3994.779
3985.345
3934.78
3924.75
3942.239
3946.193
3965.928
3972.193
3974.265
3968
3967.072
3994.963
3970.268
3966.32
3966.32
3966.32
3969.332
3969.332
3978.255
3980.316
3967.895
3967.895
3967.895
3967.895
3967.895
3967.895
3971.303
3971.303
3971.303
3976.703
3983.329
3983.329
3987.476
3987.476
3987.476
3984.067
3986.165
3986.165
3986.165
3984.104
3984.424
3984.424
3984.424
3984.424
3982.938
3989.155
3989.758
3989.758
3989.758
3989.758
3989.758
3984.358
3984.358
3984.358
3991.145
3991.145
3991.145
3991.145
3992.084
3992.084
3999.657
4000.252
4000.252
4000.252
4019.614
4022.627
4023.846
4023.846
4033.706
4051.409
4082.204
4137.607
4137.607
4137.607
4137.607
4137.607
4137.607
4139.619
4139.619
4137.174
4151.198
4155.2
4153.188
4149.186
4132.017
4122.157
4120.938
4129.322
4141.742
4127.718
4126.779
4126.779
4126.779
4118.395
4118.395
4138.37
4145.345
4138.37
4142.322
4139.309
4159.285
4159.285
4162.883
4162.883
4162.883
4167.201
4167.201
4167.201
4174.774
4175.713
4175.713
4179.021
4185.648
4189.056
4189.056
4194.27
4194.27
4194.27
4194.27
4194.782
4194.782
4194.782
4194.782
4193.671
4185.073
4185.073
4181.665
4181.665
4181.665
4181.665
4181.665
4181.665
4179.863
4186.806
4180.456
4179.703
4172.13
4172.13
4172.13
4159.709
4159.709
4159.709
4158.637
4158.637
4159.448
4159.448
4154.668
4154.668
4161.165
4155.116
4146.198
4145.131
4145.131
4141.534
4141.534
4141.534
4141.534
4141.534
4141.236
4123.534
4123.534
4115.53
4123.104
4119.695
4114.72
4116.933
4120.341
4120.341
4120.341
4122.079
4123.236
4123.236
4126.508
4118.934
4118.934
4118.934
4118.934
4109.139
4114.654
4118.252
4118.252
4120.349
4123.657
4127.938
4127.938
4146.651
4147.404
4154.191
4171.758
4176.971
4176.971
4176.971
4180.962
4182.169
4202.145
4238.608
4219.895
4227.468
4227.468
4227.511
4227.511
4228.45
4196.445
4145.264
4135.404
4115.648
4110.38
4094.831
4088.489
4088.489
4089.948
4072.381
4071.174
4076.442
4071.229
4069.77
4049.794
4059.654
4058.901
4095.364
4097.133
4103.572
4104.511
4120.059
4120.059
4124.206
4162.706
4180.409
4182.689
4189.03
4182.244
4172.448
4179.422
4181.334
4196.883
4190.834
4181.916
4206.611
4206.611
4213.585
4201.165
4201.165
4187.506
4187.506
4193.799
4169.104
4169.104
4180.921
4180.921
4180.921
4180.921
4190.14
4198.524
4196.613
4196.613
4196.613
4196.613
4189.639
4185.688
4185.688
4167.985
4148.229
4141.936
4137.655
4128.223
4128.223
4131.963
4137.363
4144.102
4144.102
4144.102
4146.108
4146.108
4146.108
4146.108
4146.108
4146.108
4148.206
4140.633
4140.633
4140.633
4140.633
4140.633
4140.633
4140.633
4138.721
4138.721
4138.721
4138.721
4138.721
4138.721
4138.721
4147.921
4155.494
4155.494
4156.953
4156.953
4156.953
4156.953
4156.953
4156.953
4158.412
4158.412
4158.412
4158.412
4160.323
4160.323
4160.323
4160.323
4160.323
4160.323
4160.323
4161.782
4161.782
4161.782
4163.694
4163.694
4163.694
4163.849
4150.831
4154.89
4156.349
4156.349
4102.921
4104.032
4102.976
4102.976
4102.976
4105.727
4101.96
4101.366
4097.415
4089.03
4069.055
4038.259
4038.78
4038.78
4038.78
4047.165
4046.226
4046.226
4048.721
4048.721
4038.861
4021.159
4019.939
4012.965
4009.953
4009.953
3990.59
3991.809
3991.809
3991.809
3991.809
3991.809
3998.523
4008.383
4008.383
4009.322
4013.072
4023.706
4023.706
4023.706
4019.704
4014.305
4019.518
4019.518
4016.21
4016.21
3993.038
3990.337
3990.657
3990.657
3991.596
3987.45
3987.45
3984.154
3984.154
3987.462
3991.669
3992.889
3992.889
3992.889
4003.765
4003.765
4003.765
4016.186
4016.186
4009.559
4016.971
4010.003
4007.759
4009.218
4000.3
3999.081
3998.142
3990.399
3995.799
3995.799
3986.366
3986.366
3986.105
3986.425
3983.721
3987.471
3983.325
3983.325
3936.602
3931.203
3931.203
3929.995
3949.358
3949.358
3949.358
3932.627
3932.627
3932.471
3932.471
3932.471
3933.628
3933.671
3942.588
3947.564
3955.137
3947.39
3952.171
3952.171
3952.171
3952.171
3952.171
3952.171
3946.302
3946.302
3946.302
3946.302
3946.302
3951.57
3951.57
3951.57
3951.57
3951.57
3954.979
3954.979
3954.979
3954.979
3954.979
3954.979
3954.445
3954.445
3954.445
3954.445
3954.445
3954.445
3954.765
3949.79
3946.192
3946.192
3941.649
3941.649
3938.241
3938.241
3945.027
3945.027
3945.027
3945.027
3945.348
3945.348
3941.939
3941.939
3940.72
3940.72
3940.72
3940.72
3940.72
3937.122
3937.591
3937.591
3937.591
3937.591
3939.05
3939.563
3939.563
3939.563
3939.563
3939.563
3939.563
3939.563
3939.563
3940.316
3940.316
3940.316
3940.316
3971.111
3976.127
3993.413
3993.413
4007.072
4013.261
4022.245
4025.843
4027.063
4030.471
4030.471
4033.779
4033.779
4035.877
4031.925
4035.877
4034.418
4032.32
4032.32
4036.863
4037.384
4056.287
4080.982
4081.503
4082.488
4082.445
4079.433
4089.293
4085.884
4077.881
4050.25
4040.39
4057.677
4040.39
4040.39
4019.902
4019.945
4026.732
4030.14
4035.354
4038.366
4013.671
4008.457
4016.46
4033.747
4005.389
4023.877
4027.83
4027.83
4031.926
4040.736
4022.248
4015.544
4006.733
3999.252
3986.98
3977.303
3977.303
3987.044
3978.55
3978.55
3972.003
3966.852
3966.81
3966.657
3966.973
3970.877
3972.949
3974.837
3969.922
3972.108
3921.544
3907.688
3943.065
3943.065
3942.137
3942.137
3944.324
3949.047
3968.782
3962.667
3963.595
3963.595
3973.336
3967.119
3967.119
3965.083
3965.125
3949.764
3951.8
3943.577
3938.661
3935.018
3917.94
3917.898
3917.898
3918.413
3917.315
3917.315
3913.411
3917.364
3912.642
3912.642
3912.642
3910.654
3908.401
3908.401
3889.913
3894.636
3891.081
3891.081
3891.081
3878.852
3878.699
3883.422
3888.627
3915.193
3935.434
3940.389
3940.389
3962.753
3957.602
3957.602
3964.307
3982.932
3988.083
3984.13
3993.87
3999.205
4002.181
4006.134
4006.45
4010.155
4010.471
4012.459
4020.682
4022.571
4017.616
4017.616
4017.616
4007.875
4007.875
4011.143
4020.577
4012.45
4012.45
4018.565
4036.054
4063.352
4064.45
4064.45
4064.45
4066.703
4066.703
4067.801
4071.755
4092.357
4092.357
4095.911
4097.899
4097.899
4101.545
4101.545
4097.991
4097.991
4097.991
4100.244
4100.244
4100.398
4100.398
4103.952
4111.38
4111.38
4119.506
4119.506
4119.506
4120.604
4120.604
4117.336
4103.842
4101.953
4094.047
4094.047
4094.047
4089.95
4091.419
4091.419
4091.419
4091.419
4091.419
4091.419
4080.176
4080.176
4074.842
4074.995
4077.032
4082.366
4082.366
4082.366
4082.366
4082.366
4085.342
4078.795
4078.795
4078.795
4078.795
4078.795
4080.684
4080.684
4080.726
4080.726
4080.726
4083.372
4083.372
4081.336
4081.336
4081.336
4081.336
4081.336
4077.968
4075.896
4077.039
4077.039
4078.137
4078.137
4079.854
4079.854
4079.854
4081.926
4091.245
4091.245
4091.245
4103.259
4096.554
4074.447
4074.405
4078.634
4057.366
4035.601
4045.202
4054.521
4054.521
4054.837
4057.024
4057.024
4057.024
4063.032
4066.405
4066.405
4066.405
4070.562
4086.703
4091.658
4091.658
4093.547
4093.547
4094.69
4094.69
4089.967
4089.967
4089.967
4076.111
4069.407
4062.794
4062.288
4061.971
4041.369
4058.724
4051.242
4051.706
4051.706
4045.489
4045.489
4065.224
4061.67
4061.67
4058.402
4065.652
4059.105
4072.961
4073.705
4074.449
4078.352
4084.899
4084.899
4084.899
4081.532
4085.086
4086.014
4089.381
4095.598
4095.598
4098.866
4098.866
4117.354
4124.244
4124.244
4124.244
4104.509
4104.509
4104.509
4104.509
4103.581
4103.898
4103.898
4105.886
4105.886
4107.958
4107.958
4107.958
4112.187
4082.02
4082.947
4084.983
4084.983
4084.983
4084.983
4084.983
4084.983
4081.616
4081.616
4076.7
4082.917
4079.55
4060.875
4060.875
4060.875
4060.875
4060.875
4057.179
4057.179
4055.974
4049.084
4039.343
4043.297
4051.58
4051.58
4052.785
4071.914
4071.914
4072.842
4086.697
4086.697
4089.673
4086.697
4086.697
4086.697
4086.697
4086.697
4086.697
4090.601
4090.601
4089.673
4089.673
4089.673
4107.163
4107.163
4116.904
4120.807
4120.807
4120.807
4122.554
4122.554
4122.554
4114.271
4114.271
4114.271
4114.271
4133.748
4134.953
4134.953
4134.953
4140.355
4136.127
4130.792
4107.779
4104.803
4100.176
4100.023
4096.264
4095.096
4090.181
4090.181
4088.193
4088.039
4079.188
4069.755
4069.755
4073.911
4086.182
4086.14
4076.539
4071.623
4071.307
4057.813
4057.855
4067.456
4072.372
4080.655
4076.559
4076.559
4090.053
4089.309
4066.063
4056.63
4056.63
4057.822
4056.354
4056.67
4057.598
4055.851
4059.405
4072.062
4090.961
4093.148
4089.443
4089.443
4089.443
4093.539
4100.274
4109.708
4103.069
4104.816
4113.431
4113.431
4099.937
4061.901
4058.346
4066.473
4060.256
4069.69
4070.434
4074.139
4075.607
4074.509
4069.304
4069.892
4087.381
4088.435
4088.941
4096.423
4096.423
4097.167
4097.167
4103.384
4095.902
4095.902
4095.902
4103.384
4113.062
4113.062
4114.95
4118.318
4121.872
4121.872
4121.872
4117.149
4125.959
4125.959
4125.959
4125.959
4129.09
4132.358
4139.063
4139.063
4139.063
4140.78
4145.503
4153.41
4161.217
4167.285
4185.773
4185.773
4191.748
4182.938
4205.303
4205.303
4210.508
4205.592
4210.797
4210.797
4210.797
4210.797
4215.712
4195.11
4195.264
4210.625
4209.157
4189.422
4187.533
4164.288
4145.8
4145.483
4147.67
4151.375
4151.375
4151.375
4151.375
4151.375
4154.477
4157.608
4158.706
4158.706
4158.706
4158.706
4158.706
4158.706
4158.706
4158.706
4159.911
4165.245
4163.209
4146.872
4144.836
4138.571
4138.056
4155.411
4141.917
4141.917
4145.471
4145.471
4090.736
4092.989
4042.425
4069.723
4069.723
4065.77
4062.943
4061.845
4060.128
4060.128
4046.634
4050.339
4050.339
4050.339
4065.744
4067.185
4076.786
4076.786
4076.786
4076.786
4076.786
4079.006
4079.006
4079.006
4079.006
4080.895
4082.497
4082.497
4081.056
4081.056
4081.056
4081.056
4097.583
4105.065
4105.065
4105.065
4105.065
4105.065
4108.619
4108.619
4108.619
4112.848
4105.366
4098.476
4095.5
4102.006
4102.006
4102.006
4100.117
4107.008
4107.008
4107.008
4107.008
4107.008
4111.962
4113.017
4105.209
4105.209
4096.986
4078.498
4078.498
4066.209
4062.505
4055.614
4051.91
4046.575
4031.214
4021.78
4012.039
4013.786
4013.786
4010.655
3940.824
3940.67
3939.229
3934.506
3934.274
3928.009
3927.081
3925.877
3913.648
3894.518
3891.542
3886.392
3889.66
3898.768
3872.202
3863.979
3840.733
3837.986
3837.986
3846.797
3846.797
3846.797
3846.797
3837.688
3837.73
3840.861
3840.861
3840.861
3827.006
3817.898
3814.767
3802.477
3798.923
3781.568
3772.134
3763.324
3755.197
3758.752
3758.752
3758.752
3762.98
3769.245
3781.613
3711.782
3707.553
3701.288
3700.19
3708.413
3717.223
3717.967
3719.684
3719.684
3720.199
3747.497
3747.497
3737.756
3737.756
3743.744
3743.744
3743.744
3724.614
3704.012
3705.11
3701.209
3650.645
3655.783
3656.289
3642.795
3634.889
3633.684
3633.684
3633.684
3634.889
3634.889
3654.623
3657.37
3664.075
3664.392
3665.833
3685.351
3685.351
3693.477
3675.988
3702.554
3719.91
3710.169
3718.452
3721.428
3726.578
3719.688
3722.435
3703.306
3703.893
3707.161
3704.185
3708.139
3708.181
3708.181
3708.181
3708.181
3704.277
3704.277
3704.277
3703.349
3705.337
3705.337
3697.054
3697.982
3684.127
3684.127
3691.017
3700.758
3718.247
3720.003
3720.003
3720.003
3720.003
3720.003
3716.05
3716.05
3720.003
3756.027
3750.051
3750.051
3746.497
3746.497
3744.461
3734.86
3733.419
3723.678
3723.678
3723.678
3722.955
3721.762
3740.892
3740.892
3732.081
3744.37
3723.768
3731.575
3738.145
3746.051
3754.861
3755.916
3755.622
3763.104
3766.658
3749.544
3749.544
3730.625
3748.114
3743.199
3743.199
3743.199
3744.64
3744.64
3744.64
3744.64
3737.158
3737.158
3741.881
3741.881
3738.893
3744.571
3756.842
3756.842
3755.252
3747.444
3747.444
3739.538
3735.983
3735.983
3739.114
3736.512
3741.717
3760.205
3765.12
3766.867
3768.072
3771.44
3777.416
3776.889
3769.566
3769.566
3752.077
3748.318
3746.901
3737.223
3740.777
3732.554
3732.554
3729.286
3725.732
3724.988
3724.988
3723.783
3723.741
3714.14
3711.953
3711.953
3711.953
3696.592
3694.703
3710.065
3710.065
3694.703
3694.745
3702.872
3702.872
3716.366
3704.095
3710.985
3710.985
3710.985
3710.985
3720.304
3724.533
3730.75
3735.042
3735.042
3735.042
3735.042
3728.152
3728.152
3728.152
3737.261
3737.261
3740.815
3740.815
3740.815
3740.815
3742.703
3742.703
3763.148
3756.931
3769.202
3769.202
3769.202
3769.202
3769.202
3769.202
3769.202
3761.295
3759.407
3761.443
3761.401
3757.304
3757.783
3767.461
3787.702
3788.845
3799.139
3799.139
3796.886
3798.327
3779.839
3772.032
3759.761
3759.761
3750.95
3731.821
3719.532
3719.532
3719.532
3721.785
3712.107
3712.107
3713.25
3713.292
3713.292
3739.858
3738.715
3735.739
3753.229
3751.512
3747.958
3749.675
3749.675
3753.229
3753.229
3758.184
3758.184
3758.184
3758.184
3758.184
3758.184
3758.184
3758.142
3758.142
3754.241
3740.386
3740.386
3784.541
3782.773
3801.486
3800
3796.591
3794.494
3794.494
3794.494
3794.494
3794.494
3797.902
3797.902
3797.902
3797.902
3800.948
3802.407
3800.346
3806.535
3826.291
3826.291
3834.294
3836.306
3830.907
3830.907
3830.907
3841.956
3850.873
3850.873
3863.294
3863.294
3863.294
3863.294
3863.45
3877.108
3878.595
3880.692
3886.091
3886.091
3886.091
3911.396
3913.457
3913.457
3892.604
3873.89
3864.341
3856.116
3892.579
3908.128
3908.86
3894.835
3892.774
3882.622
3921.122
3900.428
3900.428
3896.55
3894.337
3894.337
3891.125
3889.918
3872.351
3853.637
3843.777
3848.793
3848.793
3828.817
3848.793
3847.334
3840.992
3845.2
3854.918
3854.918
3854.918
3854.918
3849.649
3844.436
3843.683
3843.683
3853.543
3853.543
3858.756
3858.756
3858.756
3858.756
3859.598
3861.056
3863.069
3826.605
3819.819
3820.572
3826.755
3851.45
3857.047
3841.498
3841.498
3841.498
3840.559
3847.346
3847.346
3848.285
3849.492
3849.492
3847.431
3837.572
3837.572
3838.511
3840.724
3845.7
3866.553
3867.665
3876.582
3886.3
3886.3
3886.3
3886.3
3886.3
3886.3
3887.759
3887.759
3888.916
3895.258
3896.415
3890.122
3885.146
3882.933
3882.412
3882.412
3881.255
3886.27
3887.209
3887.721
3887.721
3889.459
3888
3891.951
3887.149
3887.149
3887.149
3863.855
3859.854
3850.936
3849.997
3830.021
3828.91
3811.207
3790.354
3784.012
3774.294
3769.279
3767.066
3746.578
3745.119
3745.119
3745.119
3740.838
3739.101
3726.723
3725.264
3717.038
3729.416
3737.642
3741.593
3741.593
3741.593
3742.325
3750.709
3751.648
3753.66
3756.441
3735.587
3735.587
3756.441
3770.465
3773.511
3774.718
3776.63
3784.953
3787.166
3783.569
3771.191
3771.346
3769.334
3774.114
3774.114
3773.959
3772.848
3772.848
3768.896
3768.896
3770.008
3770.008
3770.008
3770.008
3772.02
3772.541
3772.541
3772.541
3767.761
3771.358
3769.145
3768.633
3768.633
3768.633
3759.2
3754.992
3754.992
3754.992
3755.724
3754.567
3735.204
3741.546
3741.546
3741.546
3736.53
3736.53
3741.546
3741.866
3741.866
3741.866
3733.268
3750.971
3760.52
3780.495
3780.175
3780.175
3777.962
3777.962
3768.244
3761.902
3761.902
3761.902
3761.902
3761.902
3763.059
3775.22
3777.131
3777.131
3780.439
3786.488
3795.085
3799.293
3801.506
3795.457
3795.457
3795.457
3795.457
3793.546
3793.546
3793.546
3793.546
3793.546
3791.332
3787.384
3801.409
3801.409
3797.928
3797.928
3797.928
3801.526
3801.526
3806.739
3807.947
3811.544
3793.977
3793.977
3786.404
3789.813
3771.099
3775.306
3779.587
3779.587
3779.587
3789.305
3797.689
3800.997
3805.564
3807.777
3812.753
3812.753
3808.802
3805.204
3785.229
3785.229
3777.655
3781.253
3777.945
3777.945
3777.71
3776.771
3776.771
3770.479
3767.07
3767.07
3767.07
3767.07
3774.643
3774.643
3774.643
3775.582
3774.425
3771.38
3749.003
3749.003
3749.003
3748.064
3748.064
3747.332
3747.332
3742.357
3736.168
3726.45
3726.77
3733.744
3737.152
3739.213
3742.226
3745.534
3731.875
3749.442
3749.442
3748.223
3749.681
3767.248
3788.102
3791.7
3793.797
3793.797
3793.797
3784.578
3782.48
3782.992
3796.651
3790.462
3785.447
3754.651
3754.651
3737.364
3737.364
3737.364
3742.38
3747.395
3744.087
3747.684
3744.276
3744.276
3742.817
3744.037
3744.037
3740.085
3743.78
3743.311
3739.713
3743.122
3742.61
3735.037
3734.098
3734.055
3730.305
3730.305
3730.305
3730.305
3707.668
3707.302
3706.982
3706.982
3706.982
3714.555
3714.555
3728.046
3728.046
3728.985
3728.046
3710.343
3709.123
3709.123
3705.122
3712.096
3712.096
3713.316
3713.316
3713.316
3693.34
3693.34
3693.34
3693.34
3693.34
3693.34
3693.34
3693.34
3690.328
3683.354
3693.213
3684.829
3684.829
3684.829
3684.829
3684.829
3686.316
3688.053
3692.2
3697.215
3701.495
3706.511
3706.511
3733.401
3733.401
3733.401
3723.541
3723.541
3723.541
3721.529
3720.776
3726.175
3725.654
3724.434
3752.066
3742.517
3742.517
3742.517
3734.133
3734.133
3735.072
3735.072
3727.425
3719.041
3711.468
3708.059
3698.264
3693.288
3689.691
3681.688
3676.907
3675.84
3679.248
3679.248
3680.405
3662.703
3656.654
3664.88
3666.648
3661.38
3669.977
3670.447
3678.114
3678.114
3679.226
3682.238
3688.53
3670.052
3670.052
3670.052
3674.332
3674.332
3604.393
3599.418
3599.418
3598.905
3598.905
3598.905
3594.759
3582.381
3582.381
3574.808
3557.105
3553.761
3553.761
3545.758
3545.758
3551.026
3547.718
3544.938
3544.938
3552.511
3548.559
3546.791
3542.843
3542.688
3541.468
3523.765
3521.854
3520.116
3510.256
3546.884
3546.56
3545.61
3545.61
3554.313
3554.313
3554.313
3553.079
3539.252
3548.801
3558.639
3558.639
3562.898
3562.898
3562.898
3559.102
3559.63
3555.37
3555.37
3555.37
3555.37
3555.37
3552.022
3575.841
3570.375
3569.856
3544.856
3543.38
3533.542
3534.764
3534.764
3531.715
3522.381
3522.381
3522.381
3532.219
3533.299
3534.776
3539.11
3546.776
3546.776
3546.776
3550.974
3559.677
3586.9
3590.9
3595.761
3601.039
3601.039
3614.696
3611.881
3611.881
3604.215
3585.153
3567.369
3567.369
3567.369
3567.369
3560.309
3560.309
3560.309
3560.309
3567.369
3569.304
3567.369
3567.369
3567.369
3567.369
3567.369
3567.369
3567.369
3567.369
3567.369
3567.369
3575.035
3575.035
3575.035
3572.912
3572.912
3609.826
3618.529
3616.221
3608.554
3604.503
3602.38
3602.38
3582.157
3582.157
3563.213
3560.164
3549.886
3551.108
3538.515
3538.191
3520.407
3520.083
3520.083
3520.083
3500.481
3525.481
3520.204
3524.537
3544.139
3544.667
3544.667
3546.79
3582.739
3582.739
3589.448
3589.448
3589.448
3589.448
3589.448
3589.448
3589.448
3594.725
3594.725
3594.725
3595.488
3600.349
3605.188
3613.676
3617.472
3617.472
3643.09
3637.812
3632.735
3630.698
3625.858
3621.807
3616.474
3595.733
3572.816
3572.289
3569.98
3563.11
3553.128
3556.477
3561.514
3568.574
3568.574
3577.062
3596.427
3569.205
3565.563
3544.452
3535.424
3516.289
3496.289
3496.289
3494.529
3489.452
3489.452
3489.452
3485.401
3485.401
3485.401
3478.531
3468.614
3462.349
3461.224
3461.224
3461.224
3451.89
3461.44
3452.952
3447.674
3447.199
3447.199
3445.076
3427.576
3422.298
3397.298
3397.298
3389.196
3394.474
3402.312
3402.312
3383.176
3386.259
3398.79
3398.833
3398.833
3402.284
3393.256
3393.256
3399.108
3399.065
3401.952
3401.424
3409.752
3409.752
3406.301
3406.301
3403.252
3382.511
3398.252
3403.113
3421.034
3421.034
3402.09
3419.627
3419.627
3412.756
3422.738
3412.756
3417.833
3456.809
3454.568
3456.045
3462.168
3434.196
3406.974
3386.752
3384.628
3384.628
3384.628
3384.628
3370.801
3368.56
3358.579
3358.579
3358.579
3356.644
3359.727
3355.931
3356.088
3330.471
3335.31
3327.644
3321.378
3312.35
3308.299
3301.88
3303.114
3303.114
3296.054
3296.054
3296.054
3303.114
3303.716
3305.957
3309.165
3318.832
3304.634
3304.634
3303.684
3303.684
3323.906
3322.671
3322.671
3322.671
3322.671
3322.671
3325.721
3315.739
3329.937
3331.017
3339.443
3344.52
3350.801
3350.801
3406.725
3406.725
3415.213
3420.052
3420.052
3424.103
3436.696
3436.696
3443.756
3447.492
3457.474
3457.474
3457.474
3458.424
3458.424
3458.424
3458.424
3466.681
3473.389
3474.514
3474.514
3474.514
3474.514
3460.951
3429.775
3429.775
3426.324
3449.241
3440.753
3448.753
3448.753
3439.725
3436.676
3437.417
3442.694
3442.694
3451.022
3457.145
3485.117
3485.88
3496.157
3496.157
3496.157
3494.196
3490.084
3490.084
3508.797
3524.136
3524.456
3526.224
3526.224
3526.224
3513.206
3507.418
3497.265
3497.265
3496.945
3496.945
3496.945
3496.945
3479.622
3478.869
3478.869
3480.966
3475.753
3475.753
3476.973
3475.204
3468.578
3468.578
3468.578
3482.602
3488.944
3494.157
3494.518
3501.492
3501.492
3509.495
3504.761
3504.761
3504.761
3503.274
3503.274
3501.262
3501.262
3507.451
3509.512
3500.595
3508.341
3508.341
3504.933
3502.872
3500.774
3510.207
3510.207
3513.616
3520.829
3540.585
3540.585
3547.212
3548.698
3548.698
3548.698
3548.698
3553.494
3556.646
3558.744
3562.89
3557.491
3545.07
3545.07
3545.07
3547.131
3547.131
3553.32
3553.32
3550.274
3560.72
3548.28
3565.848
3561.899
3561.899
3554.925
3558.675
3580.229
3587.015
3588.223
3598.082
3606.085
3615.518
3620.732
3630.884
3630.884
3650.247
3651.706
3651.706
3654.718
3654.718
3654.718
3649.505
3645.358
3650.489
3650.489
3647.181
3622.486
3618.12
3618.12
3594.591
3587.805
3638.986
3636.889
3628.663
3628.663
3648.026
3646.869
3641.271
3637.32
3636.744
3636.744
3638.512
3626.091
3621.811
3621.811
3621.811
3621.811
3619.598
3619.598
3619.598
3619.598
3629.03
3629.03
3619.811
3619.811
3619.299
3618.616
3609.698
3609.698
3609.912
3607.814
3613.082
3632.838
3636.787
3646.006
3670.701
3674.848
3688.346
3689.503
3698.101
3698.101
3698.101
3702.381
3723.075
3723.075
3723.075
3724.843
3726.904
3726.904
3726.904
3725.965
3726.904
3726.904
3726.904
3726.904
3726.904
3726.904
3729.951
3729.951
3733.549
3741.122
3741.122
3776.93
3776.93
3781.076
3781.588
3774.015
3780.047
3783.738
3783.738
3792.061
3792.061
3796.341
3802.78
3806.782
3806.782
3806.782
3824.349
3834.502
3837.282
3837.282
3833.873
3833.873
3833.873
3833.873
3830.276
3830.276
3833.684
3833.684
3833.684
3834.892
3844.752
3870.056
3876.245
3897.099
3897.099
3898.558
3898.558
3899.625
3899.945
3899.945
3903.947
3910.288
3912.035
3912.035
3912.035
3874.139
3873.983
3873.823
3873.823
3875.735
3875.735
3871.527
3871.527
3859.107
3859.107
3859.107
3865.448
3865.448
3865.448
3865.448
3865.448
3860.433
3861.59
3862.111
3862.111
3862.431
3866.122
3868.335
3868.335
3874.677
3872.765
3872.765
3872.765
3873.704
3887.125
3891.405
3891.405
3891.405
3893.758
3893.758
3893.758
3888.372
3888.372
3888.372
3886.159
3886.159
3885.838
3887.046
3887.046
3892.561
3897.576
3899.328
3903.535
3903.535
3903.535
3903.535
3902.378
3902.378
3900.64
3881.438
3864.03
3867.338
3867.338
3869.107
3874.122
3875.581
3880.556
3887.53
3889.744
3889.744
3889.744
3889.744
3889.744
3889.744
3892.041
3895.639
3901.98
3901.98
3908.358
3894.7
3908.358
3908.358
3912.639
3912.639
3912.639
3920.864
3921.386
3900.532
3900.532
3900.532
3896.581
3896.581
3884.203
3890.495
3890.495
3890.495
3886.898
3885.787
3882.741
3877.96
3877.96
3869.735
3869.579
3869.058
3867.046
3867.046
3887.021
3893.995
3897.303
3893.302
3893.302
3893.302
3893.302
3898.515
3899.454
3899.454
3901.515
3901.515
3901.515
3901.515
3899.418
3899.418
3899.418
3898.479
3898.479
3896.466
3896.466
3896.466
3896.466
3896.466
3896.146
3896.146
3896.146
3896.466
3900.747
3900.747
3900.747
3900.747
3900.747
3896.466
3898.564
3899.503
3899.503
3899.503
3899.503
3906.477
3904.416
3904.416
3904.416
3896.032
3892.282
3899.069
3900.288
3902.386
3902.386
3902.386
3902.386
3919.953
3920.684
3927.026
3930.434
3930.434
3930.434
3930.434
3934.715
3934.715
3927.928
3891.998
3882.139
3881.2
3881.2
3882.407
3882.407
3883.16
3882.566
3901.279
3901.279
3897.328
3896.108
3840.706
3820.73
3816.729
3821.009
3817.997
3818.518
3836.085
3848.506
3850.787
3836.762
3828.378
3829.598
3822.623
3822.623
3832.483
3850.186
3852.198
3852.198
3856.2
3856.2
3856.2
3857.139
3859.895
3850.035
3850.035
3853.383
3853.383
3853.383
3853.383
3860.357
3863.765
3865.224
3852.785
3852.785
3852.785
3852.785
3852.785
3853.517
3865.956
3869.264
3869.785
3908.285
3917.505
3916.752
3916.752
3916.752
3916.752
3923.837
3923.837
3923.837
3927.245
3929.157
3929.157
3916.639
3926.072
3930.279
3906.188
3906.188
3907.925
3906.014
3914.931
3920.98
3920.98
3908.559
3904.279
3894.846
3899.053
3899.053
3884.038
3901.741
3902.96
3895.986
3909.645
3903.596
3913.392
3913.392
3917.672
3923.965
3927.563
3934.537
3959.232
3952.939
3968.232
3980.652
3984.604
3984.284
3989.683
3991.142
3989.683
3989.683
3985.537
3983.323
3984.076
3966.608
3969.777
3957.357
3957.357
3976.07
3970.927
3969.159
3951.872
3952.192
3952.192
3952.192
3950.733
3958.636
3953.62
3952.162
3952.162
3979.793
3979.793
3979.793
3979.793
3980.683
3979.224
3980.381
3980.338
3980.338
3986.631
3994.634
4007.012
4005.553
4007.465
4007.465
4000.491
4000.491
4000.491
4000.491
4000.491
4000.491
3992.918
3992.918
3992.918
3991.006
3995.808
3995.808
3995.808
3995.808
3995.808
3995.808
3995.808
4001.826
4001.826
4001.826
4001.826
4001.826
4001.826
4001.826
4001.826
4001.826
4001.826
4001.826
3992.108
3992.108
3992.108
3992.108
3992.108
3993.567
3993.567
3993.567
3993.567
3993.567
3995.78
3994.669
3994.669
3994.669
3974.694
3974.694
3974.694
3974.694
3976.75
3966.89
3966.89
3966.89
3963.878
3961.966
3959.514
3957.3
3957.3
3952.087
3951.767
3951.447
3951.127
3950.971
3923.34
3928.12
3925.108
3922.761
3922.239
3922.239
3917.459
3881.651
3882.87
3902.846
3902.846
3902.846
3906.255
3942.184
3937.169
3937.169
3937.901
3938.056
3941.364
3950.584
3951.704
3961.329
3961.329
3957.744
3978.598
3983.613
3987.107
3987.107
4017.902
4021.5
4020.297
4022.395
4021.883
4025.291
4025.291
4024.072
4037.73
4037.73
4024.072
4020.764
4018.666
4018.666
4015.258
4015.258
4015.727
3995.407
4001.596
4016.881
4020.832
4022.291
4022.803
4019.206
4019.206
4013.157
4013.157
4013.157
4013.157
4013.157
4023.017
4023.017
4023.017
4023.017
4022.334
4020.875
4014.692
4004.832
4004.875
4010.32
4012.534
4012.534
4020.918
4020.918
4020.918
4020.918
4020.918
4023.413
4025.718
4025.718
4025.114
4007.114
4007.114
4007.867
4007.867
4007.867
4002.654
3996.313
3996.313
3996.313
3998.593
3998.593
3998.593
3993.194
3991.282
3982.959
3982.959
3982.959
3982.438
3981.218
3985.364
3985.364
3985.364
3985.364
3985.364
3985.364
3981.363
3981.363
3981.363
3973.816
3972.078
3970.921
3970.921
3970.921
3970.601
3978.985
3966.724
3964.372
3950.348
3950.348
3976.977
3976.934
3975.995
3975.242
3974.489
3974.489
3968.3
3968.3
3968.3
3970.361
3968.264
3967.944
3967.944
3967.944
3963.663
3963.62
3961.559
3961.559
3961.559
3970.477
3970.477
4008.977
4016.98
4021.127
4033.547
4035.608
4038.654
4038.654
4030.651
4027.556
4029.654
4025.768
4027.78
4041.162
4053.601
4053.601
4059
4046.579
4046.579
4053.206
4057.486
4066.718
4063.238
4061.14
4061.14
4061.14
4057.732
4052.332
4052.332
4052.332
4050.271
4051.758
4042.84
4046.248
4052.438
4052.438
4052.438
4052.438
4051.491
4041.631
4040.412
4040.412
4040.412
4040.412
4033.438
4033.438
4033.438
4033.438
4033.438
4033.438
4029.486
4029.486
4029.486
4029.486
4029.486
4029.486
4033.236
4033.236
4031.224
4032.163
4032.163
4034.444
4044.162
4043.223
4047.224
4047.224
4048.444
4053.764
4053.764
4049.762
4049.762
4049.762
4046.75
4046.75
4046.75
4046.75
4029.047
4029.047
4029.047
4033.049
4033.049
4033.049
4026.075
4026.075
4024.163
4024.163
4004.188
4004.188
4005.299
4005.299
4005.299
4005.299
4005.299
4007.037
4010.445
4010.488
4019.841
4038.957
4042.127
4044.038
4052.212
4052.212
4052.212
4052.212
4054.492
4058.09
4049.706
4047.794
4046.637
4045.643
4041.692
4040.581
4047.367
4046.256
4030.207
4030.207
4014.659
4011.351
4012.271
4012.271
4002.838
4002.838
4002.085
3998.084
3998.084
3993.108
3992.355
3992.355
3978.697
3980.465
3980.422
3980.102
3980.855
3977.105
3982.081
3982.081
3982.081
3990.084
3980.366
3980.366
3978.598
3970.372
3978.97
3986.973
3986.973
3993.021
4012.384
4012.384
4015.43
4038.067
4028.518
4027.032
4030.782
4030.825
4030.825
4026.678
4027.431
4035.434
4036.373
4036.373
4036.373
4036.373
4039.227
4049.38
4049.38
4064.951
4071
4071
4071
4071.32
4067.723
4074.149
4074.149
4074.149
4074.149
4055.28
4051.53
4050.419
4055.434
4049.392
4049.392
4049.392
4031.825
4031.825
4031.825
4019.404
4003.855
4003.855
4003.855
3995.532
3985.983
3989.733
3985.782
3985.782
3985.782
3986.893
3991.174
3991.174
3990.063
3996.252
3996.252
4006.111
4006.111
4006.111
4006.111
4001.831
3998.662
3993.262
3995.274
3994.055
3994.055
3994.055
3994.055
3994.055
3990.305
3990.305
3990.305
4007.16
4011.111
4013.209
4013.209
4023.069
4026.064
4026.064
4026.064
4026.064
4026.064
4027.284
4034.514
4034.514
4041.488
4041.488
4043.256
4046.564
4049.733
4055.133
4059.913
4063.663
4068.662
4068.662
4073.473
4071.453
4071.453
4069.239
4064.745
4064.745
4064.745
4065.215
4085.191
4078.898
4088.816
4084.864
4081.456
4085.407
4085.407
4089.005
4089.005
4089.944
4093.352
4099.979
4106.011
4113.584
4129.133
4129.133
4132.441
4132.441
4132.441
4132.441
4131.502
4131.502
4131.502
4131.822
4133.559
4134.313
4134.468
4155.322
4175.297
4202.188
4206.259
4212.601
4212.601
4205.758
4205.758
4202.16
4202.16
4202.16
4202.16
4198.852
4200.913
4199.002
4208.434
4208.434
4208.434
4190.867
4187.559
4179.986
4186.96
4186.021
4184.253
4156.883
4156.883
4156.563
4154.349
4150.069
4158.392
4164.733
4164.002
4164.002
4168.282
4169.014
4169.014
4169.014
4167.794
4167.794
4161.008
4161.008
4161.008
4165.288
4169.239
4171.252
4185.276
4185.276
4193.502
4195.239
4199.191
4199.191
4224.495
4220.215
4223.965
4227.373
4221.032
4236.581
4236.581
4236.581
4219.014
4219.014
4216.916
4218.684
4231.105
4233.203
4233.203
4229.794
4229.794
4230.733
4231.953
4231.953
4231.953
4225.66
4225.617
4225.617
4222.837
4214.748
4210.541
4203.755
4200.585
4200.073
4200.073
4199.918
4199.875
4198.765
4194.814
4194.814
4194.814
4194.814
4194.814
4194.814
4204.034
4204.034
4204.034
4204.034
4213.061
4213.061
4217.268
4217.268
4218.425
4230.803
4230.803
4230.803
4228.892
4228.892
4228.572
4228.572
4228.572
4231.483
4225.142
4225.142
4227.355
4227.355
4227.355
4230.367
4232.279
4237.89
4237.89
4237.89
4235.677
4234.52
4234.52
4233.998
4229.791
4229.791
4229.791
4224.776
4224.776
4225.096
4219.047
4217.035
4217.035
4217.035
4213.438
4205.212
4203.992
4195.008
4195.008
4195.008
4195.008
4203.331
4194.413
4193.66
4190.063
4188.995
4188.995
4190.215
4190.215
4190.215
4190.215
4190.258
4163.367
4162.639
4162.639
4162.639
4162.639
4162.596
4174.974
4174.974
4165.114
4165.27
4165.27
4171.319
4176.294
4178.206
4178.206
4180.419
4185.819
4177.816
4190.834
4208.227
4215.014
4182.718
4182.718
4187.869
4197.61
4224.908
4225.423
4223.05
4223.092
4216.387
4220.34
4223.316
4223.316
4231.223
4231.223
4240.033
4254.755
4251.779
4251.779
4251.779
4233.291
4228.14
4236.267
4236.267
4236.267
4239.634
4239.634
4239.634
4239.634
4239.634
4239.634
4239.634
4239.634
4238.429
4234.892
4234.892
4234.892
4232.89
4232.89
4231.962
4231.962
4235.5
4235.5
4235.5
4235.5
4235.5
4235.5
4235.5
4235.5
4235.5
4241.488
4241.488
4241.488
4241.488
4237.934
4237.934
4240.006
4240.006
4240.934
4240.934
4240.934
4240.934
4240.934
4240.934
4240.934
4244.065
4244.065
4244.065
4244.065
4244.065
4244.065
4240.62
4240.62
4240.62
4240.62
4240.62
4238.732
4238.732
4238.732
4238.732
4238.732
4237.291
4237.291
4237.291
4237.291
4238.218
4238.218
4238.218
4206.148
4198.021
4189.084
4178.087
4177.572
4179.608
4174.654
4170.949
4170.949
4170.949
4170.949
4170.949
4163.825
4162.91
4162.91
4135.611
4135.569
4131.533
4138.423
4138.423
4139.892
4141.639
4145.343
4147.596
4147.596
4153.861
4156.992
4156.992
4156.992
4156.992
4156.992
4158.881
4158.881
4158.881
4158.587
4142.515
4142.515
4141.521
4138.253
4136.217
4134.47
4134.786
4134.786
4134.786
4141.051
4158.149
4161.854
4163.322
4163.322
4171.217
4171.217
4171.217
4171.217
4179.114
4184.34
4184.34
4186.229
4190.423
4190.423
4190.465
4183.761
4182.014
4178.745
4159.227
4157.786
4156.593
4152.64
4155.616
4152.485
4152.485
4144.759
4144.253
4144.253
4144.253
4153.687
4153.687
4144.877
4119.877
4133.732
4151.087
4141.979
4141.979
4117.581
4117.581
4117.581
4109.298
4108.792
4093.431
4057.407
4057.407
4057.407
4045.136
4045.136
4043.419
4041.977
4041.977
4041.977
4049.459
4049.776
4049.776
4040.965
4039.248
4034.098
4029.143
4026.396
4034.679
4032.492
4031.77
4029.782
4011.294
3991.776
3983.869
4019.245
4020.714
4027.419
4027.419
4051.816
4051.816
4056.539
4056.539
4061.69
4062.196
4062.196
4063.943
4062.226
4062.226
4062.226
4065.593
4070.548
4076.703
4078.145
4078.145
4074.777
4066.97
4049.614
4023.048
4023.048
4022.325
4020.253
4007.964
4006.495
4004.459
4002.471
3964.435
3956.529
3983.827
3993.261
4002.694
3997.36
3991.245
4010.98
4020.3
4020.3
4027.005
4042.366
4046.27
4046.27
4039.723
4036.714
4032.617
4029.25
4016.03
4007.22
3994.949
3990.72
3997.61
3988.8
3984.896
3972.625
3955.136
3941.642
3917.244
3910.354
3934.752
3934.752
3928.776
3962.375
3962.375
3964.092
3963.98
3948.619
3938.941
3948.971
3952.875
3946.658
3937.339
3933.11
3924.983
3924.983
3924.983
3930.562
3925.607
3925.607
3927.86
3931.956
3950.444
3948.258
3943.303
3941.315
3939.846
3944.569
3963.244
3976.738
3980.639
3998.128
3998.643
3999.741
4003.446
4009.992
4011.197
4011.197
4011.197
4023.426
4033.027
4035.099
4035.099
4035.099
4035.099
4033.907
4028.702
4002.136
4052.7
4045.333
4040.378
4044.607
4039.652
4039.652
4030.051
4029.123
4028.97
4027.777
4023.62
4023.62
4022.477
4022.477
4022.477
4027.628
4029.375
4029.375
4029.881
4029.881
4029.881
4029.881
4029.881
4031.14
4031.14
4031.14
4031.14
4031.14
4031.14
4031.14
4027.044
4022.81
4023.274
4020.217
4018.145
3998.139
3994.87
3991.761
3990.556
3987.002
3987.002
3990.27
3991.474
3995.029
4003.61
4003.61
3973.443
3956.622
3958.694
3967.188
3969.935
3971.824
3971.824
3975.131
3955.628
3955.122
3946.014
3946.014
3949.381
3951.098
3970.601
3983.498
3987.399
3992.354
3992.354
3992.86
3992.396
3993.837
3989.934
3988.492
3974.998
3985.029
3984.712
3980.616
3979.473
3971.25
3957.395
3956.672
3949.19
3931.7
3931.7
3918.206
3912.965
3894.224
3894.224
3880.369
3842.333
3834.05
3837.604
3837.604
3834.05
3834.05
3831.797
3833.514
3833.514
3833.514
3833.514
3851.744
3851.744
3852.25
3852.25
3855.313
3855.313
3862.289
3861.146
3861.146
3862.289
3881.419
3881.419
3881.419
3883.136
3883.136
3883.136
3883.136
3883.136
3884.577
3884.577
3884.577
3898.432
3898.432
3898.474
3898.474
3910.745
3910.745
3910.745
3912.998
3915.974
3915.974
3915.974
3915.974
3903.703
3903.703
3902.262
3902.262
3900.545
3900.545
3909.123
3909.081
3909.081
3909.081
3909.081
3909.081
3908.154
3899.66
3890.059
3890.059
3881.776
3877.547
3860.057
3832.759
3832.759
3832.015
3828.31
3822.976
3813.657
3811.768
3805.551
3814.66
3809.916
3809.958
3796.102
3796.102
3796.102
3789.212
3789.212
3799.242
3795.688
3776.789
3776.789
3776.789
3752.392
3749.416
3748.901
3739.467
3740.395
3740.395
3732.913
3734.056
3742.339
3738.11
3744.375
3742.934
3762.669
3762.669
3771.321
3772.762
3770.575
3770.892
3774.16
3777.864
3777.864
3783.84
3780.286
3780.286
3786.551
3777.741
3778.256
3778.256
3780.509
3782.696
3762.093
3762.093
3762.093
3762.093
3768.31
3768.31
3768.31
3768.31
3762.045
3760.947
3751.346
3750.419
3751.517
3753.264
3753.264
3748.309
3748.309
3748.309
3748.309
3752.262
3752.262
3753.19
3766.684
3767.827
3762.911
3762.911
3761.768
3766.723
3758.229
3753.313
3753.313
3749.41
3746.142
3746.142
3748.395
3749.587
3749.587
3746.22
3781.596
3783.669
3792.479
3795.488
3800.693
3809.801
3809.801
3816.066
3813.994
3840.56
3857.916
3851.651
3847.422
3846.217
3849.584
3835.729
3835.729
3835.006
3839.235
3839.699
3839.699
3839.699
3839.699
3839.699
3839.699
3840.904
3871.328
3885.184
3885.907
3892.611
3892.611
3892.611
3893.117
3896.822
3896.822
3896.822
3916.34
3916.34
3916.34
3916.34
3906.907
3915.12
3933.608
3925.482
3925.482
3925.482
3925.482
3925.482
3921.928
3921.928
3921.928
3925.482
3925.482
3925.482
3929.458
3926.327
3928.044
3928.044
3928.044
3921.779
3907.923
3914.188
3909.959
3909.959
3911.057
3912.498
3912.498
3911.401
3913.587
3913.587
3916.718
3916.718
3916.718
3916.718
3921.441
3921.441
3929.568
3929.568
3921.694
3918.947
3913.797
3913.797
3909.64
3918.45
3917.523
3916.468
3915.276
3915.276
3935.011
3948.23
3951.785
3944.303
3947.67
3948.598
3955.145
3955.145
3955.608
3955.608
3955.377
3949.16
3948.232
3928.497
3925.13
3921.226
3928.708
3928.708
3946.063
3949.331
3946.063
3946.063
3949.967
3949.967
3946.413
3950.316
3940.286
3940.286
3940.286
3942.033
3942.033
3942.033
3942.033
3935.486
3920.455
3920.455
3934.31
3944.34
3946.527
3946.527
3919.961
3915.804
3925.545
3921.991
3916.84
3916.84
3912.096
3915.464
3913.959
3877.776
3854.53
3854.53
3851.554
3834.199
3833.735
3826.253
3824.217
3819.494
3819.494
3836.752
3841.706
3843.959
3843.959
3831.73
3831.73
3832.658
3834.375
3837.742
3837.785
3842.508
3839.14
3839.14
3837.252
3836.154
3836.111
3833.858
3833.858
3834.322
3834.322
3834.322
3836.211
3836.211
3832.657
3829.526
3804.526
3804.526
3802.809
3802.809
3802.809
3802.809
3793.998
3803.432
3806.986
3810.117
3810.117
3823.973
3823.973
3825.071
3825.071
3822.884
3819.517
3818.419
3817.321
3809.038
3809.038
3804.315
3789.55
3787.803
3786.66
3791.575
3796.491
3792.343
3801.663
3801.663
3804.794
3800.795
3800.795
3800.795
3800.795
3803.804
3803.804
3803.804
3803.804
3803.488
3805.476
3809.633
3818.952
3831.223
3831.223
3836.178
3840.081
3846.057
3846.373
3901.108
3907.373
3907.889
3927.018
3927.018
3928.161
3928.161
3930.05
3930.05
3932.303
3932.303
3932.303
3940.797
3940.797
3934.532
3934.532
3922.261
3922.261
3917.306
3917.306
3917.306
3919.492
3917.604
3916.461
3916.461
3916.461
3920.361
3918.175
3927.776
3927.776
3923.348
3923.348
3923.348
3926.652
3928.399
3932.104
3932.104
3932.104
3933.572
3926.682
3926.682
3950.261
3958.387
3960.64
3959.172
3959.172
3957.283
3957.283
3960.651
3958.398
3956.651
3956.651
3956.651
3956.651
3956.651
3952.946
3952.946
3955.955
3960.678
3962.146
3967.351
3973.616
3973.616
3979.771
3973.506
3973.506
3970.375
3993.425
3997.13
4000.261
4000.261
4000.261
4002.149
4006.872
4006.872
4003.604
4010.34
4011.268
4012.461
4012.461
4012.461
4012.461
4014.208
4014.208
4013.28
4013.28
4013.28
4009.051
4008.735
4008.735
4006.699
4006.699
4006.699
4006.699
4016.133
4016.133
4016.133
4018.205
4024.422
4031.127
4039.253
4048.994
4058.595
4058.595
4056.523
4056.523
4058.559
4058.559
4067.633
4067.633
4071.337
4071.337
4079.831
4080.148
4084.377
4087.645
4087.645
4087.645
4081.38
4069.678
4033.886
4033.886
4025.663
4019.301
4014.578
4011.211
4001.892
3994.72
3989.804
3980.485
3980.485
3973.595
3965.101
3958.554
3954.325
3945.831
3941.087
3941.087
3939.895
3939.873
3933.759
3924.44
3922.998
3872.434
3865.544
3862.413
3852.672
3841.489
3816.489
3797.956
3797.956
3797.956
3791.98
3791.258
3783.45
3782.523
3782.523
3781.054
3777.786
3777.633
3776.578
3770.361
3770.361
3763.471
3760.724
3741.206
3732.983
3724.857
3719.706
3714.556
3713.812
3712.37
3702.937
3702.937
3702.937
3702.937
3697.982
3696.235
3678.88
3678.364
3678.364
3640.328
3639.123
3634.895
3634.895
3634.38
3630.151
3628.958
3628.03
3624.762
3616.636
3609.745
3603.384
3602.661
3602.661
3598.505
3598.505
3598.505
3595.373
3585.343
3583.307
3589.283
3589.599
3589.599
3589.283
3551.247
3549.175
3549.175
3549.175
3530.687
3530.687
3530.687
3525.536
3525.536
3515.506
3514.762
3528.617
3536.425
3536.425
3522.569
3498.172
3496.425
3497.169
3497.169
3499.241
3499.241
3493.265
3493.265
3493.265
3495.012
3500.163
3500.163
3472.864
3469.497
3461.69
3459.973
3455.744
3420.367
3420.367
3417
3411.666
3411.666
3411.069
3409.926
3401.8
3401.8
3400.595
3387.101
3380.554
3379.456
3374.733
3356.059
3343.83
3334.229
3330.524
3328.452
3330.524
3330.524
3330.524
3330.524
3330.524
3330.009
3312.52
3312.52
3316.224
3325.229
3336.773
3337.288
3333.387
3334.485
3334.485
3334.485
3334.485
3334.485
3334.485
3334.485
3334.485
3334.485
3335.69
3335.69
3335.69
3335.69
3326.581
3322.628
3321.423
3321.423
3315.158
3287.86
3294.565
3308.42
3310.492
3345.869
3339.164
3342.173
3345.541
3343.468
3347.697
3347.233
3364.589
3347.233
3377.658
3371.393
3377.658
3378.122
3347.697
3333.842
3332.637
3331.914
3328.905
3293.529
3266.962
3267.685
3294.252
3299.456
3300.661
3295.456
3291.227
3287.86
3287.86
3287.86
3275.631
3275.631
3274.163
3270.608
3269.864
3269.864
3257.593
3221.569
3203.081
3203.081
3189.587
3187.334
3204.824
3204.824
3209.974
3209.974
3209.974
3209.974
3209.974
3209.974
3211.691
3220.185
3220.185
3220.691
3222.727
3222.727
3230.209
3230.209
3223.319
3213.578
3213.578
3201.289
3201.289
3193.383
3193.383
3193.383
3176.027
3175.563
3179.467
3171.985
3168.431
3171.985
3182.015
3178.111
3181.38
3181.843
3168.623
3188.358
3168.623
3185.979
3186.907
3214.205
3214.205
3227.425
3233.971
3227.425
3230.792
3230.792
3249.048
3249.048
3255.265
3251.898
3251.898
3248.63
3256.111
3294.881
3291.473
3291.473
3271.497
3271.497
3253.93
3249.784
3252.796
3242.936
3242.936
3242.936
3248.149
3248.149
3240.146
3240.104
3231.186
3231.186
3225.973
3225.973
3207.07
3204.058
3211.8
3215.209
3248.032
3248.032
3248.032
3248.032
3220.06
3199.319
3180.375
3180.375
3180.375
3180.375
3180.375
3180.418
3216.68
3216.145
3216.145
3215.62
3215.292
3214.758
3214.758
3200.623
3200.623
3198.286
3194.036
3190.645
3190.645
3190.111
3190.111
3194.158
3170.244
3168.72
3166.383
3159.883
3152.734
3152.734
3150.775
3145.375
3145.375
3143.563
3143.563
3139.516
3141.328
3141.328
3141.328
3113.766
3120.914
3120.914
3123.252
3123.252
3126.5
3129.088
3131.047
3131.047
3127.798
3154.455
3158.298
3162.95
3169.45
3165.606
3166.889
3164.62
3156.027
3152.939
3152.939
3144.508
3145.758
3125.283
3124.033
3123.508
3123.508
3119.458
3121.608
3121.608
3121.608
3116.467
3116.467
3116.467
3116.992
3120.223
3120.223
3121.719
3112.269
3112.269
3112.269
3112.269
3115.208
3115.208
3115.208
3115.208
3111.817
3111.817
3109.667
3106.173
3092.173
3092.173
3090.678
3086.991
3090.381
3090.381
3089.9
3089.9
3089.9
3089.9
3089.153
3086.566
3086.566
3086.566
3086.303
3086.303
3086.303
3086.303
3061.739
3063.552
3063.552
3063.552
3062.291
3065.784
3072.933
3072.933
3074.428
3069.084
3074.225
3074.225
3074.225
3074.225
3037.522
3044.211
3039.311
3039.311
3039.311
3032.595
3030.783
3030.783
3030.783
3030.783
3023.634
3018.494
3018.494
3019.75
3013.55
3009.448
2991.442
2987.055
2967.873
2959.28
2959.236
2959.236
2954.848
2952.58
2946.13
2946.13
2944.017
2939.705
2942.042
2942.042
2931.936
2938.28
2931.78
2930.686
2926.584
2926.584
2920.241
2919.003
2919.331
2919.331
2929.438
2939.106
2949.513
2949.184
2927.809
2953.747
2973.997
2972.502
2973.739
2947.802
2948.895
2970.27
2980.311
2981.806
2985.908
2983.57
2990.07
2990.07
3007.845
3007.845
3007.845
3007.845
3006.35
2998.147
2993.225
2990.888
2973.502
2960.77
2960.77
2958.811
2953.67
2953.755
2951.486
2950.3
2895.536
2889.303
2883.37
2879.32
2869.359
2866.238
2861.925
2859.863
2855.816
2855.488
2845.819
2845.819
2818.256
2818.256
2814.413
2849.278
2857.139
2865.778
2875.69
2886.228
2886.715
2895.418
2908.329
2922.506
2937.063
2955.006
2956.842
2960.943
2962.747
2968.215
2989.481
2990.013
3014.435
3029.216
3046.363
3041.222
3021.375
3011.269
3011.269
3011.269
3010.306
3002.103
3002.103
2994.955
2967.392
2962.492
2962.492
2962.333
2955.184
2950.797
2947.406
2947.406
2971.523
2973.483
2976.977
2986.117
2986.161
2989.848
3046.636
3046.636
3051.536
3088.911
3085.223
3092.016
3094.353
3120.291
3120.291
3115.391
3115.391
3117.172
3114.834
3114.353
3114.353
3099.978
3099.978
3098.019
3099.158
3095.909
3094.128
3090.634
3090.634
3089.495
3089.495
3103.87
3116.558
3119.806
3120.288
3120.244
3116.4
3116.4
3114.25
3104.581
3096.15
3131.449
3129.614
3128.832
3128.832
3138.744
3143.908
3140.174
3150.261
3158.799
3158.799
3158.799
3153.634
3153.59
3153.59
3153.59
3153.59
3155.426
3159.318
3159.318
3163.622
3163.954
3164.736
3164.736
3164.403
3170.935
3172.478
3176.212
3176.256
3176.256
3176.256
3176.256
3190.434
3190.434
3190.434
3190.434
3183.389
3183.389
3155.478
3148.125
3137.891
3133.79
3117.65
3115.847
3111.745
3105.467
3105.467
3105.305
3103.47
3103.47
3103.47
3101.634
3101.634
3088.786
3088.786
3086.647
3084.559
3058.293
3053.85
3041.002
3041.002
3037.712
3040.873
3036.981
3040.271
3045.875
3041.722
3051.956
3051.956
3056.399
3060.291
3065.253
3065.253
3069.407
3064.964
3060.002
3049.767
3051.856
3053.009
3059.434
3079.532
3079.532
3077.443
3077.443
3078.06
3057.962
3056.809
3051.204
3044.78
3043.514
3081.362
3086.831
3086.831
3088.097
3108.603
3100.065
3089.527
3085.373
3061.877
3052.953
3052.953
3051.978
3051.978
3050.174
3050.174
3050.174
3043.896
3035.589
3035.256
3035.256
3028.017
3028.017
3018.448
3003.891
3003.891
3004.378
3036.343
3054.578
3059.021
3062.559
3068.027
3065.85
3058.805
3055.644
3054.378
3017.21
3011.742
3010.983
3048.15
3033.593
3061.505
3076.062
3078.239
3078.998
3080.264
3080.22
3113.043
3109.46
3090.992
3062.723
3030.348
3029.854
3036.989
3043.655
3046.857
3042.357
3026.011
3024.002
3024.002
3022.72
3022.556
3018.402
3018.402
3017.611
3013.668
3010.466
3010.466
3010.466
3009.928
3009.928
3009.928
3007.53
3007.53
3011.684
3011.684
3011.684
3011.684
3011.684
3011.684
3011.684
3026.043
3026.043
3026.043
3026.043
3028.441
3028.441
3022.96
3036.018
3036.018
3034.159
3034.159
3039.639
3040.178
3049.947
3049.947
3049.947
3049.947
3049.947
3051.806
3051.806
3030.806
3030.806
3030.014
3030.014
3029.296
3020.546
3020.546
3010.33
3000.292
3000.292
3000.292
3000.292
2998.087
2991.42
2991.42
2990.881
2996.362
2996.362
2994.196
2994.196
2985.157
2994.196
2975.585
2994.196
2994.196
2992.369
2992.369
2984.407
3016.782
3023.288
3023.288
3030.058
3038.019
3038.558
3076.202
3105.25
3105.25
3115.923
3125.615
3127.442
3121.962
3121.962
3086.541
3088.68
3084.788
3084.788
3084.788
3084.788
3077.744
3073.59
3070.464
3067.174
3067.174
3067.174
3085.117
3085.117
3085.117
3106.383
3105.842
3101.949
3100.684
3090.597
3089.443
3089.443
3089.443
3089.443
3102.291
3109.169
3109.169
3110.323
3108.146
3113.108
3123.195
3123.195
3123.195
3109.017
3162.142
3162.142
3164.32
3164.32
3184.176
3188.068
3206.443
3206.984
3207.601
3211.699
3211.699
3231.32
3232.585
3246.763
3225.117
3225.117
3220.133
3220.133
3220.133
3248.505
3244.403
3240.97
3227.351
3226.62
3237.158
3217.734
3189.054
3193.155
3196.693
3216.117
3222.649
3230.509
3237.388
3233.653
3237.087
3230.209
3209.475
3210.449
3210.449
3228.684
3225.146
3224.658
3228.392
3221.861
3203.627
3203.627
3203.627
3193.089
3185.228
3185.228
3200.861
3202.403
3202.403
3202.403
3239.571
3236.282
3240.38
3263.877
3267.166
3271.059
3273.426
3275.261
3282.5
3308.362
3273.608
3273.608
3267.108
3263.061
3269.561
3268.038
3265.7
3261.856
3261.856
3256.456
3254.497
3247.348
3245.536
3250.936
3252.895
3255.745
3252.895
3225.333
3225.333
3207.327
3200.178
3187.447
3181.913
3181.913
3181.913
3201.759
3225.877
3218.17
3196.077
3201.308
3213.599
3224.193
3238.39
3238.866
3248.532
3252.532
3238.705
3248.745
3240.258
3229.887
3222.221
3218.221
3212.887
3161.074
3174.901
3173.111
3172.593
3181.08
3182.84
3170.247
3152.747
3154.537
3155.056
3146.63
3146.154
3136.488
3122.29
3120.531
3120.531
3131.735
3131.735
3112.133
3119.799
3119.799
3119.799
3123.596
3124.676
3124.676
3128.025
3128.025
3128.025
3128.025
3129.15
3129.15
3129.15
3129.15
3136.15
3143.21
3152.029
3152.029
3148.029
3133.832
3125.505
3125.505
3121.171
3121.171
3121.171
3112.745
3103.079
3100.992
3100.992
3096.992
3096.992
3084.461
3078.338
3078.338
3078.338
3070.011
3070.011
3070.011
3070.011
3066.215
3064.279
3064.279
3064.279
3068.076
3068.076
3068.032
3068.032
3068.032
3071.171
3071.171
3069.667
3069.667
3077.994
3079.498
3085.756
3086.08
3081.043
3072.556
3066.136
3066.136
3066.136
3048.352
3048.352
3039.648
3048.352
3048.395
3050.33
3050.33
3050.33
3050.33
3050.006
3050.006
3047.765
3041.997
3054.59
3055.715
3075.08
3081.951
3085.034
3094.872
3146.685
3171.685
3176.762
3176.92
3178.091
3201.91
3216.108
3222.231
3230.559
3250.781
3260.762
3281.873
3276.836
3275.077
3274.127
3274.127
3274.127
3264.46
3264.46
3261.41
3245.67
3193.856
3192.906
3190.782
3189.832
3185.498
3191.869
3201.535
3201.211
3201.211
3199.125
3190.306
3183.935
3185.972
3195.81
3226.986
3227.31
3232.644
3234.73
3234.73
3244.279
3244.279
3315.835
3315.835
3340.835
3341.785
3346.119
3346.119
3366.119
3366.119
3356.452
3356.452
3358.576
3356.785
3347.452
3343.255
3333.705
3324.039
3324.039
3317.14
3317.14
3315.35
3313.042
3310.733
3308.424
3298.443
3296.202
3295.031
3296.265
3316.488
3319.938
3319.938
3319.938
3319.938
3318.704
3339.815
3339.815
3339.815
3341.938
3338.59
3338.59
3336.466
3336.466
3336.466
3336.941
3333.299
3336.648
3336.648
3340.29
3340.29
3371.228
3371.747
3373.224
3377.224
3377.224
3375.747
3380.824
3380.824
3377.373
3377.373
3376.855
3376.855
3368.367
3349.423
3347.664
3347.34
3347.015
3336.738
3336.738
3326.46
3326.46
3326.46
3326.46
3296.506
3296.506
3296.463
3294.528
3294.528
3294.528
3291.179
3291.179
3328.825
3328.825
3324.981
3318.781
3317.819
3310.863
3310.863
3290.388
3290.388
3288.606
3288.606
3288.606
3283.506
3280.656
3276.813
3269.856
3269.331
3266.994
3258.181
3229.859
3206.57
3206.57
3211.492
3211.492
3218.641
3222.134
3222.134
3249.697
3267.416
3263.922
3263.922
3262.427
3265.548
3265.548
3264.025
3262.213
3262.213
3286.127
3286.127
3287.939
3292.839
3294.334
3294.334
3295.858
3301.202
3301.202
3301.202
3306.342
3299.627
3292.478
3317.791
3317.791
3317.791
3317.791
3317.791
3323.984
3324.509
3319.369
3319.369
3309.581
3307.431
3270.728
3271.209
3274.703
3276.853
3281.241
3308.563
3308.563
3308.563
3315.519
3297.513
3298.763
3298.763
3298.013
3297.531
3294.038
3294.038
3300.538
3299.288
3294.9
3294.9
3263.334
3248.959
3221.397
3235.531
3273.326
3274.085
3267.503
3262.035
3254.991
3244.453
3225.028
3218.446
3209.908
3208.073
3208.073
3208.073
3208.073
3208.073
3197.986
3193.024
3188.926
3180.388
3180.388
3166.983
3166.983
3166.983
3174.027
3174.027
3177.153
3177.153
3177.153
3177.153
3177.153
3177.153
3171.742
3207.175
3207.13
3198.716
3195.133
3191.966
3191.966
3200.38
3220.252
3229.627
3229.671
3235.152
3238.736
3238.736
3258.409
3276.582
3302.543
3312.909
3313.457
3292.78
3321.46
3316.498
3307.574
3307.574
3298.872
3298.872
3298.872
3289.616
3289.66
3289.616
3263.35
3261.366
3261.366
3248.517
3246.714
3246.714
3239.835
3243.373
3242.22
3256.777
3260.197
3255.171
3256.34
3241.596
3239.199
3235.867
3235.867
3177.623
3218.391
3218.391
3222.222
3224.258
3226.687
3265.262
3261.584
3263.459
3238.072
3243.23
3252.852
3252.852
3256.271
3256.271
3256.271
3252.852
3252.299
3237.168
3237.168
3237.168
3237.168
3215.852
3214.248
3212.946
3209.66
3204.502
3200.238
3200.238
3196.192
3177.482
3175.607
3175.607
3215.455
3213.86
3210.567
3224.147
3263.73
3265.346
3300.06
3300.06
3319.539
3341.289
3387.648
3396.648
3396.648
3396.648
3396.648
3396.648
3407.804
3409.122
3412.552
3417.274
3403.128
3403.177
3403.177
3409.177
3409.177
3455.857
3472.055
3476.614
3498.227
3512.593
3516.748
3544.305
3546.341
3556.788
3559.459
3543.03
3522.293
3513.421
3509.65
3512.064
3510.029
3509.429
3498.629
3507.5
3502.875
3490.982
3454.907
3466.8
3424.854
3445.591
3446.191
3450.816
3448.402
3441.152
3447.259
3454.509
3456.545
3466.616
3507.691
3475.323
3475.323
3482.498
3472.427
3472.427
3466.32
3466.32
3466.92
3487.17
3472.598
3491.375
3501.196
3457.968
3446.94
3455.687
3457.729
3513.798
3513.206
3503.593
3483.629
3462.042
3457.542
3445.979
3447.958
3432.403
3422.854
3422.854
3434.417
3434.417
3442.802
3411.394
3458.24
3436.188
3436.722
3446.201
3444.222
3466.274
3470.774
3468.76
3441.964
3383.674
3375.049
3406.387
3417.415
3385.507
3381.625
3375.139
3367.196
3365.503
3361.233
3354.01
3351.413
3377.194
3377.552
3373.943
3333.161
3331.148
3339.09
3341.104
3338.927
3313.146
3307.146
3311.642
3307.146
3276.521
3280.13
3286.13
3288.307
3259.488
3255.06
3258.183
3221.289
3222.936
3225.463
3229.618
3236.645
3221.157
3250.557
3239.457
3237.037
3235.137
3235.137
3235.137
3230.262
3230.262
3225.732
3215.982
3196.627
3196.627
3189.207
3187.612
3177.788
3176.523
3175.953
3180.328
3180.328
3185.768
3196.393
3197.42
3195
3195
3196.215
3221.94
3220.345
3214.862
3224.612
3217.732
3223.215
3224.81
3223.595
3223.595
3213.845
3192.005
3197.255
3197.255
3220.055
3222.475
3215.542
3237.382
3237.382
3237.952
3244.885
3243.858
3245.123
3264.478
3260.103
3266.983
3266.983
3266.983
3266.983
3266.983
3284.563
3280.947
3279.92
3279.92
3283.537
3283.537
3283.537
3296.117
3296.117
3275.657
3282.537
3274.257
3282.537
3282.537
3282.537
3282.537
3278.603
3259.397
3259.397
3260.423
3256.697
3249.452
3238.352
3242.285
3212.075
3212.075
3214.587
3207.707
3211.433
3207.113
3207.113
3207.113
3207.113
3207.113
3203.497
3193.057
3182.432
3163.923
3162.708
3141.793
3140.46
3139.81
3134.583
3119.65
3100.295
3095.978
3073.578
3071.285
3067.185
3066.615
3047.715
3034.182
3026.937
2970.978
2970.978
2966.878
2964.318
2962.998
2954.268
2949.042
2949.042
2938.728
2968.914
2959.799
2959.799
2952.772
2952.772
2952.772
2952.772
2952.772
2952.772
2952.772
2952.772
2952.772
2948.785
2948.785
2948.785
2944.372
2943.14
2933.258
2933.258
2929.747
2928.858
2960.169
2975.304
2977.588
2977.588
2983.426
2980.664
2982.623
2999.088
3016.318
3020.912
3044.02
3051.363
3070.113
3070.113
3070.113
3067.194
3067.194
3067.194
3067.194
3064.91
3054.694
3027.329
3022.586
3021.304
2998.196
2996.236
2986.709
2991.453
3000.98
2985.845
2963.953
2965.235
2965.235
2969.39
2969.39
2971.62
2978.755
2989.61
3051.002
3085.127
3086.358
3086.358
3085.176
3081.51
3092.091
3092.091
3084.363
3095.132
3109.959
3109.959
3113.625
3113.625
3121.353
3120.122
3120.122
3120.122
3120.122
3109.353
3098.772
3094.617
3094.617
3099.914
3121.111
3122.294
3129.152
3133.895
3129.152
3129.963
3114.682
3114.682
3107.162
3113
3132.466
3139.986
3141.338
3141.858
3145.635
3175.432
3175.432
3209.557
3225.098
3224.578
3220.801
3260.48
3263.855
3234.057
3232.706
3232.706
3232.706
3231.895
3231.895
3234.22
3231.895
3238.922
3231.895
3238.922
3238.922
3238.922
3233.409
3237.395
3237.395
3241.774
3247.331
3241.774
3264.882
3268.547
3260.819
3270.809
3272.769
3272.769
3272.769
3272.769
3272.769
3274.385
3270.72
3270.72
3266.733
3266.733
3266.733
3309.497
3298.771
3297.132
3304.966
3307.452
3313.041
3313.041
3313.041
3305.918
3301.479
3301.479
3298.993
3298.993
3298.466
3283.123
3283.123
3261.373
3295.108
3290.608
3279.733
3281.747
3279.767
3290.642
3300.122
3326.622
3312.455
3296.483
3318.535
3298.847
3335.697
3335.106
3275.995
3287.72
3289.727
3289.727
3309.161
3285.161
3323.772
3328.467
3328.467
3326.366
3326.366
3365.173
3358.82
3358.82
3358.82
3359.438
3368.57
3378.397
3392.285
3364.987
3392.285
3388.463
3385.713
3383.408
3402.937
3399.534
3394.944
3351.119
3348.955
3342.507
3334.746
3326.211
3293.3
3341.352
3387.777
3390.654
3435.827
3387.223
3418.663
3420.509
3428.388
3385.099
3393.634
3398.466
3403.056
3406.935
3413.382
3405.502
3407.841
3410.006
3392.285
3414.851
3412.719
3415.248
3415.248
3414.34
3414.34
3420.627
3403.715
3403.715
3396.421
3396.421
3393.892
3384.362
3384.362
3384.362
3384.362
3384.362
3384.362
3384.362
3384.362
3385.27
3385.27
3385.27
3385.27
3385.27
3385.27
3384.884
3384.884
3387.017
3387.403
3381.116
3381.116
3374.829
3418.009
3425.472
3436.59
3393.41
3383.042
3385.528
3404.494
3413.627
3414.244
3414.244
3424.612
3424.612
3424.612
3426.708
3426.708
3426.09
3421.329
3410.211
3414.972
3414.972
3393.625
3393.625
3384.493
3382.007
3379.912
3367.669
3373.956
3373.956
3366.493
3366.493
3372.54
3372.54
3370.8
3369.04
3368.423
3331.601
3331.601
3327.263
3325.792
3321.682
3297.877
3298.443
3297.877
3291.829
3291.829
3295.818
3298.347
3309.465
3313.575
3311.046
3307.057
3332.204
3348.675
3372.763
3377.101
3351.954
3353.425
3390.561
3391.178
3392.938
3397.702
3404.099
3375.308
3375.308
3441.149
3437.504
3437.504
3426.156
3426.156
3419.96
3419.351
3419.351
3421.743
3433.091
3433.699
3399.196
3397.125
3397.125
3406.5
3412.125
3420.788
3420.788
3422.859
3406.859
3406.859
3392.309
3398.416
3403.045
3383.636
3401.593
3434.849
3434.849
3437.446
3434.849
3450.405
3450.405
3454.172
3461.719
3468.941
3468.941
3484.913
3484.913
3488.523
3488.523
3488.523
3488.523
3488.7
3488.7
3488.7
3488.7
3489.557
3489.557
3467.505
3478.248
3482.519
3483.597
3494.826
3494.826
3494.826
3494.826
3502.556
3491.813
3493.474
3493.474
3501.901
3501.901
3504.724
3504.724
3504.724
3500.453
3499.078
3489.964
3478.734
3451.938
3451.938
3451.938
3450.276
3450.276
3446.845
3439.116
3439.116
3427.554
3421.616
3421.616
3421.616
3421.616
3425.384
3425.384
3425.384
3434.009
3437.891
3430.724
3437.891
3437.891
3441.988
3420.675
3420.675
3420.675
3420.675
3420.675
3416.908
3413.026
3410.774
3395.535
3395.535
3394.465
3394.465
3395.535
3395.535
3395.535
3391.438
3382.813
3382.813
3382.813
3386.281
3379.392
3379.569
3357.783
3416.073
3406.705
3398.976
3375.226
3359.253
3386.05
3371.884
3370.618
3376.33
3400.08
3373.283
3384.351
3400.323
3423.073
3417.361
3424.25
3431.979
3420.75
3430.118
3451.905
3429.155
3370.865
3370.688
3372.005
3360.938
3332.813
3329.344
3328.026
3356.151
3367.38
3368.646
3382.813
3386.422
3402.394
3398.297
3394.688
3394.736
3378.764
3378.715
3376.736
3374.559
3374.559
3373.293
3373.293
3400.09
3400.09
3402.267
3398.385
3388.229
3388.229
3388.229
3388.764
3430.292
3435.736
3435.736
3438.333
3442.431
3442.431
3449.977
3449.977
3444.533
3444.533
3444.533
3441.936
3441.936
3443.201
3445.181
3449.063
3449.014
3443.347
3442.49
3442.125
3437.403
3426.335
3419.168
3419.168
3403.613
3403.613
3399.516
3399.516
3397.823
3395.809
3386.441
3386.441
3375.566
3371.295
3363.566
3365.227
3365.227
3365.227
3359.783
3359.2
3359.2
3329.182
3329.182
3329.182
3323.714
3322.052
3322.052
3318.583
3316.891
3288.766
3286.752
3287.335
3287.335
3281.398
3287.335
3291.217
3291.217
3283.274
3283.274
3283.274
3283.274
3279.392
3279.392
3279.392
3259.705
3259.705
3265.417
3265.417
3236.597
3230.885
3232.899
3232.899
3230.608
3229.342
3224.467
3247.519
3246.111
3240.59
3217.773
3257.416
3251.245
3255.031
3302.182
3346.879
3343.151
3388.833
3433.162
3429.163
3416.725
3404.679
3404.679
3402.487
3391.91
3382.356
3377.371
3375.14
3375.14
3375.14
3357.448
3399.244
3399.244
3374.436
3374.436
3374.436
3373.779
3414.117
3414.117
3383.492
3383.492
3383.492
3358.29
3358.29
3358.29
3358.29
3351.504
3351.504
3351.504
3351.504
3350.825
3345.254
3351.851
3349.077
3349.077
3340.313
3340.313
3345.605
3359.032
3360.444
3362.04
3370.226
3378.613
3377.907
3361.77
3336.44
3328.397
3320.212
3318.615
3331.571
3357.99
3361.006
3357.99
3385.571
3352.103
3338.675
3332.198
3331.774
3304.194
3302.264
3314.74
3302.264
3302.688
3304.617
3317.657
3343.786
3330.746
3325.454
3358.921
3358.3
3352.639
3354.252
3354.252
3362.329
3365.103
3365.103
3356.127
3357.095
3357.095
3374.677
3371.903
3367.395
3370.573
3363.605
3363.605
3362.637
3362.637
3362.637
3362.637
3362.637
3344.089
3342.476
3306.911
3283.677
3275.29
3227.931
3187.202
3187.202
3183.173
3185.899
3184.569
3173.058
3160.206
3235.907
3237.149
3143.976
3119.786
3126.643
3132.214
3130.992
3131.409
3123.218
3131.409
3163.552
3137.837
3174.492
3177.111
3174.381
3187.03
3149.318
3152.006
3139.771
3152.006
3151.596
3144.846
3142.205
3102.748
3071.107
3065.623
3041.646
3045.506
3049.873
3060.127
3071.553
3071.607
3103.248
3090.363
3068.556
3044.71
3053.271
3065.71
3044.714
3044.066
3035.634
3024.555
3020.32
3016.578
3016.525
3017.172
2986.491
2976.547
2964.297
2951.57
2958.047
2958.047
2958.047
2981.297
2974.82
2940.491
2948.491
2920.706
2925.612
2933.491
2961.616
2963.462
2933.326
2966.735
2969.568
2974.227
2980.773
2983.148
3014.587
3016.784
2988.659
2992.114
2984.235
2992.9
2984.9
2983.053
2980.22
2973.674
2969.015
2964.11
2961.735
2953.07
2921.631
2919.434
2963.922
2960.468
2964.405
3006.013
3001.84
2984.96
3054.852
3048.821
3036.775
3034.237
3038.41
3030.287
3022.479
3013.681
3030.562
3006.429
3001.698
2989.438
2990.84
2999.638
2929.746
2928.4
2889.55
2897.673
2905.481
2910.212
2897.854
2921.987
2934.246
2940.277
2942.815
2955.173
2967.219
3002.165
3000.763
3002.11
3002.11
2991.263
2946.09
2923.758
2915.95
2909.373
2909.373
2909.373
2904.392
2904.392
2902.2
2901.554
2892
2880.369
2877.769
2873.469
2873.469
2873.469
2873.469
2873.469
2872.285
2872.285
2872.285
2872.285
2864.346
2864.346
2864.346
2859.808
2850.254
2846.081
2846.727
2853.004
2855.235
2877.396
2890.204
2896.85
2906.404
2915.202
2930.817
2959.375
2971.813
2978.14
2986.079
2989.921
3021.844
3023.367
3023.367
3031.367
3041.944
3042.602
3088.602
3088.798
3096.606
3078.913
3079.863
3084.037
3090.313
3090.313
3099.954
3061.218
3061.218
3105.706
3109.644
3153.312
3164.942
3182.635
3183.227
3182.277
3182.277
3144.402
3144.402
3136.523
3136.523
3128.29
3128.29
3128.29
3124.352
3124.352
3124.352
3124.159
3124.159
3134.379
3123.697
3123.697
3123.697
3149.152
3149.152
3149.205
3126.381
3132.47
3167.5
3128.684
3124.162
3082.504
3076.591
3097.467
3099.234
3106.77
3142.539
3152.906
3152.52
3154.825
3159.347
3159.347
3159.296
3171.108
3171.108
3163.461
3173.572
3203.009
3203.009
3203.009
3199.143
3199.143
3197.377
3242.092
3242.092
3242.478
3209.074
3205.085
3197.621
3181.151
3180.533
3178.774
3174.009
3153.164
3129.075
3127.605
3116.487
3112.377
3106.329
3101.991
3076.844
3074.314
3073.748
3074.314
3074.314
3074.314
3073.432
3071.961
3071.961
3071.961
3069.432
3065.322
3065.322
3057.675
3040.763
3040.763
3040.763
3048.947
3048.947
3048.947
3049.829
3086.651
3103.563
3107.235
3148.579
3150.05
3157.697
3143.889
3147.94
3153.027
3173.904
3176.397
3182.658
3183.527
3193.418
3193.418
3215.882
3238.893
3243.35
3245.741
3257.089
3268.806
3268.806
3268.806
3270.871
3270.871
3280.752
3282.201
3282.386
3286.661
3290.428
3320.5
3381.395
3349.518
3392.232
3397.832
3397.882
3370.32
3368.08
3370.32
3370.87
3354.441
3350.729
3361.175
3361.175
3363.211
3367.204
3369.875
3362.113
3319.398
3313.798
3315.1
3310.886
3310.886
3310.886
3308.85
3307.548
3306.998
3306.998
3306.998
3303.005
3302.955
3302.955
3302.955
3300.284
3302.523
3300.284
3297.027
3265.527
3222.745
3196.6
3200.931
3193.495
3186.171
3188.805
3190.521
3186.861
3182.53
3186.19
3192.275
3194.317
3152.961
3150.327
3179.553
3186.877
3149.948
3132.226
3103.801
3101.815
3106.25
3136.455
3176.678
3172.243
3170.574
3164.656
3156.822
3164.656
3168.077
3168.077
3168.652
3168.077
3168.077
3162.443
3162.443
3181.861
3176.005
3181.375
3209.8
3215.433
3223.267
3227.096
3267.318
3267.318
3272.113
3272.113
3279.736
3285.592
3287.579
3256.936
3254.976
3254.976
3254.976
3254.976
3284.774
3312.139
3312.139
3313.755
3315.402
3315.402
3359.18
3359.18
3359.18
3359.18
3376.646
3372.817
3372.817
3374.803
3382.123
3385.952
3388.514
3388.562
3388.562
3388.562
3388.562
3396.396
3396.981
3396.981
3412.324
3421.741
3421.741
3421.741
3421.741
3421.741
3421.741
3421.741
3421.741
3421.741
3435.693
3434.42
3434.42
3425.543
3403.793
3389.82
3389.868
3366.854
3366.807
3368.106
3366.467
3368.106
3366.807
3355.803
3345.786
3345.786
3349.827
3353.211
3355.163
3355.163
3356.889
3352.231
3331.211
3315.457
3311.022
3307.639
3303.598
3301.036
3301.036
3301.036
3295.118
3295.118
3295.118
3281.166
3278.469
3269.479
3266.918
3264.932
3237.192
3201.653
3195.715
3180.16
3206.993
3202.43
3191.401
3177.056
3210.968
3146.068
3145.468
3143.111
3150.361
3157.904
3160.261
3158.959
3125.696
3121.929
3110.743
3099.268
3091.725
3089.368
3077.984
3114.059
3049.159
3041.909
3038.034
3042.427
3058.102
3066.271
3077.746
3078.996
3077.746
3072.146
3049.738
3061.121
3064.996
3049.321
3071.73
3077.33
3142.23
3134.061
3145.246
3146.548
3086.593
3075.043
3051.643
3043.693
3065.071
3063.75
3093.805
3068.658
3083.658
3095.548
3067.175
3061.127
3060.939
3076.401
3121.576
3131.795
3167.717
3157.34
3164.971
3190.171
3167.744
3179.818
3194.998
3201.136
3197.409
3226.205
3243.369
3275.087
3283.519
3284.9
3308.667
3263.011
3264.427
3264.618
3257.215
3287.438
3287.119
3280.981
3306.504
3308.289
3303.323
3311.084
3309.935
3316.024
3344.821
3332.927
3325.166
3320.94
3299.274
3291.573
3297.711
3295.002
3293.642
3282.728
3258.28
3253.382
3227.86
3226.075
3230.972
3232.388
3256.836
3228.039
3229.188
3241.082
3242.442
3253.356
3261.058
3266.935
3269.644
3270.282
3268.866
3290.532
3300.326
3300.901
3318.065
3321.944
3347.151
3364.317
3316.129
3323.717
3347.779
3311.326
3326.036
3331.036
3333.529
3335.594
3357.833
3368.79
3357.069
3356.884
3345.928
3342.161
3338.23
3337.982
3330.627
3288.072
3278.181
3234.848
3225.457
3219.543
3218.924
3218.029
3225.904
3218.029
3255.105
3271.772
3225.582
3233.011
3223.189
3232.939
3243.739
3247.614
3254.589
3255.471
3259.184
3259.184
3264.816
3257.388
3257.998
3267.82
3268.002
3268.002
3251.573
3250.716
3249.288
3228.709
3225.141
3217.713
3181.638
3177.645
3175.188
3133.241
3125.291
3093.791
3093.241
3087.07
3082.055
3082.055
3088.163
3080.213
3058.291
3054.298
3044.923
3044.873
3012.505
3031.817
3020.1
3009.502
2980.154
2973.958
2970.379
2990.922
2990.973
3013.212
3012.592
3023.19
3047.538
3051.589
3063.306
3092.654
3125.491
3147.955
3147.955
3151.534
3159.6
3115.073
3124.448
3133.696
3133.696
3133.879
3134.736
3136.771
3136.771
3136.771
3136.771
3141.164
3141.164
3141.164
3142.593
3142.593
3142.593
3138.2
3138.2
3138.2
3137.343
3137.343
3115.2
3112.843
3146.239
3135.641
3135.641
3135.457
3134.007
3124.116
3101.105
3101.105
3099.04
3099.04
3087.692
3087.692
3091.458
3091.458
3091.458
3134.616
3134.616
3134.616
3134.616
3134.616
3131.263
3174.119
3178.709
3174.119
3176.459
3176.459
3178.623
3178.623
3145.713
3114.743
3109.91
3109.91
3109.91
3103.463
3100.672
3098.507
3054.683
3046.147
3038.386
3036.567
3028.687
3028.687
3046.451
3051.36
3051.36
3052.741
3052.741
3058.68
3063.15
3063.343
3063.343
3063.991
3074.21
3076.71
3076.71
3076.71
3076.71
3076.71
3079.21
3079.608
3067.888
3098.57
3095.964
3098.525
3098.525
3110.388
3102.57
3107.888
3109.055
3109.055
3106.494
3106.494
3094.42
3129.981
3105.058
3146.824
3146.824
3115.184
3115.184
3115.184
3114.773
3162.992
3157.421
3114.863
3163.221
3166.041
3166.041
3124.643
3138.291
3137.602
3141.697
3133.238
3163.668
3187.283
3180.541
3182.918
3189.66
3199.035
3215.674
3228.928
3224.834
3233.293
3209.678
3243.695
3296.106
3342.28
3342.992
3344.669
3337.754
3345.076
3400.25
3410.957
3417.991
3441.553
3427.368
3409.561
3437.299
3491.941
3476.805
3465.514
3471.48
3476.843
3514.57
3519.652
3528.88
3538.334
3564.525
3570.416
3580.295
3662.895
3673.293
3691.748
3696.239
3699.311
3699.311
3707.361
3709.577
3709.577
3709.577
3709.577
3706.986
3706.986
3705.33
3700.605
3700.605
3703.455
3690.159
3690.095
3690.095
3690.095
3695.459
3695.459
3695.459
3674.55
3679.275
3679.339
3679.339
3596.739
3596.739
3591.375
3537.011
3537.011
3538.668
3538.668
3538.668
3531.541
3530.841
3527.991
3533.073
3529.673
3491.945
3491.945
3491.945
3486.864
3489.455
3489.455
3509.405
3509.405
3512.041
3512.041
3513.164
3513.164
3513.164
3513.164
3522.182
3522.182
3522.182
3534.777
3534.777
3533.655
3536.782
3536.782
3536.782
3533.655
3533.655
3533.655
3505.755
3505.755
3505.755
3506.232
3514.005
3514.005
3514.005
3514.005
3511.368
3503.595
3503.118
3503.118
3503.118
3517.818
3530.636
3539.666
3539.666
3541.391
3541.391
3541.391
3541.391
3541.391
3541.391
3541.391
3541.391
3547.664
3550.964
3550.964
3551.027
3550.168
3550.168
3550.168
3529.805
3529.805
3529.805
3529.805
3529.868
3529.868
3527.232
3526.455
3526.455
3526.455
3526.455
3526.391
3515.993
3510.911
3510.911
3510.911
3510.911
3497.616
3497.616
3497.616
3497.616
3502.698
3490.198
3490.198
3490.198
3490.198
3490.198
3490.198
3490.198
3490.198
3490.198
3490.198
3492.834
3496.134
3505.589
3506.989
3506.989
3506.989
3506.989
3506.989
3518.28
3518.28
3518.28
3518.28
3518.28
3518.28
3518.28
3518.28
3518.28
3518.28
3518.28
3506.509
3506.509
3506.509
3506.509
3506.509
3506.509
3506.509
3504.691
3506.509
3500.918
3500.918
3513.327
3512.236
3509.645
3509.645
3512.645
3513.736
3513.505
3527.741
3528.627
3537.855
3540.445
3546.411
3552.002
3552.002
3552.234
3552.234
3552.234
3581.102
3594.398
3594.398
3579.909
3570.682
3569.091
3549.141
3503.227
3497.636
3415.036
3405.436
3402.436
3430.957
3438.084
3423.848
3469.761
3455.157
3450.225
3443.098
3414.577
3412.92
3402.523
3416.759
3431.248
3389.569
3391.132
3395.975
3397.603
3400.549
3350.154
3359.057
3314.991
3335.805
3341.017
3350.71
3344.036
3334.604
3336.631
3370.953
3373.019
3410.392
3403.748
3401.682
3368.613
3375.146
3370.488
3375.146
3384.677
3391.531
3393.948
3389.785
3424.369
3421.952
3386.756
3403.477
3396.736
3389.727
3390.416
3396.871
3380.15
3332.014
3339.023
3305.006
3271.809
3262.434
3257.173
3236.609
3201.044
3200.367
3177.504
3181.532
3179.603
3188.579
3188.579
3184.387
3184.387
3184.387
3179.427
3177.089
3177.089
3177.089
3177.089
3177.089
3177.089
3177.089
3177.089
3177.089
3177.089
3174.56
3174.56
3169.268
3169.268
3169.268
3160.504
3160.504
3160.504
3165.012
3141.778
3150.165
3141.778
3141.778
3136.552
3136.552
3136.552
3141.31
3133.125
3128.617
3128.617
3128.617
3121.476
3121.476
3121.476
3121.476
3112.252
3112.252
3109.526
3093.155
3059.688
3059.688
3057.722
3057.722
3103.799
3098.963
3098.963
3098.963
3098.963
3024.488
3031.176
3031.385
3021.48
3030.387
3021.48
3016.488
3016.488
3017.373
2998.52
2994.361
2993.348
2989.088
2951.329
2951.018
2962.107
3009.466
3005.091
3013.478
2989.798
2978.71
3020.458
3024.649
3025.339
3024.649
3024.444
3016.056
3016.056
3034.605
3046.798
3051.173
3010.798
3011.778
3022.611
3023.222
3023.222
3023.222
3039.04
3039.04
3039.653
3039.653
3039.653
3039.653
3039.653
3039.653
3039.653
3042.141
3042.141
3042.141
3042.141
3042.141
3077.141
3078.647
3118.73
3119.952
3128.008
3128.063
3128.266
3146.044
3147.978
3165.395
3257.395
3262.538
3273.244
3286.077
3316.702
3348.845
3351.464
3376.067
3382.925
3378.242
3378.242
3404.909
3408.873
3407.427
3407.427
3401.204
3401.204
3401.204
3401.204
3401.204
3402.651
3391.944
3389.325
3389.325
3389.123
3412.165
3428.276
3428.478
3439.185
3466.327
3471.01
3473.629
3474.308
3498.665
3497.986
3492.843
3499.065
3548.391
3553.534
3540.319
3540.319
3540.319
3538.748
3538.748
3538.748
3538.748
3538.748
3538.748
3538.748
3538.748
3538.748
3530.494
3530.494
3517.744
3492.03
3491.613
3491.613
3488.645
3462.645
3457.437
3457.853
3456.464
3448.409
3415.472
3458.085
3458.085
3445.044
3445.044
3443.115
3415.534
3417.119
3448.238
3431.786
3405.367
3432.948
3420.095
3446.514
3454.514
3454.514
3455.984
3455.984
3462.617
3462.617
3462.823
3453.847
3442.968
3442.968
3429.927
3428.397
3439.276
3406.615
3399.982
3451.625
3425.91
3424.416
3443.268
3452.047
3451.838
3423.805
3404.953
3404.953
3406.508
3455.017
3455.017
3442.443
3409.742
3419.242
3419.242
3419.242
3420.292
3372.642
3372.642
3372.642
3372.701
3372.701
3372.701
3373.146
3373.146
3373.146
3370.489
3370.489
3372.638
3372.638
3372.638
3372.638
3372.638
3368.163
3361.248
3356.036
3356.036
3347.222
3345.157
3345.157
3291.648
3267.233
3253.619
3242.186
3214.729
3214.284
3210.051
3198.102
3186.449
3148.047
3147.987
3173.297
3211.315
3218.349
3166.597
3169.674
3172.331
3190.928
3218.691
3219.737
3238.72
3246.816
3251.816
3198.431
3211.906
3216.896
3223.429
3231.888
3245.169
3200.625
3202.586
3226.383
3201.442
3215.202
3215.202
3219.185
3227.573
3234.206
3236.931
3241.891
3254.931
3262.577
3262.577
3271.341
3271.341
3278.482
3278.482
3278.482
3276.49
3272.948
3263.329
3263.756
3237.004
3200.804
3193.909
3161.248
3136.248
3111.498
3110.808
3097.768
3085.974
3063.111
3054.135
3054.135
3062.522
3062.522
3062.522
3067.28
3067.28
3067.28
3067.28
3067.28
3067.28
3067.28
3067.28
3067.28
3067.28
3067.28
3067.28
3062.522
3062.522
3062.522
3062.522
3062.522
3062.522
3067.03
3067.03
3067.03
3058.643
3054.135
3054.135
3054.135
3054.135
3054.135
3054.135
3054.135
3059.165
3066.306
3066.306
3069.032
3069.032
3069.032
3071.96
3071.96
3071.96
3071.96
3062.984
3051.613
3051.613
3051.556
3038.516
3038.516
3044.081
3044.081
3064.645
3061.718
3061.718
3061.718
3061.718
3062.504
3074.98
3106.099
3107.696
3155.921
3164.897
3211.655
3229.353
3240.724
3240.724
3240.78
3264.014
3270.982
3269.452
3285.117
3298.157
3292.593
3294.123
3242.609
3216.162
3240.971
3241.17
3217.152
3219.69
3209.19
3221.629
3220.879
3219.34
3221.533
3222.456
3214.648
3212.456
3250.416
3255.543
3260.348
3255.543
3255.543
3255.543
3252.965
3279.397
3320.496
3333.125
3382.387
3437.76
3439.427
3439.215
3450.59
3450.59
3462.777
3471.235
3471.177
3473.552
3475.071
3491.988
3496.646
3500.977
3500.977
3503.59
3503.648
3503.648
3502.129
3502.129
3534.285
3488.334
3522.35
3522.982
3522.982
3520.412
3520.412
3520.412
3520.412
3472.395
3520.621
3526.944
3526.944
3531.702
3534.718
3534.718
3550.722
3546.597
3541.915
3541.915
3541.915
3539.653
3557.907
3553.47
3555.958
3579
3583.125
3588.601
3604.768
3611.625
3611.681
3622.097
3635.312
3661.026
3673.454
3698.161
3715.577
3715.577
3728.327
3746.581
3740.851
3740.518
3727.685
3726.899
3727.565
3711.454
3718.571
3720.873
3720.873
3714.397
3714.397
3714.397
3712.095
3716.183
3716.183
3716.183
3706.905
3697.827
3668.363
3661.835
3654.978
3651.014
3642.823
3619.958
3619.958
3626.552
3626.552
3626.552
3634.742
3601.806
3601.806
3601.806
3606.944
3606.944
3623.135
3632.212
3632.212
3632.212
3632.212
3634.514
3634.514
3634.514
3634.514
3634.514
3634.514
3636.419
3636.419
3636.419
3636.419
3636.419
3654.196
3636.557
3609.167
3609.167
3555.222
3566.676
3569.509
3579.926
3581.252
3592.331
3596.566
3597.214
3592.979
3590.782
3590.782
3590.835
3605.047
3611.494
3599.808
3595.759
3572.347
3580.882
3582.243
3594.136
3601.711
3606.3
3620.075
3618.789
3602.653
3562.082
3598.679
3592.998
3591.678
3547.911
3559.096
3499.934
3505.534
3497.364
3501.239
3502.489
3518.164
3520.521
3542.582
3531.198
3495.123
3483.648
3476.398
3468.855
3466.498
3462.105
3474.909
3474.909
3474.909
3474.027
3474.027
3464.277
3458.448
3462.323
3453.066
3495.755
3495.136
3546.347
3502.377
3506.199
3498.208
3498.208
3542.659
3542.659
3498.834
3509.095
3510.017
3517.778
3507.517
3506.942
3548.623
3599.044
3599.044
3599.24
3599.24
3599.24
3599.24
3607.6
3646
3641.939
3650.875
3620.554
3613.53
3621.22
3627.928
3639.792
3639.985
3645.951
3635.358
3658.771
3663.606
3664.244
3668.647
3681.073
3634.704
3634.704
3633.572
3633.572
3631.042
3628.616
3628.616
3628.616
3623.454
3611.939
3609.454
3609.454
3609.068
3609.068
3609.068
3579.289
3579.289
3567.313
3563.645
3588.241
3558.075
3559.274
3541.324
3538.864
3532.577
3530.445
3522.035
3517.925
3509.741
3503.95
3498.186
3479.436
3449.279
3455.044
3411.864
3411.864
3410.105
3420.787
3422.546
3423.164
3428.954
3436.41
3440.52
3410.741
3410.741
3410.741
3419.151
3421.283
3421.283
3427.331
3433.618
3433.618
3433.618
3431.825
3431.825
3431.825
3420.539
3415.377
3413.982
3404.342
3379.195
3377.063
3370.71
3346.886
3325.175
3317.184
3317.184
3312.184
3309.699
3309.699
3290.949
3244.522
3244.522
3223.175
3217.41
3212.645
3234.853
3233.513
3237.851
3247.77
3248.399
3244.726
3244.726
3244.726
3244.726
3244.726
3244.726
3244.914
3242.487
3217.781
3223.546
3224.886
3224.886
3199.739
3189.82
3194.27
3147.844
3147.215
3124.649
3109.722
3109.535
3105.197
3105.197
3105.197
3120.123
3115.785
3115.785
3115.785
3115.785
3115.785
3143.404
3148.169
3152.994
3160.175
3152.528
3148.417
3152.528
3155.013
3155.013
3162.66
3171.07
3171.07
3172.862
3172.862
3172.862
3191.664
3232.692
3240.802
3240.802
3240.802
3245.205
3245.205
3251.813
3251.813
3251.813
3251.813
3258.194
3255.672
3255.672
3247.136
3249.659
3254.248
3255.17
3255.17
3256.53
3256.53
3256.922
3256.922
3256.922
3256.922
3256.922
3258.338
3258.338
3258.338
3258.338
3264.946
3264.946
3249.744
3249.692
3249.692
3247.907
3247.907
3247.907
3247.959
3273.034
3273.034
3273.034
3273.034
3268.631
3275.078
3275.078
3276.494
3276.494
3281.569
3304.472
3300.785
3299.369
3303.772
3313.444
3311.317
3326.519
3326.519
3326.519
3324.047
3339.271
3339.271
3341.056
3344.743
3347.534
3349.66
3366.825
3378.813
3402.511
3407.343
3418.257
3394.56
3383.646
3382.75
3382.56
3357.849
3359.174
3336.039
3331.45
3319.382
3311.808
3311.08
3299.394
3289.207
3287.715
3282.817
3280.69
3275.793
3269.655
3244.132
3242.983
3254.877
3247.116
3245.33
3233.437
3211.771
3182.974
3181.614
3178.905
3178.267
3172.39
3147.942
3141.853
3134.151
3123.237
3121.821
3081.912
3089.5
3100.254
3101.649
3106.474
3134.847
3134.847
3134.847
3134.847
3136.607
3144.254
3145.386
3145.386
3149.02
3149.02
3150.36
3153.029
3148.64
3142.93
3151.114
3132.364
3178.79
3134.82
3132.151
3134.82
3124.452
3125.847
3110.921
3115.994
3134.744
3129.671
3141.046
3169.419
3168.024
3181.778
3192.145
3170.961
3154.825
3156.281
3109.855
3109.855
3097.965
3097.965
3097.965
3110.897
3110.897
3110.949
3110.232
3108.776
3080.403
3092.292
3080.917
3080.866
3079.107
3113.377
3113.377
3087.854
3087.854
3087.854
3079.319
3079.319
3073.229
3071.065
3068.356
3110.377
3110.377
3105.468
3149.071
3142.744
3134.744
3134.744
3134.744
3134.744
3134.744
3128.417
3112.802
3100.363
3100.363
3078.031
3076.19
3071.46
3063.1
3066.138
3066.138
3068.738
3060.615
3060.615
3052.054
3045.242
3045.242
3045.242
3053.602
3045.602
3057.648
3074.692
3096.484
3101.289
3113.922
3116.844
3114.203
3121.121
3125.617
3125.617
3131.1
3137.764
3139.633
3139.633
3139.633
3135.773
3133.869
3133.869
3127.189
3121.33
3108.002
3116.127
3109.209
3104.6
3099.473
3090.982
3090.982
3085.92
3085.92
3078.291
3055.783
3063.713
3055.588
3055.588
3059.955
3092.377
3094.281
3089.914
3112.269
3116.069
3121.117
3095.653
3100.563
3108.795
3077.356
3083.833
3088.303
3096.968
3103.676
3119.055
3121.616
3119.055
3131.669
3112.632
3112.058
3106.207
3038.401
3034.229
3030.351
3027.56
2998.763
2996.636
2981.487
2977.084
2946.114
2928.95
2884.323
2882.963
2880.623
2913.189
2904.956
2904.903
2907.737
2915.616
2940.434
2963.919
2965.731
2967.231
2968.612
2977.044
2993.549
2998.208
3009.928
3016.11
3017.045
3018.212
3030.383
3031.763
3031.763
3023.331
3013.112
3013.112
3013.112
3013.112
3013.112
2986.366
2986.366
2968.941
2968.941
2968.941
2968.941
2968.941
2968.941
2968.941
2962.71
2962.71
2964.148
2964.148
2964.148
2964.148
2964.148
2962.71
2962.71
2962.71
2950.46
2950.267
2950.46
2942.945
2942.945
2941.564
2941.564
2916.746
2890.837
2895.742
2906.159
2906.212
2906.86
2917.939
2900.97
2912.424
2874.163
2871.966
2843.841
2832.761
2829.928
2825.023
2809.938
2805.703
2794.248
2794.987
2811.956
2837.793
2865.498
2865.446
2856.91
2856.272
2860.444
2859.138
2852.69
2861.226
2793.42
2792.692
2793.998
2796.162
2802.61
2837.076
2837.076
2839.868
2829.606
2840.89
2840.89
2846.979
2834.946
2826.836
2819.644
2819.644
2819.644
2829.83
2829.64
2829.64
2830.215
2830.215
2830.215
2830.215
2826.336
2830.215
2828.19
2828.19
2828.19
2829.112
2829.112
2833.16
2833.16
2833.16
2826.795
2837.056
2836.134
2844.244
2852.006
2852.196
2852.834
2860.409
2874.528
2873.222
2873.222
2873.222
2877.812
2877.812
2877.812
2879.172
2886.705
2886.705
2890.754
2884.903
2884.903
2884.903
2884.903
2884.903
2884.903
2847.213
2847.213
2888.972
2876.801
2853.034
2840.96
2879.937
2907.791
2881.835
2919.093
2906.464
2949.664
2990.367
2990.367
2981.567
2978.817
2973.95
2973.513
2966.388
2966.388
2963.521
2963.521
2963.521
2963.521
2963.521
2963.521
2965.938
2979.813
2961.525
2999.288
2999.288
3024.863
3023.833
3023.833
3009.958
3038.458
3039.488
3048.544
3055.669
3089.419
3089.856
3092.723
3145.34
3164.506
3172.773
3183.573
3181.156
3199.444
3199.444
3190.844
3181.313
3181.313
3181.313
3181.313
3181.313
3181.313
3181.313
3170.963
3170.963
3170.263
3170.263
3170.263
3170.263
3217.025
3217.025
3217.025
3217.025
3221.39
3223.847
3221.39
3221.39
3221.39
3221.39
3221.39
3221.39
3221.39
3221.39
3230.331
3230.331
3230.331
3254.746
3255.191
3255.191
3255.191
3249.979
3242.475
3242.475
3242.475
3240.93
3243.794
3249.758
3249.758
3249.758
3249.758
3250.805
3250.805
3249.197
3250.68
3252.288
3252.288
3252.288
3257.5
3256.453
3256.453
3256.453
3263.958
3265.502
3271.064
3271.064
3270.619
3270.619
3270.619
3270.619
3267.754
3271.746
3273.114
3273.114
3273.114
3274.659
3274.659
3274.659
3251.256
3254.053
3260.697
3266.189
3254.756
3249.756
3249.756
3249.756
3275.403
3289.86
3290.076
3290.076
3290.076
3288.532
3285.786
3285.786
3311.432
3305.627
3317.059
3317.059
3317.059
3322.059
3322.059
3322.059
3310.936
3310.936
3310.936
3310.936
3306.75
3301.538
3299.511
3285.807
3276.375
3274.697
3274.697
3274.697
3274.697
3274.697
3261.587
3287.481
3301.184
3319.782
3320.197
3320.197
3266.689
3268.297
3275.619
3278.695
3326.036
3335.468
3335.468
3349.214
3343.367
3343.367
3343.367
3330.256
3330.197
3312.994
3309.917
3309.917
3309.917
3315.765
3327.714
3327.714
3315.765
3315.765
3314.157
3314.216
3281.515
3272.083
3272.083
3258.379
3239.782
3241.46
3219.85
3200.867
3194.222
3212.82
3199.117
3198.07
3193.07
3179.564
3160.966
3154.051
3148.564
3202.009
3208.767
3253.228
3214.544
3269.147
3298.805
3295.505
3309.993
3312.993
3316.293
3321.657
3322.78
3322.78
3335.043
3349.743
3408.72
3429.461
3437.016
3443.012
3473.345
3473.345
3463.947
3466.85
3466.85
3460.773
3376.644
3357.847
3348.218
3337.627
3365.578
3357.512
3392.535
3451.546
3435.536
3427.022
3422.272
3412.512
3384.81
3379.137
3368.688
3366.344
3326.44
3366.344
3385.863
3391.238
3335.318
3346.108
3352.3
3379.479
3439.094
3442.344
3450.858
3471.465
3468.276
3473.842
3479.955
3484.616
3494.191
3504.002
3506.302
3456.787
3466.85
3429.35
3427.134
3427.134
3427.134
3426.356
3426.356
3406.523
3406.523
3402.252
3402.252
3394.637
3384.046
3378.87
3368.565
3361.306
3361.306
3354.014
3354.014
3354.014
3354.014
3354.014
3351.329
3351.329
3351.329
3352.106
3352.106
3352.106
3354.792
3364.701
3366.958
3376.419
3381.595
3381.595
3388.854
3396.771
3396.771
3398.986
3403.87
3407.333
3413.329
3423.634
3431.833
3441.896
3456.396
3483.278
3488.972
3496.972
3504.588
3504.588
3514.366
3523.995
3559.725
3525.548
3544.002
3546.177
3549.25
3543.659
3540.586
3533.109
3523.655
3528.145
3513.909
3509.418
3506.018
3495.9
3469.507
3469.507
3459.627
3459.627
3444.927
3436.877
3436.877
3434.702
3434.702
3449.402
3449.402
3472.584
3482.464
3494.395
3535.496
3548.085
3560.272
3569.335
3575.194
3521.524
3521.586
3595.215
3553.056
3554.384
3559.97
3567.004
3569.918
3577.289
3577.509
3591.358
3603.513
3616.849
3619.763
3692.123
3636.218
3641.218
3649.82
3656.735
3699.536
3659.127
3662.927
3662.985
3676.267
3700.46
3671.426
3678.434
3695.131
3658.984
3563.967
3562.412
3562.355
3543.994
3542.732
3537.42
3505.791
3464.393
3464.184
3450.93
3443.848
3418.439
3407.381
3404.676
3443.133
3434.675
3400.925
3398.894
3398.894
3398.894
3351.83
3348.688
3357.075
3363.655
3374.534
3374.534
3374.534
3374.534
3374.534
3356.935
3350.361
3350.307
3352.756
3352.756
3352.346
3352.346
3352.346
3352.346
3356.248
3356.658
3358.563
3356.113
3356.168
3367.184
3389.691
3389.691
3389.691
3389.691
3389.691
3389.691
3389.691
3394.496
3392.592
3403.334
3403.334
3403.334
3415.146
3415.146
3415.146
3415.146
3415.146
3415.146
3415.146
3423.271
3423.271
3423.271
3423.271
3426.107
3416.404
3417.607
3414.771
3438.99
3438.99
3443.6
3447.502
3447.502
3463.416
3486.098
3486.098
3486.098
3484.895
3476.77
3476.77
3484.752
3484.752
3484.752
3494.455
3494.455
3494.455
3494.455
3494.455
3494.455
3494.455
3494.455
3494.455
3494.455
3494.455
3492.006
3492.006
3492.006
3492.006
3474.506
3474.506
3474.506
3474.506
3473.568
3473.568
3473.568
3473.568
3467.193
3469.09
3468.891
3458.148
3449.658
3449.658
3449.658
3453.896
3457.957
3453.896
3453.896
3453.896
3452.932
3452.932
3452.932
3448.693
3438.029
3438.029
3438.029
3430.1
3430.299
3418.486
3418.486
3400.518
3399.916
3399.916
3399.916
3399.916
3399.916
3400.881
3392.756
3392.346
3392.346
3392.346
3392.346
3392.346
3392.346
3392.346
3392.346
3392.346
3390.477
3390.477
3390.477
3390.477
3390.477
3390.477
3390.477
3383.797
3401.631
3414.438
3409.39
3418.188
3394.523
3401.231
3432.67
3435.231
3430.761
3402.636
3390.023
3387.462
3356.023
3354.176
3347.468
3338.803
3354.182
3285.348
3289.818
3274.439
3276.286
3322.39
3317.406
3309.406
3315.983
3293.821
3301.629
3344.727
3352.852
3357.979
3314.677
3318.477
3322.777
3344.938
3389.273
3385.414
3390.477
3390.477
3391.9
3391.9
3395.244
3395.244
3395.244
3395.244
3395.244
3395.244
3395.244
3399.482
3399.482
3399.482
3399.482
3399.482
3399.482
3399.482
3399.482
3399.482
3399.482
3398.059
3398.059
3398.059
3398.059
3398.059
3393.254
3393.254
3381.02
3381.02
3376.781
3376.781
3376.781
3381.148
3372.412
3375.025
3306.572
3315.508
3316.27
3307.832
3323.77
3323.77
3324.438
3329.496
3400.48
3399.676
3411.488
3405.691
3394.6
3423.604
3424.971
3396.301
3407.043
3404.121
3421.621
3417.254
3420.176
3431.602
3431.656
3471.113
3471.059
3469.691
3476.441
3475.773
3466.838
3427.381
3409.881
3412.146
3407.088
3453.807
3441.174
3441.174
3388.983
3390.506
3397.152
3412.767
3412.713
3434.875
3454.115
3448.808
3448.808
3465.688
3465.688
3448.808
3433.192
3430.4
3429.933
3432.725
3432.725
3432.725
3409.947
3408.447
3400.015
3405.242
3405.295
3413.727
3424.409
3422.972
3390.396
3386.912
3358.116
3347.593
3359.138
3371.205
3372.621
3372.621
3367.724
3367.724
3346.224
3367.772
3372.362
3372.362
3372.362
3373.722
3373.722
3372.8
3372.8
3372.8
3371.44
3371.44
3371.44
3372.856
3368.267
3367.875
3360.174
3358.868
3357.451
3354.929
3354.929
3354.929
3357.451
3357.451
3358.373
3358.373
3358.373
3358.373
3358.765
3358.765
3352.157
3347.321
3342.918
3320.015
3304.866
3304.675
3304.675
3302.213
3302.213
3276.69
3276.69
3275.33
3275.33
3275.33
3269.479
3259.412
3279.564
3278.184
3286.063
3277.631
3265.46
3262.627
3261.46
3273.18
3296.665
3297.6
3309.771
3284.953
3289.612
3291.112
3283.233
3289.415
3318.648
3295.163
3319.981
3328.413
3316.693
3317.86
3311.678
3310.742
3309.242
3311.055
3313.888
3312.076
3313.456
3308.797
3289.479
3251.218
3266.65
3203.061
3192.944
3200.519
3194.429
3165.632
3161.229
3157.826
3145.933
3124.267
3109.065
3120.61
3118.088
3112.211
3100.666
3100.614
3139.903
3133.426
3158.814
3162.269
3184.263
3194.945
3201.422
3205.892
3177.073
3183.162
3198.07
3187.702
3187.754
3193.544
3196.029
3207.748
3269.467
3270.938
3280.974
3297.886
3302.224
3305.577
3306.71
3315.119
3335.965
3344.149
3365.496
3367.801
3370.331
3379.463
3386.757
3392.757
3392.757
3400.346
3400.346
3407.752
3416.162
3420.684
3425.206
3443.313
3443.313
3446.985
3438.496
3389.37
3389.37
3395.33
3416.207
3418.308
3430.025
3436.286
3466.359
3481.069
3490.069
3502.134
3502.743
3514.808
3520.768
3520.768
3520.768
3522.203
3522.203
3522.203
3522.203
3516.243
3516.243
3516.851
3516.851
3518.172
3518.172
3545.074
3542.973
3542.973
3542.788
3553.998
3553.998
3506.795
3518.179
3518.179
3518.179
3524.007
3524.007
3524.189
3546.598
3558.148
3581.548
3580.246
3589.882
3618.811
3618.811
3624.686
3624.686
3626.041
3626.041
3626.041
3626.041
3626.041
3637.227
3652.564
3660.734
3662.036
3676.607
3701.036
3717.464
3740.398
3748.348
3702.54
3758.158
3758.158
3758.158
3756.822
3756.822
3756.822
3756.822
3756.822
3756.822
3768.21
3768.21
3704.224
3706.646
3726.935
3730.871
3742.259
3756.555
3761.176
3768.5
3774.521
3778
3782.155
3737.172
3732.672
3734.365
3720.267
3724.767
3731.816
3724.767
3750.549
3758.491
3732.433
3735.993
3728.159
3725.844
3719.988
3718.318
3706.914
3687.182
3661.753
3654.63
3650.135
3644.07
3644.07
3646.385
3658.07
3664.135
3660.752
3656.711
3656.711
3649.267
3649.267
3645.438
3617.014
3610.949
3605.315
3603.676
3592.601
3592.601
3592.601
3590.286
3590.286
3584.368
3586.683
3588.322
3588.322
3588.322
3584.11
3584.11
3589.743
3589.743
3594.401
3598.896
3602.317
3612.913
3612.961
3623.557
3619.122
3615.738
3608.615
3608.615
3601.382
3578.368
3580.93
3573.307
3573.307
3575.663
3549.233
3529.348
3529.348
3533.842
3533.842
3531.281
3531.281
3520.555
3526.144
3526.144
3526.144
3518.7
3525.652
3548.666
3552.878
3553.724
3564.45
3578.354
3564.45
3571.519
3571.519
3593.269
3598.663
3612.615
3612.615
3612.615
3604.991
3603.353
3597.719
3597.719
3595.733
3591.904
3591.904
3591.904
3594.164
3592.495
3592.495
3584.661
3589.156
3583.3
3587.015
3589.33
3583.961
3583.961
3583.961
3583.961
3584.32
3584.32
3583.745
3586.06
3545.837
3555.495
3555.495
3555.495
3583.92
3578.526
3567.8
3578.156
3578.156
3587.574
3587.574
3580.622
3572.788
3561.384
3555.318
3554.733
3547.5
3543.459
3543.284
3521.796
3517.358
3474.111
3451.098
3466.128
3492.558
3496.599
3507.325
3509.64
3525.394
3527.063
3548.813
3550.062
3571.295
3571.295
3579.128
3579.128
3586.08
3586.08
3586.08
3587.437
3587.437
3587.437
3587.389
3592.783
3588.741
3595.693
3572.74
3579.808
3610.925
3624.877
3644.762
3634.166
3631.851
3632.026
3583.603
3583.603
3597.367
3597.715
3583.951
3587.938
3582.424
3576.647
3520.262
3529.789
3543.505
3538.184
3528.657
3521.799
3487.674
3501.458
3508.485
3509.052
3570.115
3550.498
3552.782
3558.559
3592.684
3575.454
3580.968
3584.954
3595.723
3652.438
3652.485
3669.715
3672.796
3683.248
3683.248
3672.809
3677.404
3686.16
3687.443
3727.848
3755.889
3780.973
3800.59
3803.671
3805.287
3806.328
3827.784
3832.162
3832.973
3833.807
3834.162
3840.605
3840.652
3842.611
3845.064
3836.307
3838.591
3842.578
3821.841
3817.466
3817.466
3826.581
3826.581
3821.986
3826.581
3830.956
3833.483
3847.247
3849.172
3835.389
3835.389
3835.389
3845.841
3845.889
3852.861
3852.861
3850.334
3848.718
3834.954
3834.954
3819.414
3797.958
3797.958
3797.958
3805.301
3805.301
3801.314
3801.361
3803.889
3800.551
3789.696
3789.649
3789.649
3783.811
3783.811
3761.108
3761.108
3751.226
3749.301
3748.019
3754.877
3760.434
3762.051
3768.034
3794.106
3808.934
3831.84
3845.556
3845.556
3862.785
3871.9
3887.441
3888.792
3893.226
3893.226
3854.85
3857.27
3864.203
3873.603
3888.233
3873.603
3838.31
3812.585
3822.898
3818.298
3807.985
3807.335
3806.015
3816.795
3811.035
3797.502
3780.502
3769.722
3774.322
3773.057
3773.01
3780.43
3772.227
3773.475
3771.087
3761.811
3761.857
3763.16
3719.898
3712.67
3673.839
3655.131
3673.839
3678.953
3679.586
3670.745
3669.954
3669.954
3672.796
3672.796
3676.128
3676.128
3676.128
3678.455
3678.455
3678.455
3678.619
3678.619
3682.649
3682.649
3682.649
3682.649
3682.649
3682.649
3682.649
3682.649
3682.649
3682.649
3682.649
3682.649
3682.649
3679.317
3679.154
3679.154
3681.013
3681.013
3681.176
3681.176
3681.176
3677.699
3677.699
3677.699
3677.699
3683.744
3683.744
3683.744
3695.154
3688.538
3693.564
3693.564
3693.901
3695.434
3709.502
3710.67
3715.942
3714.726
3709.495
3709.495
3708.508
3683.772
3674.397
3674.397
3675.614
3670.341
3670.341
3669.173
3666.846
3666.846
3662.639
3655.973
3658.3
3658.3
3656.766
3661.189
3665.548
3669.33
3669.33
3669.33
3669.33
3669.33
3678.369
3678.369
3678.369
3678.369
3679.356
3679.356
3679.356
3669.139
3669.139
3669.139
3678.178
3683.854
3683.854
3683.854
3686.021
3686.021
3686.021
3686.021
3685.229
3685.229
3685.229
3685.229
3685.229
3684.893
3684.893
3682.726
3682.726
3683.518
3683.854
3687.796
3687.796
3687.796
3687.796
3687.796
3687.796
3687.796
3688.784
3689.952
3689.952
3689.952
3689.952
3691.779
3691.779
3691.779
3691.779
3690.611
3690.611
3690.611
3690.611
3690.611
3690.611
3690.611
3689.394
3689.394
3689.394
3689.394
3689.394
3690.611
3686.668
3667.34
3667.34
3667.34
3667.34
3667.676
3669.21
3669.21
3669.21
3669.21
3669.21
3668.042
3668.042
3664.099
3664.099
3664.099
3664.099
3660.622
3660.622
3660.622
3660.622
3660.622
3660.622
3660.622
3660.622
3658.224
3650.893
3623.364
3599.566
3586.489
3528.558
3532.141
3500.342
3509.911
3514.065
3516.432
3515.815
3516.922
3515.815
3507.112
3497.856
3528.799
3528.799
3560.764
3560.809
3561.35
3568.589
3565.051
3588.277
3584.179
3593.435
3592.894
3587.426
3587.381
3589.217
3589.549
3579.979
3592.891
3595.777
3596.978
3596.978
3598.492
3598.492
3598.492
3609.53
3595.353
3595.353
3593.517
3591.378
3591.378
3593.127
3589.589
3587.486
3580.903
3580.903
3580.38
3580.38
3580.38
3580.38
3580.38
3562.772
3562.772
3566.31
3566.31
3542.813
3537.402
3537.402
3537.934
3537.934
3539.134
3543.832
3536.954
3546.745
3546.745
3541.141
3533.902
3533.902
3523.788
3527.949
3523.106
3528.068
3530.207
3530.207
3530.207
3535.413
3535.413
3535.413
3544.337
3550.919
3550.919
3546.818
3547.972
3547.972
3547.972
3550.752
3550.752
3550.752
3547.017
3550.752
3554.853
3554.853
3554.853
3554.853
3554.853
3568.742
3569.85
3569.85
3569.85
3571.454
3571.454
3571.454
3571.454
3566.29
3573.644
3573.644
3571.555
3571.555
3569.571
3571.111
3573.076
3573.076
3559.187
3538.453
3539.653
3538.872
3534.774
3526.236
3526.236
3526.236
3516.002
3516.002
3589.369
3593.467
3579.29
3579.29
3575.555
3565.468
3563.171
3563.171
3563.171
3563.171
3563.171
3558.209
3556.225
3557.426
3547.514
3557.426
3547.258
3547.258
3560.169
3560.169
3560.169
3554.701
3554.701
3540.812
3545.116
3552.976
3553.517
3550.228
3550.184
3545.816
3545.816
3525.31
3506.935
3506.935
3492.378
3481.84
3468.948
3460.641
3489.321
3468.055
3474.739
3490.878
3498.739
3498.739
3498.739
3502.84
3522.264
3523.239
3523.239
3523.239
3527.392
3536.316
3541.921
3544.218
3548.661
3549.421
3550.935
3550.935
3556.141
3556.141
3549.097
3524.674
3523.421
3513.253
3538.886
3540.4
3542.767
3543.549
3544.524
3544.524
3564.622
3567.783
3571.676
3573.479
3573.479
3574.633
3573.851
3573.851
3577.744
3577.744
3557.009
3557.009
3555.856
3536.236
3538.375
3534.483
3534.483
3542.343
3547.508
3547.508
3545.994
3540.829
3539.854
3539.854
3530.063
3527.696
3527.696
3521.114
3517.38
3507.293
3517.38
3523.804
3523.848
3525.987
3531.152
3534.585
3566.551
3595.231
3590.247
3581.323
3528.198
3526.059
3516.267
3503.375
3498.21
3492.799
3486.375
3483.489
3467.35
3471.451
3476.862
3480.597
3498.972
3523.394
3523.926
3530.35
3530.394
3550.492
3551.758
3604.883
3604.839
3614.63
3596.255
3597.521
3606.445
3611.429
3631.049
3647.188
3660.081
3683.578
3686.464
3702.603
3726.1
3694.134
3694.134
3694.796
3694.796
3696.973
3696.973
3699.112
3699.274
3699.274
3699.274
3713.831
3714.318
3730.457
3731.565
3739.872
3744.239
3763.663
3803.071
3802.828
3812.153
3812.153
3812.153
3812.153
3812.153
3812.153
3818.685
3810.299
3813.589
3814.563
3814.563
3814.563
3794.741
3798.842
3800.646
3799.6
3801.435
3791.655
3752.073
3732.649
3726.117
3713.269
3711.092
3696.535
3692.168
3676.028
3672.739
3664.432
3660.54
3666.144
3670.036
3680.271
3678.131
3678.131
3678.131
3678.131
3638.755
3643.895
3662.041
3662.041
3660.545
3684.663
3651.704
3657.037
3651.96
3649.651
3649.651
3649.651
3649.651
3649.651
3649.651
3659.318
3664.651
3667.701
3677.978
3679.201
3706.423
3708.46
3708.46
3712.102
3720.806
3722.892
3722.892
3729.762
3753.838
3762.264
3762.264
3762.264
3762.264
3762.264
3736.87
3743.212
3747.16
3747.16
3749.441
3756.067
3757.287
3757.287
3758.745
3758.745
3734.139
3740.765
3740.765
3736.814
3718.985
3738.698
3732.072
3730.564
3730.564
3705.869
3703.771
3685.058
3685.058
3646.558
3651.771
3651.771
3651.771
3646.558
3650.633
3652.401
3651.648
3637.623
3637.623
3624.242
3624.563
3618.514
3620.611
3621.364
3621.364
3626.38
3637.77
3656.483
3657.422
3661.63
3666.843
3666.843
3676.995
3676.675
3666.523
3671.736
3677.925
3681.877
3683.614
3690.401
3700.119
3704.326
3693.088
3695.302
3656.802
3669.18
3659.32
3649.887
3659.32
3695.784
3685.037
3686.968
3680.181
3643.718
3656.759
3656.759
3665.082
3680.631
3680.631
3680.631
3680.631
3657.102
3657.623
3675.326
3657.759
3664.101
3672.003
3670.846
3670.846
3668.633
3664.425
3659.157
3662.326
3662.369
3667.171
3651.622
3661.482
3660.887
3662.044
3665.642
3672.428
3672.428
3672.428
3671.221
3672.428
3677.404
3677.404
3686.002
3677.404
3728.585
3714.561
3711.78
3717.829
3710.855
3718.428
3726.752
3725.532
3744.434
3763.148
3759.55
3763.148
3764.367
3766.279
3776.139
3779.447
3783.395
3789.444
3787.346
3804.633
3802.721
3803.788
3786.085
3778.512
3779.451
3779.494
3762.207
3763.319
3756.532
3757.471
3759.569
3754.17
3772.091
3786.289
3793.349
3784.923
3791.793
3785.67
3784.719
3787.534
3791.534
3791.534
3795.867
3795.867
3795.867
3795.867
3795.867
3790.401
3796.821
3800.272
3805.997
3805.997
3806.154
3818.747
3819.827
3825.293
3825.293
3827.083
3830.432
3830.432
3834.074
3840.494
3845.772
3845.772
3847.276
3865.06
3875.338
3875.338
3875.338
3868.918
3868.918
3868.918
3868.918
3871.005
3871.005
3871.005
3867.554
3867.554
3867.554
3865.468
3865.468
3865.468
3865.468
3865.468
3865.468
3865.468
3865.468
3861.826
3861.826
3861.826
3867.292
3874.352
3874.352
3874.352
3873.833
3872.043
3872.043
3872.043
3872.994
3887.191
3892.228
3892.228
3892.228
3892.228
3892.228
3892.228
3869.312
3869.312
3869.83
3864.793
3854.812
3847.752
3847.752
3837.474
3837.474
3837.474
3824.943
3850.56
3850.56
3844.19
3845.98
3844.438
3818.821
3813.744
3813.744
3813.744
3815.781
3820.818
3820.818
3828.114
3826.892
3845.836
3840.503
3822.719
3815.052
3820.13
3821.21
3823.145
3825.96
3825.96
3830.821
3847.198
3849.235
3852.284
3852.284
3852.284
3853.761
3853.761
3860.557
3860.557
3884.032
3893.33
3893.33
3893.33
3893.33
3893.33
3902.358
3902.833
3939.747
3925.549
3926.025
3940.222
3936.873
3946.207
3946.735
3969.651
3969.651
3969.651
3974.688
3968.269
3968.111
3974.531
3974.531
3983.019
3983.176
3995.75
4003.75
4003.75
4003.75
4003.75
4003.75
4003.75
4010.458
4007.25
4007.25
4007.25
4007.25
4007.25
4007.407
4007.407
4007.407
3998.92
3999.682
3999.682
4001.617
4004.966
4007.09
4015.417
4018.765
4021.974
4021.974
4021.974
4021.974
4022.298
4022.298
4023.378
4024.14
4026.227
4026.227
4026.227
4027.398
4032.864
4032.864
4032.864
4032.864
4032.864
4033.989
4033.989
4033.989
4037.785
4037.461
4037.461
4041.512
4041.512
4041.512
4040.341
4040.341
4034.875
4041.245
4039.159
4039.159
4039.159
4039.159
4039.159
4039.159
4039.159
4038.034
4038.034
4034.238
4033.475
4034.698
4035.216
4039.012
4044.596
4044.596
4048.238
4048.238
4048.238
4048.238
4048.238
4048.238
4049.715
4049.715
4049.715
4049.715
4049.715
4049.715
4050.477
4053.685
4051.599
4054.414
4049.377
4054.654
4056.131
4066.409
4067.644
4067.687
4077.525
4086.228
4091.694
4096.731
4114.653
4114.653
4114.653
4118.295
4118.295
4127.844
4104.025
4109.358
4115.623
4105.785
4118.36
4120.446
4111.742
4111.742
4102.193
4071.017
4065.739
4059.474
4007.66
4004.019
3991.444
4007.185
4002.324
4002.648
3999.833
3999.79
3981.869
3966.128
3966.128
3959.068
3959.068
3935.248
3935.248
3935.248
3938.89
3937.765
3955.549
3976.29
3976.29
3962.744
3972.41
3974.651
3976.775
3976.932
3976.932
3976.932
3979.019
3969.352
3969.352
3969.352
3970.856
3979.77
3980.895
3979.39
3975.748
3975.748
3975.748
3996.489
3996.489
4001.566
4011.548
4011.548
4009.461
3990.326
3990.326
3990.326
3984.06
3982.838
3982.838
3982.838
3982.838
4018.248
3998.402
4055.189
4055.189
4055.189
4063.392
4063.392
4055.189
4055.939
4055.939
4055.939
4055.939
4003.478
4003.319
3999.269
3990.456
3992.569
3992.569
3976.631
3971.531
3966.748
3958.217
3951.767
3947.666
3937.625
3937.581
3932.238
3963.803
3961.691
3966.831
3952.456
3952.456
3972.706
3988.644
4001.375
4001.419
4001.578
4001.578
4001.578
3994.786
3994.786
3922.336
3922.336
3921.373
3922.123
3922.123
3923.086
3923.086
3923.086
3937.461
3937.461
3937.461
3940.311
3944.698
3944.698
3954.486
3949.345
3923.116
3914.698
3907.742
3907.583
3906.397
3894.194
3870.306
3869.434
3869.434
3863.234
3841.859
3831.753
3835.002
3814.527
3814.527
3824.488
3833.081
3835.041
3838.534
3824.159
3821.038
3825.35
3805.742
3781.625
3773.194
3775.153
3785.114
3785.114
3785.114
3776.302
3848.752
3853.852
3857.953
3872.328
3872.656
3872.656
3872.613
3872.613
3854.606
3817.903
3809.309
3807.35
3779.028
3772.528
3733.066
3731.542
3728.42
3728.092
3751.295
3744.695
3736.264
3741.164
3736.064
3792.852
3796.902
3793.058
3793.058
3793.058
3793.058
3811.203
3812.342
3832.189
3838.789
3839.314
3844.233
3851.025
3850.981
3852.12
3828.917
3837.348
3858.348
3859.872
3887.647
3887.691
3896.284
3897.247
3896.713
3896.713
3905.144
3909.531
3909.531
3911.681
3855.441
3848.292
3838.842
3838.842
3829.702
3827.364
3827.364
3814.614
3834.864
3834.864
3837.133
3841.18
3839.367
3825.367
3821.873
3790.308
3790.308
3803.058
3807.98
3807.98
3807.98
3805.867
3800.333
3800.333
3800.333
3796.645
3796.645
3793.358
3787.561
3787.561
3781.061
3784.148
3790.8
3792.613
3792.613
3792.613
3792.613
3792.613
3792.613
3792.613
3787.816
3784.563
3784.563
3792.994
3798.528
3800.678
3800.678
3801.864
3827.255
3827.255
3827.255
3825.731
3825.731
3825.731
3825.731
3825.731
3825.731
3825.731
3825.891
3825.891
3828.356
3828.356
3829.233
3829.233
3829.277
3829.277
3829.277
3829.277
3829.277
3829.277
3829.277
3829.277
3841.964
3842.927
3842.927
3880.302
3890.408
3891.017
3880.9
3898.906
3900.144
3902.413
3909.561
3923.277
3924.527
3924.527
3920.589
3904.652
3905.838
3914.431
3953.894
3953.894
3953.894
3953.894
3953.894
3951.625
3951.625
3960.438
3965.838
3965.838
3972.794
3972.794
3972.794
3977.106
3977.106
3970.15
3961.338
3960.152
3960.152
3960.152
3922.777
3913.108
3913.064
3922.733
3938.67
3938.714
3913.907
3912.685
3933.796
3938.833
3928.852
3919.302
3919.302
3928.006
3928.006
3922.929
3932.767
3939.032
3943.083
3947.083
3946.133
3950.13
3950.13
3946.13
3945.389
3943.148
3939.097
3939.097
3939.097
3939.097
3939.097
3937.62
3907.168
3907.168
3919.026
3920.137
3926.479
3927.59
3927.91
3937.628
3933.348
3924.75
3944.506
3944.976
3949.256
3954.655
3963.04
3981.753
3976.354
3977.293
3958.579
3960.793
3962.252
3962.983
3993.779
3998.794
3989.175
4025.639
4013.261
4011.163
3995.614
4000.63
3990.912
3990.869
3973.166
3981.764
3981.764
3972.331
3966.142
3968.203
3964.605
3956.008
3950.794
3948.733
3948.733
3948.733
3948.733
3953.709
3953.709
3953.709
3950.928
3950.971
3956.184
3957.922
3960.703
3960.703
3960.703
3960.703
3960.703
3973.123
3973.123
3976.721
3976.721
3971.745
3959.325
3959.325
3961.337
3965.285
3973.608
3974.34
3979.553
3970.12
3968.95
3959.09
3957.029
3966.343
3970.093
3975.108
3975.108
3973.649
3970.637
3970.637
3964.296
3983.425
3984.884
3981.134
3981.134
3974.695
3974.695
3974.695
3974.851
3974.851
3984.71
3985.03
3972.652
3967.637
3958.088
3952.689
3960.511
3962.608
3962.608
3944.095
3937.468
3943.809
3943.809
3943.809
3946.822
3944.541
3939.273
3940.026
3944.306
3945.038
3927.335
3927.335
3920.549
3922.61
3941.739
3941.739
3937.791
3937.791
3947.224
3953.566
3930.037
3933.345
3941.729
3944.009
3980.473
3983.78
3983.78
3984.293
3966.726
3976.159
3974.247
3974.247
3993.076
3994.555
3994.555
3993.096
4003.248
4002.181
4017.73
3993.035
3993.035
3986.061
3986.061
3986.061
3993.035
3993.035
3999.224
4001.136
4005.137
4007.235
4007.39
4009.604
4009.604
4009.604
4028.506
4029.965
4031.032
4034.34
4034.34
4024.622
4019.82
4019.82
4019.82
4017.808
4014.796
4017.965
4017.965
4020.444
4027.418
4027.418
4027.418
4032.198
4032.198
4032.198
4029.418
4029.418
4029.418
4036.991
4019.822
3988.468
3986.396
3987.324
3985.883
3985.883
3985.139
4003.813
4000.108
4000.108
4001.55
4001.55
4008.255
4013.17
4019.435
4028.755
4029.498
4030.596
4031.789
4031.789
4035.494
4037.747
4037.747
4047.181
4047.181
4047.181
4047.181
4047.181
4047.181
4046.083
4049.059
4049.059
4049.059
4049.059
4049.059
4049.059
4049.059
4046.806
4045.878
4045.878
4045.878
4047.914
4044.209
4038.691
4013.691
4010.56
4004.87
4004.87
4014.304
4015.048
4015.048
4015.048
4015.048
4014.12
3995.587
3998.334
3962.31
3960.869
3960.553
3959.83
3978.505
3976.318
3980.221
3972.414
3974.601
3976.348
3993.837
4001.645
4003.086
4001.943
3979.578
3980.506
4016.53
4017.274
3999.785
4015.146
3990.146
3990.661
3986.758
3993.462
3993.462
3990.715
3984.739
3983.995
3984.038
3983.995
3984.718
4007.083
4007.806
4032.806
4031.059
4031.059
4037.035
4037.351
4038.494
4039.935
4039.977
4039.977
4041.509
4041.509
4033.015
4034.208
4051.563
4065.057
4091.623
4091.623
4091.623
4099.105
4102.337
4105.714
4113.41
4113.41
4113.41
4113.726
4120.684
4120.684
4120.684
4123.952
4127.657
4125.62
4122.557
4114.953
4115.169
4116.267
4115.169
4115.169
4105.735
4090.901
4082.188
4078.235
4072.401
4072.401
4070.364
4063.474
4063.474
4063.474
4070.179
4070.179
4070.179
4071.62
4071.62
4071.62
4071.62
4071.774
4071.816
4071.816
4071.816
4071.816
4076.045
4082.021
4081.867
4081.867
4081.867
4080.426
4085.761
4086.657
4090.361
4090.361
4090.361
4090.361
4090.361
4090.361
4090.361
4090.361
4090.361
4086.291
4086.291
4086.291
4086.248
4090.971
4099.465
4090.146
4077.917
4083.252
4083.252
4084.998
4093.282
4093.282
4092.755
4111.36
4111.36
4111.36
4112.503
4112.187
4114.223
4114.223
4110.27
4110.27
4104.935
4109.032
4110.175
4110.175
4110.919
4117.136
4117.136
4115.992
4115.992
4115.248
4115.248
4119.202
4118.104
4127.423
4125.387
4125.387
4125.387
4125.387
4119.17
4119.17
4122.875
4123.973
4120.268
4120.268
4120.268
4135.372
4135.688
4135.688
4135.688
4080.953
4080.447
4075.532
4075.532
4075.068
4061.212
4058.081
4057.566
4054.298
4064.328
4064.328
4083.846
4086.562
4087.66
4087.66
4087.976
4087.976
4087.976
4087.822
4090.009
4090.009
4105.37
4106.093
4106.093
4099.828
4090.72
4082.437
4091.247
4090.503
4085.587
4085.587
4079.041
4043.31
4043.31
4045.563
4040.608
4042.861
4042.861
4042.861
4042.861
4042.861
4043.789
4041.602
4035.337
4035.337
4023.066
4023.066
4023.066
4015.331
4015.331
3997.842
3994.288
3975.613
3983.095
3980.086
3980.086
3972.604
3972.604
3965.714
3977.985
3977.985
3977.057
3977.057
3977.057
3995.545
3996.289
4003.771
4004.914
4006.383
4002.678
3997.343
3997.343
3998.271
3996.283
3986.964
3974.675
3980.009
3985.214
3984.92
3975.179
3968.962
3959.221
3955.268
3955.268
3946.774
3916.349
3920.506
3912.38
3908.426
3907.221
3902.267
3902.267
3883.137
3883.095
3879.827
3871.7
3867.604
3863.908
3863.908
3863.908
3852.206
3850.02
3850.02
3855.224
3848.959
3844.215
3835.721
3834.977
3834.977
3830.881
3830.881
3830.565
3830.565
3830.565
3808.2
3795.212
3774.971
3774.971
3748.405
3748.405
3748.405
3748.405
3748.405
3748.405
3744.309
3736.026
3745.627
3754.437
3756.154
3761.069
3770.81
3770.81
3767.256
3767.256
3767.256
3767.256
3767.256
3767.256
3767.256
3759.13
3759.13
3759.13
3767.256
3771.979
3771.979
3771.979
3771.979
3771.979
3771.979
3771.979
3771.979
3771.979
3770.09
3773.645
3775.898
3776.642
3776.642
3801.039
3818.395
3820.467
3820.467
3820.467
3822.355
3825.723
3825.723
3825.723
3825.723
3823.536
3825.723
3825.723
3825.723
3833.849
3840.027
3840.027
3840.027
3841.916
3848.462
3856.369
3805.804
3814.027
3813.099
3830.589
3830.589
3823.884
3824.812
3810.956
3808.884
3808.884
3805.33
3804.125
3810.101
3812.173
3806.197
3797.974
3796.086
3789.196
3786.449
3807.051
3832.051
3824.569
3807.491
3826.39
3829.944
3836.649
3844.932
3846.679
3847.884
3854.774
3856.846
3870.702
3878.184
3879.389
3908.995
3911.776
3907.828
3907.672
3905.611
3905.611
3905.611
3899.27
3937.77
3925.349
3925.349
3926.808
3926.808
3922.527
3916.479
3920.229
3920.186
3920.03
3920.03
3920.03
3918.572
3918.572
3924.62
3924.62
3924.62
3924.62
3924.62
3924.62
3924.62
3924.62
3930.38
3930.422
3944.081
3944.236
3940.486
3940.486
3940.486
3940.486
3940.486
3941.945
3941.945
3941.945
3941.945
3941.945
3946.226
3946.927
3957.329
3961.61
3965.89
3965.89
3967.802
3967.802
3967.802
3970.971
3970.971
3970.971
3958.593
3953.578
3944.98
3945.218
3943.816
3937.523
3935.755
3935.242
3928.268
3955.159
3955.159
3965.018
3971.311
3971.311
3976.326
3976.326
3971.311
3979.497
3986.471
3986.471
3986.471
3986.471
3986.471
3986.471
3987.203
3987.203
3987.203
3989.416
4010.11
4013.11
4013.11
4013.11
4013.622
4013.622
4020.052
4020.052
4020.052
4020.052
4020.052
4020.564
4020.564
4028.567
4028.567
4028.567
4038.427
4046
4046
4046
4046
4047.768
4052.854
4045.441
4053.666
4053.666
4051.419
4047.468
4047.468
4047.468
4043.87
4042.931
4056.056
4056.056
4058.892
4058.892
4063.172
4063.172
4050.752
4053.532
4058.334
4058.334
4060.395
4060.352
4060.352
4078.055
4083.03
4098.579
4111
4107.402
4109.5
4100.902
4100.902
4100.902
4100.902
4100.262
4100.262
4100.262
4100.262
4100.262
4100.262
4105.476
4105.476
4113.838
4111.777
4111.777
4111.82
4111.82
4111.82
4111.82
4111.82
4106.607
4110.204
4110.204
4105.229
4105.229
4105.229
4105.229
4101.82
4101.777
4125.306
4125.306
4144.209
4144.209
4144.209
4142.723
4143.834
4143.834
4143.834
4182.334
4182.334
4189.308
4185.71
4185.71
4190.726
4190.726
4181.177
4181.177
4181.177
4181.177
4184.774
4203.488
4203.488
4209.677
4219.395
4219.395
4178.236
4192.092
4201.526
4201.526
4201.526
4201.842
4201.842
4206.797
4206.797
4220.017
4233.511
4235.547
4235.547
4233.511
4233.511
4232.413
4232.413
4232.413
4232.413
4232.413
4232.413
4232.413
4232.413
4227.669
4227.352
4227.352
4215.081
4215.081
4213.64
4210.086
4210.086
4210.086
4210.086
4213.217
4216.922
4216.922
4216.922
4218.02
4218.02
4218.02
4226.514
4226.514
4226.514
4226.514
4226.514
4226.514
4226.514
4226.514
4220.399
4219.812
4215.089
4213.991
4213.991
4213.991
4219.62
4218.477
4231.465
4217.956
4217.956
4219.703
4219.703
4219.703
4219.703
4219.41
4226.114
4231.265
4232.408
4231.215
4240.235
4249.554
4249.554
4249.596
4211.56
4203.066
4196.361
4196.361
4184.133
4184.133
4192.627
4182.886
4185.072
4167.717
4144.471
4148.628
4146.441
4137.122
4149.351
4149.351
4149.309
4149.824
4136.604
4131.399
4131.399
4131.399
4131.399
4131.399
4139.526
4152.745
4148.589
4112.565
4111.033
4111.033
4111.033
4110.88
4098.59
4098.59
4089.157
4088.014
4086.87
4085.816
4085.5
4071.645
4065.098
4057.616
4044.396
4040.471
4040.471
4040.471
4040.471
4044.253
4042
4041.958
4040.517
4040.517
4040.517
4042.233
4042.233
4050.517
4050.517
4050.517
4050.517
4050.517
4048.8
4049.387
4049.387
4053.544
4053.544
4053.697
4053.697
4055.95
4055.95
4055.95
4055.95
4055.95
4051.854
4051.854
4051.854
4051.854
4051.854
4055.408
4055.408
4043.137
4052.276
4052.276
4060.833
4064.736
4064.736
4064.736
4064.736
4064.736
4064.779
4064.779
4064.779
4064.779
4064.779
4066.22
4066.22
4066.22
4066.22
4066.22
4066.22
4066.22
4066.22
4066.22
4066.22
4066.22
4066.536
4066.536
4067.28
4067.28
4067.28
4072.431
4074.503
4074.503
4074.503
4074.503
4074.503
4074.503
4073.592
4046.294
4045.977
4024.712
4018.736
4014.014
4012.809
4017.363
4017.363
4017.363
4026.964
4026.964
4025.523
4030.477
4051.08
4052.178
4057.093
4057.093
4057.093
4058.021
4058.021
4064.911
4064.911
4064.911
4071.176
4071.176
4070.078
4070.078
4070.078
4071.967
4071.967
4071.967
4071.967
4071.967
4078.232
4080.419
4081.86
4099.349
4099.349
4100.492
4100.492
4100.492
4100.492
4100.492
4106.245
4106.245
4105.102
4105.102
4105.102
4120.432
4126.649
4124.462
4124.462
4123.535
4138.896
4133.941
4126.459
4124.571
4130.685
4133.432
4128.709
4128.709
4146.199
4182.861
4185.837
4203.193
4203.193
4212.301
4214.289
4214.289
4221.771
4220.717
4220.87
4219.429
4212.539
4212.539
4209.563
4207.575
4207.575
4209.017
4209.017
4226.506
4245.636
4245.636
4245.636
4245.636
4270.033
4270.033
4271.131
4252.002
4258.892
4258.892
4258.892
4258.892
4258.892
4258.892
4260.78
4260.78
4260.78
4261.524
4261.678
4261.678
4267.943
4264.401
4260.5
4251.181
4234.509
4234.509
4234.509
4234.509
4234.355
4233.849
4233.849
4230.145
4230.145
4230.145
4230.608
4239.419
4239.377
4239.223
4239.223
4234.994
4229.018
4229.018
4230.223
4231.151
4232.592
4232.592
4234.779
4234.932
4234.932
4234.932
4234.932
4239.161
4239.161
4242.292
4240.851
4240.893
4245.122
4245.122
4245.122
4250.327
4257.217
4257.217
4257.217
4257.217
4265.5
4265.5
4259.283
4259.283
4262.988
4249.494
4249.494
4249.494
4236.274
4166.443
4151.081
4152.179
4148.226
4148.184
4148.184
4146.742
4139.261
4158.779
4158.779
4161.755
4161.239
4161.239
4165.143
4165.143
4165.143
4165.143
4163.107
4163.107
4163.107
4162.053
4149.764
4148.017
4172.414
4172.414
4172.414
4150.05
4150.05
4152.122
4164.393
4164.393
4165.491
4165.491
4167.479
4172.395
4172.711
4172.711
4172.711
4172.711
4172.711
4181.205
4181.205
4183.392
4183.392
4175.91
4175.91
4175.91
4175.91
4172.205
4172.205
4171.277
4174.831
4168.717
4167.574
4176.893
4194.125
4203.444
4203.444
4212.646
4219.378
4219.378
4219.378
4219.378
4221.414
4221.414
4226.748
4217.473
4213.768
4213.768
4213.768
4213.768
4213.768
4213.768
4213.768
4213.768
4213.768
4213.768
4220.033
4220.033
4221.474
4221.474
4225.485
4225.485
4228.852
4226.816
4226.816
4230.363
4230.363
4230.363
4224.098
4224.098
4225.824
4225.824
4225.824
4225.824
4216.083
4216.083
4229.577
4228.136
4223.181
4223.181
4223.181
4223.497
4204.367
4203.163
4203.163
4194.94
4189.605
4190.328
4190.328
4190.096
4190.096
4188.655
4190.096
4189.373
4189.373
4192.14
4193.194
4193.194
4193.194
4191.271
4195.224
4200.179
4200.179
4201.107
4181.589
4181.589
4175.474
4171.521
4169.334
4173.563
4172.636
4142.211
4144.398
4135.904
4117.416
4113.512
4113.512
4122.006
4117.777
4117.777
4112.822
4129.937
4143.431
4148.512
4131.157
4129.44
4129.44
4128.512
4128.512
4126.524
4126.524
4124.572
4097.274
4097.274
4097.274
4092.358
4089.349
4091.422
4091.422
4087.325
4087.325
4087.325
4087.325
4087.325
4087.325
4087.325
4087.325
4085.447
4085.447
4085.131
4085.875
4076.556
4076.556
4076.872
4075.729
4075.729
4075.729
4071.339
4067.634
4067.634
4066.536
4066.536
4049.011
4049.011
4052.715
4048.762
4049.69
4049.69
4043.473
4043.473
4043.473
4043.473
4043.473
4044.678
4052.16
4052.16
4052.16
4053.258
4055.294
4051.455
4051.455
4051.455
4051.455
4051.455
4054.675
4054.675
4054.675
4053.931
4053.931
4053.931
4050.8
4032.125
4025.764
4025.764
4025.764
4025.764
4020.139
4016.765
4016.765
4008.271
4005.214
4005.214
4004.708
4008.608
4016.515
4051.892
4061.633
4063.101
4063.101
4061.065
4061.065
4057.511
4052.595
4047.444
4047.444
4047.444
4042.7
4042.7
4042.7
4042.7
4043.444
4055.673
4055.673
4062.884
4066.98
4070.685
4081.023
4082.12
4082.12
4082.12
4084.03
4067.137
4067.137
4067.137
4054.866
4054.866
4060.062
4060.062
4060.062
4051.568
4051.568
4051.61
4051.61
4053.646
4056.622
4058.511
4062.411
4062.411
4059.664
4044.303
4044.303
4044.303
4047.857
4047.857
4032.495
4027.58
4029.652
4033.881
4033.881
4088.616
4092.321
4115.566
4121.783
4121.825
4140.313
4153.807
4153.807
4155.248
4155.248
4151.02
4151.02
4151.02
4151.02
4150.866
4150.866
4150.866
4150.866
4150.866
4150.866
4150.866
4149.425
4155.69
4161.666
4161.666
4165.408
4161.703
4176.002
4176.002
4180.23
4180.23
4180.23
4180.384
4183.515
4181.479
4175.214
4192.703
4192.703
4192.703
4192.703
4192.703
4193.426
4196.682
4196.682
4205.736
4205.736
4205.736
4205.736
4205.736
4205.736
4204.11
4204.11
4204.11
4204.11
4204.11
4204.11
4204.11
4204.11
4204.11
4204.11
4204.11
4203.794
4203.794
4200.143
4186.902
4186.902
4179.42
4180.953
4182.869
4182.869
4182.869
4182.869
4178.464
4161.108
4155.343
4151.39
4151.706
4151.706
4151.706
4158.467
4158.467
4158.467
4158.467
4163.801
4137.762
4141.979
4148.331
4148.331
4148.331
4153.054
4130.69
4130.163
4122.59
4121.386
4116.642
4116.642
4090.075
4072.72
4072.72
4071.724
4071.724
4073.797
4069.64
4068.712
4060.489
4035.489
4035.643
4037.532
4037.532
4039.42
4039.42
4038.492
4039.59
4034.675
4040.94
4040.94
4041.867
4038.163
4039.604
4048.923
4039.604
4033.339
4032.241
4013.566
4033.301
4033.301
4035.554
4033.301
4031.86
4034.047
4032.854
4036.122
4048.351
4055.056
4073.73
4077.435
4078.158
4071.453
4076.369
4075.625
4076.369
4076.369
4076.369
4094.776
4095.968
4095.968
4095.968
4080.607
4077.339
4072.423
4064.297
4064.297
4052.008
4052.008
4045.303
4040.348
4032.541
4032.541
4037.745
4037.592
4028.782
4025.227
4025.185
4058.611
4057.294
4038.806
4037.613
4054.968
4053.914
4036.425
4031.274
4021.244
4025.988
4024.241
4014.5
4014.346
4014.346
4011.764
4011.764
4007.535
4007.535
4007.535
4062.27
4060.381
4056.477
4052.248
4042.815
4042.815
4049.08
4049.08
4048.357
4045.089
4043.2
4046.568
4040.303
4040.303
4040.303
4035.098
4040.432
4040.432
4032.149
4022.548
3992.651
3999.355
3994.205
3994.205
3994.205
3990.651
3978.633
3964.334
3965.803
3965.803
3973.929
3974.869
3974.869
3974.869
3970.712
3970.67
3978.637
3978.679
3976.492
3976.492
3967.998
3967.998
3967.998
3967.998
3961.294
3961.336
3949.107
3949.107
3952.238
3952.238
3954.425
3966.605
3965.462
3997.745
3997.745
3998.889
3989.148
3989.148
3998.889
3998.889
3989.569
3989.569
3976.349
3981.265
3985.422
3985.422
3985.422
3985.422
3985.422
3990.149
3990.149
3990.149
4009.048
4009.048
4017.226
4017.226
4005.605
4007.074
3995.196
3995.133
3995.877
4001.027
4001.027
3982.539
3988.756
4008.485
4008.485
4022.34
4022.34
4024.087
4025.804
4034.009
4042.503
4044.575
4039.473
4039.473
4039.473
4039.473
4039.473
4025.617
4025.617
4029.136
4028.392
4023.241
4021.169
4021.485
4023.202
4023.202
4023.202
4023.202
4023.244
4023.244
4023.244
4021.497
4021.497
4014.95
4014.95
4028.943
4028.943
4028.627
4008.024
3994.169
3994.169
3992.096
3990.208
3990.208
3986.255
3985.532
3963.167
3963.167
3966.535
3949.045
3947.672
3928.681
3934.795
3953.283
3963.789
3963.789
3967.157
3967.157
3967.157
3956.651
3958.461
3957.361
3963.578
3963.578
3963.578
3965.02
3958.803
3957.556
3957.598
3957.444
3938.956
3941.143
3944.848
3945.002
3950.977
3968.333
3966.892
3980.386
3963.03
3967.259
3919.134
3895.889
3891.66
3885.684
3885.684
3885.684
3885.684
3885.684
3885.169
3885.684
3877.877
3877.877
3877.877
3877.877
3859.202
3854.286
3844.256
3840.099
3840.099
3838.111
3832.136
3826.801
3825.36
3758.709
3776.199
3775.735
3770.401
3772.148
3771.05
3774.953
3780.288
3770.687
3758.416
3757.488
3753.584
3750.316
3750.316
3740.883
3747.773
3741.658
3759.148
3753.033
3753.033
3759.923
3761.364
3763.437
3767.34
3772.295
3789.373
3782.483
3782.483
3758.086
3756.197
3753.45
3753.45
3753.45
3752.009
3759.491
3760.932
3760.932
3763.679
3765.568
3783.209
3783.209
3792.318
3784.836
3775.727
3793.083
3815.992
3815.992
3815.992
3817.98
3779.944
3789.545
3789.545
3789.545
3789.545
3789.545
3787.557
3770.068
3770.068
3752.712
3749.736
3749.736
3695.002
3700.977
3696.023
3693.836
3675.348
3667.221
3666.294
3668.182
3658.581
3631.283
3655.899
3632.849
3632.849
3612.608
3622.349
3617.434
3617.434
3617.434
3610.887
3606.658
3614.14
3619.056
3628.657
3642.512
3660.742
3665.486
3665.486
3663.414
3663.414
3663.414
3663.414
3688.414
3688.414
3688.414
3694.39
3699.541
3699.541
3694.39
3694.39
3694.706
3695.761
3695.761
3695.761
3695.444
3699.601
3699.601
3699.601
3698.857
3698.857
3704.833
3705.339
3724.33
3724.33
3725.074
3737.977
3740.05
3740.05
3740.05
3740.05
3740.05
3685.315
3667.532
3667.532
3662.327
3662.327
3659.196
3659.681
3659.527
3659.527
3659.527
3651.244
3660.985
3660.985
3670.586
3670.586
3675.33
3675.33
3675.33
3687.601
3689.637
3689.637
3689.637
3689.637
3690.78
3696.602
3696.602
3700.157
3702.229
3702.229
3702.229
3707.145
3707.145
3707.145
3707.145
3715.639
3715.639
3720.593
3720.593
3725.084
3725.084
3721.783
3721.783
3721.741
3721.741
3721.741
3721.741
3721.741
3721.741
3721.741
3721.741
3712.14
3712.182
3712.182
3712.182
3710.146
3710.146
3689.905
3687.718
3684.587
3681.22
3682.148
3683.864
3683.864
3691.771
3701.372
3701.372
3701.372
3701.526
3699.489
3754.224
3754.224
3763.544
3763.544
3766.553
3766.595
3766.595
3785.752
3805.486
3812.968
3813.288
3813.288
3813.288
3813.288
3799.432
3799.432
3799.432
3799.432
3799.432
3799.279
3798.351
3798.351
3814.613
3814.613
3814.613
3815.541
3809.179
3809.767
3800.026
3800.026
3809.627
3806.651
3806.651
3806.651
3806.651
3825.78
3835.214
3848.816
3850.127
3844.012
3834.578
3829.739
3829.739
3827.703
3814.209
3800.989
3797.435
3783.58
3745.544
3745.544
3749.098
3751.134
3752.062
3754.248
3764.279
3764.742
3767.718
3779.989
3784.146
3790.261
3793.236
3793.236
3796.791
3796.791
3796.791
3787.19
3787.19
3768.702
3768.702
3774.465
3751.22
3732.545
3725.655
3725.655
3724.557
3724.557
3724.557
3724.557
3724.557
3724.557
3725.655
3725.655
3725.655
3735.333
3735.333
3735.333
3735.333
3735.333
3727.426
3727.426
3727.11
3720.405
3740.14
3736.239
3736.282
3753.637
3767.131
3762.643
3758.017
3758.17
3758.17
3758.17
3740.815
3744.52
3744.477
3738.261
3734.556
3734.556
3734.556
3742.839
3742.839
3724.351
3746.715
3748.157
3750.41
3752.127
3756.355
3762.572
3749.078
3749.078
3748.925
3748.925
3748.925
3748.925
3758.551
3758.551
3757.11
3755.483
3755.483
3755.483
3755.483
3759.971
3762.008
3759.935
3759.191
3736.827
3717.697
3712.848
3707.236
3704.742
3704.742
3703.973
3700.419
3702.307
3702.307
3709.012
3714.988
3707.506
3711.735
3716.886
3718.09
3721.645
3713.422
3713.422
3713.422
3714.361
3719.232
3717.596
3700.107
3703.083
3696.193
3698.265
3705.747
3732.313
3732.313
3732.313
3746.169
3744.964
3747.711
3752.649
3753.577
3754.321
3752.248
3752.248
3738.393
3737.188
3744.078
3744.078
3739.355
3738.849
3730.723
3732.164
3727.248
3733.514
3726.032
3716.291
3716.291
3710.074
3728.973
3722.083
3717.128
3717.128
3716.622
3714.694
3716.583
3714.836
3714.989
3714.989
3714.989
3714.989
3714.989
3702.761
3702.761
3702.761
3702.761
3712.361
3712.361
3712.361
3707.027
3707.027
3705.929
3705.929
3723.554
3723.554
3724.142
3724.142
3725.069
3726.538
3728.724
3732.032
3732.776
3707.776
3709.217
3709.217
3709.217
3709.217
3724.578
3724.578
3724.895
3733.389
3737.292
3737.807
3738.123
3738.123
3715.759
3715.759
3715.443
3717.19
3717.232
3711.256
3735.654
3742.358
3706.334
3707.477
3707.435
3705.994
3705.271
3703.084
3703.084
3700.337
3700.337
3709.446
3710.169
3710.169
3709.425
3708.282
3704.378
3705.306
3697.498
3695.752
3694.824
3677.334
3691.19
3682.907
3681.809
3680.881
3672.598
3671.455
3670.357
3665.613
3671.474
3663.252
3663.252
3656.361
3673.44
3673.44
3677.145
3681.889
3690.383
3705.744
3730.744
3758.042
3764.307
3771.012
3777.902
3778.699
3790.97
3792.438
3792.755
3806.61
3807.815
3807.815
3807.815
3807.661
3806.456
3803.48
3801.444
3801.444
3796.489
3790.224
3790.73
3782.447
3782.447
3785.715
3785.715
3791.98
3796.137
3796.074
3801.029
3798.992
3798.992
3798.992
3798.992
3798.992
3798.992
3798.992
3801.065
3801.065
3801.065
3804.77
3804.026
3804.026
3804.026
3800.321
3800.321
3799.223
3799.223
3799.223
3799.223
3799.223
3793.889
3793.889
3792.791
3792.791
3799.152
3848.843
3848.843
3851.59
3868.411
3868.411
3870.664
3870.664
3870.664
3869.285
3852.053
3848.348
3843.393
3838.059
3838.059
3845.541
3845.541
3839.276
3843.432
3843.432
3843.432
3843.432
3848.583
3848.583
3854.559
3856.745
3854.709
3858.663
3858.663
3859.386
3879.988
3881.086
3879.645
3879.645
3860.127
3858.658
3856.586
3837.944
3825.655
3823.583
3823.583
3859.607
3859.607
3853.492
3853.339
3849.11
3849.11
3845.157
3844.434
3844.434
3834.833
3827.943
3824.967
3822.979
3821.232
3823.304
3815.178
3812.925
3814.642
3789.642
3784.491
3784.491
3784.491
3783.768
3763.166
3761.724
3761.724
3761.724
3761.724
3761.724
3765.429
3765.429
3782.785
3782.827
3789.044
3789.197
3789.197
3790.944
3790.944
3792.386
3794.102
3794.102
3794.102
3799.057
3799.057
3799.057
3803.286
3803.286
3803.244
3798.756
3794.527
3794.527
3794.527
3794.527
3808.021
3795.123
3795.123
3800.572
3800.572
3800.572
3796.867
3779.512
3779.512
3779.512
3773.295
3773.295
3773.295
3773.142
3772.636
3772.636
3772.636
3776.003
3771.048
3777.163
3777.886
3780.072
3807.895
3807.895
3807.172
3807.172
3811.125
3792.637
3796.794
3796.794
3791.459
3792.387
3792.387
3792.387
3788.434
3788.434
3779.94
3779.94
3784.895
3789.123
3789.123
3794.458
3802.952
3802.952
3816.166
3820.069
3821.511
3817.282
3823.643
3821.456
3824.432
3839.794
3838.352
3841.328
3840.401
3840.401
3840.401
3866.967
3871.69
3873.578
3881.705
3887.819
3893.795
3894.539
3894.539
3894.539
3902.666
3902.349
3902.349
3902.349
3883.45
3874.131
3871
3871
3871
3870.485
3870.485
3869.741
3867.554
3864.181
3866.434
3866.587
3878.816
3878.5
3878.5
3881.2
3878.947
3878.203
3869.92
3869.92
3867.848
3867.848
3868.164
3868.164
3868.164
3868.164
3867.021
3867.021
3867.021
3867.021
3873.568
3876.836
3881.752
3890.245
3888.059
3888.059
3888.059
3886.866
3886.866
3880.161
3870.42
3878.914
3874.758
3838.733
3830.239
3814.878
3814.836
3814.836
3813.782
3813.782
3813.782
3804.462
3794.861
3807.151
3807.151
3808.343
3812.048
3812.048
3812.048
3812.048
3812.048
3812.048
3812.048
3812.048
3831.178
3834.446
3834.446
3826.964
3826.964
3826.648
3826.648
3831.798
3831.798
3839.28
3839.28
3848.958
3848.958
3848.958
3866.313
3866.313
3879.807
3898.706
3907.517
3924.872
3940.233
3940.233
3966.8
3970.703
3976.968
3978.023
3986.245
3995.565
3999.518
3999.834
3999.834
4008.057
3998.623
3994.291
3994.291
3978.929
3977.786
3977.786
3971.521
3971.521
3959.806
3941.131
3941.131
3936.215
3932.661
3942.262
3951.072
3948.886
3957.108
3979.473
3974.75
3974.75
3974.75
3974.75
3972.861
3972.117
3972.117
3963.991
3954.25
3960.364
3960.364
3960.364
3980.099
3980.843
3985.566
3993.693
4007.187
4009.373
4011.108
4020.849
4024.404
4024.404
4024.404
4025.458
4025.458
4030.373
4030.373
4032.262
4032.262
4032.262
4033.455
4033.455
4058.455
4058.455
4058.455
4066.581
4066.581
4066.581
4084.071
4084.071
4090.047
4089.303
4098.113
4098.113
4092.779
4089.511
4079.48
4078.337
4082.434
4082.434
4079.166
4074.443
4074.443
4073.345
4081.471
4087.736
4123.113
4123.113
4110.842
4102.348
4102.306
4102.306
4097.562
4097.562
4097.562
4097.562
4092.646
4090.61
4090.61
4104.465
4112.748
4112.748
4115.758
4115.758
4112.203
4113.396
4103.795
4103.795
4103.479
4105.515
4105.515
4103.443
4103.443
4103.443
4103.443
4103.443
4103.443
4110.333
4110.333
4115.077
4122.306
4124.041
4106.551
4109.527
4117.009
4109.527
4109.527
4109.527
4109.527
4114.25
4114.25
4108.002
4108.002
4085.556
4085.556
4066.426
4064.985
4047.907
4065.262
4058.372
4058.372
4056.384
4054.495
4054.495
4054.495
4037.14
4039.029
4040.47
4050.5
4050.5
4050.5
4054.205
4063.639
4063.639
4060.892
4061.045
4074.901
4074.901
4075.645
4075.645
4075.645
4039.62
4039.151
4022.072
4022.072
4009.083
4006.83
4006.83
3988.155
3952.131
3942.453
3940.706
3938.453
3936.736
3936.736
3933.468
3933.468
3933.468
3932.745
3922.715
3922.041
3922.041
3906.679
3897.078
3897.078
3897.078
3897.078
3894.892
3894.892
3896.035
3901.185
3901.185
3913.414
3893.896
3893.896
3894.212
3894.212
3875.724
3865.694
3858.989
3865.255
3867.508
3868.949
3849.214
3848.47
3848.512
3873.512
3873.512
3885.741
3885.741
3880.825
3882.267
3900.941
3900.941
3905.857
3902.152
3878.907
3860.232
3859.134
3852.869
3872.604
3870.351
3869.423
3867.982
3869.175
3873.898
3874.642
3874.642
3873.449
3864.13
3864.13
3869.045
3869.973
3869.973
3871.071
3877.776
3881.48
3885.185
3891.3
3887.595
3893.571
3887.595
3883.366
3883.366
3883.366
3889.583
3891.024
3891.024
3908.38
3908.38
3908.709
3920.98
3920.98
3921.724
3925.429
3949.827
3949.827
3949.827
3949.827
3949.827
3949.827
3936.59
3936.59
3950.084
3954.313
3954.313
3954.16
3936.804
3936.958
3936.958
3930.741
3929.3
3929.342
3929.342
3929.3
3964.383
3965.31
3965.31
3949.949
3947.696
3930.34
3922.858
3925.045
3925.045
3925.045
3925.045
3887.009
3881.675
3876.47
3869.765
3868.048
3868.006
3866.908
3866.908
3868.051
3879.979
3878.268
3876.8
3864.571
3856.664
3859.795
3850.985
3846.03
3846.03
3846.03
3833.759
3825.476
3835.217
3838.922
3839.645
3845.91
3859.765
3881.633
3882.377
3885.645
3876.506
3885.614
3860.614
3866.88
3866.88
3873.77
3873.77
3873.77
3874.974
3874.974
3868.709
3870.598
3855.236
3855.236
3854.182
3854.498
3847.608
3839.114
3830.62
3830.62
3838.843
3834.099
3830.395
3830.078
3830.078
3836.783
3836.783
3846.102
3869.348
3869.348
3870.816
3877.706
3877.706
3883.462
3885.346
3885.346
3885.346
3885.346
3884.142
3884.142
3910.012
3918.822
3918.864
3918.864
3905.009
3902.858
3875.56
3875.56
3875.56
3875.56
3850.56
3859.054
3858.738
3854.509
3841.289
3841.289
3841.289
3832.479
3832.479
3832.479
3829.47
3842.69
3841.762
3841.762
3837.605
3837.605
3830.123
3829.069
3820.943
3818.87
3843.87
3859.232
3853.256
3853.256
3837.895
3833.151
3833.151
3832.407
3832.407
3832.407
3832.407
3832.913
3833.657
3837.61
3839.682
3839.682
3834.532
3844.273
3850.489
3850.806
3850.3
3850.3
3850.3
3849.245
3848.929
3878.758
3878.758
3878.758
3878.758
3883.908
3883.908
3893.649
3893.649
3893.965
3893.965
3895.158
3901.423
3882.502
3857.502
3857.502
3857.502
3857.502
3854.899
3836
3836
3831.843
3828.712
3808.11
3816.393
3816.393
3816.393
3833.748
3831.676
3858.242
3853.327
3853.327
3852.821
3852.821
3853.327
3853.327
3853.327
3846.622
3846.622
3845.417
3821.02
3821.02
3821.02
3821.02
3821.02
3821.02
3821.02
3822.767
3827.682
3828.887
3828.887
3833.116
3833.116
3833.074
3833.074
3833.116
3846.61
3846.61
3846.61
3848.051
3841.937
3841.937
3841.937
3844.19
3844.19
3840.485
3840.331
3846.446
3848.518
3848.518
3851.875
3851.875
3848.242
3842.267
3842.267
3836.05
3840.003
3840.003
3840.157
3843.861
3842.42
3842.42
3842.42
3842.42
3828.926
3828.926
3828.926
3855.492
3855.492
3854.3
3859.505
3859.547
3878.446
3888.187
3892.931
3920.229
3920.735
3923.711
3922.27
3925.974
3930.848
3932.041
3940.324
3947.029
3947.029
3947.029
3953.245
3953.245
3957.968
3951.992
3948.288
3951.842
3951.842
3951.842
3951.842
3953.283
3953.283
3958.238
3958.238
3958.238
3973.599
3973.599
3979.816
3979.31
3980.752
3986.727
3983.173
3973.432
3973.432
3973.432
3973.432
3965.149
3965.149
3965.149
3946.035
3946.035
3943.848
3943.848
3943.848
3943.848
3943.125
3943.125
3936.578
3938.325
3938.325
3936.437
3936.437
3936.437
3931.286
3927.057
3918.247
3913.331
3913.331
3913.331
3913.331
3913.331
3909.175
3909.175
3909.175
3882.608
3882.608
3880.861
3880.861
3880.861
3880.346
3872.44
3873.908
3873.908
3893.426
3890.059
3890.059
3889.905
3889.905
3889.905
3887.718
3906.206
3906.206
3898.08
3889.27
3887.197
3885.992
3881.038
3880.884
3873.994
3887.256
3889.292
3889.139
3898.572
3885.078
3880.849
3876.62
3876.62
3869.139
3867.697
3867.697
3865.809
3865.809
3867.697
3871.601
3881.202
3935.937
3939.837
3940.154
3942.34
3948.316
3967.446
3971.602
3976.557
3979.566
3985.831
3998.102
3998.102
3998.102
3999.245
3999.761
4001.455
4001.455
3992.021
3992.021
3992.021
3983.738
3981.702
3995.196
3995.196
3995.238
3994.14
3994.14
4000.845
3986.989
3986.989
3983.435
3983.435
3991.929
3982.495
3982.495
3996.351
3996.351
3994.883
4008.377
4010.413
4028.901
4028.901
4028.901
4022.011
4022.011
4022.011
4028.901
4028.901
4028.901
4038.334
4038.334
4038.334
4041.889
4041.889
4041.889
4041.889
4041.889
4041.889
4041.889
4041.889
4043.357
4043.357
4043.357
4044.455
4044.455
4044.455
4044.455
4044.455
4044.455
4044.455
4044.455
4044.455
4036.973
4035.226
4028.336
4028.336
4023.363
4027.628
4016.086
4020.884
4020.884
4014.619
3997.13
3996.386
3996.386
3996.386
3988.259
3987.161
3987.161
3986.697
3986.697
3986.697
3985.599
3985.599
3985.599
3984.672
3992.798
3986.533
3986.533
3977.214
3975.142
3975.142
3975.142
3965.822
3964.768
3964.768
3964.768
3965.274
3965.274
3956.464
3964.958
3979.193
3979.193
3980.166
3976.461
3976.461
3976.461
3976.461
3976.461
3975.02
3975.02
3975.02
3975.02
3975.02
3970.791
3970.791
3970.791
3970.791
3957.297
3957.297
3957.297
3957.255
3957.255
3957.255
3949.773
3953.726
3954.931
3963.741
3969.075
3979.105
3986.587
3986.904
3995.714
3995.714
4003.521
4022.651
4022.651
4019.675
4019.675
4019.675
4014.952
4014.952
4005.351
4005.351
4006.405
4001.661
4009.143
4007.255
4007.255
4012.167
4013.608
4013.608
4011.62
4004.73
4004.73
4004.73
4004.73
4004.73
4004.73
4004.73
4004.73
4009.453
4012.429
4012.429
4012.429
4010.988
4010.988
4010.988
4010.988
4012.877
4015.131
4015.131
4015.131
4015.131
4015.875
4008.985
4008.985
4008.057
4008.057
4000.151
3984.789
3984.789
3973.273
3973.273
3973.273
3973.315
3982.125
3982.848
3994.384
3994.384
3994.384
3994.384
4012.52
4013.961
4013.961
4017.604
4017.604
4017.604
4017.604
4018.747
4030.652
4032.369
4032.369
4035.923
4034.206
4034.164
4034.164
4032.723
4032.723
4032.723
4032.723
4032.723
4034.976
4034.976
4031.422
4031.422
4055.819
4055.819
4055.819
4059.187
4064.952
4064.952
4064.952
4064.952
4064.952
4064.952
4071.033
4071.033
4078.515
4078.515
4069.596
4069.596
4069.596
4069.801
4069.801
4078.084
4078.084
4078.084
4074.181
4074.181
4055.051
4047.569
4047.569
4039.346
4044.262
4052.389
4038.533
4032.557
4033.301
4026.596
4034.404
4039.738
4032.848
4030.776
4029.848
4029.848
4039.282
4037.393
4036.188
4036.188
4032.634
4029.887
4005.489
4001.935
3966.559
3966.559
3947.041
3947.041
3947.041
3947.041
3947.041
3948.139
3949.58
3949.58
3951.767
3951.767
3951.767
3951.767
3951.767
3951.767
3951.92
3951.92
3943.11
3943.574
3966.587
3967.73
3966.803
3957.202
3962.536
3957.852
3951.587
3950.489
3929.887
3912.398
3907.443
3887.708
3887.708
3885.521
3885.521
3884.08
3882.937
3882.937
3882.937
3882.937
3882.937
3883.864
3883.864
3889.408
3889.872
3898.366
3892.149
3892.149
3892.149
3892.149
3885.98
3898.27
3917.399
3920.375
3937.864
3938.792
3968.69
3978.431
3985.321
3985.321
3985.321
3989.224
3989.224
3993.178
4001.461
4019.218
4020.423
4031.146
4033.134
4033.134
4030.158
4031.218
4031.218
4031.535
4025.27
4025.27
4025.27
4025.27
4025.27
4024.953
4024.953
4038.809
4038.809
4038.809
4038.809
4043.959
4043.959
4043.959
4043.959
4043.959
4043.959
4048.116
4055.598
4055.598
4054.393
4054.393
4054.393
4065.176
4070.806
4070.806
4072.011
4072.011
4072.011
4072.011
4072.011
4072.011
4072.011
4072.011
4072.011
4072.011
4072.011
4070.158
4071.256
4071.256
4071.256
4064.366
4064.366
4064.366
4064.366
4064.366
4064.366
4061.235
4061.235
4061.235
4055.901
4043.672
4061.161
4055.956
4080.956
4076.212
4062.357
4062.357
4062.357
4045.002
4038.887
4034.934
4030.705
4000.28
3998.839
3993.884
3996.893
3991.559
3995.655
4013.145
4028.506
4045.584
4044.657
4045.12
4045.12
4041.217
4049.44
4061.711
4069.518
4061.024
4061.024
4058.837
4074.199
4077.467
4096.366
4096.366
4095.643
4095.643
4092.512
4083.702
4080.446
4075.111
4075.111
4075.111
4057.622
4076.297
4075.199
4075.199
4075.199
4075.199
4083.325
4088.241
4096.524
4100.62
4108.102
4108.145
4108.651
4122.145
4125.512
4143.279
4143.279
4149.983
4151.7
4151.7
4153.736
4156.712
4156.712
4156.712
4157.917
4154.934
4150.98
4145.866
4126.736
4111.375
4094.02
4084.7
4085.017
4081.113
4089.923
4104.758
4108.462
4117.273
4143.104
4147.008
4147.008
4128.108
4135.59
4138.337
4140.325
4137.057
4137.057
4123.563
4114.753
4114.437
4114.437
4102.148
4092.47
4091.277
4091.277
4091.277
4091.277
4083.795
4083.795
4083.795
4119.172
4119.172
4133.027
4134.232
4107.666
4110.934
4110.934
4117.199
4126.518
4126.518
4126.202
4122.834
4122.834
4122.834
4124.276
4124.276
4112.574
4112.574
4110.387
4110.387
4110.387
4075.011
4074.288
4064.547
4064.547
4060.646
4060.646
4059.923
4058.035
4055.059
4051.158
4046.242
4055.676
4052.408
4040.119
4039.386
4039.386
4031.904
4027.181
4027.181
4027.181
4027.181
4019.054
4017.166
4010.901
4010.901
4010.901
4010.901
4030.419
4016.925
4016.925
4016.925
4020.056
4020.056
4020.056
4021.199
4021.199
4022.297
4022.297
4024.044
4024.044
4024.044
4024.044
4024.044
4024.044
4029.533
4029.533
4029.533
4029.533
4029.533
4044.895
4044.38
4039.636
4038.167
4036.962
4036.962
4036.962
4036.962
4036.962
4036.962
4043.324
4039.227
4039.227
4035.86
4031.631
4030.887
4029.446
4029.446
4031.434
4032.532
4032.532
4041.026
4036.11
4036.11
4036.11
4033.923
4033.923
4033.923
4046.194
4046.194
4046.194
4046.194
4045.878
4045.878
4048.002
4048.002
4048.002
4045.929
4052.381
4052.381
4052.381
4053.586
4057.742
4056.645
4056.645
4044.627
4044.943
4044.943
4044.943
4044.943
4044.943
4044.943
4049.858
4051.931
4054.117
4045.623
4045.623
4045.623
4045.623
4045.623
4042.492
4042.492
4039.125
4039.125
4034.17
4034.17
4027.953
4029.395
4029.395
4029.395
4029.395
4041.404
4041.404
4041.404
4049.687
4049.687
4051.404
4051.404
4051.404
4056.554
4056.554
4059.922
4058.033
4050.226
4050.226
4045.938
4091.529
4081.377
4079.639
4062.942
4062.899
4062.899
4057.5
4030.61
4030.454
4030.454
4030.454
4030.454
4030.454
4030.454
4030.454
4030.454
4030.134
4024.921
4012.765
4010.668
4010.668
4010.668
4010.668
4010.668
4009.915
4009.915
4009.915
4010.668
4017.381
4019.479
4018.966
4020.425
3995.381
3995.381
3995.381
3995.701
3995.701
3995.701
3995.701
3995.701
3995.701
3999.652
3999.652
3999.652
3999.652
3989.934
4005.748
4005.748
4015.314
4015.314
4023.698
4027.7
4027.7
4027.7
4032.672
4032.672
4032.672
4032.672
4032.672
4032.672
4033.892
4030.88
4035.855
4016.413
4019.831
4015.829
4003.39
4002.171
3993.787
3993.787
4003.939
3999.988
3985.963
3966.601
3966.601
3948.898
3939.038
3932.064
3932.384
3932.384
3901.588
3909.591
3910.811
3911.28
3911.28
3913.293
3914.232
3919.207
3919.527
3922.54
3920.527
3920.527
3940.284
3939.345
3943.293
3953.152
3953.152
3953.152
3998.506
3991.636
3975.878
3977.003
3978.128
3997.264
4000.613
4001.375
4021.597
4025.394
4023.085
4026.122
4024.645
4026.954
4007.818
4002.781
4003.731
4005.208
4004.446
4004.446
4000.65
4000.65
3993.779
3992.829
3986.409
3986.409
3987.534
3987.577
3987.577
3987.577
3993.843
4012.978
4022.645
4022.645
4022.645
4022.645
4026.978
4026.978
4026.978
4026.978
4025.756
4005.534
4004.409
4004.409
3998.285
3998.285
3996.526
4000.785
4000.785
4021.008
4021.008
4015.931
4013.807
4042.605
4042.605
4037.07
4017.463
4020.05
4020.05
4020.05
4020.05
4020.47
4016.42
4016.42
4017.383
4018.522
4020.672
4020.672
4020.628
4020.628
4022.123
4022.123
4027.658
4027.658
4027.658
4026.908
4024.639
4024.639
4024.639
4023.144
4023.144
4024.283
4023.32
4023.32
4023.32
4023.32
4023.32
4023.648
4024.42
4024.42
4026.233
4031.577
4031.577
4031.577
4031.577
4035.058
4034.778
4034.006
4032.194
4032.238
4032.988
4035.256
4035.256
4035.256
4033.733
4033.733
4033.733
3978.97
3978.97
3958.983
3951.22
3956.755
3942.38
3940.111
3920.264
3911.67
3911.67
3890.295
3890.295
3888.483
3888.483
3887.52
3887.361
3887.361
3888.856
3891.944
3897.044
3900.731
3902.881
3902.881
3902.881
3902.881
3904.994
3913.525
3913.525
3916.916
3921.228
3921.228
3921.228
3922.752
3922.752
3922.752
3910.02
3890.308
3884.964
3857.742
3858.27
3862.267
3867.344
3867.344
3865.571
3871.991
3871.991
3871.991
3874.231
3878.231
3897.833
3903.957
3904.281
3902.282
3889.708
3889.708
3889.708
3890.931
3890.931
3892.866
3894.903
3904.452
3899.375
3899.375
3899.375
3898.847
3905.267
3905.267
3906.744
3904.809
3904.809
3905.327
3885.725
3884.554
3878.134
3868.296
3864.037
3807.951
3803.951
3803.627
3813.465
3814.636
3818.895
3825.315
3862.228
3862.228
3859.145
3871.455
3869.215
3863.091
3862.934
3862.934
3862.934
3853.636
3853.636
3853.636
3853.636
3849.636
3847.877
3846.926
3845.704
3845.704
3822.787
3802.565
3801.088
3773.866
3765.162
3763.403
3775.977
3771.718
3771.674
3771.674
3774.724
3788.381
3793.242
3793.242
3794.323
3794.323
3794.323
3803.026
3803.026
3803.026
3806.823
3806.823
3807.147
3819.677
3819.677
3826.548
3826.548
3832.968
3832.968
3832.968
3840.028
3840.028
3842.269
3856.466
3857.701
3859.824
3874.022
3888.219
3892.219
3892.219
3893.486
3893.486
3893.486
3880.912
3880.912
3892.875
3894.961
3894.637
3894.637
3896.878
3896.878
3898.637
3898.637
3898.637
3897.403
3897.403
3899.489
3899.489
3899.489
3899.489
3919.489
3917.699
3919.489
3919.813
3919.813
3919.813
3919.813
3919.813
3919.813
3919.813
3919.813
3898.702
3898.702
3899.465
3885.267
3885.267
3885.267
3879.989
3879.989
3883.198
3888.923
3890.003
3887.88
3881.756
3881.756
3880.994
3867.988
3870.111
3870.111
3870.111
3870.111
3870.111
3869.787
3869.787
3882.318
3882.318
3880.841
3873.781
3883.448
3863.846
3863.846
3860.796
3860.796
3860.796
3860.796
3860.796
3853.13
3853.13
3853.13
3859.549
3859.549
3854.71
3852.775
3852.775
3852.775
3852.775
3851.694
3856.556
3875.921
3876.662
3878.597
3878.597
3898.597
3902.795
3903.323
3903.323
3908.4
3908.4
3908.4
3910.335
3913.977
3911.736
3901.898
3948.559
3968.809
3958.703
3956.553
3956.553
3954.594
3954.594
3951.506
3951.506
3932.166
3932.166
3932.166
3914.159
3924.566
3919.644
3919.644
3919.644
3912.495
3907.355
3907.355
3902.475
3896.131
3881.756
3856.444
3852.131
3847.031
3838.828
3839.044
3836.775
3832.463
3775.675
3765.714
3766.195
3765.67
3762.548
3762.067
3746.13
3739.63
3736.542
3738.323
3737.138
3737.138
3737.138
3737.138
3737.094
3737.094
3737.094
3732.706
3729.856
3722.708
3721.745
3721.211
3713.448
3719.648
3729.814
3745.511
3745.27
3751.47
3765.845
3765.845
3767.095
3763.847
3762.753
3783.964
3781.616
3781.616
3783.139
3774.936
3788.677
3773.761
3764.552
3748.614
3709.152
3711.489
3748.864
3748.864
3734.489
3732.339
3732.339
3730.558
3726.245
3738.933
3743.034
3750.797
3747.109
3747.881
3745.544
3745.239
3738.739
3732.539
3732.539
3734.602
3725.152
3739.152
3729.045
3692.289
3692.289
3712.764
3705.616
3704.366
3704.366
3722.511
3725.598
3725.598
3725.598
3734.192
3720.364
3720.364
3721.327
3722.577
3722.577
3736.952
3749.702
3741.108
3745.158
3745.158
3745.158
3741.056
3730.95
3728.888
3708.413
3708.413
3715.561
3715.561
3731.498
3735.811
3734.848
3744.955
3748.308
3748.308
3750.37
3750.37
3746.32
3753.469
3753.469
3753.469
3758.322
3758.322
3764.772
3764.772
3773.203
3773.203
3773.953
3780.641
3780.641
3780.8
3782.581
3784.658
3790.627
3790.627
3800.733
3800.733
3801.983
3801.983
3801.983
3801.983
3801.983
3839.358
3841.42
3841.955
3838.867
3848.973
3851.823
3851.823
3852.786
3852.786
3856.63
3861.73
3862.98
3878.425
3891.272
3891.272
3916.317
3916.317
3916.317
3916.317
3916.317
3916.317
3917.117
3914.967
3910.655
3911.427
3897.427
3893.739
3899.273
3917.419
3912.519
3911.747
3911.747
3909.684
3899.578
3894.478
3894.478
3894.478
3886.047
3883.778
3863.303
3856.959
3893.663
3893.663
3914.138
3918.188
3923.588
3925.925
3929.975
3937.123
3949.811
3947.852
3952.164
3956.477
3946.516
3942.616
3933.475
3933.475
3916.303
3903.616
3900.772
3891.103
3890.775
3838.581
3831.625
3827.781
3826.642
3816.602
3816.602
3811.258
3807.83
3807.83
3807.83
3807.83
3807.83
3806.867
3811.18
3800.773
3800.773
3790.986
3790.986
3790.986
3794.673
3794.673
3804.461
3818.672
3804.672
3805.811
3805.811
3804.672
3805.363
3805.363
3805.363
3815.031
3817.144
3817.144
3825.575
3825.575
3825.575
3821.888
3819.775
3824.163
3826.275
3826.275
3834.806
3827.658
3827.658
3847.033
3832.658
3831.134
3841.175
3841.175
3845.563
3845.563
3845.563
3845.563
3845.563
3845.563
3845.563
3845.563
3851.948
3851.948
3851.948
3871.528
3871.528
3872.433
3872.433
3872.433
3882.394
3882.394
3877.253
3876.481
3876.481
3876.481
3882.825
3885.597
3877.166
3876.861
3862.948
3861.425
3867.769
3867.769
3865.431
3865.431
3865.431
3865.272
3844.164
3842.205
3837.853
3850.541
3850.541
3841.728
3841.728
3836.147
3834.366
3826.603
3825.853
3799.916
3799.916
3813.611
3817.455
3819.236
3820.422
3827.214
3831.264
3831.264
3834.655
3834.655
3837.903
3838.231
3838.231
3843.575
3844.813
3847.15
3847.15
3847.15
3844.063
3826.344
3824.384
3824.384
3818.184
3811.392
3811.392
3811.392
3810.298
3806.248
3807.772
3787.925
3779.113
3802.4
3802.4
3804.669
3802.381
3793.85
3787.65
3785.869
3771.869
3766.769
3766.769
3764.656
3756.063
3756.019
3752.931
3756.425
3764.188
3764.188
3764.231
3766.013
3770.263
3773.35
3780.306
3788.9
3788.9
3789.65
3790.836
3803.586
3800.092
3791.661
3791.136
3794.258
3804.298
3813.748
3813.748
3814.998
3817.111
3817.111
3823.903
3833.353
3843.759
3843.759
3843.759
3836.803
3841.903
3841.903
3854.359
3857.608
3853.358
3853.883
3834.702
3826.939
3825.689
3831.089
3839.52
3840.614
3836.513
3833.425
3831.275
3795.191
3792.853
3780.166
3778.928
3778.928
3761.469
3763.25
3763.25
3762.064
3757.164
3757.164
3729.602
3724.422
3708.484
3712.534
3713.772
3713.772
3709.722
3729.33
3729.33
3729.33
3729.33
3701.767
3701.767
3692.627
3692.627
3692.627
3692.627
3692.955
3699.298
3718.906
3711.144
3711.144
3711.144
3714.534
3722.297
3722.297
3722.297
3718.906
3718.906
3718.906
3718.906
3718.906
3718.906
3718.906
3718.906
3718.906
3722.028
3721.7
3721.7
3725.194
3725.194
3728.688
3730.956
3730.956
3750.419
3759.231
3782.194
3778.591
3778.591
3778.591
3782.841
3782.841
3786.684
3786.684
3786.684
3786.684
3796.353
3816.2
3821.3
3831.088
3839.9
3864.277
3864.277
3864.277
3884.752
3891.252
3892.023
3895.711
3895.711
3923.273
3923.273
3923.273
3922.134
3918.886
3918.886
3918.886
3920.072
3920.072
3920.072
3925.213
3934.933
3936.17
3936.17
3936.17
3941.514
3941.514
3940.328
3942.141
3942.141
3942.141
3950.431
3951.57
3951.898
3951.898
3951.898
3941.938
3948.138
3951.386
3949.573
3949.573
3949.573
3949.573
3949.573
3949.573
3949.573
3953.005
3953.005
3953.005
3938.87
3938.87
3931.273
3931.273
3931.273
3924.773
3924.773
3918.273
3936.28
3932.436
3906.498
3906.498
3897.967
3888.18
3888.18
3888.18
3896.611
3896.611
3892.361
3892.361
3883.93
3869.555
3869.555
3870.08
3872.039
3872.039
3878.489
3881.577
3881.577
3881.577
3881.577
3881.577
3881.577
3881.577
3881.577
3881.577
3881.577
3881.577
3878.489
3878.489
3878.489
3874.439
3853.964
3853.964
3849.863
3848.9
3848.9
3847.65
3840.502
3830.395
3812.25
3812.25
3812.578
3814.728
3801.978
3799.916
3799.916
3800.878
3800.878
3802.128
3809.277
3800.683
3820.291
3830.252
3843.967
3863.575
3866.663
3852.288
3852.288
3851.959
3854.228
3841.541
3840.447
3847.595
3848.13
3851.973
3854.823
3880.761
3909.083
3928.691
3935.191
3954.289
3963.102
3979.039
3980.133
3981.656
3981.656
3968.03
3968.03
3959.217
3959.217
3952.069
3956.85
3955.6
3949.263
3936.531
3892.793
3892.793
3893.117
3899.988
3896.191
3897.426
3903.846
3903.846
3918.043
3917.719
3917.719
3916.215
3909.795
3909.795
3909.795
3935.174
3947.748
3946.986
3945.196
3945.196
3957.77
3982.77
4002.77
3983.168
3983.168
3978.131
3978.131
3960.21
3960.21
3965.247
3965.247
3967.182
3972.043
3969.228
3969.228
3967.994
3958.012
3959.247
3969.228
3969.228
3968.701
3969.651
3944.651
3948.448
3948.448
3948.448
3948.448
3948.448
3946.41
3946.41
3946.41
3942.614
3945.698
3945.698
3945.698
3945.698
3954.725
3953.775
3953.775
3967.972
3967.972
3961.707
3959.948
3959.948
3959.948
3959.948
3965.414
3965.414
3964.429
3955.725
3937.941
3925.367
3921.917
3921.917
3913.213
3916.855
3908.429
3894.231
3894.231
3894.231
3885.204
3885.944
3849.694
3858.722
3855.373
3859.015
3859.015
3859.015
3864.293
3864.293
3883.895
3889.361
3889.361
3889.361
3889.361
3893.358
3903.196
3903.196
3903.196
3904.418
3904.418
3904.418
3905.181
3905.181
3905.181
3905.181
3905.181
3907.304
3907.304
3906.98
3912.258
3912.258
3912.258
3912.258
3912.258
3912.258
3917.295
3917.295
3925.721
3925.721
3925.721
3925.721
3925.721
3923.597
3923.597
3923.597
3923.921
3923.159
3923.159
3923.677
3915.35
3915.35
3915.35
3915.35
3891.531
3904.062
3904.062
3897.691
3895.605
3872.688
3869.34
3838.164
3829.836
3819.855
3816.059
3815.296
3812.213
3812.17
3801.892
3801.892
3801.892
3813.855
3813.855
3815.941
3815.941
3815.941
3815.941
3815.941
3795.201
3796.372
3804.668
3804.668
3821.752
3821.224
3811.386
3807.127
3797.577
3785.003
3781.006
3778.969
3783.228
3783.228
3782.904
3780.664
3784.923
3784.923
3783.752
3785.049
3785.049
3779.972
3779.972
3779.972
3779.972
3773.849
3780.269
3776.269
3756.667
3756.667
3756.991
3759.231
3764.071
3781.571
3809.543
3811.333
3816.41
3809.991
3809.991
3811.926
3811.926
3809.991
3809.991
3798.199
3798.199
3796.977
3803.242
3793.693
3793.693
3768.076
3768.076
3768.076
3787.677
3801.505
3801.829
3810.532
3815.372
3819.168
3817.997
3813.997
3810.789
3810.465
3807.116
3793.289
3793.816
3800.525
3809.552
3815.818
3817.04
3817.04
3817.04
3826.068
3827.827
3829.304
3829.628
3831.937
3840.363
3843.711
3839.915
3839.915
3834.637
3837.846
3835.91
3837.082
3845.569
3845.569
3855.551
3855.551
3855.551
3857.86
3851.151
3856.429
3860.429
3858.12
3856.361
3870.188
3870.188
3870.188
3873.985
3873.985
3872.762
3872.762
3872.762
3874.522
3873.35
3873.35
3872.485
3872.485
3872.485
3870.98
3853.059
3844.571
3844.571
3844.528
3844.528
3826.744
3824.225
3819.188
3819.031
3809.698
3804.42
3779.42
3769.438
3767.315
3763.264
3763.264
3834.819
3854.185
3863.213
3868.29
3868.29
3868.133
3858.466
3858.466
3863.799
3866.108
3866.108
3866.849
3867.006
3865.247
3865.247
3884.849
3903.985
3906.022
3916.003
3916.003
3906.975
3905.741
3905.741
3914.167
3918.218
3914.167
3913.426
3915.185
3915.185
3924.852
3924.852
3928.648
3928.648
3928.648
3918.667
3918.667
3919.901
3919.901
3913.031
3914.202
3913.901
3907.636
3906.685
3906.685
3894.093
3887.673
3887.154
3877.821
3877.059
3868.571
3866.262
3878.793
3878.793
3879.744
3879.003
3874.952
3874.952
3868.532
3869.657
3869.657
3864.818
3862.577
3855.517
3855.517
3855.517
3855.517
3855.517
3855.517
3854.04
3855.517
3855.517
3851.721
3852.846
3859.265
3861.574
3862.525
3862.525
3863.287
3867.546
3891.366
3891.366
3893.452
3893.452
3912.588
3912.588
3907.551
3914.421
3914.421
3914.421
3922.088
3922.088
3923.31
3923.31
3922.548
3922.548
3920.239
3920.239
3920.239
3919.289
3928.838
3927.713
3927.713
3927.713
3927.713
3931.509
3936.546
3938.481
3938.481
3957.617
3955.531
3937.747
3944.167
3942.377
3942.333
3939.125
3943.125
3941.89
3941.89
3941.89
3932.863
3932.863
3932.863
3932.863
3932.863
3932.863
3932.863
3932.863
3925.802
3924.852
3924.852
3926.086
3926.086
3926.086
3927.037
3927.037
3927.037
3927.037
3927.037
3928.117
3928.117
3959.293
3964.627
3964.627
3964.627
3964.627
3961.577
3961.577
3960.343
3960.343
3960.343
3963.157
3963.157
3967.491
3967.491
3968.968
3972.017
3972.017
3972.017
3980.721
3982.511
3982.511
3986.153
3986.153
3986.153
3986.153
3986.153
3993.213
3993.213
3993.213
3993.213
3993.213
3993.213
3985.111
3985.111
3984.349
3965.404
3965.404
3965.404
3965.08
3964.187
3936.965
3930.094
3930.094
3926.043
3926.994
3926.994
3951.994
3951.994
3951.994
3952.262
3952.262
3956.596
3956.92
3956.92
3956.92
3956.92
3956.92
3960.128
3960.128
3960.128
3960.128
3960.171
3960.171
3960.171
3960.171
3978.093
3977.142
3994.077
3995.312
3995.312
3990.275
3986.478
3986.478
3986.478
3986.478
3986.478
3986.478
3986.478
3991.944
3991.944
3991.944
3991.944
3990.71
3980.728
3980.728
3980.728
3982.664
3982.664
3986.861
3976.88
3963.333
3944.389
3913.213
3907.102
3909.037
3907.247
3907.247
3905.77
3896.742
3881.239
3881.239
3870.961
3851.596
3851.596
3860.083
3860.083
3860.083
3852.417
3844.417
3844.417
3837.546
3821.806
3816.34
3812.543
3812.543
3808.543
3805.194
3776.076
3773.796
3806.21
3805.89
3807.802
3807.802
3807.28
3804.111
3804.864
3810.078
3813.386
3806.759
3806.759
3825.889
3830.169
3831.326
3844.985
3846.192
3871.497
3875.448
3884.366
3893.052
3888.372
3888.692
3895.319
3895.319
3894.111
3898.149
3900.43
3898.692
3885.034
3890.619
3894.57
3896.308
3900.058
3898.901
3902.07
3895.881
3849.458
3856.005
3856.321
3840.959
3840.959
3906.727
3928.753
3928.753
3928.753
3927.312
3927.312
3927.312
3935.595
3930.444
3922.161
3920.444
3932.715
3932.715
3937.866
3958.468
3958.468
3962.697
3962.697
3962.697
3970.92
3972.667
3973.81
3977.714
3977.714
3977.714
3974.346
3974.346
3974.346
3976.235
3976.235
3976.235
3976.235
3976.235
3976.235
3977.952
3977.952
3979.393
3982.761
3982.761
3982.761
3980.389
3969.886
3969.014
3982.869
3955.571
3954.366
3958.071
3949.577
3949.577
3949.577
3950.782
3955.011
3955.011
3948.12
3948.12
3945.373
3920.373
3919.858
3904.497
3910.762
3923.033
3923.033
3916.768
3916.768
3916.768
3916.768
3916.768
3910.063
3910.063
3909.009
3909.009
3896.738
3893.033
3893.349
3893.033
3893.548
3895.801
3914.289
3914.289
3924.319
3926.208
3929.184
3929.5
3934.455
3942.581
3939.979
3939.979
3931.169
3931.169
3931.169
3931.169
3931.169
3931.211
3925.877
3933.358
3913.84
3909.777
3901.283
3901.283
3901.283
3887.789
3878.355
3889.08
3889.08
3865.834
3865.834
3852.34
3843.801
3885.029
3876.877
3873.608
3858.247
3850.765
3858.247
3850.44
3826.042
3828.789
3829.304
3835.28
3830.364
3826.997
3834.479
3827.774
3837.937
3835.901
3827.617
3827.617
3829.654
3843.148
3851.274
3857.979
3859.184
3895.208
3900.123
3908.407
3908.364
3926.852
3926.895
3919.413
3905.919
3897.792
3897.286
3897.286
3897.286
3917.889
3924.593
3924.593
3926.31
3926.31
3926.31
3929.678
3929.678
3929.678
3927.961
3928.467
3925.491
3929.395
3920.286
3925.62
3927.47
3931.566
3930.361
3942.367
3938.271
3930.048
3929.732
3920.922
3920.88
3920.88
3920.88
3930.48
3930.48
3926.527
3926.527
3927.455
3931.684
3951.202
3951.202
3947.648
3947.648
3946.179
3948.923
3947.825
3947.825
3940.935
3940.935
3940.935
3940.935
3941.863
3932.429
3946.285
3947.383
3933.759
3943.193
3943.193
3942
3939.964
3939.964
3946.669
3965.343
3965.343
3988.589
3992.143
3992.143
3999.033
4017.521
4019.557
4021.026
4027.14
4027.14
4027.14
4027.14
4027.14
4039.342
4039.806
4039.806
4053.3
4054.492
4054.492
4054.492
4054.492
4054.492
4054.492
4054.492
4054.492
4054.492
4054.492
4054.492
4062.715
4062.715
4063.813
4063.813
4063.813
4063.813
4056.923
4055.718
4055.718
4054.791
4054.791
4054.791
4054.791
4060.125
4060.125
4061.053
4061.053
4061.053
4062.258
4062.258
4062.258
4062.258
4062.258
4062.258
4063.462
4063.462
4063.462
4063.462
4063.462
4063.462
4063.462
4063.462
4063.462
4063.462
4063.462
4063.462
4063.462
4064.39
4073.973
4073.973
4073.973
4075.72
4075.72
4085.321
4088.452
4088.452
4088.452
4088.452
4088.452
4093.602
4093.602
4093.602
4093.602
4093.602
4092.505
4093.602
4089.699
4085.015
4083.822
4083.822
4080.691
4055.691
4055.691
4055.691
4054.548
4054.548
4054.548
4054.548
4054.548
4054.548
4049.593
4050.316
4051.06
4052.949
4072.078
4096.476
4096.476
4091.325
4095.229
4098.205
4099.348
4099.348
4099.39
4099.39
4099.39
4104.345
4104.345
4109.261
4107.514
4097.913
4097.913
4099.056
4085.199
4078.982
4066.711
4065.506
4065.506
4065.042
4064.889
4064.889
4083.788
4080.812
4080.812
4079.307
4079.307
4079.928
4061.029
4065.983
4061.887
4061.887
4061.887
4061.887
4053.941
4064.682
4070.658
4072.405
4070.417
4070.417
4069.673
4069.673
4052.184
4071.313
4070.386
4070.386
4070.386
4070.386
4089.06
4089.06
4089.06
4090.265
4092.253
4093.181
4093.181
4093.181
4093.181
4093.181
4093.181
4091.976
4091.461
4091.461
4091.461
4072.331
4072.331
4072.331
4085.825
4085.825
4088.012
4088.012
4088.012
4088.012
4088.012
4088.012
4088.012
4063.614
4063.614
4063.614
4067.518
4067.518
4094.816
4098.973
4108.574
4110.015
4113.283
4118.488
4121.756
4121.756
4121.756
4118.328
4118.328
4109.834
4109.834
4101.34
4101.34
4101.34
4101.846
4101.846
4100.654
4081.755
4081.755
4081.755
4074.273
4071.005
4072.059
4072.059
4072.059
4068.354
4068.354
4068.354
4068.354
4068.354
4064.45
4064.45
4064.134
4067.502
4067.502
4067.502
4067.502
4067.502
4042.502
4041.758
4036.423
4031.273
4031.273
4032.2
4041.011
4041.733
4045.438
4045.438
4026.764
4018.541
4018.541
4018.694
4017.971
4009.161
4007.173
4011.127
4011.127
4019.349
4000.22
3996.515
3996.515
3992.562
3996.465
3996.465
3998.182
4007.458
4007.458
4008.899
4012.604
4011.399
4012.604
4003.17
4022.688
4020.971
4020.971
4020.971
4026.176
4044.851
4049.767
4049.767
4059.508
4061.544
4061.544
4069.026
4068.872
4059.131
4061.119
4063.107
4049.252
4049.252
4049.252
4075.818
4102.384
4102.384
4102.384
4101.456
4113.685
4113.685
4110.938
4109.191
4109.191
4109.191
4108.468
4108.426
4108.11
4108.11
4107.366
4105.925
4105.925
4103.738
4103.738
4107.006
4142.44
4147.395
4147.395
4166.524
4166.524
4180.018
4180.018
4173.911
4164.31
4183.44
4183.44
4185.328
4185.328
4185.328
4191.593
4193.78
4193.78
4194.923
4196.911
4195.023
4195.023
4200.471
4200.471
4200.788
4204.434
4200.277
4200.277
4200.277
4195.322
4193.334
4193.334
4193.334
4193.334
4193.334
4193.334
4197.491
4197.491
4196.348
4196.348
4196.348
4196.348
4196.348
4196.348
4196.348
4196.348
4196.032
4201.182
4198.995
4198.995
4200.712
4200.712
4200.712
4202.899
4202.899
4204.042
4191.771
4172.642
4172.642
4171.087
4171.087
4167.72
4159.593
4151.37
4141.937
4141.214
4138.961
4132.033
4138.352
4136.911
4117.782
4117.782
4117.782
4132.366
4132.366
4132.408
4132.408
4135.676
4131.776
4145.631
4149.185
4152.161
4165.655
4167.372
4167.372
4179.643
4179.643
4179.643
4170.833
4170.833
4170.833
4169.116
4167.973
4167.973
4167.973
4167.973
4169.414
4169.372
4172.503
4174.25
4175.178
4175.178
4171.623
4207.648
4207.964
4210.217
4221.233
4225.137
4225.137
4225.137
4233.631
4233.631
4239.786
4240.929
4240.929
4240.929
4249.739
4253.096
4241.56
4246.313
4246.313
4249.444
4255.304
4255.304
4255.304
4255.587
4255.587
4255.587
4255.587
4256.73
4250.369
4250.369
4263.863
4263.863
4265.056
4273.55
4277.255
4277.255
4286.688
4286.173
4292.878
4292.878
4292.878
4293.384
4293.384
4294.128
4295.845
4299.491
4296.36
4296.044
4296.36
4291.209
4291.209
4291.209
4291.209
4291.209
4291.209
4297.941
4297.941
4297.941
4303.092
4301.375
4301.027
4301.027
4300.283
4300.283
4296.578
4296.578
4290.032
4286.764
4289.017
4286.764
4293.654
4293.654
4296.63
4302.599
4302.599
4302.599
4304.852
4304.852
4305.169
4305.169
4305.169
4304.026
4302.833
4305.964
4291.943
4278.449
4243.072
4237.922
4231.807
4236.958
4233.054
4235.726
4234.389
4234.389
4234.389
4234.389
4234.072
4234.072
4236.145
4236.145
4236.145
4233.398
4232.193
4213.518
4213.518
4209.777
4209.777
4209.777
4209.777
4206.032
4192.176
4191.712
4172.194
4172.194
4168.291
4166.849
4165.752
4160.836
4160.836
4125.986
4125.986
4119.625
4119.625
4119.625
4111.072
4123.044
4113.982
4113.982
4113.982
4113.982
4112.839
4115.026
4117.773
4117.773
4117.773
4117.773
4117.773
4117.773
4122.002
4120.904
4120.904
4122.002
4122.002
4127.322
4127.322
4127.322
4126.395
4120.13
4127.02
4127.02
4127.02
4127.02
4128.461
4128.461
4129.389
4129.389
4130.532
4132.785
4132.785
4130.598
4130.598
4130.598
4130.598
4130.598
4130.598
4130.598
4130.598
4130.598
4130.598
4130.598
4129.157
4129.637
4123.372
4115.89
4096.155
4096.155
4096.155
4094.083
4087.193
4071.191
4071.191
4086.553
4090.709
4087.733
4087.733
4087.733
4089.175
4089.175
4089.175
4087.102
4087.102
4087.102
4087.102
4087.102
4089.175
4089.175
4089.175
4092.443
4092.443
4087.527
4083.973
4087.527
4087.527
4086.086
4086.086
4086.086
4086.086
4077.863
4077.863
4077.863
4081.764
4083.8
4082.331
4078.175
4097.304
4105.587
4106.73
4116.471
4125.58
4126.095
4132.36
4157.36
4154.092
4155.56
4153.524
4172.654
4172.654
4172.654
4172.19
4172.19
4172.19
4162.16
4160.955
4145.593
4141.437
4138.169
4138.169
4138.169
4138.169
4138.169
4118.651
4109.217
4109.217
4118.958
4118.958
4119.994
4119.994
4121.982
4121.054
4121.054
4121.054
4121.054
4121.054
4121.054
4140.184
4143.551
4144.649
4150.413
4150.413
4150.413
4150.413
4150.413
4150.413
4150.413
4150.413
4150.413
4150.413
4150.413
4150.413
4151.34
4161.081
4161.081
4161.081
4163.154
4163.154
4164.358
4164.358
4164.358
4164.358
4164.358
4172.485
4172.485
4172.485
4172.485
4172.485
4171.28
4171.28
4171.28
4171.28
4171.28
4171.28
4171.28
4171.28
4161.539
4161.539
4161.539
4161.539
4161.539
4171.28
4173.533
4173.533
4173.533
4173.533
4184.316
4187.077
4188.282
4188.282
4188.282
4206.187
4206.187
4206.187
4206.187
4212.703
4208.998
4208.998
4208.998
4208.998
4208.682
4212.33
4212.33
4212.33
4212.33
4199.468
4205.179
4205.179
4206.233
4206.233
4206.233
4206.233
4206.233
4206.233
4206.233
4206.233
4206.233
4219.562
4218.357
4218.357
4218.357
4218.673
4218.673
4213.402
4201.131
4205.83
4205.83
4209.367
4209.367
4208.163
4209.88
4209.837
4205.63
4207.098
4188.423
4186.351
4187.405
4181.14
4181.14
4161.405
4160.351
4157.375
4157.375
4157.375
4124.703
4119.788
4133.282
4123.848
4121.959
4121.959
4121.959
4119.923
4113.815
4121.044
4121.044
4121.044
4121.044
4107.188
4107.188
4107.188
4105.747
4105.747
4105.747
4105.747
4105.747
4105.747
4119.602
4119.602
4119.602
4119.602
4119.602
4119.602
4119.602
4119.602
4119.602
4119.602
4119.602
4119.602
4119.602
4119.602
4118.675
4118.675
4118.675
4118.675
4117.47
4117.47
4120.181
4120.181
4121.108
4121.108
4121.108
4121.108
4121.108
4121.108
4127.19
4127.19
4127.19
4127.19
4127.19
4127.19
4127.19
4135.154
4136.358
4126.925
4132.901
4132.901
4132.901
4114.226
4114.226
4101.997
4099.961
4099.961
4098.244
4098.244
4097.146
4091.812
4088.258
4085.282
4080.327
4074.212
4099.212
4120.892
4120.892
4119.175
4119.175
4119.175
4119.175
4119.175
4120.318
4120.634
4120.318
4120.318
4117.05
4120.181
4119.923
4116.218
4111.068
4123.339
4123.655
4123.655
4120.524
4119.381
4120.574
4120.574
4134.068
4168.848
4171.101
4176.252
4182.366
4185.634
4185.634
4189.339
4189.339
4189.339
4191.056
4191.056
4188.803
4192.706
4192.706
4192.706
4188.803
4188.803
4188.803
4187.086
4190.989
4190.989
4190.989
4190.989
4190.989
4177.495
4176.303
4176.303
4173.125
4172.914
4171.446
4170.348
4158.077
4156.979
4155.09
4150.392
4148.205
4148.989
4148.989
4148.673
4144.444
4140.215
4139.899
4115.502
4119.455
4099.937
4087.708
4083.804
4077.69
4078.196
4070.886
4069.788
4065.887
4052.032
4042.002
4065.247
4067.319
4066.804
4067.902
4062.752
4062.752
4062.752
4062.752
4062.752
4066.163
4070.392
4070.392
4070.392
4070.392
4072.464
4071.366
4071.366
4071.366
4074.497
4074.497
4074.497
4062.226
4063.943
4055.449
4053.262
4053.262
4052.946
4052.946
4055.133
4055.449
4050.533
4050.533
4049.539
4049.539
4054.494
4058.398
4059.12
4067.614
4071.771
4071.771
4090.373
4102.645
4102.645
4102.645
4102.645
4104.633
4104.633
4104.633
4102.813
4103.911
4099.755
4095.598
4095.598
4095.598
4095.598
4095.598
4096.321
4096.321
4096.321
4105.131
4105.131
4104.387
4104.387
4104.387
4081.142
4074.877
4072.623
4065.919
4061.003
4051.684
4051.684
4050.491
4049.05
4049.05
4047.952
4044.247
4057.467
4056.539
4037.864
4045.991
4043.804
4043.804
4024.905
4020.809
4001.291
3996.514
4044.52
4040.803
4038.742
4038.742
4031.348
4031.348
4038.921
4029.736
4022.762
4017.494
3999.927
3999.927
3999.927
3999.927
3994.659
3990.451
3990.451
3990.451
3985.649
3979.46
3975.509
3996.363
4001.762
3997.555
3991.366
3999.75
4019.726
4019.726
4039.088
4039.088
4039.683
4039.683
4042.695
4042.695
4042.695
4042.695
4042.695
4046.646
4047.585
4047.585
4046.366
4039.392
4039.392
4094.534
4084.674
4102.377
4116.401
4126.261
4130.262
4130.262
4130.262
4157.152
4157.152
4174.855
4183.178
4188.578
4190.59
4190.59
4198.043
4198.043
4198.043
4200.055
4229.146
4229.146
4230.907
4231.063
4231.063
4231.063
4231.063
4231.063
4232.282
4232.282
4235.863
4234.796
4290.198
4283.905
4283.905
4283.905
4284.418
4274.558
4273.171
4271.963
4246.079
4242.8
4215.169
4208.73
4202.681
4199.669
4198.21
4204.259
4204.259
4195.875
4195.363
4189.07
4185.473
4180.457
4176.707
4168.482
4158.329
4158.329
4158.773
4158.773
4172.797
4172.642
4162.782
4162.05
4165.8
4165.8
4156.252
4166.111
4166.633
4176.492
4176.492
4186.041
4186.041
4192.23
4183.907
4185.645
4185.645
4185.645
4204.098
4204.098
4213.015
4213.747
4210.006
4210.006
4210.162
4210.162
4211.381
4211.381
4209.643
4209.643
4209.643
4205.893
4210.101
4213.698
4213.698
4204.78
4203.561
4201.549
4201.549
4197.547
4198.059
4192.011
4192.011
4183.688
4184.895
4182.137
4168.113
4148.75
4162.774
4162.774
4126.311
4126.311
4125.841
4117.616
4122.829
4117.43
4101.067
4097.898
4097.898
4062.09
4067.105
4067.105
4067.105
4067.105
4067.105
4067.105
4067.105
4072.319
4077.294
4087.012
4090.963
4090.963
4090.963
4092.12
4092.12
4092.12
4092.163
4095.332
4097.101
4098.212
4119.066
4119.386
4124.401
4124.401
4124.401
4124.401
4124.401
4124.401
4124.401
4124.401
4123.244
4115.502
4115.502
4115.502
4112.332
4111.221
4111.221
4106.008
4106.008
4107.215
4102.239
4102.239
4102.239
4102.239
4101.075
4101.075
4101.075
4101.075
4101.075
4101.075
4101.075
4096.593
4096.593
4097.785
4093.899
4093.899
4094.412
4096.18
4103.753
4111.979
4116.954
4116.954
4123.741
4105.027
4103.808
4128.206
4128.206
4128.248
4128.248
4136.633
4141.846
4144.858
4144.858
4145.37
4146.482
4143.47
4143.427
4142.905
4142.905
4142.905
4134.521
4127.735
4132.515
4140.088
4131.863
4136.878
4141.854
4143.915
4130.256
4122.683
4126.091
4126.091
4126.091
4127.311
4113.93
4110.521
4108.784
4110.521
4108.46
4108.46
4108.46
4103.485
4103.485
4122.363
4122.241
4122.241
4122.241
4122.241
4122.241
4122.241
4122.241
4122.241
4122.241
4122.241
4122.241
4122.241
4122.241
4122.241
4122.241
4122.241
4122.241
4121.488
4119.72
4121.488
4121.488
4121.488
4121.488
4121.488
4129.713
4130.466
4130.146
4130.146
4130.146
4130.146
4130.146
4130.466
4130.466
4132.564
4132.564
4132.564
4132.564
4135.973
4135.973
4120.424
4113.45
4115.218
4112.172
4109.892
4105.611
4106.133
4093.694
4113.136
4113.136
4110.855
4114.163
4113.431
4113.212
4099.553
4090.12
4090.12
4077.742
4041.279
4041.279
4041.279
4041.279
4041.279
4037.529
4037.529
4050.91
4060.77
4097.166
4098.386
4098.386
4098.386
4097.447
4097.968
4102.944
4102.944
4102.944
4112.803
4117.779
4107.919
4107.919
4109.931
4110.401
4129.764
4132.544
4132.544
4138.593
4138.593
4160.8
4118.477
4125.024
4125.024
4123.819
4135.747
4136.675
4136.675
4136.675
4140.38
4140.38
4140.38
4140.38
4140.38
4140.38
4157.869
4157.869
4166.363
4169.73
4173.399
4173.553
4175.27
4183.764
4179.956
4181.398
4187.663
4201.157
4211.313
4211.313
4211.313
4212.949
4212.949
4231.623
4231.623
4232.721
4232.721
4232.721
4232.721
4232.721
4232.721
4236.351
4236.351
4238.538
4234.64
4234.64
4232.453
4228.55
4228.233
4228.233
4233.682
4233.682
4233.682
4232.539
4232.539
4232.855
4232.855
4232.855
4232.855
4232.855
4232.855
4230.967
4211.837
4218.102
4218.102
4218.102
4218.102
4213.946
4213.946
4227.44
4218.946
4211.464
4202.03
4184.541
4184.541
4184.541
4169.179
4155.324
4151.167
4151.483
4151.483
4158.188
4158.188
4158.188
4157.872
4170.143
4169.089
4170.143
4170.143
4171.348
4186.709
4193.599
4187.334
4187.334
4178.84
4175.136
4180.09
4180.09
4193.946
4200.211
4200.211
4186.355
4174.084
4172.88
4178.617
4182.322
4184.395
4192.015
4198.232
4198.232
4217.131
4218.599
4218.599
4218.599
4223.111
4216.407
4216.407
4216.407
4216.407
4209.517
4209.517
4236.083
4216.348
4214.161
4216.414
4211.264
4207.36
4212.511
4212.511
4210.258
4210.258
4210.574
4213.842
4210.711
4210.395
4210.395
4175.018
4188.512
4191.643
4195.348
4195.348
4198.125
4198.125
4198.125
4199.33
4204.664
4191.17
4205.026
4203.833
4203.833
4204.339
4204.339
4204.339
4204.845
4205.988
4207.705
4207.705
4215.928
4212.223
4212.223
4211.08
4207.812
4235.179
4236.52
4230.405
4230.405
4230.405
4231.34
4235.364
4235.364
4235.364
4235.364
4235.364
4235.364
4234.62
4222.392
4221.187
4220.133
4233.988
4227.771
4221.795
4219.723
4219.723
4219.723
4219.723
4219.723
4219.723
4219.723
4219.723
4219.723
4219.723
4219.723
4219.723
4223.277
4223.277
4223.277
4223.277
4223.277
4223.277
4217.301
4210.755
4210.755
4199.399
4199.399
4199.399
4180.27
4180.586
4180.586
4188.809
4190.797
4206.309
4187.634
4184.577
4184.577
4165.902
4165.902
4156.468
4156.468
4157.566
4158.62
4158.62
4162.524
4166.62
4171.575
4173.828
4173.828
4173.828
4192.316
4192.316
4192.316
4192.316
4192.316
4203.858
4204.012
4206.048
4206.048
4199.158
4199.158
4195.604
4195.604
4195.646
4197.087
4203.352
4203.352
4193.752
4174.622
4175.105
4174.008
4174.008
4174.008
4174.008
4174.008
4174.008
4174.008
4155.52
4155.52
4155.52
4141.664
4118.419
4118.419
4117.226
4115.19
4101.696
4101.696
4103.137
4090.866
4089.723
4097.946
4095.958
4095.958
4076.44
4074.452
4064.774
4064.774
4064.774
4064.774
4064.268
4064.268
4063.952
4063.952
4063.952
4063.952
4063.952
4064.696
4059.545
4059.545
4059.545
4060.051
4060.051
4060.051
4060.774
4063.75
4063.75
4063.75
4064.066
4063.322
4063.322
4080.678
4080.678
4085.401
4085.401
4087.473
4087.988
4087.988
4087.988
4087.988
4087.988
4087.988
4087.988
4085.916
4090.012
4090.012
4090.94
4086.843
4105.518
4096.41
4087.916
4087.916
4079.693
4076.139
4066.538
4066.538
4066.538
4042.14
4042.14
4042.14
4039.953
4041.67
4036.336
4091.071
4072.172
4071.666
4044.367
4070.934
4069.465
4072.596
4069.229
4073.973
4076.009
4076.009
4076.009
4045.584
4064.072
4062.867
4062.867
4058.914
4058.914
4058.914
4068.348
4068.348
4068.348
4068.348
4077.667
4077.667
4077.667
4077.667
4078.81
4078.81
4079.953
4080.881
4085.797
4085.503
4085.967
4083.979
4066.489
4056.748
4049.858
4049.858
4055.114
4057.116
4057.116
4057.116
4054.14
4054.14
4034.405
4020.55
4019.622
4000.492
4003.761
4039.785
4035.881
4037.086
4028.803
4028.803
3974.068
3974.068
3981.477
3996.839
3998.727
3999.45
3995.255
3987.128
3983.997
3966.642
3965.898
3965.898
3984.386
3984.386
3957.819
3957.819
3938.92
3944.071
3942.035
3932.005
3970.041
3956.821
3956.505
3948.264
3943.059
3934.836
3939.559
3945.673
3945.673
3942.42
3932.306
3931.113
3927.745
3927.745
3921.631
3922.819
3925.934
3925.934
3925.934
3917.651
3917.651
3917.651
3847.819
3847.819
3850.95
3850.95
3850.95
3850.95
3850.95
3850.95
3852.143
3854.131
3862.258
3874.271
3872.83
3890.185
3890.185
3890.929
3893.116
3893.86
3893.902
3893.902
3890.535
3888.818
3909.42
3885.023
3889.119
3889.119
3876.848
3871.697
3871.697
3873.414
3873.414
3873.414
3873.414
3873.414
3873.414
3868.67
3862.813
3861.096
3859.208
3855.307
3855.307
3849.973
3849.973
3827.608
3827.608
3835.892
3831.169
3826.214
3826.214
3838.443
3818.708
3819.913
3844.913
3820.515
3806.66
3796.919
3790.654
3791.752
3796.706
3794.959
3786.676
3784.423
3765.821
3762.812
3756.547
3753.538
3753.538
3748.333
3754.55
3745.23
3753.357
3753.357
3753.357
3753.357
3753.357
3753.357
3753.357
3755.429
3793.465
3792.352
3791.491
3791.233
3815.631
3809.958
3798.69
3798.69
3803.605
3800.154
3790.666
3771.536
3754.047
3754.974
3756.962
3756.035
3756.035
3756.035
3759.303
3771.574
3789.063
3789.063
3784.148
3797.142
3800.846
3801.31
3776.913
3779.428
3771.62
3771.389
3773.136
3773.136
3777.858
3779.063
3788.804
3796.931
3806.364
3811.515
3810.31
3772.274
3772.274
3772.274
3773.202
3773.202
3773.202
3781.485
3788.967
3788.967
3798.286
3802.187
3803.628
3807.724
3808.23
3811.935
3817.27
3817.586
3818.779
3819.242
3823.196
3841.613
3822.483
3840.971
3840.655
3846.631
3851.547
3851.547
3859.029
3859.029
3855.474
3855.474
3877.839
3877.839
3877.839
3877.839
3877.839
3895.328
3904.139
3904.726
3905.486
3912.767
3912.767
3920.893
3920.893
3920.893
3928.8
3928.8
3928.8
3928.8
3928.8
3928.8
3933.523
3933.523
3936.89
3936.89
3942.041
3942.041
3945.595
3945.595
3948.962
3948.962
3948.962
3948.962
3948.962
3948.962
3948.962
3948.962
3948.962
3948.962
3929.833
3927.384
3927.384
3928.825
3924.926
3922.673
3922.673
3925.42
3931.637
3932.78
3950.136
3968.782
3994.627
3994.205
3995.646
3992.631
3992.631
3992.631
3990.914
3977.42
3972.27
3972.27
3968.565
3968.565
3964.661
3964.661
3961.53
3973.566
3973.566
3973.566
3973.566
3975.602
3975.539
3975.539
3983.235
3983.235
3974.741
3975.247
3975.247
3956.348
3954.459
3954.459
3935.56
3926.75
3926.75
3924.563
3915.489
3935.008
3926.197
3944.872
3952.779
3952.779
3949.803
3945.899
3944.152
3944.152
3942.264
3942.264
3937.059
3937.059
3943.324
3935.041
3933.324
3933.324
3939.502
3939.502
3938.06
3913.06
3899.566
3896.819
3888.009
3896.292
3896.292
3899.56
3901.813
3901.66
3901.66
3901.66
3901.66
3895.545
3895.545
3891.84
3893.282
3893.282
3883.848
3883.125
3883.125
3874.315
3880.58
3880.58
3879.375
3879.375
3879.375
3886.265
3876.524
3876.524
3874.807
3862.578
3861.855
3861.855
3860.414
3860.414
3858.161
3858.161
3858.161
3858.161
3858.161
3841.61
3836.694
3836.694
3831.36
3831.044
3831.044
3831.044
3831.086
3833.339
3852.916
3861.41
3868.259
3870.006
3870.006
3870.006
3870.006
3870.006
3870.006
3870.006
3870.006
3872.042
3872.042
3867.946
3867.946
3862.795
3862.795
3862.795
3862.795
3858.87
3857.727
3857.685
3856.758
3854.869
3785.331
3785.331
3785.331
3790.286
3790.286
3790.286
3790.44
3789.67
3789.986
3789.986
3789.986
3789.986
3797.468
3797.468
3797.622
3797.622
3797.622
3797.622
3797.622
3790.732
3790.732
3789.527
3789.527
3785.574
3785.574
3785.574
3785.574
3785.574
3785.574
3785.574
3785.574
3785.574
3785.574
3777.291
3777.291
3776.193
3772.639
3772.639
3772.639
3772.681
3760.41
3760.925
3754.66
3753.455
3752.401
3764.672
3780.033
3807.331
3802.587
3805.334
3819.19
3820.658
3812.435
3803.941
3803.941
3805.039
3806.137
3814.631
3815.685
3822.575
3815.685
3821.95
3823.155
3829.86
3834.604
3834.604
3834.646
3834.646
3837.914
3837.914
3824.059
3824.059
3824.059
3823.742
3822.274
3847.274
3850.979
3835.617
3835.934
3829.229
3829.229
3825.524
3821.295
3802.396
3775.098
3802.396
3802.08
3795.815
3789.268
3785.563
3785.563
3785.563
3785.247
3754.822
3746.696
3746.696
3765.825
3765.825
3761.922
3771.599
3773.346
3779.322
3779.476
3809.901
3822.19
3822.654
3823.858
3825.327
3825.327
3828.694
3853.092
3857.188
3857.188
3859.077
3859.077
3874.438
3874.438
3874.438
3872.55
3870.661
3870.619
3868.471
3860.989
3860.989
3860.989
3858.014
3858.014
3858.014
3871.25
3888.739
3888.681
3886.792
3886.792
3877.982
3881.886
3881.886
3885.982
3887.175
3887.175
3887.175
3892.09
3902.12
3907.325
3902.37
3903.468
3902.37
3904.117
3908.84
3908.84
3911.971
3911.971
3911.971
3921.712
3940.2
3942.273
3968.839
3977.122
3977.122
3982.077
3982.077
3978.173
3973.258
3982.691
4001.366
4005.595
4004.452
4004.452
3994.851
3991.72
3991.72
3986.569
3986.569
3991.72
3991.72
3989.973
3989.973
3999.047
4000.764
3980.161
3978.968
3978.968
3978.968
3982.922
3984.065
3993.742
4018.14
4019.857
4024.601
4028.306
4028.306
4028.306
4028.306
4024.149
4024.149
4042.571
4050.794
4050.794
4050.794
4050.73
4038.459
4036.273
4042.968
4038.818
4038.818
4038.818
4032.842
4032.842
4039.107
4039.107
4039.107
4039.107
4044.023
4046.095
4046.411
4046.411
4044.523
4044.523
4045.964
4050.88
4052.596
4052.596
4052.596
4052.596
4050.343
4050.343
4052.331
4053.536
4068.898
4068.898
4068.898
4070.102
4087.458
4079.551
4074.636
4073.581
4073.581
4073.581
4073.581
4066.099
4066.099
4066.099
4066.099
4065.512
4068.88
4068.88
4061.072
4061.072
4061.072
4061.072
4057.518
4057.518
4057.518
4065.167
4065.167
4065.167
4083.059
4083.059
4095.348
4086.538
4086.538
4069.048
4073.771
4080.476
4084.03
4078.054
4073.331
4073.331
4050.967
4047.599
4047.599
4049.316
4035.822
4034.768
4034.768
4016.093
4003.864
4003.864
3983.262
3964.959
3961.828
3966.431
3976.032
3985.773
3985.773
3986.089
3993.571
3989.866
3989.866
3989.866
3988.492
3964.095
3963.167
3961.962
3957.047
3955.059
3945.318
3928.06
3928.06
3908.931
3870.895
3870.895
3870.431
3870.431
3872.684
3866.708
3867.762
3867.762
3871.858
3871.858
3885.078
3886.283
3893.765
3893.765
3888.849
3888.849
3886.813
3890.181
3889.675
3888.47
3888.47
3880.988
3877.62
3877.62
3877.62
3877.62
3869.494
3869.494
3862.789
3854.506
3855.56
3864.37
3864.37
3866.557
3875.051
3893.539
3893.581
3901.864
3906.78
3909.756
3909.714
3909.714
3934.714
3935.22
3935.22
3943.346
3956.84
3956.84
3961.886
3963.602
3965.639
3963.922
3990.488
3994.193
3994.193
3996.38
3977.25
3976.735
3992.096
3990.06
3990.06
3990.06
4009.795
4013.349
4031.241
4031.241
4027.012
4018.431
4018.431
4018.431
4021.407
4017.178
4016.25
4012.021
4012.021
4012.021
4009.274
4009.274
4008.773
4008.773
4008.05
4005.074
4000.119
3998.23
3990.748
3993.495
3993.495
3983.465
3981.577
3956.834
3956.834
3952.931
3952.931
3951.788
3927.39
3876.825
3868.602
3866.855
3860.151
3854.816
3854.816
3880.973
3888.546
3884.595
3870.936
3864.149
3862.691
3859.282
3857.514
3838.8
3838.8
3841.846
3836.831
3836.831
3837.584
3833.377
3833.377
3842.294
3840.282
3817.505
3817.505
3797.748
3790.175
3790.175
3777.797
3777.797
3777.84
3777.84
3776.381
3776.381
3785.93
3785.93
3783.832
3783.832
3783.832
3783.832
3783.832
3783.875
3793.424
3793.424
3793.424
3793.424
3793.424
3792.912
3799.253
3799.253
3799.253
3799.253
3799.253
3800.41
3800.41
3800.41
3799.657
3799.337
3799.337
3799.337
3799.337
3799.337
3762.873
3807.088
3801.755
3798.406
3793.369
3792.418
3788.085
3796.789
3796.026
3790.748
3786.698
3786.698
3786.698
3786.698
3786.698
3788.784
3793.043
3794.52
3817.707
3821.349
3823.472
3824.949
3824.949
3829.091
3836.977
3836.977
3838.736
3838.736
3838.736
3838.736
3843.069
3845.106
3855.384
3865.222
3863.099
3863.099
3861.594
3863.718
3863.718
3860.076
3863.718
3863.718
3863.718
3863.718
3863.718
3863.718
3863.718
3863.718
3862.241
3862.241
3862.241
3860.412
3857.063
3857.063
3857.063
3857.063
3857.063
3854.977
3853.806
3851.769
3853.806
3844.139
3857.685
3850.625
3848.539
3844.539
3843.458
3879.708
3874.375
3870.375
3870.375
3867.026
3867.026
3867.026
3869.113
3859.131
3858.181
3819.205
3819.205
3819.205
3818.73
3818.73
3818.73
3817.779
3803.952
3802.781
3813.059
3813.059
3817.872
3817.915
3817.915
3817.915
3818.073
3818.073
3818.073
3826.4
3826.4
3834.066
3834.066
3830.616
3839.319
3841.079
3859
3868.917
3870.852
3872.975
3878.012
3896.957
3900.599
3881.918
3888.042
3896.042
3918.958
3918.958
3918.958
3910.856
3918.958
3877.605
3877.605
3881.014
3881.014
3881.014
3885.794
3882.197
3882.197
3882.197
3877.416
3878.483
3878.483
3885.457
3890.726
3890.726
3899.643
3899.643
3901.13
3875.825
3875.825
3897.831
3897.309
3877.553
3876.157
3876.157
3863.779
3863.779
3860.029
3856.078
3855.325
3855.325
3862.898
3871.123
3874.721
3874.721
3870.773
3870.773
3875.053
3869.654
3870.593
3851.463
3851.463
3851.463
3845.415
3838.628
3851.049
3848.835
3848.835
3835.177
3798.713
3796.433
3796.433
3787.835
3787.835
3787.835
3786.896
3786.896
3786.896
3786.896
3786.896
3786.896
3786.896
3788.116
3788.116
3788.116
3788.116
3788.116
3792.064
3790.953
3796.608
3796.608
3796.608
3796.608
3796.608
3796.608
3796.608
3797.72
3797.72
3791.378
3806.236
3806.236
3806.236
3806.236
3806.279
3806.279
3806.279
3814.282
3819.297
3815.017
3807.444
3807.444
3808.197
3811.366
3811.366
3810.146
3812.927
3798.902
3792.561
3792.04
3792.04
3783.442
3778.64
3803.945
3788.396
3784.646
3781.866
3756.561
3749.587
3761.965
3777.514
3777.514
3786.111
3787.178
3786.858
3791.127
3803.547
3805.034
3803.547
3802.48
3809.454
3781.823
3785.573
3786.793
3774.372
3774.372
3774.372
3775.311
3789.335
3789.655
3794.869
3794.869
3801.655
3801.655
3807.997
3801.21
3801.21
3803.991
3794.273
3794.273
3768.165
3766.945
3766.945
3766.945
3763.637
3756.663
3756.663
3756.663
3781.358
3781.358
3762.229
3762.229
3782.204
3782.204
3763.302
3753.584
3745.261
3742.248
3742.248
3742.248
3747.05
3747.05
3745.038
3744.995
3744.995
3744.995
3733.151
3733.151
3733.151
3714.248
3712.48
3712.48
3709.311
3709.311
3706.003
3702.052
3695.078
3695.078
3692.066
3701.498
3721.474
3705.925
3700.91
3699.172
3699.172
3699.172
3689.953
3689.953
3683.166
3701.88
3701.88
3674.989
3674.989
3674.989
3674.669
3655.306
3655.306
3654.794
3657.008
3647.148
3646.081
3642.912
3636.125
3627.527
3619.302
3619.302
3605.643
3605.643
3599.595
3599.595
3599.595
3638.095
3638.095
3629.71
3629.71
3629.71
3627.698
3628.855
3615.197
3616.404
3616.404
3616.404
3614.666
3595.303
3575.941
3575.941
3573.843
3573.843
3564.294
3562.904
3562.904
3558.623
3551.837
3551.837
3551.837
3552.157
3551.837
3551.837
3551.837
3551.837
3533.657
3537.605
3539.886
3539.886
3552.306
3552.306
3553.463
3553.463
3553.463
3567.488
3567.53
3567.53
3566.373
3566.373
3566.694
3566.694
3566.694
3568.152
3560.25
3560.25
3547.829
3546.091
3547.55
3555.873
3555.873
3559.471
3559.471
3559.471
3545.447
3545.447
3543.988
3541.707
3532.79
3532.79
3532.79
3532.747
3532.747
3536.345
3533.332
3529.735
3531.473
3531.473
3532.68
3552.436
3552.436
3552.436
3552.436
3545.462
3543.181
3543.181
3543.181
3550.755
3560.188
3579.55
3598.68
3604.079
3609.348
3605.75
3595.954
3589.905
3589.905
3582.003
3574
3578.146
3600.784
3582.07
3583.982
3584.921
3577.348
3578.806
3578.806
3587.724
3595.627
3608.005
3612.98
3604.063
3602.995
3585.293
3585.293
3588.89
3593.671
3590.262
3590.262
3585.482
3586.549
3581.28
3574.841
3552.204
3547.229
3552.863
3566.678
3589.316
3595.364
3603.367
3606.776
3619.869
3619.137
3619.137
3599.774
3599.774
3599.774
3606.748
3602.541
3602.541
3603.698
3610.672
3610.672
3635.367
3635.367
3634.256
3633.099
3642.017
3662.87
3660.657
3660.657
3660.657
3660.657
3661.768
3655.427
3665.145
3663.988
3668.79
3668.79
3668.79
3670.248
3676.59
3677.111
3679.325
3685.617
3709.146
3713.148
3713.148
3730.851
3750.974
3750.974
3753.986
3753.986
3753.986
3773.962
3774.901
3774.52
3774.52
3775.677
3775.677
3775.677
3775.677
3780.89
3780.89
3787.677
3787.677
3787.677
3786.218
3791.194
3796.209
3795.27
3795.27
3799.02
3799.02
3802.032
3802.032
3802.032
3792.172
3792.172
3791.061
3808.348
3808.348
3808.348
3816.351
3816.351
3817.082
3816.57
3813.162
3787.857
3787.857
3787.857
3787.857
3787.857
3787.857
3787.857
3801.881
3801.881
3796.482
3796.482
3777.119
3782.134
3807.439
3807.439
3802.226
3802.226
3801.114
3801.114
3804.284
3804.284
3804.284
3799.015
3799.015
3799.015
3799.015
3794.04
3794.04
3795.808
3795.808
3795.808
3795.808
3799.756
3825.061
3844.191
3848.142
3846.373
3846.373
3847.485
3842.47
3839.3
3839.3
3839.3
3839.3
3835.349
3831.203
3830.046
3828.838
3828.838
3828.838
3828.838
3828.838
3841.259
3861.235
3861.704
3851.986
3853.724
3853.724
3872.854
3864.595
3864.595
3864.595
3866.053
3866.053
3866.053
3866.053
3905.356
3905.356
3903.852
3903.852
3903.852
3899.593
3900.764
3900.764
3897.556
3888.528
3880.201
3880.201
3880.201
3876.75
3876.75
3871.673
3871.673
3871.673
3847.853
3847.696
3833.498
3819.301
3819.301
3819.301
3819.301
3836.545
3836.545
3780.458
3780.458
3776.458
3807.634
3810.718
3811.319
3811.319
3811.363
3811.363
3811.363
3839.335
3839.292
3841.051
3841.051
3869.023
3875.443
3875.918
3875.918
3875.918
3875.918
3875.918
3875.918
3875.918
3878.005
3869.579
3869.579
3871.887
3871.887
3871.887
3880.591
3871.887
3873.677
3871.591
3880.924
3880.924
3917.838
3935.622
3939.619
3948.045
3968.267
3987.869
3987.869
3987.869
3985.56
3985.56
3965.338
3965.338
3963.548
3963.548
3963.548
3963.548
3954.668
3952.582
3970.119
3974.918
3983.244
3983.244
3983.244
3991.571
3991.571
3991.614
3993.701
3993.701
3993.701
3980.414
3978.654
3978.654
3978.654
3980.414
3983.125
3973.792
3969.594
3961.106
3952.779
3933.835
3933.835
3933.316
3933.316
3935.225
3937.262
3940.471
3932.804
3932.804
3932.804
3932.761
3931.526
3936.804
3933.353
3933.353
3950.514
3950.514
3951.748
3949.773
3950.898
3943.231
3942.704
3940.944
3943.807
3937.684
3910.461
3906.41
3905.67
3900.392
3900.392
3896.75
3892.417
3892.417
3886.951
3886.951
3886.951
3869.029
3869.073
3869.073
3869.073
3890.184
3876.356
3876.356
3863.782
3863.782
3867.233
3871.029
3875.08
3876.031
3876.031
3876.031
3876.031
3901.031
3913.605
3915.364
3918.573
3918.573
3915.122
3930.863
3930.863
3930.863
3929.103
3929.103
3929.103
3943.301
3943.301
3943.301
3943.301
3943.301
3943.301
3943.301
3948.579
3956.829
3956.829
3956.829
3961.628
3960.151
3960.151
3961.628
3962.708
3962.181
3962.181
3962.181
3962.181
3962.596
3962.596
3958.961
3957.554
3957.554
3961.005
3956.144
3949.724
3948.489
3941.619
3943.409
3945.168
3945.168
3932.594
3932.594
3932.594
3934.071
3942.398
3942.398
3933.694
3932.614
3925.554
3925.554
3927.863
3926.358
3926.358
3963.272
3963.272
3958.194
3937.083
3937.083
3941.343
3941.343
3940.824
3937.475
3931.352
3939.454
3931.787
3941.093
3941.855
3941.855
3945.306
3951.031
3958.091
3954.989
3951.539
3950.458
3941.431
3941.431
3941.431
3950.194
3945.157
3926.213
3926.213
3926.213
3920.88
3910.963
3931.185
3931.185
3934.827
3939.688
3940.639
3940.639
3922.718
3926.066
3918.066
3895.15
3895.15
3895.15
3895.15
3914.285
3919.656
3919.813
3911.711
3911.711
3911.711
3912.474
3919.344
3914.505
3914.505
3911.054
3911.054
3915.915
3915.915
3894.804
3894.804
3894.804
3894.804
3890.307
3885.468
3885.468
3885.792
3885.792
3861.972
3857.713
3857.713
3862.75
3862.75
3849.957
3849.957
3844.92
3848.92
3847.795
3851.591
3841.61
3839.486
3839.486
3830.782
3830.782
3823.116
3821.079
3822.25
3822.25
3822.25
3822.25
3822.25
3817.173
3816.849
3822.972
3795.75
3775.528
3775.37
3778.579
3778.579
3778.622
3772.252
3771.927
3771.927
3761.946
3761.946
3762.039
3758.989
3758.989
3750.563
3731.619
3739.721
3720.585
3720.585
3720.585
3720.628
3720.628
3720.628
3720.628
3720.628
3714.505
3714.505
3718.556
3714.556
3714.556
3714.556
3714.556
3712.796
3704.37
3702.58
3701.63
3695.21
3675.844
3698.761
3699.523
3699.523
3699.233
3699.233
3699.233
3700.71
3700.71
3703.759
3703.759
3684.623
3686.932
3686.932
3681.654
3625.568
3620.491
3619.269
3600.324
3600.324
3600.324
3618.245
3620.181
3640.181
3650.097
3675.097
3681.221
3690.77
3706.511
3710.844
3717.215
3731.042
3743.616
3747.616
3754.676
3760.571
3723.895
3723.895
3713.617
3718.694
3714.071
3711.985
3711.985
3711.466
3717.59
3717.071
3708.645
3707.168
3707.168
3692.971
3684.267
3677.847
3676.37
3676.37
3676.37
3676.37
3674.333
3701.556
3699.315
3700.265
3712.796
3733.907
3733.907
3738.985
3746.651
3750.702
3757.122
3761.119
3767.242
3775.668
3774.543
3761.969
3756.932
3756.932
3748.228
3728.627
3756.599
3754.475
3754.475
3754.475
3754.994
3754.994
3754.67
3754.67
3754.67
3762.772
3762.772
3757.932
3756.807
3755.017
3746.954
3746.954
3728.009
3728.009
3748.231
3734.404
3733.886
3733.886
3732.409
3732.409
3738.674
3734.477
3709.477
3691.977
3691.934
3691.934
3694.02
3694.02
3694.02
3688.983
3688.983
3690.205
3690.205
3685.366
3706.477
3708.6
3708.6
3713.878
3728.076
3734.199
3734.199
3734.961
3735.285
3735.285
3735.285
3734.523
3734.523
3734.523
3759.523
3764.56
3764.56
3764.56
3764.56
3764.56
3765.731
3763.608
3763.608
3763.608
3763.608
3768.685
3766.895
3766.571
3766.571
3766.571
3770.83
3770.83
3772.917
3772.917
3781.62
3781.62
3783.41
3783.41
3783.41
3782.188
3782.188
3777.991
3764.164
3772.59
3772.59
3763.04
3756.62
3751.154
3747.157
3747.157
3747.157
3737.241
3733.599
3733.599
3741.701
3741.701
3768.923
3768.923
3768.923
3781.454
3785.713
3776.685
3778.162
3778.162
3778.162
3778.162
3772.039
3763.937
3770.06
3770.06
3770.06
3770.06
3770.06
3770.06
3770.06
3770.06
3770.06
3774.9
3774.9
3774.9
3774.9
3774.9
3779.739
3779.739
3779.739
3779.739
3779.739
3779.739
3779.739
3783.19
3779.739
3783.381
3783.381
3777.258
3758.313
3756.276
3768.85
3775.221
3779.218
3798.162
3796.94
3795.86
3795.816
3790.739
3790.739
3788.653
3749.677
3735.48
3735.48
3735.637
3735.637
3704.461
3699.384
3697.261
3736.236
3735.002
3729.708
3715.511
3723.613
3709.785
3707.699
3702.421
3703.502
3703.502
3703.502
3701.193
3701.35
3698.002
3692.724
3665.502
3664.761
3663.59
3664.065
3664.065
3646.281
3643.231
3622.12
3620.33
3618.293
3617.343
3619.651
3619.651
3613.231
3612.491
3609.282
3609.282
3603.017
3594.915
3594.44
3585.952
3585.952
3573.378
3573.378
3573.535
3573.378
3554.434
3544.767
3536.44
3533.091
3513.955
3512.196
3512.196
3499.603
3499.603
3497.48
3490.42
3474.679
3468.309
3468.309
3468.309
3467.074
3449.29
3449.29
3449.818
3449.818
3447.577
3445.642
3442.434
3442.39
3442.39
3445.599
3445.599
3451.864
3450.693
3442.205
3435.785
3431.588
3437.054
3437.054
3437.011
3435.534
3435.534
3435.21
3428.84
3459.013
3433.075
3432.303
3432.303
3432.303
3423.872
3415.441
3413.103
3412.578
3409.188
3409.188
3412.681
3412.681
3409.433
3404.292
3378.355
3378.355
3378.355
3378.355
3382.402
3387.802
3387.802
3389.952
3404.327
3414.733
3414.733
3414.733
3423.545
3423.545
3422.406
3422.406
3422.406
3420.594
3420.594
3420.594
3420.594
3421.366
3422.861
3431.673
3431.673
3431.673
3431.673
3441.461
3441.461
3439.966
3439.966
3439.966
3439.966
3477.403
3478.542
3479.077
3497.222
3518.597
3527.028
3545.969
3550.869
3550.869
3551.028
3553.091
3556.778
3569.466
3572.588
3576.37
3572.98
3572.98
3572.98
3554.973
3534.723
3533.228
3533.228
3532.456
3522.669
3523.203
3524.166
3525.305
3525.305
3525.305
3525.305
3525.305
3525.305
3525.305
3534.445
3534.445
3534.445
3534.445
3538.133
3538.133
3534.639
3530.952
3524.752
3519.852
3528.055
3528.055
3550.509
3555.409
3555.409
3580.455
3588.217
3588.217
3588.217
3588.217
3580.014
3580.014
3580.014
3583.508
3583.508
3583.508
3583.508
3588.608
3588.608
3594.008
3595.531
3601.731
3605.419
3606.513
3606.513
3606.513
3624.417
3624.417
3624.417
3624.258
3638.633
3638.633
3638.633
3638.633
3638.633
3640.745
3640.745
3640.745
3640.745
3645.886
3651.42
3651.42
3651.748
3651.748
3651.748
3649.166
3648.027
3646.888
3650.938
3650.938
3650.938
3622.616
3622.616
3619.122
3616.972
3616.972
3611.628
3606.728
3606.728
3612.128
3603.597
3595.166
3588.209
3585.133
3585.133
3585.133
3583.947
3582.853
3563.006
3535.444
3535.284
3530.144
3527.875
3527.875
3527.875
3527.373
3527.373
3527.373
3527.373
3529.486
3537.917
3537.961
3541.048
3542.83
3543.355
3541.242
3541.242
3549.836
3554.936
3554.936
3560.077
3574.077
3581.225
3562.044
3553.853
3554.388
3549.288
3540.694
3540.694
3540.694
3540.65
3540.65
3541.175
3547.675
3557.125
3557.125
3564.081
3589.153
3592.647
3592.647
3592.647
3592.647
3594.853
3594.853
3594.853
3594.853
3594.916
3598.409
3605.905
3605.905
3605.905
3607.155
3603.661
3603.661
3584.053
3584.053
3584.053
3584.053
3577.097
3559.091
3559.189
3539.814
3529.708
3527.927
3520.164
3520.164
3520.164
3518.383
3509.789
3509.789
3509.789
3509.789
3510.752
3511.938
3511.938
3512.097
3514.159
3514.159
3514.159
3514.159
3522.591
3522.591
3522.591
3522.591
3522.591
3522.591
3522.591
3522.634
3524.158
3523.83
3520.142
3517.805
3505.83
3497.298
3523.236
3521.086
3521.086
3519.023
3499.842
3498.592
3490.83
3490.83
3490.83
3480.723
3470.584
3444.647
3442.866
3442.866
3442.822
3442.822
3433.681
3429.994
3431.489
3422.958
3422.958
3425.283
3425.283
3425.283
3433.714
3432.219
3439.011
3448.461
3448.461
3448.461
3444.148
3444.148
3434.108
3435.358
3439.408
3439.408
3439.408
3439.408
3475.222
3475.222
3473.109
3477.422
3477.422
3478.945
3478.945
3478.945
3481.573
3479.423
3479.423
3484.523
3484.523
3486.673
3481.573
3485.261
3494.402
3494.402
3495.173
3497.286
3497.286
3497.286
3496.147
3487.334
3471.397
3467.295
3481.67
3481.67
3481.342
3485.03
3480.642
3480.642
3471.83
3462.042
3457.655
3447.248
3447.205
3444.083
3436.32
3478.552
3478.552
3474.66
3465.736
3465.736
3465.736
3465.736
3465.736
3465.736
3465.736
3462.446
3462.446
3462.446
3462.446
3462.446
3462.446
3462.446
3461.293
3461.293
3443.161
3474.228
3447.625
3447.625
3447.625
3447.58
3441.221
3441.221
3415.26
3415.26
3410.029
3372.385
3370.851
3370.851
3370.851
3360.635
3360.635
3360.635
3360.635
3360.635
3360.635
3355.404
3349.865
3349.865
3349.865
3349.865
3349.865
3351.865
3351.865
3348.083
3348.083
3348.083
3324.532
3316.571
3315.449
3315.449
3315.449
3296.838
3296.838
3291.813
3291.813
3291.813
3282.438
3282.438
3286.22
3286.22
3279.861
3279.861
3279.861
3276.277
3276.277
3255.277
3255.277
3245.902
3239.236
3210.966
3210.966
3213.836
3204.68
3202.485
3244.117
3241.656
3220.765
3201.811
3192.831
3188.571
3178.623
3157.071
3156.429
3153.143
3119.916
3119.87
3117.962
3116.337
3087.324
3087.324
3066.929
3062.883
3052.398
3041.444
3037.563
3017.372
3008.095
3006.944
3006.898
3001.74
3001.74
2999.865
2990.243
2986.362
2979.52
2979.52
2979.52
2962.743
2962.743
2954.109
2950.063
2950.063
2947.674
2944.674
2917.372
2909.201
2909.201
2907.952
2943.685
2957.392
2957.392
2956.351
2956.351
2950.794
2950.794
2949.563
2948.157
2943.414
2949.525
2949.525
2947.407
2947.407
2947.407
2947.407
2940.704
2960.321
2964.699
2971.383
2979.111
2992.875
2994.993
2988.02
2997.902
2997.902
2987.047
2969.818
2950.201
2922.836
2915.108
2893.216
2882.764
2867.628
2853.865
2888.521
2878.503
2878.503
2878.503
2878.503
2878.503
2877.658
2872.264
2872.264
2858.943
2854.135
2854.087
2853.241
2850.981
2849.029
2847.659
2820.755
2803.289
2801.99
2801.99
2791.264
2791.264
2768.825
2758.699
2758.699
2786.271
2784.292
2770.146
2768.781
2766.802
2752.656
2748.774
2748.774
2748.774
2748.774
2739.226
2739.226
2739.226
2733.288
2705.163
2687.455
2671.483
2665.816
2663.427
2663.427
2661.766
2660.696
2695.748
2695.748
2695.748
2716.194
2712.257
2712.257
2712.257
2712.257
2712.257
2712.257
2717.778
2726.905
2753.049
2758.796
2780.408
2786.493
2786.493
2795.239
2791.085
2791.085
2800.327
2810.627
2810.627
2814.563
2821.549
2825.704
2837.018
2837.018
2798.292
2798.292
2798.292
2799.507
2806.502
2806.502
2806.502
2805.127
2802.606
2802.606
2758.759
2758.759
2742.786
2742.786
2741.094
2736.997
2736.997
2734.649
2758.87
2736.053
2740.616
2747.602
2763.799
2785.63
2769.433
2813.898
2813.898
2804.398
2798.606
2798.606
2799.148
2804.694
2804.324
2804.324
2801.944
2801.944
2795.708
2795.708
2806.356
2806.356
2806.356
2806.356
2806.725
2806.725
2809.106
2824.56
2830.352
2850.317
2856.553
2856.553
2885.074
2879.282
2873.261
2850.898
2850.898
2850.898
2849.805
2849.805
2840.305
2840.305
2834.283
2834.104
2826.049
2826.049
2822.389
2821.787
2816.266
2792.181
2747.717
2743.562
2729.266
2729.445
2733.708
2733.708
2733.708
2733.708
2736.032
2740.187
2740.187
2738.903
2729.403
2727.079
2727.079
2722.516
2722.336
2722.336
2718.819
2720.102
2720.102
2720.102
2720.102
2699.657
2699.657
2678.044
2675.836
2685.336
2671.04
2666.71
2666.71
2642.625
2622.66
2601.048
2601.048
2596.488
2596.488
2589.34
2589.34
2588.97
2566.153
2566.153
2544.06
2539.5
2537.815
2528.202
2505.132
2501.653
2478.583
2450.062
2418.451
2416.243
2401.898
2409.693
2410.304
2426.304
2435.561
2440.418
2442.832
2442.221
2444.257
2442.221
2433.35
2423.529
2431.479
2441.3
2433.35
2429.357
2429.357
2458.652
2462.232
2462.181
2462.181
2462.181
2462.232
2484.471
2485.92
2486.529
2482.949
2482.949
2493.906
2492.457
2498.37
2514.272
2513.663
2523.438
2512.482
2516.533
2514.083
2497.851
2488.076
2497.076
2495.96
2495.96
2484.75
2479.822
2474.116
2474.116
2470.35
2504.919
2495.787
2495.428
2523.002
2518.599
2490.894
2489.588
2479.793
2475.621
2468.218
2462.129
2439.226
2435.054
2428.606
2422.756
2411.841
2436.214
2451.362
2481.414
2479.545
2479.545
2477.318
2477.318
2477.318
2467.064
2434.643
2433.439
2424.504
2424.504
2424.504
2423.566
2460.53
2460.53
2453.502
2452.891
2444.058
2437.808
2428.73
2433.167
2505.278
2529.635
2532.123
2538.599
2550.877
2561.71
2589.73
2593.349
2603.206
2575.082
2578.941
2585.367
2602.867
2603.805
2610.555
2604.184
2599.945
2594.555
2593.072
2593.072
2584.947
2582.369
2581.959
2581.959
2581.959
2577.35
2577.404
2603.654
2601.428
2603.297
2574.496
2571.619
2571.619
2571.619
2587.288
2592.519
2592.519
2576.85
2571.869
2570.41
2568.569
2580.927
2557.277
2580.527
2582.686
2600.11
2582.686
2587.155
2590.898
2590.898
2590.845
2590.845
2558.623
2560.039
2583.737
2555.27
2558.02
2558.02
2562.781
2562.781
2562.781
2562.781
2562.781
2562.781
2545.869
2543.737
2538.912
2534.147
2525.963
2500.816
2531.761
2527.882
2526.576
2526.386
2522.7
2521.284
2532.198
2544.091
2549.968
2557.729
2559.146
2564.043
2564.043
2565.192
2565.83
2563.121
2555.42
2529.897
2551.563
2551.563
2551.563
2557.701
2556.285
2544.392
2539.494
2515.047
2516.407
2510.53
2509.381
2508.743
2510.528
2481.731
2470.817
2464.728
2467.437
2467.437
2461.299
2467.388
2466.028
2444.362
2442.576
2434.815
2432.024
2427.435
2427.435
2422.845
2399.433
2395.554
2361.737
2360.377
2360.377
2359.455
2349.66
2343.571
2342.649
2319.237
2319.237
2319.237
2319.237
2319.237
2317.11
2332.259
2359.965
2368.271
2368.271
2368.271
2368.271
2370.435
2377.043
2387.565
2387.565
2387.565
2389.043
2389.043
2389.043
2393.215
2394.707
2394.707
2392.58
2392.58
2418.888
2418.888
2418.252
2408.843
2402.877
2392.657
2383.467
2381.627
2376.579
2376.525
2376.471
2368.663
2361.033
2355.985
2355.985
2370.289
2370.289
2370.234
2370.234
2370.234
2381.857
2381.857
2377.937
2374.968
2374.968
2373.988
2347.988
2346.766
2341.558
2340.891
2341.558
2346.766
2341.885
2341.885
2348.913
2349.329
2359.187
2364.583
2363.972
2374.885
2379.766
2374.369
2372.47
2380.851
2393.129
2386.101
2388
2412.603
2411.032
2405.893
2407.464
2408.075
2413.214
2451.714
2441.698
2430.609
2405.609
2393.133
2384.948
2379.722
2371.722
2368.996
2357.625
2357.625
2355.696
2367.461
2367.031
2358.9
2356.939
2357.57
2382.98
2382.549
2389.291
2407.217
2409.988
2422.036
2454.698
2451.972
2463.855
2470.996
2445.996
2433.802
2416.105
2415.484
2407.484
2388.935
2420.84
2414.385
2393.141
2360.48
2375.939
2369.197
2363.885
2369.197
2369.627
2376.082
2384.213
2403.066
2351.311
2359.563
2342.646
2316.813
2316.813
2310.279
2281.779
2274.925
2268.071
2268.071
2268.071
2268.071
2301.025
2295.538
2269.53
2307.332
2305.696
2294.381
2294.381
2294.381
2294.381
2325.511
2285.761
2247.077
2237.044
2243.202
2243.202
2243.202
2225.333
2199.866
2213.958
2236.327
2245.379
2258.208
2258.208
2293.735
2311.603
2337.07
2365.491
2375.524
2372.774
2375.524
2366.471
2366.471
2372.156
2366.471
2386.121
2373.292
2373.292
2373.292
2381.993
2395.564
2395.564
2386.862
2411.359
2419.266
2471.699
2437.599
2465.118
2478.855
2484.539
2442.44
2447.526
2456.276
2510.707
2485.441
2499.551
2509.244
2495.423
2460.969
2461.178
2495.344
2495.344
2442.727
2439.91
2431.31
2431.31
2455.504
2452.754
2452.754
2481.254
2482.773
2482.773
2499.69
2500.402
2495.002
2490.085
2490.085
2515.66
2504.419
2504.419
2504.419
2509.819
2509.819
2521.06
2521.06
2573.677
2576.427
2581.344
2585.506
2585.294
2591.827
2592.04
2620.04
2620.04
2620.04
2618.521
2651.335
2644.419
2638.572
2683.845
2682.336
2682.336
2670.569
2661.819
2655.871
2636.043
2636.043
2633.981
2621.825
2620.761
2617.537
2614.571
2614.351
2612.644
2595.084
2587.45
2552.537
2532.709
2529.744
2549.571
2520.088
2534.442
2553.36
2561.912
2561.912
2596.825
2607.998
2647.063
2644.563
2653.931
2653.931
2654.996
2647.625
2648.078
2650.578
2657.948
2660.914
2687.371
2687.371
2687.371
2687.371
2687.371
2716.853
2716.401
2707.849
2706.784
2706.784
2706.784
2668.767
2668.103
2667.366
2667.366
2659.918
2646.418
2646.418
2645.694
2645.474
2645.474
2645.474
2641.325
2639.601
2628.429
2625.972
2615.265
2614.541
2609.722
2596.688
2570.231
2563.196
2551.343
2576.853
2567.09
2561.125
2549.292
2546.327
2541.993
2587.324
2614.002
2613.225
2607.339
2609.157
2627.611
2655.793
2662.92
2691.441
2711.805
2712.582
2738.355
2748.234
2762.723
2764.38
2767.507
2773.393
2798.813
2824.734
2830.225
2830.225
2830.225
2817.636
2812.645
2857.893
2856.236
2850.873
2850.873
2850.873
2796.509
2793.382
2791.207
2791.207
2786.275
2783.202
2776.93
2774.714
2774.714
2769.35
2769.35
2769.35
2764.859
2764.859
2757.441
2749.586
2749.586
2748.809
2746.593
2746.593
2708.866
2708.866
2698.468
2698.468
2698.468
2698.468
2698.468
2698.468
2698.468
2698.468
2683.332
2646.514
2646.514
2646.514
2646.514
2633.218
2623.764
2623.764
2611.832
2610.432
2609.309
2599.43
2606.589
2609.661
2595.916
2601.807
2602.284
2639.102
2617.288
2625.194
2625.882
2634.739
2655.275
2635.884
2632.919
2632.458
2605.265
2555.564
2562.779
2527.252
2507.077
2526.327
2525.651
2538.914
2533.23
2524.529
2550.016
2542.984
2553.757
2545.989
2538.774
2558.797
2548.859
2548.859
2579.395
2579.395
2579.395
2579.395
2607.839
2606.039
2600.957
2598.32
2611.139
2687.095
2687.095
2687.095
2696.323
2706.441
2672.691
2664.641
2651.823
2651.823
2659.873
2671.164
2671.164
2672.964
2691.418
2701.298
2703.934
2737.684
2737.684
2767.139
2772.22
2772.22
2821.706
2823.558
2815.942
2809.942
2804.479
2804.479
2766.979
2745.683
2739.683
2734.507
2734.507
2732.655
2718.655
2706.164
2710.789
2737.671
2744.931
2744.694
2713.583
2711.896
2714.951
2710.326
2712.014
2706.551
2706.787
2712.787
2755.694
2697.231
2709.722
2710.514
2715.977
2689.095
2681.836
2710.252
2707.197
2678.78
2697.576
2685.086
2653.419
2647.419
2629.83
2629.052
2655.53
2637.075
2637.075
2635.35
2635.35
2635.35
2635.35
2633.134
2633.134
2633.134
2633.134
2633.07
2633.07
2633.07
2630.07
2629.839
2628.439
2628.439
2628.439
2628.439
2616.175
2595.811
2605.193
2611.084
2611.084
2624.38
2611.084
2628.702
2655.095
2631.914
2617.85
2611.959
2593.441
2563.986
2557.605
2548.223
2557.912
2560.815
2569.644
2569.644
2580.234
2580.234
2580.234
2553.352
2553.352
2550.449
2589.212
2595.835
2595.835
2634.757
2619.31
2597.772
2578.252
2608.418
2629.957
2699.897
2659.208
2678.358
2707.604
2692.568
2741.041
2711.233
2762.434
2765.806
2758.12
2764.468
2712.243
2740.159
2689.264
2695.066
2710.101
2741.396
2731.144
2704.399
2706.118
2682.255
2653.206
2675.877
2721.111
2692.174
2745.163
2745.163
2745.163
2747.163
2801.367
2809.367
2803.092
2795.056
2798.505
2791.036
2790.234
2779.901
2784.901
2784.901
2778.151
2778.151
2778.698
2736.51
2736.51
2712.552
2703.984
2688.234
2684.714
2661.854
2661.854
2666.977
2690.742
2710.5
2710.5
2710.5
2719.25
2719.25
2718.691
2768.168
2737.353
2737.353
2737.353
2738.696
2740.848
2746.497
2774.215
2726.423
2735.173
2765.822
2812.737
2814.864
2829.215
2836.684
2793.701
2914.451
2929.685
2930.56
2891.467
2897.171
2908.528
2918.885
2892.908
2864.935
2853.91
2856.81
2845.38
2845.38
2847.36
2841.77
2811.508
2774.383
2785.25
2819.45
2856.575
2854.575
2854.575
2771.023
2768.508
2748.208
2746.228
2737.373
2726.243
2716.093
2695.777
2704.458
2706.419
2718.596
2707.941
2774.35
2788.174
2795.267
2829.132
2831.036
2832.19
2844.81
2852.382
2855.873
2831.233
2832.884
2845.856
2851.969
2851.969
2862.759
2867.877
2872.781
2875.08
2875.807
2891.514
2896.632
2906.884
2912.998
2933.337
2920.975
2922.4
2949.076
2954.252
2984.586
2958.22
2963.584
2972.966
2984.257
2981.743
2969.48
2954.207
2923.116
2918.575
2916.918
2911.027
2910.795
2905.432
2848.032
2847.255
2833.6
2807.207
2779.307
2776.307
2788.089
2781.907
2767.302
2796.17
2817.08
2844.98
2850.866
2869.384
2869.448
2866.857
2869.032
2875.214
2875.214
2888.509
2886.334
2886.334
2927.785
2924.322
2894.919
2894.919
2886.919
2885.162
2856.745
2856.745
2835.449
2804.338
2799.764
2794.301
2775.44
2808.561
2856.346
2859.087
2915.078
2916.939
2921.782
2925.449
2911.11
2916.895
2909.174
2902.74
2912.858
2884.395
2884.395
2876.395
2930.293
2989.222
2978.61
2978.61
2986.645
2985.074
3032.029
3032.029
3023.461
3032.029
3040.529
3042.427
3078.052
3079.656
3031.73
3078.289
3141.846
3139.301
3139.301
3146.282
3187.332
3185.314
3189.176
3191.721
3226.572
3228.59
3191.57
3202.404
3219.005
3219.896
3228.063
3216.742
3140.974
3164.307
3196.343
3200.003
3201.941
3223.537
3224.447
3194.287
3227.266
3227.266
3227.266
3193.891
3172.295
3139.316
3150.878
3184.253
3180.593
3173.705
3156.75
3154.622
3146.282
3146.282
3146.282
3115.396
3121.939
3152.824
3152.824
3219.383
3221.557
3197.209
3261.425
3334.44
3333.469
3351.58
3341.761
3338.199
3294.349
3292.986
3258.111
3243.997
3234.724
3209.27
3191.014
3185.832
3082.582
3076.23
3066.884
3049.304
3043.69
3028.179
3035.537
3049.651
3101.145
3117.168
3118.122
3121.361
3138.543
3195.935
3262.668
3274.668
3284.384
3317.375
3317.375
3317.375
3321.216
3327.625
3311.006
3179.278
3129.165
3127.761
3110.182
3081.205
3078.932
3063.602
3062.648
3064.92
3056.943
3047.597
3045.347
3053.324
3055.574
3186.176
3132.561
3164.572
3170.347
3219.347
3187.336
3215.669
3209.894
3226.144
3241.133
3242.067
3243.439
3181.87
3193.348
3193.348
3218.348
3218.348
3218.348
3218.348
3193.348
3202.288
3202.288
3193.348
3199.927
3209.552
3157.348
3216.476
3216.476
3212.88
3223.434
3214.013
3214.572
3257.657
3219.32
3222.841
3245.701
3246.503
3246.503
3246.503
3267.365
3266.818
3258.615
3258.615
3200.148
3241.474
3241.474
3226.551
3219.939
3199.153
3199.153
3209.684
3232.541
3202.916
3192.385
3199.548
3187.878
3184.679
3184.679
3184.679
3205.464
3205.464
3226.594
3219.431
3219.431
3209.309
3209.309
3224.232
3224.232
3224.232
3227.431
3239.102
3239.102
3239.102
3239.102
3204.816
3194.041
3185.005
3178.393
3172.372
3107.944
3091.964
3091.092
3079.421
3058.605
3041.615
3009.602
2999.245
2939.321
2939.061
2931.026
2954.495
2955.755
2929.352
2888.026
2919.342
2929.464
2919.342
2919.342
2924.095
2878.78
2877.545
2874.645
2863.778
2863.253
2850.293
2838.831
2847.213
2868.728
2838.64
2854.963
2867.669
2907.375
2904.002
2881.453
2859.939
2885.306
2888.679
2872.355
2883.01
2883.525
2886.368
2877.985
2866.186
2871.971
2882.625
2888.105
2918.194
2912.875
2941.12
2939.61
2945.963
2917.718
2916.963
2895.449
2851.022
2861.14
2862.65
2874.826
2919.252
2940.767
2966.823
2999.583
3000.353
2969.663
3019.737
3036.727
3025.638
3019.026
3002.036
3007.571
3001.867
2995.847
2993.806
2958.908
2971.582
2957.194
2990.255
3028.138
3019.102
3039.816
2989.17
2992.07
3000.925
3003.985
3037.515
3039.456
2957.164
2970.988
2976.468
2987.38
2925.478
2889.081
2865.829
2834.675
2832.772
2813.252
2877.808
2867.358
2864.57
2859.195
2848.493
2836.55
2847
2848.923
2839.163
2806.856
2780.106
2773.356
2759.293
2754.296
2753.488
2740.517
2715.998
2701.123
2658.719
2656.796
2654.892
2705.738
2697.674
2741.068
2702.488
2709.37
2714.466
2600.819
2629.064
2631.005
2674.24
2687.466
2689.426
2714.426
2722.49
2723.701
2681.476
2740.241
2754.038
2754.83
2797.58
2784.278
2784.278
2811.667
2803.601
2748.2
2748.993
2748.2
2758.75
2731.361
2721.399
2678.649
2664.384
2677.686
2689.04
2677.323
2725.56
2721.781
2721.781
2715.672
2675.16
2683.076
2737.451
2746.85
2746.85
2746.85
2744.211
2746.85
2749.979
2703.215
2688.458
2667.718
2667.718
2648.921
2648.921
2647.234
2644.049
2644.049
2644.049
2617.167
2609.907
2629.906
2619.653
2619.653
2668.108
2662.195
2632.029
2631.207
2631.113
2608.998
2636.257
2628.988
2626.543
2596.736
2602.966
2592.416
2584.877
2575.339
2514.627
2507.055
2515.57
2514.829
2487.57
2497.108
2493.858
2532.8
2493.858
2508.397
2509.137
2538.945
2561.06
2561.565
2582.666
2590.575
2582.06
2642.772
2649.974
2653.224
2659.762
2720.103
2733.661
2745.752
2788.156
2818.69
2858.594
2889.748
2904.286
2905.44
2905.507
2934.5
2966
2973.846
2974.654
2982.875
2987.625
3009.74
3009.74
3009.74
3014.957
3014.957
3020.63
3021.118
3033.06
3017.05
3017.05
3016.31
3016.31
3016.31
3016.31
3021.685
3031.608
3033.089
3033.089
3087.081
3081.297
3074.944
3053.429
3069.183
3130.247
3124.712
3178.49
3211.266
3211.266
3178.617
3234.217
3223
3191.685
3191.685
3202.467
3178.538
3178.538
3166.106
3122.084
3090.125
3059.239
3066.707
3077.686
3066.707
3066.707
3051.149
3029.479
3072.564
3069.229
3069.229
3069.229
3069.229
3093.059
3105.226
3057.268
3064.018
3067.284
3083.398
3104.617
3134.859
3158.047
3150.734
3101.357
3115.122
3122.286
3127.589
3129.61
3247.895
3292.895
3318.916
3320.176
3321.033
3335.957
3351.742
3358.977
3351.814
3360.207
3362.247
3391.645
3380.87
3378.829
3376.809
3331.809
3318.043
3303.12
3302.263
3302.263
3296.959
3281.173
3272.781
3246.76
3284.391
3230.952
3233.059
3226.795
3233.777
3234.335
3240.878
3255.505
3268.718
3271.263
3272.157
3271.598
3214.44
3221.523
3237.638
3178.171
3177.395
3170.457
3161.421
3170.457
3160.074
3146.043
3177.676
3171.462
3170.605
3171.39
3164.694
3133.061
3132.276
3119.602
3117.161
3101.375
3093.592
3095.612
3095.612
3074.898
3064.541
3062.52
2998.092
3008.449
3008.449
2975.388
2906.88
2897.844
2883.457
2848.559
2854.263
2852.222
2814.339
2861.378
2864.398
2851.461
2816.461
2831.148
2825.326
2836.474
2849.411
2849.411
2858.635
2858.635
2858.635
2858.635
2858.635
2916.372
2916.372
2918.5
2917.606
2914.574
2914.574
2861.301
2845.215
2841.62
2779.146
2764.146
2764.146
2750.934
2740.136
2691.928
2682.832
2736.561
2745.657
2714.771
2717.803
2735.516
2739.112
2693.047
2734.75
2741.495
2754.432
2761.633
2762.508
2787.464
2802.151
2804.888
2794.112
2809.541
2808.316
2813.852
2807.24
2803.536
2835.168
2833.148
2821.477
2819.691
2814.156
2772.829
2764.793
2759.49
2759.49
2745.459
2758.852
2756.365
2742.972
2711.339
2712.564
2717.867
2724.48
2726.5
2755.908
2757.658
2771.408
2773.845
2780.845
2792.283
2795.913
2836.413
2835.643
2866.643
2839.168
2838.643
2835.263
2827.388
2805.443
2774.443
2764.523
2771.003
2755.883
2784.233
2743.733
2680.593
2672.368
2649.368
2659.321
2681.87
2651.397
2658.969
2666.877
2681.416
2631.55
2623.196
2632.554
2640.908
2644.097
2637.983
2676.191
2676.686
2684.384
2692.45
2705.328
2729.384
2735.575
2747.958
2749.41
2708.051
2718.113
2727.512
2783.302
2793.293
2806.111
2830.946
2851.482
2857.268
2860.286
2860.513
2860.576
2860.576
2853.232
2840.174
2835.533
2833.766
2847.578
2835.533
2796.158
2692.658
2678.846
2653.123
2654.891
2654.891
2653.105
2630.337
2631.087
2631.087
2624.819
2623.717
2628.357
2651.125
2664.183
2671.527
2697.25
2696.5
2708.545
2709.647
2711.433
2717.701
2757.076
2757.076
2757.076
2757.076
2757.076
2757.076
2757.076
2752.085
2751.397
2742.183
2740.808
2741.496
2742.871
2742.871
2731.781
2759.183
2788.433
2793.424
2753.469
2748.711
2743.535
2758.14
2777.39
2754.341
2754.341
2793.405
2798.082
2759.867
2765.358
2770.358
2780.883
2769.9
2774.9
2772.873
2772.873
2760.479
2758.064
2729.096
2724.179
2721.063
2741.174
2782.853
2825.711
2857.982
2829.629
2837.344
2884.441
2884.441
2916.56
2916.56
2935.421
2990.741
2992.531
2951.988
2955.451
2968.993
2969.058
2969.058
2971.273
3000.676
2976.664
3004.564
2956.692
2961.103
2959.408
2970.98
2973.525
2979.596
3000.132
3001.917
3015.9
3018.444
3018.444
3023.935
3036.993
3046.975
3046.975
3049.944
3049.944
3074.44
3074.667
3074.667
3089.105
3092.051
3093.123
3122.373
3148.295
3157.58
3160.821
3161.585
3168.616
3203.069
3208.929
3207.301
3193.071
3202.286
3171.75
3164.406
3151.348
3158.634
3157.259
3159.395
3161.089
3175.319
3173.625
3204.161
3196.875
3167.625
3141.703
3139.567
3136.326
3127.04
3117.826
3111.967
3113.342
3120.685
3122.313
3135.371
3134.607
3127.576
3149.361
3149.361
3149.361
3149.361
3151.952
3151.952
3151.952
3164.77
3142.991
3142.991
3150.764
3150.764
3153.836
3153.836
3153.836
3165.127
3165.891
3165.127
3158.843
3145.098
3139.211
3136.62
3088.034
3076.743
3063.925
3056.152
3010.239
3024.025
3008.609
3062.186
3052.224
3079.613
3058.481
3020.274
3030.009
3060.575
3069.934
3089.151
3113.208
3098.052
3136.259
3157.392
3171.986
3182.776
3196.573
3202.686
3209.309
3206.351
3175.785
3190.941
3193.899
3184.54
3174.804
3160.21
3214.233
3208.002
3259.691
3310.26
3284.76
3322.171
3301.385
3272.457
3250.064
3234.635
3234.099
3202.467
3202.467
3193.431
3185.395
3181.946
3181.946
3117.518
3076.191
3082.901
3140.378
3206.375
3206.375
3206.375
3197.625
3197.625
3214.832
3214.832
3218.428
3218.987
3263.965
3253.182
3253.182
3253.182
3253.182
3262.351
3262.351
3262.351
3331.625
3372.875
3372.875
3361.597
3345.931
3381.931
3379.731
3379.731
3379.731
3379.731
3342.78
3407.225
3458.714
3535.048
3535.048
3549.162
3571.105
3571.105
3558.457
3544.344
3544.344
3560.366
3519.247
3522.469
3524.669
3526.892
3538.967
3550.244
3550.244
3562.611
3556.4
3562.611
3572.45
3570.25
3562.45
3546.2
3540.425
3539.492
3540.864
3540.864
3512.531
3497.542
3448.542
3431.353
3433.553
3433.553
3424.414
3456.425
3462.2
3479.389
3488.528
3486.306
3487.239
3422.908
3430.538
3399.223
3450.218
3465.777
3492.904
3507.255
3554.17
3556.298
3554.984
3620.454
3613.41
3607.334
3558.079
3551.666
3545.769
3534.552
3536.226
3461.806
3479.519
3510.168
3523.38
3521.742
3489.093
3463.607
3497.732
3503.383
3486.039
3451.914
3494.71
3471.364
3477.641
3476.822
3427.247
3433.07
3443.82
3475.789
3482.539
3543.423
3554.984
3556.298
3505.068
3515.401
3539.359
3531.556
3535.066
3543.791
3502.464
3503
3514.089
3527.314
3583.456
3625.643
3628.664
3660.633
3695.857
3694.57
3681.07
3652.186
3587.758
3584.247
3647.599
3623.641
3620.62
3611.714
3611.167
3579.198
3568.865
3521.661
3560.207
3577.92
3554.574
3571.777
3564.516
3580.074
3613.053
3614.33
3617.84
3577.469
3561.594
3561.859
3495.865
3498.773
3509.13
3510.125
3455.583
3469.233
3467.233
3469.233
3469.233
3468.978
3467.778
3467.778
3499.533
3497.883
3481.713
3487.863
3481.713
3475.15
3472.3
3460.145
3460.145
3460.145
3432.71
3443.11
3482.89
3482.89
3498.578
3502.018
3550.543
3551.743
3553.743
3580.083
3580.083
3587.1
3592.69
3592.69
3599.71
3599.71
3599.71
3591.403
3591.403
3591.403
3577.303
3577.303
3568.753
3568.753
3565.373
3565.373
3565.373
3562.523
3561.683
3561.683
3561.683
3587.183
3561.683
3553.458
3552.223
3551.383
3536.758
3523.268
3407.348
3412.545
3368.445
3366.465
3337.655
3282.564
3290.627
3275.461
3270.365
3313.6
3320.483
3310.13
3357.935
3416.895
3418.105
3431.331
3432.154
3434.115
3436.056
3464.301
3479.468
3493.806
3491.846
3488.532
3488.532
3488.532
3479.85
3479.85
3479.85
3471.787
3471.787
3471.272
3471.272
3471.272
3471.272
3471.272
3448.723
3448.723
3451.958
3463.172
3463.172
3463.172
3494.304
3496.265
3512.118
3539.385
3539.385
3540.895
3540.895
3540.895
3540.895
3540.895
3540.895
3540.895
3540.895
3540.895
3602.797
3590.62
3601.532
3569.199
3572.042
3585.865
3575.211
3573.25
3585.426
3571.603
3513.368
3546.252
3546.252
3558.528
3589.094
3590.981
3592.849
3574.632
3539.608
3523.759
3467.903
3473.079
3443.079
3451.278
3440.972
3432.773
3467.148
3485.944
3484.111
3474.713
3472.028
3466.852
3408.389
3376.964
3382.855
3383.945
3373.548
3378.273
3380.073
3378.482
3373.757
3371.957
3369.741
3364.809
3357.65
3359.241
3364.173
3370.889
3385.638
3379.853
3392.129
3379.853
3368.134
3364.893
3289.949
3267.757
3266.704
3231.178
3241.211
3244.395
3271.588
3283.101
3255.908
3258.046
3271.783
3279.283
3285.248
3291.406
3365.035
3369.368
3383.974
3413.072
3448.599
3466.406
3502.809
3514.178
3523.3
3524.651
3552.171
3559.939
3565.618
3585.268
3571.697
3546.23
3528.362
3519.309
3513.151
3484.73
3532.614
3587.825
3581.934
3558.752
3538.389
3501.57
3491.173
3552.921
3539.38
3545.456
3546.567
3552.262
3581.664
3610.368
3607.729
3622.701
3566.061
3564.97
3555.743
3543.334
3529.098
3529.33
3496.306
3499.252
3493.393
3495.938
3497.723
3510.781
3508.996
3522.978
3509.92
3449.197
3448.974
3446.079
3419.314
3418.458
3413.064
3444.011
3415.658
3401.221
3413.408
3442.658
3416.935
3405.846
3404.471
3364.011
3358.225
3353.234
3408.839
3380.939
3381.639
3396.775
3429.345
3424.322
3408.905
3428.868
3434.868
3424.806
3403.732
3446.444
3501.736
3506.854
3508.307
3535.486
3480.076
3489.632
3518.049
3523.512
3535.012
3534.299
3539.475
3580.308
3580.308
3580.308
3585.484
3585.484
3595.113
3589.938
3579.632
3579.632
3579.903
3586.403
3586.403
3589.588
3589.588
3589.588
3589.588
3610.884
3601.255
3600.144
3598.292
3581.06
3581.06
3591.366
3554.532
3551.347
3501.671
3501.671
3503.523
3485.225
3486.336
3473.15
3473.15
3446.475
3446.475
3422.863
3422.863
3413.086
3414.938
3414.938
3413.104
3398.78
3386.289
3386.289
3386.289
3345.456
3346.6
3353.1
3345.484
3238.15
3237.373
3235.521
3230.708
3235.521
3235.521
3235.521
3235.521
3236.299
3235.155
3289.573
3289.573
3304.828
3326.526
3345.771
3348.884
3348.884
3378.233
3316.576
3400.255
3400.255
3447.019
3413.214
3415.032
3415.032
3431.143
3375.732
3374.357
3400.279
3401.654
3401.654
3401.654
3401.654
3401.654
3401.654
3401.654
3407.44
3419.717
3419.717
3429.929
3426.982
3401.442
3387.004
3376.792
3375.007
3346.654
3346.654
3351.065
3345.636
3354.699
3342.109
3351.324
3365.667
3365.44
3362.422
3362.359
3355.074
3332.306
3339.592
3339.654
3330.592
3275.125
3282.625
3282.849
3294.822
3300.579
3310.112
3308.761
3303.004
3345.987
3365.815
3367.142
3379.297
3370.401
3361.032
3288.672
3294.259
3316.241
3304.927
3293.159
3279.31
3179.379
3173.793
3191.133
3202.256
3182.765
3182.765
3178.028
3177.375
3175.309
3175.309
3140.987
3138.53
3138.53
3095.729
3074.119
3072.424
3069.767
3069.551
3069.551
3061.144
3047.53
3082.487
3076.625
3081.927
3090.677
3093.134
3098.791
3058.663
3059.68
3057.265
3052.053
3039.659
3037.964
3029.362
3016.091
3004.523
2977.612
2978.439
2956.798
2943.323
2969.379
2972.129
2985.604
3035.381
3084.871
3079.213
3079.433
3092.933
3092.713
3065.989
3092.713
3051.862
3050.845
3052.54
3076.205
3101.233
3100.813
3108.914
3107.491
3089.905
3091.233
3062.267
3042.44
3036.782
3011.754
2984.379
2974.519
2972.795
2971.468
2985.407
3002.994
3051.344
3054.239
3066.3
3070.634
3114.936
3086.2
3087.954
3128.658
3138.871
3167.223
3086.098
3106.634
3117.205
3118.091
3124.057
3206.657
3212.548
3242.33
3229.83
3229.83
3218.982
3189.2
3199.08
3199.78
3204.861
3163.666
3162.616
3168.507
3140.607
3145.97
3155.352
3135.402
3126.02
3121.089
3115.198
3105.318
3100.236
3094.873
3068.682
3098.464
3113.6
3098.46
3125.862
3145.455
3171.179
3182.268
3183.643
3226.391
3231.323
3230.623
3240.077
3199.986
3204.527
3244.618
3295.734
3295.734
3305.852
3304.761
3304.761
3283.852
3277.47
3275.652
3217.846
3220.917
3211.632
3211.632
3211.632
3217.9
3212.908
3212.908
3209.837
3214.828
3259.922
3267.636
3269.422
3270.493
3270.493
3260.556
3228.625
3248.8
3276.794
3278.458
3308.458
3320.827
3320.827
3341.616
3347.774
3355.353
3355.353
3377.721
3387.195
3387.195
3387.195
3390.16
3390.16
3390.16
3392.704
3364.283
3331.717
3323.95
3322.213
3292.213
3290.458
3278.09
3306.627
3290.441
3287.805
3278.577
3273.495
3262.205
3312.553
3302.248
3345.403
3285.837
3290.498
3276.7
3265.62
3262.092
3260.302
3230.344
3230.278
3225.618
3196.665
3193.976
3174.731
3168.623
3156.856
3172.012
3185.809
3169.96
3175.526
3169.96
3148.262
3156.413
3162.061
3134.616
3163.032
3192.435
3146.173
3164.691
3162.516
3156.334
3158.925
3179.834
3179.898
3161.38
3163.555
3166.955
3168.68
3187.225
3179.37
3185.552
3195.152
3193.334
3193.334
3193.334
3195.134
3195.134
3195.898
3203.375
3171.895
3185.708
3208.475
3209.578
3209.578
3208.828
3208.828
3221.886
3221.886
3223.672
3222.569
3222.569
3227.21
3233.478
3278.434
3278.434
3273.875
3273.875
3273.875
3306.145
3317.978
3311.82
3313.171
3311.072
3285.605
3256.868
3244.039
3240.855
3242.954
3242.954
3242.204
3240.539
3233.632
3247.274
3254.489
3247.331
3217.331
3203.351
3194.298
3195.897
3221.026
3187.178
3179.963
3178.612
3169.489
3176.647
3176.647
3185.77
3185.77
3180.013
3178.414
3181.599
3181.599
3181.599
3181.599
3181.599
3181.599
3183.263
3138.961
3134.627
3106.772
3107.627
3111.961
3140.697
3152.331
3150.98
3071.279
3105.587
3161.166
3148.666
3148.666
3194.58
3195.98
3169.586
3154.886
3211.458
3167.768
3173.659
3170.659
3189.205
3183.239
3153.457
3159.423
3161.241
3164.241
3158.35
3183.243
3146.935
3228.06
3246.145
3256.357
3228.702
3210.807
3200.774
3163.175
3165.276
3170.933
3155.591
3184.574
3187.032
3192.244
3219.701
3245.71
3249.943
3256.858
3236.327
3237.027
3239.894
3248.16
3251.185
3287.935
3300.985
3322.235
3294.642
3282.454
3281.454
3255.621
3242.146
3239.396
3212.933
3201.558
3196.433
3183.383
3177.915
3169.456
3168.644
3166.977
3166.765
3164.39
3213.327
3210.75
3203.55
3202.908
3205.775
3214.442
3218.604
3260.692
3274.167
3298.175
3305.375
3314.65
3319.308
3319.95
3339.117
3293.033
3290.213
3295.967
3297.607
3314.303
3315.287
3279.139
3315.287
3314.303
3308.549
3326.91
3327.119
3337.299
3289.164
3244.629
3221.395
3217.367
3215.754
3197.206
3208.221
3199.098
3210.287
3201.762
3224.975
3226.709
3220.955
3208.967
3213.227
3206.486
3208.109
3187.207
3176.15
3175.137
3180.891
3172.236
3181.611
3181.668
3255.799
3255.455
3264.111
3275.693
3277.332
3276.504
3240.357
3247.098
3245.645
3256.734
3277.298
3288.177
3299.972
3312.927
3336.161
3375.206
3375.873
3376.853
3389.131
3424.131
3411.853
3410.282
3387.417
3295.417
3288.353
3284.454
3280.534
3254.254
3279.456
3331.565
3332.351
3336.335
3295.605
3300.831
3374.105
3390.556
3390.762
3397.113
3424.694
3398.274
3424.978
3413.889
3412.647
3407.421
3334.147
3335.76
3344.984
3358.024
3358.992
3333.383
3338.675
3342.353
3340.74
3367.921
3371.905
3373.502
3399.921
3401.163
3377.75
3364.71
3367.371
3385.919
3397.008
3394.347
3385.123
3408.536
3389.988
3389.988
3389.988
3381.224
3376.466
3389.893
3391.135
3364.716
3359.49
3351.167
3360.143
3362.482
3345.095
3335.079
3311.845
3285.276
3293.466
3317.823
3317.518
3304.304
3308.986
3314.129
3312.907
3288.55
3292.855
3302.712
3323.006
3331.631
3332.242
3327.937
3291.972
3287.536
3253.313
3257.68
3293.082
3337.85
3292.529
3293.452
3294.11
3295.456
3297.994
3298.19
3303.421
3303.421
3315.052
3327.162
3331.462
3335.635
3343.635
3343.635
3360.192
3360.192
3360.192
3364.731
3395.885
3419.492
3406.685
3409.331
3427.023
3461.881
3463.419
3464.369
3438.062
3406.908
3411.081
3418.712
3435.592
3467.515
3473.546
3480.123
3482.354
3490.713
3507.594
3527.21
3518.85
3518.446
3516.215
3516.215
3509.638
3510.042
3492.35
3475.469
3467.838
3494.146
3470.538
3460.569
3470.538
3421.969
3419.323
3432.131
3450.355
3449.391
3450.594
3443.676
3448.043
3449.605
3515.182
3527.814
3519.564
3519.764
3519.354
3509.65
3515.775
3521.088
3515.775
3559.304
3557.405
3552.266
3547.385
3546.718
3522.115
3521.504
3516.296
3505.383
3529.986
3542.736
3542.938
3549.415
3557.796
3556.224
3566.081
3574.335
3575.014
3610.978
3635.581
3580.322
3583.244
3584.447
3588.35
3612.859
3615.695
3615.695
3631.609
3631.609
3636.219
3645.154
3647.059
3647.996
3656.059
3667.074
3604.029
3597.877
3592.814
3592.814
3582.561
3592.264
3604.896
3606.379
3595.637
3596.602
3593.766
3592.398
3593.945
3659.521
3664.584
3675.326
3679.387
3677.482
3683.908
3733.236
3767.689
3776.625
3744.984
3743.438
3742.5
3738.439
3734.201
3735.568
3741.721
3751.975
3756.213
3729.579
3731.454
3755.3
3731.454
3722.656
3725.448
3726.633
3731.358
3731.358
3731.358
3731.358
3731.358
3731.358
3731.358
3731.358
3731.358
3731.358
3731.358
3734.004
3734.004
3734.004
3734.004
3734.004
3734.004
3734.004
3735.542
3738.081
3762.508
3767.556
3837.448
3789.646
3781.35
3793.424
3800.744
3800.744
3795.835
3776.871
3761.647
3757.961
3757.597
3772.821
3781.356
3759.69
3776.526
3774.063
3769.166
3768.017
3789.683
3794.519
3795.668
3794.175
3794.75
3763.651
3796.077
3796.077
3812.989
3816.621
3793.272
3739.004
3748.967
3760.685
3748.511
3731.844
3666.004
3656.04
3632.301
3648.581
3636.691
3636.691
3639.441
3640.07
3656.206
3667.324
3679.042
3680.382
3685.143
3715.189
3727.079
3727.079
3727.079
3736.211
3736.211
3738.697
3738.697
3738.697
3738.697
3752.787
3757.612
3765.075
3765.792
3772.303
3773.774
3725.342
3728.962
3751.973
3757.06
3768.777
3772.543
3777
3779.391
3768.114
3791.257
3792.559
3798.159
3840.873
3883.588
3883.588
3872.538
3878.138
3878.138
3885.509
3903.723
3820.923
3827.248
3816.802
3815.373
3814.491
3842.054
3810.554
3792.339
3771.761
3764.218
3762.804
3757.789
3757.189
3747.554
3741.679
3737.966
3732.952
3739.277
3731.327
3730.47
3714.041
3712.613
3706.441
3708.898
3677.398
3677.398
3699.541
3699.541
3700.398
3702.813
3702.813
3706.805
3664.859
3628.784
3632.62
3632.62
3632.62
3632.62
3633.477
3633.477
3634.905
3632.448
3625.02
3621.452
3622.052
3624.123
3644.861
3644.311
3640.318
3619.739
3619.739
3625.171
3625.171
3625.171
3625.171
3631.343
3645.914
3657.807
3674.236
3678.864
3680.936
3689.807
3696.949
3668.936
3645.106
3660.449
3669.866
3680.592
3689.942
3704.685
3655.142
3676.598
3678.524
3679.091
3691.591
3691.591
3651.01
3664.543
3691.543
3691.763
3691.763
3691.763
3691.763
3691.763
3691.763
3695.228
3689.325
3687.167
3678.527
3658.285
3665.91
3672.896
3693.536
3697.214
3669.911
3655.174
3678.214
3671.372
3666.753
3656.451
3650.826
3646.352
3653.194
3609.955
3599.143
3578.771
3593.317
3567.018
3542.825
3548.502
3535.489
3481.683
3486.042
3496.715
3499.881
3496.715
3501.215
3506.696
3516.734
3517.721
3522.144
3551.192
3551.192
3554.67
3554.176
3560.946
3571.619
3568.035
3568.035
3591.833
3593.692
3574.019
3583.058
3583.551
3579.769
3600.769
3593.803
3572.803
3554.335
3546.373
3545.386
3516.338
3512.861
3498.793
3517.261
3525.223
3526.21
3545.883
3553.018
3554.3
3543.627
3552.04
3559.006
3562.788
3566.942
3571.365
3564.75
3568.333
3564.179
3578.247
3584.862
3563.862
3563.862
3565.144
3565.144
3565.144
3539.308
3531.976
3543.47
3531.976
3527.769
3527.769
3527.769
3530.936
3530.936
3531.099
3532.369
3560.638
3591.744
3591.744
3591.744
3591.744
3591.744
3590.462
3590.462
3589.474
3574.474
3559.731
3555.577
3497.333
3494.167
3483.801
3465.191
3444.835
3436.021
3436.021
3436.021
3436.021
3437.008
3437.008
3437.008
3439.768
3437.652
3437.652
3437.652
3437.652
3437.652
3437.652
3470.027
3470.027
3470.027
3470.027
3484.771
3488.925
3547.168
3547.168
3547.168
3555.982
3555.982
3554.995
3554.995
3553.713
3554.995
3554.995
3554.995
3554.995
3554.995
3554.995
3575.726
3583.058
3583.058
3583.058
3583.058
3583.058
3584.045
3584.045
3584.045
3584.045
3584.045
3584.045
3584.045
3584.045
3594.41
3594.41
3594.41
3594.41
3594.41
3594.41
3594.41
3596.401
3623.965
3634.003
3635.862
3639.644
3657.571
3659.133
3657.97
3656.389
3710.196
3706.042
3720.401
3720.939
3710.17
3709.676
3696.599
3676.244
3682.75
3711.019
3703.058
3711.872
3703.058
3703.551
3718.295
3723.587
3724.869
3724.33
3709.971
3699.298
3676.894
3716.084
3706.945
3707.919
3693.362
3703.9
3720.786
3724.888
3737.562
3735.726
3711.304
3705.079
3705.079
3711.745
3713.572
3721.534
3730.348
3731.881
3723.131
3723.131
3727.631
3728.619
3732.401
3736.183
3718.01
3726.824
3726.824
3733.33
3733.33
3738.811
3753.83
3753.83
3754.378
3767.154
3767.154
3767.154
3767.154
3767.154
3767.154
3767.154
3767.154
3770.077
3772.282
3776.782
3776.782
3776.782
3776.782
3771.907
3771.907
3771.907
3769.199
3769.199
3769.199
3769.199
3769.199
3769.199
3769.199
3777.436
3777.436
3777.436
3777.436
3779.641
3780.41
3780.41
3783.994
3783.994
3781.788
3781.788
3786.288
3792.955
3792.955
3792.955
3791.673
3791.673
3791.673
3791.673
3788.09
3789.372
3788.603
3788.603
3788.647
3716.079
3716.627
3725.274
3717.582
3727.274
3720.659
3716.726
3708.313
3708.313
3692.527
3691.54
3637.734
3632.503
3628.349
3619.311
3617.144
3616.981
3602.237
3602.192
3593.495
3586.529
3590.112
3583.606
3593.644
3603.683
3598.202
3602.356
3602.356
3601.817
3601.817
3601.817
3601.817
3601.817
3601.817
3601.817
3601.817
3579.894
3560.221
3560.221
3554.99
3554.99
3556.817
3558.984
3548.946
3546.74
3546.74
3520.779
3507.702
3509.907
3505.965
3506.503
3508.83
3524.974
3543.682
3537.24
3508.604
3508.604
3512.597
3511.015
3506.753
3485.714
3485.714
3486.055
3486.055
3487.938
3484.695
3468.136
3465.779
3469.023
3467.14
3468.276
3460.133
3420.131
3428.545
3428.545
3428.545
3428.545
3428.545
3428.545
3428.545
3428.545
3436.506
3446.199
3405.724
3390.981
3390.981
3386.622
3360.019
3339.663
3338.894
3310.625
3313.792
3319.272
3319.811
3339.921
3380.396
3386.755
3365.986
3351.29
3352.049
3360.973
3369.176
3359.606
3368.245
3378.783
3373.372
3393.47
3390.343
3390.388
3404.945
3418.172
3409.248
3389.392
3368.658
3363.494
3362.962
3373.647
3378.812
3379.786
3395.799
3399.337
3402.875
3402.831
3368.395
3371.889
3376.277
3375.995
3395.177
3391.384
3391.384
3397.884
3397.884
3404.334
3404.378
3407.872
3414.578
3432.584
3433.547
3425.784
3397.463
3394.072
3407.788
3416.381
3426.788
3422.738
3415.945
3416.427
3423.219
3404.038
3397.588
3394.094
3414.569
3413.606
3409.919
3389.444
3393.131
3397.181
3400.572
3428.894
3436.656
3418.65
3424.05
3436.781
3432.731
3433.694
3437.944
3442.194
3442.194
3440.944
3440.944
3458.784
3458.784
3458.784
3458.784
3451.636
3453.698
3396.911
3428.477
3428.477
3418.37
3418.37
3420.725
3429.319
3448.763
3428.288
3441.631
3441.631
3451.3
3451.3
3451.3
3436.925
3436.925
3447.031
3447.994
3447.994
3449.244
3449.244
3449.244
3449.244
3417.678
3417.678
3417.678
3416.716
3408.122
3410.234
3430.484
3430.484
3431.734
3433.941
3433.941
3433.941
3421.409
3408.659
3392.863
3392.863
3392.863
3392.863
3385.994
3377.094
3375.313
3356.131
3357.317
3364.897
3366.678
3370.366
3371.861
3371.905
3381.955
3391.759
3391.759
3379.028
3376.691
3372.644
3371.458
3366.058
3385.905
3385.905
3377.805
3378.286
3376.791
3356.944
3353.256
3410.044
3412.106
3409.019
3404.769
3404.725
3404.725
3404.725
3404.725
3408.772
3408.772
3408.772
3408.772
3424.709
3424.709
3431.858
3452.858
3454.67
3463.264
3466.655
3466.655
3504.03
3513.991
3520.191
3529.859
3529.859
3529.859
3532.947
3532.947
3532.947
3545.678
3545.678
3553.441
3625.891
3633.039
3642.18
3652.141
3657.063
3654.913
3654.913
3660.447
3660.447
3662.597
3662.597
3662.597
3662.597
3662.597
3661.634
3656.1
3656.1
3656.1
3656.1
3656.1
3657.063
3658.248
3658.248
3658.248
3658.248
3664.698
3673.23
3675.567
3677.836
3686.977
3686.977
3686.977
3685.481
3678.981
3684.122
3684.122
3690.572
3691.711
3686.32
3686.855
3686.855
3686.855
3684.586
3689.686
3696.186
3696.186
3697.709
3708.416
3710.684
3705.584
3707.734
3706.772
3711.694
3693.548
3695.044
3695.044
3698.434
3698.434
3698.434
3693.294
3693.294
3692.108
3692.108
3692.108
3692.858
3702.819
3702.819
3720.964
3720.964
3722.15
3726.252
3726.252
3727.214
3726.075
3731.609
3733.105
3736.792
3736.792
3741.933
3741.933
3748.433
3748.433
3748.433
3748.433
3751.823
3751.823
3751.823
3751.823
3753.636
3753.636
3755.905
3755.905
3755.905
3755.905
3755.905
3755.905
3755.905
3756.677
3772.614
3773.864
3773.864
3773.864
3780.364
3790.152
3790.152
3790.152
3791.675
3791.675
3791.516
3791.516
3782.922
3782.922
3782.441
3802.048
3792.261
3777.886
3763.886
3753.48
3756.602
3758.383
3776.102
3780.152
3788.683
3764.566
3765.091
3712.63
3710.817
3710.817
3728.963
3734.363
3714.516
3715.655
3715.13
3711.08
3693.361
3703.148
3713.555
3731.7
3746.075
3749.163
3769.009
3769.491
3774.391
3784.059
3836.52
3812.975
3825.568
3825.568
3834.056
3835.846
3835.846
3828.179
3835.846
3835.846
3830.512
3844.34
3842.58
3842.58
3842.58
3842.58
3842.58
3842.58
3842.58
3842.58
3842.052
3839.966
3830.633
3830.633
3830.633
3822.966
3818.969
3818.969
3818.969
3821.056
3821.056
3818.747
3820.87
3807.043
3812.509
3813.731
3814.682
3821.552
3839.474
3825.927
3825.927
3840.125
3840.125
3840.125
3840.125
3812.903
3812.903
3811.778
3801.796
3801.796
3801.796
3801.796
3801.796
3801.796
3801.796
3801.796
3801.796
3801.796
3801.796
3791.958
3793.083
3783.75
3769.923
3769.923
3755.077
3734.336
3729.497
3726.046
3713.472
3727.019
3728.099
3734.617
3753.983
3760.248
3791.424
3847.511
3852.35
3861.648
3863.685
3867.034
3876.701
3883.761
3884.886
3884.886
3888.682
3887.731
3887.731
3884.369
3874.387
3835.412
3835.412
3835.412
3835.412
3847.616
3847.616
3843.653
3843.653
3847.986
3847.986
3847.986
3847.986
3847.245
3848.37
3848.37
3848.37
3848.37
3862.568
3861.333
3861.333
3862.568
3862.568
3862.568
3856.148
3866.13
3864.006
3864.006
3864.006
3860.556
3860.556
3860.556
3865.449
3865.449
3865.449
3865.449
3865.449
3865.449
3865.449
3865.449
3865.449
3853.418
3855.542
3855.542
3855.542
3868.073
3868.073
3865.258
3865.258
3865.258
3865.258
3855.276
3855.276
3854.042
3854.042
3825.532
3823.532
3823.532
3828.81
3811.907
3792.704
3792.861
3793.019
3793.019
3784.531
3799.253
3799.253
3798.235
3798.235
3797.284
3797.284
3816.636
3816.636
3816.636
3802.438
3802.438
3802.438
3802.438
3803.79
3796.123
3795.383
3795.383
3795.69
3785.708
3778.648
3772.13
3777.207
3751.59
3744.719
3731.173
3743.747
3750.543
3750.386
3750.386
3694.299
3690.963
3680.981
3672.494
3662.577
3657.738
3651.219
3647.022
3643.972
3646.213
3653.273
3653.551
3672.687
3664.849
3673.336
3672.114
3624.301
3628.301
3624.952
3624.952
3605.816
3606.335
3604.83
3624.566
3625.085
3626.59
3651.59
3670.324
3673.673
3678.534
3687.238
3687.238
3668.503
3669.454
3669.454
3666.509
3667.731
3669.236
3673.287
3692.389
3699.449
3699.449
3707.776
3710.985
3707.248
3715.35
3716.193
3716.934
3709.873
3709.133
3708.052
3705.812
3697.324
3696.102
3680.662
3687.532
3689.009
3688.247
3679.821
3679.778
3679.778
3627.965
3627.965
3621.256
3617.806
3607.528
3607.052
3593.506
3598.543
3600.333
3581.389
3600.525
3596.883
3595.932
3592.583
3574.799
3554.577
3546.91
3556.244
3549.873
3570.096
3580.373
3576.373
3577.324
3549.352
3561.926
3553.738
3551.948
3550.776
3547.427
3547.27
3520.048
3542.965
3542.965
3541.73
3522.594
3522.594
3522.437
3522.437
3508.239
3516.727
3541.463
3541.463
3539.34
3532.631
3534.755
3529.477
3504.477
3508.736
3509.255
3509.255
3495.708
3500.986
3494.863
3494.863
3495.625
3495.625
3509.823
3501.823
3526.414
3525.642
3534.173
3535.669
3536.808
3538.62
3544.82
3544.492
3523.117
3523.117
3523.117
3526.611
3527.705
3545.461
3545.789
3535.383
3537.195
3535.383
3507.061
3507.061
3513.853
3503.813
3464.897
3465.991
3487.366
3507.213
3542.905
3542.905
3538.804
3548.891
3552.052
3560.755
3522.589
3530.689
3539.22
3570.786
3570.786
3560.998
3570.786
3572.598
3570.817
3570.817
3571.342
3571.342
3574.43
3574.43
3574.43
3561.68
3563.461
3563.461
3571.223
3571.223
3577.623
3577.623
3577.623
3577.623
3563.248
3562.723
3562.242
3562.767
3562.767
3545.048
3545.048
3545.048
3545.048
3543.236
3519.119
3508.713
3500.95
3481.103
3472.572
3420.111
3449.226
3475.492
3482.536
3454.625
3474.723
3466.862
3468.951
3460.027
3453.603
3447.071
3409.223
3423.78
3418.574
3419.84
3434.397
3438.131
3461.628
3471.54
3472.299
3477.903
3488.138
3502.027
3506.47
3524.704
3533.628
3535.995
3537.799
3564.065
3551.08
3558.842
3565.025
3547.147
3509.772
3509.772
3509.772
3504.872
3494.911
3505.017
3503.878
3499.491
3519.338
3522.459
3523.069
3527.969
3508.122
3511.37
3515.214
3509.68
3499.573
3494.673
3494.064
3473.814
3480.414
3481.938
3481.981
3480.731
3475.331
3478.419
3504.356
3511.313
3512.406
3508.563
3545.938
3547.188
3543.939
3549.473
3543.13
3549.473
3545.372
3546.511
3551.911
3549.848
3553.95
3574.2
3536.825
3538.888
3540.95
3545.338
3555.125
3552.003
3552.003
3551.253
3548.005
3549.242
3548.761
3532.823
3532.823
3527.289
3520.333
3518.22
3518.22
3545.783
3541.395
3541.395
3541.395
3545.783
3552.739
3538.364
3536.214
3536.214
3536.695
3544.898
3545.992
3545.992
3549.486
3567.492
3573.992
3579.133
3582.523
3654.973
3654.973
3654.973
3654.973
3660.373
3691.939
3691.939
3706.314
3743.017
3749.517
3752.639
3753.889
3753.889
3754.639
3753.389
3755.539
3755.539
3755.539
3755.539
3755.539
3753.727
3753.727
3753.727
3751.914
3751.914
3751.914
3753.1
3748.788
3724.67
3711.939
3705.489
3715.158
3756.581
3763.625
3762.372
3753.448
3752.182
3751.65
3753.948
3773.775
3774.75
3774.75
3777.911
3779.454
3781.821
3789.682
3818.362
3814.628
3802.006
3782.15
3780.897
3800.517
3800.517
3807.1
3778.419
3779.394
3777.027
3757.407
3756.866
3763.144
3760.847
3757.685
3758.938
3751.699
3751.699
3771.555
3784.448
3791.687
3795.421
3795.421
3794.446
3787.864
3796.566
3805.104
3805.149
3807.326
3810.759
3810.759
3802.899
3819.038
3859
3868.791
3870.334
3868.791
3868.791
3892.288
3892.288
3872.668
3864.361
3870.892
3870.892
3889.267
3887.179
3886.025
3886.025
3828.519
3830.658
3837.536
3852.093
3808.842
3805.452
3798.852
3808.639
3809.164
3804.264
3810.608
3817.756
3821.6
3823.663
3817.319
3831.034
3831.823
3850.884
3837.169
3847.13
3850.52
3840.733
3857.384
3857.384
3865.587
3874.843
3880.049
3892.897
3894.051
3883.964
3882.856
3875.617
3879.155
3880.309
3876.416
3906.003
3906.003
3906.048
3906.048
3906.048
3902.465
3902.465
3895.696
3858.051
3853.628
3829.83
3816.753
3820.535
3820.535
3820.535
3820.535
3820.535
3820.535
3820.535
3820.535
3820.535
3820.535
3820.535
3820.535
3820.535
3820.535
3820.535
3820.535
3820.535
3812.574
3812.574
3812.574
3812.574
3812.574
3812.574
3812.574
3810.747
3802.958
3801.099
3792.285
3791.747
3792.516
3789.349
3789.349
3789.186
3781.854
3753.585
3753.585
3756.239
3756.239
3752.362
3773.901
3780.567
3793.58
3793.625
3787.228
3787.228
3781.747
3807.708
3818.381
3791.779
3792.766
3772.655
3786.723
3785.736
3790.095
3799.133
3799.178
3799.178
3793.502
3783.463
3758.963
3769.002
3715.196
3706.888
3728.803
3714.444
3720.551
3723.677
3728.12
3717.582
3718.07
3714.943
3719.041
3724.646
3732.848
3728.405
3733.816
3720.968
3699.703
3667.456
3663.206
3682.814
3661.814
3661.814
3661.814
3652.145
3652.145
3648.755
3643.22
3643.22
3649.606
3649.606
3649.606
3641.013
3646.547
3653.047
3654.009
3656.072
3659.463
3682.666
3677.744
3677.744
3685.844
3692.344
3692.344
3654.969
3647.82
3651.211
3671.686
3697.623
3697.623
3697.623
3701.117
3701.117
3702.08
3704.23
3704.23
3704.23
3704.23
3704.23
3704.23
3705.192
3710.727
3709.764
3707.614
3694.883
3691.795
3691.795
3691.795
3691.795
3691.795
3711.283
3705.845
3695.884
3697.697
3716.878
3720
3723.844
3728.766
3757.088
3784.65
3788.7
3789.225
3789.225
3814.538
3825.727
3827.877
3829.4
3829.4
3827.25
3827.25
3831.352
3831.352
3833.62
3833.62
3833.62
3829.777
3829.777
3829.777
3845.714
3847.673
3847.673
3847.673
3847.673
3851.361
3865.361
3873.564
3873.564
3873.564
3873.564
3871.752
3891.359
3900.384
3900.384
3899.859
3899.859
3899.859
3904.498
3909.598
3909.598
3909.598
3907.33
3921.705
3921.705
3918.017
3916.522
3916.522
3907.928
3904.241
3904.241
3904.241
3904.775
3904.775
3866.485
3882.267
3882.267
3881.142
3881.142
3881.142
3894.969
3895.497
3897.583
3924.542
3928.542
3933.619
3952.985
3954.065
3954.065
3954.065
3955.19
3955.19
3955.19
3955.19
3960.029
3960.029
3967.696
3967.696
3967.696
3972.773
3981.199
4018.113
4019.347
4029.329
4036.037
4036.037
4036.037
4036.037
4036.037
4038.346
4038.346
4046.772
4047.897
4051.897
4051.897
4051.897
4054.205
4057.02
4057.02
4054.934
4054.934
4054.934
4054.934
4054.934
4054.934
4064.772
4025.796
4022.154
4017.821
4000.321
3996.679
3969.457
3969.457
3969.457
3969.457
4017.825
4014.331
4013.797
4013.797
4013.797
4015.859
4015.859
4009.359
4009.359
4005.866
4005.866
3997.334
3993.284
3992.191
3974.184
3975.434
3989.15
3987.9
4002.275
3995.775
3992.653
4006.025
3978.114
3975.937
3975.177
3975.177
3969.709
3962.665
3948.108
3949.911
3917.946
3963.676
3991.946
3991.99
4016.726
4021.226
4021.72
4028.854
4028.854
4028.854
4035.521
4031.938
4031.938
4034.143
4054.498
4055.667
4059.144
4059.144
4058.651
4062.234
4063.003
4063.003
4063.003
4052.965
4044.317
4044.317
4044.362
4044.362
4044.362
4066.285
4046.298
4046.298
4046.298
4046.837
4049.003
4051.013
4051.013
4025.051
4015.359
4029.718
4029.718
4029.718
4034.077
4034.077
4034.077
4035.359
4045.724
4047.583
4047.583
4052.083
4060.064
4058.848
4036.925
4032.425
4016.079
4013.912
4013.912
4012.053
4003.014
4003.014
4004.231
4004.231
4004.231
4004.231
4004.276
3998.737
3998.737
3998.737
3997.175
3997.175
4048.086
4044.456
4044.456
4047.664
4051.869
4013.037
4017.245
4007.076
3993.849
3992.849
3983.031
3983.031
3982.985
3982.985
3982.985
3987.193
3986.193
3977.265
3967.524
3967.479
3971.31
3971.31
3971.31
3971.31
3971.31
3975.518
3987.907
3987.907
3987.907
3988.073
3988.073
3988.073
3988.073
3981.482
3990.242
3991.425
3991.425
3993.782
3993.782
3983.737
3979.529
3958.909
3956.714
3956.714
3947.786
3945.935
3941.731
3939.588
3938.005
3917.758
3907.409
3907.409
3907.409
3848.409
3842.799
3838.383
3840.419
3843.662
3850.416
3856.857
3856.857
3870.084
3880.433
3882.576
3887.917
3892.122
3892.122
3896.602
3900.81
3903.167
3903.167
3903.508
3923.856
3923.856
3923.856
3915.44
3915.44
3915.44
3914.208
3910.964
3906.679
3898.614
3898.614
3879.906
3871.042
3862.977
3852.932
3852.591
3850.357
3850.357
3847.114
3826.742
3807.89
3807.89
3813.231
3809.601
3809.601
3805.185
3805.185
3805.185
3823.893
3805.041
3804.041
3803.541
3810.294
3815.904
3816.459
3812.937
3806.183
3803.989
3810.742
3802.219
3799.862
3794.112
3790.904
3789.021
3779.524
3779.524
3779.524
3779.524
3778.524
3778.524
3778.524
3778.524
3772.914
3772.914
3756.356
3748.929
3750.065
3753.588
3752.013
3731.641
3739.937
3743.144
3750.201
3750.201
3757.429
3757.429
3766.188
3773.615
3775.758
3775.758
3775.758
3771.765
3770.581
3770.581
3770.581
3774.412
3770.89
3780.781
3780.781
3781.964
3776.873
3780.867
3780.299
3766.049
3770.253
3780.034
3780.034
3780.034
3769.865
3759.516
3759.516
3759.516
3752.925
3752.925
3752.925
3758.016
3758.016
3767.834
3776.698
3776.698
3776.698
3774.269
3774.269
3777.792
3770.365
3785.3
3757.232
3758.464
3683.192
3683.192
3681.906
3687.458
3687.458
3686.274
3688.508
3675.281
3669.531
3669.531
3668.232
3668.232
3653.297
3653.297
3638.362
3638.362
3638.362
3638.362
3634.531
3632.68
3633.912
3647.14
3647.14
3647.14
3645.586
3645.586
3647.437
3634.468
3634.468
3634.468
3634.468
3634.468
3634.468
3636.021
3636.021
3626.524
3626.524
3628.375
3632.206
3632.206
3632.206
3632.206
3658.586
3658.586
3659.109
3661.537
3661.537
3661.537
3662.769
3662.769
3663.11
3663.11
3664.294
3664.294
3664.294
3663.062
3663.062
3663.062
3663.841
3663.841
3666.269
3679.497
3679.542
3679.542
3688.065
3689.916
3690.695
3690.695
3690.695
3683.994
3670.766
3670.766
3657.584
3657.419
3664.646
3651.419
3651.419
3651.419
3649.185
3649.185
3648.406
3641.179
3639.625
3634.284
3633.052
3632.052
3632.052
3630.869
3625.57
3625.57
3629.831
3705.104
3706.403
3708.286
3712.49
3771.49
3790.343
3786.081
3776.584
3781.925
3803.198
3809.899
3803.146
3830.094
3850.744
3860.312
3863.273
3863.273
3853.313
3863.662
3863.357
3872.286
3853.433
3853.433
3846.732
3847.964
3847.964
3842.851
3845.208
3842.851
3842.851
3843.851
3863.136
3863.136
3864.69
3871.443
3871.443
3872.627
3872.627
3872.627
3872.627
3863.471
3862.815
3871.679
3880.201
3900.331
3914.234
3914.234
3914.234
3914.234
3916.429
3916.429
3888.435
3888.435
3881.208
3876.649
3879.078
3880.961
3880.961
3878.727
3875.097
3874.318
3874.318
3867.565
3876.721
3861.786
3861.286
3880.571
3887.273
3888.571
3867.532
3869.669
3869.669
3854.182
3854.182
3849.734
3849.734
3849.568
3849.568
3844.016
3835.088
3833.505
3833.505
3841.57
3843.713
3839.505
3877.36
3880.735
3872.49
3871.205
3870.068
3870.568
3867.193
3867.193
3889.401
3863.102
3857.989
3854.466
3847.039
3844.682
3824.552
3823.773
3826.201
3835.065
3844.883
3845.883
3849.877
3872.084
3871.539
3870.356
3865.807
3846.955
3847.756
3845.873
3845.873
3825.502
3827.385
3827.385
3827.726
3827.726
3836.589
3844.654
3864.997
3866.282
3871.373
3875.932
3878.075
3878.075
3858.513
3884.812
3896.955
3899.091
3899.091
3888.279
3880.852
3873.625
3873.625
3868.326
3872.885
3872.885
3876.716
3875.716
3875.716
3868.289
3855.062
3846.133
3837.373
3857.745
3857.745
3836.472
3835.336
3833.753
3833.208
3822.708
3822.162
3818.532
3811.106
3811.106
3811.106
3784.807
3784.807
3765.808
3761.547
3765.112
3765.112
3765.112
3765.112
3765.157
3765.157
3765.157
3765.157
3766.39
3767.39
3767.39
3767.39
3767.39
3767.555
3769.138
3777.898
3777.898
3784.018
3784.018
3784.018
3775.602
3775.602
3771.771
3771.771
3771.771
3771.771
3776.862
3776.862
3772.654
3772.654
3772.654
3773.838
3765.078
3768.909
3768.909
3768.909
3768.909
3768.909
3768.909
3783.455
3785.649
3789.911
3798.839
3798.839
3798.839
3798.839
3798.839
3802.67
3802.505
3803.505
3803.505
3803.505
3803.67
3803.67
3790.489
3789.305
3789.305
3789.305
3790.888
3789.266
3788.266
3797.13
3793.922
3787.481
3783.276
3781.133
3775.792
3772.549
3772.549
3768.068
3768.068
3768.068
3768.068
3747.448
3734.221
3734.221
3732.185
3727.977
3733.318
3733.318
3733.318
3733.659
3733.659
3731.302
3732.302
3732.302
3732.302
3725.549
3715.2
3717.557
3717.557
3717.557
3717.557
3717.557
3736.409
3739.784
3742.141
3752.187
3760.602
3760.602
3760.602
3764.481
3764.481
3774.981
3774.981
3774.64
3776.222
3776.222
3783.995
3800.554
3802.317
3802.362
3804.557
3809.037
3802.253
3802.253
3802.253
3802.253
3802.253
3822.352
3830.635
3830.635
3830.635
3856.933
3856.933
3895.765
3895.765
3906.114
3906.114
3907.114
3907.328
3907.328
3904.078
3898.328
3898.328
3913.263
3918.377
3921.62
3924.828
3979.333
3985.774
4007.982
4007.982
4013.732
4017.255
4026.183
4044.781
4044.781
4054.826
4054.826
4054.826
4057.021
4057.021
4060.651
4068.078
4070.312
4068.078
4068.078
4068.078
4076.838
4090.065
4090.065
4095.815
4095.815
4097.666
4097.666
4098.666
4097.482
4097.482
4097.482
4090.625
4089.071
4079.253
4081.487
4080.942
4065.07
4063.516
4063.516
4063.516
4063.516
4063.516
4061.088
4061.088
4061.088
4071.338
4071.338
4071.338
4071.338
4071.338
4071.338
4066.122
4066.122
4066.122
4047.179
4045.261
4045.261
4042.573
4034.508
4034.508
4024.008
4018.917
4018.917
4029.266
4029.266
4014.721
4014.721
4014.721
4013.537
4013.537
3984.901
3984.901
3984.346
3986.541
3986.541
3986.541
3986.541
3986.541
3986.541
3987.724
3987.724
3979.659
3972.602
3948.495
3921.547
3920.411
3918.268
3913.787
3911.904
3910.768
3904.015
3889.08
3881.852
3875.151
3874.015
3874.015
3865.151
3856.222
3847.359
3847.313
3838.791
3832.2
3841.128
3833.901
3801.106
3778.898
3800.17
3801.17
3826.497
3834.912
3841.969
3839.735
3841.619
3841.959
3838.739
3838.739
3849.55
3850.352
3876.651
3883.093
3856.794
3856.794
3878.612
3888.657
3883.106
3883.106
3888.657
3868.729
3853.794
3853.794
3852.992
3852.992
3852.651
3852.651
3850.768
3850.768
3865.703
3867.937
3867.937
3867.937
3867.937
3867.937
3878.748
3878.748
3878.748
3868.399
3864.138
3858.528
3855.153
3859.711
3863.705
3859.711
3863.086
3863.086
3861.787
3859.644
3839.024
3835.781
3834.597
3830.039
3824.289
3819.198
3808.698
3787.976
3749.144
3754.894
3775.266
3813.825
3813.825
3815.123
3821.714
3821.714
3832.214
3837.825
3837.192
3838.375
3843.466
3843.466
3845.438
3838.847
3838.893
3861.101
3862.386
3862.386
3871.883
3910.714
3911.898
3930.307
3940.476
3941.109
3941.742
3942.974
3933.201
3909.094
3909.094
3909.094
3910.977
3915.393
3895.464
3896.01
3899.218
3896.984
3905.847
3906.787
3909.144
3909.144
3879.719
3866.472
3862.479
3856.037
3839.479
3837.896
3809.26
3809.26
3809.26
3804.998
3804.998
3809.557
3809.011
3806.654
3806.654
3796.485
3770.187
3766.943
3766.943
3766.943
3793.891
3788.593
3788.593
3788.593
3788.593
3792.586
3794.82
3795.365
3795.365
3799.196
3797.313
3797.313
3797.313
3807.813
3802.862
3800.719
3800.674
3725.401
3723.818
3738.068
3732.898
3729.375
3722.674
3721.49
3694.542
3684.497
3688.019
3692.281
3693.06
3691.924
3691.924
3694.067
3699.407
3699.407
3704.498
3705.635
3705.635
3698.208
3698.208
3696.065
3700.058
3700.058
3700.058
3696.536
3696.536
3703.963
3703.963
3703.963
3703.963
3693.794
3714.166
3724.334
3724.334
3729.675
3750.047
3748.864
3753.344
3753.344
3749.351
3782.146
3782.146
3803.419
3803.419
3804.278
3804.278
3794.206
3794.206
3795.39
3790.299
3790.299
3790.299
3793.821
3778.886
3778.244
3777.244
3777.244
3777.244
3777.244
3773.614
3770.406
3766.883
3756.714
3747.955
3747.955
3762.89
3770.117
3771.3
3780.06
3790.56
3792.2
3793.432
3793.432
3813.083
3813.083
3813.248
3833.62
3833.62
3833.62
3838.961
3838.961
3838.961
3847.89
3847.844
3844.883
3836.468
3834.885
3829.135
3829.135
3825.612
3824.38
3809.834
3789.214
3789.214
3780.692
3779.692
3763.133
3763.088
3763.088
3744.235
3723.864
3723.864
3723.084
3716.643
3716.097
3731.032
3716.097
3716.052
3708.825
3667.825
3658.328
3657.029
3635.99
3635.99
3627.062
3638.206
3638.114
3641.321
3639.179
3698.179
3712.429
3710.393
3710.393
3686.286
3684.052
3675.636
3708.432
3714.042
3742.679
3743.977
3765.016
3765.818
3784.67
3788.3
3795.002
3805.433
3830.49
3840.308
3842.503
3851.659
3852.438
3854.581
3867.808
3868.149
3865.721
3858.664
3858.664
3854.456
3847.703
3826.43
3826.93
3826.93
3826.93
3826.93
3856.356
3856.356
3849.299
3864.234
3864.234
3864.234
3851.606
3852.709
3839.528
3834.187
3827.433
3822.32
3820.177
3820.177
3809.828
3810.607
3810.607
3809.424
3800.56
3826.859
3799.911
3809.956
3830.576
3836.128
3836.128
3857.946
3859.179
3861.321
3859.286
3860.065
3860.11
3865.451
3858.698
3859.253
3859.253
3859.253
3859.253
3859.253
3918.253
3920.61
3924.818
3934.864
3941.305
3945.51
3945.169
3945.169
3939.828
3939.828
3948.351
3952.555
3967.101
3967.101
3967.101
3967.101
3967.442
3967.442
3986.294
3986.294
3986.635
3986.635
3988.83
3990.865
3988.508
3988.508
3998.857
4012.084
4012.084
4012.084
4016.565
4016.565
4019.808
4026.562
4026.562
4026.562
4022.731
4018.899
4008.399
4008.399
4008.399
4008.399
4008.399
4008.399
4003.308
4003.308
4003.308
4003.143
4003.143
4003.143
4003.143
3999.312
3999.312
3999.312
3999.312
3999.312
4000.865
4000.865
4014.093
4014.093
4012.909
4012.909
4012.909
4012.909
4012.909
4016.74
4016.906
4016.906
4018.089
4018.089
4018.089
4018.089
4033.024
4033.024
4037.44
4037.44
4036.256
4067.43
4050.872
4069.724
4071.307
4081.198
4082
4082
4088.753
4088.753
4103.209
4103.209
4103.209
4093.041
4086.287
4086.287
4086.287
4086.287
4085.485
4086.784
4108.057
4122.992
4123.492
4123.492
4123.492
4133.841
4144.19
4144.19
4152.713
4155.674
4154.091
4154.091
4154.091
4154.091
4154.091
4152.792
4152.792
4176.369
4178.602
4178.602
4182.433
4186.992
4186.992
4186.992
4185.856
4186.401
4192.424
4183.268
4182.268
4178.638
4170.343
4170.343
4170.343
4166.138
4165.593
4126.761
4126.716
4133.307
4112.687
4110.651
4130.58
4132.43
4118.18
4118.18
4113.972
4112.674
4112.674
4111.674
4107.115
4102.911
4097.359
4087.19
4065.372
4058.619
4055.411
4046.995
4079.791
4100.411
4100.411
4139.242
4139.242
4139.287
4128.476
4102.177
4097.761
4100.119
4107.175
4101.425
4046.92
4033.739
4006.791
3992.245
3971.873
3968.666
3965.143
3964.588
4014.878
4010.615
3989.975
3993.262
3987.85
3983.587
3979.324
3979.324
3976.936
4029.915
4004.19
4004.19
4004.143
3983.228
3962.562
3954.937
3951.607
3944.673
3943.647
3935.367
3933.742
3920.162
3916.228
3916.228
3916.228
3913.808
3912.488
3909.995
3879.785
3879.785
3860.578
3851.585
3844.165
3844.165
3834.085
3834.085
3834.085
3831.885
3824.26
3813.82
3815.035
3825.66
3825.66
3833.285
3833.285
3832.118
3826.892
3836.314
3869.541
3869.541
3868.342
3847.702
3851.748
3853.919
3853.919
3859.512
3829.76
3830.896
3845.146
3848.669
3845.146
3802.619
3807.644
3769.614
3769.614
3814
3824.038
3824.038
3820.561
3820.561
3810.644
3810.644
3801.83
3781.893
3755.931
3748.599
3745.397
3730.654
3730.654
3725.606
3719.929
3725.337
3724.349
3722.144
3683.811
3630.005
3623.646
3624.633
3624.633
3624.633
3611.575
3611.575
3611.575
3601.359
3598.192
3598.192
3598.192
3598.192
3598.192
3598.192
3598.192
3600.397
3603.093
3603.093
3581.17
3583.567
3583.567
3583.567
3583.567
3583.567
3590.471
3580.106
3577.939
3577.939
3590.715
3590.715
3590.715
3590.715
3590.715
3590.715
3590.715
3590.715
3590.715
3600.149
3602.316
3602.316
3602.316
3603.484
3603.484
3603.484
3611.958
3610.79
3610.79
3610.79
3610.79
3610.79
3610.79
3610.79
3610.79
3610.79
3610.79
3610.79
3610.79
3610.454
3608.248
3591.582
3583.168
3579.691
3579.691
3578.157
3578.157
3578.157
3578.157
3574.679
3569.407
3569.407
3569.407
3562.74
3562.74
3569.407
3570.941
3570.941
3572.8
3578.03
3585.362
3604.67
3606.997
3606.997
3610.779
3610.779
3608.92
3618.958
3618.958
3618.958
3618.958
3618.958
3622.436
3622.436
3618.654
3616.327
3621.599
3621.599
3621.599
3621.599
3621.599
3611.564
3611.564
3605.218
3604.944
3600.463
3600.463
3599.694
3593.027
3585.893
3585.893
3585.893
3585.893
3584.357
3582.53
3581.314
3578.147
3572.263
3572.263
3550.34
3547.417
3545.59
3508.58
3499.83
3499.83
3498.548
3493.067
3489.285
3485.343
3480.071
3473.104
3472.335
3472.335
3468.184
3468.184
3453.441
3453.441
3452.454
3443.008
3439.841
3421.377
3425.8
3424.199
3426.314
3426.04
3406.577
3407.125
3411.276
3416.548
3412.859
3400.859
3397.218
3400.42
3402.429
3422.785
3420.67
3410.753
3408.744
3404.593
3414.809
3462.553
3462.889
3461.673
3455.006
3455.006
3468.064
3409.821
3416.179
3405.963
3401.809
3404.136
3414.053
3407.694
3414.361
3418.514
3416.188
3415.851
3417.067
3414.67
3398.567
3378.894
3370.144
3369.353
3348.583
3348.583
3344.083
3342.867
3340.752
3338.354
3325.296
3325.296
3325.845
3330.87
3330.87
3329.702
3329.702
3329.702
3329.538
3325.756
3325.756
3325.756
3325.756
3325.756
3344.367
3348.521
3348.521
3349.689
3352.891
3361.538
3340.253
3361.519
3390.848
3390.848
3410.272
3410.272
3422.076
3422.237
3425.972
3428.06
3428.06
3428.06
3425.693
3417.054
3395.408
3394.255
3391.761
3391.033
3386.729
3385.97
3385.809
3385.809
3385.267
3371.09
3371.09
3333.242
3331.153
3324.571
3321.138
3321.138
3321.138
3316.176
3312.441
3302.207
3303.271
3303.271
3294.964
3294.964
3286.324
3286.324
3294.185
3313.301
3318.769
3321.896
3327.06
3327.06
3329.044
3329.804
3335.009
3343.649
3346.226
3360.403
3360.403
3370.195
3373.733
3353.877
3364.044
3382.419
3391.343
3423.309
3417.84
3408.916
3420.305
3422.394
3450.305
3463.198
3463.957
3453.79
3421.824
3420.559
3400.052
3397.964
3373.541
3360.649
3357.111
3359.25
3359.25
3349.68
3349.68
3350.946
3350.946
3350.187
3349.854
3349.073
3321.161
3319.022
3325.554
3319.022
3322.56
3323.342
3304.967
3305.299
3231.932
3231.932
3230.097
3228.261
3219.559
3219.559
3219.559
3209.989
3229.413
3242.305
3242.305
3242.305
3240.791
3238.987
3238.987
3238.987
3235.253
3245.421
3245.421
3265.519
3265.519
3266.72
3266.72
3272.188
3272.188
3273.703
3273.703
3271.335
3271.335
3279.538
3279.494
3288.75
3292.484
3291.283
3294.41
3308.967
3296.074
3298.441
3319.707
3323.805
3325.609
3338.521
3338.521
3338.565
3342.869
3342.869
3340.729
3321.109
3319.843
3319.843
3317.704
3298.28
3284.103
3275.179
3271.889
3214.383
3214.383
3215.536
3230.309
3233.47
3234.671
3233.517
3242.055
3262.79
3248.233
3248.233
3255.277
3261.555
3285.608
3290.813
3302.139
3302.139
3292.033
3285.077
3285.236
3285.236
3276.805
3286.911
3267.303
3274.694
3273.508
3247.292
3259.884
3243.659
3240.613
3240.613
3261.466
3261.466
3261.311
3256.296
3276.275
3276.275
3276.275
3258.353
3248.372
3229.557
3219.719
3201.798
3211.636
3211.636
3211.636
3211.636
3207.585
3206.108
3199.738
3199.738
3198.566
3193.489
3194.66
3203.688
3201.448
3202.924
3202.924
3193.897
3196.137
3196.137
3196.137
3189.718
3189.718
3196.088
3194.963
3196.088
3196.088
3201.165
3207.585
3211.636
3211.636
3211.636
3211.636
3210.685
3211.636
3209.395
3199.557
3198.052
3194.41
3194.41
3192.906
3202.573
3218.313
3218.313
3220.554
3220.554
3221.073
3221.073
3221.073
3221.073
3219.568
3219.568
3219.568
3217.778
3217.259
3217.259
3217.259
3242.259
3243.764
3248.801
3248.801
3254.924
3258.721
3256.48
3277.591
3279.381
3279.381
3275.585
3288.177
3288.177
3292.228
3290.105
3309.049
3312.133
3312.133
3314.256
3342.228
3369.451
3369.451
3361.784
3359.66
3359.185
3339.819
3336.611
3336.611
3327.583
3327.583
3328.346
3328.346
3328.346
3342.543
3342.543
3347.58
3356.068
3359.417
3359.944
3368.37
3368.528
3369.003
3369.003
3375.423
3378.631
3378.631
3378.631
3378.631
3376.872
3374.785
3371.144
3371.144
3371.1
3371.1
3371.1
3366.841
3358.415
3399.433
3399.433
3399.433
3399.433
3399.389
3395.139
3393.027
3394.213
3401.975
3401.975
3403.114
3430.677
3433.527
3439.061
3441.02
3441.02
3444.411
3457.142
3457.142
3458.666
3458.666
3458.666
3453.322
3453.322
3433.475
3433.475
3433.475
3433.475
3433.475
3432.941
3473.509
3467.085
3507.035
3507.035
3507.035
3492.676
3535.802
3535.802
3535.802
3535.802
3531.541
3527.911
3519.151
3510.735
3492.326
3492.01
3492.01
3483.081
3474.666
3452.458
3452.458
3442.412
3422.041
3421.724
3420.724
3419.724
3398.451
3397.268
3391.518
3374.959
3371.128
3371.128
3371.128
3366.57
3360.82
3355.209
3355.209
3344.709
3305.878
3300.787
3300.787
3297.412
3290.821
3290.821
3290.821
3286.828
3285.644
3285.644
3284.346
3282.203
3271.703
3270.567
3260.398
3256.875
3256.096
3288.891
3299.24
3309.409
3304.193
3305.68
3300.711
3359.711
3350.433
3357.86
3325.065
3326.248
3332.839
3325.982
3328.125
3332.119
3342.55
3338.557
3336.414
3326.245
3322.722
3327.813
3313.563
3312.427
3307.336
3308.472
3311.995
3291.623
3269.534
3283.601
3248.72
3191.214
3183.975
3180.848
3171.057
3162.519
3162.475
3162.313
3158.212
3158.212
3158.212
3158.212
3157.237
3157.237
3157.237
3155.695
3155.695
3155.695
3155.695
3155.695
3145.46
3144.259
3144.259
3144.259
3143.728
3133.19
3121.573
3112.316
3074.468
3069.263
3068.009
3063.856
3062.881
3060.584
3056.217
3061.422
3071.214
3075.581
3074.38
3054.282
3050.184
3050.184
3043.905
3056.797
3060.899
3048.006
3047.465
3048.006
3030.906
3050.753
3052.713
3050.65
3051.836
3055.883
3045.922
3042.8
3045.655
3045.327
3041.277
2984.489
2974.82
2969.68
2970.008
2968.048
2974.548
2984.509
3030.797
3033.066
3035.128
3028.628
3034.828
3009.158
3007.972
2988.364
2979.833
3002.995
2999.869
2999.824
2994.66
2954.698
2926.786
2922.483
2921.723
2938.825
2930.518
2947.537
2920.589
2937.465
2936.913
2966.672
2956.592
2990.769
2984.066
3003.455
2987.702
3011.127
3026.88
3021.024
3027.818
3000.079
3015.11
3015.11
3046.147
3048.503
3048.503
3047.658
3036.253
3012.829
3010.473
3021.613
3021.253
3022.099
3020.113
3047.589
3047.589
3047.589
3049.575
3055.432
3055.432
3055.432
3055.432
3055.432
3047.988
3041.193
3041.553
3032.676
2998.084
2983.053
2969.08
2963.447
2958.721
2930.296
2925.488
2925.488
2923.228
2922.642
2917.272
2917.098
2894.084
2892.836
2889.414
2869.529
2865.488
2842.063
2832.824
2811.803
2768.557
2764.118
2750.214
2750.214
2750.214
2750.214
2750.214
2734.461
2734.461
2733.639
2733.639
2705.899
2703.584
2703.584
2724.817
2713.901
2698.558
2708.914
2739.12
2750.123
2750.709
2785.301
2790.671
2790.671
2790.671
2795.106
2784.031
2784.031
2784.031
2784.031
2799.373
2801.935
2810.442
2810.442
2821.358
2822.606
2820.045
2820.045
2822.36
2822.36
2813.853
2813.853
2813.853
2813.853
2812.604
2812.604
2812.604
2823.68
2826.803
2826.803
2824.488
2824.488
2802.313
2787.283
2784.159
2784.159
2784.159
2785.214
2785.214
2788.598
2788.598
2811.759
2811.759
2811.759
2818.553
2818.553
2818.553
2812.488
2812.488
2811.433
2811.433
2818.83
2818.83
2818.83
2818.83
2818.83
2818.83
2816.474
2816.474
2816.474
2822.682
2826.397
2826.397
2834.89
2831.175
2831.175
2831.175
2831.175
2833.531
2841.365
2841.365
2847.43
2847.43
2838.012
2775.779
2772.396
2757.053
2756.478
2745.433
2745.433
2745.098
2738.146
2733.711
2733.351
2727.894
2724.473
2725.318
2695.348
2695.348
2698.86
2705.887
2705.887
2715.11
2722.453
2726.118
2763.095
2763.095
2762.26
2746.98
2746.98
2755.508
2746.285
2746.285
2746.113
2746.285
2751.799
2751.799
2751.221
2751.742
2761.032
2751.742
2748.076
2747.816
2740.789
2740.789
2740.789
2755.738
2755.738
2752.226
2746.713
2746.713
2745.902
2767.764
2767.236
2767.236
2767.188
2768.01
2748.125
2748.125
2717.92
2748.502
2746.21
2756.002
2744.845
2709.773
2740.398
2717.898
2717.064
2707.273
2713.273
2712.415
2708.533
2708.533
2708.533
2712.415
2734.915
2737.262
2735.873
2735.509
2736.366
2722.22
2723.609
2758.682
2765.849
2786.01
2812.807
2810.46
2810.825
2821.325
2835.47
2837.762
2848.918
2846.398
2846.398
2846.398
2832.252
2800.783
2784.811
2784.811
2822.349
2821.806
2817.018
2807.775
2765.662
2760.718
2754.697
2754.697
2745.454
2745.454
2745.454
2743.074
2743.074
2743.074
2738.13
2738.13
2714.046
2704.116
2704.116
2688.342
2683.553
2683.553
2683.553
2719.818
2718.463
2718.463
2718.413
2707.029
2686.291
2684.255
2677.005
2665.955
2665.955
2638.393
2616.471
2612.257
2589.575
2581.813
2545.738
2531.188
2509.13
2507.775
2495.775
2493.991
2493.38
2488.452
2477.402
2475.045
2472.805
2469.002
2457.618
2392.718
2390.125
2385.496
2385.121
2378.036
2372.161
2367.536
2360.45
2384.879
2399.45
2421.859
2423.161
2415.211
2418.779
2393.009
2383.234
2358.451
2346.734
2376.082
2384.147
2361.413
2344.746
2316.784
2328.502
2324.882
2318.922
2318.737
2377.752
2376.377
2376.562
2393.228
2363.88
2383.643
2359.555
2358.215
2364.263
2365.658
2377.377
2387.296
2394.59
2382.871
2382.871
2382.871
2381.585
2365.449
2361.46
2349.945
2341.535
2339.108
2272.3
2235.164
2256.535
2251.946
2246.095
2222.683
2214.802
2240.67
2249.335
2250.716
2288.977
2287.597
2299.46
2287.386
2293.326
2317.093
2333.718
2337.828
2339.153
2341.653
2349.653
2361.824
2430.657
2435.316
2447.39
2455.08
2442.83
2421.004
2415.686
2377.424
2360.799
2359.284
2357.125
2364.831
2360.292
2342.6
2330.554
2319.708
2349.035
2316.613
2329.246
2328.309
2350.816
2353.738
2388.131
2399.321
2401.583
2406.266
2418.694
2398.047
2416.016
2422.934
2462.391
2467.875
2469.438
2470.375
2460.927
2492.85
2492.85
2492.204
2489.973
2456.05
2470.449
2450.527
2462.762
2455.012
2451.109
2448.422
2446.518
2441.391
2475.262
2487.605
2484.677
2512.574
2516.688
2525.021
2550.97
2553.47
2560.504
2598.522
2591.487
2617.944
2639.927
2640.651
2679.716
2684.022
2689.323
2694.981
2722.912
2752.394
2769.981
2772.946
2776.075
2810.989
2819.541
2821.642
2832.815
2833.879
2834.616
2846.384
2845.72
2855.088
2843.235
2847.912
2848.131
2850.536
2859.35
2871.002
2890.494
2894.898
2901.814
2861.908
2862.55
2911.167
2920.367
2911.31
2861.477
2857.146
2856.117
2856.117
2851.596
2844.796
2832.196
2820.821
2820.608
2812.15
2812.15
2812.15
2792.983
2784.317
2784.317
2784.317
2790.85
2796.7
2807.058
2780.596
2780.596
2811.648
2821.998
2824.748
2824.748
2824.748
2827.165
2827.165
2827.602
2821.069
2821.069
2818.319
2814.202
2814.202
2814.202
2808.352
2808.352
2805.935
2777.435
2767.085
2813.54
2801.972
2767.65
2765.972
2752.358
2753.405
2750.608
2750.163
2737.35
2751.28
2748.366
2739.47
2737.746
2739.47
2727.315
2699.384
2702.439
2697.535
2696.452
2718.681
2710.967
2692.779
2732.154
2732.623
2735.569
2738.587
2756.775
2801.868
2806.859
2841.313
2891.882
2906.486
2920.232
2928.086
2950.239
2963.057
2972.439
2973.53
2933.439
2959.832
2968.877
2970.534
2986.97
2986.97
2981.084
2981.084
2981.084
3015.53
2987.348
2976.057
3029.481
3026.352
3005.611
3002.148
3005.611
2990.639
2949.806
2959.028
2962.157
2962.157
2962.157
2962.157
3003.012
3059.94
3011.377
3011.377
2995.93
2995.93
2995.93
2995.93
2995.93
2995.93
3039.85
3092.808
3092.808
3088.248
3088.248
3088.248
3072.31
3072.31
3073.85
3073.85
3078.845
3090.283
3123.883
3123.883
3144.253
3153.108
3163.028
3246.965
3251.905
3255.345
3253.805
3288.005
3347.805
3353.23
3366.98
3361.555
3358.115
3337.745
3337.745
3345.62
3345.62
3331.87
3297.67
3338.17
3361.17
3361.17
3351.25
3351.25
3366.72
3382.658
3382.658
3377.718
3368.863
3357.425
3330.035
3334.348
3318.268
3315.605
3314.335
3300.768
3287.363
3284.513
3279.573
3221.934
3199.385
3199.316
3196.971
3219.52
3219.588
3213.24
3218.083
3186.951
3156.863
3165.333
3168.127
3188.127
3175.422
3205.51
3211.858
3214.203
3205.733
3225.703
3231.488
3199.877
3193.339
3210.38
3190.793
3192.618
3196.214
3151.064
3164.861
3118.252
3118.252
3112.176
3102.62
3100.863
3091.234
3076.477
3076.477
3076.477
3076.477
3073.116
3070.9
3072.588
3071.162
3057.62
3057.62
3065.236
3065.236
3057.62
3084.588
3086.014
3095.644
3115.088
3145.421
3143.734
3143.734
3145.949
3153.505
3167.451
3110.639
3117.798
3152.877
3158.455
3160.18
3167.095
3180.391
3183.691
3194.089
3195.745
3224.266
3225.857
3230.789
3230.255
3230.255
3233.255
3241.745
3241.745
3247.336
3247.336
3247.336
3261.825
3276.061
3267.257
3262.055
3252.18
3252.18
3244.877
3252.005
3250.348
3204.434
3129.136
3122.009
3111.611
3097.375
3092.443
3072.493
3063.266
3034.745
3033.155
3033.155
3028.073
3015.664
3011.518
3010.427
3010.427
2996.364
2991.873
2984.455
2956.555
2948.7
2937.409
2917.045
2909.568
2909.568
2906.718
2904.9
2957.551
2933.94
2931.683
2977.186
2977.186
2949.797
2949.797
2949.797
2949.797
2957.962
2957.962
2957.962
2942.904
2942.904
2936.377
2923.916
2916.07
2906.68
2850.214
2836.993
2836.171
2858.286
2800.786
2805.784
2815.543
2820.76
2820.514
2835.053
2835.793
2822.668
2812.668
2820.144
2874.686
2873.475
2828.666
2806.55
2819.772
2820.017
2820.839
2877.305
2890.43
2900.43
2901.618
2943.689
2938.593
2933.275
2889.327
2946.827
2966.442
3003.546
2991.748
3007.296
3037.462
3052.786
3063.488
3063.733
3085.113
3092.873
3128.75
3155.941
3162.741
3108.796
3130.093
3131.85
3054.13
3085.796
3084.039
3084.039
3062.743
3031.076
3016.104
2997.215
2996.979
2996.979
2989.363
3001.854
2972.806
2968.181
2958.995
2921.495
2923.183
2912.877
2911.19
2896.433
2897.576
2877.257
2869.34
2866.655
2866.655
2866.169
2908.127
2898.942
2867.275
2866.132
2828.632
2828.632
2844.049
2840.863
2850.049
2850.049
2850.049
2860.111
2863.296
2871.213
2873.898
2833.427
2870.245
2890.195
2890.673
2875.536
2903.436
2924.345
2981.745
2940.55
2919.641
2940.757
2942.575
2945.575
2975.03
3001.423
3009.277
3022.095
3023.186
3063.277
3077.023
3078.145
3059.627
3045.882
3064.4
3099.48
3102.552
3148.466
3153.548
3168.152
3128.061
3101.668
3102.145
3056.232
3054.414
3053.323
3023.868
3011.05
3010.573
3009.45
2994.845
2959.766
2956.766
2951.684
2942.302
2939.23
2931.375
2940.757
2933.339
2912.223
2919.641
2950.732
2950.732
2985.28
2985.28
2988.407
3012.952
3015.589
3016.352
3016.352
3019.652
3033.889
3061.789
3061.789
3061.789
3061.789
3067.38
3062.839
3057.248
3027.793
3027.793
3025.577
2984.382
2947.564
2924.382
2918.416
2915.289
2912.652
2872.561
2872.561
2858.325
2855.025
2846.007
2845.243
2817.343
2798.798
2789.198
2786.198
2784.607
2784.607
2779.675
2765.439
2765.439
2755.041
2755.041
2753.384
2753.384
2724.864
2717.736
2717.736
2712.145
2697.657
2697.657
2697.657
2697.657
2694.257
2682.966
2702.916
2702.916
2717.405
2677.314
2707.859
2708.636
2754.55
2752.893
2738.193
2751.939
2759.066
2789.419
2786.289
2801.164
2804.294
2825.035
2836.535
2839.998
2839.998
2839.998
2880.831
2882.519
2859.564
2859.564
2865.45
2869.595
2869.595
2869.595
2897.777
2897.777
2897.777
2912.477
2912.477
2923.482
2916.93
2842.868
2839.289
2828.891
2814.827
2810.336
2795.848
2741.484
2733.434
2730.307
2725.375
2712.875
2694.357
2673.448
2636.63
2608.355
2606.955
2575.864
2535.773
2530.841
2530.841
2519.55
2517.334
2498.816
2540.868
2540.868
2540.868
2540.868
2532.669
2540.868
2539.181
2585.3
2615.866
2645.111
2645.111
2645.111
2648.068
2652.37
2649.413
2661.13
2662.92
2668.038
2687.255
2688.974
2730.578
2730.578
2732.877
2738.991
2795.406
2817.104
2822.222
2831.797
2832.962
2845.84
2833.976
2848.241
2849.047
2858.858
2914.259
2927.231
2870.816
2878.514
2890.741
2900.993
2905.896
2900.778
2899.613
2899.854
2892.156
2879.278
2869.703
2864.8
2851.828
2852.554
2906.671
2905.849
2905.603
2849.137
2834.599
2824.599
2857.434
2846.779
2846.779
2846.779
2835.566
2833.221
2833.221
2817.868
2871.325
2871.325
2837.125
2889.005
2889.005
2945.411
2945.411
2936.844
2936.844
2926.01
2920.359
2911.859
2920.427
2884.802
2882.826
2848.701
2832.099
2832.365
2815.521
2803.927
2716.492
2750.617
2767.219
2756.885
2732.927
2775.115
2862.549
2822.354
2808.302
2818.635
2832.688
2834.586
2829.383
2840.977
2840.977
2864.935
2864.935
2881.779
2873.211
2831.023
2863.703
2863.438
2863.438
2842.188
2840.289
2807.609
2807.609
2809.586
2800.586
2770.344
2753.609
2713.414
2709.977
2709.43
2715.253
2717.336
2718.586
2771.195
2786.945
2781.122
2777.602
2781.122
2793.38
2777.295
2775.981
2814.188
2763.503
2780.593
2779.316
2828.519
2829.09
2832.677
2843.609
2886.848
2866.476
2851.476
2882.362
2883.676
2902.699
2924.37
2933.046
2930.872
2946.198
2910.981
2910.052
2901.182
2887.095
2892.745
2957.745
2945.932
2954.802
2949.152
2932.717
2907.717
2906.375
2842.543
2856.63
2868.443
2853.497
2847.601
2846.764
2835.459
2835.182
2836.019
2899.851
2900.78
2915.726
2850.726
2835.889
2836.166
2847.47
2872.47
2887.307
2888.649
2899.682
2905.579
2922.014
2910.981
2914.152
2943.628
2945.736
2945.658
2908.325
2905.667
2887.817
2887.894
2853.794
2831.128
2825.639
2819.083
2796.45
2800.606
2793.411
2840.278
2830.46
2888.378
2861.634
2885.355
2899.253
2914.323
2931.328
2934.642
2941.503
2968.247
2963.898
2971.427
2977.172
3000.858
3000.858
3036.047
3106.074
3106.074
3102.682
3105.53
3143.333
3143.333
3138.854
3129.649
3126.801
3122.479
3121.461
3075.524
3036.524
3001.961
2994.149
2981.863
2972.071
2959.69
2957.432
2940.021
2937.851
2936.018
2917.045
2876.33
2872.307
2819.807
2793.14
2733.015
2728.563
2710.563
2695.777
2693.607
2656.702
2618.131
2599.158
2598.14
2558.14
2532.015
2585.875
2566.284
2560.723
2541.003
2531.442
2477.662
2474.125
2424.735
2417.235
2398.137
2398.137
2398.137
2360.71
2360.71
2359.686
2359.686
2349.735
2308.027
2308.027
2303.601
2303.601
2303.601
2299.405
2299.405
2257.698
2237.393
2224.14
2174.75
2158.945
2155.409
2154.768
2126.72
2099.957
2114.094
2155.583
2152.684
2125.541
2179.806
2229.871
2228.107
2227.743
2249.343
2256.768
2264.518
2279.018
2308
2309.764
2256.938
2274.938
2294.035
2294.389
2313.347
2302.014
2300.826
2378.215
2314.98
2316.135
2330.821
2312.24
2311.199
2309.53
2323.584
2244.226
2323.584
2316.253
2295.821
2281.767
2331.052
2378.154
2370.729
2355.204
2336.689
2251.261
2218.404
2213.95
2179.564
2162.786
2121.311
2108.968
2045.968
2075.068
2072.211
2070.496
2024.211
2025.975
2024.211
2002.611
1987.868
1967.725
2024.827
2048.452
2113.305
2108.452
2100.232
2105.202
2053.039
2083.467
2009.195
2014.048
2070.794
2071.566
2093.801
2114.537
2068.864
2070.579
2116.864
2119.721
2191.871
2171.309
2183.309
2205.767
2234.101
2249.559
2240.905
2271.986
2290.216
2336.432
2385.391
2330.631
2333.064
2343.609
2343.936
2395.859
2437.859
2458.292
2467.808
2470.144
2510.365
2497.647
2468.16
2360.548
2343.253
2301.253
2249.33
2249.003
2246.571
2246.571
2236.026
2236.026
2236.026
2215.295
2201.026
2201.026
2180.593
2178.256
2138.035
2144.699
2139.468
2168.955
2171.337
2171.01
2190.394
2207.894
2220.907
2222.49
2241.678
2255.263
2265.463
2249.263
2235.678
2242.459
2169.053
2187.765
2181.149
2180.21
2163.564
2180.332
2181.271
2164.503
2177.186
2178.229
2219.684
2220.003
2213.506
2184.756
2165.856
2153.169
2151.625
2114.951
2093.075
2146.071
2136.019
2182.993
2182.993
2182.993
2182.993
2129.704
2129.704
2113.362
2166.02
2166.02
2207.229
2207.229
2207.229
2203.201
2133.056
2088.056
2059.764
2058.097
2038.514
1977.264
1965.264
2006.671
2003.814
1948.689
1925.739
1933.725
1962.825
1941.225
1936.396
1950.654
1945.801
1945.029
1992.676
1993.449
2051.985
2015.257
2007.037
2071.89
2076.86
2097.596
2110.301
2112.066
2127.243
2121.589
2126.304
2147.904
2183.207
2192.708
2194.424
2197.201
2166.722
2109.083
2089.5
2084.306
2074.556
2004.41
1964.396
1952.097
1930.347
1898.403
1895.625
1896.75
1950.772
1926.993
1918.316
1914.125
1905.449
1883.941
1860.316
1909.205
1899.394
1895.769
1891.451
1885.784
1941.75
1971.484
1921.984
1947.717
2014.759
2014.759
2014.759
2063.571
2081.194
2043.472
2043.472
2033.426
2090.833
2090.833
2067.833
2064.319
2097.838
2037.838
2112.712
2112.712
2179.51
2174.635
2161.675
2245.214
2275.44
2282.255
2286.38
2258.615
2269.917
2361.792
2319.354
2324.326
2351.326
2365.413
2355.5
2359.462
2270.651
2455.193
2460.271
2478.719
2521.156
2445.969
2374.719
2332.219
2284.302
2256.198
2235.531
2212.344
2144.094
2110.891
2107.094
2041.734
2119.647
2115.522
2097.641
2100.943
2100.364
2161.881
1962.03
1929.292
1874.53
1838.53
1825.613
1685.792
1661.625
1649.25
1681.75
1655.875
1636.446
1603.946
1601.006
1600.399
1648.019
1577.388
1617.178
1615.151
1636.625
1725.174
1728.604
1792.164
1820.763
1854.868
1857.118
1857.789
1872.066
1927.963
1953.338
1966.331
2000.706
2058.206
2032.206
1937.268
1962.03
1970.077
1973.018
1945.054
1949.815
2070.065
2147.208
2180.78
2172.732
2097.426
2051.131
2016.767
2015.574
2008.074
1988.438
2001.142
1935.159
1932.432
1935.159
1942.659
1943.292
1981.542
1954.356
1971.831
2071.281
2072.594
2065.774
2134.899
2121.589
2157.589
2052.589
2047.827
2096.327
2019.185
1985.613
2081.806
2056.006
2042.444
2008.319
2007.681
2111.322
2050.796
2011.007
1997.329
1995.079
1968.368
1965.118
1943.645
1789.105
1850.306
1821.417
1655.306
1720.713
1682.596
1678.963
1561.963
1502.051
1462.434
1460.89
1347.397
1262.007
1252.066
1320.008
1269.805
1225.742
1193.492
1189.742
1088.492
1082.242
924.414
967.408
938.608
984.2
916.3
894.7
884.25
862.333
854.208
836.125
829.8
788.4
680.4
577.067
498.286
187.154
169.615
0
