0.087
0.037
0.037
0.038
0.039
0.036
0.128
0.059
0.044
0.042
0.04
0.039
0.037
0.038
0.134
0.038
0.054
0.063
0.041
0.038
0.23
0.092
0.038
0.035
0.04
0.036
0.104
0.038
0.037
0.082
0.047
0.037
0.037
0.036
0.037
0.105
0.039
0.096
0.035
0.038
0.039
0.04
0.044
0.038
0.036
0.039
0.036
0.087
0.041
0.035
0.036
0.104
0.035
0.092
0.054
0.037
0.038
0.038
0.038
0.037
0.037
0.04
0.038
0.091
0.05
0.035
0.038
0.036
0.036
0.037
0.098
0.043
0.044
0.039
0.037
0.093
0.046
0.114
0.046
0.043
0.042
0.116
0.036
0.036
0.039
0.053
0.061
0.121
0.037
0.039
0.037
0.035
0.038
0.036
0.04
0.094
0.039
0.036
0.07
0.095
0.08
0.099
0.036
0.037
0.035
0.039
0.035
0.036
0.065
0.137
0.14
0.169
0.042
0.113
0.09
0.048
0.043
0.054
0.042
0.101
0.046
0.096
0.055
0.072
0.101
0.037
0.036
0.039
0.035
0.036
0.036
0.04
0.035
0.035
0.036
0.039
0.036
0.084
0.083
0.039
0.092
0.117
0.041
0.047
0.04
0.035
0.042
0.036
0.111
0.129
0.124
0.071
0.142
0.044
0.156
0.151
0.046
0.038
0.037
0.036
0.04
0.038
0.036
0.039
0.036
0.036
0.035
0.091
0.131
0.088
0.037
0.04
0.036
0.038
0.098
0.108
0.088
0.106
0.044
0.042
0.063
0.037
0.034
0.05
0.056
0.052
0.05
0.037
0.115
0.135
0.045
0.116
0.124
0.051
0.114
0.128
0.054
0.045
0.048
0.047
0.043
0.065
0.079
0.037
0.053
0.049
0.059
0.132
0.036
0.035
0.036
0.091
0.038
0.035
0.039
0.037
0.036
0.036
0.039
0.035
0.036
0.054
0.04
0.036
0.037
0.036
0.158
0.038
0.036
0.036
0.039
0.035
0.051
0.04
0.155
0.049
0.078
0.047
0.059
0.057
0.203
0.055
0.056
0.055
0.152
0.05
0.145
0.05
0.045
0.048
0.108
0.159
0.068
0.076
0.046
0.037
0.12
0.043
0.05
0.043
0.044
0.047
0.041
0.036
0.036
0.041
0.036
0.036
0.199
0.059
0.07
0.059
0.073
0.071
0.136
0.12
0.038
0.102
0.121
0.241
0.045
0.043
0.049
0.181
0.056
0.05
0.037
0.039
0.053
0.035
0.036
0.039
0.037
0.08
0.086
0.043
0.04
0.04
0.036
0.098
0.087
0.047
0.125
0.04
0.16
0.102
0.042
0.043
0.062
0.049
0.042
0.046
0.042
0.043
0.104
0.042
0.04
0.04
0.056
0.04
0.13
0.09
0.053
0.051
0.052
0.071
0.053
0.054
0.051
0.038
0.037
0.037
0.036
0.038
0.035
0.09
0.037
0.037
0.035
0.037
0.05
0.042
0.132
0.132
0.048
0.041
0.046
0.043
0.043
0.046
0.043
0.035
0.035
0.09
0.081
0.045
0.042
0.051
0.043
0.049
0.042
0.043
0.122
0.045
0.042
0.046
0.043
0.039
0.035
0.037
0.035
0.035
0.037
0.035
0.035
0.038
0.036
0.035
0.104
0.035
0.039
0.035
0.085
0.035
0.038
0.089
0.088
0.141
0.055
0.05
0.152
0.056
0.051
0.115
0.172
0.043
0.047
0.038
0.043
0.04
0.105
0.039
0.094
0.043
0.037
0.04
0.044
0.042
0.044
0.045
0.037
0.047
0.036
0.036
0.095
0.099
0.045
0.051
0.047
0.044
0.041
0.037
0.039
0.054
0.052
0.042
0.114
0.051
0.048
0.048
0.13
0.116
0.042
0.036
0.036
0.094
0.084
0.034
0.095
0.041
0.056
0.128
0.042
0.039
0.035
0.035
0.082
0.043
0.043
0.095
0.125
0.052
0.049
0.049
0.05
0.05
0.047
0.093
0.036
0.084
0.051
0.04
0.088
0.051
0.097
0.044
0.05
0.047
0.062
0.036
0.042
0.072
0.036
0.035
0.036
0.038
0.087
0.108
0.045
0.042
0.044
0.044
0.045
0.043
0.043
0.042
0.071
0.07
0.048
0.043
0.043
0.046
0.12
0.043
0.043
0.051
0.05
0.055
0.167
0.05
0.053
0.075
0.166
0.183
0.047
0.04
0.097
0.049
0.06
0.044
0.052
0.15
0.043
0.045
0.15
0.061
0.053
0.058
0.037
0.038
0.037
0.102
0.038
0.036
0.089
0.035
0.051
0.046
0.042
0.121
0.051
0.211
0.089
0.089
0.063
0.066
0.066
0.069
0.092
0.119
0.115
0.104
0.139
0.114
0.129
0.068
0.072
0.159
0.093
0.05
0.168
0.164
0.054
0.054
0.158
0.049
0.052
0.094
0.096
0.05
0.112
0.053
0.141
0.051
0.05
0.149
0.089
0.102
0.088
0.155
0.057
0.06
0.17
0.175
0.068
0.057
0.076
0.057
0.052
0.052
0.051
0.051
0.05
0.045
0.043
0.043
0.044
0.044
0.043
0.041
0.044
0.046
0.09
0.047
0.05
0.051
0.051
0.052
0.048
0.11
0.043
0.045
0.043
0.042
0.113
0.113
0.044
0.121
0.044
0.046
0.043
0.045
0.041
0.117
0.042
0.046
0.119
0.043
0.045
0.05
0.051
0.064
0.057
0.052
0.063
0.054
0.051
0.081
0.044
0.045
0.045
0.036
0.035
0.036
0.036
0.089
0.038
0.038
0.066
0.067
0.043
0.071
0.181
0.162
0.038
0.035
0.034
0.035
0.036
0.036
0.038
0.036
0.036
0.036
0.047
0.12
0.044
0.123
0.045
0.041
0.042
0.116
0.114
0.045
0.043
0.12
0.119
0.117
0.106
0.106
0.112
0.052
0.049
0.049
0.053
0.175
0.06
0.056
0.059
0.057
0.183
0.042
0.042
0.045
0.043
0.042
0.044
0.12
0.041
0.041
0.119
0.041
0.045
0.077
0.05
0.054
0.055
0.055
0.157
0.418
0.047
0.048
0.042
0.043
0.139
0.065
0.132
0.11
0.105
0.222
0.084
0.041
0.035
0.085
0.078
0.042
0.042
0.042
0.043
0.042
0.035
0.037
0.036
0.033
0.038
0.035
0.036
0.037
0.034
0.036
0.035
0.038
0.036
0.09
0.034
0.082
0.045
0.042
0.043
0.043
0.043
0.045
0.042
0.043
0.042
0.046
0.043
0.043
0.043
0.046
0.119
0.05
0.12
0.115
0.051
0.044
0.055
0.05
0.05
0.051
0.163
0.075
0.045
0.043
0.045
0.045
0.149
0.045
0.124
0.043
0.052
0.05
0.045
0.049
0.045
0.051
0.049
0.053
0.048
0.059
0.06
0.057
0.059
0.059
0.056
0.059
0.055
0.162
0.044
0.118
0.15
0.054
0.05
0.049
0.051
0.048
0.048
0.053
0.052
0.05
0.051
0.05
0.05
0.153
0.05
0.037
0.036
0.215
0.051
0.088
0.083
0.042
0.042
0.042
0.046
0.043
0.052
0.051
0.054
0.05
0.05
0.052
0.049
0.051
0.049
0.066
0.053
0.05
0.051
0.053
0.158
0.049
0.135
0.038
0.037
0.036
0.036
0.035
0.035
0.045
0.043
0.042
0.046
0.042
0.042
0.152
0.051
0.051
0.052
0.054
0.043
0.042
0.041
0.042
0.041
0.052
0.131
0.108
0.035
0.036
0.091
0.081
0.08
0.078
0.05
0.049
0.049
0.051
0.161
0.057
0.059
0.056
0.06
0.042
0.047
0.043
0.042
0.043
0.042
0.065
0.072
0.043
0.042
0.044
0.043
0.043
0.046
0.044
0.049
0.121
0.044
0.112
0.133
0.038
0.036
0.035
0.036
0.035
0.035
0.087
0.1
0.041
0.047
0.044
0.045
0.043
0.043
0.09
0.042
0.046
0.045
0.045
0.06
0.056
0.115
0.043
0.043
0.045
0.114
0.044
0.046
0.047
0.043
0.041
0.043
0.045
0.043
0.047
0.113
0.047
0.043
0.116
0.043
0.042
0.042
0.042
0.042
0.042
0.113
0.046
0.045
0.118
0.047
0.112
0.045
0.145
0.115
0.107
0.044
0.048
0.043
0.045
0.042
0.042
0.045
0.041
0.057
0.059
0.061
0.056
0.059
0.075
0.059
0.057
0.056
0.047
0.046
0.045
0.047
0.042
0.042
0.043
0.047
0.043
0.122
0.042
0.044
0.046
0.117
0.042
0.121
0.041
0.042
0.043
0.042
0.044
0.043
0.043
0.044
0.042
0.043
0.042
0.043
0.045
0.043
0.042
0.042
0.042
0.043
0.044
0.042
0.14
0.043
0.105
0.064
0.05
0.044
0.112
0.042
0.043
0.046
0.045
0.044
0.046
0.044
0.042
0.045
0.046
0.043
0.046
0.044
0.045
0.045
0.043
0.049
0.044
0.044
0.042
0.043
0.044
0.042
0.047
0.077
0.049
0.044
0.132
0.047
0.043
0.042
0.046
0.128
0.054
0.05
0.05
0.059
0.06
0.061
0.057
0.043
0.047
0.044
0.042
0.115
0.047
0.043
0.129
0.043
0.042
0.045
0.045
0.056
0.06
0.057
0.06
0.158
0.058
0.057
0.059
0.045
0.044
0.042
0.043
0.043
0.043
0.046
0.045
0.036
0.036
0.099
0.042
0.043
0.045
0.115
0.035
0.039
0.084
0.086
0.037
0.034
0.036
0.095
0.042
0.044
0.042
0.125
0.049
0.05
0.155
0.17
0.06
0.056
0.056
0.057
0.176
0.067
0.064
0.086
0.063
0.065
0.065
0.065
0.043
0.115
0.12
0.049
0.052
0.05
0.142
0.048
0.153
0.037
0.038
0.035
0.036
0.058
0.06
0.038
0.036
0.035
0.094
0.034
0.036
0.115
0.083
0.045
0.043
0.129
0.142
0.112
0.042
0.128
0.148
0.044
0.047
0.043
0.043
0.048
0.047
0.042
0.043
0.08
0.061
0.183
0.057
0.056
0.056
0.181
0.059
0.192
0.064
0.066
0.065
0.067
0.213
0.063
0.202
0.069
0.188
0.045
0.042
0.043
0.045
0.044
0.044
0.043
0.053
0.052
0.14
0.052
0.049
0.16
0.056
0.177
0.063
0.043
0.048
0.043
0.044
0.043
0.044
0.042
0.115
0.044
0.045
0.125
0.049
0.049
0.175
0.057
0.181
0.054
0.05
0.049
0.146
0.076
0.064
0.064
0.067
0.065
0.066
0.068
0.043
0.044
0.045
0.043
0.043
0.043
0.042
0.036
0.036
0.036
0.045
0.051
0.043
0.047
0.042
0.042
0.045
0.043
0.05
0.054
0.053
0.05
0.162
0.057
0.059
0.056
0.057
0.05
0.043
0.082
0.045
0.042
0.044
0.043
0.044
0.119
0.043
0.051
0.043
0.122
0.05
0.128
0.049
0.146
0.043
0.042
0.067
0.052
0.042
0.055
0.05
0.148
0.036
0.047
0.042
0.049
0.053
0.049
0.051
0.049
0.053
0.05
0.042
0.043
0.042
0.13
0.05
0.052
0.05
0.051
0.123
0.036
0.046
0.036
0.066
0.12
0.081
0.093
0.05
0.046
0.108
0.084
0.059
0.046
0.046
0.045
0.043
0.052
0.051
0.052
0.049
0.05
0.05
0.052
0.048
0.051
0.16
0.147
0.056
0.056
0.125
0.569
0.156
0.294
0.048
0.122
0.053
0.059
0.057
0.153
0.05
0.053
0.044
0.043
0.052
0.05
0.049
0.054
0.049
0.049
0.036
0.091
0.035
0.091
0.083
0.151
0.05
0.151
0.06
0.045
0.047
0.042
0.042
0.044
0.044
0.041
0.049
0.053
0.05
0.05
0.147
0.05
0.053
0.05
0.154
0.153
0.056
0.059
0.056
0.057
0.043
0.042
0.042
0.058
0.055
0.138
0.056
0.178
0.06
0.06
0.058
0.056
0.059
0.169
0.058
0.18
0.061
0.057
0.06
0.056
0.06
0.127
0.144
0.059
0.05
0.049
0.049
0.052
0.146
0.056
0.05
0.051
0.044
0.043
0.049
0.052
0.049
0.049
0.053
0.049
0.152
0.14
0.059
0.067
0.059
0.057
0.167
0.044
0.035
0.052
0.056
0.043
0.113
0.042
0.132
0.046
0.043
0.058
0.178
0.173
0.058
0.062
0.043
0.043
0.059
0.05
0.051
0.06
0.056
0.059
0.057
0.056
0.146
0.06
0.062
0.052
0.043
0.054
0.051
0.042
0.045
0.043
0.12
0.052
0.05
0.044
0.053
0.123
0.128
0.053
0.16
0.056
0.059
0.049
0.049
0.053
0.049
0.043
0.06
0.058
0.052
0.125
0.053
0.054
0.057
0.05
0.05
0.052
0.05
0.05
0.035
0.05
0.053
0.05
0.05
0.05
0.16
0.06
0.056
0.06
0.06
0.056
0.06
0.05
0.049
0.053
0.145
0.048
0.136
0.05
0.048
0.057
0.05
0.053
0.154
0.185
0.064
0.06
0.068
0.055
0.067
0.058
0.057
0.056
0.064
0.035
0.036
0.104
0.042
0.042
0.043
0.043
0.044
0.059
0.056
0.171
0.058
0.059
0.056
0.056
0.056
0.058
0.057
0.183
0.059
0.058
0.057
0.058
0.057
0.057
0.059
0.057
0.056
0.057
0.059
0.055
0.056
0.175
0.179
0.178
0.18
0.053
0.057
0.06
0.058
0.162
0.061
0.057
0.056
0.057
0.056
0.08
0.059
0.056
0.191
0.066
0.062
0.065
0.058
0.069
0.146
0.035
0.035
0.036
0.039
0.035
0.058
0.057
0.056
0.056
0.059
0.162
0.056
0.056
0.154
0.176
0.056
0.196
0.069
0.198
0.058
0.056
0.059
0.054
0.05
0.156
0.057
0.057
0.059
0.056
0.057
0.057
0.059
0.056
0.242
0.083
0.212
0.075
0.282
0.052
0.05
0.051
0.054
0.05
0.05
0.05
0.053
0.05
0.049
0.2
0.059
0.051
0.074
0.06
0.061
0.058
0.192
0.069
0.064
0.069
0.065
0.064
0.059
0.076
0.162
0.061
0.058
0.064
0.066
0.066
0.08
0.09
0.068
0.067
0.064
0.07
0.062
0.061
0.057
0.204
0.074
0.067
0.068
0.06
0.057
0.067
0.056
0.174
0.068
0.036
0.09
0.064
0.088
0.09
0.066
0.07
0.036
0.088
0.23
0.059
0.045
0.149
0.046
0.077
0.077
0.074
0.074
0.075
0.076
0.259
0.126
0.079
0.284
0.154
0.059
0.05
0.062
0.259
0.105
0.091
0.093
0.316
0.098
0.054
0.05
0.054
0.051
0.051
0.062
0.052
0.051
0.054
0.051
0.16
0.059
0.06
0.076
0.064
0.059
0.058
0.063
0.054
0.051
0.052
0.059
0.052
0.05
0.05
0.06
0.095
0.059
0.058
0.158
0.06
0.059
0.057
0.079
0.064
0.095
0.096
0.099
0.093
0.098
0.057
0.098
0.061
0.072
0.061
0.06
0.066
0.06
0.059
0.06
0.061
0.06
0.063
0.059
0.06
0.076
0.063
0.06
0.101
0.06
0.059
0.061
0.061
0.059
0.065
0.061
0.198
0.061
0.065
0.208
0.063
0.064
0.063
0.062
0.072
0.067
0.057
0.053
0.061
0.06
0.06
0.065
0.059
0.203
0.067
0.061
0.059
0.06
0.059
0.059
0.063
0.056
0.06
0.206
0.07
0.067
0.07
0.064
0.062
0.183
0.054
0.068
0.086
0.065
0.059
0.06
0.059
0.062
0.174
0.052
0.224
0.21
0.071
0.187
0.053
0.055
0.053
0.057
0.159
0.055
0.069
0.063
0.059
0.064
0.062
0.058
0.087
0.084
0.069
0.219
0.064
0.06
0.055
0.072
0.053
0.221
0.071
0.219
0.07
0.072
0.067
0.069
0.144
0.06
0.07
0.23
0.078
0.09
0.08
0.07
0.071
0.244
0.233
0.067
0.07
0.208
0.062
0.061
0.065
0.064
0.069
0.068
0.068
0.071
0.067
0.062
0.176
0.216
0.068
0.071
0.093
0.085
0.086
0.086
0.083
0.085
0.062
0.063
0.063
0.209
0.07
0.071
0.07
0.066
0.066
0.069
0.069
0.07
0.1
0.066
0.069
0.069
0.066
0.066
0.066
0.067
0.07
0.2
0.068
0.054
0.055
0.057
0.054
0.056
0.056
0.051
0.071
0.062
0.056
0.054
0.125
0.153
0.094
0.053
0.052
0.073
0.068
0.074
0.066
0.061
0.06
0.06
0.063
0.069
0.071
0.068
0.07
0.073
0.067
0.225
0.069
0.075
0.063
0.067
0.069
0.069
0.067
0.066
0.255
0.233
0.224
0.071
0.265
0.225
0.077
0.082
0.064
0.059
0.06
0.071
0.059
0.062
0.06
0.249
0.307
0.103
0.291
0.112
0.105
0.398
0.085
0.085
0.051
0.053
0.054
0.052
0.052
0.053
0.054
0.049
0.066
0.066
0.067
0.065
0.068
0.065
0.07
0.086
0.122
0.058
0.061
0.056
0.057
0.06
0.051
0.067
0.071
0.065
0.226
0.08
0.086
0.086
0.082
0.079
0.078
0.096
0.187
0.078
0.068
0.065
0.052
0.066
0.229
0.075
0.074
0.05
0.071
0.073
0.051
0.051
0.058
0.081
0.059
0.06
0.056
0.179
0.17
0.178
0.06
0.057
0.147
0.054
0.053
0.135
0.05
0.05
0.049
0.05
0.058
0.151
0.072
0.169
0.057
0.051
0.049
0.06
0.188
0.138
0.056
0.055
0.117
0.081
0.064
0.064
0.063
0.062
0.066
0.13
0.09
0.058
0.058
0.185
0.057
0.079
0.063
0.056
0.057
0.064
0.057
0.189
0.066
0.064
0.064
0.065
0.063
0.065
0.066
0.204
0.065
0.063
0.065
0.063
0.066
0.061
0.184
0.065
0.065
0.352
0.181
0.052
0.051
0.05
0.049
0.052
0.047
0.049
0.116
0.107
0.065
0.065
0.066
0.066
0.079
0.06
0.054
0.055
0.055
0.055
0.194
0.103
0.062
0.064
0.059
0.068
0.169
0.058
0.058
0.059
0.056
0.059
0.082
0.079
0.077
0.076
0.078
0.065
0.063
0.064
0.062
0.063
0.162
0.065
0.068
0.065
0.103
0.063
0.066
0.065
0.063
0.063
0.063
0.056
0.062
0.066
0.062
0.063
0.063
0.063
0.062
0.063
0.065
0.066
0.081
0.056
0.059
0.055
0.066
0.076
0.079
0.076
0.076
0.076
0.077
0.066
0.062
0.063
0.065
0.064
0.064
0.063
0.063
0.067
0.065
0.063
0.066
0.062
0.293
0.212
0.058
0.057
0.056
0.058
0.057
0.049
0.048
0.049
0.049
0.049
0.05
0.049
0.07
0.057
0.066
0.05
0.048
0.064
0.169
0.064
0.065
0.062
0.065
0.062
0.062
0.062
0.067
0.094
0.071
0.069
0.063
0.053
0.063
0.063
0.284
0.065
0.061
0.059
0.062
0.055
0.061
0.102
0.066
0.062
0.055
0.055
0.058
0.213
0.05
0.068
0.056
0.057
0.057
0.186
0.069
0.065
0.062
0.066
0.062
0.068
0.063
0.123
0.053
0.048
0.048
0.049
0.048
0.05
0.148
0.052
0.048
0.08
0.076
0.08
0.078
0.079
0.077
0.079
0.077
0.077
0.06
0.055
0.056
0.057
0.058
0.048
0.049
0.053
0.141
0.056
0.073
0.071
0.073
0.082
0.079
0.078
0.077
0.078
0.077
0.08
0.065
0.06
0.055
0.056
0.056
0.056
0.055
0.058
0.056
0.056
0.056
0.053
0.065
0.063
0.064
0.061
0.062
0.063
0.051
0.072
0.071
0.071
0.074
0.07
0.073
0.068
0.049
0.048
0.05
0.049
0.05
0.049
0.048
0.058
0.048
0.06
0.066
0.071
0.049
0.07
0.063
0.072
0.068
0.065
0.072
0.128
0.051
0.115
0.081
0.054
0.089
0.05
0.103
0.057
0.057
0.128
0.102
0.05
0.049
0.066
0.066
0.055
0.202
0.155
0.121
0.059
0.082
0.069
0.078
0.056
0.06
0.056
0.055
0.073
0.072
0.057
0.062
0.049
0.077
0.06
0.074
0.255
0.075
0.07
0.116
0.067
0.068
0.063
0.063
0.084
0.073
0.061
0.067
0.064
0.066
0.232
0.07
0.056
0.072
0.085
0.087
0.078
0.09
0.343
0.099
0.096
0.076
0.068
0.076
0.069
0.071
0.076
0.105
0.075
0.074
0.09
0.064
0.065
0.07
0.064
0.061
0.064
0.078
0.078
0.063
0.131
0.082
0.07
0.105
0.1
0.134
0.133
0.128
0.127
0.129
0.108
0.102
0.17
0.103
0.094
0.123
0.11
0.069
0.059
0.06
0.12
0.102
0.168
0.107
0.133
0.163
0.383
0.161
0.078
0.111
0.136
0.106
0.066
0.084
0.183
0.077
0.065
0.074
0.059
0.233
0.073
0.249
0.075
0.224
0.056
0.231
0.053
0.058
0.066
0.075
0.071
0.076
0.059
0.06
0.06
0.056
0.057
0.061
0.057
0.196
0.123
0.074
0.083
0.095
0.078
0.094
0.155
0.124
0.309
0.083
0.376
0.091
0.374
0.087
0.18
0.083
0.07
0.074
0.075
0.07
0.072
0.069
0.072
0.069
0.074
0.069
0.072
0.071
0.05
0.065
0.049
0.047
0.063
0.074
0.049
0.047
0.106
0.084
0.076
0.069
0.069
0.071
0.068
0.073
0.05
0.151
0.05
0.048
0.049
0.048
0.048
0.047
0.069
0.07
0.358
0.137
0.08
0.079
0.178
0.23
0.051
0.05
0.051
0.047
0.149
0.143
0.071
0.081
0.083
0.083
0.08
0.109
0.079
0.075
0.077
0.081
0.076
0.164
0.062
0.212
0.254
0.083
0.223
0.116
0.05
0.149
0.084
0.09
0.083
0.086
0.082
0.087
0.082
0.059
0.055
0.055
0.192
0.066
0.062
0.062
0.062
0.064
0.062
0.229
0.064
0.204
0.076
0.09
0.079
0.138
0.099
0.059
0.067
0.055
0.244
0.103
0.094
0.078
0.078
0.08
0.091
0.277
0.103
0.085
0.079
0.079
0.078
0.081
0.242
0.088
0.085
0.086
0.085
0.08
0.107
0.081
0.079
0.079
0.36
0.084
0.068
0.081
0.081
0.086
0.083
0.087
0.088
0.317
0.095
0.087
0.095
0.084
0.061
0.055
0.057
0.077
0.054
0.055
0.081
0.053
0.15
0.173
0.091
0.166
0.062
0.068
0.082
0.123
0.122
0.116
0.115
0.119
0.113
0.355
0.131
0.107
0.095
0.285
0.076
0.087
0.076
0.075
0.078
0.073
0.077
0.054
0.052
0.055
0.054
0.052
0.052
0.053
0.094
0.093
0.089
0.098
0.089
0.087
0.088
0.071
0.065
0.169
0.067
0.068
0.07
0.067
0.069
0.106
0.088
0.084
0.089
0.255
0.085
0.086
0.091
0.088
0.09
0.334
0.095
0.077
0.116
0.12
0.106
0.076
0.099
0.098
0.095
0.09
0.09
0.092
0.094
0.086
0.077
0.077
0.081
0.079
0.077
0.085
0.076
0.078
0.074
0.08
0.084
0.086
0.065
0.052
0.053
0.229
0.059
0.055
0.054
0.074
0.098
0.07
0.076
0.063
0.409
0.081
0.077
0.078
0.06
0.089
0.082
0.089
0.078
0.081
0.076
0.089
0.134
0.12
0.129
0.122
0.137
0.12
0.119
0.12
0.114
0.11
0.122
0.11
0.339
0.094
0.081
0.122
0.128
0.08
0.294
0.148
0.137
0.143
0.14
0.137
0.094
0.087
0.077
0.071
0.093
0.072
0.074
0.066
0.067
0.065
0.065
0.26
0.078
0.054
0.069
0.091
0.053
0.096
0.09
0.199
0.066
0.063
0.08
0.08
0.074
0.073
0.115
0.08
0.069
0.054
0.057
0.054
0.052
0.186
0.066
0.074
0.142
0.096
0.08
0.074
0.29
0.091
0.087
0.064
0.062
0.089
0.089
0.104
0.146
0.118
0.093
0.096
0.092
0.091
0.093
0.084
0.311
0.09
0.084
0.071
0.07
0.083
0.071
0.07
0.069
0.069
0.07
0.087
0.059
0.055
0.07
0.135
0.055
0.224
0.072
0.053
0.072
0.052
0.053
0.073
0.07
0.072
0.112
0.084
0.082
0.087
0.086
0.084
0.088
0.096
0.094
0.069
0.072
0.069
0.073
0.071
0.068
0.069
0.073
0.069
0.071
0.071
0.061
0.062
0.081
0.075
0.054
0.056
0.179
0.055
0.179
0.058
0.055
0.056
0.054
0.274
0.073
0.23
0.117
0.242
0.078
0.08
0.106
0.104
0.077
0.087
0.075
0.078
0.074
0.081
0.077
0.08
0.199
0.186
0.054
0.055
0.054
0.053
0.056
0.165
0.175
0.147
0.062
0.097
0.095
0.091
0.093
0.094
0.114
0.093
0.096
0.096
0.091
0.062
0.06
0.066
0.061
0.065
0.061
0.064
0.073
0.073
0.086
0.071
0.071
0.088
0.069
0.129
0.088
0.083
0.087
0.085
0.067
0.083
0.068
0.108
0.101
0.101
0.104
0.098
0.1
0.104
0.101
0.107
0.125
0.083
0.086
0.086
0.083
0.084
0.082
0.084
0.086
0.107
0.075
0.081
0.077
0.079
0.075
0.081
0.078
0.103
0.093
0.098
0.256
0.092
0.104
0.102
0.1
0.094
0.1
0.105
0.094
0.088
0.09
0.07
0.066
0.075
0.159
0.053
0.09
0.054
0.053
0.053
0.053
0.055
0.054
0.072
0.071
0.071
0.07
0.231
0.068
0.087
0.069
0.069
0.073
0.068
0.07
0.084
0.069
0.068
0.069
0.09
0.088
0.053
0.054
0.075
0.08
0.075
0.074
0.075
0.074
0.075
0.078
0.075
0.069
0.067
0.069
0.066
0.069
0.052
0.053
0.055
0.06
0.059
0.058
0.059
0.058
0.061
0.059
0.178
0.06
0.076
0.074
0.077
0.06
0.064
0.063
0.058
0.059
0.061
0.056
0.058
0.056
0.117
0.102
0.103
0.062
0.196
0.063
0.1
0.094
0.099
0.087
0.084
0.087
0.06
0.065
0.061
0.063
0.06
0.197
0.1
0.101
0.101
0.103
0.103
0.125
0.102
0.098
0.104
0.055
0.055
0.054
0.053
0.057
0.053
0.053
0.067
0.165
0.096
0.091
0.065
0.062
0.061
0.062
0.061
0.178
0.182
0.061
0.065
0.069
0.068
0.074
0.076
0.075
0.075
0.075
0.077
0.072
0.078
0.075
0.093
0.077
0.129
0.077
0.096
0.074
0.075
0.073
0.077
0.054
0.053
0.052
0.072
0.069
0.157
0.053
0.052
0.154
0.064
0.06
0.059
0.064
0.061
0.064
0.061
0.061
0.063
0.074
0.068
0.068
0.067
0.237
0.076
0.077
0.074
0.303
0.14
0.129
0.133
0.083
0.081
0.078
0.081
0.081
0.077
0.086
0.087
0.082
0.243
0.252
0.073
0.074
0.272
0.079
0.074
0.088
0.092
0.09
0.092
0.094
0.092
0.088
0.089
0.092
0.061
0.068
0.061
0.058
0.075
0.077
0.067
0.076
0.073
0.079
0.074
0.075
0.075
0.067
0.069
0.076
0.085
0.072
0.071
0.057
0.054
0.055
0.054
0.057
0.052
0.056
0.078
0.079
0.079
0.075
0.08
0.082
0.082
0.076
0.079
0.06
0.062
0.065
0.062
0.061
0.063
0.06
0.064
0.059
0.073
0.079
0.075
0.075
0.071
0.071
0.075
0.072
0.071
0.081
0.051
0.05
0.053
0.056
0.056
0.055
0.054
0.055
0.056
0.099
0.095
0.098
0.106
0.101
0.097
0.1
0.077
0.074
0.079
0.076
0.109
0.079
0.076
0.073
0.072
0.073
0.231
0.19
0.073
0.069
0.068
0.074
0.054
0.054
0.057
0.07
0.093
0.069
0.077
0.071
0.071
0.07
0.095
0.094
0.103
0.089
0.09
0.089
0.088
0.093
0.088
0.076
0.074
0.074
0.077
0.072
0.081
0.074
0.084
0.076
0.083
0.094
0.091
0.095
0.076
0.078
0.077
0.092
0.094
0.093
0.09
0.092
0.091
0.092
0.079
0.091
0.089
0.094
0.09
0.094
0.091
0.111
0.09
0.087
0.066
0.067
0.066
0.068
0.112
0.092
0.067
0.067
0.091
0.091
0.091
0.088
0.09
0.045
0.044
0.045
0.046
0.045
0.047
0.044
0.049
0.08
0.074
0.075
0.077
0.077
0.073
0.076
0.073
0.076
0.045
0.129
0.045
0.129
0.044
0.043
0.085
0.074
0.076
0.077
0.266
0.081
0.092
0.085
0.047
0.048
0.044
0.044
0.045
0.044
0.046
0.046
0.044
0.069
0.07
0.066
0.067
0.066
0.07
0.072
0.068
0.069
0.074
0.076
0.076
0.074
0.078
0.073
0.075
0.075
0.062
0.068
0.064
0.059
0.068
0.058
0.063
0.06
0.062
0.059
0.062
0.058
0.063
0.066
0.067
0.066
0.069
0.068
0.066
0.069
0.072
0.068
0.067
0.066
0.07
0.066
0.073
0.092
0.091
0.091
0.088
0.111
0.091
0.089
0.091
0.06
0.063
0.059
0.062
0.156
0.193
0.076
0.06
0.052
0.057
0.056
0.062
0.064
0.052
0.141
0.09
0.089
0.061
0.065
0.059
0.059
0.059
0.07
0.06
0.062
0.059
0.061
0.06
0.059
0.062
0.059
0.062
0.072
0.091
0.072
0.066
0.066
0.069
0.067
0.069
0.068
0.069
0.067
0.069
0.067
0.069
0.067
0.091
0.088
0.087
0.091
0.09
0.089
0.06
0.059
0.063
0.059
0.059
0.06
0.07
0.191
0.079
0.076
0.081
0.075
0.087
0.076
0.077
0.052
0.051
0.056
0.051
0.054
0.053
0.061
0.059
0.064
0.059
0.083
0.075
0.096
0.075
0.077
0.062
0.059
0.077
0.059
0.045
0.046
0.043
0.087
0.09
0.092
0.087
0.094
0.088
0.087
0.093
0.089
0.098
0.046
0.044
0.052
0.044
0.044
0.045
0.126
0.045
0.047
0.045
0.048
0.044
0.046
0.047
0.045
0.127
0.062
0.059
0.06
0.063
0.06
0.06
0.059
0.059
0.119
0.081
0.069
0.066
0.068
0.065
0.075
0.066
0.064
0.083
0.082
0.084
0.081
0.085
0.054
0.052
0.053
0.061
0.074
0.059
0.06
0.057
0.076
0.059
0.067
0.069
0.061
0.053
0.071
0.067
0.053
0.07
0.051
0.052
0.066
0.055
0.066
0.083
0.074
0.076
0.074
0.078
0.075
0.078
0.073
0.094
0.079
0.078
0.075
0.077
0.09
0.081
0.084
0.412
0.361
0.125
0.311
0.078
0.103
0.073
0.071
0.071
0.065
0.088
0.066
0.066
0.069
0.043
0.042
0.041
0.042
0.042
0.042
0.041
0.042
0.043
0.056
0.042
0.043
0.123
0.048
0.068
0.065
0.084
0.067
0.066
0.063
0.065
0.063
0.065
0.065
0.101
0.064
0.067
0.057
0.061
0.055
0.059
0.058
0.06
0.056
0.079
0.057
0.078
0.083
0.078
0.078
0.081
0.115
0.079
0.083
0.079
0.06
0.067
0.078
0.059
0.073
0.071
0.066
0.069
0.067
0.066
0.084
0.064
0.063
0.063
0.065
0.065
0.218
0.073
0.074
0.045
0.042
0.044
0.043
0.045
0.05
0.072
0.05
0.049
0.081
0.086
0.079
0.078
0.08
0.078
0.077
0.079
0.098
0.059
0.058
0.056
0.056
0.058
0.055
0.059
0.056
0.078
0.06
0.057
0.062
0.055
0.06
0.055
0.048
0.067
0.051
0.077
0.079
0.076
0.079
0.078
0.078
0.076
0.082
0.076
0.105
0.103
0.079
0.278
0.078
0.081
0.077
0.081
0.077
0.129
0.07
0.063
0.067
0.063
0.066
0.063
0.097
0.066
0.063
0.088
0.081
0.064
0.067
0.064
0.067
0.063
0.065
0.084
0.07
0.063
0.065
0.064
0.085
0.064
0.067
0.043
0.043
0.042
0.066
0.062
0.067
0.08
0.069
0.066
0.063
0.183
0.066
0.066
0.063
0.067
0.204
0.062
0.066
0.063
0.066
0.06
0.049
0.063
0.064
0.065
0.061
0.062
0.085
0.064
0.07
0.064
0.05
0.052
0.048
0.064
0.054
0.049
0.05
0.054
0.063
0.063
0.068
0.063
0.065
0.066
0.079
0.07
0.065
0.062
0.042
0.114
0.042
0.041
0.041
0.064
0.042
0.046
0.066
0.064
0.065
0.063
0.066
0.081
0.063
0.063
0.064
0.061
0.064
0.209
0.067
0.222
0.067
0.067
0.063
0.065
0.063
0.062
0.087
0.064
0.059
0.062
0.063
0.065
0.058
0.065
0.059
0.077
0.06
0.065
0.057
0.057
0.059
0.064
0.066
0.065
0.064
0.063
0.067
0.061
0.065
0.046
0.043
0.042
0.059
0.056
0.059
0.057
0.056
0.057
0.055
0.056
0.064
0.064
0.041
0.045
0.042
0.041
0.045
0.133
0.042
0.118
0.112
0.043
0.045
0.042
0.042
0.046
0.042
0.041
0.044
0.059
0.119
0.115
0.065
0.063
0.063
0.063
0.065
0.062
0.087
0.239
0.06
0.055
0.057
0.056
0.056
0.059
0.049
0.074
0.077
0.073
0.073
0.235
0.057
0.057
0.093
0.091
0.062
0.057
0.059
0.054
0.053
0.049
0.053
0.06
0.058
0.059
0.065
0.066
0.083
0.074
0.076
0.072
0.071
0.069
0.046
0.065
0.083
0.069
0.068
0.064
0.066
0.066
0.042
0.042
0.044
0.048
0.065
0.074
0.072
0.072
0.071
0.07
0.073
0.075
0.061
0.056
0.057
0.056
0.058
0.049
0.058
0.048
0.066
0.054
0.051
0.057
0.051
0.056
0.041
0.055
0.057
0.076
0.058
0.056
0.055
0.056
0.056
0.059
0.091
0.064
0.056
0.086
0.061
0.056
0.06
0.06
0.058
0.067
0.059
0.058
0.058
0.059
0.074
0.083
0.058
0.062
0.062
0.058
0.059
0.057
0.058
0.061
0.059
0.06
0.075
0.07
0.064
0.077
0.097
0.087
0.06
0.061
0.054
0.086
0.059
0.06
0.179
0.196
0.078
0.064
0.065
0.064
0.066
0.063
0.045
0.042
0.043
0.042
0.044
0.042
0.059
0.179
0.055
0.064
0.062
0.066
0.063
0.065
0.064
0.067
0.063
0.063
0.042
0.056
0.06
0.056
0.074
0.071
0.073
0.071
0.074
0.071
0.072
0.071
0.067
0.077
0.063
0.064
0.063
0.066
0.063
0.062
0.066
0.042
0.046
0.042
0.045
0.042
0.042
0.042
0.043
0.042
0.042
0.042
0.045
0.132
0.043
0.119
0.059
0.054
0.056
0.056
0.055
0.061
0.056
0.06
0.056
0.056
0.059
0.057
0.058
0.056
0.056
0.056
0.063
0.065
0.063
0.062
0.063
0.095
0.068
0.063
0.066
0.073
0.07
0.072
0.065
0.048
0.049
0.048
0.049
0.05
0.05
0.048
0.056
0.059
0.054
0.059
0.056
0.055
0.055
0.078
0.061
0.062
0.063
0.06
0.067
0.064
0.062
0.065
0.061
0.064
0.061
0.063
0.061
0.067
0.061
0.064
0.187
0.061
0.063
0.07
0.062
0.071
0.071
0.067
0.071
0.07
0.068
0.07
0.068
0.068
0.068
0.092
0.071
0.07
0.068
0.069
0.07
0.067
0.068
0.067
0.044
0.04
0.04
0.056
0.05
0.047
0.048
0.049
0.048
0.048
0.048
0.058
0.04
0.04
0.066
0.041
0.043
0.061
0.041
0.044
0.061
0.066
0.062
0.062
0.076
0.063
0.062
0.059
0.054
0.054
0.054
0.056
0.048
0.047
0.048
0.048
0.048
0.048
0.05
0.047
0.043
0.041
0.041
0.041
0.116
0.04
0.04
0.108
0.055
0.055
0.054
0.057
0.054
0.055
0.055
0.057
0.055
0.054
0.055
0.065
0.062
0.064
0.061
0.062
0.061
0.061
0.063
0.074
0.064
0.066
0.063
0.062
0.064
0.062
0.064
0.055
0.054
0.144
0.063
0.062
0.065
0.066
0.064
0.068
0.062
0.066
0.064
0.064
0.062
0.201
0.056
0.061
0.185
0.058
0.057
0.181
0.057
0.065
0.057
0.057
0.059
0.065
0.067
0.067
0.065
0.063
0.065
0.044
0.045
0.047
0.044
0.042
0.043
0.042
0.111
0.069
0.063
0.067
0.065
0.068
0.066
0.066
0.065
0.068
0.065
0.087
0.058
0.059
0.184
0.057
0.059
0.108
0.082
0.059
0.062
0.06
0.058
0.043
0.046
0.067
0.066
0.043
0.043
0.044
0.122
0.044
0.052
0.043
0.111
0.066
0.071
0.065
0.067
0.063
0.065
0.068
0.065
0.068
0.066
0.067
0.065
0.067
0.061
0.057
0.059
0.058
0.068
0.066
0.066
0.067
0.067
0.064
0.065
0.067
0.042
0.041
0.116
0.067
0.067
0.064
0.068
0.064
0.069
0.065
0.064
0.065
0.064
0.069
0.064
0.069
0.066
0.067
0.067
0.064
0.043
0.044
0.062
0.058
0.059
0.044
0.069
0.065
0.067
0.065
0.066
0.064
0.05
0.055
0.064
0.064
0.066
0.066
0.068
0.057
0.061
0.058
0.059
0.06
0.05
0.05
0.052
0.05
0.049
0.051
0.05
0.053
0.05
0.051
0.054
0.066
0.066
0.064
0.066
0.07
0.065
0.065
0.073
0.065
0.067
0.065
0.044
0.047
0.042
0.043
0.045
0.066
0.075
0.064
0.065
0.065
0.059
0.057
0.059
0.058
0.06
0.057
0.056
0.058
0.057
0.057
0.059
0.057
0.06
0.057
0.057
0.068
0.07
0.043
0.043
0.042
0.057
0.06
0.057
0.075
0.061
0.068
0.07
0.068
0.072
0.07
0.073
0.065
0.102
0.08
0.059
0.062
0.06
0.061
0.074
0.056
0.065
0.088
0.064
0.064
0.059
0.056
0.069
0.054
0.06
0.055
0.054
0.056
0.055
0.054
0.186
0.053
0.041
0.04
0.058
0.055
0.053
0.057
0.055
0.061
0.062
0.044
0.041
0.048
0.13
0.048
0.128
0.064
0.064
0.062
0.18
0.527
0.239
0.063
0.055
0.176
0.064
0.062
0.064
0.062
0.065
0.061
0.211
0.052
0.048
0.048
0.063
0.063
0.062
0.064
0.066
0.063
0.064
0.062
0.064
0.062
0.047
0.049
0.048
0.047
0.051
0.158
0.048
0.047
0.221
0.197
0.042
0.065
0.042
0.041
0.062
0.061
0.06
0.061
0.043
0.04
0.04
0.042
0.044
0.041
0.04
0.043
0.041
0.047
0.048
0.149
0.048
0.051
0.047
0.048
0.139
0.043
0.041
0.043
0.108
0.119
0.05
0.048
0.047
0.057
0.056
0.054
0.057
0.055
0.055
0.162
0.093
0.094
0.1
0.1
0.101
0.289
0.064
0.063
0.062
0.064
0.042
0.044
0.041
0.059
0.054
0.055
0.057
0.054
0.056
0.065
0.066
0.061
0.066
0.062
0.063
0.064
0.061
0.069
0.07
0.07
0.073
0.07
0.068
0.071
0.068
0.065
0.061
0.064
0.063
0.061
0.063
0.065
0.062
0.056
0.056
0.053
0.055
0.058
0.055
0.041
0.041
0.044
0.056
0.041
0.042
0.042
0.153
0.071
0.072
0.103
0.076
0.068
0.066
0.065
0.061
0.066
0.063
0.063
0.064
0.067
0.063
0.063
0.216
0.055
0.049
0.048
0.05
0.061
0.048
0.072
0.085
0.049
0.047
0.048
0.068
0.064
0.064
0.068
0.057
0.059
0.057
0.058
0.06
0.072
0.059
0.06
0.057
0.175
0.058
0.057
0.058
0.056
0.058
0.055
0.073
0.073
0.072
0.07
0.073
0.079
0.059
0.056
0.056
0.059
0.055
0.055
0.042
0.044
0.044
0.045
0.047
0.044
0.044
0.082
0.076
0.203
0.083
0.083
0.092
0.079
0.08
0.08
0.088
0.089
0.083
0.087
0.084
0.307
0.28
0.098
0.107
0.116
0.089
0.107
0.098
0.236
0.069
0.065
0.212
0.061
0.06
0.061
0.063
0.061
0.063
0.062
0.06
0.048
0.061
0.042
0.047
0.044
0.124
0.042
0.043
0.043
0.088
0.067
0.203
0.067
0.246
0.073
0.075
0.071
0.074
0.076
0.072
0.046
0.043
0.131
0.05
0.05
0.051
0.196
0.054
0.05
0.051
0.049
0.049
0.073
0.063
0.065
0.068
0.064
0.066
0.067
0.067
0.068
0.065
0.067
0.067
0.064
0.066
0.067
0.066
0.067
0.072
0.065
0.067
0.074
0.064
0.067
0.064
0.074
0.075
0.062
0.059
0.06
0.073
0.072
0.072
0.077
0.072
0.075
0.071
0.059
0.06
0.058
0.057
0.164
0.058
0.059
0.063
0.188
0.071
0.081
0.07
0.068
0.112
0.112
0.111
0.111
0.089
0.08
0.085
0.054
0.051
0.053
0.068
0.051
0.051
0.055
0.051
0.051
0.061
0.059
0.192
0.062
0.058
0.062
0.2
0.066
0.065
0.07
0.064
0.068
0.064
0.052
0.053
0.049
0.154
0.151
0.163
0.066
0.066
0.069
0.063
0.06
0.061
0.058
0.059
0.055
0.051
0.05
0.058
0.049
0.051
0.059
0.062
0.06
0.057
0.074
0.06
0.193
0.107
0.098
0.097
0.089
0.322
0.06
0.065
0.058
0.06
0.058
0.061
0.057
0.061
0.055
0.177
0.175
0.061
0.2
0.064
0.06
0.262
0.062
0.062
0.062
0.064
0.06
0.062
0.06
0.06
0.062
0.063
0.062
0.061
0.065
0.065
0.061
0.064
0.076
0.065
0.065
0.06
0.061
0.064
0.062
0.06
0.053
0.058
0.155
0.054
0.066
0.048
0.048
0.048
0.047
0.051
0.046
0.047
0.071
0.15
0.144
0.113
0.144
0.069
0.068
0.07
0.071
0.231
0.068
0.069
0.07
0.223
0.07
0.07
0.068
0.072
0.069
0.071
0.07
0.07
0.067
0.071
0.071
0.068
0.063
0.062
0.062
0.062
0.061
0.061
0.063
0.06
0.07
0.067
0.068
0.231
0.079
0.053
0.049
0.047
0.05
0.048
0.048
0.062
0.063
0.097
0.063
0.064
0.061
0.062
0.063
0.052
0.047
0.048
0.062
0.065
0.064
0.062
0.061
0.062
0.063
0.06
0.06
0.061
0.064
0.061
0.062
0.061
0.06
0.063
0.061
0.062
0.069
0.07
0.09
0.073
0.201
0.072
0.067
0.071
0.055
0.055
0.055
0.056
0.056
0.054
0.054
0.062
0.06
0.061
0.064
0.06
0.064
0.061
0.062
0.062
0.062
0.062
0.182
0.091
0.071
0.054
0.054
0.055
0.057
0.055
0.056
0.055
0.056
0.177
0.075
0.188
0.06
0.063
0.06
0.212
0.068
0.07
0.06
0.064
0.061
0.06
0.214
0.069
0.106
0.068
0.094
0.056
0.054
0.056
0.069
0.053
0.149
0.056
0.063
0.061
0.065
0.062
0.061
0.06
0.062
0.063
0.062
0.063
0.064
0.061
0.047
0.065
0.062
0.063
0.049
0.047
0.049
0.046
0.066
0.061
0.06
0.095
0.062
0.065
0.063
0.061
0.061
0.061
0.061
0.061
0.064
0.048
0.047
0.047
0.05
0.047
0.047
0.05
0.061
0.063
0.06
0.064
0.061
0.062
0.061
0.066
0.06
0.062
0.061
0.063
0.06
0.064
0.061
0.062
0.06
0.064
0.055
0.054
0.056
0.055
0.057
0.055
0.053
0.057
0.06
0.119
0.054
0.057
0.06
0.063
0.066
0.067
0.061
0.063
0.061
0.19
0.062
0.065
0.062
0.198
0.058
0.054
0.056
0.054
0.054
0.057
0.055
0.064
0.061
0.118
0.06
0.061
0.064
0.062
0.061
0.063
0.06
0.061
0.057
0.06
0.055
0.053
0.053
0.057
0.054
0.154
0.055
0.061
0.063
0.061
0.064
0.061
0.064
0.101
0.069
0.062
0.059
0.078
0.063
0.062
0.063
0.145
0.062
0.061
0.063
0.062
0.055
0.052
0.154
0.05
0.059
0.064
0.051
0.056
0.049
0.067
0.063
0.065
0.064
0.063
0.063
0.063
0.067
0.062
0.066
0.19
0.059
0.056
0.057
0.059
0.057
0.058
0.055
0.064
0.066
0.062
0.057
0.058
0.059
0.175
0.172
0.054
0.054
0.056
0.068
0.07
0.065
0.065
0.155
0.068
0.188
0.061
0.066
0.063
0.066
0.065
0.062
0.062
0.066
0.063
0.062
0.165
0.067
0.064
0.218
0.086
0.058
0.067
0.057
0.067
0.064
0.066
0.062
0.065
0.066
0.064
0.051
0.056
0.05
0.051
0.049
0.049
0.05
0.058
0.081
0.055
0.143
0.18
0.063
0.048
0.158
0.176
0.056
0.174
0.059
0.055
0.057
0.177
0.063
0.067
0.091
0.064
0.064
0.063
0.062
0.077
0.066
0.058
0.077
0.07
0.11
0.092
0.091
0.092
0.309
0.305
0.494
0.079
0.061
0.063
0.063
0.063
0.063
0.062
0.06
0.055
0.048
0.062
0.063
0.061
0.048
0.063
0.051
0.047
0.123
0.05
0.048
0.063
0.061
0.203
0.062
0.062
0.064
0.06
0.06
0.061
0.208
0.068
0.218
0.07
0.213
0.057
0.062
0.079
0.062
0.06
0.061
0.064
0.061
0.065
0.06
0.229
0.075
0.076
0.076
0.077
0.077
0.054
0.057
0.053
0.056
0.053
0.053
0.057
0.175
0.173
0.063
0.063
0.061
0.061
0.063
0.063
0.062
0.063
0.06
0.184
0.063
0.061
0.062
0.062
0.064
0.079
0.066
0.062
0.061
0.061
0.06
0.065
0.062
0.064
0.062
0.061
0.06
0.063
0.176
0.065
0.061
0.209
0.128
0.274
0.068
0.069
0.063
0.065
0.062
0.062
0.063
0.06
0.064
0.062
0.055
0.067
0.067
0.06
0.198
0.085
0.062
0.065
0.063
0.061
0.065
0.061
0.061
0.057
0.068
0.071
0.068
0.071
0.072
0.069
0.234
0.07
0.069
0.055
0.055
0.054
0.056
0.054
0.064
0.062
0.063
0.062
0.066
0.061
0.065
0.055
0.055
0.057
0.054
0.055
0.054
0.066
0.061
0.093
0.074
0.062
0.06
0.065
0.206
0.061
0.063
0.054
0.06
0.058
0.055
0.054
0.057
0.068
0.061
0.054
0.164
0.065
0.055
0.056
0.056
0.062
0.06
0.06
0.063
0.061
0.063
0.077
0.069
0.068
0.07
0.07
0.071
0.067
0.05
0.055
0.048
0.063
0.061
0.054
0.156
0.055
0.054
0.062
0.061
0.064
0.061
0.064
0.053
0.054
0.172
0.063
0.061
0.061
0.064
0.061
0.047
0.05
0.061
0.063
0.198
0.061
0.065
0.079
0.066
0.062
0.064
0.062
0.065
0.062
0.061
0.065
0.064
0.061
0.06
0.062
0.06
0.061
0.062
0.062
0.062
0.138
0.063
0.048
0.046
0.05
0.048
0.142
0.048
0.047
0.047
0.05
0.064
0.061
0.064
0.062
0.064
0.062
0.063
0.066
0.061
0.067
0.061
0.061
0.062
0.062
0.064
0.062
0.062
0.064
0.06
0.064
0.065
0.06
0.063
0.069
0.065
0.061
0.057
0.064
0.06
0.063
0.061
0.065
0.062
0.063
0.062
0.053
0.05
0.054
0.064
0.053
0.054
0.057
0.055
0.056
0.054
0.054
0.063
0.076
0.067
0.062
0.062
0.064
0.125
0.063
0.06
0.062
0.06
0.063
0.061
0.062
0.061
0.062
0.062
0.061
0.061
0.063
0.06
0.2
0.214
0.071
0.069
0.071
0.061
0.06
0.064
0.061
0.065
0.06
0.064
0.061
0.062
0.062
0.06
0.098
0.066
0.064
0.05
0.048
0.151
0.145
0.047
0.075
0.064
0.101
0.065
0.061
0.063
0.06
0.063
0.062
0.063
0.06
0.061
0.061
0.062
0.063
0.063
0.061
0.064
0.061
0.063
0.065
0.109
0.168
0.062
0.061
0.062
0.153
0.062
0.064
0.06
0.061
0.064
0.062
0.061
0.063
0.06
0.063
0.061
0.055
0.062
0.063
0.062
0.061
0.063
0.061
0.06
0.063
0.062
0.062
0.06
0.063
0.056
0.055
0.217
0.056
0.058
0.054
0.057
0.175
0.055
0.066
0.066
0.06
0.064
0.06
0.063
0.062
0.065
0.064
0.061
0.063
0.061
0.063
0.062
0.064
0.061
0.062
0.056
0.054
0.054
0.053
0.054
0.057
0.062
0.065
0.174
0.061
0.063
0.064
0.454
0.096
0.151
0.082
0.08
0.119
0.281
0.077
0.084
0.08
0.074
0.061
0.064
0.06
0.063
0.062
0.064
0.062
0.065
0.143
0.055
0.178
0.056
0.053
0.163
0.229
0.055
0.049
0.047
0.051
0.048
0.046
0.046
0.05
0.06
0.066
0.06
0.065
0.08
0.074
0.064
0.061
0.072
0.05
0.05
0.05
0.156
0.066
0.063
0.063
0.091
0.063
0.061
0.065
0.062
0.066
0.061
0.062
0.072
0.07
0.07
0.069
0.062
0.062
0.055
0.067
0.054
0.054
0.057
0.054
0.052
0.049
0.048
0.047
0.048
0.046
0.049
0.156
0.054
0.062
0.218
0.063
0.061
0.155
0.064
0.062
0.062
0.061
0.068
0.061
0.06
0.064
0.061
0.065
0.061
0.061
0.063
0.061
0.061
0.062
0.106
0.064
0.064
0.063
0.064
0.062
0.063
0.063
0.06
0.063
0.062
0.058
0.055
0.055
0.058
0.062
0.065
0.054
0.07
0.068
0.056
0.072
0.069
0.072
0.067
0.056
0.07
0.071
0.082
0.116
0.054
0.202
0.067
0.054
0.063
0.062
0.062
0.061
0.062
0.063
0.062
0.061
0.073
0.062
0.209
0.061
0.063
0.062
0.066
0.066
0.063
0.134
0.061
0.054
0.174
0.056
0.064
0.182
0.056
0.057
0.054
0.098
0.065
0.065
0.064
0.08
0.062
0.061
0.066
0.064
0.061
0.064
0.211
0.064
0.062
0.066
0.061
0.064
0.06
0.061
0.061
0.216
0.071
0.069
0.071
0.067
0.227
0.263
0.066
0.055
0.064
0.063
0.064
0.062
0.064
0.062
0.063
0.06
0.061
0.064
0.061
0.063
0.218
0.072
0.067
0.062
0.065
0.061
0.063
0.061
0.065
0.062
0.064
0.061
0.063
0.06
0.155
0.062
0.063
0.064
0.065
0.064
0.062
0.071
0.069
0.059
0.064
0.061
0.065
0.067
0.064
0.064
0.064
0.061
0.066
0.061
0.063
0.055
0.064
0.069
0.069
0.069
0.072
0.069
0.07
0.067
0.069
0.083
0.072
0.061
0.094
0.104
0.063
0.061
0.063
0.061
0.065
0.085
0.058
0.055
0.058
0.055
0.055
0.066
0.055
0.064
0.061
0.063
0.061
0.065
0.061
0.063
0.066
0.063
0.059
0.056
0.163
0.055
0.053
0.181
0.066
0.066
0.067
0.066
0.068
0.066
0.069
0.19
0.057
0.06
0.076
0.065
0.064
0.064
0.228
0.065
0.164
0.063
0.065
0.192
0.066
0.064
0.065
0.066
0.063
0.064
0.064
0.065
0.062
0.065
0.062
0.071
0.062
0.063
0.065
0.063
0.065
0.063
0.063
0.067
0.064
0.073
0.071
0.074
0.072
0.071
0.075
0.223
0.064
0.064
0.067
0.067
0.067
0.065
0.082
0.172
0.063
0.065
0.063
0.066
0.074
0.074
0.069
0.07
0.065
0.062
0.065
0.061
0.088
0.197
0.063
0.064
0.064
0.064
0.068
0.069
0.063
0.066
0.063
0.063
0.066
0.064
0.065
0.065
0.062
0.065
0.063
0.066
0.063
0.063
0.065
0.064
0.062
0.065
0.065
0.064
0.062
0.064
0.067
0.065
0.066
0.063
0.065
0.062
0.083
0.066
0.073
0.066
0.073
0.074
0.244
0.077
0.074
0.076
0.072
0.075
0.07
0.065
0.068
0.064
0.069
0.064
0.073
0.112
0.109
0.128
0.068
0.074
0.071
0.074
0.069
0.066
0.081
0.083
0.068
0.065
0.065
0.064
0.067
0.066
0.175
0.071
0.222
0.253
0.115
0.08
0.088
0.075
0.067
0.066
0.064
0.063
0.066
0.062
0.065
0.062
0.066
0.061
0.064
0.061
0.061
0.064
0.062
0.062
0.064
0.092
0.064
0.061
0.065
0.062
0.064
0.203
0.062
0.065
0.064
0.066
0.061
0.063
0.061
0.065
0.198
0.098
0.06
0.061
0.065
0.063
0.058
0.054
0.055
0.063
0.061
0.205
0.063
0.089
0.061
0.061
0.062
0.061
0.064
0.061
0.064
0.195
0.061
0.065
0.054
0.058
0.055
0.055
0.08
0.077
0.054
0.056
0.062
0.058
0.053
0.09
0.063
0.054
0.056
0.218
0.053
0.182
0.064
0.062
0.061
0.105
0.088
0.077
0.063
0.068
0.086
0.064
0.226
0.067
0.063
0.065
0.215
0.069
0.068
0.071
0.07
0.065
0.211
0.066
0.062
0.064
0.062
0.064
0.066
0.068
0.065
0.346
0.089
0.071
0.068
0.071
0.068
0.072
0.082
0.071
0.058
0.064
0.067
0.077
0.066
0.061
0.065
0.061
0.062
0.081
0.225
0.075
0.068
0.071
0.074
0.068
0.072
0.064
0.062
0.079
0.064
0.219
0.067
0.062
0.066
0.064
0.065
0.066
0.063
0.062
0.071
0.071
0.063
0.067
0.064
0.065
0.22
0.074
0.069
0.074
0.065
0.066
0.063
0.064
0.064
0.205
0.066
0.063
0.065
0.067
0.078
0.068
0.064
0.072
0.066
0.065
0.084
0.067
0.064
0.222
0.071
0.067
0.067
0.065
0.226
0.069
0.07
0.071
0.067
0.063
0.074
0.069
0.077
0.071
0.073
0.062
0.065
0.066
0.063
0.066
0.215
0.069
0.07
0.065
0.065
0.064
0.062
0.062
0.063
0.208
0.069
0.062
0.076
0.068
0.242
0.072
0.152
0.345
0.143
0.075
0.073
0.072
0.076
0.071
0.074
0.071
0.087
0.073
0.07
0.07
0.072
0.071
0.203
0.073
0.074
0.069
0.074
0.071
0.071
0.194
0.069
0.074
0.074
0.072
0.065
0.055
0.074
0.069
0.069
0.248
0.08
0.08
0.079
0.078
0.076
0.076
0.09
0.277
0.087
0.082
0.087
0.065
0.065
0.255
0.063
0.065
0.062
0.063
0.066
0.059
0.074
0.072
0.069
0.069
0.069
0.074
0.073
0.07
0.075
0.071
0.071
0.072
0.069
0.065
0.064
0.066
0.062
0.065
0.06
0.071
0.073
0.069
0.083
0.073
0.072
0.069
0.086
0.069
0.065
0.066
0.071
0.074
0.071
0.076
0.071
0.086
0.07
0.073
0.176
0.074
0.07
0.07
0.075
0.069
0.069
0.064
0.217
0.207
0.069
0.063
0.063
0.062
0.07
0.066
0.073
0.07
0.255
0.073
0.082
0.077
0.075
0.076
0.07
0.074
0.075
0.074
0.073
0.076
0.067
0.076
0.063
0.062
0.064
0.06
0.056
0.056
0.057
0.178
0.227
0.087
0.229
0.127
0.1
0.238
0.071
0.063
0.065
0.064
0.063
0.209
0.067
0.068
0.084
0.068
0.071
0.071
0.071
0.07
0.07
0.073
0.074
0.075
0.07
0.078
0.074
0.071
0.073
0.233
0.071
0.058
0.06
0.056
0.058
0.059
0.055
0.075
0.073
0.202
0.261
0.078
0.075
0.072
0.07
0.066
0.067
0.067
0.209
0.067
0.073
0.074
0.076
0.072
0.073
0.058
0.059
0.058
0.067
0.07
0.065
0.068
0.094
0.069
0.07
0.074
0.077
0.072
0.074
0.073
0.074
0.075
0.073
0.077
0.076
0.072
0.073
0.081
0.174
0.113
0.118
0.116
0.114
0.114
0.127
0.077
0.079
0.073
0.075
0.072
0.068
0.068
0.069
0.07
0.071
0.067
0.066
0.083
0.068
0.067
0.068
0.068
0.069
0.068
0.086
0.075
0.067
0.068
0.07
0.072
0.075
0.077
0.075
0.075
0.075
0.075
0.254
0.076
0.074
0.076
0.074
0.076
0.074
0.075
0.079
0.077
0.079
0.074
0.09
0.086
0.084
0.086
0.083
0.086
0.082
0.061
0.066
0.065
0.069
0.059
0.061
0.059
0.058
0.059
0.058
0.06
0.091
0.076
0.081
0.081
0.075
0.078
0.077
0.069
0.075
0.069
0.073
0.075
0.068
0.206
0.069
0.068
0.069
0.075
0.076
0.076
0.252
0.244
0.075
0.078
0.075
0.073
0.265
0.075
0.065
0.17
0.069
0.064
0.068
0.065
0.076
0.073
0.075
0.072
0.077
0.074
0.077
0.066
0.084
0.059
0.061
0.072
0.062
0.059
0.078
0.075
0.078
0.076
0.076
0.075
0.074
0.079
0.086
0.084
0.085
0.074
0.077
0.076
0.27
0.075
0.077
0.075
0.077
0.078
0.075
0.08
0.097
0.072
0.071
0.067
0.07
0.238
0.075
0.077
0.085
0.075
0.071
0.069
0.066
0.072
0.068
0.07
0.069
0.068
0.06
0.06
0.076
0.074
0.078
0.073
0.079
0.075
0.232
0.079
0.088
0.087
0.066
0.064
0.065
0.066
0.06
0.057
0.06
0.057
0.056
0.061
0.057
0.06
0.057
0.075
0.07
0.072
0.072
0.073
0.076
0.073
0.229
0.089
0.075
0.066
0.078
0.072
0.076
0.073
0.073
0.076
0.071
0.078
0.254
0.077
0.073
0.071
0.073
0.085
0.075
0.064
0.074
0.067
0.067
0.064
0.068
0.07
0.07
0.065
0.067
0.075
0.073
0.097
0.082
0.087
0.086
0.082
0.086
0.084
0.21
0.075
0.078
0.074
0.074
0.077
0.09
0.079
0.07
0.068
0.067
0.066
0.072
0.066
0.073
0.07
0.075
0.075
0.076
0.228
0.073
0.068
0.07
0.092
0.07
0.071
0.097
0.076
0.069
0.069
0.069
0.067
0.068
0.069
0.067
0.069
0.067
0.068
0.067
0.076
0.073
0.082
0.078
0.082
0.078
0.088
0.074
0.069
0.066
0.069
0.067
0.067
0.065
0.069
0.074
0.066
0.065
0.071
0.065
0.072
0.075
0.079
0.072
0.076
0.075
0.065
0.065
0.065
0.067
0.066
0.065
0.064
0.068
0.081
0.076
0.078
0.083
0.083
0.08
0.082
0.078
0.08
0.082
0.08
0.08
0.083
0.085
0.082
0.117
0.074
0.061
0.06
0.062
0.058
0.077
0.061
0.058
0.059
0.074
0.08
0.074
0.075
0.073
0.063
0.072
0.061
0.068
0.074
0.077
0.084
0.083
0.08
0.066
0.065
0.065
0.071
0.066
0.081
0.068
0.102
0.117
0.1
0.097
0.422
0.083
0.076
0.064
0.068
0.065
0.072
0.075
0.074
0.073
0.07
0.071
0.071
0.074
0.075
0.081
0.094
0.085
0.083
0.059
0.058
0.06
0.058
0.058
0.062
0.059
0.085
0.075
0.073
0.068
0.071
0.066
0.068
0.065
0.07
0.058
0.061
0.056
0.061
0.058
0.058
0.062
0.059
0.061
0.058
0.067
0.068
0.066
0.069
0.066
0.064
0.105
0.065
0.073
0.066
0.067
0.067
0.066
0.067
0.065
0.068
0.065
0.069
0.068
0.066
0.069
0.069
0.065
0.068
0.066
0.076
0.074
0.076
0.073
0.077
0.075
0.073
0.075
0.066
0.066
0.07
0.069
0.069
0.066
0.075
0.075
0.072
0.077
0.073
0.073
0.074
0.081
0.067
0.078
0.068
0.067
0.071
0.199
0.083
0.102
0.085
0.081
0.081
0.085
0.082
0.085
0.083
0.069
0.067
0.068
0.084
0.081
0.083
0.086
0.083
0.084
0.066
0.186
0.069
0.066
0.091
0.065
0.071
0.066
0.074
0.075
0.077
0.073
0.074
0.074
0.076
0.074
0.065
0.069
0.068
0.064
0.067
0.064
0.068
0.084
0.082
0.078
0.096
0.08
0.082
0.064
0.065
0.065
0.067
0.063
0.067
0.079
0.067
0.066
0.065
0.066
0.07
0.065
0.069
0.066
0.068
0.066
0.07
0.066
0.066
0.068
0.084
0.072
0.069
0.067
0.064
0.079
0.081
0.08
0.079
0.078
0.082
0.273
0.083
0.079
0.067
0.063
0.065
0.067
0.092
0.063
0.067
0.064
0.065
0.07
0.067
0.071
0.071
0.072
0.066
0.068
0.21
0.067
0.071
0.065
0.066
0.065
0.069
0.069
0.066
0.068
0.077
0.068
0.067
0.063
0.064
0.064
0.071
0.073
0.073
0.073
0.071
0.072
0.074
0.056
0.056
0.059
0.085
0.064
0.067
0.066
0.064
0.058
0.058
0.061
0.059
0.06
0.056
0.065
0.064
0.067
0.065
0.066
0.07
0.073
0.069
0.071
0.212
0.066
0.068
0.065
0.067
0.066
0.068
0.068
0.066
0.068
0.065
0.067
0.07
0.067
0.069
0.064
0.069
0.068
0.065
0.067
0.068
0.064
0.063
0.067
0.067
0.064
0.066
0.056
0.057
0.057
0.057
0.063
0.06
0.065
0.067
0.068
0.068
0.07
0.069
0.058
0.061
0.059
0.065
0.059
0.07
0.066
0.068
0.066
0.066
0.067
0.069
0.073
0.074
0.067
0.079
0.096
0.075
0.066
0.065
0.078
0.062
0.064
0.061
0.062
0.062
0.061
0.063
0.064
0.061
0.058
0.059
0.054
0.058
0.053
0.053
0.056
0.08
0.074
0.077
0.062
0.066
0.06
0.065
0.061
0.065
0.064
0.061
0.063
0.064
0.061
0.063
0.062
0.078
0.066
0.058
0.054
0.057
0.065
0.059
0.064
0.06
0.064
0.061
0.066
0.054
0.057
0.056
0.054
0.057
0.054
0.054
0.051
0.047
0.05
0.078
0.104
0.077
0.064
0.077
0.067
0.065
0.062
0.063
0.08
0.064
0.062
0.061
0.063
0.064
0.076
0.122
0.197
0.123
0.116
0.104
0.066
0.078
0.112
0.082
0.055
0.058
0.053
0.055
0.054
0.055
0.054
0.065
0.061
0.065
0.065
0.137
0.07
0.061
0.065
0.062
0.061
0.065
0.063
0.062
0.071
0.054
0.058
0.055
0.057
0.054
0.057
0.062
0.062
0.064
0.063
0.061
0.063
0.064
0.063
0.061
0.064
0.061
0.064
0.062
0.063
0.062
0.061
0.062
0.064
0.061
0.065
0.063
0.062
0.06
0.064
0.061
0.064
0.06
0.061
0.064
0.06
0.062
0.064
0.064
0.061
0.065
0.064
0.059
0.054
0.056
0.054
0.048
0.05
0.047
0.051
0.048
0.051
0.047
0.06
0.149
0.128
0.134
0.118
0.062
0.056
0.056
0.054
0.058
0.128
0.064
0.065
0.062
0.063
0.064
0.061
0.195
0.064
0.062
0.061
0.064
0.061
0.064
0.058
0.054
0.056
0.055
0.102
0.089
0.067
0.069
0.061
0.064
0.061
0.061
0.064
0.062
0.058
0.146
0.054
0.054
0.057
0.053
0.05
0.047
0.051
0.051
0.048
0.046
0.05
0.048
0.054
0.056
0.054
0.062
0.06
0.085
0.062
0.063
0.06
0.064
0.062
0.066
0.063
0.063
0.063
0.063
0.064
0.061
0.064
0.061
0.061
0.062
0.063
0.06
0.061
0.061
0.061
0.065
0.06
0.064
0.055
0.059
0.055
0.062
0.058
0.053
0.056
0.098
0.11
0.071
0.055
0.082
0.114
0.112
0.062
0.091
0.076
0.062
0.063
0.06
0.061
0.062
0.061
0.184
0.064
0.061
0.062
0.207
0.062
0.056
0.056
0.054
0.058
0.054
0.057
0.055
0.053
0.055
0.056
0.054
0.168
0.162
0.059
0.055
0.054
0.057
0.054
0.056
0.057
0.054
0.05
0.047
0.047
0.064
0.049
0.046
0.05
0.047
0.143
0.059
0.055
0.06
0.054
0.066
0.064
0.064
0.062
0.064
0.063
0.205
0.071
0.07
0.067
0.227
0.077
0.079
0.074
0.06
0.054
0.054
0.056
0.058
0.055
0.058
0.131
0.059
0.055
0.056
0.055
0.058
0.092
0.083
0.057
0.054
0.057
0.053
0.056
0.054
0.065
0.079
0.063
0.062
0.064
0.078
0.079
0.075
0.075
0.078
0.076
0.076
0.075
0.077
0.047
0.048
0.049
0.051
0.048
0.047
0.057
0.053
0.055
0.055
0.055
0.054
0.054
0.055
0.054
0.058
0.174
0.079
0.056
0.174
0.054
0.054
0.175
0.055
0.154
0.183
0.059
0.06
0.064
0.06
0.088
0.063
0.064
0.056
0.055
0.054
0.058
0.055
0.054
0.056
0.055
0.053
0.066
0.061
0.063
0.065
0.06
0.061
0.061
0.061
0.065
0.062
0.06
0.064
0.06
0.062
0.061
0.063
0.048
0.047
0.048
0.049
0.076
0.078
0.074
0.075
0.11
0.061
0.062
0.061
0.063
0.061
0.06
0.062
0.064
0.077
0.066
0.06
0.085
0.062
0.065
0.062
0.064
0.061
0.062
0.064
0.061
0.063
0.06
0.062
0.062
0.057
0.055
0.054
0.061
0.063
0.061
0.065
0.056
0.055
0.056
0.054
0.059
0.055
0.053
0.053
0.053
0.063
0.061
0.063
0.059
0.064
0.061
0.064
0.096
0.063
0.056
0.096
0.055
0.056
0.054
0.055
0.053
0.061
0.061
0.061
0.062
0.063
0.067
0.063
0.061
0.063
0.06
0.065
0.06
0.065
0.06
0.063
0.061
0.061
0.064
0.062
0.06
0.063
0.06
0.113
0.105
0.103
0.061
0.054
0.057
0.055
0.056
0.056
0.057
0.056
0.055
0.054
0.056
0.057
0.054
0.053
0.057
0.054
0.056
0.062
0.064
0.06
0.063
0.064
0.065
0.062
0.064
0.06
0.055
0.056
0.058
0.054
0.059
0.054
0.055
0.053
0.064
0.063
0.066
0.064
0.062
0.06
0.065
0.061
0.064
0.062
0.063
0.063
0.064
0.054
0.054
0.057
0.054
0.054
0.053
0.058
0.055
0.054
0.056
0.057
0.054
0.208
0.059
0.062
0.063
0.06
0.103
0.061
0.062
0.061
0.061
0.11
0.082
0.066
0.061
0.062
0.061
0.062
0.063
0.145
0.147
0.048
0.048
0.148
0.047
0.05
0.152
0.054
0.168
0.054
0.054
0.054
0.18
0.171
0.135
0.055
0.184
0.061
0.066
0.061
0.062
0.064
0.064
0.059
0.064
0.066
0.061
0.06
0.057
0.053
0.057
0.055
0.055
0.056
0.055
0.054
0.057
0.056
0.139
0.055
0.053
0.057
0.055
0.055
0.055
0.172
0.058
0.053
0.065
0.061
0.063
0.061
0.063
0.061
0.06
0.064
0.061
0.059
0.054
0.054
0.068
0.056
0.186
0.067
0.064
0.069
0.064
0.253
0.206
0.081
0.079
0.083
0.083
0.083
0.127
0.107
0.064
0.069
0.063
0.061
0.065
0.061
0.064
0.062
0.063
0.06
0.063
0.062
0.062
0.079
0.063
0.064
0.065
0.076
0.065
0.066
0.069
0.081
0.065
0.061
0.18
0.158
0.063
0.063
0.058
0.062
0.06
0.06
0.058
0.074
0.056
0.065
0.063
0.063
0.066
0.064
0.067
0.065
0.067
0.056
0.056
0.055
0.179
0.13
0.181
0.199
0.118
0.069
0.061
0.058
0.076
0.06
0.061
0.06
0.06
0.058
0.066
0.067
0.066
0.066
0.066
0.069
0.065
0.064
0.059
0.069
0.07
0.066
0.068
0.065
0.058
0.059
0.061
0.059
0.088
0.073
0.065
0.068
0.063
0.06
0.069
0.086
0.07
0.07
0.264
0.242
0.067
0.066
0.07
0.075
0.068
0.069
0.068
0.068
0.074
0.062
0.06
0.063
0.06
0.063
0.063
0.061
0.061
0.062
0.059
0.208
0.061
0.061
0.064
0.06
0.071
0.075
0.07
0.072
0.068
0.07
0.067
0.265
0.073
0.075
0.069
0.072
0.067
0.071
0.061
0.157
0.06
0.061
0.06
0.06
0.06
0.063
0.071
0.069
0.068
0.07
0.069
0.07
0.068
0.069
0.069
0.066
0.072
0.064
0.059
0.062
0.062
0.06
0.072
0.064
0.08
0.066
0.059
0.071
0.068
0.068
0.069
0.068
0.069
0.07
0.07
0.068
0.068
0.071
0.069
0.068
0.229
0.068
0.182
0.069
0.071
0.067
0.07
0.067
0.07
0.071
0.068
0.07
0.068
0.061
0.062
0.061
0.064
0.063
0.073
0.067
0.065
0.063
0.065
0.064
0.067
0.076
0.064
0.061
0.062
0.061
0.073
0.07
0.074
0.07
0.075
0.075
0.07
0.087
0.067
0.07
0.061
0.062
0.076
0.062
0.064
0.062
0.062
0.07
0.072
0.072
0.069
0.07
0.069
0.09
0.081
0.062
0.063
0.187
0.061
0.063
0.174
0.077
0.06
0.187
0.062
0.064
0.068
0.073
0.068
0.072
0.068
0.071
0.068
0.069
0.06
0.063
0.061
0.06
0.063
0.062
0.065
0.063
0.066
0.066
0.07
0.069
0.073
0.069
0.113
0.073
0.073
0.07
0.072
0.071
0.062
0.077
0.061
0.06
0.063
0.059
0.061
0.059
0.068
0.072
0.068
0.07
0.069
0.069
0.064
0.059
0.058
0.059
0.066
0.068
0.068
0.066
0.061
0.057
0.057
0.062
0.058
0.061
0.058
0.059
0.062
0.058
0.059
0.062
0.059
0.062
0.059
0.058
0.076
0.061
0.06
0.061
0.06
0.065
0.059
0.062
0.061
0.071
0.06
0.059
0.064
0.095
0.098
0.091
0.094
0.094
0.113
0.097
0.092
0.098
0.101
0.096
0.097
0.083
0.084
0.087
0.083
0.085
0.083
0.085
0.105
0.084
0.088
0.083
0.088
0.085
0.085
0.086
0.098
0.093
0.094
0.094
0.096
0.092
0.094
0.097
0.094
0.102
0.098
0.095
0.097
0.093
0.099
0.098
0.094
0.101
0.096
0.096
0.096
0.127
0.095
0.1
0.094
0.096
0.094
0.098
0.094
0.088
0.081
0.087
0.086
0.082
0.089
0.092
0.097
0.268
0.095
0.098
0.093
0.095
0.095
0.096
0.099
0.094
0.096
0.099
0.095
0.098
0.09
0.084
0.085
0.086
0.083
0.084
0.088
0.084
0.087
0.099
0.098
0.095
0.098
0.094
0.097
0.099
0.153
0.168
0.095
0.097
0.096
0.126
0.094
0.106
0.115
0.102
0.097
0.095
0.32
0.063
0.058
0.058
0.133
0.058
0.055
0.056
0.054
0.055
0.054
0.057
0.054
0.055
0.056
0.054
0.055
0.055
0.056
0.055
0.055
0.054
0.054
0.058
0.054
0.054
0.056
0.054
0.091
0.055
0.06
0.054
0.057
0.054
0.057
0.057
0.055
0.056
0.133
0.055
0.055
0.055
0.055
0.054
0.053
0.063
0.064
0.063
0.064
0.06
0.063
0.065
0.064
0.062
0.06
0.062
0.061
0.063
0.061
0.071
0.058
0.057
0.055
0.055
0.055
0.101
0.056
0.054
0.055
0.055
0.055
0.054
0.168
0.061
0.063
0.061
0.061
0.064
0.063
0.06
0.066
0.058
0.056
0.053
0.056
0.054
0.056
0.063
0.064
0.062
0.059
0.061
0.063
0.06
0.054
0.057
0.053
0.065
0.06
0.061
0.062
0.06
0.062
0.061
0.062
0.058
0.054
0.056
0.054
0.054
0.056
0.054
0.061
0.061
0.06
0.062
0.058
0.053
0.058
0.055
0.054
0.056
0.054
0.055
0.056
0.055
0.058
0.054
0.056
0.061
0.059
0.063
0.062
0.071
0.062
0.063
0.061
0.065
0.06
0.06
0.054
0.057
0.054
0.057
0.053
0.054
0.055
0.053
0.064
0.06
0.061
0.061
0.061
0.063
0.092
0.062
0.066
0.063
0.061
0.084
0.062
0.062
0.064
0.06
0.062
0.068
0.062
0.062
0.062
0.061
0.063
0.061
0.062
0.061
0.062
0.064
0.055
0.055
0.059
0.053
0.056
0.055
0.054
0.061
0.061
0.061
0.061
0.062
0.066
0.063
0.064
0.063
0.066
0.062
0.064
0.062
0.065
0.063
0.064
0.055
0.057
0.055
0.054
0.06
0.063
0.065
0.076
0.058
0.056
0.059
0.058
0.056
0.061
0.058
0.055
0.202
0.058
0.057
0.055
0.059
0.056
0.055
0.058
0.055
0.102
0.091
0.094
0.092
0.104
0.1
0.1
0.099
0.111
0.102
0.135
0.102
0.088
0.1
0.084
0.088
0.088
0.111
0.089
0.091
0.088
0.088
0.086
0.087
0.089
0.083
0.091
0.091
0.09
0.091
0.095
0.103
0.089
0.097
0.091
0.096
0.091
0.088
0.089
0.089
0.093
0.149
0.104
0.099
0.102
0.102
0.1
0.1
0.098
0.098
0.094
0.096
0.093
0.092
0.094
0.103
0.107
0.102
0.109
0.103
0.094
0.313
0.091
0.111
0.117
0.107
0.103
0.099
0.1
0.102
0.097
0.098
0.105
0.1
0.1
0.119
0.101
0.102
0.11
0.1
0.106
0.103
0.109
0.107
0.105
0.11
0.109
0.11
0.113
0.12
0.107
0.102
0.101
0.101
0.112
0.103
0.109
0.103
0.105
0.104
0.104
0.103
0.102
0.106
0.102
0.102
0.099
0.104
0.1
0.099
0.113
0.104
0.103
0.101
0.089
0.141
0.097
0.09
0.088
0.087
0.092
0.089
0.087
0.09
0.092
0.092
0.092
0.096
0.091
0.091
0.093
0.092
0.09
0.094
0.12
0.093
0.093
0.095
0.09
0.106
0.102
0.108
0.105
0.105
0.1
0.1
0.101
0.103
0.093
0.1
0.094
0.1
0.102
0.09
0.1
0.093
0.12
0.11
0.11
0.109
0.15
0.107
0.285
0.106
0.106
0.101
0.124
0.104
0.107
0.105
0.112
0.106
0.136
0.113
0.105
0.117
0.107
0.103
0.108
0.091
0.091
0.119
0.107
0.108
0.098
0.096
0.098
0.097
0.092
0.102
0.105
0.11
0.093
0.095
0.096
0.098
0.092
0.102
0.109
0.108
0.094
0.09
0.093
0.09
0.098
0.095
0.106
0.097
0.094
0.098
0.106
0.103
0.105
0.104
0.101
0.107
0.102
0.09
0.092
0.096
0.09
0.123
0.106
0.108
0.11
0.096
0.11
0.094
0.133
0.108
0.112
0.103
0.104
0.105
0.117
0.098
0.102
0.109
0.106
0.103
0.104
0.105
0.089
0.102
0.105
0.123
0.331
0.104
0.094
0.105
0.105
0.097
0.104
0.095
0.092
0.091
0.095
0.09
0.105
0.134
0.115
0.11
0.104
0.101
0.109
0.101
0.091
0.089
0.089
0.092
0.092
0.093
0.091
0.096
0.094
0.096
0.091
0.088
0.095
0.088
0.108
0.41
0.093
0.091
0.105
0.095
0.1
0.106
0.11
0.092
0.092
0.324
0.123
0.105
0.101
0.099
0.103
0.102
0.108
0.103
0.105
0.091
0.092
0.106
0.101
0.105
0.105
0.102
0.101
0.112
0.106
0.102
0.354
0.137
0.115
0.098
0.089
0.079
0.068
0.069
0.067
0.07
0.07
0.066
0.064
0.066
0.065
0.064
0.065
0.109
0.068
0.067
0.074
0.064
0.067
0.063
0.068
0.062
0.066
0.064
0.063
0.085
0.065
0.063
0.066
0.064
0.06
0.057
0.064
0.057
0.185
0.062
0.063
0.065
0.063
0.065
0.058
0.055
0.056
0.06
0.056
0.056
0.058
0.056
0.059
0.056
0.056
0.06
0.054
0.064
0.056
0.058
0.055
0.057
0.055
0.055
0.057
0.093
0.061
0.057
0.059
0.058
0.056
0.056
0.057
0.054
0.058
0.055
0.054
0.055
0.063
0.066
0.063
0.062
0.063
0.06
0.068
0.196
0.066
0.055
0.056
0.059
0.17
0.065
0.06
0.057
0.058
0.06
0.076
0.056
0.055
0.057
0.055
0.055
0.061
0.056
0.054
0.192
0.057
0.062
0.064
0.066
0.055
0.055
0.057
0.053
0.056
0.061
0.066
0.061
0.064
0.064
0.058
0.053
0.054
0.055
0.187
0.061
0.077
0.067
0.066
0.063
0.065
0.167
0.06
0.063
0.056
0.077
0.075
0.068
0.061
0.065
0.054
0.054
0.056
0.054
0.064
0.275
0.063
0.062
0.062
0.066
0.062
0.058
0.055
0.065
0.064
0.066
0.065
0.063
0.067
0.063
0.065
0.062
0.063
0.076
0.061
0.064
0.062
0.063
0.061
0.063
0.062
0.062
0.214
0.067
0.092
0.064
0.064
0.07
0.067
0.076
0.065
0.063
0.064
0.062
0.158
0.065
0.066
0.061
0.066
0.063
0.062
0.058
0.054
0.057
0.054
0.055
0.056
0.059
0.056
0.064
0.066
0.064
0.059
0.066
0.063
0.062
0.063
0.063
0.066
0.222
0.063
0.063
0.207
0.057
0.056
0.064
0.066
0.062
0.204
0.065
0.208
0.065
0.065
0.062
0.063
0.063
0.061
0.063
0.061
0.062
0.055
0.058
0.056
0.057
0.054
0.059
0.055
0.055
0.062
0.063
0.062
0.063
0.174
0.065
0.062
0.055
0.055
0.057
0.057
0.055
0.056
0.055
0.06
0.057
0.064
0.187
0.178
0.065
0.064
0.197
0.062
0.207
0.083
0.07
0.066
0.065
0.068
0.235
0.065
0.219
0.064
0.066
0.116
0.107
0.12
0.088
0.089
0.091
0.089
0.102
0.059
0.058
0.058
0.064
0.057
0.057
0.058
0.059
0.059
0.057
0.059
0.059
0.112
0.059
0.061
0.071
0.057
0.069
0.065
0.064
0.063
0.063
0.056
0.067
0.063
0.063
0.067
0.064
0.059
0.057
0.06
0.056
0.059
0.056
0.056
0.064
0.056
0.059
0.064
0.141
0.063
0.066
0.065
0.065
0.064
0.067
0.067
0.063
0.065
0.063
0.069
0.064
0.064
0.066
0.062
0.065
0.153
0.064
0.056
0.059
0.075
0.066
0.066
0.067
0.063
0.065
0.063
0.067
0.066
0.183
0.063
0.067
0.057
0.063
0.063
0.068
0.167
0.066
0.064
0.065
0.064
0.063
0.061
0.203
0.061
0.057
0.062
0.066
0.071
0.21
0.06
0.069
0.068
0.226
0.07
0.076
0.076
0.075
0.075
0.065
0.065
0.066
0.065
0.065
0.081
0.088
0.065
0.063
0.064
0.056
0.059
0.058
0.056
0.056
0.059
0.062
0.059
0.067
0.066
0.067
0.064
0.059
0.066
0.064
0.192
0.057
0.057
0.072
0.057
0.056
0.061
0.067
0.065
0.059
0.234
0.074
0.076
0.074
0.073
0.076
0.071
0.075
0.061
0.071
0.068
0.067
0.062
0.07
0.173
0.061
0.059
0.055
0.056
0.069
0.21
0.065
0.058
0.057
0.059
0.056
0.059
0.057
0.055
0.056
0.063
0.067
0.062
0.058
0.056
0.063
0.056
0.058
0.057
0.07
0.058
0.068
0.069
0.064
0.07
0.065
0.068
0.065
0.068
0.064
0.093
0.145
0.214
0.059
0.185
0.223
0.067
0.065
0.208
0.081
0.061
0.064
0.061
0.074
0.064
0.062
0.061
0.058
0.262
0.066
0.059
0.064
0.212
0.212
0.217
0.068
0.059
0.055
0.053
0.178
0.057
0.054
0.053
0.062
0.059
0.055
0.055
0.054
0.066
0.078
0.178
0.06
0.062
0.066
0.055
0.058
0.053
0.067
0.063
0.17
0.064
0.064
0.064
0.207
0.26
0.067
0.069
0.067
0.22
0.055
0.056
0.069
0.066
0.066
0.061
0.066
0.062
0.063
0.055
0.063
0.064
0.061
0.064
0.062
0.064
0.062
0.063
0.06
0.064
0.061
0.062
0.057
0.062
0.061
0.061
0.064
0.062
0.064
0.062
0.061
0.198
0.094
0.061
0.065
0.063
0.063
0.062
0.064
0.209
0.071
0.067
0.055
0.063
0.06
0.058
0.054
0.062
0.076
0.062
0.058
0.061
0.057
0.055
0.057
0.055
0.063
0.055
0.056
0.069
0.057
0.062
0.06
0.054
0.056
0.061
0.054
0.055
0.06
0.061
0.058
0.062
0.064
0.062
0.057
0.054
0.057
0.056
0.056
0.054
0.054
0.062
0.061
0.056
0.058
0.054
0.057
0.055
0.056
0.057
0.054
0.054
0.057
0.054
0.064
0.055
0.055
0.054
0.055
0.071
0.065
0.072
0.072
0.068
0.125
0.083
0.068
0.108
0.061
0.065
0.067
0.136
0.096
0.177
0.149
0.094
0.129
0.1
0.062
0.062
0.102
0.062
0.062
0.065
0.061
0.062
0.062
0.057
0.068
0.069
0.055
0.053
0.055
0.172
0.057
0.055
0.143
0.056
0.056
0.062
0.063
0.062
0.067
0.06
0.062
0.062
0.063
0.066
0.064
0.064
0.066
0.063
0.063
0.196
0.056
0.054
0.055
0.058
0.053
0.053
0.056
0.065
0.061
0.058
0.054
0.055
0.058
0.054
0.055
0.054
0.053
0.062
0.055
0.054
0.191
0.066
0.061
0.054
0.054
0.062
0.064
0.062
0.063
0.061
0.064
0.062
0.06
0.062
0.061
0.067
0.061
0.057
0.054
0.063
0.062
0.054
0.062
0.067
0.061
0.064
0.062
0.06
0.062
0.061
0.064
0.06
0.08
0.22
0.071
0.062
0.206
0.067
0.068
0.071
0.067
0.054
0.063
0.053
0.059
0.063
0.06
0.07
0.086
0.104
0.079
0.065
0.062
0.055
0.057
0.055
0.054
0.054
0.056
0.055
0.073
0.054
0.058
0.054
0.057
0.055
0.056
0.055
0.091
0.278
0.071
0.057
0.055
0.069
0.109
0.067
0.064
0.062
0.192
0.061
0.065
0.124
0.305
0.076
0.065
0.059
0.062
0.061
0.064
0.06
0.063
0.06
0.062
0.061
0.063
0.063
0.06
0.064
0.061
0.061
0.067
0.062
0.064
0.062
0.064
0.062
0.063
0.061
0.06
0.174
0.061
0.064
0.061
0.105
0.073
0.069
0.068
0.072
0.069
0.068
0.074
0.062
0.209
0.064
0.062
0.063
0.06
0.211
0.068
0.072
0.067
0.07
0.068
0.068
0.066
0.237
0.057
0.053
0.072
0.055
0.057
0.055
0.073
0.07
0.068
0.246
0.075
0.077
0.075
0.076
0.074
0.148
0.062
0.064
0.055
0.054
0.176
0.061
0.065
0.065
0.062
0.065
0.062
0.061
0.061
0.062
0.061
0.064
0.061
0.062
0.06
0.063
0.064
0.061
0.064
0.061
0.071
0.055
0.066
0.061
0.063
0.304
0.074
0.071
0.068
0.21
0.101
0.061
0.072
0.068
0.334
0.18
0.079
0.057
0.054
0.055
0.056
0.064
0.117
0.133
0.1
0.103
0.087
0.251
0.075
0.067
0.066
0.121
0.063
0.06
0.076
0.108
0.07
0.072
0.068
0.071
0.069
0.07
0.067
0.068
0.072
0.064
0.061
0.06
0.064
0.063
0.063
0.06
0.064
0.062
0.183
0.316
0.086
0.112
0.294
0.409
0.076
0.063
0.056
0.056
0.054
0.055
0.054
0.069
0.068
0.067
0.242
0.061
0.093
0.168
0.062
0.065
0.221
0.062
0.198
0.062
0.063
0.064
0.055
0.062
0.061
0.055
0.055
0.166
0.056
0.055
0.061
0.08
0.195
0.061
0.063
0.061
0.061
0.063
0.06
0.056
0.055
0.057
0.068
0.068
0.067
0.218
0.071
0.07
0.067
0.121
0.071
0.065
0.064
0.074
0.055
0.057
0.072
0.066
0.07
0.064
0.068
0.071
0.067
0.07
0.067
0.07
0.07
0.068
0.067
0.071
0.067
0.081
0.062
0.061
0.193
0.062
0.062
0.068
0.063
0.062
0.065
0.061
0.067
0.069
0.07
0.071
0.068
0.069
0.068
0.068
0.072
0.068
0.066
0.06
0.07
0.07
0.053
0.067
0.055
0.068
0.063
0.069
0.067
0.069
0.067
0.072
0.067
0.067
0.07
0.069
0.056
0.092
0.055
0.058
0.057
0.062
0.071
0.068
0.069
0.055
0.069
0.058
0.07
0.067
0.057
0.06
0.069
0.068
0.07
0.068
0.061
0.1
0.074
0.063
0.2
0.063
0.068
0.063
0.062
0.207
0.063
0.073
0.062
0.055
0.065
0.062
0.06
0.064
0.067
0.055
0.055
0.057
0.055
0.061
0.071
0.06
0.065
0.067
0.068
0.074
0.065
0.083
0.055
0.077
0.056
0.054
0.056
0.055
0.054
0.073
0.066
0.068
0.068
0.06
0.071
0.055
0.053
0.056
0.125
0.094
0.097
0.054
0.068
0.221
0.054
0.247
0.073
0.066
0.068
0.07
0.066
0.071
0.068
0.067
0.153
0.062
0.061
0.061
0.208
0.092
0.071
0.068
0.07
0.069
0.071
0.067
0.07
0.067
0.07
0.068
0.067
0.07
0.07
0.062
0.064
0.062
0.062
0.06
0.064
0.063
0.062
0.065
0.068
0.076
0.077
0.075
0.08
0.075
0.081
0.079
0.075
0.08
0.078
0.075
0.07
0.077
0.078
0.085
0.081
0.069
0.072
0.089
0.072
0.073
0.057
0.073
0.07
0.071
0.07
0.072
0.068
0.07
0.071
0.07
0.072
0.07
0.069
0.069
0.072
0.071
0.07
0.055
0.072
0.071
0.072
0.068
0.071
0.073
0.071
0.07
0.056
0.055
0.071
0.071
0.058
0.062
0.064
0.103
0.064
0.064
0.062
0.064
0.075
0.071
0.219
0.072
0.073
0.108
0.074
0.074
0.064
0.075
0.061
0.18
0.057
0.068
0.06
0.059
0.056
0.057
0.057
0.057
0.071
0.074
0.071
0.074
0.192
0.073
0.076
0.073
0.071
0.262
0.077
0.076
0.071
0.075
0.074
0.076
0.267
0.081
0.081
0.08
0.077
0.064
0.06
0.156
0.08
0.074
0.073
0.071
0.072
0.071
0.254
0.077
0.078
0.073
0.071
0.07
0.071
0.07
0.282
0.078
0.06
0.057
0.057
0.071
0.073
0.071
0.071
0.071
0.076
0.079
0.065
0.067
0.065
0.064
0.066
0.063
0.067
0.064
0.109
0.096
0.096
0.108
0.304
0.105
0.068
0.062
0.063
0.073
0.069
0.071
0.089
0.179
0.072
0.071
0.072
0.092
0.071
0.106
0.074
0.075
0.073
0.073
0.07
0.075
0.071
0.07
0.071
0.258
0.078
0.067
0.076
0.069
0.067
0.066
0.069
0.065
0.174
0.067
0.066
0.083
0.058
0.074
0.096
0.077
0.073
0.078
0.075
0.226
0.086
0.082
0.087
0.065
0.061
0.066
0.079
0.194
0.222
0.076
0.073
0.076
0.078
0.065
0.065
0.067
0.066
0.064
0.079
0.066
0.065
0.087
0.079
0.094
0.085
0.081
0.082
0.081
0.075
0.081
0.076
0.072
0.088
0.071
0.071
0.08
0.072
0.141
0.094
0.1
0.275
0.096
0.344
0.09
0.067
0.071
0.06
0.059
0.056
0.076
0.057
0.056
0.136
0.072
0.071
0.112
0.073
0.086
0.073
0.054
0.064
0.069
0.079
0.074
0.064
0.053
0.056
0.194
0.055
0.055
0.054
0.054
0.054
0.053
0.184
0.095
0.256
0.095
0.062
0.061
0.1
0.066
0.063
0.067
0.174
0.135
0.096
0.09
0.174
0.077
0.079
0.078
0.072
0.063
0.07
0.067
0.067
0.072
0.09
0.067
0.07
0.07
0.072
0.07
0.071
0.075
0.137
0.127
0.148
0.098
0.086
0.071
0.131
0.301
0.077
0.075
0.077
0.13
0.185
0.076
0.081
0.266
0.063
0.075
0.083
0.064
0.25
0.073
0.074
0.067
0.07
0.064
0.281
0.12
0.084
0.07
0.291
0.066
0.071
0.069
0.07
0.073
0.089
0.075
0.068
0.072
0.069
0.255
0.074
0.152
0.166
0.07
0.067
0.071
0.242
0.094
0.123
0.076
0.077
0.075
0.296
0.082
0.104
0.074
0.075
0.07
0.071
0.074
0.075
0.086
0.073
0.086
0.073
0.082
0.07
0.069
0.071
0.069
0.075
0.068
0.152
0.122
0.266
0.071
0.071
0.106
0.097
0.07
0.072
0.07
0.082
0.067
0.071
0.071
0.064
0.078
0.088
0.069
0.068
0.068
0.071
0.067
0.192
0.07
0.073
0.068
0.096
0.062
0.066
0.06
0.064
0.158
0.062
0.064
0.066
0.088
0.069
0.072
0.246
0.293
0.073
0.072
0.09
0.061
0.079
0.112
0.09
0.076
0.078
0.09
0.22
0.075
0.07
0.072
0.085
0.071
0.068
0.071
0.068
0.061
0.086
0.069
0.068
0.069
0.068
0.068
0.067
0.067
0.068
0.063
0.078
0.075
0.218
0.071
0.067
0.071
0.068
0.067
0.069
0.069
0.067
0.07
0.07
0.093
0.115
0.074
0.076
0.078
0.075
0.077
0.202
0.064
0.17
0.065
0.061
0.189
0.072
0.261
0.085
0.085
0.089
0.081
0.082
0.086
0.085
0.189
0.069
0.066
0.068
0.068
0.072
0.071
0.07
0.22
0.07
0.069
0.228
0.069
0.091
0.185
0.071
0.068
0.069
0.087
0.07
0.086
0.071
0.066
0.069
0.07
0.068
0.068
0.069
0.062
0.068
0.073
0.07
0.067
0.208
0.263
0.075
0.078
0.072
0.068
0.072
0.068
0.07
0.089
0.068
0.068
0.08
0.088
0.07
0.069
0.068
0.072
0.226
0.067
0.071
0.087
0.069
0.256
0.074
0.244
0.254
0.077
0.28
0.085
0.064
0.075
0.075
0.068
0.07
0.066
0.068
0.069
0.088
0.072
0.068
0.072
0.067
0.07
0.062
0.08
0.075
0.069
0.069
0.068
0.232
0.061
0.071
0.065
0.071
0.069
0.067
0.069
0.07
0.071
0.088
0.07
0.067
0.07
0.083
0.084
0.082
0.084
0.098
0.086
0.086
0.084
0.339
0.106
0.15
0.076
0.078
0.076
0.074
0.181
0.064
0.063
0.062
0.06
0.064
0.071
0.069
0.071
0.094
0.062
0.061
0.062
0.061
0.062
0.068
0.073
0.07
0.075
0.271
0.07
0.073
0.073
0.068
0.069
0.068
0.073
0.069
0.068
0.069
0.092
0.068
0.068
0.069
0.068
0.068
0.071
0.071
0.213
0.067
0.091
0.222
0.071
0.072
0.081
0.072
0.199
0.078
0.078
0.075
0.076
0.078
0.077
0.07
0.074
0.068
0.314
0.236
0.133
0.089
0.345
0.079
0.071
0.07
0.066
0.071
0.068
0.249
0.076
0.076
0.111
0.078
0.271
0.084
0.289
0.071
0.069
0.071
0.069
0.074
0.076
0.074
0.076
0.079
0.078
0.074
0.202
0.263
0.285
0.291
0.092
0.192
0.209
0.173
0.075
0.118
0.077
0.068
0.081
0.086
0.08
0.071
0.068
0.179
0.082
0.083
0.083
0.069
0.239
0.078
0.076
0.075
0.074
0.073
0.072
0.07
0.069
0.068
0.158
0.068
0.071
0.07
0.239
0.221
0.067
0.233
0.069
0.068
0.101
0.069
0.069
0.071
0.068
0.079
0.263
0.077
0.076
0.074
0.076
0.092
0.281
0.3
0.092
0.07
0.088
0.323
0.323
0.091
0.159
0.181
0.071
0.068
0.088
0.073
0.068
0.072
0.069
0.08
0.068
0.087
0.082
0.081
0.069
0.068
0.068
0.071
0.066
0.068
0.083
0.076
0.066
0.082
0.077
0.076
0.071
0.076
0.078
0.242
0.288
0.083
0.081
0.072
0.067
0.067
0.072
0.072
0.071
0.083
0.083
0.083
0.067
0.078
0.083
0.085
0.124
0.066
0.06
0.065
0.083
0.083
0.086
0.081
0.082
0.083
0.083
0.082
0.084
0.083
0.07
0.079
0.069
0.07
0.067
0.071
0.072
0.069
0.07
0.069
0.071
0.082
0.082
0.083
0.082
0.085
0.092
0.294
0.087
0.088
0.081
0.081
0.289
0.301
0.089
0.09
0.092
0.089
0.076
0.072
0.09
0.074
0.068
0.069
0.066
0.071
0.071
0.086
0.068
0.069
0.071
0.255
0.072
0.073
0.254
0.07
0.074
0.08
0.077
0.074
0.075
0.114
0.124
0.09
0.075
0.069
0.075
0.072
0.088
0.086
0.086
0.083
0.083
0.084
0.192
0.093
0.101
0.078
0.083
0.073
0.071
0.07
0.071
0.072
0.07
0.074
0.238
0.071
0.241
0.084
0.086
0.07
0.086
0.081
0.073
0.078
0.073
0.077
0.097
0.074
0.078
0.075
0.084
0.08
0.083
0.083
0.097
0.082
0.084
0.075
0.074
0.075
0.072
0.079
0.074
0.076
0.198
0.076
0.075
0.073
0.078
0.073
0.077
0.071
0.076
0.083
0.084
0.08
0.274
0.082
0.077
0.074
0.076
0.072
0.266
0.098
0.085
0.081
0.075
0.3
0.073
0.074
0.085
0.08
0.082
0.084
0.079
0.082
0.111
0.076
0.073
0.074
0.071
0.074
0.073
0.252
0.078
0.082
0.072
0.111
0.11
0.075
0.073
0.071
0.075
0.689
0.09
0.081
0.08
0.083
0.291
0.089
0.313
0.313
0.102
0.094
0.098
0.093
0.097
0.078
0.071
0.079
0.073
0.075
0.072
0.076
0.092
0.076
0.077
0.114
0.08
0.093
0.078
0.074
0.08
0.074
0.075
0.079
0.075
0.076
0.079
0.076
0.238
0.08
0.074
0.08
0.077
0.102
0.074
0.072
0.078
0.09
0.09
0.087
0.088
0.091
0.088
0.087
0.086
0.076
0.089
0.208
0.075
0.076
0.074
0.083
0.083
0.085
0.093
0.091
0.091
0.09
0.09
0.093
0.086
0.091
0.086
0.082
0.084
0.081
0.083
0.086
0.089
0.09
0.085
0.078
0.118
0.086
0.296
0.084
0.081
0.084
0.234
0.209
0.088
0.084
0.08
0.083
0.081
0.084
0.08
0.075
0.077
0.072
0.265
0.086
0.103
0.089
0.084
0.079
0.09
0.076
0.077
0.089
0.073
0.076
0.076
0.091
0.087
0.08
0.079
0.077
0.077
0.086
0.082
0.083
0.081
0.289
0.088
0.082
0.082
0.084
0.111
0.087
0.087
0.08
0.082
0.084
0.08
0.084
0.079
0.08
0.076
0.079
0.074
0.081
0.084
0.08
0.09
0.073
0.085
0.084
0.091
0.09
0.082
0.085
0.085
0.084
0.079
0.081
0.285
0.093
0.09
0.085
0.08
0.084
0.081
0.081
0.083
0.085
0.09
0.093
0.088
0.091
0.25
0.089
0.085
0.25
0.084
0.082
0.084
0.09
0.09
0.093
0.09
0.088
0.089
0.09
0.075
0.076
0.088
0.091
0.089
0.091
0.089
0.09
0.09
0.089
0.091
0.09
0.088
0.086
0.092
0.073
0.079
0.077
0.081
0.074
0.101
0.075
0.073
0.074
0.083
0.072
0.084
0.083
0.082
0.084
0.081
0.091
0.081
0.091
0.081
0.082
0.085
0.08
0.08
0.081
0.086
0.107
0.087
0.081
0.08
0.081
0.083
0.081
0.08
0.097
0.082
0.114
0.083
0.082
0.078
0.08
0.079
0.074
0.075
0.073
0.076
0.072
0.098
0.072
0.085
0.094
0.083
0.087
0.084
0.084
0.086
0.083
0.097
0.08
0.083
0.08
0.228
0.083
0.084
0.092
0.089
0.09
0.091
0.091
0.08
0.091
0.081
0.081
0.079
0.082
0.088
0.074
0.078
0.072
0.096
0.074
0.116
0.074
0.099
0.083
0.079
0.081
0.08
0.08
0.079
0.082
0.081
0.082
0.079
0.086
0.083
0.081
0.079
0.084
0.084
0.081
0.086
0.078
0.078
0.086
0.085
0.088
0.084
0.085
0.085
0.082
0.085
0.318
0.094
0.088
0.089
0.318
0.094
0.087
0.088
0.09
0.084
0.085
0.081
0.084
0.081
0.09
0.089
0.084
0.09
0.086
0.294
0.088
0.091
0.089
0.09
0.092
0.09
0.085
0.086
0.097
0.086
0.08
0.08
0.083
0.304
0.089
0.089
0.086
0.089
0.087
0.088
0.083
0.076
0.074
0.075
0.075
0.077
0.074
0.071
0.073
0.078
0.074
0.075
0.095
0.079
0.074
0.075
0.074
0.077
0.073
0.114
0.073
0.074
0.073
0.074
0.079
0.086
0.075
0.072
0.074
0.071
0.075
0.07
0.096
0.08
0.083
0.084
0.08
0.084
0.08
0.082
0.081
0.081
0.082
0.079
0.091
0.09
0.085
0.089
0.072
0.073
0.09
0.086
0.077
0.079
0.079
0.081
0.079
0.079
0.079
0.089
0.088
0.084
0.089
0.088
0.082
0.082
0.08
0.082
0.08
0.081
0.074
0.073
0.095
0.083
0.079
0.082
0.079
0.082
0.08
0.081
0.09
0.086
0.086
0.092
0.092
0.1
0.09
0.096
0.094
0.107
0.086
0.086
0.082
0.087
0.085
0.085
0.083
0.092
0.091
0.093
0.095
0.086
0.078
0.092
0.575
0.11
0.114
0.112
0.11
0.083
0.074
0.077
0.07
0.131
0.084
0.082
0.083
0.08
0.079
0.081
0.09
0.087
0.089
0.09
0.089
0.089
0.087
0.093
0.119
0.088
0.093
0.085
0.086
0.09
0.09
0.086
0.086
0.089
0.087
0.09
0.073
0.076
0.071
0.072
0.074
0.072
0.072
0.085
0.083
0.082
0.079
0.081
0.095
0.083
0.08
0.084
0.083
0.08
0.084
0.083
0.096
0.077
0.08
0.076
0.076
0.078
0.08
0.092
0.084
0.118
0.082
0.085
0.08
0.09
0.09
0.092
0.089
0.088
0.09
0.087
0.088
0.088
0.074
0.078
0.073
0.075
0.076
0.246
0.07
0.069
0.07
0.081
0.081
0.094
0.084
0.083
0.084
0.083
0.09
0.088
0.09
0.091
0.088
0.092
0.092
0.086
0.093
0.08
0.075
0.084
0.08
0.078
0.078
0.083
0.074
0.072
0.067
0.077
0.067
0.069
0.095
0.104
0.258
