882
4758
8634
9729
13401
17769
13893
13011
16887
17769
14097
9729
5853
4758
5853
9729
14097
17769
17985
19641
20677
27973
24301
23419
22324
18448
14572
10204
13876
17752
18634
22510
26878
27973
31413
39045
40473
41403
52659
53754
79395
75723
71847
67479
66384
67479
71355
75027
79395
75519
74637
78513
79395
78300
73932
70260
66384
67479
71847
75519
79395
95676
97986
98042
101402
97730
96635
92759
88391
92267
93362
97034
101402
97526
96644
95549
91673
87305
83633
87305
88617
97241
100991
126632
128288
133968
134898
138930
180930
183100
192424
193096
202896
203715
209539
212409
228690
235758
235920
242240
244688
245570
243122
236802
220521
220359
219477
212409
219477
220359
220521
222969
229289
245570
239250
239088
238206
235758
219477
212409
214857
215739
222059
229127
245408
245570
239746
236876
227552
226733
216933
216261
209941
219265
222135
205854
211678
211516
209068
208186
217986
218658
219477
212409
218729
221177
222059
222221
238502
245570
239250
239088
238206
235758
219477
212409
214857
215739
222059
238340
238502
245570
241538
239368
197368
199538
241538
245570
271211
278843
287467
289777
273496
267176
260108
259946
259064
256616
257498
261374
260492
256616
260492
261374
255550
254878
245078
242208
232884
232065
241389
251189
254059
259883
260702
261374
257498
256616
257498
261374
261635
267315
268410
270990
267114
266232
267114
270990
267630
251349
251293
248983
252343
268624
268680
270990
267114
266232
263922
256290
247666
222025
229657
255298
257608
266232
266907
287775
285605
243605
239573
281573
285605
287775
295071
302703
309023
309905
327230
328022
345347
353971
354232
365592
365808
368868
369963
380421
422421
423261
426621
425949
420125
410801
409982
400182
397312
398131
401001
410325
420125
425949
426621
434221
440017
443893
451525
454395
457835
458930
465250
466834
471636
484992
505012
505068
522778
522834
535623
539055
539743
540779
547809
553265
556697
557537
558849
600849
610649
610859
611699
616067
618237
624061
635101
642169
643885
664753
672541
689866
702826
704996
717785
719213
722885
724469
728837
729629
736925
749714
751026
751287
764247
768459
769299
770419
771107
771899
806843
827711
841067
849807
854609
859493
867149
868031
870445
871565
897206
903030
908826
910275
917907
921783
931107
966051
967171
987191
1004901
1010357
1025477
1028347
1029659
1037259
1041471
1050211
1052611
1060243
1064635
1075093
1082123
1095083
1100907
1106587
1107262
1109662
1113094
1115508
1115724
1117324
1128580
1131028
1131238
1134988
1136437
1136647
1162288
1162504
1168984
1171564
1184524
1192180
1193629
1195213
1197383
1229723
1229984
1239784
1240820
1247888
1258346
1278366
1278422
1313366
1327666
1334962
1337362
1345150
1354474
1365394
1380514
1386310
1390522
1393762
1394256
1415124
1415385
1416267
1426725
1439808
1446876
1447551
1455151
1461829
1462924
1476007
1477127
1480799
1486595
1502876
1503996
1513320
1517712
1526452
1527904
1540864
1545076
1545916
1548226
1554022
1566811
1572491
1573691
1584149
1585733
1590617
1607942
1623062
1623734
1627610
1628138
1628813
1629653
1635701
1638149
1644827
1655684
1654892
1658132
1661492
1672532
1673204
1689485
1690160
1690832
1692416
1695776
1705100
1718060
1707602
1715390
1724060
1731848
1732010
1732829
1738877
1740827
1744703
1748915
1749951
1751046
1751838
1760462
1760518
1767987
1774307
1776707
1778135
1782937
1783777
1786717
1789957
1796437
1816457
1818767
1844408
1849292
1849082
1852522
1865605
1867775
1868567
1879823
1887455
1896079
1896767
1898219
1909139
1913531
1914959
1915199
1902410
1903862
1910930
1921787
1922987
1923869
1926449
1928619
1928781
1946491
1956949
1943593
1945249
1944561
1945443
1956699
1949403
1954205
1954877
1949053
1939729
1929929
1929110
1926240
1925568
1925568
1931392
1932211
1932211
1935081
1935753
1934169
1937229
1929629
1922561
1916241
1911439
1911967
1915027
1927816
1930126
1931221
1932257
1939287
1939781
1956062
1959938
1962998
1995338
2037338
2039648
2048272
2048440
2048701
2068721
2079578
2079740
2097065
2098649
2097221
2097221
2086181
2086709
2069384
2071334
2082694
2082694
2093614
2102938
2105518
2105518
2106830
2107502
2106710
2113610
2110740
2149812
2148692
2141662
2135342
2136224
2143856
2178800
2185280
2172491
2172701
2176733
2180945
2180729
2187049
2193949
2194789
2199591
2202759
2205819
2209695
2216991
2215896
2216991
2214543
2228843
2228843
2224475
2225163
2212203
2223243
2224899
2224638
2224422
2227782
2231994
2244954
2250634
2252584
2287528
2274568
2275450
2284774
2285035
2285563
2296603
2301405
2302857
2305727
2308037
2308277
2308805
2314601
2322257
2328053
2333733
2333733
2308092
2308092
2308884
2308884
2308884
2311298
2324258
2326208
2326418
2330810
2319450
2325770
2336627
2321507
2321507
2325875
2325875
2290931
2291861
2297541
2298333
2281008
2279888
2269430
2290298
2291090
2265449
2256825
2254515
2246883
2255507
2276375
2284007
2309648
2307234
2314134
2316444
2314030
2322770
2321458
2310538
2301214
2289854
2289182
2289182
2289182
2286602
2287274
2287274
2289854
2289854
2289854
2289854
2291166
2302086
2300370
2300426
2296058
2296898
2297780
2300228
2293550
2294670
2298546
2290946
2291002
2289882
2290044
2290044
2287644
2279988
2281437
2268354
2279211
2281659
2261639
2261639
2265079
2257291
2260351
2256991
2264779
2260387
2251647
2259279
2265075
2264814
2260938
2262366
2262366
2263678
2265106
2259310
2257726
2258401
2269321
2262025
2279350
2279590
2276150
2271266
2272718
2276158
2275483
2301124
2307802
2306962
2294002
2314870
2307082
2313760
2319584
2317274
2323952
2333752
2336992
2336992
2336992
2333320
2354188
2349386
2353262
2311262
2309092
2305060
2305060
2307230
2307230
2306969
2308397
2315427
2302638
2305698
2284830
2287230
2289400
2289400
2288728
2279988
2297698
2306438
2315178
2323848
2323848
2323848
2326908
2327596
2318972
2306012
2308592
2311006
2309694
2309454
2311038
2309726
2311175
2303575
2304069
2308871
2305439
2304557
2313297
2324553
2333877
2322957
2321645
2321645
2321645
2321645
2321645
2320973
2318393
2329313
2338637
2341217
2341889
2349545
2384489
2385801
2397161
2410121
2414923
2422555
2423374
2423374
2423374
2428830
2431000
2431000
2420143
2400123
2400915
2375274
2375274
2357564
2366888
2366888
2387756
2387972
2398892
2399564
2388308
2399348
2395916
2394821
2398061
2398880
2399141
2398301
2398301
2409158
2413526
2405738
2406426
2441370
2439921
2444289
2448165
2448165
2441097
2441097
2438517
2430861
2424381
2422797
2409837
2408388
2409972
2412552
2414001
2420481
2420481
2433441
2434890
2433290
2434082
2435118
2393118
2396058
2386734
2386944
2383068
2384380
2386828
2393148
2390088
2389926
2389716
2379916
2380604
2380604
2380604
2369684
2360360
2353292
2359116
2398188
2398188
2403072
2409552
2412492
2414940
2413284
2378340
2380754
2381790
2381262
2378022
2377230
2377902
2377902
2377902
2390691
2403480
2404932
2407102
2411470
2400430
2395546
2396386
2397316
2397316
2401708
2401708
2403136
2403136
2402317
2401645
2398775
2392951
2392951
2393770
2399594
2402464
2403136
2403136
2403136
2392678
2375353
2374317
2399958
2399902
2400721
2404081
2405117
2405117
2404442
2405324
2398028
2403824
2398368
2437440
2442324
2442156
2434524
2433488
2433227
2432345
2432555
2446855
2445406
2444094
2434770
2423850
2412490
2404834
2404162
2401582
2366638
2374294
2376874
2411818
2411980
2404348
2415268
2416580
2419520
2419520
2420339
2421011
2421011
2413379
2413379
2410019
2410694
2412410
2421080
2421080
2419130
2384186
2376398
2370602
2367542
2362086
2368566
2362770
2367138
2367957
2369613
2334669
2360310
2356434
2358150
2358838
2342557
2300557
2307235
2301411
2299827
2300515
2299843
2298723
2298723
2301963
2303547
2311147
2316971
2319911
2323787
2322947
2309864
2309189
2305439
2285419
2289295
2295343
2296379
2295284
2292884
2296760
2296760
2294590
2283733
2262865
2272189
2267977
2269561
2269561
2263513
2261203
2266999
2261175
2258305
2266929
2272977
2277861
2273059
2279539
2279539
2279539
2290795
2290633
2293993
2306953
2306897
2301217
2304277
2294953
2294953
2294737
2297137
2292925
2298721
2300173
2312962
2317846
2317171
2318887
2319127
2314915
2313463
2326819
2330491
2331611
2352479
2343739
2343739
2343739
2343907
2335237
2325437
2333093
2333768
2333240
2329808
2329808
2325006
2323554
2329010
2338810
2339650
2354770
2322430
2328062
2322266
2320838
2324278
2323606
2288662
2286082
2284770
2284770
2273850
2273850
2266194
2266866
2266866
2268178
2268178
2277502
2288422
2288422
2291002
2291002
2290183
2290183
2290975
2298043
2301793
2294161
2293951
2293951
2293111
2291527
2290491
2290653
2290653
2279796
2280006
2280216
2287872
2279132
2258264
2258264
2259300
2259462
2258622
2252942
2250992
2257472
2257472
2273753
2257472
2257472
2253080
2267380
2267324
2252204
2252042
2254442
2272152
2271270
2270742
2259822
2262222
2262716
2262455
2242435
2200435
2193405
2204262
2203380
2198578
2200234
2205036
2200824
2204496
2217852
2212968
2219646
2206857
2219646
2221816
2217604
2211556
2211556
2210244
2223327
2220879
2238204
2236034
2237483
2246107
2256964
2261356
2240488
2237048
2236360
2232484
2231812
2231124
2223492
2227368
2226576
2239932
2242802
2260512
2257152
2268009
2264949
2258271
2256843
2248103
2245793
2236469
2233229
2233229
2237441
2229653
2235477
2234277
2235993
2225535
2221659
2232516
2226720
2247588
2233288
2231839
2232367
2239435
2238553
2253673
2257423
2264323
2268199
2280988
2287666
2287666
2286354
2275434
2266110
2266110
2263530
2263530
2262858
2263530
2264842
2264842
2264842
2275762
2285086
2285086
2287666
2286082
2298871
2298871
2283751
2270395
2269275
2285556
2279076
2284900
2283805
2284925
2271965
2269095
2243454
2222586
2211330
2212779
2213598
2221254
2218854
2223738
2226906
2234375
2199431
2195039
2200863
2200602
2182892
2189960
2193128
2190680
2201138
2201138
2202794
2201366
2201150
2208619
2211067
2207707
2202027
2219737
2219527
2222107
2189767
2195815
2188183
2223127
2211871
2219659
2217709
2218384
2231740
2230900
2229970
2228658
2233542
2239590
2260458
2253390
2251220
2258120
2266860
2271744
2275416
2254548
2255042
2256758
2248088
2209016
2203336
2203126
2203182
2182314
2193234
2190174
2169306
2172546
2162088
2161594
2161100
2161919
2162129
2162129
2163557
2152637
2150223
2144543
2131754
2125930
2134670
2136254
2138834
2142194
2142194
2141099
2136731
2133491
2137883
2130983
2136439
2123650
2165650
2166490
2166280
2165605
2161237
2167717
2166289
2159611
2165407
2207407
2206525
2207213
2202411
2205851
2207801
2211161
2196861
2198577
2206233
2185365
2180997
2189737
2182105
2156464
2147840
2145530
2153162
2178803
2181113
2189737
2189947
2184151
2184151
2209792
2205916
2211548
2204870
2210550
2203872
2202420
2210052
2210268
2211108
2205284
2205284
2204465
2201595
2201595
2200923
2190003
2187423
2187423
2178099
2177427
2176115
2176115
2176115
2176115
2176115
2177427
2180007
2190927
2191599
2191599
2191599
2191599
2185803
2187255
2196579
2197674
2210634
2210690
2213138
2212610
2209670
2210982
2211801
2211801
2211963
2212803
2199843
2199003
2203215
2196315
2196843
2197773
2199723
2199513
2198694
2194326
2192376
2198856
2185773
2184653
2184653
2183617
2182825
2182825
2177001
2176209
2175537
2171865
2151845
2159141
2160236
2163986
2163986
2164514
2164682
2147357
2161657
2161495
2187136
2187136
2184688
2186140
2186140
2185452
2198808
2206277
2210153
2217183
2218611
2219647
2223859
2221689
2220240
2209383
2211039
2211727
2203103
2210399
2207819
2206235
2206235
2199755
2186795
2185346
2191826
2194406
2207366
2215022
2216471
2218055
2207015
2195975
2179694
2193050
2189990
2164349
2162921
2160611
2167679
2174975
2170583
2157623
2155209
2147553
2150793
2157273
2153061
2152221
2149161
2145993
2148303
2147484
2148276
2144400
2142948
2142273
2145143
2145637
2147086
2147905
2136865
2122565
2121725
2121725
2121037
2118867
2115427
2147767
2149717
2157349
2160709
2171167
2167291
2160391
2154343
2150131
2150131
2151443
2151443
2140586
2139002
2141872
2141704
2124379
2124379
2145247
2146447
2151331
2148271
2147176
2145006
2145006
2145006
2147176
2147176
2147176
2147176
2147176
2145864
2134944
2134944
2134272
2131692
2131692
2131692
2134272
2145192
2156552
2165876
2166548
2167860
2175516
2172076
2162752
2156272
2156512
2156512
2155630
2155390
2120446
2107486
2096629
2096845
2090365
2092535
2113403
2113403
2107607
2106767
2109181
2105941
2105941
2111989
2113025
2111369
2112818
2112818
2110508
2111544
2107668
2107612
2104672
2106982
2099952
2099952
2096592
2088936
2088936
2080312
2079382
2079382
2073062
2071346
2071508
2081966
2081438
2098763
2098075
2097283
2095831
2084575
2076943
2066023
2057399
2054159
2048335
2037079
2030599
2034967
2039335
2033879
2032843
2032171
2033291
2033507
2030927
2013217
2012335
2012173
2001715
2000515
1998345
2000925
1991125
1988065
1981745
1987201
1984801
1995841
1989361
1988479
1982159
1984469
1984469
1997258
2010614
2010830
2010830
2013700
2007876
2006160
2009600
2010482
2009988
1992663
1995723
2010023
2010695
2006819
2006609
2005790
2000906
2013989
2001200
2005076
2001044
2007722
2007722
1996865
1981745
1981217
1986101
1996958
1997219
1998531
1995471
2008260
2009844
2035485
2039877
2052666
2045370
2046970
2048570
2048570
2047882
2049331
2044529
2047697
2053493
2037212
2041580
2030660
2029988
2018628
2018628
2010972
2008392
2007080
1997756
2009116
2010316
2031184
2026382
2026382
2030414
2032130
2019341
2020941
2025333
2025333
2024658
2023074
2021622
2021832
2016036
2019786
2002076
1989287
1989047
2000303
2010103
2011687
2018167
2018167
2011687
2006803
2000979
1999263
1994379
1995171
1995227
1995227
1995755
2002235
2002235
1984525
1997314
1995364
1988686
1982890
1993930
1987030
1987030
1987030
1984090
1990138
1986778
1986834
1986042
2003752
2007784
1999044
1990374
2001231
1998291
1998453
1987596
1995384
1994348
1991934
1998834
1998573
2000523
1999074
1997418
2005206
1999526
1999470
2006148
1996824
1993074
1992912
1992224
1986428
1947356
1944908
1948076
1922435
1919987
1880915
1880915
1891772
1893372
1901028
1906824
1906824
1904244
1904244
1905126
1912914
1916346
1916874
1907550
1908390
1919646
1912616
1916056
1919296
1926928
1937968
1920643
1928299
1941655
1950979
1950979
1952407
1952407
1968688
1968000
1973680
1971232
1958149
1954273
1958485
1961545
1962665
1962665
1962665
1969565
1969805
1969967
1971167
1958207
1962083
1970753
1967003
1982123
1989191
1996259
1992587
1991768
1985288
1980404
1979309
1987097
1996897
2002693
2004349
1997281
1998881
2001191
1999021
1999021
1999515
1999515
2000307
2000307
2010765
2009181
2016211
2022531
2029561
2031010
2073010
2076760
2086560
2090310
2090310
2090310
2091759
2099359
2120227
2127295
2130165
2134967
2140647
2140647
2127858
2120258
2114462
2113787
2114003
2114003
2103146
2095677
2094365
2093525
2119166
2114282
2107802
2100734
2100734
2093265
2093265
2094105
2094777
2094777
2098653
2100369
2100369
2102085
2094429
2105685
2087975
2081927
2078687
2069947
2070157
2069482
2055182
2051306
2048138
2045738
2046858
2047530
2044290
2044452
2045547
2036223
2042047
2055130
2059932
2059244
2045888
2047488
2060277
2057877
2055567
2042211
2042211
2041392
2042232
2025951
2031631
2035507
2044831
2044831
2061112
2064352
2065952
2107952
2092832
2095412
2092998
2093054
2094506
2094562
2097010
2103330
2119611
2119773
2126841
2127723
2123847
2123847
2119455
2119399
2110075
2109283
2126993
2138353
2145953
2145953
2145953
2145459
2142589
2143408
2152732
2163652
2165080
2190721
2194597
2193925
2204845
2194387
2181031
2182747
2182507
2185939
2187595
2190009
2185125
2178057
2177021
2178605
2187345
2181521
2175889
2173579
2157298
2157242
2153882
2157242
2173523
2175833
2175889
2176051
2179291
2195572
2192632
2187000
2187930
2187242
2187298
2194767
2195967
2195295
2203919
2207159
2224869
2227809
2185809
2187409
2187409
2186527
2187457
2229457
2230387
2231507
2231507
2234939
2245859
2241467
2241467
2242779
2246529
2243949
2246889
2242005
2239425
2238543
2238381
2222100
2219652
2212584
2206264
2213332
2215780
2215780
2215780
2215942
2222262
2221470
2222506
2261578
2268874
2273242
2272423
2279719
2285543
2289215
2287903
2287693
2289277
2286829
2285173
2278273
2270641
2277541
2278741
2313685
2312565
2319465
2329923
2349943
2345731
2344891
2346475
2345380
2359680
2341970
2338298
2363939
2338298
2334086
2329694
2331143
2331818
2331818
2330506
2330506
2317717
2321389
2308033
2306833
2296375
2299435
2298595
2296645
2307901
2319157
2316577
2308921
2307472
2300992
2288032
2286448
2260807
2253175
2250865
2242241
2244551
2270192
2277824
2286448
2304158
2300718
2302668
2281800
2288868
2288868
2289396
2291706
2285028
2286978
2276121
2255253
2262722
2264672
2263636
2269432
2269648
2275328
2275490
2271122
2269522
2270974
2275342
2275180
2283920
2283920
2271131
2272583
2277467
2268843
2272283
2268407
2268407
2262087
2255019
2255019
2252571
2252409
2254857
2255739
2255739
2262059
2269127
2269289
2269457
2265065
2257769
2264447
2268815
2268653
2273537
2276477
2276477
2275658
2275919
2278789
2279909
2276159
2275123
2275123
2288206
2291956
2293268
2286590
2287118
2287118
2294906
2294906
2293250
2292130
2293250
2293250
2293250
2293088
2298768
2295898
2290074
2279034
2293334
2300966
2307866
2286998
2297456
2308496
2302448
2300996
2302596
2311920
2312082
2312082
2312343
2315583
2315799
2321479
2321479
2321479
2316023
2316191
2312831
2287190
2291066
2293936
2289568
2289568
2279768
2290688
2298476
2306132
2298344
2287088
2283212
2269856
2268140
2265740
2263570
2264389
2253532
2246236
2241844
2235166
2225842
2226661
2228089
2228617
2228617
2226667
2226505
2227193
2230361
2239031
2232551
2221631
2227679
2226839
2224889
2221721
2221889
2222984
2216664
2214216
2214054
2206986
2206104
2206104
2213172
2229453
2235773
2236655
2236817
2239265
2238771
2231741
2225693
2243403
2240235
2239443
2238603
2238603
2264244
2258448
2264496
2271564
2270136
2269608
2269114
2271984
2286284
2279384
2279168
2283970
2286418
2287870
2289586
2291035
2294203
2293531
2297743
2290087
2291515
2290066
2295522
2296617
2300493
2300493
2300493
2300661
2297421
2255421
2264045
2264539
2270587
2268277
2266621
2283946
2286816
2288766
2305047
2304519
2283651
2300976
2299392
2299336
2316661
2315061
2319093
2318883
2311983
2313933
2313717
2312265
2312265
2309955
2351955
2345907
2344707
2347017
2346177
2350053
2348337
2350917
2346885
2350053
2344597
2346181
2342509
2360219
2354171
2353352
2349602
2349602
2357071
2360947
2373736
2366080
2369752
2362684
2364340
2360980
2369650
2356861
2356699
2349631
2348749
2346301
2330020
2323700
2339981
2342429
2343311
2350379
2350541
2356861
2356861
2354691
2354691
2341335
2339165
2337449
2353730
2337449
2343081
2331721
2318365
2318365
2307907
2311939
2314109
2356109
2354525
2340225
2343095
2344407
2347767
2340111
2343551
2345501
2338433
2338601
2339531
2331743
2332271
2332271
2332271
2335511
2325711
2324591
2324591
2328623
2331493
2342533
2342323
2353180
2353124
2365913
2370281
2370491
2369561
2369505
2369505
2366265
2366937
2384647
2371858
2372530
2372530
2351662
2343874
2345326
2343877
2336809
2337481
2337313
2335864
2331496
2331440
2323808
2337164
2337164
2338748
2332952
2338408
2355733
2357185
2346145
2345617
2343203
2326922
2320602
2320440
2313372
2310924
2310042
2306602
2305290
2298612
2298118
2298118
2296518
2296518
2286060
2289120
2277864
2270568
2277864
2294145
2301175
2326816
2327310
2333134
2340202
2338602
2337507
2295507
2260563
2263623
2257303
2246047
2246257
2247457
2238717
2238717
2213076
2224332
2222748
2221164
2224034
2234492
2238884
2240484
2233188
2232972
2231936
2230280
2224600
2230648
2238304
2238304
2237184
2238784
2237854
2239510
2236070
2256090
2252730
2249670
2260710
2273499
2272071
2263331
2252411
2241554
2232814
2240110
2237240
2244536
2254336
2256784
2255748
2255988
2243199
2243031
2239359
2237643
2248899
2249061
2251461
2252581
2254009
2265265
2271313
2276197
2297065
2297065
2299645
2298525
2290737
2265096
2265306
2266426
2263846
2281171
2282371
2284951
2272162
2280902
2266602
2266602
2273280
2273280
2283738
2296821
2300697
2307993
2308923
2308923
2341263
2341263
2341263
2336379
2343057
2345227
2344191
2344452
2350132
2353002
2347322
2329612
2316529
2320405
2322985
2324701
2323101
2332901
2332901
2330591
2336911
2343941
2343725
2335937
2335937
2334485
2327585
2330945
2351813
2362670
2362670
2345345
2343761
2342312
2350936
2349900
2343000
2335704
2334104
2334104
2345360
2358320
2358320
2363122
2330782
2329990
2330518
2329069
2328853
2329645
2334013
2333194
2322274
2305993
2302553
2315636
2310752
2312702
2297582
2297582
2286662
2290874
2273164
2280796
2282746
2295535
2298703
2294335
2290303
2287243
2285643
2286462
2286462
2288178
2283966
2269666
2269450
2267998
2267998
2264122
2264122
2264797
2264797
2271117
2271117
2279787
2276917
2283397
2292067
2287699
2284267
2282551
2286583
2290459
2283979
2297062
2305802
2302634
2302634
2309930
2309138
2313506
2316674
2313734
2314422
2310546
2309616
2309560
2310442
2317738
2311942
2311702
2311918
2300662
2293193
2301817
2298067
2298328
2293526
2296396
2296396
2288740
2296372
2302052
2300624
2300363
2299163
2299424
2299424
2286341
2260700
2260700
2254652
2245328
2245067
2245067
2235743
2235743
2235581
2229901
2226661
2226445
2226607
2226823
2226823
2226823
2227084
2230324
2236004
2236004
2229524
2228404
2222580
2209224
2220480
2220480
2220318
2218866
2211397
2211925
2217381
2235091
2242723
2239483
2245115
2246771
2252567
2250617
2263973
2263805
2271274
2263805
2267681
2264249
2261669
2275025
2275025
2257315
2259625
2265081
2265575
2265785
2264966
2264438
2243570
2240130
2238180
2238180
2238972
2235732
2228664
2228454
2229129
2240489
2242937
2243431
2236401
2233531
2246320
2243450
2243660
2247872
2244632
2257715
2256131
2243342
2252666
2256416
2254816
2251756
2249806
2245930
2244481
2241901
2243213
2234543
2252253
2253093
2251781
2248031
2247503
2236463
2228675
2239931
2234251
2234251
2232301
2228089
2228299
2229229
2225197
2236557
2268897
2268209
2268209
2267537
2271929
2279225
2277776
2291132
2298032
2311115
2310854
2328179
2328854
2329382
2330418
2330679
2327007
2327007
2331399
2330469
2336949
2333073
2324403
2313945
2314439
2329559
2336459
2345129
2387129
2379497
2353856
2351546
2342922
2350218
2352528
2342728
2346940
2355564
2355564
2357734
2383375
2391007
2404090
2402506
2403436
2410732
2411420
2411660
2409944
2393663
2392211
2398531
2387674
2390544
2387112
2386437
2380981
2382931
2382112
2380528
2380528
2380789
2380627
2370827
2373241
2360158
2349118
2354798
2354630
2346842
2347004
2344694
2343812
2343812
2343284
2341856
2341856
2330999
2327249
2328833
2325593
2326905
2326644
2327764
2285764
2278468
2298488
2290832
2297862
2294922
2293494
2293494
2310819
2336460
2340132
2372472
2372472
2378792
2379480
2386548
2386604
2387640
2390220
2393388
2406471
2413149
2393129
2400159
2374518
2374350
2378226
2417298
2406042
2408982
2414438
2414438
2414276
2408228
2403426
2403186
2396156
2394844
2394844
2387212
2386092
2384492
2384330
2368049
2353749
2346093
2344377
2343537
2340667
2340499
2334703
2333047
2325415
2325415
2325359
2320967
2319251
2319251
2319251
2310627
2314503
2315385
2273385
2264645
2259761
2252693
2251093
2216149
2216149
2205229
2202781
2199421
2193741
2187917
2186465
2185535
2181785
2171327
2155046
2150678
2146310
2146310
2145782
2145572
2136948
2136948
2130900
2130372
2128716
2117356
2111900
2102576
2091320
2065679
2065463
2026391
2024942
2024942
2024060
2021190
2016306
2003517
1999641
1993593
1985993
1984277
1975607
1971731
1970849
1971731
1975607
1974932
1949291
1949291
1946123
1929842
1926902
1926902
1926692
1926004
1884004
1879972
1877802
1881834
1881834
1881672
1880016
1876140
1878310
1864954
1862554
1855876
1843087
1840507
1823182
1820014
1816954
1809658
1792333
1792333
1780973
1772303
1771183
1769983
1766543
1749218
1731508
1727476
1707456
1700160
1687077
1673994
1656669
1652793
1644053
1631264
1630592
1619735
1620830
1624502
1628870
1632746
1631546
1631546
1629830
1616747
1636767
1636823
1629527
1627577
1620677
1617807
1617591
1617591
1617591
1617429
1614189
1608509
1608509
1608248
1617572
1617788
1618049
1618211
1623891
1637247
1640487
1640487
1622777
1618901
1614689
1601333
1600238
1592606
1591006
1579750
1578714
1567354
1562986
1557306
1548566
1544690
1543808
1547684
1548566
1546118
1542368
1542368
1528068
1528068
1522244
1521572
1518702
1518492
1516322
1516106
1504850
1504850
1502540
1501228
1498358
1494686
1490810
1486442
1485347
1489715
1493591
1497263
1498358
1495190
1477480
1466224
1453141
1446111
1444527
1438895
1438055
1435607
1429975
1429045
1418005
1414129
1408673
1402193
1394561
1388241
1377783
1374615
1371255
1367379
1361923
1336282
1325026
1317394
1315966
1312526
1311431
1310501
1318133
1343774
1355030
1356125
1357553
1358483
1361923
1358251
1354375
1350007
1348912
1350007
1341337
1334659
1324859
1329227
1311517
1315393
1319065
1293424
1289548
1285336
1281304
1280209
1278259
1274587
1273899
1273659
1263201
1245491
1244699
1240823
1239941
1232309
1233191
1225895
1229771
1229277
1226217
1225545
1225051
1212262
1211332
1201532
1201532
1200412
1198960
1156960
1156720
1150400
1149364
1149364
1149308
1142240
1109900
1107320
1103648
1102960
1109280
1112952
1115532
1147872
1165197
1172265
1172953
1173989
1174045
1170373
1166005
1162129
1161034
1165402
1169074
1170169
1174045
1169677
1162381
1151341
1149685
1149685
1145473
1142603
1142603
1142603
1110263
1097180
1097180
1096250
1088954
1085078
1085078
1117418
1130501
1137797
1141673
1153033
1167333
1192974
1193904
1180548
1178378
1178378
1178378
1171700
1169750
1162682
1160732
1160522
1159322
1158794
1153338
1140378
1140378
1139559
1139559
1134103
1126471
1121669
1119499
1118047
1117837
1117343
1117343
1117343
1091702
1090607
1086935
1082567
1078691
1079786
1083662
1087334
1091702
1091208
1091208
1082468
1075568
1058243
1058033
1058033
1057151
1053275
1050695
1049903
1049228
1041932
1024607
1011251
1011041
1009729
1008529
982888
975256
966632
964322
971954
997595
999905
1008529
999205
998711
997892
993524
989648
988553
984185
980513
984881
988757
992429
993524
993263
992588
985292
967967
947099
938429
931949
931688
930568
929140
926560
921676
920556
914508
914508
893640
882384
884964
886392
892440
893560
904816
922141
927025
947893
947893
945023
957812
972112
975988
977938
987738
996362
998078
1001246
996444
996444
996444
990648
984328
971368
970273
966601
962233
958357
958195
955325
952157
913085
911773
911773
908605
899981
890657
884977
884977
884716
881476
881260
867904
867742
867958
868219
877543
877705
910045
913285
918965
932321
930371
917288
875288
855268
848238
815898
807274
804964
804703
804703
800311
798655
780945
780684
788153
795449
795449
796331
796331
796331
788862
781832
774536
763280
757600
757600
757072
757072
753196
752668
732648
732592
752612
752668
748276
748276
741376
735056
732642
730472
730472
726440
730472
732642
774642
773954
756629
755593
748525
745945
745889
739569
735897
703557
688437
681759
668676
662996
660056
660000
657690
654330
638049
654330
656640
660000
660056
627716
627554
624314
624053
623837
610481
601157
595477
604801
604963
610643
613883
646223
659579
659840
660056
651432
650120
624479
620807
619877
614197
610447
608791
610447
619071
644712
646024
646954
650704
656384
660056
651432
625791
618159
615849
618159
626783
652424
660056
658628
654416
647386
646350
638881
635005
639217
640645
641681
649150
656180
660056
627716
623840
609540
608610
582969
569886
562590
551230
576871
584167
588043
620383
633466
647766
648696
660056
672845
679165
680477
682787
689267
690867
693315
673295
673239
673295
693315
651315
647283
645113
649145
651315
693315
682059
677175
656307
638982
637862
635282
633854
627806
629234
640490
641610
647658
664983
669867
672447
693315
693099
679743
676503
644163
643902
634578
634416
628736
634416
647772
648033
680373
689697
692937
693099
693315
686995
684595
683167
674543
674487
667018
673338
681962
683390
690859
690915
693315
694899
701379
705255
706137
707337
707553
708228
712620
712788
714504
714998
717412
718294
714418
713536
714418
718294
709670
702038
699728
674087
681719
684029
692653
718294
714418
713536
717412
718294
698274
698218
718238
718294
718132
704776
704560
695236
691996
659656
653976
653715
686055
686316
695640
695802
696018
699258
712614
718294
692653
679570
675694
643354
629054
628124
616764
609468
622551
633911
659552
663428
664358
678658
685954
718294
714418
713536
714418
718294
757366
764998
779298
795579
797993
839993
852953
857755
875465
867996
860700
859818
867287
874583
875465
871589
870707
828707
824675
822505
819925
818830
818569
812889
813150
814245
816825
822505
823541
826901
865973
866183
840542
831918
824286
821976
812652
812436
780096
766740
766479
766317
763077
757397
757658
760898
761060
774416
783740
783956
816296
821976
820856
814808
813380
808496
791171
770303
767723
756467
777335
783383
785963
787083
788511
799767
804651
821976
821920
801900
769560
765684
740043
726960
719664
705364
694004
693074
700370
701300
714383
718259
729619
755260
787600
801900
818181
820629
827697
834017
834899
835061
834845
834683
825359
812003
806323
773983
770743
770482
770743
770959
780283
780445
783685
789365
821705
835061
836510
838094
844574
857534
865190
867770
851489
812417
807615
794655
787023
745023
730723
728309
710599
718231
760231
774531
787491
826563
844273
860554
865356
867770
860702
854382
854220
837939
835491
834609
834771
851052
853500
860568
866888
867770
864410
864354
848073
845763
845819
848129
851489
867770
867608
851327
848879
842559
835491
834609
834771
837219
838101
844421
860702
867770
867770
867770
867770
866978
884688
885480
896840
903518
900350
896474
887850
873550
860761
858811
849011
847295
860084
863960
867128
881428
890052
892002
901802
903518
897198
894750
878469
877587
877425
870357
871239
873687
880007
880169
896450
903518
890729
889129
882649
881337
879027
872707
870259
872707
875017
887806
889118
895438
897038
903518
864446
861086
860876
859840
853520
846452
846290
845408
829127
826679
826841
833161
835609
842677
858958
859840
852772
836491
830171
829289
829127
826679
817355
803999
803783
771443
765763
765502
765340
762100
762316
794656
794818
804142
807382
813062
813323
826679
825797
818501
811032
818328
825797
826679
829739
847064
861364
866996
879785
880313
890113
891713
893025
891441
884961
877305
875856
862896
860316
861900
864480
865929
872409
880065
893025
891597
880341
877761
871713
866829
845961
828636
827516
833312
844672
845512
841636
830276
804635
791552
759212
758282
750986
736686
749769
775410
807750
811626
812556
823916
838216
845512
838043
834167
832739
828527
827491
820461
827930
834960
839172
840208
844084
845512
837880
824920
808639
799315
796901
754901
751661
738305
720595
720334
720118
687778
673478
668676
662996
623924
623762
631394
636196
652477
670187
709259
751259
765559
778519
780933
787413
794091
805451
812129
817761
850101
870121
878745
872265
859305
857856
856272
853692
846036
858996
861576
868056
875712
877296
878745
877433
867633
862001
861473
848684
834384
832784
829724
812399
829724
842513
852313
853913
859545
860073
874373
875685
878745
877296
869696
864894
857826
836958
834088
828408
831278
852146
859746
865426
872494
873943
878745
853104
849228
816888
805528
792445
785149
770849
769919
784219
788095
820435
827731
840814
852174
877815
878745
881325
881997
889653
901013
911933
913245
922569
957513
944553
942969
940389
933909
932460
924804
924132
889188
878268
870612
861288
859976
857396
846036
855360
866720
877640
912584
920240
920912
923492
924804
935661
936543
940419
938005
921724
914092
872092
859132
844832
827122
788050
783248
799529
838601
880601
885403
893035
895449
909749
927459
940419
927630
927102
924042
922442
905117
890817
881017
879705
874073
888373
898173
910962
911490
917122
918722
936047
937359
940419
937839
902895
893571
885915
874555
873883
862963
861651
862963
873883
883207
894567
897147
904803
939747
940419
939537
935661
936543
940419
932950
932068
924772
932068
939537
940419
938109
934749
918468
918412
907052
896132
886808
885496
884824
849880
847300
839644
847300
856624
891568
902488
905068
905740
917100
918412
915964
909644
908332
901852
889063
886753
885153
891473
893783
896231
902711
904023
916812
918412
917530
913654
914536
918412
907052
905740
896416
861472
850552
847972
847300
839644
840316
847972
859332
870252
872832
882156
883468
918412
917530
913654
914536
918412
917740
906820
905508
896184
893604
882244
847300
839644
850564
851876
859532
862112
862784
862784
862784
862784
875867
876029
876717
877509
890865
891684
893268
896700
896700
902380
923248
926188
937444
940314
936438
935556
944880
950560
951248
952448
953484
960514
961306
969976
972390
975450
976138
976826
979886
980726
969366
962688
969366
980726
993515
996947
1000619
1014919
1026279
1029639
1042428
1044738
1065606
1066281
1069221
1074901
1085941
1086781
1086837
1088787
1093179
1093179
1096119
1135191
1136121
1136382
1143851
1146161
1146217
1171858
1172546
1180178
1181627
1180697
1166397
1155037
1147741
1122100
1118224
1105141
1072801
1073731
1081027
1084903
1110544
1142884
1154244
1168544
1181627
1186019
1191699
1197747
1197747
1202549
1202549
1201877
1194221
1183301
1183301
1183301
1180721
1179409
1190769
1201689
1209345
1211925
1221249
1222561
1257505
1258177
1259833
1262233
1269702
1273734
1273790
1274478
1275270
1288230
1290630
1299954
1303386
1312126
1332994
1365334
1386202
1394942
1403612
1410642
1413702
1420732
1427410
1427572
1430932
1430932
1434604
1440236
1441272
1442700
1446732
1453762
1455190
1462090
1479800
1483550
1484480
1485575
1486247
1490123
1500581
1506213
1515537
1519905
1521489
1530159
1530653
1532603
1543859
1544021
1545473
1561754
1562282
1563164
1570460
1573900
1574062
1575182
1565382
1562322
1560722
1555090
1537765
1536453
1522153
1521625
1508836
1514468
1528768
1541557
1551357
1554417
1555729
1556257
1557857
1575182
1567526
1566854
1555494
1520550
1509630
1507050
1505738
1496414
1504070
1504070
1504742
1507322
1508634
1519554
1528878
1528878
1570878
1575090
1576746
1580622
1581504
1589292
1589508
1589769
1597425
1601817
1612737
1623594
1623762
1641472
1643642
1644170
1644989
1677329
1691629
1694077
1699533
1700208
1699113
1695673
1694245
1668604
1660972
1649716
1648786
1652226
1652226
1653321
1664577
1664577
1664577
1665507
1671827
1674407
1674463
1683133
1700458
1701340
1706796
1721096
1721096
1721258
1728890
1733774
1768718
1770888
1770888
1771770
1768338
1769157
1769949
1785069
1794869
1805909
1807625
1820585
1827485
1836225
1837653
1842045
1853085
1853757
1856925
1856925
1843842
1855202
1862498
1872956
1873628
1876076
1876316
1878764
1883156
1883684
1886098
1891922
1904882
1911362
1910543
1911743
1908683
1912355
1933223
1938025
1942057
1942939
1954299
1955419
1959451
1960546
1960490
1951866
1949466
1941997
1935677
1934249
1947332
1953012
1953068
1960537
1969161
1970589
1972305
1972545
1978865
1986161
1993793
1996193
1993613
1992941
1992941
1985285
1983973
1974649
1974649
1963729
1970759
1970999
1972715
1992735
2000391
2002791
2004103
2011572
2022932
2028980
2030016
2042976
2047008
2058048
2059168
2062840
2063528
2067896
2067208
2071576
2070127
2070289
2083249
2096038
2100070
2101654
2101864
2111664
2112700
2121370
2110513
2121370
2115690
2123159
2120289
2127189
2127429
2129829
2136309
2146109
2145073
2145235
2128954
2126540
2112240
2094530
2052530
2047728
2040096
2027136
1988064
2001024
2040096
2082096
2086898
2104608
2112240
2126540
2126540
2128954
2132014
2135182
2135182
2135182
2131510
2142367
2148847
2152723
2154035
2154091
2154883
2155978
2160346
2160346
2154666
2161734
2169390
2169390
2173602
2175186
2173470
2163670
2149370
2146202
2133413
2124789
2122839
2118963
2131752
2140376
2144252
2145968
2155768
2170068
2173236
2175186
2176842
2178294
2181234
2184294
2191324
2191324
2192360
2160020
2162890
2160940
2167260
2160582
2154102
2150670
2157150
2164938
2171616
2172816
2180416
2183476
2190506
2192106
2197562
2198234
2204058
2196426
2196954
2198382
2215707
2221531
2221531
2230155
2231871
2231871
2224841
2225723
2225723
2212367
2209953
2244897
2249289
2262078
2275434
2276274
2276274
2283743
2290063
2290273
2291113
2298582
2330922
2331594
2331594
2332088
2345048
2342108
2342108
2347740
2326872
2329742
2334544
2327075
2323199
2302331
2303261
2312585
2314535
2322191
2333111
2333951
2333789
2333789
2330729
2330235
2328651
2324979
2336235
2335199
2343869
2350547
2361005
2362955
2359523
2362955
2370023
2371973
2375033
2375527
2376367
2378677
2379989
2384791
2387851
2388781
2395101
2394840
2397710
2393678
2393678
2388222
2394900
2401930
2418211
2411181
2414613
2414451
2425707
2393367
2400663
2397495
2396375
2401259
2401259
2418584
2425262
2425262
2413902
2414163
2418039
2419351
2408311
2416935
2408195
2421278
2422862
2423537
2423321
2422439
2415539
2417139
2408469
2409505
2403185
2408641
2404273
2410097
2420555
2414075
2405405
2405405
2405621
2401409
2403857
2400497
2407793
2397993
2405462
2408522
2410922
2415314
2414194
2421826
2423138
2425308
2404440
2404650
2404650
2410446
2411238
2409654
2409915
2408985
2407557
2416227
2419587
2428911
2428071
2428743
2423859
2425311
2429187
2425827
2429703
2428608
2434064
2440112
2452901
2446421
2438633
2440943
2444303
2446019
2446019
2438387
2438147
2441579
2447403
2446611
2446611
2447923
2447235
2449185
2450385
2444705
2442755
2460080
2459552
2466032
2464832
2450532
2443502
2443502
2443502
2445672
2445672
2443258
2451928
2464888
2461948
2463068
2470098
2467698
2467698
2478618
2480568
2480736
2479136
2468096
2458772
2457056
2447256
2444316
2457399
2456517
2451061
2458849
2446060
2445130
2442070
2442070
2443519
2445119
2443691
2443952
2443896
2443896
2443656
2442864
2429904
2404263
2403575
2414495
2417075
2416913
2427371
2425201
2419521
2419521
2418702
2427326
2427536
2417078
2405718
2408028
2410198
2415000
2415792
2416584
2416584
2414004
2405334
2406918
2406918
2406708
2407380
2407380
2439720
2426637
2426581
2425461
2425461
2404593
2391804
2405160
2408592
2416380
2415180
2403820
2389520
2392100
2392100
2392100
2391064
2358724
2352046
2355718
2344798
2345590
2338522
2339197
2339197
2329873
2329873
2322273
2311017
2313417
2295707
2295707
2299583
2310440
2311892
2309444
2315492
2315492
2319164
2301839
2287539
2274750
2271690
2271162
2269850
2264218
2254418
2252818
2253346
2266135
2271767
2271767
2273367
2273367
2274679
2277739
2277739
2277051
2259726
2258631
2262071
2275427
2262467
2263397
2264997
2257528
2268448
2269267
2273017
2278697
2284329
2284385
2284879
2284935
2284005
2251665
2247789
2222148
2210788
2197705
2190409
2176109
2201750
2205626
2237966
2249326
2256622
2269705
2270635
2284935
2280543
2280543
2280759
2285561
2320505
2317565
2331865
2349575
2349575
2346705
2341903
2341903
2347583
2351975
2342651
2348107
2347315
2347315
2308243
2308243
2308187
2308187
2308862
2308862
2304470
2303042
2304992
2310672
2309832
2296872
2296704
2307744
2306432
2300384
2314684
2314740
2314212
2314900
2321968
2321968
2325400
2323000
2328632
2328632
2334456
2334456
2336904
2338560
2336250
2323461
2323299
2322624
2315724
2323193
2320133
2323301
2322461
2302441
2302441
2299993
2290669
2294419
2302051
2303363
2292905
2292849
2285553
2274696
2260396
2263636
2259268
2258580
2256132
2261956
2268634
2259894
2253216
2254644
2241288
2239338
2232660
2240292
2265933
2267245
2264845
2263963
2266377
2258908
2256738
2256738
2264370
2265798
2258768
2253136
2246106
2238637
2237755
2230459
2237755
2237755
2245224
2248164
2237124
2227324
2220028
2215636
2222704
2222704
2223392
2223653
2230133
2233493
2233493
2233493
2239813
2241265
2238205
2236893
2237133
2237133
2237133
2232741
2239641
2242701
2243541
2251010
2249915
2249915
2246855
2239825
2238789
2234577
2233149
2225680
2221804
2225680
2233149
2234865
2234865
2228817
2236449
2243479
2242687
2241999
2243035
2243035
2240725
2240053
2244855
2238535
2225746
2226538
2246558
2248728
2239988
2243228
2244677
2245205
2238175
2238391
2238391
2242141
2224431
2217531
2217531
2217693
2218368
2218368
2220768
2228400
2221104
2212434
2212224
2200968
2200280
2196608
2202240
2200584
2207880
2207880
2204820
2207268
2199972
2192503
2186023
2184987
2184987
2191307
2190425
2189305
2185273
2190157
2193217
2209498
2215178
2216894
2212682
2219712
2222022
2222516
2222516
2221697
2214065
2214326
2214065
2208241
2207569
2204209
2204209
2193169
2199489
2198961
2199222
2186262
2173473
2170603
2170603
2169151
2163103
2166543
2192184
2184888
2184888
2187828
2179158
2180742
2173086
2173086
2176518
2208858
2201070
2199758
2207390
2242334
2246084
2245874
2245818
2245818
2246658
2248968
2228100
2227938
2231610
2229210
2227626
2233450
2231140
2237188
2240548
2241997
2234209
2234209
2230177
2236225
2232349
2232349
2239981
2235613
2235669
2235669
2231793
2221335
2228991
2228319
2228151
2210826
2209514
2210333
2221190
2212566
2222366
2214734
2220782
2223722
2228524
2228524
2227072
2225356
2228226
2227554
2233186
2233024
2228140
2227465
2229775
2224319
2226767
2230517
2226767
2219298
2218262
2219102
2218262
2212466
2201106
2201946
2207742
2207742
2220702
2228490
2225050
2223466
2230496
2232666
2232876
2215551
2224221
2224005
2220945
2215313
2212865
2214177
2214438
2217018
2219958
2222828
2233685
2217404
2217164
2206307
2217667
2228923
2221267
2219818
2218102
2220972
2220972
2222421
2223096
2222424
2219064
2215032
2219064
2219008
2218216
2206856
2200178
2209978
2214346
2213146
2219824
2220499
2231859
2232099
2230443
2241363
2241419
2240627
2243687
2230727
2241584
2240156
2241756
2253012
2260080
2260080
2261680
2250760
2208760
2212972
2219292
2223168
2223378
2214754
2210362
2221722
2221461
2220642
2212986
2228106
2221786
2221618
2220418
2218004
2216288
2216072
2215190
2210798
2210304
2209629
2211345
2211345
2215737
2215737
2215905
2216121
2216121
2216796
2217290
2216360
2212688
2227808
2225408
2216784
2215472
2213816
2213816
2208136
2204386
2202670
2201014
2201230
2175589
2184213
2185525
2189197
2192947
2218588
2224268
2225924
2226854
2226854
2227542
2227782
2227782
2227254
2227014
2226852
2222820
2236176
2224816
2237605
2237605
2237605
2233213
2231761
2231761
2231761
2230177
2237473
2202529
2203624
2220949
2215125
2213175
2204505
2200629
2202081
2186961
2186169
2182137
2183586
2183586
2183796
2179404
2185724
2218064
2215194
2213244
2212362
2201106
2197434
2197490
2194058
2189256
2186842
2169132
2130060
2115760
2073760
2060800
2053168
2053168
2051856
2052951
2047271
2042469
2042469
2042525
2040809
2040809
2040134
2040134
2040134
2032665
2026345
2027545
2031421
2034001
2033119
2033807
2040837
2042421
2038989
2028069
2022389
2025449
2030251
2031679
2031895
2034309
2034309
2055177
2055177
2044320
2031360
2028420
2063364
2064036
2063364
2063364
2065534
2058065
2054393
2053553
2055723
2050921
2051713
2066013
2105085
2112153
2112153
2107351
2101719
2103147
2104803
2110599
2104967
2108399
2121359
2121359
2089019
2081363
2086247
2092727
2095307
2095307
2102776
2094152
2093891
2098693
2098693
2105371
2106466
2102590
2107392
2103642
2107392
2109792
2074848
2067780
2068710
2064342
2089983
2093043
2099363
2099891
2103563
2104599
2108991
2115471
2108793
2109913
2109913
2096830
2092954
2118595
2131555
2131555
2135947
2135947
2147307
2147307
2150177
2150177
2139320
2147108
2134025
2137775
2132143
2131649
2125969
2125475
2118407
2121575
2122887
2115857
2105399
2105399
2099575
2101975
2106859
2115529
2112361
2111431
2118499
2120155
2127185
2128280
2111999
2113949
2134817
2127787
2134855
2135737
2134021
2133527
2139207
2159227
2170483
2171011
2182051
2189839
2188239
2189058
2196126
2197438
2194990
2198050
2197378
2198473
2202145
2210885
2209301
2211701
2222558
2248199
2240567
2240567
2240777
2240777
2239985
2237675
2237675
2235227
2236109
2241789
2243241
2251911
2259207
2259207
2251575
2246119
2244667
2239211
2239886
2243318
2253118
2250948
2251830
2250900
2239980
2239764
2237454
2232652
2216371
2208583
2206273
2206273
2200641
2199329
2206929
2215669
2214829
2200529
2198081
2196769
2190449
2188849
2176060
2173750
2167270
2180059
2182507
2188987
2195307
2196619
2198219
2200529
2200529
2200529
2206577
2200897
2200636
2200897
2203067
2207279
2203529
2203529
2223549
2227221
2221765
2216963
2223993
2224681
2221621
2221621
2221093
2221093
2215461
2215461
2213861
2201072
2199760
2199760
2199760
2202820
2203348
2204948
2206260
2219049
2219049
2224681
2216893
2209261
2205901
2204589
2206189
2208769
2202973
2209453
2206393
2209633
2208321
2209009
2212369
2214085
2213245
2211529
2211529
2212624
2219920
2220850
2220850
2209594
2217226
2212424
2212480
2207596
2211964
2216332
2205475
2202235
2202397
2201557
2201296
2203246
2223266
2230866
2225042
2224202
2225021
2225021
2222711
2224160
2224160
2217130
2224762
2217862
2221222
2220186
2220186
2221222
2222938
2221338
2219388
2211756
2218076
2206820
2207492
2201172
2205048
2208720
2219577
2219577
2219577
2221747
2222629
2213959
2213719
2213719
2181379
2181379
2187203
2202323
2184998
2181566
2180138
2154497
2153822
2147998
2144122
2133202
2140834
2140159
2141359
2140429
2144797
2147245
2145295
2152895
2143571
2154029
2153973
2142613
2139673
2144557
2144557
2141125
2143995
2145711
2160831
2159991
2159935
2166965
2179925
2197250
2205038
2203589
2196559
2183599
2183389
2175757
2162968
2163462
2171250
2182506
2188986
2230986
2198646
2195478
2195478
2195217
2194425
2194425
2193753
2196693
2195093
2195912
2192036
2178680
2178680
2181620
2183069
2184725
2199025
2189225
2185475
2182605
2180205
2179530
2179530
2181840
2182876
2180926
2179474
2180902
2180902
2198227
2198017
2200431
2201859
2200929
2200929
2187969
2196593
2192561
2192505
2199573
2199573
2197159
2190839
2190151
2184327
2175657
2168361
2154061
2121721
2096080
2095150
2091274
2079914
2066831
2067506
2066411
2062535
2062535
2059475
2063351
2067227
2067227
2067227
2077685
2077946
2075366
2069318
2069108
2073992
2080312
2077732
2080792
2080736
2081264
2080576
2074096
2075216
2069392
2065960
2065960
2075284
2071852
2079508
2079508
2085188
2088356
2084996
2081324
2086956
2079888
2086566
2081764
2084932
2091832
2098862
2099102
2105150
2105150
2104358
2106758
2104588
2105428
2105428
2109640
2102344
2105512
2121793
2128113
2129233
2127577
2159917
2158717
2160169
2162479
2147359
2148808
2146394
2137724
2137724
2141600
2141600
2135552
2134432
2142220
2128864
2133748
2133748
2133487
2133487
2136655
2135980
2140864
2140864
2138694
2140644
2140644
2134324
2137996
2145292
2145786
2157042
2155730
2120786
2123846
2126716
2116258
2118568
2115988
2118568
2111890
2111202
2091182
2084862
2095902
2098772
2101832
2099432
2103104
2103104
2085779
2083609
2094067
2092467
2074757
2078197
2077315
2079763
2068906
2075936
2080738
2079426
2078738
2072914
2085874
2085380
2050436
2050436
2043140
2057440
2049808
2044128
2042700
2060410
2060410
2053380
2059700
2060372
2057312
2055656
2049976
2056296
2063765
2074685
2072285
2071466
2097107
2097107
2139107
2136707
2134127
2130959
2137859
2138895
2143107
2139357
2139357
2133677
2133437
2125968
2128548
2128332
2126162
2135486
2124446
2111486
2115158
2111718
2129428
2131028
2105387
2094530
2094530
2100354
2093286
2088894
2087445
2088375
2089194
2077938
2081814
2082654
2095614
2093166
2092374
2090204
2080404
2073924
2067876
2061828
2064138
2043270
2037222
2029753
2044873
2044873
2047453
2048125
2048125
2046541
2056999
2055283
2059651
2058556
2061616
2060686
2060686
2053086
2068206
2068044
2076668
2076668
2076668
2080880
2083294
2044222
2037742
2038414
2045444
2045500
2052969
2052913
2054225
2054225
2052641
2059541
2053221
2038921
2037472
2037682
2033806
2044663
2053333
2056765
2052397
2049337
2049337
2054139
2044339
2053663
2057539
2057329
2063125
2078245
2078413
2081581
2081581
2085253
2082805
2121877
2128945
2128417
2102776
2110245
2107005
2106477
2132118
2124518
2127758
2133806
2127486
2130426
2131098
2126706
2126650
2127850
2141206
2141206
2142046
2138374
2096374
2096374
2100124
2103796
2102080
2102080
2102341
2100391
2132731
2129861
2130653
2123585
2124621
2133361
2137753
2137225
2137225
2128485
2133287
2132405
2129825
2130945
2132545
2133337
2132137
2120777
2132033
2132033
2132033
2126401
2132721
2134173
2126517
2130393
2134065
2126433
2128743
2128743
2130399
2130639
2121969
2120874
2126554
2120074
2123824
2120884
2123944
2129740
2129500
2126440
2120644
2113044
2109612
2108937
2105187
2111011
2117911
2117911
2122795
2122795
2119355
2117903
2114543
2140184
2129144
2141933
2142095
2122075
2112751
2109079
2107879
2125589
2126264
2128574
2124206
2113349
2110109
2114141
2112692
2123612
2134652
2136822
2137316
2137100
2145770
2153558
2118614
2129072
2121776
2122016
2118956
2120076
2123952
2131421
2131365
2131365
2130329
2134541
2136257
2134657
2130265
2123197
2123197
2108077
2106957
2096100
2092428
2090118
2087718
2093766
2092454
2088578
2087150
2089320
2080650
2081144
2088932
2102288
2102027
2113283
2116523
2123591
2123330
2130360
2123292
2129772
2129772
2125560
2126235
2131915
2132443
2129573
2121917
2141937
2150561
2150067
2157097
2157097
2158192
2147272
2140242
2160262
2134621
2123365
2118997
2129917
2129098
2127978
2128188
2121868
2121868
2120212
2121031
2121031
2121703
2114071
2115166
2113714
2113026
2121766
2096125
2094673
2083633
2081683
2077933
2066573
2074229
2066441
2063501
2066669
2066669
2063501
2060561
2068349
2063547
2063547
2083567
2080987
2080987
2087665
2093985
2095434
2093484
2091314
2090786
2087726
2087726
2086126
2086126
2080494
2079182
2079182
2066393
2066921
2068233
2069833
2072893
2087193
2092825
2110150
2110150
2122939
2118137
2130926
2141846
2131388
2130352
2117392
2115222
2117392
2112508
2113348
2116780
2129740
2126680
2125585
2123005
2122744
2117064
2114194
2113666
2112217
2116609
2119023
2127693
2127693
2114337
2113455
2114337
2107269
2107269
2107269
2110139
2116187
2117499
2120667
2110209
2118949
2118277
2132577
2117457
2117697
2119125
2121705
2121211
2138921
2137493
2136398
2137238
2138057
2138318
2137223
2140391
2141273
2142203
2138531
2144211
2137731
2148189
2150139
2154941
2164741
2158063
2171419
2168839
2162161
2158993
2151963
2158443
2165121
2164085
2172709
2167825
2175121
2176051
2176107
2171223
2172423
2165943
2169303
2170185
2166825
2167353
2161033
2164473
2165568
2162698
2164150
2164150
2157120
2145864
2124996
2127396
2127396
2129706
2130234
2141091
2141259
2133963
2134173
2159814
2152345
2163385
2184253
2184415
2164395
2164395
2160519
2176800
2177592
2179041
2170417
2171512
2168080
2168320
2186030
2171730
2171520
2184603
2184603
2195460
2194032
2190360
2190144
2182356
2176036
2181492
2180804
2198129
2193917
2190749
2193197
2189525
2194327
2194327
2193445
2198901
2194099
2196513
2199453
2201867
2201195
2201195
2204627
2165555
2157923
2171006
2171006
2172458
2176130
2175869
2168081
2170529
2164049
2160989
2160989
2158049
2146793
2143121
2142026
2147706
2147706
2144646
2135906
2141702
2145914
2145752
2145752
2145584
2151408
2119068
2111599
2104303
2104303
2105185
2112654
2119950
2123826
2130146
2130146
2117186
2111506
2111506
2109092
2116122
2112954
2111834
2103210
2106960
2107221
2104821
2119121
2151461
2160085
2167717
2167773
2164023
2156955
2162587
2166337
2170213
2176009
2176009
2134009
2132293
2129713
2131663
2106022
2126042
2139002
2127642
2120964
2127642
2139002
2144826
2140458
2130000
2121330
2127126
2120096
2133179
2128295
2141378
2121358
2106238
2104786
2103186
2100316
2096566
2095747
2092307
2099603
2091971
2092027
2095267
2095429
2130373
2136197
2146655
2146817
2147078
2154374
2155494
2163126
2159250
2176575
2170255
2187965
2174609
2182397
2180087
2174263
2174053
2176467
2175973
2182293
2180123
2179331
2178401
2186057
2185847
2187275
2187491
2200280
2199461
2194577
2207933
2207933
2207989
2207149
2208749
2202071
2205131
2196461
2200829
2193929
2197097
2197097
2182797
2182122
2183004
2183004
2182329
2180880
2185682
2186474
2187149
2188733
2196521
2197949
2190161
2182373
2176693
2178121
2179241
2173609
2184529
2184529
2171173
2166805
2169745
2168953
2169214
2176870
2169401
2172761
2171105
2167433
2166758
2165309
2176349
2169449
2172689
2170275
2162487
2149527
2160567
2173923
2199564
2195688
2199360
2197704
2194644
2179524
2182584
2184012
2163992
2181702
2179532
2200400
2201330
2175689
2176725
2165805
2164965
2164293
2164032
2164526
2171822
2176190
2176430
2180180
2180180
2191436
2204792
2187467
2194535
2194751
2194751
2195681
2196500
2207420
2207660
2210108
2210108
2213780
2206750
2206750
2202538
2192080
2188648
2189960
2182664
2184092
2204960
2204466
2202866
2187746
2187506
2186078
2168753
2165813
2159989
2143708
2143468
2132611
2126815
2126759
2119729
2119729
2118693
2116383
2110703
2096403
2096403
2075535
2066795
2059007
2055131
2049083
2047771
2046651
2033862
2030992
2018032
2010736
2003267
2003211
2000811
2000811
1993781
1991471
1978115
1974443
1968123
1962443
1956123
1946799
1939769
1939529
1938599
1938599
1933797
1929585
1925913
1925913
1922037
1919727
1919727
1906938
1903062
1903062
1902900
1902900
1902060
1900748
1892008
1890913
1887745
1867725
1856868
1850820
1843752
1836722
1819012
1815952
1813782
1810342
1790322
1788894
1777638
1777638
1764555
1763715
1755927
1755045
1748725
1747933
1743721
1741411
1736609
1735160
1731728
1730012
1713731
1711283
1709113
1704229
1695605
1694723
1693123
1686093
1684893
1681953
1681791
1664081
1649781
1646613
1646352
1620711
1605591
1601199
1598785
1598785
1593983
1593983
1583525
1576625
1575530
1574858
1563938
1561628
1552888
1546408
1540952
1540952
1526652
1525052
1521992
1509203
1491878
1491350
1490038
1484406
1490038
1491350
1494410
1496010
1508799
1518599
1535924
1550224
1550752
1548304
1540835
1538525
1531847
1496903
1493153
1492058
1486010
1485191
1482777
1481958
1475910
1473960
1469748
1462279
1462117
1444407
1431447
1425651
1425651
1424811
1422231
1417347
1411523
1410995
1403927
1400255
1395453
1395285
1389489
1386249
1375209
1368141
1367613
1367613
1361789
1360477
1356445
1356445
1347775
1337317
1336281
1335609
1303269
1282401
1278729
1277277
1277037
1277037
1264248
1262532
1253908
1250032
1240232
1237064
1222764
1220814
1229438
1243738
1246906
1250782
1252732
1254448
1264248
1277037
1262737
1245027
1244145
1243326
1234002
1222962
1221762
1221090
1210632
1208218
1205158
1187448
1181128
1163803
1156903
1153543
1149667
1148875
1137515
1119805
1113127
1119805
1120597
1138307
1149667
1148875
1147447
1143697
1132441
1119481
1119265
1108345
1105475
1094435
1090043
1086167
1083587
1074963
1071723
1061923
1061683
1061422
1035781
1015761
1004841
1000473
997305
984222
976434
971632
963976
960616
960616
959941
958357
957427
956608
949312
940688
940194
934738
932290
932290
927488
927227
924779
911990
911990
907622
903410
897614
896162
894713
883793
883793
880553
867470
867414
863742
857422
851626
851626
847954
844894
841954
840918
829878
828948
828786
822962
822962
820548
820020
812724
812508
804852
787527
784359
784119
778439
772807
771379
770259
770049
762417
760989
760989
758541
752061
750461
737672
735362
734050
727730
730040
736520
738968
740280
741880
748200
760989
747906
737049
737049
736167
732417
730467
729372
726204
722964
702096
698664
694914
694858
694597
692997
679641
661931
654275
653345
652225
652169
634459
634459
621103
595462
563122
562447
556623
548991
547391
541759
528970
525910
516110
514798
500498
499970
482645
492445
498077
510866
512178
529503
543803
545403
548463
548991
541203
539775
532479
529419
516063
504807
504807
493887
486857
482981
475512
475512
475272
474236
474236
478448
479876
487345
491221
492257
499287
497859
491181
479821
486499
497859
465519
456895
436875
431243
423774
416478
415596
422892
423774
431243
429659
423179
416699
410021
416699
423179
423179
422339
416543
427903
428743
434539
434011
419711
418111
415051
409419
396630
395318
377993
368193
369793
379593
371993
367191
367719
360651
354971
334103
332654
333966
348266
353898
356958
369747
366877
384202
385651
392719
397521
405121
407991
428859
434539
428219
426791
424391
424335
416866
408242
415711
418111
419539
419595
428219
434539
420239
414607
401818
400506
383181
382653
381053
371253
368193
356833
350155
361515
368193
361713
355393
353083
351771
350171
347723
334934
336534
338844
340156
346476
352956
365745
368193
367311
359842
352546
341290
341290
341290
340360
336920
335825
335825
343457
344387
355643
381284
382712
386152
387247
385531
383581
374957
371081
356781
343992
334192
331024
332974
342774
355563
357279
365903
380203
383371
387247
380569
374089
380767
387247
387079
382687
382687
382471
382471
381796
381302
381302
379586
368226
361548
368226
379586
378550
374338
370462
363432
362004
354535
361565
365441
369653
377122
378550
379586
378656
374984
373672
367992
342351
338601
329977
328321
326011
324699
311910
310310
307862
301382
295062
301542
314331
315643
318091
319691
326011
328321
322525
321685
310325
311165
322525
328321
316961
310283
316961
328321
321841
315163
328246
341035
343975
351763
360433
367729
400069
411109
414169
425529
435329
438497
439427
443177
447053
448709
450161
452561
455009
459041
459971
462385
463057
466933
475557
479307
484191
490239
497139
514464
532174
539643
546711
548295
549225
557013
561815
563243
576203
577403
577897
585497
593129
632201
637657
641533
641701
647497
650077
650752
661792
663104
683124
684780
685875
687591
690651
704007
707067
710943
717621
720861
730185
730353
730409
730571
734321
734996
735878
774950
775742
779954
787586
790526
791366
823706
829162
830092
838762
840214
845846
846966
847128
852808
860464
892804
905764
912832
916272
926730
933210
936650
939098
943900
947332
950764
956812
959260
970516
1002856
1009886
1013054
1023974
1039094
1042034
1047858
1054536
1057704
1064604
1064814
1065934
1079017
1086313
1088727
1093529
1093790
1093952
1102622
1111362
1127643
1128843
1133235
1131285
1118496
1104196
1100320
1098604
1095436
1086812
1077012
1080180
1089980
1102769
1106645
1108595
1117219
1131519
1133235
1144092
1145676
1178016
1181376
1181592
1195892
1213602
1215258
1216686
1223982
1224670
1226840
1230008
1239332
1240172
1247804
1251476
1264559
1275416
1279784
1281236
1282436
1283888
1284818
1285506
1287162
1291554
1292373
1301043
1305255
1306455
1315125
1332450
1335890
1337339
1343163
1357463
1365063
1372695
1372863
1373551
1372759
1361399
1343689
1337011
1339591
1343803
1346743
1381687
1386571
1389931
1392801
1396473
1405797
1410009
1417609
1430692
1441948
1445698
1455022
1465942
1467037
1466107
1473175
1487475
1481155
1481099
1472475
1470075
1468647
1461178
1468647
1477271
1477327
1483647
1485075
1487475
1491351
1497031
1508287
1522587
1537707
1526667
1568667
1570116
1584416
1585536
1572747
1573587
1575303
1579695
1580790
1582218
1583254
1593054
1613922
1616502
1619862
1621462
1629062
1631462
1633412
1620452
1619024
1612976
1623833
1610750
1611950
1614120
1629240
1629768
1637064
1641096
1647774
1658694
1658856
1691196
1697020
1699434
1702494
1703022
1706082
1717338
1724994
1728870
1727418
1728090
1743210
1746570
1766590
1777510
1819510
1819750
1821700
1836820
1833880
1837312
1837552
1839966
1844850
1847160
1851962
1852754
1853954
1862624
1859456
1860492
1864164
1863372
1864047
1864735
1870531
1869856
1870528
1874740
1874578
1875890
1872830
1875998
1886855
1888439
1894119
1896699
1898151
1906775
1898987
1906055
1931696
1937744
1939460
1953760
1960660
1958944
1964400
1981725
1981725
1982565
1991305
1998937
2002177
2003297
1996001
2005325
2012981
2026337
2023889
2035249
2060890
2067958
2068486
2077156
2087614
2087776
2092144
2105500
2116860
2109228
2118552
2112756
2105287
2105497
2105497
2105737
2102677
2099617
2113917
2096207
2117075
2116145
2103185
2110085
2104629
2104629
2106057
2109489
2109489
2098632
2116342
2105302
2113972
2118364
2118604
2117484
2117652
2120892
2126940
2130108
2129847
2131275
2126473
2121589
2123539
2112179
2105501
2107671
2110611
2113191
2113191
2129472
2130921
2138709
2138919
2139081
2139081
2146681
2153359
2166148
2170180
2174392
2174392
2174224
2183548
2184388
2188264
2185850
2185850
2186012
2183612
2188414
2192164
2192380
2193310
2189278
2200318
2197150
2200090
2193022
2193697
2197729
2190829
2208539
2208539
2212415
2205119
2217908
2217964
2224012
2208892
2217562
2218492
2226148
2229208
2223576
2224888
2225560
2218882
2221752
2222571
2218359
2220075
2222655
2223149
2222461
2190121
2186245
2192293
2192349
2160009
2160009
2158353
2165649
2170017
2174819
2181497
2172757
2171557
2189267
2202056
2213312
2220608
2227508
2228348
2228348
2228348
2214048
2225408
2226200
2231656
2235532
2235532
2245990
2238358
2229688
2233564
2240464
2246288
2249648
2252708
2254364
2254625
2254625
2254625
2258297
2258297
2254865
2258305
2259733
2260933
2264365
2271997
2270569
2271257
2277053
2266595
2250314
2250314
2248658
2238858
2245178
2245178
2243578
2230495
2229565
2230495
2237563
2248603
2259061
2264693
2268569
2260969
2264845
2264351
2267291
2273115
2269239
2261639
2267959
2267119
2266300
2266300
2266300
2262860
2265920
2265704
2265704
2257034
2267891
2264141
2272811
2277613
2281363
2284803
2281363
2281195
2294155
2294365
2293270
2296702
2287378
2279746
2283186
2277730
2280310
2280550
2287030
2285830
2286091
2281699
2284759
2293383
2293644
2292608
2291180
2286968
2283092
2276062
2268593
2266179
2271063
2267623
2274653
2276369
2281825
2261805
2254017
2256957
2276977
2276977
2285647
2288517
2291949
2290500
2282900
2280452
2287352
2287613
2288733
2301693
2302512
2295444
2293844
2287364
2286052
2273263
2266943
2264633
2262185
2263497
2263497
2269817
2272265
2273865
2273865
2273865
2275815
2274615
2275434
2271762
2274176
2266520
2265590
2262422
2248122
2215782
2215782
2215620
2235640
2234968
2228068
2235537
2221237
2221399
2219743
2216383
2227423
2231095
2227345
2227839
2228934
2230590
2241447
2241285
2226985
2227513
2220613
2219161
2177161
2175505
2188465
2188465
2189917
2185115
2181683
2176799
2180231
2162906
2162666
2173706
2174234
2174234
2174906
2181386
2176584
2163501
2162049
2166933
2177973
2183429
2182637
2173313
2166413
2162741
2162951
2180661
2171337
2170649
2167709
2164769
2170593
2196234
2194650
2236650
2238960
2242128
2242128
2250752
2249912
2249912
2241242
2238842
2234966
2234804
2238476
2246132
2263842
2256242
2255042
2249218
2223577
2224613
2229005
2234829
2234154
2232702
2243958
2258258
2250962
2271830
2275270
2269590
2268915
2266965
2227893
2227893
2230293
2226933
2233413
2238215
2240165
2242613
2227493
2234171
2238973
2246269
2237645
2244323
2246737
2246737
2246527
2245327
2234407
2236855
2236180
2247220
2255960
2254532
2240232
2231562
2213852
2210612
2209028
2205968
2208416
2219336
2204216
2229857
2229185
2233217
2236277
2240489
2238773
2238989
2227629
2223879
2226459
2222091
2208735
2226445
2206425
2224135
2221965
2227597
2223385
2216485
2215555
2218495
2214619
2215307
2214779
2216729
2216729
2214779
2218529
2217599
2213387
2216627
2216627
2210579
2210747
2209435
2220292
2216932
2215812
2211936
2210841
2214717
2216373
2209695
2177355
2138283
2134533
2130657
2141913
2145789
2151585
2162841
2168637
2181426
2183082
2177034
2189823
2210691
2215575
2217024
2206104
2213172
2209932
2208216
2207376
2207544
2201496
2195672
2194832
2191962
2184330
2180454
2180670
2185472
2186508
2189868
2190540
2184060
2181646
2176762
2174314
2178706
2179200
2179440
2175408
2174589
2184389
2223461
2212421
2219489
2221439
2234399
2238791
2229467
2221811
2254151
2255463
2255463
2264787
2259985
2263735
2261155
2243830
2244760
2244760
2240548
2240548
2254848
2254354
2255782
2263382
2279663
2270993
2275385
2266061
2266991
2270423
2277101
2265845
2282126
2280677
2273381
2255671
2256490
2263558
2263297
2298241
2305141
2304105
2301165
2302095
2322963
2328595
2307727
2301407
2299958
2305414
2288089
2284729
2279049
2281989
2295345
2284887
2277591
2270561
2270729
2270939
2270939
2267507
2263115
2266055
2261843
2258903
2243783
2243727
2246307
2246307
2245635
2248995
2241927
2235879
2229201
2222171
2219591
2206235
2209105
2220145
2228769
2234449
2242237
2243686
2241516
2237766
2236454
2228854
2243974
2237926
2236996
2257016
2256806
2270162
2273102
2272430
2263760
2262878
2262822
2251965
2263325
2279606
2287238
2277914
2277914
2274854
2286110
2293898
2296768
2309728
2309200
2306140
2319100
2286760
2279692
2277742
2277742
2280802
2255161
2258521
2264201
2267873
2260241
2260451
2260190
2250866
2250704
2240904
2227821
2234499
2235174
2246430
2243262
2237438
2240606
2234782
2276782
2273722
2284978
2285472
2272683
2272443
2261523
2263923
2263083
2256763
2262811
2255155
2258323
2262199
2269831
2269831
2269143
2273511
2262654
2258622
2250966
2216022
2232303
2232141
2235081
2236530
2237205
2244674
2233418
2229986
2229458
2225786
2204918
2179277
2177327
2174747
2174747
2195615
2196735
2203803
2203803
2203803
2203542
2201372
2200252
2199724
2202594
2199654
2193830
2176120
2165263
2160461
2157521
2153129
2145497
2144045
2135305
2146162
2144710
2150166
2146998
2132698
2134010
2133842
2147198
2138528
2138528
2149888
2152288
2143664
2143664
2144339
2143219
2149267
2150695
2159435
2177145
2175717
2182785
2184237
2191137
2190345
2194221
2195257
2196377
2197196
2189900
2189212
2188951
2185591
2184391
2190215
2190890
2203679
2171339
2172995
2172755
2174207
2171627
2175299
2190419
2197097
2196002
2196677
2197797
2199453
2190829
2190829
2185033
2181593
2179937
2179775
2180870
2181542
2179826
2187295
2176039
2173729
2186518
2182486
2182486
2186236
2187664
2190534
2191206
2192242
2197922
2214203
2209319
2209580
2201792
2208272
2208272
2229140
2226560
2228870
2217614
2223410
2228294
2227622
2216702
2216912
2210432
2184791
2177723
2185019
2194343
2198711
2207381
2210549
2210549
2221805
2242673
2245733
2243319
2232462
2241786
2224076
2219708
2217128
2199418
2205898
2206573
2164573
2153653
2153437
2154473
2152025
2150309
2157941
2146685
2145997
2141195
2148491
2135531
2139899
2141019
2134119
2113251
2114700
2130981
2120124
2119596
2118476
2144117
2137049
2144681
2140469
2153429
2149553
2134433
2132483
2131055
2131217
2140541
2140541
2134745
2128067
2127827
2131259
2131259
2131091
2122467
2123307
2123091
2123091
2122161
2126037
2123637
2120205
2120205
2108949
2111397
2113053
2112381
2119981
2111311
2114551
2121451
2112781
2115841
2136709
2162350
2164006
2169830
2170760
2169724
2158684
2172040
2171800
2165976
2174600
2178968
2181838
2192878
2194078
2194870
2174002
2189122
2191992
2202849
2206881
2207673
2194713
2183353
2183353
2180413
2145469
2145469
2142409
2141590
2138720
2133264
2132445
2111577
2113177
2106109
2111565
2107173
2105724
2114348
2114348
2106748
2101068
2101756
2096954
2092152
2092096
2089682
2086812
2078142
2099010
2094208
2095924
2090244
2097713
2090813
2077457
2077513
2067055
2077975
2094256
2102996
2101412
2101202
2090345
2100145
2117855
2110787
2104109
2106509
2100713
2107781
2103413
2104508
2091548
2088488
2091920
2094980
2096100
2096100
2100312
2100312
2088952
2088277
2083475
2079725
2080413
2066113
2069545
2066377
2070745
2091613
2111633
2111633
2110321
2095201
2089405
2076616
2077652
2086322
2087010
2091042
2088172
2093804
2094899
2097313
2094145
2083105
2096461
2078751
2046411
2043171
2039739
2041167
2038587
2047911
2047911
2047911
2049111
2036151
2035657
2034727
2021938
2022432
2022432
2014963
2014747
2014747
2014747
2011315
2012764
2012764
2045104
2037472
2037262
2046002
2047122
2049072
2034772
2029888
2029720
2031320
2030632
2030632
2035434
2029978
2026102
2037142
2036106
2025648
2025648
2014288
2014344
2014344
2010984
2007108
2011476
2037117
2040057
2042457
2031417
2035293
2037693
2037693
2042577
2050365
2050365
2032655
2021615
2030939
2038727
2035487
2035319
2035580
2029532
2030627
2036259
2037078
2039248
2032768
2040064
2052853
2036572
2043868
2042440
2077384
2080624
2080624
2078044
2081920
2095003
2091127
2091343
2093791
2086159
2077489
2061208
2064268
2067328
2070268
2070436
2074828
2076277
2079337
2078497
2077297
2076261
2073861
2078229
2085698
2087282
2085833
2086505
2087817
2081993
2081993
2087449
2087449
2087188
2075828
2072156
2073608
2077040
2081432
2084372
2064352
2064352
2064352
2077141
2071685
2068815
2070264
2078934
2081104
2077672
2088130
2088130
2088130
2087311
2078571
2084251
2076955
2087875
2080219
2080219
2077159
2064370
2063876
2060204
2067104
2070544
2070754
2074114
2081770
2068810
2081770
2099095
2099783
2099289
2109089
2112965
2115905
2117855
2119571
2116701
2122525
2143393
2139643
2141813
2143265
2144301
2150349
2157818
2158700
2116700
2107960
2104520
2112176
2109236
2105564
2100108
2093208
2089332
2096362
2102042
2103698
2102042
2101880
2103536
2113994
2116864
2155936
2155006
2155246
2155921
2155711
2152039
2148599
2137343
2130275
2123207
2130237
2132187
2093115
2090805
2081481
2085357
2081925
2087749
2093573
2093573
2094248
2082992
2085302
2085990
2065122
2070946
2063878
2059510
2059510
2060350
2058694
2064150
2064411
2067579
2077379
2080619
2073941
2067461
2069631
2079431
2082791
2084447
2089249
2076460
2073020
2066342
2060710
2065078
2081359
2092399
2092455
2099133
2100849
2101668
2101458
2101290
2093994
2101650
2096194
2086870
2100226
2092626
2092794
2072774
2073704
2067026
2066207
2059727
2074847
2071977
2077433
2074493
2065823
2068763
2064887
2064212
2065661
2058593
2060543
2056175
2055055
2060851
2067881
2070941
2069492
2066060
2050940
2050940
2054690
2053262
2042006
2037614
2030145
2013864
2021652
2020224
2016348
2017443
1975443
1978503
1974753
1957043
1959623
1957209
1956969
1961181
1965057
1964847
1967427
1954071
1963395
1937754
1945354
1954024
1952929
1948897
1948225
1951897
1955773
1956448
1957288
1960456
1963816
1963141
1971811
1975561
1966821
1966133
1948423
1950871
1930851
1943934
1944174
1942974
1950606
1950774
1949118
1946670
1946910
1949324
1952264
1953848
1957280
1948610
1948610
1945550
1940666
1938266
1941626
1938686
1947310
1950750
1940950
1932210
1935270
1936306
1925266
1967266
1947246
1948366
1947330
1954398
1953362
1953362
1953530
1921190
1923500
1932124
1911256
1908316
1902684
1903476
1909108
1888240
1892608
1886560
1883620
1899901
1895509
1896961
1899409
1901579
1899629
1938701
1973645
1968761
1973563
1975015
1973566
1973827
1971247
1987528
1998568
2011924
2006292
1990011
2001267
1997907
1998595
1991299
1988059
1978735
1974523
1973428
1973596
1977268
1974208
1979840
1990880
1988432
1981532
1977140
1973264
1970816
1976640
1982960
1983648
1981234
1983814
1967533
1974013
1972893
1971293
1963824
1968216
1963414
1959046
1960646
1967324
1965014
1963919
1958239
1958500
1940790
1939206
1928166
1929096
1912815
1909647
1909647
1908807
1903011
1891651
1897447
1908807
1909647
1906587
1898799
1903601
1907477
1905527
1918316
1910684
1917004
1909216
1901616
1897224
1895775
1896015
1903045
1896367
1881247
1891047
1887615
1879959
1885755
1884825
1891725
1898403
1896951
1895856
1895016
1893816
1882456
1878784
1878784
1867528
1867528
1864168
1875088
1862128
1859188
1860070
1861522
1862341
1864511
1868543
1854243
1857603
1849947
1848519
1831194
1831986
1839642
1840482
1836114
1834665
1851990
1852662
1851350
1869060
1848192
1846740
1839271
1838596
1840252
1851508
1852390
1861714
1861658
1855862
1851986
1864775
1851986
1858306
1855246
1852186
1847818
1838494
1838494
1840150
1841350
1820482
1817242
1803886
1804048
1800298
1800460
1806940
1809520
1816588
1827445
1835101
1834429
1808788
1813000
1816876
1815564
1807932
1820721
1815089
1820769
1827669
1832061
1832853
1826373
1830045
1830975
1839715
1840387
1843327
1844209
1823341
1822305
1835265
1826641
1825546
1818250
1779178
1769378
1753097
1753097
1759775
1748519
1748687
1748477
1735517
1733917
1734411
1734467
1721111
1700243
1674602
1667133
1667077
1674865
1683605
1681949
1689418
1676335
1676335
1676863
1676369
1674199
1674887
1664030
1681355
1670498
1668050
1670990
1673404
1666726
1667846
1668056
1668056
1662424
1667308
1651027
1649077
1650505
1649830
1644374
1645256
1645424
1637955
1637955
1653075
1650495
1643465
1649097
1651497
1657129
1660369
1669693
1690561
1685759
1688699
1694379
1690629
1690629
1696261
1700473
1699798
1702246
1702302
1702302
1702302
1688946
1689786
1694154
1688474
1684598
1681538
1685750
1694374
1681585
1694941
1698181
1695241
1693789
1692133
1692133
1691458
1684390
1685818
1711459
1702135
1696311
1697895
1690107
1688679
1697419
1695967
1690143
1681473
1682785
1684369
1705237
1703581
1699213
1695181
1694145
1694833
1695928
1701976
1701157
1690237
1682941
1682701
1685761
1686580
1681124
1681124
1675444
1673494
1688614
1695682
1698130
1696681
1699551
1699383
1706061
1704941
1708109
1719029
1720685
1725569
1716245
1721047
1720117
1718401
1705045
1703329
1706389
1705269
1703319
1702631
1698419
1694979
1691103
1687935
1694255
1690895
1679639
1683851
1680683
1682267
1669478
1672058
1704398
1703468
1704504
1696716
1690892
1691420
1692212
1699112
1705790
1703342
1717642
1718572
1713688
1713520
1709644
1712058
1705158
1711206
1706838
1710588
1707648
1705992
1693203
1692321
1692321
1701645
1708675
1712551
1714501
1705831
1705831
1702891
1696411
1703880
1724748
1742458
1739026
1741426
1740331
1736971
1724011
1723843
1727515
1733311
1741099
1738229
1745885
1746573
1737949
1738443
1735573
1743229
1743229
1758349
1719277
1712247
1709937
1716417
1755489
1756161
1744905
1744905
1743785
1743097
1743979
1755339
1769639
1756283
1763183
1760123
1761551
1760515
1770973
1782229
1795189
1790797
1793667
1794355
1791187
1782563
1788611
1786441
1780985
1788281
1790231
1797527
1798202
1809059
1812935
1812879
1822203
1822203
1818327
1817487
1815073
1816789
1812757
1818581
1827205
1832837
1836005
1836005
1839677
1838989
1848313
1844437
1842781
1841745
1841745
1841745
1840625
1829585
1829585
1830079
1829839
1831789
1839577
1836137
1832387
1829987
1855628
1855412
1860868
1862317
1854661
1850269
1850269
1837480
1841356
1856476
1848876
1849564
1846624
1850500
1850662
1849006
1853374
1847694
1851126
1851814
1864897
1864897
1865737
1864081
1858257
1859857
1859065
1862125
1853455
1848653
1859510
1859726
1859054
1854842
1833974
1833812
1821023
1833812
1836226
1835538
1837938
1835768
1835768
1830966
1827606
1830476
1827606
1831482
1833792
1827744
1866816
1877673
1874001
1874676
1871806
1870686
1859646
1855254
1862723
1882743
1891413
1900037
1899797
1912757
1908389
1925714
1923544
1940869
1933969
1942639
1941190
1940502
1939710
1938258
1946046
1959129
1956819
1957491
1961241
1955785
1952353
1943029
1936351
1936519
1936258
1935466
1927834
1940623
1942933
1950589
1915645
1915645
1908615
1950615
1948035
1953667
1957099
1960849
1958679
1963563
1959351
1948311
1949241
1949403
1955451
1949995
1949307
1949547
1956447
1945191
1949067
1941411
1944843
1946295
1951751
1946071
1940247
1941847
1943299
1942611
1948659
1948715
1950885
1952005
1950805
1940347
1946667
1942791
1931751
1938651
1929911
1928255
1928255
1935887
1932947
1939427
1952387
1946755
1935835
1931623
1924723
1923067
1943087
1928787
1939707
1939869
1947501
1953297
1960929
1960668
1960668
1960724
1960724
1951984
1938628
1939300
1939244
1939076
1936016
1931132
1924102
1920862
1921123
1929793
1944913
1944857
1954181
1951733
1953333
1962003
1974963
1976412
2011356
2010862
2013802
2017834
2034115
2032803
2030403
2033571
2024947
2021071
2024131
2023456
2024275
2006565
2014197
2023521
2030421
2033001
2029941
2027361
2017561
2024239
2020807
2022407
2016087
2015559
2021607
2019207
2008167
2014487
2046827
2042795
2044379
2042779
2054139
2046483
2045034
2055891
2072172
2065104
2065272
2071592
2075024
2058743
2058743
2057143
2057143
2057143
2050823
2049511
2047063
2053383
2055693
2058141
2059453
2072242
2078722
2080322
2080154
2080210
2080738
2089478
2089268
2090087
2095767
2089943
2091063
2093373
2086473
2104183
2095443
2098383
2112683
2123723
2122603
2121721
2115241
2122309
2125179
2124507
2124507
2122337
2120681
2105561
2101889
2098829
2098010
2099666
2102906
2103400
2103400
2104330
2104498
2104237
2089117
2090153
2073872
2065248
2055448
2044990
2060110
2067766
2067604
2069320
2068645
2063013
2055225
2076093
2083161
2085331
2089543
2100463
2100519
2097351
2099799
2092011
2091849
2088177
2087967
2108835
2102157
2101275
2092651
2109976
2100176
2096300
2094851
2120492
2141360
2137484
2126627
2125697
2136617
2140985
2151443
2138483
2132163
2132373
2133957
2134629
2140085
2139203
2137619
2122499
2121811
2125243
2129611
2135291
2139683
2141633
2141465
2142305
2137913
2146537
2142865
2131945
2130493
2119636
2117222
2120582
2119487
2113691
2113691
2100902
2104334
2111990
2098907
2100335
2092679
2099159
2131499
2110631
2110631
2110631
2112941
2115811
2116499
2113559
2113799
2109587
2107637
2106845
2106845
2109905
2109905
2120363
2121963
2110603
2094322
2086690
2061049
2057609
2056514
2045258
2043830
2042900
2043692
2051161
2059831
2059831
2060041
2061493
2040625
2041417
2040923
2079995
2097320
2092952
2092280
2091461
2090621
2101981
2103433
2101849
2109505
2103873
2106933
2071989
2070039
2061415
2047115
2034326
2031158
2021358
2017482
2015766
2004846
2000634
2002584
2001744
2016044
2017760
2030549
2029619
2025251
2025251
2028419
2037043
2037043
2035327
2035327
2039203
2042263
2048311
2048311
2048311
2042631
2010291
1968291
1962659
1956611
1956821
1957613
1942493
1956793
1956265
1958435
1956485
1957013
1961815
1967271
1967959
1965089
1966184
1967768
1950443
1951283
1951121
1951177
1957225
1958261
1956833
1958489
1971572
1975940
1972508
1969076
1972748
1955038
1960718
1953650
1957526
1957688
1954328
1960008
1970865
1978653
1982685
1982445
1979505
1972827
1969587
1975043
1975304
1970420
1971212
1961888
1966100
1974770
1979138
1978463
1984143
1982193
1978317
1978317
1978578
2004219
1998539
1998595
2008395
2000926
2002126
2005566
1999770
1999938
2005762
2005762
2013550
2007502
2008930
2007214
2000146
2001076
1994596
1955524
1958884
1958623
1969480
1968986
1963354
1964806
1990447
1988995
1996464
1999044
1999044
1998204
2019072
2035353
2030985
2032569
2021712
2022912
2024007
2024169
2024169
2023377
2021928
2011470
2019126
2019654
2021103
2021343
2027663
2022031
2018671
2012351
2025140
2022560
2024009
2026589
2006569
2005729
1998073
1985284
1991764
1985444
1986284
1988732
1982054
1976230
1973360
1988480
1994276
2007359
2006687
1990406
1982774
1983449
1978647
1982079
1983735
1987767
1987767
1982135
1988455
1975099
1966475
1967003
1967264
1980053
1980314
1987946
1987064
1989934
1986058
1985842
1976042
1983072
1988868
2003168
2038112
2035052
2035892
2032142
2031454
2039086
2037430
2024470
2024470
2026870
2027080
2027320
2024872
2024872
2042582
2026301
2020845
2018265
2034546
2034762
2034762
2034762
2028966
2028798
2021730
2019150
2015274
2019150
2019150
2019150
2018030
2011710
2010110
2007710
2006780
2016580
2016841
2022665
2024321
2021081
2060153
2056913
2052111
2063367
2060199
2057259
2039934
2047534
2039902
2039902
2042212
2043796
2036766
2045506
2058466
2037598
2040538
2040538
2033069
2032907
2044163
2056952
2062584
2061702
2062196
2063396
2064188
2052932
2056292
2056532
2053472
2045684
2043236
2078180
2075870
2076038
2067368
2065418
2067998
2064122
2072862
2072918
2071466
2069296
2066128
2067580
2068399
2059075
2069932
2061262
2067058
2073378
2075792
2071916
2075792
2075736
2081416
2081677
2090347
2088919
2109787
2114179
2114673
2105933
2105258
2103946
2111734
2105910
2131551
2099211
2102081
2101871
2106239
2112559
2095234
2095906
2109262
2102584
2104184
2103148
2092228
2085550
2088910
2096542
2100418
2099599
2079579
2078760
2088084
2087916
2067048
2066118
2063178
2064627
2059743
2034102
2013234
2013922
2000962
2007992
2010302
2010470
2017500
2015086
2011336
2003548
2003308
2001724
1988641
1990069
1995893
2001525
1984200
1984144
1981730
1985480
1988420
1991360
1952288
1949888
1937099
1941467
1944827
1959947
1963979
1957659
1956867
1956867
1939542
1941712
1983712
1977034
1978154
1970858
1969274
1958234
1956650
1956650
1914650
1912202
1917086
1920962
1913330
1917722
1926462
1923030
1922868
1917412
1923460
1934820
1937234
1944866
1945394
1956314
1957898
1963578
1963578
1964253
1963461
1937820
1955530
1953580
1953580
1962250
1959850
1959850
1958250
1971210
1967778
1971990
1973574
1971264
1959904
1960696
1962296
1956616
1939291
1946891
1941211
1934731
1947814
1947126
1943250
1933926
1936236
1935548
1934860
1933260
1931090
1939714
1939714
1926754
1917430
1918105
1921981
1931305
1931467
1927717
1930657
1929229
1931179
1930939
1930939
1941796
1932472
1929412
1932472
1943832
1936044
1935252
1935780
1956648
1956648
1956648
1951192
1952228
1952722
1954672
1954672
1954672
1944872
1942002
1942002
1949471
1950566
1958198
1958886
1991226
1983757
1990825
1991497
1977197
1984985
1985513
1987913
1972793
1963469
1964144
1956488
1958658
1951758
1943088
1941660
1943109
1945509
1945248
1938348
1944144
1942695
1942695
1935226
1952936
1945280
1958363
1959155
1955987
1960789
1995733
1996573
1992205
2031277
2020420
2019628
2021212
2024962
2024722
2027122
2033170
2025382
2025550
2045570
2044118
2051750
2044118
2051750
2051750
2044454
2043002
2035370
2036210
2036738
2039798
2042668
2044252
2046652
2050528
2049598
2046658
2045866
2037242
2037242
2035642
2036572
2039740
2049064
2016724
2003641
2010671
2009999
2009159
2007575
1999787
1997617
2003297
1999625
2000465
2004857
2006309
1995851
1999727
1999055
2000504
2001624
2002506
2004090
2004090
2007762
2017086
2013726
1988085
1991253
1991085
1985037
1988277
1988067
1981747
1975699
1982179
1973509
1973248
1967200
1965748
1966420
1968004
1964564
1960196
1965652
1965596
1962536
1962752
1951832
1955192
1955354
1958414
1974695
1960395
1960395
1962345
1965405
1964717
1963265
1956365
1949465
1931755
1933183
1940815
1953604
1955914
1959354
1959093
1958057
2000057
1999889
1997309
1988639
1986983
1983551
1985151
1984056
1970700
1969116
1970568
1964772
1959316
1956446
1956940
1956940
1951260
1949832
1949832
1957301
1957301
1957301
1944218
1944712
1955752
1957180
1957012
1961896
1954427
1948747
1941091
1952347
1948135
1955604
1948536
1948008
1951884
1951722
1947330
1955954
1958124
1959780
1967568
1967358
1969308
1966894
1974494
1975694
1978754
1981694
1983146
1979786
1990643
1989824
1993496
1995896
1960952
1958082
1959738
1944618
1945458
1941090
1941090
1935294
1932234
1932450
1929870
1925994
1915074
1916523
1920399
1925201
1928951
1941740
1943910
1944750
1952538
1934828
1923971
1914647
1911215
1903583
1914503
1910627
1913987
1918199
1916029
1913719
1910659
1897699
1911999
1918047
1907589
1908264
1909083
1908915
1900245
1887162
1919502
1954446
1954446
1950234
1944186
1945005
1945005
1950829
1944509
1940633
1936241
1936241
1919960
1917020
1924088
1935008
1937588
1940756
1915115
1923739
1922619
1917817
1921177
1920916
1931374
1942630
1947514
1960870
1961965
1955917
1949869
1947559
1926691
1932515
1929935
1925543
1922183
1926985
1926745
1933775
1934895
1935105
1934175
1934119
1943919
1908975
1909143
1899343
1903375
1910671
1914111
1915767
1957767
1959937
1959443
1963655
1959287
1944987
1939531
1943899
1949355
1950955
1953125
1918181
1885841
1896761
1881641
1880953
1881625
1881625
1877749
1870849
1870687
1874563
1874619
1874829
1861869
1867665
1871541
1871379
1863747
1881457
1883173
1884829
1885949
1882073
1879673
1887305
1886777
1890209
1891521
1890833
1886801
1894589
1881800
1887624
1886424
1877800
1877800
1874740
1875415
1871383
1875595
1877251
1880121
1885945
1886827
1880347
1881931
1886815
1885099
1887269
1887269
1879800
1866840
1865640
1866676
1864726
1872022
1873678
1855968
1844608
1879552
1879608
1879824
1879992
1881708
1881180
1886860
1904185
1903657
1935997
1923208
1926078
1931710
1931542
1931281
1941739
1938869
1933073
1927249
1934545
1934489
1934249
1931835
1964175
1968543
1966143
1955286
1934418
1923561
1926621
1919591
1922651
1922651
1916971
1909315
1912185
1911393
1909737
1911907
1908739
1904989
1904317
1898521
1895161
1903785
1882917
1879677
1879002
1879002
1879058
1879002
1876692
1886016
1888430
1892102
1891886
1887674
1887180
1892812
1894124
1893088
1904128
1903336
1902808
1908488
1908488
1900832
1939904
1960772
1968428
2010428
2008828
2014624
2016280
2017732
2021404
2022853
2020405
2002695
1977054
1965798
1966834
1962802
1959442
1961612
1961402
1965152
1965152
1950852
1950012
1950831
1956463
1960135
1955251
1968040
1967546
1983827
1986887
1990055
1988471
1987631
1980601
1977169
1977169
1977225
1978677
1989135
2003435
2000565
1999445
2012234
2013890
1974818
1982606
1982606
1980296
1979260
1977808
1981480
1984540
1978860
1982100
2002968
1999908
2009232
2002912
2023780
2036740
2035900
2035956
2048916
2043284
2048086
2047398
2054998
2050966
2051022
2049822
2051250
2054610
2056780
2050300
2052880
2050930
2059554
2058126
2057598
2061038
2078363
2081803
2083403
2087771
2083895
2083895
2084687
2073830
2061041
2064209
2058161
2058161
2065949
2072269
2072213
2072707
2070757
2071445
2074505
2088805
2094601
2091433
2080177
2086657
2097697
2110486
2110980
2108040
2142984
2135384
2137554
2126298
2129168
2128674
2119934
2125758
2119934
2120462
2118862
2119078
2122438
2116118
2114669
2107639
2105329
2102269
2096445
2104101
2105137
2092348
2091508
2091292
2104375
2096743
2090695
2096151
2097600
2101992
2098320
2105952
2113020
2111925
2106129
2103819
2103651
2103861
2103186
2088066
2087538
2086443
2089611
2054667
2062299
2060847
2060586
2045466
2034546
2033706
2034636
2025312
2026432
2029872
2035668
2039340
2040028
2042608
2043703
2035079
2042375
2043470
2030681
2030187
2030187
2023119
2030187
2017104
2012302
2009902
2009230
2005558
1998528
1987168
1986048
1986840
1978170
1991130
1989474
1990293
1978933
1979752
1979968
1981063
1955422
1956850
1956589
1940308
1939489
1942549
1939679
1942847
1941191
1938791
1903847
1908731
1908899
1907315
1914784
1911034
1920834
1920162
1881090
1913430
1917180
1915752
1914870
1914870
1929990
1935814
1934365
1935965
1940333
1942283
1943483
1943645
1937965
1938226
1905886
1908826
1928846
1941806
1941131
1945343
1943894
1943054
1946222
1943282
1944731
1940363
1953152
1953840
1952240
1931372
1941172
1938112
1935942
1938252
1931932
1938962
1938290
1930821
1930611
1931493
1930563
1941923
1942184
1927884
1953525
1954725
1953906
1951956
1953556
1960852
1967882
1967882
1967882
1964210
1964210
1964210
1960334
1958885
1953205
1932337
1929467
1920727
1930527
1938315
1927458
1926783
1917459
1909671
1922754
1915154
1922754
1922754
1937054
1942510
1937054
1939994
1934314
1934524
1930156
1926280
1927864
1940653
1943713
1943923
1935183
1938053
1941293
1935469
1933885
1939709
1978781
1979600
1979072
1979282
1985106
1986306
1975050
1978290
1979890
1985346
1985562
1987872
1970162
1962374
1968170
1966742
1968194
1959524
1959580
1959364
1963576
1964612
1957316
1961192
1965224
1970026
1964202
1959834
1958178
1938158
1925075
1931555
1932347
1930691
1930691
1932143
1931303
1927091
1925435
1921223
1931681
1934081
1926449
1926233
1927328
1921696
1924276
1925992
1927420
1929730
1925854
1914997
1912597
1908925
1922008
1905727
1905565
1906993
1904823
1901883
1927524
1931196
1889196
1892636
1891324
1889875
1882243
1871323
1878391
1869067
1879924
1877754
1882122
1882914
1883844
1887516
1894194
1890834
1890042
1869174
1858134
1863018
1873938
1868114
1866514
1867942
1868203
1876873
1880749
1883989
1883989
1875365
1876037
1880249
1877849
1876265
1878713
1877129
1882953
1883883
1871094
1884450
1891518
1887150
1880120
1867160
1878080
1881020
1888676
1888937
1891385
1883753
1872833
1876273
1872523
1871851
1864063
1859179
1884820
1883368
1888824
1888880
1894676
1898888
1898048
1897554
1897338
1892454
1896126
1854126
1812126
1812814
1814014
1806382
1817302
1817246
1825916
1825241
1808960
1804748
1762748
1761164
1761164
1756772
1762404
1765344
1762284
1754988
1747200
1747200
1760160
1745860
1745068
1743484
1737004
1733836
1730776
1730776
1733836
1735285
1733115
1738571
1746227
1745408
1741376
1738506
1699434
1695994
1693824
1693824
1732896
1774896
1770094
1805038
1801978
1809634
1801846
1819556
1818104
1825704
1832382
1829442
1818984
1835265
1838325
1845981
1846509
1846719
1837395
1850478
1860278
1851654
1849998
1849998
1849942
1845058
1845733
1849609
1852549
1848877
1848877
1848877
1848058
1830733
1833673
1831093
1827925
1824865
1835722
1835884
1828284
1826700
1835324
1837634
1833962
1841258
1841258
1854614
1860246
1857832
1855662
1855872
1856664
1855845
1856517
1859877
1859189
1860501
1861621
1861831
1860231
1865911
1830967
1836763
1836075
1834955
1842023
1842711
1835055
1830843
1848168
1868188
1866736
1877656
1886280
1889220
1889058
1885182
1887582
1886382
1892702
1894872
1893288
1888486
1914127
1914967
1909511
1903715
1895091
1888771
1888715
1886315
1878846
1877418
1875969
1887329
1886510
1895134
1903874
1906274
1898978
1890354
1886604
1892924
1891475
1907756
1900124
1911044
1910008
1913068
1929349
1923301
1919941
1919941
1916501
1916501
1922133
1929789
1962129
1965561
1973161
1975741
1984365
2001690
2003860
2004028
2020309
2018653
2031442
2073442
2086525
2086741
2075381
2075642
2082938
2085808
2094432
2093312
2101936
2098768
2087848
2088523
2088523
2087323
2081867
2084315
2099435
2102495
2103615
2099583
2092114
2095174
2084716
2085836
2089586
2100842
2099722
2101174
2088385
2091625
2100949
2097889
2139889
2138173
2142049
2142724
2140414
2136974
2144630
2141570
2138990
2137390
2136896
2131100
2132136
2136528
2129460
2126100
2126772
2138132
2130344
2126672
2128982
2128982
2125106
2136026
2135532
2143001
2143841
2142125
2149025
2156813
2153453
2153192
2114120
2118488
2119940
2124824
2119000
2113368
2113629
2118021
2123477
2117845
2121285
2114805
2113205
2114045
2107725
2107725
2105277
2092488
2093800
2091630
2089680
2088368
2086058
2075018
2071958
2076760
2075665
2062876
2066308
2066983
2053627
2057503
2052701
2058525
2060939
2059739
2059739
2058644
2061092
2068561
2072001
2069421
2084541
2102251
2105311
2098991
2096821
2104421
2101481
2097809
2092129
2066488
2074276
2071216
2071744
2074912
2087872
2088754
2082930
2100640
2092852
2093014
2091562
2065921
2062045
2066257
2059227
2026887
2026212
2024784
2042494
2021626
1982554
1982386
1979806
1975414
1962625
1960455
1964331
1966047
1979007
1969207
1965457
1964008
1958212
1959796
1962666
1959234
1966703
1962491
1965071
1961831
1962359
1949003
1958803
1958965
1966597
1970269
1971985
1972246
1975678
1988467
1987267
1967247
1968559
1972309
1972099
1983019
1993477
1992595
1996471
1995589
1981289
1984159
2023231
2005906
2002466
2002628
1999568
1996628
2011748
2019044
2017949
2016233
2017889
2015019
2015513
2017961
2017793
2019221
2025899
2018430
2015370
2017320
2019036
2018980
2039848
2042248
2045608
2045347
2046796
2061916
2063228
2059988
2099060
2101230
2112087
2112031
2112031
2113126
2129407
2142490
2132032
2128672
2128933
2134757
2134595
2131725
2120868
2120868
2133828
2122971
2122971
2130571
2139241
2138205
2136621
2140371
2146167
2146407
2145588
2147988
2146676
2145248
2138768
2141708
2142638
2143166
2146838
2148438
2151870
2138910
2140860
2136492
2104152
2103942
2096286
2100162
2112951
2099991
2099935
2096263
2061319
2055687
2054651
2065907
2030963
2056604
2056604
2055932
2052764
2044094
2044094
2041154
2034086
2034326
2026694
2027366
2023926
2032596
2032540
2045329
2045329
2047729
2044789
2044261
2045080
2049472
2049262
2049262
2052502
2046706
2057746
2057746
2046706
2059666
2059666
2060506
2021434
2056378
2056378
2058328
2075653
2082721
2094081
2111406
2121206
2126090
2126306
2093966
2100286
2097838
2105494
2104458
2111754
2111754
2109584
2116064
2110268
2105900
2097160
2093720
2096960
2092748
2093423
2099055
2095179
2093523
2084899
2087959
2094439
2089555
2081899
2080779
2101647
2105523
2096199
2095983
2095455
2094525
2097693
2084904
2089788
2095612
2095852
2095852
2092792
2089852
2092266
2085786
2075986
2066186
2062310
2051852
2062310
2053686
2066475
2068131
2079051
2078841
2077241
2066321
2064893
2066843
2066168
2067263
2074331
2071931
2061011
2065813
2060929
2067607
2068489
2072239
2071399
2069743
2072911
2065311
2065095
2074895
2078135
2063835
2056047
2060849
2055053
2050251
2055883
2050059
2045175
2045175
2042115
2055471
2057781
2056989
2058645
2062521
2063970
2064231
2054907
2050539
2048369
2048897
2055965
2056181
2043221
2043431
2046671
2047359
2040291
2040501
2032901
2035961
2042009
2038649
2056359
2066159
2072837
2078633
2086102
2121046
2119951
2115149
2111273
2117097
2122729
2119489
2103208
2105518
2102350
2101662
2101662
2098494
2094102
2097542
2097374
2090344
2092060
2092060
2093509
2093671
2109952
2099032
2099032
2107772
2113596
2113596
2107772
2114450
2113778
2116648
2103565
2095933
2090109
2103069
2103285
2142357
2146107
2142231
2148279
2147079
2137279
2143599
2143599
2144719
2141047
2142631
2141536
2144476
2144215
2145815
2135357
2133757
2135473
2152798
2142998
2154254
2154254
2157694
2159146
2151850
2162707
2168339
2165891
2150771
2144947
2147347
2172988
2174704
2161621
2163049
2155981
2150157
2150418
2151454
2157278
2155850
2168933
2169863
2169188
2174868
2187657
2187447
2200530
2211890
2244230
2241920
2246722
2246722
2256046
2257358
2257148
2264804
2264642
2266812
2272636
2262836
2259966
2271326
2268746
2262950
2262110
2250750
2250750
2256546
2257386
2255730
2216658
2223726
2218270
2205310
2205571
2187861
2191737
2191899
2204688
2179047
2191836
2206136
2205875
2205819
2208879
2203247
2196927
2200359
2203419
2201967
2189178
2187750
2189350
2214991
2210623
2193298
2194334
2195009
2193293
2193503
2172635
2174351
2179153
2177437
2177176
2183854
2187886
2187886
2187094
2195764
2184844
2182444
2183119
2180809
2180593
2177723
2178563
2185593
2182353
2184933
2187243
2187243
2184933
2179253
2181203
2191003
2183707
2190187
2186747
2173664
2199305
2195633
2203102
2209422
2208302
2209614
2200944
2198774
2218794
2222154
2225394
2226430
2218830
2230190
2237790
2244468
2248860
2250172
2250847
2253295
2253295
2252607
2251007
2259677
2261126
2261966
2245685
2246357
2211413
2211413
2200373
2207273
2212905
2218361
2231150
2223494
2223710
2226950
2227638
2185638
2184186
2171397
2172849
2169609
2167209
2150928
2143632
2138176
2132380
2133692
2147048
2147048
2148360
2151420
2153370
2160400
2149144
2148934
2151382
2153098
2152410
2154010
2153749
2151301
2136181
2140057
2157382
2170738
2163082
2160142
2174442
2175870
2175870
2179230
2171598
2170923
2150903
2150111
2149075
2138155
2163796
2161486
2150566
2152166
2158646
2155214
2153044
2166127
2179483
2183233
2187625
2172505
2172505
2175565
2169245
2162345
2146064
2132981
2132981
2129309
2129099
2127443
2138483
2137031
2141833
2137957
2163598
2156129
2144769
2144769
2146485
2147325
2147493
2130168
2129376
2128848
2133650
2139698
2122373
2116917
2108293
2112685
2120341
2112685
2105085
2108961
2100337
2101649
2101649
2109281
2098361
2095961
2097161
2097329
2098004
2097332
2092940
2105729
2104799
2110595
2116391
2090750
2093198
2086130
2086074
2089514
2084058
2063190
2064009
2063079
2058867
2016867
2015985
2014385
2014385
2021453
2024323
2030003
2031953
2037777
2034345
2037785
2034425
2033495
2029823
2032237
2034685
2034424
2023064
2026124
2026124
2030926
2017843
2024521
2017843
2006986
2005674
2004362
1993002
1998634
2005930
2001128
2002058
1995380
1995620
1994036
1996450
1983490
1982038
1974438
1976838
1985508
1994178
2002802
2003474
1987193
1990625
1993793
1993955
1993694
2001482
2001221
2003635
2010703
2004907
1987197
1991073
1991567
1997199
1990719
1982095
1984045
1985995
1989435
1991385
1993555
1990315
1990555
1990555
1993615
2028559
2025689
2032367
2026735
2030167
2029492
2021836
2009047
2016516
2025840
2018240
2024720
2011760
1998677
2001077
2002793
1994169
1991589
1990917
1992229
2005189
1997720
1995770
2009126
2009387
2002709
1999469
2007069
2001613
2004853
2001793
2008693
2008909
2005849
2008263
2008101
2011461
2015337
2019729
2011105
2010865
1997509
2005109
2004014
1996226
1978516
1971220
1967344
1964284
1971314
1971314
1957958
1961708
1962803
1961354
1968384
1981344
1981554
1972230
1972230
1979699
1992782
2010107
2015563
2009515
2012455
2015695
2015695
2008039
2007199
2009369
2010041
2010302
2010464
2014676
2014676
2013836
2010896
2013310
2005654
2005654
2001904
2004964
2009176
2009176
2012236
2015476
2002687
2005627
2014297
2019929
2016179
2011787
2010667
2015059
2007403
1999615
1995739
1994139
1983681
1980241
1976809
1974409
1967341
1963909
1957429
1951797
1926156
1913367
1913205
1898085
1896636
1894236
1889844
1878484
1871188
1865364
1865364
1863648
1862766
1855698
1842738
1840290
1836540
1834590
1831150
1829838
1826088
1823640
1814970
1813658
1812209
1812041
1812041
1806409
1804099
1798275
1798059
1793257
1788373
1785925
1785925
1779247
1778407
1777879
1774129
1767451
1765735
1765735
1762675
1751419
1736299
1732087
1729147
1687147
1669822
1655522
1653572
1650404
1648688
1635899
1635899
1627275
1623399
1637699
1639649
1642817
1644533
1648409
1658209
1666833
1679622
1679382
1671913
1658953
1658791
1619719
1619191
1616881
1616665
1616665
1615237
1609413
1577073
1572189
1572189
1566557
1563389
1557593
1551961
1540921
1539321
1521611
1520162
1518850
1516450
1514036
1512584
1512056
1505378
1488053
1484621
1478301
1474425
1470985
1467545
1466873
1466033
1462793
1458917
1453237
1451287
1448417
1445547
1442107
1435039
1433727
1394655
1387587
1376227
1372351
1366527
1363657
1328713
1322889
1320939
1317063
1315347
1315179
1289538
1281938
1281008
1273539
1267491
1266997
1266997
1252697
1251248
1248080
1244648
1237352
1234112
1230236
1210216
1209955
1209280
1201648
1183938
1167657
1167495
1166807
1164857
1153497
1147177
1121536
1111736
1108796
1108796
1105736
1099058
1095698
1082615
1079555
1079061
1066272
1063858
1058226
1052594
1048562
1035206
1028726
1022902
1013102
1003302
994678
994678
981595
979645
973849
973849
966553
965101
961741
959341
957625
956806
954856
929215
914915
913487
912812
904142
899340
898220
896564
894394
886925
885325
881575
880900
875444
875234
873518
860558
834917
831977
831302
828242
821174
821174
821174
820913
812243
799283
792215
791396
790084
789868
784412
767087
766415
766415
759385
752355
751683
751683
744214
733294
732454
731779
731539
718750
705961
705799
699975
688719
687683
682003
680419
676987
673747
648106
647011
643951
631162
627412
622610
620162
618446
609776
601106
598166
596854
594544
592096
581239
581239
581029
581029
579079
578818
576404
566604
566364
563196
563196
562266
560954
560114
552645
543905
543217
541501
536699
528029
518705
511637
505589
492506
489926
489926
489665
489455
476099
469421
467705
461225
454905
445581
438903
438903
425547
422187
421151
415519
411127
378787
371131
369819
366379
366169
362729
349646
346478
344878
337978
331078
329878
327708
325538
324443
321203
318755
316805
303845
300605
299569
296509
288909
288741
285681
283281
283119
279879
275487
274059
274059
273843
270783
265151
251795
244765
239963
235571
235571
229939
225137
223187
215399
209603
205727
199247
186458
183398
176720
175408
172168
169754
167340
164926
164710
162296
162296
127352
110027
109787
101117
96905
92513
89453
85577
85577
77977
74101
67071
62859
62859
57063
56223
56223
54273
50397
36097
23308
13508
11792
8624
0
