8.481
45.75
83.019
93.548
128.856
170.856
133.587
125.106
162.375
170.856
135.548
93.548
56.279
45.75
81.058
123.058
160.327
170.856
172.933
188.856
198.817
268.971
233.663
225.183
214.654
177.385
140.115
98.115
135.385
177.385
187.913
223.221
260.49
268.971
277.913
351.298
384.375
630.923
739.154
699.107
708.884
674.277
635.277
625.5
592.714
631.714
641.491
674.277
708.884
674.277
666.402
701.009
708.884
674.277
664.5
631.714
592.714
627.321
666.321
699.107
708.884
738.884
825.3
825.767
845.017
812.717
776.317
745.717
736.592
745.717
778.017
814.417
845.017
837.667
805.367
768.967
738.367
729.242
696.942
710.742
924.417
971.75
979.5
1051.367
1081.967
1092.9
1124.15
1474.15
1492.233
1430.469
1435.719
1512.281
1491.882
1512.985
1555.809
1561.831
1481.188
1525.076
1542.076
1655.139
1704.222
1705.347
1661.458
1644.458
1531.396
1482.313
1481.188
1561.831
1492.063
1535.951
1542.076
1591.16
1592.285
1615.592
1569.092
1543.201
1542.076
1498.188
1492.063
1561.831
1568.316
1498.188
1542.076
1591.16
1592.285
1705.347
1637.292
1631.604
1722.64
1701.537
1658.713
1590.154
1595.096
1667.154
1615.184
1597.184
1603.206
1596.721
1595.529
1475.816
1496.919
1541.102
1586.602
1561.831
1681.544
1682.735
1734.706
1644.458
1688.347
1705.347
1699.222
1682.222
1734.706
1682.735
1681.544
1561.831
1579.831
1586.316
1632.787
1684.757
1685.949
1705.347
1776.015
1760.059
1451.235
1398.611
1413.681
1615.592
1665.803
1722.539
1796.669
1811.106
1795.806
1790.294
1789.281
1745.106
1795.375
1688.263
1694.066
1719.566
1713.763
1688.263
1609.363
1633.588
1597.188
1535.938
1531.738
1526.619
1545.625
1526.743
1532.132
1570.447
1574.868
1639.342
1615.65
1633.588
1609.363
1688.263
1694.066
1719.566
1736.539
1738.257
1775.625
1782.829
1777.026
1751.526
1757.329
1782.829
1782.461
1767.263
1752.382
1729.049
1729.438
1745.479
1858.542
1881.875
1854.958
1848.833
1788.944
1610.882
1557.882
1632.537
1821.074
1838.059
1894.176
1848.833
1820.833
1619.118
1703.359
1734.859
1941.632
1957.588
2013.706
2021.757
2046.463
2025.36
2079.102
2002.539
1997.289
1951.789
1945.391
1951.789
1879.801
1951.86
1908.174
1928.104
1932.771
1985.549
2038.549
2045.743
1942.599
1956.875
1966.27
2080.25
2104.408
2188.546
2193.072
2090.419
2095.669
2100.619
2146.219
2229.694
2236.694
2272.919
2279.919
2288.119
2342.744
2386.681
2410.119
2362.351
2376.923
2385.548
2395.071
2410.429
2419.054
2457.625
2467.054
2398.415
2472.051
2540.332
2597.168
2608.962
2622.005
2319.466
2364.293
2366.668
2400.649
2463.548
2466.793
2473.774
2524.053
2585.538
2589.577
2519.963
2525.519
2529.407
2557.407
2301.667
2240.968
2293.226
2090.882
2113.118
2141.75
2142.346
2145.257
2099.007
2107.579
2138.379
2160.95
2105.882
2131.816
2132.01
2134.927
2146.177
2191.604
2193.993
2223.938
2228.979
2255.479
2258.229
2297.313
2335.229
2350.479
2375.021
2411.333
2405.993
2406.541
2413.872
2354.296
2357.197
2365.684
3068.414
3065.448
3025.259
3012.888
3009.991
2984.888
2981.358
3044.085
3047.085
3059.897
3063.554
3089.554
3023.207
2739.781
2990.448
2992.578
2997.297
3027.599
3037.556
3038.28
2753.441
2754.074
2756.137
3035.099
3037.996
3085.065
3125.254
2832.262
2837.387
2594.182
2603.396
2397.865
3137.203
3082.078
3110.009
3099.457
3094.737
3111.444
3142.892
3145.858
3164.013
3062.221
2972.754
2974.883
2975.851
2912.762
2915.855
2665.925
2455.457
2275.79
2289.18
2296.54
2309.857
2312.692
2330.009
2917.648
2920.742
3002.258
2997.883
2957.031
2856.871
2827.059
2793.371
2784.348
2814.16
2847.848
2856.871
2611.996
2856.871
2846.793
2846.793
2804.137
2801.512
2801.512
2796.387
2759.965
2523.396
2562.396
2360.102
2362.313
2387.497
2391.813
2216.802
2224.668
2236.485
2239.899
2240.07
2311.735
2933.117
2962.617
2949.89
2978.799
2896.438
2818.782
2821.193
2845.043
2850.229
2862.514
2937.043
2960.893
3035.421
3022.307
3059.688
3045.688
2899.854
2892.319
2899.854
2676.788
2485.589
2494.696
2501.839
2508.298
2534.31
2538.622
2957.17
2996.253
2996.253
2969.67
2931.753
2931.753
2929.42
2929.42
2924.865
2915.906
2920.462
2879.909
2882.179
2919.071
2944.936
2898.109
2935.798
2944.067
2985.606
3000.997
3025.458
3028.083
3035.038
3057.692
2839.286
2855.524
2857.881
2890.381
2900.024
2706.689
2708.6
2709.325
2721.458
3136.635
2912.589
3113.981
3109.337
2887.241
3088.567
3080.298
3075.654
3034.115
3029.038
3004.5
2933.916
2954.166
2978.091
2986.153
3026.653
3031.603
3026.603
3028.753
3028.247
3031.484
3040.672
3011.534
2801.427
3009.059
3012.297
3052.263
2839.314
2852.081
2854.523
3059.644
3057.544
3057.544
3054.984
3036.784
3007.647
2797.811
2615.345
2617.171
2619.397
2627.196
2643.022
2712.698
3119.078
3115.841
3131.103
2912.654
3107.253
3103.153
3070.721
3035.721
3027.452
2991.042
3039.082
3118.949
3093.084
3093.632
3095.902
3045.102
3081.023
2855.582
2859.582
2867.448
2671.94
2501.391
3151.659
3173.551
3176.318
3150.007
3164.764
2927.406
2723.169
2732.587
2737.192
2754.122
3196.953
3184.284
2945.463
3140.084
3137.804
2902.469
2921.369
3137.804
3166.939
3210.723
3210.176
3190.986
3190.986
3201.324
3201.892
3261.723
3256.818
3269.223
3275.02
3277.301
3280.139
3299.166
3310.787
3305.963
3297.247
3260.355
3260.355
3228.855
3228.855
3224.422
3222.152
3222.152
3226.584
2984.591
2776.363
2595.296
2436.401
2295.839
2170.611
2176.475
2063.899
1962.395
1870.408
1870.818
3206.483
3203.645
2963.372
2963.878
3014.756
2804.424
2621.527
2669.652
3304.189
3305.858
3304.074
3280.324
3266.095
3311.216
3316.811
3273.605
3280.936
3260.503
3253.172
3241.551
3239.226
3236.551
3234.226
3247.321
3235.97
2993.272
3225.024
3195.497
3169.186
3183.416
3179.361
3159.78
2922.797
3159.78
3154.885
3167.554
3167.554
3167.554
3167.554
3167.554
3163.122
3154.405
3154.405
3154.405
3108.763
3110.974
3146.895
3172.079
3120.628
3124.833
2901.631
2909.31
3112.333
3108.744
3142.263
3099.455
3063.378
3079.032
3101.686
3077.224
3101.163
2997.51
3054.272
3018.196
3015.503
3008.548
2985.894
3001.548
2934.663
2867.779
2867.958
2801.074
2799.49
2802.115
2802.788
2602.589
2612.232
2779.654
2744.654
2743.071
2724.865
2710.865
2696.865
2694.702
2694.702
2700.952
2700.952
2673.311
2665.907
2641.446
2723.628
2748.09
2775.731
2577.464
2754.327
2772.532
2775.224
2775.224
2753.821
2735.154
2725.955
2723.33
2723.33
2723.33
2721.176
2686.176
2649.766
2649.766
2625.228
2621.022
2687.786
2679.299
2648.628
2652.944
2458.826
2492.119
2322.202
2173.976
2043.538
2045.218
2051.668
2054.948
2702.141
2715.997
2673.365
2670.602
2670.602
2691.918
2648.882
2650.618
2662.954
2662.421
2660.158
2660.158
2601.901
2606.599
2629.724
2633.132
2646.987
2671.556
2684.306
2686.569
2658.201
2652.99
2644.503
2623.188
2580.556
2555.372
2619.541
2641.432
2650.149
2693.932
2698.828
2704.179
2730.044
2715.206
2707.402
2731.28
2776.402
2750.537
2781.941
2781.941
2776.983
2799.483
2796.566
2785.941
2797.191
2783.733
2569.599
2776.198
2562.644
2573.413
2677.067
2900.156
2879.156
2878.573
2863.948
2873.913
2868.413
2868.413
2868.413
2868.413
2860.878
2868.413
2647.766
2458.64
2866.08
2828.163
2819.205
2819.205
2814.649
2814.649
2814.649
2814.649
2854.094
2892.01
2669.548
2673.753
2682.022
2490.449
2492.449
2326.286
2907.858
2904.941
2891.483
2867.073
2875.094
2864.885
2856.865
2856.865
2853.635
2848.594
2810.677
2784.177
2781.427
2779.038
2739.955
2710.01
2698.76
2698.198
2690.663
2686.497
2760.104
2722.754
2659.504
2650.289
2627.146
2623.996
2603.196
2603.196
2649.921
2604.246
2618.089
2620.489
2620.489
2470.489
2275.451
2279.766
2464.246
2465.179
2539.707
2545.421
2519.364
2565.039
2570.214
2512.068
2473.068
2473.068
2473.068
2504.04
2504.04
2499.217
2496.746
2487.261
2502.085
2518.232
2518.232
2524.114
2523.232
2524.004
2458.893
2472.68
2467.342
2449.386
2449.592
2452.504
2454.445
2325.974
2318.805
2365.824
2362.912
2171.324
2127.447
2308.868
2302.954
2294.332
2290.632
2297.596
2260.816
2241.094
2240.899
2264.087
2175.056
2175.056
2175.056
2214.139
2043.821
2048.397
2216.708
2243.292
2243.292
2070.731
2093.385
2255.083
2081.615
2232.583
2219.563
2239.688
2245.438
2220.896
2220.896
2254.924
2400.757
2413.778
2426.799
2451.34
2461.306
2466.337
2538.795
2558.517
2361.708
2377.099
2341.422
2507.389
2482.155
2465.655
2478.75
2475.912
2454.02
2454.73
2443.784
2383.953
2421.98
2421.98
2411.034
2402.926
2400.645
2355.524
2353.199
2358.605
2355.838
2360.743
2360.932
2384.811
2385.358
2440.361
2443.341
2464.693
2472.963
2458.125
2457.936
2455.26
2493.639
2530.53
2527.03
2510.53
2491.503
2497.301
2442.297
2442.108
2434.304
2422.953
2423.142
2430.946
2442.297
2259.125
2259.631
2259.806
2269.931
2273.681
2455.764
2484.899
2488.682
2491.824
2504.493
2508.926
2517.081
2462.078
2461.53
2437.652
2416.301
2408.03
2405.051
2224.672
2275.55
2276.056
2298.144
2305.794
2325.544
2328.781
2391.104
2579.184
2574.868
2573.013
2606.532
2420.351
2593.032
2590.34
2405.315
2556.821
2543.321
2547.965
2365.967
2543.76
2502.769
2514.538
2493.769
2489.125
2447.587
2442.51
2417.971
2409.702
2327.519
2303.058
2303.058
2275.417
2303.058
2327.519
2334.923
2417.106
2423.356
2447.295
2436.269
2436.269
2436.269
2442.519
2449.923
2463.923
2449.923
2450.442
2445.314
2432.891
2432.891
2432.372
2412.115
2404.269
2381.615
2329.433
2332.26
2384.442
2404.699
2405.218
2427.872
2435.718
2457.122
2471.122
2457.045
2445.026
2487.833
2591.487
2590.968
2596.096
2618.212
2609.013
2609.532
2610.369
2586.847
2604.597
2605.272
2634.409
2450.613
2460.032
2644.534
2639.172
2640.822
2456.578
2634.041
2636.6
2655.5
2682.594
2676.5
2673.744
2622.866
2615.216
2593.128
2592.622
2572.872
2592.622
2643.5
2651.15
2466.186
2486.733
2487.203
2672.2
2670.55
2682.663
2683.188
2683.188
2687.65
2677.525
2731.666
2731.491
2724.272
2775.15
2784.119
2783.463
2789.556
2776.956
2784.175
2839.519
2862.859
2862.859
2851.141
2848.581
2826.494
2806.744
2784.656
2777.006
2776.5
2725.622
2725.622
2747.709
2750.466
2801.344
2821.094
2828.744
2829.25
2829.25
2858.987
2858.987
2852.032
2852.032
2904.215
2922.266
2713.533
2838.533
2844.991
2848.896
2850.467
2660.436
3028.744
3028.744
2961.859
2961.859
2750.298
2960.167
2939.91
2887.728
2865.074
2862.247
2861.728
2853.881
2817.804
2796.401
2806.208
2772.689
2791.356
2792.939
2787.811
2801.888
2807.016
2783.631
2782.939
2777.631
2774.311
2576.146
2581.074
2619.137
2809.84
2817.686
2805.917
2825.301
2833.571
2797.906
2863.119
2663.366
2677.564
2681.715
2684.971
2685.581
2883.5
2904.369
2701.738
2904.369
2984.497
2987.403
2958.137
2998.024
3009.841
3034.429
2832.133
2852.4
3053.06
3069.964
3075.071
2870.067
3068.196
3068.196
3087.006
3097.006
3097.006
2890.539
2948.506
3154.801
3134.265
3129.503
3033.253
2831.036
3000.753
3006.557
3029.271
3041.807
3041.807
2839.019
3029.807
3025.045
3068.276
3057.009
3052.02
3063.741
3061.439
3082.648
2881.606
2705.181
2727.181
3090.869
3092.869
3060.148
3049.247
3049.084
3070.294
2870.057
3066.142
3043.887
3005.855
2989.343
2950.517
2949.89
2949.131
2948.66
2948.66
2939.241
2981.473
2981.955
2783.158
2609.211
2617.648
2463.669
2326.799
2327.403
2204.908
2970.146
2986.384
2982.063
2993.598
2987.795
2987.295
2965.065
2963.494
2964.964
2964.964
2964.339
2998.149
2988.506
2982.702
2974.161
2962.625
2958.313
2954.408
2943.247
2937.443
3062.443
3065.527
3067.098
3106.036
3105.259
2898.242
2717.102
3102.491
2895.658
2897.031
2921.114
2940.281
3127.586
3101.92
3095.045
3018.732
3095.045
3120.711
3127.586
3149.301
3171.015
3173.063
3195.777
3166.61
3172.414
3169.976
3146.798
2937.011
3135.637
3207.762
3200.402
2982.193
2989.523
2798.702
2815.511
2818.266
2828.032
2828.181
2846.979
2848.809
3204.671
3221.305
3216.427
3245.959
3245.453
3240.278
3240.278
3226.553
3226.378
3199.428
2976.212
2782.111
3068.178
3044.428
3026.678
3019.028
3005.378
3005.378
3004.722
3004.722
3003.072
2967.572
2967.572
2845.472
2805.506
2858.058
2858.058
2858.058
2860.885
2873.308
2895.365
2788.984
2788.984
2788.293
2744.359
2742.095
2742.095
2734.957
2596.799
2406.79
2413.405
2248.855
2673.767
2651.206
2612.828
2625.25
2689.329
2663.271
2658.986
2628.021
2564.771
2518.046
2518.046
2504.204
2518.046
2531.161
2546.761
2550.671
2550.671
2544.543
2544.743
2616.243
2616.243
2616.243
2616.243
2616.243
2604.671
2604.671
2604.093
2603.161
2603.739
2604.511
2605.443
2720.943
2506.132
2524.816
2340.073
2349.951
2752.8
2749.1
2733.5
2730.35
2716.507
2719.657
2733.5
2583.5
2562.7
2633.25
2624.757
2608.699
2604.673
2590.423
2576.923
2580.949
2594.449
2608.699
2624.757
2604.051
2659.023
2646.295
2707.68
2704.047
2698.469
2685.031
2641.063
2611.25
2511.09
2506.813
2536.625
2550.063
2515.424
2518.947
2523.095
2528.504
2625.629
2621.481
2607.572
2592.89
2576.345
2592.89
2606.799
2610.947
2578.106
2592.788
2576.833
2569.447
2566.841
2551.568
2536.886
2612.719
2616.164
2551.568
2522.659
2520.788
2518.182
2518.182
2517.97
2491.197
2481.424
2481.424
2457.485
2443.576
2439.652
2453.561
2480.333
2480.545
2603.045
2605.652
2629.591
2633.515
2699.14
2708.913
2704.765
2690.856
2676.174
2659.629
2674.311
2690.856
2704.765
2708.913
2702.64
2580.14
2565.458
2565.458
2545.469
2489.609
2438.504
2513.415
2566.796
2597.196
2613.346
2617.221
2664.554
2771.392
2812.395
2865.149
2831.473
2831.473
2805.387
2784.074
2784.074
2754.262
2745.785
2727.027
2705.715
2655.09
2737.435
2799.233
2799.233
2797.175
2781.025
2776.463
2761.163
2742.963
2747.525
2676.508
2691.315
2706.944
2704.952
2704.952
2701.395
2775.292
2839.543
2802.371
2769.474
2858.071
2743.603
2753.915
2792.415
2906.884
2839.543
2820.716
2815.996
2799.289
2882.871
2899.263
2918.763
2923.652
2940.955
2908.384
2908.384
2815.223
2764.973
2753.455
2731.652
2726.652
2633.491
2724.417
2696.417
2696.417
2776.625
2799.236
2851.347
2842.674
2849.049
2876.049
2781.703
2792.823
2806.478
2753.763
2769.913
2518.102
2524.602
2557.269
2344.163
2350.934
2802.921
2786.771
2782.208
2766.908
2765.821
2765.146
2765.146
2764.246
2629.496
2615.996
2592.329
2592.329
2593.004
2606.504
2662.154
2663.242
2421.129
2421.947
2220.118
2239.84
2679.683
2679.683
2643.75
2480.95
2484.625
2515.025
2546.146
2546.146
2546.146
2515.746
2515.746
2515.746
2499.596
2497.396
2497.22
2586.156
2675.531
2675.781
2644.978
2635.29
2635.29
2635.29
2644.978
2571.151
2752.185
2741.065
2666.388
2639.147
2608.681
2469.284
2453.457
2453.216
2450.25
2445.784
2435.828
2421.345
2421.345
2421.103
2421.345
2354.633
2422.471
2432.096
2408.429
2352.779
2352.779
2351.692
2350.792
2350.117
2336.617
2336.617
2337.517
2361.183
2338.871
2351.935
2352.589
2405.398
2441.82
2442.84
2428.496
2424.863
2402.676
2368.988
2354.34
2254.18
2247.711
2242.586
2246.219
2279.906
2294.555
2394.715
2416.902
2423.371
2437.715
2442.84
2342.68
2333.656
2374.161
2343.387
2352.702
2383.476
2486.867
2521.641
2491.524
2487.347
2481.589
2465.96
2448.976
2420.629
2437.613
2453.242
2481.589
2485.766
2515.883
2521.641
2506.012
2453.258
2475.45
2421.414
2389.966
2424.607
2310.138
2305.987
2369.826
2402.397
2546.772
2564.076
2315.94
2319.69
2372.444
2163.11
2172.11
2219.129
2242.952
2248.835
2257.327
2262.151
2285.386
2774.862
2685.487
2774.862
2775.112
2587.612
2577.924
2654.736
2577.924
2587.612
2337.198
2565.808
2488.464
2483.464
2477.089
2383.929
2444.222
2525.827
2471.712
2476.778
2488.722
2540.833
2546.019
2461.464
2538.808
2565.808
2587.612
2573.147
2547.79
2488.165
2343.79
2342.826
2342.103
2385.681
2476.183
2534.194
2534.944
2535.944
2537.153
2552.153
2296.938
2088.125
2109.64
2567.338
2532.759
2526.148
2496.889
2496.63
2456.704
2456.963
2468.074
2221.267
2252.388
2288.321
2314.654
2321.254
2348.254
2351.929
2368.079
2368.979
2373.979
2376.792
2309.855
2310.532
2317.452
2335.161
2337.153
2267.563
2498.336
2481.629
2248.977
2264.117
2461.164
2428.267
2418.31
2390.21
2504.679
2538.75
2549.063
2587.563
2570.259
2570.259
2587.563
2502.138
2415.845
2415.603
2415.845
2502.138
2488.172
2463.69
2462.759
2462.759
2323.362
2323.362
2405.616
2404.451
2171.762
2172.815
2173.468
1981.691
1993.603
2014.485
2015.279
1851.878
2414.554
2356.147
2351.996
2207.621
2207.621
2190.317
2126.478
2126.478
2084.599
2140.991
2202.629
2206.638
2267.833
2298.069
2095.298
2109.548
2298.069
2370.996
2387.146
2390.821
2173.473
2240.557
2249.701
2062.226
2107.226
1945.131
1806.193
1685.781
1706.981
2529.35
2525.675
2495.275
2525.675
2447.758
2477.875
2462.246
2458.69
2458.69
2442.431
2433.681
2429.266
2418.863
2395.96
2394.907
2405.31
2409.726
2432.629
2433.681
2447.23
2523.379
2524.199
2528.246
2498.434
2489.41
2389.25
2431.548
2418.484
2418.484
2395.581
2394.528
2393.657
2393.657
2393.657
2393.004
2430.601
2453.504
2454.556
2467.621
2521.476
2522.347
2523
2300.382
2503.306
2497.548
2452.161
2382.302
2377.786
2293.641
2359.346
2334.146
2338.813
2349.563
2369.913
2456.863
2401.996
2471.855
2517.242
2444.156
2365.953
2365.734
2309.875
2309.875
2281.375
2155.047
2151.414
2051.254
2036.113
1985.008
2000.148
2051.254
2095.629
2124.129
2127.762
1945.382
1791.799
1660.692
1663.381
1670.845
1679.518
1700.554
1701.036
1719.845
2188.894
2176.621
2155.106
2154.117
2118.799
2117.981
2117.367
2066.777
2067.39
2068.379
2069.197
2104.515
2116.788
2167.379
2124.515
2243.412
2248.739
2254.563
2278.386
2093.652
1936.628
1944.691
2328.292
2328.292
2319.148
2319.148
2319.148
2319.148
2270.057
2270.057
2202.973
2281.827
2346.938
2364.592
2172.868
2009.903
2017.447
2041.297
1898.881
1936.555
2425.938
2416.938
2390.952
2387.71
2327.853
2327.257
2336.257
2359.493
2362.735
2388.721
2389.316
2379.196
2448.967
2436.614
2428.121
2368.265
2380.618
2380.824
2389.316
2449.173
2461.72
2461.106
2434.333
2430.992
2407.053
2397.78
2424.553
2425.167
2434.439
2437.78
2461.72
2523.39
2523.39
2523.39
2523.39
2520.39
2310.358
2313.108
2336.295
2397.788
2615.769
2601.087
2563.966
2551.966
2624.098
2617.395
2667.052
2667.052
2718.621
2731.395
2738.315
2777.831
2793.46
2713.781
2747.469
2803.328
2793.766
2769.078
2705.48
2677.871
2674.426
2673.793
2677.238
2686.801
2711.488
2739.098
2802.695
2803.328
2753.371
2747.121
2738.098
2728.535
2703.223
2678.535
2673.41
2682.973
2732.93
2758.242
2764.492
2789.18
2798.203
2803.328
2790.203
2722.661
2721.815
2717.637
2716.984
2707.113
2678.613
2675.056
2649.573
2583.923
2649.573
2594.383
2597.828
2607.391
2608.023
2632.711
2623.148
2598.461
2595.016
2650.226
2649.573
2583.923
2546.327
2545.274
2544.403
2543.75
2413.347
2400.282
2424.642
2400.975
2402.063
2402.738
2184.307
2002.281
1848.26
1716.241
1601.825
1501.711
2454.142
2421.948
2418.147
2450.341
2372.338
2402.738
2462.321
2534.508
2492.266
2504.605
2511.056
2516.347
2567.915
2590.625
2592.754
2592.754
2586.911
2560.782
2554.395
2554.395
2543.992
2549.835
2575.964
2628.222
2638.625
2645.012
2675.883
2651.496
2631.802
2561.944
2551.54
2589.692
2672.836
2582.888
2578.06
2627.026
2652.009
2655.629
2655.629
2599.237
2550.272
2550.272
2518.823
2518.823
2514.815
2498.108
2502.116
2641.513
2607.975
2714.813
2745.213
2714.319
2729.948
2689.012
2684.965
2657.504
2651.926
2635.473
2704.859
2674.742
2703.089
2707.266
2724.25
2483.875
2511.335
2525.585
2750.633
2593.085
2593.085
2593.085
2592.431
2521.02
2519.968
2519.968
2519.968
2519.968
2510.234
2479.46
2427.202
2427.202
2427.202
2427.202
2427.202
2213.037
2260.684
2077.385
1921.581
1787.517
1670.94
1691.679
1588.107
1496.486
1512.538
1528.115
1544.168
1571.476
1592.207
1638.439
1651.722
1563.237
2729.477
2699.57
2689.492
2638.867
2613.555
2607.895
2633.207
2559.413
2569.186
2618.277
2623.765
2652.765
2604.322
2592.731
2527.106
2472.939
2466.879
2445.545
2440.576
2438.576
2401.455
2201.333
2235.361
2240.917
2068.538
2078.346
2082.551
2084.244
1935.369
1952.131
2457.758
2457.758
2446.886
2425.371
2407.182
2328.136
2322.648
2328.136
2354.909
2373.098
2175.34
2185.306
2257.764
2277.486
2481.008
2383.883
2340.852
2218.352
2168.795
2141.159
2086.992
2072.311
2105.629
1934.902
1979.101
1982.243
2006.892
2019.986
1868.488
1738.128
1769.872
1871.453
1875.267
1902.372
1909.872
1942.895
1944.849
1967.105
2478.324
2454.5
2449.173
2401.526
2373.379
2439.299
2429.527
2426.981
2422.011
2393.011
2349.981
2217.617
2182.299
2140.936
2143.481
2172.481
2182.254
2187.223
2228.587
2360.951
2396.269
2439.299
2480.424
2483.765
2498.447
2498.447
2498.447
2498.447
2449.356
2449.356
2449.356
2449.356
2420.447
2420.447
2492.904
2571.679
2580.3
2607.557
2653.843
2711.989
2686.309
2747.802
2764.476
2753.851
2753.851
2748.295
2746.462
2741.906
2741.906
2741.906
2707.878
2688.323
2698.948
2704.503
2496.465
2514.516
2334.908
2336.479
2180.714
2044.419
2047.836
2721.49
2600.156
2567.781
2541.198
2501.753
2463.837
2461.503
2456.948
2496.392
2534.309
2566.684
2571.24
2580.198
2582.531
2383.875
2408.413
2595.656
2592.594
2595.656
2609.115
2583.181
2557.847
2627.779
2630.929
2656.986
2683.661
2675.411
2675.211
2663.211
2605.064
2577.721
2537.15
2537.15
2534.75
2525.536
2520.85
2487.55
2448.55
2487.55
2496.764
2537.336
2564.679
2362.204
2364.414
2191.409
2195.409
2566.05
2557.8
2512.125
2562.188
2557.364
2534.129
2601.648
2606.617
2615.367
2639.307
2608.699
2632.522
2638.404
2647.404
2644.162
2629.912
2633.154
2647.404
2607.257
2602.434
2599.963
2590.478
2548.713
2520.566
2520.566
2520.566
2481.85
2534.243
2538.799
2547.757
2585.674
2541.655
2543.926
2582.304
2579.324
2566.23
2373.763
2385.875
2574.892
2566.176
2563.905
2527.014
2488.635
2525.389
2472.743
2517.324
2313.216
2139.725
2143.825
1994.256
1864.196
1750.061
1649.096
1559.145
1478.5
1506.696
1507.045
1508.752
1512.166
1540.95
1465.166
1488.232
2670.063
2655.813
2690.092
2715.938
2724.813
2727.724
2738.974
2714.423
2672.658
2697.21
2738.974
2752.474
2764.827
2540.652
2543.49
2580.787
2580.976
2581.858
2713.858
2726.786
2731.553
2756.658
2758.921
2995.4
2995.4
2995.4
2992.079
2978.236
2931.511
2839.936
2813.879
2839.936
2843.257
2857.1
2948.675
2999.746
3046.471
3161.971
2912.342
3161.971
3161.971
3161.971
3161.971
3161.971
3161.971
3161.971
3157.286
3159.686
3164.371
3197.806
3149.757
3158.473
3184.338
3221.23
3167.132
3167.316
2935.561
2735.409
2560.809
2407.16
2409.75
2427.325
2436.7
2439.438
2301.356
2305.092
2329.757
2204.949
2205.31
2093.176
2095.549
3253.615
3253.615
3249.299
3249.299
3230.773
3229.036
3229.036
3218.97
3213.707
3162.715
3203.705
3168.3
3172.4
3190
3191.65
3201.213
3206.213
2982.523
3258.538
3254.333
3246.064
3221.526
3219.372
3189.145
3151.776
3200.068
2960.063
2968.125
2761.047
2763
2582.804
2424.673
2284.788
2287.942
2343.83
2362.198
2366.104
2366.613
2376.972
2378.217
2375.171
2380.838
2382.4
2395.03
3234.013
3209.551
3204.974
3193.949
3190.439
3187.458
3234.313
2997.655
3008.143
2803.043
2806.153
2627.037
2469.415
2471.74
2471.88
2478.33
2490.54
2490.945
2510.025
2546.456
2551.775
2553.716
2540.952
2557.538
2588.692
2592.817
2617.957
3362.459
3364.109
3371.653
3436.866
3365.332
3135.878
3138.989
3368.5
3368.5
3345.729
3326.46
3300.168
3292.851
3315.095
3322.412
3345.183
3364.451
3390.744
3314.262
3314.429
3312.429
3312.429
3308.524
3308.524
3300.845
3300.845
3300.845
3300.845
3360.429
3383.214
3401.214
3439.786
3437.738
3450.738
3446.426
3377.997
3346.436
3377.997
3396.834
3175.302
3274.741
3260.782
3147.201
3105.631
3098.613
3149.676
3111.104
3062.649
3009.94
3017.125
2815.983
2837.183
2873.183
2693.609
2535.162
2394.319
2405.435
2278.833
3081.774
2876.322
2888.456
2899.222
2903.622
3099.488
3056.929
3047.5
3009.438
2980.271
2975.164
2969.36
2943.693
2969.36
2974.467
3012.53
3018.333
3027.762
3056.929
3068.464
3038.674
3019.262
3000.424
3019.262
3038.674
3055.605
3033.419
3049.279
3042.262
3079.439
3040.613
3142.195
3160.567
3164.779
3167.221
2960.663
2968.462
3175.564
3178.006
3177.535
3209.279
3222.047
3213.151
3003.598
3027.158
3235.343
3265.744
3261.14
3260.381
3244.52
3291.849
3312.285
3311.814
3321.791
3335.988
3332.733
3361.221
3142.011
3145.576
3332.942
3332.942
3332.314
3301.913
3302.541
3306.355
3315.25
3336.962
3359.148
3371.916
3378.892
3376.451
3362.253
3366.474
3377.741
3367.974
3364.791
3380.651
3391.919
3398.634
3375.994
3357.157
3354.855
3353.32
3372.157
3351.721
3344.703
3344.703
3339.715
3339.715
3323.855
3328.067
3332.718
3295.044
3292.741
3218.203
3187.802
3194.517
3241.846
3234.346
3173.683
3136.506
3109.401
3113.622
3120.599
3087.878
3078.983
3077.448
3072.797
3072.797
3044.308
3007.131
2965.561
2961.747
2945.375
2986.945
3015.433
3020.084
3023.898
3025.433
2828.122
2836.438
2871.19
2886.495
2895.842
2906.033
2908.258
3073.128
2979.116
2979.116
2904.578
2893.311
2872.102
2830.532
2827.828
2865.86
2868.564
2910.134
3004.145
3037.169
3048.436
3069.645
2869.451
2693.77
2738.949
3120.965
3007.384
2994.616
2996.578
3015.416
3035.962
3034.427
3050.799
3050.799
2992.602
3003.503
3001.061
3005.875
3005.875
3028.061
3027.898
3020.782
3020.782
3037.712
3041.863
3021.427
3015.119
3015.119
2993.407
2972.198
2969.634
2775.962
2795.788
2816.084
2817.954
2993.346
2993.346
2995.788
2992.605
2981.337
2981.337
2959.625
2939.189
2926.945
2923.933
2906.352
2906.352
2926.788
2924.485
2733.758
2736.573
2569.028
2578.916
2597.969
2960.477
2962.779
2944.407
2892.924
2704.255
2704.842
2705.283
2894.023
2705.283
2873.965
2890.337
2890.337
2911.547
2929.919
2738.837
2907.733
2718.098
2907.57
2903.756
2913.733
2723.707
2909.128
2896.36
2885.093
2907.279
2876.878
2864.18
2677.386
2841.994
2840.032
2825.834
2814.933
2817.375
2828.276
2811.427
2778.404
2775.962
2792.811
2795.253
2612.954
2794.625
2790.02
2812.66
2813.27
2813.27
2629.796
2804.375
2812.718
2808.506
2796.785
2798.747
2765.724
2746.311
2765.724
2798.747
2811.445
2753.384
2765.92
2766.545
2727.973
2725.536
2770.536
2804.345
2803.702
2798.595
2798.095
2790.911
2777.839
2776.369
2774.36
2771.735
2768.164
2768.664
2584.086
2587.419
2592.186
2593.558
2594.158
2596.033
2433.781
2290.618
2327.676
2800.798
2798.03
2787.101
2783.196
2772.036
2767.107
2690.795
2673.89
2668.961
2661.818
2664.586
2668.491
2679.42
2684.348
2505.392
2521.169
2363.596
2373.362
2700.414
2699.932
2699.932
2695.61
2717.324
2721.646
2617.646
2669.208
2624.208
2611.137
2611.137
2437.061
2602.595
2602.595
2588.304
2588.304
2588.304
2588.304
2581.119
2581.119
2558.405
2519.833
2520
2523.571
2528.286
2479.83
2541.938
2546.188
2513.875
2491.646
2494.003
2536.563
2557.598
2534.813
2365.825
2375.358
2382.525
2401.075
2414.414
2482.872
2469.872
2484.164
2491.307
2479.771
2498.58
2511.652
2513.223
2516.557
2555.128
2384.786
2555.128
2535.842
2548.914
2532.152
2539.295
2543.199
2525.866
2528.491
2549.527
2501.071
2506
2507.571
2533.583
2540.726
2540.726
2518.012
2501.774
2527.577
2359.072
2495.077
2491.173
2488.673
2471.911
2471.911
2465.036
2460.274
2453.399
2434.113
2396.051
2392.146
2373.336
2366.051
2372.926
2410.988
2418.274
2423.036
2441.845
2461.131
2465.036
2460.723
2481.646
2492.574
2454.512
2450.607
2445.845
2416.679
2374.119
2365.012
2363.44
2363.44
2346.679
2350.583
2193.878
2202.378
2064.729
2079.396
1957.078
1958.373
1849.574
1853.278
2359.607
2369.607
2374.714
2372.214
2497.214
2518.929
2519.095
2516.595
2348.822
2509.72
2511.72
2534.435
2566.372
2544.939
2371.42
2525.671
2499.238
2510.433
2339.267
2506.079
2495.616
2499.274
2499.104
2488.64
2493.872
2513.628
2537.372
2532.494
2541.457
2529.64
2357.165
2522.323
2510.89
2515.244
2518.402
2513.976
2511.878
2492.61
2514.159
2496.402
2484.585
2462.341
2422.454
2419.619
2384.985
2286.387
2242.79
2242.79
2242.79
2257.68
2289.564
2288.924
2308.192
2308.192
2288.436
2323.559
2333.459
2333.459
2328.284
2305.484
2315.384
2325.284
2322.809
2275.559
2282.778
2279.278
2120.259
2279.278
2277.169
2118.297
1980.147
1999.973
2009.951
2303.381
2249.241
2260.716
2257.959
2202.616
2210.266
2056.061
2205.091
2197.591
2190.091
2321.341
2309.622
2266.131
2265.473
2276.668
2266.18
2266.18
2244.631
2262.387
2265.223
2262.808
2274.625
2314.137
2360.235
2392.119
2394.168
2401.527
2401.034
2413.875
2414.046
2409.216
2442.317
2488.415
2487.774
2488.287
2511.058
2509.448
2558.459
2379.962
2381.916
2560.384
2551.416
2546.053
2647.116
2515.866
2514.216
2516.691
2512.941
2527.947
2531.447
2566.622
2573.841
2549.991
2547.881
2537.156
2546.719
2535
2556.563
2547.375
2587.341
2587.341
2576.841
2572.303
2558.653
2585.747
2592.966
2589.216
2644.559
2460.055
2621.759
2634.922
2621.197
2639.946
2617.292
2636.676
2636.676
2632.471
2657.433
2659.016
2631.228
2617.728
2430.747
2451.67
2477.336
2509.836
2512.274
2681.064
2684.574
2648.163
2648.163
2632.772
2632.772
2622.965
2622.965
2618.76
2618.76
2618.76
2617.067
2611.939
2593.888
2583.181
2623.147
2640.747
2642.397
2647.397
2651.497
2466.509
2475.404
2516.974
2548.718
2707.191
2666.691
2677.416
2669.353
2665.931
2716.083
2715.247
2715.247
2743.035
2547.104
2743.035
2762.42
2771.619
2767.042
2769.734
2772.715
2775.34
2763.571
2742.167
2720.763
2736.154
2715.385
2705.231
2738.75
2745
2765.769
2787.173
2790.154
2786.833
2810.218
2789.962
2800.987
2778.455
2757.686
2761.196
2761.734
2694.849
2671.465
2671.465
2605.334
2607.809
2612.338
2567.65
2388.512
2426.544
2597.059
2592.597
2581.122
2596.128
2586.228
2584.128
2569.122
2573.659
2573.659
2585.134
2573.659
2573.659
2546.347
2546.347
2545.822
2545.822
2523.022
2499.681
2502.438
2525.778
2548.578
2560.691
2510.527
2500.869
2493.552
2472.003
2472.174
2466.942
2484.613
2524.125
2396.076
2232.707
2420.478
2399.609
2420.478
2251.608
2268.456
2391.341
2432.225
2487.569
2484.663
2469.4
2474.4
2528.541
2352.131
2501.447
2501.447
2525.784
2501.447
2503.922
2329.23
2333.834
2455.927
2459.183
2467.73
2468.488
2630.284
2627.809
2627.809
2616.334
2650.834
2643.291
2654.766
2664.328
2668.791
2669.541
2681.259
2683.819
2717.944
2741.694
2730.969
2729.425
2706.625
2659.375
2641.175
2641
2628.888
2625.388
2602.588
2580.619
2573.4
2560.238
2560.238
2557.331
2557.331
2517.366
2498.466
2464.538
2409.194
2398.444
2374.106
2421.481
2418.942
2415.433
2465.734
2431.332
2431.332
2423.734
2376.694
2376.694
2358.168
2353.852
2352.115
2342.049
2336.786
2279.796
2237.727
2239.464
2257.99
2300.059
2357.049
2367.115
2399.352
2383.663
2387.869
2392.997
2392.997
2385.151
2377.747
2375.122
2434.023
2414.128
2400.273
2393.859
2351.227
2332.161
2329.398
2317.319
2301.523
2300.97
2300.97
2272.451
2270.24
2222.341
2217.436
2158.905
2115.699
2082.591
2076.794
2028.483
1999.348
1988.645
1975.551
1968.963
1998.098
2041.304
2089.615
1932.894
1938.256
1944.35
1954.25
1966.363
2123.03
2087.699
2085.429
2062.118
2051.78
2038.686
2036.01
2036.01
2031.073
2065.254
2128.504
2169.075
2192.925
2195.754
2149.468
2109.268
2106.439
2067.439
2057.189
2017.761
2016.829
2044.441
2044.441
2004.294
1975.662
1927.563
1909.908
1904.085
1900.665
1897.654
1880
1874.673
1861.173
1813.074
1813.074
1791.765
1637.353
1675.833
1674.924
1669.515
1668.72
1659.447
1611.004
1604.943
1596.193
1572.254
1547.708
1542.739
1567.284
1572.254
1581.527
1590.277
1596.337
1620.277
1668.72
1668.72
1706.219
1699.969
1699.75
1750.065
1734.608
1734.608
1675.025
1634.192
1580.904
1622.228
1597.953
1592.297
1642.022
1639.665
1562.321
1639.665
1646.808
1690.558
1754.397
1779.54
1836.634
1842.491
1844.848
1858.509
1844.848
1810.92
1762.17
1762.17
1762.17
1744.866
1711.522
1680.138
1675.513
1680.138
1713.482
1730.786
1749.589
1780.973
1787.348
1787.348
1822.63
1853.546
1906.139
1906.139
1756.417
1796.894
1755.433
1719.524
1715.284
1680.207
1716.115
1751.192
1755.433
1724.279
1716.663
1684.558
1653.404
1685.51
1716.663
1688.798
1688.798
1684.76
1712.625
1716.663
1771.279
1756.567
1750.26
1666.966
1664.428
1617.313
1548.563
1487.077
1479.385
1452.308
1467.019
1535.769
1542.077
1565.171
1553.022
1555.379
1523.826
1548.969
1523.612
1517.143
1423.982
1423.982
1481.076
1468.263
1446.826
1453.969
1475.406
1509.335
1481.772
1512.237
1518.483
1530.853
1620.802
1620.56
1593.319
1616.879
1670.153
1692.928
1681.389
1681.659
1693.197
1729.106
1735.971
1766.356
1807.817
1780.74
1773.048
1794.97
1723.47
1708.17
1705.53
1641.585
1703.151
1612.917
1553.75
1518.969
1578.135
1548.4
1536.16
1472.215
1465.655
1434.055
1426.055
1393.655
1382.105
1388.665
1420.265
1452.665
1516.61
1528.85
1536.85
1548.4
1543.99
1506.645
1470.165
1452.965
1452.965
1452.965
1452.965
1452.965
1448.315
1502.958
1542.708
1560.625
1694.172
1752.797
1757.641
1763.344
1699.95
1636.005
1636.005
1616.625
1608.045
1600.568
1584.068
1539.151
1595.473
1642.342
1652.94
1635.109
1655.297
1664.234
1680.734
1755.214
1821.823
1788.073
1753.292
1788.073
1821.823
1821.823
1812.885
1806.635
1806.635
1884.011
1883.098
1883.098
1879.429
1876.745
1897.506
1859.563
1840.451
1876.745
1871.114
1850.049
1827.158
1902.097
1948.214
1906.369
1950.827
1973.899
1980.065
2021.911
1938.119
1962.051
1940.744
1919.881
1910.472
1910.472
1993.637
1993.637
1988.101
1954.292
1946.482
1932.732
1895.113
1856.542
1847.018
1832.446
1756.321
1749.153
1785.972
1793.426
1829.335
1838.426
1852.335
1865.46
1832.528
1767.983
1763.21
1767.983
1832.528
1865.46
1827.517
1846.923
1886.673
1954.292
1914.542
1875.97
1952.095
1907.614
1970.341
2034.886
2052.273
2107.955
2129.977
2139.386
2144.67
2165.977
2179.614
2200.92
2241.08
2285.33
2288.136
2350.864
2354.699
2362.153
2371.903
2381.313
2419.256
2420.21
2424.045
2360.13
2265.917
2273.479
2278.323
2307.656
2344.469
2362.385
2324.17
2336.41
2366.65
2276.635
2311.712
2317.481
2359.5
2437.774
2358.662
2340.718
2331.69
2317.023
2277.097
2295.928
2234.442
2187.327
2266.24
2275.99
2207.087
2248.548
2295.663
2276.843
2336.051
2350.718
2358.662
2418.799
2425.871
2489.71
2568.772
2578.46
2626.929
2646.429
2649.5
2655.969
2719.808
2753.879
2750.344
2671.281
2717.625
2790.043
2803.841
2824.091
2754.681
2805.236
2822.597
2782.671
2753.412
2718.833
2707.722
2701.111
2804.731
2730.111
2764.69
2775.801
2782.412
2782.671
2822.597
2840.542
2789.431
2510.488
2730.222
2734.111
2642.839
2654.357
2665.071
2680.071
2685.429
2711.429
2741.241
2759.241
2807.991
2952.366
2899.078
2932.078
2897.342
2900.142
2867.556
2887.25
2888.218
2802.648
2799.555
2796.918
2806.996
2776.574
2783.277
2776.574
2538.582
2550.154
2553.154
2557.154
2787.324
2753.451
2754.064
2793.678
2826.519
2822.996
2811.405
2812.201
2734.739
2747.357
2706.768
2722.915
2734.827
2735.71
2742.879
2701.114
2629.114
2605.264
2650.939
2611.33
2611.892
2603.51
2616.969
2608.635
2611.865
2587.323
2601.323
2556.693
2537.666
2547.361
2524.801
2533.517
2520.422
2514.828
2535.26
2557.821
2448.564
2419.037
2474.041
2476.878
2501.527
2519.959
2494.176
2453.539
2422.038
2425.885
2421.308
2369.125
2366.144
2369.125
2337.715
2170.735
2182.271
2325.779
2324.196
2285.841
2319.769
2157.924
2319.244
2359.744
2386.694
2396.256
2404.319
2382.35
2377.888
2374.65
2362.538
2349.375
2326.034
2348.003
2337.253
2312.916
2322.103
2362.603
2366.103
2344.016
2336.366
2331.366
2311.116
2291.366
2287.266
2247.3
2297.519
2305.365
2312.769
2317.897
2338.154
2171.143
2190.429
2194.333
2359.282
2313.449
2308.141
2297.372
2133.274
2285.353
2286.936
2241.103
2236.449
2220.795
2225.449
2227.603
2248.372
2314.263
2348.763
2375.713
2373.088
2372.581
2365.081
2376.556
2394.756
2418.681
2414.931
2396.731
2394.622
2429.797
2474.484
2451.684
2472.553
2480.053
2445.928
2442.178
2463.047
2462.391
2457.441
2443.791
2408.291
2396.572
2404.634
2362.897
2368.991
2371.141
2357.978
2367.166
2363.066
2363.591
2351.872
2369.984
2357.872
2369.984
2359.859
2340.959
2356.222
2347.253
2344.628
2355.128
2356.672
2404.176
2434.061
2446.08
2450.285
2472.939
2475.92
2483.657
2447.58
2424.196
2419.551
2440.955
2458.442
2453.798
2433.542
2500.426
2321.824
2466.907
2418.446
2410.176
2437.817
2435.663
2413.131
2391.728
2384.772
2427.58
2408.196
2236.182
2407.522
2404.542
2446.08
2421.619
2431.772
2258.074
2390.782
2390.013
2391.596
2388.904
2386.699
2424.507
2453.355
2508.358
2507.811
2481.946
2478.162
2471.574
2462.858
2462.858
2452.926
2393.095
2393.095
2429.774
2381.463
2376.557
2416.184
2435.128
2439.684
2435.795
2430.837
2461.184
2485.142
2488.74
2502.198
2506.087
2393.795
2384.837
2388.726
2358.781
2371.802
2357.802
2383.736
2406.236
2368.319
2365.986
2386.111
2458.569
2458.569
2481.069
2475.111
2436.028
2439.917
2466.417
2413.917
2413.333
2383.389
2349.361
2341.028
2354.486
2342.569
2348.319
2420.778
2429.278
2428.444
2431.194
2461.139
2476.306
2456.083
2403.324
2223.075
2232.044
2342.52
2287.517
2277.821
2277.821
2234.037
2219.199
2195.321
2190.426
2180.73
2186.135
2188.459
2169.27
2157.069
2130.681
2114.007
2139.941
2212.399
2244.646
2253.218
2229.368
2268.368
2299.582
2334.582
2288.296
2300.554
2304.464
2293.536
2304.464
2304.464
2283.764
2283.764
2298.164
2300.621
2289.05
2285.729
2283.964
2275.343
2236.568
2240.568
2247.532
2245.075
2250.789
2236.946
2328.521
2344.121
2309.121
2326.564
2287.136
2313.193
2339.25
2342.175
2332.961
2348.561
2344.275
2349.932
2352.332
2355.482
2360.668
2371.168
2351.682
2212.139
2210.375
2247.239
2275.386
2287.739
2288.511
2302.761
2300.945
2287.158
2295.136
2280.886
2260.827
2228.695
2254.54
2265.092
2261.673
2235.688
2194.305
2180.805
2206.651
2228.063
2228.063
2231.151
2154.43
2175.842
2152.018
2159.996
2135.445
2151.504
2200.607
2201.224
2166.945
2143.121
2198.71
2184.46
2191.629
2187.511
2198.761
2184.511
2184.511
2198.298
2170.838
2182.088
2213.963
2228.213
2260.088
2257.559
2225.426
2207.471
2220.118
2246.103
2169.382
2158.574
2246.9
2247.5
2267.614
2088.592
2095.73
2257.921
2079.664
2080.523
2249.639
2289.839
2292.296
2266.239
2254.239
2243.311
2239.311
2230.568
2214.968
2209.254
2212.575
2206.918
2195.604
2155.032
2152.032
2131.332
2134.332
2174.904
2195.604
2188.639
2161.382
2183.954
2160.104
2180.804
2180.804
2153.461
2154.318
2149.132
2188.132
2200.132
2207.882
2203.196
2205.596
2189.996
2195.911
2175.211
2100.682
2104.968
2117.776
2103.989
2104.585
2105.18
2100.357
2147.375
2149.846
2181.978
2158.154
2110.507
2078.801
2042.772
2038.746
1944.478
1938.596
1898.68
1874.129
1892.085
1892.702
1872.643
1812.787
1785.327
1862.048
1882.754
1894.665
1915.548
1915.754
1901.967
1917.452
1928.261
1977.364
1989.276
1995.099
2029.671
2083.279
2131.136
2127.212
2110.667
2113.273
2110.17
2088.11
2145.383
2104.019
2076.383
2075.746
2101.042
2113.042
2163.934
2230.964
2223.101
2209.552
2237.375
2221.746
2193.923
2193.246
2196.996
2234.593
2249.714
2321.125
2286.165
2314.512
2300.673
2315.48
2303.907
2275.56
2275.56
2306.431
2301.915
2098.805
2299.141
2253.754
2199.899
2187.56
2211.948
2203.198
2168.423
2191.133
2187.746
2194.665
2207.44
2242.214
2225.956
2029.548
2063.827
2262.585
2258.069
2274.327
2377.718
2363.847
2369.69
2360.012
2363.399
2381.012
2433.766
2398.806
2395.613
2392.903
2384.153
2446.148
2496.105
2498.742
2541.152
2529.941
2597.617
2580.555
2648.23
2639.754
2690.379
2693.004
2693.66
2685.184
2455.025
2475.139
2690.73
2709.809
2716.059
2721.73
2698.98
2703.355
2728.043
2723.355
2716.887
2705.402
2735.215
2713.215
2659.905
2626.799
2576.208
2361.524
2575.996
2572.655
2358.267
2546.027
2578.867
2590.004
2625.322
2651.458
2773.958
2774.595
2815.72
2828.72
2804.78
2780.235
2774.174
2774.174
2769.205
2759.932
2751.182
2757.242
2765.992
2770.962
2819.405
2843.951
2867.89
2877.163
2876.367
2876.58
2885.33
2882.784
2893.655
2836.383
2838.254
2810.364
2799.114
2805.202
2811.511
2810.915
2790.21
2866.93
2907.077
2906.482
2983.202
2969.702
2955.452
2923.746
2918.419
3012.688
3009.268
3049.415
3050.188
2994.599
2993.982
3010.04
3026.188
2954.125
2908.45
2920.707
2866.16
2874.181
2905.757
2911.162
2692.825
2901.23
2902.041
2912.378
2907.554
2820.929
2782.902
2779.76
2768.139
2742.355
2738.655
2668.155
2673.061
2675.736
2670.385
2651.358
2648.52
2648.52
2686.899
2712.764
2699.669
2670.534
2659.831
2611.52
2604.932
2561.726
2598.858
2592.899
2554.983
2494.084
2490.943
2524.051
2567.257
2573.845
2584.547
2613.682
2417.656
2429.769
2260.25
2265.238
2282.82
2133.94
2633.818
2491.926
2508.149
2510.473
2513.973
2519.324
2539.757
2533.169
2545.574
2545.574
2485.743
2486.291
2499.385
2488.439
2471.939
2472.821
2492.01
2492.199
2496.253
2545.469
2520.927
2524.156
2518.198
2498.642
2536.34
2535.434
2607.892
2592.726
2649.257
2653.059
2653.622
2641.955
2646.986
2647.819
2625.875
2646
2643.667
2689.094
2662.594
2664.427
2678.427
2679.333
2691.25
2717.75
2670.081
2656.459
2664.568
2665.277
2725.108
2719.514
2706.845
2503.831
2706.277
2838.277
2839.159
2844.753
2833.807
2843.74
2819.99
2825.341
2613.441
2817.537
2818.105
2820.872
2850.399
2855.304
2844.601
2844.791
2805.641
2824.707
2837.457
2629.838
2653.582
2860.855
2875.224
2768.842
2768.151
2788.941
2766.974
2709.984
2511.692
2540.119
2656.309
2587.664
2571.599
2576.365
2566.694
2574.293
2597.418
2407.363
2596.628
2606.299
2615.97
2573.901
2581.039
2524.049
2409.102
2397.813
2372.707
2387.155
2412.26
2448.181
2445.576
2361.23
2391.901
2434.533
2448.388
2448.388
2443.125
2424.441
2429.704
2251.921
2427.441
2427.441
2384.809
2354.138
2323.467
2336.217
2346.283
2414.928
2414.928
2416.553
2418.816
2443.921
2484.91
2457.122
2456.285
2463.978
2441.862
2267.443
2320.152
2474.087
2439.288
2441.981
2437.337
2427.183
2426.413
2401.952
2426.413
2450.875
2446.221
2446.76
2451.837
2451.837
2461.99
2464.971
2361.317
2359.163
2381.696
2339.763
2353.84
2356.667
2356.128
2355.455
2336.071
2356.84
2352.186
2351.349
2361.157
2371.926
2336.926
2280.163
2275.51
2410.125
2406.804
2406.266
2400.958
2389.958
2384.881
2342.949
2318.41
2342.349
2340.657
2340.138
2326.061
2326.061
2335.484
2340.138
2343.984
2353.792
2335.215
2340.522
2327.599
2292.599
2304.619
2353.977
2318.263
2311.125
2324.98
2336.033
2371.954
2359.204
2334.099
2303.428
2350.467
2178.482
2296.911
2350.467
2330.572
2330.572
2349.73
2328.941
2364.862
2361.178
2405.112
2395.441
2379.645
2372.046
2303.401
2350.818
2351.527
2348.385
2353.98
2354.547
2352.878
2338.122
2345.453
2236.196
2236.905
2296.653
2296.653
2272.694
2259.236
2232.736
2238.694
2238.132
2258.354
2255.965
2283.007
2333.836
2336.986
2336.986
2326.057
2272.057
2265.929
2219.643
2215.357
2221.271
2045.908
2158.021
2164.15
2123.579
2124.179
2123.579
2123.379
2149.436
2139.186
2100.411
2061.636
1987.107
1959.764
1948.45
1927.75
1853.221
1857.907
1849.657
1869.771
1869.571
1854.529
1893.957
1968.486
1959.864
1980.564
2032.934
2040.912
2005.633
2011.133
2059.576
2057.705
2069.705
2063.705
2103.318
2103.318
1928.042
1960.417
1971.667
2044.125
2059.378
2217.853
2273.47
2278.879
2311.545
2321.318
2306.636
2283.727
2296.758
2298.629
2298.417
2287.28
2311.826
2333.78
2375.598
2369.538
2371.538
2344.909
2344.909
2340.761
2369.67
2355.761
2372.398
2372.398
2366.898
2325.534
2329.682
2320.591
2326
2325.011
2343.511
2343.511
2334.42
2340.481
2397.754
2249.754
2246.413
2258.413
2247.277
2249.883
2298.326
2297.53
2306.28
2277.989
2274.886
2271.364
2217.197
2155.527
2120.208
2087.102
2008.057
1840.719
2008.057
2062.223
2062.223
2026.905
2075.348
2058.803
2079.47
2091.061
2102.197
2080.136
2083.239
2087.784
2088.602
2059.102
2059.102
2052.83
2046.557
2043.375
2056.405
2050.917
1891.826
1988.951
1947.587
1978.637
1973.512
1960.387
1986.473
1904.957
1882.207
1894.863
1910.004
1912.629
1994.145
1966.684
1970.316
1981.801
2024.457
2009.809
2010.828
1968.172
1938.359
1941.047
1924.594
1759.629
1894.781
1877.625
1849.125
1823.813
1811.438
1854.094
1842.141
1854.094
1923.273
1882.422
1931.29
1996.94
2027.81
2021.133
2008.794
2069.154
2069.829
2079.454
2111.254
2134.721
2131.854
2135.154
2137.954
2137.954
2140.821
2170.271
2206.204
2218.454
2194.304
2301.142
2300.908
2269.788
2259.788
2253.838
2227.504
2267.142
2054.598
2097.254
2160.852
2172.805
2383.095
2394.216
2464.392
2516.996
2548.663
2603.175
2598.175
2602.842
2618.467
2565.179
2578.679
2567.929
2560.779
2551.154
2569.454
2573.771
2518.569
2487.165
2532.972
2526.052
2524.06
2525.113
2480.597
2483.984
2461.274
2461.274
2455.984
2449.532
2424.048
2397.919
2388.048
2336.48
2327.165
2332.456
2354.554
2370.704
2366.142
2380.475
2411.596
2435.863
2467.529
2243.208
2272.708
2413.029
2486.821
2480.871
2474.821
2474.121
2474.796
2481.946
2428.658
2419.617
2401.317
2412.067
2417.533
2412.533
2411.658
2407.983
2348.4
2364.55
2365.225
2352.475
2415.475
2421.425
2420.725
2407.225
2413.263
2396.383
2409.931
2453.71
2440.629
2439.996
2473.863
2427.686
2424.583
2400.038
2402.038
2415.947
2404.811
2407.356
2394.326
2391.78
2362.871
2365.973
2414.417
2431.053
2352.008
2401.098
2359.28
2371.553
2371.553
2374.735
2368.585
2432.279
2468.309
2475.478
2476.272
2499.507
2486.86
2498.772
2490.794
2288.838
2544.318
2571.955
2596.5
2563.833
2559.591
2557.591
2569.591
2637.938
2587.98
2597.41
2585.926
2635.883
2629.633
2586.977
2590.422
2571.344
2590.102
2589.258
2642.137
2409.007
2409.801
2415.129
2611.254
2613.383
2629.012
2642.077
2576.427
2563.363
2572.677
2559.903
2557.194
2533.71
2533.71
2518.081
2561.859
2568.778
2507.81
2531.294
2496.566
2518.754
2527.23
2526.598
2516.52
2472.145
2468.863
2446.223
2449.504
2493.879
2516.52
2495.207
2426.027
2481.887
2480.867
2380.707
2430.664
2434.711
2429.133
2431.77
2428.676
2447.434
2388.542
2379.792
2406.42
2416.193
2419.375
2443.92
2240.26
2329.292
2527.136
2552.432
2556.356
2556.356
2561.326
2574.053
2586.326
2588.883
2586.277
2524.606
2527.788
2607.853
2654.871
2660.21
2648.298
2634.507
2639.607
2629.107
2626.65
2622.95
2714.525
2660.525
2666.239
2701.239
2643.093
2618.45
2635.6
2641.729
2627.886
2588.886
2527.011
2499.668
2472.525
2499.868
2469.068
2496.325
2493.925
2478.239
2480.65
2389.075
2361.818
2358.668
2355.346
2363.968
2351.968
2305.243
2281.393
2298.543
2293.857
2254.857
2214.286
2175.511
2201.568
2221.682
2194.539
2203.161
2145.014
2144.082
2155.396
2162.361
2169.325
2189.439
2203.282
2263.413
2252.163
2252.997
2244.038
2218.104
2218.854
2208.229
2234.618
2234.618
2249.868
2274.278
2248.944
2221.903
2225.705
2222.788
2294.713
2305.051
2292.382
2303.328
2300.49
2300.49
2368.125
2324.919
2334.851
2349.689
2334.851
2310.973
2289.081
2300.167
2280.611
2305.2
2305.2
2299.071
2294.386
2273.586
2272.814
2267.639
2265.754
2262.754
2200.879
2193.914
2193.914
2148.239
2175.393
2169.085
2157.438
2208.133
2175.466
2182.852
2194.852
2201.352
2189.18
2161.632
2192.432
2238.107
2251.95
2251.371
2249.486
2133.986
2191.5
2127.805
2103.254
2091.342
2077.092
2064.445
2050.195
2043.886
1949.618
1897.044
1891.717
1880.07
1877.588
1849.529
1837.618
1772.507
1765.338
1742.103
1695.085
1674.379
1665.504
1650.68
1626.857
1590.827
1601.913
1594.527
1636.738
1608.238
1602.566
1599.367
1596.73
1613.278
1664.242
1651.492
1639.242
1532.404
1478.404
1477.504
1448.213
1444.713
1439.405
1384.28
1359.797
1386.924
1430.347
1419.653
1422.058
1466.87
1526.74
1519.906
1494.896
1481.458
1481.458
1476.063
1458.563
1480.37
1463.152
1454.457
1508.239
1502.017
1496.131
1548.089
1528.804
1502.661
1252.661
1244.161
1271.169
1241.156
1211.144
1259.007
1257.586
1000.533
813.451
782.951
800.507
653.301
597.419
545.728
462.199
445.805
439.242
425.836
349.273
265.983
146.817
129.018
52.018
18.75
0
