882
4758
8634
9729
13401
17769
13893
13011
16887
17769
14097
9729
5853
4758
8430
12798
16674
17769
17985
19641
20677
27973
24301
23419
22324
18448
14572
10204
14080
18448
19543
23215
27091
27973
31413
39045
40473
41403
52659
53754
79395
75519
71151
70056
66384
70752
71847
75519
79395
75519
74637
78513
79395
75519
74424
70752
66384
70260
74628
78300
79395
82755
99036
99092
99092
95216
90848
87176
86081
89957
91052
94724
99092
98210
94334
89966
86294
85199
81323
87003
88659
114300
115230
123854
125166
128916
132588
174588
176758
180790
181462
191262
200586
203456
209280
210099
212547
218867
218867
219029
226097
226097
219777
217329
217329
210261
210099
210099
212547
218867
219749
226817
226979
226979
219911
219911
219749
213429
212547
210099
216419
217301
219749
219911
236192
243260
233460
232641
231969
229099
223275
213951
211503
212175
221975
221093
221912
214844
214682
224006
217686
223510
207229
210099
210099
210261
217329
217329
223649
223649
217329
217329
217329
217167
217167
210099
212547
213429
219749
226817
226979
243260
239228
237058
195058
199090
201260
201260
209884
217516
219826
245467
243019
242137
241975
234907
228587
212306
213188
217064
216182
212306
213188
217064
216392
206592
200768
197898
188574
187755
188574
194398
195070
204870
214194
217064
213188
212306
213188
217064
219644
219905
225585
226680
225798
221922
222804
226680
226624
226624
210343
206983
207039
209349
225630
228990
225114
224232
216600
214290
205666
180025
187657
213298
215608
224232
245100
245775
245775
243605
239573
243605
285605
287775
295407
301727
309023
309023
309239
312299
313394
313655
317015
317855
308531
305661
304989
299165
289365
288546
289365
292235
301559
301559
307383
308055
315655
319531
325851
326946
334578
334578
335614
342644
343956
343956
347388
360177
360177
360177
360387
364755
366925
368641
374465
385505
392573
392573
392573
396245
409034
421994
424164
424164
424956
425796
433092
433780
437992
450952
451213
472081
476883
485623
485623
493279
495693
496813
522454
523336
529132
529132
529132
534588
552298
552298
553610
553610
561210
565422
574162
574162
574162
575762
575762
575762
575972
579722
581171
582620
589100
602060
602060
604640
606224
606224
606224
606224
606224
615548
626468
628868
628868
629362
629362
642445
643120
643120
663988
663988
667660
667660
673456
674908
674908
683648
684488
684488
684488
685688
685688
686363
690239
691079
691079
691079
694319
694991
706031
706031
706706
706706
706706
706706
710066
717854
717854
717854
717854
718016
718016
718016
719052
720147
720147
722547
722547
722547
722547
722603
722603
723443
723443
723443
723443
723233
723233
736316
736316
736316
736316
737108
737108
738560
738560
738560
738560
725771
732839
732839
732839
732839
735009
735171
735171
735171
737751
737751
737751
730455
730455
727585
726913
721089
720270
720270
710946
710946
710946
711765
712437
712437
712437
704837
697769
697769
691449
692544
692544
699574
699574
701884
702052
702052
702052
710676
721533
722061
711021
711021
711021
711183
718839
720151
720823
720823
720823
720823
720823
720823
713793
713793
707473
707473
707257
707257
694468
694468
700788
700788
700788
699693
699693
699693
699693
686733
686472
689832
691488
691488
702528
702528
702528
702528
689568
689568
689568
691020
693890
698692
698932
699460
699460
699721
699721
699721
699721
699721
700513
700513
700513
700513
706193
706193
707123
707123
707123
706003
706003
697379
671738
664106
661796
661796
661796
659382
659382
659382
659382
659382
659382
658710
658710
657398
649742
649742
649742
649742
649742
649742
649742
649742
649742
649742
649798
648082
643714
643876
644996
644996
637396
637452
638901
631245
628845
628845
628845
628845
636633
633273
640905
643965
635225
635225
635225
636653
636653
636893
637568
637568
637568
637568
636893
638345
638345
641785
662653
662653
662653
657851
661091
661091
661091
657419
657419
655249
651217
609217
609217
609217
611387
590519
592919
595089
598149
598149
598149
589409
598149
597477
597477
597477
597477
599891
598579
598579
598579
597267
597267
597267
606591
617847
617847
617847
617847
617847
617847
617847
617847
617847
618519
619831
619831
619831
630751
630751
633331
633331
633331
633331
633331
633331
634150
634150
634150
634150
634150
634150
608509
609301
609301
609301
609301
610120
613360
613360
614048
614309
614309
613214
613214
624071
624071
624071
622622
622622
626990
625541
622961
610001
610001
603521
601937
601937
601937
601937
603386
603386
603386
601786
604234
605270
605108
605108
602048
601838
601838
601838
601838
601838
592514
594962
594962
584042
585078
585078
584286
581046
581046
581718
581718
581718
594507
594507
595347
584307
584307
584307
583635
583635
583635
583635
583635
582816
582816
582816
582816
583635
583635
583635
609276
609276
609276
609486
609486
614370
614202
613166
605534
611330
604034
603152
602891
602891
602219
602219
602219
591299
591299
589987
587407
587407
587407
589987
589987
589987
589987
590149
590149
590821
590821
593761
586129
586129
590497
584701
584701
579245
571457
571457
572276
572276
572964
574680
574680
570804
564980
564980
564980
570804
570804
574044
574044
570294
569619
568779
572655
576531
563448
561278
561278
561278
567326
566231
566231
566231
566231
566231
572027
584987
584825
596081
596081
596081
596081
590401
590401
593461
592786
593026
588814
588814
588814
588982
588982
587530
587530
591202
591202
591877
597333
593901
594741
600373
603813
602385
602385
602385
601713
601713
601713
601713
601713
599133
599133
599805
610725
610725
610725
613305
613305
613305
613305
614097
614097
614097
614097
617847
618057
618267
597399
597399
588659
587819
576962
577124
577124
577124
577124
576962
576962
576962
576962
576962
577456
577456
579856
579856
579328
579328
579328
579328
579328
584130
587802
587802
589972
589972
585760
582320
582320
578444
557576
555406
552046
552046
555922
555922
555922
555922
555234
555234
546494
546494
546494
546494
545294
537506
558374
558374
558374
558902
553106
553106
559784
563534
560954
560954
560954
560954
560954
560282
549362
549362
550034
550034
552614
552614
552614
552614
552614
552614
552614
551494
551494
551494
551494
550399
550399
551218
551218
548348
548087
548087
548087
555556
555556
555346
555346
552898
560367
552735
535025
541073
544241
554699
561767
550511
550511
555395
555395
576263
589619
582551
581711
589499
589499
589499
589555
568687
579607
579607
580101
580101
581817
579403
588143
588143
588143
588143
588143
588962
592202
592202
591708
591708
591708
591708
593292
593292
592617
592617
599097
599097
599097
599097
604893
613633
609265
609265
609265
609265
609265
609265
609265
609265
617889
617889
617889
623569
623569
623569
619693
645334
646174
646174
646174
646174
646174
646174
646174
645355
644683
644683
642103
642103
642103
642103
642103
642103
642103
642103
642103
644683
644683
644683
644683
644683
644739
644211
646659
647971
648790
648790
647950
647950
647950
648790
649318
649318
655798
642715
642715
642715
641679
641679
641679
638007
645303
645141
648891
649419
663719
663887
677243
678695
678695
678695
678695
676247
676247
676247
677283
677283
684752
684752
686408
686408
687096
687096
687096
685647
685647
685647
685647
685647
685647
685647
688227
688227
688227
695523
695523
695523
695523
695523
695523
695523
695523
682563
682563
695919
684879
684879
684879
691359
688299
687459
686784
685965
684513
685305
685305
685305
685799
685799
683629
683629
686989
686989
686301
686301
686301
686301
686301
686301
686301
686133
675276
669228
666168
666168
666168
666168
666168
666168
663998
666168
666168
666168
666168
666168
666168
666168
663588
663588
663588
663588
666168
666168
667480
667480
667480
667480
668152
668152
668152
668152
668152
667912
662116
662116
658876
661290
660450
660450
658794
658794
656484
656484
658794
651764
651708
651708
651708
662166
658806
658806
650182
649252
649252
649252
648460
648460
648460
648460
648460
647008
643768
638312
627056
631424
631424
631424
631424
631424
631262
629092
626512
626512
626512
626512
620192
622772
616948
615232
628588
628588
628588
624712
624502
628378
629050
616261
629344
629344
640201
639673
639673
639934
636874
638186
663827
663827
665427
667027
667027
667027
679816
679816
679816
679816
682984
678182
678182
677510
677510
677510
677510
677510
676198
673618
673618
678010
679610
679610
674808
674808
676524
676524
676524
676284
676494
676494
680244
678792
678792
678792
673908
673908
674700
675228
675284
675284
675284
675284
681332
678392
678392
696102
696158
696158
696158
696158
696158
696158
695122
693673
693673
693673
693412
695362
691612
691556
685876
685876
692554
666913
677770
671974
671974
669526
672694
672694
674294
680090
680090
680618
671294
672134
672134
672134
672134
683174
683174
683174
682486
690142
690142
690142
690382
693442
693442
693604
694724
694724
690974
694850
688370
687551
683879
690947
691739
692233
692233
692233
692233
700021
700021
700021
706341
710091
717121
717121
717121
717121
720871
726551
726551
731353
731353
731353
731353
731353
725557
725557
725557
725557
718489
713605
717481
716641
710161
702692
702692
702692
695223
695223
695223
695223
695223
695223
695223
695223
692055
692217
688977
688302
685902
685902
685214
698297
699392
699392
712181
712181
713781
719461
719461
720301
719482
719482
717068
717068
717124
718576
721816
721816
724264
730584
730584
730746
737814
737022
737022
736966
736966
736966
736966
736966
736966
736472
736472
737291
748211
747539
747539
756279
756279
750647
752363
752363
752363
752123
738767
737731
734371
734315
732005
715724
715724
715724
715724
715780
715942
715998
715998
723467
724397
724397
733021
732349
732349
733279
733279
734209
734209
735521
735521
735521
735521
733073
726005
725843
719523
719523
719523
719523
719523
719523
719523
719523
719685
719685
726981
726189
726189
726189
727225
734521
734521
738193
736881
736671
736671
738255
737415
737415
737415
737415
737415
737415
736103
761744
761744
761744
761744
761744
762419
762419
749063
736274
736274
725816
724976
724976
722396
722396
722396
722396
722396
722396
722396
722396
722396
713772
721404
723714
723714
723714
725664
725664
722224
739934
719066
721016
721016
721016
714338
714866
714866
714866
719234
719234
724914
725076
720708
719108
720560
716684
716684
716684
716684
716684
716684
716522
716684
723752
723752
723752
723752
730072
729253
729253
729253
724861
725029
725029
728779
728779
725029
725029
725029
724867
724867
718819
707779
715411
717011
717011
717011
717011
717011
728051
728051
728051
728051
728051
728213
728474
728474
728474
728474
702833
705703
705703
701335
701503
701503
701503
701503
697627
695227
687931
677074
677893
678421
678421
676251
676251
674301
674301
674469
673629
679677
668757
662277
662277
655209
655209
655209
655047
648727
648727
648727
648889
648889
655209
655209
655209
654715
653923
648127
644959
644431
643937
645389
645389
659689
662559
664275
664275
664443
664443
661203
661203
661203
664073
664017
680298
677988
677460
675804
674204
674204
676154
676154
674702
674702
674702
678578
677738
674066
676646
674930
668882
668882
668882
668882
665132
668804
667985
667985
675454
662665
655597
664267
664267
664105
657785
657785
657785
657785
657947
664267
666715
666715
673783
673783
671613
671613
669897
656541
656541
672822
662364
667996
667996
667996
667996
667996
670166
670166
673036
676476
662176
660592
661904
662072
663002
655214
655742
655742
655742
655742
655686
655686
655686
655686
634818
641496
641328
642000
642000
634212
634156
634156
647512
647512
646984
646984
648436
648436
648274
641954
641954
641954
634886
632438
630838
630838
630838
630838
624160
624160
616864
616864
616370
610050
610050
608955
607355
607849
607849
607849
609449
619907
619907
622777
622777
621193
613897
613681
612025
610989
610989
610989
610989
612589
618637
617707
619363
632152
623412
612555
612555
609195
600455
600455
600455
600287
600287
602735
605135
605375
616631
618059
618059
624107
626687
626687
626687
626687
626687
601046
618371
618581
618581
621161
621161
621161
627839
627839
635135
635135
648218
649148
649148
649148
649148
649148
655826
654790
657660
657660
651980
651980
654560
654560
654560
660880
660880
660880
660880
664240
664240
664240
664240
664240
656944
655344
655344
655344
644424
644424
644952
645744
645744
644952
644133
644133
646083
646083
646083
646083
646083
646083
646083
658872
655812
654212
655928
655928
656747
656747
656747
652871
652871
652871
652871
656903
655187
663927
668295
665127
664335
677418
677418
677418
677418
677418
677418
677418
676488
669019
669019
669019
668963
677587
684883
684883
684883
684883
687823
680167
680167
680167
667084
667084
667084
667084
666922
666922
666922
666922
666922
666661
666661
669901
669901
670063
670063
670063
670324
670324
675780
675780
675618
683250
683778
670422
670422
668970
661501
668970
672846
672678
669438
667488
667488
667488
669144
666564
666564
648854
649348
649348
648820
654276
652326
652326
652326
652326
652326
652116
652116
649246
642216
642216
642216
638340
635760
637072
633322
633322
632010
626330
624380
624380
625310
625520
636776
654101
654776
654776
654776
654776
654515
655551
668634
668634
669162
669162
669162
668232
668232
664560
664560
665054
671954
680624
695744
687074
684764
677132
677132
677132
677132
677132
677132
677132
684428
684428
684428
691724
698044
698044
697225
696550
695098
695098
695098
697968
697968
698130
697962
697962
684879
673839
670089
670089
669561
669561
670873
670873
670873
670873
674545
677125
677125
683445
683445
683445
683501
683501
684537
689993
689993
693869
693869
693869
693701
693539
693299
693299
685667
684547
684547
668266
668104
666504
663634
663634
663634
663634
663466
663466
663466
661750
661750
661694
653070
653070
653070
644330
644330
644330
644330
644330
644330
641882
641882
640952
637202
635750
635750
635750
635222
635222
635222
629174
628646
628646
628646
628646
628646
628646
615857
611981
611981
611981
610265
604217
604217
604217
604217
608093
608093
582452
566171
565961
565961
565961
565961
563791
563791
565961
565799
565799
565799
563399
560819
547463
547463
547463
547463
547463
547463
547463
544023
544023
544023
530940
530940
523644
523644
506319
497579
497579
497579
501455
505127
509495
510590
510590
510590
510590
510646
507776
507776
507776
507776
507776
507776
507614
504374
504113
509793
509955
510171
510432
510432
510432
510432
513672
513672
495962
495962
494362
486730
485694
485694
481326
481326
477450
478332
482208
482208
482208
481536
467236
464366
464366
463054
460184
460184
460184
456308
451940
450845
447173
451049
452144
452144
455816
455816
455816
450184
450184
444728
444728
438408
435048
431172
425716
414460
388819
385379
384284
376652
375224
374294
399935
400865
402293
409925
413365
414460
425716
424621
424621
420745
417073
420949
420949
414271
405601
409273
413641
414736
410704
400246
396574
396574
396574
396574
392698
391816
395692
395692
396574
396080
383291
381839
381599
381599
380669
380669
376997
370677
370677
370621
370621
370621
369585
367005
367005
368041
374361
391686
394266
394954
394954
395010
402078
405750
401874
398202
397107
392739
396615
400983
404655
405750
405750
404094
401224
394546
394546
381463
381463
381463
374167
373237
373237
373237
387537
413178
414108
417984
425280
425280
425280
425280
425280
418602
418602
418074
418074
412618
411799
411799
411799
411799
411799
411799
411799
411799
408859
408365
404489
400121
396449
395354
399722
400817
404489
408365
407871
407871
407871
406989
403113
402438
399858
399066
391770
391770
391560
390248
390248
390248
390248
390248
390248
392558
418199
425831
434455
433636
429268
425596
421720
417352
416257
420625
424501
428173
429268
411943
404647
404647
402067
402067
402067
400639
394591
394591
394591
383335
388219
405544
416800
416800
416800
419380
425428
425428
422558
436858
440734
442684
445852
454476
454476
467265
468981
468981
464613
460737
459642
455970
455808
455808
455808
454496
454496
454235
448555
448393
448393
445153
445153
444937
444937
445099
445099
445099
445099
445099
445360
445360
445360
432277
430327
421703
421703
420047
420047
420047
427343
428225
428225
435694
428225
428225
428225
420929
409673
409145
409145
409145
405269
405213
405213
404685
404741
424761
424761
418441
411541
411541
409371
409371
409371
411541
411541
411541
411541
410853
410797
407125
400057
382732
380152
379116
372796
357676
357620
357620
357620
357620
359930
363290
379571
379627
379366
379366
379366
379366
379366
379366
379366
379204
379465
388789
388951
392191
392191
397871
398087
398087
394415
368774
367462
365806
362056
356376
355446
346822
348478
357102
362782
366454
392095
393025
396775
398087
390455
381831
379521
353880
356190
363822
389463
398087
398087
398087
397051
389582
389582
389582
390618
394830
394830
398706
398706
406175
405245
390945
387069
361428
361428
361428
361428
354132
354132
354132
358008
358008
365304
365304
365304
366234
379023
385343
387653
388965
391413
397893
399493
379473
379417
379473
399493
399493
399493
397323
399493
399493
399493
394609
383353
380773
363448
363448
357400
357400
357400
362284
379609
400477
401597
401597
401597
404177
410225
409964
400640
400478
400478
400478
394798
391558
391342
391342
391603
391765
391765
391765
391765
391765
391765
391765
391709
391709
391709
389309
389309
395629
404253
405681
408081
408137
408137
409721
416201
417083
420959
421175
421343
422018
423218
423218
424934
425428
425428
425428
424546
420670
420670
420670
412046
404414
402104
376463
402104
404414
413038
420670
420670
420670
424546
425428
405408
405352
405408
405408
405408
405408
405408
405246
405246
405246
404985
404985
404985
404985
404985
404985
405147
405408
405408
405408
405408
405408
401532
401532
401532
400602
393306
393306
404666
430307
434183
435113
435113
442409
442409
442409
441527
437651
441527
442409
442409
442409
442409
442409
442409
442409
442409
442409
442409
434940
434058
426762
434231
441527
442409
438533
437651
437651
435481
435481
434386
431806
426126
425865
426126
427221
429801
429801
430837
434197
434197
434407
426775
424465
415841
390200
390200
390200
390200
389939
389777
389777
389777
389777
395457
404781
404781
404997
404997
405258
405420
408660
406080
385212
367887
367887
367887
363003
361883
355835
361883
363003
365583
386451
403776
415032
419916
419916
419916
419860
415984
415984
390343
390343
389413
378053
370757
370757
370757
370757
370757
378053
378053
378053
378053
378983
381431
388499
404780
411100
411262
412144
412144
408904
403224
402963
393639
393423
393261
393261
396501
428841
434521
447877
448093
448354
448516
457840
457840
457840
457840
457840
460420
460420
460420
460420
460420
460420
460420
460420
460420
460420
460420
460420
460420
460420
460420
460420
473380
473380
473380
473380
467060
464612
457544
456662
440381
440219
442667
449735
456055
456937
473218
473380
473324
469964
467654
451373
454733
454789
457099
473380
473218
456937
450617
443549
442667
440219
447287
447449
449897
449897
449897
449897
449105
449105
449105
449105
449105
449897
449897
449897
435597
426973
425257
423307
423307
419431
416263
403474
406642
408358
412234
414184
422808
437108
449897
459697
457249
457249
457249
450181
450181
450019
457087
457249
473530
479850
482298
483180
476860
464071
461623
460023
453543
452231
449921
452369
458849
460449
466769
469079
470391
483180
482970
479610
479610
478574
472254
471372
464304
464142
447861
445413
447861
447861
454929
455091
461411
461411
454343
454343
448023
448023
447861
445413
436089
430409
417053
413813
381473
381257
380996
380834
381095
381257
381257
381257
381257
381257
381257
381257
373961
366492
365610
373079
373961
381257
384317
394117
411442
413042
427342
432974
445763
445763
446291
446291
446291
443711
443711
443711
443711
456671
456671
456671
456671
456671
459251
454367
448319
430994
428414
407546
407546
406426
395170
406530
412326
413166
413166
413166
413166
413166
412236
412236
412236
404940
418023
450363
451293
455169
462465
476765
476765
476765
475729
475729
475729
471517
467641
460172
464384
464384
465420
472889
472889
472889
472628
472628
472628
472628
472628
472466
472466
472466
472466
472466
472466
459506
459506
459506
459506
459506
459506
459506
459506
459506
459506
459506
459506
459506
459506
459506
459506
459506
466184
466184
471816
471816
471816
471816
471816
471816
469236
456276
456276
456276
469236
471816
471816
471816
471816
471816
459027
455967
438642
424342
422742
417110
417110
416582
406782
406782
406782
406782
408382
408382
408910
408910
408910
408910
408910
404108
398428
398428
398428
398428
398428
401298
401298
401298
406978
406978
406978
406978
399682
395806
381506
368423
367493
367493
367493
335153
335153
335153
335153
335153
335153
335153
335153
336083
337395
348315
383259
383259
383931
383931
383931
386511
386511
383931
383931
383931
370971
370971
369659
367079
367079
356159
356159
355487
320543
320543
321215
322527
330183
332763
343683
353007
353007
364367
375224
375224
379100
379100
379100
379100
379100
379100
379100
379100
379100
379100
418172
460172
460172
473132
473132
473132
473132
477934
477934
477934
477934
477934
477934
477934
476334
475806
475806
475806
477406
477406
477406
477406
477934
477934
477934
477934
477934
467014
466342
454982
453670
444346
444346
441766
434110
445470
456390
456390
457702
458374
458374
458374
460954
457078
457078
457078
457078
449609
442313
441431
448727
456196
457078
453718
437437
435127
435071
433759
422839
422839
420259
420259
420259
408899
408227
415883
426803
429383
429383
430695
431367
431367
431367
429767
427457
414668
408188
406876
400556
398108
399420
412209
418529
420129
420129
420129
420129
420129
420129
421011
424887
422307
411387
410715
409403
409403
401747
401747
401747
436691
446015
447327
449907
449907
450579
450579
450579
449697
445821
445821
445821
445821
444509
443837
441257
441257
406313
406313
396989
396989
396989
396989
396989
396989
396989
396989
396989
397808
411164
412748
412748
412910
425993
426785
426785
438041
441473
441473
462341
462341
462341
471665
471665
472701
472701
472701
475115
478175
479015
479807
479807
473129
479807
479807
483479
483479
486419
489779
489779
490619
490619
501659
506051
506051
545123
546053
546314
546314
546314
547002
548451
574092
574148
574148
574148
574148
573218
573218
573218
573218
573218
573218
586301
586301
590177
590177
590177
591107
591107
595499
595499
595499
595499
595499
595499
595499
595499
595499
604823
612479
623399
634759
635431
636743
636743
639323
639379
639379
639379
640067
653027
653027
653027
653027
653027
660057
660057
660057
660057
660057
660057
667087
668182
671932
671932
671932
671932
671932
682390
682552
682552
682552
682552
682552
682552
682552
680952
680952
680424
680424
680424
680424
683484
697784
697784
699096
704728
706328
706328
706856
706856
697532
694952
687296
686624
686624
675264
664344
663032
663032
663032
663032
663032
663032
663032
663032
663032
663032
664688
664688
706688
710900
710900
710900
710900
710900
710900
710900
728610
729138
729957
730632
733080
738536
737108
711467
703835
692579
691649
690554
687114
687114
687114
687114
688044
688044
688044
688044
688100
688100
688100
688100
690270
690270
690270
690432
690432
690432
690432
687000
687819
688611
688611
688611
688611
690327
697623
684540
684540
686988
686988
686988
691380
691908
691908
696710
695891
695891
695891
695891
695891
696986
696986
696986
696930
695502
689182
680558
678158
678214
685683
694307
695735
698135
699851
700091
706411
706411
706411
706411
706411
706411
706411
706411
706411
706411
706411
706411
706651
714307
716707
717743
717743
717743
717743
716294
716294
717414
716726
716726
729515
729677
738347
738347
727490
738347
737311
747111
753591
753591
740631
740631
735829
735829
696757
696757
696757
654757
654757
659559
659559
659559
659559
659559
659559
659559
659559
659559
659559
655887
655887
658947
658947
658947
666603
668187
668187
668187
664311
662361
660645
652021
639232
636064
621764
611964
613914
615630
625430
638219
638219
641387
650011
650011
650011
651667
651667
651667
651667
651667
657491
658163
663619
663619
664147
664147
676936
674522
661166
661166
662006
662846
662846
662846
662846
662846
663518
663518
666388
666388
666388
666388
666388
645520
654844
654844
654844
651784
651622
652462
650878
650878
662134
672592
672592
672592
672592
672592
672592
673086
673086
672825
675135
675135
682165
676709
676709
676709
676709
676547
669517
669517
669517
669517
669517
673393
673654
673654
662614
662614
662614
662614
663289
663289
663289
663289
663289
659077
661525
661525
661525
661525
660405
660405
663465
663465
669261
669933
679257
678327
678327
677487
677487
678939
677844
677844
674484
679940
683816
683816
686126
679646
679646
681362
680570
680570
680570
680570
680042
680042
680042
680042
673012
673012
686095
683155
673355
671639
671639
666183
667783
667783
667783
664723
651934
626293
626293
625501
625261
625261
625205
624386
624386
633010
635320
635320
635320
624862
624862
641143
641143
641143
641143
641815
655171
655171
642382
645814
636490
640882
641557
641557
641557
641557
645229
645229
656086
644830
646282
643834
643834
642234
642234
636602
633542
633014
633014
633014
618714
617402
630191
630191
630191
631791
631791
631791
632319
632319
632319
632319
632319
632319
632319
633249
633249
633249
634068
634068
633138
633138
633138
620055
620055
620055
620055
616179
629262
661602
668898
668898
672774
673704
673704
673704
669312
669312
674992
692702
692702
692702
683378
683378
686438
687113
687057
687057
647985
647145
647145
647145
647145
647145
653625
653097
653097
653097
658729
658729
658729
658729
658729
658729
658729
658729
657889
657889
657889
657889
650593
652021
649573
649573
649573
649573
649573
647403
647403
647403
647403
647403
647403
640107
639225
631756
631756
631756
631756
631756
638236
638497
638497
638497
645565
641173
641413
641413
642865
641770
637378
640438
647338
647338
648178
648178
648178
647142
642930
642930
635461
635461
635461
635461
635461
636497
635809
635017
635017
635017
635017
635017
635017
635017
635017
635809
618099
618099
618315
618315
618315
618315
618477
619152
619152
619152
619152
619152
619152
624784
624784
627844
626808
626808
628524
628524
628524
634204
634204
634204
634465
634465
633646
633646
633646
624976
627916
627916
614956
614900
615740
615740
615740
619172
619172
619172
619172
616862
616862
615278
612878
616238
618548
618548
618604
624652
624652
614194
614194
614194
621826
621826
621826
621826
622645
630301
629629
629629
629467
628792
627076
627076
627076
627076
630826
627076
627916
627076
615716
609920
609920
610760
610760
610760
610970
610970
610970
610970
608522
605462
605462
605462
606774
607035
607035
618395
607538
606866
606866
609736
608020
608695
608695
608695
602017
602017
600361
610161
614529
621207
621207
621207
621417
623017
623017
623017
581017
582617
582617
582617
593977
593977
586321
586321
585502
584302
583627
583133
583133
583133
582965
581249
581033
581033
583447
583447
583447
583941
583941
583941
584109
584784
584784
583128
579378
577722
552081
546401
546401
546617
542945
542015
533391
533391
533391
532079
540703
546383
546383
546383
546383
546383
547313
547313
547313
547151
546911
546383
546383
546383
546383
546383
546383
544931
544931
546383
546383
546383
542507
549803
546933
546933
547143
535887
542207
542207
542207
542207
542207
538535
538535
538535
533733
533733
533733
533733
533733
533733
533733
533789
533789
528987
531567
531567
532255
533839
533164
533164
554032
554032
554032
554032
554032
537751
526894
529064
529064
543364
544156
543484
542644
542644
542644
542644
542644
542644
534988
534988
534988
536083
535822
527198
532000
538678
541258
543658
548460
548460
548460
552210
552210
553140
554176
554704
559096
559096
559096
559096
559096
560216
547133
547133
547133
547133
547133
540653
540653
533585
527953
522273
525441
524947
520555
522955
517131
518443
523327
544195
544195
544195
544195
544195
545851
545851
546379
557419
555703
555703
564443
563771
567443
568538
568538
568538
568538
568538
563082
560772
559320
566616
566616
566616
566616
570048
570048
567738
567738
562106
561266
561266
561266
561266
559666
553346
540557
539245
539245
539245
545725
547037
548637
551085
551085
551085
557405
563453
563714
563714
563714
563453
570483
570483
570483
574155
561366
561366
559766
559766
559766
559238
559238
559238
559238
559238
559238
559238
559238
559238
559766
559766
559766
559766
559766
553970
556550
558150
554790
553478
553478
556838
558554
557714
557714
558644
565940
565940
565996
573628
573628
573790
572950
572689
572689
570379
570379
570379
571828
571828
575188
575188
581508
581508
581508
589140
582240
575210
575210
575210
575210
574970
574970
577140
577140
580812
580812
580812
580137
580137
580137
580137
576705
576030
575100
575100
575044
563684
554360
556076
556076
553136
553080
553080
553080
552240
552240
563496
571284
571284
569684
572624
559268
560087
561536
557660
557660
555260
545460
545460
544530
544530
543078
543078
544506
544506
544296
545332
552400
552400
552400
552400
552400
539317
539317
506977
499681
499681
498751
494875
494875
491815
491815
491815
490720
501178
500968
505852
503272
509592
509592
506160
506160
506160
506160
511792
514960
520640
520640
520640
520880
527910
527910
533958
533958
533958
533958
534798
534798
537966
537966
537174
540342
546662
546662
546662
546662
548972
548972
548972
548972
548972
548972
547852
547177
547177
547177
547177
550047
557343
561015
561015
558435
558435
561015
561015
563885
563885
563885
563885
546175
548623
547023
550463
560921
560921
560921
555241
547945
546517
546517
546517
544861
544861
544861
586861
597781
596962
596962
593794
593578
597790
597790
597790
597790
598826
598826
602498
602498
602498
603428
603428
603428
600368
601208
599038
578170
572122
585082
579034
572554
572554
576430
575638
575638
575638
578698
577768
582136
582136
581974
581974
581974
581974
581974
582646
582646
576326
583795
583851
582267
583579
594436
594646
598078
598078
607402
607192
607192
622312
622312
621784
621784
621728
622400
626150
626150
626150
626150
626990
626990
624120
624912
633652
631936
631936
631936
631936
633536
633008
630428
630428
641684
642476
642476
647278
647278
651154
643498
647170
639538
641848
641848
641848
648168
644418
650242
650242
647302
654202
654202
653527
649855
638815
651604
651604
648244
646792
646792
646792
646792
646792
642424
642424
642208
640759
641434
652354
653474
653474
653474
650414
643118
641518
641518
641518
641518
647566
647566
646254
641862
641862
641601
641601
641601
643771
644265
644265
644265
644265
644265
644265
644004
644004
644004
651034
659658
659658
659658
659658
659658
658839
659934
659934
659934
653614
654286
646654
647473
648568
656224
652474
641114
641114
636312
636312
642632
642632
642632
642632
642104
642104
642104
642104
642104
642104
642104
642632
644232
645544
645544
648604
654236
654236
654236
654236
654236
654236
654236
643778
642742
646174
645913
645913
643333
642238
642238
642238
642238
642238
642238
642238
642238
645406
654146
654146
654146
660194
660194
660194
661034
661034
661853
661853
662783
659615
659615
652937
652937
652937
654887
654887
664687
664687
664687
664687
665617
660733
660733
659697
656337
656337
650017
653457
653457
650587
651115
652210
652210
645180
647580
647580
626712
619416
619584
619584
619584
619584
619584
619746
621195
621987
623082
608782
608782
608782
608782
609022
609022
605590
605380
604692
604692
601020
599592
595920
600722
597554
597554
592752
592752
598208
599660
599660
599660
599660
592028
595700
599132
596072
596072
587332
586237
582565
571309
571147
571147
571147
571147
571147
571147
578616
585912
585912
585912
585912
592232
589064
587944
591694
591694
589294
621634
614566
614622
610872
614622
620254
627886
627886
627886
627886
585886
584170
581590
585466
585466
585466
578788
578788
578788
578788
584584
597667
587209
585609
570489
583572
586812
586868
587030
583590
590886
608596
608596
608596
608596
608596
608812
610240
616560
615768
613598
612668
612724
612724
611884
613484
613484
613484
613484
608600
609392
609392
601604
601604
601604
609392
614194
615622
615622
614947
614947
609315
651315
652435
646755
646755
646755
647016
647016
646224
641856
638184
638184
638184
636735
647775
647775
647775
650835
650835
650835
650835
658131
657459
661209
650289
650529
650769
650769
651588
651588
651094
651094
647662
648974
648974
648974
648734
648734
647698
647698
647642
640612
636736
627996
627996
627996
627996
627996
627996
621948
619078
619078
611782
604313
602003
599603
592573
592573
592573
586253
579933
579003
579003
579003
575127
575127
575127
562338
561026
560186
559091
548234
542186
542186
542186
542186
542186
541346
541346
537906
533694
532902
526582
523150
523150
520980
519380
519380
519218
519218
514416
514416
514416
513321
502401
500091
491351
491351
489751
489751
489751
484119
484119
482807
482279
479219
479219
482279
496579
502211
515000
515000
516600
516600
516600
517128
517128
514680
514680
514680
513585
507537
507537
506718
506718
506718
504768
491808
491808
490968
490800
490800
485998
485998
485470
479646
478334
478334
478334
478334
477662
476210
472538
472538
472298
472298
459509
449709
447993
447993
439369
436201
434251
434251
438127
441295
441295
443011
443011
443011
443011
443011
433687
432868
432868
432868
432196
432196
425296
425296
425296
425296
425296
418976
418976
418976
418976
418184
418976
425654
443364
443364
432108
431316
429888
426138
426138
425922
425922
425922
414882
411006
401206
392582
392321
392321
392321
392321
389153
381365
381365
381365
373709
373709
372779
371960
364664
359208
359208
354406
354406
352957
349285
342965
342909
329826
329826
287826
282030
282030
282030
281868
281868
281628
281628
275996
275996
268364
266936
266936
264488
262888
261576
255096
248776
248776
251224
253534
255134
261454
274243
275555
282035
268952
268952
268952
265202
264107
260867
257435
253685
253629
252029
250909
250853
233143
233143
200803
199203
198675
198675
184375
184375
184375
181315
175683
162894
175683
185483
186011
189071
190671
191983
197615
197615
197615
197615
190319
187259
187259
186223
185983
185983
185983
185983
185983
185983
185983
193013
197225
201101
208570
209606
211034
211034
211034
222394
229072
229072
229072
229072
223440
215971
215971
208675
209557
217026
224322
217842
216258
216258
216258
222936
229416
229416
229416
228576
234372
235212
246572
246572
246572
236772
223983
222383
216751
215439
212379
211851
211851
213451
213451
213451
213451
207771
207771
208299
218099
235424
236736
251036
256668
259728
256858
269647
274449
275898
283498
290566
296246
299116
319984
318556
312236
303612
301212
293743
293687
293743
296143
303612
305040
313664
319984
319456
318144
305355
291055
287995
282363
265038
263438
253638
242278
235600
242278
253638
251190
238401
237089
230769
229169
222689
220379
221979
224289
230769
243558
246006
252326
253638
252756
245287
237991
237991
237991
237991
237991
237991
237991
237061
238489
239584
240514
243954
255210
280851
288483
288483
288483
288483
284607
284607
282891
282891
279723
288347
290297
293465
293465
306254
307970
307970
307970
301490
294812
301490
307970
307476
306801
306801
304387
304387
304387
304387
304387
304219
292859
286181
297541
304219
302791
295322
288292
284416
283380
279168
283380
283380
290849
291885
291885
291885
290955
290955
290955
285275
285275
285275
276651
276651
275051
268571
262251
260939
258491
256181
243392
244992
251312
253760
266549
267861
270171
276651
270855
259495
258655
259495
270855
276651
269973
258613
265291
276651
269973
263493
276282
284070
295110
303780
313580
316640
328000
329656
333532
337282
338212
340612
343060
346936
355560
361608
365358
370242
371172
378960
385860
390662
398131
405199
410655
411855
412349
412349
412349
423389
424064
425376
427092
428748
429843
429843
443199
443255
443423
452747
453629
454304
454466
454466
457406
457406
458198
459038
464670
465600
467052
467052
470492
477560
477560
481000
487048
489496
489496
496526
496526
496736
496736
496736
497936
506676
506676
511478
511478
511640
509690
496901
496901
493733
485109
485109
483393
483393
493193
501817
505693
507643
507643
510811
512527
525316
526900
530260
562600
562600
562600
564256
564256
566426
570794
570794
581651
583103
583922
592592
593280
593280
596720
596720
596720
596720
596888
596888
597576
579866
573188
573188
572396
576068
576068
576068
580952
583532
586402
590614
601534
612790
612790
625873
630085
630085
630085
630085
630029
623709
622281
614812
606188
603788
610108
617577
619977
621405
621461
630085
630085
635765
622976
623816
612776
612776
612776
612776
612776
612776
615356
615356
615356
609308
609308
609308
620228
620228
620228
620228
620228
620228
620228
620900
620900
620900
620900
621140
621140
621380
621380
621380
618440
623324
623324
622532
623207
622532
623204
625784
625784
625784
624068
616280
622328
631068
634308
635148
635148
635148
635148
635148
632700
646056
646056
646584
646746
646746
643686
643686
643686
643926
642996
642996
635527
630071
630071
633503
622463
622463
622463
625703
625943
626111
621227
621227
621227
609867
603189
603189
615978
615978
616140
616140
616140
620016
620016
620016
624818
622418
623348
616280
620312
620312
620987
620987
620987
620987
627035
627035
627854
627854
630724
625092
625092
625092
625764
625764
621888
621200
623780
615040
613840
621136
621136
638846
651635
656437
656437
654781
622441
622441
622441
622441
623233
624073
624073
624073
615403
615403
615403
615403
615403
615403
615403
615403
621199
621199
621199
621199
627519
627519
617719
618649
617719
628759
615676
615676
615676
615182
621502
621502
621502
621502
621502
621502
621502
621502
618062
617243
620303
623743
620303
619208
619208
619208
619208
619040
625520
628960
631540
631540
631540
631540
631801
627589
627589
627589
627589
620120
619084
619084
615644
620528
620528
620528
612740
612740
605672
606491
619451
619451
617003
615403
613093
606773
605461
598981
586192
586192
587792
590240
590240
590240
590240
590240
590240
589310
589310
590129
590129
586457
586457
584801
584129
584129
584623
584623
584623
584623
584461
577561
577561
577561
577321
575665
575665
575665
574213
575665
580057
580057
580057
575173
575173
575845
614917
610115
610115
610115
610325
610325
610325
618949
618109
618109
617947
614071
614071
617239
618275
618275
618275
618275
618275
618275
617600
617600
621272
621272
621272
621272
615592
615592
615592
615592
617992
624670
629472
628797
628797
631245
636047
635372
635372
626748
635488
635278
635278
634078
623158
625606
625606
624022
624022
624022
615352
615352
611602
607234
593878
582518
585098
588158
588158
583946
583946
579734
579734
579734
621734
625484
624956
624956
623644
617596
617764
617764
617764
629020
629020
625270
625270
625270
629146
641935
638695
643579
637531
636691
630643
627773
627941
627941
627101
630461
631133
632169
636971
634523
629639
629639
630133
630133
619093
618274
618274
608950
616018
616018
617330
621080
616278
616278
616278
616278
616278
617208
617208
617208
617208
620640
620640
620640
620640
641508
635188
635188
640644
640644
640644
641574
638214
641154
641154
641154
641322
641322
641322
634026
634026
626996
626996
624416
630096
641136
640464
640464
640464
640464
649088
635732
635732
635732
633562
633562
633562
632632
632632
632632
631960
631960
631960
631960
631904
631022
643982
643982
643982
643982
647654
647654
647393
647231
647231
647231
650399
651074
651074
651074
650834
638045
637205
637699
631379
631379
630691
630691
619834
619834
620509
620509
620509
623449
623449
623287
623287
623287
626157
626157
626157
626157
623577
623577
623577
623577
623577
623577
623577
623577
623577
618775
618775
632131
630679
641536
641368
642680
642680
639512
639512
638060
643516
634776
634776
634776
643516
643516
643516
644636
644636
643844
647720
648756
649431
649431
649431
649431
649431
646851
646851
641055
642175
638735
638735
630111
633861
641330
641330
630074
626042
626303
627339
633819
631239
624759
624759
624759
624759
632055
632055
637851
626931
626259
631143
639813
642981
654237
654237
654237
654237
657297
657297
657297
657972
657972
657972
657972
653170
654206
654206
661838
661838
661838
661838
661838
661838
661838
661838
661838
661838
661838
661598
661598
661598
661430
661430
657998
661874
659474
658544
647288
654188
654188
654188
655118
655118
654446
654446
654446
656102
645062
645062
645854
624986
624986
624986
629354
637978
637978
637978
637738
648595
647776
647776
644716
641846
628886
628886
628886
630486
625684
626372
620692
599824
592224
587422
596046
593176
591727
591727
597183
555183
548115
548115
548115
548115
548115
548115
547905
556645
556645
559045
559045
559045
562105
562105
565537
566632
566632
567320
566645
561843
561843
561843
561843
561843
561843
561843
561843
562531
562531
544821
544821
541389
541389
542484
539244
539244
539244
539244
539244
538750
537820
538314
533430
533430
533430
533430
534550
536500
536500
538100
538100
538100
549140
549140
548972
547936
550336
550392
550392
550392
550392
550392
546516
550884
558672
562548
562548
567432
567432
567432
567432
575220
582516
583611
584430
591726
597358
597190
597190
599638
599638
599638
602878
600298
599262
599262
599262
599262
599262
599262
599262
599262
599934
599934
599934
599934
601386
601125
601125
604557
613227
626016
621624
621624
621624
627304
637762
639932
631192
631192
631192
618403
617909
578837
578837
575777
562817
562817
566177
566177
583502
584190
586140
585646
589522
592462
598510
594760
596212
598382
605851
612881
618561
615121
609665
600925
600925
600925
599995
602865
602865
603540
603540
603540
599868
599868
592800
598624
604448
604448
604448
610272
610272
610272
610272
611112
604434
606090
608260
608260
611620
622660
627028
627028
633706
633706
633538
634357
634357
635287
634468
634468
634468
634468
634468
634636
631766
631766
628826
628826
628826
620156
619481
619481
615605
615605
622635
622635
621515
621515
621515
621515
617765
618860
614984
618044
618044
618044
610575
610575
619245
619245
619245
619245
621825
622665
623340
627216
618476
618476
617788
617113
620863
623311
623311
623551
623551
623551
618667
621607
619159
619159
616219
616219
619659
618623
618623
617587
617587
617755
617755
617755
623387
623387
623387
623387
623387
627755
644036
644036
644036
639152
641600
643770
643770
643770
644031
644031
641451
641451
652491
649131
641835
641835
634935
632487
632487
643527
643527
640467
640467
640467
639347
640035
642615
636935
636935
636935
632133
638811
637211
637211
636116
632948
632948
633878
633878
633878
622518
616722
615882
615882
621678
622518
622518
614730
614730
607098
613418
609986
609986
609986
609986
609986
609986
610226
606554
606554
606554
605459
604007
604007
604007
604007
604007
604826
604826
604826
606996
589671
585303
585975
584663
584663
584663
584663
597452
591656
591600
591600
593256
590196
590196
590196
596516
596516
583727
583727
590795
587555
587555
583805
583967
584129
584129
582817
586693
586693
586693
587365
596105
599777
600707
600707
594227
594227
594227
594227
607187
598563
597468
590172
590172
597641
584285
582685
575216
575216
564359
553502
556442
553994
553500
547868
547868
547868
552752
552752
552752
552920
552920
547464
547464
553096
546066
549306
550146
552594
552594
552594
552594
551919
551919
557599
557655
557655
557655
561867
561867
565107
562167
560715
560715
560715
560040
560040
560040
561624
587265
578595
572771
568403
567584
567584
566548
566548
567643
565987
572035
572035
572035
572035
564739
562789
562549
562549
565717
565717
565717
565549
564619
567067
567067
567067
567067
563191
562503
560553
557385
589725
593937
590577
589647
581859
570603
557814
555366
555366
562266
563196
563196
559320
554436
554268
558018
567342
567342
558672
558672
565702
567652
564292
564292
567964
564532
564532
563437
565837
565837
565837
558807
558807
550183
550183
550183
550855
550855
549735
549735
549735
549735
556635
556635
556635
548011
555307
555307
553137
559185
559185
567809
570977
576609
576609
578325
577485
577485
581157
580469
580469
580469
569429
569429
569429
569429
569189
565749
565749
563349
559599
561048
548259
545319
558402
562770
563610
561954
562642
562642
556962
557178
560238
559446
559446
561046
560374
571231
570543
570543
572943
572943
570773
605717
618506
621376
625252
619204
630061
630736
630736
630736
630736
627866
645191
643021
655981
655981
651613
652285
665368
665368
678157
678325
678325
672869
666191
666191
666191
663611
663611
667043
664873
665803
661591
666475
655435
662335
661647
663099
664699
658875
653195
658651
660103
660103
649645
655965
655965
655965
655965
644925
641049
639393
633761
640241
640241
640241
660261
660261
660423
660479
660479
651739
651683
651683
651683
649235
649235
649235
662195
662195
670865
673805
673805
676973
674573
674573
677633
677633
677633
680213
680213
680213
680213
686533
692581
681541
681541
665260
666844
666844
659776
659944
659944
659944
659944
659944
659944
659944
658344
658344
658344
655896
655896
657496
657496
657496
658808
661256
667576
667576
661752
662571
662571
662571
662571
662571
662571
662571
662571
662571
664881
664937
664937
664265
675305
675305
673135
676005
691125
692055
692055
692055
688995
688176
688670
688670
688670
687995
689711
689549
689549
689549
683917
683917
694837
694837
697285
697123
693451
693451
693451
693451
686773
685324
676700
672824
672824
659864
653544
664464
663534
663534
664206
665790
665790
666000
666000
666840
666672
655815
655815
660207
656535
656535
662215
664165
664165
667597
667597
667597
666502
666502
666502
666502
666502
668812
668812
669052
672112
670162
670162
670162
671762
671762
671762
664130
662702
637061
625805
624875
623780
620340
621792
621792
621792
621792
622584
621912
617544
615960
610328
609488
609488
620848
622300
621481
621481
612857
611141
611141
607265
604097
602147
589358
579558
579558
579558
581274
587322
589272
589272
589272
589272
588342
588342
588342
591510
587298
586458
586458
586458
580778
581570
581570
549230
549758
554560
560016
560704
557834
557834
563882
563882
564918
567088
567144
568239
568239
564807
564807
570487
570649
570649
570910
570910
570910
566026
563086
559846
559846
560107
560107
560107
564475
568687
574367
574367
574423
574423
577863
571815
571815
570099
571029
571029
570768
570768
570768
566400
566400
566400
566400
573869
575453
575453
576548
576710
576710
576710
576710
570390
570390
570390
576710
574130
576710
576710
576950
576950
576950
564161
564161
563321
543301
543301
549097
564217
564217
563545
576628
580060
580321
580849
587169
587169
587169
587169
594801
590925
590709
590709
590709
590709
590709
586959
573999
573999
571551
570863
567803
567803
570203
570419
567839
584120
584120
583952
583952
583952
580784
581045
581045
620117
616877
615947
609627
619427
619427
630683
632339
632339
624870
626454
626454
635194
635032
637342
630312
630312
630806
630806
630806
631598
642854
643022
640574
638264
649121
649121
649940
651392
648224
654020
652568
652624
661364
661625
657749
664069
664069
667945
667945
667270
667764
675552
675552
675342
675342
679710
686030
668705
668705
668705
668705
667886
642245
641315
638375
639824
634940
634940
634700
640524
627441
627441
627441
634471
635899
635899
635899
635899
633499
633499
620710
620710
609670
607222
607222
609392
602096
602096
600512
565568
565568
565568
565568
569960
578700
582576
590208
601128
595672
595672
597256
597256
595306
603976
603976
604651
603859
603859
602259
615219
615219
612819
612819
612819
614419
614419
607939
602259
602259
602259
602259
592935
592935
579975
588599
586429
584829
586779
586779
597636
597636
596844
596844
599904
599904
600432
600432
600926
600926
601962
596506
596506
597194
597194
597194
589725
596793
597468
597996
597996
591096
582426
582426
582426
582165
575265
572097
561240
578950
578950
579790
579790
580582
580582
585384
587784
587784
587784
587544
579912
587544
587544
587712
586260
586260
587844
590904
593774
593774
593774
592844
596012
596942
596942
596942
583859
583859
583187
581603
587283
583611
583611
584451
585903
590295
590295
590295
590295
583975
583807
580367
585823
586495
585043
584782
578734
578734
578734
578896
580846
580846
580846
569926
572986
573202
573146
574574
587363
587363
587363
585911
579011
579011
579011
578750
578750
578582
577546
578998
578998
577903
579503
577847
574415
574415
568735
568735
568735
568735
555652
557080
557080
556552
550872
546660
546660
554129
554129
565385
570269
570107
573047
576107
576107
577559
573167
575337
575337
575337
583125
584781
584781
584781
584781
584781
585621
582561
578193
572397
572397
574053
574053
571473
571473
571689
573138
576888
565968
563798
563798
568010
564134
564134
564134
560702
560702
571622
574982
575801
575801
575801
576476
576476
576476
570428
570428
576252
576252
569932
566056
566056
566056
569224
569224
571804
571804
567002
567002
567002
567002
562610
562610
556562
554252
554252
554252
554196
553266
553266
554386
556042
556042
546242
546242
548412
547918
548086
548086
555382
558822
558822
558822
558822
559494
559704
559016
559016
559016
559072
562948
562948
562948
562786
564502
564502
566158
566158
569590
577378
576690
576690
576690
576690
576690
573630
573630
573630
574305
574305
561345
559629
561799
546679
548335
548503
537143
519433
519433
526729
526785
524835
524307
526023
526023
526023
526023
526023
525855
525594
531226
531170
538466
535596
535596
539964
539964
539964
529107
529107
531977
531977
526181
523013
523013
522341
522341
521666
521666
521610
522922
528554
528060
537384
537384
541056
540840
540840
540840
540840
540048
551088
551088
556768
556768
556768
555168
555168
555168
556620
545364
547534
547534
547534
547534
560323
563995
563501
569133
572301
572357
573809
573809
572225
572225
571385
571385
571385
569075
568039
566587
566587
565747
565747
562687
556367
556367
559607
559607
559607
559607
559607
559607
558179
560759
560759
569383
572823
572823
566775
566775
566775
568375
571815
572309
570359
573419
574107
574051
562795
575584
575584
575584
575584
575584
576112
581936
573196
572702
571102
565278
558248
551928
548868
548868
548652
535863
535863
535863
534768
542400
542400
549468
549678
549678
549678
552846
552846
537726
537198
544830
543378
544308
544308
544308
533388
533388
535968
543264
544359
544359
537291
537291
534891
541959
541287
542079
533409
533409
534228
535323
535323
535323
533667
536835
536574
539634
523353
520483
530283
530451
530451
530451
537920
537920
537248
535664
496592
496592
496592
502416
500988
502588
502750
504700
504700
504700
507868
507868
507028
511240
524029
524029
524029
522429
522429
522429
516109
515899
508430
508430
507500
506681
506681
508281
519641
519641
519641
519641
518192
518192
512512
503772
503772
503772
503772
516855
516855
505998
505323
505323
500955
500955
500955
513744
508064
511004
514244
512660
512660
503920
498096
498915
504739
504211
504211
504427
496639
495211
501035
501035
502635
505875
494619
487323
488359
492571
490915
491707
490051
490051
490051
488395
487555
500638
500476
500476
500476
498076
494404
494188
486556
486556
485107
485107
483795
487235
487235
490907
479987
479195
479195
485873
485873
485873
489545
489545
489545
492785
513653
505029
505701
505701
514371
510003
510003
497214
497214
498144
501084
501084
504524
500774
500774
493142
493403
495851
494399
494399
494399
495087
490875
490875
490875
490875
490200
490144
498814
498814
494422
491362
483574
496534
496534
489238
492298
490128
490128
490128
486960
483900
483900
485349
481909
481909
481909
481909
481909
477107
477107
475655
475655
472715
488996
488996
488996
488996
502079
502079
502607
497723
497667
500607
500607
498951
496371
496533
496533
493473
502097
502097
498929
497345
508202
508202
515498
517808
517808
523440
523440
522621
522621
522621
523413
524085
524085
531153
531841
531841
549166
549166
554962
550750
550750
550750
550750
561670
561508
560056
554600
556770
582411
582411
580011
573691
565067
563639
556170
556114
548818
551218
551218
559958
559139
559139
555779
572060
577692
577692
577692
580752
580752
584184
584184
584184
586764
586764
628764
637388
640258
653341
653557
642197
642197
642197
639029
642779
642779
646019
644899
644899
646351
633562
630982
630982
629266
627666
624606
624606
624606
625642
625642
625642
625642
625148
623432
630332
622544
618872
618872
630232
635116
629292
623660
623921
623921
625373
623773
617453
617453
617453
617453
616141
616141
616141
610509
611349
611349
614789
612619
610171
608221
608221
608221
608221
608221
607126
610566
612980
618804
626273
626273
629333
629333
629333
629333
637121
633245
633245
633245
631793
631793
631793
631793
631625
630950
630950
631112
631112
618323
615743
615743
613573
615289
611857
611857
611857
613573
614101
617773
620353
617113
617113
617113
617113
620863
620863
620863
620863
624739
624739
621299
621461
621461
621461
620366
617496
617496
618924
611455
613405
613237
614549
616949
613709
613709
613709
613709
613709
624566
625661
625922
615065
615065
614903
614903
614903
614903
620699
620699
620939
620120
620648
621578
625250
625250
612290
612290
612290
606658
606658
602986
615775
614739
614739
614683
618559
609889
602257
601585
602257
599317
595877
595877
596696
575828
578228
575288
574760
587549
587549
587549
600509
603749
592709
592709
592709
593549
587753
587753
599113
608913
608913
608913
608913
608913
606465
606465
612785
612785
604045
599833
599833
606313
602873
606113
603943
603943
611239
617719
617719
609095
609095
608567
608567
599243
598313
603197
600137
587348
590516
590756
590756
587816
587816
587816
587606
586006
598795
598795
609715
614517
614517
615399
617349
606429
606213
606213
606213
609453
604569
604569
603777
607653
608181
608181
608397
608397
615465
615726
615726
616414
616414
609346
612586
612586
596305
593065
595375
595375
592207
591519
591351
588183
588183
580551
580551
580551
567468
561644
561806
561806
561806
561806
570546
569874
573624
567800
567800
567800
567800
567800
574120
564320
562720
564320
567260
568380
569964
572364
574080
579712
573888
575340
568044
568044
568044
568044
581127
581127
581127
575303
568235
573915
573915
586998
586998
586998
599787
596917
599087
596507
596345
597657
597657
597657
597657
596817
596817
591021
591861
597657
597657
597918
597918
601794
601794
614583
588942
588681
602981
606413
606413
609473
608021
602389
603064
603064
604100
602384
603059
600659
609329
608537
613339
613339
611029
611029
610768
610768
613348
614188
613972
610732
607292
607292
607292
607292
607292
607292
603620
611089
617409
604326
629967
621297
621297
622609
625849
626885
633563
633563
633563
634403
618122
618122
617434
615834
616509
616509
616509
616509
629298
634930
635618
635618
637070
631274
628034
625634
625634
626946
626946
630006
629318
629318
629318
629318
630918
632346
657987
657987
657987
657987
656951
656951
658551
658551
656381
669464
666032
652949
652949
652949
646049
646049
642377
642545
642017
641225
623900
628702
630418
630418
630418
630418
630418
630418
621794
625670
625670
625670
625670
624998
624998
625673
638462
637532
637532
637700
637700
640148
640148
639266
639266
638336
645404
645404
647852
647852
644180
644180
644180
633323
633323
633323
638125
626765
613682
620360
613682
602322
602322
609618
615250
615250
613798
613798
616966
616966
616966
616966
616966
617128
616867
616606
610126
612076
617708
621584
623534
623534
623534
626594
626594
626834
623594
623594
623594
625764
627480
627480
629880
627300
627300
614511
614511
607042
605092
605092
605092
601852
601852
598792
599008
598768
590144
590144
590144
590144
590144
582848
575060
573965
573965
580995
584745
585840
584391
584391
583551
583551
586791
589851
586101
586101
586101
585261
585261
585261
589473
589473
589734
589734
589734
592674
598306
594556
581767
581767
586159
582283
575215
573615
570183
567783
567783
562151
562151
549362
549362
549362
542066
542066
539666
539666
537950
537950
534200
534200
534200
534200
534200
533984
529100
528260
527732
527732
527732
527732
485732
485732
485732
484016
480848
478898
478898
478898
478898
478898
480848
484016
485732
485732
485732
485732
485732
485570
485042
477573
477573
476145
476145
474545
472131
472131
470679
470679
464001
460561
454241
451001
451001
447125
445175
443863
440423
440423
440423
433355
429479
429479
429479
403838
403670
401954
398078
383778
383778
383778
380610
379922
379661
379499
379499
379499
376259
376259
375584
373634
367314
364254
364254
364254
361314
348231
335442
335442
329810
324178
317698
317698
307898
307898
307898
294815
294815
293996
293996
286700
285248
285248
282848
282848
282848
282173
281498
280378
280117
280117
278401
275461
249820
236860
233800
226732
226732
226732
226732
225892
214972
214972
214732
214057
201268
188479
188317
188317
186733
181053
177993
177993
174243
169441
169441
160771
159055
156607
155295
152985
152985
152985
151035
151035
150795
150795
149483
140743
140055
135253
122170
122170
119590
119590
119590
113270
113270
113270
113270
113270
113270
111958
106326
105290
105290
103690
100522
100522
98352
96182
95087
91847
89399
88363
88363
88363
88363
88195
85135
81895
81895
81895
80467
74835
71775
71775
66973
66973
62171
56539
56539
56539
52663
39874
33196
33196
33196
32980
32980
32980
32980
28768
24376
24376
20500
20500
13470
13470
13470
7674
6834
6834
5118
5118
5118
5118
1950
1950
0
0
