4160
9344
12886
15476
16092
18900
20876
29836
42385
58985
62405
68669
75329
78049
111624
111624
127824
135944
136673
148013
150011
173931
179571
193251
195487
200883
203053
208021
208515
244859
247579
249403
266003
274151
277301
282551
286679
287471
291013
291813
292023
297419
297419
297419
298376
298376
298376
298376
298376
298992
312432
315568
339488
341848
346008
346708
348944
353072
354392
354734
357454
362954
365124
368388
377348
383816
384296
390344
390446
393166
398416
401958
402574
405034
407659
416619
422469
425229
427399
427741
430891
437079
455205
456005
460352
460846
459022
470362
486962
486962
500642
503362
506512
511480
512209
512209
514033
514033
519429
519429
521665
523835
521599
521599
516203
492283
484135
467535
465537
459897
446217
443497
440347
438177
401833
390493
389764
389270
384302
382132
381638
381638
378918
376682
376682
373532
373532
373532
373532
371708
371708
370979
357299
357299
357299
351903
356871
345531
346260
346260
346260
346754
341786
341786
341786
341786
325186
325186
325186
325186
325186
325186
327422
341102
342422
343918
350386
354838
358128
371568
379688
397328
397670
400806
403431
406851
410307
412667
427517
427517
427517
428969
428969
428969
428969
428969
428969
428969
429585
429585
430542
430542
430542
430542
430542
430542
431271
437739
439059
452499
458349
470749
483451
483553
486013
486403
492667
496727
499352
504812
505292
506092
507232
508032
514220
517370
517712
519882
523424
520664
518494
521254
516907
513757
507569
489443
489443
489101
489101
489717
484467
484467
493427
493427
493427
492811
490186
487726
478766
475224
474424
468574
471034
471034
468314
481994
486341
486551
487711
505837
514615
518035
534235
538203
538697
540073
549273
574529
586805
593465
593465
595463
595463
595957
598193
622113
624833
619865
619865
621689
624839
625568
627738
627738
627738
635886
641526
641526
677870
677376
677376
677376
675140
691740
697136
710816
710816
710816
710087
710087
721427
721427
721427
726395
726395
730555
736819
749368
765568
749368
756028
789603
777054
777054
782238
784828
786804
790346
799306
802114
818714
822134
830254
822134
817974
820694
817152
815176
815176
781601
778881
772221
755621
752201
749611
746803
737843
732659
732043
725779
726395
726395
726395
726395
725779
724822
730072
730688
736876
736876
760366
765762
765762
765762
765552
765762
760512
759720
758920
754792
751250
752207
753007
753007
757135
757135
757135
757135
757135
751739
751739
751739
751739
751739
751739
751739
751739
752355
752355
756515
757472
757472
757966
757966
757966
757966
757966
757966
764434
765754
778154
764714
767174
760910
755060
752600
746132
759572
759182
771884
771084
771884
759484
758164
764428
768488
764428
764530
765010
764908
770758
769618
756916
758056
757576
760201
760591
755131
752506
757966
754676
752316
751974
758442
756946
753810
740370
754050
757470
753018
751698
736848
733428
726960
724335
716215
716557
721009
722505
725130
728266
741706
745162
760012
762372
765662
762206
770326
752686
754006
771646
757966
763816
770242
783202
789390
805590
808398
820011
822603
823857
828432
832560
836528
845488
853636
853636
851400
865080
863256
839336
831188
829190
826470
827199
832595
832101
837741
839911
844879
839239
836089
836089
836089
835360
821680
816284
816778
816778
818602
818602
813634
813634
797034
794864
794864
794864
794864
797100
785760
749416
752006
757856
767056
772452
774812
775541
789221
822796
834320
838480
844744
852904
854983
861031
907399
920101
922909
922109
916649
917969
930369
931509
925245
937947
924507
924507
929967
929967
929967
929967
929967
930069
930549
924699
912299
909674
910474
910474
909994
908854
904794
904404
897936
895476
895374
882672
882672
882672
881352
881352
881352
881352
881454
881454
881454
881454
881454
881454
881454
881454
881454
883814
883814
883814
883814
890240
892865
892967
939335
944795
950045
951397
954817
958877
963005
968645
977845
981109
983701
993901
993929
1027504
1028120
1032467
1032467
1038317
1042664
1045814
1052002
1054172
1054514
1054514
1052344
1055104
1054762
1054762
1048574
1045424
1045424
1045424
1046224
1046224
1048684
1045142
1045142
1045142
1045142
1042382
1042998
1042998
1042998
1034038
1031578
1031578
1030962
1030162
1030162
1030162
1030162
1031302
1031302
1031302
1031512
1033591
1033591
1033591
1035087
1035087
1035087
1035087
1035087
1035087
1035087
1059007
1070531
1070531
1071691
1071999
1071999
1077639
1077639
1077639
1079135
1079135
1079135
1079135
1080487
1080515
1080515
1080515
1078691
1078691
1076455
1075961
1080929
1078759
1080929
1080929
1094609
1094609
1094609
1095338
1089698
1095094
1095094
1098244
1098244
1100480
1099751
1116351
1116351
1124499
1119103
1119103
1119103
1105423
1105423
1105423
1105423
1100455
1100949
1100949
1106589
1106589
1106589
1106589
1106589
1106589
1106589
1106589
1106589
1106589
1106589
1106589
1106589
1110749
1111365
1110408
1110408
1109914
1114366
1114366
1114366
1114860
1114860
1114860
1115817
1122285
1122285
1122285
1125705
1125705
1125705
1125089
1125089
1125089
1125089
1120929
1121729
1121729
1121729
1121729
1121729
1127579
1130039
1130039
1124579
1123779
1123779
1123779
1123779
1123881
1124361
1124361
1123041
1110339
1110339
1110339
1110339
1110339
1111479
1111377
1111377
1111377
1111377
1110237
1110237
1109757
1097357
1097357
1097357
1097357
1097357
1097357
1097357
1097357
1098086
1098086
1097470
1097470
1096513
1096513
1096513
1096513
1096513
1096513
1095784
1095784
1097236
1097236
1098193
1098193
1098193
1096741
1096741
1096741
1096741
1096741
1096741
1096741
1096741
1100901
1100901
1100901
1100901
1101517
1102011
1107407
1107407
1107407
1107407
1107407
1107617
1107617
1108777
1111137
1111137
1111137
1111137
1111137
1111137
1111165
1111165
1111165
1111165
1111375
1113454
1115914
1115914
1115914
1115914
1115914
1114774
1114774
1115914
1115704
1115704
1115704
1115704
1113625
1113625
1113625
1113625
1113625
1113625
1113625
1113625
1113625
1113625
1112129
1112129
1112129
1112129
1112129
1112129
1112129
1112129
1112129
1112129
1112129
1112129
1105703
1101128
1101128
1101128
1099874
1083674
1083674
1083674
1083674
1083674
1074714
1077522
1074714
1074714
1068864
1055904
1055904
1044291
1044291
1044291
1040163
1032015
1029423
1023235
1023235
1019267
1019267
1021627
1018207
1018549
1031989
1033485
1036775
1041227
1047695
1050831
1058951
1045271
1048727
1051352
1052672
1070312
1085162
1082802
1069362
1068042
1071462
1071120
1064652
1061516
1058891
1050771
1033131
1046811
1042359
1040863
1037573
1034117
1019267
1024727
1028183
1031473
1031473
1031953
1031953
1031953
1040913
1045881
1045881
1045881
1047135
1049371
1049371
1051347
1051347
1051347
1051347
1051375
1051375
1051375
1052134
1052750
1052750
1052852
1052852
1052852
1052852
1052852
1052852
1052852
1052852
1052852
1052852
1052852
1052852
1052852
1044704
1042468
1042468
1042468
1042468
1042468
1040298
1040298
1040298
1026618
1026618
1023468
1017828
1001228
1000734
1005702
1006431
1001035
1001035
1001035
996067
996067
996067
995338
997574
997574
997574
997574
997574
998068
998068
998068
998410
1000870
1005094
1007264
1009856
1014203
1023163
1023955
1023955
1028015
1031435
1054925
1055684
1055684
1067024
1068164
1069660
1069660
1067200
1067200
1067200
1065121
1067200
1067410
1067200
1067200
1067200
1067200
1066060
1066060
1066060
1066060
1066060
1066060
1070188
1070188
1069572
1069362
1063174
1057924
1052528
1052528
1052528
1051728
1047600
1024110
1024110
1024110
1024110
1024726
1025526
1026483
1025526
1030776
1030986
1036382
1042570
1046538
1047330
1050872
1058992
1075192
1098682
1116322
1116322
1116322
1116322
1112354
1103154
1103154
1090878
1091088
1091582
1077902
1074482
1074482
1073106
1068759
1068759
1068759
1062099
1062099
1062099
1063475
1054697
1054697
1054487
1054487
1055647
1055647
1054487
1029231
1029231
1011105
994905
994411
993611
993611
993611
993611
987761
987761
987281
987281
986141
986141
986141
986039
986039
986039
986039
983579
999779
997189
992005
1000125
996583
963008
958848
942248
939528
926979
923559
917295
910635
908659
908043
891843
889035
880075
880691
886955
891115
907715
912899
926339
926339
929881
932601
935191
947740
951160
943040
945016
947824
954484
963444
963444
960684
957534
957192
975318
981506
975318
977488
977488
980208
978038
978654
978654
974307
974307
974307
977067
977067
977067
977067
976267
979809
973959
973959
973959
971499
971499
970883
970883
970883
973343
973343
974143
974143
969796
969796
969796
969796
969796
970936
970594
970594
968515
966055
966055
966055
965845
965845
965845
965845
965086
964294
960234
951274
939934
936514
936514
934344
931752
930612
932691
928467
928467
926971
927181
903691
903691
903691
899531
899531
900147
900147
900147
900147
900147
899190
898574
898574
895154
890702
890702
890702
894158
893664
897824
902276
902276
926196
937720
937720
949996
949996
949996
950788
950788
944320
945277
951745
951745
952239
955659
979579
979579
979579
979579
979579
980739
980739
980739
980739
982091
987731
987731
987731
987703
989199
989199
989199
989199
989199
989199
988891
988891
988891
988891
964971
964971
963811
962315
962315
960963
955323
955323
955351
943827
943827
938859
938365
938365
936129
938849
938120
949460
949460
949460
949460
949460
949460
949460
949460
949460
949460
973380
974109
974109
975933
975933
981329
986297
988533
1005133
1007303
1015451
1021091
1057435
1057929
1059927
1063077
1076757
1082607
1082607
1084843
1087203
1090339
1095307
1095307
1095307
1099275
1099275
1099275
1099275
1099275
1099275
1099275
1099275
1099275
1099275
1099275
1099275
1099275
1099275
1099275
1099275
1099275
1096467
1096467
1096467
1096467
1096467
1096467
1096467
1096467
1096467
1096467
1096467
1097721
1097721
1097721
1097721
1097721
1097721
1097721
1097721
1097721
1097721
1097721
1097721
1097721
1097721
1097721
1097721
1097721
1097721
1098861
1098861
1100940
1100940
1100940
1100940
1100940
1100940
1100940
1100940
1100940
1100940
1098861
1098861
1098861
1098861
1098861
1098861
1099071
1099071
1099071
1098861
1098861
1098861
1098861
1098861
1097721
1084041
1084383
1066743
1060275
1046835
1060515
1056063
1041213
1039717
1038397
1035107
1031687
1031345
1028985
1032405
1024285
1026645
1030101
1038221
1034765
1032140
1035430
1048870
1052006
1066856
1071308
1072628
1074124
1070988
1088628
1091253
1097721
1097721
1093753
1093753
1097017
1100153
1097793
1097793
1097793
1097793
1097793
1097793
1097793
1097793
1095557
1089707
1094675
1094675
1106288
1106288
1106288
1106288
1106288
1106288
1106288
1106288
1103152
1103152
1103152
1103152
1103152
1098184
1100544
1100544
1100544
1100516
1094090
1091498
1081298
1076951
1075599
1042024
1042024
1041408
1032208
1026568
1021108
1021108
1021724
1021622
1021622
1018202
1014938
968570
968570
968570
968570
968570
965945
965945
961817
961817
961845
961947
961947
961947
961947
961947
961947
956697
952637
952637
952637
952637
952637
952637
952637
952637
952637
952637
952637
952637
952637
952637
952637
952637
952637
954013
954013
977503
980767
982846
991806
993302
995472
996968
997760
1000220
1000220
999080
999422
1000151
1004498
1007218
1010638
1013358
1027038
1031098
1031488
1035712
1038304
1040280
1046706
1046916
1049086
1049086
1049086
1050226
1050016
1050016
1050016
1052824
1052824
1053583
1053583
1053583
1051504
1051504
1051504
1051504
1051504
1053964
1053964
1054066
1065406
1067576
1068896
1068896
1068896
1070272
1070272
1070272
1070272
1070272
1070272
1072351
1072351
1072351
1072351
1072351
1073080
1073080
1073080
1073080
1073080
1073080
1073080
1073080
1073080
1073080
1072978
1072978
1070618
1070618
1070618
1070618
1070618
1070618
1070618
1070618
1070618
1070618
1070618
1070618
1070618
1070618
1070618
1070618
1070618
1070618
1070618
1070720
1070720
1070720
1070720
1078880
1073030
1061506
1056110
1055381
1055381
1055381
1056110
1046910
1058434
1064074
1030499
1064074
1061714
1057554
1049394
1060734
1078374
1084422
1087686
1101366
1113642
1119690
1122498
1120419
1123009
1116961
1122811
1116547
1120999
1120999
1130199
1138347
1139601
1145865
1152129
1138449
1138449
1142609
1142819
1142819
1145627
1132925
1130335
1135731
1182099
1186159
1187413
1189649
1143281
1148921
1151281
1148473
1150552
1163254
1165879
1179559
1168219
1171369
1177219
1174069
1171833
1171833
1171833
1171935
1171935
1171935
1171935
1158255
1158255
1158255
1159607
1157609
1152213
1164613
1140693
1135053
1135053
1139113
1154548
1155348
1156844
1168457
1168457
1173957
1173463
1173491
1173491
1173491
1177651
1181071
1164471
1156323
1159459
1159459
1156739
1156010
1156710
1156710
1156710
1156710
1157439
1155269
1155269
1155269
1155269
1156069
1151101
1151101
1156069
1158694
1158694
1158694
1160930
1161689
1163041
1161217
1124873
1127109
1127109
1131561
1146411
1146411
1149036
1150388
1150416
1151736
1156704
1153440
1157664
1157664
1154528
1167632
1167632
1167632
1181312
1185887
1192262
1201462
1201462
1201462
1219588
1219690
1219690
1221769
1221769
1221769
1224129
1219161
1219161
1222581
1222581
1236261
1236261
1236261
1236261
1224648
1224648
1228616
1228616
1228616
1228616
1231880
1235144
1235144
1235144
1235144
1240112
1240112
1237752
1241172
1241172
1241514
1243750
1243750
1243750
1246210
1247167
1247167
1247167
1251742
1251742
1251742
1251742
1251742
1251742
1252699
1252699
1252699
1252699
1252699
1252699
1252699
1257667
1258921
1258921
1258921
1258921
1284177
1284177
1286537
1286537
1287266
1289858
1301471
1306867
1306867
1306867
1310003
1310003
1310003
1310105
1310105
1310105
1311265
1311237
1311237
1311447
1316843
1316843
1316843
1316843
1316843
1311447
1311447
1311783
1311783
1315325
1317685
1317787
1317787
1317787
1315427
1318147
1321411
1322386
1322386
1322386
1322176
1322176
1324536
1324564
1324564
1323404
1323404
1323404
1322910
1323885
1323885
1324614
1324614
1325094
1325094
1325094
1325588
1328048
1328048
1328048
1328048
1332176
1332176
1332176
1332176
1338551
1338209
1339705
1328365
1329322
1341598
1337374
1355500
1353330
1367010
1364931
1411299
1410540
1406193
1415153
1418417
1419557
1415497
1414705
1405745
1407065
1407065
1383575
1389763
1388623
1390599
1396059
1406259
1408619
1411079
1411808
1413978
1415330
1417920
1419174
1419174
1421982
1421982
1419522
1416102
1414606
1417231
1417021
1417021
1414429
1410973
1410973
1410016
1410016
1410016
1410016
1397740
1397740
1397740
1394320
1403520
1403520
1403520
1403520
1403520
1403520
1403520
1403520
1403520
1404872
1405601
1405601
1405601
1409761
1409761
1409761
1409761
1409145
1409145
1397621
1397621
1393169
1393169
1389009
1389009
1389111
1365191
1369159
1369159
1362691
1363185
1362393
1361899
1361899
1364259
1364739
1365696
1365696
1365696
1367072
1367072
1367688
1376648
1376648
1376648
1376648
1376648
1376984
1378336
1378336
1378336
1376840
1379300
1379300
1379300
1379300
1379300
1379300
1379300
1380676
1380886
1375246
1375246
1375218
1375218
1375218
1375218
1374058
1375554
1376529
1376529
1376529
1376529
1375177
1351257
1353233
1353233
1355993
1355993
1355993
1355993
1355993
1355993
1356950
1357292
1357292
1357292
1357292
1357292
1357292
1360052
1360052
1359436
1360052
1360052
1360052
1360052
1360052
1360052
1360052
1360052
1360052
1360052
1363594
1363594
1363594
1363594
1363622
1363622
1363622
1363622
1360080
1359280
1357110
1350922
1332796
1330036
1330036
1348162
1348162
1348162
1348162
1348162
1348162
1345442
1345442
1345442
1342982
1343084
1345544
1345544
1345544
1345544
1346344
1347301
1347301
1348797
1348797
1348797
1356945
1357704
1357704
1357704
1357704
1357732
1357732
1357732
1357732
1357732
1358872
1361232
1361232
1361232
1361232
1361232
1363824
1360560
1360868
1360868
1360868
1360868
1358508
1359308
1359308
1359308
1359308
1359308
1359308
1359308
1357072
1358232
1360468
1360468
1360468
1355500
1361764
1364124
1365948
1365948
1365948
1365948
1366905
1366905
1373169
1373169
1373169
1373169
1377329
1377329
1377329
1377329
1377329
1377329
1379689
1379791
1379791
1386055
1386055
1386265
1386265
1386265
1386265
1386265
1392733
1392733
1392733
1392733
1392733
1392733
1392733
1392733
1392733
1393873
1393873
1393873
1393873
1393873
1393873
1393873
1393873
1393873
1393873
1392916
1406596
1410724
1410724
1414884
1414884
1418148
1418148
1418148
1421298
1421298
1421298
1421298
1423377
1426002
1426959
1426959
1426959
1426959
1426959
1426959
1427718
1427718
1427718
1427718
1423558
1423558
1423558
1423558
1423558
1424358
1424358
1424358
1424358
1424358
1424358
1424358
1424974
1424974
1424245
1426605
1426605
1426605
1428057
1428057
1428057
1428786
1428170
1428170
1428170
1428170
1430530
1430530
1430530
1429078
1431157
1431157
1432609
1432609
1432609
1433225
1433225
1433225
1433225
1433225
1433225
1433225
1433225
1433225
1433225
1433225
1433225
1433225
1436767
1436767
1436767
1436767
1437383
1437383
1438735
1438735
1438735
1438735
1438735
1438735
1438735
1438735
1438735
1438735
1443703
1443703
1443703
1443703
1444957
1444957
1443703
1443703
1447831
1447831
1447831
1447831
1447831
1447831
1447831
1447831
1447831
1447831
1447831
1447831
1447831
1447831
1447831
1447831
1447831
1447831
1447831
1447831
1446455
1446455
1447615
1447615
1447615
1447615
1450335
1454495
1454495
1454495
1454495
1455452
1456828
1456828
1456828
1459188
1459188
1459188
1459188
1459188
1459188
1459188
1459188
1459988
1462224
1462224
1462224
1462252
1462252
1462252
1462252
1462252
1463052
1463052
1463052
1463052
1463052
1463052
1463052
1463052
1463052
1463052
1465288
1465782
1465782
1465782
1465782
1465782
1465782
1465782
1465782
1465782
1465782
1465782
1465782
1465810
1465810
1465810
1465810
1465810
1465810
1465810
1465810
1465810
1465810
1469074
1469074
1469074
1469074
1469074
1469074
1469074
1469690
1469690
1471142
1471142
1471142
1471142
1471142
1471142
1471142
1471142
1471142
1471142
1471142
1471142
1471871
1471871
1471871
1471871
1471871
1472365
1471636
1471636
1471636
1471636
1471636
1471636
1471636
1471636
1471636
1471636
1471636
1471636
1471636
1471636
1471636
1471636
1471636
1471636
1471636
1471636
1471636
1471636
1471846
1471846
1471846
1471846
1468710
1468710
1468710
1468710
1468710
1468710
1468710
1471846
1471846
1471846
1471846
1473925
1473925
1471565
1471223
1471223
1468598
1468598
1467278
1467278
1467278
1467278
1467278
1467278
1452428
1452428
1444308
1430628
1427172
1430628
1434170
1420730
1420730
1414262
1414290
1414290
1414290
1409838
1410228
1410228
1410228
1392588
1391092
1391092
1391092
1387672
1384382
1398062
1416188
1420156
1420156
1420156
1420156
1420156
1420156
1420156
1420156
1420156
1420156
1420156
1420156
1420156
1420156
1420156
1420156
1420156
1420156
1420156
1420156
1420156
1420156
1420156
1420156
1420156
1420156
1420156
1420156
1420156
1420156
1420156
1420156
1420885
1420885
1420885
1422237
1422237
1422237
1422237
1422237
1423589
1423589
1423589
1423589
1423589
1423589
1425041
1425041
1425041
1425041
1425041
1425041
1425041
1425041
1425841
1425841
1423481
1423481
1429949
1429949
1429949
1429949
1429949
1429949
1430565
1430565
1428329
1428329
1428329
1428329
1428329
1428329
1428329
1428329
1428329
1428329
1428329
1429286
1429286
1429286
1430662
1430662
1430662
1430662
1433022
1433822
1433822
1433822
1433822
1433822
1433822
1433822
1433822
1433822
1433822
1433822
1433822
1433822
1433822
1433822
1434982
1434025
1432771
1433107
1433107
1428532
1428532
1428532
1428532
1428532
1428532
1429148
1430600
1430600
1430600
1430600
1430600
1430600
1431080
1432240
1432240
1432240
1432240
1434476
1434476
1434476
1435636
1435636
1435636
1435636
1435636
1435636
1435636
1435636
1435636
1435636
1436593
1436593
1436593
1436593
1436593
1436593
1436593
1436593
1437322
1437322
1437322
1437322
1437322
1437322
1437322
1437322
1432354
1432354
1432354
1432354
1432354
1432354
1428226
1428226
1432801
1432801
1432801
1432801
1432185
1415985
1410589
1410589
1412413
1417809
1413841
1413631
1414791
1415407
1416859
1416859
1416859
1413317
1413317
1408067
1408683
1409937
1412107
1411150
1414300
1408112
1408112
1412459
1412459
1413599
1412807
1395167
1394367
1394367
1394367
1386247
1362757
1359493
1353025
1359493
1364461
1364461
1364461
1360301
1346861
1346381
1343661
1343661
1342341
1345061
1342825
1340655
1338295
1340655
1350855
1352831
1354829
1354857
1354515
1351379
1353355
1353355
1329435
1325307
1330275
1335243
1334543
1328495
1328495
1329635
1329635
1329635
1329533
1330853
1331347
1349473
1349575
1350550
1351166
1351166
1351166
1352420
1352756
1343796
1346388
1340888
1341504
1341504
1341504
1341504
1341504
1341504
1342304
1342304
1342304
1342304
1342304
1342304
1342304
1342304
1342304
1342304
1342304
1342304
1333344
1327884
1329860
1329860
1330835
1329581
1329581
1329581
1329581
1329581
1329581
1330310
1330310
1330310
1330310
1330310
1327020
1327820
1327820
1328030
1328987
1329323
1328843
1328843
1329179
1331258
1331258
1336226
1336226
1337026
1337026
1337026
1334790
1335000
1335000
1335000
1330032
1330032
1328056
1328056
1328056
1328056
1328056
1328056
1324600
1327360
1329985
1329985
1330195
1330195
1330195
1330195
1330195
1330195
1330195
1330195
1330195
1330195
1330195
1330195
1330195
1330195
1330195
1330195
1330195
1330195
1330195
1330195
1330195
1329436
1329436
1329436
1329436
1329436
1329436
1329436
1329436
1329436
1329436
1329436
1329436
1329436
1330236
1330236
1330236
1330236
1330236
1330134
1330134
1330134
1330893
1330893
1330865
1332025
1332025
1332025
1332519
1332519
1331903
1331903
1331903
1331903
1333982
1333982
1333982
1328586
1340986
1341328
1341328
1350528
1350528
1350528
1350528
1350528
1350528
1350528
1353948
1350812
1350812
1350812
1350710
1350710
1352162
1352162
1351433
1364537
1364537
1364537
1364537
1364537
1364537
1364537
1364537
1364537
1364537
1364537
1364537
1364537
1352924
1355094
1355094
1355823
1353463
1355699
1355699
1353107
1327851
1328580
1329720
1331040
1331040
1340000
1340000
1340000
1340000
1340000
1340000
1340000
1340000
1340000
1340000
1341140
1341140
1340646
1342022
1342022
1342022
1342022
1340862
1341356
1341356
1343981
1343981
1343981
1346341
1346341
1346341
1346341
1346341
1347595
1347595
1347595
1347595
1347595
1347595
1348089
1348089
1348089
1349229
1349229
1350605
1350605
1350605
1350605
1350605
1350605
1350605
1349229
1349439
1349439
1349439
1349439
1349229
1349229
1350389
1351549
1351549
1351549
1351549
1351549
1352278
1352278
1352278
1352278
1352278
1352278
1352278
1352278
1352278
1354870
1354870
1356010
1356010
1356010
1356010
1356010
1357386
1357386
1357386
1359846
1359846
1359846
1359846
1359846
1362082
1362082
1362082
1362082
1362082
1362418
1362418
1362418
1363870
1363870
1363870
1363870
1363870
1363870
1363870
1363870
1364599
1364599
1364599
1364599
1364599
1365975
1365975
1365975
1365975
1365975
1365975
1365975
1365975
1365975
1365975
1365975
1365975
1365975
1366469
1366469
1366469
1366469
1366469
1366469
1366469
1366469
1366469
1366469
1366469
1366469
1366949
1366949
1366949
1366949
1366949
1366949
1364973
1364973
1348373
1350998
1344338
1340918
1328369
1327753
1311553
1315713
1313123
1326227
1326227
1327603
1322419
1314299
1320563
1324910
1326050
1339010
1332746
1344270
1344270
1340110
1341486
1337944
1337944
1335136
1340636
1349596
1336156
1327196
1324476
1339911
1339911
1346175
1351571
1354161
1355513
1355513
1357592
1357592
1357592
1357592
1357592
1357592
1357592
1357592
1357592
1357592
1357592
1358944
1358944
1358944
1360084
1360084
1360084
1360084
1360084
1360084
1360084
1360084
1360084
1360084
1360084
1360084
1360084
1360084
1360084
1360084
1360084
1361460
1361460
1361460
1361460
1361460
1361460
1361460
1361460
1361460
1361460
1361460
1361460
1361460
1360084
1360084
1360084
1360084
1360084
1360112
1360112
1360112
1357876
1357876
1357876
1358635
1358635
1358635
1358635
1358635
1358635
1361227
1361227
1361227
1362547
1365172
1370672
1370672
1370672
1369872
1369872
1370488
1371648
1371648
1371648
1372448
1372448
1372448
1372448
1372448
1372448
1372448
1372448
1372448
1372448
1385552
1385552
1385552
1385552
1385552
1385552
1385552
1385552
1385552
1385552
1385552
1384936
1384936
1384936
1384936
1384936
1391404
1391404
1391404
1391404
1391404
1391404
1391404
1391404
1391404
1391404
1395979
1395979
1395979
1396595
1396595
1396595
1396595
1396595
1396595
1396595
1396595
1396595
1396595
1398955
1398955
1398955
1398955
1398955
1398955
1398955
1398955
1398955
1398461
1398461
1398461
1398461
1398461
1398461
1398461
1398461
1398461
1398461
1398461
1398461
1398461
1398461
1398461
1398461
1398461
1398461
1398461
1398461
1398461
1398461
1398461
1398461
1398489
1398489
1398489
1398489
1398489
1398489
1398489
1397760
1397760
1397760
1397760
1397760
1397760
1397760
1397760
1397760
1397760
1397760
1397760
1397760
1397760
1397760
1397760
1397760
1397760
1397760
1397760
1397760
1397760
1397760
1397760
1397760
1397760
1397760
1399136
1399136
1399136
1399136
1399136
1399136
1399136
1399136
1399136
1399136
1399136
1399136
1399136
1399136
1399136
1399136
1400588
1400588
1400588
1400588
1400588
1400588
1400588
1400588
1400588
1400588
1400588
1400588
1400588
1400588
1400588
1398352
1398352
1398352
1398352
1398352
1398352
1398352
1398352
1398352
1398352
1398352
1398352
1398352
1398352
1398352
1398352
1398352
1398352
1398352
1398352
1398352
1398352
1398380
1398380
1397764
1397764
1397764
1397764
1397764
1397764
1397764
1397764
1396807
1396807
1396807
1397423
1397423
1397423
1397423
1393263
1393263
1393263
1394423
1394423
1394423
1394423
1394423
1394423
1394423
1395919
1395919
1395919
1395919
1396876
1396876
1396876
1396876
1396382
1396998
1396998
1396998
1396998
1396998
1396998
1398350
1398350
1404398
1404398
1404398
1404398
1404398
1404398
1404398
1404398
1404398
1404398
1404398
1404398
1404398
1404398
1404398
1404398
1404398
1404398
1403144
1399016
1399016
1399016
1399016
1399016
1399016
1399016
1399016
1405280
1405280
1405280
1405280
1410780
1410780
1410780
1410780
1410780
1410780
1410780
1410780
1410780
1411116
1411116
1411116
1411144
1411144
1411144
1411144
1411144
1411144
1411144
1411144
1411144
1411144
1411144
1411144
1411144
1412520
1412520
1412520
1412520
1412520
1412520
1412520
1413972
1413972
1413972
1413972
1413972
1413972
1413972
1413972
1413972
1413972
1413972
1415226
1415226
1415226
1415226
1415226
1415226
1415226
1415226
1415226
1415226
1414269
1414269
1414269
1414269
1414269
1414269
1414269
1415226
1415226
1415226
1415226
1415226
1415226
1415226
1415226
1415226
1415226
1413906
1413906
1414522
1415322
1415322
1414706
1414706
1414706
1415663
1416392
1410892
1410892
1410892
1410892
1410892
1410892
1410892
1417156
1425304
1425304
1425304
1425304
1418836
1418836
1418836
1418836
1418836
1418836
1420188
1417563
1417563
1417563
1417563
1417563
1417563
1417563
1416763
1416865
1416865
1416865
1403761
1406353
1406353
1409161
1412451
1407876
1407876
1407876
1407876
1407876
1407876
1405284
1405284
1406538
1406538
1406538
1406538
1406538
1406538
1406538
1406538
1406538
1406538
1406538
1406538
1406538
1406538
1406538
1405738
1405738
1405738
1406538
1406538
1406538
1405922
1405922
1405922
1405922
1403462
1403462
1403462
1403462
1403462
1403462
1403462
1403462
1403462
1403462
1403462
1403462
1403672
1403672
1407832
1407832
1407832
1407832
1407832
1407832
1407832
1407832
1408632
1408632
1408632
1408632
1408632
1408632
1408842
1408842
1408842
1408842
1408842
1408842
1408842
1408500
1408500
1409457
1410073
1407313
1403771
1403771
1403771
1403771
1390091
1390091
1390091
1389701
1402101
1402101
1402101
1399931
1399931
1399931
1393505
1390785
1393245
1393245
1391925
1391925
1391925
1391925
1390549
1390549
1390549
1390549
1390549
1390549
1390549
1390549
1390549
1390549
1387829
1387829
1387029
1387029
1387029
1387029
1387029
1387029
1384404
1384404
1384404
1385361
1385855
1385855
1385855
1385753
1385753
1385753
1385781
1385781
1385781
1385781
1385781
1385781
1385781
1385781
1385781
1385781
1385781
1385781
1385781
1385781
1385781
1385781
1385781
1385781
1385781
1385781
1385781
1385781
1385781
1386510
1386510
1386510
1386510
1386510
1386510
1386510
1386510
1386510
1386510
1386510
1386510
1386510
1386510
1386510
1386510
1387239
1387239
1387239
1387239
1387239
1387239
1387239
1387239
1387239
1387239
1387239
1387239
1387239
1387239
1387239
1387239
1387239
1387239
1387239
1387239
1384614
1384614
1384614
1384614
1384614
1384614
1385990
1385990
1385990
1385990
1385990
1385990
1385990
1385990
1390442
1390652
1395104
1413230
1413230
1412430
1410070
1410070
1410070
1410070
1410070
1410070
1410280
1413570
1414527
1414527
1414527
1415667
1415667
1415667
1415667
1414291
1414785
1413828
1413828
1413828
1417092
1417092
1417092
1417092
1417092
1419452
1421688
1421688
1423140
1423140
1423140
1428536
1429336
1429336
1429336
1429336
1429672
1429672
1429672
1429672
1429672
1429672
1429672
1432264
1432264
1432264
1432474
1432474
1432474
1432474
1432474
1432474
1432474
1432474
1432474
1432954
1432954
1432954
1432982
1432982
1432982
1432982
1432982
1432982
1435218
1435218
1435218
1435190
1435190
1435190
1441658
1441658
1441658
1441658
1441658
1441658
1443010
1443010
1443010
1443010
1443010
1443010
1443010
1443010
1443010
1443010
1443010
1443010
1443010
1443010
1443010
1443010
1443010
1443010
1438042
1438042
1429894
1429894
1429894
1429894
1429894
1429922
1429922
1429922
1429922
1429922
1429922
1429922
1429306
1429306
1429306
1429306
1429306
1430758
1430758
1430758
1431374
1431374
1431374
1431584
1431584
1431584
1433036
1433036
1434488
1434488
1434488
1434488
1434488
1434488
1434488
1434488
1434488
1434488
1434488
1434488
1434386
1434386
1434386
1434386
1434386
1434386
1434386
1434386
1434386
1434358
1434358
1434358
1432122
1428858
1434318
1434318
1434318
1433361
1433361
1433361
1433361
1422021
1421919
1421891
1421891
1421891
1422620
1422620
1422620
1422620
1436300
1436300
1436300
1437652
1437652
1440244
1440244
1440244
1440244
1439515
1439515
1439515
1439515
1439515
1439515
1440009
1440009
1440009
1442088
1443248
1443248
1443248
1443248
1445608
1445608
1446337
1446337
1446337
1446337
1446337
1446337
1446337
1446337
1446337
1446337
1446337
1446337
1446337
1446337
1446337
1446337
1446337
1446337
1446337
1446337
1446337
1446337
1446337
1449473
1449473
1454869
1454869
1454869
1454869
1454869
1454869
1454869
1454869
1454869
1454869
1454869
1454869
1454897
1454897
1454999
1454999
1454999
1454999
1454999
1454999
1454999
1454999
1454999
1454999
1454999
1454999
1454999
1454999
1454999
1454999
1454999
1454999
1454999
1454999
1454999
1454999
1454999
1454999
1457359
1457359
1457359
1457359
1457359
1457359
1457359
1457359
1457359
1457359
1457359
1457359
1457359
1457359
1457359
1457359
1457359
1457359
1457359
1457359
1457359
1457359
1457359
1451719
1440106
1440106
1440106
1439377
1437207
1437207
1437207
1435953
1444101
1444101
1444101
1444101
1444203
1444203
1442851
1442851
1442851
1442851
1442851
1442851
1442851
1442851
1442851
1442851
1442851
1443808
1442432
1442432
1442432
1442534
1442534
1442534
1442534
1442534
1442534
1442534
1442534
1442534
1442534
1442534
1442534
1442744
1442772
1442772
1442772
1442772
1442772
1442772
1442772
1442772
1442772
1442772
1442772
1442772
1442772
1443501
1443501
1443501
1443529
1443529
1444669
1443317
1443317
1443317
1443317
1443317
1443317
1443317
1443317
1443317
1443317
1443317
1443317
1443317
1443317
1443317
1443317
1443317
1443317
1443317
1443317
1443317
1443317
1443317
1438865
1438136
1438136
1438136
1439296
1435876
1435876
1435876
1435876
1435876
1422196
1422196
1422196
1407346
1407244
1402276
1400197
1406665
1406665
1406665
1406637
1391202
1394010
1400058
1401312
1401312
1414416
1411266
1393626
1393626
1393626
1401774
1401774
1401774
1401774
1401774
1401774
1401774
1401774
1402533
1402533
1402533
1402533
1402533
1402533
1403787
1403997
1403997
1405449
1402313
1402313
1399853
1399853
1394353
1394353
1385153
1385153
1395353
1395353
1390901
1386933
1380558
1383822
1383822
1383822
1383822
1384032
1379972
1379972
1384132
1383922
1382426
1382426
1382426
1382426
1382426
1382426
1382426
1382426
1382426
1382426
1382426
1382426
1383042
1383042
1383042
1383042
1383042
1383042
1383042
1383042
1383042
1383042
1383042
1383536
1383536
1384152
1384152
1384152
1384152
1384152
1384152
1384152
1384646
1384646
1384646
1384646
1384030
1384030
1384030
1384030
1384030
1384030
1384030
1384030
1386390
1384030
1384030
1384030
1384240
1387048
1387664
1387664
1387664
1387664
1387664
1387664
1387664
1389040
1390392
1390392
1390392
1390392
1396656
1396656
1394420
1391612
1391612
1391612
1391612
1391612
1391612
1388348
1386112
1373712
1372953
1377528
1377528
1377528
1390230
1390230
1390230
1390230
1390230
1390230
1395730
1395730
1395730
1395114
1395114
1395914
1395914
1395914
1395914
1395914
1395914
1395914
1395914
1409018
1409018
1409018
1409018
1409018
1409018
1409018
1409018
1409018
1408218
1408218
1408218
1408218
1408218
1408218
1408218
1408218
1408218
1408218
1408218
1408218
1408218
1408218
1408834
1408834
1408834
1409634
1409634
1409634
1409634
1416102
1416102
1416102
1416102
1416102
1417262
1417262
1418062
1418062
1418062
1419514
1419514
1419514
1424910
1422102
1422102
1418682
1418682
1415140
1415140
1415140
1413644
1413644
1407596
1405620
1401560
1395920
1395818
1396618
1392394
1408994
1408994
1407740
1404476
1404374
1404374
1404374
1404374
1404374
1404374
1405694
1404374
1402014
1402014
1400694
1400592
1400592
1401752
1401752
1401752
1401052
1398973
1399183
1392919
1401067
1397647
1397647
1397647
1397647
1398999
1397023
1406223
1406223
1406223
1407575
1407575
1407575
1407575
1408069
1408069
1408563
1408563
1402188
1413801
1415121
1415121
1420621
1420621
1426017
1421889
1428153
1428153
1430613
1430613
1427893
1428868
1428868
1428374
1427399
1433663
1428267
1428267
1425807
1425807
1426115
1426115
1427567
1427567
1435715
1435715
1435715
1435715
1436875
1437085
1439893
1439893
1436629
1436601
1436391
1436391
1439151
1436791
1436791
1435631
1435631
1435659
1448763
1448763
1448763
1454159
1456519
1456519
1459783
1459783
1459993
1460021
1460357
1460973
1460973
1460973
1460973
1460973
1455123
1450548
1450548
1449819
1451271
1451271
1451271
1452411
1455171
1455171
1455507
1455507
1457867
1459121
1459121
1464089
1464089
1470353
1470353
1470353
1470353
1472432
1472432
1472432
1472432
1472432
1472432
1472432
1472432
1472432
1473232
1473232
1473232
1473232
1474486
1474486
1477942
1477942
1477942
1477942
1477942
1477942
1480178
1480178
1480178
1480178
1480178
1480178
1482348
1482348
1482348
1482348
1486800
1486800
1486800
1486800
1486800
1489260
1489260
1489754
1489754
1489754
1489754
1489754
1489754
1488954
1475274
1485474
1486926
1485951
1485951
1486053
1472949
1471695
1471695
1468431
1456155
1456155
1455945
1458705
1458705
1460157
1460886
1460886
1460886
1460886
1460886
1460886
1463346
1463346
1463346
1464146
1464146
1464146
1464146
1466225
1466225
1466225
1466225
1464873
1464901
1464901
1463549
1463651
1463651
1463651
1462275
1462275
1460923
1460923
1459427
1459427
1458698
1458698
1458698
1454538
1453162
1452022
1451542
1451542
1451200
1453960
1440280
1422154
1422154
1422154
1419694
1419694
1419694
1419694
1419694
1419694
1419694
1419694
1414726
1417086
1417086
1417086
1417086
1417086
1417086
1418582
1418582
1418582
1400456
1400456
1400456
1397831
1401095
1401095
1401305
1401305
1398680
1397951
1397951
1397951
1400121
1400121
1398981
1398981
1397821
1397821
1407021
1409191
1409191
1409191
1410331
1410331
1401371
1401371
1401269
1401269
1402226
1402226
1399636
1397176
1397176
1397176
1397176
1398133
1398133
1398235
1398235
1398235
1397278
1397278
1397278
1397278
1397278
1397278
1397278
1401730
1401730
1401730
1401730
1401730
1401730
1401730
1401730
1401730
1403809
1403809
1403809
1404766
1404766
1404766
1404766
1404766
1404766
1404766
1404766
1404766
1404766
1404766
1404766
1404766
1404766
1403512
1403512
1403512
1403512
1403512
1403540
1403540
1403540
1403540
1403540
1403540
1403540
1403540
1403540
1403540
1403540
1403540
1403540
1403540
1403540
1403540
1403540
1403540
1404794
1404794
1404794
1404794
1404794
1404794
1408954
1403494
1394294
1394294
1390134
1390134
1390134
1377858
1378200
1379520
1379520
1379520
1379520
1376928
1376928
1376928
1376928
1376928
1374568
1374568
1374568
1374568
1377028
1380178
1380178
1380178
1380178
1376636
1376636
1375679
1365479
1365479
1365479
1363119
1363119
1363119
1344993
1338729
1339521
1340681
1346181
1346181
1346181
1345206
1345206
1345206
1343854
1346574
1346574
1346574
1346238
1346238
1344159
1344159
1344159
1345611
1345611
1343441
1343441
1297073
1302573
1302573
1302471
1301514
1301514
1301514
1301514
1301206
1297046
1294586
1296822
1296822
1296822
1296206
1296206
1297006
1296206
1296206
1296206
1296206
1296206
1296206
1296206
1294230
1296400
1296400
1296400
1298760
1301568
1301568
1301568
1301568
1301568
1310768
1310768
1312744
1312744
1312744
1312744
1313360
1313360
1313360
1314712
1314712
1314712
1314712
1314712
1314712
1314712
1314712
1320760
1320760
1324302
1324302
1325798
1325798
1325798
1325798
1326527
1326527
1326527
1327667
1327667
1294092
1287624
1300173
1304301
1304301
1304301
1301493
1301493
1305945
1305945
1306281
1306281
1298121
1315761
1315761
1315761
1317137
1317137
1317137
1314547
1314547
1315041
1305841
1305841
1305841
1305841
1311301
1307141
1301291
1288589
1301138
1312662
1314741
1314741
1314769
1314040
1308644
1302596
1302596
1309256
1262888
1256624
1242944
1242944
1231420
1231420
1229341
1231701
1237551
1239527
1237167
1237167
1237167
1237167
1228207
1228207
1236355
1248631
1249983
1249983
1249983
1251143
1256783
1256783
1256783
1256783
1244081
1261721
1257146
1257146
1256530
1257330
1257330
1257330
1257330
1244226
1243426
1243426
1243426
1243426
1243426
1243426
1243426
1243426
1244042
1238542
1238542
1238542
1238542
1243938
1244738
1248706
1248706
1248706
1251066
1254486
1254486
1254486
1254486
1256656
1256656
1256656
1256656
1256866
1257823
1257823
1257823
1257823
1257823
1261951
1263091
1263091
1263091
1265170
1265170
1265170
1265170
1265170
1265170
1265170
1265170
1265170
1265170
1265198
1265198
1265198
1265198
1265198
1258730
1258730
1258730
1254762
1255462
1255462
1255462
1255462
1253102
1255862
1255862
1255862
1254510
1254510
1254510
1256006
1255390
1255390
1255390
1255390
1254433
1254433
1254433
1254433
1255593
1255593
1256393
1256393
1256393
1259018
1258538
1258538
1258538
1258538
1256459
1254099
1259067
1259067
1252879
1259539
1260991
1260991
1260655
1260655
1266505
1264145
1264145
1263755
1267723
1267723
1267723
1274191
1274191
1273391
1269423
1266615
1268851
1276999
1276999
1280135
1266455
1266455
1266455
1281305
1293581
1294381
1300231
1300231
1300231
1300231
1300231
1303773
1303773
1303773
1303773
1303773
1303773
1303773
1304730
1304730
1304730
1304730
1305890
1308250
1308250
1308250
1308250
1308250
1310610
1312846
1312846
1310610
1314578
1314578
1320428
1318068
1321204
1326454
1328533
1328533
1328533
1328533
1328533
1328533
1334033
1334033
1334033
1334033
1334033
1334033
1334033
1334033
1339001
1339001
1339001
1339001
1339001
1339001
1339001
1339001
1339001
1342265
1342265
1342265
1342265
1342265
1342265
1342265
1342265
1342265
1336001
1336001
1336001
1336001
1336001
1336001
1336001
1336001
1336001
1333641
1333641
1333641
1330881
1335041
1335041
1333545
1333545
1333545
1333545
1333545
1333545
1333545
1333517
1333023
1332223
1332223
1332223
1332223
1331423
1337798
1339150
1339150
1339150
1339122
1339122
1339122
1339122
1340442
1338990
1338990
1338990
1338990
1337166
1337166
1337166
1339926
1339926
1333662
1333662
1333662
1333662
1333662
1336952
1336952
1336952
1336952
1336952
1336952
1339760
1339760
1339760
1339760
1339760
1339760
1339760
1339760
1341112
1341112
1341112
1341112
1341112
1342366
1342366
1342366
1342366
1342366
1342366
1342394
1342394
1342394
1342394
1342394
1342394
1342394
1342394
1342394
1342394
1342394
1343648
1346008
1346008
1346008
1346008
1346008
1346008
1346008
1346008
1346008
1346008
1346008
1346008
1346008
1346008
1346008
1346008
1346008
1345798
1345798
1347150
1347150
1347150
1347150
1347122
1347122
1347122
1344402
1344402
1344402
1344402
1344402
1344402
1343602
1342250
1347710
1347710
1345350
1343854
1343854
1343854
1344994
1344994
1344994
1350454
1350454
1350454
1350454
1342306
1342306
1342306
1343446
1346038
1347534
1347876
1347876
1347876
1347876
1348833
1348833
1348833
1348833
1348833
1348833
1348833
1348833
1348861
1355236
1354096
1354855
1354855
1354855
1354855
1354855
1354855
1354855
1354827
1354827
1354827
1354827
1354827
1354827
1354827
1354855
1354855
1354855
1354855
1355614
1355614
1355614
1355614
1355614
1355614
1355614
1356108
1356108
1360268
1359509
1361869
1360912
1360912
1360912
1360912
1361671
1363750
1362590
1362590
1362590
1362590
1362590
1362590
1362590
1362590
1362692
1362692
1362692
1366112
1366112
1366112
1366112
1366112
1366112
1366112
1367488
1367488
1367488
1367590
1367590
1367590
1367590
1367590
1368730
1368730
1368730
1369224
1369224
1369224
1369224
1369224
1369224
1369224
1370024
1370024
1370024
1370024
1370024
1370024
1370640
1370640
1370640
1370640
1370640
1371597
1371597
1371597
1371597
1373833
1373833
1373833
1373833
1360153
1360153
1360153
1360153
1360153
1360153
1360153
1360153
1360633
1360633
1360633
1360633
1360633
1360633
1360633
1361362
1361362
1360010
1360010
1360010
1360010
1360010
1360010
1360010
1360010
1360010
1360010
1360010
1360010
1356554
1357354
1355902
1355902
1355902
1355902
1356631
1356631
1354395
1354395
1354395
1354395
1354395
1357851
1357851
1357851
1358808
1358808
1358808
1358808
1358808
1369008
1369008
1369008
1369008
1369008
1369008
1369008
1369008
1369008
1369008
1369008
1369008
1369502
1369502
1369502
1369502
1369502
1368886
1368886
1368886
1368886
1368886
1368886
1368886
1368886
1368886
1368886
1368886
1368886
1368886
1368886
1368886
1368886
1368886
1368886
1368886
1367929
1370289
1370289
1370289
1370289
1370289
1370289
1370289
1370289
1370289
1370289
1370289
1370289
1370289
1370289
1370289
1368937
1368937
1369431
1369431
1369431
1369431
1369431
1365271
1366591
1367320
1367320
1368672
1367715
1367715
1367715
1364565
1364565
1369961
1369961
1376336
1376438
1376438
1376438
1376438
1372310
1372310
1372310
1372310
1372310
1372310
1372310
1372310
1374546
1375162
1361482
1361482
1360723
1360723
1359994
1359994
1364446
1366616
1363352
1363352
1363352
1363352
1361900
1361900
1361900
1362236
1362236
1359611
1359611
1360227
1360227
1360227
1359611
1359611
1360751
1360751
1360751
1360751
1360751
1360751
1360751
1365203
1365962
1365962
1365962
1362420
1362420
1359828
1359828
1359828
1358376
1355240
1355240
1354624
1354624
1354624
1354414
1355371
1355371
1355371
1354414
1354414
1353798
1353798
1335672
1335672
1335672
1335672
1335672
1335672
1335672
1335672
1335672
1335672
1335672
1335672
1332522
1349122
1349122
1349122
1351714
1350574
1350574
1349617
1349617
1349617
1349617
1349617
1351696
1357092
1343412
1343412
1343412
1343412
1346954
1346225
1351725
1348589
1348589
1348589
1348589
1348589
1349843
1349843
1344447
1345239
1345239
1347599
1347599
1347599
1347701
1347701
1352153
1353293
1350701
1350701
1351430
1352046
1353366
1353366
1353366
1353366
1353366
1353366
1354818
1358082
1358082
1358562
1358562
1358562
1358562
1358562
1356202
1356202
1356202
1356202
1356202
1356100
1356100
1356100
1354021
1354021
1354021
1353046
1353046
1353046
1351594
1351594
1350865
1350865
1350865
1350529
1350529
1350529
1350529
1350529
1354071
1366471
1366471
1369607
1369607
1369949
1369977
1369977
1371137
1375105
1375105
1375105
1375105
1386718
1386508
1386508
1386508
1386508
1395708
1395708
1395708
1395708
1395736
1395764
1395764
1395764
1395764
1402028
1404788
1404788
1404788
1404788
1396640
1396640
1396640
1401890
1401890
1401890
1401890
1401890
1402100
1402100
1402100
1402100
1402100
1402100
1402100
1402100
1402100
1402100
1400648
1400648
1400648
1402100
1402100
1402580
1402580
1402580
1402580
1401326
1401326
1401326
1401820
1401820
1402795
1402795
1402795
1402036
1401420
1399968
1399968
1399968
1399968
1399968
1399968
1399968
1399968
1399968
1399968
1399968
1399968
1397608
1399968
1399968
1399968
1399968
1399352
1399352
1401712
1401712
1401712
1403948
1403948
1403948
1406184
1406184
1406184
1406184
1406184
1406184
1406184
1407636
1407636
1407636
1407636
1407636
1407636
1407636
1408252
1408252
1408252
1408252
1408252
1408252
1408252
1408252
1408252
1408252
1408252
1408252
1403284
1403284
1403284
1403284
1403284
1403284
1403284
1406044
1406044
1406044
1406044
1406044
1406044
1406044
1406044
1406044
1406044
1406044
1406044
1406044
1406044
1406044
1406044
1404884
1403724
1399149
1399949
1399949
1399949
1399949
1397951
1397951
1397951
1387751
1387751
1387751
1387751
1387751
1387751
1387751
1385391
1385391
1385391
1383415
1383415
1383415
1382799
1383141
1383141
1383141
1377745
1377265
1370797
1370797
1370797
1370797
1370797
1370797
1370797
1370797
1370797
1372773
1371973
1368683
1368683
1368683
1368683
1368683
1368683
1368683
1370919
1370919
1371619
1371619
1371619
1371619
1371619
1371619
1371829
1376404
1376404
1374044
1376280
1376308
1380760
1378524
1378524
1378524
1379876
1379540
1378164
1378164
1378164
1378780
1378780
1378780
1378780
1382940
1382940
1382940
1384316
1386676
1386676
1385719
1385719
1385719
1385719
1385719
1386859
1386859
1387659
1387659
1387659
1387659
1387659
1387659
1387659
1390949
1390949
1390613
1390613
1393903
1388935
1388935
1388319
1388319
1388347
1388347
1388347
1388319
1394694
1394694
1395948
1395948
1395948
1397324
1397324
1397324
1397324
1403588
1402268
1404504
1404504
1404504
1404504
1404504
1404504
1404504
1405461
1405461
1404301
1404301
1404301
1404301
1404301
1403572
1403572
1403362
1403362
1403362
1403362
1403362
1403362
1403362
1403362
1403362
1404162
1404162
1404162
1404162
1404162
1404162
1404162
1404162
1405614
1405614
1405614
1405614
1405614
1405614
1405614
1405614
1405614
1405614
1405614
1406230
1406230
1406230
1405614
1405614
1405614
1405614
1405614
1405614
1405614
1405614
1405614
1405614
1405614
1405614
1405614
1405614
1404814
1404814
1404814
1404814
1404814
1405954
1405954
1405954
1405954
1405954
1405954
1405954
1407406
1407406
1407406
1407406
1407406
1407406
1407406
1407406
1407406
1407406
1407406
1407406
1407406
1407406
1407406
1407406
1407406
1406912
1409148
1409148
1409148
1409148
1409148
1408348
1409724
1409724
1409724
1410114
1414242
1409274
1408780
1408780
1408780
1390654
1393114
1393114
1393114
1393114
1395474
1395474
1395474
1395474
1395474
1395474
1395474
1395474
1393114
1393114
1393114
1393114
1390878
1390878
1390878
1390878
1390878
1387614
1387614
1382646
1382646
1382646
1382646
1382646
1388042
1388042
1388042
1382792
1382792
1382792
1382792
1370516
1375912
1375912
1375912
1380487
1376519
1373383
1377511
1377539
1377847
1377847
1383243
1383243
1383972
1383972
1384588
1384588
1378738
1379898
1365048
1365048
1367284
1371859
1371859
1371859
1371859
1373835
1373835
1373835
1373835
1373835
1371210
1371210
1371210
1362250
1363050
1363050
1367178
1367178
1363914
1363914
1364530
1363390
1363390
1363390
1363390
1369030
1369030
1368694
1368694
1368694
1370773
1370773
1370773
1370773
1368053
1365817
1365817
1365817
1365817
1365817
1365058
1365058
1365058
1365058
1365058
1363898
1363898
1363898
1363898
1364855
1362776
1362776
1362776
1362776
1362776
1362776
1362776
1363270
1363270
1363270
1363270
1363270
1372470
1372470
1372470
1376012
1373842
1373842
1373842
1372018
1372018
1372018
1372018
1372018
1369426
1382128
1387096
1387096
1385936
1385936
1385936
1385936
1386416
1386416
1386314
1386314
1386314
1386314
1386314
1386314
1385514
1384354
1384354
1383100
1384552
1383412
1383412
1383412
1376944
1376944
1376944
1382340
1382340
1377993
1377993
1386141
1385931
1385931
1385202
1391670
1391054
1391054
1391054
1391054
1391054
1391054
1391054
1391054
1391670
1392924
1392924
1392924
1392924
1392924
1392924
1394300
1394300
1394300
1394300
1394300
1394300
1394300
1394328
1394328
1394328
1394328
1394328
1394328
1394328
1394328
1394328
1394328
1394328
1394328
1394328
1393528
1393528
1393528
1393528
1393528
1394980
1394644
1394644
1394644
1394644
1394644
1394644
1392019
1392019
1392635
1392845
1392845
1399109
1402529
1402529
1402529
1402529
1402529
1402529
1402529
1402529
1402529
1402529
1402529
1402529
1402529
1401275
1401275
1401275
1402232
1402232
1403372
1403372
1403372
1403372
1403372
1402415
1402415
1402415
1402415
1402415
1402415
1402415
1402415
1402415
1403031
1403031
1403031
1403031
1403031
1403031
1403031
1403031
1403031
1403031
1403031
1403031
1403031
1403031
1403031
1403031
1403031
1405391
1405391
1408151
1408151
1408151
1408151
1408151
1408151
1408151
1408151
1408151
1408151
1408151
1410911
1408151
1408151
1408151
1408151
1406775
1406775
1409135
1409135
1409135
1406965
1406965
1406965
1406965
1406965
1406965
1406965
1406965
1406965
1406965
1406965
1406623
1406623
1404163
1399195
1407343
1404718
1403342
1403342
1403342
1403342
1403552
1390448
1391207
1394471
1394471
1393742
1393742
1392602
1392602
1392602
1391843
1391843
1391843
1397693
1395717
1395717
1396509
1399799
1399799
1399799
1399799
1399799
1399799
1399799
1399799
1399589
1399589
1397613
1397613
1397613
1403463
1403463
1403799
1403799
1403799
1404528
1403799
1403799
1403799
1403799
1403799
1403799
1402824
1402824
1402824
1402824
1402824
1402824
1402824
1402824
1402824
1402824
1404200
1404200
1404200
1404200
1404200
1404200
1404200
1404200
1405340
1405340
1405340
1405340
1405340
1405340
1400993
1402247
1402247
1402247
1402247
1402247
1402247
1402741
1402741
1402741
1402741
1402741
1405201
1405201
1405201
1405201
1405201
1405201
1405201
1405201
1405201
1405201
1405201
1405201
1405201
1402841
1402841
1402841
1402841
1402841
1403335
1403335
1403335
1403335
1403335
1403335
1403335
1403335
1403335
1403335
1403335
1403335
1407495
1407495
1407495
1408287
1408287
1408287
1411577
1411577
1399177
1399177
1392913
1392913
1379953
1379953
1378813
1378813
1378813
1378813
1378813
1378813
1378813
1378813
1378813
1382233
1382233
1382233
1382233
1382233
1382233
1382233
1382233
1383393
1383393
1382073
1382073
1382073
1382073
1382073
1380819
1380090
1379474
1381553
1382929
1384305
1384305
1386665
1386693
1386693
1386693
1386693
1386693
1388045
1388045
1382545
1382545
1379125
1379125
1379125
1379125
1377985
1377985
1377985
1379305
1379305
1379305
1379305
1377929
1377929
1377929
1377929
1377929
1377929
1377929
1378237
1378237
1378237
1379613
1382421
1388685
1388685
1388685
1388685
1388685
1388685
1388685
1390005
1390005
1390005
1390005
1390005
1390005
1390005
1390005
1390005
1387769
1387769
1387769
1387769
1387769
1391059
1391087
1391087
1391087
1391087
1391087
1391059
1391059
1391059
1391059
1391059
1391059
1391059
1391059
1391059
1391059
1384591
1384591
1384591
1384591
1384591
1384591
1384591
1385548
1389516
1388064
1388064
1388064
1388064
1386712
1386712
1386712
1386712
1386712
1386712
1386712
1386712
1386712
1384352
1384352
1389852
1389358
1389358
1376254
1376254
1374878
1374878
1374878
1374878
1374878
1374878
1374878
1374878
1374878
1374878
1374542
1374542
1374542
1374542
1374542
1373742
1373742
1364782
1363330
1363330
1363330
1363330
1363330
1363330
1363330
1363330
1363330
1363330
1361251
1359875
1359875
1359875
1359875
1359875
1359875
1359875
1358621
1358621
1358621
1358621
1358621
1358621
1358723
1358723
1358723
1358723
1358723
1359217
1359217
1359217
1359189
1359189
1359189
1361549
1361549
1362869
1362869
1362869
1362869
1362869
1362869
1353669
1353669
1353669
1353669
1353669
1353669
1352529
1352871
1352871
1352871
1348711
1348711
1348711
1348711
1350947
1350947
1352399
1352399
1352399
1352399
1353851
1353851
1353851
1356611
1356611
1356611
1355811
1355811
1355811
1355811
1355811
1355811
1355811
1355811
1355811
1355811
1355811
1355811
1355195
1355195
1355195
1355195
1355195
1355195
1355195
1355195
1355195
1355195
1355195
1355195
1355195
1355195
1355195
1355195
1355195
1355195
1355195
1355195
1359770
1359872
1359872
1359872
1359872
1359872
1361951
1361951
1361951
1362680
1362680
1362680
1362680
1362680
1362680
1362680
1362680
1363296
1363296
1363296
1363296
1364096
1364096
1364096
1364096
1364096
1364096
1364096
1364096
1364888
1364888
1363728
1363728
1363728
1368180
1371444
1369208
1369208
1369208
1369208
1369208
1369208
1369208
1369824
1369824
1369824
1369824
1369824
1369824
1369824
1358300
1358300
1358300
1358300
1358300
1358300
1358300
1358300
1358300
1358300
1352036
1352036
1352036
1351542
1351542
1351062
1351062
1351062
1351062
1351062
1351062
1351062
1351062
1351062
1351062
1351862
1351862
1351862
1351862
1351862
1351862
1351862
1351862
1351862
1351862
1351862
1351862
1351862
1351862
1351862
1351862
1350486
1351646
1351646
1351646
1351646
1351646
1351646
1351646
1350486
1350486
1350486
1350486
1350486
1350486
1350486
1350486
1350486
1350486
1350696
1350696
1350696
1350696
1350696
1350202
1349992
1349992
1349992
1349992
1349992
1349992
1349992
1349992
1349992
1349992
1349992
1349992
1349992
1349992
1349992
1349992
1349992
1349992
1349992
1349992
1351344
1351344
1352720
1352720
1352720
1352720
1352720
1352720
1352720
1352720
1352720
1352720
1352720
1354956
1354956
1354956
1354956
1354956
1354956
1354956
1354956
1352720
1352720
1352720
1352720
1352720
1352720
1352720
1352720
1352720
1352720
1352720
1352720
1352720
1352720
1352720
1352720
1354890
1354890
1354890
1354890
1354890
1354890
1354890
1354890
1353514
1353514
1353514
1357056
1357056
1358432
1358432
1355842
1360417
1360417
1361793
1361793
1368261
1370237
1370237
1375487
1376444
1377236
1377236
1380656
1380656
1380656
1380656
1383116
1383116
1383116
1383116
1383116
1383116
1381976
1381976
1381976
1381976
1381976
1381976
1381976
1381976
1381976
1381640
1381640
1381640
1381640
1381640
1381640
1381640
1381640
1382440
1382440
1382440
1380361
1378909
1378909
1378909
1378909
1378909
1378909
1363474
1363474
1363474
1363474
1362098
1362098
1362098
1356702
1356702
1356702
1356702
1356702
1356702
1356702
1356702
1356702
1356702
1356702
1356702
1356702
1356702
1359510
1359510
1360467
1358971
1358971
1358971
1358971
1360131
1360131
1360131
1360131
1360131
1360131
1360131
1360131
1360131
1360131
1360131
1360131
1358679
1358679
1358679
1358679
1358679
1358679
1358679
1358679
1358679
1358679
1358679
1358679
1358679
1358679
1358679
1361039
1361039
1354991
1355720
1355720
1355720
1355720
1355720
1355720
1355720
1355720
1355720
1355104
1355104
1355104
1355104
1355104
1353752
1353752
1353724
1353724
1353724
1353724
1353724
1352348
1352348
1352348
1353508
1353508
1353508
1353508
1353508
1353508
1353508
1353508
1353508
1353508
1356316
1356316
1356316
1356316
1356316
1356316
1356316
1356652
1356652
1356652
1356652
1356652
1356652
1356652
1356652
1356652
1356652
1356652
1356652
1356652
1356652
1356652
1356036
1356036
1356036
1356036
1361496
1361496
1362636
1362636
1362636
1362636
1362636
1362636
1362636
1362636
1367604
1367604
1367604
1367604
1367604
1367604
1367604
1367604
1367604
1367604
1367604
1367604
1367604
1367604
1367604
1367604
1367604
1367604
1367604
1368220
1368220
1368220
1368220
1368220
1368220
1368220
1368220
1368220
1381180
1383805
1383805
1385301
1385301
1385301
1385301
1386258
1386258
1386258
1390418
1390418
1390418
1390418
1390628
1390628
1390628
1390628
1386468
1386468
1386468
1389276
1389174
1389174
1389174
1389146
1389146
1389146
1388936
1388936
1388936
1388936
1389665
1389665
1388213
1388213
1388213
1388213
1388213
1388213
1388315
1388315
1388315
1388315
1388315
1388315
1388525
1388525
1388525
1389141
1389141
1389141
1389141
1389141
1389141
1389141
1389141
1389141
1389141
1389141
1389141
1389141
1389141
1389141
1389141
1389141
1389141
1389141
1389941
1389941
1389941
1387181
1391341
1391341
1391341
1391341
1391341
1391957
1391957
1391957
1391957
1391957
1391957
1391747
1391747
1391747
1391747
1391747
1391747
1394107
1394107
1394107
1394107
1394107
1394107
1394107
1394107
1394107
1394107
1394107
1395483
1395483
1395483
1395483
1395483
1395483
1395483
1395511
1396005
1396005
1396005
1396005
1396005
1396005
1396005
1396005
1396005
1396005
1396005
1396005
1396005
1396005
1396005
1396005
1396005
1396005
1396005
1396005
1396005
1396005
1396005
1396005
1396005
1396005
1396005
1397357
1397357
1397357
1400165
1400165
1400137
1400137
1394741
1394639
1394639
1394639
1394639
1394639
1394639
1394639
1395991
1395991
1401387
1401387
1401387
1401387
1401387
1401387
1401387
1401387
1402116
1402116
1402116
1402116
1402116
1402116
1404476
1404476
1405205
1402845
1402845
1402845
1402845
1402116
1406691
1406691
1405371
1405371
1405371
1404019
1404019
1404019
1404019
1404019
1397755
1398371
1398371
1398371
1398371
1398371
1398371
1398371
1398371
1398371
1398371
1402946
1402946
1404322
1404322
1404322
1404322
1404322
1404322
1404322
1406558
1405942
1405942
1404590
1404800
1404800
1404800
1404800
1404800
1401992
1401992
1401992
1401782
1401782
1401782
1402262
1402878
1402878
1402878
1402878
1406298
1406298
1404922
1404922
1404922
1404922
1404922
1404922
1404922
1404922
1404922
1404922
1404922
1399422
1399422
1399422
1396962
1396962
1396962
1396962
1396962
1397762
1397762
1399998
1399998
1399998
1399998
1399998
1399998
1401374
1401374
1401374
1401374
1401854
1395590
1395590
1395590
1395590
1395590
1392998
1393955
1393955
1393955
1393955
1393955
1393955
1393955
1393955
1393955
1396191
1396191
1396191
1396191
1396191
1396191
1391616
1391616
1400816
1400816
1400816
1401432
1401432
1401432
1401432
1401432
1403602
1403602
1403602
1405681
1405681
1406638
1406638
1406638
1406638
1406638
1406638
1406638
1406638
1406638
1407118
1407612
1407612
1407612
1407612
1407612
1407612
1407612
1407612
1406996
1406996
1406196
1406196
1406196
1406196
1406196
1406196
1406196
1406196
1406196
1406196
1406196
1406196
1406196
1406196
1406196
1406196
1406996
1406996
1406996
1406996
1406996
1407953
1407953
1407953
1407953
1407953
1407953
1407953
1407953
1407459
1407459
1401195
1401195
1400395
1400395
1400395
1400395
1400395
1400395
1400395
1400395
1400395
1400395
1400395
1400395
1400395
1400395
1400395
1400395
1401195
1401195
1399941
1399941
1399941
1399941
1399941
1399941
1399941
1399941
1399941
1399941
1399941
1401081
1398273
1398273
1398273
1398273
1398273
1400509
1400509
1400509
1400509
1400509
1400509
1400509
1400509
1400509
1400509
1400509
1400509
1400509
1400509
1401763
1401763
1403215
1403005
1403005
1403005
1403005
1403005
1403005
1403962
1403005
1403005
1403005
1403005
1403005
1403499
1402047
1402047
1404126
1404126
1404126
1404126
1404126
1401534
1401534
1401534
1401534
1401534
1401534
1401534
1401534
1401534
1401534
1401534
1401040
1401040
1399880
1399880
1399880
1402240
1402240
1402240
1400888
1400888
1401863
1401863
1401863
1401863
1402073
1402073
1404243
1404243
1404243
1404243
1404243
1405043
1405043
1405043
1405043
1405043
1405043
1405043
1405043
1405043
1405043
1405043
1401753
1401753
1401753
1401753
1401753
1401855
1404025
1404025
1404025
1404025
1402573
1402573
1402573
1402573
1402573
1402573
1402573
1402573
1402573
1402573
1402573
1402573
1402573
1401616
1401616
1401616
1401588
1401588
1401588
1401588
1401588
1401588
1402748
1402748
1402748
1402748
1402748
1402748
1402748
1402748
1402748
1402748
1402748
1402748
1402748
1402748
1402748
1402748
1401791
1401791
1401791
1401791
1401791
1404027
1404027
1404027
1404027
1404027
1404027
1404027
1404027
1404027
1406106
1406106
1406106
1406106
1406106
1406106
1406106
1406106
1406106
1406106
1406106
1406106
1406106
1406106
1406106
1406106
1406600
1406600
1406600
1406600
1406600
1406600
1406600
1406600
1406600
1406600
1406600
1406600
1406600
1406600
1406600
1406600
1406600
1406600
1408052
1408052
1408052
1408052
1408052
1408052
1407323
1407323
1407323
1407323
1407323
1407323
1408123
1408123
1408123
1408123
1407166
1407925
1407925
1407925
1407196
1407196
1407196
1407196
1407196
1407196
1407196
1407196
1407196
1407196
1407196
1407196
1407196
1407196
1407196
1407196
1407196
1407196
1407196
1407196
1407196
1407298
1407298
1407298
1407298
1407298
1407914
1407914
1407914
1407914
1407914
1407914
1407914
1407914
1407914
1407914
1407914
1407914
1407914
1407914
1407914
1407914
1407914
1407914
1407914
1407914
1407914
1407914
1406754
1406754
1405500
1405500
1405500
1405500
1405500
1404048
1404048
1404048
1404048
1404048
1404048
1397580
1397580
1397580
1396326
1396326
1396116
1396116
1396116
1396326
1396326
1396326
1396326
1398496
1398496
1398496
1398496
1398496
1398496
1398496
1398394
1399534
1399534
1399534
1399534
1399534
1399534
1399534
1399534
1399534
1399534
1399534
1399534
1399534
1399534
1400263
1400263
1400263
1400263
1400263
1400263
1400263
1400263
1400263
1400263
1400263
1400263
1400263
1402623
1402623
1402623
1400387
1400387
1400387
1400387
1399587
1399587
1399587
1399587
1399587
1399587
1399587
1399587
1399587
1399587
1399587
1399587
1399587
1399587
1399587
1399587
1399587
1399587
1399587
1399587
1399587
1399587
1398211
1398211
1398211
1398211
1398313
1398313
1398313
1398313
1398313
1398313
1398313
1398313
1398313
1398313
1398313
1398313
1398415
1398415
1398415
1398415
1399215
1399215
1399215
1399215
1399215
1399215
1400591
1401548
1401548
1401548
1401548
1401548
1401548
1401548
1401548
1401548
1389148
1389148
1389148
1381000
1381336
1381336
1381336
1381336
1381336
1381438
1381438
1381438
1381438
1381438
1381438
1381438
1381438
1381438
1381438
1381438
1381438
1381438
1381438
1381438
1381438
1381438
1381540
1381540
1381540
1381540
1381540
1381540
1381540
1381540
1382156
1382156
1382156
1381662
1381662
1381662
1381662
1381662
1381662
1381662
1381662
1381662
1381662
1381662
1381662
1383114
1383114
1383114
1383114
1383114
1379658
1379658
1379686
1380445
1370245
1372870
1375678
1381178
1381178
1381178
1381178
1381178
1381978
1381978
1381978
1381978
1381978
1381978
1381978
1381978
1381978
1381978
1381978
1381978
1381950
1381950
1376554
1376554
1372394
1372394
1372394
1372394
1372394
1372394
1372394
1372394
1372394
1372394
1372394
1372394
1372394
1372394
1372394
1372394
1372394
1372394
1372394
1372394
1372394
1373534
1373534
1373534
1373534
1373534
1373534
1373534
1373534
1378930
1378930
1378930
1378930
1378930
1378930
1378930
1378930
1378930
1379410
1378916
1378916
1378116
1378116
1378116
1378116
1378116
1378116
1378116
1378116
1378116
1378116
1378116
1378116
1375308
1375308
1375308
1375308
1375308
1375308
1375308
1370856
1370856
1360656
1360656
1360656
1360656
1360656
1360656
1363946
1363946
1362786
1362786
1362786
1362786
1362786
1362786
1362786
1363515
1363515
1363515
1363515
1358055
1358055
1356915
1356915
1356915
1350867
1350867
1350867
1350867
1350867
1350867
1350867
1349707
1349707
1349707
1353249
1353249
1353249
1353039
1352829
1358329
1358329
1358329
1358329
1358329
1356159
1356159
1354807
1354807
1354807
1354807
1354807
1354807
1354807
1354313
1354313
1354313
1354313
1354313
1354285
1354285
1354285
1354285
1349833
1349833
1349805
1349805
1349805
1350421
1354581
1354581
1353965
1354459
1353502
1352050
1351714
1351714
1356289
1355795
1355795
1355795
1355795
1355301
1355301
1355301
1355301
1356001
1356001
1339401
1339401
1340017
1339807
1334411
1334411
1334411
1321307
1321307
1321307
1321307
1321307
1320827
1320725
1320417
1320417
1320417
1320417
1321769
1321559
1324849
1324849
1324849
1324849
1324849
1324849
1326225
1326225
1326225
1328850
1328850
1328850
1325586
1325586
1325586
1325586
1325586
1322778
1322778
1322778
1322778
1322750
1323890
1323890
1323890
1323890
1323890
1323890
1323890
1323890
1324847
1324847
1324847
1325576
1325576
1325576
1325576
1325576
1325576
1325576
1325576
1326928
1326928
1326928
1326928
1326928
1326928
1330470
1330470
1330470
1330470
1331086
1331086
1331086
1327544
1327544
1327544
1327544
1327544
1327544
1327544
1327544
1319396
1319396
1319396
1319396
1319396
1319396
1319396
1319396
1319396
1321632
1321632
1321632
1321632
1320256
1320256
1321632
1321632
1321632
1321632
1320180
1320180
1320180
1317372
1317372
1317372
1317372
1317372
1317372
1317708
1317708
1317708
1317708
1319944
1323486
1329534
1330334
1330334
1330950
1331750
1331750
1331750
1331750
1331750
1331750
1331750
1330950
1330950
1330950
1330950
1330950
1330334
1321134
1321134
1322454
1324914
1324914
1324914
1324914
1324914
1324914
1324914
1324914
1324914
1324914
1324914
1324914
1324914
1324914
1324914
1324914
1324914
1324914
1324942
1324942
1324942
1324942
1324942
1324942
1324942
1324942
1324942
1324942
1324942
1324942
1324942
1324942
1324942
1324942
1324942
1324942
1324942
1324942
1324942
1324942
1324942
1324942
1324942
1324942
1324970
1324970
1324970
1324970
1324970
1321706
1321706
1321706
1321706
1321706
1321706
1321706
1320977
1320977
1302851
1302851
1302851
1302851
1303345
1312305
1311165
1311165
1311165
1311165
1311165
1311894
1311894
1313390
1314644
1314644
1316880
1316908
1316908
1318048
1318048
1318048
1318048
1318048
1320408
1320408
1322487
1322487
1316987
1316987
1317481
1317481
1320771
1320771
1319631
1319631
1319631
1317552
1320312
1320312
1320312
1317552
1317552
1317552
1317552
1317552
1317552
1317552
1317552
1317552
1318281
1318281
1318281
1318281
1319657
1324109
1324109
1323380
1323380
1323380
1323380
1323380
1323380
1323380
1323380
1323380
1323380
1323380
1323380
1323380
1313180
1313180
1313180
1313180
1313180
1313180
1313180
1313180
1312970
1312970
1309514
1309514
1309514
1309856
1309856
1309856
1309856
1309856
1309856
1309856
1309856
1309362
1310062
1311514
1306118
1306118
1306734
1307709
1305349
1305377
1318337
1318337
1323733
1323733
1323943
1327911
1327417
1324153
1323943
1323943
1323943
1326403
1326403
1328639
1328639
1326179
1326179
1326179
1326179
1328639
1328639
1328639
1328639
1328639
1328611
1328611
1330971
1330971
1331465
1331465
1332625
1332625
1332625
1332625
1332625
1332625
1332625
1332625
1332625
1326361
1326361
1326361
1326361
1326361
1325386
1325386
1325386
1325386
1325386
1326002
1326496
1326496
1326524
1326524
1326524
1327253
1327253
1332503
1332503
1332503
1327107
1332357
1332357
1337997
1337997
1336837
1336837
1336837
1336837
1336837
1336837
1336837
1336837
1336837
1336108
1336108
1336108
1331656
1331656
1331656
1331656
1334416
1334416
1334416
1334416
1334416
1334416
1334416
1334416
1335175
1335175
1335975
1335975
1335975
1335975
1335975
1335975
1335975
1335975
1335975
1335975
1335975
1335975
1335975
1335975
1330475
1330475
1330475
1330475
1330475
1330475
1330475
1331234
1344914
1344914
1344704
1344704
1344704
1344704
1344704
1345040
1347210
1347210
1347182
1347182
1347182
1345012
1345012
1345012
1338748
1338748
1338748
1338720
1338720
1341180
1339926
1339716
1339506
1339506
1339506
1331358
1331358
1331358
1331358
1331358
1331358
1331358
1331358
1328598
1328598
1328598
1328598
1329974
1329974
1329974
1329974
1329974
1329974
1329974
1329974
1329974
1329974
1329974
1329974
1329974
1329974
1332434
1332914
1332914
1332914
1330454
1330454
1330454
1330454
1330454
1330454
1330454
1330454
1330556
1330556
1330556
1330556
1331716
1332516
1331716
1331716
1331716
1331716
1331716
1331716
1331716
1331716
1331716
1331716
1331716
1331716
1332445
1330366
1330366
1332445
1332445
1332445
1332445
1332445
1332445
1332445
1331716
1331716
1335136
1333640
1333640
1333640
1329480
1329480
1329480
1329480
1328028
1326576
1324116
1323316
1323316
1323316
1324273
1324273
1324273
1324273
1324273
1321553
1320413
1320413
1318177
1321327
1321327
1321327
1321327
1321327
1321327
1321327
1322679
1322679
1326839
1327049
1327049
1327049
1327049
1327049
1327049
1327049
1327049
1327049
1327151
1327151
1327151
1326535
1326535
1326535
1326535
1326535
1326535
1327151
1327151
1327151
1327151
1327151
1327151
1327151
1327151
1327645
1328785
1328785
1328785
1328785
1328785
1331593
1331593
1331593
1331593
1331593
1330977
1329657
1329657
1329759
1329759
1329759
1333919
1335371
1334117
1334117
1334117
1334117
1334117
1336577
1336577
1336577
1338656
1338656
1338656
1336486
1331518
1330902
1335477
1335477
1335477
1327329
1327329
1335477
1338767
1338767
1338767
1338767
1337607
1337607
1337607
1337607
1337607
1337607
1337607
1337607
1337607
1337607
1337607
1337607
1337607
1337607
1337607
1337607
1337397
1337397
1336045
1334725
1333273
1333273
1333273
1335633
1335633
1335633
1343781
1343781
1343679
1343679
1343679
1343679
1343679
1346271
1347071
1349431
1349431
1349431
1349431
1349431
1353591
1353111
1353111
1361259
1361259
1362059
1362059
1362059
1362059
1362059
1363435
1363435
1364051
1362675
1362675
1362675
1362675
1362675
1362675
1362675
1363155
1364295
1364295
1365455
1363219
1363219
1363219
1362419
1362419
1362419
1362419
1362419
1362419
1362419
1362419
1362419
1362419
1362419
1362419
1362419
1362419
1362419
1362419
1363376
1363376
1365836
1365836
1365036
1365036
1365036
1365008
1365008
1365008
1365218
1365218
1365218
1358558
1358558
1358558
1358530
1358530
1349330
1349330
1349330
1349330
1343870
1343870
1330766
1333916
1335268
1332508
1332508
1332508
1332508
1332508
1320984
1314936
1314936
1314936
1314936
1303323
1303323
1303323
1301244
1301244
1294980
1294980
1294980
1294644
1294644
1294644
1293292
1293292
1293190
1293190
1293190
1295910
1294590
1293138
1293138
1293138
1291642
1291614
1289254
1285286
1286606
1286606
1286948
1290238
1290238
1290238
1290238
1290238
1290238
1290238
1291195
1291195
1291195
1291195
1299343
1299343
1301422
1301422
1307062
1309038
1309038
1309038
1309038
1309038
1309038
1309038
1309038
1309038
1310490
1310490
1310280
1310280
1310280
1310280
1310280
1310280
1310280
1310280
1310280
1310760
1310970
1310970
1310970
1312130
1313506
1313506
1313506
1313506
1313506
1313506
1313506
1313506
1313506
1313716
1314052
1314052
1314052
1314052
1314052
1314052
1314052
1314052
1315306
1315306
1315306
1315306
1315306
1309456
1306996
1306996
1306996
1304636
1295436
1295772
1294632
1294632
1294632
1294632
1294632
1294632
1294632
1293832
1293832
1288436
1288744
1288744
1287944
1287944
1287944
1287944
1282444
1282444
1282444
1282444
1282444
1282444
1287904
1288384
1285624
1285624
1285624
1285624
1285624
1285624
1283454
1283454
1283454
1283454
1283454
1280646
1280646
1280152
1280152
1280152
1278800
1275536
1275536
1275536
1275536
1275536
1275564
1275564
1271112
1271112
1271112
1271112
1270155
1267919
1267919
1261259
1257969
1257969
1257969
1258769
1258769
1257609
1257609
1257609
1257637
1249489
1249489
1249489
1249489
1231849
1231849
1231849
1229489
1229489
1229489
1229489
1226339
1225382
1225382
1221254
1221254
1221254
1221152
1223960
1223960
1244162
1244190
1244190
1244190
1246360
1246360
1248596
1248596
1252138
1252138
1255558
1257010
1257769
1257769
1257769
1259023
1263991
1263991
1263991
1267255
1272651
1272651
1272651
1272651
1272651
1272651
1272651
1272651
1272651
1272651
1272651
1272651
1272651
1272651
1272651
1272651
1272651
1272651
1272651
1272651
1272651
1272651
1272651
1272651
1273811
1273811
1273811
1273783
1273783
1273783
1273783
1273783
1273783
1273783
1273783
1273783
1273783
1273783
1273885
1273885
1273885
1273885
1273885
1272533
1272533
1272533
1273292
1273292
1266917
1265565
1270533
1270533
1270533
1270533
1270533
1270533
1276797
1276797
1276797
1276181
1279723
1281699
1282007
1282007
1282007
1282007
1282007
1282007
1282007
1283327
1283327
1283327
1283327
1283327
1284581
1285556
1285556
1285556
1285556
1285556
1285556
1285556
1286908
1286108
1286108
1286108
1288344
1288344
1288344
1288344
1288344
1288344
1288344
1289504
1289504
1287144
1287144
1287144
1289952
1289952
1289952
1289952
1289952
1289952
1289952
1290568
1290568
1290670
1290670
1290670
1290670
1291399
1291399
1293759
1293759
1293759
1293759
1293759
1293759
1293759
1293759
1293759
1293759
1294559
1294559
1294559
1296638
1297254
1297254
1297254
1297254
1297254
1297254
1297254
1297254
1297254
1297254
1297254
1297254
1297254
1297254
1297254
1297282
1297282
1297282
1297282
1297282
1297282
1297282
1297282
1297282
1297282
1296142
1296142
1294790
1294448
1294448
1294448
1294448
1294448
1297990
1297990
1301410
1301410
1301410
1301410
1301410
1303770
1305122
1304322
1304322
1304322
1304322
1304322
1300780
1299640
1299640
1299640
1299640
1299640
1299640
1299640
1299640
1299640
1299640
1297561
1297561
1298536
1298536
1298536
1298536
1293036
1293064
1293064
1293064
1293064
1293064
1293274
1293274
1295510
1295510
1295510
1295510
1293274
1293274
1289306
1289306
1289306
1289306
1289306
1289306
1289306
1289306
1289306
1288690
1288690
1288662
1290038
1290038
1290038
1290038
1287959
1287959
1287959
1289213
1291292
1291292
1291292
1291292
1291292
1291292
1291292
1291292
1292452
1292452
1292452
1292452
1292452
1292452
1292452
1291723
1291381
1293551
1293551
1293551
1293551
1293551
1292297
1280021
1280021
1277851
1278826
1276201
1276201
1274749
1274749
1274749
1273792
1273792
1273792
1275244
1277414
1277414
1276062
1276062
1276062
1276062
1276062
1274922
1274922
1277730
1277030
1277030
1277030
1277030
1278190
1278190
1278190
1278190
1276111
1284259
1284259
1275059
1273899
1279539
1279539
1273164
1278560
1278560
1278770
1278770
1278770
1278770
1278798
1278798
1281258
1281258
1281258
1281258
1281258
1281258
1281258
1281258
1281258
1281258
1281258
1281258
1281258
1281258
1281258
1281258
1281258
1281258
1281258
1281258
1282754
1282754
1282260
1282260
1282260
1282260
1282260
1282260
1280884
1279724
1279724
1279724
1281803
1281803
1281803
1281803
1281803
1283155
1282363
1282363
1282363
1286938
1280563
1280563
1262923
1262923
1261763
1261763
1261763
1260443
1263035
1257575
1256618
1256618
1256618
1258697
1258669
1258669
1258669
1258669
1255127
1255127
1255127
1255127
1255127
1255127
1255856
1255856
1255856
1255856
1253777
1252281
1252281
1252281
1252281
1252281
1252281
1252281
1252281
1252281
1252281
1252281
1252281
1252281
1258131
1258131
1257795
1259771
1259771
1259771
1267891
1267891
1267891
1267891
1267891
1267891
1267891
1262041
1262143
1262143
1262143
1262143
1262143
1262143
1262943
1262943
1262943
1262943
1258975
1257523
1256723
1256723
1251755
1251755
1251755
1251755
1251755
1251755
1245287
1242927
1242927
1242927
1242927
1242927
1242927
1242927
1240567
1240567
1240567
1240567
1240567
1240567
1240567
1236439
1236439
1234463
1230011
1230011
1229036
1229036
1223536
1223536
1223536
1220776
1218016
1226976
1226976
1224384
1230852
1230852
1230852
1230852
1230236
1229900
1229900
1231979
1231979
1231979
1231979
1245083
1245083
1245083
1245083
1245083
1245083
1245083
1239443
1239443
1239443
1226894
1214345
1217481
1240971
1240971
1240971
1240971
1240971
1240242
1240242
1240242
1240242
1245742
1243766
1243766
1243766
1243766
1240630
1240602
1240602
1239462
1239462
1239462
1239462
1238010
1237053
1237053
1237053
1237533
1236733
1236733
1236733
1236733
1236733
1240023
1240023
1239223
1239223
1248423
1248321
1249773
1249773
1251027
1249707
1251027
1251027
1255995
1256205
1250355
1252980
1252980
1246716
1246688
1245548
1245548
1245548
1250123
1246703
1246703
1246703
1246703
1246703
1246703
1246675
1246675
1246675
1246675
1246675
1245916
1245916
1245916
1244464
1244464
1244464
1244464
1244464
1244464
1244464
1244464
1243984
1243984
1243984
1241748
1241748
1241748
1241748
1241748
1242548
1242548
1242548
1242548
1242548
1237973
1237973
1241393
1241873
1241873
1241873
1241873
1241873
1238453
1238453
1230305
1226145
1226145
1226145
1226145
1226145
1226481
1226481
1226481
1227456
1229692
1229692
1230852
1229712
1234287
1234287
1235244
1235244
1238664
1238664
1238664
1238664
1238664
1238664
1238664
1238664
1238664
1238664
1244304
1252424
1250188
1250188
1250188
1250188
1250524
1248445
1248445
1254085
1254785
1254785
1254785
1258913
1258113
1258113
1258113
1258913
1258913
1254461
1254461
1254461
1254461
1256921
1256921
1256921
1256921
1256921
1256921
1263185
1263185
1262705
1262705
1262705
1262705
1260469
1260469
1261085
1257543
1260303
1262279
1262279
1262279
1262279
1262279
1262279
1262279
1262279
1262279
1262279
1262279
1262279
1262279
1262279
1262279
1262279
1262279
1262279
1262279
1262279
1262279
1260927
1260927
1260927
1259551
1259551
1259551
1259551
1259551
1259551
1259551
1259551
1259551
1259551
1259551
1259551
1259551
1264126
1264126
1264126
1264126
1264126
1264126
1264126
1264126
1264126
1264126
1264126
1264126
1264126
1264126
1264126
1264126
1264126
1264126
1265266
1265266
1264012
1264012
1264012
1264012
1264012
1264012
1265152
1265152
1265152
1259756
1259756
1259756
1259756
1259756
1254360
1254360
1254360
1254360
1254360
1254360
1254360
1254360
1254360
1254360
1253008
1253008
1253008
1253008
1253008
1253008
1253008
1253008
1253008
1252208
1252208
1252208
1252208
1252208
1246958
1246958
1246958
1246958
1245506
1245506
1245506
1245506
1245506
1245506
1242242
1243402
1243374
1243374
1243374
1240238
1240238
1240238
1240238
1241038
1241038
1241038
1241767
1241767
1241767
1241767
1241767
1241767
1243143
1243143
1245603
1245603
1245603
1248739
1248739
1248739
1248739
1248739
1246569
1250729
1241529
1242669
1242669
1242669
1242669
1242669
1242669
1242567
1242567
1242567
1242567
1242567
1242567
1242567
1239277
1242085
1237925
1237925
1237925
1237925
1237925
1237925
1237925
1237925
1237309
1224607
1224113
1224113
1224113
1224113
1224113
1224113
1218473
1216237
1216237
1216237
1215097
1215097
1210645
1210645
1210645
1211374
1210758
1211094
1211094
1211094
1211094
1211094
1210992
1210498
1210498
1210498
1210498
1210498
1210498
1210498
1213090
1214065
1214065
1214065
1214065
1214065
1214065
1214093
1213477
1213477
1212718
1212718
1212718
1211342
1211342
1211342
1211342
1211342
1211678
1211678
1211678
1211678
1211678
1217942
1217942
1217942
1217942
1218278
1218278
1218278
1219774
1219774
1219774
1220934
1220934
1220934
1222910
1222910
1222294
1222294
1223790
1223790
1223790
1223790
1223790
1223790
1223790
1223790
1223790
1223790
1226026
1227166
1227166
1236366
1236366
1236366
1237818
1238154
1238954
1238954
1238954
1238954
1238954
1238954
1237997
1237997
1237997
1237997
1237997
1237197
1237197
1237197
1237197
1242593
1242593
1242593
1242593
1242593
1242593
1242593
1242593
1242593
1242593
1242593
1242593
1242593
1242593
1243847
1243847
1243847
1244804
1244804
1244804
1244804
1242444
1242444
1242444
1242444
1242444
1242444
1241068
1241068
1245643
1245643
1245643
1245433
1245433
1245433
1245433
1245433
1245433
1245433
1245433
1244273
1241813
1241813
1241813
1241813
1241813
1241054
1241054
1242194
1242194
1242194
1242194
1242194
1242194
1241714
1241714
1241714
1243210
1243210
1243210
1243210
1243210
1243210
1243210
1243210
1243210
1241758
1241758
1241758
1241758
1241758
1241758
1241758
1241758
1241758
1241142
1241170
1241170
1241170
1241170
1240676
1237916
1232456
1232456
1232456
1232456
1232456
1228296
1228296
1226844
1226844
1226844
1228098
1228578
1228578
1229954
1234082
1234082
1234082
1234082
1234082
1234082
1234082
1234082
1234082
1234082
1234082
1233125
1233125
1233125
1233125
1233125
1233125
1233153
1233153
1233153
1233153
1233153
1233153
1233153
1234649
1234621
1234621
1234621
1234621
1234621
1234621
1233862
1233862
1232722
1232722
1232722
1232722
1232722
1232722
1232722
1232722
1232722
1232722
1232722
1235082
1232722
1232722
1232722
1231226
1232366
1232366
1232366
1232366
1232366
1232366
1232366
1232366
1232366
1232366
1232366
1235656
1236613
1237753
1237753
1237753
1237753
1237753
1237753
1237753
1237753
1237753
1237753
1237753
1237753
1237753
1237753
1237753
1234211
1234211
1234211
1235663
1235047
1235047
1234657
1234657
1234657
1234657
1234657
1234657
1234657
1233700
1233700
1233700
1233700
1232743
1229453
1229453
1229453
1229453
1229453
1229453
1229453
1229453
1229453
1229453
1229453
1217840
1217840
1219192
1222342
1222342
1219052
1219052
1219052
1231754
1231754
1231754
1231754
1232894
1232894
1230302
1230302
1229808
1224412
1221952
1221952
1221952
1221952
1218410
1218410
1218410
1218410
1218410
1218410
1218410
1217156
1223531
1220771
1220771
1220277
1220277
1218198
1218198
1210050
1210050
1211402
1211402
1214210
1214210
1210082
1210082
1210082
1210082
1210082
1209740
1213708
1213008
1213008
1213008
1213008
1214168
1214168
1214196
1214196
1211960
1211003
1211003
1211003
1211003
1211003
1211003
1206428
1201032
1201032
1201242
1201242
1201242
1197114
1198071
1198071
1195711
1195711
1195711
1194952
1194952
1196092
1196092
1196092
1196892
1199352
1199352
1199352
1194777
1196947
1196947
1196947
1196947
1196947
1194971
1194971
1194971
1194971
1188707
1189323
1189323
1189323
1189323
1189323
1194823
1195582
1195582
1195792
1195792
1195792
1209472
1209682
1209682
1211134
1211134
1216984
1216984
1220248
1220248
1217888
1217888
1217888
1217888
1219384
1219384
1221554
1221554
1221554
1221554
1221764
1221764
1222721
1222721
1222931
1223690
1223690
1223690
1223690
1227850
1227850
1227850
1227850
1231140
1231140
1231140
1231869
1231869
1231140
1231140
1231140
1231140
1231140
1232300
1232300
1232300
1232300
1232510
1232510
1232510
1232510
1232510
1233670
1233670
1233670
1233670
1233670
1233670
1233670
1233670
1233670
1233670
1234286
1234286
1234286
1238446
1238446
1238446
1238446
1238446
1241582
1241582
1241582
1241582
1241088
1241088
1236636
1224236
1224236
1224236
1224236
1224236
1224236
1226828
1226828
1227170
1226030
1226030
1209430
1208701
1206465
1206465
1209090
1209090
1209090
1209090
1212510
1212510
1212510
1212510
1211710
1211710
1211710
1211710
1211710
1211710
1211710
1211710
1211710
1215870
1215870
1216350
1216350
1216350
1217726
1218886
1218886
1218886
1218886
1218886
1218886
1218886
1218886
1221694
1221694
1221694
1221694
1221694
1221694
1221694
1221694
1221694
1223930
1224730
1224730
1224730
1224730
1224730
1224730
1224730
1225459
1225459
1225459
1225459
1225459
1225459
1225459
1225459
1225459
1224083
1224083
1224083
1219923
1219923
1219923
1219923
1219923
1219923
1219923
1221375
1222332
1222332
1222332
1222332
1224411
1224411
1225551
1226280
1226280
1226280
1226280
1226280
1226280
1226280
1225551
1225551
1225551
1226691
1224612
1224612
1224612
1224612
1224612
1224612
1224612
1224612
1224612
1224612
1224612
1224612
1224612
1224612
1226972
1226972
1226972
1226972
1226972
1226972
1226972
1226972
1224612
1224612
1224612
1224612
1224612
1224612
1224612
1224612
1225964
1225164
1225164
1225164
1225164
1225164
1225164
1222804
1222776
1222776
1222776
1222776
1222160
1222160
1222160
1222160
1222160
1222160
1222160
1218618
1218618
1218618
1217364
1214604
1214394
1214394
1213778
1213778
1213778
1213778
1213778
1213778
1213778
1213778
1213778
1213778
1213988
1213196
1213196
1213196
1213196
1219664
1219664
1223792
1230452
1231904
1231904
1231904
1231904
1231904
1231904
1231904
1231904
1231904
1231904
1233064
1233064
1233064
1233064
1233064
1233064
1233064
1233274
1233274
1233274
1233274
1233274
1233274
1233274
1235866
1235866
1235866
1238102
1238102
1239554
1248754
1248754
1251114
1251114
1251730
1251730
1251730
1254090
1253474
1253474
1253474
1253474
1253474
1253474
1253474
1253474
1253474
1253474
1253474
1253474
1253474
1245326
1245326
1245326
1245326
1245326
1245326
1245326
1245326
1245326
1245326
1251794
1251794
1251794
1251794
1251794
1249434
1249434
1246014
1246014
1246014
1246508
1246508
1246508
1248744
1248744
1249719
1245267
1245267
1245267
1245267
1245267
1245267
1245267
1245267
1245267
1245267
1245267
1245267
1245267
1245267
1245609
1245609
1245609
1245609
1245609
1245609
1245609
1245609
1245609
1245609
1245609
1245609
1245609
1245609
1245609
1245609
1240213
1240213
1240213
1242292
1242292
1242292
1242292
1246867
1246867
1244891
1244891
1244891
1244891
1244891
1244891
1241627
1241627
1241627
1235363
1235363
1237955
1237647
1232679
1232679
1232679
1231327
1230985
1230985
1231942
1232742
1232742
1232742
1232742
1232742
1232742
1227242
1225790
1225790
1225790
1225790
1230242
1230242
1230242
1229082
1229082
1229082
1230242
1230242
1230242
1230242
1230242
1231402
1231402
1232898
1232898
1232898
1230662
1231916
1231916
1234152
1234152
1234152
1234152
1234152
1234152
1234152
1234152
1232898
1232169
1232169
1233329
1233329
1233329
1233329
1233301
1235661
1240236
1237876
1237876
1237876
1237876
1237876
1237876
1237876
1236380
1236380
1236380
1236380
1238616
1236537
1236565
1237294
1237294
1237910
1237910
1237910
1239050
1239050
1237910
1239050
1239050
1243210
1245289
1245289
1245289
1245289
1245289
1245289
1245289
1238914
1237462
1237462
1237434
1237434
1236058
1233822
1230532
1230224
1230224
1230224
1226096
1225367
1218899
1220978
1220978
1220978
1220978
1220978
1221737
1221737
1221737
1221737
1221737
1221737
1221737
1221737
1221737
1221737
1222877
1222877
1222877
1222085
1234787
1234445
1232209
1232209
1232209
1231480
1229120
1229120
1229120
1219920
1219920
1218780
1218780
1218780
1218780
1216420
1215044
1215044
1216001
1216001
1211549
1211549
1212043
1212043
1209235
1209235
1209235
1209235
1209235
1209235
1214203
1214203
1214203
1214203
1214203
1214203
1214203
1214203
1214203
1214203
1219843
1219843
1213993
1213993
1213513
1213513
1212353
1215617
1215617
1218881
1223849
1223849
1223849
1223849
1223849
1223849
1221489
1220532
1220532
1225500
1226259
1226259
1226259
1226259
1226259
1224807
1224807
1227399
1227399
1227399
1233039
1233039
1233039
1233039
1233039
1233039
1233039
1233039
1233039
1231587
1231797
1231797
1231797
1231797
1231797
1231797
1231797
1231797
1231797
1231797
1231797
1231797
1231797
1231587
1231797
1231797
1231797
1231797
1233876
1235328
1236582
1236582
1236582
1236582
1235328
1235328
1235328
1236087
1236087
1236087
1236087
1236087
1236087
1236087
1237539
1236219
1239509
1239509
1239509
1239719
1239719
1239719
1239719
1239719
1240859
1237569
1239065
1239065
1239065
1239065
1240517
1240517
1240517
1240517
1243277
1243277
1243277
1243277
1243277
1243277
1243277
1243277
1243277
1239987
1238611
1235191
1235191
1235191
1235191
1235191
1235191
1235191
1235191
1235293
1235293
1235293
1235293
1235293
1235293
1237529
1237529
1237529
1237529
1237529
1237529
1237529
1239989
1239989
1239989
1239989
1238829
1239804
1239804
1240964
1240964
1240964
1240964
1243043
1243043
1241789
1243285
1243285
1243285
1243285
1244539
1244539
1242460
1242460
1242460
1242460
1242460
1242460
1242460
1242460
1242460
1242460
1242460
1242460
1242460
1242460
1242460
1242460
1242460
1242460
1242460
1242460
1243076
1243076
1243076
1245884
1245884
1245884
1246094
1246094
1246094
1246094
1246094
1246710
1246710
1246710
1246710
1246710
1246710
1246710
1246710
1246710
1246710
1246710
1246710
1246710
1246710
1246710
1246710
1246710
1246710
1245334
1244718
1245054
1251318
1252694
1252694
1252694
1254046
1254046
1254046
1255206
1255206
1255206
1255206
1255206
1255686
1255686
1255686
1255686
1255686
1255686
1255686
1255686
1255476
1255476
1255476
1253116
1253116
1253116
1253116
1253116
1253116
1253116
1253116
1253116
1253116
1253116
1253116
1253116
1253116
1253116
1253116
1248956
1248956
1248956
1248956
1248956
1248340
1247020
1247020
1247020
1246992
1245738
1245738
1245738
1245738
1245738
1244362
1244334
1244334
1244334
1243840
1243840
1241604
1241604
1241502
1240248
1240248
1240248
1240248
1240038
1240038
1240038
1239246
1239246
1237926
1237926
1237926
1237926
1235756
1235756
1229492
1226732
1226732
1226522
1226522
1226522
1226522
1226522
1220672
1220672
1220672
1220672
1220672
1220672
1217408
1217408
1217408
1217408
1217408
1217408
1217408
1217408
1217072
1217072
1216280
1216280
1216280
1216280
1214201
1214201
1212825
1212825
1212825
1212825
1212825
1211868
1211868
1211868
1211868
1211868
1211868
1211868
1211868
1211868
1210516
1208437
1208437
1208437
1208437
1208437
1208437
1208437
1208437
1208437
1208437
1208437
1208437
1208437
1208437
1208437
1208437
1208437
1208437
1208437
1207061
1207061
1207061
1207061
1207061
1207061
1207061
1206104
1206104
1206104
1206104
1206104
1206104
1202136
1200816
1200816
1200816
1200816
1200200
1199471
1199471
1199471
1198855
1198855
1198855
1198855
1198855
1193887
1193887
1192511
1192511
1192511
1192511
1192511
1192511
1191711
1190571
1190571
1190571
1190571
1187763
1187763
1187661
1187661
1187661
1187661
1187661
1187661
1187661
1187661
1187661
1187661
1187661
1187661
1187661
1187661
1183086
1183086
1183086
1183086
1183086
1183086
1183086
1177626
1177626
1177626
1177626
1174206
1174206
1174206
1173406
1173406
1173406
1173406
1172054
1171560
1170603
1170123
1170123
1170123
1170123
1167315
1167315
1167315
1167315
1167315
1167315
1167315
1167315
1166586
1166586
1166586
1166586
1165426
1165426
1165426
1165426
1165426
1165426
1165426
1165426
1164626
1164626
1164626
1164626
1164626
1164626
1164626
1164626
1164626
1164626
1164626
1161818
1161818
1161818
1161818
1161818
1161202
1158842
1158842
1158842
1156672
1156672
1156672
1155715
1155715
1155715
1155715
1155715
1155235
1155235
1153065
1153065
1153065
1153065
1152265
1152265
1151506
1151506
1151506
1151506
1146931
1146931
1146931
1146931
1144852
1144852
1144852
1143500
1143500
1143500
1143500
1143500
1143500
1143710
1152910
1152910
1152910
1152910
1152910
1152910
1152910
1151750
1151750
1151750
1151750
1151750
1151750
1151750
1151750
1151750
1151750
1151750
1153126
1153126
1153126
1153126
1156546
1157040
1157040
1158200
1158200
1158200
1155964
1155964
1155964
1154824
1154824
1153448
1153448
1153448
1153448
1153420
1153420
1152926
1152926
1152310
1151581
1151479
1151479
1151479
1151479
1151479
1151479
1151479
1151479
1151479
1151479
1151479
1151479
1151479
1151479
1151479
1149243
1149243
1149243
1149243
1149243
1149243
1149243
1149243
1149243
1149243
1149243
1149243
1149243
1149243
1149243
1146783
1147512
1147512
1147512
1146783
1145983
1145983
1145983
1145983
1142847
1142847
1142847
1142847
1142847
1142847
1141471
1141471
1141471
1141471
1141471
1141471
1141471
1141471
1141471
1141471
1141471
1141471
1141471
1142271
1142271
1143647
1143647
1143647
1143647
1143647
1143647
1143647
1142918
1142918
1142918
1142918
1142918
1142918
1142918
1142118
1142118
1137958
1137958
1140766
1138530
1139906
1139106
1142562
1160202
1169402
1169402
1166594
1171046
1171046
1171526
1171834
1171834
1171834
1171834
1174070
1174070
1169910
1169910
1169910
1169910
1174070
1174870
1173494
1173494
1173494
1173494
1173014
1173014
1173014
1173014
1173014
1173014
1173014
1173014
1173014
1173014
1173014
1173014
1173014
1173014
1173014
1173014
1173014
1173014
1173014
1173014
1172520
1172520
1172520
1172520
1172520
1172520
1172520
1172520
1172418
1170058
1170058
1170058
1168606
1168606
1168606
1168606
1168606
1167254
1167254
1167254
1167254
1164894
1164894
1164894
1164894
1164894
1164894
1164894
1164894
1164894
1164792
1164792
1164792
1164792
1170432
1170432
1170768
1171908
1171908
1171908
1171908
1171908
1176876
1176876
1176876
1176876
1176876
1176876
1176876
1176876
1176876
1176876
1176876
1176876
1176876
1176876
1176876
1172301
1172301
1172301
1172301
1172301
1172301
1172301
1172301
1172301
1172301
1172301
1172301
1171501
1171501
1171501
1171501
1171501
1171501
1171501
1169265
1169265
1169265
1169265
1169265
1166905
1166905
1166905
1166905
1164669
1164669
1164669
1164669
1164669
1164669
1164669
1164669
1165285
1167645
1167645
1167645
1167645
1167645
1167645
1167645
1169881
1169881
1169265
1169265
1169265
1169265
1169265
1169265
1169265
1169265
1169265
1169265
1169265
1169265
1169265
1169265
1169265
1169265
1169265
1169265
1169265
1165845
1163609
1163609
1163609
1163609
1163609
1163609
1163609
1163609
1163581
1163581
1163609
1163609
1163609
1163609
1163609
1163609
1163609
1163609
1163609
1163609
1163609
1163609
1163609
1163609
1163609
1163609
1163609
1163609
1163609
1163609
1163609
1163399
1163399
1163399
1163399
1163399
1163399
1163399
1163063
1157667
1157667
1157667
1157667
1157667
1157667
1157667
1157667
1157667
1157667
1155497
1154337
1154337
1154337
1154127
1153152
1153152
1153152
1153152
1153050
1153050
1149760
1149760
1149144
1146908
1146908
1146908
1146908
1146908
1146908
1146908
1146908
1146908
1146908
1146908
1146908
1146908
1146908
1146908
1146908
1146908
1145768
1145768
1145768
1143689
1143689
1143689
1143689
1143689
1143689
1142732
1142732
1147307
1148561
1151021
1151021
1151021
1153100
1153100
1153100
1151940
1151940
1149480
1149480
1149480
1148505
1148505
1149665
1149665
1149665
1149665
1148169
1148169
1148169
1148169
1146915
1146915
1146915
1144836
1144836
1144836
1144836
1144836
1144836
1144836
1143384
1143384
1137884
1137884
1137884
1137884
1132488
1130252
1130252
1129452
1129452
1129452
1130828
1130828
1130828
1130828
1130828
1131785
1131785
1131785
1131785
1133955
1133955
1133955
1133955
1136315
1136315
1136315
1136315
1136315
1136315
1136315
1136315
1136315
1136315
1136315
1135358
1135358
1135358
1135358
1136158
1135822
1135822
1135822
1135822
1135822
1135822
1135822
1135822
1135822
1135822
1135822
1135822
1135822
1135822
1135822
1135822
1136982
1133562
1133562
1133562
1133562
1133562
1128987
1128987
1128987
1128987
1128651
1128651
1126415
1126415
1126415
1125440
1124280
1124280
1124280
1125237
1125237
1125237
1125237
1125237
1125237
1124280
1124280
1124280
1124280
1124280
1124280
1124280
1124280
1121655
1121655
1121655
1121655
1121655
1121655
1121655
1121655
1121655
1115607
1115607
1110107
1110107
1110107
1110107
1110107
1110107
1110107
1108967
1108967
1108967
1106888
1106888
1106860
1106860
1103318
1103318
1100028
1100028
1100028
1100028
1100028
1100028
1098576
1098576
1098576
1098576
1089616
1089616
1089616
1089616
1089616
1089616
1089616
1089616
1088264
1088264
1088264
1088264
1088264
1087307
1087307
1087307
1093967
1094759
1101227
1101227
1101017
1099521
1099521
1099521
1099521
1103681
1103681
1105177
1101017
1101017
1101017
1101017
1101017
1101974
1089014
1089014
1089014
1086389
1086389
1086389
1086389
1086599
1086599
1086599
1086105
1086105
1086105
1086105
1086105
1086105
1085148
1085148
1085148
1085148
1085148
1085148
1085148
1085148
1082788
1082788
1082788
1082788
1082788
1082788
1082788
1082788
1082059
1082059
1082059
1082031
1082031
1081537
1081537
1081435
1077275
1077275
1077275
1077275
1077275
1077275
1077275
1076516
1076516
1076516
1076516
1076516
1075064
1075064
1073810
1073810
1073810
1073810
1073810
1073600
1070310
1067550
1067550
1067550
1067550
1067550
1067550
1067550
1064260
1064260
1064260
1064260
1064260
1064260
1064260
1064260
1064260
1064260
1063531
1063531
1063531
1063531
1063531
1061071
1061071
1060455
1060455
1060113
1059497
1059497
1059497
1059497
1062953
1064113
1073313
1074453
1074453
1074453
1082613
1082613
1082613
1088877
1097837
1097837
1100429
1100429
1100429
1105929
1110897
1111233
1111233
1111233
1109063
1109063
1109063
1109063
1109063
1109063
1109063
1108727
1108727
1108727
1108727
1107968
1107011
1104841
1104841
1104841
1104841
1104841
1104841
1104841
1104225
1098975
1098975
1098975
1098975
1098975
1098975
1098975
1098975
1098975
1098495
1098495
1098495
1098495
1098495
1098495
1096259
1096259
1096259
1096259
1093634
1093634
1093634
1093634
1093634
1093532
1093532
1090772
1089632
1089632
1089604
1088804
1088804
1088804
1088004
1087275
1084467
1084365
1084365
1084365
1084365
1084365
1084365
1083871
1083112
1083112
1083112
1083112
1083112
1081858
1084218
1084218
1084190
1084190
1083050
1083050
1092250
1092250
1092250
1092250
1089890
1089890
1089161
1091397
1093476
1094730
1094730
1095459
1095459
1093380
1093380
1093408
1093408
1094548
1094548
1096044
1096044
1096044
1096044
1094548
1092312
1092312
1092210
1092210
1091874
1091874
1091874
1091874
1091874
1091874
1091874
1091874
1091874
1091874
1091115
1091115
1090415
1090415
1089039
1089039
1089039
1089039
1088082
1088082
1088082
1088082
1088082
1097042
1103417
1107545
1107051
1109511
1107151
1105991
1105991
1105991
1109255
1110415
1110415
1105019
1111283
1111283
1111283
1111283
1111283
1111283
1111283
1111283
1111311
1116707
1116707
1116497
1119217
1119711
1119711
1119921
1119921
1119921
1119921
1119921
1120896
1120868
1123228
1123228
1118776
1117456
1117456
1116840
1116840
1116840
1116840
1116840
1116840
1116840
1115388
1115388
1114772
1114772
1114772
1101092
1101092
1101092
1101092
1101092
1096932
1094472
1094472
1092112
1092112
1092112
1092112
1089304
1089304
1089304
1087852
1087852
1086712
1086712
1086712
1086712
1083952
1083952
1083952
1083952
1083952
1083952
1083952
1083952
1083952
1083952
1083952
1083850
1083850
1083640
1083640
1083640
1083640
1083640
1082480
1082480
1082480
1082480
1081104
1078868
1078868
1078068
1078068
1078068
1078068
1078040
1076880
1076880
1076880
1076880
1076880
1076880
1076880
1076880
1076880
1075720
1075720
1075720
1075720
1073641
1073641
1072289
1069829
1069829
1069829
1069493
1068536
1068536
1068536
1068536
1068536
1068536
1055576
1055576
1055576
1055576
1055576
1079496
1078696
1078696
1078696
1076617
1079753
1080482
1080482
1083938
1084738
1088280
1094748
1094019
1094019
1095339
1095339
1108041
1110849
1110849
1112928
1110468
1110468
1112928
1112928
1112928
1112928
1112928
1112928
1112928
1112928
1112928
1112928
1112928
1112928
1112199
1112199
1104051
1104051
1103251
1103251
1103251
1100791
1099415
1099415
1094840
1094840
1094840
1094840
1094111
1094111
1088471
1088471
1088471
1088471
1088471
1087855
1087375
1087375
1087375
1087375
1086235
1084156
1080614
1080614
1080120
1076578
1076578
1076578
1076578
1076578
1076578
1068430
1063462
1063462
1063462
1063462
1063462
1063462
1063462
1063462
1063462
1059494
1054244
1054244
1054244
1054244
1054244
1054034
1051226
1050251
1050251
1050251
1050251
1050251
1050251
1050251
1050251
1050251
1050251
1050251
1050251
1050251
1050251
1050251
1050251
1047443
1046067
1041615
1041615
1053139
1073341
1074717
1076953
1080409
1078173
1082625
1085433
1081977
1081177
1090377
1090377
1090349
1090829
1108469
1090829
1090829
1081629
1081149
1081149
1085309
1085309
1081149
1080841
1078033
1078033
1078833
1078833
1078833
1078833
1078833
1078833
1076473
1076473
1076473
1076473
1076131
1074877
1074877
1074877
1074877
1074877
1074077
1071841
1071739
1071739
1069379
1067209
1067209
1067209
1067209
1067209
1064617
1064617
1064617
1064123
1064123
1062147
1059687
1058928
1058928
1058448
1058448
1058448
1055158
1053782
1053166
1052191
1052191
1054783
1055119
1055119
1055119
1054783
1054783
1054783
1054783
1054783
1054783
1054783
1054783
1054783
1056279
1056279
1056279
1056279
1056279
1056279
1056279
1050015
1050015
1050015
1048855
1048855
1047359
1047359
1047359
1047359
1047359
1047359
1048519
1047819
1047819
1047819
1047819
1047819
1047819
1047325
1047325
1047325
1046709
1046709
1046709
1046709
1043989
1043887
1043887
1040737
1040737
1040737
1040737
1040401
1040401
1039601
1039601
1033337
1033337
1033337
1033337
1033337
1033337
1033337
1029917
1029917
1029917
1029917
1029917
1029917
1029815
1029815
1026273
1026273
1026273
1022113
1022113
1022113
1022113
1022113
1022113
1023465
1023465
1024605
1024605
1024605
1024269
1024605
1024605
1029573
1029573
1035621
1035621
1042281
1036641
1036641
1040701
1039561
1039561
1039561
1045201
1045201
1045201
1048621
1048621
1048621
1043653
1043653
1043653
1043653
1041193
1041193
1041193
1041193
1041193
1041193
1040885
1040885
1039928
1039928
1039928
1037952
1037952
1035873
1035873
1035873
1035873
1035873
1035873
1035873
1035873
1035393
1035393
1035393
1034073
1034073
1034073
1031481
1031481
1031481
1031481
1043881
1077456
1078256
1078256
1076880
1077609
1077609
1076809
1085769
1088359
1088701
1088701
1091837
1091837
1091837
1091837
1091837
1091837
1103177
1103177
1103177
1114790
1114790
1119137
1119137
1119137
1121597
1129717
1129717
1131093
1130364
1130364
1130364
1130364
1130364
1130364
1130364
1128194
1128194
1126842
1126842
1126842
1126842
1126842
1126842
1118694
1118694
1118358
1118358
1118358
1115208
1115208
1115208
1115208
1115208
1115208
1115516
1113280
1110920
1110920
1110920
1110920
1110920
1110920
1110920
1113156
1113156
1113156
1113156
1115326
1115326
1115326
1115942
1115942
1115942
1115942
1115942
1120910
1120910
1120294
1120294
1120294
1120294
1120294
1120294
1122654
1121679
1120704
1120704
1120704
1120704
1120704
1120704
1120704
1118244
1118244
1119740
1120900
1118821
1118821
1118821
1118821
1123396
1124371
1119796
1123956
1126035
1126035
1126035
1126035
1127289
1127289
1129749
1128495
1128495
1128495
1128495
1128495
1128495
1128495
1127335
1127335
1127335
1127335
1127335
1126535
1126507
1126507
1126507
1126507
1126507
1126507
1125347
1125347
1123371
1123371
1118796
1118796
1118796
1118796
1118796
1117636
1117156
1117156
1117156
1117156
1111306
1111306
1111306
1111306
1109227
1109017
1109017
1109017
1109017
1100869
1100869
1100869
1092721
1091561
1090802
1090802
1088566
1088566
1088566
1085024
1084814
1084085
1080665
1080665
1080665
1079169
1074201
1074173
1074173
1073013
1073013
1073013
1067513
1067513
1073013
1063813
1062673
1060081
1060081
1069041
1069041
1069041
1074501
1069533
1070673
1070673
1070673
1061713
1061713
1061713
1061377
1061377
1061713
1061713
1062873
1054713
1051257
1051257
1051257
1056225
1056225
1056225
1056225
1056225
1056225
1049961
1049961
1049961
1049961
1049961
1049961
1049961
1049961
1049961
1049961
1049961
1049961
1050690
1050690
1050690
1050690
1050690
1050690
1049338
1049338
1049338
1049338
1049338
1049338
1049338
1049338
1049338
1049338
1043942
1043942
1043942
1042688
1042688
1042688
1037048
1037048
1031548
1031548
1031548
1031548
1031548
1030408
1028238
1026886
1026886
1023750
1023750
1018110
1018110
1005006
1002198
981996
981996
981996
981996
980544
980544
980544
980544
974076
972822
972822
972822
972822
972822
949332
949332
949332
949024
943564
941204
941204
939884
939884
938532
938532
935112
935112
935112
935112
933736
933736
933736
933736
933736
928096
928096
928096
928096
928096
928096
928096
928096
929071
934467
934467
934467
934467
934467
934467
934467
932007
932007
932007
932007
932007
932007
926611
926401
928861
928861
928833
928833
928833
928833
928833
928861
928861
929071
929071
930325
930325
930325
930325
930325
930325
930325
930325
930325
930325
930325
930325
930325
930325
930325
930325
928873
923905
922765
922765
921965
921965
931165
931894
931996
940156
946624
962059
975739
975739
982114
994663
996661
1001113
1001872
1007268
1023468
1023468
1026758
1039862
1043830
1043830
1042378
1042378
1039114
1039114
1039114
1039114
1039114
1034539
1028899
1026274
1025134
1025134
1023158
1023158
1022542
1022542
1021842
1021740
1021740
1021740
1021740
1021740
1021740
1021740
1021740
1021740
1021740
1021740
1021740
1021740
1020244
1020244
1020244
1020244
1020244
1020244
1020216
1011016
1011016
1011016
1011016
1011016
1011016
1011016
1010988
1010988
1010988
1010988
1010988
1009536
1009536
1005408
1005408
1005408
1005408
1005408
1005408
1005408
1003329
1003329
1003329
1003329
994129
994129
994129
991669
991053
991053
991053
991053
993861
995213
996533
996533
999989
999989
999373
998021
998021
1004209
1010473
1010263
1007455
1011583
1011793
1018168
1038370
1039746
1039746
1038370
1038370
1054570
1067530
1061266
1061266
1061882
1061882
1061882
1061882
1061882
1061882
1061882
1061854
1052894
1052414
1049954
1047875
1041611
1041611
1041611
1041611
1041611
1041275
1041275
1041275
1038467
1038467
1032092
1032092
1032092
1032092
1030932
1030932
1030932
1028340
1028340
1028340
1028004
1019884
1016464
1016464
1016464
1011889
1011889
1011409
1011409
1006834
1000366
996238
993613
993403
993067
993067
993067
993067
993067
993067
993067
993067
993067
993067
991907
983787
982291
982291
982291
982291
982291
982291
982291
980939
974471
974471
973019
973019
973019
972260
971006
970796
968820
968820
968820
968091
968091
968091
968427
969227
966867
968243
968243
968551
967175
967175
966218
969508
969508
969508
971744
971744
971744
971744
971744
971744
969574
969574
969574
969574
970531
970531
970531
970531
969731
969731
972091
972091
972091
972091
978139
978139
977339
977339
977339
977339
977339
977339
977339
977339
977339
976199
976199
976199
976199
975989
975989
975779
975779
975569
975569
968909
968109
968109
966733
966733
966733
966733
966733
966733
966733
966733
966733
966523
963373
962213
962213
962213
962213
962213
962213
962213
962213
962213
962213
962213
962213
962213
962185
962185
959825
958571
958571
958571
958571
958571
958571
958571
958571
953996
941294
940134
940134
940134
940134
940134
940134
927432
927432
927432
926272
926272
926272
926272
924036
924036
923694
923694
923694
923694
923694
923694
923694
922737
920145
915985
915985
915369
909973
909973
909973
907213
907213
907213
906238
906028
906028
903220
903220
903220
903220
903220
903220
903220
903220
903220
903220
903220
903220
903220
903220
903220
903220
903220
903220
899930
898790
898790
898790
898790
897630
897630
897630
897630
897630
897630
897630
897630
897630
897630
897630
897630
897630
897630
897630
897630
895038
895038
891748
891748
891748
891748
891748
891748
891748
890252
890252
889112
889112
889112
887972
887972
887972
892424
893584
893584
895582
895582
894625
894625
894625
894625
899200
899200
899200
899200
899200
900157
900157
900157
900157
900157
903577
903577
903577
903577
906867
906867
909103
909103
909103
909103
909103
909103
909439
909439
909439
909439
908279
908279
908279
908279
908279
908279
908279
908279
907785
904977
895777
895777
894401
894401
892165
892165
893541
893541
893541
893541
894021
873819
873819
873819
873819
874619
873819
873819
873819
873819
869367
868887
857363
857363
853907
836267
836267
832107
832107
832107
832107
832107
827139
826523
826523
826523
826523
825794
824837
824837
824837
820709
819569
815409
815409
815409
813957
813957
813957
813957
813957
813957
813957
809989
809989
809989
809989
809989
807910
807910
806750
806750
806750
806750
806750
806750
806750
806750
806750
806750
806750
806750
806750
806256
806256
805497
805497
805497
805497
805497
804045
804045
804045
804045
802549
802549
802549
802549
802549
802549
802549
807001
807001
803737
805713
805713
805713
805713
817053
833253
833595
837015
849291
854541
866941
872791
872819
875055
875055
875055
881523
881523
881523
881523
881523
881523
881495
881495
881495
881495
876527
876527
876527
876527
876527
876527
872367
872367
871015
871015
871015
865515
865515
865515
865515
865515
865515
865515
863279
872479
874558
874558
872479
896399
894903
894903
893649
895885
895885
895885
886685
886685
884325
885465
885465
885465
885465
886194
886194
885054
885054
885054
888190
888190
887461
885225
885253
885253
886749
888003
887975
890335
890335
890335
890335
889606
889606
887527
887527
887527
887527
886367
886367
886367
877167
872592
872592
872592
872592
872592
868017
868017
868017
864881
864881
864881
864881
864881
864881
864881
864881
864881
863741
863741
863741
863531
863531
863531
863189
862389
862389
861909
861909
861909
861699
861699
861699
861699
861363
861363
861363
861363
861363
861363
861363
859193
859193
859193
856601
856601
856601
856601
856601
856601
856601
856629
859219
859978
866404
868380
868352
871072
871072
871072
873432
874928
883076
888260
889217
889217
889217
890357
899557
899557
898417
898417
898417
898417
898417
898417
898417
910693
908333
908333
907376
913226
913226
913226
913226
911730
911730
911730
914320
914320
913180
913516
906856
901888
901888
897828
897828
904488
898848
904896
901476
901476
904896
904896
903544
903544
903544
904896
904560
904560
904560
904560
904560
904560
898512
904152
904152
905292
905292
914252
913916
913916
914224
905264
904104
904104
917544
925704
931968
938628
941220
941220
940080
949280
949280
952736
986311
986311
986311
986311
980811
975351
975351
975351
975351
976511
976511
976847
976847
982347
982347
977379
978519
978519
978519
983487
983487
981251
981251
981251
982226
980972
983432
988007
988007
991463
992959
994119
989544
989544
1013034
1010955
1013545
1015369
1015369
1015369
1015369
1017448
1015952
1013492
1017652
1016492
1016492
1016492
1020716
1037316
1033156
1050796
1065646
1064671
1064671
1065925
1065925
1065925
1065925
1061473
1060021
1058881
1058881
1057721
1057721
1057721
1057721
1056269
1056269
1056269
1056269
1056269
1055294
1055294
1055294
1055294
1055294
1055294
1055294
1054134
1054134
1052782
1052782
1052782
1052782
1052782
1052782
1052782
1050612
1050402
1049445
1049445
1049445
1049445
1049445
1049445
1048829
1055204
1055204
1054445
1051155
1047891
1050516
1050516
1051473
1050744
1051473
1057323
1058082
1053922
1065535
1066151
1081586
1081586
1094690
1097954
1098296
1096844
1096844
1101004
1104294
1104294
1103337
1103337
1106487
1100637
1104765
1118445
1104765
1104765
1104765
1106217
1106217
1106217
1106217
1106217
1106217
1100577
1100577
1100577
1099437
1098297
1102644
1097676
1097676
1097676
1097676
1097676
1097676
1097676
1097676
1097676
1097984
1097984
1097984
1097504
1095334
1095334
1095334
1097694
1097694
1097694
1097694
1095458
1095458
1095458
1095458
1095458
1096074
1095458
1095458
1093098
1092790
1092790
1091338
1091338
1091338
1091338
1089259
1089259
1089259
1084291
1084291
1084291
1084189
1084189
1084189
1084189
1084189
1083979
1083979
1083979
1083979
1083979
1083979
1083979
1083979
1083979
1083979
1083979
1083979
1083979
1083979
1083637
1072024
1063064
1063064
1063064
1060604
1060604
1048204
1045068
1011493
1010764
1008174
1003827
1003827
992487
984367
983567
982191
982191
982191
982191
981234
981234
981234
981234
981234
980475
980475
979335
976071
976071
976071
976071
976071
976071
976071
976071
976071
976071
975455
975455
975455
975455
975455
975455
975455
975455
969815
969815
969815
969815
967223
967223
967223
967223
964863
964863
964863
964134
964134
964134
964134
964134
964134
962055
962055
962055
962055
962055
962055
962055
962055
962055
962055
963215
969263
972071
969263
969263
969263
969263
970022
975662
975662
974502
974502
974502
974502
978849
978849
978849
978849
978849
995049
995049
996401
996401
996401
996401
996401
996401
996401
996401
996401
996401
1008950
1009650
1010379
1010379
1014439
1016609
1016609
1016609
1016609
1016609
1016609
1016609
1036811
1041386
1041386
1040657
1043117
1051895
1088239
1088239
1091375
1092695
1092695
1098959
1098959
1098959
1098959
1098959
1098959
1098959
1098959
1098959
1101767
1103143
1103143
1103143
1103143
1102343
1102343
1102343
1101863
1103861
1127351
1127351
1127351
1131511
1131511
1131991
1131991
1134227
1132851
1142051
1142051
1159691
1171215
1171215
1171523
1191725
1196177
1199633
1200433
1200433
1201390
1201390
1201390
1201390
1201390
1201390
1201390
1204680
1204680
1204680
1204680
1204680
1204680
1204680
1204680
1204680
1204680
1204680
1207040
1207040
1207040
1207040
1207040
1208200
1209652
1209652
1209652
1209652
1209652
1209652
1213812
1213812
1213812
1213812
1213812
1213812
1214952
1211496
1217760
1217760
1217760
1217760
1217760
1217760
1218096
1218096
1209136
1204168
1203832
1203832
1203832
1203832
1197172
1197172
1190908
1190908
1182748
1182748
1180156
1180156
1178996
1178996
1178688
1173188
1174348
1160908
1160908
1160908
1160908
1159768
1159768
1159768
1150568
1116993
1113537
1117697
1116201
1099601
1097777
1096523
1081673
1080513
1062873
1066329
1063739
1061279
1056704
1071554
1076129
1074050
1073075
1077299
1094939
1096193
1098783
1075293
1076268
1078347
1079507
1081967
1083791
1100391
1096231
1097727
1121217
1116993
1117487
1117487
1117487
1117487
1117487
1117487
1118647
1118647
1118437
1118647
1115227
1115227
1115227
1115227
1114067
1114067
1114067
1114067
1114067
1114067
1114067
1104867
1103491
1103491
1103491
1103491
1103491
1102997
1102997
1102997
1104373
1104373
1104373
1104373
1103233
1099813
1094173
1094173
1095525
1095525
1095189
1095189
1095189
1095189
1095189
1093837
1093837
1093837
1094173
1094173
1094173
1087513
1087513
1088653
1088653
1088653
1082605
1080015
1080015
1080015
1080015
1080015
1080015
1076725
1096927
1110607
1110607
1110607
1112967
1113767
1112391
1112391
1112083
1112083
1112083
1114319
1115276
1115612
1118902
1112854
1112854
1112854
1112054
1112054
1112054
1113430
1112473
1110113
1110113
1110113
1110113
1107877
1107877
1107877
1107877
1107541
1112791
1112791
1116211
1117371
1115875
1115875
1114715
1114715
1130915
1177283
1183709
1193909
1200173
1200173
1200173
1200173
1201493
1201493
1201493
1201157
1202653
1210801
1213393
1213393
1216543
1216879
1216879
1216879
1214287
1214287
1223247
1259591
1268791
1269285
1269285
1271364
1271364
1271364
1271364
1271364
1271364
1271364
1271364
1271364
1271466
1271466
1271466
1271466
1271466
1274886
1274886
1274886
1273929
1273929
1273929
1273929
1273929
1270509
1270509
1270509
1270509
1270509
1268049
1262799
1262799
1262799
1269267
1269267
1270224
1270224
1270224
1270224
1269432
1269432
1269432
1267456
1267456
1267456
1267456
1260988
1260988
1260988
1260988
1256641
1254281
1254281
1254897
1254897
1254897
1254897
1254897
1254897
1254897
1254897
1254897
1257257
1256641
1256333
1256333
1256333
1256333
1256333
1256333
1256333
1256333
1256333
1256333
1256333
1256333
1256333
1256333
1254335
1238900
1229700
1228971
1228971
1212771
1225320
1229772
1238972
1239701
1252805
1260965
1257675
1260965
1267340
1268099
1268201
1261733
1261733
1249184
1253152
1246777
1253245
1253143
1253143
1240039
1239280
1244676
1244676
1244676
1244676
1240224
1234828
1230860
1217180
1209020
1210516
1209787
1207708
1205348
1205348
1205348
1205348
1205348
1205348
1205320
1205320
1203084
1203084
1203084
1203084
1203084
1203112
1204252
1202998
1201502
1177582
1177582
1178836
1175700
1166500
1168579
1168579
1169308
1171668
1171668
1171668
1171668
1171668
1171668
1170528
1170528
1170318
1169824
1169796
1164400
1163240
1159976
1153712
1149584
1149584
1143209
1143209
1140749
1139774
1137414
1137414
1128454
1125734
1125734
1126894
1122442
1122442
1122442
1122442
1120444
1120108
1120108
1120108
1116818
1114582
1114582
1114582
1114582
1114582
1114582
1114582
1114582
1110007
1110007
1110007
1110007
1109050
1109050
1109050
1109050
1109050
1109050
1109050
1109050
1109050
1107890
1107890
1107890
1107890
1104470
1104470
1104470
1101334
1098526
1074606
1074606
1073806
1070264
1057562
1056833
1056833
1056833
1056833
1056833
1050365
1049045
1046585
1043129
1041050
1041050
1040714
1040714
1040714
1040714
1040714
1040714
1040714
1040714
1040714
1040714
1039574
1039574
1033310
1033310
1033310
1032150
1032150
1032150
1032150
1032150
1032150
1032150
1032150
1032150
1032150
1030774
1030774
1030774
1030774
1030774
1030774
1030774
1030774
1030774
1030774
1037434
1030774
1030564
1030564
1029607
1043287
1043497
1037029
1043497
1043497
1044993
1057953
1057953
1064141
1080741
1081698
1081698
1082398
1081606
1094710
1094710
1094710
1101136
1099640
1099640
1100432
1103057
1107117
1107117
1107117
1111277
1107117
1107117
1083627
1074427
1073947
1073947
1073947
1071949
1068493
1056969
1056969
1052809
1052809
1032607
1014967
1012731
1012731
1012731
1013531
1013531
1014907
1012099
1007647
1006271
1005963
1005163
1005163
1005163
1005163
1005163
1005163
1025365
1026741
1028061
1026685
1026685
1010485
1016749
1017365
1011101
1007645
1007645
1007645
1008997
1006189
1005979
1005363
1001235
1001235
1001235
1005363
1005363
998988
999198
993010
993010
991690
978730
981538
980186
959984
959984
947708
935308
935308
935308
934966
934966
923626
920206
914356
909904
909904
909904
909904
912140
912112
912112
912112
909876
904626
904626
888426
888426
881958
881958
881958
879982
879982
879982
880010
878186
874026
875001
891601
893425
894679
871189
886039
889495
887416
891640
876790
874330
856690
857850
862010
857786
859865
877505
876345
878805
862205
857630
862205
863701
862205
861230
857774
857774
856520
856520
853930
856100
856100
856800
852225
852225
839676
840405
834141
842919
839783
837323
817121
816421
836623
840683
840683
847058
850194
856458
820114
819385
820705
857049
857049
857049
859509
859509
855449
846671
851246
849926
847756
847756
847756
847756
847756
846404
846068
846068
846068
846068
846068
846068
846068
844928
844928
844928
844928
844928
844928
844928
842568
842568
842568
841952
841952
841952
841952
841952
841952
841952
841952
845242
845578
846370
862970
864968
879818
884786
888050
894518
895678
895678
895678
895678
895678
895678
895678
895678
886478
910398
912568
916728
916728
916728
916728
916728
916728
916626
919890
920384
920384
920486
920486
920486
920486
920486
920486
920486
922565
922565
920486
920486
920486
920486
920486
920486
919992
919992
919992
919992
919992
920202
920202
922662
928162
928134
946260
952686
952686
951432
952686
966126
991382
991382
991382
991382
991382
990407
990407
990407
987947
982551
988191
988191
989166
989166
989166
989166
988956
990954
1002478
1006638
1012034
1015298
1015298
1015298
1015326
1015326
1015326
1014369
1013569
1012193
1012193
991991
991655
989295
986005
986005
983769
983769
983769
983769
983769
970089
970089
970089
972897
996387
999843
999043
999043
1001279
1001279
1001279
1012803
1013283
1013283
1017443
1018243
1018243
1018243
1019619
1024071
1024071
1024071
1024071
1024071
1024071
1024071
1024071
1024071
1024071
1024071
1022695
1022695
1022695
1022695
1022695
1022695
1024015
1024015
1025155
1025635
1025635
1025635
1025737
1025737
1025737
1026537
1026537
1026537
1026537
1026537
1026565
1025311
1025311
1025311
1025311
1025311
1025311
1023815
1025069
1025069
1027429
1027429
1026700
1026700
1026700
1026700
1026700
1026700
1026700
1026700
1026700
1025560
1025560
1025532
1025532
1027768
1028908
1030987
1030987
1030987
1031716
1031716
1031716
1029637
1027277
1027277
1023117
1025196
1026356
1026356
1023896
1023896
1022072
1022072
1020818
1020818
1020818
1023278
1019054
1004204
1005458
1004298
999723
997644
997644
996148
979548
979548
979548
979548
979548
978573
975117
975117
957477
957477
957477
957477
959475
959811
959811
962961
962961
962961
962961
962961
979161
980118
983254
983254
987706
987706
987706
991126
991126
991126
991126
994416
994416
994416
995576
995576
995576
1005776
1004616
1004616
1004616
1004616
1004616
1004616
1006852
1006852
1006852
1006852
1006852
1006852
1006852
1006852
1006852
1006852
1006852
1006852
1006852
1006852
1006852
1006852
1006852
1006852
1006852
1006852
1008012
1008040
1008040
1008040
1005320
1005320
1006277
1003917
1003917
1003917
1003917
1003158
1003158
1003158
1003158
1003158
1002018
1002018
1002018
1002018
992818
992818
992818
992846
992846
986420
986420
986420
974144
968294
968266
966290
966290
966290
965333
960149
960149
960149
958653
956063
947915
946595
910251
863883
862723
857473
854323
851731
835531
825331
819067
818731
815311
806351
799925
791777
790281
788111
787411
786091
782031
782031
788406
808608
799830
802966
809392
813967
814667
816837
816837
820897
817761
817761
826539
826539
821964
828228
828957
841506
835131
814929
814929
814200
815520
779176
781636
779176
772912
759808
753340
756630
764790
764790
755590
756319
769423
764027
780227
780986
793535
793535
793535
789567
795942
809622
808893
808995
802620
804618
804618
809070
842645
838193
834903
834801
834801
834042
839438
831278
840478
855913
855913
862381
849832
865267
869395
853960
854719
852094
863707
864049
860759
863909
869759
876134
889238
888281
888897
875217
873765
862152
864777
864048
859888
855760
859050
855786
849411
853571
856835
857564
858521
855371
869051
868435
868093
862243
849139
848380
849832
849832
849832
851911
861111
865239
865239
870489
870489
871629
874389
875765
875765
875765
875765
875765
875765
875765
875765
875765
875765
875765
875765
851845
851845
851845
851845
851845
848581
850660
848490
848490
848490
847996
847996
847996
847996
847996
847996
848490
848490
848490
844330
844228
844228
844228
844330
842251
842251
842251
842251
841451
841451
841451
837291
832839
831463
828007
827527
825291
825291
825291
801801
798993
798993
787469
787469
799869
801845
804081
804081
810549
810549
810891
810891
810891
810863
810863
810863
810863
814283
814283
814283
812047
812047
812047
812047
817297
817297
817297
817325
817325
817325
817325
817325
817325
816525
816525
816045
817185
815865
814725
814725
814725
814725
814725
814725
814725
814725
814725
814725
814725
814725
814725
814623
814623
814623
814623
814623
814623
814623
814623
814623
814623
814623
815423
815423
815423
815423
815423
815423
815423
815423
815423
815423
815423
815423
815423
814263
814263
814263
816342
816342
817502
816248
814169
814169
814169
814169
814169
814169
814169
814169
811709
811709
811709
811709
811709
811709
811709
811709
811709
811709
813029
813029
813029
815389
815389
815389
816118
816118
816118
816118
816220
816220
817572
817572
816252
816252
816252
816868
818244
816892
816892
816892
816892
816892
796690
796690
796690
790426
790426
790426
790426
790426
790426
793234
791858
792068
792068
787940
787324
784516
784306
784306
786304
790432
793722
777122
780578
780242
775274
778538
777378
777378
777378
762528
762528
762528
762528
774052
767584
768744
767952
776072
776408
793008
789744
794319
792321
789031
803881
803881
810349
811141
811141
811141
815488
823608
827668
830028
830028
830028
830028
830028
830028
830028
830028
830028
832264
832264
832264
832264
832264
832264
832264
832264
832264
832264
832264
832264
832264
832264
832264
832264
831124
831096
833175
833175
835535
835563
833484
833484
833484
833484
833484
833484
833484
834624
834624
832264
832993
832264
832264
832264
832264
830028
830028
831282
831282
830028
830028
839228
839438
839438
839438
838944
838944
838944
840104
840598
840598
840598
840598
840598
840598
840598
840598
840598
840388
840388
840388
840388
840388
839228
839228
839228
839228
839228
839228
839228
839228
839228
837852
837852
840612
840612
840612
840612
840612
840612
840640
840640
840640
840640
840640
840640
840640
840640
840640
840640
840640
840640
840640
840640
840640
840640
840640
840640
840640
840640
840640
840640
840640
840640
840640
840640
840612
840612
840612
840612
840612
840612
840612
840612
840612
840612
840612
840612
840612
840612
841772
841772
841772
840612
840612
840640
840640
840640
840640
840640
840640
840640
840640
840640
840640
840640
840640
840640
840640
840640
840640
840640
840640
840640
840640
840640
846904
845764
845764
848224
849024
849024
849024
849024
849024
849024
849024
849024
849024
849024
850164
850164
850164
850164
850164
850164
850164
849364
849364
849364
849844
849946
849946
849946
849946
849946
856321
856321
854151
853451
849391
840613
838153
842728
839592
842728
836464
830038
831358
837784
837055
837784
817582
813007
815177
813857
826406
835184
835884
835884
823335
827395
821020
825244
845446
845446
847906
854170
854170
854170
854170
856168
853018
842818
842482
838030
841166
845741
844784
852944
853901
870101
870101
870101
880301
880301
883451
894791
911391
912551
930191
913991
911993
912968
909832
912068
912404
911244
907954
904534
904534
902298
905588
909008
913460
936950
936950
936950
936950
936950
936950
936950
936950
936950
936950
936950
936950
936950
936950
934871
934871
933711
933711
933711
933711
933711
925591
925591
925591
925591
925591
925591
925591
925591
925591
925591
925591
923231
923231
923231
923231
923231
920995
920995
920995
920995
920995
920995
920995
916935
916935
916935
916935
912588
912588
912588
912588
912588
912588
912588
912588
912588
912094
912094
921294
921294
921788
921788
926135
926135
926135
926135
926237
926237
926237
926237
926237
926237
926237
926237
928316
932476
932476
932476
932476
934646
934646
934646
932567
932567
932465
932465
932465
932465
932465
932465
932465
932465
932465
932465
932465
932465
932465
932465
932465
932465
932465
932465
932465
932465
933440
934760
943720
949116
964551
976951
979543
988321
988937
992393
992421
996481
1016683
1017442
1023910
1041550
1041550
1041652
1057852
1071532
1073892
1079288
1079630
1087750
1099363
1099363
1099363
1099465
1099465
1100785
1100683
1100683
1103275
1103275
1103275
1103275
1103275
1102546
1102546
1101226
1101226
1098866
1099595
1099595
1099595
1099595
1099595
1099595
1099595
1099385
1099385
1098685
1085581
1085791
1084295
1080235
1080235
1079278
1062678
1062678
1062678
1056210
1050022
1050022
1047397
1047397
1047397
1046605
1046605
1040179
1033519
1033519
1029359
1029359
1029359
1015679
1002719
1002719
1002719
1002719
1002719
990170
980970
965535
965433
965433
964704
964704
962706
949026
949026
949755
916180
916180
916180
916180
916180
916180
912890
912890
896690
883586
879134
879134
879893
879893
879893
879893
879134
879134
879134
879236
879236
872768
867372
859212
852837
852837
852837
852837
851583
851583
851583
851583
851583
851583
851583
851583
851583
851583
851583
851611
851611
838171
838171
832775
832775
832985
830987
827723
827723
822223
816583
798457
798457
798457
798247
794087
793112
790652
765396
758970
747446
747418
747418
747418
751478
754742
757102
757596
757596
757596
757596
757596
759048
760302
766770
766770
766770
766770
766770
766770
766770
766770
766770
766770
766770
766770
766770
766770
766770
766770
766770
766770
766770
766770
766770
766770
766770
766770
766770
760302
760302
760302
760302
759960
759960
747560
747560
747532
745296
743320
743320
739900
739900
734650
736002
739544
739544
739544
739544
739544
739544
739544
739544
739544
739544
739544
739544
739544
739544
739544
739544
739544
739544
739544
739544
739544
739544
739544
739544
739544
739544
739544
739544
739544
739544
739544
739544
739544
739544
739544
741904
741904
753428
750668
755120
780376
789154
794794
810229
810229
811021
811049
834969
843089
843848
850036
853492
859960
859960
859960
859932
859932
859932
859932
859932
859932
859932
859932
870132
870132
870132
870132
871584
871584
871584
871584
871584
874344
874344
875144
875144
880604
880604
880604
878144
880604
880604
886454
886454
886352
885872
885872
885872
885872
892340
892340
891540
891642
890502
890502
890502
891642
885378
885858
885858
885858
885858
885858
885858
885858
888994
886634
922978
932178
933674
936034
936034
940381
938302
937162
937162
937162
937162
937162
961082
961082
961082
961082
961082
962336
970456
972692
971438
971438
973517
973517
974246
975386
990821
996671
1013271
1013299
1013271
1012542
1012850
1012850
1026290
1035068
1041332
1047992
1060952
1070152
1070152
1070152
1071406
1076656
1080112
1080140
1088288
1088288
1091048
1093127
1089837
1089837
1089837
1089837
1089837
1074987
1063463
1063463
1046863
1046863
1046863
1044865
1044865
1044865
1040290
1040290
1036834
1035674
1036834
1036498
1030030
1029238
1029238
1021118
1021118
1021118
1021118
1016990
1013726
1013726
1013726
1013726
1014068
1034270
1034270
1034660
1040708
1042204
1078548
1084048
1086284
1101134
1110094
1108934
1114784
1114784
1114784
1118240
1118940
1118940
1118968
1118968
1118968
1118968
1118968
1118968
1118968
1118968
1120128
1120128
1120128
1120128
1120128
1120128
1120100
1120100
1124675
1124675
1122215
1122215
1122215
1128479
1128479
1131615
1133785
1127359
1127359
1107157
1103097
1098873
1097553
1094417
1095737
1091162
1078613
1079342
1079342
1078642
1078642
1078642
1076472
1076472
1070208
1070208
1061430
1063890
1063161
1063161
1056786
1061361
1061855
1059685
1059685
1059685
1059787
1059787
1059787
1057708
1057708
1057708
1057708
1057708
1057708
1057708
1057708
1057708
1048508
1048508
1048508
1048508
1044348
1046427
1046427
1045933
1045933
1041586
1041586
1041586
1043756
1043654
1043654
1043654
1043654
1043654
1043654
1050314
1062863
1071023
1071023
1073383
1073725
1073725
1073725
1073725
1073725
1073827
1073827
1073827
1073827
1073827
1073827
1073827
1073211
1073211
1073211
1071859
1069051
1069051
1069051
1069051
1067675
1067675
1067675
1067675
1067465
1070755
1075330
1076287
1076623
1076623
1076623
1076623
1060423
1060423
1060423
1060423
1060423
1059448
1060608
1059651
1059651
1055076
1058496
1058496
1058496
1055346
1053348
1051112
1027622
1009982
1001822
1001822
1001486
990146
979946
976656
979792
975340
972204
955604
952184
951024
951024
951024
951024
951024
949672
949672
949672
933472
933472
929125
929125
926317
925558
924398
918758
912710
912710
912710
912710
912710
912710
904590
890910
890910
890808
891537
891195
889875
889875
887515
887515
887515
887515
886786
886786
886786
886786
884194
884194
872581
872581
867185
867185
867185
867185
867185
867185
867185
867185
867185
867185
867185
867185
867185
867185
867185
867185
867185
867185
867185
865833
862291
862291
862291
862291
862291
862291
864651
866887
866887
866887
866887
866887
866887
864527
864527
864527
864527
864527
865879
865879
865879
865879
865879
865879
865879
866373
866373
866373
867102
867102
867102
867102
867102
867102
867102
867102
867102
867102
867312
867312
867312
867312
870768
870768
871527
871527
871527
871527
871527
871527
884967
884967
884995
884038
884038
884038
884010
886730
886730
886730
899006
911708
911708
911708
912848
914344
915301
920485
922461
925051
931477
931477
931477
931477
940677
948825
951185
951185
957035
957035
951575
951575
950775
950775
950775
949635
943167
942687
942687
936837
936837
936837
936735
934275
934275
934275
934275
918840
912465
909840
896160
895544
895544
894785
890625
890625
894785
898075
898691
887078
883788
884745
883788
883788
883059
879909
879909
879909
879909
874059
872607
872265
872994
874446
870318
867054
867054
867054
867054
853950
854709
854709
862829
837573
837573
837573
836781
825257
818789
825257
825257
819069
819069
819069
819041
795121
795149
795149
795149
786371
787823
779703
779703
775251
765051
763599
766359
760719
757263
757263
754503
753744
753744
753744
753744
738309
738309
738309
738309
735949
734497
734497
734497
734497
730337
730337
727047
727047
725887
725887
724930
724930
724930
724930
724930
724930
724930
724930
724930
724930
724930
724930
724930
724930
724930
724930
724930
724930
724930
724930
724930
724930
727390
727390
727390
727390
727390
727390
727390
728347
728347
728347
728347
728347
728347
728347
728347
728347
728347
728347
728347
728347
734815
734815
735790
738382
736146
736146
747670
750295
752271
758931
757579
760999
763359
767934
776054
776054
790904
794446
794446
830790
830790
830790
830790
830790
830790
830790
830790
833026
837373
841533
841533
841533
841533
842885
846945
846945
844585
844585
861185
861185
853065
849929
834494
832258
830179
829039
828731
827235
822888
817038
816309
779965
777605
777577
776323
752403
735803
726603
727219
727219
739619
742883
745343
749795
749795
749795
750752
750752
750752
751481
751975
751975
751975
751975
751975
751975
751975
752077
751348
751348
751348
751348
751348
751348
751246
751246
751246
751246
751246
751246
751246
751246
751246
751246
751246
751246
751246
750487
750487
750487
750487
750487
750487
750487
750487
750487
751216
751216
751216
731014
739974
734474
740324
734474
732978
718128
719288
718128
718128
709168
714668
712432
718480
712432
712432
715022
715050
729900
730290
729590
725015
725357
724967
724967
724967
727203
731778
731750
731750
728294
729790
733246
696902
696902
696560
696560
697054
697054
697054
697054
699133
699133
699133
699133
698639
698639
698639
698639
702799
702799
702799
702901
702799
702799
702799
702799
702799
702799
702799
702799
700629
700629
700629
700629
700629
700629
700629
698550
698550
692286
692286
692286
690966
690966
686391
686391
686391
686391
686391
686391
685662
685662
685662
685662
683202
683202
681032
681032
681032
681032
681032
681761
681761
681761
681761
681761
681761
683931
686391
683255
683255
683255
683255
683045
684205
685581
685581
685087
691747
691747
691747
682547
682547
700673
705020
717296
717296
717790
717790
733990
733990
733990
733990
747670
751090
751300
756484
765262
769230
778430
777270
777270
777270
777270
777270
777270
778430
778430
778430
778430
778430
778430
778430
777270
777270
777270
777270
777270
777270
777270
777270
777270
777270
777270
777270
777270
777270
777270
777270
777270
777270
777270
777270
777270
777270
777270
777270
776541
777270
777270
777270
778029
778029
778029
778029
778029
778029
778029
778029
778029
778029
778029
778029
778029
777535
777535
778887
778677
778677
778677
778677
778887
778887
778887
778887
782429
782923
782923
782923
782194
784554
784554
784554
784554
796830
796830
796830
796932
796932
796932
796932
796932
802328
802328
802328
802328
802328
802328
803057
803057
803057
803057
803057
803057
803057
803057
803057
803057
803057
803057
799637
799637
799637
799637
798680
798680
798680
798680
798680
798680
792212
792212
792212
792212
792212
792212
792184
790732
790732
790732
793492
793492
785372
785372
785372
778904
778904
778904
778904
778904
778904
778904
778904
779663
779663
779663
779663
781115
781115
781115
781143
781143
781143
781143
781143
781143
781143
778383
778383
778383
778383
783779
785231
786551
786551
787045
789405
789405
789405
789405
789405
789405
789405
785345
785345
785345
785345
785345
785345
785345
785345
785345
783893
783893
782639
782639
782639
782639
782639
782639
779375
777015
776521
770053
770053
772678
777025
774789
776141
812485
820605
825180
831840
835260
846784
848760
852820
856980
857955
860547
862907
861555
865097
850247
838723
853573
850153
846611
810267
802147
801172
796597
794005
810605
806445
789845
783185
780560
778200
773853
776089
772029
770053
770053
770053
771213
771213
772188
772188
772188
772188
772188
772188
772188
772188
772188
772188
767613
767613
766656
766320
763030
763030
763030
763030
763030
759610
759610
759610
761846
761846
761846
761846
761846
761846
760686
760686
761643
758507
758507
758507
761963
766415
781850
793463
796053
799595
799595
799595
797135
801295
800338
800338
813778
820246
820246
823536
824493
824493
828840
835104
836600
836600
838576
838576
838576
838576
838576
838576
838576
838576
838576
832108
832108
834568
842688
844040
844040
844040
877615
878967
882231
884823
891249
891277
900477
946845
946947
951075
956715
957331
961678
971878
975938
978563
983813
989273
992693
1000841
1004261
1015874
1019138
1020962
1031162
1037537
1037565
1053000
1086575
1090635
1092995
1098635
1101785
1121987
1123339
1129527
1125467
1124492
1118024
1101824
1096428
1076226
1067266
1051831
1051831
1043053
1043025
1042409
1024769
1023449
1020857
1008457
1008355
1004899
1004140
1004140
1004140
1004140
1004140
1004140
1004350
1004350
1004350
1004350
1004350
1005325
1005325
1007785
1013285
1013285
1013285
1017445
1017445
1017445
1017445
1017445
1017445
1017445
1017445
1017445
1017235
1017235
1017235
1017235
1017235
1017235
1017235
1017235
1017263
1017235
1018489
1018489
1018489
1018489
1018489
1018489
1018489
1018489
1018489
1018489
1018489
1020849
1020849
1020849
1020849
1020849
1020849
1020849
1020849
1020849
1021465
1021465
1021465
1021465
1021465
1021465
1021465
1021465
1021465
1021465
1022917
1022917
1022917
1022917
1022917
1022917
1022917
1022917
1022917
1022917
1022917
1022917
1022917
1022917
1022917
1022917
1022917
1022917
1022917
1022917
1022917
1022917
1022917
1022917
1022917
1022917
1023019
1023019
1023019
1023019
1023019
1023019
1018859
1018859
1018859
1018859
1018859
1018859
1018859
1018859
1018365
1018365
1020444
1020444
1020444
1018365
1018365
1018365
1018365
1018365
1018365
1018365
1018263
1018263
1018263
1018263
1018263
1018263
1018263
1018263
1018263
1018263
1018263
1018263
1018263
1018263
1018263
1018263
1018263
1018263
1018263
1018053
1018053
1022628
1022628
1022628
1026688
1024063
1025415
1017295
1015943
1015943
1018179
981835
984427
980267
980267
984427
977767
974347
970805
955955
953719
951359
947299
944707
944707
947067
947067
945091
948511
948511
948511
931911
935453
930878
929903
929903
929903
925556
914032
914032
914032
914032
914032
914032
914032
914032
911572
909402
909402
909402
909402
909402
909402
909402
909402
909402
909402
909402
908673
908673
908673
909402
909402
909402
909402
909402
909402
909402
909402
909402
909402
909430
909040
917200
923050
922708
942910
940674
942170
942142
933182
935418
930843
936343
921493
921493
918903
955247
970097
971257
969761
970461
970461
973051
967551
967551
961701
960541
960541
957085
951037
955612
961660
962002
962002
965458
974418
977178
977178
977178
977178
977178
978630
978658
978658
978658
994093
993334
993334
1018590
1024778
1024778
1024778
1024778
1022018
1030796
1030796
1030768
1029316
1039516
1042972
1043362
1043362
1067282
1072922
1073714
1074473
1078925
1085393
1085393
1085393
1085393
1093513
1093303
1093303
1093303
1093303
1093303
1092809
1092809
1092809
1092080
1092080
1092080
1092809
1092809
1092809
1092809
1092809
1092809
1091457
1091457
1087915
1087915
1087915
1087156
1087156
1087156
1087156
1087156
1087156
1087156
1087156
1087156
1087156
1087156
1087156
1087156
1087156
1087054
1087054
1087054
1084694
1079298
1079298
1079298
1078569
1078569
1078569
1078569
1078569
1066293
1066293
1078693
1078693
1076233
1082421
1081805
1088231
1089727
1089233
1089233
1088276
1085012
1085012
1080560
1081176
1082133
1082627
1082627
1070227
1070956
1071748
1074208
1073479
1088914
1093366
1093366
1096630
1109734
1113894
1113894
1111534
1077959
1086107
1086135
1086135
1082871
1072671
1074023
1070873
1062725
1056537
1056537
1055185
1055185
1055185
1051765
1036330
1038690
1044330
1044330
1044330
1044302
1044302
1032689
1032689
1036109
1015907
1015907
1011847
1005472
1005472
999832
999832
998008
1001976
1013316
1017768
1022736
1024560
1026920
1027720
1028974
1062549
1063165
1064541
1069116
1078316
1089929
1095389
1096189
1096189
1096189
1096918
1096918
1096918
1096918
1096918
1098078
1104546
1109514
1126114
1129378
1132668
1131508
1131508
1131508
1131508
1131508
1139628
1139628
1139628
1139628
1139628
1139628
1139628
1139628
1143756
1143756
1143756
1143756
1143756
1144092
1144092
1144092
1144092
1144092
1144092
1144092
1144092
1144092
1148667
1148667
1148667
1148667
1148667
1148667
1148667
1148667
1151027
1154317
1154317
1154317
1154317
1154317
1159713
1159713
1159713
1163681
1163681
1163681
1163681
1164841
1164841
1164841
1164841
1164112
1164112
1164112
1164112
1164112
1164112
1164112
1164112
1164112
1165069
1165069
1165069
1165171
1165171
1166331
1167090
1167090
1180770
1180770
1180770
1185222
1188512
1188512
1188512
1188512
1188512
1190872
1190872
1190872
1192870
1192870
1192870
1192870
1192768
1192768
1192768
1192768
1193497
1199965
1199965
1199965
1199965
1206340
1206340
1206340
1206340
1206340
1206340
1206340
1207716
1208210
1211630
1207055
1207055
1207055
1207055
1202895
1205703
1206678
1206678
1206678
1203258
1205494
1205494
1205494
1207573
1207573
1207573
1206221
1212689
1215825
1215825
1215825
1218185
1224653
1224653
1224653
1224653
1224653
1224863
1224863
1221321
1221321
1221321
1224863
1227488
1224896
1228160
1228160
1230785
1228549
1228549
1229524
1229524
1229524
1229524
1229524
1229524
1229524
1229524
1229524
1229524
1232944
1232944
1232944
1232944
1232944
1232944
1232944
1228884
1232944
1230584
1230584
1230584
1238704
1238704
1234252
1237794
1237794
1237794
1236298
1228178
1228672
1215232
1218652
1216062
1200627
1225883
1224531
1224531
1224531
1220184
1222944
1231092
1231092
1227636
1252892
1256952
1256952
1263216
1265841
1278945
1278945
1276969
1280233
1280233
1280233
1280233
1280233
1282858
1282886
1282886
1276418
1277558
1276601
1273311
1273311
1273311
1274111
1274111
1262498
1262498
1262498
1262498
1266558
1266558
1266558
1268728
1265186
1265186
1265186
1265186
1258922
1262058
1257898
1259274
1259274
1259274
1259274
1263849
1263849
1265169
1265169
1265169
1265169
1265169
1262709
1262709
1262709
1262709
1262709
1262919
1269183
1269183
1269183
1269183
1269183
1269183
1266947
1266947
1266947
1267676
1267676
1267676
1267676
1269028
1270380
1270380
1270380
1271876
1271876
1270919
1270919
1271129
1272449
1272449
1272449
1272449
1272449
1272449
1272449
1272449
1272449
1271289
1271289
1279437
1279437
1279437
1279437
1279437
1279437
1279437
1279437
1279437
1279437
1278462
1278462
1278360
1282812
1282812
1282470
1282470
1269921
1272157
1272157
1272157
1272157
1273114
1273114
1273114
1273114
1273114
1273114
1273114
1273114
1273114
1264954
1264954
1258294
1258294
1261714
1263066
1268566
1270018
1270018
1270018
1270018
1275658
1275658
1273298
1273298
1273298
1275658
1276633
1276633
1276633
1277985
1277985
1277985
1277985
1277985
1277985
1277985
1277985
1277985
1277985
1278714
1278714
1278714
1278714
1275294
1283442
1283544
1289184
1289184
1289184
1289184
1289184
1293344
1313546
1313546
1313546
1313574
1313574
1313574
1313574
1313574
1313574
1315934
1314582
1314582
1314582
1314582
1312222
1312222
1312222
1312222
1312222
1312222
1312222
1312194
1312194
1315736
1315736
1315736
1319156
1319156
1311008
1311008
1311344
1311344
1311344
1311344
1311344
1313704
1313704
1313704
1313704
1313704
1313704
1313704
1313704
1313704
1313704
1313704
1313704
1313704
1313704
1313704
1315056
1315056
1309416
1311652
1311652
1314460
1314460
1314954
1315570
1315570
1315570
1316730
1317489
1317489
1317489
1317969
1317969
1318926
1318926
1318954
1318954
1318954
1318954
1319164
1320616
1317160
1317160
1316020
1316020
1316500
1316500
1318860
1318860
1319619
1319619
1320971
1322467
1317283
1318240
1318240
1318240
1318240
1324428
1324428
1324428
1324428
1328556
1328584
1328584
1331848
1333300
1324100
1324100
1324716
1324716
1318290
1318318
1322378
1321619
1334723
1340119
1326679
1320829
1320801
1324091
1322115
1324923
1312221
1299945
1312345
1312345
1309985
1314332
1316692
1316692
1316692
1316692
1318516
1317020
1317020
1322520
1319800
1318843
1320339
1317749
1309601
1309601
1309601
1308149
1308149
1307357
1306967
1310117
1312877
1313577
1314377
1316547
1310907
1336163
1329975
1321197
1321197
1326593
1332053
1337693
1334237
1338689
1341314
1341314
1341314
1345474
1346926
1346898
1349490
1334055
1333296
1334271
1334887
1344087
1352207
1326951
1324191
1330851
1330851
1339629
1329429
1330188
1325736
1334936
1346460
1351920
1354280
1355072
1358528
1358528
1373963
1374065
1374093
1350173
1356641
1348521
1348911
1357031
1365991
1365991
1369533
1363065
1363065
1373265
1379453
1382213
1382213
1382213
1382213
1382213
1382213
1382241
1383401
1383401
1383401
1383401
1383401
1383401
1383895
1383895
1383895
1383895
1383895
1383895
1383895
1383895
1383895
1383895
1383895
1383895
1383895
1383895
1383895
1383895
1383895
1385974
1385974
1385974
1385872
1385872
1385872
1386601
1386601
1386601
1386601
1386601
1386601
1386601
1386601
1386601
1386601
1386601
1386601
1386601
1386601
1386601
1386601
1384522
1384522
1384522
1385682
1385682
1385784
1385784
1385055
1385055
1388191
1388191
1391455
1405135
1405135
1405135
1404519
1404519
1404729
1418409
1423909
1423909
1423909
1423909
1429549
1429549
1431525
1431525
1433885
1433885
1433885
1433885
1433885
1433885
1433885
1433885
1434614
1437374
1436615
1436615
1436615
1436615
1436615
1435163
1435163
1435163
1431873
1431873
1431873
1430916
1432368
1432368
1428208
1428824
1428824
1428824
1428926
1434386
1434386
1434386
1436746
1436746
1436746
1436746
1437505
1437505
1437505
1437505
1437505
1437715
1437715
1437715
1437715
1437715
1437715
1437715
1437715
1437715
1437715
1437715
1437715
1437715
1437715
1437715
1437715
1437715
1437715
1437715
1437715
1437715
1438444
1438444
1438444
1438444
1438444
1438444
1438444
1438444
1438444
1438444
1438444
1438444
1438444
1438444
1438444
1438444
1438444
1438444
1438444
1438444
1438444
1438444
1438444
1438444
1438444
1438444
1438444
1438444
1438444
1438444
1438444
1438444
1437715
1437715
1437715
1437715
1437715
1437715
1438444
1438444
1438444
1438444
1438444
1438444
1438444
1438444
1438654
1438654
1438654
1438654
1437925
1438882
1438882
1438882
1438882
1438882
1438882
1438882
1438882
1438882
1439611
1441063
1441063
1441063
1441063
1441063
1442515
1442515
1442725
1442725
1442725
1442725
1442725
1442725
1442725
1442725
1442725
1442725
1442725
1442725
1442725
1442935
1442935
1442935
1442935
1442935
1442935
1444095
1440639
1440849
1438613
1438613
1438613
1438613
1438613
1436023
1399679
1415114
1415873
1415873
1415873
1409825
1400865
1400865
1395365
1395393
1395393
1399453
1399453
1399453
1399425
1404000
1405352
1407944
1407944
1393094
1393094
1391934
1394559
1394559
1389984
1389984
1389984
1389984
1369782
1370482
1362322
1364298
1364298
1363598
1357748
1356252
1358488
1358146
1361296
1361506
1361506
1364096
1370471
1370471
1370471
1370471
1370471
1370471
1370471
1370471
1368111
1368111
1368111
1368111
1368111
1368111
1368111
1368111
1368111
1368111
1368111
1368111
1368840
1368840
1368840
1368840
1368840
1368840
1368840
1368840
1368840
1365298
1365298
1365298
1365298
1365298
1365298
1365298
1365298
1365298
1365298
1365298
1365298
1365298
1365298
1365298
1365298
1365298
1363062
1363062
1363062
1363062
1359642
1359642
1359642
1359642
1359642
1359642
1359642
1359642
1359642
1361878
1361878
1361878
1361878
1361878
1361878
1361878
1361878
1361878
1361878
1361878
1361878
1361878
1361878
1361878
1361878
1361878
1373491
1373491
1374191
1372739
1370379
1369885
1369885
1369885
1370644
1370644
1370644
1373234
1373234
1373234
1375470
1375470
1375470
1375470
1375470
1375470
1370074
1370074
1370074
1370074
1370074
1370074
1376338
1376338
1376338
1376338
1376338
1381838
1381838
1381838
1381838
1384298
1384298
1384298
1384298
1384298
1384298
1382978
1382978
1387553
1389005
1389005
1389005
1389005
1389005
1389005
1389005
1389962
1389962
1387202
1387174
1385095
1385095
1385095
1379845
1380637
1380637
1380637
1380637
1373977
1374934
1377294
1386072
1379808
1380968
1371768
1373264
1364486
1351046
1355270
1347122
1347332
1351492
1357756
1359252
1359252
1360011
1360011
1356555
1356555
1343595
1342341
1347309
1347309
1355469
1355469
1355469
1359629
1367777
1367777
1367777
1367777
1367777
1367777
1367777
1367777
1367777
1367777
1367777
1367777
1367777
1367777
1367777
1367777
1367777
1367777
1367777
1367777
1367777
1355377
1352917
1355725
1355725
1356865
1356865
1352705
1354681
1354681
1354681
1359133
1359133
1359133
1359133
1359133
1359133
1358404
1357910
1357118
1362758
1362758
1349654
1334219
1334219
1334219
1329767
1326503
1329767
1329767
1329767
1329767
1334735
1335464
1333968
1350568
1350568
1353832
1353216
1353216
1353216
1353216
1353216
1353216
1346790
1340602
1339645
1355845
1355845
1355845
1355845
1355873
1360325
1360325
1360325
1360325
1360325
1366700
1367500
1367500
1367500
1367500
1367500
1367500
1347298
1348057
1349014
1349350
1349350
1351710
1352510
1365212
1365212
1365212
1365212
1365212
1365212
1365212
1366564
1366564
1366564
1366564
1366564
1364204
1370864
1370864
1373624
1373624
1373624
1374240
1374212
1374240
1374240
1374240
1372888
1369468
1369468
1369468
1363828
1363828
1363828
1363828
1364803
1364803
1364803
1365943
1365943
1367439
1369799
1369799
1369799
1369799
1369799
1369799
1369799
1369799
1369799
1369799
1369799
1369799
1369799
1369799
1369799
1369799
1369799
1369799
1367720
1358520
1358520
1358520
1358520
1359840
1359840
1359840
1359840
1359840
1360980
1360980
1360980
1360980
1360980
1360980
1355730
1351602
1351602
1351602
1353681
1355033
1356409
1353649
1352273
1352273
1352273
1353433
1352293
1352293
1352395
1352395
1352395
1352395
1352395
1355155
1357515
1357515
1357515
1357515
1358131
1358131
1358931
1355389
1355389
1356741
1358237
1358237
1358237
1358237
1363877
1363877
1363877
1363877
1363877
1363877
1363877
1366685
1366685
1366685
1366685
1366685
1369045
1373205
1373205
1373205
1373205
1373205
1375181
1375181
1378471
1378471
1378471
1378471
1378471
1378471
1378471
1378471
1378471
1382013
1388277
1388277
1388277
1390737
1397205
1397205
1397205
1397205
1397205
1397205
1397205
1397205
1397205
1397205
1397205
1397205
1398657
1399457
1399457
1399457
1400414
1400414
1400414
1400414
1400414
1400414
1399920
1399920
1399920
1381794
1382410
1385002
1383842
1380422
1380632
1368356
1366980
1368120
1359342
1361318
1362478
1362478
1348798
1344451
1328251
1332311
1338971
1338971
1329771
1336146
1337400
1341560
1341560
1341560
1342700
1355402
1355402
1355402
1355896
1355896
1362271
1362271
1362271
1362271
1362271
1362271
1362271
1362271
1362271
1362271
1357087
1361539
1357571
1357571
1360331
1360331
1361491
1364911
1368201
1368201
1376349
1376349
1377725
1377725
1377725
1377725
1377725
1371065
1370855
1376251
1377505
1377505
1377505
1376053
1378413
1372225
1372225
1372197
1372197
1372197
1372197
1372197
1371405
1362627
1364706
1364706
1363947
1363947
1377051
1377051
1371411
1371411
1371411
1371411
1363291
1360531
1360531
1360873
1335617
1335617
1340801
1342253
1345517
1341065
1341065
1341065
1341065
1341065
1341065
1329541
1341154
1345314
1345314
1350774
1350774
1350802
1350802
1350412
1340212
1336756
1353356
1354115
1364315
1364315
1370690
1370690
1355255
1363375
1356907
1358283
1358899
1358899
1360723
1349110
1355374
1356750
1361202
1362698
1362082
1362882
1364234
1368202
1368202
1372777
1367317
1367317
1377517
1377517
1377517
1377545
1378345
1373893
1374509
1375763
1373939
1368971
1335396
1324056
1324756
1337032
1341000
1345347
1345347
1340772
1343132
1343132
1343132
1342332
1333132
1333132
1333132
1339792
1335824
1336553
1336553
1336553
1335177
1332817
1337785
1339955
1338701
1345169
1345169
1345169
1345169
1345169
1345169
1350565
1350565
1350565
1350565
1350565
1350565
1350565
1350565
1350565
1350565
1355140
1355140
1355140
1355140
1355140
1355140
1355140
1355140
1355140
1355140
1355140
1356492
1356492
1356492
1356492
1356492
1356492
1357449
1357449
1357449
1357449
1357449
1357449
1357449
1357449
1357551
1357551
1357551
1357551
1357551
1359911
1359911
1359911
1359911
1359911
1359911
1359911
1359911
1361071
1361071
1361071
1361071
1361071
1361071
1361071
1361071
1361071
1361071
1361071
1361071
1354603
1354603
1354603
1354603
1354603
1354603
1354603
1354603
1354603
1354603
1355763
1355763
1355763
1355763
1355763
1352499
1352499
1352163
1355705
1355705
1355705
1355705
1354545
1354545
1354545
1354545
1363745
1359617
1359617
1359617
1359617
1359617
1355042
1355042
1355042
1355042
1355042
1355658
1355658
1355658
1355658
1355658
1347538
1348858
1348858
1345568
1345568
1328968
1328968
1324000
1324000
1324000
1324000
1324000
1328575
1328575
1328575
1328575
1329532
1329532
1329532
1329532
1330852
1330852
1330852
1330852
1330852
1330852
1330852
1330852
1330852
1330852
1330852
1330852
1331346
1331346
1331346
1331346
1331346
1333425
1333425
1333425
1333919
1333919
1334648
1338776
1338776
1338776
1338674
1338674
1344070
1344070
1344070
1344070
1349466
1350842
1353012
1354266
1354266
1354995
1354995
1352916
1352916
1352916
1352916
1352916
1354076
1354076
1354076
1354076
1354076
1354178
1359678
1359678
1359678
1359678
1359678
1359678
1359678
1359780
1359780
1359780
1359780
1359780
1359780
1359780
1359780
1359286
1359286
1359286
1359286
1359286
1359286
1359286
1359286
1359286
1359286
1359286
1359286
1359286
1359286
1359286
1359286
1359286
1359286
1359286
1359286
1359286
1359286
1359286
1359286
1359286
1359286
1359286
1359286
1359286
1359286
1359496
1359496
1359496
1359496
1359496
1359496
1359496
1359496
1359496
1359496
1359496
1359496
1359496
1360225
1360225
1360225
1360225
1360225
1360225
1360225
1360225
1359496
1359496
1359496
1359496
1359496
1359496
1359496
1359496
1359496
1359496
1359496
1359496
1359286
1359286
1359286
1359286
1359286
1359286
1359286
1359286
1359286
1359286
1359286
1359286
1359286
1359286
1359286
1359286
1359286
1359286
1359286
1359286
1359258
1359738
1359766
1359766
1359766
1359766
1359766
1359766
1359766
1360246
1357886
1357886
1356534
1356534
1357028
1357828
1357828
1357828
1357828
1357828
1357828
1357828
1357828
1357828
1368028
1370107
1370107
1370107
1372186
1372186
1372186
1372186
1372186
1372186
1375606
1378756
1378756
1378756
1378756
1384396
1384396
1384396
1384396
1384396
1384396
1386756
1386756
1394904
1396256
1396466
1396466
1396466
1396466
1396466
1396466
1397423
1397423
1397423
1397423
1397423
1397423
1397423
1397423
1397423
1397423
1397525
1397525
1397525
1398254
1398254
1400614
1400614
1400614
1400614
1400614
1400614
1400614
1400614
1400614
1400614
1400614
1400614
1400614
1400614
1400614
1400614
1400614
1400614
1400614
1400614
1400614
1400614
1400614
1401343
1401343
1401959
1399599
1399599
1399599
1399599
1399599
1400328
1399353
1399353
1399353
1399353
1399353
1399353
1399353
1399353
1398001
1398001
1398001
1398001
1398001
1398001
1398001
1398337
1399066
1399066
1399066
1399066
1399066
1400518
1399789
1399789
1399789
1396369
1389943
1392303
1392303
1394893
1390765
1390765
1394055
1394055
1394055
1394055
1394055
1394055
1394535
1384335
1381710
1391910
1392120
1392120
1397516
1392056
1387996
1387996
1341628
1336378
1342846
1341494
1342451
1350599
1350599
1346252
1337052
1337024
1336922
1333658
1331066
1344026
1344026
1356728
1357222
1356606
1356606
1356606
1362870
1364868
1359228
1359228
1359228
1359708
1359708
1359708
1359708
1359708
1359708
1359708
1359708
1359736
1359736
1326161
1326777
1323487
1323487
1323487
1323487
1324741
1322743
1309063
1309063
1304611
1304611
1304611
1310111
1311365
1313601
1319976
1322736
1322736
1323536
1323746
1323746
1323746
1323746
1323746
1323746
1323746
1322987
1316612
1315883
1322258
1322258
1323610
1323610
1317142
1317142
1317142
1311746
1317246
1317246
1317246
1317246
1319325
1315357
1315255
1315255
1324215
1335828
1335828
1336587
1342087
1354636
1354636
1354636
1354636
1352176
1352176
1352176
1352176
1352176
1353430
1353766
1348266
1349426
1350922
1351879
1351879
1350625
1350625
1350625
1350625
1350625
1350625
1350625
1350625
1353250
1353250
1353250
1353250
1353250
1353979
1353951
1354053
1354053
1354053
1362201
1361991
1357831
1362406
1362406
1362406
1362616
1362616
1362616
1361641
1361641
1361641
1361641
1362257
1362257
1362285
1363781
1363781
1363781
1363781
1363781
1363781
1363781
1363781
1363753
1363753
1365129
1370525
1372604
1372604
1372604
1372604
1374056
1374785
1374785
1374785
1374785
1374785
1374785
1374785
1374785
1372549
1372549
1372549
1372549
1377945
1377945
1377945
1377945
1377945
1376785
1376785
1376785
1376785
1376785
1376785
1378161
1380921
1380921
1380921
1380921
1380921
1380921
1380921
1380921
1380921
1380921
1380921
1379569
1379569
1379569
1379569
1379569
1380729
1380729
1380729
1382105
1382105
1382105
1382105
1382105
1382105
1382105
1382105
1382105
1382105
1382105
1383557
1383557
1383557
1383557
1383557
1383557
1383557
1383557
1383557
1383557
1383557
1383557
1383557
1383557
1383557
1383557
1383557
1383557
1383557
1383557
1383557
1383557
1381197
1381197
1381197
1381197
1382451
1382451
1382451
1382451
1382451
1382451
1382451
1382451
1382451
1382451
1382451
1382451
1382451
1382451
1382479
1382479
1382479
1382479
1382479
1382479
1382479
1382479
1383279
1383279
1383251
1383251
1383251
1383251
1389719
1389719
1389719
1390511
1390511
1390511
1390511
1396699
1396699
1396699
1396699
1396699
1396699
1396699
1396699
1401151
1412675
1412675
1412675
1412703
1412703
1412703
1414155
1419795
1419795
1419795
1419795
1419795
1419795
1419795
1419795
1419795
1419795
1418343
1418343
1418343
1418343
1419102
1419102
1419718
1422478
1422478
1422478
1422478
1422478
1422478
1422478
1422478
1422478
1421719
1421719
1421719
1421719
1421719
1421719
1421719
1421719
1421719
1421719
1421719
1421719
1421719
1421719
1421719
1421719
1421719
1421719
1421719
1421719
1421719
1421719
1421719
1422676
1422676
1422676
1422676
1423405
1423405
1423615
1423615
1424374
1424374
1424374
1424990
1426442
1426442
1426442
1426442
1426442
1426442
1426442
1426442
1426442
1426442
1426442
1426442
1426442
1426442
1426442
1426442
1426442
1426442
1426442
1427171
1427171
1427900
1427900
1425540
1425540
1425540
1425540
1423180
1423180
1423180
1423180
1423180
1423180
1423180
1423180
1423180
1423180
1423180
1419916
1418540
1417380
1414755
1414755
1414755
1414755
1414755
1414755
1414755
1414755
1417115
1417115
1417115
1418255
1419607
1416187
1416187
1416187
1416187
1416667
1416667
1416667
1416667
1416667
1417624
1417624
1420384
1423804
1413604
1413604
1413604
1413604
1413604
1413604
1422804
1422776
1423535
1420385
1419033
1419033
1419033
1419033
1422575
1422575
1432775
1427135
1427135
1427135
1424775
1424775
1416627
1417107
1417107
1420371
1420371
1420371
1420371
1420371
1420371
1420399
1420399
1420399
1420399
1420399
1420399
1420399
1420399
1420399
1420399
1420399
1420399
1419239
1419239
1419239
1419239
1419239
1419239
1419239
1419719
1419719
1420213
1420549
1420549
1420549
1418573
1418573
1418783
1419740
1419842
1419842
1419842
1419842
1419842
1418346
1418346
1419722
1419722
1419722
1419722
1419722
1417262
1413102
1413102
1411750
1411750
1411750
1411750
1411750
1413920
1418048
1421590
1421590
1421590
1421590
1421590
1421590
1422844
1424296
1425271
1425271
1425271
1425271
1425271
1425271
1425271
1425271
1425271
1425271
1425271
1425271
1418803
1417846
1417846
1417846
1417846
1417846
1417846
1417846
1411582
1411582
1411582
1411582
1411582
1411582
1411582
1411582
1413078
1409536
1409536
1409536
1409536
1409536
1409536
1410988
1410988
1409668
1409668
1409668
1409668
1409668
1409668
1409668
1409668
1409668
1405093
1405195
1405195
1405195
1405195
1405195
1405195
1405195
1405195
1405195
1405195
1405195
1405531
1406488
1406488
1405531
1405531
1407610
1409106
1409106
1409106
1409106
1409106
1409106
1409106
1409906
1409906
1409906
1409906
1409906
1409906
1411282
1411282
1411282
1411282
1411282
1411282
1411282
1411282
1411282
1411282
1411282
1411282
1413642
1413642
1413642
1414599
1414599
1414599
1414599
1414599
1389343
1391703
1391703
1390327
1396795
1396795
1396795
1398171
1398171
1398171
1402331
1402331
1402331
1403827
1403827
1403827
1403827
1403827
1403827
1403827
1403827
1403098
1403098
1403098
1404055
1404055
1404055
1404055
1404055
1404055
1404055
1404055
1404055
1404549
1404549
1404549
1404549
1404549
1404549
1404549
1404549
1405165
1405781
1405781
1405781
1405781
1406510
1406510
1406510
1406510
1406510
1406510
1406510
1406510
1406510
1406510
1406300
1401725
1401725
1401725
1401725
1397665
1403125
1403125
1403125
1400365
1400365
1400365
1400365
1400365
1400365
1398286
1398286
1398286
1398286
1398286
1398286
1398286
1398076
1398076
1398076
1398076
1398076
1398556
1398556
1398556
1398062
1398062
1398034
1398034
1398034
1398034
1398244
1398272
1399724
1402860
1401700
1401700
1402194
1402194
1402674
1402674
1401915
1402531
1402873
1406415
1407144
1411596
1411596
1412553
1411596
1411596
1411386
1411386
1411386
1411880
1411880
1411880
1411880
1411880
1411880
1411880
1411880
1411400
1411400
1411400
1409948
1409948
1409948
1412118
1412118
1412118
1413278
1413278
1413772
1413772
1413772
1413156
1413156
1413156
1413156
1413156
1412181
1412181
1412181
1412181
1413138
1413938
1413938
1413938
1413966
1413966
1413966
1413966
1413966
1413166
1407526
1406074
1406074
1406074
1406074
1406074
1406074
1408534
1408534
1408534
1408744
1408744
1408744
1408744
1408744
1408744
1413712
1413712
1413712
1413712
1413712
1413712
1412360
1412360
1412360
1412360
1412976
1412482
1409218
1409218
1409218
1405798
1402378
1402378
1402378
1399753
1404328
1404328
1379072
1376264
1375535
1375535
1376264
1376264
1376264
1376264
1376264
1376264
1376264
1376264
1376264
1376264
1377221
1378013
1371749
1369124
1369124
1369124
1369124
1369124
1369124
1367772
1367772
1367772
1367772
1367772
1367772
1367772
1367772
1367772
1370908
1370908
1370908
1370880
1374422
1380062
1380062
1380062
1385912
1385912
1385912
1385912
1385912
1385912
1385912
1385912
1385912
1389202
1389202
1389202
1389202
1389230
1389230
1389230
1389230
1389230
1389230
1389258
1389258
1389258
1389258
1389258
1389258
1389258
1389258
1389258
1389360
1389360
1389360
1389360
1389360
1389360
1389360
1390317
1390317
1390317
1388147
1388147
1388641
1388641
1388641
1388641
1389135
1389135
1389135
1389135
1390487
1390487
1390697
1390697
1391426
1391426
1391426
1391426
1391426
1391426
1391426
1394968
1395727
1395517
1395517
1396276
1396276
1395547
1395547
1395547
1395547
1395547
1395547
1395547
1396707
1397436
1397436
1397436
1397436
1397436
1397436
1397436
1398165
1398165
1398165
1398165
1400244
1406712
1406712
1406712
1406712
1406712
1406712
1406712
1406712
1406712
1406712
1409172
1409172
1409172
1409172
1409172
1408836
1408836
1409565
1409565
1409565
1405505
1405505
1404365
1404365
1404365
1402286
1402286
1402286
1402286
1402286
1402286
1402286
1402766
1402766
1402766
1402766
1402664
1403280
1403280
1403280
1403280
1403280
1402786
1402786
1402786
1402786
1402786
1402786
1402786
1402786
1403515
1404967
1404967
1404967
1404967
1404967
1404967
1404967
1404967
1404967
1404967
1404967
1404967
1404967
1404967
1404967
1405177
1405177
1406629
1406629
1406629
1406629
1406629
1406629
1406629
1406629
1406629
1406629
1406629
1406629
1403821
1403821
1403821
1403821
1400531
1400531
1400531
1400531
1400531
1400531
1397723
1397723
1397723
1397723
1392223
1392223
1388959
1390213
1387977
1387977
1387977
1387977
1388934
1388934
1388934
1388934
1388934
1388934
1388934
1388934
1388934
1388934
1386574
1386574
1386574
1387190
1387190
1387190
1387190
1387190
1387190
1387190
1387190
1387190
1387190
1387190
1387190
1387190
1387190
1387190
1387190
1387190
1387190
1387190
1385738
1385738
1385738
1385738
1385122
1385122
1385122
1385122
1385122
1385122
1385122
1385122
1385122
1385122
1381580
1381580
1381580
1378444
1378546
1379521
1374061
1374061
1374061
1374061
1376037
1372901
1372901
1371944
1371944
1370624
1371240
1371240
1365052
1365052
1368594
1368594
1368594
1368594
1368594
1369088
1369088
1369088
1362620
1362620
1362620
1362620
1362620
1362620
1362004
1359834
1359834
1360634
1358009
1358801
1358801
1358001
1358001
1351533
1351533
1352985
1352985
1353942
1353942
1353942
1353942
1353942
1348302
1348302
1348274
1347317
1347317
1341921
1344681
1344681
1344681
1344681
1344681
1344681
1344681
1344681
1344065
1345319
1342959
1342959
1342959
1342159
1342159
1335895
1332605
1332605
1332605
1332605
1332605
1332605
1335230
1335230
1335230
1335230
1335202
1335202
1335202
1335202
1335202
1335202
1335202
1338492
1333096
1333096
1333096
1333096
1329036
1323536
1323536
1321712
1321712
1321712
1321712
1321712
1316252
1316252
1316252
1316252
1313627
1313627
1313627
1313627
1313627
1305507
1305507
1305507
1305507
1306236
1306236
1306236
1306236
1293132
1293132
1294484
1299452
1295292
1293940
1295316
1295316
1295316
1295316
1295316
1295316
1295316
1295316
1295316
1295316
1295316
1294616
1293641
1293641
1293641
1285493
1284999
1284270
1282950
1282950
1280190
1280190
1282269
1282269
1282269
1282269
1282269
1287769
1287769
1287769
1287769
1287769
1287559
1287559
1274455
1274455
1274455
1274455
1274455
1275071
1275071
1275071
1275071
1275071
1281539
1281539
1286789
1286789
1288043
1288043
1288043
1287941
1287941
1283489
1283489
1283489
1283489
1283489
1283489
1283489
1283489
1281129
1286379
1286379
1286379
1286379
1284883
1284883
1284883
1284883
1284883
1284883
1284883
1284883
1284883
1288851
1288851
1295226
1300686
1300584
1300584
1299855
1299855
1294355
1293380
1293380
1293380
1293380
1293380
1293380
1298840
1310364
1316739
1319199
1332879
1338275
1338275
1339529
1340981
1340981
1340981
1340981
1340981
1340981
1340981
1340981
1342477
1344453
1346813
1346813
1346813
1346813
1348189
1348189
1348189
1348189
1348189
1348189
1349349
1352639
1353133
1353133
1353133
1353133
1358529
1358529
1358529
1358529
1358529
1358529
1364997
1364997
1364997
1364997
1364997
1364997
1364997
1364997
1364997
1364997
1364997
1364997
1364997
1364997
1364997
1364997
1364997
1364997
1366137
1367589
1367589
1367589
1369825
1369825
1369825
1369825
1369825
1369825
1369825
1369825
1369825
1369825
1370035
1370035
1370035
1370035
1370035
1372495
1372495
1372495
1372495
1372495
1372495
1372495
1371879
1373019
1373819
1373921
1373921
1369469
1374437
1383637
1383973
1385349
1386078
1383718
1383718
1383718
1384878
1384878
1384878
1380910
1380910
1380910
1380910
1375942
1374566
1373766
1378341
1379141
1379141
1384641
1384641
1384641
1382817
1383433
1383433
1384687
1384687
1385303
1386095
1387447
1382872
1382872
1384368
1383114
1383114
1383142
1383142
1383142
1383142
1383142
1386432
1386432
1386432
1388792
1390168
1390168
1390168
1390168
1389409
1389409
1391769
1391769
1391667
1391667
1390315
1376635
1388248
1387768
1391736
1391736
1391736
1391736
1393560
1389400
1390776
1390776
1382628
1382628
1382628
1382628
1382838
1382838
1382838
1382838
1382838
1382838
1382838
1382838
1382838
1382838
1383567
1383567
1383567
1383567
1383567
1383567
1383567
1383567
1383595
1383595
1385674
1385674
1385674
1385646
1386806
1386806
1386806
1386806
1386806
1386806
1386806
1386806
1386806
1386806
1386806
1386806
1386806
1389614
1389614
1389614
1389614
1389614
1389614
1388657
1388657
1388657
1388657
1388657
1388657
1389614
1391974
1391872
1391872
1391974
1391974
1391974
1391974
1391974
1390522
1382402
1382402
1379810
1379810
1379810
1377220
1377220
1377979
1377979
1380439
1380439
1380649
1377499
1377499
1376339
1372211
1372211
1372211
1372211
1372211
1372211
1372211
1372211
1372211
1372211
1372211
1372211
1372211
1372211
1372211
1372211
1371051
1371051
1371051
1372427
1372427
1372427
1373227
1373227
1373227
1373227
1373227
1374387
1374387
1374387
1374387
1374387
1374387
1374387
1374387
1374723
1374723
1374723
1374723
1374723
1374723
1374723
1374723
1374723
1374723
1375523
1375523
1375523
1376003
1376003
1376003
1377455
1377455
1377455
1377455
1377455
1377455
1377455
1377455
1377455
1377455
1377455
1377455
1377455
1377455
1374035
1374035
1370493
1370493
1370493
1370493
1370493
1374945
1374945
1374945
1375439
1375439
1375439
1375439
1375439
1375439
1375439
1375439
1377899
1375539
1375539
1375641
1375641
1375641
1375641
1375641
1375641
1370181
1370181
1370181
1370181
1370181
1370181
1370181
1370181
1370181
1370181
1366761
1367921
1367921
1367921
1367921
1367921
1367893
1367893
1367893
1367893
1367893
1367893
1367893
1367893
1367893
1367893
1367893
1367893
1367893
1367893
1367893
1367893
1367893
1367893
1367893
1367893
1367893
1367893
1367893
1367893
1364629
1366989
1366989
1364629
1364629
1364629
1364629
1364629
1364629
1367893
1367893
1367893
1369269
1369269
1367917
1367917
1369077
1369077
1369105
1369105
1369721
1369721
1369721
1373141
1373141
1373141
1373141
1370905
1370905
1370877
1367613
1367613
1367613
1367613
1367613
1372188
1372188
1381148
1381148
1384690
1384690
1384690
1393890
1393890
1398465
1398465
1396105
1396834
1396834
1396834
1396834
1396834
1397314
1397314
1397314
1397314
1397314
1397314
1397314
1397314
1397314
1397314
1397314
1397314
1397314
1397314
1397314
1397314
1397314
1397314
1397314
1398666
1398666
1398666
1398666
1398666
1398666
1398666
1398666
1398666
1398666
1398666
1398666
1399826
1402186
1402396
1402396
1402396
1402396
1402396
1402396
1402396
1402396
1402396
1402396
1401667
1398517
1398517
1398517
1398517
1398517
1386117
1385907
1376947
1376947
1376947
1376947
1372887
1372887
1372887
1372887
1364739
1368003
1365767
1365767
1378871
1385135
1389263
1387287
1384927
1384168
1384168
1384168
1384168
1384168
1384897
1384897
1389349
1391809
1391809
1391809
1391809
1391809
1393888
1393888
1393888
1393888
1393888
1393888
1393888
1393888
1393888
1393678
1389618
1389618
1389618
1390575
1396839
1393703
1397123
1397123
1397123
1397123
1396394
1396366
1396366
1396366
1396366
1396366
1396366
1396366
1396366
1396366
1397526
1397526
1397526
1397526
1391338
1391338
1391338
1394758
1394758
1394758
1394758
1394758
1403536
1403536
1403536
1402084
1390560
1395012
1397820
1404288
1404288
1414488
1414488
1415940
1416732
1416732
1416732
1416732
1416732
1416732
1416732
1415973
1420425
1415973
1410333
1413093
1413093
1413093
1413093
1413093
1413093
1413093
1413852
1413852
1419492
1413024
1413024
1413024
1413024
1412232
1412260
1409500
1408004
1408004
1408004
1409380
1393945
1394902
1394902
1394902
1394902
1394930
1397166
1387966
1388068
1379908
1379908
1379908
1379908
1377548
1376789
1370129
1370129
1370129
1370129
1363865
1363865
1367993
1367993
1367993
1367293
1366133
1365923
1365923
1365923
1356723
1352376
1352376
1352376
1352376
1352376
1353536
1353536
1353536
1353536
1353536
1350776
1350776
1350776
1350776
1350776
1350776
1349819
1349819
1349819
1349819
1349819
1349819
1349819
1349819
1349819
1349819
1349819
1349819
1349819
1349819
1349819
1349791
1349791
1349791
1349791
1350931
1349435
1349435
1349435
1349435
1349435
1349435
1349435
1349435
1349537
1349537
1349537
1349537
1349537
1349537
1349537
1349537
1350296
1350296
1350296
1350296
1350296
1350324
1350324
1350324
1350324
1350324
1351281
1351281
1351281
1351281
1351281
1351281
1351281
1348921
1348921
1348921
1350417
1350417
1350417
1350417
1350417
1350417
1350417
1352777
1352777
1352777
1352777
1352777
1352777
1351617
1351617
1351617
1351617
1351617
1351617
1351617
1351827
1351827
1351827
1351827
1351827
1351827
1351827
1351827
1351827
1350870
1351080
1351080
1350351
1350351
1350351
1350351
1350351
1347991
1347781
1347781
1347781
1339633
1339633
1339633
1343053
1342294
1342294
1347754
1347754
1347754
1348248
1348248
1345656
1345656
1351296
1351296
1351296
1351296
1351296
1351086
1351086
1334886
1334886
1334886
1334886
1333434
1333434
1334886
1334886
1334886
1336238
1336238
1334786
1335586
1335586
1340161
1340161
1340161
1340161
1339361
1339361
1325681
1329223
1324648
1326000
1330452
1330452
1330452
1325877
1323417
1324671
1324671
1324671
1331139
1336107
1336107
1341957
1341957
1341957
1341957
1341957
1343409
1342793
1342793
1342793
1342793
1346953
1346953
1346953
1347055
1347055
1347055
1352023
1352023
1351294
1351294
1351294
1351294
1351294
1351294
1352053
1352053
1352053
1352053
1352053
1352053
1352782
1352782
1351330
1351330
1351330
1351330
1351330
1351330
1351330
1351330
1351330
1351330
1351330
1351330
1351330
1351330
1351330
1352470
1352470
1352470
1352470
1352470
1353086
1353086
1353086
1353086
1353086
1354340
1354340
1354340
1359308
1359308
1359308
1359308
1359308
1362444
1362444
1362444
1363060
1365520
1365520
1365520
1365622
1365622
1365622
1365622
1366579
1367833
1367833
1367833
1370593
1370593
1370621
1370621
1370621
1370621
1370621
1370621
1370621
1370621
1370621
1370621
1370621
1370621
1370621
1370621
1370621
1370621
1370723
1370723
1370723
1375298
1375298
1375298
1375298
1374341
1374341
1374341
1375501
1375501
1375501
1375501
1375501
1375501
1375501
1375501
1375501
1375501
1375501
1375501
1375501
1376230
1376230
1376230
1376230
1376724
1376724
1376724
1376724
1376724
1376724
1376724
1374134
1372158
1374237
1373508
1373508
1372012
1372012
1359310
1359100
1360596
1360596
1360596
1360596
1360596
1360596
1378236
1378236
1380212
1380212
1380212
1380212
1380212
1380941
1381435
1379459
1379459
1379459
1377099
1377099
1377201
1377201
1378158
1378158
1378056
1378056
1378056
1378056
1378056
1378056
1378056
1373896
1373896
1373896
1373896
1373896
1372939
1372939
1372939
1372911
1372911
1373711
1373711
1373711
1373609
1376069
1376069
1376069
1376069
1376069
1376069
1376069
1376069
1376069
1377521
1377521
1377521
1377521
1377521
1377521
1377521
1377521
1377521
1377521
1377521
1377521
1377521
1377521
1377521
1377521
1377521
1379600
1380216
1380216
1380216
1380216
1381016
1381016
1381016
1378208
1378208
1378208
1378236
1378236
1378236
1378236
1378236
1378236
1378236
1378236
1380828
1380828
1380828
1381557
1378932
1378932
1378904
1378904
1378904
1378904
1382194
1381237
1376269
1376611
1376611
1376611
1376401
1376401
1375609
1375609
1377585
1377585
1377585
1365972
1365972
1368564
1368564
1371854
1373014
1373014
1373014
1371662
1370210
1370238
1370238
1370238
1368886
1368886
1362511
1362613
1361913
1361913
1361913
1363289
1362129
1362129
1362129
1362129
1362609
1362609
1362609
1362609
1362609
1362609
1362609
1362609
1362609
1364688
1362328
1362328
1370476
1370476
1370476
1370476
1370686
1372138
1372138
1372138
1372138
1372138
1372138
1372867
1372867
1374243
1374243
1369275
1362615
1362615
1362615
1362615
1368255
1362615
1362615
1360379
1352231
1352231
1352231
1352231
1352231
1351615
1351615
1353975
1353975
1353975
1353975
1353975
1366524
1366524
1365765
1365765
1365765
1365765
1365765
1365765
1365765
1365765
1370112
1370112
1370112
1370112
1370112
1375508
1379050
1379050
1379050
1379050
1379050
1380402
1380882
1381092
1381092
1381092
1381092
1382588
1382588
1388048
1388048
1397008
1397008
1397008
1397008
1397008
1397008
1397008
1397008
1397008
1397008
1397008
1397008
1397008
1397965
1397008
1397008
1397008
1397008
1397008
1397008
1397008
1399244
1399244
1399244
1399244
1399244
1399738
1399738
1399738
1399738
1399738
1399738
1399738
1399738
1399738
1399738
1399738
1399738
1398938
1399418
1401654
1401654
1396154
1396154
1395395
1395395
1395395
1394595
1394595
1394595
1394595
1394595
1394595
1394595
1394595
1394595
1394595
1394595
1394595
1395755
1395755
1395755
1395755
1395755
1395755
1395755
1395755
1395755
1395755
1395755
1395755
1395755
1395755
1394798
1394798
1394182
1394182
1394182
1394182
1394182
1394182
1394182
1394182
1394798
1394798
1394798
1394798
1394798
1394798
1394798
1394798
1394798
1394798
1393346
1393346
1393346
1393346
1393346
1393346
1394146
1394146
1394146
1393006
1388846
1388846
1388846
1388846
1388230
1388230
1388230
1388230
1388230
1388230
1388230
1388230
1388230
1388230
1392198
1392198
1392198
1392198
1390702
1393992
1396162
1396962
1393698
1393908
1393908
1393908
1392768
1388316
1391736
1391736
1385472
1376694
1376694
1378070
1378070
1376574
1376574
1376574
1376574
1376574
1375434
1375434
1375434
1375434
1377513
1377513
1375053
1371511
1371511
1371511
1371511
1371511
1371511
1371511
1371511
1371511
1371511
1371511
1372240
1373040
1372311
1372805
1373015
1373015
1373015
1373015
1373015
1373015
1373015
1371663
1371663
1371169
1371169
1371169
1371169
1371169
1370410
1370410
1370410
1370410
1370410
1370410
1370410
1370410
1370410
1370410
1370904
1371520
1371520
1371520
1371520
1371520
1371310
1371310
1371310
1371310
1372470
1372470
1372470
1371513
1371513
1367061
1364301
1364301
1364301
1364301
1364301
1364301
1362222
1362951
1362951
1364403
1364403
1364403
1364403
1364403
1366995
1362771
1354651
1347991
1347991
1347991
1347991
1351281
1351281
1351281
1351281
1348017
1347060
1347554
1346234
1349524
1349524
1343884
1343884
1343884
1343884
1339824
1341200
1340584
1340584
1340584
1340584
1340584
1340248
1348368
1353618
1359666
1363208
1363208
1363208
1363236
1364688
1364688
1364688
1364688
1364688
1364688
1364688
1364688
1364688
1364688
1364688
1364688
1362328
1363303
1363303
1366723
1366723
1373191
1373163
1373163
1373163
1374417
1376777
1376777
1376777
1376777
1376777
1376777
1376777
1376777
1376777
1376777
1376777
1376777
1376777
1378129
1378129
1378858
1378858
1378858
1378858
1378858
1378858
1378858
1378858
1378858
1378858
1378858
1378858
1378858
1378858
1379352
1379352
1379352
1379352
1379352
1379352
1379352
1369152
1365888
1367028
1367028
1367028
1367056
1367028
1367028
1367130
1367130
1372770
1372770
1372770
1372770
1372770
1372770
1372770
1372770
1372770
1374849
1376928
1376928
1376928
1376928
1376928
1377885
1382045
1382045
1382045
1382045
1382045
1382045
1382045
1382045
1382147
1382147
1382147
1382147
1382147
1382147
1382147
1382147
1382147
1382147
1382147
1382147
1382147
1382147
1382147
1382147
1382147
1382147
1382147
1382147
1382147
1383287
1385879
1385879
1385879
1381719
1381719
1393332
1393332
1393332
1393332
1393332
1393332
1393332
1393332
1393332
1393332
1393332
1393332
1393332
1393332
1393332
1393332
1393332
1393542
1393542
1393542
1393542
1393542
1393542
1393542
1393542
1393542
1393542
1393542
1393542
1393332
1393332
1393332
1393332
1393332
1393332
1393332
1393332
1393332
1393332
1393332
1393332
1393332
1393332
1393332
1393332
1393332
1393332
1393332
1393332
1393332
1393332
1393332
1393332
1393332
1393332
1390872
1390872
1390872
1390872
1385904
1385904
1385904
1385904
1388140
1388140
1388140
1388140
1388140
1388140
1388140
1388140
1388140
1388140
1375438
1375438
1375438
1375438
1375438
1374278
1374278
1374278
1375007
1375007
1375007
1375007
1375007
1380507
1377699
1371324
1370524
1369724
1373144
1372187
1373563
1373563
1373563
1377723
1377723
1377723
1377723
1376748
1360148
1360148
1360148
1361308
1361308
1361308
1358018
1358354
1358354
1357214
1358710
1355950
1357326
1357326
1356710
1351250
1351250
1351250
1347090
1349260
1349260
1349260
1349260
1362364
1362364
1362364
1366939
1371391
1371391
1370662
1370764
1370764
1371244
1371244
1374786
1375515
1376769
1376769
1376769
1378023
1378023
1378023
1378023
1378023
1378980
1378980
1378980
1378486
1378486
1378486
1379102
1379582
1378966
1379460
1377964
1377964
1377964
1377007
1378459
1379416
1379416
1383576
1383576
1383576
1383576
1385072
1388336
1388336
1388336
1388336
1388336
1388336
1388336
1388336
1388336
1388336
1388336
1388336
1388336
1388336
1388336
1388336
1388336
1394524
1394524
1394524
1394524
1394524
1394524
1393270
1393270
1387874
1387874
1388674
1388674
1388674
1388674
1388674
1386698
1386698
1386698
1382246
1382246
1382246
1382246
1378956
1383408
1378224
1379478
1392027
1392027
1392027
1392027
1386631
1386529
1386529
1387329
1387329
1387329
1384969
1384969
1384941
1384941
1384941
1382771
1383728
1371452
1373531
1373531
1373633
1373633
1373633
1370825
1370825
1366665
1366665
1366665
1366665
1366665
1365965
1369255
1357642
1360102
1356682
1356682
1350418
1350418
1350418
1350418
1356058
1356058
1356058
1356058
1349398
1349398
1349398
1349398
1348238
1341770
1341770
1341770
1341770
1341770
1341770
1341770
1341668
1341668
1341668
1343164
1343164
1343164
1343164
1343164
1343164
1343164
1343164
1343164
1343164
1341712
1341712
1341712
1341712
1341712
1342852
1347304
1347304
1341804
1341906
1341906
1341906
1350026
1348772
1346180
1346180
1346180
1346180
1346180
1346180
1346180
1346180
1346180
1346180
1346180
1348540
1352700
1360820
1369598
1369598
1369118
1369118
1356014
1354662
1354662
1354662
1352492
1352492
1351238
1351238
1355813
1358049
1358049
1358049
1358049
1358049
1358049
1358049
1359369
1359369
1357873
1359871
1359871
1359871
1359871
1363413
1363413
1363413
1363413
1363413
1359871
1359871
1354371
1352292
1354371
1348871
1354267
1347892
1347892
1347892
1347892
1347892
1347892
1347892
1347892
1339744
1339744
1339744
1339744
1340719
1338359
1338359
1338359
1325810
1327262
1327262
1327262
1326008
1326008
1326008
1326008
1326008
1328178
1320030
1320030
1320030
1320030
1315578
1315606
1314814
1314814
1314814
1306036
1306036
1306036
1309300
1314696
1314696
1321164
1321164
1321164
1322616
1323375
1323375
1322616
1322616
1323591
1323591
1323619
1313419
1311967
1311967
1316127
1318587
1312947
1312947
1312947
1312947
1313427
1313427
1306959
1306959
1306959
1306959
1309719
1309719
1309719
1309719
1309719
1309719
1306959
1312809
1312809
1312809
1312809
1312809
1312809
1312809
1312809
1312809
1312809
1312809
1312781
1312781
1312991
1317151
1317151
1317151
1319230
1319230
1312855
1306480
1307209
1307209
1307209
1297009
1297009
1297009
1297009
1297984
1297984
1297774
1297774
1297774
1297774
1315414
1321054
1321054
1322194
1323570
1323780
1322404
1322404
1321910
1321910
1321938
1321938
1321938
1321938
1320778
1320778
1320778
1320778
1320778
1320778
1321938
1321938
1321938
1321938
1321938
1321938
1321938
1321938
1321938
1321938
1321938
1321938
1323078
1323078
1322868
1323362
1323362
1323362
1323362
1323362
1323362
1323362
1323362
1323362
1323362
1323362
1323362
1323362
1323362
1322405
1324765
1315565
1315565
1314189
1314189
1312935
1313415
1310790
1310790
1310790
1310790
1310310
1310310
1310310
1311039
1311039
1311039
1313275
1313275
1313275
1318243
1319497
1307884
1307884
1306508
1306508
1306508
1293548
1294868
1294868
1290521
1289792
1289820
1289820
1289820
1289820
1289820
1289820
1288863
1288863
1288891
1291699
1291699
1291699
1291699
1291597
1291933
1291905
1291905
1291905
1294365
1294365
1294365
1295525
1295525
1295525
1295525
1295525
1295525
1295525
1295525
1295525
1295525
1295525
1295525
1295525
1295525
1295525
1295525
1296977
1297079
1297079
1297079
1297079
1299315
1299315
1299315
1300272
1300272
1300272
1300272
1299930
1299930
1299930
1283330
1277934
1277934
1277934
1275936
1275936
1275936
1275936
1275936
1275936
1275936
1275936
1273576
1273576
1273576
1273576
1273576
1273576
1273576
1273576
1273576
1273576
1273576
1270816
1270816
1270816
1269496
1269496
1269496
1265528
1265528
1264799
1264799
1265293
1265293
1252591
1252591
1251634
1251634
1257134
1255782
1255782
1255782
1245582
1245582
1257195
1258571
1258571
1258571
1258571
1259731
1259002
1260498
1274178
1274178
1277720
1280312
1273937
1273937
1268541
1268541
1267925
1268419
1268419
1268447
1268783
1268783
1264208
1264208
1264208
1264208
1265008
1264798
1264798
1264798
1258534
1249574
1249574
1252864
1252864
1248289
1248289
1248289
1248289
1249543
1254118
1256710
1256710
1256710
1256710
1256710
1256710
1256710
1255456
1254499
1254499
1256859
1260919
1260919
1262295
1263252
1263252
1263252
1263252
1263252
1263252
1263252
1263252
1263252
1263252
1263252
1263252
1263252
1263252
1263252
1266012
1266012
1266114
1266730
1266758
1266758
1266758
1266758
1266758
1266758
1266758
1266758
1266758
1267715
1267715
1268474
1268474
1268474
1268474
1268474
1268474
1268474
1268474
1268474
1268474
1263506
1260370
1258291
1258291
1258291
1258291
1258291
1258291
1255001
1258969
1259277
1261867
1261867
1263363
1262869
1271017
1271017
1273477
1273477
1273375
1273375
1275545
1275051
1275051
1273599
1272870
1272870
1267474
1267474
1263346
1263346
1263346
1262186
1260690
1259961
1254565
1255819
1255203
1255203
1255203
1254723
1249223
1250719
1250719
1250719
1250719
1251027
1244652
1244652
1244652
1244652
1244652
1244652
1244652
1244652
1244652
1244652
1250502
1250502
1250502
1251642
1251642
1251642
1251642
1252802
1252802
1252802
1252802
1252802
1257770
1257770
1257770
1264238
1264238
1264238
1276940
1276940
1290620
1292116
1292116
1291357
1297732
1297396
1297396
1297396
1297396
1296020
1296020
1296020
1299562
1299562
1299562
1299562
1299562
1300321
1300321
1300321
1300321
1300321
1300321
1300321
1300321
1300321
1305289
1308709
1308709
1308709
1308709
1308709
1308709
1310085
1310085
1310085
1310085
1315725
1315725
1315725
1315725
1315725
1315725
1315725
1315515
1315515
1315515
1315515
1315725
1315725
1316061
1316061
1316061
1316061
1316061
1316555
1316555
1316555
1316555
1316555
1316555
1316555
1316555
1316765
1316765
1316765
1316765
1316765
1316765
1317524
1317524
1317524
1317524
1317524
1317524
1317524
1317524
1318778
1317978
1317978
1317978
1317978
1317978
1318458
1318458
1318458
1316379
1316379
1316379
1316379
1316351
1316351
1316351
1315871
1315255
1315255
1315153
1315153
1315153
1315153
1315153
1315153
1315153
1315153
1315153
1314943
1314943
1321411
1321411
1321411
1321411
1321411
1321411
1321411
1321411
1321411
1321411
1321411
1323771
1323771
1323771
1324911
1324911
1324911
1324911
1324911
1324911
1323559
1323559
1323559
1320139
1320139
1320139
1320139
1320139
1320139
1320139
1320139
1320755
1320755
1322131
1322131
1322131
1322131
1322131
1322131
1322131
1322131
1325673
1325673
1325673
1325673
1325673
1325673
1325645
1325645
1325645
1325645
1325645
1325645
1325645
1325645
1325645
1325673
1325673
1325673
1325673
1323313
1323313
1323313
1323313
1323313
1323313
1323313
1323313
1323313
1323313
1323313
1323313
1323313
1324567
1324567
1324567
1323115
1323115
1323115
1321036
1321036
1318800
1318800
1318800
1318800
1318800
1318902
1323870
1323870
1323870
1323870
1329918
1329918
1336293
1336293
1336293
1336293
1336321
1336321
1336321
1336321
1336321
1336321
1336937
1338077
1338693
1343943
1343915
1343915
1343915
1344644
1344644
1344644
1344644
1344028
1344028
1344028
1344028
1344028
1344028
1344028
1344028
1344787
1344787
1344787
1344787
1344787
1344787
1344787
1346866
1349674
1349674
1349674
1349674
1349674
1349674
1349674
1349674
1349674
1349674
1349674
1349674
1349674
1356049
1356049
1356049
1356049
1356049
1347089
1347089
1347089
1352485
1353937
1353937
1353937
1353937
1351577
1342377
1342377
1342713
1342713
1342713
1342713
1344065
1344065
1344065
1344065
1344065
1344065
1345319
1344590
1344590
1344590
1344590
1345942
1345942
1345942
1345942
1345942
1345942
1345942
1345942
1345942
1345942
1345942
1345942
1345942
1345942
1345942
1345942
1345942
1345942
1346671
1346671
1346671
1346671
1346671
1346671
1346671
1346671
1346671
1349031
1349647
1348295
1348295
1348295
1348295
1348295
1348295
1348295
1343720
1346080
1346080
1346080
1346080
1346080
1346080
1346809
1346809
1350969
1350969
1350969
1350969
1348379
1348379
1348379
1348379
1348379
1341911
1341701
1343937
1342441
1342441
1342441
1342441
1342441
1342441
1343398
1343398
1343398
1343398
1345858
1345858
1345858
1345886
1345886
1345886
1345886
1344929
1344929
1342469
1342469
1343444
1343444
1343444
1343546
1344026
1341218
1343678
1343576
1344716
1346068
1346068
1347420
1349780
1349780
1349780
1349780
1351034
1351034
1351034
1351034
1351034
1351034
1351034
1351034
1351034
1351034
1351034
1351034
1351034
1351034
1351006
1351006
1351006
1352502
1352502
1352502
1352502
1352502
1351248
1351248
1351248
1351248
1351248
1351248
1350291
1349797
1349797
1349068
1349278
1349278
1354918
1354918
1363878
1363878
1364637
1364637
1364637
1364637
1364637
1364637
1364637
1355437
1354821
1352461
1354821
1354821
1350246
1350246
1353054
1353054
1353054
1353054
1361202
1361202
1361202
1361202
1362578
1362578
1363072
1363072
1361696
1356728
1358807
1358807
1358807
1360303
1361443
1360643
1360643
1360643
1360643
1360643
1360643
1360643
1360643
1360643
1360643
1361443
1361443
1361443
1361443
1361443
1361443
1361443
1361443
1360189
1365157
1365157
1365157
1365157
1365157
1364357
1364357
1364357
1364357
1364357
1364357
1368932
1368932
1369907
1369907
1369907
1369571
1364175
1368335
1368335
1369292
1369292
1370668
1370668
1371922
1371922
1371922
1371922
1371922
1371922
1371922
1371922
1371922
1372024
1372024
1372024
1372024
1372024
1372024
1372024
1372234
1371074
1371074
1371074
1371074
1371568
1371568
1371568
1371568
1371568
1371568
1371568
1371568
1371568
1371568
1371568
1371568
1371568
1371568
1371568
1371568
1371568
1372822
1372822
1372822
1372822
1372822
1372822
1373779
1373779
1373050
1373050
1373050
1373050
1373050
1373050
1373050
1373050
1373050
1373050
1371796
1371796
1377646
1377646
1377646
1377646
1377646
1377646
1380936
1380936
1385388
1385388
1385388
1386840
1386840
1386840
1386840
1386840
1386346
1386346
1386374
1385758
1385758
1386374
1386374
1386402
1386402
1386612
1386132
1386132
1386342
1386342
1385182
1385182
1386342
1384890
1383933
1383933
1383933
1385093
1385065
1385065
1385065
1386040
1386040
1386040
1389460
1389670
1389670
1389670
1389670
1396138
1396138
1395928
1395928
1395928
1395928
1395928
1395928
1395928
1395928
1395928
1395928
1395928
1394768
1394768
1394768
1394768
1394768
1394768
1394768
1394039
1394039
1393423
1393423
1393423
1388848
1388848
1388848
1388119
1390479
1390479
1390479
1390479
1390479
1390479
1390479
1390479
1395447
1395447
1395927
1395927
1395927
1395927
1395927
1395927
1398387
1398387
1398387
1398387
1398387
1398387
1398387
1398387
1398597
1398597
1398597
1398597
1399397
1403557
1403557
1403557
1403455
1402655
1402655
1402655
1402655
1402655
1408295
1408295
1408295
1409024
1409024
1402556
1402556
1403356
1403356
1403356
1403356
1403356
1403356
1403356
1403356
1403356
1403356
1403356
1403356
1403356
1403356
1403356
1403356
1403356
1403356
1402627
1405087
1405087
1404877
1407637
1407143
1407143
1407143
1407143
1407143
1408519
1408519
1408519
1408519
1408519
1408519
1408519
1408519
1409773
1409773
1409773
1409773
1409773
1410933
1410933
1410933
1410933
1410933
1410933
1410933
1410933
1412309
1412309
1412309
1412309
1412309
1412309
1412337
1411608
1411608
1411608
1412928
1412928
1417896
1417896
1417896
1417896
1417896
1417896
1417896
1420132
1420132
1420132
1420132
1420132
1420132
1418780
1418780
1419509
1419989
1418493
1418493
1418493
1418493
1418493
1418493
1421253
1421253
1421253
1421253
1421253
1421253
1420296
1420296
1420296
1416754
1416754
1420174
1420174
1420174
1421626
1421626
1420130
1420130
1420130
1420130
1420130
1420130
1420130
1420130
1418754
1418754
1418754
1418754
1418754
1418754
1417797
1416421
1413661
1413661
1413661
1413661
1413661
1413661
1413661
1412209
1412209
1413166
1413166
1413064
1413064
1413064
1413064
1412584
1413838
1413838
1413838
1413838
1413838
1413838
1413838
1413838
1413838
1413838
1413838
1413838
1414998
1414998
1414998
1414998
1414662
1414168
1414168
1414168
1414168
1414168
1414168
1415422
1415422
1414942
1414942
1414183
1415559
1414399
1414399
1414399
1414399
1414399
1415539
1415539
1405339
1405339
1405339
1404610
1409062
1409062
1409062
1405520
1405520
1406014
1406014
1406014
1406014
1400554
1400554
1400554
1400554
1400554
1401048
1401048
1401150
1401150
1401150
1401150
1401150
1401150
1401150
1401150
1402646
1402646
1402646
1402166
1407666
1407666
1407666
1409745
1409745
1400545
1400755
1400755
1400755
1400755
1400755
1400755
1400755
1400755
1400755
1399798
1399798
1408758
1408758
1408758
1408758
1408758
1408758
1408758
1411218
1411218
1411190
1411088
1411088
1411088
1411088
1411088
1411088
1411088
1411088
1411088
1411088
1411088
1411088
1411088
1411116
1411116
1411116
1411116
1411116
1411116
1413924
1414881
1414881
1414881
1414881
1416021
1416021
1416021
1416021
1416021
1416021
1416021
1416021
1413561
1413561
1413561
1413561
1413663
1414823
1414823
1414823
1414823
1414823
1414823
1414823
1414823
1412463
1412463
1412463
1412943
1412607
1412607
1412607
1412607
1412607
1412607
1412113
1413609
1413609
1413609
1413609
1413609
1413609
1413609
1415688
1415688
1415688
1415688
1415688
1415688
1415688
1415688
1415688
1415688
1415688
1415688
1415688
1415688
1418448
1418448
1419405
1420857
1420857
1420857
1421473
1420857
1420857
1423093
1423093
1423093
1423093
1423093
1423093
1423093
1423093
1423093
1423093
1423093
1423093
1423093
1423093
1423093
1423093
1423093
1423093
1423093
1424469
1424469
1424469
1424469
1424469
1425085
1425085
1425085
1425565
1425565
1425565
1425565
1425565
1431205
1431205
1431205
1431205
1431685
1431685
1431685
1431685
1431685
1431685
1431685
1431685
1431475
1431475
1431475
1431475
1431475
1431475
1431475
1431475
1431475
1431475
1429396
1429606
1429606
1429606
1429606
1429606
1428806
1428806
1428806
1428806
1430182
1430182
1430182
1430182
1430182
1430182
1430182
1430182
1430182
1430182
1429840
1429840
1429840
1429840
1429868
1429868
1429252
1429252
1429252
1429252
1429252
1428758
1427306
1427306
1427306
1427306
1427306
1427306
1427306
1428802
1428904
1428904
1428694
1428694
1428694
1428694
1427737
1427737
1426937
1426937
1425561
1421433
1421433
1421433
1421433
1421433
1421433
1420704
1420704
1420704
1420704
1420704
1420704
1420704
1420704
1420704
1419328
1419328
1419328
1417876
1417876
1417876
1411408
1411408
1411408
1411380
1411380
1411380
1408620
1408620
1408620
1411884
1411884
1411884
1411884
1411884
1411884
1411884
1411884
1411884
1411884
1411884
1411884
1411884
1411884
1411884
1411125
1411125
1408955
1408955
1409165
1409165
1409165
1409165
1409165
1409165
1409165
1409165
1409165
1408190
1408190
1407574
1407574
1406320
1406320
1406320
1406320
1406320
1406320
1406320
1406320
1407772
1407772
1407772
1407772
1407772
1407772
1406320
1406320
1406320
1406320
1406814
1406814
1406814
1406814
1409174
1410131
1410131
1410131
1410131
1410131
1410131
1410131
1410747
1410747
1410747
1410747
1410747
1410747
1410747
1410747
1410747
1410747
1410747
1410747
1410747
1410747
1410747
1410747
1410537
1410537
1410537
1410747
1410747
1410747
1410747
1410747
1410747
1410747
1410747
1410747
1410747
1410747
1410747
1410747
1410747
1410747
1410747
1410747
1414907
1416359
1416359
1416359
1416359
1416359
1416359
1419649
1419649
1419649
1419649
1419649
1419649
1419649
1421728
1421112
1421112
1421112
1421112
1423704
1420162
1420162
1420162
1415710
1415710
1415710
1415710
1415710
1415710
1415710
1414951
1419079
1419079
1419079
1419079
1419079
1419079
1419079
1412611
1412611
1414971
1414971
1418107
1418107
1418209
1418209
1418209
1418209
1418209
1418209
1418209
1418209
1418209
1418209
1418209
1419009
1419009
1419009
1419009
1419009
1417557
1417557
1417557
1417557
1417557
1418811
1420263
1420263
1420263
1420263
1417903
1417903
1417903
1417903
1417903
1417903
1417903
1411435
1411435
1406039
1399664
1399664
1399664
1407784
1407784
1407784
1407784
1407784
1407784
1407784
1407784
1407784
1407290
1407290
1406036
1406036
1407388
1407388
1407388
1407388
1409748
1409748
1409748
1409748
1409748
1409748
1409748
1409748
1409748
1409748
1409748
1409748
1409748
1409748
1409748
1409748
1409748
1409748
1409748
1409748
1409748
1409748
1409254
1409254
1409254
1410414
1410414
1410414
1410414
1410414
1406872
1406872
1406872
1406872
1406872
1406872
1406872
1406872
1406872
1406872
1406872
1406872
1406872
1406872
1406872
1406872
1406872
1406872
1406113
1406113
1402977
1405147
1405147
1405147
1405147
1405763
1405763
1405763
1405034
1405034
1405034
1406486
1406486
1406486
1406486
1406486
1406486
1406486
1406486
1406486
1406486
1406486
1406486
1406486
1406458
1406458
1406458
1406458
1406458
1406458
1406458
1406458
1406458
1406458
1404098
1404098
1404098
1404098
1404098
1404098
1404098
1404098
1404098
1404098
1404098
1404098
1404098
1404098
1404098
1404098
1407388
1407388
1405936
1405936
1407288
1407078
1407078
1404318
1404318
1404318
1404528
1404528
1404528
1404528
1404528
1403152
1403152
1403152
1403152
1403152
1403152
1403152
1407727
1407727
1407727
1407727
1407727
1407727
1407727
1407727
1407727
1407727
1410863
1410863
1410863
1410863
1410863
1410863
1410863
1410863
1410863
1410863
1410863
1410863
1410863
1409906
1411160
1411160
1411160
1412117
1412117
1412117
1412117
1417085
1417085
1417085
1417085
1417085
1417085
1417085
1417085
1417085
1417085
1417085
1417085
1417085
1415831
1415831
1415831
1415831
1416325
1416325
1416427
1416427
1416427
1416427
1416427
1415173
1417409
1417409
1417409
1417409
1417409
1417409
1417307
1415331
1414851
1414851
1414851
1414851
1414851
1414851
1414851
1414851
1414851
1414851
1414851
1419303
1419303
1419303
1414335
1414335
1413841
1410299
1410299
1411099
1411099
1411099
1411099
1411099
1405249
1405249
1405249
1404089
1404089
1402593
1402593
1401636
1401636
1401636
1401636
1401636
1400496
1399120
1399120
1399120
1399120
1399120
1396760
1394590
1394590
1394590
1394590
1394590
1394590
1394590
1396042
1396042
1396042
1396042
1396042
1392906
1391454
1391454
1391454
1391454
1401654
1405196
1405196
1405196
1405196
1404467
1413667
1408167
1408167
1408167
1407687
1407687
1405608
1405608
1405608
1405608
1405608
1405608
1404992
1404992
1406368
1406368
1406368
1406368
1406368
1406368
1406368
1406368
1403078
1403078
1403078
1403078
1403078
1402349
1402349
1402349
1402349
1402349
1402349
1402349
1400897
1400897
1400897
1400897
1400897
1400168
1400168
1402928
1402928
1402928
1400303
1400303
1400303
1400303
1400303
1400303
1400303
1406491
1406491
1406491
1406491
1406491
1407448
1407658
1407658
1407658
1407658
1407658
1405198
1399948
1400677
1400677
1397387
1397387
1397387
1397387
1397387
1397387
1397387
1391012
1391012
1404116
1404116
1399956
1400572
1401066
1401066
1405226
1404269
1404269
1404269
1405409
1405409
1407869
1407869
1407253
1405757
1405757
1405757
1405757
1405757
1405757
1405757
1401305
1388201
1387707
1395827
1396784
1396784
1396784
1399592
1399592
1399592
1396328
1399592
1399592
1399592
1398863
1399592
1399592
1399592
1399592
1399620
1399620
1403780
1404737
1404737
1404737
1403577
1403577
1405029
1405029
1407489
1407489
1407489
1407489
1407489
1407489
1407591
1407591
1407591
1407591
1407563
1407563
1407563
1412531
1412531
1412429
1409969
1410449
1413257
1413257
1412300
1412300
1412300
1412300
1413029
1410569
1410569
1410597
1411213
1411213
1411213
1411213
1412170
1412170
1412170
1412198
1412198
1412198
1412198
1412198
1412198
1412198
1412198
1409390
1409390
1412932
1413661
1413661
1413661
1414155
1414155
1414155
1414155
1414155
1414155
1414155
1414155
1412659
1412659
1412659
1408691
1408691
1408691
1397167
1397167
1398619
1398619
1398619
1397243
1393275
1393275
1393275
1389985
1389985
1389985
1389985
1389985
1389985
1389985
1394145
1394145
1394145
1394145
1394145
1390603
1389803
1389803
1389803
1389011
1389011
1389011
1388219
1388219
1388219
1388219
1388219
1394483
1394483
1394483
1394483
1394483
1395458
1395458
1395458
1394318
1394318
1394318
1394290
1394290
1394290
1397554
1397554
1398034
1398034
1397305
1397641
1397641
1397641
1397641
1397641
1396481
1391906
1391906
1390766
1390766
1390766
1390766
1390766
1390766
1393526
1394285
1394285
1394285
1393125
1393125
1393125
1393125
1392396
1392396
1392396
1392396
1392396
1392396
1392738
1392738
1392738
1392840
1392840
1392840
1392840
1392840
1390480
1390480
1388401
1387025
1387025
1387025
1387025
1387025
1387025
1388401
1388401
1388401
1389541
1389541
1387181
1389260
1389260
1389260
1389260
1389260
1389260
1389260
1389260
1389260
1389260
1389260
1385970
1385970
1372290
1385970
1385013
1385013
1383637
1385716
1385100
1385100
1385100
1384484
1384484
1382024
1382024
1382024
1382024
1381049
1382425
1382425
1382425
1384504
1384504
1384504
1384504
1384504
1384504
1384504
1384402
1384374
1389770
1387310
1390600
1390600
1385100
1390560
1390560
1397028
1397028
1397028
1397028
1397028
1397028
1397028
1397028
1397028
1397028
1397028
1397028
1397028
1397028
1397028
1397028
1397056
1398310
1398310
1398310
1399110
1399590
1399590
1399590
1400084
1400084
1400813
1400813
1396653
1397907
1397907
1398707
1398707
1398707
1398707
1406855
1406855
1406855
1408207
1408207
1408207
1408207
1408207
1408207
1408207
1408207
1408207
1408207
1408207
1408207
1408207
1408207
1408207
1408207
1408207
1405747
1405747
1405747
1400107
1401082
1401082
1400282
1400282
1400282
1400282
1400282
1400282
1400282
1400282
1400282
1400282
1400072
1400072
1400072
1400282
1401734
1401734
1401734
1401734
1401734
1401734
1401734
1404094
1404094
1404094
1404094
1403884
1402532
1402532
1402532
1402532
1402532
1402532
1402532
1402532
1402532
1401803
1401803
1401803
1401803
1401803
1401803
1400846
1400846
1407314
1405338
1405338
1405338
1405338
1405338
1405338
1405338
1405338
1406714
1406714
1406714
1406714
1406714
1406714
1406714
1406714
1406714
1406714
1406714
1406714
1406098
1406098
1412362
1412362
1411108
1416076
1410616
1410616
1410616
1410616
1410616
1410280
1407016
1404256
1405708
1405708
1406665
1406665
1406665
1406665
1406665
1405411
1405411
1405411
1407490
1407490
1407490
1407490
1407490
1407490
1408219
1408219
1408219
1408009
1408009
1408009
1408009
1406633
1406139
1406139
1406139
1406139
1406139
1406139
1406633
1406633
1406633
1409393
1410769
1410769
1410769
1410769
1410769
1410769
1410769
1410769
1410769
1410769
1410559
1410559
1410559
1410769
1410769
1412848
1412848
1414224
1415024
1415024
1415024
1415024
1415024
1415024
1415024
1415024
1415024
1415234
1415234
1415234
1415234
1415234
1415234
1415234
1414898
1414898
1411478
1411478
1415638
1415638
1415638
1415638
1415638
1415638
1415638
1415638
1415638
1415638
1415638
1415638
1415638
1415638
1416892
1416892
1416892
1416892
1413350
1413140
1413140
1413140
1413140
1413140
1413140
1413140
1413140
1413140
1413140
1413140
1406672
1411124
1410508
1410508
1410508
1410508
1410508
1412678
1412678
1412678
1410599
1410599
1410599
1410599
1410599
1410599
1410599
1410599
1410599
1410599
1410599
1409147
1410499
1409699
1409699
1410859
1409483
1409483
1409483
1409483
1408683
1417643
1417643
1417643
1417643
1415407
1415407
1412143
1412143
1411384
1411384
1411692
1408272
1408272
1408272
1407936
1407936
1407936
1407936
1407936
1408272
1408272
1408272
1408062
1408062
1408062
1408034
1408034
1406538
1406538
1406538
1406538
1406538
1406538
1406058
1404706
1404706
1407066
1407066
1407066
1407066
1407066
1407066
1407066
1404987
1404987
1404987
1404987
1406127
1406127
1406127
1407084
1407084
1403664
1403664
1403664
1403664
1403664
1404000
1399872
1399072
1399072
1398578
1398578
1398578
1398578
1396118
1394864
1394864
1394072
1394072
1394072
1394072
1394072
1394072
1394072
1394072
1394072
1394072
1394072
1395524
1395524
1395524
1395524
1396900
1396872
1396872
1396872
1397829
1397857
1397857
1397857
1395397
1395397
1395397
1395295
1395505
1395505
1396665
1396665
1396665
1396665
1396665
1395708
1395708
1395708
1395708
1395708
1395708
1395708
1392900
1392900
1393002
1393002
1393002
1393002
1393002
1393002
1393002
1396544
1396544
1396544
1397024
1397024
1397981
1397981
1397981
1397981
1397981
1397981
1397981
1398781
1400277
1400277
1400277
1400277
1400277
1403413
1403413
1404370
1404370
1407520
1407520
1407520
1407520
1407520
1407520
1407520
1407520
1407856
1407884
1407884
1407884
1414352
1414352
1415309
1415309
1415309
1415337
1415337
1415337
1415337
1418627
1418627
1421087
1421087
1423447
1423447
1423447
1423447
1423475
1423475
1423475
1427017
1427017
1427017
1427017
1427017
1427017
1427017
1428469
1428469
1428469
1428469
1428469
1428469
1428469
1428469
1428469
1428469
1428469
1428469
1428469
1429198
1429198
1429198
1428469
1428469
1430929
1430929
1430929
1430929
1430929
1430929
1430929
1430929
1430929
1426801
1426801
1429937
1434512
1434410
1434410
1434410
1434410
1434410
1422797
1422797
1422797
1422797
1422797
1422797
1422797
1422797
1422797
1422797
1422797
1422797
1421345
1421345
1421345
1423805
1423805
1422645
1422645
1422645
1422645
1419355
1419355
1419355
1417903
1417903
1417903
1417903
1417903
1417903
1418519
1418547
1418547
1418547
1417195
1418152
1418152
1418152
1417672
1417672
1417672
1417672
1418832
1418832
1418832
1418832
1418832
1418832
1417875
1417875
1417875
1417875
1417875
1417875
1417875
1417875
1419035
1419035
1419035
1419035
1419035
1419035
1419035
1419035
1419035
1419035
1420175
1420175
1420175
1420175
1420175
1421671
1421671
1421671
1408567
1408567
1403317
1403317
1403317
1404117
1404117
1404117
1405277
1405277
1405487
1407566
1407566
1407566
1407566
1407566
1407566
1407566
1407566
1407566
1407566
1407566
1407566
1407566
1407566
1409645
1409151
1409151
1407991
1407991
1408607
1408607
1408607
1408607
1408607
1408607
1408607
1408607
1408607
1408607
1408607
1403147
1403147
1403147
1403147
1403147
1403147
1403147
1404122
1404122
1406201
1403965
1403965
1403965
1404445
1404445
1404445
1404343
1404343
1404133
1404133
1404133
1404133
1404133
1404133
1404133
1404133
1404133
1404133
1397869
1397869
1397869
1397767
1397767
1397767
1397767
1397767
1391503
1391503
1391503
1391503
1390051
1390051
1390387
1389430
1386622
1388982
1388982
1388982
1384530
1384530
1379134
1379134
1379134
1379134
1379134
1377758
1378733
1378733
1361093
1361093
1361093
1367468
1367468
1366668
1364844
1364844
1364844
1364844
1364844
1364844
1364742
1364742
1364714
1360139
1360111
1360111
1360111
1364271
1364271
1365623
1365521
1365521
1365521
1365521
1365419
1365419
1365419
1365419
1369579
1369579
1366159
1366159
1367413
1367413
1367441
1367441
1368241
1368241
1368241
1368241
1368241
1369617
1369617
1369617
1367538
1366581
1366581
1366581
1366581
1366581
1366581
1367741
1372709
1372709
1368257
1367003
1367003
1367003
1367003
1367003
1370545
1370545
1369049
1369049
1369049
1370501
1370501
1370501
1370501
1370501
1370501
1370501
1370501
1370501
1370501
1370711
1370711
1370711
1370711
1370711
1370711
1370711
1374679
1374679
1374679
1374679
1374679
1374063
1376423
1375263
1373287
1373287
1373287
1373287
1373287
1373287
1373287
1373287
1368940
1366580
1366580
1366608
1366608
1366608
1366916
1366916
1367396
1367396
1366044
1369586
1369586
1369586
1369586
1369586
1369586
1369586
1369586
1369586
1369586
1369586
1369586
1369586
1369586
1369586
1369586
1368857
1368857
1371217
1371217
1371217
1371217
1371217
1371217
1371217
1371217
1371217
1371217
1371217
1371697
1371697
1371697
1371697
1371697
1371697
1373049
1373049
1373049
1373049
1373049
1373049
1373049
1373049
1374425
1374425
1374425
1374425
1374425
1374425
1375154
1375154
1375154
1375154
1375154
1375154
1375154
1375154
1375154
1375154
1375154
1377614
1377614
1377614
1377614
1377614
1377614
1377614
1377614
1377614
1376118
1376118
1376118
1377470
1377470
1377470
1373018
1373018
1373018
1373018
1373018
1373018
1373018
1371858
1371858
1371858
1380006
1380006
1380006
1380006
1380006
1384134
1375174
1380424
1380424
1380424
1381678
1381678
1380326
1380326
1380298
1376878
1376878
1372718
1372718
1372718
1372718
1372224
1380372
1380372
1380372
1380866
1404356
1404356
1404356
1401596
1414298
1413569
1413569
1414544
1414544
1414544
1414544
1414544
1414544
1414544
1414544
1414544
1414544
1414544
1413815
1413015
1412521
1412521
1412521
1412521
1412521
1412521
1412521
1411905
1411905
1411905
1411905
1410745
1410745
1407325
1407325
1407325
1415473
1418281
1418281
1418281
1418281
1413313
1413313
1413313
1412833
1412833
1412833
1412833
1412833
1412833
1412833
1412833
1412833
1412833
1412833
1412833
1412833
1412033
1411304
1409134
1409134
1410388
1410388
1409659
1409659
1409659
1409659
1410275
1410275
1410275
1410275
1410275
1408899
1408899
1408899
1406307
1406307
1400667
1400667
1399291
1399291
1399291
1399291
1399291
1399291
1399291
1399291
1399291
1399291
1399291
1399291
1386742
1386742
1383200
1383200
1383200
1383200
1383200
1383200
1384340
1383200
1383200
1383536
1383536
1383536
1377896
1377896
1377896
1377896
1377896
1377896
1377896
1377896
1377896
1377896
1377896
1377896
1383536
1383536
1383536
1383536
1383508
1383508
1383508
1383508
1384267
1384267
1384267
1384267
1384267
1384761
1384761
1384761
1384659
1384659
1384659
1384659
1383702
1383702
1383702
1383702
1379127
1375159
1372567
1371767
1371767
1371767
1371977
1372471
1372471
1372471
1367503
1367503
1370639
1370639
1370639
1371596
1371596
1371596
1371596
1371596
1371596
1373572
1374826
1376278
1376278
1376278
1376278
1377078
1377078
1377078
1375824
1375824
1375824
1375824
1375824
1375824
1375824
1375824
1375824
1375824
1375824
1375824
1380792
1380792
1376217
1373081
1373081
1373081
1373081
1373081
1373081
1373081
1373081
1373081
1373081
1373081
1372124
1372124
1372124
1372124
1372124
1372124
1372124
1372124
1372124
1373081
1373081
1373081
1373081
1373081
1373081
1372322
1375612
1376106
1376106
1375612
1375612
1375612
1375612
1375612
1375612
1376964
1376964
1376964
1376964
1376348
1376348
1376348
1376348
1376348
1376348
1376348
1376348
1376348
1371098
1371098
1371714
1374474
1374474
1374474
1374474
1374474
1374474
1374474
1374474
1382622
1382622
1382622
1382724
1382724
1386144
1388952
1388952
1388952
1388952
1388952
1388952
1387995
1387995
1387995
1387995
1388795
1388795
1388795
1388795
1388795
1388795
1388036
1388064
1388064
1388823
1388823
1388823
1388823
1388823
1388823
1388823
1388823
1388823
1388823
1388823
1388823
1388823
1388823
1388823
1386463
1388699
1388699
1390151
1395119
1395119
1397479
1397479
1399839
1399839
1399839
1399839
1399839
1399839
1398699
1398699
1398699
1398699
1398699
1398699
1398699
1398699
1398699
1398699
1398699
1398699
1398699
1398671
1398671
1398671
1398671
1398671
1398671
1398671
1398671
1398671
1398671
1398671
1398671
1398671
1398671
1398671
1395381
1395381
1389921
1402321
1414870
1409020
1409020
1409020
1409020
1409020
1409020
1409020
1409020
1397407
1397407
1396927
1394335
1394335
1394335
1394335
1397755
1396595
1396595
1396595
1396697
1396697
1398073
1400665
1400665
1400665
1401159
1400359
1400359
1398983
1405247
1405247
1405247
1405247
1405247
1408789
1410241
1410241
1413661
1413661
1413661
1416021
1416021
1413661
1419301
1424697
1424697
1424697
1424697
1424697
1424697
1424697
1424697
1424697
1424697
1422237
1423613
1428581
1428581
1426221
1426221
1426221
1426221
1426221
1426221
1426221
1426221
1426221
1428391
1428391
1427015
1427015
1421555
1421555
1421555
1422695
1416227
1416227
1416227
1416227
1416227
1414731
1409231
1409231
1409231
1409231
1409231
1403183
1398215
1398215
1392027
1389791
1390591
1390591
1393855
1393855
1393855
1397983
1397983
1396531
1396531
1396531
1396531
1399339
1399339
1399339
1399339
1402629
1402629
1402629
1402629
1402629
1403586
1403586
1403586
1403586
1404315
1404315
1405767
1405038
1405038
1405654
1405654
1405654
1405654
1405654
1405654
1405654
1405654
1405654
1407106
1407106
1407106
1407906
1410266
1410266
1410266
1410266
1410266
1410266
1411642
1411642
1411642
1411642
1411026
1411026
1411026
1411026
1411128
1411128
1411128
1411128
1411128
1420088
1420088
1418928
1421288
1421288
1421288
1421288
1424048
1423946
1419371
1419371
1419371
1419371
1420747
1420747
1420747
1420747
1420747
1420747
1421547
1422163
1422163
1422163
1422163
1422163
1422163
1422163
1422163
1422163
1422163
1422163
1422163
1422163
1422163
1422061
1422061
1422061
1422790
1422790
1422790
1421630
1421630
1419654
1419654
1419654
1418278
1418278
1418278
1418278
1418278
1418278
1422625
1422415
1422625
1422625
1422625
1422625
1422625
1422625
1422625
1422625
1422625
1422625
1422625
1422625
1422625
1425915
1425915
1425915
1425915
1425915
1430883
1430883
1430883
1430883
1430883
1430883
1430883
1422735
1423215
1423215
1423215
1423215
1423215
1423215
1423215
1423215
1423215
1423215
1423215
1423215
1423944
1423944
1423944
1423944
1423944
1423944
1423944
1423944
1423944
1423944
1423944
1423944
1423144
1423144
1423944
1423944
1423944
1423944
1423944
1423944
1423944
1423944
1423944
1422784
1420705
1420705
1420705
1422784
1417388
1417388
1416431
1416431
1416431
1416431
1416767
1416767
1416767
1414688
1414688
1414688
1414688
1412609
1404489
1404517
1404517
1405217
1405217
1405217
1405217
1405217
1405217
1405217
1405217
1405217
1405217
1405217
1406192
1406192
1406192
1412567
1412567
1412567
1412567
1412567
1412567
1412567
1412567
1414019
1414019
1414019
1414019
1414019
1414019
1414019
1414019
1414019
1414513
1413556
1413556
1413556
1412940
1412940
1421088
1421088
1421088
1420608
1419156
1419156
1419156
1419156
1419156
1419156
1419156
1419156
1419156
1419156
1419156
1419156
1419156
1419156
1419156
1417077
1417077
1417077
1418237
1418237
1418237
1418237
1418237
1414695
1414695
1414695
1414695
1414695
1414695
1414695
1417155
1417155
1417155
1417155
1417155
1417155
1417155
1417155
1417155
1416813
1416813
1416813
1416813
1416813
1416813
1416813
1416813
1416813
1416813
1416813
1416813
1416813
1416813
1416813
1416813
1417023
1417023
1417023
1417023
1417023
1417023
1415883
1415883
1415883
1415883
1429563
1429069
1429069
1435333
1434604
1434604
1434604
1434604
1436056
1436056
1436056
1435954
1435954
1435954
1434502
1434502
1434502
1431212
1427922
1427922
1423762
1423762
1423762
1436038
1436038
1436038
1436038
1436038
1436038
1436038
1438274
1439626
1439626
1440766
1440766
1440766
1440766
1440766
1440766
1440766
1441566
1441594
1441594
1441594
1441594
1441384
1441384
1441384
1441384
1441384
1441384
1441384
1441384
1441384
1441384
1441384
1441384
1441720
1441720
1441720
1441720
1441720
1442520
1442520
1442520
1442520
1442520
1442520
1442520
1442520
1442520
1442520
1442730
1442730
1442730
1442730
1442730
1442730
1442730
1442730
1442730
1442730
1442730
1442730
1442730
1442730
1442730
1442730
1442730
1442730
1442730
1442730
1442730
1442730
1442758
1442758
1445218
1445218
1445218
1445218
1445218
1445218
1445218
1445008
1445008
1445008
1445008
1444672
1444672
1444672
1445926
1445926
1443690
1443690
1443690
1443690
1442550
1442550
1442550
1442550
1442550
1442550
1442550
1442550
1442550
1442550
1443507
1443507
1443507
1443507
1443507
1443507
1443507
1443507
1442347
1442347
1442347
1442347
1440895
1440401
1440401
1439921
1439921
1439949
1439949
1439949
1439949
1439949
1439949
1439949
1440749
1440749
1439495
1439495
1439495
1439495
1438119
1437639
1437639
1432243
1433383
1433383
1433383
1433383
1433383
1433383
1433383
1432903
1432903
1432903
1432903
1433519
1433519
1430229
1430229
1433037
1433037
1433037
1433037
1432557
1432557
1432557
1431303
1431303
1431303
1431303
1431303
1431303
1431303
1423183
1423183
1423183
1422043
1422043
1419873
1417794
1417794
1414530
1420794
1420794
1420794
1420794
1420794
1412016
1413468
1413468
1413468
1413468
1411298
1411298
1411298
1413377
1413377
1413377
1413377
1412402
1412402
1412402
1412402
1412402
1412402
1411242
1411242
1408882
1402414
1402414
1402204
1407704
1407704
1407704
1407704
1407704
1407704
1407704
1407704
1407704
1407704
1407704
1407704
1407704
1413752
1413752
1413752
1413752
1413752
1413752
1413752
1413752
1408356
1407102
1407582
1407582
1407582
1403422
1403422
1403422
1403422
1401186
1402143
1402143
1404313
1404313
1404313
1403584
1403584
1403584
1403584
1409848
1409848
1409848
1409848
1409848
1409848
1409848
1409048
1395368
1394568
1395327
1395327
1395327
1395327
1395327
1395327
1395327
1395327
1395327
1396056
1396056
1396056
1398135
1398135
1401425
1402585
1402585
1402585
1402585
1402585
1402585
1402585
1402585
1402585
1402585
1401610
1406860
1406060
1406676
1408755
1408755
1412915
1412915
1412915
1412915
1412186
1412186
1410734
1410734
1410734
1410734
1415984
1415984
1415984
1415984
1415984
1415984
1415984
1415984
1416464
1416464
1416464
1416464
1416464
1416464
1418440
1418440
1418440
1418440
1418440
1415020
1415020
1415514
1413278
1413278
1413278
1413278
1413278
1414037
1414037
1414037
1414653
1414159
1409191
1408234
1408234
1408234
1406858
1405406
1405886
1406380
1407756
1407756
1407756
1407756
1410116
1410116
1410116
1410116
1410116
1410116
1410116
1410116
1410116
1410116
1401968
1401968
1401968
1403420
1403420
1402691
1402691
1402691
1402691
1402481
1402481
1403833
1403833
1403833
1403833
1403833
1404633
1404633
1410273
1410273
1410273
1410273
1410273
1410273
1410273
1410273
1410273
1410273
1410273
1410273
1410273
1410273
1410483
1410483
1410483
1410483
1411212
1411212
1411212
1398663
1398663
1396584
1396584
1396584
1396584
1395627
1395627
1395627
1395627
1395627
1397706
1397706
1394946
1394946
1392710
1392710
1392710
1392710
1391390
1391390
1391600
1391600
1391600
1391600
1388310
1388310
1388310
1388310
1388310
1388310
1383858
1383858
1381688
1383924
1392072
1392072
1392072
1393029
1393029
1393029
1394169
1394169
1394169
1394169
1394169
1394169
1394169
1394169
1391577
1391577
1391083
1391083
1391083
1389829
1388509
1388509
1390485
1390485
1398605
1400057
1400057
1400057
1400057
1402033
1402033
1397873
1397873
1397873
1397873
1392233
1392233
1392233
1392233
1392023
1390883
1392043
1391941
1391941
1380328
1381824
1381824
1381796
1381796
1381796
1381796
1381796
1381796
1381796
1381796
1379336
1375794
1378554
1378554
1378554
1378554
1378554
1373054
1372952
1378452
1378452
1378452
1380531
1384983
1384983
1380015
1375563
1367443
1368172
1368172
1368382
1368382
1367006
1367006
1368146
1368146
1368146
1368146
1368146
1368146
1368146
1368146
1368146
1368146
1368146
1368146
1369522
1369522
1369522
1369522
1369522
1369522
1369522
1369522
1370898
1370404
1370404
1370404
1371361
1371361
1369985
1369985
1369985
1369985
1369985
1369985
1370195
1370195
1370195
1370195
1370195
1369985
1369985
1369985
1369985
1369985
1369985
1369985
1369985
1369985
1369985
1369985
1369985
1369985
1369985
1369985
1369985
1369985
1369985
1369985
1369985
1369985
1372064
1372064
1370904
1370904
1370932
1370932
1370932
1370932
1376782
1375286
1376086
1376086
1371926
1371926
1371926
1371926
1371926
1371926
1371926
1371926
1371926
1371926
1371926
1371926
1377176
1377176
1377512
1377512
1377512
1377512
1377512
1377512
1377512
1377512
1377512
1380776
1381576
1381576
1381576
1381576
1381576
1382376
1385136
1387112
1387322
1392718
1392718
1392718
1392718
1394038
1394038
1394248
1394248
1394248
1393632
1393632
1393632
1393632
1393632
1393842
1393842
1393842
1393842
1393842
1393842
1393842
1393842
1393842
1393842
1393842
1393842
1393842
1393842
1393842
1394799
1394799
1394799
1394799
1394799
1394799
1394799
1395415
1395415
1401883
1401883
1401883
1401883
1401083
1401083
1401083
1401083
1401083
1401083
1401083
1401083
1401083
1401083
1401083
1401083
1400775
1400775
1398539
1398539
1398539
1398539
1398539
1398539
1396541
1394462
1390920
1390920
1390920
1390120
1390018
1393560
1393560
1393560
1393560
1393560
1389400
1389400
1389400
1392690
1393647
1393647
1393647
1393647
1396455
1396455
1396455
1396455
1397184
1397184
1396227
1396227
1402695
1403424
1403424
1405884
1405884
1405884
1405884
1405884
1405884
1405884
1405884
1405155
1401187
1401187
1401187
1401187
1401187
1401187
1401187
1401187
1401916
1401916
1401916
1388812
1391620
1391620
1391126
1391126
1391126
1391126
1391742
1391742
1391742
1391742
1391126
1391126
1391126
1391462
1391490
1391490
1386915
1386915
1386915
1386915
1386915
1386915
1392375
1392375
1392375
1391235
1391235
1385595
1385595
1385595
1388355
1388355
1388355
1388355
1388355
1388355
1388355
1388355
1388355
1388355
1388355
1388355
1388697
1387321
1391773
1391773
1391773
1391773
1391773
1391773
1388231
1388231
1388231
1388231
1394699
1394699
1390539
1390539
1390539
1390539
1390539
1390539
1389379
1389379
1389379
1389995
1390205
1390177
1390177
1390177
1391629
1391629
1391629
1391629
1391629
1390177
1390906
1390906
1390906
1390906
1390696
1390696
1390696
1390696
1390696
1390696
1393288
1393288
1393288
1394448
1394448
1394448
1394476
1394476
1394476
1394476
1394476
1394476
1394476
1394970
1395927
1395927
1395927
1395927
1395927
1395927
1395927
1395927
1395927
1395927
1395927
1395927
1395927
1395927
1395927
1395927
1397303
1398032
1394742
1394742
1394742
1393767
1393767
1393767
1393767
1393767
1393767
1393767
1392271
1392271
1392271
1392373
1392373
1391119
1391119
1391119
1391119
1391119
1393198
1393198
1393198
1393198
1392718
1392718
1392718
1392718
1387750
1387750
1387750
1387750
1387750
1387750
1387750
1386950
1378802
1379561
1373186
1373186
1373186
1371734
1371398
1371398
1371398
1370639
1370639
1370639
1370639
1370611
1370611
1357909
1357909
1357909
1357909
1357909
1357909
1357909
1357909
1355449
1354289
1354783
1356159
1360611
1360611
1368759
1368030
1366654
1365679
1366015
1366015
1366015
1366015
1366015
1363425
1362809
1362809
1353849
1353849
1354989
1354887
1341207
1338847
1338847
1338847
1338847
1344307
1345683
1345683
1346640
1349000
1349000
1352264
1354240
1354240
1354240
1355215
1356567
1359327
1359327
1359327
1359327
1359327
1360779
1360779
1360020
1360020
1360020
1360020
1360020
1360020
1353972
1353972
1353972
1353972
1353944
1353944
1353944
1353944
1353944
1353944
1354438
1354438
1354438
1354438
1357246
1357246
1356910
1352850
1347210
1347939
1347939
1346964
1346235
1346235
1346235
1346235
1346235
1350395
1351847
1351847
1352057
1352849
1352849
1352849
1352849
1352849
1352849
1352849
1352849
1358699
1358699
1358699
1358699
1358699
1358699
1358699
1360195
1360531
1361011
1365071
1366028
1366028
1366028
1366028
1366028
1366028
1370188
1370188
1370188
1370188
1370188
1370188
1370188
1370188
1370188
1370188
1370188
1368736
1368736
1368736
1368736
1368736
1368736
1368736
1368526
1368526
1368526
1368526
1368526
1368526
1368526
1368526
1368526
1368526
1369255
1370055
1370055
1371407
1371407
1371305
1371305
1371305
1371305
1368845
1368845
1369461
1369461
1364493
1367253
1367253
1367253
1367253
1367253
1367253
1360878
1360878
1363338
1366880
1367216
1367216
1367216
1367216
1367216
1367216
1372856
1372856
1372856
1372097
1372097
1372097
1372097
1372097
1372097
1372097
1372097
1372097
1369505
1369505
1369505
1369505
1369505
1374473
1373333
1373333
1373333
1373333
1372717
1372717
1372717
1372717
1372717
1372717
1372689
1372689
1372587
1372587
1372587
1372587
1384111
1384111
1384111
1384111
1384111
1384111
1386571
1387711
1387711
1381861
1379625
1377165
1377165
1377165
1377165
1377165
1376208
1375714
1373354
1373354
1373354
1373354
1367714
1361864
1360412
1358052
1356798
1359258
1359258
1358118
1358118
1358118
1358118
1340478
1340450
1332302
1332302
1332302
1332302
1333061
1330982
1330982
1331682
1331682
1333134
1333134
1333134
1333134
1333134
1333934
1333934
1339574
1341026
1341026
1341026
1342402
1342402
1342402
1342402
1342402
1342402
1342402
1342612
1342612
1342612
1342612
1342612
1342612
1342612
1342612
1342612
1343752
1343752
1342952
1342952
1342952
1342952
1342952
1342952
1342952
1342952
1342952
1342952
1342952
1342952
1344404
1344194
1344194
1344194
1344194
1344194
1344194
1344194
1344194
1344194
1344194
1344194
1344194
1344194
1344194
1344194
1344194
1344194
1344194
1343714
1340172
1340514
1339374
1339374
1339374
1339374
1339374
1339374
1339584
1338208
1338208
1338208
1339368
1339368
1339368
1339368
1339368
1341828
1341828
1341828
1343204
1343204
1343204
1343204
1343204
1343204
1345283
1345283
1345283
1345283
1345283
1344789
1344789
1348209
1348209
1348209
1348209
1348209
1348209
1348209
1348209
1348209
1348703
1348703
1348703
1348703
1348703
1348703
1348703
1348703
1348703
1348493
1348493
1347333
1347333
1347333
1347333
1346173
1346173
1346173
1346173
1346201
1346201
1346201
1345244
1346384
1347638
1347638
1347638
1347638
1347638
1347638
1347638
1347638
1347638
1347638
1347638
1347638
1342670
1342670
1342670
1345130
1345130
1345130
1345130
1347209
1347209
1347209
1347209
1347209
1347209
1347209
1347209
1347209
1347209
1345233
1345233
1345233
1345233
1349393
1349393
1346257
1346257
1345003
1345003
1345003
1345003
1345003
1345003
1345003
1345003
1345003
1344793
1344793
1344793
1344793
1344793
1344793
1344793
1345750
1344298
1344298
1337923
1344298
1344270
1344270
1344270
1344270
1344270
1344270
1344270
1340110
1340110
1340110
1338758
1342048
1335580
1335580
1335580
1335580
1335580
1335580
1335580
1334204
1334204
1334204
1334204
1334204
1332950
1332978
1331724
1331724
1331724
1330584
1330584
1329330
1329330
1332872
1332872
1331376
1331376
1331376
1331376
1330401
1330401
1330401
1340601
1341401
1339905
1339289
1339289
1339289
1339289
1339289
1339289
1339289
1339289
1339289
1339289
1339289
1339289
1339289
1339289
1339289
1340018
1340018
1340018
1340018
1336728
1336728
1336728
1332153
1332153
1332153
1329793
1329793
1329793
1329793
1329793
1329793
1329793
1329793
1336261
1336261
1336261
1336261
1336261
1336261
1336261
1336051
1335322
1335322
1335322
1335322
1335322
1334986
1336962
1336962
1337064
1337064
1339234
1336474
1339234
1339234
1344874
1344115
1344115
1344115
1344115
1344115
1345255
1345255
1345255
1344001
1338751
1336159
1330763
1330763
1330455
1330455
1330455
1330455
1330455
1329003
1329003
1329003
1329003
1329003
1329003
1329003
1329003
1329003
1329003
1329003
1329003
1329003
1329003
1329003
1327507
1326131
1326131
1326131
1326131
1326131
1326159
1326159
1327535
1327535
1327535
1327535
1327535
1327535
1327535
1327535
1327535
1327535
1330343
1330343
1330343
1330343
1330343
1330679
1330679
1330679
1330679
1330679
1330679
1330679
1331819
1331819
1336271
1336271
1336271
1336271
1336271
1336271
1336271
1336271
1336271
1336271
1336271
1336271
1341911
1341911
1341883
1341883
1341883
1336243
1336243
1336243
1332701
1332701
1331744
1331744
1327169
1327169
1327169
1327169
1326553
1326553
1325299
1324139
1324755
1324755
1324755
1324755
1324755
1325915
1325915
1325915
1325915
1325915
1324539
1324539
1325514
1325514
1325514
1325514
1325514
1325514
1325514
1327010
1327010
1327967
1327967
1327967
1327967
1327967
1327967
1327967
1330327
1330327
1330327
1330327
1330327
1330327
1329187
1329187
1327108
1327108
1332748
1332748
1332748
1332776
1332776
1330016
1334984
1334984
1334984
1334984
1335194
1335194
1335194
1335194
1335194
1336448
1337248
1337458
1337458
1337458
1337458
1335098
1335098
1335098
1335098
1335592
1334096
1334096
1334096
1336556
1336556
1336556
1336556
1336556
1336556
1336556
1336556
1336556
1336556
1336556
1336556
1336556
1336556
1336556
1336556
1336556
1336556
1330088
1329131
1328515
1328515
1328515
1328515
1341619
1341619
1341619
1345161
1345161
1345161
1344545
1347137
1351265
1363967
1363967
1363967
1363967
1363967
1363967
1363967
1363967
1370435
1370435
1379635
1373167
1373167
1373167
1373167
1373167
1373167
1373167
1373167
1378563
1378563
1378563
1383138
1383138
1383138
1383138
1383138
1383138
1383138
1383754
1383754
1383754
1383754
1382954
1382954
1382954
1382954
1382954
1385714
1386514
1386514
1386514
1386514
1387008
1387008
1387008
1387008
1383588
1383588
1383690
1384490
1384490
1384490
1384490
1385630
1385630
1385630
1385630
1385630
1385630
1385630
1385630
1385630
1385630
1385630
1385630
1385630
1385630
1385630
1385630
1385630
1385630
1385630
1385630
1386430
1386430
1386430
1388890
1389506
1389506
1389506
1389506
1389506
1389506
1389506
1390122
1390122
1390122
1390122
1390122
1390122
1390122
1390122
1390122
1388746
1387250
1388746
1388746
1388746
1388746
1385986
1386480
1381512
1381512
1381512
1381512
1381512
1381512
1385054
1385054
1387133
1387133
1387133
1388629
1388629
1388629
1388629
1388629
1388629
1388629
1388629
1388629
1387177
1387177
1387177
1387177
1387177
1387177
1387387
1387387
1390147
1390147
1390147
1387787
1387787
1387787
1387787
1387787
1387787
1388744
1388744
1388744
1388744
1389998
1389998
1392758
1392758
1392758
1392758
1392758
1392758
1392758
1392758
1391406
1391406
1391406
1392363
1392363
1392363
1392363
1392363
1392363
1392363
1392363
1387395
1387367
1385871
1385871
1385871
1385661
1385661
1392129
1392129
1392129
1392129
1392129
1392129
1392129
1392129
1390989
1390989
1388181
1388181
1386829
1386829
1386619
1387099
1388056
1388056
1388056
1388856
1388646
1388646
1389806
1389806
1389806
1389806
1389806
1390016
1390016
1389536
1389326
1389326
1389326
1384874
1384874
1384874
1384874
1384874
1384874
1382414
1382414
1382414
1382414
1381685
1381685
1381685
1381685
1381685
1381685
1381685
1381685
1381685
1381685
1381685
1381685
1381685
1378265
1378265
1378265
1378265
1378265
1378265
1378265
1378265
1378265
1374105
1374105
1374105
1373489
1373489
1376249
1376249
1376249
1376249
1376249
1376249
1376249
1380824
1380095
1380095
1380095
1380095
1380095
1380095
1380095
1380095
1380095
1380095
1380095
1377735
1377735
1377735
1380095
1381471
1381471
1382200
1383552
1383552
1383552
1383552
1383552
1385912
1385912
1385912
1387264
1387264
1387264
1387264
1387264
1388616
1388616
1388616
1388616
1388616
1388616
1388616
1388616
1388616
1388616
1388616
1388616
1388616
1388616
1388616
1388616
1387264
1387264
1388518
1388518
1388518
1388518
1388518
1388518
1388518
1388518
1389493
1389493
1389493
1389493
1389493
1389493
1388999
1388999
1388999
1388999
1388999
1388999
1388999
1384547
1384547
1384547
1384547
1384547
1384547
1384547
1384547
1384337
1384337
1384337
1384337
1388789
1388789
1388789
1388789
1388789
1388789
1388789
1388789
1388789
1388789
1389746
1389746
1387667
1388147
1388147
1388147
1388175
1388175
1388175
1387200
1387200
1387200
1385121
1385121
1385121
1385121
1385121
1384164
1384893
1383397
1393597
1396189
1396189
1396189
1396189
1396189
1396189
1396087
1396087
1396087
1396087
1396087
1396297
1396297
1396297
1396297
1396297
1395043
1395043
1395043
1391779
1391779
1390525
1390525
1390525
1390525
1390627
1390627
1390627
1390627
1390627
1390627
1390627
1390627
1389307
1389307
1389307
1389307
1393467
1393467
1393495
1390687
1391167
1389913
1389913
1388773
1388773
1388773
1383805
1383805
1385181
1384422
1384422
1376302
1375822
1375822
1375822
1375822
1376522
1376522
1376522
1376522
1376522
1376522
1376522
1379942
1382112
1383608
1383608
1383608
1384748
1384958
1384958
1384958
1387037
1387037
1387037
1387037
1386237
1386237
1386237
1386237
1386237
1386237
1388473
1388473
1387979
1387979
1387979
1387979
1381511
1381511
1381511
1380895
1380895
1380895
1379735
1379735
1379735
1379735
1379735
1370775
1369818
1369089
1367637
1368366
1368366
1369862
1369862
1372098
1372098
1372098
1371996
1371996
1371996
1371996
1371996
1371996
1371996
1371996
1371996
1371996
1371996
1371996
1371996
1371996
1372971
1372971
1370611
1370611
1370611
1370611
1369811
1369811
1368435
1368435
1368435
1368435
1362585
1362585
1364037
1361277
1361277
1359901
1359901
1359901
1359901
1359407
1359407
1359407
1359407
1359407
1359407
1357047
1358543
1358543
1357927
1357927
1357927
1357927
1357447
1357447
1357447
1360711
1361511
1361539
1363618
1363618
1363618
1363618
1363618
1363618
1363618
1364575
1365735
1365735
1365707
1365707
1367943
1367943
1369083
1374051
1374051
1374051
1372911
1374263
1374263
1374263
1372027
1372027
1372027
1372027
1372027
1372027
1372643
1372643
1372643
1372643
1372643
1372643
1372643
1372643
1372643
1371843
1371843
1373922
1373922
1373922
1373922
1361646
1361646
1361646
1361646
1362375
1362375
1362375
1362711
1362711
1362711
1362711
1362711
1362711
1361359
1361359
1361359
1361359
1361359
1361359
1361359
1365706
1365706
1365706
1365706
1365706
1365706
1365706
1365706
1365706
1365706
1365706
1365706
1365706
1365706
1365706
1365706
1365706
1365706
1365706
1365706
1365226
1363774
1362398
1362608
1362608
1362608
1362608
1362608
1364060
1364060
1364060
1364060
1364060
1364060
1362608
1364844
1364844
1364844
1364844
1364844
1364844
1368134
1368134
1368134
1368134
1368134
1362494
1362494
1362494
1360258
1360258
1360258
1360258
1358179
1358179
1358179
1354889
1357059
1357059
1357059
1357059
1357059
1358199
1358199
1358199
1360435
1360645
1360645
1360151
1360151
1360631
1360631
1360631
1360631
1360631
1360631
1360631
1360631
1360631
1360631
1360631
1360631
1360631
1360631
1362083
1360829
1361629
1361629
1361629
1362789
1362789
1362789
1362789
1362789
1362789
1365025
1365025
1365025
1367195
1367195
1367195
1367195
1367195
1367195
1367195
1367675
1367675
1367465
1367465
1369701
1367241
1367241
1367241
1367241
1367241
1367241
1367241
1367241
1367241
1367241
1367241
1367241
1367241
1367241
1367241
1368381
1368381
1373349
1373349
1373349
1373349
1373349
1373559
1373559
1373559
1373559
1373559
1373559
1373559
1374359
1374359
1374359
1375811
1375811
1375811
1375811
1375811
1375811
1375811
1375811
1375811
1375811
1378271
1378271
1378271
1378271
1378271
1378271
1374111
1374111
1374111
1374111
1373154
1376444
1376444
1376444
1376444
1376654
1379014
1379014
1379014
1375724
1377960
1377960
1377960
1377960
1377960
1377960
1377960
1377960
1377960
1377960
1377960
1377960
1380039
1380039
1380039
1380039
1380039
1378879
1378879
1378879
1378879
1378879
1378879
1378879
1378879
1378879
1378879
1378879
1378879
1378879
1378879
1378879
1378879
1378879
1378879
1378879
1378879
1379608
1379608
1379608
1379608
1379608
1380768
1380768
1380768
1380768
1380768
1380768
1378689
1377930
1377930
1378424
1378424
1378424
1378424
1377695
1377695
1377695
1377695
1377695
1377695
1377695
1377695
1377695
1374405
1375901
1373309
1373309
1373309
1373309
1372815
1372815
1372815
1372815
1371463
1371463
1371463
1371463
1371463
1372222
1372222
1372222
1372250
1372250
1372866
1372866
1372866
1372866
1372250
1372250
1372250
1372250
1368122
1362482
1362482
1362482
1362482
1362482
1362482
1358322
1357522
1357522
1357522
1357522
1357522
1357522
1357522
1357522
1357624
1355164
1355164
1355164
1355164
1355164
1355164
1363312
1363312
1363312
1362337
1366497
1366497
1366497
1366497
1366497
1366497
1366497
1360997
1359501
1359501
1359501
1359473
1362737
1362737
1361361
1361361
1361361
1361361
1361361
1361361
1361361
1361361
1361361
1361361
1361361
1361361
1361361
1361361
1361361
1361361
1362521
1362521
1362521
1362521
1363137
1363631
1363631
1365007
1367367
1367367
1367367
1367367
1368621
1368621
1368621
1368621
1368621
1367821
1355119
1354503
1354503
1354503
1348035
1350011
1350113
1350113
1345538
1346858
1347068
1347068
1347068
1347170
1347170
1351298
1351298
1351298
1355873
1355873
1355873
1355873
1355873
1355873
1355873
1355873
1355873
1360841
1360841
1360841
1360841
1360841
1360841
1360841
1360841
1347737
1349233
1350033
1350033
1350033
1350033
1350369
1350369
1347777
1347777
1347777
1347777
1347777
1347777
1347567
1347567
1347567
1339447
1340063
1341515
1342675
1342675
1342675
1342675
1342675
1342675
1340596
1340596
1340596
1340596
1345171
1345171
1345171
1345971
1350131
1350131
1350131
1350131
1350131
1350131
1344491
1344491
1344833
1345808
1345808
1353956
1353956
1353956
1353956
1356416
1356416
1356416
1356416
1360576
1360576
1360576
1360576
1360576
1362936
1362936
1363416
1364868
1370328
1370328
1370822
1370822
1370822
1370822
1370822
1370822
1370822
1370822
1370612
1370612
1370612
1369812
1369812
1369812
1370022
1370022
1370022
1370022
1370022
1370022
1370022
1371182
1371182
1373990
1374719
1374719
1375519
1375519
1374143
1374143
1374143
1373933
1373933
1373933
1373933
1373933
1373933
1373453
1373453
1372293
1372293
1372293
1372293
1372293
1372293
1373093
1373093
1373093
1373093
1373093
1373093
1373709
1373709
1373709
1373709
1373709
1373709
1374509
1374509
1374509
1375125
1375125
1375125
1375125
1375125
1375125
1375125
1375125
1375125
1375125
1375125
1375125
1375125
1374509
1374509
1375763
1375763
1375763
1375763
1375763
1379923
1379923
1379923
1379923
1379923
1379923
1379923
1379923
1379923
1379923
1379923
1379923
1379923
1379923
1379923
1379923
1379123
1379123
1379123
1379123
1376663
1378742
1378742
1378742
1378742
1378742
1379902
1379902
1379902
1381042
1381042
1381042
1379902
1379902
1379902
1379902
1379902
1379902
1379902
1379902
1379902
1379902
1379902
1379902
1379902
1379102
1379102
1378127
1378127
1378127
1378127
1378127
1378127
1378127
1378127
1378127
1378127
1378127
1368927
1368927
1368927
1368927
1368927
1371387
1369151
1369123
1369123
1369123
1369123
1369123
1369123
1369123
1369123
1369123
1370283
1374443
1374443
1371179
1371515
1371305
1373897
1375057
1375057
1375057
1377417
1377417
1372021
1372021
1372021
1372021
1358341
1357612
1357612
1357612
1357612
1357612
1359064
1359064
1359064
1359064
1357904
1357904
1357904
1357904
1357802
1357802
1357802
1357802
1357802
1357802
1357802
1357802
1357802
1357802
1357802
1357802
1357802
1357802
1357802
1357802
1357802
1357802
1357802
1355723
1354347
1354347
1357767
1357767
1357767
1357767
1357767
1357767
1357767
1357767
1361057
1361057
1361057
1361057
1361057
1361551
1361551
1361551
1362927
1362927
1362927
1362927
1366347
1366347
1366347
1366347
1367487
1367487
1367487
1367487
1367487
1367487
1367487
1367487
1367487
1367487
1367487
1367487
1367487
1367487
1367487
1367487
1367277
1367277
1367277
1367277
1367277
1367277
1367277
1367277
1367487
1367487
1367487
1367487
1367487
1367487
1363945
1363945
1363945
1363945
1363945
1362691
1362691
1362691
1362691
1362691
1362691
1362691
1362793
1362793
1362793
1362793
1357825
1357483
1358643
1358643
1358643
1358643
1364143
1369539
1369539
1366403
1366883
1366883
1366083
1364004
1364004
1364004
1364004
1364004
1364004
1364004
1364214
1364214
1364214
1364214
1364214
1364214
1364214
1362762
1362762
1362762
1361310
1361310
1361310
1359858
1359858
1358506
1356146
1362614
1362614
1362614
1362614
1362614
1362614
1362614
1362614
1362614
1362614
1362614
1362614
1362614
1357154
1357154
1357154
1357154
1355778
1356394
1356394
1355900
1355900
1355900
1355872
1355872
1355872
1355872
1356082
1356292
1356292
1359428
1359428
1359428
1359770
1360529
1361981
1361981
1366141
1366141
1366141
1366141
1365931
1365931
1365931
1368691
1368691
1369391
1371470
1371470
1371470
1371470
1374230
1374230
1374230
1374230
1374230
1374230
1374230
1374230
1375390
1375390
1375390
1375390
1375390
1375390
1375390
1375390
1376149
1376149
1376149
1376149
1376149
1376149
1376149
1376149
1376149
1376149
1376149
1376149
1376149
1376149
1376149
1376149
1374697
1374697
1374697
1374697
1374697
1374697
1374697
1376049
1376049
1376049
1376049
1376049
1376049
1376049
1377501
1377501
1377501
1377501
1377501
1377501
1377501
1371313
1375888
1375888
1375888
1375888
1375888
1375888
1375888
1375888
1375888
1373809
1373809
1373809
1372669
1372669
1375294
1375294
1375294
1375294
1375294
1375294
1375294
1375294
1375294
1378836
1378836
1378836
1377676
1377676
1377676
1377676
1377676
1377676
1377676
1367476
1367476
1366747
1368001
1368001
1368001
1368001
1365831
1365831
1365831
1365831
1365831
1365831
1365831
1366041
1368120
1368120
1368120
1368120
1368120
1366041
1366041
1367181
1367181
1367181
1367181
1367181
1367181
1367181
1367181
1367181
1367181
1370601
1370601
1370601
1367181
1367391
1367391
1367391
1367181
1367181
1365927
1365927
1365927
1365927
1365927
1365927
1365927
1369063
1369063
1369063
1369063
1369063
1369063
1369063
1369063
1369063
1369063
1369063
1369063
1369063
1369063
1369063
1369063
1367923
1367923
1367923
1369063
1369063
1369792
1367622
1367622
1366126
1366126
1366126
1371522
1371522
1370763
1370763
1370763
1370763
1370763
1369806
1375656
1375656
1375656
1375656
1377032
1377032
1376303
1376303
1376303
1376303
1376303
1376303
1375823
1375823
1375823
1375823
1379951
1375499
1375499
1375499
1375499
1375499
1375499
1373329
1373329
1373329
1373329
1370569
1370569
1370569
1370569
1370569
1370569
1370541
1369401
1369401
1369401
1369401
1369401
1369401
1369401
1369401
1369401
1369401
1369401
1369401
1369401
1363137
1363137
1359873
1359873
1359873
1359873
1359873
1359873
1359873
1359873
1359873
1358619
1354167
1351931
1351829
1351829
1351727
1352063
1352063
1352063
1352063
1352063
1347903
1347903
1347903
1347903
1347903
1347903
1347903
1347903
1347903
1347903
1347903
1347903
1348519
1348519
1347143
1346414
1339946
1339946
1339946
1339946
1339946
1339946
1339946
1339946
1341922
1341922
1341922
1341922
1341922
1341922
1341922
1348186
1349682
1349682
1349682
1349784
1349784
1349784
1349784
1352409
1352409
1352409
1352409
1352889
1352889
1352889
1352889
1352889
1352889
1354029
1356489
1356489
1356489
1356489
1356489
1356489
1356489
1356489
1356489
1356489
1356489
1357289
1357289
1357289
1357289
1357289
1357289
1357289
1356149
1358385
1357585
1357585
1357585
1357585
1357585
1357585
1357585
1357585
1357687
1357585
1357585
1357585
1357585
1357585
1357585
1357585
1358725
1358725
1355183
1351641
1349281
1349281
1349281
1349281
1350040
1350040
1351392
1351392
1346817
1346481
1345865
1344413
1344413
1344413
1344413
1344413
1344413
1344413
1345573
1344433
1343953
1343953
1343953
1343953
1343953
1341193
1341193
1341193
1341193
1341193
1338057
1338057
1333897
1333687
1333351
1333351
1333351
1333351
1333351
1333351
1333351
1333351
1333351
1332622
1340742
1337934
1337440
1337440
1337440
1337440
1337440
1337440
1336483
1336483
1336483
1336483
1336977
1336977
1336977
1336977
1336177
1336177
1336177
1335841
1335841
1335841
1334345
1334345
1334345
1334961
1334961
1334004
1331244
1331244
1330764
1330764
1330764
1337232
1337232
1337232
1337232
1337232
1337232
1337232
1337232
1337232
1337232
1337232
1335153
1335153
1335153
1334673
1335833
1336169
1336928
1336928
1336928
1336928
1337657
1342625
1342625
1342625
1342625
1342625
1336361
1336361
1336361
1336361
1336361
1334909
1334909
1334909
1334909
1334909
1334909
1334909
1334909
1334909
1334909
1334909
1334909
1335403
1335403
1335403
1335403
1335403
1335403
1335403
1335403
1336019
1336019
1336019
1337515
1337515
1337515
1338244
1338244
1337628
1337628
1337628
1336899
1338251
1338251
1338251
1338251
1335791
1335791
1336748
1335791
1335791
1335791
1335791
1335791
1335791
1335791
1335791
1337143
1337143
1341718
1341718
1341718
1341718
1341718
1341718
1341718
1341718
1341718
1341718
1341718
1342334
1342334
1343588
1343588
1339428
1339456
1339456
1339456
1339456
1338499
1337147
1337147
1337147
1341307
1341307
1341923
1340669
1340669
1340669
1340669
1341005
1341005
1341005
1341005
1339845
1339817
1339817
1337738
1336242
1336242
1336242
1336242
1333882
1333402
1332050
1332050
1332050
1332050
1332050
1332050
1332050
1332050
1330598
1327056
1327056
1327056
1327056
1327056
1327056
1327056
1327056
1326256
1326256
1326256
1326256
1322966
1322966
1322966
1322966
1322966
1322966
1322966
1322966
1322966
1322966
1325326
1325326
1325326
1325326
1325326
1325326
1325820
1325820
1325820
1325820
1325820
1325820
1325820
1325820
1326549
1326549
1326549
1326549
1326549
1325229
1328649
1328649
1328649
1330625
1330625
1330625
1329825
1329825
1329825
1329825
1330319
1330319
1330319
1330319
1330421
1330421
1330421
1325846
1325846
1325846
1325846
1328082
1328082
1328082
1328082
1328082
1328082
1328082
1328698
1328698
1328698
1328698
1329655
1329655
1329655
1329655
1329655
1329655
1329655
1329655
1330815
1330815
1330199
1330199
1330199
1330999
1330999
1330999
1330999
1330042
1330042
1330771
1330155
1330155
1330155
1324905
1324905
1329873
1329873
1329073
1329073
1320113
1320113
1319619
1319619
1319619
1319619
1319619
1319619
1319311
1319311
1318171
1318171
1316795
1316066
1316066
1316066
1316066
1316066
1316066
1316066
1317023
1317023
1317023
1316813
1316813
1316813
1315838
1315838
1315838
1316454
1316454
1316454
1316454
1316454
1316454
1316454
1316454
1316454
1316454
1316454
1317774
1317774
1317774
1317774
1317774
1317774
1317774
1317774
1317774
1317774
1318731
1318731
1318731
1319225
1319225
1319225
1319225
1319225
1319841
1319841
1319841
1319841
1319841
1319841
1319841
1323383
1323383
1324637
1324637
1324637
1324637
1324637
1325366
1325366
1325366
1325366
1325366
1327445
1327445
1327445
1327445
1327655
1327655
1328455
1328455
1328455
1327839
1327839
1327839
1327839
1327839
1327839
1327839
1327839
1327839
1327839
1327839
1327839
1327839
1327839
1327839
1327839
1327839
1327867
1327867
1327067
1327067
1322099
1322099
1322099
1322099
1322099
1322099
1313951
1313951
1313951
1313951
1313951
1313951
1311591
1311591
1311591
1311591
1311591
1311591
1311591
1311591
1310239
1310239
1310239
1316503
1317757
1318557
1318557
1317397
1317397
1317397
1317397
1317397
1317397
1316237
1314885
1314885
1308417
1311553
1309474
1308098
1308098
1306722
1304262
1301454
1304996
1304996
1304688
1303434
1303434
1303434
1303434
1302274
1302274
1302274
1302274
1302274
1302274
1302274
1302274
1302274
1302274
1301658
1301658
1301658
1298116
1298116
1297159
1297159
1297159
1301734
1301734
1304494
1304494
1304494
1304494
1304494
1304494
1301204
1301204
1301204
1301204
1301204
1304494
1304494
1304494
1304494
1304494
1304494
1304494
1304494
1304596
1304596
1304596
1304596
1304596
1304596
1304596
1304596
1304596
1304596
1304596
1304596
1304596
1304596
1304596
1299628
1299628
1299628
1298176
1298176
1299552
1299552
1299552
1287003
1287003
1290293
1290293
1290293
1290293
1290293
1296761
1296761
1297921
1297921
1295461
1295461
1294486
1294486
1294486
1294486
1281784
1281784
1281784
1281784
1285944
1284568
1284568
1284540
1284540
1286776
1286776
1286776
1287392
1287392
1287392
1289562
1288587
1288587
1286508
1286508
1286508
1286508
1282966
1282966
1282966
1282966
1283460
1283460
1283460
1285920
1287999
1287999
1288758
1288758
1290254
1291394
1291394
1291394
1291394
1291394
1291394
1291394
1291394
1291394
1291394
1291394
1291394
1291394
1291394
1291394
1291394
1291394
1291394
1291394
1291394
1292746
1292746
1292746
1292956
1292956
1292746
1294825
1294825
1294825
1294825
1294825
1294825
1294825
1294825
1294825
1294825
1294825
1294825
1295441
1296695
1299155
1299155
1299155
1297076
1297076
1297286
1298426
1298426
1298426
1298426
1297286
1297286
1297286
1295207
1296007
1295979
1295979
1295979
1295979
1294627
1294627
1294627
1291819
1291819
1290443
1290443
1290443
1290443
1289486
1289486
1289486
1289486
1290646
1290674
1290674
1290674
1292753
1292753
1292753
1292753
1292753
1292753
1292753
1292753
1294989
1294989
1294989
1292753
1292753
1292753
1292753
1292753
1292753
1292753
1292753
1294832
1294832
1295312
1295312
1295312
1295312
1295312
1295312
1294172
1294172
1295426
1295426
1287278
1288730
1288730
1288730
1289687
1289687
1290827
1290827
1290827
1290827
1290827
1290827
1290827
1290827
1290827
1290827
1290827
1290827
1290827
1290827
1290827
1289852
1289052
1289052
1289052
1290027
1290237
1290237
1290447
1290447
1290447
1290105
1290105
1295745
1295745
1295745
1295745
1295745
1300197
1308345
1309320
1309320
1309320
1311780
1312580
1312580
1312580
1312580
1312580
1312370
1312370
1309910
1309910
1314485
1314485
1314485
1314485
1323685
1323685
1323685
1323685
1323685
1323685
1319525
1319525
1319525
1319525
1319525
1319525
1320019
1320019
1320019
1320019
1315444
1315444
1319604
1311456
1311456
1311456
1311456
1310004
1310004
1310004
1310004
1315644
1315644
1315616
1315616
1315616
1315616
1315616
1315616
1315616
1315616
1315616
1315616
1316992
1316992
1316964
1315824
1316624
1316624
1316624
1316624
1316624
1316966
1316966
1316966
1316966
1314606
1314606
1311064
1310264
1310264
1310264
1310264
1310264
1310264
1309770
1305802
1305802
1305802
1305802
1305802
1305802
1305802
1305802
1305802
1305802
1305830
1305830
1305830
1305830
1305830
1305830
1297682
1297682
1297682
1292714
1292714
1292714
1292714
1297682
1297682
1297682
1297682
1297682
1297682
1297682
1297682
1297682
1297682
1297682
1299034
1297658
1297658
1297658
1297658
1297658
1297658
1295198
1295198
1295198
1295198
1293822
1293822
1293822
1293486
1298736
1298736
1298736
1298736
1298736
1298736
1298736
1296376
1296376
1296376
1296376
1296166
1296166
1296166
1296166
1296064
1296064
1296064
1296064
1296064
1296064
1295448
1295448
1295448
1294072
1294072
1291712
1291712
1289252
1289252
1282988
1282988
1278020
1278020
1274600
1274600
1274600
1274600
1265640
1265640
1265640
1265640
1269768
1269768
1272128
1269368
1269368
1273336
1273336
1273336
1273336
1273336
1273336
1273336
1274712
1274712
1274712
1276088
1276088
1276088
1281056
1281056
1281056
1281056
1280562
1280562
1280562
1280082
1267682
1267682
1267682
1267682
1254002
1254002
1254002
1254002
1254002
1254002
1247627
1247627
1247627
1245267
1244787
1244787
1244787
1250287
1251639
1260417
1263959
1263959
1263959
1262607
1262607
1262607
1266767
1266767
1266767
1266767
1266767
1265627
1266767
1263503
1263503
1263503
1263503
1263503
1264757
1264757
1264757
1264729
1264729
1264831
1264831
1265991
1265991
1266750
1270040
1275436
1275436
1275436
1275436
1270468
1270468
1268232
1268232
1272684
1272684
1272684
1272684
1272684
1273938
1273938
1273938
1273602
1273602
1273602
1274402
1279370
1279370
1279370
1278570
1278570
1278570
1278570
1278570
1278906
1281142
1281142
1281170
1284434
1284434
1284434
1284434
1284434
1284434
1284434
1284224
1283524
1283524
1283188
1283188
1283188
1283188
1283188
1281934
1281934
1281934
1284170
1284142
1290610
1290610
1290610
1284235
1284235
1284235
1284235
1289631
1266141
1266141
1266141
1266141
1266141
1270593
1270593
1269864
1269966
1269966
1269966
1269966
1269966
1269966
1265391
1265391
1265391
1265391
1265391
1265391
1265391
1263031
1263031
1263031
1263031
1263031
1263031
1261679
1261679
1267075
1267075
1267875
1267875
1268604
1268604
1268604
1270964
1271580
1271580
1271580
1271580
1271580
1271580
1271580
1271580
1271580
1271580
1271580
1271580
1271580
1271580
1271580
1271580
1271580
1271580
1271580
1271580
1272932
1272932
1272932
1272932
1273548
1273548
1273548
1273548
1273548
1273548
1273548
1273548
1269388
1269388
1269388
1269388
1269388
1269388
1269388
1269388
1269388
1269388
1269388
1269388
1269388
1261240
1261240
1262692
1262692
1262692
1262692
1261892
1267742
1271284
1276534
1276534
1276534
1276534
1276534
1278770
1280222
1281674
1281674
1282928
1283264
1283880
1284609
1284609
1284609
1293387
1293387
1293387
1296807
1297764
1297764
1297764
1297764
1297764
1297764
1297764
1297764
1297148
1297148
1297148
1299608
1299608
1299608
1299608
1299608
1300224
1300224
1301024
1301024
1301824
1301824
1301824
1301824
1301824
1301824
1301824
1301824
1301852
1301852
1303012
1303012
1303012
1304388
1304388
1304388
1304388
1304388
1304388
1304388
1304388
1304388
1304388
1304388
1309356
1309356
1309356
1301208
1297918
1297918
1297918
1297918
1296542
1297342
1297342
1297342
1297342
1297342
1298596
1298596
1298596
1298596
1298596
1298596
1299325
1299325
1299325
1299325
1299353
1299353
1299353
1299353
1299353
1299353
1299353
1299353
1299353
1299353
1299353
1299353
1299353
1299353
1299353
1299353
1299353
1299353
1301432
1301432
1304722
1304722
1304722
1304722
1305882
1303803
1303074
1303074
1303074
1303074
1303074
1303074
1303074
1303074
1303074
1303074
1303074
1303074
1303074
1303074
1303074
1303074
1303074
1303074
1303074
1301914
1301914
1301914
1301914
1301914
1301914
1301914
1301914
1301914
1301914
1298624
1298624
1298624
1297464
1296970
1296970
1296970
1296970
1296970
1296970
1296970
1296490
1296490
1296490
1302340
1309000
1309975
1309975
1309975
1309975
1308523
1308523
1308523
1308523
1302883
1302883
1302883
1302883
1302883
1302883
1298755
1290607
1288015
1288015
1288015
1290251
1289915
1290890
1290090
1290090
1295058
1295058
1294101
1294101
1293485
1293485
1293485
1292869
1292869
1292869
1292869
1292869
1292767
1292767
1291513
1291849
1291849
1289679
1289577
1289577
1302126
1302126
1302126
1302126
1302126
1302126
1302228
1302228
1302228
1302228
1301892
1301892
1301892
1301892
1301892
1305182
1305182
1305182
1300835
1300835
1300835
1300835
1300835
1300835
1300835
1300625
1300625
1297865
1291601
1299721
1299721
1299721
1303689
1304849
1304849
1304849
1304849
1304849
1304090
1304090
1304090
1300670
1300176
1300176
1300176
1303718
1303718
1302918
1302918
1302918
1302918
1302918
1302918
1302918
1302918
1303534
1303534
1303534
1304694
1304694
1304694
1304694
1306864
1306864
1306864
1307821
1307821
1307821
1307821
1307821
1307821
1308621
1308621
1308621
1308621
1308621
1308621
1308621
1308621
1310073
1310073
1310073
1310073
1310073
1312833
1312833
1312833
1312833
1312833
1312217
1313471
1313471
1313471
1315931
1315931
1315931
1315931
1315931
1315931
1315931
1315931
1315931
1315931
1315931
1315931
1315931
1315931
1315931
1315931
1315931
1315931
1315931
1315931
1315931
1315931
1315931
1315931
1314677
1314677
1314183
1314183
1314183
1314183
1314183
1314183
1313043
1313043
1313043
1311591
1311591
1313951
1313951
1312811
1312811
1312811
1312811
1312811
1312811
1312811
1312811
1312811
1312011
1312011
1312011
1312011
1311211
1311211
1312168
1312168
1312140
1316592
1316592
1310952
1310952
1310952
1310952
1308782
1315046
1315046
1315046
1315046
1315046
1315046
1312586
1312586
1312586
1312586
1312586
1312586
1314822
1314822
1314822
1314822
1317182
1317182
1317182
1317182
1317518
1317518
1318678
1318678
1318678
1318678
1318678
1313710
1315206
1315206
1315206
1315206
1314996
1314996
1314996
1314996
1314996
1314996
1314237
1314237
1317373
1317373
1317373
1317373
1317373
1317373
1321533
1321533
1321039
1320064
1320064
1320064
1321560
1321560
1323639
1323639
1321469
1321469
1321469
1321469
1320740
1328888
1328888
1328888
1328272
1328272
1328272
1328888
1328888
1328888
1328888
1322624
1321484
1321484
1321484
1321484
1321484
1321484
1322284
1322284
1322284
1322284
1322284
1327252
1327252
1329712
1329712
1329712
1329712
1329712
1329712
1330441
1332901
1330276
1330276
1327816
1329168
1329168
1329168
1329168
1329168
1331760
1331760
1331280
1331280
1331280
1331280
1332237
1332237
1332966
1334220
1334220
1334118
1334118
1334118
1334118
1334118
1334328
1334328
1334328
1334328
1334328
1334328
1334328
1333528
1333528
1333528
1333528
1333528
1333500
1333500
1333500
1333006
1333622
1333622
1332665
1334744
1334744
1334744
1334744
1334744
1334744
1334744
1333292
1333292
1333292
1333292
1333320
1333320
1333320
1333320
1333320
1332704
1332704
1332704
1334080
1333870
1333870
1333870
1333870
1333842
1333842
1333842
1331250
1331460
1331460
1330300
1330300
1332470
1332470
1332470
1333822
1333822
1333822
1333822
1333822
1334622
1334622
1334622
1334622
1334622
1334622
1334622
1334622
1331202
1331202
1331202
1331202
1331202
1331202
1332456
1332456
1332456
1335746
1335746
1335746
1335746
1335746
1336886
1336886
1334126
1334336
1334336
1334336
1335095
1335095
1335095
1335095
1335305
1335305
1335305
1335305
1335305
1335305
1335305
1335305
1336262
1336052
1336052
1336052
1336052
1336052
1336052
1337504
1337504
1337504
1337504
1336745
1336745
1336745
1340165
1336005
1336005
1336005
1336005
1336805
1336805
1336805
1336805
1336805
1336805
1338059
1338059
1338059
1336607
1339897
1339897
1339897
1339897
1339897
1339897
1341349
1341349
1341349
1341349
1341349
1341349
1341349
1341349
1341349
1341349
1341349
1341349
1341349
1341349
1341349
1341349
1341349
1341349
1339113
1340367
1340703
1335307
1335307
1335307
1335307
1335307
1335307
1335307
1335307
1335307
1336683
1336683
1336683
1336683
1335187
1335187
1335187
1332379
1332379
1332379
1333831
1333831
1333831
1333831
1333831
1333831
1336001
1336001
1334549
1334549
1337839
1337811
1337811
1337811
1345959
1347119
1347119
1347119
1347119
1347119
1347119
1347147
1347147
1347147
1347147
1347147
1347763
1347763
1347763
1347763
1347763
1347763
1347763
1347763
1347763
1347763
1345403
1345403
1345403
1345403
1346162
1346162
1346162
1346162
1346162
1347119
1347119
1347119
1349479
1349479
1349479
1349479
1349479
1349479
1349479
1349479
1349479
1349479
1349479
1349479
1349479
1349479
1350931
1350931
1350931
1350931
1350931
1350931
1350931
1350931
1353010
1353220
1353220
1353220
1353220
1353220
1354360
1354360
1354360
1354854
1354854
1354854
1354854
1354854
1354854
1354854
1354854
1354854
1361118
1360624
1362703
1363197
1363197
1363197
1365173
1365173
1365173
1365173
1365173
1365173
1365173
1365173
1365173
1365173
1367252
1367252
1371704
1371704
1370564
1370564
1369188
1369188
1369188
1370564
1370564
1370564
1370564
1370564
1370564
1374106
1374106
1374106
1374106
1374106
1374106
1374106
1374106
1373347
1373347
1373347
1373347
1373347
1373347
1373347
1373347
1373137
1373137
1374277
1374277
1374277
1374277
1374277
1374277
1374277
1374277
1374277
1374277
1374277
1374757
1379725
1382185
1382395
1382395
1382395
1382395
1382395
1382395
1382395
1382395
1382395
1385685
1385685
1385685
1383225
1383225
1383225
1383225
1383225
1383225
1383225
1383225
1384365
1384365
1384365
1384365
1384365
1384365
1384365
1384365
1384365
1384365
1384365
1380945
1381155
1380945
1380945
1378866
1378866
1378866
1378866
1378866
1381674
1381674
1381674
1381674
1381674
1381674
1381674
1382834
1382834
1382834
1382834
1382034
1382034
1382034
1382034
1382650
1382650
1382650
1382650
1381198
1381198
1376230
1376710
1376682
1376682
1376682
1376682
1376682
1376682
1376682
1376682
1376682
1375306
1375306
1374970
1374970
1374970
1374970
1374970
1374970
1372891
1372891
1372891
1372891
1372891
1372891
1372091
1373467
1373467
1373467
1373467
1373467
1373467
1372327
1372327
1372327
1372327
1372327
1372327
1372327
1372327
1372327
1372327
1372327
1371167
1371167
1371167
1371167
1371167
1371167
1371167
1371167
1370210
1370210
1369481
1369481
1369481
1369481
1369481
1368029
1367819
1367819
1367819
1367819
1367819
1367819
1367819
1367819
1367819
1367819
1367819
1367819
1367819
1367819
1367819
1367819
1363367
1363367
1363367
1363367
1363367
1363367
1363367
1363367
1363367
1363367
1363367
1363367
1363367
1363367
1363367
1363367
1363367
1363367
1363367
1362638
1363367
1363367
1362751
1362751
1362751
1362751
1362751
1362751
1361794
1361794
1361794
1361794
1361794
1361794
1361794
1361794
1361794
1363246
1363246
1363246
1363246
1363246
1363246
1363246
1363246
1363246
1363246
1361794
1362751
1362751
1362751
1362751
1362751
1362751
1362751
1359461
1359461
1359461
1361821
1361821
1361821
1357693
1357693
1357693
1357693
1357693
1357693
1357693
1354429
1354429
1354429
1353269
1353269
1353269
1357616
1357616
1357616
1357616
1357616
1357616
1357616
1357616
1357616
1357616
1357616
1357616
1357616
1357616
1357616
1357616
1357616
1357616
1357616
1357616
1355537
1355537
1356989
1358365
1358365
1356989
1356989
1356989
1356989
1356779
1356779
1356779
1356779
1358131
1358131
1353971
1353971
1354928
1354928
1353971
1353971
1353971
1353971
1358131
1358131
1362706
1362706
1362706
1363506
1363506
1363986
1358526
1358526
1358526
1355262
1355262
1357238
1357238
1357238
1358614
1358614
1358614
1357238
1357238
1354878
1354878
1354878
1354878
1354878
1354878
1353526
1353526
1354255
1356615
1353855
1353855
1353855
1353855
1351879
1351879
1352671
1352671
1352671
1352671
1352671
1352671
1352671
1353430
1353430
1352455
1358923
1358923
1358923
1358923
1358923
1358923
1358923
1353073
1346605
1346605
1346605
1346605
1346605
1346605
1346605
1346605
1346605
1346605
1344526
1344526
1344526
1344526
1344526
1350166
1350166
1350166
1342046
1342046
1342046
1342046
1343003
1343003
1340195
1339395
1339395
1339395
1333999
1333999
1333999
1333999
1331639
1331639
1331639
1331639
1332368
1330392
1330392
1330392
1330392
1330392
1329898
1331152
1331152
1331152
1331632
1331632
1331632
1331632
1331632
1331632
1330180
1330180
1330180
1330180
1330180
1330909
1330909
1330909
1330909
1330909
1330909
1330909
1330909
1330909
1330909
1324645
1324645
1324303
1324303
1323823
1318573
1318573
1316494
1316494
1316494
1316494
1316494
1316494
1317194
1323662
1323662
1323662
1323662
1319210
1315668
1315668
1315668
1315668
1312860
1312860
1312860
1312860
1312860
1312860
1312860
1312860
1311508
1311508
1311508
1311508
1311508
1311508
1310551
1310551
1310551
1310551
1310551
1310551
1310551
1310551
1313359
1307095
1307095
1307095
1304335
1304335
1304335
1304335
1304335
1304335
1304335
1304951
1304951
1304951
1304951
1304951
1304951
1304951
1304951
1304951
1304951
1304951
1306403
1306403
1306403
1306403
1306403
1306403
1306403
1306403
1306403
1306403
1306403
1306403
1306403
1307779
1307779
1314247
1314247
1314247
1314247
1314976
1314976
1314976
1314976
1314976
1314976
1314976
1314976
1314976
1314976
1314976
1314976
1314176
1314176
1314176
1313560
1313560
1313560
1313560
1313560
1313560
1313560
1313560
1313560
1313560
1313560
1314360
1314360
1313403
1316823
1322219
1322219
1322219
1322219
1319459
1319459
1319459
1319459
1319459
1314491
1314491
1314491
1314491
1314491
1314491
1314491
1314491
1314491
1314491
1309916
1309916
1308941
1308941
1308941
1308941
1308941
1308941
1308941
1304489
1309064
1309064
1308854
1308854
1312118
1312118
1312118
1312118
1312118
1312118
1312118
1311318
1311318
1311318
1311318
1311318
1311318
1311318
1311318
1311318
1311318
1311318
1311318
1311318
1311318
1311318
1302118
1302118
1306693
1306903
1302743
1294595
1294595
1294595
1294595
1294595
1292135
1292471
1292471
1293271
1293271
1293271
1293271
1295896
1295896
1295167
1295167
1296307
1295507
1295479
1294679
1294651
1294651
1291843
1291843
1294979
1296803
1297419
1297419
1297419
1297419
1297419
1297419
1297419
1297629
1297629
1297629
1298604
1298604
1295844
1295844
1294468
1294468
1294468
1294468
1294468
1294468
1293511
1289351
1289351
1291976
1286726
1286726
1286726
1286726
1286726
1286726
1283966
1283266
1277218
1277218
1277218
1277218
1277218
1277218
1276724
1276724
1276724
1276724
1276752
1276752
1276752
1276752
1276752
1276752
1276752
1274776
1274047
1274047
1274047
1274047
1274047
1277337
1277337
1276537
1276537
1276537
1276537
1276057
1278417
1275957
1275957
1275957
1272693
1276113
1285073
1285073
1279613
1288573
1288573
1288573
1288573
1288573
1292920
1292920
1292920
1292440
1292440
1292440
1290361
1290361
1290361
1290361
1290361
1290361
1290361
1287901
1287142
1285063
1285063
1285063
1285063
1285063
1291111
1285611
1285611
1286751
1286751
1286751
1286751
1286751
1286751
1286751
1286751
1286751
1286751
1286135
1274611
1274639
1274639
1274639
1268171
1266092
1269242
1270496
1270496
1270160
1270919
1270919
1267377
1268753
1268753
1267301
1267301
1267301
1267301
1267301
1267301
1267301
1263241
1263241
1261265
1267733
1267733
1266776
1266776
1266776
1269536
1269536
1269536
1269536
1269536
1269536
1271706
1269246
1269246
1269246
1269246
1269246
1269246
1269246
1269246
1272054
1273011
1273811
1273811
1273811
1273811
1273811
1273811
1273195
1273195
1273195
1273195
1273195
1273195
1272395
1272395
1272395
1272395
1272395
1272395
1272395
1272395
1272395
1272395
1272395
1272395
1272395
1272395
1272395
1272395
1272395
1272395
1272395
1272395
1273011
1275471
1275471
1275471
1275471
1275471
1275471
1275471
1275471
1275471
1275471
1275471
1275471
1275471
1275471
1274019
1274019
1272567
1272567
1272567
1273061
1274437
1274437
1274437
1274437
1274437
1274437
1274437
1274437
1274437
1274437
1273297
1273297
1273297
1273297
1273297
1273297
1273297
1273297
1273297
1273297
1273297
1273297
1273297
1273297
1267447
1267447
1267447
1267447
1267447
1267447
1267447
1267447
1267447
1267447
1267447
1266307
1266307
1266307
1266307
1266307
1266307
1266307
1266307
1265578
1265578
1265578
1267030
1267030
1267030
1267030
1267030
1267030
1267030
1267030
1267030
1265054
1265054
1265156
1265156
1265156
1266316
1266316
1266106
1265612
1265612
1265612
1265612
1265612
1268372
1268372
1268372
1269824
1270553
1270553
1270553
1270553
1269413
1265871
1263111
1264607
1267199
1267199
1267409
1267409
1266269
1266269
1266269
1268439
1268439
1268439
1265979
1265979
1265979
1265979
1265979
1265979
1266595
1268674
1268674
1272094
1270015
1272775
1272775
1272775
1272775
1272775
1275235
1275235
1275235
1275235
1275235
1275235
1275235
1275235
1275235
1276375
1277134
1277134
1277134
1277134
1277134
1277134
1277344
1277344
1277344
1277344
1277344
1277344
1277344
1277344
1277134
1278274
1278274
1278274
1278274
1278274
1278274
1278274
1278274
1278274
1278376
1278376
1272736
1272736
1272736
1272736
1272736
1272736
1272736
1276026
1276026
1276818
1276818
1276818
1276482
1276482
1276482
1277282
1277282
1277282
1277282
1276307
1276307
1276307
1275578
1275578
1275680
1270180
1270180
1270180
1270180
1270180
1270180
1269451
1269451
1269451
1269451
1269451
1269451
1269553
1269553
1268299
1268299
1268299
1268299
1268299
1264139
1264898
1263446
1263446
1263446
1263446
1263446
1262654
1262654
1262626
1261274
1261274
1257114
1258466
1258256
1258256
1255448
1249073
1249073
1249073
1245783
1245167
1245167
1249619
1251115
1250905
1250905
1250905
1253530
1253530
1265143
1265143
1264663
1264663
1263706
1263706
1263706
1263706
1264465
1264465
1264465
1264465
1264465
1264465
1264465
1264465
1264801
1259551
1259551
1259551
1259551
1259551
1258822
1258822
1258822
1258822
1258822
1253182
1253182
1253182
1253182
1253182
1253182
1251862
1251862
1251862
1253358
1253358
1253022
1253022
1253022
1253022
1253022
1253022
1253022
1252065
1252065
1253441
1253441
1253441
1253441
1253441
1253441
1253441
1253441
1253441
1253441
1253441
1253441
1253441
1253441
1254170
1254170
1254170
1251362
1250868
1250868
1250868
1250868
1250868
1250868
1250868
1246416
1246416
1246416
1246416
1245687
1246847
1246847
1248223
1248223
1248223
1248223
1248433
1248433
1248433
1250893
1250893
1250893
1259041
1259041
1259770
1259770
1259770
1259770
1259770
1258394
1258394
1258394
1258394
1258394
1258394
1258394
1258394
1258394
1258394
1258394
1258184
1258184
1258184
1258184
1258184
1263824
1265903
1266632
1266632
1266632
1266632
1266632
1266632
1266632
1266632
1266632
1266632
1268084
1268084
1268084
1266632
1266632
1260992
1260992
1260992
1266632
1266632
1266632
1265903
1265903
1265903
1263143
1266685
1266685
1266685
1266685
1266685
1266685
1266685
1266685
1266685
1266657
1267632
1267632
1267632
1267632
1267632
1267016
1267016
1265520
1266840
1270104
1270104
1270584
1271838
1272174
1272174
1272174
1272174
1272174
1271217
1274637
1274665
1278825
1278825
1278825
1278825
1278825
1278825
1278825
1278825
1278825
1278825
1278825
1278825
1278825
1279985
1279985
1279985
1279985
1279985
1279491
1279491
1279491
1280631
1279902
1279902
1279902
1279902
1279902
1279902
1279902
1279902
1277823
1277925
1277925
1276473
1276473
1276473
1276473
1276473
1270005
1276380
1276380
1276380
1270740
1270740
1270740
1270740
1269765
1269765
1269765
1269765
1270925
1270925
1270925
1270925
1270925
1270925
1270925
1270925
1262777
1262777
1262777
1259235
1259235
1259235
1263395
1263395
1263395
1263395
1263395
1263395
1263293
1263293
1262493
1262493
1262493
1262493
1262493
1262493
1265253
1265253
1270753
1268393
1268393
1273893
1272753
1274249
1274249
1274249
1285589
1285589
1285589
1285589
1287759
1287759
1286407
1286407
1285450
1285450
1285450
1285450
1285114
1282654
1281494
1281494
1283954
1283954
1283954
1288922
1288922
1288922
1288922
1288922
1288922
1288922
1288922
1287546
1287546
1287546
1287546
1287546
1287546
1287546
1283094
1272894
1278744
1282008
1282008
1280512
1280512
1280512
1280512
1280302
1279543
1279543
1279543
1279543
1279543
1279543
1279543
1279879
1279879
1279879
1279879
1279879
1279879
1279879
1269679
1269679
1269679
1268183
1268183
1266807
1266807
1264047
1264047
1264047
1263288
1262559
1262559
1261759
1261759
1261759
1261759
1261759
1261759
1261759
1261759
1255291
1255291
1255291
1255291
1255291
1268971
1272513
1269753
1265593
1265593
1265593
1265593
1265593
1265593
1265593
1265593
1265593
1265565
1264608
1264608
1264608
1264608
1265408
1265408
1277021
1277021
1286221
1286221
1286221
1286323
1285707
1285707
1285707
1285707
1285707
1285707
1284907
1284907
1284907
1285523
1285523
1285523
1285523
1285523
1285523
1285523
1288283
1288283
1288283
1288283
1288283
1288283
1288283
1288283
1288283
1289258
1286898
1286898
1286898
1290440
1290440
1290440
1290440
1290440
1290440
1290440
1290440
1296908
1296908
1296908
1296908
1296908
1296908
1296908
1296908
1296908
1296908
1296908
1298162
1298162
1298162
1298162
1298162
1298162
1298162
1291694
1291694
1291694
1291694
1291694
1291694
1297154
1297154
1293026
1293026
1293026
1290566
1288106
1288106
1288106
1288106
1288106
1288106
1288106
1288106
1288106
1288106
1288586
1288586
1288586
1288586
1286226
1286226
1282936
1283272
1280122
1280122
1293802
1293802
1293802
1293802
1293466
1293466
1290330
1290330
1291706
1289246
1289246
1289246
1289246
1289246
1282778
1282778
1282778
1281821
1281821
1281821
1281821
1281821
1281821
1281719
1281719
1276323
1276323
1276323
1276323
1274153
1274153
1274153
1282273
1281937
1281937
1281937
1281937
1284297
1284297
1284297
1284297
1285437
1286237
1286237
1286237
1286237
1288316
1288316
1288316
1290395
1290395
1290497
1290497
1290497
1290497
1290497
1290497
1290497
1289697
1289697
1289697
1290177
1290177
1290177
1290177
1290177
1290177
1290177
1290279
1290279
1290279
1290279
1290279
1290279
1290279
1290279
1290279
1290279
1290279
1287819
1287819
1287819
1287819
1287819
1287819
1287819
1287819
1289898
1290378
1290378
1290378
1290378
1291730
1291730
1292984
1292984
1290524
1292694
1292694
1292694
1292694
1292694
1292694
1292694
1295502
1295502
1295502
1295292
1294950
1294950
1294950
1294950
1294950
1294950
1294950
1295742
1295126
1294916
1294916
1294916
1294916
1293776
1293566
1293902
1294396
1294396
1294396
1294396
1294396
1303596
1303596
1303596
1303596
1303596
1303116
1303116
1303116
1303116
1303116
1303116
1303144
1300908
1300908
1302360
1302360
1302360
1302360
1302360
1302360
1302360
1302360
1302360
1302360
1305780
1305780
1302238
1302238
1306398
1306398
1306398
1306500
1304421
1304901
1304901
1304901
1304901
1304901
1304901
1303647
1303647
1303647
1303647
1303647
1303647
1302690
1302718
1302718
1306260
1306260
1306260
1305100
1305100
1305100
1305100
1305829
1305829
1305829
1309119
1309119
1309119
1309119
1310279
1327919
1327919
1327919
1327919
1327919
1328719
1332139
1332139
1332139
1332139
1332139
1341339
1341339
1341339
1341339
1343418
1343418
1343418
1343418
1343418
1343418
1343418
1343418
1343418
1343754
1347296
1347296
1347296
1347296
1347296
1347296
1347296
1347296
1345217
1344488
1344488
1341198
1341198
1341198
1341198
1341198
1341198
1341198
1341226
1341226
1341226
1341436
1341436
1341436
1341436
1341436
1341436
1341436
1341436
1344726
1344726
1344726
1344726
1343586
1343586
1343586
1340296
1344424
1344424
1349392
1349392
1349392
1349392
1348592
1348592
1348592
1348592
1348620
1348620
1347480
1356440
1356440
1357169
1357169
1359977
1357741
1362709
1362709
1363045
1363045
1365281
1366535
1366535
1367335
1367951
1368161
1362661
1362661
1362661
1365021
1365021
1365021
1365021
1364993
1364993
1368535
1368535
1368535
1368535
1363567
1366857
1366857
1366857
1366857
1366857
1361461
1361461
1361461
1361461
1361461
1361461
1361461
1357009
1355657
1355657
1355657
1355657
1355321
1355321
1355321
1352057
1353217
1353217
1353217
1353217
1353217
1344439
1344439
1344439
1344439
1345815
1345815
1345815
1346975
1346975
1343555
1343555
1343555
1343555
1343555
1343555
1343555
1343555
1343555
1343555
1343555
1343555
1343555
1343555
1342395
1342185
1342185
1342185
1343561
1343561
1343561
1343561
1343561
1345797
1345797
1344421
1343927
1344137
1344137
1344137
1344137
1344137
1344137
1344137
1344137
1344137
1344137
1344137
1344137
1344137
1344137
1344137
1344137
1343927
1343825
1343825
1343825
1343825
1343825
1343825
1343825
1343825
1344441
1344441
1344413
1344413
1345573
1345573
1345573
1345573
1343403
1343403
1343403
1341167
1343403
1343403
1341427
1341427
1341427
1341427
1341427
1341427
1339931
1339931
1339931
1339931
1339931
1336641
1336641
1336641
1336641
1336641
1336641
1335145
1333066
1333066
1333066
1333066
1333066
1331906
1331906
1331906
1330746
1330746
1329492
1329492
1329492
1328998
1328998
1328998
1328998
1328998
1328998
1326406
1326406
1326406
1326406
1326406
1326406
1326406
1326406
1326406
1328576
1329335
1329335
1329335
1329335
1329335
1329335
1329335
1332625
1332625
1332625
1332625
1332625
1332625
1332625
1332625
1332625
1332625
1334795
1334795
1335275
1334659
1334659
1334659
1334659
1334659
1334659
1334659
1334659
1335459
1335459
1335459
1334659
1334659
1338201
1338201
1338201
1338201
1338201
1335741
1337093
1337093
1337093
1337709
1337709
1337709
1337709
1337709
1337709
1337709
1337709
1337709
1337709
1339061
1339061
1339061
1339061
1339061
1339061
1339061
1339061
1339061
1339061
1339061
1339061
1339061
1339061
1340513
1340513
1340513
1340485
1340485
1340485
1340485
1340485
1340485
1340485
1340485
1340485
1340485
1340485
1340485
1340485
1341214
1341214
1341214
1341214
1341214
1341214
1341214
1341214
1341214
1341214
1341214
1341214
1341214
1341214
1341214
1341214
1342666
1342666
1344902
1344902
1344902
1343648
1343648
1343648
1343648
1343648
1343648
1343648
1343648
1344788
1344788
1344788
1344788
1344788
1344788
1343336
1343336
1343336
1343336
1340046
1340046
1340046
1340046
1340046
1340046
1340046
1340046
1345014
1345014
1345014
1345014
1345224
1345224
1346181
1346283
1346283
1346283
1346283
1346283
1346283
1346283
1346073
1346073
1346073
1346073
1346073
1346073
1351041
1350425
1350425
1350425
1350425
1345457
1345457
1345457
1345457
1344317
1344317
1338677
1338677
1338677
1341967
1342583
1342583
1342583
1342583
1343077
1343077
1343077
1333877
1333397
1333397
1334849
1334849
1334849
1334849
1334849
1334849
1334849
1333497
1333497
1332001
1332001
1332001
1332001
1332001
1333497
1333497
1333497
1333497
1333497
1333497
1333497
1333497
1333497
1329045
1329045
1329045
1331505
1331505
1331505
1331505
1328745
1328745
1328745
1328745
1328745
1328745
1328745
1328745
1328745
1328745
1328745
1328745
1329545
1329545
1332005
1335973
1335973
1335973
1335973
1335973
1335973
1335973
1335173
1335173
1335173
1335173
1335173
1335173
1335173
1335173
1335173
1339333
1339333
1339333
1339333
1339333
1339123
1339333
1339333
1339333
1339333
1339333
1339333
1339333
1340709
1340709
1340709
1340709
1340709
1340709
1340709
1341325
1341325
1340845
1341637
1340185
1340185
1340985
1340985
1340985
1340985
1338525
1338525
1338525
1338735
1338735
1342277
1342277
1342067
1342867
1342867
1342867
1342867
1342867
1343626
1343626
1343626
1343626
1343626
1343626
1345705
1344209
1344209
1344209
1340789
1341125
1341125
1341125
1341125
1341125
1340366
1340366
1340366
1340366
1341506
1341506
1341506
1339427
1342235
1340065
1340065
1340065
1340065
1340865
1340865
1340865
1341201
1341201
1341201
1341201
1341201
1341201
1341201
1341930
1341930
1345350
1345350
1345350
1345350
1345350
1344210
1344210
1344210
1344210
1343410
1343410
1343890
1343890
1343890
1343890
1343890
1343890
1343890
1342438
1343598
1343598
1343598
1343598
1347054
1346560
1346560
1347040
1347040
1347040
1347040
1347040
1347040
1346240
1346969
1346969
1346969
1342841
1342841
1342841
1342841
1344920
1343760
1343031
1340671
1340671
1342023
1342023
1341066
1341066
1341066
1341066
1341066
1342418
1342418
1341802
1341308
1339932
1340907
1340907
1340907
1340907
1338671
1338671
1343639
1338179
1338179
1338179
1338179
1338179
1338179
1338179
1338179
1338179
1338179
1338179
1338179
1338179
1338179
1338179
1338179
1338179
1338179
1338179
1338179
1338179
1338179
1338179
1338179
1339555
1335208
1335208
1335208
1335208
1335208
1333832
1333832
1333622
1333622
1332368
1332368
1332368
1332368
1332368
1335632
1335632
1334180
1334180
1334180
1334180
1334180
1334180
1334180
1334180
1333564
1334884
1334884
1335094
1335094
1340594
1340594
1340594
1340594
1340594
1340594
1340594
1340594
1340594
1340594
1340594
1340594
1340594
1340594
1340594
1340594
1340594
1340594
1340594
1340594
1340594
1340594
1340594
1340594
1340594
1340594
1340594
1340594
1341323
1341323
1341323
1341323
1342775
1342775
1342775
1342877
1342877
1342877
1342877
1342877
1342877
1342877
1344229
1345186
1345186
1345186
1346143
1346143
1346143
1346143
1346143
1346143
1343783
1343783
1343783
1343783
1343783
1343811
1343811
1343811
1343811
1343811
1343811
1343811
1343811
1343811
1343811
1343811
1343811
1343811
1343811
1343811
1343811
1343811
1343811
1342459
1342459
1342459
1342459
1341730
1342687
1342687
1342687
1342687
1342687
1342687
1342687
1342687
1341235
1341235
1342210
1341253
1341253
1341253
1341253
1341253
1338893
1338893
1338134
1338134
1338134
1329986
1329986
1329986
1328490
1329866
1328490
1328490
1330950
1330950
1333120
1333120
1330760
1330760
1330760
1330760
1330760
1330760
1330760
1330760
1330760
1330760
1330760
1330760
1330760
1330760
1330760
1329384
1329384
1329384
1329594
1330394
1329900
1329900
1329900
1329900
1329900
1329900
1329900
1329900
1329900
1329900
1329900
1329900
1329900
1331276
1331276
1331756
1331756
1332485
1332485
1333101
1333311
1333927
1333927
1333927
1333927
1333927
1333927
1333927
1333927
1333927
1333927
1334137
1334137
1334137
1334137
1333927
1333927
1333927
1333927
1333927
1333927
1331467
1331467
1331467
1331467
1331467
1331467
1331467
1331467
1331467
1331467
1331467
1331467
1331467
1330767
1330767
1330767
1330767
1327503
1327503
1327503
1327503
1327293
1327293
1327293
1328268
1334456
1334456
1334456
1334456
1333840
1332700
1332700
1332700
1332700
1332700
1332700
1332700
1332700
1332700
1332700
1332700
1332700
1332700
1332700
1332700
1332700
1332700
1333194
1333194
1333194
1333194
1329034
1329034
1327582
1327582
1327582
1327582
1327582
1325346
1325346
1325346
1325346
1326486
1326486
1326486
1326486
1326486
1326486
1326458
1326458
1326458
1326458
1334606
1334270
1334270
1334270
1334270
1334270
1334270
1334270
1334270
1334270
1340534
1340534
1340534
1340534
1340534
1339559
1339559
1339559
1339559
1337199
1337199
1337199
1339278
1337042
1337042
1330574
1330574
1330574
1330574
1329845
1329845
1329845
1329845
1329845
1336109
1341505
1341505
1341505
1341505
1341505
1341505
1341505
1342305
1342305
1342305
1342305
1341689
1342448
1342448
1346608
1346608
1347862
1347862
1349214
1337601
1337601
1337601
1337601
1337601
1337601
1337601
1331133
1331133
1331133
1331133
1331133
1331133
1335708
1336324
1335524
1339066
1339066
1344034
1344034
1347324
1347324
1347324
1347324
1347324
1347324
1347324
1338124
1338124
1338124
1338124
1338124
1338604
1338604
1338604
1344064
1344064
1344064
1344064
1344064
1344064
1344064
1344064
1344064
1344064
1344064
1344064
1344064
1344064
1345416
1345416
1342280
1342280
1342280
1342280
1342280
1340784
1338705
1338705
1338705
1338705
1338705
1338705
1338705
1334545
1334545
1334545
1334051
1334051
1332599
1332599
1332599
1332599
1332599
1332599
1332599
1332599
1332599
1331840
1331840
1331840
1331840
1331840
1331840
1333336
1333336
1333336
1333336
1334788
1333648
1333648
1339148
1339148
1339948
1339948
1338596
1342138
1342138
1346713
1344477
1344477
1344477
1347285
1347285
1347285
1347285
1347285
1349521
1349521
1349521
1349521
1349521
1349521
1349521
1349521
1349311
1349311
1349311
1349311
1349311
1349209
1349209
1352017
1352017
1352017
1352017
1352017
1352017
1352017
1352017
1353271
1353271
1353271
1353271
1353271
1353271
1353271
1353271
1352655
1352655
1352655
1352655
1352655
1355945
1355945
1355945
1355945
1355945
1355945
1355945
1355945
1355945
1355945
1358705
1358705
1358705
1357545
1357545
1357545
1357545
1357545
1357335
1357335
1357335
1355256
1351714
1351714
1351714
1351714
1351714
1351714
1350985
1350985
1350985
1350985
1348749
1348647
1354147
1354147
1354147
1354147
1354147
1354147
1354147
1354147
1353937
1353937
1353937
1353937
1353937
1353937
1353937
1354431
1354431
1354431
1354431
1354431
1354431
1354431
1353291
1353291
1353291
1353291
1353291
1353291
1358931
1357974
1357974
1357974
1357974
1359294
1359294
1359294
1359294
1359322
1359322
1359322
1359322
1359322
1359322
1359322
1359322
1357086
1357086
1357086
1357086
1357086
1357086
1357086
1357086
1357086
1359165
1359659
1359659
1361111
1360311
1360413
1360413
1360413
1360413
1360413
1357605
1357605
1359965
1359965
1361125
1355625
1355625
1355625
1354485
1354005
1354005
1354005
1354005
1352845
1352845
1352845
1352365
1352263
1352263
1352263
1352263
1350184
1348930
1348930
1348930
1348930
1348930
1348930
1348930
1348930
1348930
1348130
1348130
1347794
1347794
1347794
1347794
1347794
1347794
1347794
1347794
1347794
1347794
1347794
1347794
1344658
1344658
1344658
1344658
1344658
1344658
1344658
1344658
1346110
1346910
1346910
1348164
1348164
1348164
1348164
1348164
1348164
1348164
1344004
1344004
1344004
1343275
1337879
1337543
1338272
1337112
1340402
1340402
1341131
1341131
1341131
1341131
1341131
1341131
1341131
1341131
1341131
1341131
1341131
1341131
1341131
1341131
1341131
1336556
1336556
1336556
1336556
1336556
1336556
1336556
1336076
1337330
1336850
1336850
1335498
1335498
1335498
1335498
1335498
1339950
1339950
1338790
1338790
1338790
1339406
1339406
1344802
1344774
1344774
1344774
1344774
1351242
1351242
1351242
1351242
1350542
1350048
1350048
1350048
1350048
1349248
1349248
1349248
1349248
1349248
1349248
1349248
1349248
1349248
1349248
1349248
1349248
1349248
1349248
1349248
1349248
1349977
1349977
1349977
1349977
1349977
1349977
1349977
1349977
1349977
1349977
1349977
1349977
1349977
1349977
1349977
1349977
1349977
1349977
1349977
1350777
1351393
1351393
1351393
1351393
1351393
1351393
1352553
1352553
1352553
1352553
1352553
1352553
1352553
1352553
1352553
1351937
1351937
1351137
1351137
1351137
1351753
1351753
1351753
1354561
1353401
1353401
1352785
1352785
1352291
1352291
1352291
1352291
1352291
1352291
1352291
1352291
1352501
1353458
1353458
1353458
1353458
1353458
1353458
1353458
1353458
1353458
1353458
1353458
1353458
1354258
1354258
1354874
1354874
1354874
1354874
1354874
1354664
1358084
1358084
1358084
1358084
1356708
1356708
1356708
1355548
1355548
1354052
1354668
1353939
1353939
1353939
1353939
1353939
1353939
1353939
1353939
1353939
1353939
1353939
1353939
1353939
1353939
1353939
1357203
1357203
1357203
1357203
1357203
1357203
1357203
1357203
1357203
1357203
1357203
1357305
1357305
1357305
1357305
1357305
1357305
1357305
1357305
1357305
1357305
1357305
1357305
1357305
1357305
1357305
1357305
1357305
1357305
1357305
1357305
1357305
1357305
1357785
1360145
1360145
1360145
1360145
1360145
1360145
1360145
1360145
1362381
1362381
1362381
1362381
1362381
1362381
1362381
1362381
1362381
1362381
1362279
1361119
1361119
1361119
1361119
1362076
1362570
1362570
1362570
1362570
1362570
1362570
1362570
1362570
1362570
1362570
1362570
1361811
1361811
1361811
1362570
1362570
1362570
1362570
1364022
1364022
1364022
1364022
1364022
1364022
1364022
1364022
1364022
1364022
1364022
1362882
1362882
1362882
1362882
1362882
1362882
1362882
1362672
1362672
1362672
1362672
1362672
1362672
1360593
1360593
1360593
1360593
1361969
1361969
1361969
1361969
1361969
1361969
1361969
1361969
1361969
1361969
1361969
1361969
1361969
1361969
1361969
1361969
1360715
1360715
1362794
1362794
1362794
1362794
1362794
1362794
1366336
1366336
1361368
1361368
1361368
1361368
1362744
1362744
1364196
1362744
1362744
1362744
1362744
1362744
1362744
1362744
1362408
1366983
1366983
1366983
1366983
1366983
1365823
1371673
1366705
1366705
1364729
1364729
1362753
1366913
1366913
1366913
1366913
1366913
1366913
1366913
1368409
1368409
1368409
1369569
1369569
1369569
1369569
1368409
1368409
1368903
1368903
1368903
1368903
1368903
1368903
1367649
1367649
1367649
1367649
1367033
1367033
1367033
1367033
1367033
1367033
1367033
1367033
1367033
1367033
1367033
1367033
1362873
1365465
1365465
1367925
1366765
1366765
1366765
1365625
1365625
1365625
1370077
1370077
1370077
1370077
1370077
1369120
1369120
1369120
1369120
1369120
1369120
1365700
1365700
1365598
1365598
1367834
1367834
1367834
1370594
1370594
1370594
1370594
1370594
1370594
1370594
1370594
1370594
1370594
1370594
1370594
1369242
1369242
1369242
1369242
1369242
1369140
1369140
1369140
1369140
1369140
1369940
1371100
1371100
1371100
1370300
1370300
1370300
1370300
1369160
1369160
1369160
1369160
1369160
1369160
1369160
1369160
1368680
1368680
1368680
1368680
1368680
1368680
1368680
1368680
1368680
1368680
1368680
1368680
1368680
1368680
1368680
1368680
1368680
1368680
1366088
1366088
1366088
1366088
1366088
1366088
1366088
1366088
1366088
1366088
1366088
1366088
1366088
1366088
1366088
1366088
1366088
1366088
1366088
1365594
1365594
1365594
1365594
1364098
1364098
1364098
1364098
1364098
1364070
1364070
1364070
1364070
1364070
1363968
1362808
1362808
1362808
1362808
1362808
1362808
1362192
1362192
1362921
1362921
1362921
1362921
1362921
1360296
1360296
1360296
1360296
1361096
1361096
1361096
1361096
1355246
1355246
1355246
1355246
1355246
1354517
1354517
1350975
1350765
1352217
1352217
1353377
1353377
1353377
1353377
1353377
1353377
1353377
1353377
1353377
1353377
1353377
1353377
1353405
1353405
1353405
1353405
1353405
1348009
1348009
1348009
1348009
1348009
1348111
1348111
1348111
1348111
1348111
1344821
1344821
1344821
1348277
1348277
1344857
1349309
1349309
1349309
1349309
1349309
1349309
1349309
1349309
1349309
1349309
1349309
1349309
1354705
1351945
1350805
1350805
1356445
1355686
1355714
1355686
1355344
1355344
1355344
1355344
1355344
1354728
1355457
1352167
1350913
1350913
1350913
1345945
1345945
1345945
1355145
1358687
1358687
1361495
1361495
1361495
1361495
1361495
1364785
1364785
1364785
1364785
1362549
1362549
1362549
1362549
1362549
1362549
1362549
1364045
1364045
1364045
1364045
1364045
1363245
1363245
1363245
1363245
1363245
1363245
1363455
1364907
1364907
1364907
1364907
1364907
1364907
1364907
1364907
1364907
1364907
1364907
1364907
1364907
1364907
1364907
1364907
1364907
1364907
1364907
1364291
1364291
1364291
1364291
1364291
1364291
1364291
1364291
1364291
1364393
1364393
1365122
1365332
1365332
1365434
1365434
1365434
1365434
1365434
1365434
1363982
1363982
1363982
1363982
1363253
1369628
1369628
1369628
1369628
1369628
1369628
1369628
1369628
1369628
1369628
1369628
1375268
1375268
1383416
1383416
1383416
1383416
1383416
1383444
1387604
1387604
1388333
1388333
1388333
1389473
1389473
1389473
1389263
1389263
1389473
1389473
1389473
1389473
1390613
1390613
1390613
1390613
1390613
1390613
1390613
1390613
1390613
1388153
1388647
1388647
1388647
1389447
1389447
1391683
1393135
1393163
1393163
1392363
1392363
1392363
1392363
1393715
1393715
1393715
1393715
1393715
1393715
1393715
1393715
1393715
1394444
1394444
1394444
1394444
1394472
1386352
1386352
1386352
1386352
1386352
1386352
1386352
1386352
1386352
1386352
1386352
1386352
1384273
1384273
1384273
1384273
1384063
1379903
1381063
1381063
1381063
1381063
1381063
1381035
1381035
1381035
1381035
1381035
1381651
1381651
1381651
1381651
1381651
1383027
1383027
1383027
1382817
1382481
1380245
1380245
1376117
1376117
1376117
1377493
1377493
1377493
1376877
1376877
1376877
1376877
1370409
1370409
1370409
1369915
1368661
1368661
1368661
1368661
1368661
1371421
1374229
1374229
1374229
1374229
1374229
1374229
1374229
1375389
1375389
1375389
1375389
1375389
1375389
1375389
1377625
1377625
1377625
1377625
1377625
1377625
1378425
1378425
1378425
1378527
1378527
1378527
1378527
1378527
1378527
1378527
1378527
1374985
1374985
1374985
1374985
1374028
1374028
1374028
1374028
1374028
1374028
1374028
1374028
1371949
1370695
1370695
1370695
1370695
1370667
1374795
1374795
1374795
1374795
1374795
1376247
1376247
1376247
1375767
1375767
1375767
1375767
1375767
1375767
1376103
1376103
1374127
1374127
1374127
1374337
1374337
1374337
1373578
1373578
1372962
1372962
1372962
1376382
1376382
1376382
1376382
1377542
1377542
1377542
1377542
1380002
1377642
1377642
1377642
1377642
1377540
1376220
1376220
1375726
1376342
1376342
1377718
1377718
1379888
1379888
1379888
1379888
1379888
1379678
1373414
1373414
1373414
1373414
1373414
1376834
1375580
1375580
1373344
1373344
1373344
1373344
1378740
1378740
1378740
1378398
1378398
1383648
1378008
1378008
1378008
1378008
1377051
1377051
1377051
1377051
1377051
1377051
1378427
1378427
1377452
1377452
1377452
1383302
1383302
1383302
1384462
1387752
1389831
1389831
1389831
1389831
1389831
1389831
1389831
1389831
1389831
1389831
1389831
1391207
1391207
1391207
1391207
1391417
1391417
1391417
1391417
1392217
1392217
1392217
1392217
1392217
1392217
1393357
1394314
1392235
1392235
1392235
1392235
1392235
1392235
1394595
1394595
1394595
1394595
1394595
1394595
1394595
1394595
1394595
1394595
1394595
1394595
1394595
1394595
1394595
1394595
1394595
1394595
1395211
1395211
1395211
1394051
1394051
1394051
1394051
1394051
1394051
1394051
1394051
1394051
1395191
1395920
1395920
1395920
1395920
1395920
1395191
1395191
1394031
1394031
1394031
1398191
1398191
1398191
1398191
1398191
1398191
1398191
1398191
1396739
1398818
1399958
1399958
1399958
1399958
1401334
1401334
1401124
1401124
1401124
1401124
1401124
1401124
1401124
1401124
1401124
1401124
1401124
1401124
1401124
1401124
1401124
1401124
1401124
1401334
1401334
1401334
1401334
1401334
1401334
1401334
1401334
1402494
1403634
1403634
1403634
1403634
1403634
1403634
1403634
1404591
1404591
1404591
1404591
1404591
1404591
1404591
1404591
1404591
1404591
1404591
1404591
1404591
1404591
1404591
1404591
1404591
1406951
1406951
1406951
1406951
1406951
1406951
1406951
1406951
1406951
1409187
1409987
1409987
1409987
1409987
1406723
1406723
1406723
1406723
1406723
1404487
1404487
1404487
1404487
1405287
1405287
1405287
1405903
1405903
1405903
1405903
1405903
1405903
1405903
1405903
1405903
1403543
1403543
1403543
1406303
1406303
1406303
1406303
1406303
1406303
1406303
1406303
1407557
1407557
1407557
1405097
1405097
1405097
1400522
1400522
1401898
1401898
1401898
1401898
1403038
1403038
1403038
1403038
1402309
1402309
1402309
1402309
1402309
1402309
1402309
1402309
1402309
1403038
1403038
1403038
1403532
1403532
1403532
1403532
1403532
1403532
1407692
1407692
1407692
1407692
1407692
1407692
1407692
1407692
1407692
1406933
1406933
1404854
1405190
1405190
1405190
1405190
1405190
1405190
1405190
1405190
1405190
1405190
1405190
1405190
1405190
1405190
1404390
1404390
1404390
1404390
1404390
1404390
1404390
1404390
1404390
1404390
1404390
1404390
1404390
1404390
1404390
1404390
1404390
1404390
1404600
1404600
1404600
1404600
1404600
1404600
1404600
1404600
1403984
1403984
1403984
1403984
1405480
1405480
1403020
1403020
1404516
1404516
1405656
1405656
1406816
1406816
1407575
1407575
1407575
1407575
1407575
1407575
1407575
1407575
1407575
1407575
1407575
1407575
1407575
1407575
1407575
1407575
1405339
1405339
1405339
1405339
1405339
1406791
1406791
1406791
1408243
1409383
1409383
1409383
1409383
1409383
1409383
1409383
1409383
1409383
1413543
1413543
1413543
1413543
1413543
1413543
1413543
1414995
1414995
1414995
1414995
1414995
1414995
1414995
1414995
1415023
1415023
1415023
1415023
1415023
1415023
1415023
1415023
1410055
1410055
1410055
1410855
1410855
1410855
1410855
1410855
1410855
1410855
1410055
1410055
1410027
1412263
1412263
1412263
1412263
1412263
1403303
1403303
1403303
1402574
1402574
1402574
1402574
1404810
1404810
1404810
1404810
1404810
1404810
1404810
1401390
1405842
1405842
1411238
1411238
1409886
1406596
1406596
1406596
1403836
1403836
1403836
1403836
1403836
1403836
1403836
1404793
1404793
1407153
1407153
1407153
1407153
1407882
1407882
1407882
1407882
1407882
1408611
1408611
1408611
1408611
1408611
1408611
1408611
1407811
1407811
1401343
1401343
1401343
1402597
1401981
1401981
1401981
1401981
1401981
1401981
1401981
1401981
1401981
1401365
1401365
1396397
1396397
1396425
1396425
1396425
1396425
1396425
1396425
1396425
1396425
1397585
1394295
1393959
1393959
1393959
1393959
1393959
1393959
1393959
1393959
1392583
1392583
1392583
1392583
1395043
1394068
1394068
1394068
1394068
1393574
1393574
1393574
1393574
1396334
1396334
1397686
1397686
1398445
1398445
1398445
1397716
1397716
1397716
1397716
1395480
1395480
1395480
1395480
1395480
1395480
1395480
1395480
1395480
1392190
1393642
1392388
1389252
1389252
1389252
1389252
1390412
1390412
1390412
1390412
1389612
1385452
1385452
1385452
1385452
1385452
1385452
1385452
1385452
1385452
1385452
1385452
1381484
1381484
1379988
1379988
1379988
1379988
1377909
1377909
1377909
1377909
1372269
1372269
1372763
1372763
1372763
1372763
1372763
1372763
1371603
1371603
1371501
1371501
1371501
1371501
1371501
1371501
1371501
1371501
1371501
1371501
1371501
1371501
1371501
1371501
1371501
1371501
1374261
1372885
1372885
1371725
1371725
1371725
1371725
1371725
1371725
1371725
1371725
1371725
1372061
1372061
1372061
1372061
1372061
1372061
1372061
1372061
1370609
1370609
1370609
1370609
1369809
1368555
1367395
1362943
1362943
1361491
1357949
1356497
1356497
1356497
1356497
1361747
1361747
1366715
1366715
1366715
1366715
1366715
1367855
1367855
1367855
1367855
1367855
1366898
1366282
1366282
1364930
1364130
1364130
1364130
1361894
1361894
1361894
1360734
1356159
1356159
1356159
1356159
1356159
1355665
1355665
1355665
1355665
1355665
1355665
1356159
1356159
1356159
1356159
1356159
1356159
1355430
1355430
1352670
1352670
1352670
1352670
1352670
1351713
1351713
1348293
1347153
1347153
1347153
1345777
1345777
1345777
1349041
1349041
1349041
1349041
1349041
1353201
1353201
1353681
1353681
1353681
1353681
1349521
1348169
1348169
1348169
1348169
1348169
1348169
1348169
1348169
1343201
1343201
1343201
1343201
1343201
1343201
1343201
1343201
1343201
1343229
1343958
1343958
1343958
1337694
1337694
1337694
1337694
1332444
1332444
1332444
1332444
1332444
1337694
1336737
1336737
1336737
1336737
1336737
1336737
1336737
1336737
1337466
1337466
1337466
1337256
1337256
1337256
1335880
1337232
1337232
1337232
1337232
1337232
1337232
1338372
1338372
1338372
1338372
1338372
1338372
1338372
1338372
1340732
1340732
1340732
1340760
1340760
1340760
1340760
1340760
1340760
1340760
1340760
1340760
1340760
1340760
1340760
1340760
1339384
1339384
1339384
1337932
1337932
1337932
1337932
1342900
1342900
1342900
1342900
1342900
1340664
1340664
1340664
1340664
1339504
1339504
1337425
1335973
1335973
1344093
1344093
1344093
1348253
1348253
1346083
1346083
1346083
1346083
1346083
1346083
1339615
1334647
1334647
1334647
1343607
1343607
1349871
1349255
1354895
1354895
1354895
1354895
1354401
1354401
1354401
1354401
1350981
1350981
1350981
1350981
1350981
1350981
1350981
1350981
1349605
1349605
1350957
1350957
1352333
1352333
1347365
1345989
1345989
1345989
1345989
1345989
1345189
1343110
1343110
1343110
1343110
1343320
1343320
1344460
1344460
1344460
1344460
1350724
1350724
1350724
1350724
1350724
1350724
1350724
1350724
1349767
1349767
1353057
1353057
1350697
1350697
1350697
1349321
1349321
1351681
1351681
1351681
1351681
1351681
1351681
1353033
1353033
1353033
1353033
1353033
1353033
1353033
1353033
1353033
1353033
1353033
1353033
1353033
1353033
1354409
1355366
1355366
1356742
1356742
1356742
1356742
1356742
1356742
1359102
1359102
1359102
1359102
1359102
1359102
1359102
1359102
1359102
1359102
1359102
1359102
1359102
1361462
1362419
1362419
1362209
1362209
1362209
1362209
1362209
1362209
1360039
1359280
1365468
1365468
1365468
1365468
1365468
1365468
1365468
1365468
1365468
1359204
1362746
1362746
1362644
1361292
1361292
1359840
1359840
1359840
1359840
1359840
1359840
1359840
1359840
1360176
1360176
1360176
1360176
1360176
1360176
1363596
1363596
1363596
1363596
1363596
1358200
1358200
1358410
1358410
1358410
1358410
1364050
1364050
1364050
1365402
1365402
1361242
1361242
1361242
1361242
1361242
1361242
1361242
1361242
1362694
1363174
1363174
1363174
1363174
1361678
1361678
1361678
1361678
1361678
1361678
1363030
1363030
1363030
1365109
1365838
1365838
1365838
1365838
1366567
1366567
1367296
1367296
1367296
1367296
1367296
1370838
1370838
1370838
1370838
1370838
1371630
1371630
1365162
1365162
1369290
1369290
1368674
1368674
1368674
1368674
1368674
1368674
1368674
1368674
1368674
1368674
1368674
1371964
1371964
1371484
1371484
1371484
1371484
1371484
1371484
1371484
1373944
1374736
1374526
1374526
1374526
1374424
1373808
1373808
1373808
1374424
1374424
1374214
1374214
1374214
1375468
1375468
1375468
1373108
1373108
1373108
1373108
1373108
1373108
1374248
1374248
1375624
1376764
1376764
1376764
1376764
1376764
1381339
1381339
1381339
1381339
1379103
1379103
1381695
1381695
1382855
1384109
1384109
1384109
1384109
1384109
1384109
1384109
1384109
1384109
1384109
1384109
1384109
1384109
1384109
1384109
1384109
1386345
1386345
1386345
1386345
1386345
1386345
1386345
1386373
1386373
1386373
1386373
1386373
1386373
1386475
1386475
1386475
1386475
1388835
1388835
1388835
1388835
1388835
1384707
1384707
1384707
1384707
1385682
1385682
1385682
1385682
1385682
1385682
1385682
1385682
1385682
1385682
1385682
1380432
1380432
1380432
1380432
1380432
1373772
1373772
1373874
1373874
1373874
1373874
1373874
1373874
1372917
1372917
1372917
1372917
1378557
1378557
1378557
1378557
1378557
1370437
1370437
1370437
1367977
1367977
1365385
1365385
1365385
1365385
1365385
1365385
1363306
1363306
1363334
1363334
1363334
1363334
1363334
1363334
1363334
1365694
1365694
1365694
1363458
1363458
1363458
1363458
1363458
1363458
1359916
1351138
1351138
1351138
1351138
1351138
1351754
1339205
1334237
1334237
1334237
1336697
1336697
1336217
1336217
1336217
1336217
1330367
1328915
1328915
1324947
1320495
1319043
1327191
1327191
1327191
1327191
1327191
1327191
1327191
1327191
1327191
1327191
1327191
1327191
1327191
1327191
1327191
1326031
1326031
1323671
1323671
1323671
1323335
1328731
1328731
1328731
1326371
1325755
1322465
1328933
1328933
1328933
1329427
1331506
1331506
1331506
1331506
1331506
1331506
1331506
1327054
1326560
1325306
1324970
1324970
1324970
1324970
1324970
1324970
1324970
1324970
1324970
1324354
1324354
1324354
1324354
1324354
1324354
1324354
1324354
1324354
1324354
1325154
1325154
1325154
1325154
1325154
1325154
1325883
1325883
1325883
1325883
1328343
1328343
1328343
1330422
1330422
1330422
1330422
1330422
1330422
1330422
1330422
1330422
1330422
1330422
1330422
1330422
1330422
1333964
1333964
1333964
1333964
1333964
1333964
1333992
1333992
1333992
1333992
1333992
1333992
1333263
1333263
1333263
1333263
1333263
1329103
1329103
1329103
1329103
1329103
1329103
1324135
1324135
1336411
1336411
1336439
1331043
1332297
1332297
1332297
1335447
1335447
1335447
1339607
1339607
1339607
1339607
1339607
1340407
1341023
1341023
1341023
1341023
1340223
1340223
1340223
1340433
1336273
1338733
1339227
1339227
1339227
1339227
1348427
1348427
1348427
1348427
1349587
1351666
1352806
1352806
1352806
1352806
1352806
1352806
1352806
1352806
1352596
1352596
1352596
1352596
1352596
1352596
1352596
1352596
1352596
1352596
1352596
1352596
1352596
1352596
1352596
1352596
1352596
1352596
1352596
1352596
1352596
1352596
1352596
1353212
1353212
1353212
1353971
1353971
1357939
1357939
1357939
1357939
1357939
1357939
1357939
1356563
1355763
1355763
1355763
1355763
1355763
1355763
1356492
1358852
1358852
1358852
1358852
1358852
1358852
1360304
1360304
1373984
1371814
1371814
1371814
1371814
1366418
1366390
1366390
1366390
1372765
1372765
1372765
1372765
1372765
1373722
1372468
1372468
1372468
1372468
1373844
1373844
1373228
1373228
1373228
1373228
1372428
1378068
1378562
1379362
1379362
1379362
1379362
1378108
1375938
1375938
1376274
1376274
1376274
1376274
1379564
1379564
1379564
1378607
1378607
1378607
1378607
1378607
1378607
1378607
1380686
1380686
1380686
1380686
1380686
1380686
1380686
1386186
1386186
1395386
1395386
1390811
1390811
1389836
1389836
1389836
1389836
1393100
1387250
1385996
1385996
1385996
1385996
1385996
1385996
1385267
1385267
1385267
1385267
1385267
1385267
1387627
1387627
1387627
1387627
1387627
1386373
1386345
1386345
1388424
1388424
1388424
1388424
1388424
1388424
1388424
1388918
1385376
1384896
1384896
1393016
1393016
1393016
1393016
1390208
1390208
1391368
1391368
1391368
1394658
1393929
1393200
1393200
1392040
1392040
1392040
1392040
1392040
1400188
1400188
1400188
1398109
1398109
1398109
1398109
1398109
1394819
1394819
1394819
1394819
1394819
1394819
1394819
1394819
1394819
1393467
1393467
1395827
1395827
1395827
1395827
1395827
1395827
1395827
1395827
1387679
1387679
1387679
1387679
1389055
1389055
1389055
1387801
1386844
1387801
1385825
1385825
1385825
1385825
1383200
1377560
1374018
1374018
1371658
1371658
1371658
1371658
1377054
1377390
1377390
1377390
1376136
1376136
1374996
1374996
1376448
1373312
1373102
1373102
1373102
1373102
1372373
1372373
1372373
1372373
1367798
1367798
1367798
1367798
1367798
1366638
1366638
1366638
1369263
1369263
1369263
1369263
1370063
1370063
1368923
1368923
1368923
1368923
1368923
1368923
1368923
1368923
1368923
1368923
1368923
1368923
1368923
1368923
1368923
1368923
1366947
1365451
1365451
1365451
1365241
1365241
1365241
1365241
1365241
1365241
1365577
1365577
1368337
1368337
1368337
1368337
1368337
1369789
1369789
1369789
1369789
1369789
1369789
1369789
1370929
1370929
1370929
1370929
1372381
1365913
1370881
1368711
1368711
1368711
1368711
1368375
1368375
1368375
1368375
1368375
1366296
1365042
1365042
1365042
1365042
1365042
1365842
1365842
1366982
1365842
1365842
1365842
1365842
1365842
1359794
1359794
1359094
1359094
1359094
1363062
1363062
1363062
1360702
1360702
1360702
1360702
1360702
1360702
1360702
1360702
1357942
1358671
1358773
1358773
1371877
1371877
1370501
1369125
1369125
1369125
1369125
1369125
1369125
1370477
1370477
1370477
1366130
1366130
1366130
1366130
1366130
1364778
1367014
1366986
1366986
1366986
1366986
1366986
1366986
1366986
1366986
1366186
1366186
1364932
1364932
1364932
1364932
1366186
1366186
1366186
1366186
1366186
1366945
1357985
1358777
1358777
1358777
1358777
1358777
1358777
1358777
1358777
1358777
1358777
1358777
1358777
1358777
1358777
1361237
1361237
1361237
1363597
1363597
1363597
1362457
1361500
1361980
1361980
1361980
1361980
1361980
1361980
1361980
1361980
1361980
1361980
1366327
1366327
1364951
1364951
1364951
1364951
1364951
1364951
1364951
1364951
1364951
1364951
1364951
1364951
1364951
1364951
1364951
1364951
1362591
1362591
1362591
1362591
1362591
1362591
1362591
1362591
1362591
1363391
1363391
1363391
1364843
1364843
1364843
1366295
1369055
1369055
1369055
1369055
1365765
1365765
1368901
1368901
1368901
1368901
1367525
1367525
1367525
1367031
1363611
1363611
1363611
1363611
1363611
1366371
1366581
1366371
1369635
1369635
1371871
1371871
1371535
1371535
1371535
1371535
1372264
1372292
1372292
1372292
1374652
1374652
1373512
1373512
1373540
1373750
1373750
1373750
1373750
1371390
1372530
1372530
1372740
1372740
1372740
1373880
1373880
1372923
1372923
1372923
1372923
1372923
1372923
1375383
1376735
1375976
1375976
1378336
1378336
1378336
1378336
1378336
1378336
1378336
1378336
1379095
1380052
1381009
1382505
1382505
1382505
1382505
1382505
1382505
1374357
1374357
1374357
1375611
1375611
1375583
1375583
1375583
1375583
1375583
1375583
1375583
1375583
1375583
1379003
1379003
1379003
1379003
1379003
1379003
1379003
1379003
1372535
1372535
1373675
1373675
1373675
1373675
1373675
1372883
1372883
1372883
1372883
1372883
1372883
1373499
1373499
1373499
1373499
1374228
1374228
1374228
1374228
1374228
1374228
1374228
1374228
1374228
1374228
1374228
1374228
1374228
1371992
1371992
1372949
1376491
1377745
1377745
1377745
1377745
1377745
1377745
1377745
1377745
1377745
1377745
1379121
1381357
1381357
1381357
1381357
1381357
1381357
1381357
1383717
1383717
1383717
1383717
1383717
1383717
1383717
1384333
1385785
1385785
1385785
1383425
1383425
1383425
1383425
1383425
1383425
1383425
1381929
1381929
1377354
1377354
1381929
1381929
1381929
1381929
1381929
1380553
1380553
1380553
1380553
1380553
1380553
1380553
1380553
1380553
1380553
1380553
1380553
1385128
1385128
1385128
1385128
1390096
1390096
1391592
1391592
1391592
1391592
1391592
1403205
1402405
1402405
1396765
1396765
1401340
1402099
1402099
1402099
1402099
1402099
1402099
1402099
1401370
1400611
1400611
1400611
1400611
1400611
1401105
1405265
1405265
1405265
1405265
1405265
1405265
1405265
1405265
1405265
1405265
1405265
1404308
1404308
1403579
1403579
1403579
1403579
1403579
1403579
1403579
1403579
1403579
1405658
1404206
1404206
1404206
1405006
1405735
1405735
1405735
1405735
1405735
1405735
1405735
1406494
1406494
1406494
1406494
1409784
1409784
1409784
1409784
1409784
1409784
1410400
1410400
1410400
1410610
1410610
1410610
1410610
1412062
1412062
1412062
1412062
1414522
1414522
1414522
1414522
1414522
1415479
1416095
1416095
1416095
1416095
1416095
1416095
1416095
1416095
1416095
1416095
1416095
1416095
1416095
1416095
1416305
1416203
1417343
1417343
1415891
1414637
1414637
1414637
1410185
1410185
1410185
1410185
1407425
1407425
1406696
1406696
1406696
1406696
1406696
1405967
1406583
1404759
1405488
1405488
1405488
1405488
1405488
1405488
1405488
1405488
1405488
1407848
1407848
1398888
1398888
1398888
1398888
1398888
1387275
1387769
1387769
1387769
1388385
1388865
1388865
1388529
1389009
1389009
1389009
1389009
1389009
1402689
1402689
1402689
1402689
1402689
1402689
1402689
1402689
1401237
1401237
1401237
1401237
1401237
1401237
1401237
1401237
1401237
1398612
1398612
1398612
1398612
1398612
1398612
1398612
1398612
1398612
1395852
1395852
1395852
1395852
1395852
1395852
1395852
1393392
1393392
1393392
1393392
1394744
1394744
1394264
1394264
1394264
1394264
1394162
1394162
1395482
1395454
1395482
1392674
1392674
1392674
1392674
1389132
1389104
1389104
1389104
1389104
1389833
1392969
1389427
1389427
1389427
1389427
1389427
1389427
1389427
1389427
1389427
1389427
1390779
1390779
1390779
1390779
1390779
1390779
1390779
1390779
1390779
1390779
1392858
1392858
1392858
1395450
1398740
1398740
1398740
1398740
1398740
1400819
1400819
1400819
1400819
1400819
1400819
1401959
1401959
1401959
1401959
1401959
1401959
1401959
1401959
1401959
1401959
1401959
1401959
1401230
1401989
1400829
1397539
1397539
1398268
1398268
1399428
1399428
1399428
1399428
1399428
1402188
1402188
1400109
1400109
1400109
1400589
1400589
1400589
1400589
1400589
1400589
1400589
1400589
1400589
1400691
1400691
1400793
1397985
1397985
1398942
1398942
1400394
1400394
1399594
1399594
1399594
1399594
1399258
1399258
1395994
1396330
1396330
1396330
1396330
1395538
1394563
1394563
1393111
1393111
1397271
1397271
1397271
1399631
1399631
1399631
1399631
1399631
1399631
1399631
1399631
1399631
1399631
1398656
1398656
1398656
1395392
1395392
1395392
1395392
1395392
1395392
1395392
1395392
1393940
1390520
1390520
1391279
1389200
1388584
1388584
1391848
1391848
1391848
1388712
1388712
1388712
1388712
1388712
1388712
1388712
1388712
1388712
1388712
1388712
1388712
1388712
1388712
1388712
1388712
1388712
1388712
1390948
1390948
1390948
1390948
1390948
1390948
1390948
1390948
1390948
1388188
1388188
1384898
1384796
1384796
1384796
1384796
1384796
1384796
1384796
1384796
1384796
1384796
1384796
1384796
1381646
1376146
1376146
1376146
1376146
1376146
1376248
1376248
1376248
1376248
1376248
1376248
1376248
1374012
1374012
1374012
1372636
1372738
1372738
1372738
1372738
1370278
1366988
1372448
1372448
1372448
1372448
1372448
1372448
1372448
1372448
1371689
1371689
1371587
1371485
1371485
1371485
1362285
1362285
1362285
1362285
1362285
1357938
1357938
1357938
1357938
1357938
1355702
1354943
1358079
1357977
1357977
1357977
1357977
1355385
1355385
1355385
1355385
1357745
1357745
1356369
1356369
1356369
1356369
1356369
1356369
1356369
1356369
1356369
1357529
1357529
1357529
1375169
1375141
1375141
1375141
1375621
1371461
1370141
1370141
1370141
1371281
1371281
1372633
1373887
1373887
1373887
1377177
1377177
1377177
1377177
1377177
1379256
1379256
1379256
1379466
1379466
1379466
1379466
1379466
1378306
1378306
1378306
1378306
1378306
1378306
1378306
1380282
1380282
1380282
1380282
1380282
1380282
1380282
1380282
1381442
1381470
1381470
1381470
1381470
1381470
1381470
1381470
1381470
1381470
1381470
1381470
1385630
1386359
1386359
1386359
1386359
1386359
1386359
1386359
1386359
1386359
1386359
1386359
1386359
1386359
1386359
1386331
1386303
1386303
1386303
1386639
1386639
1386639
1387368
1387368
1387368
1387368
1387368
1390788
1390788
1390788
1390788
1390788
1390788
1390788
1390788
1390788
1390788
1390788
1390998
1390998
1393234
1393234
1393234
1393234
1393262
1393262
1393262
1393262
1393262
1393262
1393262
1393262
1393262
1393262
1395341
1396693
1396693
1396693
1396693
1396693
1396693
1396693
1396693
1395553
1396353
1396353
1398713
1397913
1397913
1397913
1397913
1397913
1397913
1398713
1393745
1393745
1392585
1391969
1391969
1391969
1391969
1391969
1391969
1391969
1393129
1393129
1393129
1393129
1393129
1393129
1393129
1393129
1393129
1393129
1393129
1393129
1393129
1393129
1394581
1394581
1391956
1394716
1394236
1394236
1394236
1393096
1393096
1393096
1393096
1390736
1390736
1390736
1390736
1390736
1391230
1391230
1391230
1391230
1391230
1391230
1390090
1392326
1392326
1388784
1388784
1388812
1388812
1387460
1383300
1383300
1382541
1382541
1382541
1382541
1382541
1382541
1390689
1390689
1390689
1390689
1390661
1390763
1390763
1390763
1390763
1390763
1390763
1390763
1390763
1390763
1390763
1390763
1390763
1390763
1390763
1390763
1398911
1398911
1398911
1398911
1398911
1398911
1398911
1398911
1398911
1398911
1398911
1397657
1399893
1399893
1399893
1399893
1401972
1402929
1402929
1402929
1402929
1402929
1405008
1407087
1407087
1407087
1407087
1408227
1408227
1408227
1408227
1408227
1408227
1408227
1408227
1408227
1408227
1408227
1408227
1408227
1408843
1408843
1408843
1408843
1412263
1412263
1411103
1409943
1409943
1409943
1409943
1409943
1408491
1408491
1408491
1408491
1408491
1408491
1409191
1409191
1408031
1408031
1408823
1406653
1406653
1405301
1405301
1405301
1405301
1405091
1405091
1405091
1405091
1405091
1404291
1404291
1404291
1405248
1405248
1405248
1406700
1406700
1404240
1404240
1404240
1404240
1400080
1404240
1404240
1404240
1404240
1405197
1395997
1395997
1392847
1392847
1392847
1392847
1392847
1392847
1392847
1398307
1399803
1399803
1399803
1400963
1402103
1402103
1402103
1401344
1401344
1401344
1401344
1401344
1395844
1395364
1395364
1395364
1395364
1395364
1395364
1395364
1395364
1395364
1395364
1395364
1400864
1400864
1400864
1400864
1400864
1397322
1394032
1394032
1394032
1394032
1394032
1394032
1394832
1396284
1396284
1396284
1396284
1396284
1396284
1396284
1396284
1397084
1397084
1397084
1399544
1399544
1399544
1399544
1399544
1399544
1399544
1399544
1399544
1399544
1402304
1402304
1403464
1403464
1403464
1403464
1403464
1401968
1401632
1401632
1401632
1401632
1395257
1395257
1394921
1395896
1395896
1395998
1395998
1395998
1395998
1395998
1395998
1395998
1399262
1399262
1396902
1396902
1397382
1397382
1397382
1397382
1397382
1397382
1397382
1397382
1397382
1397382
1397382
1402350
1402350
1402350
1402844
1402844
1402844
1402844
1402844
1402844
1402844
1402844
1404196
1406275
1406275
1406275
1406275
1406275
1407232
1410652
1413012
1413012
1413012
1413012
1410776
1413012
1413114
1413114
1413114
1413730
1413730
1413730
1413730
1413730
1413730
1413730
1413730
1413730
1414224
1414224
1414224
1414224
1414224
1411988
1411988
1411886
1408466
1408466
1408466
1407850
1407850
1407850
1394170
1394170
1394170
1395424
1403572
1403572
1403572
1403572
1403572
1403572
1403572
1402597
1402117
1402117
1402453
1398293
1394165
1390875
1392195
1392195
1391715
1391715
1391715
1392515
1392515
1394751
1394723
1394723
1398691
1393231
1393231
1393231
1393231
1393960
1395456
1395456
1395456
1395456
1395456
1395456
1395456
1395456
1395456
1395456
1392036
1392036
1393488
1393488
1393488
1393152
1393152
1393152
1395512
1392222
1398486
1398486
1398486
1398486
1398486
1398696
1398696
1400148
1400148
1400148
1400148
1400148
1400148
1400148
1400148
1400148
1400148
1400148
1399938
1394970
1398938
1398938
1398938
1398938
1398938
1395396
1395396
1393317
1393317
1393317
1393317
1389349
1389349
1389349
1389349
1389349
1389349
1389965
1389965
1389965
1389471
1389471
1393013
1393013
1393013
1393013
1393013
1393013
1393013
1388045
1388045
1388045
1388661
1387932
1387932
1387932
1387203
1389663
1389663
1390463
1390463
1390463
1390463
1389087
1389087
1379887
1378633
1375091
1375091
1375091
1375091
1375091
1375091
1375091
1375091
1375091
1375091
1375585
1375585
1375585
1375585
1375585
1375585
1375585
1375585
1376344
1376344
1358704
1359463
1359463
1359463
1363005
1363005
1363005
1363005
1366547
1366547
1366547
1366547
1365195
1365195
1361653
1361653
1361653
1361653
1361653
1361653
1350313
1362862
1359598
1359598
1364050
1364544
1368512
1368302
1369259
1369259
1369259
1367883
1367883
1367883
1367883
1369335
1369335
1369335
1369233
1372775
1374854
1374854
1374854
1373600
1374094
1374094
1371286
1371286
1371286
1368478
1367686
1367714
1367714
1368443
1368443
1368233
1370593
1373053
1374010
1374010
1374010
1374010
1374010
1371840
1371840
1365990
1365990
1365654
1362364
1362364
1360868
1359893
1364021
1364021
1364021
1364021
1361851
1361371
1361371
1361371
1361371
1361371
1366621
1366621
1366621
1367115
1367844
1367844
1367844
1368180
1368180
1366804
1366832
1366832
1368911
1371671
1371671
1371671
1371671
1371671
1373750
1373750
1373750
1373750
1373750
1373750
1373750
1373750
1373750
1373750
1373750
1374910
1375669
1375669
1375669
1375669
1375669
1375669
1375669
1375669
1375669
1375669
1375669
1376428
1376428
1376428
1376428
1376428
1376428
1376428
1376428
1376764
1373308
1373098
1373098
1371746
1371746
1372703
1372703
1372703
1374055
1383255
1383255
1386675
1385179
1385179
1385179
1371499
1372875
1372875
1372075
1372075
1376135
1381103
1381103
1381103
1381103
1381103
1382555
1382555
1382219
1382219
1381603
1381603
1381603
1379433
1379433
1379433
1379433
1378293
1378293
1378293
1378293
1378293
1378293
1378293
1382453
1382453
1381293
1379214
1379214
1379214
1379214
1379214
1379214
1379214
1382634
1382634
1387086
1385007
1380847
1380847
1380231
1380231
1380231
1380231
1386699
1386699
1386699
1387193
1387193
1387687
1387207
1387207
1387207
1387207
1386591
1386591
1386591
1386591
1388087
1388087
1388087
1389044
1398004
1398961
1398961
1398989
1398989
1398989
1392801
1392801
1394297
1394297
1394297
1391937
1383817
1383817
1384546
1381126
1381126
1381126
1381126
1381126
1381126
1381126
1378366
1378366
1378366
1378366
1378366
1378366
1379526
1379526
1379526
1379526
1379526
1378734
1378734
1378734
1378734
1378734
1378734
1378734
1378734
1381194
1381194
1381194
1381194
1381194
1390154
1390154
1390154
1394122
1395376
1395376
1395376
1395376
1401564
1401564
1401564
1401564
1401564
1401564
1409724
1409724
1409622
1409622
1409622
1409622
1409622
1409724
1409724
1409724
1408372
1416520
1416520
1416520
1416520
1416520
1416520
1415360
1415360
1415360
1415360
1415360
1415360
1421000
1421000
1421000
1421000
1425575
1423115
1423325
1422596
1422596
1421639
1421639
1421639
1421639
1421639
1421639
1421639
1421639
1428107
1428107
1427491
1427491
1427491
1426997
1426997
1426997
1426997
1426040
1426040
1426040
1426040
1426040
1427180
1427180
1427180
1427180
1433368
1433368
1433368
1433368
1433368
1433368
1433368
1433158
1437318
1437318
1437318
1437318
1436589
1436589
1435137
1435137
1435137
1435137
1435473
1435473
1435473
1435473
1435473
1435473
1435473
1434097
1434097
1425949
1425949
1425949
1425977
1425977
1425977
1426593
1426593
1431561
1431561
1432937
1427297
1427297
1430587
1430587
1430587
1427779
1427779
1427779
1427163
1427163
1427163
1427163
1427163
1426434
1426434
1424264
1424264
1424264
1424264
1423104
1423104
1423104
1423104
1423104
1423104
1420296
1419567
1419567
1418767
1418767
1417415
1417415
1417415
1417415
1417415
1417415
1417415
1417415
1418791
1413291
1413291
1413291
1413291
1413291
1413291
1413291
1412955
1412155
1412183
1412183
1412183
1411383
1411383
1410426
1410426
1410426
1410426
1410426
1410426
1410426
1410426
1410426
1409451
1409451
1409451
1406991
1406991
1406991
1406991
1406991
1406991
1406991
1406991
1406991
1405639
1406133
1406133
1406133
1406133
1406133
1406133
1406133
1406133
1406133
1407090
1407090
1407090
1409850
1409850
1409850
1411104
1411104
1411076
1411076
1416576
1415416
1415416
1415416
1416768
1416768
1412193
1405929
1405929
1405929
1405929
1405929
1405929
1405929
1405929
1405929
1405593
1405593
1405593
1402303
1402303
1402303
1402303
1402303
1402303
1402303
1402303
1402303
1405439
1405439
1405919
1405919
1405919
1403111
1403111
1403111
1403111
1403111
1403111
1401951
1401951
1405493
1405703
1405703
1405703
1405703
1409123
1409123
1409123
1409123
1409123
1410475
1413895
1413895
1413895
1413895
1413895
1413895
1419291
1419291
1422051
1422545
1422545
1422545
1423705
1423705
1423705
1423705
1423915
1423915
1423915
1423915
1423915
1423705
1423705
1423705
1423705
1423705
1423705
1424865
1424865
1424865
1424865
1423489
1424865
1424865
1424865
1423413
1423413
1423413
1423413
1423413
1423413
1425649
1425649
1425649
1425169
1425169
1425169
1425169
1425169
1428459
1426223
1426223
1426223
1424969
1427139
1427139
1427139
1427139
1427139
1427139
1427139
1427139
1426182
1422892
1419472
1419472
1418218
1418218
1418218
1413250
1413250
1413250
1413250
1413250
1413250
1413250
1413250
1413250
1413250
1409708
1406166
1404912
1404912
1404912
1404912
1404912
1404912
1404912
1406991
1402023
1402023
1402023
1402503
1402503
1402503
1403460
1403460
1403460
1406596
1406596
1406596
1406596
1406596
1406596
1406596
1406596
1406596
1408956
1408956
1408956
1408956
1408956
1408956
1408956
1408956
1408956
1408956
1408956
1408956
1406720
1406720
1406720
1406720
1406720
1406720
1406720
1410262
1410262
1410262
1410262
1410262
1410262
1407902
1407902
1407902
1407902
1407902
1404638
1405132
1406089
1406089
1406089
1406089
1408549
1408549
1408549
1408549
1409308
1409308
1409308
1409308
1409308
1409308
1409308
1406044
1410619
1410619
1410619
1410619
1410619
1412979
1412979
1412979
1412979
1421127
1421127
1421127
1422623
1422623
1422623
1422623
1422623
1422623
1422623
1422623
1422623
1422595
1426137
1426137
1426137
1426137
1426137
1426137
1426137
1426137
1426137
1417989
1416637
1416637
1415185
1415985
1415985
1415985
1415985
1415985
1415985
1415985
1415985
1409517
1409517
1409619
1409619
1409619
1404223
1404223
1404223
1404223
1404223
1404223
1407765
1407765
1407765
1407765
1401501
1401501
1402661
1402661
1402661
1402661
1402661
1402661
1402661
1402661
1402661
1399371
1399371
1399371
1398877
1398877
1398877
1397501
1397501
1406461
1406461
1406461
1405661
1405661
1405045
1402966
1402966
1402966
1402966
1402966
1402966
1402966
1402966
1402966
1402966
1402966
1402966
1402966
1402966
1402966
1402966
1402966
1402966
1402966
1402966
1397998
1397269
1397269
1397269
1397269
1397269
1397269
1397269
1391769
1391769
1391769
1391769
1391769
1391769
1391769
1391769
1392726
1392726
1392726
1392726
1392726
1392726
1392726
1393683
1393683
1393683
1393683
1399183
1398383
1398383
1398383
1398383
1397007
1397007
1396527
1396527
1396527
1402715
1402715
1402715
1402715
1403444
1399902
1400112
1400112
1400112
1400112
1400112
1400112
1400112
1404687
1401397
1401397
1404157
1404157
1404157
1402997
1402997
1402022
1400702
1405670
1405670
1402128
1402128
1402128
1401512
1401512
1401512
1403008
1403008
1403008
1403008
1403008
1402528
1402528
1402738
1402738
1400659
1401153
1401153
1401153
1403613
1402453
1402453
1402453
1402453
1402453
1402453
1402453
1401001
1401001
1401001
1401001
1401001
1401001
1401001
1401001
1401211
1401211
1401211
1401211
1401211
1401211
1399859
1399859
1399859
1399859
1397051
1397051
1395555
1395555
1395555
1395555
1395555
1395555
1395555
1395555
1394755
1394755
1394755
1394755
1393303
1393303
1393303
1392823
1392823
1392823
1392823
1392823
1392823
1392823
1392721
1393057
1393159
1393159
1395238
1395238
1395238
1395238
1395238
1395238
1395238
1394622
1394622
1394622
1397247
1397247
1397863
1397761
1397761
1397551
1397551
1398031
1399171
1399171
1399171
1399171
1399171
1399171
1398677
1398677
1398677
1401437
1400297
1401026
1397570
1397570
1397570
1397570
1397570
1397570
1397570
1398710
1398710
1398710
1400162
1400162
1400162
1400162
1401614
1401614
1401614
1398854
1398854
1398854
1398854
1401214
1401214
1401214
1401214
1404478
1404478
1401718
1401718
1401718
1401718
1401718
1401718
1401718
1401718
1401718
1395868
1398628
1398628
1398628
1398628
1401918
1401118
1401118
1401598
1396098
1399518
1399518
1399518
1399518
1394058
1394058
1394758
1395517
1395517
1395517
1395517
1395517
1394788
1394788
1394788
1394788
1393336
1391960
1391960
1390706
1390706
1390706
1390706
1390706
1390706
1390706
1388627
1388627
1388011
1383436
1383436
1383436
1383436
1382276
1382248
1382248
1382248
1381754
1381754
1380302
1380302
1382381
1382381
1382875
1382875
1386417
1386417
1385658
1385658
1385658
1385658
1385658
1385658
1385658
1385658
1385658
1384338
1385592
1385592
1389134
1389134
1383494
1382042
1382042
1382042
1377882
1377882
1377882
1377854
1377854
1377854
1376358
1376358
1376358
1376358
1376358
1376148
1376148
1376148
1376148
1373912
1373912
1373912
1373912
1375364
1375364
1376093
1376093
1371641
1371641
1371641
1371147
1371147
1371147
1374411
1374411
1374411
1374411
1374411
1369836
1367757
1367757
1367757
1367757
1367757
1367757
1367757
1367757
1367757
1365165
1365165
1365165
1364025
1364025
1364025
1364025
1364025
1364025
1364025
1358385
1358385
1358385
1358385
1355577
1354777
1354777
1354777
1354777
1354777
1354777
1360417
1360417
1360417
1360417
1355021
1355021
1355021
1355021
1355021
1354292
1354292
1354292
1355249
1355249
1353797
1355876
1355876
1355876
1355904
1355904
1358140
1358140
1358140
1358140
1358140
1359516
1359516
1359516
1359516
1359516
1359516
1359516
1359516
1359516
1359516
1359516
1359516
1358757
1358757
1359557
1359557
1360357
1360851
1360851
1361345
1358055
1358055
1358055
1356895
1356895
1356895
1356895
1356895
1356895
1359655
1359655
1359683
1359683
1359683
1361762
1361033
1361033
1361033
1361033
1361033
1361033
1361033
1361033
1361033
1361033
1361033
1358954
1358954
1358954
1358954
1358954
1355412
1355412
1355412
1355412
1355412
1355412
1355412
1355412
1353960
1353960
1353960
1353960
1353960
1353960
1353960
1353960
1353960
1356320
1356662
1356662
1368275
1368377
1368377
1368377
1368377
1368377
1368377
1369106
1369106
1374502
1374502
1374502
1374502
1374502
1373362
1373362
1373362
1370554
1373362
1373362
1373362
1373362
1373362
1373362
1373362
1373362
1373362
1372868
1372868
1372868
1372868
1372868
1372868
1372868
1372868
1372868
1370508
1371267
1370538
1370538
1370538
1370538
1370538
1370538
1370538
1370538
1370538
1370538
1370538
1372898
1367648
1367648
1366691
1366691
1369151
1369151
1369151
1369151
1370527
1370527
1369151
1369151
1369151
1369049
1365629
1365629
1365629
1365135
1365135
1365135
1365135
1365135
1365135
1365135
1365135
1365135
1365135
1366092
1366092
1366092
1366092
1368328
1368328
1368328
1365968
1365968
1365968
1365968
1365968
1365968
1365968
1365968
1365968
1365968
1365968
1365968
1365968
1365968
1365968
1365968
1365968
1365968
1365968
1365968
1365968
1365968
1365968
1365968
1365968
1365968
1365968
1365968
1365968
1365968
1366584
1366584
1366584
1366584
1366584
1366584
1366584
1366584
1366584
1367313
1367313
1367313
1367313
1367313
1367313
1367313
1367313
1367313
1367313
1367313
1369673
1369673
1369673
1369673
1369673
1369673
1369673
1369673
1369673
1369571
1369571
1369571
1369571
1369571
1369571
1369571
1369781
1369781
1369781
1369781
1369781
1369781
1369781
1369781
1369781
1369781
1369781
1369781
1369781
1369781
1369781
1369781
1369781
1369781
1369781
1369052
1369052
1368323
1368323
1368323
1368323
1368323
1368323
1366827
1370369
1372345
1374937
1374937
1374937
1374937
1374937
1374937
1374937
1374937
1374937
1374937
1374937
1374937
1373561
1373561
1373561
1373561
1373561
1373561
1373561
1373561
1373561
1372109
1372109
1369649
1366889
1366889
1366889
1366160
1366160
1370288
1370288
1370288
1370288
1370288
1370288
1370288
1370288
1370288
1370288
1370288
1370288
1370904
1370904
1370104
1367344
1367344
1367344
1367344
1367344
1367344
1367344
1367344
1367344
1367344
1367344
1367344
1367344
1367344
1367344
1371919
1371919
1371919
1371919
1371919
1371919
1369749
1369749
1369749
1369749
1374717
1373958
1373229
1373229
1374029
1374029
1374029
1374029
1365881
1364721
1364721
1364721
1364721
1364721
1364721
1364721
1364721
1364721
1364721
1364619
1364619
1364619
1364619
1364619
1364619
1364619
1364619
1365576
1365576
1365576
1365576
1362286
1371486
1371458
1371458
1371458
1370006
1370006
1370006
1370006
1364610
1364610
1364610
1363234
1363234
1363234
1358782
1358782
1358782
1358782
1358782
1358782
1361142
1361142
1361142
1361142
1362282
1362282
1361946
1367446
1367446
1368942
1369742
1369742
1369742
1369742
1369742
1371094
1371094
1374636
1374636
1374636
1374636
1374636
1374608
1374608
1374608
1372372
1372372
1371572
1371572
1371572
1371572
1371572
1371572
1373808
1373808
1373808
1373808
1379204
1379204
1379204
1379232
1379232
1379232
1379232
1379232
1379232
1379232
1379232
1379232
1379232
1379232
1379232
1381468
1381468
1381468
1381468
1381468
1381468
1381468
1381468
1381468
1381468
1381468
1381468
1381468
1381468
1377308
1377644
1377644
1377644
1377644
1377644
1377644
1377616
1377406
1378726
1378726
1378726
1373086
1373086
1373086
1373086
1373086
1370850
1370850
1370850
1370850
1370234
1370234
1366814
1365654
1365654
1361202
1361202
1361202
1354827
1354827
1354827
1354827
1354827
1352591
1353751
1353751
1353751
1353751
1353751
1359251
1359251
1359251
1359251
1359251
1359251
1359251
1360226
1360226
1360226
1360226
1368374
1368374
1365914
1365914
1365914
1365914
1364774
1364774
1364774
1366944
1368084
1368084
1368084
1373052
1371912
1373232
1373232
1373232
1373232
1372473
1372473
1376633
1376633
1376633
1376633
1375904
1375904
1375904
1375904
1376240
1376240
1376240
1376240
1376240
1376240
1376240
1376240
1376240
1375624
1375624
1375624
1375624
1375624
1375624
1375624
1375624
1375624
1375624
1375624
1375624
1375624
1375624
1375624
1375624
1375624
1375652
1381048
1381048
1381664
1381766
1381766
1381766
1379530
1379530
1379530
1379320
1379320
1375192
1377428
1377428
1377428
1377428
1377428
1375068
1373692
1364492
1364492
1364492
1362996
1362996
1362996
1362996
1362996
1360917
1360917
1360188
1360188
1360188
1360188
1360188
1358812
1358812
1358812
1365187
1365187
1362827
1362827
1362827
1361451
1361451
1361451
1362827
1362827
1362827
1362827
1362827
1362827
1362827
1362827
1362827
1362827
1362827
1362827
1362827
1362827
1362827
1362827
1362827
1362827
1362827
1362827
1362027
1360575
1360575
1360575
1360575
1360575
1360575
1360575
1359415
1359415
1359415
1359415
1359415
1359205
1359205
1359205
1359205
1359205
1359205
1359205
1359205
1357853
1357853
1357853
1357853
1357853
1357881
1363381
1363381
1363381
1364757
1364655
1360203
1360203
1358751
1357611
1361771
1361771
1361771
1360631
1360631
1360631
1360631
1360631
1360631
1360631
1360631
1360631
1360603
1361395
1361395
1361395
1362011
1362011
1362011
1362011
1365553
1365553
1362133
1360879
1361854
1362811
1364163
1364163
1364163
1364163
1364163
1364163
1364163
1362787
1362787
1362787
1362787
1362787
1362787
1362787
1362787
1362787
1362787
1362787
1362787
1362787
1362787
1362787
1362787
1362787
1362787
1362787
1362787
1362787
1362787
1362787
1362787
1362787
1365147
1365147
1365147
1365147
1365147
1366523
1366523
1365566
1365566
1365566
1366060
1363700
1363700
1363700
1366060
1366060
1366860
1366860
1366860
1366860
1366860
1361464
1361464
1361464
1360735
1355339
1360979
1360979
1360979
1360179
1360179
1359450
1358834
1358834
1358105
1358105
1358105
1358105
1358105
1361395
1361395
1361395
1361395
1361395
1361395
1359943
1359943
1359943
1359943
1359943
1359943
1359943
1359943
1361263
1361263
1361263
1361053
1361053
1361053
1361053
1363413
1363413
1363413
1363413
1363413
1363413
1363413
1364667
1364667
1364667
1364667
1366746
1361106
1358646
1358646
1358646
1358152
1358152
1358152
1358152
1358152
1358152
1358152
1358152
1358152
1358124
1357167
1357167
1357167
1357167
1357167
1357167
1357167
1357167
1352199
1351399
1349320
1349320
1349320
1349320
1349320
1348591
1348591
1348591
1348591
1346131
1346131
1346131
1346131
1341679
1341679
1341679
1341679
1341679
1341651
1341651
1340275
1340275
1334425
1334425
1334425
1334425
1334425
1334425
1334425
1334425
1334425
1332929
1332901
1332901
1332901
1332901
1332901
1328741
1328741
1328741
1328741
1328405
1328405
1328405
1328405
1324863
1324863
1324863
1324104
1324104
1323147
1323147
1320787
1320787
1320787
1319627
1319627
1319627
1318175
1318175
1318175
1318175
1318175
1318175
1312925
1312589
1311429
1311429
1311429
1311429
1311429
1311429
1311429
1309193
1309193
1309193
1306833
1306833
1306833
1306833
1306833
1306833
1309193
1309193
1309193
1309193
1309193
1309193
1309193
1309193
1309193
1309193
1309193
1309193
1309193
1309193
1309193
1309193
1309193
1309193
1309193
1309193
1309193
1309193
1309193
1309193
1309193
1309193
1305033
1305033
1305033
1305033
1305033
1304417
1304417
1304417
1304417
1301657
1300305
1300305
1300305
1300305
1298953
1298953
1298953
1297793
1297793
1297765
1297765
1297765
1297765
1297765
1297765
1297765
1297765
1297765
1297765
1297765
1297765
1297765
1297765
1297765
1297765
1297765
1297765
1297765
1297765
1297765
1297765
1297765
1297765
1297765
1297765
1297765
1297765
1297765
1297765
1297765
1297765
1296413
1296413
1296413
1296413
1294053
1293717
1292463
1292463
1292463
1292463
1292463
1292463
1292463
1290103
1290103
1288849
1288849
1288513
1288513
1288513
1288513
1288513
1288485
1288275
1287546
1286194
1285237
1285237
1285237
1285237
1285237
1285237
1285237
1285237
1285237
1284097
1284097
1284097
1284097
1284097
1281737
1281243
1277083
1277083
1277083
1277083
1277083
1277083
1277083
1272115
1272115
1272115
1272115
1272115
1272115
1270663
1270663
1270663
1270663
1270663
1270663
1270663
1266503
1266503
1266503
1266503
1266503
1266503
1264424
1263264
1263264
1263264
1263264
1263264
1263264
1263264
1263264
1263264
1261812
1261812
1261812
1261812
1261812
1261812
1261318
1260178
1260178
1259698
1259698
1259698
1259698
1259698
1259698
1259698
1259698
1258741
1258741
1258741
1258741
1258741
1258741
1258741
1258741
1257365
1257365
1257365
1257365
1255286
1251318
1251318
1251318
1251318
1250158
1250158
1250158
1243894
1235774
1235774
1233014
1233014
1233014
1233014
1232398
1232398
1232398
1232398
1232398
1231258
1231258
1231258
1231258
1231258
1231258
1231258
1231258
1230529
1230529
1228450
1228450
1228450
1219490
1219490
1219490
1219154
1219154
1219154
1219154
1219154
1218014
1218014
1214750
1214722
1214722
1214512
1214512
1210544
1210544
1210544
1218692
1218692
1218692
1218692
1209732
1209732
1209732
1203544
1203544
1203544
1203544
1203544
1203544
1203544
1203544
1203544
1203544
1203544
1203544
1203544
1204798
1204798
1204798
1204798
1204798
1203544
1203544
1203544
1197356
1197356
1197356
1197356
1194996
1192371
1192371
1192371
1192371
1192371
1192371
1191877
1189417
1188277
1188277
1188277
1188277
1188277
1188277
1187783
1187783
1187783
1187783
1187783
1186643
1186643
1185291
1185291
1185291
1185291
1185291
1185263
1184769
1184769
1184769
1184769
1180801
1180801
1180185
1176765
1176765
1176765
1176765
1176765
1176765
1176765
1176765
1176765
1176765
1176765
1176765
1173475
1173475
1173475
1173475
1173475
1173475
1167211
1167211
1166071
1166071
1166071
1166071
1166071
1165271
1165271
1165271
1165271
1165271
1162911
1162911
1162152
1162152
1162152
1159692
1159692
1159692
1158900
1158900
1158900
1158690
1158690
1153294
1153294
1153294
1153294
1149166
1149166
1148026
1148026
1147226
1147226
1147226
1139106
1139106
1139106
1139106
1139106
1139106
1136514
1136514
1136514
1136514
1135162
1122058
1122058
1116418
1116418
1116418
1116418
1116418
1112258
1112258
1112258
1112258
1112258
1112258
1111778
1111298
1110569
1105319
1093043
1091789
1091789
1091789
1091789
1090832
1088372
1084830
1084038
1083309
1083309
1082169
1081675
1081339
1081339
1073191
1067691
1065455
1065455
1065455
1065455
1065455
1065455
1062035
1060895
1059938
1059938
1059938
1051790
1051790
1051790
1051790
1050414
1050414
1050414
1036734
1036734
1034498
1034498
1034498
1034498
1034498
1034498
1033338
1033338
1033338
1033338
1033338
1032381
1031765
1031737
1030361
1030361
1030361
1030361
1033817
1033817
1036953
1036953
1036953
1051803
1055067
1060317
1066167
1077780
1077780
1082748
1082748
1082748
1082748
1082748
1082748
1082748
1084984
1084984
1084984
1085684
1085684
1085684
1088044
1088044
1088044
1088044
1088044
1088044
1088044
1085684
1085684
1085684
1085684
1084232
1084232
1084232
1084232
1084232
1082780
1082780
1082780
1082780
1080420
1080420
1073952
1072500
1070040
1070040
1070040
1066750
1066750
1066750
1066750
1066750
1066722
1063302
1063302
1063302
1063302
1062327
1062327
1062327
1059967
1059967
1059967
1059967
1059967
1059238
1059238
1057886
1057886
1052246
1052246
1052246
1052246
1052036
1052036
1052036
1052036
1052246
1052554
1052554
1055844
1055844
1055844
1055844
1055844
1059386
1059386
1059386
1062536
1062536
1062536
1068584
1068584
1068584
1068584
1069936
1069936
1079136
1079136
1079136
1079136
1079136
1079136
1079136
1079136
1069936
1069936
1069136
1066376
1066376
1065760
1063681
1063681
1063681
1060391
1060391
1060391
1060391
1060391
1060391
1059251
1058459
1058459
1057107
1057107
1057107
1057107
1057107
1052139
1051410
1051410
1051200
1051200
1051200
1051200
1051200
1049748
1049646
1049646
1049646
1048846
1048846
1048846
1048846
1045304
1044968
1040393
1040393
1038314
1038104
1036944
1036944
1036944
1035568
1035568
1034314
1034314
1034314
1034314
1034314
1034416
1032056
1035192
1035090
1035090
1035090
1035090
1035090
1040486
1040486
1040486
1040486
1028873
1028144
1030504
1030504
1031233
1031233
1032553
1032553
1027157
1027157
1027157
1027157
1027157
1026815
1026815
1026815
1023551
1023551
1023551
1023551
1023551
1023551
1021091
1021091
1015451
1015451
1015451
1015451
1012161
1012161
1012161
1012161
1005786
1005786
1005786
1005684
1005684
1004188
1003978
1003978
1003978
1001518
1001518
1001518
1001518
1000142
999342
999342
999342
999342
999342
998583
997131
996331
996331
995191
995191
994462
994462
993733
993733
993733
993117
993117
993117
993117
993117
993117
993117
993117
993117
993117
993117
993015
993015
990936
990936
990936
990936
988576
988576
988576
988576
988576
988576
987256
987256
987256
987256
987256
987256
987256
987256
987256
981860
981860
981860
980408
972260
972260
972050
972050
972050
972050
972050
967703
967703
967703
967703
967703
967703
967703
967703
965467
965467
965467
965467
965467
965467
964213
964213
964213
962761
961507
960155
955187
941507
941507
941507
941507
941507
940550
940550
940550
940550
940550
940550
940550
940550
940550
938190
938190
938190
938190
936738
936738
936738
936009
936009
936009
935673
935673
935673
932913
932913
931537
931043
931043
931043
931043
931015
931015
931015
931015
931015
931015
931015
931015
931015
931015
931015
931015
929761
929761
929761
927682
922222
919862
917102
917102
917102
917102
917102
917102
917102
917102
916486
916486
915346
915346
915346
921394
921394
920042
920042
920042
920070
920070
921422
926390
926390
925590
925590
926730
926730
921334
919098
924598
919098
919898
919898
919870
920206
922442
926894
926894
926894
926894
926894
926894
926894
926894
926894
926894
926894
926894
926894
926894
926278
926278
926278
922988
922988
922988
922886
919750
919750
919750
919750
919750
919750
919750
918398
918398
918398
918398
918398
918398
918398
918398
918398
918398
918398
918398
916162
916162
912898
912898
912898
912898
912898
912898
912098
910019
910019
909403
908243
907514
907514
906557
906455
904219
903519
901159
897703
894567
879717
876453
876453
870603
870603
870603
858990
853740
853740
853740
853740
848772
848772
848772
840624
839667
837691
837691
837691
837691
836551
836551
836551
836551
836551
836551
836551
836551
835935
835935
835455
835353
833274
833274
833274
833274
833274
833274
833274
833274
832794
832035
832035
828615
824455
824455
824455
824455
823726
823624
820082
820082
820082
820082
815507
814055
814055
814055
814055
814055
811695
811593
811593
807018
813444
813444
825720
825720
828984
830808
833044
834298
837588
842556
842556
843036
843036
843036
843036
843036
841684
837109
837109
837109
837109
834349
833590
832238
828078
828078
828078
828078
828078
828078
826938
826938
826938
826938
826938
826938
826728
826728
826728
822568
822568
822568
821428
821428
821428
821428
821428
821428
821428
821428
821428
821428
821428
820669
820669
820669
818309
826469
832895
836351
834855
834827
834827
834855
835995
848271
847314
846174
846174
848534
853718
853718
853718
856308
857067
857067
857067
857067
858563
859520
859520
867668
870388
876238
876238
885438
885438
885438
887414
887414
887414
887414
887414
887414
887414
887414
875801
873722
873722
873722
873722
873722
873722
873228
872499
872499
872499
872499
872019
872019
867567
866407
865607
865607
865607
864447
864447
861311
861311
861311
861311
858951
858951
858951
858951
856359
856359
856359
856359
856359
856359
856359
852939
852939
850860
850860
850860
850860
850860
847318
847318
847216
847216
847006
847006
847006
847006
847006
847006
846526
846526
845767
845767
845038
842802
842802
842802
842802
842802
842802
858237
864612
860452
864580
861290
874970
880820
884110
888270
888270
889227
890679
890679
889227
888468
888468
887852
888611
888611
888611
887882
887882
888611
888611
888611
888611
888611
887654
887654
888270
888270
888270
888270
888270
888270
882006
881390
879894
879894
879894
879894
879894
879894
877434
877434
877434
868234
868234
868234
867442
867442
867442
867442
867442
867442
867442
867442
866948
865973
863613
863613
863613
863613
861534
861534
861534
860805
855837
854485
854485
854485
854485
854485
854485
853991
852495
851538
851538
850284
848832
848832
848832
848103
844043
840501
840501
840501
840501
840501
840501
840501
840501
840501
840501
835251
833997
833997
833040
833040
829904
829410
829410
828930
828930
828930
828930
828130
825370
807730
807730
807730
807730
805494
802230
799770
798970
798970
798476
798476
798476
798476
798476
798476
798476
797336
798128
802580
802580
802580
802580
806122
806122
806922
808082
813722
821842
821842
821842
821842
821842
824078
824078
823584
822444
822444
814284
814284
814284
814284
814284
810316
810316
810316
810316
810316
810316
810316
810288
810288
808209
808209
807873
807873
807873
807537
802569
799149
791001
788641
788641
788641
788641
788641
788641
788147
783695
783695
782738
782738
782738
782738
782738
782738
782738
781781
781781
781781
779021
779021
774893
774893
774865
772405
771245
771245
771245
771217
771217
771217
771217
771217
767249
767249
767249
767249
767249
767249
767249
767249
767249
765170
761202
761202
761202
761202
761202
761202
761202
761202
759123
758629
758601
758601
758601
758601
756141
750681
750681
747921
747921
747921
747921
747921
747711
747711
747011
747011
747011
745515
745515
745515
745021
745021
745021
745021
744919
743467
743467
743467
740177
740177
738098
737482
737482
737482
737482
737482
737482
736525
736525
736525
736525
738985
744485
744485
750673
750673
750673
750981
751317
752274
752274
752064
757032
757032
759657
759657
759657
759657
760449
763039
763039
765759
769301
769511
769511
781911
781911
781911
781911
781911
781152
781124
774656
774656
774656
773304
773304
773304
773304
773304
772347
772347
772347
771853
766885
766885
765433
765433
765433
765433
765433
760037
760037
760037
757867
757867
757867
756910
756181
756181
756181
755041
755041
755041
755041
755041
755041
749541
749541
749541
747181
747181
743021
743021
742527
742527
737952
725403
725403
725403
725193
721773
721773
720321
720219
718899
717942
716782
713240
713240
712932
714284
714284
708236
708026
711316
711316
711316
711316
711316
714858
705658
705658
705658
705658
705658
705658
705658
705658
705658
705658
705658
702368
701016
697866
698076
698076
698076
694534
694534
694534
694534
694534
694534
694534
694534
693082
693082
689540
687461
685965
685965
685965
685965
685965
682829
681872
681872
681872
681872
681872
681872
681872
681872
681872
681872
681536
678776
678776
677819
677819
677819
677019
677019
676403
676403
674951
668483
668483
668483
668483
668483
668483
664941
664941
664941
664941
664941
664325
664325
663989
663989
663260
663260
663260
657620
656663
655287
655287
655287
655287
655287
655287
655287
654671
653912
653912
653912
644952
643792
643792
643582
637394
637394
636437
633017
633017
633017
633017
631763
630623
630623
630007
630007
630007
630007
630007
624507
623155
623155
623155
623155
623155
622355
622355
622145
622145
622145
622145
620066
615906
615906
615906
615906
615906
615906
615906
614530
613830
613830
613830
613830
613830
624030
624030
624030
626622
626622
626622
626622
618474
624324
624324
628899
628899
628899
632867
631613
631613
635741
642167
653780
656588
656588
656588
656588
664736
664736
664736
664736
664736
665990
665990
665990
665990
665990
665231
659731
659731
659731
659731
659731
659731
662881
688137
690729
704169
716718
721293
729453
733513
740173
740173
743715
749979
750321
750423
749664
749664
752024
748760
744185
741049
737759
737759
737759
737759
737759
737759
736407
736407
736407
736407
736407
731832
731832
731832
731832
739952
739952
734556
739952
739952
753392
753734
767414
765054
765054
765054
765054
765054
764952
777228
777330
779328
782464
782464
785056
785785
782649
781920
781920
781920
793533
792213
793533
793533
795893
795893
795893
795893
795893
795893
794733
793776
792400
789640
789640
789640
789640
789538
789538
789538
789538
789538
789538
789538
788042
788042
787562
787562
787562
787562
787562
787562
787562
787562
787562
784020
780756
777996
774706
774678
774342
774342
766194
766194
766194
765034
765034
765034
765034
765034
764540
764540
764540
764540
764540
764540
764540
764540
763781
763781
763781
763781
763781
763781
763781
763781
763781
762824
762796
762796
762796
762796
762796
762796
762796
762586
762586
762586
759044
759016
759016
759016
759016
756556
756556
756062
756062
755568
752026
751546
751546
751546
751546
751546
751546
750817
750817
749321
746561
746561
744201
744201
744201
744201
742825
742825
742825
742825
737857
737857
735621
735621
735621
735411
735411
735411
734611
734401
734401
734401
731941
723793
723793
723793
723793
723793
720251
720251
720251
717626
717626
717626
724286
742412
754688
758656
758656
758866
760242
760242
760242
759748
759748
760908
759748
756328
756328
756328
756822
782078
782078
782078
795758
795548
795548
795548
795548
804748
804748
809095
812515
812515
811139
811139
811139
809687
809687
809687
809687
809687
809687
809687
809687
809687
809687
809687
809687
808958
808958
808958
808958
808478
806399
804947
804947
804947
803807
803807
803807
803807
803807
803807
803807
794847
794847
792039
792039
791545
791545
791545
791545
791545
785357
785255
785255
785255
785255
785255
785255
785255
785255
783279
783279
783279
783279
781827
781827
781827
781827
781827
779748
777669
777669
777669
776173
776173
776173
776173
776173
776173
776173
776173
774821
774821
774821
769321
769321
769321
764869
764869
763729
763729
762929
756881
756881
756881
751913
751577
749341
749341
749313
749313
749313
748356
748356
748356
748356
748356
748356
749732
761072
761072
761072
761872
761872
761872
761872
761872
765008
765737
768197
768197
768197
779810
779810
779810
777050
777050
777050
777050
768902
765360
764560
764066
764066
764066
764066
764066
764066
763091
763091
763091
762475
760239
760239
755664
753072
753072
753072
753072
753072
752343
750264
750264
750264
745296
742536
742536
742536
742536
742536
742536
742536
741160
741160
741160
740203
738851
738851
738851
738851
738851
738851
738851
738851
736491
735534
735534
733074
732738
732738
732738
732738
732738
731484
731484
731484
731484
731484
731484
731484
731484
731484
731484
725984
725984
722564
722084
722084
722084
722084
722084
722084
718542
718542
717166
717166
716366
716366
716366
715637
715637
715637
715637
714261
714261
714261
714261
714261
713101
713101
713101
710865
710865
710865
710865
708505
708505
708505
708505
708505
708505
708505
708505
708505
707548
707548
707548
705378
705378
705378
703142
703142
703142
703142
700782
696622
696622
696622
695302
691174
690415
690415
690415
690415
690415
690415
690415
689799
689799
689799
689799
688824
688824
688824
688824
688824
688824
688824
688824
688824
688824
688824
688824
688032
688032
688032
688032
688032
682392
682392
682392
673192
673192
673192
673192
673192
673192
673192
673192
673192
673192
673192
673192
673192
671872
671872
671872
671872
671872
671872
671872
671872
671872
671872
671872
671872
671872
671872
671872
671872
671872
668330
662690
662690
662690
662690
662690
662690
662690
662690
662690
662074
661580
661580
661580
661580
661580
661580
661580
661580
661580
661790
661790
661790
661790
658500
658500
661790
663142
663142
669190
669498
672090
680868
680868
684410
700610
700610
711950
711740
711740
720940
719588
719588
731988
735138
739106
739106
735564
735564
735564
735564
735564
735564
733328
738296
742356
743156
742356
757206
761658
761658
760866
756414
752872
756414
764534
765326
770966
770966
770966
770966
770966
770966
784646
785806
785806
788042
788042
788042
788042
788042
786882
781242
773122
773122
777469
777469
777469
777469
777469
773309
773309
773309
773309
770949
770949
770949
770949
770921
770921
770921
769601
769601
767241
762273
762273
762273
762273
762273
761473
761137
761137
761137
754762
754762
754762
753622
753622
753622
753622
748122
748122
746746
744667
744667
744667
744667
744667
741125
741125
741125
741125
737835
736581
724305
712692
712350
711621
709623
704227
690547
690547
689227
700840
701569
703929
717609
717609
714473
714473
714473
719869
723005
723005
723005
720645
720747
720747
720645
707205
699085
696493
696493
696493
696493
696465
696465
695849
695849
695849
695849
695849
695849
695849
695849
695747
695747
695747
690351
690351
690351
690351
690351
682203
682203
698403
698403
693828
693828
691020
691020
689766
689766
689766
685798
685798
685798
679948
668335
669589
665461
665461
655261
655261
655261
655261
652669
646243
646243
646243
646243
649051
649051
637711
637711
634575
637165
649714
650104
650104
662504
662504
675944
675944
675944
675944
678404
689744
690473
698593
704968
708104
712451
712451
721411
721753
720953
722329
733942
733942
733942
731482
730753
731553
731553
719940
719940
718564
718564
709364
709364
706074
706074
697296
697296
697506
685106
685106
685106
684798
684798
684798
684798
682206
682206
680854
680854
676886
660686
660686
660686
660686
657144
657144
653994
647946
647736
636396
636396
638475
641765
645989
652177
663701
669097
686737
692587
692923
739291
740091
742899
753099
753593
754385
750325
783900
783900
798750
795208
803328
803328
802528
802528
803688
808035
793185
779505
779505
774537
772301
772301
776753
771113
771113
766766
758646
757486
757486
757486
759722
759722
759722
759722
759722
755270
754478
754478
755278
755278
755758
755758
757210
757210
759289
759289
759289
761459
761459
761459
761459
761459
761459
761459
772983
786087
790215
792575
797543
809819
818597
820767
821075
823667
824283
830943
849069
853416
855652
841972
841870
838734
833338
833338
833338
833338
833338
833338
833338
821725
819365
819365
819365
818636
816660
816632
816632
813912
805752
803162
803921
791645
790886
789929
787569
779421
779421
785271
786411
786439
786439
781255
783615
785591
787087
781237
781237
782194
772994
772994
771498
771498
771498
770358
763932
763932
763932
763932
763932
760476
760476
760476
763740
763740
763740
762981
747546
753396
768831
764703
771078
784182
784798
783346
797026
797785
799237
810850
809893
809893
812518
798838
798838
798109
798451
792076
792805
793762
796912
796912
792752
796912
796912
801040
800424
803714
800424
794574
791984
791984
791984
780371
780371
781747
779287
779287
770327
768951
772087
759687
759687
760029
760829
763289
763289
755169
743829
743829
743439
743439
743439
743439
730890
730548
730548
727412
726612
727341
713901
713172
706797
706797
702450
702450
702450
702450
690174
685206
685206
684726
684726
682902
676476
676476
673212
670976
669722
666432
666432
666432
669852
693342
693678
699318
699318
700670
701810
708470
708470
708470
708470
708470
708470
708470
713438
713932
713596
718992
765360
763281
759991
765841
772029
774108
785632
774108
776916
777252
730884
731676
725826
725332
719144
701504
696108
693300
697524
696724
706924
706132
706932
724572
714372
710148
713438
713438
713438
713438
713228
725628
725628
725628
731676
734966
734966
734966
734966
734966
734966
734966
738508
749848
749848
749848
750156
750156
750366
750366
750366
750366
750366
751718
751718
751718
751718
754526
754526
738326
738326
738326
742454
742454
742454
742454
742454
742454
742454
742454
742454
742454
742454
741200
741200
741200
742454
742454
739646
744221
744221
744221
744221
744221
744221
744221
744221
744221
741629
734969
734969
734627
728363
703107
689667
689565
677016
672441
669291
661131
658771
655229
651169
676425
676215
681399
682559
681183
681183
668907
677685
679061
675641
675147
675641
661961
678161
678161
691841
695261
686061
660805
661015
679141
672481
681681
693957
698304
698304
704964
700617
699457
681331
685299
681331
672553
685657
680689
683281
682665
682357
686704
675180
675796
678032
673904
655778
659906
657736
655144
657504
669780
681304
683474
701600
701908
699548
708326
703979
701743
706711
706711
694435
687775
674671
673511
673511
677571
681918
681918
677571
711146
711146
696296
688176
688176
691718
716974
721426
721426
734386
700811
701611
702771
700535
702771
708411
716531
712079
712079
712871
712871
712071
717039
731889
731889
745569
745569
745569
739381
736573
742761
736911
736111
734032
728636
746276
745940
734416
733922
687554
688354
688848
694244
690020
689228
685938
668298
671106
671106
660906
661242
667092
667092
667092
667092
670382
670382
672461
672461
671321
664661
664661
661241
659889
659553
636063
636063
636063
636399
636399
636399
636399
630759
630759
630759
630759
625791
630759
630759
630759
630759
630759
630759
630759
631899
631899
631899
631899
631557
631557
631557
628421
628421
627621
627621
625161
625161
625161
625161
623785
623056
623056
623056
623056
623056
623056
635456
660712
659360
659570
675770
676078
679228
688006
691974
693326
689784
689476
689476
695524
698116
698116
698116
698116
697906
685506
685506
689048
677708
677708
677708
671660
683000
686290
683000
692200
694176
699816
712920
716184
720152
729352
729380
729716
746316
758865
771567
771567
771567
771567
771567
771567
774987
774987
775467
777827
777827
777827
777519
777519
777519
782487
784723
784723
766597
766597
766597
766597
765981
765981
763621
763621
761451
761451
756483
744959
731855
731855
727727
725135
712859
708512
706276
697498
698114
702082
702082
710230
710230
710230
716080
716080
716080
720655
717847
717847
717847
729460
724885
724885
724885
724885
724885
720757
720757
723565
723565
723565
724819
724819
723565
723565
723565
723565
723565
725644
731832
729024
729024
726945
731169
730675
731011
731011
731505
731169
730369
724973
735173
735173
735173
741023
735173
735965
735965
732675
726487
726487
729777
729777
729777
712137
712937
712937
712937
710312
709976
710284
713004
712212
706024
705716
709258
696858
697194
702694
700104
712504
707004
703462
704419
701699
706667
706877
713065
710605
714829
717419
717419
718211
720671
719714
714746
714536
717161
717161
702311
702311
701151
701951
701951
701951
701951
701951
703111
698143
697351
697351
697351
697351
697351
695115
690663
690663
682543
682543
682543
668863
665321
631746
626106
622046
622046
609086
609086
604739
603939
578683
578683
573715
593917
599965
599965
600301
603721
602581
602581
606641
610865
610865
610865
610865
613455
613455
613455
613455
613455
613455
614595
614259
637749
649362
649362
649362
654330
660990
679116
680468
686108
698508
699300
699300
699300
699300
699300
699300
699780
699780
699780
701950
701950
704542
704542
704542
706621
706621
706621
704542
704062
701892
701892
700440
701892
701892
701892
701892
701892
701892
701892
713232
729432
730784
730574
729222
713022
709732
705764
709732
706190
712238
709646
703598
694398
697940
710340
699000
686600
711856
703078
699928
674672
674882
674574
683352
686642
689792
698992
699300
701892
704517
704619
708747
710099
715349
725549
771917
771945
781145
784409
787001
820576
826216
830276
836702
841049
841665
841665
845085
845085
845085
847164
836964
836172
836172
836172
836172
842360
841560
838270
838270
838270
834046
833552
834352
834846
834510
834846
846370
851766
857616
855537
873177
883377
877527
871339
872131
875421
878229
878229
884889
897993
897993
897993
893025
893025
893333
893333
893333
893333
890973
890973
890357
890973
888737
890907
890907
895875
895875
898467
898467
898467
898467
898467
900827
900827
900827
900827
900827
900827
900827
899331
899331
900471
900471
900471
900471
900499
900499
900499
899542
899542
899542
899542
898402
892552
900700
900700
900700
903060
903060
903060
900700
900672
898696
898696
897937
897937
897937
898696
899653
899653
901149
901149
901149
901149
901149
901149
901149
901149
902289
902391
902391
902391
905016
905016
905016
905816
905816
912284
912764
912764
912764
913493
916783
930463
929847
927222
930486
926358
923068
923410
922651
929026
929983
934111
928261
929020
944455
947605
951765
953217
949057
954907
954178
956803
956461
969565
955885
949510
934075
930811
942424
929320
917707
916750
915298
912148
912764
910174
910174
909034
890908
890908
886848
886848
880800
876576
876576
869916
864948
863596
843394
819904
816484
810844
810844
810844
810508
810508
810508
810508
810508
798895
798895
798895
798895
800035
800035
804003
795855
790005
786037
783229
783229
783229
794842
803802
807930
814118
822266
822266
826841
837041
853241
853241
851987
840374
835799
835799
835799
848759
851351
851351
852605
855413
861263
861263
867689
842433
836385
836385
836385
836175
834823
834823
831673
829081
829081
829081
816681
816891
808113
796773
780573
780573
776605
776605
776605
776605
776297
776297
772755
763555
760265
760265
760265
760265
760265
760265
760265
760265
765905
765905
769965
769965
770757
770757
770757
770757
770757
770757
771917
771917
771917
771917
775459
775459
775459
775459
780427
780427
779267
779267
779267
779267
779267
778467
779267
779267
779267
779267
779267
779267
784663
796187
813827
814163
814657
814657
815449
813370
807520
806728
803920
806728
803438
849806
843618
825978
815778
814978
821166
831366
834656
836735
836399
842249
846473
845979
834455
835255
829859
834827
847931
856709
856709
854349
851757
854349
854349
852179
852795
853103
852487
845827
845827
847997
847997
847997
850357
852593
852593
847625
847625
847317
847317
847317
847317
834213
834213
834213
834213
808957
817735
805459
823585
827005
833665
833665
833875
838222
851902
851902
835702
829042
828548
829924
825956
827116
827116
827116
823696
810016
804832
796054
786854
786854
786854
785478
781131
781625
781415
763289
762129
767589
761121
762441
761961
761961
764586
764688
764688
770538
767913
780313
786781
786781
787171
788311
788311
792371
798635
798533
797393
797393
797393
797393
796593
810033
810513
810513
812973
813773
826475
826475
826475
826475
826475
829283
829283
829283
833443
833443
833443
834243
834243
834723
834723
834723
836959
838335
838335
837195
837195
837195
837195
837195
837195
837195
837195
837195
837195
837195
837195
837195
837195
832971
832971
830163
826873
826379
826379
829187
822999
812799
807403
810693
804843
793319
746951
746615
745815
747894
747894
747894
745815
745815
728175
728175
728175
727383
727719
727719
728213
728213
729013
729013
729013
729013
729013
729013
729013
729013
728803
728803
728803
728803
728803
728803
728803
728803
728803
728803
728803
729419
729419
729419
729419
729419
729419
729419
729419
729419
729419
729419
729419
729419
730219
730219
730219
726159
724999
726159
726959
726959
729195
729195
742155
747123
742155
742155
746607
740967
745027
770283
771075
784515
784515
784515
799365
802907
811027
815374
814574
814574
814574
828254
828254
828254
827462
827462
823920
829560
817160
817952
820031
820031
821006
826506
826506
826506
826506
826506
826986
824816
824816
824336
824336
824336
821744
821744
819665
819665
819665
819665
818873
817421
817421
817421
817421
817421
818873
821043
827307
827307
843507
846097
849517
849517
849517
856177
858153
858153
858153
858153
861695
861695
861695
865855
865855
866471
863663
850703
844515
834315
831723
827148
825894
821926
805726
797578
791728
780115
773689
769561
760601
755141
755141
755621
752996
746528
759230
757910
745510
741450
735186
735186
737646
741706
735856
735754
736554
736554
736554
723114
723216
723216
722076
709374
708574
708184
708184
709324
708844
706384
706384
712852
712852
707884
705292
702932
702932
702316
704676
704676
695898
696514
705292
707528
720632
732908
737255
737563
735393
737563
737563
755689
762349
762349
760113
764241
769209
771801
771801
783325
783325
770221
769913
769913
769913
769913
769913
769913
769913
769913
769913
769913
772149
772149
773525
773525
774005
774005
772629
772629
772629
772629
772629
772629
772149
767989
767989
767189
767189
767989
765181
762945
762945
762945
762945
762945
762945
765024
764530
761722
761722
761386
758096
758096
758096
758432
758432
758432
758432
758432
758432
759232
759232
759726
759726
759726
759726
759726
759726
759726
758926
756847
756847
793191
793191
793191
793191
793191
793191
798691
811393
811393
820593
820593
827061
829686
829686
849888
850278
854853
867957
876117
876117
878093
877293
877293
877293
877293
878613
877997
878613
878613
878613
890226
890226
890226
892818
892818
893618
896210
899630
900982
906442
940017
940045
935698
939758
945398
948023
943895
934695
941121
945249
950499
944859
941439
937379
937277
935925
936027
932763
937110
934518
944718
945334
991702
958127
958099
967299
960873
958248
961512
951312
951312
950696
904328
899078
899078
899078
899078
899078
899078
899078
899078
899078
897918
897918
897118
897118
897118
897118
897118
894882
894882
894780
895580
895580
901040
901040
901040
913742
926142
925662
925662
926802
926002
923542
923542
923542
926002
930062
930062
930062
930542
930644
930644
930644
931964
925496
931760
931760
931658
930518
926458
926458
913756
913756
877412
875436
872811
859707
839505
842130
844106
843716
842396
833196
828621
826029
834189
833389
837964
838580
825878
817718
831158
830542
837010
831510
834102
845715
854915
868019
880721
886221
879753
899955
888342
888342
888342
889662
889662
890462
888102
887794
874690
879037
860911
865879
853603
853603
853603
853603
855963
847185
847185
847185
844593
844593
842423
841807
841807
837460
838076
833108
828980
817456
817456
815220
815220
815220
808560
810796
828436
828436
837636
841796
839560
840360
843816
844124
844124
844124
844124
867614
872066
883590
883590
884966
884486
884486
884486
884486
904688
904688
903312
903312
903792
902992
905800
908036
910034
910034
910034
910034
910034
911386
912546
916002
916002
916002
916002
916002
916002
916761
916761
916761
916761
916761
916761
903321
899779
898979
893339
885219
884059
879091
874744
870292
845036
831356
816506
815714
811654
809418
796458
796458
788310
789267
790026
790026
789069
789069
789069
787573
793423
801571
804161
806137
811321
811321
811321
808961
807821
810181
822457
835897
835897
845097
844338
844338
845478
845478
845450
845450
845450
845450
845450
845450
845478
848198
848198
848198
848198
849694
849694
849694
849694
850486
851286
851286
862810
868998
869492
868692
874088
877378
877378
895018
895018
895018
895018
897826
897490
895411
895747
901597
901103
947471
951695
953774
953774
953774
963974
963974
964931
962306
961577
961577
962306
961547
958283
945179
944837
929402
926252
925295
925295
925911
925911
914298
914298
910170
896490
890640
890640
890640
890640
890640
890640
890640
886480
886480
885864
885864
879489
879489
878037
874747
874747
874747
879322
877346
876026
889466
889466
894966
874764
876740
876124
876924
863484
854284
856909
877111
877727
889340
881180
875680
912024
909399
910719
923823
912210
907635
905043
911511
898407
900999
910199
918359
905657
904857
904857
904857
904857
898389
898389
898389
904653
904653
905813
908273
908273
909248
909248
909248
909584
909584
909584
909584
910960
910960
912412
912412
912412
911932
911132
911030
909890
903626
903626
901166
901166
888766
888766
876064
870604
870604
869284
865224
865224
881424
899064
922554
920556
924524
924044
924352
929812
929012
929114
934510
934510
922986
920750
911550
913786
913478
916934
937136
942636
947604
948579
949931
945771
947147
951599
954407
959375
959375
957999
958307
960897
961107
969255
978215
979015
979351
979351
979351
959149
959149
961147
956695
957189
960731
960731
964891
941401
959527
959527
959629
956173
962641
963121
966257
975217
972409
954769
954769
967471
967499
967499
970789
960589
967015
978539
975249
975249
957609
957609
963657
963321
967545
973733
973733
979583
984979
979583
982173
984252
980028
992304
993104
992304
991512
989433
992241
992735
981211
998851
1004351
998501
1004351
1004687
1007147
1053515
1058090
1051902
1005534
1002726
1002232
1012432
1017828
1018620
1009420
973076
973556
971580
983193
983809
979234
979336
987496
986696
988016
986696
988672
989464
1003144
1006294
1015494
1017318
1017318
1021893
1019301
1005861
1007859
1013255
1025655
1038357
1048557
1054057
1054057
1054057
1054057
1054057
1054057
1058025
1058025
1049865
1050665
1037561
1037561
1037561
1037561
1037561
1017359
1017359
1010891
1010891
999278
993778
994478
994478
994478
999938
999322
999322
996697
996697
996697
991729
991729
991729
991729
991729
1004833
1007003
1008163
1008163
1008163
1005927
1001580
1000964
1000964
1000964
1004100
1006460
1009052
1009052
1009052
1006692
1006692
1006692
1006692
1008928
1008928
1008928
1013896
1013896
1013896
1013896
1013896
1013896
1013896
1013896
1017438
1017438
1017438
1017438
1018054
1018054
1018054
1018054
1018156
1018156
1018156
1018156
1018156
1018156
1018156
1018156
1020392
1020392
1020872
1020872
1020872
1020872
1020872
1020872
1024292
1025452
1025452
1043578
1036918
1037718
1036558
1036348
1034972
1034478
1034478
1044678
1046054
1032374
1034544
1034544
1034544
1048224
1048224
1048224
1053408
1057755
1057755
1058249
1064909
1064909
1060562
1060562
1063022
1075298
1084498
1084498
1066372
1066372
1070532
1084212
1084212
1092990
1093200
1094360
1098328
1098328
1107106
1098328
1100304
1100304
1102474
1099054
1099054
1099054
1096464
1108864
1108864
1108864
1108864
1108864
1104640
1105256
1108016
1107708
1105083
1101541
1101541
1101643
1102995
1102785
1105505
1108130
1108130
1105410
1104453
1105253
1105253
1107489
1113957
1117221
1116885
1116987
1110799
1110007
1113427
1113921
1113921
1108953
1111578
1113748
1108248
1105788
1105788
1093388
1093388
1093388
1093388
1097548
1097548
1097548
1098164
1098956
1100452
1100452
1100452
1101904
1104264
1104264
1104264
1104264
1104264
1104264
1104264
1103472
1104172
1106251
1106251
1106867
1106867
1106867
1107842
1108322
1108322
1108322
1108322
1120722
1120722
1121451
1121451
1119281
1113781
1113781
1114573
1120073
1120073
1124233
1124233
1126825
1125850
1124398
1124398
1124398
1124398
1124398
1125850
1125850
1142050
1144220
1142141
1142141
1142141
1142141
1142141
1142141
1142900
1148540
1148540
1155008
1155502
1158922
1163890
1163410
1163410
1163410
1163410
1163410
1163410
1163410
1163410
1163410
1163410
1163410
1163410
1164026
1164026
1164026
1164026
1164026
1164026
1165402
1165402
1165402
1165402
1165402
1165402
1165402
1165402
1165402
1165402
1178104
1178104
1178104
1178104
1178104
1187304
1187304
1188624
1188624
1188624
1191914
1192714
1192714
1192714
1192098
1183938
1183938
1183938
1183938
1201578
1201578
1200778
1201394
1201394
1201394
1201394
1201394
1201394
1192194
1195614
1195614
1195614
1199961
1199961
1202197
1202197
1200877
1200877
1200877
1196302
1197754
1192254
1196829
1196829
1196829
1196829
1184127
1185951
1185951
1185951
1191411
1191411
1191411
1191411
1179798
1181622
1181622
1188090
1188090
1188090
1188090
1188090
1188090
1189586
1189586
1189586
1189586
1189586
1190938
1190938
1190938
1190938
1190938
1191667
1198135
1200133
1203269
1203269
1206077
1206806
1210262
1210262
1212722
1212722
1212722
1212722
1212722
1213522
1217064
1217064
1219143
1219143
1217064
1217064
1217064
1170696
1164846
1159450
1158956
1162498
1171276
1167986
1156462
1157782
1161910
1172110
1165922
1165922
1155722
1152914
1152914
1152578
1151778
1134138
1139778
1139778
1135554
1134762
1138026
1153461
1153461
1153153
1153153
1155323
1156123
1156123
1156123
1156123
1132633
1132633
1133113
1132313
1127861
1127861
1127861
1127861
1127861
1125625
1107985
1107985
1106609
1106609
1106609
1107769
1108105
1108105
1108105
1105297
1101841
1114241
1117783
1113623
1113651
1122851
1128247
1127767
1137967
1137967
1137967
1137967
1143363
1143363
1143363
1143363
1143363
1143363
1143363
1143363
1123161
1123655
1123655
1124975
1124975
1126327
1126327
1126327
1127467
1142902
1145494
1145802
1151302
1157566
1166526
1166526
1171494
1176954
1176954
1176954
1176954
1178114
1178450
1178450
1178450
1178450
1178450
1180529
1180529
1180529
1182608
1182608
1182608
1182608
1181992
1181992
1181992
1186152
1186152
1186152
1186152
1186152
1186152
1186152
1186768
1186768
1186768
1186768
1184178
1177518
1173358
1176900
1180036
1180036
1180036
1180836
1180836
1183072
1183072
1183072
1183072
1183072
1194596
1202716
1202716
1202716
1202716
1202716
1202716
1202716
1202716
1186516
1186516
1186516
1182974
1180998
1180998
1180998
1177578
1180203
1180203
1180203
1180203
1180203
1173939
1179189
1179805
1179805
1179805
1181257
1181257
1179087
1181847
1181847
1179611
1179611
1192715
1197965
1210667
1211467
1218127
1218743
1218743
1223711
1227871
1222903
1227355
1230115
1248241
1248241
1259765
1257173
1265951
1278227
1278227
1278227
1282574
1288424
1290660
1290660
1277556
1277864
1283504
1298354
1298354
1297738
1297738
1299908
1302500
1302500
1306628
1307357
1307357
1304997
1307357
1307357
1307357
1308517
1308517
1308517
1308517
1299317
1299317
1299419
1299419
1299419
1301395
1301395
1301395
1301395
1301395
1301395
1301395
1301395
1301395
1301395
1301395
1301395
1301395
1300595
1300595
1300595
1287893
1287277
1287277
1287277
1288077
1288077
1305717
1305717
1305717
1305717
1305717
1305717
1305717
1305819
1305819
1305819
1305819
1305819
1301244
1301244
1301244
1301738
1301738
1301738
1301738
1301738
1301738
1301738
1300418
1300418
1300754
1300754
1300754
1300754
1300754
1301370
1312983
1312983
1312983
1312983
1312983
1312983
1312983
1312983
1312983
1312983
1312983
1312983
1312983
1312983
1312983
1312983
1312983
1312983
1312983
1312983
1312983
1312983
1312983
1312983
1312983
1312983
1312983
1312983
1312983
1312983
1312983
1312983
1312983
1312983
1312983
1312983
1312983
1312983
1312983
1312983
1312983
1312983
1312983
1312983
1312983
1312983
1312983
1312983
1312983
1312983
1312983
1312983
1312983
1313783
1313783
1313783
1313783
1313783
1312983
1312983
1312983
1312983
1312983
1318483
1319440
1313980
1316572
1317547
1317547
1318347
1318963
1328163
1328373
1331181
1331181
1337229
1337229
1337229
1337229
1337229
1337565
1337565
1337565
1337565
1337565
1337565
1332065
1333205
1336495
1338855
1338855
1344315
1344315
1341723
1341723
1342452
1342452
1342452
1342452
1327017
1327017
1327017
1344657
1349625
1349625
1349625
1349625
1349625
1349625
1350785
1350785
1350785
1345817
1346433
1345273
1345273
1345273
1345273
1345273
1345273
1344133
1344133
1344133
1344133
1344133
1343825
1346185
1339921
1339585
1330625
1334753
1337889
1341431
1343791
1343791
1343791
1343791
1343791
1343791
1343791
1343791
1343791
1343791
1343791
1343791
1343791
1343791
1343791
1343791
1343791
1343791
1345167
1345167
1347403
1347403
1347403
1347403
1347403
1347403
1347403
1347403
1347403
1347403
1347403
1347403
1347403
1346603
1346603
1346603
1346603
1346603
1346603
1346603
1346603
1346603
1346603
1346603
1346603
1346603
1346603
1346603
1346603
1346603
1346603
1346603
1346603
1346603
1346603
1346631
1346631
1346631
1346631
1346631
1347431
1347431
1347431
1347431
1347431
1347431
1347431
1347431
1347431
1347431
1344167
1338917
1332491
1332519
1331167
1332619
1332961
1327321
1323901
1329949
1332119
1336087
1336087
1336087
1302512
1301896
1302390
1302870
1303827
1310091
1315059
1312434
1318622
1320858
1316511
1316511
1322775
1318647
1318647
1318545
1314485
1318453
1324921
1337470
1338445
1335853
1335853
1335853
1335825
1325625
1325625
1316425
1320553
1321873
1327269
1327269
1321809
1275441
1275441
1275441
1275441
1275441
1275441
1275441
1276141
1276351
1276351
1276351
1276351
1276351
1276693
1276693
1277833
1277833
1277833
1277833
1280425
1281877
1280902
1279526
1282118
1283494
1283494
1283494
1283494
1277230
1279690
1281142
1286992
1286992
1286992
1286992
1288368
1288368
1288368
1288368
1288368
1288368
1287208
1287208
1284748
1284748
1283296
1283296
1283296
1284436
1284436
1285788
1292163
1292643
1292643
1293995
1293659
1294819
1294819
1295299
1295299
1297659
1297659
1297869
1300105
1300105
1300105
1300105
1316705
1316705
1334345
1339985
1339985
1339505
1339505
1322905
1322905
1322905
1326325
1326325
1326325
1328301
1333551
1333551
1333551
1324351
1324323
1324817
1333777
1336585
1336585
1336585
1336585
1336585
1336585
1336585
1336585
1337065
1337065
1336729
1336729
1336729
1324027
1318387
1305838
1302418
1302418
1306870
1293766
1293766
1290502
1292738
1298786
1298786
1298786
1298996
1298996
1298996
1298996
1299612
1305987
1314947
1314975
1314975
1318265
1318265
1318601
1318601
1318601
1314633
1312657
1312657
1312657
1308310
1308310
1308310
1296786
1296786
1299146
1301738
1302354
1302354
1305162
1305162
1305162
1305162
1307332
1306716
1293612
1293612
1291376
1295536
1295564
1300532
1300532
1303340
1303340
1301170
1301170
1298578
1301203
1296235
1278109
1269331
1269331
1262671
1262363
1264599
1270099
1275599
1275599
1273239
1277299
1265023
1260895
1261203
1261203
1266703
1267660
1267660
1267660
1267660
1269012
1269628
1269628
1269628
1269628
1269628
1270428
1270428
1270428
1270428
1270428
1270428
1270428
1269628
1269628
1269628
1270882
1270882
1270882
1271218
1271218
1277686
1277686
1284154
1284154
1284770
1284770
1284770
1284770
1284770
1284770
1284154
1284154
1284154
1284154
1284154
1284154
1284154
1272541
1272541
1272541
1272541
1274711
1274711
1282859
1282859
1282859
1282859
1282859
1282859
1282859
1282859
1282859
1282859
1282859
1282859
1282859
1282859
1273659
1273659
1273659
1274153
1268303
1268303
1269799
1269799
1269040
1271400
1272720
1272720
1275080
1275108
1275108
1275108
1275108
1273968
1273968
1273968
1273968
1273968
1271992
1272792
1272792
1270072
1270072
1257796
1252612
1252920
1252920
1251963
1251963
1251963
1251963
1251963
1252920
1250330
1250330
1250330
1250302
1254362
1254362
1252866
1250506
1253096
1262296
1248856
1248856
1248856
1248856
1251448
1254738
1255898
1247750
1250110
1250110
1250110
1254685
1254685
1254685
1254685
1254685
1254685
1254685
1255301
1256060
1260635
1260635
1260635
1260737
1260737
1260737
1262816
1262816
1262816
1262816
1262816
1262816
1262816
1264895
1264895
1268437
1268437
1268437
1268437
1269889
1269889
1269889
1269889
1269889
1269889
1269889
1269889
1269889
1268513
1268513
1269242
1271412
1271412
1272572
1272572
1272572
1272572
1272572
1272572
1273948
1273948
1273948
1273948
1273948
1273948
1273948
1273948
1273948
1273948
1273948
1273948
1273948
1273948
1273948
1273332
1273332
1273332
1273332
1273332
1273332
1273332
1277460
1277460
1277460
1277460
1277460
1277460
1277460
1276503
1276503
1276503
1277262
1277262
1277262
1277262
1277262
1277262
1277991
1277991
1277991
1281281
1283906
1283906
1283906
1283906
1283906
1283906
1283906
1283290
1294903
1294903
1294903
1298053
1298053
1298053
1298053
1299010
1299010
1299010
1299010
1299010
1299010
1298281
1298281
1299733
1299733
1299733
1299733
1300349
1300349
1300349
1300349
1300349
1300349
1300349
1301725
1301725
1301725
1302682
1302682
1302682
1302682
1302682
1302682
1302682
1302682
1302682
1302682
1303842
1303842
1303842
1303842
1303842
1303842
1303842
1303842
1303842
1303842
1304642
1305136
1305136
1305136
1305136
1305136
1305136
1305136
1305136
1305136
1305136
1305136
1305136
1305136
1303784
1307074
1303938
1305192
1305090
1305090
1304988
1304988
1304988
1304988
1304988
1304988
1302396
1302396
1302396
1302396
1302396
1302396
1302396
1303556
1303556
1303556
1303556
1304696
1304696
1304696
1304696
1304696
1299728
1294228
1288768
1293736
1292596
1293325
1293325
1293325
1294645
1294309
1299809
1299809
1300766
1302742
1303222
1303222
1303222
1303222
1303222
1303222
1303222
1303222
1303222
1303222
1303222
1303222
1303222
1303222
1303558
1303558
1303558
1303558
1303558
1303558
1303558
1303558
1303558
1303558
1303558
1294358
1294358
1294358
1293198
1280922
1280922
1280922
1280922
1280922
1280922
1280922
1280193
1280193
1280193
1280809
1280809
1280809
1280809
1280809
1280809
1278985
1272517
1272517
1272517
1272517
1272517
1272517
1272517
1272517
1272517
1272517
1272517
1272517
1272517
1272517
1272517
1272517
1272517
1272517
1272517
1272517
1272517
1272517
1272517
1272517
1272517
1272517
1273276
1271924
1271924
1272653
1272653
1276195
1276195
1277571
1277571
1277571
1276075
1276075
1279617
1279617
1279617
1279617
1279617
1279617
1279617
1270657
1270657
1264609
1264609
1264609
1248409
1248101
1243133
1243133
1243133
1243133
1234173
1216047
1215347
1215347
1201667
1205087
1213247
1213247
1207747
1207747
1207747
1207747
1207747
1207747
1207747
1207747
1207747
1207747
1205511
1205511
1205301
1197153
1197153
1197153
1197853
1204117
1204117
1204117
1205437
1205437
1206166
1208626
1208626
1208626
1208626
1213201
1213201
1213201
1213201
1210576
1205180
1194980
1194980
1192520
1192520
1191904
1191904
1191904
1188640
1188640
1174960
1174960
1174960
1168492
1168492
1170468
1175718
1175718
1171558
1171558
1179678
1182303
1182303
1182783
1188423
1186187
1195387
1199355
1203930
1203930
1203930
1203930
1203930
1203930
1203930
1203930
1203930
1203930
1203930
1203930
1203930
1206166
1206166
1206782
1206782
1206782
1206782
1206782
1206782
1206782
1210942
1210942
1210942
1211671
1212811
1212811
1212811
1212811
1212811
1212811
1212811
1212811
1212811
1212811
1212811
1212811
1212811
1212811
1212811
1214187
1214187
1214187
1214187
1216995
1217795
1216995
1216995
1216995
1217023
1217023
1217023
1217023
1217023
1217023
1217023
1215199
1215199
1215199
1214399
1214501
1214995
1214995
1214379
1215755
1215755
1215755
1215755
1215755
1215755
1215755
1215755
1215755
1215755
1215755
1215755
1215755
1215755
1215755
1215755
1215755
1215755
1217834
1217834
1217834
1217834
1217834
1211366
1211366
1211366
1211366
1211366
1211366
1211366
1211366
1217834
1217936
1217936
1217936
1217936
1217936
1217936
1217936
1219096
1215554
1216313
1218289
1213321
1200619
1196651
1196171
1196171
1213811
1211813
1211813
1211013
1209037
1209037
1207039
1200571
1204699
1207989
1204021
1199446
1205821
1200361
1197771
1205919
1205919
1209209
1209209
1209209
1209209
1209209
1212751
1212751
1215111
1206333
1206231
1210806
1207670
1207670
1207670
1210030
1210759
1207609
1207609
1201141
1201141
1195641
1196993
1196993
1194533
1194039
1193545
1205821
1199395
1199395
1199395
1199395
1199059
1199059
1203511
1200791
1202767
1202795
1200819
1205787
1211183
1210208
1210208
1214783
1215263
1215263
1212671
1196471
1195771
1195771
1208320
1208320
1206150
1208229
1208229
1208229
1208229
1225869
1231329
1240289
1240289
1239809
1239809
1237730
1225330
1227500
1227500
1227500
1231952
1234412
1235572
1235572
1235572
1245772
1248364
1248364
1249339
1249955
1249955
1250291
1249316
1249652
1249652
1249652
1249652
1249652
1249652
1255048
1255048
1255048
1255048
1255048
1255048
1256500
1251000
1249548
1248756
1248756
1248756
1247964
1242568
1239808
1244260
1247680
1237480
1237480
1233938
1234280
1234280
1234280
1221880
1221880
1221880
1216030
1216030
1215536
1216493
1211033
1211033
1211033
1208443
1208415
1208415
1208415
1207063
1207063
1207063
1207063
1207063
1201667
1201667
1201667
1201667
1201667
1201667
1201667
1201667
1201667
1201877
1201877
1203956
1203956
1203956
1203956
1203956
1203956
1201364
1201364
1201364
1201364
1201364
1209512
1209512
1209512
1209512
1210672
1205704
1205704
1205704
1205704
1205704
1205704
1205704
1207080
1204910
1204294
1204294
1204294
1204910
1205390
1205726
1205726
1206342
1206342
1206342
1206342
1203982
1203982
1203982
1198522
1197362
1196202
1192782
1192023
1192023
1192023
1189853
1189853
1189751
1193293
1175653
1172233
1168813
1168813
1168813
1171573
1169749
1169749
1169749
1168949
1168949
1174345
1161945
1164705
1166081
1163911
1161741
1161741
1161639
1162779
1160154
1160154
1160154
1160364
1159870
1160827
1160827
1160827
1160827
1161556
1161892
1161892
1161892
1163052
1163052
1163546
1179746
1179746
1174562
1173402
1164624
1164414
1155214
1148554
1162234
1162234
1162234
1160858
1160858
1163618
1159271
1164911
1167147
1163179
1145053
1148473
1134793
1140253
1153357
1157517
1154097
1154097
1159597
1163944
1169444
1169444
1157168
1158328
1159028
1161788
1174892
1174892
1174892
1176268
1176268
1179558
1191834
1191834
1195802
1195802
1195802
1195802
1195802
1194350
1195307
1199759
1199423
1199423
1199423
1199423
1199423
1199423
1217063
1217063
1217063
1237265
1237265
1249814
1249916
1250396
1252632
1252632
1251472
1251808
1252948
1252948
1252948
1252948
1252948
1252948
1258408
1258408
1258408
1258408
1259568
1260944
1260944
1260944
1260944
1260944
1260944
1260944
1259804
1259804
1259804
1259804
1259804
1264772
1264772
1264772
1264772
1271036
1274326
1276562
1276562
1276562
1276562
1276562
1276562
1276562
1276562
1276562
1276562
1276562
1279370
1279370
1279370
1279370
1279370
1279370
1279370
1279370
1279370
1279370
1274402
1274402
1274402
1274402
1274402
1273786
1273786
1273786
1277076
1276347
1276347
1271379
1271481
1271481
1271481
1271481
1268191
1268191
1262551
1262551
1263871
1263871
1263871
1263871
1262551
1275253
1275253
1275253
1275253
1275463
1275463
1275463
1275463
1275463
1275463
1275463
1275463
1269823
1269823
1269823
1269823
1269823
1272183
1278651
1280147
1281287
1281767
1282567
1282567
1282567
1282567
1282567
1282567
1282567
1282567
1282567
1282567
1282567
1282567
1282567
1282567
1278407
1279759
1279759
1283301
1283301
1283301
1283301
1283301
1283301
1283301
1283637
1283637
1283637
1283637
1279290
1279290
1279290
1279290
1282050
1283304
1283304
1283332
1283332
1285957
1286293
1287613
1288588
1288588
1288588
1286509
1290569
1290569
1290569
1290569
1293989
1293989
1294718
1294718
1300114
1300114
1299385
1299385
1299385
1299385
1299385
1299385
1299385
1299385
1295929
1309609
1309609
1309609
1309609
1307149
1309228
1309228
1311204
1311204
1312004
1312004
1312004
1312004
1312004
1312004
1312004
1312004
1309196
1309196
1309955
1309155
1305613
1305613
1302477
1300479
1294011
1294011
1294011
1293517
1293517
1293517
1293037
1287187
1286458
1286458
1284379
1284379
1285171
1285171
1274971
1269721
1269721
1269721
1269721
1269749
1269749
1269133
1273585
1273585
1270043
1270043
1270043
1270043
1270043
1265591
1265591
1264239
1264239
1262003
1262003
1265293
1271143
1291345
1291345
1293581
1302541
1302877
1298717
1310241
1310241
1310241
1311041
1311041
1311349
1311559
1311559
1309323
1313483
1313003
1315173
1338663
1338663
1342823
1342823
1342823
1341447
1342823
1342823
1347275
1344467
1362107
1364915
1365395
1365395
1356195
1356195
1360770
1360770
1360770
1360770
1360770
1366230
1366230
1375430
1378720
1377920
1377920
1377920
1372524
1372524
1369388
1369388
1375238
1371974
1371974
1369804
1369804
1369804
1369310
1369310
1369310
1369310
1369310
1369310
1369310
1368150
1368150
1359372
1359372
1363532
1362372
1362372
1362372
1362372
1362372
1362372
1362372
1363131
1363131
1360371
1360371
1344936
1346096
1336896
1336896
1337625
1327425
1328585
1328585
1328585
1328585
1336745
1332617
1327221
1327323
1327295
1333483
1329941
1334393
1338968
1338968
1338968
1338968
1338968
1341328
1341328
1333208
1333208
1333208
1333208
1320506
1336706
1338942
1338942
1333302
1333302
1332502
1332502
1320978
1320642
1320642
1320642
1320642
1323002
1322386
1327886
1331176
1329680
1330296
1332294
1333269
1332477
1328317
1328317
1330777
1330777
1338925
1344321
1344321
1354521
1354521
1354521
1354521
1353069
1355239
1359814
1362406
1366566
1367182
1367182
1367182
1368678
1368678
1368678
1369653
1369653
1369653
1371105
1371105
1368745
1368745
1368773
1368773
1373741
1378709
1378709
1378709
1378709
1378709
1378709
1380085
1380085
1380085
1380085
1380085
1380085
1378765
1378429
1374269
1374269
1374269
1374269
1375765
1377117
1364717
1388207
1382957
1382957
1387085
1387085
1387085
1387085
1396285
1396285
1400860
1398400
1401690
1406037
1406766
1407495
1409731
1409031
1409031
1418231
1418567
1419919
1422509
1422509
1435058
1435058
1434329
1434329
1435286
1441661
1442981
1442981
1442981
1442981
1442981
1442981
1442981
1442981
1442981
1443009
1446299
1446299
1446299
1446299
1446299
1446299
1446299
1447058
1447058
1453322
1453322
1452002
1454462
1454462
1454462
1454462
1454462
1454462
1448198
1448198
1454048
1449473
1447237
1447237
1447237
1447237
1447237
1453501
1453501
1453501
1453501
1453501
1450741
1448116
1433266
1431814
1431814
1431814
1431814
1431814
1431814
1431814
1431814
1432024
1432024
1432024
1432024
1432024
1432024
1432981
1431821
1431821
1431821
1430681
1430681
1430681
1430681
1430681
1430681
1430681
1430681
1430681
1430681
1431841
1431841
1431841
1431841
1431841
1431841
1431841
1431841
1431841
1431841
1431841
1431841
1431841
1431841
1431841
1431841
1431841
1431841
1431841
1429865
1429865
1430345
1428266
1428266
1428164
1427364
1427364
1427364
1427364
1409724
1416099
1416099
1416099
1416593
1416593
1416593
1416593
1416593
1416593
1416593
1416593
1416491
1416491
1416491
1416491
1416491
1416491
1416491
1416491
1416491
1416491
1419211
1421290
1421290
1421290
1421290
1421290
1421290
1417130
1418582
1418582
1418582
1415040
1421304
1421784
1421784
1421784
1421784
1422400
1422502
1422502
1425922
1425922
1425950
1425950
1425978
1425978
1430138
1430138
1430138
1430138
1430138
1432946
1432946
1436488
1436488
1436488
1435872
1435872
1435872
1435872
1435872
1435872
1435872
1435872
1436488
1436488
1436488
1436488
1436488
1436488
1436488
1436488
1436488
1436488
1436488
1436488
1440030
1440030
1440030
1440030
1441406
1441406
1441406
1441406
1441406
1441406
1442022
1442022
1442022
1442022
1442022
1442022
1442022
1442022
1442022
1442022
1442022
1441406
1441406
1441406
1441406
1440030
1440030
1440030
1440030
1435455
1440851
1441467
1441467
1441467
1441467
1441467
1441467
1441467
1441467
1441467
1441467
1441467
1441467
1441467
1441467
1441467
1441467
1441467
1441467
1441467
1441467
1441467
1441467
1441467
1441467
1442083
1442083
1438541
1438541
1438541
1438541
1438541
1438541
1438541
1438541
1438541
1438541
1438541
1438541
1437089
1435713
1435713
1435713
1436967
1436967
1436967
1436967
1436967
1436967
1436967
1436967
1436967
1436967
1436967
1439327
1439327
1439327
1440779
1440779
1441939
1441939
1441939
1441939
1441939
1441939
1441939
1441939
1441939
1441939
1439479
1439479
1438319
1438319
1438319
1438319
1438319
1438319
1438319
1440779
1442155
1442155
1442155
1442155
1442155
1442155
1442365
1444825
1444825
1444825
1444825
1444825
1444825
1444825
1444825
1444825
1444825
1442465
1442465
1441508
1441508
1441508
1441508
1446476
1446476
1446476
1446476
1446476
1446476
1446476
1446476
1446476
1446476
1446686
1446686
1452082
1452082
1452082
1452082
1452082
1452082
1452184
1452184
1452184
1452184
1452184
1452184
1452184
1452184
1452184
1452184
1452184
1452184
1452184
1452184
1453536
1453536
1453536
1453536
1460004
1460004
1460004
1460004
1460004
1460004
1460004
1459275
1459275
1459275
1459275
1459275
1459275
1459275
1459275
1459275
1460004
1460004
1460004
1460004
1460004
1460004
1460004
1460004
1460004
1460004
1460004
1460733
1460733
1460733
1460733
1460733
1462229
1462229
1462229
1462229
1462229
1462229
1462229
1462229
1462229
1462229
1463029
1463758
1463758
1463758
1463758
1463758
1463758
1463758
1463758
1463758
1463758
1460216
1460216
1456248
1453888
1453888
1453888
1453888
1454382
1454382
1454718
1454718
1454718
1457178
1457178
1457178
1456449
1456449
1456449
1453641
1453641
1455617
1455617
1455617
1456993
1456993
1456993
1456993
1454633
1454633
1454661
1437021
1440441
1440441
1440441
1441200
1441200
1441200
1441200
1441200
1437072
1437072
1437072
1436272
1436272
1436272
1436272
1430224
1429267
1429267
1432027
1432027
1429791
1430407
1430407
1430407
1430407
1430407
1430065
1435461
1435461
1435461
1435461
1436813
1436813
1437788
1443428
1443428
1443428
1443428
1443428
1443428
1444157
1443182
1443182
1444322
1444322
1438134
1433166
1433166
1430930
1431730
1431730
1431730
1431730
1431730
1430755
1430755
1430755
1428163
1428163
1428163
1428163
1427463
1427463
1427463
1425227
1420775
1424935
1424935
1415735
1395533
1420789
1420789
1403149
1403149
1405319
1406695
1406695
1405319
1405319
1407555
1384065
1390329
1392327
1392327
1392327
1380803
1381283
1382012
1382012
1382012
1381532
1377372
1377400
1377400
1377400
1394000
1394800
1395940
1395940
1409044
1409044
1409044
1409044
1406236
1415014
1414214
1414214
1413906
1413906
1413878
1413878
1413878
1417420
1417420
1417420
1417420
1420140
1417970
1411706
1411706
1409470
1417590
1417590
1417590
1412194
1412994
1408866
1408866
1408866
1408866
1408866
1408866
1410026
1410026
1410026
1410026
1410026
1410026
1411378
1411378
1411378
1411378
1411378
1411378
1411994
1411994
1411994
1410642
1410642
1410642
1412094
1412094
1412094
1412094
1412094
1412094
1412094
1412094
1412122
1412122
1412122
1412122
1410962
1411762
1411790
1411790
1411790
1411790
1411790
1408334
1408334
1408334
1408544
1408544
1408544
1407785
1407813
1407813
1407813
1407813
1407813
1407915
1407915
1411051
1411051
1409599
1406974
1403838
1399386
1386837
1386837
1389597
1389939
1384089
1383879
1377411
1377411
1376795
1376795
1374559
1377019
1381594
1375219
1375219
1375219
1376379
1376379
1376379
1377539
1377539
1377539
1377539
1377539
1377539
1377539
1380129
1379635
1379635
1379155
1379155
1381234
1381234
1381234
1381234
1374970
1377562
1369414
1375678
1375062
1375062
1375062
1375062
1373742
1373742
1374542
1374542
1374542
1374514
1374514
1377322
1368362
1364394
1366986
1366370
1366370
1366370
1366370
1366370
1369660
1369180
1369180
1369180
1371350
1371322
1373914
1376506
1376506
1376506
1376506
1376506
1376506
1377235
1377235
1377337
1377337
1377337
1377337
1377337
1377337
1377337
1379697
1379203
1377751
1374461
1374461
1374461
1374461
1377269
1382237
1376189
1376189
1376189
1377641
1377641
1382216
1382216
1382216
1379624
1377454
1377454
1378254
1377946
1376594
1380014
1380014
1384074
1387494
1390914
1390914
1385414
1384274
1384274
1383134
1382654
1383134
1383834
1383498
1380908
1382884
1382884
1419228
1419228
1417149
1417149
1417149
1418309
1418309
1418309
1416139
1416139
1416139
1413547
1409487
1409487
1410983
1410983
1410641
1410641
1410641
1410743
1410249
1410249
1410249
1410039
1410039
1408879
1408879
1410331
1410331
1414906
1414906
1414906
1414906
1408438
1408438
1414813
1416133
1418131
1418131
1418131
1418131
1418131
1420891
1421650
1421860
1423114
1423114
1423114
1423114
1424566
1424566
1424566
1424566
1424566
1424566
1424776
1424776
1424776
1424776
1424776
1424017
1424017
1424017
1424017
1428469
1428469
1422969
1420161
1420161
1420161
1420161
1420161
1420161
1420161
1417801
1408841
1406033
1406033
1406033
1406033
1406033
1406033
1405823
1405823
1405823
1405823
1405823
1405823
1423463
1423463
1423253
1429721
1429721
1426913
1420538
1419162
1419162
1417842
1417870
1417870
1416494
1416494
1416494
1416494
1416494
1416494
1416014
1414662
1414662
1414662
1414662
1414662
1414662
1414662
1414998
1414998
1414998
1410938
1410938
1410938
1410938
1410938
1410938
1414228
1414228
1417518
1417518
1422768
1422768
1422768
1422768
1422768
1421811
1421811
1421811
1421811
1421811
1421811
1421811
1421811
1423787
1423787
1423171
1423171
1423171
1423171
1422863
1427023
1427023
1432523
1423323
1423323
1423323
1419163
1419163
1417843
1412343
1412343
1410991
1411019
1409567
1409567
1409567
1404317
1408477
1405187
1405187
1405187
1405187
1407423
1409883
1412053
1410077
1410077
1409120
1409120
1409120
1409879
1409879
1409879
1409879
1409879
1410373
1410373
1410373
1410373
1411513
1411513
1417153
1423417
1423417
1422163
1421003
1421003
1421003
1421003
1415753
1414796
1421171
1421171
1421171
1421171
1421171
1421171
1421171
1420555
1418476
1418476
1418476
1418476
1418476
1418476
1418578
1418578
1418578
1418578
1418578
1418578
1418578
1418578
1418578
1415036
1417844
1417844
1417844
1417844
1417844
1418603
1418603
1418603
1418603
1414028
1414028
1414028
1418603
1418603
1418603
1418603
1418603
1418603
1418603
1418603
1418603
1418603
1418603
1418603
1418603
1418603
1426751
1426751
1426751
1426751
1426751
1426751
1426751
1420487
1420487
1420967
1420967
1420967
1426363
1426363
1426363
1428723
1428723
1428723
1428723
1428723
1429452
1429452
1429452
1426992
1426992
1426992
1426992
1426263
1426263
1426263
1426263
1426263
1426263
1426263
1426263
1426263
1426263
1426263
1426263
1413714
1411354
1411354
1411354
1411354
1411354
1405854
1405854
1405854
1405854
1405854
1405854
1408024
1408024
1409520
1409520
1404945
1405155
1405155
1405155
1405155
1405155
1407515
1407515
1407515
1407515
1413779
1410489
1410489
1407199
1406242
1406242
1406242
1406242
1406242
1406242
1407618
1407618
1406889
1406889
1408341
1408341
1408341
1408341
1404799
1404070
1404070
1404070
1404070
1404070
1401710
1407170
1407170
1407170
1407170
1407170
1407170
1407170
1407170
1407170
1407170
1407068
1406268
1406268
1406997
1406997
1406997
1406997
1406997
1406997
1406997
1406997
1406997
1406997
1409357
1409357
1409357
1409357
1409357
1409357
1409357
1409357
1409385
1409385
1409385
1409385
1409385
1409385
1409385
1409385
1409385
1409357
1409357
1409357
1409357
1409357
1409357
1409357
1409357
1409357
1409357
1409357
1410086
1410086
1410086
1410086
1410086
1410086
1410086
1408590
1409070
1409070
1409070
1409070
1409070
1409070
1409070
1409070
1409070
1409070
1409070
1409070
1411430
1411430
1411640
1411640
1411640
1411640
1411640
1411640
1411640
1411640
1411640
1411640
1411640
1411640
1411640
1411640
1409280
1409280
1409280
1409280
1409280
1409280
1401120
1401120
1414080
1414080
1414080
1414080
1414080
1414080
1405960
1405960
1405960
1405960
1405858
1405858
1405858
1401890
1401890
1401890
1401890
1400514
1400514
1400514
1400514
1400514
1400514
1400514
1404056
1404056
1402680
1402680
1402680
1402680
1402680
1402680
1402680
1402680
1402680
1399530
1403658
1403658
1403658
1403658
1407818
1404528
1404528
1404528
1404528
1405257
1405257
1405257
1405257
1405257
1407336
1407336
1407336
1408590
1408590
1408590
1410042
1410042
1407417
1408217
1408217
1409174
1410334
1410334
1410950
1417325
1416566
1416566
1416566
1416566
1416566
1416566
1422066
1427034
1427034
1415421
1415421
1414692
1417828
1417828
1417828
1417828
1417828
1417828
1417828
1413700
1413700
1412743
1411291
1411291
1411291
1411291
1411291
1411291
1410675
1410675
1410059
1403684
1412644
1412644
1412644
1413373
1413373
1413373
1413373
1411397
1411397
1412651
1424175
1424175
1423695
1423695
1425191
1421031
1421031
1425999
1425999
1425999
1427159
1444799
1444799
1442563
1442563
1442563
1448203
1448203
1448203
1448203
1448203
1448203
1448203
1448203
1448203
1448203
1447403
1447403
1449639
1449639
1451091
1451091
1452467
1452467
1452467
1452467
1452467
1452467
1452467
1451091
1451091
1451091
1452443
1452443
1445975
1445975
1445975
1445975
1445975
1445975
1445975
1446775
1446775
1446775
1446775
1446775
1446775
1446775
1443233
1443233
1443233
1443233
1443233
1443233
1443233
1443233
1443233
1443233
1443233
1443233
1443233
1443131
1443131
1443131
1443131
1442402
1442402
1441242
1441242
1441242
1441242
1441242
1442001
1442001
1442001
1442001
1442617
1442617
1442617
1442617
1442617
1442617
1442617
1441165
1441165
1441165
1441165
1443244
1443244
1443244
1448212
1446042
1446042
1446042
1443963
1446723
1446723
1446243
1446243
1446243
1446243
1446243
1446243
1446243
1446579
1443159
1437699
1435723
1435723
1434469
1434963
1434963
1434627
1434627
1434837
1434837
1436289
1436289
1435560
1427412
1427412
1427412
1427412
1427906
1424616
1423857
1423857
1423857
1423857
1424351
1423191
1405551
1407003
1407795
1395246
1395218
1395428
1396588
1396588
1396588
1396588
1396588
1396588
1396588
1396588
1396588
1396588
1396588
1396588
1396588
1396588
1396588
1396588
1394612
1393853
1398428
1398428
1398428
1398428
1393032
1393032
1393032
1398428
1393853
1393853
1393853
1393853
1393853
1389401
1389401
1389401
1389401
1389895
1389895
1395943
1395943
1395943
1405143
1405143
1405143
1404527
1404527
1404527
1405021
1410271
1410271
1406851
1409987
1408611
1408611
1408611
1408611
1408611
1407259
1407259
1401619
1404427
1404427
1403267
1404643
1405259
1405259
1405259
1405259
1402899
1405259
1404643
1404643
1404643
1404643
1402283
1402283
1402283
1402283
1399823
1399823
1399823
1395248
1400216
1392068
1395488
1392728
1380452
1380452
1380452
1380452
1380452
1374952
1372327
1372327
1373679
1373679
1373679
1368283
1370519
1368440
1356164
1356164
1361624
1361624
1362383
1362383
1362383
1362383
1362041
1355777
1355777
1355297
1355297
1360757
1360757
1359617
1360871
1359896
1359560
1359560
1359066
1359795
1350835
1352155
1352155
1351015
1351357
1351357
1351357
1349278
1349278
1349278
1349278
1349278
1343778
1343442
1343442
1343442
1341206
1335566
1332024
1327896
1327896
1327896
1330656
1326081
1326081
1326081
1326081
1326081
1325124
1322532
1322532
1322532
1323672
1324014
1324014
1324989
1324989
1326485
1339589
1339589
1336299
1336299
1336299
1336299
1336299
1336299
1336915
1336915
1336915
1332463
1331983
1331983
1327823
1327823
1327823
1327823
1327823
1327823
1327823
1327823
1327851
1327851
1327851
1328467
1328467
1328467
1328467
1328467
1328467
1328467
1329226
1329328
1329328
1329328
1329328
1328992
1328992
1324024
1319572
1320924
1320924
1325376
1325376
1322784
1322784
1325244
1327604
1327604
1327604
1333104
1333104
1333104
1333104
1333002
1333731
1333731
1333731
1336091
1336091
1336091
1336193
1336193
1333833
1333833
1339229
1339845
1339845
1339845
1339845
1339845
1344420
1347962
1347962
1347962
1347962
1349458
1349458
1349458
1349458
1349458
1348729
1349889
1349889
1349889
1349889
1349889
1344493
1345845
1345845
1345845
1345845
1348995
1349970
1349354
1349354
1347118
1346908
1346908
1346908
1346908
1345532
1349984
1349984
1349984
1349956
1349956
1351332
1351332
1350573
1350601
1351953
1351953
1357803
1357803
1357803
1357803
1358013
1356561
1356561
1350186
1351161
1351161
1351161
1351161
1351161
1351161
1351161
1351161
1351161
1351161
1351861
1350607
1350607
1350607
1350607
1350397
1350397
1350397
1350397
1350397
1350397
1350397
1350397
1350397
1351849
1351849
1351849
1353928
1353928
1353928
1354544
1353224
1353224
1357799
1357799
1364267
1364267
1367557
1367557
1368909
1368909
1368909
1368909
1368909
1368909
1369389
1367391
1367391
1367391
1375539
1375539
1375539
1375641
1372881
1377456
1377456
1373914
1373914
1373914
1373914
1375290
1375290
1377526
1377526
1377526
1376150
1376150
1376150
1379692
1379076
1379076
1379076
1379076
1379076
1383528
1392728
1398578
1399194
1399194
1399194
1399194
1399194
1399194
1399194
1399194
1399194
1399194
1399194
1400334
1400334
1400334
1400334
1400334
1402924
1402924
1402924
1402924
1402924
1402924
1402924
1402924
1402924
1403418
1403418
1408918
1408918
1408918
1408918
1408918
1408918
1408189
1408189
1408189
1408189
1408805
1408805
1408805
1409534
1409534
1409534
1409534
1409534
1409534
1409534
1409534
1409562
1391922
1381722
1381722
1381722
1381722
1381722
1381722
1381722
1381722
1381722
1381722
1381722
1381722
1381722
1368618
1368618
1367661
1367661
1367325
1368701
1370871
1370871
1370871
1366903
1366903
1366903
1366903
1365946
1367106
1367106
1367106
1368482
1368482
1368482
1368482
1367130
1367130
1365634
1365634
1365634
1365634
1365634
1365634
1365634
1365634
1365634
1365634
1365634
1365634
1365634
1365634
1365634
1365634
1365634
1365634
1365634
1365634
1365634
1365634
1365634
1365634
1365634
1365634
1365736
1365736
1365736
1359268
1359268
1359268
1359268
1359268
1359268
1359268
1359268
1359268
1359268
1359997
1362076
1362556
1362556
1361827
1361827
1361827
1361827
1361827
1361827
1361827
1361827
1361827
1361827
1361827
1361827
1361827
1357767
1357767
1357767
1344087
1344087
1344087
1344087
1341851
1341851
1341851
1341851
1341851
1337504
1337504
1333962
1333962
1328566
1331986
1331986
1332943
1332943
1332943
1331567
1331567
1331567
1330867
1330867
1330867
1326292
1326908
1326908
1331876
1331876
1331876
1330556
1330556
1330892
1330892
1317788
1315028
1312268
1320416
1335266
1335266
1335056
1335056
1343834
1353034
1351874
1351874
1356842
1357336
1357336
1353176
1354496
1356472
1356472
1356472
1356472
1356472
1352020
1352020
1358284
1352434
1353163
1349873
1349771
1350107
1350107
1350005
1350005
1346715
1351683
1351683
1354143
1354245
1354245
1351485
1351485
1351485
1351485
1351275
1345815
1345815
1347167
1341707
1338947
1338919
1339619
1340378
1340378
1341830
1347330
1347330
1347330
1347330
1348682
1328480
1328480
1328480
1332540
1327572
1326318
1326318
1326318
1328910
1328910
1328910
1328910
1328910
1333070
1333070
1333070
1333070
1333686
1333686
1333686
1334180
1340840
1347308
1347308
1351760
1335560
1335560
1336936
1336936
1343124
1343124
1344099
1344099
1343605
1343605
1343605
1343605
1344334
1344334
1346694
1346484
1346484
1346484
1349904
1349904
1336224
1337600
1341568
1340408
1343558
1343558
1343586
1343586
1348038
1348038
1348140
1348140
1348140
1344720
1344720
1344720
1344930
1344930
1345659
1345659
1344283
1345443
1345443
1345443
1345443
1345443
1359123
1359123
1361748
1361748
1361748
1361748
1361748
1362477
1361748
1361748
1361748
1374297
1374297
1374297
1374297
1375056
1372431
1372431
1372431
1372431
1372431
1377399
1377399
1378191
1378191
1378991
1379607
1384059
1387601
1387601
1387601
1387601
1387811
1387811
1387811
1387811
1387811
1387811
1388540
1388540
1388540
1395008
1395008
1395008
1395008
1395008
1395008
1394208
1394208
1396287
1396287
1396287
1396287
1394208
1394208
1394236
1394236
1394236
1394236
1394236
1394236
1394236
1394236
1388776
1388776
1371136
1371136
1375296
1375296
1377375
1374567
1374567
1371277
1358728
1346026
1339838
1339838
1339838
1339079
1339079
1335789
1335789
1335789
1335789
1334437
1334437
1334437
1334437
1331977
1333137
1334513
1334513
1334513
1334513
1334513
1334513
1334513
1334513
1334513
1333137
1333137
1333137
1335945
1342209
1342209
1342545
1348045
1348045
1350281
1355741
1355741
1355741
1355741
1372341
1372341
1372341
1372341
1372341
1372341
1373793
1373793
1380261
1380261
1380261
1382237
1382237
1380785
1380785
1380785
1380785
1380785
1380785
1380785
1379625
1381985
1381985
1382321
1382321
1382657
1382657
1378497
1378497
1384872
1384536
1384536
1384536
1384536
1381246
1380910
1379558
1378238
1384088
1385440
1386580
1386552
1386580
1389340
1389340
1394308
1394308
1394308
1394308
1393333
1385173
1385173
1385173
1385145
1381855
1387495
1388815
1388815
1388815
1386645
1386645
1382517
1382517
1373317
1372588
1363628
1363628
1363628
1363292
1363292
1358324
1360403
1360403
1357113
1356903
1356903
1356903
1358223
1358223
1358223
1358223
1358223
1358223
1358223
1358223
1361373
1361373
1361373
1361373
1374477
1374477
1374477
1374477
1374477
1374477
1374477
1373748
1373748
1374477
1374477
1374477
1377237
1377237
1377237
1377237
1377966
1377966
1377966
1377966
1378446
1378446
1378446
1381736
1381736
1381736
1381736
1381736
1381736
1381736
1377161
1377161
1377161
1377161
1377161
1377161
1377161
1379331
1379331
1379331
1379331
1381410
1381410
1379050
1369850
1369850
1369058
1369058
1369058
1369058
1368442
1368442
1365022
1365022
1365022
1365022
1365022
1364293
1364293
1364293
1364293
1365052
1362816
1360840
1360840
1360840
1360840
1358670
1358670
1358670
1358670
1352406
1352406
1352406
1346556
1349692
1349692
1345240
1347319
1341923
1342682
1342682
1342682
1342682
1342784
1342784
1342784
1342784
1342784
1342784
1342784
1342784
1342784
1342784
1342784
1342784
1343513
1343513
1320023
1320023
1320023
1319995
1319995
1319995
1319995
1319020
1319020
1319020
1319020
1319020
1319020
1328220
1328220
1327461
1327461
1328601
1327281
1333545
1333545
1333545
1333545
1333545
1332588
1331972
1331972
1321772
1321744
1321744
1321744
1327594
1327594
1329570
1329570
1329570
1324602
1324602
1324602
1323106
1322347
1321867
1321867
1321867
1321867
1331067
1330731
1329774
1329774
1330503
1330503
1331119
1331119
1331119
1331119
1328659
1330011
1330011
1330011
1330011
1330011
1330011
1330011
1330011
1329983
1329983
1325531
1329878
1323503
1323503
1323503
1331623
1325773
1321198
1321198
1320398
1320398
1320398
1319238
1319238
1319238
1321830
1321830
1321830
1321830
1321830
1321830
1321830
1321830
1321830
1321830
1321830
1321830
1320378
1314878
1314878
1314878
1316854
1315502
1323662
1323662
1323662
1323662
1323662
1323662
1331782
1331782
1331782
1331782
1330528
1330528
1314328
1314328
1307953
1305361
1305259
1303883
1302723
1302723
1302723
1302723
1303680
1303680
1305916
1305916
1304540
1308508
1308508
1311798
1311798
1311798
1311798
1311798
1317438
1317918
1318718
1318718
1318718
1318718
1318718
1318718
1320070
1320070
1320280
1320280
1320774
1320774
1320774
1320774
1323010
1331158
1331158
1331158
1335610
1335610
1335610
1341985
1341985
1341985
1341985
1341985
1341985
1341985
1341985
1341985
1341985
1341985
1341985
1341505
1340345
1340345
1340345
1340345
1337885
1337885
1334595
1334595
1343795
1343795
1343795
1343823
1339476
1348676
1348676
1348676
1348676
1350846
1348610
1348610
1348610
1348610
1349567
1349567
1349567
1349567
1349465
1349465
1349465
1349465
1349465
1349465
1349465
1349465
1348971
1346511
1346511
1346511
1346511
1341115
1345462
1350962
1350962
1350962
1350962
1350962
1350962
1350962
1350962
1350962
1350962
1350934
1350934
1350934
1350440
1350440
1350440
1347850
1348330
1348330
1348330
1348330
1347714
1347714
1347714
1347714
1347714
1347714
1347714
1350474
1350474
1350372
1350372
1350372
1350372
1349643
1349643
1349643
1349643
1349643
1349643
1349643
1349643
1349643
1349643
1348668
1348458
1348458
1348458
1348458
1348458
1348458
1373714
1378166
1379518
1379518
1379518
1379728
1379728
1379728
1384978
1388268
1394643
1394643
1394643
1394643
1395897
1395897
1395897
1397151
1397151
1397151
1397151
1397151
1400571
1400781
1400781
1400781
1400781
1401261
1401261
1413537
1413537
1413537
1413537
1413537
1413537
1413537
1413327
1413327
1413327
1413327
1413327
1413327
1413327
1413355
1413355
1413355
1413355
1413355
1413355
1413355
1413355
1413355
1414807
1414807
1414807
1414807
1414807
1417567
1417567
1417567
1417567
1417567
1417567
1417567
1417567
1417567
1426767
1426767
1426767
1430309
1430309
1426889
1424529
1424529
1424529
1421809
1421809
1421809
1421809
1416413
1414053
1414053
1422201
1422201
1422201
1422201
1422201
1422201
1423158
1426700
1426910
1426910
1426910
1426910
1426910
1430046
1429944
1429944
1429944
1429944
1429944
1430673
1430673
1430673
1430775
1430775
1430775
1430775
1430775
1430775
1430775
1430775
1430775
1437243
1437243
1438403
1438403
1438403
1438403
1438403
1438403
1437674
1437674
1437674
1437674
1437674
1437674
1437674
1437674
1438834
1438936
1438936
1438936
1438936
1438207
1438207
1437713
1437713
1437713
1437713
1444088
1444088
1444088
1444088
1444088
1444088
1446448
1446448
1446448
1446448
1446448
1446658
1446658
1445858
1449400
1449400
1450776
1450776
1450776
1450776
1450776
1451576
1451576
1451576
1451576
1451576
1451576
1452716
1452716
1452716
1452716
1452716
1452716
1452716
1452716
1452716
1452716
1452716
1452716
1453210
1453210
1453210
1453210
1453210
1453210
1453210
1453210
1453210
1453210
1453210
1453210
1453210
1440106
1442914
1442914
1440154
1439425
1439425
1439425
1434029
1433229
1433229
1433229
1433229
1432893
1432893
1432893
1432893
1432893
1432277
1432277
1432277
1432277
1441237
1441027
1441027
1441027
1441027
1441027
1441027
1441027
1438948
1438948
1438948
1441540
1441540
1441540
1441540
1441540
1441540
1441540
1441540
1441540
1441540
1441540
1441540
1441512
1441484
1441484
1441484
1445544
1445544
1445544
1445544
1437424
1437424
1437424
1437424
1437424
1438584
1438584
1432320
1432320
1432320
1432320
1433460
1424682
1424682
1424682
1424682
1424682
1428842
1428842
1428842
1428842
1426844
1426844
1426844
1430108
1427938
1427938
1427938
1427938
1422542
1422542
1421742
1421742
1422717
1426877
1428017
1428017
1428017
1428017
1428017
1428017
1431437
1428017
1421753
1421753
1422553
1422553
1422553
1419011
1419627
1419627
1419627
1422891
1420171
1420199
1420199
1420199
1420199
1420199
1416039
1416039
1416039
1416039
1416039
1417491
1417491
1417491
1417491
1417491
1416875
1416875
1416875
1416875
1414067
1414067
1414067
1414067
1414067
1412091
1412091
1412091
1412091
1412091
1411362
1411362
1409192
1409192
1409192
1406600
1406600
1409225
1408883
1403243
1403243
1402443
1402923
1401783
1407283
1406667
1406667
1412517
1412517
1412307
1412307
1410955
1410955
1410955
1412331
1411171
1411171
1411171
1408711
1408711
1420324
1420324
1420324
1420324
1420324
1416782
1414022
1413222
1415847
1416639
1414047
1413945
1413945
1397345
1393925
1393925
1393925
1368669
1368669
1368669
1364094
1363335
1364035
1364035
1363335
1363335
1360743
1360743
1360743
1359291
1359291
1356483
1355867
1354371
1354371
1352919
1352919
1352919
1352891
1348316
1348316
1348316
1345180
1345180
1345180
1345180
1345180
1344020
1344020
1337756
1336616
1335816
1335816
1332526
1332498
1331523
1331523
1330071
1330071
1325103
1320943
1318583
1318583
1317967
1317967
1309819
1309819
1307821
1303246
1303246
1301750
1301750
1301750
1299671
1296863
1296863
1293443
1289383
1287213
1280745
1280745
1280745
1280745
1275777
1271202
1271100
1271100
1270998
1268408
1232064
1232064
1232064
1225800
1225800
1224640
1224640
1224304
1224304
1224304
1224304
1218908
1213408
1213408
1213408
1207948
1207948
1201573
1201573
1201573
1201093
1201093
1201093
1203553
1216102
1216102
1216102
1220162
1220162
1218842
1218842
1225106
1225106
1228242
1228242
1228242
1228242
1228971
1228971
1228971
1228971
1233546
1232817
1232817
1234137
1236307
1236307
1236307
1236307
1245085
1245085
1251460
1251460
1251460
1251460
1251460
1251460
1242260
1242260
1258460
1258460
1258460
1267660
1267660
1263085
1257585
1257585
1257585
1257585
1257585
1254043
1255419
1255419
1255419
1255419
1255419
1255419
1255419
1260919
1265494
1265494
1265494
1265494
1265494
1264878
1263502
1263502
1263502
1264118
1264118
1264118
1264118
1264118
1264118
1263389
1263389
1263389
1263389
1263389
1263389
1263389
1263389
1263389
1263389
1263389
1263389
1263389
1263389
1263389
1262660
1262660
1262660
1262660
1262660
1262660
1262660
1262660
1262660
1262660
1262660
1262660
1262660
1262660
1262660
1262660
1262660
1262660
1263389
1263389
1263389
1263389
1263389
1263389
1263389
1263389
1263389
1263389
1263389
1258937
1257485
1254065
1253855
1251879
1250503
1250503
1248527
1230887
1229747
1229747
1229747
1229747
1229747
1229747
1229747
1229747
1229747
1229747
1229747
1229747
1227577
1227577
1227577
1227577
1227577
1228737
1228737
1228737
1233312
1233312
1232152
1232152
1232152
1234512
1234512
1234512
1234512
1237802
1237802
1237802
1237802
1237802
1237802
1237802
1237802
1237802
1239254
1239254
1239254
1239254
1239254
1239254
1239254
1239254
1239254
1239254
1239254
1231106
1231106
1231106
1231106
1231106
1231106
1224842
1224842
1224842
1224842
1224842
1224842
1224842
1224842
1224842
1224842
1224632
1221824
1221824
1221824
1221824
1221824
1221796
1221796
1221796
1221796
1219717
1215557
1215557
1215557
1215557
1215557
1215557
1215557
1215557
1215557
1215557
1215557
1215557
1213321
1213321
1210031
1210031
1204781
1204781
1204781
1204781
1199281
1199281
1199281
1199281
1199281
1198787
1181147
1181147
1181147
1179695
1175535
1175535
1175535
1175535
1175535
1175535
1175535
1175325
1175325
1172965
1172965
1172206
1172206
1172206
1172206
1172206
1172206
1172206
1172206
1172206
1170830
1170830
1170830
1170830
1170071
1169271
1169271
1169271
1166911
1166911
1153951
1153951
1153951
1151191
1150697
1147407
1147407
1147407
1138447
1137967
1136713
1136713
1134253
1134253
1134253
1134253
1134253
1134253
1134253
1134253
1133637
1133637
1133637
1133637
1133637
1133637
1133157
1133157
1130921
1128161
1128161
1128161
1128371
1128371
1128371
1132531
1133785
1133785
1133785
1133785
1133575
1133575
1133575
1133575
1133575
1133575
1136865
1135413
1132123
1132123
1133575
1127200
1127200
1127200
1125946
1125946
1125946
1125946
1125946
1125946
1125946
1125946
1125946
1125946
1125946
1125946
1125946
1125946
1125946
1124450
1124450
1124450
1124450
1124450
1124450
1124450
1124450
1124450
1124450
1124450
1124450
1124450
1124450
1124450
1124450
1119200
1119172
1117676
1117676
1116947
1111307
1110053
1109559
1109559
1109559
1106751
1106751
1106751
1106257
1104805
1104805
1102445
1102445
1102445
1102445
1102445
1102445
1102445
1102445
1102445
1102445
1102445
1102445
1102445
1097049
1108662
1108662
1108662
1133918
1133189
1130053
1130053
1132413
1132413
1132413
1132413
1132413
1146093
1145991
1158267
1158267
1163663
1165661
1165661
1166390
1166390
1168982
1170302
1178422
1178764
1178764
1178764
1178866
1178866
1182002
1182002
1182002
1182002
1170478
1170478
1170268
1168916
1168916
1168916
1168916
1162541
1162541
1162541
1161812
1161812
1161812
1161812
1161812
1161332
1161332
1161332
1159096
1159096
1159096
1158994
1158994
1158994
1158994
1158994
1158994
1158994
1158994
1158994
1158994
1158994
1158994
1157618
1157618
1157618
1152650
1152650
1152650
1149890
1149890
1146348
1143212
1142596
1142596
1142596
1142596
1142596
1142596
1142596
1142596
1142596
1145860
1149150
1151386
1151386
1151386
1151386
1152640
1153120
1153120
1153120
1153120
1153120
1153120
1153120
1152784
1152784
1151530
1150738
1150009
1152245
1152245
1150893
1150093
1150093
1167733
1168227
1168227
1168707
1168707
1168707
1160559
1160559
1161359
1161359
1159123
1159123
1159123
1159333
1153693
1153693
1155045
1155045
1155045
1160685
1160191
1168339
1168339
1168339
1168339
1168339
1168339
1168339
1168129
1167649
1167649
1167649
1154545
1153385
1153385
1153385
1151933
1148797
1147637
1147637
1142137
1142137
1142137
1142137
1142137
1142137
1142137
1142137
1142137
1142137
1142137
1142137
1142137
1154839
1154839
1154867
1154867
1154867
1157587
1157587
1157587
1165735
1166494
1166494
1166494
1166494
1166494
1166494
1168854
1168854
1168826
1178026
1180002
1180002
1180002
1181498
1181498
1181498
1182638
1182638
1182638
1182638
1182638
1180278
1180278
1181235
1181235
1181235
1181235
1175775
1174423
1174423
1174423
1174423
1173623
1173623
1173623
1173623
1168655
1168655
1168655
1168655
1167203
1167203
1167203
1161563
1159484
1159484
1159484
1159484
1154909
1151489
1151489
1151489
1151489
1151489
1154779
1154779
1154020
1154020
1158472
1158472
1158574
1167774
1167672
1168401
1168401
1168401
1168401
1168401
1168401
1168401
1168401
1168401
1168401
1168401
1168401
1168401
1168401
1169160
1169160
1169160
1169160
1169160
1169160
1168431
1168431
1168431
1168431
1168431
1168431
1168431
1168431
1168089
1163121
1163121
1163121
1163121
1156653
1156653
1156653
1158105
1158105
1158105
1158105
1158105
1153945
1152988
1152988
1152988
1152988
1152988
1152372
1148244
1148244
1148244
1147515
1147515
1147515
1147515
1147515
1147515
1147515
1148472
1148472
1149201
1149201
1147749
1147749
1147749
1148365
1148365
1148365
1148365
1148365
1142905
1141453
1140293
1139534
1133486
1133486
1133486
1133486
1132511
1130151
1130151
1130151
1130151
1130151
1125576
1125576
1124817
1124817
1123842
1124817
1126269
1126269
1126269
1126269
1126269
1120005
1121165
1121501
1120049
1120049
1120049
1120049
1120049
1121425
1121425
1121425
1121425
1121425
1121425
1121425
1123885
1123885
1123885
1123885
1123885
1122725
1122725
1122389
1122389
1122389
1122389
1121013
1121013
1121013
1121013
1121013
1121013
1121013
1116045
1113809
1113809
1112433
1112433
1112433
1112433
1112433
1110354
1110354
1110354
1104504
1104504
1100052
1099558
1098418
1097718
1097718
1097718
1097718
1097224
1097224
1097224
1092772
1090602
1090944
1096444
1096444
1096938
1101098
1101098
1101098
1101098
1103177
1103177
1103177
1103177
1103279
1103279
1103279
1103279
1103279
1102799
1102799
1101659
1101659
1100307
1100307
1100307
1098987
1098987
1098987
1089787
1088812
1086452
1086452
1085958
1085930
1082780
1074632
1074632
1069664
1069664
1069664
1069664
1069664
1069664
1069664
1069664
1069664
1069048
1069048
1069048
1069048
1069048
1069048
1069048
1060900
1058440
1058440
1057088
1056752
1047552
1038774
1038774
1038774
1038774
1038774
1038774
1037398
1037398
1037398
1037398
1032946
1032330
1032228
1032228
1031499
1031499
1031471
1031471
1031471
1028181
1028181
1023606
1023606
1022286
1022286
1022286
1020934
1020934
1020934
1018344
1013892
1013892
1013892
1013892
1014621
1014621
1014621
1014621
1014621
1014621
1014621
1014621
1014621
1014621
1014621
1014621
1014621
1014279
1014279
1014279
1014279
1014279
1014279
1014279
1014279
1014279
1014279
1014279
1014279
1014279
1014279
1012903
1012903
1012903
1012903
1012903
1012903
1012903
1012903
1012903
1012903
1012903
1012903
1008451
1007099
1007099
1006763
1003221
1001725
1000373
998877
996285
994049
990629
990629
990629
990629
990629
989277
988117
988015
988015
988015
988015
988015
985936
983576
983576
982200
982172
976672
976672
962992
962992
958024
957265
957265
957265
956565
956463
956463
956463
956463
956463
956463
956463
955506
955506
949242
936693
936693
936693
936693
936693
936693
936077
936077
936077
935102
934486
933870
933870
920766
920664
920664
919935
918795
918795
918315
912465
912465
912465
912465
911849
911849
909224
906864
906864
905488
905488
905488
905488
905488
905488
905488
905488
905488
905488
904688
901146
900417
900417
898338
898338
898338
898338
898338
898338
891870
891870
885402
885402
885402
884673
884673
884463
883969
883969
879001
879001
874941
872771
868319
866240
865760
865760
872024
872024
859475
863699
863699
862379
864839
866159
866159
863023
854245
857381
858110
862685
899029
894969
892799
899174
919376
919376
918647
914072
926621
924161
924161
926331
927031
920656
920656
914392
914392
914392
914392
914056
912080
912080
905892
905892
905892
905892
905892
905892
905892
905892
905892
905892
905892
905892
905892
905892
905892
905892
905790
905174
904415
904415
904387
904387
904387
904387
901237
894973
893521
891442
891442
885592
885592
885592
885256
878596
878596
878568
878568
877839
875379
873143
873143
873143
873143
873143
873143
871167
871167
865317
850467
850467
850467
850467
850467
845499
844707
844707
840547
839931
839931
839931
839931
839721
839721
840063
840063
841317
841317
847505
848957
848957
853117
851863
851863
858238
858238
858238
860236
860236
860236
860236
858784
858784
858784
862074
862074
862074
862284
862284
862284
858124
858124
858124
858124
858124
854834
857594
857594
857594
858353
857624
852124
852124
851365
844897
843545
838085
838085
838085
838085
838085
821485
821457
821457
817005
817005
817005
811365
811365
811365
811365
811365
805317
805289
804809
804809
804809
804809
804473
804473
802497
799077
782477
782477
764837
759869
759869
777995
781415
780039
780039
776619
772651
776619
777995
779155
779155
784339
796615
796825
803485
812685
821463
821463
821463
821463
821253
821747
821747
821747
821747
821747
821747
821253
821253
821253
820093
820093
820093
816943
816943
812783
811431
811431
811431
803271
794071
794071
790781
788021
788021
784885
779245
777925
775117
775117
775117
768742
766506
766506
766506
758386
758044
758044
754908
743295
740935
739615
714359
713630
701354
687674
682278
680280
680178
677586
673239
670479
669750
669750
669750
669750
660550
660550
660550
660550
660550
659410
659410
659410
658651
656675
656675
656675
656675
647475
645396
643317
643317
643317
642837
642221
642221
641492
641492
641492
637524
637524
637524
637524
636172
628052
628052
624510
621220
621220
623810
623810
626946
627675
636453
636453
636453
636453
637805
637805
637805
637805
637805
637805
637805
637805
637805
643853
643853
648821
648821
648821
648821
657781
657781
657781
657781
664156
665652
665652
665994
672462
672462
672462
672462
671733
671733
671733
671733
665265
665265
665265
665265
665265
660918
660918
660918
660918
660918
660918
654543
654543
654543
654543
654543
654543
654543
654543
670743
678891
679507
679507
679507
674007
674007
673391
673391
673391
682591
682591
682591
682591
678016
668816
668816
668816
667440
667440
667440
667440
667440
667440
670982
670982
670982
670982
670982
672358
656158
656158
656158
656158
656158
655201
647081
647081
647081
644489
644489
644489
640037
640037
640037
640037
640037
640037
638061
638061
638061
638061
638061
638061
636921
636921
636921
636921
636819
636819
635862
626662
626662
626662
625286
624032
624032
624032
624032
624032
621272
614897
613737
613737
612577
612577
612577
612367
612367
612367
612367
612157
612157
612157
612157
612157
607997
607997
610167
610167
610661
610661
610661
614821
612742
607242
607140
607140
607242
606900
606900
606900
606900
606900
606900
606900
606406
606406
606406
606406
606406
606406
606406
606406
606406
606406
606406
608485
608485
608485
608485
608485
608005
608005
608005
608005
608005
608005
608005
608005
607977
604435
600893
600893
601693
601213
601213
609361
609855
607619
589979
589979
589979
589769
589275
589275
600888
606528
621963
621163
623399
623879
627335
631463
632783
650423
650423
644783
657743
657953
664001
655853
655853
655853
655853
657205
655853
676055
676055
670555
670555
669103
669103
656827
656827
656827
656827
656827
656827
656827
648679
648679
648679
648679
643179
643179
643179
633979
633979
633979
631387
629217
629189
629189
625029
625029
624819
624819
624819
624819
623443
623443
598187
598187
598187
597230
597230
596070
593445
593445
581832
577672
577672
577672
577672
577672
577672
577672
577672
571822
571822
571822
568402
568402
559442
558642
558642
558642
558642
558642
558642
558642
555834
555834
555834
552414
552414
547164
547164
547164
547164
547164
546004
544652
544652
544652
544652
544652
544652
544652
544652
544652
544652
544652
544652
544652
544652
544036
544008
544008
544008
544008
544008
544008
544008
544008
544008
542868
542868
542868
542868
541893
541101
537041
537041
537041
537041
537041
537041
537041
537041
534681
532056
531356
528092
528092
526952
526952
526952
526952
526952
526952
523688
523688
523688
523688
523688
523478
520188
520188
520188
520188
517428
513268
507080
505628
505286
503288
502034
501275
501275
494900
494900
507449
507551
512003
512003
512003
512003
511244
511244
511244
511244
524924
524924
534124
542284
558484
559213
559213
559213
558484
558484
561774
568149
563697
554497
560965
560965
564933
561643
562402
562402
575506
575404
580800
582798
582798
582798
582318
575943
580518
579789
592338
598602
601738
602467
604927
613705
617929
638131
631867
634037
640412
641112
637976
642036
640716
642036
639866
646292
609948
609948
607488
603264
602564
597989
597989
597989
577787
577787
565238
562878
562878
556410
565610
565610
565610
568418
568418
568418
568418
568418
567938
567138
565998
565998
565998
566798
570340
570340
572700
573840
572344
578608
580104
588882
589362
609564
624414
641014
646654
653122
664646
664646
678326
696452
709412
709412
721688
724952
725288
735488
738113
739273
747433
748809
750261
751236
753234
770874
773334
773334
777302
793502
793502
791042
791042
791042
790706
790706
790706
790706
790706
796970
796970
796970
795518
795518
794358
794358
793383
792007
792007
792007
791513
791513
789343
789241
789241
789241
789241
789241
789241
795289
795289
818779
818779
818779
822839
832039
837539
837881
837881
842228
847412
847514
852974
855144
850984
854248
854556
855050
878970
883130
881051
883130
883130
883130
883130
883130
883130
883130
885938
885728
884568
884568
884568
884568
884568
884568
884568
884568
884568
884568
884568
889536
890696
890696
893832
893832
893832
893832
893832
894042
894042
894042
899682
901918
901438
921640
922992
923202
923202
905562
905562
905562
905352
905352
905352
905832
905832
905832
913980
913980
905832
905832
905832
904512
905006
901550
897422
891374
890574
889222
876262
856060
853824
853330
841717
842517
827082
821442
818306
818306
818306
817964
817964
817964
817964
817964
811916
811916
811916
811916
811916
811916
811916
811916
811916
805541
805541
805541
804189
804189
810657
810657
810657
808067
809419
800641
799912
799912
798416
798416
799145
792677
792677
787709
787709
778749
778749
769549
769549
769549
769549
769549
775924
775924
775924
782112
780736
777194
777194
777194
769046
769046
785246
794446
794446
798414
801564
803734
803734
805732
819172
827320
831895
855815
855815
855199
857175
858551
859167
862709
868209
881889
865689
865689
866646
878922
880898
889058
890198
898346
898346
890198
896048
896807
898303
898303
898303
898303
885601
885601
887961
887961
887961
887933
885213
885213
876013
876013
874873
874873
874114
871754
871782
871782
870825
880025
880025
878049
878049
878049
878049
876553
876553
876553
876553
876553
875824
875824
875824
877276
877276
877276
877276
877276
877276
877892
877892
877892
877892
878849
878849
878849
877892
877892
877892
877892
877892
877892
877892
877892
878621
878621
878621
878621
877169
876553
876553
876553
856351
853215
853215
853215
844437
838011
835841
831266
827206
814657
808282
808282
807553
805093
806413
806413
808583
808583
808583
814958
817418
821993
821993
820673
820673
821402
821402
827666
823442
822742
825878
819614
819614
819614
818360
818360
818360
818360
815096
811806
811806
809570
809570
809570
809090
809090
809090
809090
809090
808290
808290
808290
808290
808290
808290
808290
808290
808290
807796
807796
807796
807796
807796
816996
823044
818884
813424
815594
811247
811555
811213
815273
818537
813037
807853
807751
783831
760341
756281
758360
763820
769320
767241
771588
769418
769912
769604
774788
774294
798214
798556
822046
822148
812948
809684
803636
807796
798596
803992
803890
803890
790210
783835
775675
763126
763126
759158
742958
743687
739235
726131
725372
723374
720084
713616
729816
729816
729087
723691
730159
730159
730159
730159
730159
730918
730918
730918
730918
730918
730918
730918
731020
731020
732396
735816
752016
752016
753176
753176
753386
753386
753386
753386
753386
746726
737526
737526
719400
714216
714216
714710
705932
705722
704562
704562
700594
688318
692286
692286
690910
690910
687490
687490
686996
686996
691124
690324
690324
692560
692560
692560
672358
672358
672358
671006
671006
665366
664886
664392
664392
662156
662156
662366
680006
671858
672338
680486
686912
686702
699662
703118
709166
714806
730241
731593
751795
753115
753915
754409
766022
766022
753746
747482
744857
744857
743882
725756
724596
722136
722136
705936
697776
695778
678138
677802
673834
660874
659498
659498
649298
649298
650674
650674
649222
650674
650674
650674
650674
650674
650674
636994
638154
638154
634890
634890
634890
634890
637350
637350
637350
634214
627839
627110
627110
624650
624650
624650
620075
618755
618755
618755
612491
612491
610321
610321
611050
628690
641650
643146
643146
648114
648114
651250
651250
657718
670118
679078
679078
679078
681668
683020
683020
683020
683020
683020
683020
703222
701870
708296
708296
708296
710120
718898
718898
718898
718898
712430
711701
711701
711701
711701
711701
711701
703553
689873
680673
675173
673175
656975
633055
632439
626064
612624
608656
608656
602468
597893
594743
592573
590597
587055
585679
585679
585679
585679
585679
587849
587849
591391
591391
591391
591391
591391
604351
604351
604351
604351
621991
658335
659589
671989
672748
672748
677716
691156
692131
692131
700279
699550
701374
703966
704695
704797
713997
718157
712973
713315
736805
741989
742483
747943
752003
754173
778093
782440
758520
761784
767284
773332
773230
767182
769261
764914
760754
760260
736770
732710
732402
723202
717742
714478
708978
706808
707116
706774
704695
704695
704695
704695
704695
704695
704695
701405
701405
699953
698793
698793
698793
698793
698793
698793
698793
694218
691858
691858
704407
710875
720075
720075
720075
720075
733755
733755
717555
711087
710985
710985
710985
710256
710256
711015
711744
711744
711744
711744
711744
711846
711846
711846
711846
706450
706450
706450
705691
705691
705691
705691
705691
705691
705691
707011
706211
706705
695092
710527
706399
710527
690325
689845
697993
703633
710059
697099
710059
710539
722152
722362
716722
710296
708976
702928
720568
721368
724824
724614
725966
728202
712767
695127
686979
684743
690791
689439
685983
685489
705691
705691
705999
706341
711841
706381
710541
686621
684451
684349
693549
670059
670059
665999
665999
665999
665999
666101
665793
665299
668563
665299
660115
650915
646568
646568
647062
647062
644983
644641
638593
634433
634433
636512
631012
634468
642628
647812
655960
657100
659460
659460
668660
667164
666024
666981
679683
682403
694679
696655
710095
710095
715945
715186
715214
707054
694778
696274
696274
697033
697033
696076
690226
690226
690198
688222
680074
680074
670874
670874
670874
670874
668514
668514
667062
667062
667062
667062
666446
666446
665717
665717
665717
665717
665717
665717
665717
665717
664760
664760
664760
658292
655156
652566
643788
642292
635866
635866
626906
626906
606704
604880
592480
591128
586160
586160
586160
568520
555560
554831
554831
554831
554831
554831
554831
554831
554831
553455
553455
553455
553455
553455
553455
553455
552003
550843
550843
548383
548383
548383
548383
547889
547889
547679
543711
542335
542335
542335
542335
538915
537755
537755
537755
537755
521555
521061
511861
511861
535351
535351
531191
531191
525691
525691
530038
530038
529730
529730
530038
527959
527959
527959
527857
524593
530641
532811
533305
537465
546665
546665
546767
546425
551885
551885
551885
551885
551885
553964
557228
561356
553208
554528
566141
545939
549395
555035
537395
557597
555361
557597
558949
559159
572119
572613
573413
579461
579941
579447
575991
560556
568704
567904
554944
543331
537283
531643
525217
524737
531163
527035
525683
541118
558758
557438
557228
557228
557228
557228
557126
556367
556367
556367
556367
549899
549899
549899
537350
528150
536310
522630
522630
522630
521901
528276
544476
544476
544578
549030
564465
573665
607240
620920
626316
628314
632282
638750
639509
640238
653342
656632
656632
647432
647740
647740
651900
651900
651900
649730
654914
655016
652937
629447
634947
635289
634795
634487
630327
624867
648357
650527
644479
650527
655987
679907
675560
678824
678824
679318
676054
678133
678133
678031
682091
691291
695638
695638
695638
690670
690670
689510
689510
689510
689510
689510
686374
686164
686164
686164
686164
683356
683836
696796
702436
696388
702814
700578
718218
717724
719044
725092
725892
737505
737999
738209
741665
743017
747145
762580
750967
742819
725179
704977
689542
676582
676372
696574
690934
690134
683708
682388
684624
692772
691420
687964
687484
683356
668506
662038
655774
646574
635050
634570
632210
631410
629914
628774
619996
616454
596252
590612
574012
571204
566020
557872
554416
552920
552892
543692
543692
540972
532812
519372
518415
516439
516439
510589
508229
507470
494768
493628
481352
498992
481352
486320
499280
502822
494674
496844
498668
499643
507791
508520
509279
511871
513125
511301
506333
505079
541423
540664
504320
503345
490385
502785
489345
476945
473403
470811
470082
467912
481352
465917
462627
446427
446427
445668
412093
405625
403627
403525
390421
381221
377253
371857
358177
351802
351073
342913
338461
361951
362053
362547
371747
373826
370562
374722
375030
379090
382354
387854
387512
383352
407272
412456
412798
414968
412798
418846
409646
403598
401519
378029
354109
354007
348507
348013
342829
348289
343942
348289
342829
338769
338461
337661
337167
348780
344652
350700
354156
369591
369801
371121
379269
366309
360669
345234
342998
322796
305156
322796
324148
318100
338302
331876
332676
339102
339582
352542
358182
357702
358196
356876
353420
341807
340455
332307
332097
336225
338461
332961
332859
309369
305309
300125
295778
291618
282418
258498
253038
250868
250526
244478
242399
241905
241597
238333
232693
228565
208363
195403
191947
191467
190667
188431
182005
180685
179333
163898
163688
146048
145554
133941
125793
119745
114777
114048
77704
64264
51304
50545
47953
46978
38830
21190
19020
17766
15942
3542
0
