8.481
45.75
83.019
93.548
128.856
170.856
133.587
125.106
162.375
170.856
160.327
123.058
81.058
45.75
81.058
123.058
160.327
170.856
172.933
188.856
198.817
268.971
231.702
194.433
152.433
143.952
108.644
98.115
135.385
177.385
187.913
223.221
260.49
268.971
279.5
387.731
634.279
648.01
669.866
678.17
708.884
674.277
635.277
625.5
592.714
627.321
660.107
669.884
708.884
674.277
666.402
701.009
708.884
669.884
637.098
627.321
592.714
627.321
666.321
699.107
708.884
738.884
884.25
884.75
905.375
870.768
831.768
798.982
789.205
821.991
860.991
870.768
905.375
897.5
862.893
823.893
791.107
781.33
746.723
779.509
812.991
824.705
901.705
910.009
960.723
1189.661
1204.446
1579.446
1598.821
1525.833
1531.433
1613.1
1585.125
1607.547
1653.047
1659.445
1660.711
1715.93
1843.125
1741.191
1787.662
1805.662
1759.191
1741.191
1621.478
1569.507
1568.316
1659.445
1681.544
1733.515
1734.706
1781.176
1688.347
1705.347
1656.264
1543.201
1542.076
1586.316
1579.831
1659.445
1786.641
1787.906
1843.125
1862.25
1759.191
1805.662
1733.603
1727.581
1830.305
1807.883
1762.383
1689.539
1562.344
1607.844
1558.469
1631.313
1630.047
1652.469
1658.867
1639.742
1584.523
1563.375
1568.316
1659.445
1681.544
1682.735
1734.706
1644.458
1688.347
1705.347
1592.285
1591.16
1632.787
1614.787
1608.301
1659.445
1660.711
1715.93
1843.125
1741.191
1759.191
1805.662
1887.016
1870.063
1541.938
1480.882
1496.838
1705.347
1721.389
1899.451
1849.691
1906.428
1890.322
1884.52
1883.454
1836.954
1895.118
1782.056
1788.181
1815.097
1808.972
1782.056
1788.181
1719.566
1700.684
1639.342
1633.954
1595.638
1616.229
1611.563
1617.25
1657.694
1662.361
1730.417
1700.684
1719.566
1713.763
1782.056
1808.972
1815.097
1833.014
1834.826
1874.271
1881.875
1875.75
1848.833
1854.958
1881.875
1768.813
1745.479
1745.09
1729.049
1729.438
1745.479
1858.542
1881.875
1854.958
1848.833
1832.792
1772.903
1594.84
1632.537
1649.522
1705.64
1894.176
1957.588
1962.551
1757.086
1740.133
1822.542
1856.142
2068.258
2085.211
2220.563
2277.563
2337.188
2201.294
2203.213
2211.265
2235.971
2214.868
2172.044
2167.103
2161.081
2219.586
2146.742
2153.141
2047.588
2116.147
2066.639
2107.083
2111.75
2050.605
2076.105
2117.684
2124.888
2175.099
2197.678
2202.204
2209.02
2223.296
2269.796
2383.776
2398.053
2483.316
2492.711
2576.849
2601.007
2628.717
2633.243
2681.243
2686.77
2691.98
2564.381
2694.806
2778.281
2783.794
2790.794
2951.05
2855.952
2924.682
2957.614
2963.977
2994.977
2961.011
2968.141
3015.641
2911.927
2833.45
2868.6
2887.35
2943.63
2955.87
2963.115
2971.115
3009.395
3016.64
3049.04
3056.96
3121.76
3134.66
3169.577
3219.856
3230.288
3137.481
3148.593
3099.982
3033.276
3035.405
3049.371
3052.28
3082.746
3172.694
3121.45
3145.6
3150.267
3186.683
3101.597
3107.452
3130.355
3135.194
3186.762
3228.931
3232.319
3146.449
3149.73
3173.355
3118.318
3120.864
3162.682
3224.352
3226.909
3239.182
3268.682
3184.897
3232.544
3173.486
3195.086
3113.104
3140.146
3140.708
3143.458
3158.083
3163.042
3188.976
3210.92
3211.115
3241.059
3249.392
3260.642
3263.559
3308.986
3325.944
3272.946
3275.27
3313.297
3315.973
3341.757
3346.662
3375.797
3399.676
3400.486
3415.324
3424.041
3427.02
3340.783
3347.921
3348.454
3319.359
3352.878
3358.186
3334.801
3332.596
3302.712
3293.513
3291.359
3358.816
3356.122
3323.885
3270.067
3272.221
3274.846
3293.513
3240.313
3249.281
3225.531
3203.444
3225.413
3228.834
3230.378
3233.616
3240.834
3241.359
3242.175
3224.134
3250.427
3232.619
3234.19
3229.94
3230.423
3238.101
3265.851
3269.756
3292.542
3325.042
3327.042
3282.692
3307.358
3304.176
3286.222
3285.608
3304.017
3267.685
3260.73
3257.619
3268.631
3289.358
3291.313
3322.676
3332.222
3343.233
3347.938
3347.196
3310.378
3333.881
3263.802
3275.247
3283.046
3296.095
3296.747
3298.182
3304.459
3325.264
3373.389
3331.827
3349.588
3351.694
3363.375
3299.591
3254.474
3269.266
3280.641
3283.063
3285.125
3339.469
3336.552
3309.318
3242.544
3222.669
3200.211
3262.157
3282.455
3280.844
3286.859
3309.318
3302.599
3273.016
3244.578
3242.828
3151.828
3148.411
3124.13
3104.193
3124.13
3084.158
3090.74
3092.454
3095.801
3121.245
3149.645
3176.945
3177.085
3158.085
3167.775
3170.575
3170.715
3171.12
3165.12
3206
3211.917
3231.005
3222.77
3241.475
3248.975
3227.554
3231.054
3234.554
3220.348
3222.002
3238.37
3289.517
3297.949
3250.579
3254.07
3252.447
3243.62
3205.533
3254.75
3275.366
3266.032
3168.81
3163.787
3168.81
3120.359
3158.388
3165.219
3170.576
3175.42
3173.92
3193.429
3214.241
3221.071
3220.536
3223.77
3220.842
3184.783
3209.467
3203.809
3200.932
3124.3
3122.827
3106.037
3137.127
3116.315
3090.958
3113.362
3116.239
3141.151
3142.625
3166.572
3132.071
3137.631
3154.131
3165.89
3201.214
3216.189
3220.786
3222.521
3238.691
3248.864
3276.322
3278
3223.676
3246.811
3291.023
3274.523
3301.348
3299.067
3299.61
3301.044
3323.663
3332.763
3339.513
3356.373
3341.889
3338.92
3355.518
3340.083
3336.889
3310.76
3305.558
3292.494
3289.573
3315.702
3331.137
3281.405
3284.28
3297.137
3302.256
3299.081
3280.581
3286.415
3288.47
3288.149
3289.514
3294.371
3299.228
3315.928
3317.24
3314.006
3307.678
3309.701
3308.154
3239.904
3208.906
3233.5
3224.108
3202.877
3211.323
3212.938
3211.363
3193.433
3187.913
3186.621
3217.271
3205.896
3174.506
3193.352
3204.552
3210.071
3211.646
3212.938
3212.82
3210.858
3178.045
3176.375
3162.557
3173.534
3159.08
3157.117
3156.799
3166.049
3191.69
3189.243
3171.383
3150.701
3145.814
3124.299
3154.435
3153.142
3138.419
3160.265
3174.988
3179.95
3182.473
3200.436
3221.117
3221.424
3206.97
3224.629
3225.902
3211.447
3223.72
3225.271
3210.521
3200.188
3196.494
3185.517
3193.79
3158.58
3161.782
3163.065
3155.834
3153.744
3159.789
3162.744
3173.61
3181.468
3180.209
3173.213
3180.444
3156.035
3135.78
3133.737
3094.778
3105.895
3062.48
3058.549
3074.172
3063.216
3094.455
3094.166
3117.309
3122.773
3106.123
3095.98
3091.67
3094.734
3092.141
3123.766
3124.066
3130.623
3123.702
3116.18
3129.852
3123.723
3124.929
3126.429
3136.486
3142.629
3140.079
3135.471
3115.186
3095.686
3082.014
3065.364
3046.486
3044.109
3042.891
3056.761
3057.978
3077.761
3096.193
3072.585
3077.127
3079.437
3052.854
3079.104
3038.435
3039.791
3040.151
3040.51
3070.368
3070.642
3035.392
3048.324
3033.561
3032.142
3043.088
3070.59
3070.316
3099.581
3092.162
3116.318
3146.233
3147.068
3151.122
3150.681
3149.789
3137.914
3140.711
3119.108
3141.669
3134.554
3138.22
3128.003
3120.889
3117.223
3111.412
3110.25
3103.703
3068.453
3075
3069.831
3068.669
3067.331
3061.655
3027.553
3022.153
3007.587
2994.607
2992.607
2999.627
3000.507
2998.092
2974.258
3009.038
2999.378
3005.628
3016.758
3015.638
3000.098
2981.165
2922.925
2910.165
2907.978
2942.917
2924.471
2928.829
2931.046
2946.796
2959.728
2978.174
2996.705
2975.959
2977.064
2955.097
2953.255
2942.597
2959.798
2955.077
2956.424
2937.911
2945.944
2958.229
2900.755
2893.531
2875.018
2886.643
2915.771
2920.982
2938.183
2934.156
2944.104
2914.975
2902.423
2914.707
2861.516
2849.891
2846.322
2844.941
2852.974
2865.783
2883.743
2849.421
2849.513
2815.191
2780.868
2783.691
2774.349
2756.388
2755.576
2768.076
2769.423
2769.768
2775.097
2774.285
2757.084
2751.755
2744.571
2737.387
2736.276
2725.293
2734.826
2738.033
2703.711
2689.526
2685.727
2673.174
2666.082
2708.817
2721.537
2735.91
2739.76
2749.227
2738.097
2739.497
2733.037
2758.689
2748.851
2744.003
2742.62
2726.066
2710.316
2746.293
2745.142
2726.443
2706.991
2683.922
2679.443
2663.255
2649.964
2647.686
2624.526
2643.224
2645.471
2649.889
2651.039
2630.965
2654.125
2637.887
2640.044
2644.071
2643.202
2647.173
2648.041
2649.423
2656.35
2635.035
2633.653
2612.135
2622.793
2599.523
2597.657
2564.29
2593.165
2594.045
2600.295
2600.025
2593.005
2563.488
2562.342
2558.262
2570.71
2577.73
2579.457
2591.173
2593.553
2600.013
2585.64
2586.787
2584.147
2579.847
2567.087
2564.672
2588.383
2566.492
2579.424
2582.1
2603.992
2608.35
2619.296
2621.743
2614.324
2626.264
2607.615
2619.939
2642.5
2629.568
2607.676
2615.519
2613.074
2609.118
2614.666
2625.762
2619.125
2650.189
2648.731
2647.559
2650.075
2643.345
2642.151
2698.297
2704.13
2717.38
2713.613
2716.998
2714.248
2725.857
2715.21
2696.095
2695.799
2688.384
2693.437
2688.049
2690.162
2616.218
2609.12
2605.299
2609.12
2579.882
2616.459
2597.007
2583.897
2524.062
2521.815
2517.397
2498.699
2532.236
2516.049
2576.715
2596.438
2615.396
2617.674
2622.153
2623.319
2639.507
2652.799
2641.549
2580.882
2581.986
2580.507
2583.058
2580.143
2612.141
2605.411
2593.207
2597.217
2592.113
2588.102
2588.005
2582.172
2568.88
2553.908
2552.293
2550.762
2573.252
2571.857
2552.632
2537.449
2536.238
2516.421
2549.777
2543.991
2551.791
2547.184
2515.559
2496.884
2495.309
2493.166
2492.877
2489.002
2477.43
2459.93
2458.355
2483.433
2507.629
2504.52
2486.766
2522.95
2499.441
2500.676
2507.801
2531.851
2530.881
2453.675
2456.586
2503.721
2506.132
2500.507
2500.987
2524.496
2511.085
2549.445
2552.386
2555.327
2561.151
2563.814
2571.705
2570.451
2550.078
2571.057
2504.875
2521.565
2506.842
2504.319
2499.358
2502.658
2465.449
2456.07
2463.945
2467.07
2475.648
2497.633
2497.164
2497.574
2462.984
2470.309
2467.473
2457.934
2458.043
2459.59
2460.621
2442.41
2438.602
2370.352
2395.33
2393.783
2470.096
2439.848
2439.956
2474.013
2473.512
2470.327
2504.211
2502.188
2505.996
2494.902
2510.113
2510.004
2523.047
2544.252
2532.932
2565.137
2560.28
2509.405
2471.105
2474.331
2497.024
2567.476
2569.169
2550.371
2583.196
2586.075
2584.688
2600.123
2556.682
2511.794
2512.131
2518.506
2510.694
2525.419
2517.769
2507.477
2515.42
2543.844
2542.138
2545.588
2561.813
2489.013
2474.288
2486.363
2501.008
2504.027
2511.84
2599.34
2619.756
2627.569
2671.044
2682.877
2692.881
2695.9
2710.625
2716.604
2687.643
2659.617
2647.931
2633.681
2623.835
2631.649
2629.956
2616.891
2601.833
2611.409
2596.218
2581.399
2546.26
2568.593
2569.01
2562.581
2556.296
2556.617
2550.188
2548.849
2544.087
2515.714
2514.349
2487.849
2557.183
2555.558
2558.732
2570.002
2570.113
2572.994
2579.423
2581.173
2595.196
2595.518
2627.821
2640.361
2645.218
2645.107
2636.393
2634.821
2598.544
2621.448
2643.464
2642.109
2643.76
2647.22
2645.131
2633.776
2637.115
2654.736
2644.889
2612.065
2611.952
2607.294
2600.52
2605.177
2611.952
2644.776
2644.889
2645.216
2645.329
2651.861
2653.736
2668.794
2686.181
2684.827
2687.246
2689.121
2691.379
2693.254
2733.837
2736.44
2758.107
2762.897
2770.337
2765.48
2751.456
2719.153
2718.831
2706.292
2704.542
2706.292
2738.595
2738.917
2751.456
2765.48
2770.337
2784.813
2817.613
2819.637
2831.012
2838.184
2835.621
2835.211
2819.092
2814.295
2834.102
2826.125
2824.534
2822.049
2870.612
2894.663
2886.563
2889.35
2867.087
2872.883
2871.292
2851.485
2858.439
2834.218
2831.473
2826.587
2812.087
2809.087
2784.542
2772.269
2755.936
2751.561
2779.215
2729.906
2779.215
2783.658
2798.335
2814.919
2815.935
2803.092
2816.685
2821.127
2824.877
2839.24
2832.625
2830.929
2790.798
2794.548
2791.471
2799.871
2791.471
2791.783
2802.706
2803.121
2795.667
2783.513
2778.806
2765.213
2733.904
2732.208
2731.896
2692.174
2723.009
2734.979
2735.286
2748.672
2753.309
2765.956
2774.229
2765.911
2766.229
2827.479
2834.581
2859.877
2852.775
2852.468
2847.896
2878.285
2938.621
2959.218
2985.897
2996.494
2991.14
3004.013
3006.998
3007.485
3007.787
3008.19
3014.235
3029.357
3002.344
3026.54
3036.83
3005.444
2997.531
2997.835
2977.444
2973.096
2966.074
2962.966
2963.922
2979.33
2975.455
2976.918
2992.4
2988.918
2985.436
2985.736
2984.236
2995.036
2975.536
2946.463
2935.177
2934.888
2922.266
2917.895
2958.585
2958.879
2971.683
2973.281
2977.716
3007.21
3018.659
3017.225
3016.33
3021.529
3047.435
3046.478
3049.587
3056.609
3056.913
2993.609
2996.196
2990.326
3021.712
3026.911
3026.81
3023.911
3053.406
3049.221
3048.264
3047.884
3051.417
3048.308
3037.351
3030.047
3034.232
3066.315
3064.141
3077.672
3121.426
3128.176
3160.687
3153.69
3140.504
3156.679
3126.304
3124.659
3111.472
3106.905
3106.603
3094.812
3095.114
3106.905
3111.472
3113.118
3126.304
3156.679
3187.054
3155.797
3130.502
3127.252
3123.142
3092.307
3102.973
3142.958
3223.727
3227.9
3186.629
3189.114
3195.629
3201.064
3202.064
3187.314
3189.076
3189.394
3149.313
3162.449
3162.346
3130.498
3106.989
3092.673
3090.009
3091.244
3077.215
3084.211
3109.129
3111.838
3097.923
3096.952
3112.8
3101.009
3087.823
3086.177
3132.631
3127.994
3114.176
3092.858
3080.21
3086.006
3066.199
3047.114
3044.129
3054.994
3052.009
3052.931
3015.447
3012.535
3015.476
3023.55
3042.774
3040.869
3037.825
3037.428
3024.017
3026.958
3030.002
3041.119
3039.41
3053.483
3080.013
3060.344
3083.513
3077.426
3070.774
3075.208
3074.904
3077.491
3079.52
3090.476
3095.15
3103.998
3141.803
3127.857
3147.957
3145.957
3157.882
3187.349
3142.206
3144.319
3148.861
3149.231
3179.732
3192.577
3204.382
3211.111
3233.825
3235.439
3235.024
3210.497
3234.652
3232.902
3244.182
3253.777
3260.324
3263.223
3268.071
3258.476
3269.152
3203.152
3199.25
3211.125
3246.375
3264.715
3289.985
3295.738
3293.257
3312.531
3300.716
3297.976
3279.277
3223.901
3239.361
3281.255
3279.853
3287.065
3300.134
3303.473
3324.831
3299.291
3296.588
3334.842
3356.741
3351.502
3354.44
3375.11
3376.493
3352.338
3345.791
3342.892
3305.04
3317.2
3322.1
3343.905
3342.585
3337.305
3344.585
3356.745
3357.892
3348.232
3362.605
3362.512
3343.752
3337.502
3335.952
3323.503
3321.123
3326.023
3313.263
3291.458
3248.723
3226.463
3210.923
3205.523
3151.623
3151.353
3184.345
3183.98
3183.539
3156.632
3157.067
3179.327
3188.793
3194.193
3194.553
3194.823
3205.977
3205.711
3218.263
3219.132
3197.164
3184.88
3193.854
3191.465
3194.189
3188.86
3176.576
3188.86
3195.235
3192.028
3191.752
3213.719
3184.59
3185.403
3132.212
3131.344
3140.317
3139.972
3158.656
3153.327
3150.12
3138.495
3133.775
3122.212
3119.829
3114.796
3108.421
3102.253
3100.095
3128.016
3165.967
3156.625
3158.329
3179.847
3191.196
3188.813
3169.081
3169.938
3171.886
3200.011
3199.588
3221.183
3219.692
3213.808
3214.599
3200.705
3184.114
3197.832
3208.75
3196.674
3193.019
3179.373
3138.802
3152.448
3164.524
3205.095
3206.184
3217.728
3221.383
3246.978
3258.67
3261.795
3260.482
3262.405
3249.925
3253.793
3236.101
3235.832
3236.091
3256.951
3251.017
3184.562
3180.742
3178.483
3205.896
3206.984
3208.623
3259.794
3263.877
3250.148
3260.023
3265.761
3276.805
3276.892
3282.948
3292.828
3301.46
3301.195
3290.071
3289.815
3287.283
3261.522
3261.266
3261
3258.38
3246.266
3223.639
3172.468
3206.103
3150.103
3150.013
3136.192
3133.442
3134.856
3141.067
3073.76
3059.753
3087.153
3083.179
3073.958
3056.231
3050.143
3048.633
3039.179
3038.321
3025.109
3017.924
3007.977
2950.503
2950.158
2947.434
2928.75
2927.882
2909.368
2845.105
2817.92
2796.605
2793.745
2783.665
2782.195
2775.735
2782.195
2783.665
2766.654
2723.341
2732.769
2732.409
2709.539
2708.361
2701.457
2697.741
2625.824
2597.15
2632.522
2667.823
2671.488
2696.649
2673.779
2669.361
2649.909
2681.401
2668.734
2638.656
2607.032
2604.919
2589.655
2620.507
2597.145
2589.945
2576.916
2545.291
2525.904
2518.982
2488.045
2494.966
2501.523
2509.323
2511.279
2441.507
2438.443
2474.193
2474.293
2504.953
2480.757
2470.467
2470.076
2453.185
2394.598
2429.515
2429.035
2459.244
2465.289
2482.685
2493.282
2518.2
2540.616
2541.096
2541.493
2541.79
2534.665
2510.114
2507.173
2493.143
2491.239
2480.798
2472.768
2471.147
2500.799
2508.03
2509.675
2508.422
2497.556
2419.198
2428.769
2461.692
2497.594
2491.988
2523.544
2523.115
2515.829
2513.657
2504.99
2497.3
2504.585
2512.276
2520.942
2523.115
2511.94
2501.115
2488.575
2481.909
2474.218
2463.393
2461.22
2446.077
2444.232
2441.399
2473.841
2451.147
2438.787
2461.852
2468.902
2484.541
2486.785
2488.691
2541.234
2544.16
2541.916
2532.965
2525.023
2517.498
2503.814
2486.047
2493.572
2501.514
2510.465
2512.709
2504.078
2502.668
2495.143
2473.713
2469.717
2502.479
2494.404
2534.814
2518.644
2526.856
2486.579
2485.55
2458.906
2455.881
2448.231
2435.065
2420.34
2420.223
2424.538
2423.081
2420.886
2457.065
2387.366
2392.927
2430.265
2432.498
2446.119
2447.601
2517.3
2517.42
2532.653
2540.567
2531.153
2528.793
2520.879
2512.526
2514.886
2522.8
2532.213
2540.567
2581.507
2550.147
2493.917
2491.877
2475.877
2494.732
2486.08
2457.782
2470.194
2439.91
2453.823
2455.936
2464.745
2481.327
2509.205
2538.408
2525.235
2506.179
2458.042
2443.397
2484.35
2472.172
2378.422
2361.386
2350.667
2338.489
2351.552
2349.691
2333.627
2371.819
2370.676
2363.87
2355.37
2345.259
2342.725
2333.752
2343.863
2346.398
2354.898
2363.87
2362.727
2366.446
2350.172
2393.248
2383.93
2351.825
2380.056
2384.345
2362.785
2343.705
2385.643
2320.232
2326.125
2391.536
2411.005
2433.005
2421.862
2419.773
2410.406
2400.518
2389.375
2386.582
2389.375
2400.518
2409.885
2419.773
2451.185
2406.068
2401.761
2371.824
2364.963
2351.973
2348.995
2345.197
2329.112
2332.666
2326.536
2343.336
2350.503
2353.614
2306.329
2363.035
2393.622
2440.701
2453.973
2500.533
2505.3
2532.522
2556.478
2592.003
2597.419
2579.813
2588.421
2598.954
2587.084
2576.552
2573.576
2563.598
2563.158
2562.571
2474.69
2465.886
2450.451
2414.158
2413.717
2388.38
2440.731
2413.008
2428.443
2462.785
2463.359
2464.053
2499.574
2508.191
2508.622
2473.827
2468.641
2445.705
2392.698
2388.198
2390.595
2387.334
2407.16
2427.457
2321.283
2352.119
2397.224
2376.497
2428.276
2369.807
2368.235
2356.699
2412.57
2410.322
2471.946
2472.125
2536.292
2514.176
2506.439
2499.484
2551.997
2413.839
2420.977
2371.824
2443.778
2440.541
2432.478
2439.321
2482.724
2459.474
2353.092
2341.013
2340.829
2338.566
2288.829
2281.23
2270.178
2216.622
2216.438
2216.622
2170.554
2222.737
2230.141
2126.487
2116.103
2115.41
2170.546
2139.875
2095.941
2077.257
2132.517
2133.247
2152.436
2139.727
2150.385
2150.918
2199.42
2229.304
2230.141
2147.958
2143.753
2138.446
2126.426
2108.221
2105.24
2093.471
2065.83
2070.035
2073.016
2100.657
2112.676
2194.859
2213.064
2218.372
2230.141
2205.679
2235.355
2227.757
2143.411
2151.01
2176.115
2260.461
2288.829
2276.079
2271.382
2257.526
2232.957
2229.549
2206.424
2220.28
2224.977
2237.727
2260.852
2264.26
2288.829
2245.793
2258.179
2208.615
2183.281
2205.089
2113.514
2110.193
2158.007
2199.772
2247.871
2251.29
2303.864
2318.114
2367.382
2393.439
2415.986
2437.931
2445.951
2450.507
2459.007
2481.507
2487.063
2531.469
2531.274
2461.76
2531.274
2531.469
2453.796
2446.046
2503.165
2511.143
2453.796
2531.469
2541.921
2537.921
2532.821
2458.293
2436.693
2427.479
2457.493
2439.537
2461.772
2479.728
2470.754
2545.282
2549.282
2517.552
2522.51
2531.469
2520.219
2500.497
2454.122
2341.83
2341.08
2340.517
2374.089
2442.956
2463.838
2426.743
2474.443
2518
2518.906
2519.656
2520.219
2531.469
2501.524
2501.33
2475.396
2541.021
2532.45
2509.879
2510.079
2518.65
2453.646
2479.58
2509.524
2531.469
2536.969
2559.469
2562.531
2575.99
2591.24
2592.955
2598.913
2601.976
2610.358
2612.701
2616.868
2617.451
2618.201
2615.139
2601.681
2604.743
2618.201
2588.257
2561.757
2553.736
2464.705
2494.649
2502.67
2529.17
2547.439
2534.345
2531.365
2544.459
2480.401
2414.546
2414.362
2414.546
2416.801
2415.965
2415.446
2385.561
2384.869
2342.061
2393.036
2374.352
2329.267
2374.352
2375.211
2375.743
2344.712
2355.096
2373.301
2373.994
2356.381
2334.619
2288.785
2276.362
2234.429
2130.776
2127.795
2159.789
2122.421
2159.789
2172.539
2256.885
2222.401
2225.381
2329.035
2311.694
2356.381
2413.974
2401.551
2413.974
2416.801
2441.263
2424.919
2475.797
2534.534
2541.893
2595.887
2659.08
2697.652
2711.943
2689.714
2687.089
2665.375
2687.089
2627.163
2648.875
2637.608
2635.044
2623.323
2617.015
2554.324
2551.065
2543.387
2526.482
2525.705
2526.482
2529.741
2537.42
2554.324
2564.324
2618.27
2618.881
2621.892
2599.706
2592.991
2567.922
2493.384
2476.872
2467.453
2466.983
2439.878
2458.22
2517.518
2418.921
2478.578
2479.394
2489.519
2531.256
2531.931
2532.438
2633.5
2662.638
2680.388
2661.488
2653.425
2588.213
2534.072
2498.897
2558.394
2609.655
2605.97
2642.997
2647.694
2635.333
2702.218
2717.872
2726.141
2729.731
2680.388
2684.949
2684.769
2638.936
2671.013
2647.013
2540.632
2537.572
2453.227
2506.436
2462.236
2503.822
2485.455
2567.638
2591.022
2603.446
2573.859
2614.744
2617.65
2637.4
2637.906
2640.663
2625.893
2647.442
2654.905
2556.308
2546.43
2529.113
2528.317
2499.89
2499.232
2498.738
2458.018
2556.616
2573.933
2552.399
2562.042
2562.685
2563.461
2563.943
2591.693
2599.372
2622.158
2626.47
2645.756
2650.47
2626.506
2604.32
2482.227
2440.657
2327.076
2279.747
2295.455
2336.802
2339.878
2332.334
2356.184
2342.314
2381.826
2450.116
2498.571
2554.047
2561.064
2575.023
2626.506
2608.134
2601.017
2580.471
2577.907
2530.578
2530.108
2530.578
2577.907
2521.824
2539.778
2546.733
2566.813
2626.343
2616.576
2609.86
2623.545
2633.545
2633.711
2640.586
2689.042
2681.756
2662.946
2641.911
2641.429
2656.216
2653.527
2675.076
2675.57
2683.034
2685.723
2704.991
2754.628
2752.213
2717.579
2663.585
2643.226
2614.101
2616.458
2636.333
2689.042
2646.482
2620.815
2615.708
2606.28
2639.97
2634.024
2687.763
2647.797
2657.697
2663.059
2693.684
2705.797
2711.891
2672.04
2715.637
2754.628
2747.165
2727.896
2678.259
2656.71
2654.021
2653.527
2654.021
2703.659
2722.927
2730.39
2733.079
2754.628
2750.628
2731.36
2692.369
2684.905
2677.863
2739.809
2719.559
2727.209
2747.459
2752.459
2772.209
2779.428
2783.528
2754.628
2744.384
2690.894
2690.238
2687
2636.122
2635.616
2627.966
2605.878
2603.122
2583.372
2603.122
2654
2610.817
2613.506
2620.97
2621.463
2620.97
2613.506
2594.238
2591.549
2634.25
2583.372
2565.622
2523.884
2513.759
2474.561
2473.869
2473.032
2443.147
2442.628
2472.513
2482.897
2525.705
2463.238
2463.744
2464.559
2482.309
2583.372
2580.616
2622.846
2599.462
2623.401
2626.228
2649.612
2690.603
2692.295
2710.346
2714.551
2719.679
2751.09
2806.619
2781.141
2790.703
2785.753
2777.691
2753.766
2749.238
2728.988
2688.488
2693.438
2717.363
2725.425
2745.675
2750.203
2790.703
2787.203
2782.741
2717.528
2682.353
2667.091
2679.949
2730.579
2722.092
2759.461
2778.526
2781.289
2768.539
2765.48
2718.441
2694.441
2651.405
2684.686
2646.969
2631.021
2657.079
2697.65
2672.368
2761.399
2699.861
2809.118
2812.26
2781.289
2777.882
2754.757
2824.385
2810.155
2874.757
2848.823
2862.281
2888.215
2893.174
2896.771
2921.181
2935.806
2789.972
2757.597
2707.944
2661.569
2605.038
2560.038
2533.538
2525.156
2585.732
2446.189
2445.257
2452.066
2451.471
2450.676
2331.779
2314.125
2362.735
2429.818
2491.489
2520.398
2538.587
2618.335
2627.21
2691.689
2666.573
2711.573
2660.848
2682.74
2705.301
2743.679
2737.332
2765.701
2798.439
2816.49
2811.413
2786.875
2778.606
2737.067
2716.298
2711.654
2648.813
2672.738
2677.266
2697.516
2705.578
2746.078
2706.113
2696.55
2642.409
2597.722
2592.722
2575.122
2571.022
2569.372
2538.747
2542.847
2524.424
2526.034
2543.204
2552.534
2557.412
2525.688
2563.75
2554.491
2553.205
2538.914
2522.009
2517.696
2555.933
2597.744
2655.154
2659.798
2682.452
2697.843
2654.147
2663.116
2661.784
2679.101
2656.857
2645.04
2601.442
2561.555
2558.72
2524.085
2507.059
2405.997
2425.488
2401.548
2440.485
2443.253
2464.967
2476.503
2512.922
2496.435
2528.707
2550.457
2552.366
2559.696
2528.714
2532.358
2572.264
2601.938
2594.927
2577.318
2573.38
2538.163
2517.359
2568.9
2538.567
2512.667
2470.5
2438.227
2430.898
2483.616
2481.663
2459.407
2560.988
2588.093
2619.837
2652.86
2660.36
2682.616
2684.57
2688.384
2719.945
2722.509
2733.776
2726.759
2675.276
2633.706
2586.378
2564.192
2550.233
2494.667
2427.463
2447.65
2462.656
2456.585
2500.183
2549.82
2527.682
2534.866
2659.866
2711.59
2733.776
2692.206
2675.834
2647.346
2672.315
2667.554
2665.982
2662.077
2674.186
2731.478
2694.735
2733.726
2735.335
2712.768
2716.673
2703.858
2708.509
2717.404
2733.776
2726.276
2624.695
2597.59
2575.334
2542.311
2510.567
2508.613
2504.799
2527.055
2568.895
2570.804
2578.134
2604.622
2635.645
2608.631
2612.275
2601.508
2599.058
2601.508
2612.275
2591.528
2571.261
2568.811
2589.558
2592.008
2612.275
2605.858
2605.703
2596.369
2551.144
2547.5
2517.167
2491.267
2484.1
2462.833
2365.767
2387.261
2440.826
2467.93
2469.884
2513.023
2516.75
2492.378
2499.544
2529.878
2551.144
2546.7
2540.283
2561.685
2602.422
2598.608
2580.235
2573.119
2577.77
2584.887
2603.724
2610.439
2628.811
2632.625
2669.802
2667.238
2655.971
2658.535
2669.802
2642.698
2541.116
2518.86
2545.024
2541.119
2539.119
2506.619
2559.89
2521.726
2523.726
2556.226
2529.802
2533.616
2575.307
2543.978
2551.144
2548.694
2537.928
2485.152
2495.685
2474.88
2432.811
2455.83
2429.341
2427.432
2476.384
2472.57
2498.94
2531.44
2554.226
2558.131
2600.221
2602.174
2609.674
2642.698
2669.802
2708.628
2711.009
2715.613
2717.613
2718.084
2756.116
2758.419
2707.182
2739.159
2748.909
2765.045
2824.33
2821.824
2876.18
2903.285
2923.721
2926.733
2929.174
2938.07
2940.372
2880.403
2882.358
2850.085
2831.114
2850.085
2818.306
2828.506
2860.061
2869.394
2904.919
2935.586
2937.919
2938.075
2950.275
2971.022
2973.606
2974.331
3082.864
3104.064
3108.089
3110
3112.068
3101.535
3031.859
3012.033
3009.505
2978.636
2943.084
2855.204
2816.345
2904.226
2939.777
2915.261
2983.455
2993.763
2960.977
2979.977
2982.398
2978.982
2949.398
2947.648
2940.93
2849.93
2829.992
2801.555
2777.273
2740.125
2767.982
2796.962
2764.333
2766.013
2769.293
2800.64
2806.963
2807.1
2825.407
2846.828
2855.24
2822.745
2872.909
2893.75
2910.649
2926.702
2929.192
2946.091
2955.106
2957.738
2982.877
2984.493
2950.172
2953.908
2954.29
2937.269
2939.31
2941.903
2901.799
2898.095
2891.012
2889.789
2860.185
2827.083
2877.33
2909.106
2952.343
2994.806
3002.306
3006.228
3007.522
3021.326
3024.542
2989.935
3020.678
2997.41
2975.42
2972.325
2966.241
2948.184
3003.264
2976.505
3007.635
2980.335
2983.615
3006.925
3034.225
3060.377
3062.025
3068.348
3096.191
3055.053
3096.467
3114.835
3118.741
3119.25
3129.608
3130.224
3131.469
3114.475
3120.141
3121.704
3134.333
3126.37
3123.836
3121.683
3095.627
3077.961
3018.606
3015.301
3017.454
3020.866
3024.111
3026.6
3043.945
3051.764
3077.345
3097.05
3102.914
3103.041
3114.141
3114.509
3131.855
3153.929
3158.772
3159.586
3161.322
3139.403
3132.006
3133.772
3143.237
3158.108
3186.039
3189.737
3205.461
3177.265
3199.804
3205.08
3210.282
3211.42
3209.655
3220.004
3228.694
3273.668
3276.028
3229.044
3213.22
3213.102
3210.076
3196.686
3178.415
3173.331
3186.72
3190.356
3190.864
3206.322
3211.407
3227.231
3191.41
3191.527
3194.502
3193.102
3169.435
3149.121
3125.985
3109.765
3104.299
3084.544
3081.765
3124.18
3148.248
3148.756
3164.977
3177.79
3205.248
3205.591
3233.049
3235.422
3232.352
3230.894
3240.148
3258.517
3212.608
3189.99
3212.608
3226.108
3246.525
3244.367
3210.448
3183.448
3167.548
3157.544
3127.752
3046.352
3060.464
3055.35
3017.511
3033.959
3071.519
3050.119
3077.119
3114.015
3119.044
3147.977
3157.818
3139.71
3155.145
3147.742
3167.111
3174.802
3183.468
3186.611
3211.986
3204.296
3200.427
3197.022
3179.911
3154.536
3148.25
3170.198
3202.086
3219.758
3226.25
3252.457
3281.76
3289.703
3309.785
3313.301
3317.297
3323.568
3326.961
3313.277
3299.998
3313.277
3326.961
3328.043
3339.223
3323.584
3335.518
3330.572
3356.779
3329.41
3346.161
3358.903
3361.825
3363.518
3387.653
3388.986
3394.681
3379.861
3338.456
3356.956
3325.832
3334.41
3328.434
3330.074
3329.758
3323.055
3345.039
3365.465
3363.441
3380.375
3393.418
3390.324
3391.289
3397.266
3401.777
3401.268
3361.783
3393.092
3382.6
3396.119
3382.6
3382.288
3388.888
3407.735
3417.127
3414.973
3435.852
3438.375
3421.567
3400.337
3399.921
3411.121
3411.537
3391.425
3396.133
3404.579
3409.194
3423.558
3429.442
3431.965
3446.642
3444.488
3455.635
3462.096
3460.308
3458.692
3449.3
3452.092
3449.987
3457.44
3450.979
3461.471
3468.925
3473.367
3460.906
3445.929
3448.237
3437.313
3435.79
3448.252
3447.237
3474.551
3461.237
3456.665
3438.104
3434.854
3417.195
3406.862
3409.892
3412.636
3427.136
3378.574
3377.074
3352.528
3352.074
3350.523
3366.856
3368.527
3347.011
3347.409
3351.784
3331.977
3315.557
3342.64
3337.754
3368.589
3329.066
3304.845
3287.186
3308.701
3296.053
3274.735
3277.485
3272.848
3277.394
3244.581
3233.915
3228.119
3227.119
3224.089
3205.528
3181.307
3154.223
3200.227
3206.112
3190.347
3191.347
3193.831
3164.446
3144.197
3167.706
3170.647
3181
3187.324
3211.875
3188.051
3186.787
3193.68
3195.186
3148.051
3124.002
3110.293
3089.099
3081.868
3068.256
3041.576
3039.841
3087.679
3114.358
3116.093
3123.325
3136.937
3150.254
3174.303
3148.879
3178.373
3161.482
3171.366
3203.449
3195.493
3195.391
3196.614
3125.832
3124.31
3123.353
3136.158
3147.897
3140.592
3150.795
3157.589
3126.109
3124.609
3127.566
3110.916
3116.573
3118.716
3082.966
3069.938
3075.723
3075.623
3074.395
3084.795
3080.423
3068.498
3064.623
3052.07
3054.62
3053.045
3055.187
3053.634
3040.789
3070.891
3084.229
3097.257
3055.187
3029.061
3016.032
3027.604
3028.07
3029.298
3023.834
3026.427
3027.927
3025.971
3038.293
3043.757
3035.914
3028.993
3026.443
3013.105
3000.552
2998.702
2991.18
2998.102
3011.439
3000.639
3008.161
3006.961
3019.514
3018.1
2978.106
2979.93
2988.384
3023.63
3001.114
3002.509
2991.382
2960.202
2986.922
2987.297
2976.041
2976.318
2961.473
2949.658
2944.418
2931.628
2941.272
2922.682
2935.175
2938.113
2965.991
2976.813
2982.053
2971.02
2958.128
2958.569
2952.894
2938.248
2943.215
2945.627
2951.424
2949.934
2949.84
2947.623
2957.461
2954.785
2919.535
2915.633
2928.566
2941.458
2934.039
2927.492
2909.826
2902.448
2888.948
2876.228
2877.593
2869.453
2868.328
2868.058
2861.808
2863.208
2867.288
2873.538
2872.138
2862.478
2843.545
2853.205
2854.605
2835.729
2835.373
2832.768
2845.577
2845.923
2863.78
2837.002
2831.969
2827.942
2830.1
2827.278
2828.388
2821.757
2819.373
2824.094
2842.778
2831.794
2850.618
2847.858
2864.192
2871.472
2882.602
2863.357
2794.278
2801.206
2779.89
2780.235
2762.57
2765.167
2764.744
2763.414
2787.959
2806.401
2804.453
2803.357
2802.555
2795.425
2793.994
2793.721
2790.935
2790.584
2786.666
2787.761
2788.034
2753.704
2755.627
2758.377
2759.168
2759.514
2766.553
2770.421
2770.768
2794.998
2781.178
2779.688
2773.803
2771.7
2767.854
2765.2
2756.098
2715.006
2712.353
2706.343
2720.163
2726.173
2728.276
2734.16
2736.814
2742.742
2751.729
2753.201
2782.037
2781.777
2781.393
2780.546
2768.277
2727.186
2708.981
2701.942
2699.615
2643.615
2645.942
2657.635
2685.399
2663.547
2685.399
2685.736
2667.697
2677.825
2653.595
2646.556
2674.381
2676.734
2672.075
2668.156
2641.726
2633.93
2605.18
2541.752
2518.537
2482.597
2470.044
2481.378
2481.472
2473.468
2477.768
2479.768
2480.915
2483.555
2491.558
2491.918
2494.298
2529.078
2535.753
2517.414
2504.797
2528.953
2530.291
2561.673
2540.358
2552.138
2539.378
2518.465
2524.11
2545.426
2549.669
2560.653
2568.551
2588.425
2594.675
2602.678
2595.398
2588.938
2592.938
2534.698
2536.425
2537.305
2544.625
2555.158
2544.028
2523.054
2544.37
2546.212
2550.933
2558.156
2527.145
2516.345
2506.958
2512.238
2511.415
2519.555
2509.848
2513.848
2516.035
2527.815
2529.285
2541.065
2513.93
2516.69
2517.57
2514.71
2533.11
2547.677
2551.677
2553.502
2552.382
2552.732
2527.532
2514.812
2505.718
2503.298
2494.205
2508.655
2514.375
2496.175
2497.645
2493.795
2464.92
2455.533
2454.133
2451.947
2424.812
2420.962
2418.775
2414.695
2404.162
2382.847
2372.047
2401.399
2412.345
2414.561
2417.264
2421.399
2443.002
2446.904
2457.579
2473.329
2470.882
2481.098
2480.657
2514.475
2506.363
2518.238
2524.441
2514.927
2493.324
2491.108
2488.405
2471.851
2442.586
2441.694
2436.525
2412.37
2421.883
2405.925
2411.025
2402.821
2404.979
2401.87
2402.727
2423.489
2426.086
2423.956
2411.313
2401.904
2406.093
2411.547
2414.333
2412.969
2481.151
2492.995
2494.505
2496.453
2508.843
2508.933
2503.674
2502.31
2502.573
2493.119
2469.904
2466.154
2450.242
2462.473
2451.415
2435.71
2424.444
2425.521
2396.214
2386.214
2372.495
2378.305
2395.484
2390.054
2387.794
2347.223
2349.122
2331.147
2331.059
2325.628
2328.343
2323.691
2351.104
2350.772
2368.582
2380.905
2391.158
2386.146
2383.614
2388.266
2382.133
2384.426
2385.722
2379.788
2375.991
2360.484
2339.978
2342.237
2343.877
2343.544
2341.247
2326.55
2317.45
2316.375
2306.5
2317.544
2267.013
2249.263
2247.809
2207.745
2196.345
2190.289
2167.945
2147.503
2142.722
2157.82
2091.364
2099.092
2095.009
2094.677
2104.677
2121.225
2110.972
2123.085
2113.87
2129.644
2134.721
2136.015
2145.157
2133.313
2138.456
2137.17
2134.482
2139.625
2121.183
2122.547
2133.748
2160.179
2152.383
2150.435
2148.487
2154.779
2130.234
2133.984
2137.903
2116.221
2128.864
2127.045
2125.95
2123.631
2114.611
2132.649
2137.248
2148.941
2154.825
2150.31
2146.122
2117.997
2123.958
2128.617
2116.188
2114.756
2086.006
2089.981
2087.383
2104.36
2112.156
2110.208
2111.535
2108.881
2107.569
2103.723
2099.877
2167.184
2178.242
2173.165
2172.819
2179.569
2173.559
2175.22
2185.844
2180.26
2186.221
2195.675
2184.201
2185.711
2206.75
2196.932
2186.412
2182.438
2188.731
2187.445
2204.422
2228.968
2227.458
2232.425
2233.516
2237.435
2237.172
2244.01
2209.273
2196.681
2186.286
2198.571
2198.663
2196.058
2201.702
2202.048
2219.905
2220.181
2235.516
2235.171
2246.04
2271.24
2283.688
2282.808
2284.208
2276.888
2289.555
2291.555
2297.805
2298.925
2298.832
2352.732
2347.948
2349.268
2363.835
2360.975
2379.735
2378.855
2380.175
2378.175
2308.175
2303.875
2311.878
2314.545
2316.412
2326.945
2329.705
2302.16
2306.063
2293.171
2292.03
2286.233
2281.267
2292.922
2298.091
2307.929
2301.595
2282.946
2304.549
2306.452
2300.699
2298.212
2316.911
2309.432
2324.277
2322.223
2352.548
2359.452
2359.082
2363.038
2375.827
2370.587
2358.094
2365.307
2357.786
2364.283
2352.012
2362.512
2343.663
2341.385
2354.906
2355.764
2340.712
2360.253
2352.941
2340.67
2351.92
2351.467
2346.484
2363.498
2378.47
2390.675
2392.207
2379.098
2397.796
2396.394
2397.545
2384.476
2386.351
2387.753
2401.194
2394.684
2374.962
2366.625
2380.146
2370.368
2367.59
2362.278
2345.264
2323.061
2320.783
2322.968
2322.039
2329.675
2330.618
2333.475
2335.818
2353.318
2358.782
2384.318
2381.238
2391.153
2413.669
2432.894
2414.482
2391.665
2389.842
2395.884
2395.424
2385.424
2380.882
2378.954
2409.456
2407.903
2405.352
2401.102
2416.366
2427.014
2432.067
2439.165
2454.553
2456.032
2453.518
2455.155
2456.597
2450.132
2444.555
2432.798
2421.04
2444.055
2452.63
2471.305
2474.788
2486.359
2498.284
2499.945
2512.973
2511.123
2526.523
2517.802
2523.945
2525.52
2520.395
2521.338
2523.293
2511.721
2499.168
2487.882
2492.168
2472.068
2434.804
2435.104
2422.075
2424.701
2389.454
2356.632
2356.913
2401.429
2403.944
2405.319
2428.033
2422.075
2431.012
2432.94
2432.57
2459.451
2458.257
2457.882
2451.507
2449.028
2442.653
2450.99
2445.49
2444.323
2435.986
2440.177
2446.135
2452.51
2469.799
2472.356
2455.94
2478.974
2465.537
2487.188
2471.58
2466.116
2464.161
2457.604
2437.504
2437.214
2435.639
2435.339
2469.036
2455.819
2442.288
2455.819
2457.417
2470.634
2477.656
2484.96
2496.409
2490.67
2486.322
2479.529
2479.63
2466.826
2390.739
2422.125
2432.625
2429.516
2436.538
2460.016
2475.311
2463.035
2475.311
2496.193
2506.847
2530.897
2511.673
2520.951
2545.36
2545.662
2559.274
2592.315
2585.084
2583.349
2595.14
2597.804
2596.326
2596.729
2596.338
2599.323
2592.945
2598.57
2582.632
2573.654
2560.971
2546.654
2548.11
2524.949
2527.819
2541.928
2527.819
2517.616
2556.65
2558.65
2563.9
2564.366
2551.029
2549.614
2547.027
2540.47
2560.184
2547.863
2567.577
2563.266
2565.816
2571.28
2577.838
2574.88
2581.577
2582.005
2580.805
2561.305
2561.734
2581.234
2550.296
2551.759
2565.33
2559.202
2558.32
2560.663
2547.634
2520.634
2510.234
2508.384
2501.184
2501.084
2494.163
2478.555
2464.648
2427.384
2425.384
2420.259
2407.23
2393.893
2389.768
2407.511
2394.775
2390.428
2378.978
2371.348
2397.393
2395.684
2372.175
2340.327
2338.783
2327.665
2307.708
2275.153
2268.829
2254.513
2233.822
2209.772
2208.151
2206.607
2198.864
2197.408
2185.79
2179.482
2149.553
2146.612
2130.759
2130.461
2097.065
2095.022
2075.511
2099.322
2094.947
2078.394
2066.121
2063.091
2057.295
2033.074
2032.074
2029.589
1996.777
1986.11
1967.549
1940.466
1967.549
1978.216
2002.438
2035.25
2041.045
2044.076
2046.561
2034.299
2035.284
2030.716
2016.782
2012.472
2010.944
2039.339
2027.884
1994.343
1986.366
1982.672
1988.252
1977.106
1975.49
1975.167
1968.106
1958.871
1944.256
1943.24
1932.04
1929.517
1921.763
1934.857
1901.403
1900.069
1897.188
1862.813
1837.438
1817.994
1814.589
1786.216
1769.105
1762.819
1755.129
1751.26
1770.704
1778.395
1784.681
1788.55
1791.954
1820.327
1808.729
1833.707
1815.496
1813.896
1811.553
1791.127
1789.814
1804.534
1799.744
1793.673
1785.982
1813.192
1790.288
1783.346
1799.156
1822.823
1859.719
1873.631
1875.281
1872.306
1870.656
1878.515
1851.057
1859.438
1858.972
1835.179
1861.081
1852.581
1866.413
1865.83
1841.455
1829.436
1771.161
1741.427
1755.648
1744.532
1742.637
1740.484
1736.817
1719.928
1708.813
1686.127
1682.773
1699.618
1668.762
1660.101
1561.045
1547.375
1569.776
1562.709
1566.292
1565.895
1565.306
1593.043
1592.518
1586.743
1580.623
1548.65
1544.65
1541.37
1525.17
1509.37
1515.49
1521.265
1525.265
1541.065
1573.038
1576.318
1592.518
1559.81
1572.255
1569.462
1560.707
1551.14
1547.059
1576.372
1576.227
1562.662
1549.554
1548.12
1534.397
1529.953
1526.308
1533.156
1524.463
1543.544
1537.735
1499.673
1551.235
1555.997
1585.164
1627.723
1644.485
1682.548
1686.452
1688.024
1697.131
1688.024
1665.405
1653.869
1650.786
1669.616
1646.845
1642.491
1670.391
1636.266
1635.516
1638.753
1662.094
1674.206
1687.369
1709.338
1713.8
1721.333
1744.664
1766.632
1804
1785.122
1675.865
1702.861
1672.917
1646.983
1643.92
1618.587
1621.649
1647.583
1672.917
1650.417
1644.917
1622.417
1644.921
1668.771
1691.914
1671.214
1678.603
1675.515
1696.824
1699.912
1741.676
1720.971
1715.088
1668.07
1632.04
1630.099
1674.527
1662.936
1608.769
1591.367
1585.707
1591.957
1573.199
1561.988
1611.945
1633.298
1549.153
1526.25
1497.75
1499.879
1539.395
1558.965
1564.09
1570.86
1592.193
1603.784
1682.83
1693.701
1715.216
1741.989
1718.695
1736.349
1741.676
1785.364
1752.697
1728.758
1753.605
1753.387
1747.809
1748.027
1757.402
1786.578
1792.156
1816.844
1850.531
1845.406
1843.344
1775.668
1719.809
1762.948
1798.246
1744.958
1738.292
1697.458
1650.125
1622.3
1650.125
1642.702
1632.831
1581.262
1575.972
1550.488
1544.036
1517.907
1508.593
1515.044
1524.359
1550.488
1602.056
1611.927
1637.411
1642.702
1639.145
1609.028
1579.609
1565.738
1559.98
1505.142
1473.342
1469.467
1464.904
1466.901
1473.056
1477.776
1481.784
1496.612
1545.129
1600.463
1632.263
1591.429
1629.599
1622.203
1560.565
1546.909
1509.737
1554.951
1553.333
1561.696
1569.357
1626.451
1670.201
1687.504
1701.647
1710.353
1688.547
1660.616
1631.832
1660.616
1688.547
1669.616
1664.444
1719.951
1718.987
1718.237
1770.699
1768.412
1828.178
1824.933
1770.317
1807.74
1864.54
1897.93
1892.75
1873.37
1929.49
1890.589
1853.974
1846.536
1885.438
1829.4
1834.58
1869.73
1876.87
1897.93
1932.094
1995.717
1975.761
1966.761
2048.705
1903.017
1897.733
1865.46
1856.369
1819.551
1783.642
1776.188
1762.278
1749.153
1676.489
1749.153
1785.972
1793.426
1829.335
1838.426
1852.335
1865.46
1832.528
1767.983
1763.21
1767.983
1832.528
1865.46
1827.517
1762.972
1800.915
1865.46
1827.517
1790.699
1863.364
1907.614
1972.159
1989.545
1956.304
2003.424
2063.424
2084.489
2093.489
2098.543
2118.924
2131.967
2153.033
2108.24
2139.74
2159.271
2184.708
2225.271
2262.083
2195.61
2232.955
2238.955
2241.425
2173.851
2226.928
2230.173
2236.481
2244.442
2252.692
2200.176
2200.954
2201.213
2204.338
2208.421
2209.171
2244.505
2258.116
2277.616
2281.282
2307.356
2311.662
2318.384
2468.106
2500.829
2516.755
2549.301
2601.412
2612.745
2640.745
2641.718
2675.495
2697.727
2612.156
2592.259
2611.19
2529.15
2565.567
2524.733
2517.583
2464.296
2448.146
2412.213
2399.013
2390.888
2411.694
2420.099
2355.579
2391.513
2432.346
2411.544
2463.113
2470.032
2482.806
2531.547
2544.672
2550.859
2527.727
2594.811
2603.03
2644.155
2570.798
2586.857
2589.386
2641.96
2647.287
2659.934
2681.346
2709.404
2710.022
2712.551
2647.441
2622.89
2659.341
2656.341
2706.684
2720.184
2730.735
2746.221
2694.9
2733.9
2747.293
2794.018
2809.061
2780.684
2754.75
2732.806
2732.611
2727.653
2719.319
2766.214
2797.014
2797.214
2802.314
2810.886
2837.561
2860.132
2880.418
2894.261
2959.698
2963.587
2925.253
2928.17
2883.764
2810.649
2805.329
2813.816
2821.711
2832.763
2812.868
2848.582
2852.53
2871.688
2893.655
2929.576
3035.957
3049.22
3007.112
3031.651
3003.109
3005.209
3017.322
2989.826
3043.64
3044.354
3058.89
3050.14
2982.695
2980.392
2982.346
2980.384
2987.884
3005.465
2982.826
2977.837
2950.784
2955.659
2958.841
2961.227
2970.432
2995.261
2988.307
2959
2980.267
3051.492
3075.575
3076.025
3105.075
3105.742
3103.158
3094.658
3095.242
3074.494
3078.461
3087.994
3057.328
3069.528
3078.528
3079.194
3084.611
3053.056
3034.506
3038.531
3024.964
3025.414
3060.939
3021.027
3021.598
3033.043
2978.819
2972.399
2974.872
2968.489
2949.691
2960.415
2980.628
2990.936
2973.176
2980.809
2965.83
2923.979
2931.948
2921.854
2928.573
2926.781
2904.021
2819.802
2835.552
2831.24
2790.495
2809.107
2806.046
2819.964
2822.107
2863.64
2882.253
2839.168
2848.858
2827.183
2808.103
2771.669
2779.169
2803.189
2763.284
2713.029
2709.596
2685.264
2662.151
2664.344
2662.151
2688.189
2657.333
2672.238
2681.38
2663.455
2662.29
2677.196
2668.054
2681.79
2680.433
2656.373
2702.688
2695.009
2671.537
2671.998
2679.542
2707.963
2707.594
2713.252
2719.963
2738.875
2729.243
2736.787
2728.287
2719.05
2703.634
2701.362
2746.413
2729.741
2745.433
2737.754
2744.317
2726.933
2734.594
2736.422
2765.35
2749.574
2752.074
2749.145
2735.038
2720.574
2717.002
2711.538
2682.991
2677.835
2680.763
2695.228
2723.775
2737.882
2741.453
2746.609
2752.074
2749.395
2741.199
2724.109
2692.19
2660.27
2658.77
2655.074
2654.712
2678.946
2671.446
2663.076
2664.179
2632.259
2635.5
2645.304
2674.232
2580.482
2577.241
2566.339
2567.839
2608.474
2597.943
2612.154
2636.364
2636.825
2693.055
2705.827
2700.564
2719.476
2717.634
2717.279
2724.226
2698.377
2690.024
2706.524
2703.938
2691.386
2689.931
2702.483
2710.397
2655.136
2664.601
2648.877
2636.636
2660.894
2646.091
2651.176
2665.324
2675.498
2657.227
2675.744
2675.299
2689.447
2686.905
2663.769
2668.956
2693.023
2689.667
2683.184
2659.117
2630.82
2621.566
2613.621
2619.087
2656.608
2745.591
2736.667
2742.896
2733.972
2735.43
2739.561
2731.35
2731.706
2728.926
2716.112
2719.621
2711.676
2703.464
2711.676
2643.159
2655.439
2682.534
2675.669
2686.017
2673.203
2667.123
2654.784
2655.14
2653.36
2660.479
2661.903
2664.097
2674.271
2665.729
2666.775
2676.081
2652.691
2672.445
2687.419
2690.199
2698.144
2687.97
2756.487
2760.619
2769.924
2771.894
2777.008
2761.551
2775.699
2772.629
2748.782
2741.663
2768.769
2812.244
2799.077
2796.058
2807.425
2763.95
2770.075
2754.875
2755.313
2740.667
2718.879
2710.104
2678.604
2673.229
2691.196
2689.796
2675.15
2661.238
2668.238
2667.8
2665.863
2653.263
2681.088
2676.567
2708.067
2731.733
2729.896
2745.796
2723.177
2723.06
2750.06
2777.06
2807.96
2815.739
2856.31
2862.91
2864.317
2887.767
2881.392
2869.258
2856.092
2840.142
2838.392
2839.421
2838.921
2812.277
2810.844
2795.01
2819.381
2745.347
2751.576
2735.356
2735.013
2769.506
2715.182
2712.809
2708.678
2703.212
2725.336
2701.938
2689.386
2683.05
2644.881
2638.054
2649.813
2630.976
2627.847
2627.485
2650.884
2680.724
2683.601
2652.241
2696.415
2693.915
2733.446
2752.955
2768.357
2770.67
2779.321
2781.821
2709.634
2722.634
2719.955
2734.862
2729.103
2731.603
2712.353
2704.674
2666.066
2682.445
2673.603
2681.827
2682.399
2696.61
2698.882
2714.882
2725.592
2738.303
2714.355
2712.882
2719.829
2765.592
2721.228
2735.692
2731.862
2706.737
2696.018
2698.33
2700.83
2676.596
2674.096
2645.167
2662.203
2676.243
2671.811
2662.239
2653.43
2653.048
2630.775
2611.175
2610.63
2618.43
2610.63
2619.439
2613.984
2617.748
2665.175
2670.739
2669.211
2682.448
2684.561
2691.084
2701.011
2720.611
2722.411
2674.984
2636.217
2623.217
2610.353
2634.162
2633.636
2605.215
2569.511
2563.217
2530.989
2520.27
2503.306
2456.725
2444.047
2445.583
2449.154
2442.748
2483.868
2473.886
2486.286
2435.106
2464.382
2481.998
2461.55
2510.767
2516.427
2500.677
2479.646
2502.331
2522.563
2522.076
2492.076
2500.021
2502.556
2495.472
2502.556
2469.454
2467.891
2469.484
2456.067
2421.067
2441.137
2450.47
2452.063
2444.563
2369.701
2372.236
2393.819
2368.688
2363.1
2361.956
2359.803
2360.947
2365.461
2368.053
2350.387
2349.9
2348.308
2322.012
2347.567
2338.595
2338.206
2341.91
2332.938
2343.049
2402.403
2409.208
2401.431
2419.458
2378.463
2387.435
2405.463
2401.102
2376.011
2387.111
2364.839
2366.7
2369.189
2385.77
2402.352
2396.489
2393.761
2391.407
2401.334
2404.934
2406.461
2408.466
2395.23
2416.9
2420.262
2419.657
2426.463
2416.296
2403.667
2395.722
2408.87
2433.079
2379.929
2359.316
2362.733
2361.568
2269.417
2294.656
2263.502
2281.906
2239.347
2247.271
2288.132
2295.066
2304.208
2303.042
2294.198
2297.623
2302.741
2320.356
2336.936
2328.823
2315.955
2295.342
2286.2
2292.969
2290.776
2290.281
2306.861
2298.2
2271.653
2254.983
2268.719
2219.502
2221.483
2235.219
2248.087
2244.182
2194.965
2202.889
2187.139
2192.257
2176.974
2203.012
2241.41
2251.712
2267.462
2269.656
2253.906
2254.302
2232.311
2263.811
2261.88
2254.946
2290.606
2275.323
2279.922
2270.781
2287.361
2279.267
2286.483
2283.842
2273.483
2280.7
2263.085
2265.667
2256.526
2198.959
2207.974
2226.695
2247.536
2247.031
2256.349
2257.971
2259.99
2238.981
2237.327
2258.168
2246.428
2253.495
2261.745
2240.904
2249.173
2242.106
2191.942
2205.481
2222.471
2279.594
2279.991
2282.821
2280.377
2277.934
2280.575
2273.642
2283.943
2322.342
2310.823
2393.238
2398.356
2444.387
2444.991
2471.046
2465.074
2502.762
2494.984
2478.095
2479.688
2474.021
2499.576
2489.41
2502.447
2495.363
2501.336
2495.669
2493.076
2494.669
2508.15
2518.317
2507.201
2522.66
2518.956
2508.845
2506.31
2508.463
2501.13
2460.134
2497.042
2493.307
2466.514
2452.844
2497.995
2511.928
2539.236
2541.255
2556.447
2538.101
2533.413
2514.692
2478.346
2492.279
2476.226
2457.822
2458.399
2447.841
2439.014
2411.707
2384.649
2382.017
2378.526
2417.958
2444.723
2402.26
2407.578
2415.814
2459.221
2448.515
2450.162
2446.946
2449.108
2480.453
2466.248
2470.306
2485.797
2488.738
2457.392
2406.245
2420.98
2411.605
2412.01
2412.415
2430.085
2426.805
2436.495
2468.468
2470.148
2491.998
2475.798
2484.978
2487.183
2489.508
2521.908
2500.348
2497.61
2473.11
2454.87
2422.47
2418.47
2354.368
2335.695
2334.46
2307.318
2280.175
2287.525
2288.05
2271.355
2283.565
2264.893
2265.313
2251.673
2256.092
2238.158
2246.423
2260.791
2267.745
2269.845
2260.47
2274.67
2274.81
2285.34
2292.69
2326.08
2334.18
2326.83
2323.2
2327.16
2391.263
2367.953
2353.393
2349.253
2351.99
2367.11
2357.03
2354.44
2356.16
2354.113
2343.193
2328.633
2366.433
2339.133
2320.893
2328.543
2326.218
2325.798
2332.973
2329.35
2346.045
2353.965
2351.165
2341.475
2339.755
2334.88
2374.449
2456.949
2467.694
2459.122
2439.255
2436.883
2454.485
2439.628
2429.74
2412.138
2411.709
2414.082
2401.622
2425.408
2434.974
2412.857
2458.036
2475.969
2490.755
2500.122
2491.367
2482.796
2480.003
2462.069
2362.395
2355.074
2374.605
2345.89
2343.033
2401.173
2399.453
2448.169
2440.669
2407.934
2402.615
2389.243
2407.125
2385.988
2400.811
2424.831
2414.949
2436.086
2443.85
2448.056
2445.998
2459.801
2482.654
2480.968
2480.38
2490.262
2447.799
2445.054
2417.995
2412.113
2474.958
2466.527
2470.078
2462.873
2431.527
2442.233
2444.292
2476.358
2455.108
2481.718
2479.777
2478.13
2482.051
2480.365
2475.047
2511.45
2542.192
2549.091
2550.714
2576.813
2569.913
2559.356
2601.002
2595.786
2626.94
2668.587
2658.087
2676.808
2678.423
2714.574
2714.985
2701.613
2696.294
2704.706
2718.51
2715.569
2727.539
2717.216
2719.495
2736.407
2744.819
2748.377
2761.75
2747.828
2733.554
2737.475
2741.034
2743.779
2759.27
2756.328
2730.696
2747.608
2720.549
2711.049
2706.99
2699.784
2718.49
2704.686
2720.569
2716.375
2734.721
2735.111
2703.005
2681.995
2681.861
2759.601
2757.481
2788.635
2771.679
2755.099
2775.547
2782.481
2789.953
2811.943
2828.217
2820.123
2826.208
2784.439
2799.344
2773.307
2849.58
2853.316
2814.917
2853.316
2861.41
2833.553
2833.942
2817.581
2811.914
2797.285
2791.938
2776.938
2773.234
2743.63
2740.593
2755.222
2760.889
2763.926
2769.273
2784.273
2813.877
2817.581
2818.803
2825.609
2845.84
2851.188
2851.317
2850.831
2849.275
2855.919
2857.063
2892.063
2884.979
2888.813
2853.813
2853.438
2857.41
2855.847
2818.16
2866.465
2853.428
2869.789
2879.539
2904.817
2904.442
2895.942
2877.914
2931.719
2929.639
2913.889
2963.106
3023.58
3072.409
3068.925
3048.195
3045.959
3072.209
3057.017
3025.863
3026.368
2990.022
2993.829
2995.445
2995.041
3005.599
3016.099
3029.752
3034.44
3008.341
2999.514
3020.245
3017.613
2970.186
2940.024
2948.118
2966.175
2971.623
3047.896
3055.113
3055.679
3048.745
3010.347
3014.12
2975.896
2958.229
2954.924
2895.569
2869.514
2867.361
2859.398
2856.863
2860.225
2862.058
2813.752
2803.641
2799.975
2786.938
2784.993
2704.104
2680.757
2698.157
2694.257
2671.984
2642.918
2638.486
2631.286
2611.686
2651.079
2667.373
2708.233
2722.498
2726.545
2760.271
2769.413
2789.752
2771.192
2775.706
2805.31
2776.577
2774.464
2730.308
2705.933
2713.004
2703.603
2701.728
2689.049
2595.299
2523.112
2533.83
2533.955
2535.134
2547.313
2552.156
2554.469
2558.004
2571.504
2567.152
2560.746
2562.281
2570.478
2562.817
2523.286
2531.938
2532.299
2544.978
2534.076
2534.658
2528.096
2520.864
2540.217
2549.967
2559.368
2572.047
2559.109
2559.234
2561.913
2563.989
2560.158
2546.658
2530.882
2518.31
2542.545
2541.962
2532.212
2568.554
2615.134
2618.67
2621.114
2621.475
2613.975
2601.404
2615.511
2609.752
2610.288
2596.181
2599.415
2593.009
2548.321
2546.446
2533.446
2531.946
2561.15
2570.714
2553.368
2566.541
2600.905
2615.268
2616.468
2578.746
2579.328
2586.989
2604.025
2602.056
2573.127
2590.163
2581.163
2572.792
2569.096
2608.627
2563.322
2568.586
2599.61
2634.698
2629.138
2616.647
2654.815
2654.453
2658.022
2658.584
2742.791
2735.808
2733.804
2726.976
2713.356
2734.476
2719.325
2724.304
2723.955
2742.791
2749.127
2711.074
2714.43
2715.477
2718.019
2719.697
2743.544
2743.9
2739.006
2742.083
2765.085
2777.364
2777.483
2774.407
2767.695
2786.212
2787.947
2788.5
2780.288
2793.678
2798.792
2807.004
2808.051
2789.534
2788.104
2804.604
2767.898
2753.75
2753.305
2684.788
2694.042
2707.432
2727.186
2743.356
2699.144
2688.797
2691.867
2685.638
2683.667
2629.343
2634.237
2649.131
2652.157
2651.648
2635.148
2552.369
2558.597
2564.826
2537.731
2501.025
2505.623
2490.165
2500.513
2497.157
2423.123
2415.852
2399.682
2408.987
2427.504
2435.716
2451.886
2475.021
2463.462
2483.216
2470.769
2469.063
2470.517
2489.203
2485
2512.931
2522.009
2431.491
2470.64
2463.114
2450.658
2454.167
2470.833
2456.623
2453.114
2472.026
2443.605
2423.158
2402.711
2364.717
2363.208
2358.45
2366.95
2360.239
2366.95
2412.713
2442.002
2430.037
2432.309
2410.818
2411.901
2413.41
2414.568
2431.305
2502.226
2487.094
2468.081
2471.259
2476.522
2475.95
2477.686
2474.509
2476.351
2452.542
2435.752
2474.59
2551.221
2544.274
2549.537
2553.011
2566.274
2565.748
2582.485
2582.853
2579.669
2596.406
2579.669
2583.143
2589.853
2596.147
2564.787
2558.34
2565.287
2567.327
2563.853
2535.162
2550.579
2549.105
2478.184
2481.368
2491
2492.842
2494.776
2480.917
2480.456
2480.088
2481.561
2495.772
2482.509
2481.936
2478.752
2485.463
2485.936
2485.814
2461.866
2469.235
2497.281
2482.149
2478.965
2440.127
2468.299
2467.717
2516.529
2514.257
2513.888
2510.257
2506.783
2499.257
2486.8
2489.932
2514.143
2485.452
2485.096
2483.939
2494.649
2482.193
2472.956
2457.456
2473.836
2457.046
2463.493
2470.204
2472.836
2476.02
2470.726
2461.094
2480.007
2484.765
2501.432
2491.853
2479.143
2470.3
2473.932
2474.406
2477.583
2485.807
2461.86
2457.101
2433.292
2442.529
2466.476
2457.976
2441.239
2420.792
2413.265
2420.634
2422.43
2453.789
2486.793
2488.248
2469.563
2496.221
2487.721
2478.485
2465.221
2500.925
2513.697
2477.993
2464.134
2488.081
2485.625
2514.914
2521.862
2527.52
2543.02
2532.489
2526.042
2520.976
2511.344
2465.581
2478.353
2480.809
2478.77
2479.23
2483.989
2482.906
2483.274
2486.906
2477.327
2499.69
2464.678
2388.046
2354.888
2339.757
2338.248
2338.708
2340.182
2331.682
2260.761
2264.524
2264.169
2267.8
2251.064
2263.836
2262.327
2279.406
2286.932
2284.3
2277.59
2258.678
2290.011
2291.98
2219.792
2217.114
2188.185
2184.355
2189.199
2194.639
2211.22
2210.02
2248.556
2252.252
2212.721
2187.364
2187.739
2191.569
2190.391
2222.884
2222.515
2234.866
2234.743
2250.743
2244.45
2220.64
2174.877
2151.068
2138.357
2131.41
2152.382
2150.882
2104.301
2102.795
2093.393
2092.911
2101.107
2106.496
2127.308
2126.205
2138.777
2141.705
2136.549
2136.424
2183.004
2181.237
2205.879
2200.491
2213.429
2209.857
2214.701
2157.467
2160.708
2135.583
2164.129
2163.027
2175.598
2164.696
2172.893
2179.964
2176.429
2199.772
2190.772
2222.692
2220.817
2218.504
2213.348
2221.545
2242.357
2288.938
2335.518
2342.75
2363.563
2349.455
2342.625
2345.813
2351.571
2370.821
2367.634
2354.134
2361.813
2358.371
2349.871
2349.748
2350.831
2363.542
2377.752
2371.305
2395.515
2408.287
2389.121
2388.037
2384.529
2385.686
2371.827
2365.116
2349.7
2321.654
2308.39
2291.654
2307.154
2316.785
2308.732
2325.469
2323.068
2330.801
2329.623
2326.382
2289.261
2306.607
2281.789
2287.652
2304.234
2306.723
2305.195
2299.741
2315.805
2345.259
2325.555
2319.032
2322.277
2321.684
2284.682
2205.264
2199.809
2210.909
2209.382
2246.63
2260.111
2258.069
2208.524
2244.184
2247.958
2171.684
2176.283
2172.866
2165.932
2173.403
2203.566
2205.189
2187.573
2193.021
2192.526
2177.62
2181.394
2184.224
2182.292
2180.099
2146.373
2173.165
2134.767
2112.776
2063.559
2060.142
2039.528
1997.759
2031.486
2052.284
2029.87
2061.32
2079.589
2086.656
2094.012
2107.127
2096.627
2127.37
2106.361
2092.361
2094.329
2108.329
2111.214
2111.733
2093.012
2089.579
2103.579
2111.368
2125.3
2129.147
2131.637
2133.541
2129.56
2125.579
2121.599
2119.579
2119.06
2110.233
2104.464
2114.964
2123.233
2161.314
2099.54
2163.643
2136.343
2133.063
2142.243
2123.163
2095.563
2087.163
2103.858
2051.688
2049.708
2053.278
2038.718
2040.398
2018.838
2071.008
2079.108
2088.798
2074.605
2081.811
2084.091
2066.86
2048.154
2021.39
2022.029
2012.838
2021.27
2024.211
2013.887
2015.574
1996.868
1964.132
1992.435
2024.835
1989.085
1970.845
1978.495
1973.07
1969.11
1961.46
1988.76
1980.84
1964.64
1954.56
2041.92
2086.195
2082.565
2101.705
2142.408
2135.058
2108.913
2141.62
2142.145
2129.935
2191.113
2187.054
2226.835
2253.978
2275.538
2269.088
2269.493
2250.493
2288.615
2294.508
2313.977
2328.344
2318.977
2337.589
2331.431
2329.676
2331.696
2333.411
2351.441
2309.43
2311.221
2356.339
2371.13
2399.568
2422.026
2429.682
2414.589
2481.362
2481.216
2461.766
2458.047
2441.589
2419.13
2412.88
2390.422
2388.289
2369.289
2377.258
2368.508
2410.906
2439.344
2418.541
2432.908
2403.25
2411.83
2418.28
2458.983
2539.833
2511.433
2511.973
2544.68
2536.76
2533.76
2536.56
2545.935
2513.963
2511.163
2519.263
2513.488
2509.198
2502.748
2485.078
2487.668
2498.648
2489.468
2506.718
2487.248
2515.648
2511.358
2510.123
2526.818
2532.593
2518.033
2503.953
2516.163
2516.815
2513.535
2508.66
2503.235
2511.835
2484.235
2486.335
2472.255
2448.945
2442.825
2446.105
2440.33
2408.358
2392.158
2376.358
2372.358
2338.968
2348.658
2354.778
2351.778
2366.338
2385.01
2393.61
2390.873
2409.873
2395.313
2427.713
2429.918
2449.388
2447.7
2448.105
2447.685
2395.515
2391.945
2436.22
2480.495
2476.865
2470.415
2459.435
2427.463
2422.038
2426.328
2427.648
2431.938
2423.358
2415.258
2421.708
2430.888
2434.168
2431.168
2430.643
2440.018
2404.268
2413.958
2411.753
2368.44
2368.845
2361.195
2398.995
2368.324
2371.824
2371.412
2363.471
2367.022
2404.081
2412.316
2438.926
2478.831
2478.434
2499.684
2473.074
2473.713
2444.411
2428.834
2429.411
2443.344
2441.375
2442.644
2451.471
2420.317
2428.567
2426.077
2342.077
2372.82
2359.281
2328.127
2319.3
2324.853
2316.584
2309.517
2311.132
2309.517
2291.171
2293.139
2323.882
2334.44
2284.276
2256.969
2288.123
2261.584
2269.373
2271.392
2310.95
2211.894
2252.755
2293.616
2298.215
2321.328
2348.12
2363.026
2363.535
2400.719
2408.507
2403.291
2457.002
2474.21
2489.493
2475.823
2455.483
2452.842
2451.597
2429.606
2438.748
2450.267
2443.05
2412.887
2420.358
2413.425
2419.118
2393.363
2389.59
2419.752
2431.078
2419.559
2421.639
2426.238
2400.483
2382.559
2368.889
2368.38
2399.88
2388.361
2366.37
2375.512
2376.757
2380.175
2380.684
2370.382
2387.052
2394.693
2378.024
2370.382
2331.983
2369.688
2362.354
2367.701
2385.294
2398.775
2392.164
2374.818
2361.582
2361.95
2362.427
2365.72
2380.898
2400.761
2399.234
2385.998
2474.798
2465.989
2463.261
2469.943
2466.307
2468.852
2472.452
2476.352
2501.027
2487.791
2500.591
2503.891
2487.309
2481.745
2447.382
2431.318
2428.073
2457.807
2471.043
2457.807
2483.625
2496.534
2526.268
2531.2
2525.336
2524.968
2527.95
2545.35
2544.873
2542.964
2563.759
2550.343
2563.759
2542.964
2544.873
2504.623
2492.223
2501.032
2530.098
2471.823
2471.23
2503.73
2511.53
2498.73
2527.795
2534.75
2537.105
2538.639
2535.393
2531.493
2542.407
2551.57
2546.32
2515.757
2515.174
2513.406
2529.098
2534.857
2536.732
2536.25
2545.25
2559.714
2554.558
2541.879
2518.776
2511.232
2503.18
2519.559
2533.419
2504.728
2560.958
2568.064
2582.708
2584.98
2568.314
2571.191
2578.559
2580.039
2576.531
2575.022
2543.004
2506.663
2508.538
2510.074
2522.645
2551.192
2598.539
2585.829
2578.724
2581.908
2588.618
2587.11
2580.662
2573.506
2576.584
2605.369
2660.629
2658.397
2651
2618.414
2621.862
2635.828
2620.957
2592.761
2569.578
2535.085
2533.966
2532.288
2495.583
2505.756
2509.392
2501.18
2527.925
2511.425
2474.086
2490.586
2472
2480.353
2456.819
2473.267
2454.681
2455.043
2453.595
2444.129
2445.584
2390.323
2373.875
2371.974
2369.97
2385.203
2377.961
2383.164
2389.349
2381.435
2386.711
2379.315
2351.119
2367.454
2377.985
2375.107
2351.16
2367.788
2343.554
2328.647
2341.219
2357.504
2340.54
2347.612
2353
2316.658
2316.076
2333.46
2349.237
2353.589
2357.942
2366.594
2379.165
2414.057
2406.952
2407.478
2379.432
2394.077
2400.787
2406.05
2400.393
2371.971
2367.695
2351.316
2344.605
2345.079
2361.746
2361.219
2370.851
2341.561
2302.724
2286.724
2269.645
2285.061
2293.285
2295.686
2381.371
2379.529
2388.765
2432.669
2340.564
2338.721
2321.932
2329.037
2320.814
2327.524
2319.024
2328.656
2360.435
2331.888
2338.451
2322.674
2315.013
2302.442
2268.692
2254.228
2228.871
2212.585
2197.679
2235.632
2231.732
2223.209
2220.227
2216.934
2203.698
2203.207
2192.107
2217.243
2215.299
2214.076
2173.972
2154.009
2185.509
2181.462
2173.991
2169.392
2135.665
2105.502
2122.435
2127.123
2134.738
2138.863
2132.233
2115.433
2135.396
2165
2173.972
2173.597
2172.375
2155.086
2080.225
2076.919
2076.433
2073.079
2069.718
2029.613
2014.155
2005.183
1996.211
1981.581
1973.618
1966.118
1958.155
1951.512
1935.15
1926.178
1835.734
1754.845
1750.873
1691.519
1689.708
1686.29
1678.818
1677.226
1659.226
1651.585
1640.774
1633.042
1617.551
1612.772
1605.566
1589.199
1557.853
1551.936
1538.132
1524.328
1544.735
1559.73
1534.73
1541.182
1515.661
1513.114
1507.928
1502.742
1483.338
1479.476
1477.298
1470.915
1447.856
1446.061
1444.266
1441.287
1464.63
1429.413
1389.953
1381.453
1392.77
1418.445
1417.817
1397.381
1408.033
1405.533
1400.823
1361.832
1395.372
1412.484
1407.407
1389.202
1415.694
1410.75
1398.081
1381.858
1373.588
1367.791
1359.986
1355.554
1355.51
1385.618
1425.489
1420.665
1418.136
1386.004
1409.814
1402.766
1375.156
1365.078
1338.992
1356.056
1373.433
1403.414
1379.138
1374.672
1341.672
1327.19
1320.293
1306.638
1343.616
1388.31
1383.514
1421.149
1420.341
1461.855
1505.891
1498.453
1279.703
1256.828
1240.891
1211.557
1191.647
1218.528
1191.244
1201.613
1237.469
1222.381
1285.296
1028.243
842.701
812.201
673.174
684.272
628.39
576.699
545.728
491.086
445.805
439.242
425.836
349.273
265.983
146.817
129.018
52.018
37.269
0
