882
4758
8634
9729
13401
17769
13893
13011
16887
17769
14097
9729
5853
4758
5853
9729
13401
17769
17985
19641
20677
27973
24301
23419
22324
18448
14572
10204
11086
14962
18634
23002
26878
27973
31413
39045
40473
41403
52659
53754
79395
75519
71151
70056
66384
67479
71355
75723
79395
75519
74637
78513
79395
75519
74424
70752
66384
70056
73932
78300
79395
81705
81761
85121
85121
81245
76877
73205
72110
75986
77081
80753
85121
84239
80363
79268
75392
71024
67352
73032
74688
100329
101259
109883
111195
114945
118617
160617
162787
166819
172643
173462
176332
186132
186804
196128
198576
204896
204896
205058
212126
212126
211964
211964
204896
204896
202448
196128
198576
204896
205778
212846
213008
213008
206688
206526
205644
198576
198576
196128
212409
219477
219639
225959
226841
229289
219489
218670
217998
215128
209304
199980
202850
186569
192393
186073
195397
195235
196054
195172
204972
205644
203196
196128
196128
196290
203358
203358
209678
212126
205058
202610
202610
202448
202448
196128
198576
199458
205778
212846
213008
229289
225257
223087
181087
183257
183257
183257
191881
199513
201823
227464
225016
224134
223972
216904
210584
194303
195185
199061
198179
194303
198179
199061
198389
188589
182765
179895
170571
169752
170571
176395
177067
186867
196191
199061
195185
194303
198179
199061
201641
201902
207582
208677
207795
203919
204801
208677
208621
206311
206311
202951
206311
222592
222648
224958
221082
220200
212568
210258
201634
175993
183625
209266
211576
220200
220875
241743
241743
239573
239573
243605
285605
287775
295407
301727
309023
326348
343673
352297
352558
363918
364134
367194
368289
371649
372489
371817
365993
356193
355374
352504
343180
343999
346869
356193
356193
362017
362689
362689
366565
372361
372361
379993
381088
387408
405118
405174
425194
438550
439586
440426
447456
460245
463677
464365
465677
470045
470045
470045
472215
472425
474141
481209
492249
498073
510862
514534
516704
518288
518288
522656
522656
535616
548405
548405
548666
561626
565838
565838
573134
573974
574766
595634
595634
600436
608092
612976
621716
627540
627540
628660
654301
655183
655183
655183
655183
655183
672893
672893
672893
672893
672893
672893
672893
681633
681633
681633
681849
682059
683508
683508
683718
683718
683718
685318
685318
686902
689482
689482
702442
708922
708922
708922
708922
708922
708922
708922
708922
719842
722242
722242
722242
722736
722736
723411
736494
757362
757362
757362
761034
761034
766830
766830
766830
768282
768282
768282
768282
768282
768282
768282
769122
769122
769797
769797
770637
770637
770637
773877
774549
785589
786264
786264
786264
786264
786264
786264
794052
794052
794052
794052
794052
794844
794844
795880
796975
805599
805599
805599
805599
805599
805655
805655
805655
806495
806495
806495
806495
806495
806495
806495
806285
807077
807077
807077
807077
807077
808529
808529
808529
808529
808529
808529
808529
795740
798320
798320
798482
800652
800652
800652
800652
787296
787296
787968
787280
779984
779984
774160
764836
764836
764017
761147
760475
760475
760475
761147
761966
761966
761966
762494
756174
754590
747522
747522
747522
749832
749832
750868
757898
758392
758392
758392
758392
758392
758392
767016
767184
767445
767445
767445
750120
750648
739608
739608
739608
739770
739770
739770
750690
750690
753270
753270
754582
755254
748224
748224
748224
741904
749536
749536
749536
755856
755856
743067
743067
742851
747653
747653
750821
750821
749726
749726
749726
749726
751382
751382
738422
738422
734054
734054
733793
733793
720833
725045
725045
725573
725813
725813
726074
726074
727526
727526
738566
744362
750042
750042
750042
750042
750834
750834
750834
750834
750834
750834
739474
740266
740266
741196
741196
741196
741988
741988
740868
740868
732244
706603
698971
696661
696661
696661
696661
696661
696661
685741
685741
683161
683161
682489
682489
681177
681177
681177
681177
681177
681177
681177
681849
681849
681849
681905
680189
675821
675983
677103
677103
677103
677159
677159
677159
679607
679607
679607
681056
681056
673400
671000
671000
671000
667640
675272
678332
678332
678332
678332
678332
678332
678332
678332
678332
679007
679247
680699
687377
687377
682493
681818
685258
706126
706126
701324
701324
701324
697652
697652
697652
700892
700892
700892
698722
694690
652690
652690
652690
654860
642071
645131
647301
626433
628833
628833
628833
620093
628833
628161
645871
645871
645871
645871
637247
637247
639661
638349
638349
639798
639798
639798
649122
660378
660378
660378
660378
660378
659706
659706
659706
659706
662286
662286
662286
662286
662286
662286
662286
662958
662958
665128
665947
665947
665947
665947
665947
665947
665947
648237
622596
623388
623388
623388
623388
644256
644256
644256
644256
644256
644256
655113
655374
654534
654534
657774
658593
658593
659281
663157
663157
663157
663157
667525
666076
663496
650536
650536
644056
642472
642472
645052
645052
645052
645052
645052
645052
643452
643452
646392
646392
646392
646392
646182
643122
643122
643122
649442
649280
649280
650316
639396
639396
641844
641844
646728
646728
649668
649668
650704
651376
651376
648136
647344
647344
647344
660133
660133
660133
660133
661063
661903
661903
661903
661231
661231
661231
661231
660412
660412
660412
660412
660412
661231
661231
661231
661231
660195
642870
643080
643080
642819
641937
634641
633605
625973
625805
630689
630689
636485
636485
636485
636485
636485
636485
636485
633905
633233
634052
634052
634052
634052
634724
634724
637304
637304
637304
637304
637466
637466
637466
629834
629834
624038
628406
622610
622610
622610
614822
621302
622121
618245
618245
618245
618933
620649
620649
614825
614825
614825
614825
614825
618065
618065
617225
617225
621101
624977
604957
604957
604282
610330
609235
609235
609235
609235
607065
613113
613113
613113
613113
618909
613085
613085
613085
613085
613085
616445
616445
616389
629349
631749
631533
631533
631533
634593
634593
634593
639477
638802
639042
634830
634830
634830
634998
636714
640386
638934
638406
638406
639081
644537
641105
641105
641105
636303
636303
630507
633947
639579
639579
640419
640419
640419
640419
637839
637839
637839
637167
637167
637167
644823
654147
655459
655459
658039
658039
658711
658711
665779
666571
666571
666571
658939
662689
662479
661639
661639
661849
661849
653109
632241
632241
632241
633277
633439
633439
633439
639919
639919
639919
639919
639919
639919
639757
639496
639496
641896
641896
642390
641862
641862
648540
648540
648540
648540
652212
652212
652212
654382
654382
654382
633514
630074
630074
630074
627904
627904
627904
631780
630988
630988
630988
630988
630988
622248
622248
622248
619938
619938
619938
619938
625762
625762
625762
625762
625762
624313
624841
624841
624841
624841
631519
631519
635269
632689
632689
632689
632017
622693
622693
615037
613725
616305
616305
616305
616977
616977
616977
616977
616977
618097
618097
617002
617002
617002
617002
615882
615882
615882
615882
615882
615882
616701
616440
616440
616440
623909
627077
627077
627077
615821
633531
633321
635901
643370
635738
618028
618028
618028
628486
635554
635554
635554
633106
632176
645532
645532
644692
644692
644692
644692
644692
649576
655624
655624
649944
649944
649944
650000
629132
629132
629132
629626
629626
631342
631552
634792
635611
635117
634623
634623
634623
634623
634623
634623
643363
640949
640949
640949
640949
640949
640274
640274
646754
652550
652550
652550
652550
652550
648182
627314
627314
636054
636054
636054
636054
636054
636054
636054
636054
636054
641734
641734
641734
637858
663499
664339
657661
657661
663293
663293
662474
662474
662474
662474
662474
662474
659894
659894
659894
659894
659894
659894
659222
659222
659222
659222
659222
661802
661802
662474
662474
675434
675434
676529
678977
679796
679268
679268
679324
680636
680636
681164
681164
681164
681164
680324
680324
686804
673721
673721
673721
672685
671893
679189
675517
675517
675517
674845
674845
674683
678433
678961
678961
679129
679129
679129
679129
680581
693937
693937
693937
693937
693937
694973
694973
694973
702269
702269
702269
702269
702269
702269
699689
699689
699689
699689
699689
699689
699689
699689
699689
699689
699689
699689
688649
702005
702005
690965
690965
690965
690965
690965
690965
690965
678005
685301
686093
686093
686093
692573
689513
688673
687998
687179
685727
685727
682559
683053
683053
680883
680883
682833
682145
682145
682145
682145
682145
682145
682145
682145
685015
680803
680635
669778
663730
660670
660670
660670
660670
665554
665554
665554
663384
665554
665554
665554
665554
665554
665554
664882
662302
662302
662302
662302
662302
662302
662974
662974
662974
662974
665554
665554
665554
665554
665554
665314
658834
653038
653038
649798
652212
651372
652821
651165
651165
672033
674203
675239
675239
675239
675183
672243
674553
667523
667523
667523
667523
667523
666593
657969
657969
657969
657969
657969
657969
656517
655725
655725
649901
649901
646661
651029
651029
645573
643403
643403
643403
643241
643241
643241
640661
640661
640661
638261
631941
631941
625621
625621
619141
631930
630214
630214
630214
630214
643570
656653
657325
661201
661201
657325
657325
656506
651622
651622
638833
638833
638833
638833
638305
638305
638305
638305
639889
639889
636829
637090
637090
637090
638690
640290
640290
661158
661158
661158
661158
661158
658578
658578
658578
658578
658578
658578
657906
657906
662298
662298
663898
663898
663898
663898
663898
665614
665614
665374
665374
666958
666958
649248
652998
651546
651546
646662
646662
646718
647246
648038
648038
648038
630328
630328
630328
643117
643117
643117
643117
643117
642325
648373
645013
645069
645069
645069
645069
645069
644808
646758
645309
644273
640523
640467
634787
634787
641465
641465
641465
639017
639017
639017
633221
630773
633941
633941
639737
641337
641337
642177
632853
633381
636813
640253
640253
640253
641681
641681
641681
640993
640993
640993
640993
640993
640993
645205
645367
645367
648427
648427
648427
648427
648427
648667
648667
648667
644917
631957
635833
629353
628534
624862
624862
625654
626148
626148
627804
635592
641388
641388
641388
641388
641388
648418
648418
654738
654738
654738
654738
654738
658488
662238
667918
670788
677856
677856
682658
682658
682658
676862
676862
676862
676862
676862
677534
678374
678374
670905
670905
663436
656956
656116
659992
655108
648040
648040
648040
648040
648040
648040
659296
653248
649372
646972
646972
646972
647134
643894
643219
643219
643219
644314
644314
657397
657397
657397
656578
657418
657418
657418
659018
659018
659074
660674
663254
660840
664080
665532
665588
665588
665588
666470
668918
675238
675238
675400
675400
675400
675400
675344
674552
674552
674552
674552
674552
675371
675371
675371
675371
675371
674877
674877
685797
685125
686841
686841
686841
686601
673245
673245
672209
680949
680949
680949
675317
668249
668249
668193
651912
649602
646242
646242
648552
648608
648608
648608
645668
640036
640966
648435
648435
648491
648653
648653
647981
647981
647981
648911
650031
650031
650961
650961
650961
650961
652273
656023
666943
666943
664363
664363
659479
653159
652277
652115
652115
649667
649667
649667
649667
649667
649667
649667
649829
657125
657125
658161
658161
658161
662529
661737
668637
672309
672309
672099
673683
672588
672588
672588
674172
673332
673332
673332
673332
683790
683790
683790
682478
682478
682478
682478
683153
684602
684602
684602
684602
671246
671246
671246
660788
660788
660788
660788
660788
660788
660788
660788
660788
660788
660788
660788
668420
670730
670730
679354
679354
679354
679882
673204
680272
680272
682222
682222
682222
678782
678782
678782
678782
678782
684462
684624
680256
678656
680108
685904
682028
681866
681866
681866
681866
681866
681866
682028
689096
689096
689096
689096
689096
684704
684704
684704
683885
684053
684053
684053
684053
676757
673007
676757
676757
676757
676757
675721
675721
675721
675721
675559
681239
678369
678369
679969
687601
687601
681553
692593
692593
692593
692593
692593
692593
692593
692755
692755
693016
693016
693016
688648
688816
691686
691686
691686
666045
663645
659769
658053
658053
658053
658053
651375
644079
644079
644079
644898
642728
642728
643256
644351
644351
644519
643679
649727
649727
643247
643247
640079
643247
641297
639347
639185
639185
639185
639185
639185
632117
632117
632117
632117
632279
632279
632279
625249
624457
618661
615493
614999
614999
614999
616451
616451
616451
619321
619321
618827
618299
620015
620015
620015
616775
616775
616943
618392
618392
622604
621932
623027
623027
622499
620189
636470
636414
639284
656609
655009
655009
634141
634141
634141
632557
632557
632557
634507
634507
633055
633055
632845
632845
632845
636721
635881
632209
634789
633073
633073
633073
650783
653951
653132
653132
660601
654553
658225
654475
663145
663145
663145
664801
664801
664801
664639
664639
664639
664639
670959
673407
673407
680475
680475
680637
678467
678467
678467
678467
678467
684099
684099
684099
681929
681929
680213
666857
669027
669027
669027
671897
675337
675337
675337
675337
675337
677287
677287
677815
677983
678913
671125
671125
671069
683858
688226
688226
687106
687050
689920
689920
689920
689920
689920
677131
677131
677803
677803
677803
678475
678307
657439
657439
657439
657383
656855
656855
658307
658307
655859
648791
648791
642471
642309
642309
641815
630559
623881
626941
616483
616483
614883
614883
607587
607587
614655
613055
611960
611960
605640
605640
606134
613430
613430
615030
615030
615030
613446
611862
614732
607436
607220
605564
604528
604528
604528
606128
605198
605198
611246
611246
624035
631331
631331
622591
622591
622591
622591
613851
613851
613683
613683
600894
601134
600098
602546
604946
616202
616202
616202
622250
624830
629714
629714
629714
629714
636392
635272
637852
637852
638062
638062
638062
638062
635482
635482
635482
636412
636412
636412
636412
636412
640288
640288
640288
640288
640288
639252
633572
633572
637448
637448
639164
639164
639164
639164
645484
643884
643884
643884
643884
636984
640344
640344
640344
661212
659628
659628
659628
659628
658028
658028
658028
647108
647108
647636
648428
648428
647636
646187
659147
659147
658328
658328
660278
660278
660278
660278
660278
660278
655394
653794
650734
650734
663523
664342
664342
664342
666058
661846
661846
657970
657970
653602
653602
653602
651886
658366
661534
660742
668038
668038
668038
668038
672406
672406
672406
666610
673906
674788
674732
674732
675420
674490
674490
667021
663271
671895
671895
671895
671895
670467
673407
673407
673407
673407
660324
660324
660324
660162
660162
660162
660162
660162
659901
659901
659901
660162
660162
660324
660324
663564
663564
663564
674820
674820
674658
673206
673206
659850
660378
668010
685720
691176
691008
691008
694884
687415
694884
694884
691644
691644
691644
693300
693794
693266
693266
693266
693266
693266
693266
698722
698722
691654
691654
691654
691654
691654
689704
686264
687056
699845
699845
696975
694105
698317
698317
699629
697049
697049
695600
691724
690412
690412
686662
686662
686662
682450
682450
680500
680500
681430
681430
681430
682105
682105
682105
682105
682105
681844
682880
695963
695963
696491
696491
696491
703787
700115
699185
699185
699185
699185
699679
706579
715249
715249
706579
704269
696637
688013
688013
692225
692225
694535
701831
701831
701831
710455
710455
710455
710455
713325
713325
711873
708441
707622
709572
715892
715217
715217
715379
715211
715211
702128
691088
696768
696768
696240
692490
692490
693802
686506
686506
686506
686506
686506
686506
686506
687542
687598
694666
695354
701674
701674
701674
701674
701674
704614
704614
704614
708490
708322
708322
708322
708322
713778
713778
713538
713376
713376
713376
705744
705744
705744
705582
703982
703142
700272
700272
700272
698616
692820
692652
692652
692652
692596
692596
690880
690880
690880
690880
690880
682140
682140
682140
682140
679692
668772
667320
663570
662640
662640
662112
662112
662112
657744
651696
651696
651696
651168
651168
651168
651168
651168
649719
649719
649719
648837
644961
644961
632172
632172
630456
624408
624408
624408
624408
625290
629166
629166
625998
625998
609717
609717
609029
609029
608819
606649
606649
606649
608819
607163
607001
607001
607001
604601
602021
602021
602021
589232
571907
568739
565679
565679
558383
558383
554943
554943
554943
547647
534564
534564
516854
516854
516182
503393
503393
503393
503393
503393
507269
510941
515309
516404
514688
514688
514744
514744
514744
511874
504578
504317
504317
504317
504317
504155
500915
500915
500915
501176
506856
507018
507234
507234
507234
507234
510474
506598
506598
506598
498966
497930
496835
492623
481367
479767
474087
474087
470211
469329
470211
474087
474087
474087
474087
473415
473415
470545
470545
470545
467675
467675
467675
464003
459635
458540
454664
458540
459635
464003
467675
467675
449965
444333
444333
444333
438877
432397
432397
426077
422909
419549
415673
410217
384576
381136
380041
372409
370981
370051
358795
370051
373491
374586
376014
376944
402585
410217
409122
404754
400878
397206
401082
401082
401082
392412
396084
400452
401547
397875
397875
397875
395925
395925
394830
394830
394038
390162
389280
393156
393156
394038
386742
386248
386248
386248
385318
372529
372529
371077
370837
370837
364517
357449
357393
357393
356705
355669
355669
355669
355669
359341
365661
365717
366753
366753
366753
369333
370021
377089
373417
369049
367954
364078
365173
369541
373417
377089
377089
374219
374219
370007
370007
370007
370007
370007
370007
369077
369077
365201
365201
365201
376561
390861
390861
391791
395667
402963
402963
402963
402963
396285
396285
389217
389217
388689
386739
381283
381283
380464
380464
378294
378294
378294
378294
378294
377800
374860
374860
370984
366616
362944
361849
366217
367312
370984
374860
374366
374366
374366
374366
373484
369608
368933
368933
368141
368141
368141
368141
366829
366829
366829
364519
355895
355895
358205
383846
391478
400102
399283
394915
393820
389452
385576
381904
386272
390148
393820
394915
394915
387619
366751
355495
355495
355495
349447
349447
344563
341983
341983
343411
348295
348295
359551
359551
359551
365599
365599
365599
379899
383775
385725
388893
397517
397517
397517
399233
386273
386273
382601
378233
374357
373262
373100
373100
373100
371788
371788
371572
371572
371572
365892
365892
365631
362391
362229
367909
367909
367909
367909
368170
368170
368170
368332
366382
366382
366382
357758
357758
357758
356102
356102
356102
363398
370867
371749
371749
371749
371749
364280
356984
356984
356456
356456
356456
352580
352524
352524
351996
352052
372072
372072
365752
358852
358852
358852
358852
358852
356682
360714
362884
362884
362884
362196
358524
351456
351456
348876
347840
341520
341464
341464
335784
332844
332788
330478
330478
330478
332788
336148
352429
352485
352485
352323
352323
352323
352062
346382
346382
346382
359738
359738
359954
363194
368874
368874
369135
369297
360673
356923
351243
349587
348657
323016
319344
318032
319344
323094
324024
327696
353337
361961
363617
369297
343656
336024
327400
325090
350731
358363
366987
369297
369297
369297
368261
368261
368261
368261
369297
373509
374937
374937
374937
382406
382406
371046
363750
363750
363750
349450
348520
344644
344644
344644
348520
348520
355816
355816
355816
356746
358346
364826
367274
368586
374906
387695
390005
369985
369929
369985
390005
387835
383803
383803
385973
385973
385973
379925
379925
378497
378497
367241
367241
362357
362357
367241
384566
405434
406554
406554
406554
409134
415182
414966
411726
411726
398370
392690
392690
392429
392267
392267
392267
392267
392267
392267
392528
392528
392690
384066
384010
384010
384010
384010
384010
391479
391535
393935
393935
400255
400255
401839
408319
409201
413077
415491
415985
417701
417701
417701
418376
418544
418760
418760
417878
414002
414002
414002
405378
397746
395436
369795
378419
404060
406370
414002
414002
414002
417878
418760
398740
398684
398740
398740
398740
398479
398479
398479
398479
398479
398479
398317
398533
404213
404213
404213
404375
404636
404636
404636
404636
400760
400760
400760
400760
399830
392534
392534
403894
429535
433411
434341
434341
441637
441637
441637
440755
436879
437761
441637
441637
441637
441637
441637
441637
441637
441637
441637
441637
434341
433459
425990
433459
440755
441637
437761
436879
436879
434709
434709
434448
428768
427673
425093
425354
426449
429029
429029
430065
433425
433425
433635
407994
399370
397060
389428
389212
389212
389212
388951
388789
388789
388789
383109
386349
386511
386772
400128
405808
405808
405808
406024
404904
398856
398856
393972
376647
355779
353199
353199
359247
360367
362947
383815
401140
412396
417280
417280
417224
417224
413348
413348
387707
387707
386777
375417
368121
368121
369051
382134
386010
386010
386010
386010
386010
386010
388458
395526
411807
418127
418289
419171
415931
415931
410251
409990
409990
409774
409612
396256
396418
405742
406003
406219
411899
444239
447479
460835
460835
460835
460835
460835
460835
460835
460835
460835
460835
460835
460835
460835
460835
460835
460835
460835
460835
473795
473795
473795
473795
473795
473795
473795
467475
467313
451032
448584
441516
440634
443082
450150
451032
467313
467475
473795
473739
470379
468069
451788
468069
471429
471485
473795
473633
457352
454904
448584
441516
440634
440634
447702
447864
450312
450312
450312
450312
450312
449520
449520
449520
450312
450312
450312
450312
448362
448362
434062
425438
421562
418394
416678
425302
428470
430186
434062
436012
450312
463101
472901
470453
470453
470453
463385
463385
463223
464105
466553
472873
479941
480103
496384
490064
477275
474827
473227
466747
465435
463125
465435
478224
479536
485856
487456
493936
496384
496174
492814
492814
491778
475497
473049
472887
465819
464937
458617
464937
465099
472167
472167
474615
474615
467547
467547
461227
461227
461065
458617
458401
458239
457978
454738
422398
416718
407394
394038
394038
394038
394038
394038
394038
394200
394461
394461
387165
379696
378814
379696
387165
394461
395773
396301
409090
414722
429022
446347
456147
456147
457747
457747
457747
457747
457747
457747
457747
457747
470707
470707
470707
472291
472291
472291
454966
443710
442590
421722
416838
410790
408210
419570
425366
426206
422330
422330
422330
422330
409247
408317
408317
408317
422617
433977
441273
445149
470790
470790
470790
471720
470684
470684
469256
465044
465044
457575
457575
461451
468920
469956
469956
469956
469956
469956
469956
469956
469956
456996
456996
456996
456996
456996
456834
456834
456834
456834
456834
456573
456573
456573
456573
456573
456573
456573
456573
456573
456573
456573
463053
463053
463053
469731
475363
475363
475363
483987
483987
471027
471027
471027
469443
469443
482403
484983
484983
484983
484983
484983
483671
473871
473343
467711
450386
436086
436086
423297
421697
421697
421697
421697
423297
423297
423297
423297
423297
423297
423297
416229
416229
413359
408557
402877
402877
405747
405747
405747
411427
411427
411427
411427
407551
407551
381910
370550
363254
363254
348954
348024
348024
348024
348024
348954
348954
348954
348954
348954
351534
359190
359862
371222
406166
406166
407478
407478
407478
404898
404898
404898
391938
391938
356994
349338
348666
348666
348666
337306
334726
333414
344774
379718
390638
390638
390638
391950
392622
395202
406059
406059
406059
406059
406059
406059
406059
406059
406059
406059
406059
406059
422340
461412
461412
469044
482004
482004
482004
482004
486806
486806
486806
485206
485206
485206
485206
485206
485206
485206
485206
485206
485206
485734
485734
485734
485734
487334
487334
476414
475742
464382
463070
463070
428126
425546
425546
460490
463070
463070
463742
463742
463742
474662
474662
474662
474662
474662
478538
477656
470360
462891
470187
477656
478538
476228
472868
456587
456531
456531
445611
445611
443031
443031
408087
408087
407415
418335
418335
418335
427659
430239
430239
431551
432223
429775
423455
422143
415663
402874
400564
398964
401274
403722
405322
405322
405322
405322
405322
405322
401446
402328
406204
406204
396880
396880
395568
395568
384648
382068
381396
389052
399972
411332
412004
414584
414584
414584
415896
415014
411138
411138
411138
403482
403482
392122
389542
389542
388230
377310
376638
376638
376638
376638
376638
376638
376638
376638
376638
377430
378249
391605
393189
393189
393351
406434
409866
430734
441990
447670
447670
447670
447670
447670
447670
447670
453350
462674
463466
464306
467366
468054
468054
471114
473528
473528
466850
478210
484888
488560
488560
502860
505800
505800
505800
526668
532348
533188
533244
544284
546234
546234
550626
589698
590628
590889
590889
590889
591577
593026
618667
618723
618723
618723
618723
618723
618723
618723
617793
617793
625089
626019
629895
629895
642978
642978
642978
642978
642978
647370
647370
647370
647370
647370
647370
647370
647370
647370
647370
656694
656694
658006
658678
658678
669598
669598
672178
672234
672234
672234
673026
685986
686674
686674
686674
686674
686674
686674
693704
693704
693704
700734
700734
700734
701770
703198
710228
710228
711158
712253
716003
716003
716003
716003
726461
726461
726461
728411
728573
728573
728573
735869
739309
739309
739309
739309
739309
737709
737709
737709
737709
737709
737181
737181
737181
740241
741553
742081
743681
743681
749313
762102
760790
751466
748886
748886
748214
748214
748214
737294
737966
737966
737966
737966
737966
737966
737966
737966
737966
737966
737966
737966
737966
737966
738227
738227
738227
738227
749147
749147
749147
766857
767385
768204
768204
768879
768879
774335
774335
773240
769800
768870
757614
749982
724341
722913
722913
722913
722913
722913
722913
722913
723843
723843
723899
723899
723899
723899
726069
726069
726069
726069
726069
726069
726069
726231
726231
726231
722799
723618
723618
724410
724410
724410
724410
726126
726126
713043
720339
720339
721011
724179
726627
726627
727155
727155
727155
727155
726336
726336
726336
726336
723276
728078
728078
729173
729173
729173
722853
722797
722797
722797
720397
712928
720224
726544
726784
728500
730900
730900
730900
738369
738425
738425
737753
737753
737753
737753
737753
737753
737753
739065
741465
748495
748735
748735
748735
756391
756391
762439
762439
763475
763475
763475
763475
763475
762026
763146
762458
762458
762458
762620
762620
762620
763656
752799
752799
752799
752799
759279
759279
759279
759279
759279
759279
754477
746845
733885
717604
678532
678532
678532
678532
678532
678532
678532
678532
686164
686164
690966
690966
690966
690966
687294
687294
687294
687294
687294
688389
696045
696045
696045
690365
690365
686489
684773
676149
663360
660192
645892
636092
634142
636092
637808
647608
660397
660397
663565
663565
663565
665017
666673
669733
667783
674103
674103
674103
674103
667623
667623
667623
673079
673751
679575
679575
680103
681531
681531
683131
683131
683131
676101
676983
676983
689772
687358
674002
674002
674842
674842
674842
675682
676354
683823
683823
683823
683823
716163
716163
716163
716163
716163
719033
698165
699095
699095
678227
678227
679067
678905
678905
675845
675845
675845
675845
674809
686065
686065
696523
698473
698473
698473
696889
697729
697729
697729
698223
698223
698223
698223
698223
697962
704992
699536
699536
699536
699536
699374
692344
692344
692344
692344
692344
692344
692344
689176
689176
689176
689437
689437
678397
678397
678397
678397
679072
679072
680108
680108
680108
680108
680108
680108
683168
683168
683168
682048
682048
682048
682048
687844
687844
687844
690014
690014
690014
689084
692444
691604
691604
693056
693056
693056
693056
696932
695837
695837
695837
698147
698147
691667
693383
691433
692745
692057
694007
694007
688327
687535
687535
687535
687535
687007
687007
687007
687007
679977
679977
679977
678377
678377
678377
678545
678545
691628
688688
688688
686972
686972
681516
680586
680586
680586
680586
680586
682186
656545
656545
655753
655513
655513
655457
655718
650038
650038
649219
649219
651529
651529
651529
641071
645873
645873
646545
646545
646545
646545
646545
646545
646545
649125
649125
648089
648089
651521
651521
651521
638732
606392
597068
600740
600740
601415
601415
601415
590495
590495
596543
600215
602615
600167
601619
590363
601220
601220
601220
599908
599380
596320
590688
590688
589088
576299
576299
576827
589616
589616
589616
591216
591216
591216
591216
591216
592146
591051
594491
607847
607847
607847
607847
613527
606058
606058
606877
617797
616867
616867
609571
596488
596488
596488
596488
592612
593542
606625
610501
617797
617797
617797
617797
617797
613405
613405
613621
619301
619301
619301
619301
637011
637011
636219
597147
597147
597147
597822
597766
597766
596338
596338
596338
596338
595026
606066
606066
606066
605226
605226
605282
604754
604754
604754
605442
611074
611074
616898
616898
616898
616898
616898
616898
616898
616898
616898
616058
616058
616002
608706
594406
594406
594406
594406
594406
594406
594406
594406
594406
595834
593884
593884
591714
591714
591714
591714
591714
591714
591714
591714
584418
583536
576067
576067
576067
576067
568771
575251
575512
575512
575512
582580
582580
582580
582820
579760
581212
581212
584272
584272
585112
592581
592581
591486
591486
587094
583218
583218
582182
582182
582182
574713
574713
582182
582182
583218
582530
581738
581738
581738
581738
581738
575690
575690
575690
575690
576482
576482
569452
569668
569668
551958
544662
545337
545337
545337
545337
545499
545499
547947
547947
547947
547947
547947
555243
555243
560875
560875
560875
561369
560333
560333
562049
562049
562049
567729
567729
570789
570789
569970
570231
566871
573191
573191
573191
573191
576131
576131
576131
563171
561719
561719
561719
561719
565151
565151
565991
565935
565935
565935
567519
567519
567519
565119
565119
565119
567429
567429
567429
567429
567429
567429
567485
567485
557027
557027
563075
563075
563075
563075
563075
563894
571550
571550
571382
571382
570070
570070
569908
569908
572218
572218
572218
571546
570871
569155
572025
572865
569115
572865
572865
567069
555709
554869
560665
560665
561505
558065
558065
558065
558065
558275
571235
571235
571235
571235
568175
568175
568175
568175
568175
568436
567764
567764
570634
568918
569593
569593
580953
570096
570096
570096
570096
570096
558736
552058
563418
564093
570771
575139
575139
573483
573483
573483
562563
564163
568375
568375
568375
568585
568585
568585
567157
568757
567938
567677
560021
560021
560021
553701
553701
553701
553026
552532
552532
552532
552364
550648
550432
548018
548693
550409
550903
550903
550903
550903
551071
551071
551071
550141
546469
546685
546685
541005
515364
513708
509958
509958
509958
508646
500022
500022
500022
505702
505702
505702
505702
506632
506632
506632
506632
506470
506230
505702
505702
505702
505702
504250
504250
504250
504250
504250
505702
505702
505702
505702
512998
512998
511048
511048
511048
511048
507376
513696
513696
513696
502440
502440
502650
502650
499780
499780
492148
492148
492148
492148
492148
492148
492148
492148
487346
487402
487402
482600
482600
481718
485594
485594
487178
487866
490446
489771
490971
490971
490971
511839
511839
511839
511839
511839
511839
510999
513169
508367
509039
509039
509039
509039
511209
512001
512001
511329
511329
511329
511329
511329
511329
512757
505101
505101
505101
505101
505101
505101
505101
506196
505935
510737
510737
513317
519995
522395
527197
527197
527197
527197
530947
530947
530947
531877
531877
532913
536585
536585
537113
541505
541505
528422
529542
529542
542502
542502
542502
542502
542502
542502
542502
542502
542008
536328
536328
530696
534446
527378
530546
530546
530546
531858
536742
530918
551786
551786
551786
551786
551786
550856
552512
558192
558720
569760
568044
567550
567550
567550
569950
578690
582362
583457
582785
582785
582785
582785
582785
581333
581333
581333
581333
579023
579023
587693
588368
588368
588368
585920
589352
589352
589352
587182
586966
586966
586966
584656
584656
579024
578184
578184
578184
578184
575874
573426
573426
571826
571826
571826
578306
579618
581218
583666
583666
583666
589986
589725
589725
584045
584306
590354
590354
597384
597384
597384
601056
601744
601744
600144
600144
600144
600144
599616
599616
599616
586827
586827
586827
586827
586827
586827
586827
586827
588427
588427
588427
591667
591667
591667
593267
595847
590051
590051
591146
591146
591146
594506
596222
595382
595382
596312
596312
596368
596368
596368
596530
595690
595429
594589
594589
594589
595408
595408
595408
593098
593098
594547
596263
595227
595227
595227
598587
591557
591557
591557
591557
597877
597877
597877
597877
597877
597877
597877
597637
597637
599807
603479
603479
603479
603479
602804
602804
602804
602804
599372
598697
597767
597767
597711
586351
586351
588067
588067
585127
585127
584287
584231
591261
591261
591261
591261
591755
591755
599543
599543
599543
598871
598871
598610
597010
599950
599950
599950
596074
597523
598342
598342
595472
595472
593072
592397
601021
601021
601021
599569
599569
599359
600395
601823
600893
600893
600893
600893
600893
600893
600893
600893
600893
600893
600893
600893
599963
596087
596087
583004
575708
571832
570737
570737
567677
567677
573997
578881
578671
589129
586549
580501
580501
589825
589825
586393
586393
586393
582721
582721
582721
582721
585889
591569
591569
591569
592409
595577
594785
594785
594785
594785
601815
602055
605223
607623
607623
600327
606647
606647
606647
606647
606647
608099
610409
610409
610409
610409
609289
614173
600817
600817
600142
600142
600142
607438
607438
607438
607438
607438
610308
607728
607040
609620
609620
609620
609620
612490
612490
612490
615550
618990
618990
618990
601280
599680
599680
599680
593856
593856
592200
586520
586520
599480
598052
612352
612352
612352
637993
637993
637993
635593
633193
632374
624905
627485
624905
621737
621737
621521
625733
625733
625733
620053
621089
621089
610049
597089
597089
597089
597089
593649
593649
594579
594579
594579
594579
573711
574551
572381
572381
566333
566333
560285
553805
553805
557681
556889
569849
570521
570521
568937
568937
568937
568007
572375
575435
573719
573719
573719
577931
577931
577769
577769
577769
578441
578441
572121
579021
579077
577493
578805
578749
578749
586218
586218
597075
600507
600507
600507
600297
600297
606093
606093
606261
615585
612345
612345
612345
619814
619286
619286
619286
612966
612966
612966
612910
613582
617332
630688
630688
630688
631528
631528
628658
629450
638190
636474
636474
633894
633894
633894
633894
633366
634966
635758
634558
634558
634558
639360
645680
647336
647336
649646
649646
653318
657194
649538
649538
649538
649538
649538
649538
649538
648863
645113
645113
645113
642173
649073
638033
634361
631001
629549
629549
629549
620225
633014
633014
641684
641468
640019
640694
640694
640694
640694
643004
638636
649556
650676
654552
654552
651492
644196
644196
644436
646152
646152
644552
640160
638848
644896
644896
644896
641224
638914
636514
636514
636514
635086
626416
626910
634698
648054
647793
659049
661219
657007
656746
656746
663226
663226
663226
663226
671850
678880
678880
678880
679408
679408
678589
679684
679684
679684
679684
673364
674036
674855
674855
675950
674498
673810
673810
670060
670060
665258
665258
665258
665258
665258
663088
669408
669408
669408
669408
669408
669408
667808
667808
667808
667808
667808
680597
680597
680597
686229
686229
689289
690889
691417
691417
691417
678457
689377
678919
677883
678723
691683
695115
692535
692535
691440
691179
691179
691179
691179
691179
691179
691179
691179
691179
694347
703087
703087
703087
703087
703087
703087
703087
703927
703927
703927
702832
702338
702338
703268
704087
700919
700919
700919
702869
702869
712669
712669
705991
705991
703411
703411
703411
702375
710999
706115
707045
707045
700015
700015
701110
701110
697750
698278
691958
695398
692528
692528
692528
671660
671660
674060
674060
674588
674756
674756
685796
685796
685796
685796
685958
685958
685958
685958
685958
686750
687845
687845
684413
684413
684413
684413
684413
684413
684413
684413
682985
682297
682297
682297
679129
683931
680259
682707
688163
688163
683361
683361
683361
683361
684813
684813
684813
684813
688485
691917
683177
680117
680117
676445
675350
681030
681030
680862
680862
680700
680700
680700
680700
680700
688169
688169
694489
681529
681529
685405
685405
689155
688035
684867
684867
676243
676243
676243
683875
689507
693257
689507
689507
689563
693439
699235
699235
699235
697519
694939
694939
694939
694939
683579
676901
676901
676901
682697
695780
695780
692030
692030
692030
692030
692030
687146
685546
688786
688842
689004
685564
692860
692860
692860
692860
692860
679504
687292
687292
687292
687292
686362
687790
686998
693318
693534
693534
691364
691364
691364
690545
690601
689761
691361
691361
691361
682691
677807
677807
663507
662832
662832
662832
662157
662157
665325
670127
662339
662339
662339
663131
664559
664559
664559
658879
645523
645523
646643
646643
646643
646643
646643
646904
639435
638643
634275
632826
632826
643866
643866
654906
654906
654906
654906
658578
658578
661638
659982
659982
663732
671028
670356
669516
669516
670446
644805
645841
634921
635161
637609
637609
638428
649348
649588
649588
649588
646156
646156
645662
638632
638632
638392
638392
638392
638392
638336
631306
631306
630270
621530
621530
621530
621530
617654
617654
617654
617654
614784
614784
607315
600019
587059
584749
577719
577719
575319
568999
563319
556999
556999
556069
551857
551857
547981
547981
544105
544105
531316
530004
529164
518307
512259
511164
511164
511164
508104
500316
500316
489060
489060
485620
484780
484780
480568
479776
473456
471740
468308
468308
465860
463690
462090
453466
453466
453466
453304
453304
452209
445309
444637
444637
444637
439835
439835
439835
439835
437525
428785
422305
409516
409516
408988
408988
403356
403356
403356
401756
398696
399224
404856
406168
409228
423528
436317
436317
437917
437917
437917
437917
437917
437917
435607
434788
433693
433693
433693
433693
433693
431743
431743
418783
412987
412147
412147
411619
411451
406649
400853
397181
397181
397181
397181
397181
396653
396653
396653
396653
395981
394529
390857
390857
390857
390857
390857
389141
376352
376352
373184
363384
361434
365310
367260
370428
370428
370428
370428
370428
370428
370428
370428
361104
360285
360285
349245
349245
348573
348573
342253
342253
342253
342253
335353
331477
331477
331477
331477
330685
342045
359755
360547
367225
363475
363475
362047
361255
361255
350335
350119
339079
339079
335203
334942
326318
316518
316278
316278
316278
316278
313110
313110
313110
313110
313110
305814
304995
304065
304065
298609
293807
293807
291359
291359
291359
291359
291303
284983
281311
275515
275515
275515
275515
274479
263439
263277
262749
262749
262749
262749
262509
256877
256877
256877
256877
255449
247817
245369
245369
244057
237577
231257
231257
229657
232105
234415
236015
242335
255124
256436
262916
262916
249833
249833
249833
246083
246083
242915
241820
238580
234830
231398
231342
229742
229742
229686
228566
227636
227636
227636
227636
227636
227636
227636
224576
224576
223264
208964
208436
208436
202804
201204
188415
198215
198743
201803
203403
217703
217703
219015
231804
231804
224016
224016
216720
213660
213660
213660
213660
213660
213660
206191
206191
205951
204915
193995
197871
198907
200335
207365
211577
219046
219046
219046
219046
230406
237084
237084
228460
228460
222828
215359
215359
215359
222655
223537
231006
229422
222942
222942
222942
229620
236100
230304
230304
229464
235260
246620
247460
234671
224871
223559
223559
221959
207659
207659
204599
204071
201201
213990
217050
222682
236982
238294
255619
256147
265947
260267
260267
260267
260267
261867
261867
261867
267547
288415
291285
298353
299802
304604
304604
304604
298284
298284
295884
288415
288359
294679
303303
310772
310772
310828
313228
303428
297796
296196
293136
275811
263022
261710
261182
246882
235522
228844
235522
246882
244572
238092
231772
230172
217383
214935
213623
215223
217533
224013
236802
239250
245570
246882
246000
238531
231235
231235
231235
231235
230305
230305
230305
230305
231400
232330
235770
237198
262839
270471
281727
281727
277851
277851
277851
277851
274683
274683
272733
274683
283307
293107
305896
307612
307612
307612
307612
301132
294454
294454
300934
300766
300766
300766
300766
300766
299050
298375
297881
297881
286521
279843
291203
297881
296845
295417
287948
280918
277042
272830
280299
281727
282763
286975
286975
294005
293075
293075
293075
293075
293075
287395
287395
287395
280915
274595
273283
270835
268525
255736
254136
256446
262926
275715
277027
279475
281075
287395
281599
270239
269399
280759
281599
287395
280717
269357
276035
287395
287395
280915
293704
293704
296644
296644
307684
307684
316354
326154
329214
340574
342026
343682
347558
351308
352238
354686
357086
360962
369586
375634
379384
384268
391336
398805
403607
404537
412325
429650
436550
442006
443206
443700
443700
451332
451332
462372
463047
464359
464359
466015
467110
473788
473788
477664
480724
480780
480780
490104
493344
494226
494901
495063
498813
537885
538677
538677
541617
549249
550089
550089
550251
550251
551181
556813
556813
563293
563293
566733
573801
573801
577241
579689
585737
585737
592767
598591
598591
599711
599711
599711
599711
599711
599711
600911
609651
609651
614453
614453
614615
614615
612899
603099
594475
594475
594475
581686
579736
579736
581452
584620
584620
586570
595194
595194
595194
598554
598554
598554
600138
617848
619504
619504
626800
626800
628970
628970
630422
631622
633074
637442
650525
650525
651455
652274
660944
660944
660944
660944
660944
664384
664384
664384
664552
664552
664552
653192
635482
628804
628012
628012
630592
633462
633462
637674
642558
642558
642558
642558
646770
659853
659853
659853
659853
659853
659853
659853
659853
657453
657453
651133
643664
635040
634984
643608
643664
645092
647492
654961
661281
666961
666961
655921
655921
655921
655921
655921
643132
643972
643972
645067
645067
645067
645067
647647
647647
650047
643999
643999
643999
643999
646169
646331
646331
646331
646331
657251
657251
657251
657251
657251
657251
657251
655799
656471
656471
656471
656471
656711
656711
656711
656951
661835
661835
661835
661835
658895
658895
658103
658778
658103
658775
662987
662825
662825
662825
665405
665405
665405
665405
665405
665405
665405
672473
672473
672473
672473
672473
673313
673313
670865
670865
670865
670865
671393
671393
671393
671393
663761
663923
663923
656454
656454
656454
655524
655524
655764
652704
649644
653076
653076
647620
647620
647620
647620
636580
636580
636748
636988
640228
646276
646276
641392
641392
630032
623354
623354
623354
623354
623354
623516
623516
623516
623516
627392
627392
627392
627392
632194
629794
630724
630724
630724
623656
624331
624331
624331
630379
630379
623083
623083
623083
635872
636802
644458
647518
641886
641886
642558
635880
638750
639569
639569
635693
638273
629533
629533
629533
629533
642322
642322
641122
648418
646762
646762
652810
652810
653650
653650
660946
666402
666402
666402
657732
657732
657732
657732
657732
657732
657732
657732
657732
657732
657732
657732
657732
657732
647932
654252
654252
641169
652209
651279
652209
652209
652209
657841
657841
657347
657347
657347
663667
663667
663667
663667
663667
663667
660227
660227
660227
659408
655658
655658
659098
655658
654563
654563
654563
654563
654563
658003
658003
658003
658003
664483
664483
667543
667543
667804
670384
670645
669217
665005
665005
657975
650506
649470
649470
649470
646030
646030
646030
646030
638242
641112
644052
644052
636984
637803
637803
637803
644703
644964
632175
630863
624383
622073
620473
618025
611705
611705
613305
613305
613305
613305
619625
619625
619625
619625
621575
622394
622394
621464
621464
621464
619808
619136
619136
619136
619136
618974
618974
612074
611912
611912
611912
611912
612406
612934
595609
595609
590725
590725
590725
592177
596569
609529
609529
607873
607873
607633
607633
608305
647377
642575
642575
641123
641123
641123
641123
641123
641123
641123
666764
663824
666992
666992
666992
664592
660716
660554
660554
659714
668338
668338
668338
669374
669374
669374
669374
669374
668699
674523
678195
678195
681635
681635
681635
675955
675955
687211
687211
687211
689659
691609
691609
691609
698287
698287
700687
700012
700012
702460
691540
690340
690340
690340
689665
694467
694467
694467
703207
694583
694583
705503
707951
704891
703307
700067
700067
691397
691397
691397
691397
687029
683279
671919
674499
673569
673569
669693
668763
672513
668301
668301
664089
664777
664777
664777
664249
664249
664249
663129
663129
661817
661985
663641
624569
628445
628445
628445
624695
624695
635951
640835
647903
647903
647903
641855
641855
641855
641015
640175
634127
631257
631425
626541
626541
620061
617613
620973
621645
622681
627483
627483
626664
626664
626664
615624
620016
620510
620510
620510
620510
611186
611186
613136
620204
615402
619152
620464
620464
621892
621892
622822
622822
618610
618610
634891
634891
638323
645001
637705
643337
639977
660845
654525
654525
659981
659981
659981
660911
660911
660911
660911
653881
646585
646585
646585
646753
646753
646753
646753
644173
649853
660893
660221
660221
653153
647105
647105
647105
655729
655729
655729
655729
653559
653559
653559
652629
646581
646581
645699
645643
645643
645643
645643
644971
644971
644971
657931
657931
655981
655981
655981
655981
659041
659041
658780
651148
654820
660500
647417
647417
647255
650423
644599
644599
645274
656530
656530
656530
648874
642554
643048
642208
642208
641968
641968
644368
644368
648244
648244
648244
648244
648244
648919
648391
651331
651169
651169
651169
651169
651169
648999
648738
648738
651608
651608
658676
658676
658676
658676
656096
656096
656096
630455
630455
612745
609805
609805
609805
609805
609805
609805
620662
620494
621806
621806
618638
618638
631994
630542
635998
635998
634546
634546
634546
643286
643286
643286
649334
649334
650454
651490
651490
651490
651490
651490
657314
656114
656789
656528
657980
655400
655400
655400
654305
654305
645681
645681
642241
642241
642241
642241
642241
649710
653460
654496
654757
661237
661237
667033
664453
664453
663781
657301
657301
657301
659611
666907
666907
666907
666907
670075
678745
678745
678745
681805
681805
670885
670885
670885
671560
671560
671560
671560
671560
672596
670148
670148
670148
657188
657188
658308
658308
658308
651240
658872
656922
656922
656922
669882
669882
669882
669642
673074
673074
672906
672906
673746
670314
674190
671790
670860
659604
659604
659604
659604
658932
660588
660588
660588
660588
661518
661518
661518
668418
679458
682328
686696
686696
687488
666620
666620
666620
675244
675244
669420
669180
680037
668997
668997
668997
668997
668997
668997
668997
668178
665308
666908
662106
662794
657114
636246
636246
631444
640068
637198
635749
635749
641205
641205
634137
634137
634137
641606
641606
641606
634706
634706
634706
634706
637106
637106
637106
637106
637106
637106
645846
645846
648906
648906
645846
645846
646941
646941
646266
641464
641464
641464
641464
641464
641464
641464
641464
642152
639282
639282
639282
639282
635850
635850
635850
635850
636945
633705
634199
621410
621410
621410
621410
620916
619986
619986
621936
623056
623056
623056
623056
623056
622020
622020
621852
632892
634492
633804
633804
633804
638606
638606
638606
634730
634730
634730
634786
637186
637186
637186
644974
644974
644974
644974
648850
656638
661522
661354
663524
663524
663524
670820
671639
672734
680030
680030
680030
683270
685718
669437
669437
666857
666857
666857
666857
666857
665821
663421
663421
665005
665005
666317
666317
666317
666317
666989
668441
668180
668180
671612
671612
671612
671612
671612
671612
673782
665042
665042
665042
670722
670722
670722
666330
660874
664314
664314
664314
625242
625242
612453
611959
598999
606655
606655
606655
609595
613471
613471
612977
614927
615615
615615
611865
611865
619334
621504
622956
623992
630040
626600
632280
632280
639936
639936
631196
631196
625740
625740
625740
624810
617742
618417
618417
614745
603489
596421
596661
596661
596661
596661
596661
596661
596661
596661
596661
596661
602485
602485
600829
600829
601669
594991
596647
598817
598817
599078
599078
602438
602438
606806
606806
603366
597734
597790
604468
604468
604300
605119
604300
604300
604300
605230
605230
605230
605398
605398
605398
602458
602458
599588
598913
590243
591692
587816
587816
587816
586696
583264
583264
583264
586324
586324
586324
586324
582574
583669
579793
582853
586603
586603
579134
574742
574742
574742
574742
574742
578954
581534
581534
590204
590204
590204
592784
592784
596660
597335
598175
600623
600623
600863
600175
591435
595185
595185
595185
594510
594510
594510
589626
592566
590118
590118
590358
590358
590358
593798
593798
593798
594590
594590
594590
594590
594758
594758
593722
593722
599354
599354
598318
598318
598318
602686
596638
596638
596638
594688
594688
589804
592252
592252
594422
595874
607130
607391
604811
604811
604811
604811
604811
601451
594155
587255
584807
584807
590439
587379
587379
587379
587379
586259
586947
589527
583847
581537
588215
589815
588215
588215
587120
587120
582318
579150
577566
578496
578496
578496
567136
561340
560500
561340
561340
567136
573456
565824
558036
570825
570825
574701
574701
571269
571269
571269
571269
571269
563613
563853
563853
562401
561306
550050
550050
546378
545538
545538
545538
546357
546357
547149
539493
538065
538065
545721
545721
547891
543523
544195
542883
560593
560593
560593
573382
567586
567530
567530
567530
567530
567530
573850
573850
570790
570790
570790
577858
574618
574618
570868
571030
571192
571192
571192
571192
565560
571240
575452
575452
579328
579328
579328
578016
578688
587428
587428
588358
588358
591298
595690
589210
589210
589210
602170
593546
592451
591415
584119
584119
584119
584063
584063
576594
584063
570707
570763
569163
569163
566993
556136
555642
572967
570519
573459
562602
567486
567486
560808
560808
561928
562138
554669
554837
554837
554837
549381
549381
549381
544579
541999
562867
568499
568499
571739
571795
571795
571795
577475
573725
573050
573050
573050
577262
579710
580550
580550
580550
579098
576158
572282
572282
569222
572462
572462
572462
571787
571787
571787
573371
599012
599012
599012
605060
604241
602789
604101
602445
602445
602445
601409
601409
602504
605564
605564
605564
598268
598028
598028
598028
592348
590398
590398
595200
595200
595200
598368
598368
598200
597270
599718
599718
599718
599030
597080
597080
593640
593640
596220
628560
628560
628560
620772
619842
619842
624054
620886
627786
621962
619514
615638
615638
615470
616400
616400
620150
629474
629474
629474
636504
640380
631710
631710
631710
628350
634146
637818
637818
624858
623763
626163
626163
626657
626657
626657
626657
626657
626657
626657
618033
618033
618033
606777
607449
607449
607449
607449
607449
607449
607449
604389
610437
608267
608267
615563
606939
608889
614713
614713
623337
626505
632137
632137
633853
633013
633013
636685
636685
636685
632809
632809
632121
632615
632615
621575
620455
620455
620455
620215
628003
629452
626012
651653
649253
645503
649379
649379
649379
636590
637278
634338
634500
628820
629508
627852
628692
633060
646143
646143
646359
649419
648627
648627
650227
649555
649555
645343
645343
645343
645343
647743
634954
632784
632784
645573
645573
642703
645573
639525
639525
640200
640200
640200
640200
640200
640200
629160
629160
628920
641880
637512
637512
635342
652667
661337
661337
661337
662009
662009
665759
665759
664967
664706
664706
664874
658196
652740
652740
652740
652740
652740
650570
650570
650570
647990
653622
653622
654552
650340
655224
655464
662364
668412
667724
669176
670776
664952
659272
664728
666180
666180
666180
662304
662304
662304
662304
662304
662304
662304
656672
663152
663152
670784
670784
683744
683744
683744
683906
684578
684578
675838
675782
675782
675782
675838
675838
688798
688798
688798
686350
686350
686294
694964
697904
696592
696592
696592
696592
692716
692716
692716
690316
693484
693484
693484
693484
696064
696064
693484
675774
675774
681822
688142
688142
688142
686542
686542
688126
680470
673402
673570
672121
672121
672121
672121
672121
665801
665801
665801
664201
664201
664201
665801
678590
678590
679902
679902
679902
679902
679902
682212
682268
683388
683388
683388
684207
684207
684207
684207
684735
684735
684735
684735
683615
683615
682943
693983
708283
706113
708983
708983
712223
713153
713153
713153
710093
709274
709768
709768
709768
709768
709093
710809
710647
710647
721567
721567
721567
721567
721567
715935
715935
715935
715935
715935
715773
712101
711891
711891
705213
705213
703764
695140
691264
691264
691264
691264
690334
684014
671054
675422
686342
687014
688598
688598
688808
688808
688808
687356
687356
689306
689306
689306
684914
685754
685586
691266
691266
695658
695658
695658
695658
695658
694563
694563
697433
697433
697433
697433
697433
697433
697433
697433
697433
693221
693461
693461
693461
693461
693461
695061
695061
695061
694131
686499
685071
659430
648174
647079
643639
644431
644431
643937
643937
645389
624521
623702
623702
623702
622862
624314
622730
618362
617690
612058
612058
612058
612058
608890
606940
606940
606940
598316
596600
599768
614068
617128
617128
617128
629917
629917
629917
631633
631633
630793
639417
639417
639417
638487
638487
638487
634275
634275
634275
634275
634275
634275
601935
596255
596783
601585
607041
607729
604859
604859
610907
610907
611943
614113
615208
615046
615886
598561
598617
598617
598617
602985
602985
608665
608827
608827
608827
608587
608587
605647
605647
605647
602407
602407
602668
597784
598045
598045
606715
611083
616763
620975
619025
622465
616785
617985
618041
618041
618041
616325
616325
617255
611207
611207
622064
621570
621309
615677
615677
617261
612893
612893
612893
612893
620362
620362
619570
619570
619570
619732
620827
620827
620827
614507
614507
608875
615195
612615
615195
615435
615435
615435
615435
615435
615435
615435
614595
614595
606963
612759
627879
627879
627207
640290
641946
641946
641946
648266
648527
651959
652487
652487
652487
652487
652271
649211
648523
649363
649363
636403
636403
636403
636403
636403
632653
632653
630205
630445
632845
633061
630481
630481
630481
630481
626605
626605
626605
626437
626437
620641
617401
614461
611293
608053
608314
603512
614768
616424
616424
615304
615304
608984
608054
608054
608054
621014
620852
620852
613822
613822
622562
624146
616677
616677
616677
617469
628725
629925
630419
630419
636051
636219
633771
631461
631461
640201
631531
642388
642388
643207
644659
641491
647287
645835
645891
646152
642276
644690
648566
654886
649062
649062
649062
647750
647075
647075
647569
647359
647359
647359
653679
636354
637026
637026
637026
636207
636207
637807
637807
637807
612166
611236
608296
609745
604861
604861
604621
604789
611819
611819
608069
613893
613893
616203
623233
623233
623233
623233
623233
623233
620833
620833
624583
624583
611794
616162
621046
621046
621046
610006
602710
601126
601126
601126
603296
607172
607172
607172
607172
615912
610456
621376
621376
621376
621376
621376
622960
622960
621010
629680
629680
630355
629563
603922
608134
608134
608134
608134
608134
605734
604134
605734
605734
599254
593574
593574
593574
594366
594366
581406
581406
590030
587860
586260
576936
576936
576248
587105
587105
589055
588815
588977
588977
588977
588977
588977
585917
586445
589505
589505
589505
589505
589505
589505
589999
589999
591035
585579
585579
586267
586267
578798
585866
586541
587069
588164
588164
588164
588164
587903
590303
590303
590303
581633
574733
570365
570365
575167
571999
572791
572791
572791
590501
590501
591341
591341
591341
591341
591341
591101
594851
593399
593399
593567
593567
601199
601199
602783
605653
608713
607783
593483
593483
597359
597359
600527
601457
593669
593669
580586
580586
579914
579074
577490
581882
582722
582722
579050
584730
586182
587766
589215
588543
588543
588543
588375
582055
582055
585295
579247
579247
573199
572938
571486
572158
577614
574174
569806
569750
569966
569966
559046
562406
548106
548268
548268
550218
547158
547158
545706
545706
545706
558495
559923
559923
553023
551987
551726
551558
551558
549902
551354
551354
552954
551859
551859
551859
551859
551859
551859
551859
551859
546179
546179
533096
533096
534524
534524
534356
534194
539078
538550
532870
528658
539914
547383
547383
547383
549039
556827
556827
556827
554413
563037
563037
558645
560815
560815
563875
563875
566275
567727
567727
567727
568567
564199
558403
558403
560059
560275
549355
549355
546775
548224
552100
552100
555850
555850
552418
552418
563338
563338
559462
559462
548605
535645
539857
537687
538506
538506
538506
544554
535884
535884
536559
536559
532683
532683
532683
526635
527454
527454
533278
533278
533278
546634
546634
546634
546634
549802
545000
547580
547580
554648
554648
554648
554648
554648
554648
554648
548600
548544
547614
547614
548734
552174
559470
559470
559638
559638
559638
559638
559638
559144
561314
561314
561314
561314
561314
561314
561152
561208
561208
561208
561880
561880
561192
561192
561192
561192
548232
548232
552108
551946
551946
551946
553602
553602
553602
552914
552914
552914
556346
555146
555146
555146
555146
555146
555821
555821
555821
554105
554105
556275
555075
555075
537365
537365
537533
539189
546485
544535
546251
545723
545779
545779
545779
545779
545251
544990
544822
550454
550214
550214
550214
550214
547344
554640
554584
543727
543727
543727
543055
543055
539887
534091
530341
529549
532419
532419
532419
529179
528504
528504
524292
524076
527748
527748
537072
536578
542210
543522
543466
541156
541212
546892
546892
557932
557140
557140
557140
557140
564796
564796
566452
566452
564852
564852
566304
555048
557218
557218
558254
557760
557760
552876
565665
569337
574969
574969
575025
576477
576477
573607
566577
566577
565737
564153
567321
570993
569541
568505
568505
568505
568505
562185
561345
582213
603081
606321
619281
619281
619281
619281
619281
613649
613649
613649
613649
612221
614801
614801
623425
623425
625025
628465
628465
631905
631905
631905
631905
634965
635653
633703
634197
634141
622885
635674
635674
635674
635674
635674
638544
639072
633248
639072
630332
629838
628238
621208
614888
611828
610379
610163
597374
597374
597374
596534
609617
609617
609617
616685
624317
623222
623222
628678
628150
627055
627055
630223
615103
622735
621283
622213
628009
629129
618209
618209
618209
619304
626600
629180
629180
622112
622112
619712
619040
626108
627203
628022
628022
619352
620144
620360
618704
618704
617885
617885
617885
616229
619397
619136
622196
619326
618654
618654
628454
628454
635923
632173
630589
630757
628357
628357
628357
634181
634181
635781
635781
635781
634353
634515
636465
636465
636465
636465
636726
636726
636726
635886
640098
643266
643954
643954
643954
643954
642354
634885
634885
628565
628565
627893
627893
627893
627893
626963
626144
627744
627744
627744
635040
635040
635040
635040
635040
629360
627911
619171
615295
615295
629595
629595
642678
642678
642678
631821
631146
634086
634086
628406
628406
628406
628406
628406
629990
629462
635286
636105
630281
621541
621541
619957
623197
623197
623197
611941
615181
616781
622577
628401
628401
628401
628617
628617
629653
622357
622413
626289
626289
624633
625425
625425
621057
621057
620217
622617
620961
620961
620961
620745
617073
617073
617073
617073
616911
629994
629994
629994
622362
620913
625281
623969
627409
627409
631081
620161
620161
627229
606361
610033
610033
606673
613351
624271
623479
624409
622809
623070
623070
623070
620670
624882
625554
616930
616930
620170
620170
628840
628840
628840
616051
616981
616981
616981
604021
604021
604021
602569
605017
605017
605017
605278
608718
608718
604968
605024
610480
610480
610480
611168
606956
606956
606956
606956
606900
615570
614895
617835
617835
617835
613443
610383
608799
608799
601011
601011
613971
606675
604505
604505
604505
601337
598277
598277
601337
602786
608242
605372
605372
601932
601932
601932
597130
597130
597130
597130
597130
597130
597130
595678
595678
595678
595678
596206
596206
599266
599266
612349
612349
610693
610693
610637
605753
605753
603173
601589
598421
598421
607045
603985
603985
604147
604147
604147
611443
607771
613403
613403
613403
614075
613256
614048
614048
613360
614672
614672
614672
613552
609340
615136
615136
632461
632461
632461
638141
630485
631173
631011
627135
627135
635759
646679
645227
645227
670868
673038
667582
667582
660113
658685
658629
652309
649909
641285
641285
633989
636389
636389
645129
644310
635686
635686
644310
644310
649942
649942
653002
646954
646954
646954
646954
646954
646954
646954
649534
658158
675483
677653
684949
685210
685210
685210
698293
701163
709787
709787
709787
706619
701163
701163
704223
704223
704223
704223
704223
705675
705675
708915
707795
707795
706195
703135
710791
708211
708211
702415
695347
696383
696383
696383
703852
699976
699976
699976
699482
695810
694094
694094
694094
700994
702446
702446
702707
697075
691251
696135
694185
692873
690703
692015
692015
679226
679226
679226
677626
671994
672834
672834
676274
676274
676274
676274
662918
663593
663593
671062
676886
676886
680326
679231
679231
679231
679231
682291
682291
682291
682291
682291
682291
690079
689911
690073
690073
689398
689398
689398
668530
667078
667078
667078
667078
667078
667078
667078
668662
668662
668662
668662
668662
666082
663912
665628
665628
665628
662196
662196
663912
664440
668112
664872
667452
667452
667452
667452
671202
671202
671202
675078
675078
675078
660778
657338
657500
657500
657500
654560
655054
653959
651089
643620
640560
640560
640560
640392
640392
637152
637152
638464
638464
639913
639652
639652
639652
640747
640747
640691
651548
651548
651548
649964
649964
658634
658472
658472
658733
657914
658154
658154
658154
658154
663950
667700
654740
654740
658412
661352
661880
662810
666686
666630
666630
666630
665594
665594
659962
659962
659962
656290
656290
647620
639988
639316
639988
636548
636788
629720
626780
626780
626780
626252
626252
626252
639041
639860
639860
639860
650900
650900
663860
667100
656060
656060
656060
656900
651104
651104
651104
651104
651104
651104
651104
651104
650068
647620
647620
653940
653940
661236
661236
659066
659066
655626
655626
655626
658866
650126
648470
639846
639846
646326
649386
655018
654802
645478
645478
644950
644950
644950
645190
645190
632401
629341
634225
633295
633295
633295
633295
631695
631695
642615
642615
642615
642615
642615
642615
640215
629295
631245
632127
632127
636929
636929
640097
640097
640097
639881
634085
637325
637325
632441
632441
631649
638717
634349
634349
634610
632440
636316
636844
637060
637060
637270
640510
633442
634130
630890
636522
632646
632646
632646
634956
634956
631788
631100
630932
627764
627764
627092
635832
635832
630008
630008
630170
617087
609455
615279
615279
615279
615279
615279
609455
609455
613205
613205
613205
613205
603405
609725
611309
609709
611309
611048
613988
615108
615108
616824
619224
613400
614852
607556
607556
607556
613188
613188
607364
620447
620447
620447
613379
613640
600557
606237
606237
619320
619320
619320
619320
619320
628644
629574
628899
626319
626157
627469
627469
627469
627469
624599
626769
626769
620973
620133
620133
625929
625929
626769
630645
630645
630645
630906
637974
632342
630890
633950
633950
637382
637121
611480
624269
638569
638731
638675
636959
619634
620670
620670
621345
621084
621084
621084
620292
620292
620292
625094
614174
614849
614849
614849
617429
617429
617429
614189
615029
611589
611589
618069
612389
612389
612389
605093
607403
614872
611200
617520
608850
595767
621408
621408
621408
621408
622444
625684
625684
625684
625684
626996
627668
627668
629117
629957
629957
629957
629269
627669
627669
628344
617304
617304
617304
622936
623624
623624
623624
629080
629080
623624
616328
616328
617780
611984
608744
608744
608744
610056
610056
613116
614716
614716
614716
614716
614028
615456
615456
615456
641097
641097
641097
641097
640061
640061
641661
641661
639491
639491
639491
642551
653591
653591
649919
649919
636836
629936
629936
629144
611819
616621
618337
618505
644146
644146
644146
636677
636149
636149
627525
627525
635157
635157
635157
635157
635157
639033
639033
630409
631084
630412
630412
630580
629650
629650
629650
629650
642439
642383
642383
644831
640619
640619
639737
639737
639737
638807
638807
642247
641986
641056
641056
643926
640254
640254
642702
641390
630533
623855
630533
617450
617450
622252
620940
620940
620940
619356
619356
626652
632284
632284
630832
639502
639502
642934
646102
646264
646003
653791
653530
653530
647050
652682
652682
652682
659750
651126
653076
655026
655026
658086
658086
658086
658326
658326
655086
657256
657256
659656
659656
661372
652748
650168
650168
650168
648218
640749
640749
635293
638533
635473
635473
635473
635473
635473
632233
629173
629389
629149
620525
624917
624917
624917
621857
621857
614069
614069
606773
605678
605678
612708
612708
616458
617553
616104
616104
629064
621408
620568
620568
623808
623808
623808
624069
624069
624069
623229
623229
623229
626469
626469
629529
629529
630201
638871
638871
644503
640753
627964
627964
632356
628480
626080
626080
622648
621048
619599
619599
619599
619437
612957
607325
607325
607325
600029
600029
600029
597629
590561
588845
585095
585095
585095
585095
585095
584879
584879
582569
576937
572053
572053
572053
571213
570685
570685
570685
570685
570685
567745
566029
562861
562861
562861
550072
550072
541448
541448
554237
554237
556187
559355
561071
561071
561071
561071
560909
560381
552912
552912
552672
552672
552672
552672
552672
551072
540032
534400
534400
534400
534400
534400
532948
532948
532948
529708
525832
525832
522392
521720
515400
515400
514088
510648
507778
507778
503902
503902
496834
496834
471193
471025
469309
465433
464939
464009
449709
448260
444828
444828
444153
444153
436521
435833
435833
435833
435671
435410
432170
430220
423900
398259
398259
395199
395199
395199
392259
392259
392259
386627
380995
380995
380995
380995
380995
380995
380995
380995
367912
367912
367912
365512
365512
364060
356764
356764
355945
355270
346600
345480
344805
341055
341055
341055
341055
337995
325035
299394
299394
297678
297417
297417
284457
284457
279001
279001
278329
278329
278329
278329
267409
266569
265894
265654
265654
252865
252703
246879
246879
245295
239615
236555
236555
232805
228003
225555
223839
223839
215169
212859
211547
211337
211337
211337
209387
209126
209126
209126
208886
205718
204406
195666
194978
186308
181506
168423
161355
158775
158775
158775
158775
158775
158775
149451
143131
143131
143131
141819
136187
135151
135151
131711
131711
130111
126943
126943
126943
124773
122603
121508
118268
115820
114784
111544
111544
108484
108484
108316
105256
102016
97624
96196
96196
93136
87504
87504
82702
82702
82702
82702
77900
72268
64480
64480
60604
47815
47815
44575
37897
37897
37897
37681
37681
37681
37681
37681
33289
33289
33289
33289
26259
26259
26259
20463
19623
19623
17907
17907
5118
5118
1950
1950
1950
0
