6.125
33.042
59.958
67.563
93.063
123.396
96.479
90.354
117.271
123.396
115.792
88.875
58.542
33.042
58.542
88.875
115.792
123.396
124.896
136.396
143.59
194.257
167.34
140.424
110.09
103.965
78.465
70.861
97.778
128.111
135.715
161.215
188.132
194.257
201.861
280.028
458.09
468.007
521.007
527.465
551.354
524.438
494.104
486.5
461
487.917
513.417
521.021
551.354
524.438
518.313
545.229
551.354
521.021
495.521
487.917
461
487.917
518.25
543.75
551.354
574.688
634.846
635.205
650.013
625.167
597.167
573.628
566.609
590.147
618.147
625.167
650.013
644.359
619.513
591.513
567.974
560.955
536.109
559.647
583.686
592.096
647.378
653.34
689.75
854.115
864.731
1133.962
1147.872
1089.881
1093.881
1152.214
1207.714
1224.798
1259.464
1264.339
1265.304
1307.375
1310.667
1315.567
1350.678
1364.278
1329.167
1315.567
1225.117
1185.85
1184.95
1264.339
1270.5
1309.767
1310.667
1345.778
1350.678
1364.278
1325.011
1234.561
1233.661
1198.55
1193.65
1264.339
1361.25
1362.214
1404.286
1418.857
1329.167
1364.278
1309.833
1305.283
1301.55
1285.606
1253.25
1201.45
1111
1143.356
1108.244
1160.044
1159.144
1175.089
1179.639
1166.039
1126.772
1181.217
1184.95
1264.339
1361.25
1362.214
1404.286
1315.567
1350.678
1364.278
1273.828
1272.928
1233.661
1220.061
1215.161
1264.339
1265.304
1307.375
1404.286
1409.536
1424.107
1461.726
1548.321
1534.41
1265.179
1198.81
1211.726
1364.278
1377.111
1519.561
1561.961
1609.872
1596.272
1591.372
1590.472
1551.206
1516.094
1425.644
1430.544
1452.078
1447.178
1425.644
1341.135
1361.323
1346.375
1297.813
1293.547
1263.214
1212.172
1208.672
1212.938
1243.271
1246.771
1297.813
1346.375
1361.323
1356.729
1425.644
1447.178
1452.078
1466.411
1467.861
1499.417
1505.5
1500.6
1479.067
1483.967
1505.5
1415.05
1396.383
1396.072
1482.042
1482.375
1496.125
1593.036
1613.036
1589.964
1584.714
1570.964
1519.631
1367.006
1321.577
1335.327
1380.756
1533.381
1584.714
1588.732
1441.712
1427.801
1518.785
1546.785
1697.032
1710.942
1691.857
1735.286
1780.714
1782
1783.554
1790.071
1810.071
1792.988
1758.321
1754.321
1749.446
1691.113
1761.429
1766.679
1785.077
1713.071
1771.405
1806.071
1810.071
1731.622
1753.156
1788.267
1794.35
1836.75
1855.817
1859.639
1865.394
1877.45
1916.717
1887.156
1898.458
1965.958
1857.314
1920.005
1938.005
1958.652
1962.025
1997.789
2001.907
2005.789
2011.279
2113.574
2179.044
2183.368
2188.858
2314.549
2351.961
2383.074
2409.907
2415.093
2440.352
2522.343
2528.417
2568.88
2588.38
2485.482
2516.316
2532.763
2582.132
2592.868
2599.224
2606.241
2639.82
2646.175
2674.596
2681.544
2738.386
2749.702
2746.967
2790.542
2799.583
2823.733
2833.733
2893.317
2932.167
2934.225
2947.725
2950.538
2979.988
3066.938
3121.45
3145.6
3150.267
3186.683
3204.983
3211.033
3234.7
3085.429
3136.179
3177.679
3181.012
3196.393
3199.726
3223.726
3266.81
3269.476
3313.286
3224.352
3226.909
3239.182
3268.682
3281.409
3330.5
3365.818
3388.727
3396.114
3425.614
3426.227
3429.227
3445.182
3450.591
3478.883
3502.822
3503.034
3535.701
3544.792
3557.064
3560.246
3609.803
3470.551
3363.861
3366.25
3405.333
3408.083
3434.583
3439.625
3469.569
3354.347
3355.147
3369.787
3378.387
3251.276
3255.122
3262.077
3262.596
3319.359
3352.878
3358.186
3334.801
3332.596
3302.712
3293.513
3291.359
3272.692
3270.067
3238.657
3270.067
3272.221
3274.846
3293.513
3323.397
3332.596
3308.237
3285.583
3308.115
3311.625
3313.208
3316.529
3323.933
3324.471
3325.308
3263.938
3290.556
3232.619
3234.19
3229.94
3230.423
3238.101
3265.851
3269.756
3179.006
3210.385
3212.316
3244.96
3233.861
3230.75
3213.194
3212.594
3230.594
3195.069
3188.269
3185.228
3195.994
3216.261
3218.172
3248.839
3258.172
3268.939
3273.539
3272.814
3236.814
3226.336
3228.707
3240.03
3247.745
3260.653
3261.298
3262.718
3268.927
3289.508
3337.116
3262.414
3279.805
3281.867
3193.508
3199.604
3155.854
3170.197
3181.227
3183.576
3185.576
3238.273
3235.444
3209.035
3144.285
3125.013
3103.235
3097.402
3116.674
3181.424
3187.258
3209.035
3202.52
3173.833
3146.258
3144.561
3056.318
3053.005
3029.46
3010.126
3029.46
3053.005
3059.52
3061.217
3064.53
3060.044
3087.887
3114.652
3114.789
3096.162
3105.662
3108.407
3108.544
3108.941
3103.059
3114.4
3120.148
3138.69
3130.69
3148.862
3156.148
3135.338
3138.738
3142.138
3128.338
3129.945
3145.845
3195.531
3203.721
3130.188
3133.549
3131.986
3123.486
3061.14
3108.14
3186.842
3177.761
3083.167
3078.279
3083.167
3010.873
3023.415
3029.953
3035.081
3039.718
3038.282
3056.957
3076.88
3083.419
3082.906
3086.002
3083.199
3103.122
3127.173
3121.66
3118.857
3044.19
3042.754
3026.395
3003.062
2983.139
3036.73
3033.532
3036.335
3060.609
3062.045
3085.378
3027.669
3033.044
3048.994
3060.36
3147.86
3162.585
3167.106
3168.813
3184.713
3194.717
3221.717
3223.367
3169.948
3192.698
3236.173
3219.948
3220.827
3218.602
3219.132
3220.53
3242.598
3251.476
3258.061
3249.821
3235.798
3232.923
3225.459
3210.622
3207.552
3182.436
3177.436
3164.878
3162.07
3187.186
3202.023
3205.093
3134.994
3147.267
3152.153
3149.123
3131.464
3137.032
3138.994
3138.688
3139.991
3144.627
3149.263
3143.991
3145.235
3142.169
3136.169
3138.087
3136.62
3071.909
3090.057
3113.741
3104.696
3084.252
3092.385
3093.941
3092.424
3075.157
3069.843
3068.598
3050.45
3039.665
2990.476
3008.23
3018.781
3023.98
3025.464
3026.681
3073.132
3071.255
3039.87
3038.272
3025.054
3035.554
3021.728
3019.851
3019.547
3028.395
3099.178
3096.801
3033.496
3013.714
3009.04
2988.46
2971.569
3036.359
3090.867
3112.383
3126.883
3131.769
3134.254
3200.436
3221.117
3221.424
3206.97
3152.97
3154.215
3140.081
3152.081
3153.598
3139.176
3129.072
3125.461
3114.728
3122.817
3135.183
3138.361
3139.635
3132.457
3130.383
3136.383
3139.317
3150.102
3157.902
3156.652
3149.707
3156.885
3132.657
3112.552
3110.524
3117.702
3128.902
3130.535
3126.517
3142.487
3131.287
3209.065
3208.765
3232.765
3238.431
3221.165
3210.646
3206.176
3209.354
3206.665
3169.038
3169.342
3175.995
3168.973
3161.342
3175.212
3168.995
3170.217
3171.739
3181.942
3188.174
3185.587
3180.913
3160.333
3140.551
3126.681
3109.79
3046.486
3044.109
3042.891
3056.761
3057.978
3077.761
3074.234
3094.376
3098.95
3101.277
3117.809
3079.104
3017.765
3019.112
3019.469
3019.827
3091.255
3091.531
3056.041
3069.061
3054.197
3052.769
3063.789
3091.478
3091.202
3120.667
3113.197
3137.517
3167.636
3168.476
3172.558
3172.114
3171.216
3159.26
3162.077
3140.327
3163.041
3155.878
3159.568
3149.282
3142.119
3138.429
3132.578
3131.408
3124.816
3089.327
3095.918
3090.714
3089.544
3088.197
3082.483
3089.34
3083.83
3068.966
3055.721
3053.68
3060.844
3061.741
3059.277
3034.957
3070.447
3060.59
3066.968
3078.325
3077.182
3061.325
3042.005
2982.577
2969.556
2967.325
3024.665
3005.707
3010.186
3012.464
3028.651
3041.943
3060.901
3057.862
3077.182
3078.325
3055.611
3053.706
3042.685
3060.471
3055.59
3056.983
3037.84
3046.146
3058.849
2999.42
2991.951
2972.808
2984.828
3014.947
3020.335
3038.121
3033.957
3044.243
3014.124
3001.145
3013.847
2958.847
2946.827
2943.136
2941.707
2950.014
2963.259
2981.83
2946.34
2946.435
2910.946
2875.456
2878.374
2868.714
2850.143
2849.303
2862.228
2863.621
2863.978
2869.488
2868.648
2850.862
2845.352
2837.923
2830.495
2829.347
2817.99
2827.847
2831.163
2795.673
2781.007
2777.078
2764.099
2720.491
2764.099
2777.078
2791.745
2739.76
2749.227
2738.097
2739.497
2733.037
2721.907
2712.2
2707.417
2706.052
2689.718
2674.178
2673.058
2671.938
2653.738
2634.805
2576.565
2572.265
2556.725
2543.965
2541.778
2554.538
2572.738
2574.925
2579.225
2580.345
2595.885
2602.083
2620.645
2622.789
2626.789
2625.926
2579.296
2580.143
2581.489
2588.239
2567.47
2566.123
2545.157
2555.542
2548.552
2546.722
2514.01
2542.319
2543.181
2549.309
2549.044
2542.162
2513.224
2512.1
2508.1
2520.304
2527.186
2528.879
2540.366
2542.699
2549.033
2534.941
2536.065
2533.477
2529.261
2516.752
2514.384
2503.796
2482.619
2495.129
2497.717
2518.894
2523.109
2533.698
2536.065
2528.889
2540.438
2522.399
2534.32
2556.144
2543.634
2522.458
2495.855
2493.521
2489.747
2495.041
2505.629
2499.296
2544.182
2542.782
2541.657
2544.072
2537.612
2536.465
2590.365
2595.965
2608.685
2605.068
2608.318
2605.678
2580.478
2570.398
2552.303
2552.023
2545.003
2549.787
2544.687
2546.687
2476.687
2469.967
2466.35
2469.967
2428.124
2448.737
2430.532
2418.263
2408.582
2406.438
2402.222
2384.379
2383.281
2368.046
2425.144
2443.706
2461.549
2463.693
2467.908
2469.007
2484.242
2496.752
2486.163
2429.065
2396.353
2394.98
2397.348
2394.642
2458.485
2452.152
2440.665
2444.44
2439.636
2435.861
2435.77
2430.279
2417.77
2403.678
2402.158
2400.717
2388.247
2386.953
2369.109
2355.018
2353.894
2335.502
2333.129
2327.835
2334.972
2330.757
2301.819
2284.73
2283.289
2281.328
2281.064
2323.068
2312.268
2295.935
2341.291
2331.386
2354.1
2351.182
2334.515
2334.158
2312.408
2313.551
2320.143
2342.393
2341.495
2270.066
2272.76
2316.367
2318.599
2313.395
2313.838
2335.588
2323.18
2358.67
2361.391
2364.112
2369.5
2371.964
2344.276
2343.133
2324.561
2308.704
2249.276
2229.956
2216.935
2214.704
2210.316
2213.235
2191.51
2183.174
2190.174
2192.951
2200.576
2220.118
2219.701
2220.066
2189.319
2195.83
2193.309
2184.83
2184.927
2186.302
2187.219
2171.031
2167.646
2106.979
2129.182
2127.807
2195.641
2202.641
2202.738
2233.484
2233.031
2230.156
2225.965
2224.167
2227.552
2217.691
2231.212
2231.115
2242.708
2261.557
2251.495
2244.495
2240.245
2195.729
2173.17
2176.007
2195.965
2257.922
2259.411
2242.879
2271.746
2274.278
2273.059
2286.633
2260.255
2184.168
2184.462
2190.005
2183.212
2196.016
2189.364
2216.755
2223.777
2212.038
2210.554
2213.554
2227.663
2212.456
2199.367
2210.1
2223.119
2225.802
2232.746
2310.524
2328.672
2335.617
2374.261
2384.78
2393.672
2396.356
2409.444
2414.759
2428.833
2389.801
2379.301
2366.496
2357.649
2364.67
2363.149
2351.409
2337.879
2384.33
2370.46
2356.929
2324.846
2345.237
2345.618
2339.748
2334.009
2334.303
2328.433
2327.21
2322.862
2296.957
2295.71
2271.514
2334.819
2333.335
2336.234
2346.524
2346.625
2349.255
2355.125
2356.723
2369.527
2369.821
2399.315
2410.764
2415.199
2415.098
2407.141
2405.707
2334.924
2355.504
2375.286
2426.826
2428.343
2431.52
2429.602
2419.172
2422.239
2438.424
2429.38
2399.23
2399.126
2394.848
2388.626
2392.904
2399.126
2429.276
2429.38
2429.68
2429.783
2435.783
2437.506
2451.337
2467.307
2466.063
2468.285
2470.007
2472.081
2473.804
2496.112
2498.489
2518.272
2522.645
2529.438
2525.004
2512.199
2482.705
2482.411
2470.962
2469.364
2470.962
2500.457
2500.75
2512.199
2525.004
2529.438
2542.656
2613.438
2615.315
2625.866
2632.518
2630.141
2629.761
2655.667
2691.935
2710.88
2703.25
2701.728
2699.351
2745.803
2726.857
2719.226
2721.851
2684.082
2689.507
2688.018
2669.475
2675.986
2653.31
2650.741
2646.167
2632.592
2629.784
2606.805
2595.316
2580.025
2575.929
2562.397
2516.934
2562.397
2566.493
2580.025
2595.316
2596.252
2584.411
2596.943
2601.039
2604.496
2617.739
2611.64
2610.076
2573.076
2576.534
2573.697
2581.441
2573.697
2573.984
2584.055
2584.438
2577.566
2566.36
2562.02
2549.488
2520.621
2519.057
2518.77
2520.333
2549.2
2560.406
2560.693
2573.225
2577.566
2589.406
2597.151
2589.363
2589.661
2647.002
2653.651
2677.332
2670.683
2670.395
2666.115
2678.405
2734.55
2753.717
2721.838
2731.498
2726.617
2738.352
2741.073
2741.517
2741.793
2742.16
2747.67
2746.617
2762.157
2784.417
2793.883
2765.008
2757.728
2758.008
2739.248
2735.248
2728.788
2725.928
2726.808
2780.708
2777.092
2778.457
2792.907
2789.657
2786.407
2786.687
2785.287
2795.367
2777.167
2750.032
2739.498
2739.228
2727.448
2723.368
2721.898
2722.168
2733.948
2735.418
2739.498
2766.633
2777.167
2775.847
2775.023
2779.807
2803.64
2802.76
2805.62
2812.08
2812.36
2754.12
2756.5
2751.1
2779.975
2784.758
2784.665
2781.998
2809.133
2805.283
2804.403
2804.053
2807.303
2804.443
2794.363
2787.643
2791.493
2821.01
2819.01
2831.458
2830.093
2836.213
2823.547
2817.297
2805.517
2819.967
2792.832
2791.362
2779.582
2775.502
2775.232
2764.698
2764.968
2775.502
2779.582
2781.052
2792.832
2819.967
2847.102
2777.102
2754.842
2751.982
2748.365
2721.23
2730.617
2723.897
2793.897
2797.513
2804.233
2806.42
2812.153
2816.937
2817.817
2804.837
2806.387
2806.667
2813.387
2867.287
2867.193
2838.318
2817.003
2804.023
2801.608
2802.728
2846.947
2811.457
2834.172
2836.641
2866.105
2865.207
2837.519
2826.77
2873.391
2871.859
2871.578
2867.328
2854.661
2835.12
2823.526
2828.839
2810.682
2835.509
2832.731
2842.842
2840.064
2840.922
2789.801
2787.107
2789.828
2797.298
2815.083
2813.321
2810.505
2810.138
2797.73
2800.451
2803.267
2813.553
2811.971
2824.991
2833.612
2815.517
2836.832
2831.232
2825.112
2829.192
2828.912
2831.292
2833.158
2843.238
2847.538
2855.678
2890.458
2862.092
2880.484
2878.654
2889.565
2958.193
2916.296
2918.257
2922.472
2922.815
2951.124
2963.046
3015.889
3022.222
3043.6
3045.119
3027.651
3045.856
3068.772
3067.112
3077.814
3086.917
3093.128
3095.878
3100.478
3091.375
3101.503
3098.474
3094.699
3106.186
3140.284
3158.025
3139.462
3144.953
3142.585
3160.977
3149.703
3147.088
3129.245
3076.402
3073.24
3131.132
3129.794
3136.676
3149.147
3152.333
3154.327
3130.096
3127.532
3182.268
3203.165
3198.165
3200.969
3202.027
3203.34
3180.423
3174.212
3171.462
3177.923
3189.615
3194.327
3215.293
3214.024
3208.947
3215.947
3227.639
3228.742
3219.454
3233.274
3233.184
3215.146
3209.136
3207.646
3195.676
3193.388
3198.099
3185.83
3164.864
3123.772
3102.369
3087.426
3082.234
3030.407
3030.147
3080.281
3079.928
3079.502
3094.737
3095.163
3116.987
3126.268
3131.562
3131.915
3132.18
3185.023
3184.758
3197.229
3198.092
3176.268
3164.064
3172.979
3170.606
3173.312
3168.018
3155.814
3168.018
3174.351
3171.165
3170.891
3192.714
3163.776
3164.583
3111.74
3110.877
3119.792
3119.449
3077.665
3072.473
3069.348
3058.021
3053.421
3042.155
3039.833
3034.929
3028.718
3022.708
3020.606
3087.913
3084.788
3075.686
3077.346
3098.313
3109.37
3107.048
3128.452
3129.298
3131.221
3158.986
3158.567
3221.183
3219.692
3213.808
3214.599
3200.705
3224.936
3238.83
3249.888
3237.657
3233.955
3220.135
3179.043
3192.864
3205.095
3246.186
3247.288
3258.981
3262.683
3246.978
3258.67
3261.795
3260.482
3262.405
3249.925
3253.793
3236.101
3235.832
3236.091
3236.467
3230.571
3164.533
3221.521
3219.232
3246.997
3248.099
3249.76
3301.587
3305.721
3270.59
3280.527
3286.3
3297.414
3297.502
3303.596
3272.118
3280.697
3280.432
3269.379
3269.124
3266.608
3241.009
3240.755
3240.491
3237.887
3225.849
3203.365
3152.516
3145.61
3090.667
3090.579
3077.019
3074.321
3075.708
3081.802
3073.76
3059.753
3047.574
3043.651
3034.548
3017.048
3011.038
3009.548
3000.215
2999.369
3005.337
2998.199
2988.317
2931.219
2930.876
2928.17
2909.608
2908.745
2890.353
2826.51
2817.92
2796.605
2793.745
2783.665
2782.195
2775.735
2782.195
2783.665
2785.474
2741.867
2714.179
2713.821
2691.107
2689.937
2683.08
2679.389
2607.961
2614.818
2686.247
2685.971
2689.662
2678.304
2655.59
2651.202
2631.883
2626.679
2614.27
2584.806
2518.357
2516.316
2501.571
2495.721
2473.471
2518.002
2505.335
2527.239
2507.989
2501.117
2470.399
2477.271
2483.782
2491.527
2493.468
2424.191
2421.149
2456.645
2456.745
2451.656
2427.975
2417.904
2417.521
2400.989
2343.649
2343.362
2342.899
2337.154
2342.899
2359.431
2369.502
2393.183
2450.523
2450.986
2451.369
2451.656
2444.784
2421.103
2418.266
2404.734
2402.897
2392.826
2385.082
2383.518
2428.312
2435.333
2436.931
2435.714
2425.163
2349.076
2323.17
2318.986
2316.609
2311.409
2304.105
2303.714
2297.062
2295.078
2287.165
2280.143
2286.795
2293.817
2301.73
2303.714
2293.511
2283.627
2272.178
2266.091
2259.069
2299.167
2297.139
2283.006
2281.283
2278.639
2272.269
2251.424
2254.03
2275.348
2281.864
2296.318
2298.392
2300.153
2348.716
2351.42
2349.347
2341.074
2333.733
2326.778
2314.131
2297.71
2304.665
2312.006
2320.278
2322.352
2314.375
2313.072
2306.117
2286.311
2282.617
2274.981
2267.64
2318.667
2303.876
2311.388
2313.097
2312.14
2287.355
2284.541
2277.424
2265.176
2251.479
2251.37
2270.599
2269.234
2267.179
2262.06
2197.893
2203.012
2237.387
2239.442
2251.982
2253.347
2317.514
2317.625
2331.649
2338.935
2330.268
2328.095
2320.81
2313.119
2315.292
2322.577
2331.244
2338.935
2335.649
2307.276
2256.401
2254.556
2240.079
2217.54
2263.748
2198.016
2223.175
2195.919
2249.338
2251.275
2259.35
2274.55
2284.805
2311.396
2340.461
2307.276
2223.942
2210.692
2208.312
2197.486
2114.153
2150.205
2140.445
2182.59
2155.59
2153.883
2139.158
2189.372
2188.316
2182.034
2174.188
2164.855
2162.515
2154.233
2163.566
2165.906
2173.752
2182.034
2180.979
2143.959
2129.216
2183.314
2174.814
2145.524
2187.079
2148.059
2128.635
2111.446
2106.243
2048.493
2053.696
2111.446
2128.635
2148.059
2138.221
2136.376
2128.106
2119.376
2109.538
2107.072
2109.538
2119.376
2127.646
2136.376
2178.831
2138.727
2150.148
2123.348
2117.205
2105.576
2102.91
2099.51
2085.11
2043.86
1994.174
2008.574
2014.717
2017.383
2020.783
2070.469
2097.269
2138.519
2150.148
2143.314
2147.4
2170.733
2191.267
2221.717
2226.36
2260.407
2267.95
2277.179
2266.779
2257.55
2254.943
2246.2
2245.814
2245.3
2168.3
2160.586
2147.062
2115.262
2114.876
2092.676
2092.055
2055.525
2068.674
2143.535
2144.035
2144.639
2175.556
2183.056
2183.431
2153.146
2148.632
2128.669
2038.225
2034.391
2036.433
2033.655
2050.544
2067.833
1977.389
1960.1
2009.102
1991.731
2047.37
2010.745
2072.206
2062.112
2127.212
2142.508
2216.227
2216.388
2273.917
2254.089
2247.152
2240.917
2229.33
2108.641
2114.876
2126.463
2172.247
2169.369
2162.203
2186.977
2168.816
2148.506
2055.575
2045.023
2044.862
2042.885
1999.437
1992.799
1983.144
1936.359
1936.198
1936.359
1946.014
1992.799
1999.437
1906.506
1897.195
1896.575
1896.109
1869.316
1830.937
1814.615
1878.646
1879.289
1896.193
1869.187
1878.497
1878.963
1971.894
1998.687
1999.437
1925.756
1921.986
1917.227
1906.451
1890.129
1887.457
1876.905
1852.124
1855.894
1858.566
1883.348
1894.124
1967.805
1984.126
1988.885
1999.437
1977.506
1952.724
1946.086
1872.405
1879.043
1900.974
1974.655
1999.437
1988.299
1984.195
1972.092
1950.629
1947.652
1927.451
1939.555
1943.658
1954.796
1974.997
1977.974
1999.437
1961.842
1920.75
1893.098
1871.384
1905.633
1826.494
1823.623
1811.66
1846.722
1887.102
1889.972
1934.108
1946.071
1972.818
1994.533
2070.845
2089.655
2096.53
2100.435
2107.72
2127.006
2131.768
2169.83
2169.664
2110.08
2169.664
2169.83
2120.565
2113.867
2101.423
2108.12
2044.83
2169.83
2118.268
2114.935
2110.685
2124.451
2105.784
2097.821
2142.429
2126.776
2146.16
2161.814
2135.219
2199.627
2203.083
2237.824
2242.231
2250.194
2240.194
2222.664
2181.441
2081.627
2080.96
2080.46
2051.682
2129.756
2147.962
2097.185
2138.407
2238.222
2239.028
2239.694
2240.194
2250.194
2223.577
2223.404
2200.352
2195.944
2188.537
2252.455
2252.635
2260.327
2264.904
2288.843
2316.484
2336.74
2341.817
2362.587
2365.413
2377.837
2391.913
2393.497
2398.997
2401.824
2409.561
2411.724
2415.571
2416.109
2416.801
2413.974
2401.551
2404.378
2416.801
2389.16
2364.699
2357.295
2275.112
2302.753
2310.157
2334.619
2416.801
2404.378
2401.551
2413.974
2416.801
2352.635
2352.455
2352.635
2327.29
2326.485
2325.985
2297.207
2296.54
2255.318
2245.318
2227.787
2209.817
2313.471
2314.308
2314.827
2257.87
2267.87
2285.401
2286.068
2327.29
2248.151
2204.015
2192.052
2151.673
2051.858
2048.988
2104.41
2068
2026.469
2038.432
2117.571
2140.09
2142.96
2162.676
2201.613
2244.173
2241.548
2230.012
2241.548
2244.173
2266.887
2309.446
2357.902
2388.871
2395.807
2446.698
2481.808
2517.808
2531.147
2510.4
2507.95
2487.683
2507.95
2510.4
2531.147
2520.381
2517.931
2506.731
2500.703
2384.036
2380.994
2373.828
2358.05
2357.325
2358.05
2361.092
2368.258
2384.036
2393.369
2421.196
2421.761
2424.546
2404.03
2397.82
2374.637
2305.71
2290.441
2281.731
2281.296
2256.231
2220.328
2293.739
2203.906
2203.181
2203.906
2212.906
2250.006
2250.606
2251.056
2340.889
2366.789
2382.567
2365.767
2358.6
2300.633
2252.508
2221.242
2217.275
2279.698
2276.48
2308.825
2312.928
2362.713
2341.922
2355.489
2362.656
2365.767
2382.567
2407.195
2407.034
2365.943
2333.299
2312.333
2219.402
2216.73
2143.049
2131.911
2094.316
2114.339
2154.061
2225.286
2245.553
2256.319
2214.073
2249.242
2251.742
2268.731
2269.167
2271.538
2242.951
2261.357
2267.732
2183.513
2175.076
2160.284
2159.604
2135.323
2134.76
2134.339
2099.557
2183.776
2198.568
2233.349
2241.786
2242.349
2243.029
2243.451
2199.013
2205.528
2224.861
2228.52
2244.884
2248.884
2281.611
2262.338
2156.278
2186.422
2084.672
2108.153
2073.315
2129.086
2079.892
2144.675
2166.606
2207.698
2244.94
2286.775
2332
2361.806
2368.296
2381.204
2428.812
2411.823
2405.242
2386.242
2383.871
2340.105
2339.669
2340.105
2383.871
2386.242
2403.231
2409.812
2428.812
2428.661
2419.629
2413.419
2448.642
2457.975
2458.131
2464.547
2509.772
2502.972
2485.417
2465.783
2465.333
2420.108
2417.658
2437.292
2437.742
2444.542
2446.992
2464.547
2509.772
2507.572
2476.017
2426.822
2408.272
2439.828
2442.028
2460.578
2509.772
2470.05
2446.094
2441.328
2432.528
2488.247
2482.644
2559.774
2615.108
2624.886
2630.182
2660.429
2672.392
2678.41
2705.028
2749.164
2689.042
2681.756
2662.946
2614.491
2593.455
2590.83
2590.348
2590.83
2639.286
2658.095
2665.381
2668.006
2689.042
2685.137
2666.327
2628.265
2620.979
2614.104
2609.342
2590.057
2597.342
2616.628
2621.39
2640.199
2647.074
2650.979
2689.042
2679.042
2562.756
2562.131
2653.827
2603.577
2603.077
2595.522
2573.707
2570.985
2551.478
2570.985
2621.235
2643.049
2645.772
2653.327
2653.827
2653.327
2645.772
2626.265
2623.543
2601.728
2551.478
2533.948
2492.725
2482.725
2382.91
2382.244
2381.438
2443.147
2442.628
2380.938
2390.938
2432.16
2432.827
2433.327
2434.133
2451.664
2460.354
2457.729
2435.5
2413.786
2436.015
2354.549
2375.514
2412.264
2413.782
2429.966
2433.736
2438.333
2466.494
2432.403
2472.125
2480.625
2476.225
2469.058
2447.792
2443.767
2425.767
2389.767
2394.167
2415.433
2422.6
2440.6
2444.625
2480.625
2477.514
2473.547
2415.581
2384.314
2370.747
2322.622
2305.822
2377.92
2410.563
2427.218
2429.632
2418.494
2415.822
2374.73
2353.764
2316.17
2365.08
2268.83
2273.722
2296.241
2331.302
2375.438
2366.914
2378.449
2474.699
2477.467
2516.405
2513.321
2492.399
2488.149
2567.302
2555.34
2532.287
2544.25
2567.302
2479.863
2482.946
2503.869
2516.405
2391.405
2363.655
2321.095
2281.345
2232.89
2194.318
2171.604
2164.42
2154.777
2038.491
2037.714
1985.006
1984.524
1983.881
1957.543
2017.442
2079.207
2138.24
2108.183
2132.644
2148.035
2282.651
2205.559
2326.151
2285.634
2324.205
2263.25
2281.871
2301.06
2333.704
2311.525
2335.481
2425.314
2440.958
2436.558
2415.292
2408.125
2372.125
2354.125
2350.1
2354.5
2375.767
2379.792
2397.792
2404.958
2440.958
2405.433
2396.933
2348.808
2309.086
2304.642
2288.997
2285.353
2283.886
2256.664
2260.308
2300.031
2301.497
2317.142
2325.642
2330.086
2281.266
2315.645
2362.218
2306.121
2293.212
2353.875
2349.85
2409.04
2388.73
2380.483
2384.647
2404.957
2418.756
2359.242
2367.214
2425.181
2440.958
2420.692
2409.925
2370.203
2333.861
2331.278
2299.722
2228.497
2138.664
2138.602
2169.14
2204.309
2206.809
2226.422
2236.841
2251.159
2288.398
2317.982
2337.919
2339.669
2346.388
2370.669
2374.086
2465.086
2493.523
2486.805
2469.93
2466.156
2432.406
2412.469
2408.344
2379.906
2355.625
2264.625
2235.042
2228.323
2224.906
2223.156
2203.219
2294.219
2318.5
2346.938
2376.521
2383.24
2403.177
2404.927
2408.344
2436.617
2438.914
2449.008
2442.721
2396.602
2359.362
2316.964
2297.089
2284.583
2253.247
2211.689
2250.713
2264.511
2315.402
2277.944
2323.169
2359.169
2365.875
2402.46
2507.492
2528.008
2489.567
2474.427
2448.083
2413.704
2409.403
2407.984
2404.457
2436.481
2427.981
2455.203
2490.728
2492.194
2450.242
2453.769
2500.341
2504.642
2512.868
2528.008
2521.073
2427.137
2402.073
2381.492
2350.954
2321.599
2319.793
2316.266
2336.847
2430.782
2432.589
2439.524
2464.589
2493.944
2524.481
2528.008
2517.589
2515.218
2517.589
2528.008
2507.93
2488.317
2568.811
2589.558
2592.008
2612.275
2605.858
2605.703
2596.369
2551.144
2547.5
2517.167
2491.267
2484.1
2462.833
2365.767
2334.211
2332.344
2358.244
2360.111
2457.178
2460.822
2411.978
2418.914
2448.269
2468.849
2464.548
2458.339
2423.96
2406.54
2403.013
2465.558
2458.758
2463.203
2470.003
2488.003
2494.419
2511.975
2515.619
2551.144
2548.694
2537.928
2540.378
2551.144
2525.244
2428.178
2406.911
2375.356
2371.711
2369.844
2339.511
2412.77
2434.77
2436.701
2468.08
2417.367
2421.011
2518.078
2543.978
2551.144
2548.694
2537.928
2458.43
2468.849
2448.269
2354.333
2323.796
2298.731
2296.925
2289.989
2362.678
2332.344
2362.678
2383.944
2387.589
2404.505
2406.312
2413.247
2443.785
2391.698
2426.479
2428.612
2432.737
2434.529
2434.951
2469.021
2471.083
2406.384
2434.808
2443.475
2457.818
2510.515
2508.288
2498.5
2522.045
2539.798
2542.414
2544.535
2552.263
2554.263
2560.359
2562.096
2533.409
2516.545
2533.409
2562.096
2571.369
2600.056
2608.54
2640.836
2668.715
2670.836
2670.977
2682.068
2700.929
2703.278
2703.937
2802.604
2821.876
2825.535
2827.273
2892.023
2882.235
2817.485
2799.061
2796.712
2768.025
2820.456
2736.237
2698.997
2783.216
2817.286
2854.526
2921.299
2931.393
2871.25
2889.674
2892.023
2888.71
2860.023
2858.326
2851.811
2849.93
2829.992
2801.555
2777.273
2797.211
2825.648
2768.71
2792.255
2793.952
2797.265
2800.64
2806.963
2807.1
2825.407
2846.828
2855.24
2878.093
2929.24
2950.49
2967.721
2984.088
2986.627
3003.858
3013.049
3015.733
3041.365
3043.012
3065.865
3069.748
3070.145
3110.049
3112.211
3114.956
3072.493
3068.571
3061.071
3059.777
3028.431
2993.382
3080.778
3056.03
3041.808
2994.806
3002.306
3006.228
3007.522
3021.326
3024.542
3048.561
3079.907
3025.957
3003.757
3000.633
2994.49
2976.262
2974.662
2976.505
3038.015
3010.439
3013.753
3037.298
3064.874
3060.377
3062.025
3068.348
3096.191
3114.956
3125.957
3144.5
3148.443
3148.957
3159.414
3160.036
3161.293
3203.46
3209.288
3210.895
3223.886
3215.695
3213.088
3210.874
3184.074
3165.902
3104.852
3101.452
3103.667
3076.808
3080.113
3082.648
3100.315
3108.278
3134.333
3154.403
3160.375
3160.505
3171.81
3172.185
3189.852
3182.342
3187.23
3159.586
3161.322
3112.571
3105.237
3106.987
3116.372
3131.115
3158.808
3162.474
3178.064
3150.109
3172.455
3177.686
3182.844
3183.972
3182.222
3192.483
3201.098
3245.688
3248.028
3175.227
3159.667
3159.55
3156.575
3143.408
3125.442
3120.442
3133.608
3137.183
3137.683
3152.883
3157.883
3173.444
3191.41
3191.527
3194.502
3193.102
3169.435
3096.635
3073.885
3057.935
3130.831
3110.908
3108.105
3150.882
3175.156
3175.669
3192.028
3204.951
3232.643
3232.989
3260.682
3263.075
3259.979
3258.509
3267.842
3286.368
3294.983
3271.784
3294.983
3308.829
3246.525
3244.367
3210.448
3183.448
3167.548
3157.544
3127.752
3046.352
3009.456
3081.464
3070.45
3087.186
3097.771
3128.327
3156.019
3193.861
3199.019
3200.444
3210.448
3244.367
3260.317
3252.667
3244.358
3252.236
3261.114
3264.333
3290.327
3282.449
3278.486
3274.998
3257.47
3231.476
3225.037
3195.972
3255.454
3273.421
3280.021
3306.665
3336.456
3344.531
3282.876
3286.364
3290.327
3296.547
3299.913
3286.339
3273.169
3286.339
3299.913
3300.986
3312.075
3296.563
3229.629
3224.839
3250.214
3223.714
3216.465
3228.713
3158.078
3159.669
3161.809
3163.054
3168.369
3154.537
3115.893
3133.159
3153.381
3092.786
3087.243
3088.764
3088.471
3082.254
3102.645
3121.591
3119.714
3135.42
3147.518
3144.649
3145.543
3151.087
3155.272
3154.799
3166.897
3196.391
3186.507
3199.243
3186.507
3186.214
3192.431
3210.185
3219.033
3217.004
3236.672
3239.049
3223.216
3203.216
3202.824
3213.375
3213.766
3194.821
3199.255
3207.212
3211.56
3225.091
3230.634
3233.011
3246.837
3244.808
3255.308
3261.395
3259.71
3258.188
3249.341
3251.971
3249.987
3257.009
3250.922
3260.806
3267.828
3272.013
3260.274
3246.165
3248.339
3238.049
3236.614
3248.353
3247.397
3323.484
3310.748
3306.375
3288.621
3285.513
3268.621
3258.737
3261.636
3264.261
3278.13
3231.679
3230.245
3206.766
3206.332
3204.848
3220.471
3222.069
3201.489
3201.87
3206.054
3187.109
3171.402
3197.308
3192.634
3222.129
3184.324
3161.156
3144.264
3164.844
3152.746
3132.355
3134.986
3130.551
3134.899
3103.513
3093.31
3087.766
3086.81
3083.911
3066.158
3042.989
3017.083
3081.7
3087.367
3119.45
3120.428
3122.857
3072.723
3098.629
3121.797
3124.696
3134.899
3141.13
3165.326
3141.848
3140.601
3147.395
3148.879
3102.428
3078.726
3020.139
2999.56
2992.538
2979.321
2953.415
2951.73
2998.181
3024.087
3025.772
3032.793
3046.011
3104.598
3128.299
3081.881
3110.748
3094.216
3103.89
3135.291
3127.504
3127.404
3128.601
3059.324
3057.835
3056.899
3069.431
3080.92
3073.771
3083.757
3090.406
3103.938
3102.449
3105.385
3088.853
3094.47
3096.598
3061.101
3048.165
3053.91
3053.81
3052.59
3062.917
3058.576
3046.736
3042.888
3030.424
3032.956
3031.392
3076.855
3075.291
3062.355
3049.112
3062.355
3075.291
3012.753
3007.578
2994.642
3006.131
3006.594
3007.814
3002.388
3004.963
3006.452
3004.511
3016.745
3022.17
3014.383
3007.511
3004.979
2991.736
2979.271
2977.434
2969.966
2976.839
2990.082
2979.358
2986.826
2985.635
2998.099
2996.695
2999.227
3001.064
3009.578
3045.074
3022.399
3023.803
3012.598
2981.197
3050.473
3050.856
3017.375
3017.656
3002.604
2990.625
2985.313
2972.345
2982.123
3026.323
3039.259
3042.301
3071.168
3082.374
3087.8
3118.518
3104.986
3105.449
3099.491
3084.119
3089.332
3091.863
3097.949
3096.385
3096.285
3093.959
3039.613
3036.863
3000.634
2996.623
3009.915
3023.165
3015.54
3008.811
2990.655
2983.071
3009.321
2996.071
2997.493
2989.014
2987.842
2987.561
2981.05
2982.509
2986.759
2993.269
2991.811
2981.748
2962.026
2972.089
2973.547
2932.182
2931.815
2929.121
2942.366
2942.723
2961.187
2933.498
2928.294
2924.131
2926.362
2923.444
2924.592
2917.735
2915.27
2920.151
2939.471
2928.114
2908.794
2905.978
2922.645
2930.073
2941.43
2960.75
2889.321
2896.485
2874.444
2874.801
2894.121
2896.842
2896.398
2895.005
2920.719
2940.039
2937.998
2936.85
2936.01
2928.541
2927.041
2926.755
2923.837
2984.375
2980.184
2981.356
2981.648
2983.179
2924.338
2927.257
2928.097
2928.464
2935.934
2940.039
2940.406
2966.121
2951.454
2949.872
2943.628
2941.396
2937.315
2934.498
2924.838
2881.231
2878.415
2872.037
2886.704
2893.082
2895.313
2901.558
2904.374
2947.981
2957.641
2959.223
2952.366
2952.09
2951.682
2950.784
2937.764
2894.156
2874.837
2867.367
2864.898
2805.469
2807.939
2820.347
2849.811
2790.383
2849.811
2850.168
2831.026
2841.774
2816.06
2808.59
2801.733
2804.197
2799.316
2795.211
2767.522
2759.355
2729.236
2662.787
2638.468
2567.039
2554.06
2584.769
2584.866
2576.53
2581.009
2583.092
2584.286
2587.036
2595.373
2595.748
2598.227
2634.457
2606.191
2587.342
2574.375
2599.201
2600.576
2668.41
2646.207
2658.477
2701.466
2658.38
2664.339
2686.839
2691.318
2702.911
2711.248
2696.276
2702.786
2711.123
2703.54
2696.811
2700.977
2640.311
2642.109
2643.026
2650.651
2661.623
2650.03
2608.872
2630.913
2632.818
2637.699
2645.168
2578.719
2567.699
2558.121
2563.509
2562.668
2570.974
2561.07
2565.151
2567.383
2579.403
2580.903
2592.923
2565.235
2568.051
2568.949
2566.031
2584.806
2599.67
2603.752
2605.614
2604.471
2604.828
2579.114
2566.134
2556.855
2554.386
2545.107
2559.852
2565.689
2547.117
2548.617
2544.689
2515.224
2505.646
2504.218
2501.986
2474.298
2470.369
2468.138
2463.974
2453.226
2431.476
2420.456
2417.735
2428.755
2430.986
2433.707
2437.871
2459.621
2463.549
2474.298
2440.352
2437.937
2448.017
2447.582
2432.302
2424.456
2435.943
2441.943
2432.74
2411.843
2409.699
2407.085
2391.072
2362.763
2361.9
2356.9
2333.534
2342.737
2358.75
2363.75
2387.116
2389.26
2417.569
2418.431
2439.328
2441.943
2439.799
2427.074
2417.603
2421.819
2427.309
2430.113
2428.74
2497.368
2509.289
2510.809
2512.77
2525.24
2525.332
2520.038
2518.665
2518.93
2509.413
2486.047
2482.273
2498.286
2510.757
2499.482
2483.469
2471.982
2473.08
2474.521
2464.194
2450.028
2456.028
2426.196
2420.696
2418.407
2377.316
2379.239
2361.034
2360.944
2355.444
2358.194
2353.482
2381.247
2380.91
2398.949
2411.429
2421.814
2416.737
2414.173
2418.885
2412.673
2414.995
2416.308
2410.298
2406.452
2390.747
2369.978
2372.266
2373.926
2373.59
2371.263
2386.205
2376.872
2375.769
2365.641
2376.968
2325.141
2306.936
2305.446
2264.354
2252.662
2246.45
2223.534
2202.567
2197.663
2185.484
2118.176
2126.003
2121.869
2121.532
2131.66
2148.42
2138.035
2150.304
2140.971
2129.644
2134.721
2108.63
2117.655
2105.963
2111.04
2109.771
2107.117
2112.194
2093.989
2095.335
2106.393
2132.484
2124.788
2122.865
2120.942
2127.154
2102.923
2106.625
2110.494
2089.09
2101.571
2099.776
2098.694
2096.405
2114.611
2132.649
2137.248
2148.941
2154.825
2122.742
2118.607
2090.843
2096.728
2101.327
2089.058
2087.644
2059.263
2063.186
2060.622
2077.381
2085.077
2083.154
2111.535
2108.881
2107.569
2103.723
2099.877
2167.184
2178.242
2173.165
2172.819
2179.569
2173.559
2175.22
2157.821
2152.308
2158.192
2167.526
2156.199
2157.689
2178.458
2168.766
2158.381
2154.458
2160.67
2159.401
2176.16
2200.391
2198.901
2203.804
2204.881
2208.75
2208.49
2215.24
2152.625
2140.356
2130.228
2142.197
2142.287
2139.748
2145.248
2145.585
2162.984
2163.253
2178.196
2177.859
2159.654
2183.885
2195.854
2195.008
2196.354
2189.316
2201.495
2203.418
2209.428
2210.505
2210.415
2262.242
2257.643
2258.912
2272.918
2270.168
2288.207
2287.361
2288.63
2286.707
2219.399
2215.264
2222.96
2225.524
2227.319
2237.447
2240.101
2226.926
2230.701
2218.23
2217.127
2211.52
2206.716
2217.99
2222.99
2232.507
2226.379
2208.34
2229.237
2244.947
2239.347
2236.927
2255.127
2247.847
2262.297
2260.297
2289.813
2296.533
2296.173
2300.023
2312.472
2307.372
2295.212
2302.232
2294.912
2269.712
2257.932
2268.012
2249.917
2247.73
2260.71
2261.533
2247.083
2265.843
2258.823
2247.043
2257.843
2257.408
2252.625
2268.958
2283.332
2295.048
2328.415
2315.655
2333.855
2332.49
2333.61
2320.89
2322.715
2324.08
2352.19
2345.813
2326.493
2318.327
2331.571
2321.993
2319.272
2314.068
2297.401
2275.651
2273.42
2243.956
2243.058
2218.738
2219.636
2222.357
2224.588
2241.255
2246.459
2270.779
2254.238
2263.625
2284.94
2303.14
2285.71
2264.11
2262.383
2268.103
2267.668
2258.202
2253.902
2252.077
2280.952
2279.482
2277.067
2319.432
2334.177
2344.463
2349.344
2356.201
2371.065
2372.493
2370.065
2371.646
2373.039
2366.794
2361.406
2399.009
2387.415
2376.165
2384.502
2402.658
2406.043
2417.293
2428.887
2430.502
2443.168
2441.37
2456.342
2447.863
2453.835
2455.366
2450.384
2451.3
2453.201
2441.951
2429.747
2418.774
2422.941
2403.399
2367.17
2367.462
2354.795
2391.024
2356.267
2356.632
2356.913
2401.429
2403.944
2405.319
2428.033
2422.075
2397.248
2399.149
2398.785
2459.451
2458.257
2510.177
2503.667
2501.135
2494.624
2503.138
2497.521
2496.33
2487.816
2492.096
2498.181
2504.691
2487.316
2489.89
2527.127
2550.828
2537.002
2579.306
2563.12
2557.454
2555.426
2548.626
2527.781
2527.481
2525.848
2525.537
2523.904
2510.393
2496.561
2510.393
2512.026
2525.537
2532.715
2540.181
2551.885
2546.019
2541.574
2534.63
2534.733
2521.644
2443.867
2475.95
2486.683
2483.506
2490.683
2514.683
2493.646
2481.28
2493.646
2514.683
2525.417
2549.644
2530.278
2502.278
2526.506
2526.806
2540.317
2573.113
2565.935
2564.213
2575.917
2578.561
2577.094
2577.494
2577.106
2580.069
2612.152
2617.819
2601.763
2592.719
2579.941
2565.519
2566.985
2524.949
2527.819
2541.928
2527.819
2517.616
2593.703
2595.732
2601.058
2601.531
2588
2586.565
2583.94
2577.288
2597.288
2584.788
2604.788
2600.415
2603.002
2608.545
2615.197
2612.197
2618.991
2619.426
2618.208
2598.426
2598.861
2618.643
2587.257
2588.741
2602.509
2596.292
2595.397
2597.774
2584.556
2557.165
2546.614
2544.737
2537.433
2537.332
2530.31
2514.476
2500.368
2462.563
2460.534
2455.335
2442.118
2428.587
2424.402
2407.511
2394.775
2390.428
2378.978
2371.348
2362.649
2360.964
2337.795
2306.409
2304.888
2293.931
2274.263
2242.179
2235.947
2221.839
2201.447
2177.746
2176.149
2174.627
2166.996
2165.562
2154.112
2147.895
2118.4
2115.502
2099.879
2099.585
2036.281
2034.297
2015.351
2008.047
2003.862
1988.029
1976.29
1973.391
1967.848
1944.679
1943.723
1941.346
1909.96
1899.757
1923.826
1897.344
1923.826
1934.256
1957.939
1990.022
1995.689
1998.652
2001.081
2019.23
2020.207
2015.674
2001.843
1997.565
1996.048
1994.02
1982.82
1994.343
1986.366
1982.672
1958.127
1947.15
1945.559
1945.241
1983.362
1974.056
1959.328
1958.304
1947.017
1944.475
1936.661
1919.859
1857.184
1855.882
1853.068
1819.492
1794.707
1775.715
1772.39
1744.676
1727.963
1721.824
1714.312
1710.533
1729.525
1737.037
1743.176
1746.955
1750.281
1777.994
1794.707
1819.492
1801.422
1799.835
1797.51
1777.242
1775.94
1762.568
1757.89
1751.959
1744.448
1742.913
1761.871
1726.732
1713.482
1736.022
1771.161
1784.411
1785.982
1783.149
1781.577
1759.244
1733.53
1711.863
1711.435
1689.53
1724.904
1717.026
1699.498
1698.967
1676.772
1676.983
1665.194
1637.239
1620.598
1610.338
1608.588
1606.6
1603.216
1587.626
1577.365
1556.425
1553.329
1539.825
1511.87
1504.024
1414.28
1401.895
1395.357
1389.075
1365.485
1401.064
1400.537
1397.406
1396.945
1391.879
1386.511
1358.465
1354.956
1352.079
1337.868
1324.009
1329.377
1334.443
1337.952
1351.811
1379.857
1382.735
1396.945
1368.254
1388.117
1385.651
1416.197
1407.516
1403.813
1441.255
1441.121
1398.955
1397.637
1396.343
1353.88
1349.958
1346.743
1362.806
1355.078
1340.856
1345.518
1312.214
1357.331
1361.497
1387.018
1424.258
1438.924
1472.229
1475.646
1477.021
1484.99
1477.021
1457.229
1447.135
1444.438
1472.134
1452.056
1448.218
1436.895
1407.54
1406.895
1409.68
1429.758
1440.177
1451.5
1470.398
1474.237
1491.822
1524.075
1543.264
1575.908
1518.379
1425.448
1459.595
1433.929
1411.699
1409.074
1438.744
1441.466
1464.519
1487.037
1467.037
1462.148
1442.148
1476.212
1497.615
1518.385
1499.808
1463.397
1460.705
1479.282
1481.974
1518.385
1500.333
1495.205
1454.215
1479.717
1477.957
1473.583
1463.383
1415.717
1357.967
1353.137
1358.47
1342.463
1332.897
1375.527
1350.193
1280.633
1261.7
1289.729
1291.563
1325.59
1385.747
1390.302
1382.357
1401.13
1411.33
1480.89
1490.457
1509.39
1532.95
1558.283
1574.29
1518.385
1510.692
1483.051
1462.795
1496.41
1496.223
1491.463
1491.65
1499.65
1524.547
1529.307
1550.373
1579.12
1574.747
1572.987
1515.237
1467.57
1457.37
1498.538
1454.132
1448.576
1414.549
1375.104
1351.917
1375.104
1414.549
1406.049
1361.642
1357.087
1335.142
1329.587
1307.087
1299.066
1304.622
1312.642
1335.142
1379.549
1388.049
1409.993
1414.549
1411.486
1385.552
1360.219
1348.274
1343.316
1254.285
1227.785
1224.556
1220.753
1233.047
1238.221
1242.188
1245.558
1258.022
1298.804
1391.707
1419.359
1383.851
1369.808
1363.591
1311.779
1300.301
1269.054
1261.989
1270.909
1267.464
1273.681
1320.018
1355.525
1369.569
1381.047
1388.112
1419.359
1395.88
1371.685
1395.88
1419.359
1403.446
1399.098
1459.352
1458.534
1457.898
1448.754
1446.883
1508.972
1506.294
1461.214
1434.714
1479.794
1506.294
1502.183
1486.802
1470.087
1512.471
1483.179
1477.229
1508.35
1524.5
1528.817
1558.108
1564.058
1581.608
1545.675
1530.05
1594.474
1587.211
1669.315
1641.819
1637.26
1609.417
1601.574
1569.809
1538.828
1532.397
1520.397
1509.074
1446.382
1509.074
1540.838
1547.27
1578.25
1586.093
1598.093
1609.417
1581.005
1525.319
1521.201
1525.319
1581.005
1609.417
1576.681
1520.995
1553.73
1609.417
1576.681
1544.917
1607.608
1645.784
1701.471
1716.471
1764.51
1807.01
1861.127
1880.127
1888.245
1892.804
1911.186
1922.951
1941.951
1984.225
2013.873
2032.255
2056.196
2094.373
2129.02
2152.559
2189.172
2195.054
2197.475
2216.475
2270.593
2273.902
2280.333
2161.315
2169.259
2200.176
2200.954
2201.213
2204.338
2092.189
2092.899
2126.373
2139.268
2049.854
2053.154
2076.621
2080.496
2086.546
2221.296
2143.567
2157.218
2185.115
2229.782
2239.496
2263.496
2264.329
2293.282
2312.337
2321.917
2386.524
2294.682
2299.227
2332.333
2295.212
2288.712
2240.269
2225.587
2192.92
2180.92
2173.534
2220.29
2228.028
2243.409
2277.631
2211.223
2265.39
2313.833
2320.333
2332.333
2454.833
2467.561
2473.561
2527.727
2594.811
2603.03
2529.192
2533.54
2549.366
2551.859
2603.67
2608.92
2621.384
2642.486
2670.138
2670.746
2673.239
2609.072
2584.877
2659.341
2656.341
2788.705
2802.614
2813.485
2706.42
2733.957
2773.522
2787.109
2834.511
2849.772
2901.583
2874.522
2851.623
2851.42
2846.246
2966.53
2933.864
2966.53
2966.742
2972.152
2981.242
3009.534
3033.473
3054.989
3069.67
3088.38
2963.587
2925.253
2928.17
2883.764
2888.722
2842.733
2851.333
2859.333
2870.533
2850.373
2886.563
2890.563
2909.977
2932.237
2968.637
2958.112
2860.997
2895.738
2919.367
2860.104
2862.104
2873.64
2918.64
2938.687
2939.376
2953.411
2944.963
2948.411
2946.135
2948.066
2946.126
2953.54
2970.92
2948.54
2943.609
2984.701
2989.632
2992.851
2995.264
3004.575
3029.69
3022.655
3061.034
3083.034
3156.716
3181.629
3182.095
3212.147
3212.836
3210.164
3201.371
3201.974
3180.511
3184.615
3194.477
3162.753
3175.374
3184.684
3185.374
3084.611
3053.056
3034.506
3038.531
3024.964
3025.414
3060.939
2988.543
2989.108
3000.43
3010.849
3004.36
3006.86
3000.409
2981.409
2992.247
2918.531
2928.625
2911.234
2918.708
2904.042
2923.979
2931.948
2921.854
2928.573
2926.781
2904.021
2819.802
2835.552
2831.24
2848.63
2867.63
2864.505
2878.714
2880.901
2834.715
2853.139
2867.846
2877.634
2855.74
2836.467
2855.659
2863.386
2888.134
2847.02
2850.051
2846.444
2790.569
2766.549
2768.828
2766.549
2793.608
2761.542
2777.032
2786.532
2767.904
2766.694
2782.184
2772.684
2786.958
2838.105
2864.716
2882.867
2874.676
2900.526
2901.026
2909.217
2940.074
2939.674
2945.817
2953.102
2973.636
2963.179
2971.369
2962.14
2952.112
2935.374
2932.907
2929.507
2911.724
2928.462
2920.271
2927.271
2908.729
2835.875
2837.771
2867.771
2851.41
2854.002
2850.965
2836.336
2821.336
2817.632
2811.965
2782.361
2777.014
2780.051
2795.051
2824.655
2839.285
2842.988
2848.336
2854.002
2851.225
2842.725
2825.002
2791.9
2758.799
2757.243
2753.41
2753.035
2778.167
2770.389
2761.708
2762.852
2729.75
2733.111
2743.278
2773.278
2676.056
2672.694
2661.389
2662.944
2753.389
2742.273
2757.273
2782.829
2708.09
2765.84
2778.957
2773.552
2792.975
2791.083
2790.718
2797.854
2745.717
2737.217
2754.007
2751.375
2738.603
2737.123
2749.895
2757.947
2701.717
2711.349
2695.349
2682.893
2707.577
2738.936
2744.2
2758.844
2769.375
2750.463
2769.629
2769.169
2783.814
2781.182
2757.235
2762.603
2787.515
2784.042
2777.331
2752.419
2723.129
2713.55
2705.327
2710.985
2749.822
2769.058
2760.058
2766.34
2757.34
2758.81
2762.976
2754.694
2755.053
2752.25
2739.327
2742.865
2734.853
2726.571
2734.853
2665.75
2678.135
2705.462
2698.538
2708.974
2696.051
2689.919
2677.474
2677.833
2676.038
2683.218
2684.654
2686.868
2697.128
2688.513
2689.568
2698.953
2675.363
2695.286
2710.389
2713.192
2721.205
2710.944
2780.047
2784.214
2723.758
2725.696
2664.122
2649.293
2662.866
2659.921
2637.043
2630.213
2701.238
2743.652
2730.807
2727.862
2738.951
2696.537
2702.512
2687.683
2688.11
2673.821
2652.565
2644.004
2613.272
2608.028
2625.557
2624.191
2609.902
2596.329
2603.159
2602.732
2600.841
2588.549
2615.695
2611.285
2642.016
2665.106
2663.313
2678.825
2656.758
2656.644
2682.986
2709.327
2693.815
2701.278
2786.644
2793.083
2794.455
2817.333
2811.114
2799.276
2786.431
2770.87
2769.163
2770.167
2769.679
2743.685
2742.287
2726.839
2704.772
2633.748
2639.724
2624.163
2623.833
2656.925
2604.809
2602.533
2598.569
2593.325
2570.236
2548.169
2536.331
2530.356
2494.36
2487.921
2499.01
2481.246
2478.295
2539.902
2562.521
2546.688
2549.421
2519.629
2516.654
2514.321
2551.217
2569.425
2583.8
2585.958
2594.033
2596.367
2528.992
2541.125
2538.625
2552.538
2547.163
2549.496
2531.529
2524.363
2470.988
2486.169
2477.974
2485.596
2486.126
2499.297
2501.402
2516.232
2526.159
2537.939
2515.744
2514.378
2520.817
2563.232
2477.866
2491.037
2487.549
2464.671
2454.911
2457.016
2459.293
2437.226
2434.949
2408.608
2424.12
2393.388
2389.425
2380.864
2372.986
2372.644
2352.726
2335.197
2334.709
2341.685
2334.709
2342.587
2337.709
2341.075
2383.49
2388.465
2387.1
2398.937
2400.827
2406.661
2415.539
2433.067
2434.677
2392.262
2400.457
2388.62
2419.352
2441.419
2440.931
2414.589
2381.498
2375.665
2304.64
2294.88
2279.433
2237.018
2225.474
2226.872
2230.124
2224.291
2221.346
2212.419
2223.508
2191.596
2232.688
2248.647
2230.122
2274.712
2279.84
2265.571
2288.904
2309.844
2328.519
2328.071
2300.378
2307.712
2310.051
2303.513
2310.051
2279.496
2278.053
2279.524
2267.139
2234.831
2253.357
2261.972
2263.442
2256.519
2187.417
2189.756
2209.679
2186.481
2181.323
2180.267
2178.28
2179.335
2183.502
2185.895
2169.588
2169.139
2167.669
2143.395
2166.985
2158.703
2158.344
2161.763
2153.481
2162.814
2217.603
2223.885
2216.705
2233.346
2195.504
2203.786
2220.427
2257.447
2233.857
2244.293
2223.353
2225.103
2227.442
2243.032
2258.622
2253.109
2250.545
2248.331
2257.665
2261.049
2262.485
2264.37
2251.925
2289.695
2292.879
2292.307
2298.754
2289.123
2277.158
2269.632
2282.088
2305.022
2212.917
2193.75
2196.928
2195.844
2110.16
2093.371
2064.95
2081.739
2082.2
2089.568
2127.561
2134.009
2142.509
2141.425
2133.202
2136.386
2141.145
2157.524
2172.941
2165.397
2153.432
2134.265
2183.218
2189.682
2187.588
2187.115
2202.948
2194.678
2169.327
2153.408
2166.525
2119.525
2121.417
2134.534
2146.822
2143.092
2096.092
2103.66
2088.619
2093.507
2078.912
2103.777
2140.446
2150.284
2165.324
2167.419
2152.378
2152.757
2131.757
2161.838
2159.993
2153.372
2187.426
2172.831
2177.223
2168.493
2184.327
2176.597
2183.489
2180.966
2171.074
2177.966
2161.144
2163.61
2154.881
2060.286
2068.732
2086.273
2105.8
2105.327
2114.056
2115.577
2117.468
2097.784
2096.234
2115.761
2104.761
2111.383
2119.113
2099.586
2107.333
2100.712
2053.712
2066.396
2082.315
2176.91
2177.288
2179.991
2177.658
2175.324
2177.847
2171.225
2181.063
2217.732
2206.732
2285.435
2290.322
2378.322
2378.91
2404.261
2398.45
2435.119
2427.552
2411.119
2412.669
2407.155
2432.02
2422.128
2434.813
2427.921
2433.732
2428.218
2425.696
2427.245
2440.363
2450.255
2439.439
2454.48
2450.876
2441.038
2438.572
2440.667
2433.532
2393.644
2384.563
2380.995
2355.41
2342.356
2340.464
2353.518
2379.104
2380.995
2395.23
2378.041
2373.649
2356.108
2386.556
2399.972
2384.514
2366.792
2367.347
2357.181
2348.681
2322.384
2296.329
2293.794
2290.433
2283.627
2308.905
2268.801
2273.824
2281.602
2322.597
2312.486
2314.042
2311.005
2250.532
2279.336
2266.282
2270.011
2284.245
2286.948
2258.144
2211.144
2181.063
2172.617
2172.982
2173.347
2189.266
2186.311
2195.041
2223.845
2225.358
2245.043
2230.448
2238.718
2240.705
2242.8
2271.989
2252.565
2250.099
2228.027
2211.595
2182.405
2178.802
2121.052
2104.23
2103.117
2078.664
2054.212
2060.833
2061.306
2046.266
2057.266
2040.444
2040.822
2028.534
1991.865
1976.032
1983.329
1996.014
2043.014
2044.905
2036.459
2049.252
2049.378
2058.865
2065.486
2095.568
2102.865
2096.243
2092.973
2096.541
2154.291
2133.291
2120.173
2116.444
2118.91
2132.532
2182.435
2180.037
2181.63
2179.734
2169.623
2156.141
2191.141
2165.863
2148.975
2156.058
2153.905
2153.516
2160.16
2156.806
2172.264
2179.597
2177.005
2168.032
2166.44
2161.926
2216.152
2293.152
2303.181
2295.181
2276.638
2274.424
2290.852
2276.986
2267.757
2251.329
2250.929
2253.143
2241.514
2263.714
2272.643
2252
2230.44
2246.713
2260.13
2268.63
2260.685
2252.907
2250.373
2234.1
2143.655
2137.012
2154.734
2128.678
2126.086
2163.218
2161.669
2249.669
2242.777
2212.696
2207.809
2195.52
2211.953
2192.529
2206.151
2228.223
2219.142
2238.565
2245.7
2249.565
2247.673
2260.358
2281.358
2279.809
2279.268
2288.349
2249.329
2246.806
2221.941
2216.536
2274.286
2266.538
2269.802
2263.18
2234.376
2185.156
2186.998
2215.689
2196.675
2220.485
2218.748
2217.274
2220.783
2219.274
2214.515
2291.147
2319.193
2325.487
2326.967
2350.776
2344.482
2334.851
2372.844
2368.086
2396.507
2434.5
2424.921
2442
2443.474
2428.829
2429.197
2417.232
2412.474
2420
2432.351
2429.719
2440.43
2431.193
2433.232
2448.364
2455.89
2459.075
2471.039
2458.583
2445.811
2449.32
2452.504
2454.961
2468.82
2466.189
2443.254
2458.386
2434.175
2425.675
2422.044
2415.596
2432.333
2419.982
2434.193
2478.096
2494.833
2495.189
2465.899
2446.732
2446.61
2517.531
2515.596
2544.018
2577.175
2561.759
2580.772
2587.219
2594.167
2614.614
2629.746
2622.219
2627.877
2589.039
2602.899
2578.689
2649.61
2653.083
2617.379
2653.083
2660.61
2684.419
2684.787
2669.287
2663.919
2650.059
2644.993
2630.783
2627.274
2599.228
2596.351
2610.211
2615.579
2618.456
2623.522
2637.732
2665.779
2669.287
2670.445
2676.893
2696.059
2701.125
2701.248
2700.787
2699.314
2705.607
2706.691
2739.849
2733.138
2736.77
2703.612
2703.257
2707.02
2705.539
2669.836
2715.599
2703.248
2718.748
2727.985
2751.932
2751.577
2743.524
2726.445
2725.985
2724.05
2709.406
2755.169
2811.399
2802.899
2799.721
2780.809
2778.77
2802.717
2788.857
2760.436
2760.897
2727.739
2731.213
2732.686
2732.318
2741.95
2751.529
2763.985
2768.261
2744.452
2736.399
2755.311
2752.91
2761.752
2733.706
2741.232
2758.022
2763.088
2834.009
2840.719
2841.246
2834.798
2874.745
2878.349
2819.27
2802.533
2799.401
2743.171
2718.487
2716.447
2708.904
2779.651
2782.921
2784.705
2737.705
2727.867
2724.3
2711.615
2709.723
2631.02
2656.606
2603.485
2599.721
2578.23
2550.184
2545.908
2538.961
2520.048
2511.548
2480.189
2518.182
2531.445
2535.208
2566.568
2575.068
2593.98
2625.34
2629.616
2657.662
2610.457
2608.47
2613.628
2590.295
2597.064
2588.064
2586.269
2574.132
2484.389
2415.286
2425.547
2425.667
2426.795
2438.453
2443.09
2445.303
2448.688
2461.611
2457.444
2451.312
2452.782
2460.628
2453.295
2415.453
2423.735
2424.081
2436.218
2425.782
2426.34
2420.058
2413.135
2431.66
2440.994
2449.994
2462.13
2449.746
2449.865
2452.429
2454.417
2450.75
2437.827
2422.724
2410.69
2433.889
2433.331
2423.998
2458.786
2503.376
2506.761
2509.1
2509.447
2502.267
2490.233
2503.737
2498.224
2498.737
2485.233
2488.329
2482.197
2439.419
2437.624
2425.179
2423.744
2451.699
2416.91
2400.603
2412.987
2445.295
2458.799
2459.927
2468.543
2469.1
2476.434
2492.741
2490.857
2463.165
2479.472
2535.879
2527.656
2524.024
2562.862
2563.322
2568.586
2577.391
2612.179
2606.667
2594.282
2632.124
2631.765
2635.303
2635.861
2719.348
2712.425
2710.438
2703.669
2690.165
2711.105
2696.083
2701.019
2700.673
2719.348
2725.63
2665.89
2669.19
2670.219
2672.719
2674.369
2697.819
2698.169
2693.356
2696.381
2719
2731.075
2731.192
2728.167
2721.567
2739.775
2741.481
2742.025
2733.95
2747.117
2752.146
2760.221
2761.25
2743.042
2741.635
2757.86
2721.767
2707.854
2707.417
2640.042
2649.142
2662.308
2681.733
2697.633
2654.158
2643.983
2647.002
2640.877
2638.94
2585.521
2590.333
2604.979
2607.954
2607.454
2591.229
2509.829
2515.954
2522.079
2495.435
2459.342
2463.863
2448.663
2458.838
2455.538
2382.738
2375.588
2359.688
2368.838
2387.046
2395.121
2411.021
2433.771
2422.404
2441.829
2388.41
2386.76
2388.167
2406.229
2402.167
2429.167
2437.942
2350.442
2347.108
2339.958
2328.125
2331.458
2347.292
2333.792
2330.458
2348.425
2321.425
2302
2282.575
2246.481
2245.048
2240.527
2248.602
2242.227
2248.602
2292.077
2319.902
2308.535
2310.694
2290.277
2291.306
2292.74
2293.84
2309.74
2377.115
2362.74
2344.677
2347.696
2352.696
2352.152
2353.802
2350.783
2352.533
2329.915
2313.965
2350.86
2423.66
2417.06
2422.06
2425.36
2437.96
2437.46
2453.36
2453.71
2450.685
2466.585
2450.685
2453.985
2460.36
2466.34
2436.548
2430.423
2437.023
2438.96
2435.66
2408.404
2423.05
2421.65
2354.275
2357.3
2366.45
2368.2
2370.038
2356.871
2356.433
2356.083
2357.483
2370.983
2358.383
2357.84
2354.815
2361.19
2361.64
2361.523
2338.773
2345.773
2372.417
2358.042
2355.017
2318.121
2362.816
2362.259
2390.702
2388.544
2388.194
2384.744
2381.444
2374.294
2362.46
2365.435
2388.435
2361.179
2360.842
2359.742
2369.917
2358.083
2349.308
2334.583
2350.144
2334.194
2340.319
2346.694
2349.194
2352.219
2347.19
2338.04
2356.006
2360.527
2376.36
2367.26
2355.185
2346.785
2350.235
2350.685
2353.704
2361.517
2338.767
2334.246
2311.627
2320.402
2343.152
2335.077
2319.177
2299.752
2292.602
2299.602
2301.308
2331.1
2403.9
2405.306
2387.244
2432.216
2423.934
2414.934
2402.011
2436.799
2449.244
2414.455
2400.951
2424.284
2421.891
2450.429
2457.199
2462.712
2477.814
2467.553
2461.271
2456.335
2446.951
2402.361
2414.806
2417.199
2415.212
2415.66
2420.297
2419.241
2419.6
2423.139
2413.806
2392.865
2341.444
2268.644
2237.144
2222.769
2221.335
2221.773
2223.173
2215.098
2147.723
2151.298
2150.96
2154.41
2138.51
2150.644
2149.21
2165.435
2172.585
2170.085
2163.71
2145.744
2137.344
2139.181
2071.806
2069.306
2042.306
2038.731
2043.252
2063.335
2078.925
2077.797
2098.652
2102.102
2065.206
2041.54
2041.89
2045.465
2044.365
2111.74
2111.39
2123.123
2123.006
2138.206
2132.227
2109.608
2066.133
2043.515
2031.44
2024.84
2008.89
2007.49
1964.015
1962.608
1953.833
1953.383
1961.033
1966.063
1985.488
1984.458
1996.192
1998.925
1994.113
1993.996
2037.471
2035.821
2058.821
2053.792
2065.867
2062.533
2067.054
2013.635
2016.66
1993.21
2019.854
2018.825
2030.558
2020.383
2028.033
2034.633
2031.333
2053.121
2044.721
2074.513
2072.763
2070.604
2065.792
2073.442
2092.867
2136.342
2179.817
2186.567
2205.992
2192.825
2186.45
2189.425
2194.8
2212.767
2209.792
2197.192
2204.358
2240.452
2232.377
2232.26
2233.29
2245.365
2258.865
2252.74
2275.74
2287.873
2269.665
2268.635
2265.302
2266.402
2253.235
2246.86
2232.215
2205.571
2192.971
2177.071
2191.796
2200.946
2193.296
2209.196
2206.915
2175.415
2174.315
2171.29
2152.297
2114.39
2091.64
2097.015
2112.215
2114.496
2113.096
2108.096
2122.821
2149.821
2131.758
2125.779
2128.754
2128.21
2094.292
2021.492
2016.492
2026.667
2025.267
2021.967
2034.1
2032.263
1950.863
1982.363
1985.696
1918.321
1922.383
1919.365
1913.24
1919.84
1946.483
1947.917
1932.356
1937.169
1936.731
1923.565
1926.898
1929.398
1927.692
1925.754
1895.963
1919.629
1885.71
1866.285
1822.81
1819.792
1801.583
1764.688
1794.479
1824.252
1804.329
1832.284
1848.524
1854.806
1861.344
1873.002
1863.669
1890.996
1872.321
1859.876
1861.626
1874.071
1876.635
1877.096
1860.455
1857.404
1869.848
1876.771
1889.156
1892.575
1894.788
1896.481
1892.942
1889.404
1885.865
1884.071
1883.609
1875.763
1870.635
1879.968
1887.318
1933.807
1841.702
1897.932
1873.985
1871.107
1879.16
1862.423
1838.213
1830.844
1845.489
1799.726
1797.989
1801.121
1788.349
1789.822
1770.91
1816.673
1823.779
1832.279
1856.226
1862.673
1864.713
1849.296
1832.559
1808.612
1809.184
1800.961
1808.504
1811.136
1801.899
1803.408
1786.671
1757.382
1747.75
1776.171
1744.811
1728.811
1735.522
1730.763
1727.289
1720.579
1744.526
1737.579
1723.368
1714.526
1791.158
1829.996
1826.811
1843.601
1879.305
1872.857
1849.923
1878.614
1879.075
1868.364
1960.469
1956.838
1953.364
1977.173
1996.086
2044.223
2044.588
2027.471
2020.579
2025.782
2042.971
2055.655
2047.385
2063.818
2058.381
2056.831
2058.615
2060.128
2076.047
1997.345
1998.894
2037.914
2050.707
2075.302
2094.725
2101.347
2088.293
2146.043
2145.917
2129.095
2125.878
2111.644
2092.221
2086.815
2067.392
2065.547
2049.115
2056.007
2048.439
2085.108
2109.703
2079.096
2091.447
2108.114
2115.64
2121.298
2157.002
2227.923
2203.011
2203.485
2232.175
2225.228
2222.596
2225.053
2233.276
2205.23
2202.774
2209.879
2204.814
2201.05
2195.393
2179.893
2182.164
2191.796
2183.743
2198.875
2181.796
2206.708
2202.945
2201.862
2216.507
2221.572
2208.8
2196.45
2207.16
2207.732
2204.855
2200.579
2195.82
2203.364
2179.154
2180.996
2168.645
2148.197
2142.829
2145.706
2140.64
2112.594
2098.384
2084.524
2081.015
2051.726
2060.226
2065.594
2062.963
2075.735
2092.114
2099.658
2097.257
2113.923
2101.151
2129.572
2131.507
2148.586
2147.105
2147.461
2147.092
2101.329
2098.197
2137.035
2175.873
2172.689
2167.031
2215.707
2186.903
2182.016
2185.881
2187.07
2190.935
2183.205
2175.908
2181.718
2189.989
2192.944
2190.241
2189.768
2198.214
2166.007
2174.736
2172.75
2133.73
2134.095
2127.203
2161.257
2176.297
2179.514
2179.135
2171.838
2175.101
2209.155
2216.723
2241.176
2277.845
2277.48
2297.007
2272.554
2273.142
2290.259
2275.664
2276.205
2289.259
2287.414
2288.604
2296.874
2267.685
2275.414
2273.081
2194.378
2223.182
2210.498
2181.309
2173.038
2178.241
2170.493
2163.872
2165.385
2163.872
2206.313
2208.208
2237.813
2247.979
2199.674
2173.377
2203.377
2177.822
2185.322
2187.266
2268.155
2170.933
2211.037
2251.141
2255.655
2278.34
2304.637
2319.266
2319.766
2311.803
2319.303
2314.28
2346.327
2362.759
2377.354
2364.3
2344.876
2342.354
2341.164
2320.164
2328.894
2339.894
2333.002
2304.198
2311.333
2304.712
2310.149
2285.554
2281.95
2310.755
2321.57
2310.57
2312.556
2316.948
2292.354
2275.236
2262.182
2261.696
2291.777
2280.777
2259.777
2268.507
2269.696
2272.959
2273.446
2263.608
2279.527
2286.824
2333.986
2326.486
2288.799
2369.688
2362.354
2367.701
2385.294
2398.775
2436.463
2418.796
2405.315
2405.69
2341.144
2344.408
2359.448
2379.133
2377.619
2364.502
2452.502
2443.773
2441.07
2447.691
2444.088
2446.61
2450.178
2454.043
2478.495
2465.378
2478.063
2481.333
2464.901
2459.387
2425.333
2409.414
2406.198
2435.664
2448.782
2435.664
2461.25
2474.043
2503.509
2508.396
2502.586
2502.221
2505.176
2522.419
2521.946
2520.054
2494.468
2481.414
2494.468
2520.054
2521.946
2482.059
2469.77
2478.5
2507.304
2449.554
2448.966
2481.173
2488.903
2476.218
2505.023
2511.914
2514.248
2515.768
2512.552
2508.687
2519.502
2528.583
2523.381
2538.421
2537.833
2536.05
2551.883
2557.694
2559.586
2559.099
2568.18
2582.775
2577.572
2564.779
2586.851
2579.104
2570.833
2587.655
2601.89
2572.423
2630.173
2637.471
2652.511
2654.845
2637.727
2640.682
2648.25
2649.77
2646.167
2644.617
2565.914
2529.245
2531.137
2532.687
2545.372
2574.176
2598.539
2585.829
2578.724
2581.908
2588.618
2587.11
2580.662
2551.511
2554.562
2583.1
2637.889
2635.675
2628.342
2596.034
2599.453
2613.299
2598.556
2570.6
2591.541
2556.752
2555.624
2553.932
2516.912
2527.173
2530.84
2522.558
2506.318
2489.959
2452.94
2469.299
2450.872
2459.154
2435.821
2452.128
2433.701
2434.06
2432.624
2423.239
2424.682
2369.893
2353.585
2351.701
2349.714
2364.816
2357.637
2362.795
2368.927
2361.081
2366.312
2358.979
2331.024
2306.75
2317.011
2314.207
2290.874
2326.248
2302.439
2287.794
2300.145
2316.145
2299.478
2306.425
2311.719
2276.015
2275.443
2292.522
2308.022
2312.298
2316.575
2325.075
2337.425
2414.057
2406.952
2407.478
2379.432
2394.077
2400.787
2406.05
2400.393
2371.971
2367.695
2351.316
2344.605
2345.079
2361.746
2361.219
2370.851
2341.561
2302.724
2286.724
2269.645
2285.061
2293.285
2295.686
2381.371
2379.529
2388.765
2432.669
2340.564
2338.721
2321.932
2329.037
2320.814
2327.524
2319.024
2328.656
2319.024
2290.978
2297.425
2281.925
2274.399
2262.048
2228.89
2214.68
2189.768
2173.768
2159.123
2157.189
2153.425
2145.202
2142.325
2139.147
2126.375
2125.901
2115.191
2100.546
2098.704
2097.546
2059.553
2040.64
2032.14
2083.198
2076.063
2071.671
2039.464
2010.66
1988.588
1992.98
2000.115
2003.98
2036.187
2004.094
2023.007
2051.053
2059.553
2059.197
2058.039
2041.66
1970.739
1967.607
1967.147
1963.969
1960.785
1922.792
1908.147
1899.647
1891.147
1877.287
1869.743
1862.638
1855.094
1848.8
1833.3
1824.8
1739.116
1662.485
1703.552
1645.802
1613.595
1610.331
1603.196
1601.676
1584.486
1577.189
1537.302
1542.317
1527.688
1523.174
1516.368
1500.91
1471.306
1465.718
1452.681
1439.644
1430.31
1455.748
1432.414
1409.081
1385.748
1354.598
1349.955
1345.312
1327.94
1324.483
1322.533
1316.819
1296.176
1294.569
1292.962
1290.295
1283.295
1252.438
1226.429
1218.929
1201.605
1195.944
1195.414
1178.184
1194.694
1192.573
1160.278
1127.982
1162.81
1184.664
1180.406
1165.137
1195.475
1159.95
1149.533
1175.374
1168.339
1163.408
1156.77
1194.179
1161.866
1154.682
1196.707
1192.657
1190.534
1163.559
1148.738
1108.358
1086.543
1078.58
1098.66
1121.007
1144.528
1179.681
1211.97
1208.045
1179.045
1166.318
1160.258
1148.258
1194.325
1189.98
1245.163
1296.487
1367.736
1353.569
1338.569
1331.958
1137.514
1117.181
1103.014
1076.94
1015.106
1051.279
1091.974
1051.411
1031.224
1018.651
1085.361
868.294
674.161
649.761
538.539
553.935
508.696
466.851
441.78
374.161
365.788
360.404
349.404
286.583
204.603
112.936
92.628
37.346
26.917
0
