4.793
25.859
46.924
52.875
72.832
96.571
75.505
70.712
91.777
96.571
76.614
52.875
31.81
25.859
49.598
69.554
90.62
96.571
97.745
106.745
112.375
152.027
132.071
127.277
121.326
100.261
79.196
55.457
61.408
82.473
106.212
127.277
132.071
152.027
170.723
212.201
219.962
225.016
286.19
292.141
431.495
411.538
390.473
366.734
360.783
380.739
404.478
410.429
431.495
410.429
405.636
426.701
431.495
411.538
390.473
384.522
360.783
366.734
390.473
410.429
431.495
444.049
444.353
462.614
507.01
487.63
465.79
447.43
441.955
461.335
466.81
485.17
507.01
487.63
483.22
477.745
458.365
436.525
418.165
446.565
454.845
583.05
587.7
630.82
637.38
656.13
674.49
694.65
904.65
915.5
944.62
948.715
963.065
1012.065
1015.425
1062.045
1143.45
1178.79
1179.6
1211.2
1223.44
1136.898
1136.148
1222.63
1187.29
1105.885
1093.645
1062.045
1097.385
1101.795
1102.605
1114.845
1146.445
1136.898
1125.565
1134.205
1098.865
1094.455
1093.645
1062.045
1143.45
1178.79
1179.6
1211.2
1215.61
1227.85
1198.73
1184.38
1137.76
1133.665
1084.665
1081.305
1045.965
1033.725
1037.085
1086.085
1081.675
1085.77
1084.96
1053.36
1082.48
1001.075
1015.425
1062.045
1093.645
1105.885
1110.295
1111.105
1192.51
1227.85
1192.51
1180.27
1098.865
1098.055
1093.645
1062.045
1062.855
1144.26
1179.6
1184.01
1196.25
1227.85
1207.69
1196.84
986.84
997.69
1118.231
1136.898
1147.593
1187.519
1222.852
1341.56
1266.185
1236.926
1204.204
1203.454
1199.37
1188.037
1192.12
1210.065
1205.981
1188.037
1205.981
1210.065
1166.898
1153.611
1149.819
1104.449
1101.338
1074.375
1117.542
1162.912
1176.199
1203.162
1206.954
1210.065
1192.12
1188.037
1205.981
1210.065
1215.134
1227.079
1228.287
1254.583
1236.639
1232.556
1236.639
1254.583
1254.324
1243.63
1261.715
1244.915
1261.715
1343.12
1343.4
1354.95
1335.57
1331.16
1202.955
1159.835
1121.675
1110.125
1148.285
1276.49
1288.04
1331.16
1334.535
1438.875
1428.025
1218.025
1302.027
1530.288
1552.201
1563.995
1568.788
1662.946
1667.25
1701.598
1743.076
1782.728
1876.886
1923.755
1925.174
1986.913
1988.087
2004.717
2010.668
2067.505
2112.105
2116.305
2133.105
2084.105
2080.01
2065.66
2019.04
1989.92
1986.56
1990.655
2005.005
2051.625
1945.023
1971.986
1975.097
1871.642
1896.625
1913.332
1918.052
1945.293
1957.664
1990.56
1997.388
2018.086
2075.655
2161.948
2162.19
2238.526
2242.147
2256.94
2261.405
2284.922
2315.224
2320.879
2323.845
2187.758
2239.327
2240.173
2257.786
2261.173
2269.923
2309.44
2105.665
2127.077
2167.665
2193.651
2199.96
2150.198
2177.24
2192.406
2205.156
2249.563
2254.521
2260.021
2267.556
2312.556
2372.712
2375.628
2252.859
2266.714
2309.345
2310.204
2313.888
2355.957
2358.563
2263.434
2328.647
2343.909
2371.222
2395.147
2410.153
2451.891
2532.019
2535.519
2421.964
2424.589
2441.923
2459.173
2463.485
2475.021
2502.771
2606.771
2629.485
2632.818
2692.402
2745.11
2761.348
2765.253
2773.795
2799.807
2822.521
2835.592
2848.128
2870.747
2901.872
2918.777
2957.348
2964.491
2985.414
2786.386
2795.919
2796.519
2797.103
2801.128
2811.544
2812.128
2818.928
2850.194
2854.639
2859.039
2863.064
2884.331
2920.331
2938.331
2945.497
2761.404
2767.055
2794.289
2812.695
2812.841
2787.688
2805.928
2811.928
2652.762
2510.65
2531.462
2555.837
2568.775
2578.176
2585.408
2586.511
2542.295
2417.264
2438.695
2440.078
2325.699
2221.563
2245.972
2248.062
2254.912
2257.002
2281.41
2311.785
2313.828
2324.642
2327.351
2343.657
2351.851
2369.246
2393.425
2396.381
2397.948
2295.179
2297.321
2307.464
2330.302
2341.102
2348.023
2348.966
2350.171
2351.671
2255.027
3826
3827.962
3578.313
3587.117
3588.943
3618.943
3628.073
3649.236
3658.367
3434.385
3236.248
3883.201
3885.154
3885.625
3888.006
3905.587
3928.227
3933.895
3945.163
3948.346
3950.648
3692.997
3695.813
3719.247
3719.399
3739.696
3756.87
3763.391
3767.272
3536.622
3332.587
3348.163
3350.183
3167.445
3003.612
2855.893
2722.023
4050.773
4060.773
4098.805
4101.108
4133.828
3864.231
3627.645
3418.358
3421.849
3235.202
3067.864
2916.986
2780.252
2655.763
2656.211
4101.57
4105.791
3838.022
3840.418
3847.429
3853.326
3853.766
3617.821
3409.101
4083.808
3817.473
3819.299
4083.762
3817.429
3583.709
4062.552
4045.622
4018.517
3990.029
3987.648
3979.305
3977.352
3985.695
4012.799
3751.095
3752.921
3755.147
3525.24
3321.861
3995.041
3974.494
3956.122
3951.517
3937.558
3939.093
3947.988
3954.703
3957.887
3960.898
3981.334
3982.77
3989.485
3729.302
3737.617
3748.149
3518.671
3540.671
3541.099
3541.765
3337.433
3363.531
3363.921
4063.846
3798.813
4031.753
4033.288
3982.924
3988.593
3728.467
3759.337
3529.173
3325.567
3331.769
3350.173
3353.327
3354.942
4048.797
3784.745
4045.541
4025.105
4006.733
4028.919
3766.163
3991.741
3992.352
3731.981
3503.492
3991.724
4010.096
4024.055
4035.323
4044.218
4037.102
4046.311
3782.421
3785.397
4046.311
3782.421
3786.921
3555.069
4013.451
4015.451
3753.573
4002.753
3741.704
3512.62
4001.994
4014.238
4030.75
4036.419
4138
4100.326
3832.913
3834.348
3835
3600.204
3607.526
3611.23
3402.889
3217.277
3218.477
3219.07
3232.243
3065.058
3077.55
3089.791
2937.834
2800.123
2801.67
2676.222
4136.904
3867.106
3630.344
3635.319
3425.589
3238.739
3251.648
3253.761
4111.424
4124.122
4022.541
3760.201
3762.353
3994.442
3991.186
3730.891
3733.043
3918.951
3893.881
3887.166
3864.98
3890.387
3890.387
3897.102
3922.172
3915.154
3659.818
3435.747
3237.531
3892.898
3892.898
3892.898
3885.398
3852.375
3850.422
3850.422
3846.608
3854.108
3602.753
3382.176
3187.05
3013.211
3014.739
2858.804
2718.207
3851.073
3851.235
3838.538
3835.282
3835.445
3813.352
3824.619
3825.09
3828.346
3578.671
3821.369
3799.113
3803.326
3765.294
3796.855
3803.971
3745.773
3501.484
3733.006
3489.549
3723.238
3745.424
3754.32
3728.913
3728.913
3717.645
3721.797
3725.61
3482.636
3269.413
3704.401
3699.797
3750.16
3733.311
3734.009
3735.971
3767.715
3521.995
3753.517
3751.555
3761.555
3765.776
3520.182
3763.334
3725.66
3703.02
3722.433
3783.096
3536.372
3319.86
3328.125
3136.118
2965.057
3781.84
3842.503
3828.544
3839.811
3589.389
3833.503
3821.782
3699.689
3458.405
3464.302
3252.202
3064.575
2897.416
3668.82
3429.549
3608.157
3615.134
3621.442
3672.924
3433.386
3647.517
3672.924
3670.971
3696.378
3721.581
3732.849
3741.744
3743.744
3718.674
3681
3682.436
3678.622
3682.834
3682.137
3678.323
3685.34
3685.34
3699.299
3689.323
3686.759
3446.318
3476.905
3502.242
3746.584
3746.584
3746.584
3746.584
3746.584
3739.084
3739.084
3737.131
3768.875
3523.079
3530.09
3531.916
3315.676
3124.387
3127.541
2956.948
2969.348
2815.761
2820.438
2822.203
2683.406
2557.621
2443.101
2338.396
3732.154
3680.672
3680.672
3680.672
3682.974
3442.78
3231.997
3045.536
3046.055
2879.907
2881.434
2902.625
3712.66
3744.753
3746.753
3736.776
3733.593
3743.012
3745.392
3746.151
3743.709
3499.554
3529.057
3540.927
3765.328
3519.764
3530.296
3776.596
3789.294
3785.081
3538.228
3777.581
3755.326
3736.488
3731.884
3694.209
3689.997
3697.497
3456.356
3473.965
3261.273
3073.123
2905.498
3711.683
3713.985
3471.769
3473.639
3687.497
3686.887
3686.416
3698.66
3457.443
3245.763
3248.406
3692.776
3451.943
3681.509
3441.41
3559.416
3532.311
3540.858
3549.404
3563.602
3582.439
3589.555
3355.454
3557.811
3325.78
3122.161
3537.265
3510.16
3500.741
3502.695
3505.706
3404.125
3404.125
3182.117
3402.59
3400.288
3404.509
3441.686
3217.228
3020.255
3025.791
3036.934
3460.692
3460.692
3463.134
3465.837
3239.804
3041.449
2865.981
3463.884
3463.884
3455.541
3428.436
3426.055
3426.055
3202.617
3210.416
3212.242
3015.574
2841.599
2843.567
3388.369
3385.358
3164.573
3385.195
3387.576
3397.343
3400.355
3178.592
3369.953
3370.564
3412.134
3390.924
3388.36
3385.349
3363.163
3362.674
3376.872
3156.641
3172.391
3377.86
3377.102
3372.89
3365.39
3361.576
3361.576
3329.831
3329.831
3329.831
3329.831
3327.878
3360.901
3392.645
3370.459
3370.93
3151.087
3158.098
2964.745
2968.092
2975.592
2803.923
2805.892
2807.507
3385.358
3164.573
3363.172
3346.323
3340.654
3353.352
3134.655
3337.491
3328.596
3311.747
3289.108
3291.488
3293.488
3282.221
3068.163
3265.291
3260.686
3213.358
3287.895
3287.895
3292.884
3289.628
3301.872
3311.291
3315.895
3337.988
3339.988
3348.535
3130.152
3140.685
3151.217
3368.628
3330.596
3328.634
3317.733
3259.535
3277.116
3270.14
3266.956
3053.894
2866.921
3266.956
3260.648
3199.985
2991.291
3187.741
3192.346
3209.927
3000.584
3192.346
3192.346
3209.195
3192.265
3183.922
3208.991
3208.52
3218.288
3008.399
3218.125
3255.799
3288.52
3295.497
3294.869
3294.869
3294.869
3303.765
3287.253
3261.846
3322.509
3325.765
3330.753
3331.241
3331.241
3341.916
3356.113
3354.151
3354.849
3342.605
3338.384
3377.209
3156.957
3177.761
3179.595
3399.892
3389.916
3168.834
3375.956
3371.735
3387.596
3166.666
3387.596
3370.747
3380.747
3397.119
3397.119
3399.561
3443.515
3443.515
3436.015
3432.201
3399.177
3367.433
3365.48
3365.48
3365.48
3145.992
3166.796
2972.911
2976.258
2804.55
2810.752
2657.439
2658.966
3400.392
3411.294
3389.108
3168.079
3386.727
3389.029
3409.576
3187.212
2992.077
3378.015
3378.485
3381.497
3160.965
3320.834
3295.427
3317.683
3318.294
3101.883
3315.852
3099.601
3117.209
3318.177
3101.774
3312.509
3319.485
3319.015
3370.497
3150.682
3370.497
3150.682
3370.497
3369.738
3349.302
3356.279
3324.535
3325.971
3324.436
3324.436
3310.477
3315.291
3334.703
3348.663
3348.663
3359.337
3398.163
3429.724
3392.547
3171.293
3177.19
3386.61
3369.029
3357.762
3355.762
3345.762
3285.099
3297.866
3322.936
3106.223
3320.983
3325.195
3318.887
3357.712
3366.055
3146.53
3356.288
3137.399
3147.932
3365.253
3356.358
3334.172
3332.172
3305.067
3298.352
3272.945
3272.945
3059.492
3272.945
3269.456
3281.701
3281.701
3298.631
3330.192
3313.343
3374.006
3374.006
3369.794
3371.328
3391.875
3361.474
3350.206
3369.619
3149.861
3160.052
3380.52
3373.02
3373.02
3373.02
3373.02
3369.206
3346.951
3344.997
3348.811
3130.41
2938.753
2769.209
2770.825
2619.689
2484.188
2362.014
3347.581
3364.512
3367.767
3415.096
3411.84
3373.015
3373.015
3153.035
2959.992
2962.082
3375.395
3375.395
3367.052
3334.331
3348.529
3357.738
3379.451
3277.869
3265.102
3282.032
3281.273
3229.791
3250.337
3259.547
3258.919
3289.32
3282.203
3282.203
3299.785
3277.599
3063.842
2876.26
3276.988
3328.471
3295.75
3285.983
3269.471
3056.245
3076.541
3133.247
3149.682
3162.954
3379.811
3373.503
3370.799
3368.358
3368.358
3407.183
3409.145
3403.477
3426.116
3431.105
3432.541
3423.645
3200.364
3423.645
3423.808
3363.145
3363.145
3346.634
3346.634
3321.43
3260.767
3286.174
3279.157
3279.157
3262.645
3262.645
3261.209
3259.773
3262.154
3271.573
3272.183
3058.78
2871.508
3262.765
3250.067
3262.834
3259.651
3248.384
3258.151
3265.651
3270.256
3269.645
3267.683
3254.985
3273.823
3273.823
3276.265
3062.595
3276.265
3293.113
3293.113
3298.102
3320.358
3345.765
3345.765
3333.067
3291.497
3266.427
3266.427
3266.427
3259.712
3047.122
3067.861
3091.296
2902.033
2902.569
3303.358
3283.945
3300.456
3300.456
3301.084
3289.817
3364.355
3366.797
3366.797
3383.169
3383.169
3383.169
3380.788
3372.445
3372.445
3370.491
3368.538
3368.538
3368.538
3368.538
3368.538
3364.724
3364.724
3364.724
3145.285
2952.717
2782.368
2630.602
2633.584
2639.448
2502.925
2504.373
3377.991
3376.456
3378.837
3385.953
3389.137
3389.299
3426.974
3430.788
3457.892
3460.334
3460.334
3457.892
3470.137
3470.137
3243.823
3245.258
3469.291
3456.593
3462.262
3456.593
3475.43
3437.398
3434.142
3434.142
3431.131
3428.828
3428.828
3450.038
3450.038
3439.363
3437.41
3435.108
3435.108
3211.079
3249.938
3250.394
3476.695
3478.23
3489.131
3489.131
3487.131
3474.887
3479.108
3517.933
3517.933
3288.503
3308.799
3319.332
3338.435
3342.315
3345.13
3140.327
3158.939
3568.16
3543.09
3545.09
3549.904
3549.904
3542.404
3542.404
3542.404
3523.567
3523.567
3527.779
3550.035
3587.709
3595.209
3614.047
3618.651
3618.651
3580.977
3580.977
3602.186
3622.733
3622.733
3622.733
3618.581
3618.581
3618.581
3657.407
3625.314
3625.314
3625.314
3622.933
3629.648
3620.439
3609.172
3604.951
3602.988
3611.331
3611.331
3613.634
3613.634
3611.192
3620.61
3639.448
3641.828
3609.735
3609.735
3611.172
3375.66
3404.079
3413.209
3204.237
3019.377
2854.684
3641.34
3641.34
3635.032
3633.032
3396.095
3399.66
3636.846
3605.285
3605.285
3600.68
3609.023
3596.779
3596.291
3578.709
3653.247
3650.064
3641.169
3655.366
3658.855
3719.517
3713.209
3713.209
3713.209
3471.043
3476.94
3264.066
3719.517
3715.703
3715.703
3713.75
3706.25
3706.25
3706.25
3706.25
3708.203
3466.364
3254.138
3066.399
3072.601
2905.005
2907.986
2757.573
3700.68
3701.308
3701.308
3701.308
3701.308
3682.471
3681.773
3681.773
3681.773
3682.471
3688.779
3448.207
3237.092
3683.965
3688.177
3685.735
3692.753
3683.334
3700.916
3700.916
3684.067
3687.078
3687.078
3666.642
3673.358
3664.811
3664.648
3653.381
3656.392
3649.677
3411.655
3648.142
3410.22
3648.142
3625.887
3623.183
3623.183
3598.113
3598.113
3598.113
3598.113
3565.392
3561.172
3558.869
3558.869
3556.916
3553.904
3554.532
3567.23
3557.811
3570.509
3551.672
3535.811
3503.09
3486.16
3479.852
3479.852
3479.852
3479.381
3476.817
3476.817
3469.317
3501.41
3483.038
3483.038
3483.038
3520.215
3513.238
3529.099
3529.099
3520.203
3527.703
3527.703
3530.267
3530.267
3540.267
3535.279
3533.843
3542.186
3581.012
3581.012
3592.279
3555.102
3593.134
3578.936
3576.555
3576.555
3565.288
3565.288
3567.241
3608.811
3628.224
3659.785
3421.103
3658.25
3614.297
3582.735
3582.735
3583.494
3574.599
3578.413
3583.017
3349.342
3384.095
3396.03
3188.11
3632.962
3637.613
3642.265
3404.726
3640.265
3640.265
3626.305
3635.515
3648.212
3410.285
3640.712
3636.898
3636.898
3636.898
3636.898
3634.945
3634.945
3634.945
3639.596
3639.596
3644.584
3406.894
3644.584
3657.352
3418.829
3657.352
3418.829
3429.019
3616.77
3616.77
3621.375
3621.985
3621.288
3654.009
3637.16
3399.954
3632.939
3632.939
3618.741
3618.741
3637.578
3637.741
3639.276
3641.578
3641.578
3590.096
3590.096
3355.959
3590.096
3590.096
3590.096
3355.959
3372.394
3597.91
3598.073
3595.77
3647.253
3409.389
3200.651
3647.253
3638.706
3630.16
3625.948
3631.616
3630.858
3626.044
3626.044
3623.032
3386.747
3405.497
3405.938
3197.411
3627.049
3626.887
3646.299
3646.299
3635.398
3644.608
3644.608
3644.608
3637.491
3637.491
3400.264
3620.642
3613.526
3613.526
3618.177
3382.209
3397.959
3635.026
3397.959
3400.242
3610.363
3611.898
3621.875
3631.875
3654.515
3657.078
3418.573
3422.454
3661.23
3683.485
3443.258
3681.485
3681.485
3441.389
3230.691
3245.181
3647.634
3657.052
3418.549
3419.201
3209.862
3657.75
3657.75
3419.201
3209.862
3210.276
3025.067
3646.953
3628.116
3625.735
3615.061
3379.296
3402.856
3422.063
3212.548
3649.91
3612.235
3623.503
3617.195
3596.648
3362.084
3596.648
3598.951
3598.951
3600.387
3600.387
3605.201
3627.84
3644.689
3655.59
3666.491
3427.372
3217.533
3235.467
3260.467
3276.589
3294.523
3749.619
3505.079
3518.128
3533.563
3541.361
3560.568
3342.574
3149.733
2977.93
3792.131
3790.169
3790.797
3543.571
3790.797
3768.703
3779.971
3767.727
3769.68
3772.122
3749.866
3728.154
3485.014
3725.712
3725.712
3704
3704
3689.802
3670.965
3650.419
3625.012
3388.598
3419.185
3606.25
3588.669
3579.25
3570.041
3558.773
3558.773
3556.811
3547.392
3547.863
3540.887
3309.959
3323.008
3527.741
3525.741
3528.924
3490.099
3528.131
3532.782
3302.383
3485.453
3487.895
3485.515
3258.198
3268.731
3490.067
3451.241
3444.265
3481.442
3488.942
3481.924
3486.145
3486.308
3486.308
3258.94
3259.092
3263.44
3272.245
3278.897
3296.071
3340.313
3340.753
3359.959
3154.247
2972.272
3592.073
3564.968
3332.47
3564.805
3564.805
3564.805
3564.805
3332.318
3352.97
3578.555
3580.936
3612.68
3582.279
3580.843
3347.31
3351.19
3146.015
3155.903
3594.308
3577.378
3602.785
3607.39
3604.378
3583.831
3569.634
3553.262
3558.076
3568.052
3567.355
3574.372
3579.36
3540.535
3533.82
3486.491
3486.328
3476.561
3249.829
3256.106
3256.258
3056.895
3057.309
3065.574
3107.107
3532.11
3515.738
3518.442
3540.154
3538.154
3538.317
3307.557
3536.363
3561.433
3570.852
3337.97
3133.605
3135.977
3138.834
3576.811
3579.515
3576.951
3343.671
3138.957
3562.753
3330.399
3562.753
3330.399
3340.59
3344.155
3569.968
3557.201
3588.945
3570.573
3570.573
3570.102
3522.773
3515.657
3495.11
3515.657
3286.375
3085.168
2907.178
2907.567
2748.973
2606.784
2622.509
2635.06
2637.293
2507.59
2522.541
3576.186
3573.805
3578.41
3577.799
3573.985
3584.66
3604.718
3604.718
3601.462
3366.584
3395.003
3187.145
3619.619
3617.177
3621.782
3618.599
3382.603
3175.505
3618.599
3605.831
3610.044
3612.006
3612.006
3376.44
3608.192
3533.654
3303.198
3521.41
3515.741
3513.299
3522.195
3554.916
3524.515
3524.515
3485.689
3258.361
3485.689
3481.477
3462.64
3424.965
3420.36
3398.105
3390.605
3390.605
3368.419
3368.419
3343.349
3350.064
3424.602
3446.788
3471.858
3493.57
3499.238
3467.677
3473.346
3453.933
3505.416
3495.416
3434.753
3440.422
3379.759
3400.305
3400.305
3401.84
3408.555
3412.776
3408.125
3395.427
3395.898
3412.41
3413.038
3429.887
3206.198
3404.817
3414.817
3403.549
3403.549
3403.078
3403.078
3382.532
3382.532
3382.532
3389.648
3392.212
3170.981
3188.155
2992.962
2993.375
3408.674
3186.37
3194.359
2998.786
3416.75
3403.983
3181.984
2987.168
3382.773
3383.262
3380.25
3419.076
3196.092
3231.644
3241.834
3245.399
3452.41
3453.945
3443.044
3218.497
3021.446
3443.044
3442.573
3462.631
3467.282
3489.468
3489.468
3471.887
3503.98
3275.459
3487.049
3478.706
3495.218
3434.555
3451.067
3478.172
3478.642
3251.774
3252.484
3261.288
3061.617
2884.986
2885.389
3479.541
3405.003
3182.938
3190.736
3400.648
3400.648
3400.648
3178.867
3389.381
3350.555
3345.567
3338.59
3338.59
3120.856
3305.869
3286.456
3273.689
3252.48
3220.919
3220.919
3223.299
3216.991
3007.188
3008.622
3012.503
3213.468
3207.799
3205.358
3222.939
3222.939
3204.102
3229.305
3238.515
3239.003
3239.003
3242.186
3244.186
3244.186
3241.622
3234.506
3216.134
3216.134
3215.663
3222.779
3223.25
3225.814
3015.435
2830.816
2667.5
3205.378
3188.529
3187.093
3261.631
3048.916
3259.189
3256.887
3247.677
3035.872
3230.096
3228.561
3227.125
3227.125
3235.468
3277.038
3256.98
3256.352
3270.311
3277.427
3281.648
3285.86
3295.07
3293.116
3305.36
3305.36
3305.849
3310.837
3301.419
3301.419
3086.109
3089.084
3103.91
3316.25
3099.973
3293.994
3287.279
3285.744
3333.073
3115.698
3123.497
3170.576
3387.128
3166.228
3387.128
3437.491
3432.887
3428.073
3427.91
3478.273
3477.663
3477.663
3250.859
3256.158
3482.703
3478.483
3251.625
3052.546
3462.622
3471.831
3471.831
3479.331
3474.343
3485.61
3483.169
3256.005
3479.68
3462.099
3451.424
3462.099
3451.198
3462.465
3484.177
3484.177
3481.797
3464.215
3464.215
3427.038
3431.852
3457.055
3456.584
3456.584
3454.02
3454.02
3446.904
3446.904
3454.02
3456.584
3477.131
3250.361
3250.802
3267.976
3490.985
3263.313
3452.16
3452.16
3445.852
3445.852
3221.122
3445.852
3439.544
3439.544
3455.916
3455.916
3230.53
3032.742
3038.278
3047.054
3467.619
3426.049
3426.049
3434.392
3438.206
3213.976
3438.206
3439.741
3439.741
3417.102
3419.805
3420.294
3399.747
3405.416
3418.113
3455.291
3455.128
3454.965
3486.526
3485.916
3518.009
3526.352
3523.096
3293.329
3091.696
3093.411
3525.049
3464.387
3466.34
3466.34
3456.922
3476.334
3249.617
3253.563
3460.009
3437.369
3437.369
3439.323
3438.834
3443.439
3443.439
3482.265
3482.265
3482.102
3469.404
3462.387
3430.294
3434.515
3210.524
3432.98
3432.98
3414.608
3414.137
3393.59
3386.474
3383.91
3351.189
3360.084
3329.683
3112.53
3325.032
3250.494
3229.285
3227.849
3208.436
3204.622
3204.622
3213.517
3195.145
3195.145
3191.962
3187.311
3207.858
3224.788
3226.224
3247.433
3321.971
3342.407
3124.424
3342.407
3375.128
3370.523
3378.866
3409.267
3413.919
3409.314
3186.967
3388.105
3387.477
3384.465
3379.651
3437.849
3442.663
3439.959
3444.61
3444.61
3219.962
3236.397
3038.25
3452.192
3435.68
3472.858
3468.706
3443.299
3443.299
3443.299
3417.892
3408.125
3429.334
3420.991
3449.48
3449.951
3482.672
3477.683
3477.683
3477.195
3440.017
3440.715
3437.703
3444.82
3451.797
3455.052
3459.203
3233.603
3250.038
3051.056
2875.034
2718.214
2577.616
3476.785
3477.395
3480.651
3473.151
3246.641
3469.895
3489.308
3261.745
3447.738
3222.886
3410.561
3418.061
3195.144
3242.223
3252.755
3272.582
3275.109
3074.592
2897.212
2739.182
2597.5
2469.754
3503.605
3523.017
3520.006
3520.765
3537.276
3544.776
3313.595
3324.128
3518.012
3518.012
3501.5
3509.843
3538.331
3538.331
3531.616
3549.988
3549.36
3544.709
3565.145
3545.087
3554.855
3586.416
3586.416
3647.078
3647.078
3642.474
3642.474
3667.544
3664.532
3643.323
3623.265
3618.613
3382.617
3175.518
3616.233
3628.93
3581.602
3583.904
3579.692
3547.948
3549.483
3549.483
3587.157
3353.212
3584.855
3351.06
3145.893
3570.657
3576.326
3576.326
3343.087
3576.326
3588.57
3588.57
3578.57
3573.919
3573.919
3573.919
3611.096
3598.398
3598.398
3586.154
3591.142
3704.724
3707.105
3706.477
3698.134
3723.337
3741.709
3751.477
3753.439
3508.649
3742.172
3732.195
3732.195
3757.398
3769.119
3764.131
3782.968
3794.235
3806.933
3558.655
3804.631
3825.84
3576.329
3816.631
3842.038
3880.07
3861.233
3886.302
3875.401
3853.689
3853.689
3850.985
3852.985
3841.718
3841.555
3844.119
3865.328
3848.48
3847.782
3596.84
3617.579
3847.712
3843.561
3592.894
3600.693
3837.945
3837.945
3837.945
3799.913
3799.913
3800.672
3800.672
3800.201
3783.689
3756.584
3756.584
3756.584
3755.826
3746.407
3762.919
3517.511
3518.22
3302.819
3303.232
3303.783
3312.048
3120.969
3735.369
3768.09
3768.09
3767.619
3763.398
3741.686
3763.872
3763.872
3815.355
3831.215
3832.75
3832.262
3582.332
3586.832
3602.582
3848.256
3838.837
3877.663
3899.375
3877.663
3888.93
3888.93
3904.791
3650.13
3651.473
3904.692
3911.407
3859.924
3859.924
3898.75
3891.25
3890.64
3870.093
3860.674
3608.891
3387.939
3860.674
3855.006
3845.006
3847.308
3842.703
3880.735
3871.317
3883.561
3884.172
3875.828
3913.006
3904.663
3884.227
3859.023
3607.348
3851.523
3842.628
3838.416
3827.148
3821.48
3819.945
3871.427
3873.869
3870.055
3859.154
3891.875
3891.875
3638.057
3886.206
3886.206
3886.817
3864.177
3866.881
3614.693
3866.881
3888.09
3888.09
3891.102
3911.16
3949.192
3948.433
3998.797
4000.759
4002.294
3741.274
3512.217
3309.589
4000.294
3989.619
3986.916
3726.899
3498.722
3296.873
3317.714
3354.06
3171.111
3172.234
4057.509
4032.305
4021.038
4014.323
3992.137
3967.067
3892.529
3917.599
3929.843
3901.355
3646.918
3666.745
3442.25
3922.564
3666.745
3686.571
3688.44
3462.617
3941.169
3938.788
3944.456
3928.596
3926.634
3670.549
3678.348
3925
3943.372
3939.151
3939.151
3939.622
3939.134
3955.645
3923.552
3885.52
3632.117
3885.52
3885.049
3885.808
3874.907
3843.346
3592.693
3839.195
3837.66
3587.378
3835.096
3834.337
3837.593
3837.593
3816.384
3874.581
3878.395
3878.395
3869.849
3869.849
3869.849
3617.467
3395.99
3405.357
3408
3408.143
3426.173
3427.929
3230.163
3245.356
3068.336
2909.629
2937.825
3962.648
3704.215
3962.648
3962.16
3973.427
3940.706
3961.142
3969.689
3985.549
3985.549
3971.59
3970.892
3970.422
3949.985
3946.172
3946.172
3923.985
3923.985
3923.985
3923.515
3918.863
3914.049
3897.201
3896.712
3888.369
3885.927
3885.927
3885.927
3860.858
3860.858
3860.858
3855.869
3855.869
3855.706
3604.247
3383.579
3830.299
3830.299
3830.299
3830.299
3798.555
3782.044
3774.927
3757.997
3755.294
3744.392
3740.172
3740.172
3727.474
3727.474
3725.939
3725.939
3725.939
3708.358
3703.544
3703.544
3702.009
3702.009
3627.471
3627.471
3627.471
3623.259
3623.259
3586.081
3574.814
3574.814
3572.25
3550.157
3545.169
3527.587
3502.384
3502.384
3502.384
3504.948
3516.215
3516.215
3516.215
3516.215
3468.887
3468.276
3429.451
3427.451
3427.451
3427.451
3427.451
3421.142
3409.875
3409.404
3404.59
3410.898
3188.448
2993.237
3372.073
3365.096
3365.096
3327.919
3320.419
3311.209
3302.314
3302.314
3281.105
3230.741
3180.378
3180.378
3170.378
3145.174
3145.174
3086.977
3036.613
3015.404
2977.372
2977.372
2977.372
2975.419
2938.241
2912.834
2881.273
2881.273
2830.91
2792.878
2804.145
2807.328
2818.003
2830.701
2830.701
2830.701
2830.863
2646.242
2830.863
2830.863
2809.654
2801.311
2801.311
2800.552
2799.924
2799.924
2799.924
2799.453
2790.035
2773.523
2592.641
2628.935
2629.644
2645.079
2645.519
2654.323
2654.91
2680.247
2855.974
2804.491
2782.305
2782.305
2770.061
2737.34
2737.34
2732.689
2729.677
2726.494
2726.494
2709.983
2698.715
2696.151
2707.419
2709.983
2701.64
2684.709
2684.709
2684.709
2643.14
2641.186
2632.843
2629.029
2629.029
2628.401
2628.401
2595.68
2584.413
2581.23
2568.532
2557.858
2569.125
2581.823
2592.497
2595.68
2544.198
2544.198
2523.762
2514.552
2481.831
2465.459
2458.343
2455.901
2455.901
2423.808
2423.808
2407.948
2389.11
2366.924
2348.552
2339.343
2329.576
2329.576
2318.308
2302.448
2299.265
2296.561
2292.41
2270.224
2260.224
2227.503
2152.965
2155.669
2165.669
2169.82
2192.006
2266.544
2299.265
2302.448
2291.773
2280.506
2267.808
2264.625
2236.137
2239.32
2252.017
2252.017
2263.285
2273.959
2254.547
2229.343
2154.805
2152.805
2122.404
2111.73
2100.009
2088.741
2083.073
2079.89
2067.645
2067.645
2065.343
2054.076
2051.512
2062.779
2062.779
2065.343
2044.134
2035.238
2033.285
2031.849
2031.151
2026.93
2023.674
1986.497
1986.497
1958.009
1955.305
1953.305
1953.305
1942.631
1942.631
1939.619
1939.619
1939.456
1918.91
1900.538
1908.038
1918.712
1937.084
1937.247
1940.259
2034.27
2084.634
2105.18
2107.18
2096.506
2083.808
2072.541
2069.358
2080.625
2083.808
2096.506
2107.18
2107.18
2098.837
2086.14
2073.895
2054.483
2049.669
2049.669
2049.669
2049.669
2038.401
2038.401
2038.401
2035.698
2112.756
2115.591
2214.189
2254.076
2276.32
2288.137
2322.771
2366.369
2205.026
2325.649
2325.649
2305.29
2305.29
2283.741
2283.741
2283.741
2282.131
2276.186
2259.552
2259.552
2259.552
2252.936
2252.936
2250.439
2250.439
2250.439
2348.359
2348.359
2348.359
2343.705
2343.705
2342.122
2329.699
2315.699
2303.929
2300.42
2312.189
2326.189
2329.699
2342.122
2340.538
2340.538
2340.538
2339.865
2317.75
2314.923
2302.5
2299.962
2297.798
2289.529
2266.144
2266.144
2261.939
2219.131
2218.458
2218.458
2190.817
2190.817
2190.817
2218.458
2242.92
2325.103
2332.506
2329.881
2315.881
2312.372
2298.372
2285.949
2274.179
2288.179
2300.603
2312.372
2315.881
2313.718
2312.881
2257.353
2233.968
2230.378
2202.59
2135.705
2131.128
2131.128
2131.128
2127.538
2108.154
2108.154
2108.154
2108.154
2116.423
2121
2187.885
2191.474
2227.551
2283.08
2298.734
2318.119
2318.119
2308.92
2314.42
2149.104
2174.771
2184.199
2190.003
2201.539
2054.769
2090.294
2401.109
2382.532
2362.276
2320.737
2317.228
2305.458
2291.458
2279.035
2278.516
2269.317
2269.317
2269.317
2269.317
2241.676
2240.984
2230.599
2229.763
2186.955
2168.75
2168.75
2168.231
2138.346
2138.865
2242.519
2252.904
2295.712
2313.917
2314.609
2315.446
2150.057
2309.196
2267.263
2267.263
2244.731
2180.564
2152.923
2145.519
2020.288
2014.981
2014.981
2014.144
1957.381
1980.766
1980.766
1983.593
2007.532
1983.593
1983.593
1983.593
2052.787
2028.139
2142.146
2142.146
2142.146
2128.304
2126.418
2126.418
2126.218
2197.718
2197.918
2197.918
2197.918
2175.346
2175.346
2175.346
2167.596
2167.596
2167.596
2317.596
2325.346
2339.746
2317.175
2316.975
2307.761
2245.886
2232.771
2230.314
2114.814
2111.114
2085.871
2031.871
1985.146
1964.861
1954.361
1954.161
1945.911
1945.911
1945.911
1954.161
1966.161
2024.307
2024.507
2023.736
2023.736
1976.036
1955.75
1954.818
1943.246
1942.668
1827.168
1828.1
1875.8
1883.662
1884.392
1895.338
1914.527
1946.027
1946.574
1942.142
1855.517
1843.111
1839.97
1820.78
1808.111
1778.976
1773.382
1777.814
1790.483
1793.625
1806.03
1892.655
1921.791
1927.385
1946.574
1920.791
1912.986
1883.851
1797.226
1883.851
1909.635
1938.77
1946.574
1941.75
1941.75
1918
1914.5
1889.267
1876.172
1899.922
1925.155
1938.25
1941.75
1955.98
1960.804
1947.709
1899.399
1896.257
1896.257
1852.057
1827.409
1789.03
1775.761
1816.332
1863.057
1889.114
1940.186
1943.507
1790.072
1874.418
1887.168
1892.431
1913.747
1921.799
1926.115
1946.905
1988.974
1996.572
2096.207
2096.007
2096.207
2167.707
2017.707
2003.307
1995.557
2003.307
2017.707
2167.707
2158.493
2136.893
2132.893
2127.793
2053.264
2013.064
2116.568
2050.943
2056.352
2098.989
2103.231
2126.14
2066.521
2083.964
2093.179
2167.707
2166.775
2166.196
2132.896
2112.611
2111.839
2117.33
2105.057
2054.466
2055.08
2067.352
2102.67
2103.489
2104.477
2125.992
2248.492
2061.118
2215.826
2215.614
2187.322
2181.913
2172.822
2148.883
2172.822
2205.489
2210.898
2239.189
2239.402
2248.492
2254.492
2279.038
2282.379
2297.061
2301.606
2302.424
2304.981
2321.617
2322.254
2328.754
2330.625
2339.769
2343.11
2339.769
2325.087
2131.33
2144.788
2307.102
2278.193
2269.443
2172.318
2201.227
2209.977
2242.644
2339.769
2339.769
2325.087
2339.769
2343.11
2267.277
2267.064
2342.898
2343.11
2321.595
2199.095
2186.822
2185.833
2185.015
2185.015
2184.402
2149.083
1969.993
1970.899
1819.292
1819.811
1820.503
1830.888
1700.11
1717.015
2142.261
2138.739
2084.572
2056.936
2056.936
2042.254
1992.697
1895.572
1945.129
1988.159
2085.284
1979.968
1983.289
2034.361
2060.418
2175.918
2162.075
2158.925
2162.075
2175.918
2315.461
2132.661
1976.613
1841.844
1724.279
1620.823
1653.223
1665.228
1570.969
2352.839
2349.689
2323.014
2349.689
2375.746
2378.896
2365.054
2361.904
2347.504
2339.754
2189.754
2188.821
2168.536
2164.625
2155.411
2156.343
2160.254
2169.468
2189.754
2193.454
2205.454
2218.24
2218.949
2193.166
2185.361
2098.736
2069.601
2068.872
2068.872
2068.872
2067.99
2067.443
2056.497
2056.497
2037.307
2146.564
2147.294
2178.794
2197.983
2198.53
2199.412
2210.358
2255.48
2251.696
2231.264
2226.439
2209.939
2151.409
2199.818
2190.604
2150.404
2155.504
2172.946
2213.146
2275.021
2279.021
2288.236
2309.836
2255.48
2255.291
2187.655
2149.277
2100.966
2076.318
2073.176
1986.551
1942.351
1929.257
1820
1844.649
1847.791
1891.99
1905.084
1943.463
1797.703
1672.282
1563.22
1565.617
1566.057
1583.231
1602.438
1609.09
1584.443
1949.391
1948.872
1918.987
1876.179
1857.974
1754.321
1743.936
1743.099
1785.907
1889.561
1899.946
1918.151
1918.67
1919.506
1949.391
1950.083
1954.728
1959.804
1819.818
1858.39
1734.497
1626.091
2001.343
2001.343
2001.343
2001.343
2001.343
1959.804
1944.413
1819.183
1819.183
1834.574
1886.756
1943.519
1804.696
1811.881
1850.452
1873.167
1915.726
1788.011
2042.833
2042.314
1990.131
1982.285
1959.631
1956.804
1964.651
1987.304
1990.131
2042.314
2042.833
2063.09
2010.907
2003.503
1992.734
1992.554
2044.737
2055.506
2055.686
2063.09
2040.436
2020.179
2017.353
1965.17
1964.651
1956.804
1979.458
1979.978
1987.824
1990.651
2010.907
2063.09
2063.09
2063.09
2060.551
2060.551
2081.955
2138.718
2141.256
1988.31
2128.833
2101.192
2101.192
2060.202
2053.952
2043.798
2043.798
2038.298
2079.288
2110.699
2156.532
2162.782
2190.423
2195.923
2206.077
2218.5
2198.244
2190.397
2138.215
2115.561
2112.734
2112.215
2115.042
2122.888
2143.144
2143.663
2195.846
2218.5
2198.244
2190.397
2185.269
2164.5
2160.295
2152.891
2111.901
2119.304
2160.295
2164.5
2184.756
2189.885
2197.731
2218.5
2207.731
2207.058
2194.358
2190.858
2135.855
2127.584
2127.037
2103.159
2100.179
2078.828
1975.048
2027.231
2049.885
2057.731
2077.987
2078.506
2055.853
2003.67
1983.413
2087.645
2087.098
2078.828
2078.28
2077.399
2066.453
1957.196
1938.007
1906.507
1861.385
1860.655
1861.537
1721.922
1601.788
1497.323
1405.651
1324.555
1324.945
1252.675
1859.105
1834.456
1809.223
1833.872
1859.105
1862.084
1867.49
1900.598
1905.03
1906.814
1950.02
1969.047
2017.358
2075.889
2086.226
2080.875
2080.875
2080.875
2075.98
2032.196
2032.196
2058.061
2101.845
2106.74
2128.632
2133.983
2142.699
2104.672
2095.956
2075.524
2059.024
2102.154
2097.054
2035.179
2031.179
2051.879
2092.45
2095.45
2095.45
2092.129
2066.071
2019.346
2019.346
2019.346
2005.504
1964.932
2011.657
2103.232
2218.732
2232.575
2235.896
2153.416
2201.726
2226.375
2222.875
2199.125
2319.689
2304.646
2290.804
2264.129
2289.236
2304.279
2307.979
2321.821
2326.921
2353.596
2353.596
2352.664
2352.664
2335.514
2284.443
2284.443
2284.443
2283.864
2220.614
2220.614
2193.357
2147.071
2088.925
2088.925
2088.925
2088.925
2080.304
2126.589
1958.701
1815.381
1822.741
1698.463
1590.051
1494.648
1506.653
1525.733
1541.933
1558.628
1587.028
1603.723
1617.803
1698.653
1748.703
1770.263
2519.732
2514.075
2486.732
2440.446
2417.304
2412.129
2458.414
2467.629
2356.135
2382
2387.351
2392.247
2381.909
2376.503
2333.297
2284.986
2226.456
2224.672
2220.24
2201.213
2168.105
2226.635
2269.841
2099.603
2104.603
2122.203
2123.853
1975.677
1846.829
1733.758
2286.361
2286.361
2267.172
2379.575
2379.575
2354.332
2354.332
2364.582
2439.111
2246.549
2265.234
2288.484
2293.25
2309.046
2455.893
2409.168
2383.111
2379.789
2339.218
2223.718
2209.875
2118.3
2209.875
2250.446
2297.171
2300.493
2326.55
2142.875
1986.079
1997.896
2026.323
2030.323
2063.616
2069.215
2102.238
2124.494
2131.994
2133.948
2474.642
2465.926
2444.034
2439.139
2395.355
2369.49
2331.111
2326.679
2317.963
2281.071
2249.571
2247.301
2221.436
2223.575
2232.789
2235.189
2262.532
2267.218
2306.218
2431.018
2471.589
2276.464
2312.178
2315.079
2327.829
2527.357
2527.357
2527.357
2510.207
2510.207
2501.586
2474.329
2428.043
2428.043
2491.293
2542.364
2550.986
2597.271
2614.421
2614.993
2746.993
2801.997
2591.847
2801.997
2801.997
2801.997
2782.97
2724.439
2719.034
2719.034
2717.25
2674.044
2473.491
2483.053
2488.053
2492.153
2318.282
2319.817
2168.524
2035.758
1918.31
2687.287
2569.233
2569.233
2543.368
2504.99
2502.72
2465.828
2461.395
2579.449
2588.166
2614.03
2616.301
2654.679
2686.179
2723.071
2727.503
2724.524
2711.429
2724.524
2727.503
2724.524
2699.875
2674.642
2699.291
2724.524
2727.503
2719.699
2708.348
2653.345
2653.155
2650.885
2612.507
2494.453
2468.588
2464.155
2432.655
2395.764
2387.047
2425.426
2427.696
2432.128
2440.845
2472.345
2498.209
2310.844
2344.969
2526.831
2505.48
2501.047
2479.155
2435.949
2428.145
2422.74
2465.946
2470.378
2492.27
2497.676
2505.946
2513.75
2535.101
2532.122
2519.027
2522.007
2535.101
2498.209
2495.939
2487.223
2461.358
2461.358
2422.98
2391.48
2387.047
2391.48
2422.98
2431.696
2549.75
2455.404
2490.404
2514.942
2517.096
2514.269
2501.846
2323.143
2334.679
2479.269
2477.115
2472.91
2443.026
2434.756
2398.346
2286.346
2384.068
2205.263
2051.407
2058.907
1924.63
1806.796
1702.558
1609.691
1526.431
1528.138
1529.903
1558.688
1562.101
1485.277
1485.609
1512.418
1441.523
1452.617
1493.375
1426.507
1432.91
1453.91
2619.662
2619.662
2651.162
2670.351
2672.676
2472.225
2475.463
2497.431
2500.056
2509.619
2511.769
2513.919
2523.481
2531.025
2533.5
2854.857
2831.007
2854.857
2895.429
2666.842
2678.132
2690.211
2737.25
2774.618
2645.075
2460.535
2521.198
2530.965
2365.902
2395.902
2398.185
2413.62
2413.772
2421.761
2433.696
2438.995
2545.168
2547.696
2548.405
2392.38
2411.849
2413.605
2417.301
2482.712
2482.855
2488.747
3295.909
3257.53
3232.882
3146.257
3133.162
3088.963
3085.821
3085.821
3134.132
3172.51
3281.767
3325.966
3076.519
3088.631
3091.538
2875.849
2888.616
2905.128
2922.709
2732.098
2745.147
3412.885
3412.885
3412.885
3412.885
3412.885
3412.885
3412.885
3404.169
3406.439
3268.16
3303.16
3327.699
3335.968
3365.853
3370.058
3129.339
3129.506
3151.735
3163.735
3202.307
3204.354
3206.711
3268.818
3050.897
3108.864
2914.56
2743.115
2590.72
2454.366
2331.648
2346.294
2234.565
2248.514
2261.764
2272.938
2274.994
2277.827
2174.29
2187.604
2092.491
2099.284
2100.969
2102.953
2109.975
2128.92
2040.215
1958.607
1961.247
1885.814
1815.969
1818.21
1821.219
1821.469
1822.284
1757.202
1696.609
1701.552
1712.034
1712.267
1713.876
3821.571
3821.571
3817.365
3817.365
3817.365
3812.237
3802.429
3802.429
3802.429
3655.936
3673.107
3725.927
3730.805
3732.415
3736.415
3745.744
3775.622
3819.22
3785.927
3762.585
3760.537
3760.537
3725.902
3718.037
3714.037
3874.615
3597.857
3358
3388.333
3176.563
3179.979
3186.698
3188.448
3000.892
2834.176
2838.009
2840.051
2832.371
2688.352
2697.275
2697.631
2567.101
2589.117
2597.972
2478.065
2478.567
2478.983
2513.04
2514.056
2515.631
2577.823
2527.552
2532.119
2542.299
2543.558
3960.035
3950.035
3947.331
3914.61
3892.424
3817.887
3813.735
3816.439
3567.541
3349.12
3155.901
3158.534
2986.25
2994.068
2839.203
2699.57
2699.684
2704.971
2578.176
2462.735
2471.847
2486.086
2486.388
2379.829
2405.364
2306.514
2215.467
2131.335
2134.769
2056.668
2057.875
2074.704
2075.953
3948.817
3992.77
4021.259
3759.003
3528.86
3325.272
3143.893
2981.278
2984.976
3000.7
2853.125
4009.424
3747.94
3756.549
3758.375
3788.375
3794.935
3796.37
3808.304
3575.143
3575.755
3582
3583.714
3376.962
3379.846
4078.36
3812.38
3578.969
4075.98
4089.939
3823.204
3589.13
3618.11
3409.373
3412.005
4101.076
4094.099
4072.387
4072.224
4053.852
4049.701
4087.733
4104.244
3836.576
3843.098
3607.806
3623.929
3624.541
3628.918
3632.561
3654.561
3673.615
3673.758
4184.422
4184.422
4176.922
4176.922
4173.108
4173.108
4173.108
4141.363
4163.076
4170.052
4173.866
4194.302
3920.761
3941.565
3700.245
3704.622
3705.235
3707.878
3493.962
3508.5
3317.127
3319.673
3147.966
3148.315
3175.877
3019.686
4281.741
4277.529
4290.227
4300.901
4020.408
3774.26
3556.514
3559.005
3364.877
3190.832
4272.352
4303.913
4287.401
4007.788
4008.44
4008.88
3763.439
3782.492
3799.023
3579.849
4326.108
4319.09
4277.52
4226.038
4103.945
4089.985
4089.985
4052.311
4004.983
3891.401
3929.076
3672.832
3447.964
3460.214
3260.587
3082.736
2923.284
2779.516
2649.227
2530.604
2422.15
2322.61
3932.36
3675.902
3450.847
3251.76
3074.391
3076.88
3094.28
3097.88
2937.644
3945.892
3688.552
3940.224
3928.956
3923.968
3898.898
3861.721
3852.512
3810.942
3782.453
3807.523
3818.791
3823.779
3852.267
3889.445
3931.015
3940.224
3945.892
3954.788
3959.009
3963.823
3966.834
3973.549
3993.985
3993.985
4012.358
4006.689
3987.852
3968.439
3709.628
3482.508
3502.375
3981.102
4001.538
4006.189
4022.049
4024.003
4040.933
4018.747
4020.282
4024.433
3761.97
3531.645
3553.645
3348.627
4029.067
4031.631
3768.698
3992.805
3985.788
3725.845
3497.732
3530.357
3326.683
3145.227
2982.543
2984.353
2837.582
2839.303
2706.211
2585.037
2474.25
2532
2533.2
2546.538
4123.814
3854.87
3862.668
4132.157
4071.494
4087.866
4110.506
4101.959
4041.297
4044
4071.105
3805.598
3572.602
3366.49
3368.51
4073.076
3807.44
4064.18
4096.901
4093.89
3826.897
3592.597
3619.276
3624.25
4129.959
3860.614
3624.25
4125.355
4127.797
4136.692
3866.908
3868.25
3876.565
3879.092
3641.597
4148.968
3878.383
4137.247
3867.427
3888.166
3901.215
3662.365
3451.075
3262.834
4157.532
4063.52
3798.508
4063.049
3798.068
4042.613
4039.358
4053.555
3789.193
3557.202
4044.346
3780.584
3549.12
4044.346
4069.416
4037.323
4037.323
4041.137
4052.404
4053.163
4055.125
4054.497
4051.933
4051.933
4054.945
3790.492
4054.945
4070.805
4092.015
4092.015
4092.642
4080.398
4087.515
4109.227
4080.738
4089.634
3822.918
3588.862
4086.378
4108.564
4112.378
4051.715
4058.023
3793.37
4058.023
4074.872
4100.076
4097.634
3830.397
4094.93
4122.035
4123.988
4109.791
4114.012
4110.828
3842.731
4101.061
3833.601
3844.133
4093.491
4093.491
4100.206
3832.802
3837.465
3602.518
3626.304
4126.631
4125.933
4125.933
3856.851
3860.416
4127.747
4133.416
3863.845
4116.904
4114.602
3846.258
4073.032
4073.032
3807.399
4071.497
3805.965
3572.946
4051.061
4057.369
4095.044
4120.247
4123.503
3854.579
4116.485
4116.485
4122.154
4144.794
4145.282
4145.282
3874.938
4136.735
4136.735
4131.747
4131.747
4099.654
4083.794
4079.142
4079.142
3813.111
3817.049
3821.397
4088.006
4085.302
4048.125
4046.125
3971.587
3971.587
3969.285
3968.587
3709.766
3968.424
3969.183
3952.672
3694.889
3950.291
3692.663
3728.215
3734.111
3740.389
3511.385
3968.323
3937.922
3681.101
3899.89
3645.549
3422.352
3892.39
3638.538
3640.364
3894.343
3640.364
3644.668
3898.948
3906.448
3864.878
3831.855
3828.843
3579.136
3588.462
3368.76
3838.82
3801.642
3774.538
3528.372
3530.207
3776.5
3530.207
3744.756
3755.43
3736.017
3642.006
3652.68
3670.262
3663.145
3667.366
3698.927
3457.693
3468.226
3703.48
3703.48
3710.456
3677.735
3673.084
3644.596
3640.782
3639.247
3630.352
3613.98
3576.802
3526.439
3484.869
3257.595
3265.91
3269.476
3069.304
3073.385
2896.075
2909.613
2940.356
2941.625
3557.314
3596.14
3606.14
3602.956
3605.66
3605.66
3603.66
3608.311
3586.599
3618.343
3620.724
3631.625
3648.137
3410.215
3648.137
3610.105
3577.081
3483.07
3483.07
3471.802
3430.233
3427.529
3430.233
3468.265
3479.532
3500.741
3533.765
3627.776
3669.346
3430.041
3656.578
3418.106
3418.693
3657.206
3418.693
3643.247
3405.644
3640.945
3692.427
3451.617
3665.323
3678.09
3694.602
3581.02
3347.476
3581.02
3582.983
3349.31
3582.82
3570.052
3565.901
3333.342
3129.26
3548.32
3544.506
3576.599
3576.11
3576.11
3573.669
3340.603
3340.755
3358.364
3591.134
3593.134
3358.799
3374.103
3609.506
3626.436
3619.721
3619.721
3619.25
3616.808
3616.808
3380.929
3616.808
3616.808
3627.709
3632.523
3632.523
3641.733
3404.228
3641.57
3620.36
3578.791
3588.209
3588.209
3588.209
3581.093
3347.543
3142.592
3581.093
3568.395
3568.395
3572.547
3552.11
3556.262
3535.826
3519.453
3289.924
3519.453
3497.741
3497.741
3497.741
3491.433
3513.619
3507.951
3279.171
3507.951
3486.741
3484.177
3462.465
3236.652
3038.49
2863.192
3462.465
3462.465
3449.698
3470.244
3470.244
3472.244
3473.003
3491.84
3501.608
3273.242
3277.188
3496.933
3497.631
3269.524
3288.274
3290.557
3089.094
3108.148
3541.843
3538.66
3307.878
3525.892
3534.788
3523.52
3503.084
3500.073
3487.828
3483.677
3461.965
3461.965
3474.209
3477.221
3475.221
3472.919
3472.919
3246.424
3265.527
3286.266
3497.959
3269.832
3274.495
3074.015
2896.668
3502.948
3509.256
3280.391
3282.543
3511.558
3511.558
3460.076
3234.418
3235.005
3440.267
3441.802
3442.273
3444.235
3219.611
3022.492
3444.235
3423.026
3423.026
3430.142
3430.142
3421.247
3421.247
3442.456
3442.456
3458.828
3458.828
3458.828
3458.828
3458.828
3233.253
3455.817
3457.253
3457.253
3453.997
3453.997
3228.736
3237.052
3038.865
3080.398
3094.888
3099.265
3529.34
3507.154
3507.913
3507.913
3505.959
3505.959
3504.424
3522.797
3490.703
3263.049
3490.703
3500.703
3575.241
3554.032
3322.247
3330.236
3562.578
3563.337
3525.663
3521.442
3291.783
3521.279
3521.279
3291.63
3295.935
3503.244
3274.772
3277.054
3501.872
3501.872
3501.872
3511.849
3605.86
3605.86
3370.696
3601.256
3594.279
3604.047
3610.762
3550.099
3549.628
3560.302
3529.901
3518.634
3518.797
3518.797
3289.31
3087.923
3507.529
3484.89
3257.614
3484.89
3484.89
3257.614
3298.701
3506.657
3509.038
3531.294
3529.34
3528.852
3528.852
3525.038
3295.144
3499.968
3271.709
3279.698
3508.515
3506.552
3502.331
3497.343
3505.686
3503.733
3510.448
3526.82
3526.349
3512.151
3509.14
3487.427
3489.869
3478.968
3489.869
3496.985
3494.544
3477.695
3444.672
3220.019
3235.769
3238.052
3463.334
3488.538
3489.148
3526.823
3526.823
3549.462
3539.462
3534.858
3555.294
3561.602
3570.148
3578.491
3345.111
3578.491
3569.596
3568.898
3561.782
3565.596
3566.355
3573.855
3340.777
3571.901
3571.901
3571.901
3573.863
3569.651
3602.674
3571.113
3603.834
3368.802
3376.601
3607.189
3607.189
3611.401
3578.378
3558.965
3554.151
3554.849
3563.744
3596.767
3598.73
3364.03
3595.241
3607.939
3372.639
3383.171
3497.113
3465.369
3470.02
3482.265
3255.16
3482.265
3482.875
3255.731
3286.318
3085.115
3511.445
3516.096
3493.84
3491.459
3490.701
3534.654
3534.654
3516.282
3491.212
3524.235
3520.747
3513.73
3508.741
3508.113
3505.549
3492.782
3491.346
3489.384
3488.895
3493.884
3495.32
3267.364
3279.299
3078.526
3078.954
3079.505
2901.841
2903.464
3506.352
3501.363
3490.462
3485.648
3411.11
3394.599
3394.599
3395.227
3391.413
3366.343
3366.343
3146.799
3355.669
3352.965
3427.503
3444.015
3448.828
3451.532
3462.433
3236.622
3246.601
3047.829
3473.108
3472.637
3471.939
3470.404
3470.404
3470.404
3471.102
3473.102
3468.497
3242.291
3468.497
3464.276
3464.276
3464.276
3238.345
3464.276
3501.453
3505.674
3505.674
3494.407
3515.616
3490.413
3484.744
3484.744
3535.108
3538.291
3538.453
3527.779
3527.779
3527.779
3527.779
3483.826
3483.826
3488.038
3260.557
3261.128
3488.648
3455.927
3474.299
3247.715
3465.956
3465.956
3428.282
3428.282
3428.282
3428.282
3428.282
3428.282
3428.282
3414.323
3414.323
3400.363
3378.177
3378.34
3380.34
3377.776
3382.381
3393.648
3172.323
3175.584
3395.174
3402.674
3380.035
3159.598
3380.035
3380.035
3393.994
3398.145
3398.773
3177.114
3360.741
3421.404
3421.404
3430.299
3413.788
3382.227
3384.529
3384.529
3390.837
3388.395
3377.721
3419.291
3425.599
3403.887
3401.933
3403.887
3181.894
2987.084
3403.887
3389.927
3410.474
3394.102
3371.846
3376.66
3156.443
3376.66
3380.811
3160.323
2966.834
2795.671
3380.811
3160.323
3173.372
3394.012
3397.195
3397.195
3416.608
3416.608
3424.108
3438.067
3438.067
3448.968
3448.968
3523.506
3523.506
3526.209
3526.209
3535.105
3542.081
3560.453
3561.988
3561.988
3329.685
3332.5
3344.435
3139.673
3550.663
3539.395
3539.395
3542.651
3311.609
3346.826
3141.918
3561.488
3594.512
3594.512
3602.855
3602.855
3602.855
3586.483
3585.047
3568.535
3568.535
3579.436
3558.89
3568.099
3575.076
3575.076
3578.89
3593.087
3576.157
3579.34
3599.776
3604.59
3601.887
3604.451
3604.451
3610.119
3374.677
3431.383
3221.298
3650.346
3682.439
3683.974
3443.715
3498.117
3283.946
3740.735
3735.747
3739.561
3746.538
3771.945
3782.619
3785.802
3783.849
3792.744
3824.305
3824.305
3574.894
3780.352
3780.352
3854.89
3871.401
3618.918
3864.285
3864.285
3857.57
3859.532
3884.735
3631.383
3884.735
3884.735
3884.735
3880.515
3880.515
3890.491
3636.764
3889.863
3883.555
3630.28
3883.555
3880.852
3906.259
3651.503
3902.445
3886.073
3886.073
3879.358
3879.358
3832.029
3829.587
3822.872
3785.695
3766.858
3762.206
3743.834
3736.718
3732.904
3739.619
3744.27
3748.084
3766.922
3774.038
3811.215
3829.587
3579.832
3596.266
3596.976
3831.416
3831.416
3830.657
3832.657
3582.701
3592.679
3827.471
3827.471
3577.853
3790.294
3786.48
3781.828
3772.933
3772.933
3772.933
3771.398
3771.398
3755.026
3510.133
3295.227
3105.118
3108.964
3110.233
2940.584
2788.485
2651.346
2527.064
3752.317
3507.601
3525.209
3748.515
3756.015
3733.828
3724.061
3720.247
3724.898
3708.049
3717.468
3738.677
3741.381
3497.378
3506.508
3511.171
3753.695
3748.706
3751.89
3507.201
3751.89
3751.89
3507.201
3751.89
3752.052
3752.052
3742.634
3743.105
3740.663
3739.904
3745.573
3749.785
3749.785
3743.07
3498.957
3501.182
3286.824
3743.009
3743.009
3498.899
3720.823
3720.823
3716.172
3721.16
3688.439
3688.439
3710.625
3707.613
3717.381
3717.381
3697.323
3715.695
3717.648
3717.648
3475.193
3262.426
3267.962
3079.425
3723.956
3723.956
3734.631
3734.631
3491.068
3501.601
3745.201
3651.189
3413.068
3649.227
3649.227
3645.076
3635.099
3635.099
3638.587
3635.884
3633.922
3646.619
3668.805
3657.538
3630.433
3597.41
3597.247
3362.644
3597.247
3602.235
3602.235
3593.689
3359.318
3367.117
3160.967
3194.028
3602.032
3599.59
3599.427
3619.863
3619.863
3383.785
3385.128
3406.291
3197.742
3214.273
3028.834
3625.599
3625.599
3616.39
3616.39
3616.39
3615.631
3610.98
3619.526
3617.573
3381.644
3174.605
3617.573
3617.573
3619.953
3624.166
3628.98
3618.078
3609.735
3609.735
3602.759
3600.797
3600.797
3365.962
3159.883
3595.128
3590.907
3356.717
3590.297
3593.308
3597.459
3594.756
3594.756
3594.756
3619.826
3619.826
3640.372
3640.372
3622
3620
3620
3620
3594.797
3573.587
3535.555
3502.532
3491.265
3488.561
3488.561
3394.549
3352.98
3352.98
3344.084
3344.084
3332.817
3329.634
3331.596
3342.863
3335.363
3317.782
3348.183
3347.573
3361.77
3362.529
3380.901
3378.901
3378.901
3382.157
3382.157
3372.18
3372.18
3399.285
3421.541
3423.076
3423.076
3439.587
3448.797
3439.029
3428.355
3444.727
3444.727
3430.767
3439.977
3215.63
3234.734
3235.386
3251.821
3052.73
3476.39
3483.366
3485.808
3480.994
3480.994
3459.785
3463.041
3456.733
3231.293
3242.739
3251.348
3052.286
3068.408
2891.385
2733.673
3496.558
3496.558
3500.779
3507.494
3507.494
3278.745
3507.494
3504.238
3275.701
3465.413
3479.61
3479.61
3252.679
3478.852
3251.97
3472.544
3472.544
3486.741
3484.779
3257.511
3265.31
3275.288
3295.114
3296.457
3094.633
3522.628
3530.128
3530.128
3528.128
3528.128
3534.843
3527.343
3536.238
3544.581
3544.581
3555.256
3555.256
3504.892
3276.313
3500.241
3448.759
3458.759
3456.195
3463.311
3457.003
3457.003
3440.073
3454.032
3474.468
3442.907
3426.395
3417.5
3419.453
3437.826
3417.39
3194.516
2998.934
3412.576
3396.064
3433.738
3429.587
3471.157
3471.157
3471.157
3593.25
3593.25
3667.788
3665.407
3658.43
3651.453
3683.198
3690.698
3668.985
3668.288
3671.299
3671.299
3431.867
3660.398
3672.642
3672.015
3432.535
3664.515
3655.305
3659.956
3421.264
3649.956
3575.419
3575.419
3543.326
3505.651
3516.326
3543.43
3543.43
3560.36
3539.814
3527.047
3529.75
3532.131
3499.41
3499.41
3481.828
3462.991
3462.991
3456.683
3454.381
3393.718
3386.602
3393.317
3430.991
3433.433
3444.701
3220.046
3227.057
3228.883
3454.154
3449.549
3224.579
3027.156
3034.962
3458.445
3455.741
3450.753
3463.451
3444.613
3444.613
3451.631
3463.875
3463.875
3463.875
3488.945
3488.474
3490.427
3486.215
3486.215
3467.843
3487.901
3488.064
3483.459
3483.459
3487.273
3487.11
3508.823
3497.555
3507.532
3508.142
3539.703
3530.808
3544.767
3544.767
3571.872
3583.14
3582.529
3582.529
3599.378
3643.331
3643.82
3642.285
3404.745
3196.291
3640.75
3662.462
3423.606
3587.924
3578.506
3560.134
3577.715
3587.134
3587.134
3587.134
3576.459
3578.901
3345.495
3355.685
3391.978
3184.306
3628.465
3628.465
3630.419
3625.43
3625.43
3627.733
3619.39
3383.342
3613.721
3614.48
3647.503
3672.91
3647.503
3409.622
3422.671
3661.462
3653.962
3415.66
3652.427
3657.078
3659.381
3655.892
3622.869
3655.59
3655.59
3652.407
3627.203
3645.576
3649.797
3627.541
3638.808
3649.483
3649.483
3656.198
3656.198
3661.012
3661.012
3644.64
3661.488
3652.942
3652.244
3643.349
3643.349
3643.349
3643.349
3641.387
3630.485
3647.416
3656.311
3676.369
3666.369
3662.148
3652.381
3414.182
3620.288
3620.759
3610.084
3551.887
3524.782
3561.959
3561.959
3561.959
3549.262
3555.977
3324.065
3120.551
3552.488
3554.451
3550.238
3581.983
3614.076
3620.384
3621.82
3621.192
3646.395
3669.035
3647.826
3648.523
3639.628
3402.261
3412.793
3203.847
3230.526
3681.297
3686.285
3698.529
3693.878
3693.715
3452.821
3686.738
3680.023
3680.023
3668.756
3665.5
3621.547
3621.547
3621.547
3608.779
3604.965
3622.547
3622.547
3618.395
3593.192
3594.628
3617.267
3656.093
3655.334
3688.055
3694.363
3703.782
3705.744
3704.985
3725.422
3725.422
3744.259
3744.259
3732.015
3748.526
3740.183
3741.718
3719.462
3777.66
3798.096
3550.394
3796.66
3821.73
3821.73
3821.73
3809.032
3560.617
3806.651
3809.834
3806.578
3558.323
3804.578
3800.358
3803.541
3781.355
3783.308
3764.936
3764.936
3764.936
3690.398
3685.584
3687.965
3654.942
3644.041
3666.297
3666.297
3657.75
3666.959
3666.959
3666.959
3653
3675.64
3667.093
3427.935
3218.061
3234.184
3237.88
3682.177
3676.509
3670.201
3670.201
3670.201
3670.201
3665.549
3664.015
3664.015
3664.015
3664.015
3664.015
3665.549
3670.201
3679.096
3720.666
3737.038
3493.318
3279.441
3312.066
3315.413
3348.038
3375.895
3816.549
3813.538
3775.863
3766.968
3760.66
3763.102
3800.776
3810.753
3809.994
3802.494
3785.983
3782.799
3774.456
3772.922
3768.709
3781.477
3534.859
3558.418
3340.556
3806.68
3558.418
3806.68
3558.418
3566.217
3582.652
3586.217
3594.826
3845.628
3871.035
3869.081
3867.645
3919.128
3921.57
3665.815
3918.387
3914.235
3914.235
3914.933
3919.084
3926.584
3928.965
3931.669
3932.427
3921.753
3918.57
3927.779
3671.62
3907.343
3898.134
3898.134
3928.535
3934.203
3948.163
3976.651
3957.238
3973.75
3966.25
3966.25
3707.582
3480.587
3963.238
3988.308
3974.11
3995.32
3998.023
3998.186
4001.369
4001.369
3982.532
3722.802
3972.765
3974.299
3955.927
3965.927
3957.584
3699.481
3703.427
3961.805
3901.142
3908.119
3908.119
3909.654
3910.142
3888.933
3889.404
3963.942
3705.424
3963.942
3996.035
3735.424
3506.724
3984.767
3724.891
3728.829
3730.981
3966.212
3965.602
3968.785
3958.808
3959.506
3701.277
3736.829
3508.043
3955.968
3953.968
3953.34
3942.666
3938.515
3681.655
3688.307
3934.956
3948.916
3939.706
3939.706
3937.753
3953.613
3939.654
3946.672
3955.218
3962.235
3961.477
3961.477
3965.698
3965.698
3707.065
3965.698
3976.372
3976.372
3986.349
3986.349
3975.674
3972.491
3989.003
3989.003
3980.108
3954.701
3971.549
3971.549
3988.48
3988.009
3988.009
3987.52
3727.465
3987.52
3987.52
3987.52
3987.52
4008.73
4030.442
3767.587
3536.918
3553.041
3348.058
4011.14
3986.07
3976.86
3976.86
3987.762
4008.198
4008.198
4001.221
4042.791
3779.13
3799.87
3800.022
4054.238
4033.692
4050.064
4060.965
4072.233
3806.652
3573.592
3950.14
3945.151
3937.651
3943.32
3943.32
3686.147
3460.464
3910.297
3910.297
3655.277
3431.485
3889.86
3906.709
3944.741
3944.741
3930.544
3968.576
3968.576
3924.622
3920.401
3915.75
3907.407
3896.506
3917.715
3895.529
3904.948
3905.11
3905.581
3895.581
3641.522
3657.348
3905.797
3651.071
3427.536
3866.971
3918.453
3900.081
3950.445
3950.445
3968.817
3962.509
3704.084
3960.206
3958.77
3956.067
3698.063
3956.067
3960.218
3960.846
3973.544
3971.163
3956.965
3931.762
3675.342
3931.762
3936.413
3933.971
3934.134
3677.56
3713.853
3950.32
3950.32
3972.959
3977.11
3979.073
3979.073
3719.568
3732.617
3993.032
3991.07
3995.674
3998.238
3996.276
3954.706
3696.791
3705.399
3707.552
3949.706
3910.881
3915.032
3918.288
3901.916
3647.443
3889.218
3897.765
3898.523
3876.811
3874.509
3621.823
3630.954
3879.462
3868.788
3866.826
3862.613
3894.706
3894.706
3872.067
3834.392
3866.485
3941.023
3979.849
3972.831
3981.727
3985.878
3996.552
3996.552
3991.738
4012.948
4014.384
4013.625
4011.672
4022.573
4020.131
4020.828
3989.084
3992.096
3917.558
3920.262
3664.592
3913.953
3913.953
3946.674
3985.5
3725.576
3985.5
3987.881
3727.802
3728.454
3732.334
3971.52
3975.334
3965.358
3934.956
3678.329
3922.712
3666.883
3921.276
3900.84
3896.189
3896.189
3895.491
3895.491
3878.561
3878.561
3858.125
3857.962
3841.113
3838.102
3831.387
3814.875
3803.608
3780.968
3755.561
3755.561
3755.561
3755.561
3751.747
3734.166
3725.823
3688.645
3666.933
3645.724
3608.049
3601.334
3580.898
3580.898
3573.922
3573.759
3573.061
3556.549
3538.177
3519.805
3492.701
3489.997
3489.997
3477.753
3463.794
3463.794
3452.526
3452.055
3452.055
3440.788
3403.61
3403.61
3401.169
3397.355
3397.355
3365.794
3362.61
3345.029
3345.029
3345.029
3336.134
3315.698
3315.698
3311.547
3278.826
3278.826
3278.826
3276.384
3253.744
3243.744
3243.744
3231.5
3229.198
3210.826
3196.866
3192.654
3182.677
3177.689
3177.689
3170.573
3165.922
3159.613
3134.544
3114.108
3099.91
3099.91
3099.439
3090.892
3090.892
3090.134
3080.924
3039.355
3039.355
3039.355
3032.337
3029.154
3009.096
3007.142
2994.375
2994.375
2980.416
2980.416
2948.672
2941.956
2916.549
2897.712
2893.898
2892.363
2892.363
2883.468
2846.291
2829.919
2825.267
2783.698
2783.698
2785.233
2835.596
2864.084
2901.262
2942.831
2951.727
2956.378
2972.75
2976.564
2969.448
2969.448
2962.733
2962.733
2962.733
2959.549
2941.968
2939.587
2939.587
2922.006
2919.625
2907.381
2907.381
2901.712
2864.038
2864.038
2864.038
2861.596
2854.096
2837.166
2835.631
2818.782
2818.294
2804.334
2793.66
2761.567
2752.148
2750.613
2750.613
2733.683
2729.869
2729.869
2696.846
2671.642
2671.642
2671.642
2669.689
2659.015
2654.794
2654.096
2654.096
2644.887
2616.398
2610.73
2599.462
2574.392
2569.404
2527.834
2490.657
2515.727
2552.904
2386.41
2391.073
2396.372
2406.905
2415.514
2267.625
2584.038
2532.555
2530.174
2503.07
2503.07
2472.669
2470.715
2470.715
2438.622
2418.564
2368.201
2349.828
2349.828
2340.933
2333.916
2333.916
2282.433
2263.02
2263.02
2260.718
2293.741
2345.224
2347.526
2366.939
2356.038
2351.887
2349.584
2349.584
2316.863
2285.119
2284.491
2252.398
2244.055
2236.555
2225.288
2215.869
2190.799
2162.311
2161.613
2160.855
2086.317
2028.119
2028.119
2018.91
1980.878
1958.238
1935.983
1922.023
1922.023
1920.061
1910.294
1889.084
1886.703
1884
1879.395
1863.535
1862.099
1848.14
1848.14
1848.14
1835.442
1835.442
1831.23
1831.23
1827.009
1810.16
1772.128
1771.965
1761.291
1742.919
1726.07
1726.07
1726.07
1717.523
1714.512
1682.419
1681.948
1665.017
1663.483
1663.483
1663.483
1646.971
1646.273
1637.064
1620.692
1616.541
1616.541
1594.355
1667.774
1667.774
1648.506
1644.506
1637.463
1630
1591.009
1586.131
1566.375
1570.375
1575.253
1594.521
1633.512
1653.268
1660.311
1667.774
1667.774
1627.887
1627.887
1625.198
1613.765
1607.82
1604.482
1594.823
1594.823
1584.945
1574.482
1563.049
1562.878
1558
1517.28
1517.28
1514.445
1511.03
1510.86
1456.866
1456.866
1416.146
1414.088
1414.088
1404.423
1404.423
1348.894
1347.202
1301.369
1297.163
1265.753
1255.946
1214.955
1209.827
1191.776
1193.468
1203.276
1208.404
1254.237
1309.766
1313.971
1354.962
1373.013
1404.423
1404.423
1475.514
1533.771
1522.843
1482.643
1434.943
1434.943
1409.836
1409.836
1409.836
1394.793
1393.936
1390.236
1390.236
1390.236
1395.336
1422.011
1435.854
1439.554
1464.661
1479.704
1474.604
1474.604
1474.604
1498.454
1539.025
1423.525
1392.725
1401.299
1379.966
1351.674
1324.038
1324.038
1351.674
1355.015
1383.307
1377.307
1352.761
1352.761
1352.761
1378.057
1402.602
1380.648
1377.466
1377.466
1380.648
1423.678
1445.633
1380.008
1375.038
1337.917
1316.583
1268.14
1256.549
1254.549
1248.489
1194.322
1183.451
1231.894
1243.485
1264.818
1318.985
1323.955
1389.58
1310.534
1289.019
1262.246
1256.758
1258.758
1264.818
1246.629
1246.629
1210.393
1220.643
1295.171
1315.457
1342.6
1359.75
1384.993
1390.168
1389.968
1363.293
1354.721
1323.921
1380.22
1374.811
1407.477
1431.417
1436.826
1437.038
1446.129
1474.42
1530.028
1523.577
1511.238
1441.379
1436.089
1433.96
1376.298
1324.73
1302.02
1256.214
1229.286
1275.093
1302.02
1292.149
1240.581
1234.129
1208
1198.685
1193.395
1167.911
1219.48
1229.351
1254.835
1260.125
1269.44
1295.569
1302.02
1298.464
1268.347
1238.927
1235.177
1221.306
1216.891
1216.891
1216.891
1216.891
1216.891
1221.306
1235.177
1240.935
1344.327
1375.101
1420.488
1424.238
1417.319
1409.456
1374.681
1359.052
1359.052
1307.484
1307.484
1384
1397.655
1459.293
1476
1483.397
1538.522
1478.778
1513.552
1521.415
1494.488
1468.359
1495.286
1521.415
1521.415
1519.423
1516.702
1509.782
1509.782
1508.911
1508.911
1594.043
1593.319
1544.353
1515.569
1564.534
1593.319
1561.125
1554.97
1524.668
1507.961
1489.806
1485.341
1491.496
1495.961
1416.431
1432.06
1460.407
1490.524
1486.774
1471.968
1471.968
1549
1438.478
1422.315
1422.315
1415.177
1387.246
1376.694
1349.453
1294.328
1287.431
1277.474
1271.819
1299.75
1354.875
1360.53
1371.082
1377.978
1405.22
1415.177
1411.556
1362.591
1337.608
1362.591
1366.211
1415.177
1366.211
1337.427
1386.392
1415.177
1387.246
1358.461
1371.134
1404.703
1459.828
1516.22
1655.616
1703.203
1716.392
1730.047
1779.013
1816.384
1858.625
1862.634
1878.797
1895.504
1902.642
1908.901
1919.246
1929.797
1748.879
1752.512
1761.941
1777.082
1810.77
1834.395
1849.043
1868.121
1935.797
1962.75
1993.172
1996.805
2015.563
2043.172
2072.348
2141.527
2147.105
2197.73
2219.043
2223.73
2225.66
2034.889
2062.146
2064.557
2078.4
2117.829
2122.514
2126.425
2132.554
2138.468
2149.396
2220.896
2231.825
2255.675
2303.375
2317.218
2328.789
2362.089
2362.689
2362.889
2376.282
2379.432
2381.843
2382.421
2521.964
2524.793
2539.836
2428.331
2438.264
2441.101
2419.571
2437.058
2455.109
2338.762
2339.256
2343.683
2370.116
2387.433
2390.268
2488.866
2520.75
2531.238
2434.052
2471.727
2490.564
2512.82
2522.82
2532.797
2539.913
2547.029
2579.75
2554.928
2574.456
2591.256
2599.422
2615.6
2452.125
2470.094
2470.641
2374.615
2240.203
2257.41
2268.736
2269.351
2269.733
2290.182
2328.58
2331.41
2352.024
2357.717
2231.411
3038.122
3032.89
3003.012
2991.195
2947.598
2908.607
2902.662
2876.369
2906.247
2911.479
2921.137
2964.735
2991.027
2996.973
3008.79
3047.78
3052.61
3151.207
3151.866
3162.11
3166.463
3171.512
3225.506
3269.104
3278.762
3285.378
3287.476
3309.72
3312.28
3086.443
3090.568
3093.977
3098.102
3110.511
3141.355
3178.523
3188.955
2985.404
2989.809
2991.638
3014.697
3016.875
3019.348
2838.188
2881.5
2890.1
2893.723
2908.283
2944.033
2944.453
2963.533
2965.253
3595.802
3541.808
3507.174
3504.759
3265.798
3273.952
3138.617
3147.747
3161.019
3170.997
3178.986
3190.432
3201.878
3005.844
3039.219
3067.934
3077.5
2899.952
2741.773
2766.591
2769.08
3539.142
3308.329
3105.778
3538.98
3513.91
3506.933
3488.561
3484.41
3462.698
3481.07
3502.782
3509.759
3534.828
3534.991
3539.142
3550.41
3566.922
3334.296
3534.828
3537.27
3500.093
3271.826
3071.51
2894.308
2736.436
2740.336
2742.825
2746.07
2756.052
2613.498
2484.965
2489.883
2495.17
2502.055
2505.334
2387.896
3549.927
3512.253
3283.193
3289.09
3500.98
3272.655
3462.948
3466.436
3240.364
3270.038
3069.832
2892.726
2893.115
2735.309
2752.709
2753.909
2760.864
2618.06
2641.595
2511.68
2393.945
3558.86
3560.814
3328.587
3339.12
3134.684
3139.658
3140.27
2959.101
2959.678
2965.481
2977.221
2982.774
2991.024
3608.506
3622.465
3386.217
3613.256
3616.267
3626.942
3624.64
3626.602
3643.451
3641.488
3643.442
3655.686
3655.215
3659.029
3650.134
3659.343
3690.904
3695.509
3712.02
3719.52
3696.881
3717.427
3791.965
3809.547
3814.535
3565.761
3584.511
3599.337
3378.969
3845.465
3848.721
3858.14
3880.326
3905.733
3908.174
3653.293
3901.058
3646.641
3716.318
3488.788
3287.512
3288.781
3109.393
3133.161
3133.53
2971.45
3000.235
2852.682
4024.642
4002.93
3741.87
3965.256
3962.552
3704.125
3704.777
3954.355
3945.459
3688.147
3893.977
3954.64
3974.698
3958.837
3700.652
3474.082
3482.837
3936.721
3961.924
3703.538
3958.669
3959.157
3959.855
3701.603
3718.038
3726.647
3985.887
3725.938
3497.819
3296.022
3299.505
3970.686
3937.663
3943.331
3929.134
3672.886
3673.326
3448.429
3249.481
3265.534
3296.276
3116.48
2955.282
2809.941
3979.177
3719.666
3745.003
3747.285
3517.86
3518.411
3527.977
3540.227
3542.599
4029.939
4029.939
3767.117
3536.477
4009.392
4011.355
3749.745
3991.297
4008.878
3747.429
3517.995
3315.034
3987.669
4024.846
4027.549
4049.805
4058.701
4042.328
4046.142
4048.096
4028.683
4037.026
4039.407
4064.61
4062.61
4070.11
4071.547
3977.535
3966.267
3872.256
3619.717
3846.849
3595.967
3375.806
3408.431
3420.681
3894.497
3915.706
3910.892
3655.834
3657.986
3688.573
3708.399
3481.355
3483.497
3497.416
3295.642
3115.88
3131.561
2969.584
2823.539
3980.282
3958.096
3975.026
3715.785
3488.288
3287.041
3291.022
3291.649
3112.105
2951.134
2805.996
2674.465
2689.371
3998.634
3737.853
3753.603
3985.081
3937.753
3680.943
3932.939
3904.451
3922.823
3666.986
3884.791
3882.087
3884.791
3905.337
3935.738
3967.831
3963.18
3963.18
3974.448
3990.82
3730.549
3989.384
3978.116
3996.488
3735.848
3507.122
3996.488
3735.848
3507.122
3986.488
3995.384
3994.756
3992.375
3989.933
4050.596
4025.392
3762.867
4014.491
4025.392
4035.392
4025.392
4022.209
3759.891
3529.694
4021.721
4040.558
4041.256
4025.395
4035.395
4035.395
4035.395
4035.395
4042.895
4043.654
3779.938
3548.513
4043.654
4044.413
4022.701
4002.265
3990.997
3978.753
3974.602
3971.59
3961.59
3975.788
3968.77
3989.206
3997.549
3997.549
3736.84
3508.054
3305.666
3125.357
3974.91
3974.91
3967.794
3709.024
3947.247
3949.628
3987.302
3727.261
3727.97
3746.72
4004.305
3997.59
3992.939
3985.823
3967.451
3930.273
3911.436
3656.342
3432.485
3436.566
3238.303
3253.495
3076.032
3079.014
2919.754
3927.599
3929.98
3926.491
3670.416
3917.282
3914.578
3914.578
3909.765
3907.811
3866.241
3772.23
3526.215
3771.759
3829.956
3809.898
3810.369
3832.081
3832.081
3821.18
3822.616
3812.849
3844.41
3843.939
3802.369
3803.904
3783.846
3783.846
3779.032
3532.573
3316.293
3319.997
3769.294
3759.317
3745.119
3755.096
3704.733
3704.035
3699.814
3701.767
3720.605
3706.645
3706.645
3702.424
3460.962
3249.066
3061.62
3074.736
3698.227
3687.552
3685.552
3686.163
3737.645
3729.099
3720.552
3477.908
3547.584
3553.861
3562.47
3344.36
3366.36
3833.642
3583.622
3808.439
3801.462
3790.195
3789.724
3811.98
3563.372
3811.98
3811.98
3811.98
3810.017
3826.948
3837.622
3850.39
3853.401
3778.863
3788.863
3849.526
3828.317
3811.805
3563.209
3593.796
3611.405
3863.363
3870.48
3618.057
3631.106
3649.253
3894.084
3901.061
3899.099
3644.81
3664.636
3895.238
3641.201
3647.761
3660.81
3916.215
3915.605
3912.116
3880.372
3887.488
3633.957
3885.526
3917.619
3943.026
3938.875
3913.672
3913.672
3904.253
3899.648
3890.753
3897.869
3929.613
3929.613
3673.334
3684.78
3936.869
3937.497
3904.474
3893.573
3901.073
3888.375
3888.375
3634.785
3643.101
3839.073
3833.404
3583.399
3588.698
3590.568
3370.737
3828.828
3839.73
3837.026
3835.491
3824.224
3811.98
3809.276
3809.276
3805.462
3837.023
3837.023
3819.442
3816.186
3804.919
3805.407
3810.221
3821.488
3818.305
3829.573
3735.561
3768.282
3785.131
3773.863
3762.962
3649.381
3649.381
3654.195
3636.613
3673.791
3664.372
3684.919
3722.096
3479.351
3492.622
3278.788
3727.951
3728.439
3710.858
3693.927
3691.485
3669.299
3658.032
3655.59
3641.392
3634.375
3615.538
3608.422
3618.189
3621.201
3635.16
3637.113
3638.549
3639.247
3639.247
3636.866
3665.355
3426.31
3633.262
3396.31
3406.5
3630.203
3650.75
3656.419
3669.186
3642.081
3619.826
3383.75
3387.315
3179.929
2996.471
3573.276
3577.427
3580.131
3346.644
3567.887
3335.198
3131.003
3566.451
3545.241
3541.029
3310.092
3508.308
3518.285
3537.698
3540.078
3560.625
3328.41
3330.938
3387.644
3614.224
3630.596
3630.596
3612.224
3608.012
3623.872
3623.872
3623.113
3631.66
3615.148
3606.602
3606.602
3596.625
3596.625
3596.625
3597.113
3597.724
3585.48
3565.044
3543.834
3513.433
3552.259
3560.805
3569.148
3530.323
3522.823
3502.387
3502.387
3484.805
3464.259
3474.026
3472.073
3504.166
3520.677
3545.747
3534.846
3531.032
3531.032
3574.985
3574.985
3572.282
3572.282
3339.307
3347.296
3142.36
3574.52
3341.399
3136.824
3574.52
3574.358
3571.794
3571.794
3569.84
3617.169
3617.169
3617.169
3617.169
3523.157
3560.831
3551.936
3550.401
3588.076
3587.317
3565.131
3575.805
3592.317
3602.084
3527.547
3536.442
3498.41
3498.41
3497.939
3470.834
3472.797
3472.797
3505.517
3276.897
3488.587
3497.797
3497.797
3530.517
3528.076
3535.052
3503.308
3502.61
3465.433
3466.869
3448.497
3426.241
3437.509
3459.695
3459.695
3457.695
3470.392
3438.831
3438.831
3460.544
3462.506
3460.971
3469.517
3469.047
3242.804
3469.047
3242.804
3446.791
3443.535
3437.227
3436.468
3436.468
3436.468
3444.811
3465.358
3468.613
3242.399
3468.613
3461.113
3455.445
3380.907
3320.244
3309.57
3292.64
3241.157
3241.157
3209.596
3196.828
3196.828
3182.869
3221.695
3221.206
3225.02
3225.02
3215.811
3215.811
3211.59
3227.451
3259.012
3233.605
3229.384
3207.198
3207.198
3258.68
3284.087
3284.087
3288.238
3305.82
3326.366
3328.328
3361.352
3365.573
3385.631
3383.328
3394.596
3397.608
3400.863
3397.375
3397.375
3396.677
3401.491
3401.491
3400.733
3404.953
3406.916
3184.726
3399.416
3410.09
3187.693
2992.528
3406.907
3396.907
3380.058
3159.62
3354.988
3350.174
3354.988
3358.244
3351.529
3388.706
3388.706
3355.985
3137.117
3157.413
3167.603
3171.484
3174.299
3191.908
3414.599
3415.358
3415.358
3462.686
3429.965
3446.814
3439.314
3453.512
3451.558
3419.814
3196.783
3216.609
3222.886
3447.738
3447.738
3428.901
3461.622
3486.826
3486.826
3496.035
3496.035
3523.14
3491.578
3484.561
3493.456
3265.622
3267.457
3495.419
3514.256
3482.512
3485.523
3478.407
3473.419
3246.891
3473.419
3472.791
3458.831
3398.169
3378.11
3157.799
3169.668
3390.808
3390.808
3169.668
3390.808
3169.668
3370.262
3392.448
3171.201
3392.448
3392.448
3386.779
3386.779
3165.902
3369.93
3350.517
3349.82
3359.797
3359.797
3359.308
3359.308
3361.75
3361.75
3361.75
3329.029
3319.052
3312.076
3323.343
3320.64
3330.058
3328.105
3332.919
3340.035
3356.965
3359.669
3381.762
3356.558
3376.616
3351.413
3360.308
3141.158
3357.297
3325.203
3108.342
3308.273
3092.516
3307.576
3315.919
3099.663
3255.256
3257.558
3261.047
3293.14
3301.483
3314.18
3339.25
3339.25
3330.907
3330.907
3322.36
3284.686
3284.686
3284.686
3275.791
3273.41
3257.549
3255.169
3194.506
3199.157
3178.61
3194.471
3194.471
3190.259
3181.916
3206.985
3206.985
3184.892
3168.381
3170.381
3156.422
3142.462
2937.519
3122.404
3105.892
3105.892
3127.605
3088.779
3088.942
3088.942
3120.686
2917.163
2940.913
3141.488
3140.878
3109.317
2906.535
2954.66
3140.253
3140.253
3147.23
3167.776
3167.776
3170.959
3170.959
3170.959
3180.936
3189.831
3193.087
3195.087
3193.125
3179.166
3179.166
3179.166
3198.578
2989.976
3198.578
3187.677
3200.375
3191.166
3251.828
3310.026
3310.026
3306.212
3262.259
3245.41
3208.233
3211.244
3236.448
3238.448
3250.169
3241.826
3232.616
3248.988
3037.098
3248.988
3252.172
3279.276
3279.276
3065.41
3279.276
3279.276
3269.299
3268.672
3246.959
3246.959
3248.395
3211.218
3211.218
3211.218
3209.782
3207.078
3207.078
3211.291
3001.859
3197.093
3197.093
3202.762
3206.017
3231.424
3231.424
3231.424
3263.517
3247.657
3247.657
3244.645
3214.244
3213.756
3211.756
3216.407
3216.407
3230.366
3019.69
2834.811
2845.954
3243.064
3233.297
3233.297
3233.459
3240.436
3207.413
2998.234
3019.397
3230.052
3230.052
3230.052
3241.32
3263.959
3278.157
3064.364
3070.886
3105.639
3322.311
3321.823
3321.823
3338.195
3359.404
3362.587
3364.968
3371.276
3352.439
3373.648
3351.462
3351.462
3358.578
3367.997
3469.578
3470.206
3470.206
3508.238
3519.506
3512.006
3512.006
3282.962
3081.964
3512.006
3508.994
3502.017
3514.715
3536.427
3533.985
3549.846
3318.334
3549.846
3549.846
3553.66
3555.613
3323.726
3555.613
3544.939
3549.16
3559.137
3558.378
3326.31
3558.378
3326.31
3558.378
3588.779
3588.779
3595.087
3569.68
3573.892
3590.404
3615.608
3615.608
3599.747
3591.404
3591.404
3628.581
3638.581
3401.283
3616.326
3616.326
3595.116
3586.221
3549.044
3547.608
3557.375
3519.701
3290.155
3290.726
3089.253
3091.008
2912.68
2919.748
2929.065
3540.689
3546.358
3596.721
3614.302
3617.314
3621.535
3627.843
3391.245
3616.942
3638.654
3659.09
3659.09
3633.683
3617.823
3617.823
3617.823
3640.078
3630.078
3646.59
3646.119
3650.933
3646.119
3676.52
3684.863
3444.546
3682.16
3661.613
3663.576
3663.576
3652.901
3620.18
3620.878
3620.878
3626.547
3390.033
3606
3607.962
3547.299
3315.954
3331.78
3554.253
3565.52
3558.805
3546.108
3525.561
3295.633
3311.459
3537.677
3537.677
3540.119
3555.98
3536.567
3545.985
3550.799
3579.288
3580.047
3589.256
3599.023
3364.304
3580.186
3586.494
3570.122
3570.285
3560.285
3572.983
3620.311
3652.404
3414.204
3652.404
3651.916
3654.297
3659.285
3637.192
3637.68
3637.68
3640.384
3640.384
3640.384
3638.003
3400.742
3619.166
3610.619
3375.144
3602.276
3581.73
3587.398
3591.61
3580.343
3578.381
3553.177
3321.448
3549.922
3539.945
3539.945
3560.381
3569.276
3569.276
3565.125
3532.404
3532.404
3510.692
3510.692
3521.593
3544.233
3540.081
3529.18
3532.363
3532.363
3521.096
3529.991
3529.991
3529.294
3541.538
3541.538
3310.568
3334.128
3515.259
3522.759
3534.026
3533.416
3540.916
3502.09
3529.195
3539.869
3551.137
3553.099
3555.541
3556.029
3554.067
3579.27
3345.84
3356.03
3564.765
3562.765
3511.282
3518.398
3460.201
3234.535
3235.188
3453.782
3454.48
3461.497
3470.044
3474.648
3248.041
3449.445
3449.445
3440.549
3426.352
3417.805
3442.875
3452.875
3424.387
3398.98
3177.307
3340.782
3122.905
3337.77
3341.026
3357.398
3138.438
3354.387
3135.622
3136.079
3354.875
3361.59
3363.892
3388.962
3388.962
3388.962
3401.66
3384.078
3384.078
3431.407
3431.407
3437.715
3437.715
3213.516
3016.77
3423.517
3430.634
3434.855
3467.576
3468.334
3460.834
3508.163
3540.256
3579.081
3562.709
3515.381
3503.137
3493.718
3472.509
3462.741
3464.741
3455.846
3472.218
3504.311
3497.195
3477.137
3464.369
3464.369
3483.206
3501.578
3490.311
3487.055
3494.555
3511.485
3504.369
3506.369
3484.657
3497.424
3483.465
3470.767
3466.116
3470.767
3490.18
3483.465
3480.282
3463.77
3463.77
3431.677
3422.468
3422.468
3425.172
3425.172
3373.689
3340.666
3323.817
3321.375
3323.817
3356.84
3373.689
3351.049
3365.009
3376.276
3370.608
3407.785
3385.599
3403.971
3391.203
3386.991
3387.689
3408.125
3408.125
3424.974
3424.974
3414.997
3414.997
3405.23
3385.817
3375.142
3375.142
3372.701
3369.212
3336.491
3333.308
3329.087
3348.5
3350.881
3132.345
3350.881
3342.334
3124.356
3342.334
3352.102
3329.846
3325.695
3275.331
3297.587
3303.895
3306.198
3293.5
3295.453
3291.64
3343.122
3343.122
3321.41
3319.448
3321.89
3317.669
3101.299
2911.423
2915.648
2939.434
3349.424
3332.576
3321.308
3358.485
3345.788
3318.683
3102.247
3309.788
3309.788
3328.16
3290.983
3290.983
3076.353
3095.56
3302.11
3302.11
3291.209
3291.68
3292.151
3323.712
3331.212
3350.049
3131.568
3346.235
3346.235
3383.413
3367.041
3379.285
3395.797
3415.855
3193.082
3397.017
3407.692
3410.395
3435.802
3437.756
3446.302
3221.543
3024.306
3446.302
3398.974
3361.299
3361.299
3340.09
3340.09
3336.907
3311.837
3349.512
3346.5
3308.468
3333.875
3356.515
3356.352
3356.352
3334.64
3329.826
3351.538
3290.875
3252.049
3252.212
3253.648
3248.997
3241.881
3241.881
3030.454
3038.443
3218.866
3220.866
3214.558
3213.122
3220.14
3220.75
3224.006
3204.593
3188.221
3202.419
3196.75
3180.89
3180.89
2973.44
2973.897
3159.666
2953.601
2772.768
3152.166
3131.73
3148.102
3157.52
3218.183
3204.224
3202.262
3209.378
3221.622
3221.622
3237.994
3227.093
3243.605
3032.065
2846.429
2846.571
3243.767
3246.209
3258.907
3254.686
3246.14
3255.558
3294.384
3289.57
3075.033
3252.392
3243.497
3232.23
3021.432
3230.267
3209.721
3000.391
3004.696
3074.372
3261.759
3244.828
3240.608
3215.404
3215.404
3232.985
3230.605
3234.419
3229.605
3216.907
3205.186
3202.174
3204.174
3207.358
3175.613
3154.404
3153.706
3162.602
3164.983
3149.122
2943.745
2962.951
3153.157
3147.488
3191.442
3198.558
3194.346
3202.689
3199.985
3199.497
2990.834
3196.241
3205.451
3219.41
3251.154
3255.968
3270.166
3243.061
3243.061
3241.061
3235.392
3232.137
3222.137
3210.869
3188.23
3179.02
3191.265
3158.544
3155.84
3249.852
3257.352
3247.584
3252.189
3215.012
3235.07
3254.483
3254.483
3247.366
3288.936
3306.517
3293.82
3273.762
3280.779
3269.512
3269.023
3254.826
3257.529
3268.43
3295.535
3295.535
3290.721
3253.544
3234.706
3023.747
3234.706
3209.503
3220.77
3226.439
3246.875
3269.515
3286.363
3297.038
3319.294
3319.294
3309.526
3306.343
3313.32
3303.343
3305.343
3280.273
3259.837
3251.494
3273.75
3273.75
3060.245
3061.587
3275.186
3273.186
3269.93
3056.674
3237.209
3239.163
3027.913
3066.772
3069.168
3097.587
3313.698
3333.756
3324.86
3108.022
3143.239
3359.523
3391.084
3396.753
3417.962
3402.102
3395.794
3413.375
3388.305
3390.267
3390.105
3169.011
2974.99
3378.837
3389.512
3168.457
3387.07
3380.052
3385.041
3385.041
3164.277
3187.712
3203.016
3211.625
3014.995
3433.692
3422.424
3199.223
3422.424
3421.727
3389.634
3168.571
3169.913
2975.837
2980.811
3396.738
3400.951
3390.951
3380.049
3373.073
3447.61
3446.983
3462.843
3454.297
3456.297
3419.119
3419.119
3196.133
3206.666
3217.198
3425.142
3435.119
3437.119
3437.119
3475.151
3487.849
3490.291
3490.762
3485.948
3494.843
3492.541
3467.337
3471.988
3470.035
3470.663
3502.224
3488.265
3451.087
3488.265
3260.769
3481.956
3488.933
3486.933
3493.951
3493.951
3481.706
3490.049
3481.706
3492.974
3499.689
3482.108
3484.07
3515.631
3504.956
3496.613
3493.358
3461.265
3235.53
3448.497
3470.209
3495.279
3520.483
3519.785
3507.087
3278.364
3500.779
3551.142
3576.346
3614.02
3636.66
3674.692
3667.977
3669.93
3680.831
3664.971
3664.971
3665.459
3426.408
3664.701
3662.398
3662.398
3423.546
3429.823
3669.113
3567.532
3547.096
3540.788
3662.881
3655.381
3671.753
3681.73
3692.631
3706.828
3694.584
3662.491
3665.195
3663.195
3683.253
3683.951
3683.951
3693.927
3698.148
3714.009
3697.497
3680.567
3685.218
3689.439
3687.439
3705.02
3716.288
3716.451
3722.759
3479.97
3722.759
3692.358
3710.73
3699.462
3667.369
3687.427
3682.613
3682.613
3701.451
3701.451
3723.637
3723.637
3761.311
3744.939
3500.704
3501.144
3521.883
3726.026
3757.77
3757.77
3512.698
3732.363
3693.538
3695.491
3695.328
3694.84
3694.84
3680.642
3680.805
3673.689
3700.794
3459.438
3700.631
3725.834
3763.509
3518.063
3518.772
3754.849
3754.849
3753.413
3854.994
3863.541
3859.727
3608.005
3387.107
3852.75
3861.959
3836.89
3834.927
3823.66
3832.555
3781.073
3534.481
3559.818
3578.568
3585.579
3835.735
3828.235
3799.747
3799.747
3792.77
3760.677
3778.259
3796.631
3549.024
3796.631
3797.119
3549.481
3332.166
3340.921
3802.884
3782.337
3735.009
3491.421
3730.358
3763.381
3741.125
3736.474
3736.474
3736.474
3736.474
3718.102
3714.288
3714.288
3732.66
3739.375
3746.491
3750.305
3505.72
3510.068
3295.166
3296.513
3731.084
3487.753
3511.503
3755.881
3758.262
3513.158
3741.331
3744.587
3744.75
3751.465
3731.407
3488.054
3725.099
3766.669
3798.762
3793.948
3790.692
3790.692
3771.855
3792.401
3800.744
3798.791
3798.791
3801.494
3845.448
3854.866
3845.971
3802.017
3803.453
3808.267
3805.887
3780.817
3733.488
3731.526
3736.515
3736.044
3492.389
3278.569
3705.642
3705.642
3726.189
3709.817
3467.872
3497.546
3718.922
3779.584
3779.747
3770.538
3747.898
3747.898
3755.015
3754.544
3743.869
3743.259
3499.133
3723.846
3723.846
3712.578
3687.509
3683.297
3443.082
3232.281
3672.029
3669.326
3650.953
3613.279
3625.977
3657.721
3626.16
3656.561
3651.956
3652.567
3652.567
3657.172
3659.125
3674.985
3687.753
3700.451
3706.119
3705.631
3708.073
3708.073
3466.242
3697.398
3665.654
3661.433
3629.872
3646.384
3639.366
3649.343
3612.166
3634.422
3397.394
3631.238
3641.006
3649.349
3656.064
3656.064
3417.625
3419.495
3210.138
3658.064
3419.495
3635.808
3644.703
3407.005
3597.375
3602.026
3367.111
3395.53
3626.759
3626.759
3614.515
3615.212
3611.061
3608.358
3586.172
3511.634
3501.634
3498.451
3465.73
3405.067
3409.288
3186.943
3407.852
3185.601
3187.753
3211.313
3231.609
3233.761
3035.776
3079.972
3497.038
3495.084
3492.703
3492.703
3525.727
3523.285
3527.506
3522.901
3293.147
3506.529
3515.424
3510.436
3499.169
3470.68
3461.471
3424.294
3382.724
3357.654
3351.985
3346.997
3358.265
3383.334
3392.544
3434.113
3443.009
3430.311
3206.595
3241.348
3246.011
3047.276
3470.035
3243.728
3457.791
3457.791
3232.283
3455.087
3229.755
3246.19
3047.444
3472.669
3474.971
3475.581
3458
3232.478
3458
3363.988
3347.477
3347.64
3347.169
3349.61
3349.61
3352.622
3357.227
3360.41
3377.991
3369.648
3371.648
3387.509
3401.468
3403.003
3397.334
3403.642
3416.34
3193.535
3406.363
3444.395
3444.395
3434.419
3450.93
3430.384
3206.663
3207.103
3416.657
3417.416
3194.541
3407.997
3388.584
3380.038
3382.34
3381.642
3393.363
3391.401
3407.913
3402.244
3403.003
3181.068
3204.628
3216.497
3429.637
3441.881
3441.881
3451.881
3226.758
3226.91
3435.195
3509.733
3493.221
3475.64
3248.967
3270.13
3493.291
3493.291
3495.994
3267.995
3297.497
3526.119
3525.36
3508.988
3513.209
3481.648
3486.253
3473.555
3247.019
3303.726
3531.776
3531.776
3539.276
3560.988
3560.988
3558.686
3528.285
3550.541
3551.012
3554.195
3322.399
3323.834
3327.772
3331.709
3338.72
3339.372
3356.546
3574.352
3564.584
3546.212
3314.938
3538.712
3538.712
3536.27
3536.27
3536.27
3519.34
3510.997
3492.625
3536.578
3538.541
3555.39
3593.422
3591.468
3591.468
3569.282
3570.817
3570.817
3531.991
3550.363
3533.991
3303.514
3101.258
3105.482
3114.237
3114.903
3122.224
3557.884
3325.848
3546.616
3545.988
3535.087
3533.087
3302.668
3528.273
3490.599
3490.599
3497.576
3269.473
3270.125
3491.157
3263.473
3063.668
3065.811
3484.703
3485.331
3469.471
3461.971
3461.971
3509.299
3501.799
3490.532
3501.799
3481.253
3480.765
3532.247
3515.398
3512.695
3494.323
3522.811
3519.555
3290.019
3510.346
3543.067
3529.108
3519.689
3290.144
3510.27
3515.084
3506.538
3507.297
3524.227
3294.386
3302.375
3532.773
3570.448
3569.977
3595.384
3574.948
3581.663
3586.267
3564.555
3332.084
3334.236
3364.823
3158.814
3160.074
3598.451
3614.823
3652
3629.36
3622.244
3723.826
3717.11
3717.599
3749.16
3722.055
3724.436
3728.657
3719.448
3736.297
3732.076
3732.238
3757.645
3732.442
3721.174
3728.674
3723.006
3739.517
3739.355
3740.113
3740.113
3496.193
3506.726
3523.899
3580.606
3592.541
3593.883
3819.212
3817.25
3813.436
3564.734
3813.436
3887.974
3896.317
3896.317
3895.706
3895.706
3908.404
3926.776
3876.413
3878.366
3917.192
3921.843
3666.071
3919.462
3887.718
3887.718
3897.485
3643.302
3653.834
3906.372
3906.372
3868.698
3870.698
3870.698
3796.16
3781.962
3535.313
3773.416
3770.712
3766.108
3728.076
3484.94
3727.378
3704.738
3721.669
3710.767
3703.75
3724.186
3724.674
3731.39
3751.826
3751.663
3762.564
3755.547
3748.57
3757.116
3765.663
3765.663
3728.485
3741.183
3750.951
3794.904
3547.41
3560.682
3687.009
3687.009
3654.916
3633.706
3633.706
3626.59
3629.846
3393.117
3185.375
3610.433
3616.741
3616.741
3628.009
3618.032
3595.846
3608.613
3634.02
3618.16
3649.904
3667.485
3700.509
3459.171
3479.91
3481.345
3485.649
3728.834
3723.166
3748.369
3503.91
3505.745
3748.029
3673.491
3724.974
3737.218
3727.241
3764.916
3757.939
3753.288
3753.288
3746.573
3713.549
3718.201
3667.837
3428.63
3651.326
3632.488
3670.52
3672.823
3670.823
3670.823
3677.538
3679.5
3677.5
3675.5
3670.849
3664.541
3689.61
3689.61
3651.936
3624.831
3624.831
3624.134
3624.605
3624.605
3624.605
3635.872
3641.541
3673.102
3681.648
3670.747
3697.852
3688.956
3697.852
3730.875
3708.235
3705.933
3707.468
3465.677
3253.492
3707.468
3465.677
3467.019
3469.834
3696.055
3696.055
3696.055
3717.767
3720.951
3743.137
3745.137
3500.889
3723.424
3743.971
3745.933
3747.887
3706.317
3728.956
3728.956
3728.956
3701.852
3703.387
3709.695
3689.637
3664.433
3664.433
3668.645
3675.622
3674.863
3654.805
3642.108
3644.549
3406.861
3419.91
3649.299
3651.602
3689.634
3667.378
3635.817
3687.299
3665.587
3704.413
3700.201
3717.049
3714.747
3472.481
3482.671
3724.951
3742.532
3749.509
3749.997
3505.432
3745.776
3767.962
3767.962
3790.148
3794.753
3803.096
3811.991
3770.422
3772.863
3772.863
3768.642
3743.573
3750.549
3761.817
3759.113
3759.113
3756.811
3766.02
3793.125
3795.828
3795.828
3757.797
3512.723
3755.843
3753.401
3748.797
3748.797
3742.488
3759
3748.326
3759.593
3762.035
3774.802
3779.023
3748.622
3759.297
3757.343
3761.555
3764.811
3519.28
3523.584
3751.044
3751.044
3760.462
3742.881
3742.392
3751.602
3677.064
3692.924
3680.227
3670.227
3672.18
3667.959
3650.378
3649.619
3624.416
3643.253
3643.724
3611.98
3603.084
3561.515
3561.515
3567.183
3567.02
3567.648
3576.544
3586.311
3566.253
3546.195
3546.195
3550.346
3548.346
3544.125
3581.302
3347.739
3580.814
3573.314
3340.272
3570.302
3569.544
3564.939
3526.113
3522.93
3527.581
3517.605
3521.826
3517.012
3491.808
3513.52
3513.52
3513.52
3497.009
3497.009
3498.445
3490.102
3474.241
3474.241
3436.209
3468.302
3242.109
3467.831
3447.285
3446.797
3460.994
3439.282
3422.77
3421.235
3398.98
3431.701
3419.456
3441.169
3472.73
3462.962
3467.183
3474.16
3482.706
3491.602
3495.09
3482.323
3255.215
3482.323
3255.215
3482.323
3504.962
3509.776
3516.084
3541.154
3524.305
3422.724
3413.828
3405.485
3410.299
3410.299
3412.741
3412.741
3400.044
3437.221
3448.122
3462.081
3462.709
3466.922
3435.177
3423.91
3416.41
3427.677
3418.782
3412.067
3405.759
3418.003
3380.328
3390.096
3378.828
3158.47
3378.828
3368.852
3341.747
3310.186
3310.186
3272.154
3246.951
3035.193
3037.418
3076.277
3092.712
3278.081
3280.044
3066.128
3267.276
3248.904
3237.637
3237.637
3254.567
3042.313
3044.538
3239.366
3239.366
3239.366
3272.087
3302.488
3301.73
3304.913
3290.953
3329.779
3112.62
3255.241
3255.241
3264.451
3271.951
3058.563
3077.769
3283.951
3266.369
3259.654
3198.991
3215.922
3208.422
3195.654
3209.613
3199.846
3182.265
2974.726
3182.102
3179.398
3180.009
3183.265
3188.078
3198.078
3219.288
3009.334
3009.791
3219.776
3191.288
3178.59
3177.154
3183.462
3188.113
3203.974
3216.672
3216.672
3216.672
3222.98
3223.142
3234.41
3233.939
3213.881
3213.881
3215.834
3216.445
3214.445
3214.445
3246.189
3246.189
3144.608
3106.933
3123.782
3135.049
3134.578
3112.392
3117.206
3168.689
3173.677
3173.677
3162.41
3160.875
3123.698
3123.698
2919.978
3121.698
3144.337
3148.151
3158.128
3175.058
3187.302
3187.302
3189.866
3189.866
3189.866
3180.971
3182.933
3185.945
3148.27
3126.558
3121.57
3077.616
3083.924
3083.924
3078.256
3099.465
3104.279
3052.797
3019.773
3121.355
3121.517
3122.145
3122.634
3127.622
3126.087
3124.552
2920.777
3124.552
2920.777
2928.576
2943.88
3148.779
3148.02
3169.23
3162.253
3145.323
3128.474
3120.131
3119.968
3119.27
3119.27
3213.282
3225.98
3194.419
3133.756
3133.756
3140.064
3140.064
3140.064
3148.407
3146.105
3135.203
3125.994
3125.994
3124.041
3107.192
2904.549
3107.192
3097.773
3095.811
3095.811
3095.974
3095.811
3099.625
3092.91
3120.015
2916.535
2926.514
3130.061
3117.817
3116.381
3132.753
3149.265
3149.265
3181.358
3179.055
2971.726
3077.899
3270.381
3287.23
3309.485
3314.299
3098.149
3309.648
3258.166
3258.166
3262.387
3229.666
3235.974
3235.974
3238.985
3229.218
3231.599
3247.971
3258.645
3258.035
3243.837
3242.401
3279.578
3279.578
3276.323
3062.649
3070.965
3079.573
3289.823
3287.381
3266.945
3266.945
3267.108
3271.328
3262.985
3050.182
3089.041
2899.916
3304.555
3089.041
2899.916
3297.84
3294.828
3290.608
3301.282
3310.701
3371.363
3362.468
3371.363
3398.468
3380.096
3440.759
3478.433
3475.991
3459.48
3459.48
3443.108
3457.067
3455.067
3477.16
3465.439
3239.432
3246.443
3472.939
3498.009
3498.009
3498.009
3486.741
3495.951
3508.648
3513.299
3523.299
3293.519
3302.867
3531.765
3301.432
3099.304
3514.183
3523.078
3525.078
3519.41
3520.846
3520.683
3522.119
3489.398
3508.235
3545.413
3577.506
3568.959
3559.75
3576.599
3578.134
3586.477
3569.547
3586.477
3561.07
3559.634
3554.983
3522.262
3515.547
3497.174
3488.279
3484.067
3463.631
3461.189
3460.561
3498.593
3498.593
3481.012
3443.834
3440.651
3216.261
3235.467
3256.207
3483.384
3499.244
3271.033
3274.97
3499.235
3521.422
3521.422
3477.468
3474.285
3472.323
3470.788
3426.834
3436.044
3446.044
3449.299
3466.148
3468.852
3437.108
3410.003
3420.677
3197.59
3204.601
3207.576
3431.36
3452.57
3445.593
3431.634
3411.087
3373.055
3393.602
3391.648
3352.823
3351.387
3314.209
3309.395
3347.07
3321.866
3324.169
3324.797
3291.773
3294.154
3297.337
3294.081
3296.462
3263.439
3262.68
3266.831
3219.503
3217.122
3226.017
3217.674
3226.884
3222.07
3250.558
3239.657
3261.369
3259.416
3254.811
3255.299
3248.323
3262.52
3160.939
3156.727
2950.853
2966.679
3007.766
3012.114
3222.262
3222.262
3218.11
3229.012
3018.424
3229.012
3229.77
3287.968
3288.439
3294.108
3303.317
3315.561
3313.119
3308.907
3300.36
3298.398
3336.073
3340.285
3327.587
3364.765
3366.765
3362.113
3301.451
3329.939
3308.227
3306.273
3312.988
3294.616
3294.006
3287.698
3073.283
3285.317
3071.057
2883.033
3243.747
3241.044
3245.695
3245.695
3245.695
3266.904
3256.23
3256.23
3256.23
3230.823
3222.48
3012.318
3222.48
3205.968
3201.756
3190.488
3139.006
2934.288
2969.84
3177.038
2969.84
3154.398
3122.837
3122.837
3120.875
3105.015
3113.561
3097.049
3084.352
3093.247
3109.108
3146.285
3150.89
3151.5
3160.919
3156.314
3130.907
2926.717
2928.943
2944.769
3148.683
3131.753
3131.753
3080.27
3086.985
3087.613
3103.474
3103.474
3108.125
3124.974
3134.392
3101.672
3105.16
3122.09
3134.334
3137.346
3116.137
3116.299
3127.567
2923.595
2936.644
3140.898
3123.968
3119.154
3121.456
3140.294
3102.262
3102.262
3097.448
3084.75
3072.506
3102.907
3100.465
3100.465
3107.442
3102.628
3102
3105.183
3110.172
3116.887
3121.038
3120.567
3109.299
3077.738
3070.762
3060.087
3098.119
3098.119
3091.811
3123.372
3096.267
3116.814
3116.814
3094.628
3094.628
3107.326
3103.512
3113.512
3113.512
3124.186
3198.724
3190.177
3129.515
3127.212
3158.956
3178.369
3168.602
3136.509
3147.183
3149.887
3152.189
3152.189
3152.948
3148.297
3152.448
3145.471
3157.715
3159.669
3134.599
2930.168
2938.973
2949.505
2973.065
2979.717
2797.286
2804.786
3158.477
3158.477
3175.407
3178.11
3140.933
2936.09
2955.296
3148.782
3146.828
3135.927
3145.927
3168.183
3168.183
3145.997
3153.113
3153.872
3149.651
3149.651
3147.209
3164.058
3164.221
3180.081
3192.326
3180.081
3180.081
3182.081
2974.554
3159.895
2953.815
3159.733
3184.936
3182.974
3191.52
3191.52
2983.378
3178.753
3169.858
3165.253
3202.927
3202.927
3180.288
3138.718
3117.509
3117.509
3098.672
3089.462
3080.567
2879.66
2887.976
2891.913
3087.366
3103.227
3094.884
3092.503
3114.759
3104.759
3104.759
2902.274
3090.799
3212.892
3003.356
2819.477
2656.815
2675.219
3235.148
3286.631
3282.41
3068.34
3282.41
3320.442
3103.891
3112.207
3133.011
3134.446
3353.128
3344.581
3391.91
3411.323
3406.509
3184.345
3406.346
3392.148
3400.695
3411.962
3413.924
3411.544
3411.544
3420.09
3412.59
3403.381
3394.485
3426.047
3426.517
3426.517
3421.913
3446.983
3222.179
3024.903
3039.27
3452.68
3473.89
3247.332
3247.902
3049.051
3052.398
3476.314
3471.663
3473.616
3471.235
3473.538
3247.003
3467.23
3467.23
3483.741
3483.741
3471.497
3488.346
3488.346
3485.09
3505.637
3507.637
3485.381
3258.073
3305.152
3535.273
3524.006
3294.179
3092.495
3120.352
3551.529
3537.57
3612.108
3614.549
3598.689
3604.997
3588.148
3566.436
3562.285
3562.122
3543.75
3536.773
3511.703
3507.491
3525.863
3514.962
3489.892
3262.291
3468.683
3475.66
3471.448
3496.855
3521.924
3292.234
3519.544
3290.008
3509.776
3526.148
3296.182
3304.497
3517.462
3514.451
3546.195
3640.206
3402.802
3194.467
3010.171
3016.373
3037.103
3078.75
3083.966
3084.37
2916.132
2932.714
2933.307
3751.904
3507.215
3542.766
3550.565
3574
3580.652
3814.605
3811.116
3562.565
3564.399
3781.334
3772.125
3526.117
3534.432
3537.476
3547.666
3795.177
3773.465
3782.36
3751.959
3755.215
3718.038
3745.142
3749.363
3740.468
3749.887
3746.631
3748.593
3738.593
3733.605
3728.953
3720.058
3477.446
3712.558
3705.843
3704.407
3687.558
3690.57
3703.337
3682.791
3714.535
3736.247
3724.98
3731.695
3488.323
3730.259
3719.584
3696.945
3729.968
3750.026
3752.468
3747.48
3503.079
3503.788
3731.866
3714.936
3729.134
3744.994
3500.755
3744.994
3749.215
3742.5
3736.831
3733.017
3726.709
3730.523
3730.523
3723.407
3723.407
3691.314
3693.756
3677.384
3672.733
3654.36
3654.36
3664.36
3675.628
3636.802
3638.765
3648.741
3645.558
3645.558
3631.599
3631.599
3628.416
3391.78
3401.128
3192.895
3199.054
3213.911
3232.964
3046.447
3053.803
2887.232
3692.971
3715.61
3706.715
3708.25
3466.408
3254.179
3066.438
3691.32
3691.32
3691.791
3687.57
3687.57
3676.302
3688.547
3447.989
3686.584
3686.584
3738.067
3677.404
3563.823
3563.334
3563.334
3563.334
3557.026
3549.526
3512.349
3520.692
3291.082
3295.745
3330.962
3546.506
3315.212
3315.652
3342.283
3575.465
3580.453
3581.988
3592.663
3583.244
3590.744
3578.5
3600.212
3590.235
3590.994
3600.971
3638.148
3669.892
3666.404
3608.206
3612.02
3622.922
3622.311
3633.578
3633.578
3631.015
3631.015
3639.358
3752.939
3742.939
3743.41
3734.515
3725.968
3482.97
3722.785
3743.994
3735.651
3737.087
3732.099
3737.087
3744.203
3743.715
3747.866
3767.279
3745.567
3736.672
3492.976
3727.253
3734.23
3738.044
3494.258
3498.196
3741.497
3497.486
3741.334
3772.895
3526.837
3310.908
3772.895
3776.078
3744.517
3500.31
3286.005
3739.913
3708.352
3733.555
3733.084
3489.622
3490.332
3500.522
3516.272
3516.924
3758.477
3756.096
3763.073
3744.235
3706.561
3464.829
3474.807
3476.242
3478.769
3486.758
3491.106
3277.365
3088.286
3119.029
3768.837
3746.581
3730.209
3730.209
3719.535
3719.372
3681.698
3692.965
3670.779
3668.826
3670.779
3660.779
3661.477
3640.93
3632.384
3639.099
3613.895
3604.686
3369.598
3604.686
3604.076
3606.456
3371.253
3377.774
3604.887
3603.352
3640.529
3642.971
3642.971
3680.645
3690.064
3657.971
3657.971
3657.971
3690.064
3673.215
3433.658
3673.215
3433.658
3223.434
3037.466
2871.786
2723.246
2589.316
3670.203
3663.087
3681.459
3587.448
3588.076
3609.285
3373.897
3602.977
3621.814
3604.965
3592.267
3566.86
3556.86
3566.279
3554.035
3562.93
3581.767
3578.512
3553.442
3548.628
3537.36
3553.733
3552.198
3320.533
3525.093
3524.465
3524.465
3525.163
3542.093
3533.198
3547.395
3544.692
3507.515
3516.724
3508.177
3279.383
3489.34
3489.34
3460.852
3460.852
3456.201
3456.201
3487.945
3483.794
3453.392
3490.57
3490.57
3520.971
3526.64
3524.677
3527.86
3297.783
3520.884
3489.14
3491.703
3505.663
3491.465
3510.878
3520.087
3548.576
3548.576
3547.948
3531.099
3540.517
3538.076
3548.977
3565.349
3548.419
3534.221
3520.262
3520.262
3511.366
3509.064
3280.212
3299.418
3300.005
3304.505
3315.038
3318.976
3319.685
3524.186
3511.488
3505.18
3506.715
3484.622
3257.364
3266.168
3473.494
3475.494
3428.166
3418.747
3435.119
3423.852
3200.557
3423.363
3200.101
3423.363
3431.91
3438.625
3436.625
3427.416
3418.206
3416.253
3435.666
3418.735
3195.774
3380.703
3358.517
3375.448
3379.66
3159.247
3379.66
3391.381
3391.852
3417.259
3434.84
3472.515
3490.887
3462.398
3462.398
3236.59
3451.131
3462.032
3236.247
3236.834
3445.73
3450.381
3449.622
3224.647
3444.971
3449.576
3446.392
3435.718
3438.974
3443.962
3450.939
3434.009
3412.799
3368.846
3368.846
3385.218
3416.779
3491.317
3495.538
3500.526
3510.526
3281.579
3080.666
2902.935
3506.375
3544.407
3527.477
3528.235
3507.689
3469.657
3243.375
3274.245
3309.796
3540.102
3309.226
3311.753
3540.843
3557.355
3594.532
3360.106
3587.817
3353.829
3579.474
3585.782
3557.294
3574.224
3566.724
3566.253
3570.067
3592.323
3592.323
3575.474
3573.032
3540.009
3309.139
3324.889
3327.171
3337.704
3532.892
3481.41
3465.549
3486.096
3486.855
3487.326
3524.503
3449.965
3487.142
3528.712
3527.953
3527.791
3536.686
3546.663
3530.291
3511.919
3474.741
3470.52
3466.369
3471.02
3545.558
3545.558
3495.195
3498.206
3500.169
3495.18
3490.192
3489.433
3261.861
3062.156
3487.131
3487.131
3512.334
3526.294
3494.549
3496.512
3496.512
3489.535
3491.977
3512.413
3502.994
3510.494
3510.494
3489.285
3479.285
3507.773
3526.61
3510.099
3503.384
3515.105
3521.82
3483.788
3458.584
3533.122
3522.448
3544.16
3562.532
3562.532
3566.346
3585.759
3351.905
3146.686
3585.759
3598.526
3601.538
3610.956
3620.724
3624.538
3682.735
3684.698
3444.391
3680.047
3440.043
3443.981
3446.264
3686.701
3684.701
3686.654
3686.654
3696.073
3711.933
3689.677
3691.677
3728.855
3485.668
3696.762
3716.82
3733.192
3737.413
3727.994
3721.017
3721.017
3699.808
3683.948
3667.099
3670.913
3678.029
3683.698
3683.698
3443.457
3451.772
3455.337
3243.786
3695.648
3688.532
3688.532
3699.799
3750.163
3505.587
3727.907
3727.907
3484.783
3725.907
3730.558
3728.596
3728.596
3726.294
3723.282
3691.538
3450.785
3520.462
3759.36
3727.616
3727.616
3732.267
3751.105
3744.797
3782.828
3795.596
3806.497
3845.323
3845.323
3854.218
3886.311
3875.637
3875.637
3622.878
3401.069
3837.605
3837.605
3817.547
3815.244
3764.881
3778.84
3781.282
3781.77
3786.759
3539.796
3786.759
3765.047
3763.512
3752.244
3826.782
3840.741
3824.881
3824.881
3847.137
3847.137
3864.718
3612.671
3391.487
3842.462
3842.462
3853.73
3821.985
3796.916
3797.404
3799.366
3797.413
3797.413
3834.59
3831.887
3848.735
3865.584
3869.073
3876.189
3855.642
3855.48
3839.619
3765.081
3762.378
3750.134
3628.041
3625.477
3627.858
3623.206
3623.206
3643.753
3650.869
3412.769
3640.195
3640.195
3637.491
3636.733
3646.733
3646.733
3408.902
3642.919
3639.105
3607.544
3588.131
3607.544
3569.512
3569.512
3583.471
3550.448
3550.448
3531.035
3538.052
3538.052
3559.262
3575.634
3582.61
3582.61
3607.814
3603.593
3603.593
3613.57
3622.779
3623.25
3622.491
3645.131
3644.372
3406.696
3408.038
3628.959
3638.959
3644.628
3665.174
3670.843
3676.512
3657.674
3674.047
3648.977
3660.244
3670.221
3668.259
3659.916
3659.916
3679.328
3685.637
3676.218
3676.916
3676.916
3685.811
3445.432
3678.311
3653.241
3658.23
3621.052
3628.029
3628.029
3628.029
3646.866
3646.866
3409.027
3429.323
3464.541
3684.541
3678.872
3682.686
3673.267
3664.372
3673.791
3657.93
3419.37
3429.902
3219.908
3237.51
3238.061
3680.988
3680.517
3690.285
3449.614
3665.215
3664.517
3664.517
3425.527
3661.334
3422.552
3638.695
3638.695
3617.485
3617.485
3608.59
3629.026
3629.026
3392.351
3395.326
3627.997
3600.892
3621.328
3621.939
3659.613
3665.922
3663.48
3663.48
3777.061
3786.48
3786.48
3539.535
3547.851
3784.474
3537.66
3762.218
3762.689
3517.296
3519.122
3303.666
3304.332
3315.077
3123.822
3775.203
3766.657
3779.424
3768.157
3755.39
3752.134
3741.233
3757.605
3782.808
3791.355
3754.177
3723.776
3713.776
3703.799
3696.823
3676.276
3666.299
3661.648
3657.436
3582.898
3566.526
3547.689
3547.218
3547.218
3510.041
3503.064
3481.855
3469.087
3469.087
3436.064
3436.064
3425.163
3418.047
3380.372
3359.826
3359.826
3354.837
3351.023
3351.023
3343.907
3333.006
3329.192
3312.82
3306.105
3306.105
3305.477
3305.477
3301.265
3300.776
3286.578
3279.462
3267.741
3248.328
3245.887
3244.352
3224.939
3214.038
3201.794
3193.247
3193.247
3193.247
3181.98
3156.91
3156.91
3151.922
3151.922
3151.922
3142.712
3105.535
3147.105
3152.773
3161.983
3166.971
3178.238
2970.962
2994.397
3029.149
3126.904
3126.433
3088.759
3087.224
3065.512
3064.814
3064.814
3060.663
3043.733
3043.105
2949.093
2932.721
2900.628
2895.977
2879.128
2879.128
2862.756
2862.756
2812.392
2792.98
2783.003
2778.782
2774.57
2770.756
2763.779
2763.779
2762.244
2755.227
2753.273
2750.831
2741.413
2730.145
2730.145
2711.773
2701.773
2701.773
2693.43
2689.616
2689.616
2679.616
2679.616
2668.349
2668.349
2647.802
2647.802
2647.802
2573.265
2572.776
2567.788
2556.52
2555.084
2552.381
2552.381
2534.799
2513.087
2508.875
2467.305
2457.328
2436.119
2426.91
2415.642
2406.224
2404.224
2403.753
2403.753
2352.27
2352.27
2350.308
2349.549
2291.352
2285.683
2285.683
2267.311
2192.773
2164.285
2144.872
2144.872
2144.872
2135.977
2097.945
2060.767
2059.331
2042.959
2026.587
2026.587
2007.75
2007.75
1990.82
1962.331
1962.331
1962.331
1924.299
1924.299
1919.311
1919.311
1912.334
1902.567
1898.346
1877.137
1871.468
1869.087
1843.884
1841.922
1827.962
1817.061
1812.41
1810.448
1804.14
1799.326
1796.07
1796.07
1789.355
1768.808
1759.913
1759.913
1759.154
1684.616
1676.07
1638.395
1633.407
1595.733
1595.733
1593.352
1577.491
1576.863
1574.91
1574.91
1554.474
1534.038
1512.326
1509.884
1478.14
1478.14
1440.962
1403.785
1401.823
1401.125
1400.654
1383.724
1383.724
1373.747
1364.328
1289.791
1285.186
1268.674
1254.715
1254.715
1217.538
1208.642
1205.459
1180.256
1155.052
1150.064
1142.948
1139.134
1132.419
1123.872
1092.311
1092.311
1092.311
1086.642
1085.884
1085.884
1085.884
1085.186
1075.977
1072.163
1069.721
1044.314
1042.314
1028.355
1003.151
1012.198
993.759
972.21
972.21
964.345
964.345
943.985
924.229
904.96
904.96
904.96
892.668
879.277
855.936
855.936
895.625
877.574
874.253
910.159
865.037
853.416
852.706
841.084
830.382
824.976
801.666
778.355
774.301
766.97
759.639
755.939
744.993
736.723
730.135
726.635
726.635
721.871
710.943
710.943
710.343
699.414
690.843
690.264
678.693
678.693
678.693
678.693
667.764
647.65
647.65
647.65
630.5
630.5
630.5
613.35
629.189
638.379
615.008
599.379
573.25
557.659
592.894
577.894
566.718
566.718
535.801
535.801
534.801
534.801
353.912
353.912
353.912
333.579
315.634
315.634
315.634
321.505
286.355
265.295
265.295
236.315
232.115
232.115
223.535
223.535
159.59
88.09
72.25
29.13
21.065
0
