19758
28452
29964
36404
40604
45164
54572
54696
59631
65391
67200
100800
101124
114284
116624
123024
124464
129024
130884
132324
140178
144448
151072
151975
152407
159722
163992
168312
168744
176598
177148
178018
178858
186508
192716
198596
204239
237839
241055
245325
245961
246393
249705
257559
268359
271167
272007
291765
294205
308121
311019
311343
315207
315987
317835
320463
322323
326163
329061
351525
355389
361829
363053
367323
367643
367923
369523
371383
378973
386827
387259
393659
397943
405258
406128
406560
409206
404886
406110
401840
400970
393655
387031
392791
392359
395005
395129
394226
396130
400450
404720
405500
406403
413027
405173
424931
391331
389522
388010
397418
397542
397418
398930
432530
434339
424931
405173
418333
420773
440531
442435
450085
456709
458557
472473
475325
477185
479813
480133
483031
492439
494039
507199
511399
515669
509909
509006
515446
508822
516676
517108
521428
525698
526568
519253
526568
533192
530546
529766
533078
532208
532988
530648
536528
538868
540914
545184
547830
548325
561485
579197
585077
586673
601683
607443
608283
609186
617040
612770
609458
605188
600868
593014
586574
580694
576424
575584
572776
572344
538744
544387
577987
580795
585065
591273
583419
577211
571568
590808
591303
594768
596244
599052
600956
602210
604452
604776
609816
613032
630744
636828
638637
649437
649313
647801
681401
671993
673802
671993
681401
661643
681401
647801
649313
649437
655837
657741
657617
656393
655961
649561
645277
645401
642755
647039
645135
647781
649005
649437
655317
661525
665725
670585
676345
680615
673991
676637
668783
664513
669373
675581
676451
676019
671699
679014
679794
685674
689874
690306
698160
704784
709104
708201
700886
700016
694256
693476
690830
691733
699587
705795
711438
705795
697941
704565
698357
702627
705435
706875
713315
719195
719831
746767
747859
781459
781583
786518
790718
794030
797870
791430
787160
790160
799568
798728
794458
794661
788781
803745
807057
773457
770649
774919
771607
772447
786363
786566
788166
795481
797921
799730
793106
800421
799551
792236
791333
792425
794765
795197
794873
799073
803633
799073
794873
795197
795629
810639
816399
814059
814839
817269
819915
820039
820879
823319
827639
834263
833483
834353
838623
846477
848713
849616
849184
844864
840594
834834
832188
824334
826674
806916
797508
799317
832917
833120
833960
839720
840215
838406
836894
803294
812702
814214
833972
840412
849106
854041
853917
864717
865173
866649
866773
864925
867777
869625
871225
868373
865061
867689
865061
864858
868170
868373
866773
867997
867873
870519
875454
882078
882202
882634
886918
893318
894758
896198
904052
930988
931538
932978
931074
929982
927336
933736
935640
931356
924956
924524
923300
923936
925028
938188
938064
933129
932493
932617
931177
904241
897617
898167
899421
902553
910407
910610
925620
930180
947892
967650
965210
979126
981566
994726
996586
983426
963668
970292
956376
952106
945482
949752
957402
949752
951656
971414
969554
967650
968490
974250
967810
974018
975530
979850
979010
979790
1002254
997984
993714
994584
1001899
1008523
1009747
1010650
1013962
1020402
1026282
1030552
1036636
1039282
1033402
1032622
1029976
1029106
1035190
1068790
1073650
1040050
1034407
1028199
1020345
1024615
1030258
1032500
1032824
1037864
1055576
1058792
1054522
1058792
1061600
1060697
1068551
1072871
1080521
1086283
1089733
1085413
1085845
1090165
1082850
1089058
1086250
1080490
1073866
1066012
1065580
1062268
1070122
1110456
1112265
1127229
1144941
1145733
1148379
1148703
1147479
1147974
1153854
1156752
1167552
1171416
1168518
1169298
1155382
1159942
1157314
1146514
1142650
1141870
1155786
1157010
1174722
1175562
1177608
1181808
1194968
1197596
1200036
1199196
1196756
1204346
1204626
1204306
1202706
1204306
1204626
1204346
1196756
1194896
1196756
1183596
1181550
1199262
1193382
1195428
1177716
1178211
1191371
1197251
1196756
1199196
1200796
1198356
1196756
1196553
1210469
1212278
1219593
1219796
1217987
1210672
1196756
1194947
1154613
1156422
1162184
1164830
1179794
1180586
1179794
1177148
1159436
1144472
1147424
1150736
1150533
1147221
1147424
1148648
1142886
1138566
1137342
1177676
1183760
1188620
1183760
1187210
1181126
1185446
1177796
1185446
1181996
1208932
1209056
1209836
1212482
1214822
1219022
1224782
1207070
1213278
1232518
1235506
1238956
1241854
1238956
1239280
1237038
1236714
1231674
1228458
1227678
1221594
1223836
1224160
1229200
1221346
1224562
1217938
1224562
1223470
1222834
1221394
1194458
1194890
1199210
1199086
1205710
1206613
1213928
1214798
1219068
1226922
1231857
1227587
1226684
1219369
1217029
1218121
1217251
1217887
1219327
1215007
1214575
1209640
1222800
1240512
1246596
1240836
1238190
1231566
1233078
1233202
1235011
1268611
1288369
1297777
1297653
1295844
1276086
1266678
1233078
1231566
1230774
1271108
1286072
1303784
1304576
1307222
1309031
1294067
1291115
1288469
1282707
1280898
1281178
1287618
1281178
1284628
1286532
1280652
1285212
1290252
1303412
1300100
1301700
1311108
1313916
1314236
1318436
1326290
1326414
1348878
1382478
1388121
1381913
1379105
1385313
1387549
1387869
1382226
1383826
1350226
1354496
1346642
1342372
1332964
1338844
1343114
1343954
1357114
1362154
1402488
1408368
1426080
1421810
1429664
1429344
1416184
1411984
1416184
1416976
1437172
1440484
1441996
1441156
1443434
1439150
1441054
1447454
1447886
1445982
1445858
1445982
1448628
1452912
1450266
1451490
1451058
1444658
1443434
1403100
1410750
1415070
1421154
1426014
1424790
1418706
1413846
1454180
1449860
1442210
1438760
1439984
1443434
1446080
1444271
1446080
1461044
1460252
1457606
1417272
1402308
1420020
1460354
1461146
1443434
1440122
1439919
1440122
1443434
1435580
1437092
1436660
1440110
1441706
1449296
1453580
1455020
1462610
1477620
1476024
1476804
1484119
1484959
1485511
1481191
1498903
1498000
1491376
1499230
1499662
1500532
1504852
1509122
1516437
1517229
1518132
1512372
1516692
1515822
1511552
1517760
1518310
1522594
1523133
1529757
1534617
1527302
1528172
1513162
1525474
1522828
1526692
1530157
1534357
1533577
1539337
1541983
1542763
1543399
1551049
1551329
1553607
1557057
1558961
1545801
1541241
1546281
1544377
1545977
1559137
1558857
1563417
1558377
1556099
1552649
1551049
1544425
1539490
1539366
1537926
1536834
1541769
1548393
1575329
1575453
1576545
1577985
1578621
1577985
1551049
1553489
1513155
1527071
1525262
1524470
1521824
1506860
1508669
1549003
1551649
1569361
1584325
1585117
1585320
1592635
1594444
1576732
1574292
1572692
1558776
1556967
1558567
1558364
1551049
1550209
1550085
1548993
1533983
1531747
1529307
1531747
1532179
1533019
1532587
1533679
1533803
1531373
1531932
1534934
1537364
1540676
1547300
1551500
1550246
1547348
1543898
1557058
1516724
1518628
1523668
1525268
1525548
1527452
1529730
1537250
1541570
1547654
1555304
1595638
1599088
1594228
1595482
1600042
1600366
1603816
1606804
1626044
1632252
1636452
1639902
1641126
1646166
1650726
1684326
1685766
1678116
1676268
1672404
1649940
1648716
1628958
1625118
1623258
1622934
1624782
1628646
1651110
1654008
1657140
1660980
1680738
1691538
1697418
1715130
1717758
1737505
1738729
1743589
1744225
1738141
1733821
1734145
1736005
1736329
1734481
1731629
1730029
1727401
1730253
1731853
1733701
1736329
1769929
1771441
1780849
1780973
1800731
1798922
1779164
1780973
1771565
1771441
1737841
1736329
1754041
1744633
1748833
1733869
1730029
1727029
1730869
1733869
1748833
1744633
1759597
1769005
1728671
1731317
1729508
1735270
1737079
1737871
1720159
1717513
1716721
1701757
1703357
1703154
1689994
1684954
1683354
1683074
1679762
1679965
1675405
1673127
1669677
1663469
1658609
1664489
1670697
1666497
1660617
1665477
1663573
1667773
1669677
1682837
1683117
1687677
1692717
1694995
1698445
1701757
1703892
1704762
1696908
1690700
1685057
1684277
1681469
1647869
1652139
1659454
1661050
1667674
1673554
1676452
1677232
1679878
1685638
1681368
1685638
1688446
1689349
1694149
1689949
1684069
1685929
1687777
1689377
1692005
1694857
1694425
1702279
1697419
1703299
1709507
1713707
1718567
1718999
1719551
1715231
1719501
1720341
1722222
1718910
1719342
1727196
1729536
1727196
1724550
1718790
1724998
1729318
1735758
1729550
1734110
1726256
1725416
1721146
1716876
1716006
1708691
1707788
1701164
1695284
1688844
1690704
1676788
1672518
1652760
1650900
1648460
1635300
1627650
1621026
1619122
1638880
1645504
1653154
1655058
1668218
1670658
1674928
1688844
1686940
1691500
1678340
1676740
1689900
1693350
1695254
1695534
1697134
1696854
1701894
1697334
1692294
1690016
1686566
1688844
1687404
1688844
1693164
1685514
1684964
1691048
1704208
1697808
1705458
1701138
1702362
1702912
1701472
1688312
1696166
1736500
1696166
1692716
1696166
1690082
1688858
1693718
1685864
1692264
1687404
1688844
1703808
1744142
1744934
1747580
1765292
1763483
1745771
1740009
1739217
1736571
1738380
1723416
1727616
1727292
1723092
1716884
1717208
1736966
1737290
1756530
1760370
1763358
1764430
1764710
1777870
1758630
1764838
1768288
1772848
1774708
1775032
1788192
1790238
1785303
1785798
1779174
1779050
1752114
1750674
1750038
1748946
1748822
1746918
1750782
1768494
1765278
1766148
1768390
1762306
1744594
1752244
1747204
1746880
1747204
1744962
1750002
1753218
1751994
1769706
1775790
1793502
1793178
1790532
1786248
1792128
1794032
1796678
1797902
1798334
1804734
1798334
1802618
1806362
1809260
1808828
1804268
1801280
1797830
1799678
1799802
1796352
1809512
1807608
1812648
1814926
1801766
1796726
1792166
1790566
1790286
1791886
1792166
1794070
1797520
1795242
1799802
1800297
1800753
1800956
1800500
1801340
1802816
1802613
1801773
1804113
1803618
1802142
1791342
1789002
1799802
1804362
1791202
1788924
1802084
1807124
1808724
1808444
1810348
1813798
1816076
1811516
1808066
1803026
1803306
1801402
1803211
1817127
1815318
1812878
1811278
1811075
1797159
1798759
1801199
1801402
1808717
1801402
1799802
1797156
1837490
1835681
1850645
1868357
1871003
1871795
1831461
1833270
1818306
1817514
1825368
1828014
1828446
1810734
1810302
1804542
1811166
1815486
1816266
1813620
1820935
1820155
1821058
1813743
1819503
1812879
1805025
1809295
1804975
1800705
1799835
1798932
1799802
1799599
1801645
1814805
1797093
1814805
1811493
1798333
1796287
1796490
1799802
1799307
1799802
1805682
1799802
1798578
1802898
1808660
1812110
1816970
1814924
1801764
1795884
1788234
1788729
1782645
1764933
1766157
1767137
1762817
1764863
1724529
1730613
1727163
1722303
1735463
1734968
1737920
1745570
1742120
1742960
1745238
1758398
1756120
1754216
1752616
1748056
1747776
1734616
1738066
1739970
1740250
1741850
1746410
1741370
1744358
1748222
1743422
1740614
1738479
1739229
1742037
1747287
1753495
1761145
1768999
1771429
1773277
1767069
1771339
1763485
1768735
1773775
1781425
1784890
1789090
1789930
1789378
1782938
1787798
1781918
1808854
1814104
1815952
1823602
1826590
1829590
1829818
1830688
1831238
1835702
1840262
1841516
1839635
1844195
1848465
1854345
1855215
1861655
1864095
1869345
1870125
1875768
1877208
1878000
1878552
1879806
1880238
1883090
1873682
1853924
1855733
1875491
1873682
1840082
1836866
1836990
1834748
1834424
1829384
1838792
1839020
1837508
1839020
1843820
1826108
1820024
1827339
1835193
1837471
1838581
1837741
1833471
1837671
1845321
1848771
1848647
1854731
1872443
1875659
1875983
1878225
1911825
1938761
1944404
1904070
1906716
1904070
1903278
1901469
1941803
1956767
1939055
1939847
1941656
1959368
1944404
1942804
1940900
1936340
1940900
1935860
1936140
1941180
1944630
1946908
1960068
1946908
1948812
1950412
1950132
1946682
1944404
1936550
1944404
1939844
1940047
1959805
1964365
1967367
1970499
1971049
1956039
1973751
1973548
1970416
1969162
1968612
1950900
1952154
1932396
1926634
1918984
1915996
1896756
1890548
1886228
1889216
1889540
1895183
1898633
1901621
1920861
1917411
1923619
1925059
1920199
1915639
1915315
1909555
1914115
1914439
1914007
1918207
1914007
1912198
1911874
1909228
1931692
1927422
1927854
1929714
1934274
1938544
1935094
1934599
1940359
1943005
1935690
1939974
1938498
1935690
1933786
1935595
1936090
1946890
1948045
1948169
1946945
1945085
1951485
1951917
1947357
1946577
1948481
1942397
1938077
1942887
1944791
1942451
1943231
1944071
1924831
1926055
1922590
1929214
1930306
1923682
1926328
1929136
1918336
1917466
1917961
1913691
1913259
1905405
1906881
1905978
1911018
1915578
1914738
1915018
1914738
1927898
1929498
1931776
1927216
1925312
1923712
1921434
1924884
1911724
1913628
1910178
1907532
1889820
1889028
1874064
1833730
1831921
1828609
1828406
1828958
1829161
1811449
1814665
1814945
1832657
1819497
1819217
1818145
1817275
1818145
1831305
1835505
1843155
1837905
1833705
1838955
1838085
1835233
1836103
1835671
1836103
1828788
1831640
1838955
1831305
1831585
1826545
1823095
1820817
1825857
1812697
1814975
1828135
1826535
1829985
1825425
1823521
1823241
1824841
1829401
1831305
1831429
1832653
1835299
1828899
1828775
1826871
1825647
1827551
1824905
1829189
1829621
1836021
1835589
1831305
1832145
1832925
1843725
1840827
1836963
1839861
1829061
1826433
1826889
1824449
1824652
1825492
1822594
1824070
1826698
1812782
1823582
1822742
1823237
1824461
1826901
1840817
1843715
1847579
1846355
1848695
1847915
1847595
1845995
1846275
1847793
1849653
1851253
1843663
1841803
1841523
1841843
1839403
1837594
1837797
1839397
1846712
1848521
1834605
1834402
1832802
1835242
1827927
1841843
1839403
1839279
1838847
1835845
1838285
1839377
1838818
1837726
1835296
1835436
1835995
1836119
1839121
1838281
1838713
1841143
1827983
1829583
1834143
1839183
1852343
1850065
1850345
1853795
1853515
1851915
1847355
1849259
1844219
1840769
1838865
1841143
1838291
1840139
1837511
1835911
1834063
1836915
1839543
1841143
1846393
1846825
1847695
1853338
1852468
1856668
1857448
1860300
1854657
1853877
1848627
1855942
1848627
1845775
1853425
1849225
1848793
1841143
1835893
1841143
1846183
1859343
1865743
1866175
1867399
1870045
1871949
1871109
1866839
1864031
1864643
1864767
1863987
1866795
1864149
1858389
1857837
1858677
1862947
1868827
1875227
1894974
1901058
1894618
1861018
1856748
1850540
1855100
1856700
1856980
1861250
1863154
1866604
1868882
1876736
1882944
1875090
1880733
1884045
1917645
1912002
1906122
1912562
1918962
1918993
1919785
1913577
1894337
1891349
1891025
1887575
1890221
1891445
1891877
1893781
1896679
1897291
1897571
1899475
1900050
1886890
1882330
1878880
1879680
1881958
1886518
1884614
1879574
1877296
1890456
1888856
1888576
1893616
1896244
1899096
1896468
1894868
1892016
1893616
1891768
1893616
1927216
1907458
1927216
1929025
1919617
1918105
1927513
1927637
1922837
1921028
1920904
1922416
1926616
1923304
1916680
1914776
1907256
1913880
1915320
1918632
1920536
1928056
1926616
1929748
1925548
1922416
1925728
1925176
1924973
1925176
1920906
1914282
1923690
1924010
1937170
1941370
1931962
1938362
1942226
1938026
1940654
1941434
1952234
1951914
1938754
1951914
1952464
1966380
1968240
1970680
1970400
1972304
1970704
1966144
1946386
1944108
1939068
1925908
1927348
1928788
1936642
1943266
1950916
1947466
1950364
1951588
1971346
1973786
1986946
1985042
1971126
1969266
1966826
1971096
1969192
1961542
1976552
1978148
1992064
1978904
1979744
1985828
1979428
1973344
1979744
1999491
1979744
1987394
1988264
1993514
1996366
2003681
2002811
1995161
1994729
1987414
1982164
1986364
1986796
1982596
1979744
1983194
1983474
1978914
1983474
1978434
1965274
1963674
1965274
1964994
1966898
1963448
1961170
1966210
1979370
1981648
1979744
1977840
1975562
1974987
1979547
1981147
1983051
1982251
1984529
1984249
1979689
1974649
1961489
1966529
1969979
1983139
1983419
1996579
1996859
1995989
1992773
1992493
1995709
1982549
1983419
2001131
1983419
1979135
1977911
1971511
1975795
1977699
1980345
1981569
1981693
1981569
1982001
1988401
1987969
1985323
1983419
1984999
1988464
1999264
1994704
2013944
2034140
2033816
2027732
2012722
2015722
2014126
2014676
2022530
2023970
2037130
2043530
2045126
2048128
2049568
2049892
2045692
2046012
2049462
2051062
2051386
2056426
2059642
2077354
2083438
2098402
2098897
2100757
2102275
2102555
2116471
2122555
2126875
2109163
2105947
2110507
2112019
2114261
2118461
2116219
2115895
2122481
2123461
2118421
2119261
2120053
2118007
2123887
2110727
2093015
2087135
2087630
2105342
2118502
2120548
2120053
2118829
2118953
2120857
2123503
2117103
2116671
2101707
2102139
2097939
2100291
2097291
2101491
2121238
2127638
2118230
2118980
2122820
2122696
2126437
2122153
2119507
2120731
2127131
2121047
2101300
2094900
2100984
2105268
2101428
2099524
2113440
2106125
2106925
2104485
2102885
2102682
2088766
2090575
2097890
2096081
2096284
2098724
2104367
2108567
2116217
2117087
2109772
2110552
2115802
2123117
2122337
2119485
2114235
2110035
2104785
2110035
2102385
2101953
2104805
2099162
2098292
2098724
2098521
2101833
2102036
2098724
2100324
2104884
2109924
2111828
2115278
2117556
2117276
2113826
2112226
2109948
2123108
2121204
2116644
2116924
2111884
2098724
2065124
2063220
2096820
2102463
2108671
2116525
2115685
2115405
2109525
2113389
2116287
2130203
2132643
2133867
2134707
2133107
2127464
2122904
2120096
2115826
2112376
2093136
2112894
2114703
2148303
2159103
2159559
2154519
2154722
2156198
2158538
2161166
2161946
2172746
2173241
2172917
2170639
2173447
2169997
2170837
2167849
2161641
2165911
2185151
2178943
2171089
2167777
2167901
2161461
2181219
2182059
2183313
2182059
2188499
2191811
2193323
2233657
2239537
2226377
2229827
2239235
2241044
2241836
2237566
2240212
2257924
2272888
2273728
2277998
2295710
2295215
2293169
2293664
2275952
2262792
2256912
2262792
2264838
2277998
2295710
2295215
2295710
2301590
2303636
2302656
2315816
2313770
2300610
2297658
2297978
2297658
2296146
2297955
2264355
2264479
2269279
2289037
2279629
2279505
2259747
2269155
2270667
2268858
2262458
2262026
2260802
2258156
2256252
2256128
2260412
2259980
2266380
2272464
2266380
2259980
2240233
2259980
2266380
2272780
2273212
2274436
2274868
2276092
2278738
2280642
2280766
2280735
2274335
2272431
2271207
2270595
2269983
2270107
2272011
2274657
2272011
2276295
2272095
2276295
2271435
2276295
2270087
2264207
2265187
2271395
2273255
2290967
2289527
2286077
2282213
2282537
2283629
2275979
2271119
2276999
2283623
2284162
2285762
2281562
2277002
2276678
2280878
2285438
2289278
2295864
2300134
2322598
2318398
2323258
2330908
2334373
2338573
2334373
2338237
2341687
2344585
2338705
2342905
2344753
2349613
2349937
2351377
2346517
2352397
2356261
2362469
2359004
2379200
2385284
2387526
2390742
2386542
2398854
2392646
2396846
2410006
2417596
2421880
2422660
2429975
2433815
2438135
2443175
2450765
2437605
2439117
2439909
2440233
2445273
2446113
2446749
2447619
2441535
2447743
2444527
2439487
2439163
2436921
2419209
2425089
2442801
2445447
2438132
2439941
2422229
2419583
2418791
2378457
2386107
2371143
2386107
2385237
2382385
2377135
2372935
2372503
2364853
2372168
2375020
2380270
2384470
2382661
2383093
2383963
2424297
2423802
2424594
2423118
2422278
2424618
2424162
2424657
2413857
2413997
2414200
2414656
2425456
2425253
2422913
2424389
2422949
2421509
2415109
2401949
2409803
2401949
2403389
2416549
2417989
2424389
2423839
2424389
2384055
2382455
2377415
2364255
2346543
2344943
2337089
2336965
2336685
2332485
2327925
2328765
2331001
2308537
2306633
2319793
2322071
2318621
2323661
2323785
2321507
2325707
2366041
2373895
2391607
2393207
2388167
2385931
2390491
2392091
2392371
2394275
2397725
2420189
2420728
2422240
2423032
2430622
2433934
2433142
2450854
2455138
2454599
2458919
2457407
2449817
2449265
2431553
2427269
2426719
2422399
2422949
2429157
2424837
2423325
2445789
2447301
2441093
2445413
2422949
2421101
2413451
2386515
2386287
2389275
2386287
2389287
2396937
2391687
2394687
2396535
2391975
2391747
2387187
2384187
2382933
2381679
2376429
2379417
2381265
2386515
2413451
2415047
2416301
2389365
2397015
2401575
2393925
2390937
2390187
2395437
2422373
2423969
2428529
2429783
2427935
2428255
2441415
2444547
2448747
2455371
2458683
2445523
2453043
2470755
2475315
2475035
2471819
2473259
2474351
2477567
2479471
2483791
2484661
2495461
2495258
2510222
2509352
2491640
2494286
2490974
2491766
2532100
2533909
2551621
2545537
2551621
2551901
2571648
2581056
2598768
2605168
2611792
2612287
2605887
2586140
2568428
2571074
2569265
2568473
2569265
2584229
2601941
2561607
2546643
2548452
2554214
2551568
2550344
2547698
2547822
2545918
2552318
2552194
2556478
2556910
2550510
2553156
2552724
2553948
2555852
2551568
2551136
2558786
2559656
2560088
2559218
2563418
2568668
2571520
2572565
2564915
2565695
2561495
2554180
2551328
2556971
2562221
2556578
2555798
2550548
2545298
2550338
2548434
2546156
2542706
2542426
2539210
2538574
2538142
2540420
2532770
2531170
2538820
2539100
2543660
2544296
2547512
2550962
2552866
2566026
2567626
2563066
2562226
2562658
2549498
2535582
2535379
2532939
2525624
2523815
2523015
2522583
2520153
2517525
2516685
2510805
2503490
2497050
2496270
2491986
2484396
2485236
2485112
2489382
2495822
2496374
2495282
2495142
2494583
2497895
2504335
2510215
2514485
2515325
2512013
2510413
2518003
2523883
2521443
2527086
2533294
2536146
2537994
2539594
2542222
2539370
2537522
2549834
2556042
2559906
2560542
2561412
2562252
2549940
2557530
2551322
2558637
2559417
2563701
2571555
2576595
2580915
2585715
2585079
2588919
2593189
2585335
2579127
2573484
2539884
2537076
2532806
2531936
2527666
2526826
2531026
2544186
2544506
2546858
2547638
2550770
2552370
2549368
2552176
2552968
2567932
2585644
2588290
2594052
2579088
2576442
2558730
2557938
2517604
2519413
2517604
2511520
2513424
2493677
2493553
2490907
2489683
2489251
2482851
2484075
2484199
2479915
2485999
2505746
2512146
2505746
2512146
2512578
2515224
2513320
2517604
2514958
2509196
2507387
2506595
2512357
2494645
2497597
2497721
2495912
2476154
2476030
2474518
2476030
2461066
2480824
2482633
2516233
2518879
2519671
2521480
2487880
2478472
2487880
2502844
2504444
2507072
2508920
2511772
2508920
2507072
2505472
2502844
2506684
2502844
2495254
2499574
2495254
2502844
2497804
2502844
2501974
2497774
2490124
2489692
2484442
2484766
2495566
2498006
2499866
2503706
2503582
2500730
2499218
2500694
2504159
2505968
2508776
2511674
2511954
2513858
2516756
2519744
2520283
2534199
2536103
2555861
2536103
2532263
2536127
2537975
2542535
2543030
2544839
2549039
2544239
2540039
2535479
2535155
2535479
2557943
2556134
2555089
2574329
2574881
2576729
2576405
2566997
2547239
2545379
2522915
2519051
2517203
2517406
2514508
2514788
2509748
2506298
2493138
2491538
2491258
2489354
2487076
2482516
2487556
2492116
2494394
2497844
2499748
2501348
2514508
2516317
2501353
2483641
2480995
2498707
2499499
2502145
2517109
2557443
2551681
2549872
2549080
2543318
2541509
2559221
2561867
2562659
2568421
2583385
2568421
2565469
2562823
2562031
2563840
2563408
2543661
2549745
2556145
2553499
2552275
2545875
2552275
2545875
2548521
2549745
2550177
2548273
2548885
2549009
2544725
2544601
2546505
2566252
2560168
2560044
2558140
2556916
2556484
2550084
2552730
2550084
2556484
2556916
2558140
2560044
2555760
2556372
2556496
2555946
2563800
2583558
2598568
2598771
2599321
2617033
2620165
2617163
2621723
2620469
2615909
2615706
2616960
2597202
2596746
2585946
2578092
2560380
2571180
2571636
2571839
2568707
2570183
2571023
2571518
2571315
2570475
2569980
2567640
2566164
2568504
2555344
2535586
2534794
2535586
2533146
2534126
2526476
2524572
2526432
2519808
2532968
2534480
2530210
2536834
2538738
2524822
2527262
2541178
2539318
2559076
2566726
2560846
2565116
2585312
2583800
2563604
2562164
2555540
2552228
2550324
2542804
2545936
2530972
2530477
2545441
2550301
2554501
2558365
2561815
2562310
2558110
2563360
2563996
2564428
2572078
2579728
2587582
2590390
2623990
2628260
2630502
2633400
2636865
2638305
2641203
2643543
2666007
2663109
2666325
2667228
2670360
2671584
2679104
2681008
2684320
2690944
2695144
2696584
2693452
2694088
2699731
2705939
2701475
2700925
2701475
2702345
2706809
2707601
2710031
2709239
2708369
2705939
2704130
2704922
2664588
2667234
2664018
2681730
2696694
2709854
2694890
2695170
2677458
2717792
2717000
2714354
2696642
2698451
2697581
2698451
2716163
2703003
2702723
2705939
2711189
2711969
2717612
2711969
2706719
2705939
2707748
2692784
2675072
2672426
2671634
2665872
2662422
2680134
2695098
2692820
2691011
2696051
2698329
2701779
2707541
2708333
2708613
2711259
2706699
2693539
2691635
2691355
2689755
2684715
2686619
2699779
2704339
2705939
2699855
2693455
2699539
2679792
2686192
2689013
2694053
2689733
2684693
2677103
2673263
2677103
2681423
2689013
2692877
2694725
2694401
2691593
2689733
2685893
2686349
2666591
2662847
2658983
2657135
2679599
2682497
2684357
2688197
2690057
2690381
2692427
2693939
2697389
2700287
2692637
2693417
2691977
2709689
2715773
2735531
2742155
2769091
2774131
2769271
2770711
2766441
2765601
2761331
2767771
2765143
2760343
2754700
2748492
2740638
2737173
2739451
2736139
2729699
2725835
2721635
2722187
2726051
2723153
2724377
2746841
2749181
2745731
2753381
2755811
2749931
2755691
2759891
2768585
2767745
2778545
2780393
2775143
2772245
2769347
2767007
2744543
2743319
2748569
2751197
2755517
2759381
2764241
2771891
2774789
2775629
2776853
2779293
2793209
2796107
2801042
2804174
2798090
2794226
2791010
2797450
2779738
2778958
2776060
2762144
2759704
2758480
2761945
2765161
2770201
2770525
2759725
2765605
2769875
2770715
2770163
2763723
2757843
2757003
2759245
2754205
2751963
2751639
2747369
2754959
2755239
2755559
2757419
2757139
2755621
2753761
2752161
2751841
2753441
2753317
2751413
2751537
2753441
2753873
2756519
2757743
2764143
2764346
2763794
2763591
2764143
2757743
2753459
2750813
2749589
2749157
2749769
2755649
2773361
2775407
2775902
2773856
2756144
2742984
2742489
2736609
2749769
2750561
2765525
2768171
2773933
2775742
2735408
2733599
2718635
2736347
2735555
2732909
2715197
2734955
2715715
2714875
2708289
2704839
2724079
2724919
2728369
2733409
2753167
2745577
2740537
2736217
2732377
2731585
2725823
2724014
2728814
2732654
2742062
2743574
2743698
2710098
2708289
2688531
2688407
2695997
2700317
2697671
2679959
2670551
2672360
2676101
2693813
2692301
2693093
2698855
2700664
2685700
2688346
2687914
2690354
2689130
2686484
2689796
2689672
2695552
2703406
2707690
2711890
2705490
2702669
2696585
2702465
2707025
2707349
2705445
2701995
2702319
2705769
2711977
2714255
2714575
2717473
2722723
2721499
2699035
2696695
2693797
2688547
2690887
2713351
2719231
2722447
2728531
2729401
2732209
2727925
2732125
2736985
2754697
2755921
2761171
2754771
2758971
2756693
2761553
2767761
2769665
2768065
2763025
2761121
2760841
2756281
2743121
2756281
2750401
2750896
2752942
2758822
2741110
2727950
2725904
2725409
2743121
2742281
2738831
2719591
2699833
2719591
2738831
2742281
2742421
2729261
2723381
2741093
2741588
2743634
2756794
2754148
2760028
2745064
2727352
2726560
2741524
2723812
2724604
2722558
2722063
2723872
2764206
2766852
2784564
2782755
2776993
2791957
2791165
2793811
2799573
2800365
2796624
2778912
2777103
2794815
2796624
2793978
2788216
2791681
2789241
2792243
2778327
2775429
2771565
2760765
2759985
2757357
2765007
2757357
2758227
2765877
2783589
2788149
2789745
2792185
2785977
2780334
2746734
2745894
2753209
2755649
2758547
2761445
2762669
2765521
2770771
2771611
2772835
2795299
2791029
2796279
2798619
2800215
2800647
2799423
2797827
2782817
2785445
2786225
2797025
2800889
2814805
2820448
2824648
2832502
2835718
2840758
2841082
2843324
2837240
2819528
2816312
2811272
2810948
2808706
2812546
2827556
2854492
2858692
2881156
2885956
2892396
2894205
2900413
2892559
2896829
2894489
2891681
2895881
2898689
2902529
2917493
2926901
2932985
2927735
2924837
2920637
2954237
2957237
2956913
2961113
2961437
2952029
2951709
2938549
2934349
2933125
2928565
2906101
2910301
2913301
2913425
2912813
2906413
2910253
2907607
2917015
2915111
2913887
2911241
2909337
2909213
2908781
2906429
2921393
2917652
2911252
2910502
2906662
2906050
2906174
2908078
2903878
2904310
2905534
2908180
2910084
2916484
2919130
2920354
2920786
2927186
2927798
2928410
2927186
2927062
2926630
2928070
2921670
2916027
2916807
2922450
2923000
2909840
2915090
2913650
2912210
2920064
2919284
2914034
2915474
2921874
2921324
2913470
2926630
2926078
2925875
2926078
2929390
2928550
2928347
2926007
2936807
2937263
2937758
2939234
2941574
2930774
2930318
2929823
2929963
2928487
2928690
2929560
2927751
2931591
2935911
2940951
2942469
2938149
2933109
2915397
2914527
2874193
2870977
2857817
2875529
2878745
2871155
2877363
2896603
2899591
2903041
2903365
2903085
2902293
2898453
2880741
2878095
2891255
2891535
2909247
2924211
2925003
2965337
2967146
2952182
2954828
2957474
2997808
2998600
3016312
3031276
3029467
3014503
3008741
3007949
3005303
2987591
2989400
2987540
2988764
3011228
3013568
3016466
3010026
3009746
3009426
3012324
3013920
3028930
3027334
3024332
3022732
3023284
3029724
3037314
3033044
3033272
3030374
3031974
3029634
3007170
3005946
3000696
3001016
3006266
3004748
3004888
3009158
3015038
3015318
3009438
3008598
3008046
3009906
3012758
3011158
3008530
3006682
3003830
3005430
3007278
3009906
3010401
3016281
3009657
3010749
3017373
3018465
3017970
3017431
3011551
3015821
3014221
3013129
3008859
3002235
3002774
3009398
3008306
3009906
3014106
3009906
3010338
3015588
3018440
3019310
3026960
3026528
3019213
3013963
3021278
3018426
3010776
3009906
3002386
3000482
3003614
3005054
3009254
3005942
3007846
3014470
3015022
3011890
3010450
3006250
2999626
3007146
3012396
3016244
3017840
3014840
3019400
3020654
3023654
3022400
3020804
3016244
3020092
3023932
3018682
3023722
3031312
3034300
3030460
3026140
3021100
3018112
3010462
3008614
2981678
2989328
2993648
2998898
2997050
2989460
2990714
2992562
3000212
3000440
3005000
3000440
2998844
3001832
2974896
2971896
2972646
2971392
2973240
2970252
2962602
2957352
2957555
2956079
2956919
2957375
2957172
2959512
2948712
2948256
2949732
2960532
2961027
2960887
2960392
2958052
2955200
2957846
2942882
2944691
2985025
2985817
2984008
3001720
3000120
2959786
2958994
2962735
2960107
2958259
2960887
2963739
2961093
2962693
2944981
2946829
2946969
2946845
2944941
2946165
2979765
2979889
2975689
2961773
2959964
2956832
2958736
2960545
2962985
2958185
2962049
2972849
2973629
2972474
2974826
2971928
2973440
2968880
2988638
2987414
2986574
2989202
3003118
3000876
3003774
3004410
3007218
3009122
3019922
3039162
3036516
3033708
3034203
3036012
3025212
3023308
3020680
3019204
3020107
3019983
3000225
3001701
3000798
2999574
2999142
2992742
2992130
2992254
2991618
2995083
2997325
3000457
2998945
2994135
2990271
2988462
2992746
2977782
2972532
2969634
2967294
2944830
2943606
2948856
2951134
2953038
2935326
2938224
2940033
2941633
2940379
2944123
2950523
2950955
2952209
2953433
2955773
2955278
2955558
2960598
2964048
2963256
2963580
2976740
2981300
2985500
2985176
2982736
2971936
2973160
2975806
2966398
2977198
2976418
2979226
2938892
2939387
2958627
2963187
2966652
2968128
2970032
2968223
2965577
2966129
2973983
2966129
2965019
2965222
2961910
2964188
2963985
2965095
2962817
2967017
2974332
2979582
2980014
2979144
2981996
2964284
2959034
2956182
2996516
2998325
2994584
2997230
3004880
3002234
2994584
2995454
2995022
3012734
3013526
3014506
3020714
3025574
3021374
3015166
3010306
3014506
3012697
2972363
2971571
2967371
2960056
2959076
2974040
2973608
2977878
2980506
2976236
2979088
2976280
2942680
2940820
2942668
2938108
2939332
2939764
2934121
2936363
2939495
2943239
2937031
2936536
2951500
2936536
2937031
2932761
2935659
2937259
2941529
2939189
2936291
2932547
2931323
2935883
2930633
2935883
2937743
2929889
2930525
2932865
2926985
2920777
2916577
2924431
2930639
2936282
2969882
2965022
2967830
2968733
2963483
2962703
2967953
2962310
2963090
2968733
2966293
2980209
2982649
2984553
2997713
2999573
3007223
3005363
2998739
3003009
2998739
2985579
2983675
2976025
2956267
2942351
2962109
2968733
2965283
2963379
2950219
2948619
2943579
2939019
2940923
2938645
2940923
2945963
2950523
2952123
2951843
2952123
2955573
2968733
2976323
2974805
2969765
2973605
2969765
2974085
2979125
2974805
2974253
2969003
2966663
2962919
2962779
2961555
2964453
2966793
2989257
2982817
2976937
2972667
2973507
2978757
2983027
2983151
2989591
2990815
2993713
2991067
2989843
2989411
2983011
2988891
2982491
2984395
2983783
2984215
2990615
2994899
2995451
2999735
3006135
3003237
3004329
3007181
2994021
2993741
2990525
2989655
2971943
2974221
2974501
2975611
2976043
2977852
2978402
2981048
2963336
2960690
2959898
2961802
2961926
2962796
2966012
2966292
2979452
2980676
2998388
2997776
2957442
2962252
2964156
2967054
2968902
2970711
2973699
2971890
2985806
2987030
2989676
2987772
2987492
2987368
2972404
2969506
2970045
2968236
2966388
2966668
2966236
2963590
2961686
2960462
2958558
2944642
2944103
2941115
2940991
2943843
2942973
2938773
2939643
2932328
2939643
2931993
2931561
2928709
2936359
2936791
2942041
2936791
2940991
2946031
2938441
2942761
2937721
2933401
2937241
2933401
2934919
2928295
2935815
2937719
2938271
2942471
2943911
2947043
2953667
2951763
2948451
2944251
2942811
2939679
2932159
2935609
2935406
2940446
2935886
2930846
2917686
2922246
2925558
2925761
2927665
2927113
2924835
2937995
2938275
2940553
2938649
2938369
2936769
2938369
2934919
2931055
2929615
2930595
2926395
2921535
2922975
2926425
2927217
2926893
2930757
2933565
2935077
2939637
2973237
2972917
2968357
2960707
2962219
2958754
2963024
2968667
2968991
2976845
2983053
2983845
2988705
2984505
2992155
2996355
3016551
3013101
3020751
3021543
3027423
3047619
3047939
3046715
3041465
3045665
3047907
3048231
3053271
3058521
3061986
3059634
3060706
3057808
3055468
3033004
3032684
3028484
3031382
3032018
3032450
3026366
3008654
2995494
2990454
3003614
3003934
3013342
3017542
3035254
3041338
3061085
3067169
3089633
3096033
3097257
3095015
3094691
3097907
3100247
3097031
3097526
3095186
3105986
3106442
3105947
3107423
3105947
3105107
3105310
3105107
3094307
3093851
3096191
3097031
3095519
3095395
3097204
3130804
3150562
3159970
3160094
3126494
3124685
3104927
3102575
3104087
3098207
3100253
3113413
3095701
3113413
3100253
3100748
3098702
3098207
3104087
3107075
3106751
3112959
3132199
3135649
3135973
3129765
3126777
3132027
3134879
3142194
3122954
3127154
3123704
3122834
3130484
3122834
3123704
3124136
3121284
3116034
3108719
3108287
3104087
3104211
3106115
3103469
3103037
3101813
3099909
3099785
3102431
3106715
3113115
3113547
3114771
3110487
3104087
3109337
3109876
3112774
3115114
3119434
3122566
3123105
3126003
3129867
3131467
3130243
3127345
3104881
3105673
3102775
3097525
3099037
3106627
3110911
3112135
3115447
3110197
3109417
3103774
3121486
3122266
3119926
3121438
3127646
3130958
3131798
3151556
3155006
3174246
3182100
3178650
3212250
3207980
3215570
3221213
3213359
3207151
3201508
3167908
3165100
3145860
3145020
3125262
3128070
3132390
3132940
3128620
3132904
3150616
3143026
3143818
3140506
3139714
3122002
3121463
3117179
3116629
3139093
3139643
3138131
3142401
3136001
3142085
3122338
3116254
3136001
3142401
3142121
3145571
3132411
3134689
3132785
3134689
3133089
3134689
3139249
3144289
3139729
3134689
3147849
3145571
3145851
3142401
3134811
3139851
3134811
3130491
3134811
3138651
3146241
3142401
3142198
3122440
3114586
3114091
3113541
3098531
3116243
3119375
3139133
3139336
3134776
3135326
3150336
3158190
3156936
3139224
3137178
3150338
3156218
3156713
3150833
3152879
3139719
3157431
3158685
3155553
3160113
3142401
3141906
3142401
3143841
3145281
3132121
3130075
3129525
3111813
3071479
3063625
3081337
3087737
3092777
3115241
3115365
3123219
3127419
3129019
3128895
3142055
3159767
3158327
3150473
3144073
3130913
3128677
3134557
3130357
3128757
3123717
3125953
3166287
3143823
3142383
3136503
3144357
3146403
3128691
3129241
3142401
3139269
3138429
3137526
3133326
3130110
3125826
3127674
3128514
3127878
3108638
3108962
3089204
3091482
3096732
3098636
3118394
3121610
3127490
3125212
3107500
3113584
3131296
3134512
3129262
3127358
3124142
3118262
3135974
3132524
3132200
3136484
3136344
3158808
3162672
3174984
3174660
3180868
3183766
3180868
3179644
3157180
3154840
3151942
3146692
3142408
3142732
3150586
3145546
3137956
3145476
3151916
3152468
3151832
3150962
3143647
3142867
3129707
3127465
3140625
3147249
3146925
3144683
3142823
3143051
3142619
3140759
3136199
3132359
3133199
3134639
3137771
3143651
3141803
3146073
3145521
3147425
3147977
3141391
3145591
3141321
3144323
3141425
3118961
3119597
3120467
3127782
3128562
3132846
3140436
3128124
3121916
3117646
3121846
3115966
3109526
3108686
3109526
3105662
3097808
3100706
3102566
3107606
3107930
3110172
3104088
3086376
3089826
3093666
3112906
3132664
3140314
3135064
3139264
3139696
3147011
3147881
3147011
3149863
3146551
3138901
3144151
3143948
3144151
3141299
3133984
3137296
3136864
3132664
3135880
3135010
3131794
3131514
3118354
3116836
3111796
3107476
3103636
3108676
3121836
3126156
3143868
3144738
3145018
3152608
3134896
3138736
3135884
3134284
3135884
3137732
3140584
3143212
3140584
3120837
3114437
3120521
3140268
3138420
3144820
3138736
3134176
3135616
3143470
3141870
3141590
3139686
3139966
3136516
3138028
3136516
3139882
3139090
3140690
3139710
3119514
3124554
3129114
3131392
3134842
3135822
3122662
3124566
3130966
3130416
3122562
3121122
3119682
3106522
3119682
3121122
3114722
3115272
3116064
3113786
3108746
3121906
3120682
3118778
3118654
3118530
3119754
3113354
3109070
3109194
3115594
3118240
3119464
3119896
3119464
3120076
3121980
3124626
3124750
3125362
3131762
3129116
3124832
3118432
3120336
3119904
3118680
3119112
3116466
3114562
3109522
3117172
3110964
3113816
3111188
3109588
3107740
3104888
3107516
3109116
3110964
3114828
3106974
3140574
3143382
3145822
3147046
3147186
3149232
3151092
3155362
3156874
3160006
3164326
3172180
3178388
3184031
3197947
3198403
3195973
3194461
3202111
3202435
3209059
3211105
3212965
3214477
3214933
3220813
3228333
3250797
3252051
3257931
3261381
3264513
3266361
3270681
3275241
3277519
3273199
3271351
3268219
3267763
3265717
3270757
3268897
3262273
3259995
3262425
3257865
3262065
3289001
3288677
3284407
3280207
3246607
3249235
3248395
3245955
3235155
3231291
3228393
3214477
3213253
3212473
3211837
3218461
3220739
3219836
3220616
3217988
3215746
3210103
3213001
3209869
3220669
3220989
3224121
3225969
3229101
3229737
3230640
3222990
3196054
3198296
3195488
3197088
3195488
3193628
3186038
3185758
3187618
3195208
3195488
3195168
3195488
3196580
3189956
3188864
3195488
3195983
3195488
3194618
3180702
3178272
3177480
3173016
3175446
3176238
3180702
3181572
3175488
3172488
3170908
3167443
3156643
3160963
3160413
3163413
3164993
3178909
3174589
3180673
3191473
3192023
3195488
3196358
3189043
3196693
3191443
3187243
3186811
3194126
3196978
3202228
3206428
3206860
3204008
3196358
3195488
3197000
3196876
3187468
3185659
3205417
3239017
3240826
3239314
3248722
3228964
3229088
3195488
3189088
3169341
3163257
3178221
3181221
3185061
3191461
3195661
3186253
3171289
3167449
3164449
3160249
3169657
3175741
3195488
3196124
3205532
3220496
3224336
3227336
3231536
3222128
3207164
3203324
3200324
3196124
3208436
3211082
3217290
3222933
3223803
3231118
3231898
3236182
3243772
3245284
3249148
3249988
3242134
3234819
3235659
3234789
3239649
3241553
3241877
3248085
3248580
3256100
3259412
3266036
3270236
3271676
3274808
3267288
3265384
3264832
3258208
3254008
3252568
3249436
3237124
3230916
3230076
3245040
3244404
3247392
3248832
3254475
3258219
3254019
3259662
3263932
3268792
3264592
3258384
3252504
3253944
3257409
3253209
3248649
3248325
3244055
3277655
3280463
3275603
3272795
3275927
3270284
3274484
3268276
3272836
3287800
3295654
3298654
3302854
3306694
3307564
3273964
3278164
3281629
3286489
3285049
3281599
3277735
3281935
3285799
3289249
3290689
3289909
3285049
3277399
3273934
3281584
3277384
3283264
3277056
3262092
3257808
3250218
3244338
3248538
3254746
3264154
3263659
3269539
3264679
3270887
3272791
3272296
3267256
3272296
3273772
3271432
3273772
3274267
3263467
3261189
3261392
3261189
3261049
3263327
3261851
3261571
3259971
3255411
3251961
3250057
3254617
3241457
3244907
3246507
3246051
3246507
3246647
3259807
3260087
3270887
3269287
3267439
3264587
3266187
3268035
3265407
3268035
3270887
3270659
3266099
3267353
3259763
3254723
3253469
3253672
3256984
3256781
3253469
3249621
3244371
3236721
3232873
3229033
3229873
3230593
3229339
3224779
3226627
3222307
3226147
3230707
3231982
3234970
3235720
3235948
3243538
3248098
3249352
3276288
3275538
3272550
3270702
3272298
3270450
3275700
3280950
3281700
3284688
3281700
3274050
3300986
3295736
3294140
3301790
3303638
3300638
3294238
3293014
3293138
3288854
3295254
3296478
3299124
3301028
3300904
3300472
3300904
3299000
3303284
3300638
3294758
3296270
3302894
3308774
3309866
3314136
3315736
3321616
3320104
3314224
3294028
3314224
3313132
3311532
3304908
3304369
3300099
3300638
3299846
3300638
3294238
3295678
3297118
3310278
3316678
3316128
3314688
3313248
3321102
3313248
3300088
3300638
3311438
3308306
3309902
3303278
3312686
3308822
3309602
3307162
3294002
3292098
3291778
3287218
3286438
3284838
3265091
3260771
3243059
3232259
3222851
3215201
3215521
3220081
3224401
3242113
3245245
3249109
3268867
3270463
3268867
3265003
3267901
3264061
3267925
3261525
3267609
3287356
3281272
3287672
3286448
3285608
3288236
3273226
3274066
3275290
3277730
3291646
3314110
3317008
3327808
3328588
3326148
3333798
3330900
3329052
3306588
3303690
3283932
3270016
3268156
3267832
3269680
3273544
3266229
3266553
3261303
3256443
3260713
3262313
3276229
3271959
3261159
3260379
3257751
3262021
3259169
3265609
3264769
3268081
3268921
3268369
3261929
3258065
3252185
3255187
3268347
3270251
3272691
3279315
3286965
3288825
3290265
3296145
3300009
3303459
3303027
3295377
3294507
3290307
3286443
3285003
3281553
3278551
3276955
3279957
3276492
3272292
3264642
3268482
3266622
3252706
3232948
3228678
3230538
3235398
3238863
3243063
3262821
3267141
3270981
3263391
3270981
3276021
3272181
3267141
3262821
3265161
3266637
3289101
3289941
3287601
3298401
3297906
3296430
3295590
3295387
3294931
3284131
3284626
3288946
3290458
3296666
3290458
3286138
3284626
3262162
3262365
3262821
3275981
3277581
3282621
3280343
3276893
3274989
3269949
3270229
3269949
3272227
3259067
3260971
3256411
3254811
3258261
3262821
3245109
3244239
3247455
3244239
3243959
3230799
3248511
3261671
3262541
3262821
3243581
3246433
3243445
3239995
3239671
3246986
3240778
3248428
3248860
3253060
3258310
3259180
3256372
3254563
3239553
3241029
3239433
3242241
3257251
3257575
3254767
3248559
3240705
3244017
3246825
3280425
3276155
3275660
3275863
3242263
3248471
3254114
3261968
3256325
3260595
3271395
3275955
3276450
3276730
3284320
3286180
3281980
3301220
3300900
3303330
3307530
3309130
3309450
3309170
3301580
3297020
3295420
3293944
3293620
3295216
3298681
3300585
3297120
3286320
3267080
3268889
3266985
3265125
3271209
3290956
3284556
3264809
3258725
3265125
3263901
3261997
3263901
3266547
3265323
3267227
3267351
3268575
3268451
3265805
3267029
3266597
3269243
3268631
3269063
3275463
3279747
3277101
3277225
3275321
3275753
3282153
3282765
3282641
3282209
3275809
3275197
3268797
3272109
3268797
3268594
3268797
3270645
3272454
3271915
3274903
3271915
3270106
3268202
3270062
3267164
3266884
3280800
3274592
3280800
3286443
3320043
3322851
3327121
3319267
3322165
3316522
3282922
3280114
3275844
3283698
3283978
3261514
3247598
3246374
3232458
3229560
3227120
3260720
3260580
3258720
3278478
3281376
3303840
3307704
3309552
3309228
3298428
3301056
3297216
3277458
3274560
3278400
3274536
3272688
3268824
3266976
3266196
3263568
3265472
3267912
3258504
3258380
3256571
3236813
3237352
3235110
3234786
3229746
3226530
3208818
3202734
3203988
3206230
3172630
3172954
3173234
3171794
3185710
3196510
3199408
3200248
3220006
3223456
3242696
3243536
3244760
3249800
3249924
3251436
3260844
3256284
3254684
3254404
3252500
3249050
3246772
3252856
3251344
3269056
3282216
3283086
3279954
3280734
3276534
3269910
3269358
3267454
3259934
3263150
3258110
3244950
3262662
3265878
3267687
3287445
3287769
3291633
3290379
3295629
3299949
3303789
3296199
3295479
3291639
3290799
3295839
3303489
3296174
3293322
3300912
3296712
3297144
3289494
3288624
3295939
3298791
3293541
3293109
3297309
3298179
3278432
3298179
3292095
3285695
3291779
3298179
3315891
3329051
3331097
3330602
3328556
3315396
3297684
3291804
3292299
3293279
3290839
3293279
3297479
3293279
3299487
3298507
3293647
3298507
3292299
3293279
3294719
3295699
3295063
3294160
3296438
3300638
3301418
3307298
3310196
3309356
3312668
3319108
3315796
3316636
3309046
3309366
3304326
3300006
3305046
3306054
3314748
3319018
3321064
3334224
3330384
3327486
3323216
3327486
3321606
3322101
3326421
3332301
3335613
3336069
3329629
3347341
3347665
3351505
3370745
3368503
3365371
3372961
3378001
3378793
3381439
3381563
3377279
3370879
3367567
3366343
3364439
3364315
3367627
3369531
3369099
3369531
3366885
3366682
3367906
3372190
3372393
3378793
3377813
3398009
3403889
3402377
3403169
3404681
3408131
3412941
3412149
3391953
3392793
3412551
3432309
3435759
3436599
3417359
3397601
3416841
3416001
3412551
3412119
3412989
3405339
3412989
3413421
3417621
3424936
3430186
3433038
3425723
3424853
3422001
3416751
3412551
3418431
3405271
3403225
3402730
3404776
3387064
3400224
3417936
3412056
3412551
3413007
3415347
3426147
3425652
3425196
3423720
3422880
3422677
3420337
3420832
3422308
3423148
3423351
3412551
3418635
3417035
3414407
3417035
3413723
3407323
3409171
3408968
3412280
3432027
3438427
3440027
3420280
3414196
3411344
3409496
3412348
3412551
3406671
3407166
3420326
3422372
3409212
3407166
3406671
3424383
3430263
3412551
3418991
3419194
3425402
3429602
3431411
3435971
3439835
3437593
3435315
3440175
3445818
3451698
3452248
3455100
3449016
3468256
3476110
3482318
3486588
3481778
3484586
3481121
3482213
3483305
3484905
3487803
3470091
3469811
3452099
3452891
3451781
3446741
3443525
3445373
3443564
3444544
3467008
3472888
3475786
3479626
3481486
3481810
3481486
3479677
3480216
3486840
3489692
3492908
3493032
3493312
3513070
3506630
3540230
3532376
3534618
3512154
3518238
3521454
3522564
3540276
3543741
3547581
3551429
3553869
3558069
3553269
3575733
3580533
3576333
3572063
3569211
3565371
3538435
3504835
3502027
3504305
3504585
3502145
3506415
3505545
3507354
3509163
3516753
3511110
3515670
3512454
3512174
3499014
3494814
3490254
3489930
3489380
3489704
3493904
3499664
3504599
3513293
3519733
3520843
3526927
3532570
3526362
3526686
3525594
3530634
3544550
3548000
3550628
3552476
3550628
3553480
3551880
3549252
3550852
3548000
3549440
3530200
3533512
3535416
3534576
3531126
3524502
3504744
3502840
3495320
3499520
3502970
3522210
3529730
3532862
3528662
3527222
3524090
3524930
3524378
3531002
3537588
3546282
3549134
3553334
3546934
3544656
3557816
3558366
3560806
3563042
3563166
3564006
3563511
3548547
3549639
3550071
3552501
3547251
3548121
3548441
3579689
3580481
3595491
3596041
3600241
3601333
3614493
3610293
3615543
3618395
3619265
3626915
3627347
3620032
3614782
3611930
3616130
3615698
3608048
3607178
3614493
3610293
3604650
3584903
3578819
3583754
3583434
3570274
3579682
3580002
3580497
3577689
3559977
3552123
3546243
3543027
3541123
3536803
3542563
3544372
3546650
3546930
3549360
3550470
3555510
3574750
3569710
3576150
3577626
3570036
3565766
3532166
3534596
3542246
3537962
3537638
3540536
3542814
3543138
3560850
3568704
3574912
3580555
3614155
3616963
3621233
3615025
3641961
3634107
3624699
3629949
3631853
3628013
3633893
3641747
3644963
3642065
3651473
3666437
3670721
3668817
3675217
3675649
3679933
3679809
3677163
3676551
3676119
3676243
3677467
3676243
3676675
3679321
3679197
3677293
3674647
3674215
3675439
3678085
3673801
3673925
3667525
3673925
3674537
3676441
3670041
3671945
3670721
3667505
3658097
3657817
3656947
3639235
3637723
3638003
3637879
3636070
3602470
3603982
3613390
3633148
3634957
3668557
3681717
3681841
3668681
3671897
3672767
3690479
3670721
3670518
3673830
3674033
3670721
3668873
3665741
3667589
3665989
3668617
3670217
3673069
3670217
3667589
3670721
3671216
3670124
3663500
3663005
3664097
3670721
3666401
3662561
3657521
3649931
3653771
3658091
3663131
3670721
3676601
3676881
3681921
3683521
3686971
3691531
3688219
3694659
3696937
3698841
3712001
3716271
3723921
3728241
3734865
3735768
3728118
3735768
3739218
3740658
3748512
3751824
3755289
3758187
3762051
3769366
3769163
3773363
3774203
3768323
3765011
3758571
3754301
3753461
3757731
3754833
3755703
3756135
3760995
3766245
3762045
3764897
3762045
3761613
3753963
3753093
3760408
3768058
3760743
3761175
3765375
3766245
3760995
3756795
3755355
3752043
3750139
3742619
3745751
3742619
3744059
3748259
3751571
3753475
3746851
3753475
3760995
3757863
3772873
3771619
3791377
3795937
3778225
3778428
3777878
3758120
3750266
3750063
3735053
3752765
3755897
3757151
3757701
3765555
3760995
3741237
3743141
3756301
3758161
3756257
3751987
3771745
3757829
3755389
3742229
3748853
3753123
3746499
3738849
3746499
3744639
3747079
3760995
3763803
3753003
3749538
3748062
3745254
3747063
3746631
3747126
3766366
3777166
3780631
3782107
3794419
3796323
3797103
3796979
3792419
3789773
3788549
3786645
3787515
3795035
3788827
3792292
3784438
3788708
3822308
3827951
3808711
3814919
3814424
3820632
3820082
3813682
3809482
3801628
3809278
3807838
3806398
3804958
3808423
3812623
3816487
3819937
3821377
3816517
3808867
3795707
3791507
3788057
3784592
3780728
3785588
3783684
3787548
3789148
3792280
3792916
3793756
3791947
3799801
3802609
3803863
3811178
3811958
3816242
3823832
3822356
3819548
3817644
3819240
3841704
3846264
3846588
3848397
3850301
3853109
3848839
3846031
3846526
3865766
3876566
3882446
3848846
3845844
3845616
3849816
3849492
3852494
3849029
3842629
3838345
3827545
3833425
3835329
3838137
3839613
3843078
3846528
3857328
3851685
3832445
3830636
3832112
3831617
3833426
3833921
3853161
3857721
3830785
3833785
3838345
3837091
3844741
3846589
3842029
3845017
3850267
3853255
3880191
3874941
3848005
3846409
3848257
3847003
3846253
3841003
3842599
3846447
3851697
3859347
3860943
3859095
3854535
3855789
3852801
3850953
3850203
3853203
3851928
3853182
3845532
3845304
3842316
3840038
3838438
3842998
3842718
3844996
3831836
3833740
3833796
3830346
3831186
3834636
3830076
3828172
3828972
3842132
3837092
3840932
3845132
3848132
3843932
3858896
3868304
3867984
3868304
3858896
3855056
3852056
3837092
3826292
3827132
3827335
3827791
3827994
3831306
3831103
3827791
3828286
3830626
3830170
3830030
3829535
3840335
3837995
3836519
3836316
3837792
3834940
3831940
3828100
3823900
3838864
3848272
3844432
3853840
3856840
3860680
3864880
3855472
3851272
3848272
3833308
3848272
3851272
3855112
3845704
3849904
3842589
3849904
3852756
3847506
3843306
3842874
3843744
3842874
3850524
3850956
3856206
3860406
3852756
3837792
3837360
3839264
3836132
3835676
3834164
3834444
3834983
3834080
3840704
3841880
3855040
3881976
3879078
3873435
3875244
3878232
3872352
3872891
3839291
3840383
3841895
3843755
3845801
3843173
3849797
3850667
3848819
3844499
3842639
3836015
3835559
3830519
3829007
3829847
3826715
3832923
3832599
3828039
3826191
3821871
3824149
3832003
3836273
3809337
3810561
3802707
3802987
3800709
3803841
3805689
3803643
3806541
3807411
3810627
3814947
3810677
3803027
3810342
3828054
3833094
3838737
3846591
3847767
3849671
3846863
3852113
3854391
3857343
3855065
3848441
3844121
3844445
3848729
3844865
3845645
3845505
3839297
3831443
3842243
3846107
3844883
3847511
3845911
3843471
3829555
3827509
3831779
3836579
3839387
3842603
3844881
3846927
3848775
3847995
3841371
3843219
3845649
3839025
3846879
3847311
3851631
3855901
3862525
3866845
3862645
3851845
3853445
3849175
3849499
3854059
3852967
3857167
3860299
3860755
3862615
3869239
3868700
3869603
3872043
3869613
3867753
3869265
3864995
3864125
3871775
3885691
3888589
3902505
3895190
3895646
3893786
3893506
3885916
3887776
3888056
3895646
3897246
3896926
3897246
3895646
3899966
3898454
3897904
3893584
3875872
3875322
3872010
3871218
3853506
3852967
3853517
3849233
3853517
3871229
3872741
3873291
3876603
3872283
3873075
3890787
3891326
3891865
3899455
3903739
3896149
3900469
3896185
3895646
3894134
3893342
3890030
3891542
3899132
3902444
3903236
3895646
3915404
3916274
3925682
3928898
3932738
3912980
3917300
3913460
3904052
3896462
3894653
3890333
3856733
3858245
3858369
3856857
3856733
3839021
3833981
3847141
3847421
3881021
3886061
3893651
3911363
3898203
3897923
3894707
3893837
3895646
3897122
3902162
3912962
3917522
3917978
3915700
3917300
3918140
3931300
3931580
3932075
3918915
3921255
3923159
3926609
3928887
3928047
3927552
3927755
3926279
3925439
3923099
3922299
3920395
3916945
3916742
3916286
3905486
3905430
3900870
3904710
3931646
3935846
3949006
3948394
3941994
3941562
3944208
3941562
3939658
3939534
3941046
3944910
3948375
3946863
3945639
3947881
3947757
3948189
3944325
3945846
3939966
3943182
3940940
3940616
3945656
3946766
3946994
3951264
3946224
3943008
3947868
3952428
3954288
3960168
3957522
3953252
3959692
3954832
3960712
3966920
3971780
3973684
3968824
3975448
3969240
3966594
3964690
3958810
3963010
3966142
3967951
3966727
3949015
3950455
3954655
3960863
3956663
3959561
3963761
3967073
3972953
3968753
3962545
3965497
3969767
3970607
3967295
3966455
3960015
3953931
3957243
3951363
3953803
3949519
3953719
3976183
3982623
3990143
3983743
3983311
4016911
4017235
4014383
4007068
4002868
4002436
3994786
3993916
4001231
4006481
4010681
4011113
4005863
4008715
4009585
4007307
3999453
4000563
4002841
4010695
4009585
4017235
4018075
3998317
4017557
4021007
4017557
3998317
3997477
4017235
4023115
4025161
4038321
4025161
4024666
4022620
4040332
4039352
4021640
4022135
4017671
4018221
4019091
4023555
4025985
4025435
4024565
4023773
4021343
4022135
4025447
4025650
4025447
4022135
4024943
4026791
4029689
4037543
4035947
4037543
4040675
4045235
4048685
4056000
4069160
4074200
4075070
4070870
4075140
4079460
4087314
4093522
4099165
4094605
4094281
4098481
4100290
4103278
4108921
4108641
4109895
4111335
4107065
4107497
4104495
4104819
4109089
4115713
4112815
4113718
4114257
4113718
4111814
4114816
4128732
4125744
4123935
4117311
4122171
4120323
4121193
4121688
4121968
4122808
4120572
4122172
4127815
4129255
4132720
4135160
4141244
4158956
4159826
4161050
4158610
4140898
4126982
4124354
4119314
4096850
4097690
4100822
4104038
4109078
4110590
4108990
4107766
4106926
4107906
4110534
4111314
4115178
4118076
4116228
4113376
4127292
4129732
4131974
4132298
4132174
4124320
4120120
4079786
4090586
4092490
4089682
4109440
4075840
4070197
4063989
4056135
4060405
4063213
4096813
4099091
4102541
4104445
4104725
4103125
4107685
4109281
4107685
4106782
4099467
4098597
4094327
4090007
4089575
4081721
4079093
4078313
4067513
4063649
4060751
4063397
4067261
4064259
4067261
4086501
4072585
4069135
4071413
4071133
4072733
4074637
4074917
4079477
4092637
4097677
4101127
4098849
4096945
4091905
4090305
4085745
4072585
4070985
4068133
4066285
4063657
4066285
4067885
4067565
4067885
4069733
4072585
4071715
4071283
4075147
4070947
4072057
4069205
4061890
4054240
4062934
4064782
4084978
4079728
4098968
4079210
4078370
4098128
4094678
4089868
4090708
4094158
4093663
4091617
4073905
4087065
4090017
4095897
4090017
4090512
4092558
4079398
4077550
4080682
4082282
4081787
4096751
4097246
4101110
4101950
4097750
4117508
4120958
4140198
4138758
4135308
4136088
4141128
4144260
4126548
4123332
4121472
4121796
4120200
4105190
4118350
4122550
4109390
4105190
4097600
4097320
4097640
4099882
4096018
4092553
4084963
4067251
4054091
4048211
4040357
4041957
4038093
4036047
4021083
4020588
4023804
4041516
4047600
4051870
4052194
4045986
4042122
4043562
4047012
4042742
4039934
4035134
4029491
4023407
4015757
4019621
4015337
4018802
4026452
4031312
4026452
4025582
4019374
4026964
4028824
4029460
4030300
4036508
4034908
4039108
4026796
4060396
4062638
4059188
4039948
4039628
4037386
4037062
4044916
4050559
4056767
4059575
4037111
4017353
4016513
4013615
4014518
4015154
4017014
4020854
4040612
4035572
4058036
4060934
4061214
4062006
4061370
4055490
4056600
4055820
4052688
4051088
4066098
4067694
4067370
4074960
4080840
4081620
4085484
4089768
4082453
4094765
4092905
4089065
4090913
4090133
4089293
4090163
4097478
4077720
4077288
4064128
4077288
4077568
4078000
4081216
4081852
4074202
4070986
4070350
4070070
4077720
4076850
4059138
4076850
4080066
4076850
4077720
4075816
4078094
4081544
4083448
4083728
4085328
4083728
4078688
4074128
4087288
4085010
4071850
4068400
4068120
4072680
4077720
4070130
4076338
4076662
4079650
4075330
4079650
4075810
4079650
4074610
4082200
4085650
4104890
4109930
4107490
4094330
4092818
4088258
4093298
4088258
4089858
4095738
4115934
4115142
4112906
4114418
4113578
4098568
4099360
4100872
4106752
4126948
4124670
4123878
4122786
4123578
4128138
4128262
4130540
4133990
4136430
4136862
4150022
4148118
4144668
4138788
4118592
4116992
4116012
4114500
4114376
4094180
4094460
4094028
4096458
4098694
4099534
4099254
4114264
4111834
4113738
4114830
4116678
4115078
4116678
4119306
4116454
4114606
4117458
4114830
4111365
4113643
4113923
4115732
4109146
4089906
4089066
4089616
4090708
4086438
4086314
4084802
4075394
4080204
4076754
4078194
4084818
4085688
4088820
4101980
4095356
4100216
4107866
4103666
4103946
4105018
4105888
4098238
4102508
4105360
4125118
4131558
4127358
4123494
4120044
4118604
4116795
4120260
4115400
4124094
4090494
4095429
4094589
4095429
4092531
4092099
4087779
4091229
4086959
4091159
4096919
4077161
4080059
4081169
4078037
4097277
4100727
4092873
4100188
4104052
4104955
4105795
4098275
4094963
4095803
4093175
4097445
4103325
4107525
4106085
4098770
4116482
4115612
4115332
4097620
4100932
4097716
4099620
4107140
4106237
4099613
4098743
4085583
4092207
4093431
4095871
4085071
4087969
4092289
4092721
4106637
4114491
4115931
4117185
4110745
4109491
4103611
4100299
4098395
4101707
4100927
4097063
4094165
4080249
4077809
4076585
4075745
4078373
4079153
4089953
4096393
4100257
4103569
4100257
4100054
4100257
4101733
4095109
4097449
4091569
4089969
4089766
4089227
4088387
4086047
4084571
4083479
4084018
4073218
4079842
4079386
4078891
4079731
4083043
4078773
4078976
4080576
4081071
4086951
4087154
4091424
4091880
4092972
4103772
4103277
4096653
4095561
4096056
4097148
4103772
4106212
4103772
4100322
4098418
4111578
4111298
4109698
4107420
4110870
4115910
4120470
4122070
4124348
4123368
4125272
4120232
4115672
4102512
4096304
4092104
4087244
4088224
4094432
4098632
4098912
4103772
4105818
4110088
4115731
4124425
4124101
4124425
4128985
4133185
4138225
4140503
4140998
4136728
4155968
4153690
4161544
4167752
4163192
4158152
4161368
4162148
4168028
4174652
4175191
4176791
4177111
4177435
4181705
4189559
4187699
4190831
4182977
4176769
4171126
4137526
4134718
4130448
4142760
4148968
4149808
4146676
4149484
4149052
4150861
4146301
4146937
4147807
4155122
4154114
4145420
4144440
4149240
4147194
4148202
4152486
4151046
4146776
4145984
4150544
4150864
4155134
4157564
4158356
4189604
4195484
4202799
4202475
4196595
4192311
4196631
4189041
4186763
4183547
4181643
4184595
4186873
4192123
4194027
4189827
4199235
4210035
4227747
4224435
4216581
4211331
4207047
4189335
4190205
4189425
4188645
4189737
4189281
4195161
4196601
4210517
4213829
4214621
4214824
4217264
4217584
4218134
4219734
4219239
4211924
4211288
4210448
4210904
4198592
4206182
4199974
4200754
4181514
4181194
4180324
4184608
4186208
4182758
4180480
4182758
4184662
4184942
4171782
4184942
4179902
4175342
4173742
4173462
4171558
4175008
4179568
4184608
4164850
4151690
4158314
4155874
4154434
4155874
4157778
4170938
4178792
4180232
4186632
4187182
4180782
4179342
4165426
4157572
4165222
4167662
4169522
4183438
4203196
4196572
4200842
4198938
4185778
4181508
4180958
4179098
4192258
4184608
4186084
4184608
4181392
4180960
4180324
4180960
4184176
4184608
4192258
4184608
4181296
4179392
4171872
4171002
4166732
4162412
4161980
4155356
4151156
4152965
4152062
4152902
4152352
4149500
4147222
4146942
4145832
4144023
4151877
4144562
4136708
4137140
4139418
4141654
4142746
4143649
4150273
4143649
4143773
4146213
4146763
4147043
4140835
4143687
4142595
4141615
4145885
4150745
4154945
4161153
4162133
4157273
4159703
4155503
4174743
4179063
4179495
4180365
4161125
4176135
4173237
4188201
4189425
4189881
4195641
4200576
4208226
4185762
4189626
4212090
4214988
4234746
4238586
4240446
4240770
4238910
4246225
4242385
4238521
4237081
4238929
4236031
4238929
4235797
4236667
4239799
4240891
4242001
4222243
4220395
4212745
4216210
4222650
4231344
4239198
4245406
4245082
4278682
4284325
4281517
4247917
4242274
4238004
4230150
4234420
4237228
4238668
4232460
4238103
4241553
4236513
4231953
4230353
4230073
4229870
4228430
4234310
4227910
4228702
4230214
4217054
4237250
4236458
4234946
4233966
4230516
4217356
4223756
4236916
4238516
4246370
4246920
4251480
4248168
4248448
4253488
4252048
4253952
4251674
4252226
4252429
4251879
4265039
4266479
4267919
4266015
4258161
4254795
4257073
4260913
4262431
4258111
4253071
4249231
4241641
4246681
4251001
4251204
4247892
4251204
4251001
4254451
4249411
4244851
4243251
4245529
4243625
4248185
4253225
4255129
4251679
4251959
4238799
4236521
4238121
4237841
4251001
4228537
4215377
4212161
4211291
4193579
4190129
4207841
4208711
4211927
4212207
4225367
4219487
4218233
4224113
4218233
4221683
4222937
4245401
4252921
4258801
4258521
4251001
4253989
4254309
4281245
4283149
4286149
4289137
4316073
4317669
4325319
4324065
4329315
4326315
4323327
4315677
4288741
4291741
4293337
4320273
4325523
4327371
4329219
4324659
4321659
4318671
4311021
4305771
4307025
4305177
4299927
4296079
4294483
4289923
4288075
4292635
4297195
4295941
4294345
4295599
4303249
4298209
4325145
4332795
4335225
4334385
4330115
4324235
4297299
4284139
4297299
4337633
4335355
4339219
4340819
4343951
4337511
4343719
4342119
4334469
4331337
4337217
4333017
4319857
4319537
4310129
4319537
4319857
4319077
4323277
4320847
4320527
4321619
4323428
4322878
4321786
4322896
4323446
4319246
4309838
4290598
4290878
4293156
4312396
4315248
4316028
4312716
4308852
4306000
4305720
4310760
4315620
4319820
4324680
4325904
4331988
4330878
4333776
4330878
4338528
4342848
4346298
4344489
4326777
4313617
4313337
4312265
4311395
4329107
4332323
4332603
4345763
4346633
4380233
4381745
4383554
4403312
4403436
4412844
4410566
4412844
4410940
4410660
4409060
4404500
4399460
4386300
4387900
4392460
4397500
4397780
4399684
4403134
4416294
4412844
4412524
4446124
4447704
4444239
4448559
4450463
4448221
4445089
4449289
4448653
4450895
4452755
4448915
4429157
4451621
4457383
4457507
4456604
4464458
4464255
4456401
4453503
4451225
4445975
4444071
4440855
4439679
4441957
4441525
4446775
4449907
4448059
4444195
4421731
4418833
4436545
4438145
4443185
4460897
4460573
4456289
4448435
4446575
4446251
4441691
4443539
4466003
4468901
4471901
4491659
4495499
4493690
4497554
4501824
4506384
4500176
4497368
4516608
4517511
4520976
4522452
4525260
4527164
4523699
4526915
4544627
4550711
4561511
4564976
4563500
4566308
4555508
4563362
4554668
4549733
4543973
4546403
4555811
4566611
4584323
4580003
4578099
4570245
4572054
4582854
4580612
4580288
4575248
4572032
4566389
4561589
4558781
4554511
4552702
4552207
4557850
4538610
4544818
4538378
4533818
4529498
4511786
4502378
4502698
4507018
4507342
4512382
4512877
4511356
4513598
4510646
4516730
4505930
4502480
4502804
4507364
4509212
4512110
4512390
4516590
4516266
4519254
4514694
4516972
4514020
4516256
4513256
4508936
4502852
4488936
4490745
4491069
4489260
4503176
4502896
4506346
4507946
4509850
4514410
4519450
4532610
4533149
4535053
4532065
4531526
4517610
4515762
4512864
4512584
4510680
4510960
4517584
4513384
4511784
4514636
4517852
4517976
4518256
4521154
4521357
4525917
4524337
4526146
4522930
4522650
4522974
4527258
4535112
4536015
4533737
4530885
4531521
4531397
4545313
4532153
4539468
4540338
4544608
4539568
4535008
4539328
4539760
4547614
4546711
4539396
4538526
4539598
4535328
4541208
4539304
4532680
4521880
4524880
4522450
4513042
4513592
4528556
4537964
4506716
4505924
4510124
4513964
4510124
4512554
4508354
4509224
4540472
4541264
4526300
4525430
4524880
4521880
4511080
4511575
4510099
4511908
4511452
4511249
4510409
4508069
4528265
4529105
4531445
4531984
4538608
4539700
4543970
4537346
4536807
4516611
4510731
4509219
4508427
4514307
4513812
4515324
4514232
4513056
4514232
4512632
4505317
4512632
4498716
4498513
4496913
4494473
4492664
4494140
4494932
4497372
4498972
4500572
4501028
4501231
4501434
4512234
4507964
4521880
4529400
4532400
4530960
4527120
4522920
4507956
4522920
4526760
4523448
4520448
4511040
4506840
4502640
4505952
4502952
4499820
4484856
4486760
4482920
4489544
4493744
4495184
4498316
4490796
4494996
4488372
4492212
4507176
4500776
4487616
4486176
4484736
4484186
4476332
4485740
4495148
4493244
4493994
4498194
4488786
4488462
4485012
4488462
4482254
4482051
4479063
4478860
4485068
4488056
4488380
4491692
4491895
4511135
4510583
4491343
4491893
4472135
4473389
4473592
4473042
4468482
4476336
4482922
4475068
4490078
4507790
4510922
4509668
4506536
4488824
4493384
4478374
4438040
4433180
4437500
4443584
4444808
4438724
4446374
4486708
4483258
4475608
4479058
4483918
4479598
4478374
4478577
4475265
4475062
4478374
4476526
4473674
4476302
4474702
4476302
4479154
4476526
4478374
4465214
4471094
4470599
4468553
4462673
4480385
4462673
4464719
4437783
4439687
4443535
4443215
4441311
4441806
4454966
4455286
4454446
4454770
4439806
4439311
4454275
4454770
4458220
4459312
4465192
4460152
4464352
4444594
4441378
4423666
4417582
4419824
4420148
4424708
4429748
4425548
4422098
4423208
4424048
4441760
4438758
4439308
4454318
4455914
4458542
4459766
4479513
4477917
4495629
4497438
4502248
4502884
4507924
4541524
4544376
4555176
4574416
4576694
4576974
4596732
4577492
4583576
4586576
4573416
4539816
4541625
4546185
4545861
4546064
4546344
4543536
4543660
4546512
4542312
4537752
4537428
4540326
4542666
4545882
4541612
4535969
4534457
4538657
4551817
4555033
4552791
4530327
4524119
4517911
4510057
4516141
4520461
4522041
4525506
4536306
4531986
4545902
4559062
4558782
4545622
4540582
4536022
4534422
4532518
4537078
4539356
4535906
4537810
4538090
4541540
4546580
4544302
4545902
4550222
4555262
4562852
4566692
4562372
4557332
4555814
4551974
4554252
4557702
4559606
4559886
4561486
4566526
4564248
4560798
4558894
4557294
4557014
4552454
4565614
4560574
4562050
4561555
4562395
4564735
4551575
4552070
4541270
4541473
4546033
4545830
4545374
4545830
4556630
4555154
4554314
4551974
4555106
4559916
4540158
4539318
4520078
4520918
4540676
4544126
4540676
4537544
4536641
4538687
4545311
4547589
4551909
4552341
4560195
4553571
4533813
4532943
4529478
4527200
4529048
4525208
4527068
4524170
4521038
4517822
4510507
4512019
4512222
4515354
4511084
4509224
4511033
4506833
4503701
4499381
4497533
4493213
4489763
4488323
4495638
4498078
4499678
4513594
4509730
4509406
4507360
4511224
4506904
4507360
4506928
4489216
4511680
4509250
4513090
4509242
4510022
4509182
4511086
4506046
4506326
4508174
4509983
4512971
4512476
4513015
4511111
4514009
4500093
4503941
4506371
4510235
4507383
4518183
4510533
4514853
4512413
4520063
4515863
4511063
4504623
4502814
4504860
4501395
4506435
4483971
4486869
4486330
4484521
4478641
4476013
4472173
4474021
4474924
4481548
4480568
4484838
4486686
4486406
4487276
4487732
4490864
4498179
4502499
4499511
4500491
4503137
4501289
4515205
4517833
4515787
4512835
4511611
4517371
4514931
4512033
4508169
4497369
4484209
4483429
4484209
4470293
4471805
4474657
4476257
4476581
4476125
4474613
4466759
4464713
4464433
4470517
4457357
4434893
4427243
4422383
4423823
4427273
4431137
4435937
4440137
4457849
4462889
4465329
4469177
4488935
4492775
4494635
4494179
4497395
4495883
4494023
4487399
4485121
4487399
4480775
4481099
4479251
4481099
4484564
4478480
4496192
4494332
4500956
4498058
4499918
4500758
4501628
4502852
4516768
4514140
4512540
4485604
4483756
4486384
4488824
4491066
4494282
4500722
4483010
4479794
4474754
4474430
4472188
4468324
4468604
4466756
4469654
4477304
4482164
4495324
4498789
4500598
4523062
4522192
4526392
4524792
4525072
4525392
4527252
4528852
4528532
4528252
4520662
4518802
4526392
4522072
4526932
4523482
4517398
4517538
4519774
4520206
4522636
4521412
4521536
4520444
4522884
4507874
4513958
4528968
4526538
4534188
4538508
4530858
4532082
4531650
4531526
4529086
4526850
4526010
4529460
4530552
4490218
4485358
4486198
4505956
4509406
4549740
4568980
4549740
4546290
4526532
4525692
4505934
4502484
4522242
4521402
4502162
4503002
4506452
4525692
4523788
4523508
4521908
4517348
4512308
4516868
4519146
4532306
4535756
4540796
4527636
4527916
4529516
4527238
4529142
4525692
4507980
4494820
4512532
4515748
4516028
4515748
4514878
4511662
4512532
4525692
4529962
4530832
4528024
4526770
4526973
4522703
4522208
4527851
4530659
4525016
4520156
4519953
4516641
4518081
4522941
4521501
4522755
4523250
4522380
4525692
4524092
4525604
4524092
4526370
4529820
4530100
4527822
4532862
4566462
4563012
4562732
4575892
4577492
4582052
4577492
4572452
4559292
4557388
4584324
4586228
4585908
4582060
4582380
4572972
4553214
4551405
4553757
4555661
4575419
4575543
4541943
4540039
4541848
4541724
4549578
4548138
4547814
4549623
4543743
4540935
4545205
4551413
4553273
4557543
4562103
4554249
4557057
4590657
4594857
4595289
4600932
4594724
4597002
4593552
4593832
4594942
4590082
4609322
4575722
4578574
4579124
4573244
4568384
4564184
4559624
4564184
4556534
4553069
4548869
4545005
4540805
4538159
4531951
4526071
4530631
4535671
4548831
4549923
4554123
4557987
4561437
4559925
4554282
4558146
4560792
4557480
4557277
4560589
4560792
4565652
4567930
4569442
4574302
4578502
4572294
4568094
4563234
4569114
4575322
4576762
4572898
4568628
4572093
4575543
4575867
4577771
4583651
4583931
4591581
4593181
4596313
4588793
4589633
4591073
4592977
4599601
4602913
4599601
4603801
4597177
4594045
4593205
4573447
4569997
4568093
4575613
4595371
4614611
4618061
4598821
4594621
4593181
4591372
4591169
4588729
4587129
4573213
4575022
4567707
4570147
4584063
4591378
4592978
4593181
4593676
4592584
4585960
4585465
4592089
4593181
4591321
4588881
4575721
4573817
4571171
4572395
4558479
4554615
4556211
4551941
4532183
4537043
4538564
4537340
4540790
4537788
4545438
4549758
4546308
4557108
4563732
4571047
4571917
4561117
4562629
4562909
4567469
4563605
4560707
4558267
4557043
4556203
4558831
4559611
4553527
4549207
4541557
4501223
4487307
4480683
4475823
4468173
4466661
4468257
4471109
4474325
4476971
4480835
4480959
4485229
4488127
4488330
4490139
4494003
4499765
4497861
4492821
4479661
4480501
4481725
4484165
4498081
4492321
4489675
4488895
4486267
4485487
4500497
4503962
4504712
4509032
4515116
4529032
4527436
4522876
4528636
4531282
4532062
4534960
4545760
4545480
4560490
4562070
4562973
4561373
4557923
4555645
4552643
4553435
4554947
4560827
4581023
4580231
4578719
4572839
4552643
4551047
4551479
4559333
4552709
4551806
4544491
4544171
4548491
4547621
4543351
4539031
4538599
4530745
4534585
4529545
4533865
4526275
4522435
4518115
4523155
4524673
4537833
4532793
4536243
4538147
4538427
4540027
4545067
4542789
4547349
4545445
4545165
4543565
4539005
4541283
4537833
4524673
4524393
4526297
4527897
4530175
4517015
4511975
4507415
4505815
4503911
4501633
4514793
4519833
4524393
4520943
4521223
4524673
4527805
4524673
4518793
4521233
4521357
4521789
4524219
4525819
4523389
4522297
4524533
4523994
4522884
4523976
4523544
4524384
4525494
4525370
4522930
4520694
4519854
4518762
4517162
4532172
4525548
4521278
4525548
4526640
4532520
4539144
4539683
4524673
4522333
4520429
4520749
4522653
4522333
4495397
4506197
4533133
4531657
4530817
4530322
4531162
4532638
4534978
4535473
4535929
4525129
4524673
4524876
4524673
4512361
4524673
4525513
4528411
4528208
4528844
4536159
4536939
4541223
4548813
4555021
4548813
4556403
4555767
4556637
4553739
4551309
4552821
4570533
4571325
4574637
4582227
4583739
4582227
4581907
4581067
4579467
4575183
4567593
4549881
4544001
4539717
4541313
4556323
4554727
4554188
4539178
4536900
4531650
4529746
4526530
4518676
4514392
4511440
4511116
4511666
4512205
4508893
4507381
4511701
4504111
4500799
4500007
4504291
4486579
4487129
4486337
4490621
4486337
4485787
4481467
4485787
4503499
4505777
4511027
4528739
4527947
4523483
4522613
4522063
4524493
4522153
4522945
4523815
4524365
4523585
4516270
4515400
4515120
4546368
4548708
4547805
4547169
4549073
4552289
4558169
4566023
4566635
4562315
4561765
4562089
4561550
4562089
4562881
4566193
4558603
4556361
4553229
4551369
4543779
4540467
4540670
4537358
4537155
4540467
4547091
4543875
4543005
4525293
4525573
4523764
4519494
4525374
4523774
4523494
4525934
4539850
4540053
4541653
4539213
4526053
4529269
4530139
4516223
4518032
4525347
4526439
4528039
4532309
4532848
4531756
4525132
4524593
4522993
4536153
4553865
4546550
4540670
4540467
4541307
4548622
4568818
4576672
4557432
4551224
4547774
4544786
4544462
4531302
4526262
4526542
4528142
4526542
4525470
4520910
4524360
4520910
4520478
4518200
4523240
4521336
4521056
4513406
4515684
4517588
4530748
4530112
4525252
4525888
4529338
4529770
4530994
4537078
4541398
4547160
4543710
4551360
4543710
4548270
4543950
4542429
4541205
4546065
4553715
4556931
4551169
4550889
4548611
4535451
4530411
4525851
4524251
4520801
4518897
4519177
4522627
4524531
4526809
4528409
4532969
4538009
4551169
4564329
4566138
4567248
4566924
4566054
4570254
4562939
4558379
4562939
4566155
4565875
4583587
4570427
4569647
4569971
4569068
4567259
4561499
4558853
4554653
4568569
4567789
4556989
4555389
4561149
4553499
4561149
4565013
4564518
4545278
4541813
4540337
4537529
4535625
4527771
4527339
4523019
4518749
4517879
4516070
4498358
4498638
4495422
4495702
4491838
4488706
4491352
4499206
4496578
4497358
4478118
4477623
4475814
4477068
4475814
4476594
4479726
4485369
4490169
4492977
4497247
4496967
4494689
4489879
4487027
4486477
4489329
4488237
4490046
4491156
4491436
4493714
4490249
4488773
4487663
4484855
4487843
4482200
4459736
4458896
4457456
4458896
4464539
4487003
4487843
4488935
4485947
4505187
4508085
4506181
4512389
4520243
4522147
4524955
4526431
4529896
4540696
4545506
4546001
4547810
4546001
4548853
4538053
4539145
4540015
4544285
4548605
4549037
4552502
4555310
4548686
4534770
4537210
4538434
4539274
4543138
4553938
4554718
4557346
4556506
4555282
4552842
4549944
4551848
4547984
4548534
4547754
4553004
4559088
4548288
4555603
4551333
4548525
4514925
4509282
4503074
4495220
4496090
4500900
4500405
4511205
4530445
4530995
4532804
4533299
4539923
4541399
4543677
4524437
4525340
4526940
4523475
4521999
4519191
4517287
4506487
4505011
4506487
4508296
4508172
4506660
4540260
4560018
4558209
4524609
4526121
4506363
4506487
4504135
4513543
4517391
4514391
4515501
4514391
4511403
4503753
4511403
4514391
4517391
4516137
4511577
4509981
4511829
4484893
4479643
4484893
4511829
4508841
4510437
4514997
4516251
4514403
4517391
4520391
4519137
4514577
4516425
4514829
4507179
4514829
4511829
4509981
4504731
4477795
4482355
4487605
4487833
4489087
4484227
4480027
4485907
4490107
4494967
4488759
4488439
4494647
4493667
4466731
4468635
4468955
4495891
4493987
4488107
4487315
4484003
4482563
4486411
4452811
4446371
4444562
4446162
4446365
4438715
4442555
4438691
4446281
4444841
4448306
4449886
4455766
4460326
4474242
4505490
4508478
4514121
4514901
4519101
4515651
4514871
4512431
4508966
4510775
4496859
4494617
4491401
4486361
4486037
4485834
4463370
4463694
4465936
4459852
4459396
4441684
4448999
4451439
4454655
4457507
4457963
4458743
4460552
4456352
4452887
4456199
4457639
4463519
4461710
4464608
4462168
4477132
4473292
4473787
4465093
4467139
4464241
4465681
4469131
4472995
4475273
4478171
4478374
4474534
4470214
4474484
4472966
4472471
4476671
4489831
4494391
4489351
4474387
4476196
4473568
4477768
4464608
4473302
4474310
4477526
4473326
4488290
4480975
4454039
4454319
4452471
4448201
4446601
4451641
4474105
4478305
4480745
4478699
4478823
4474623
4473023
4478063
4478383
4483193
4480915
4481707
4480699
4475659
4475339
4472487
4472982
4468122
4472982
4480632
4484097
4483602
4483282
4483777
4489861
4496301
4529901
4547613
4528373
4528693
4527093
4530543
4528265
4532825
4534425
4534705
4536609
4536329
4532879
4537919
4540197
4527037
4521997
4517437
4515533
4528693
4533733
4520573
4525133
4527411
4527691
4531141
4532741
4527701
4522841
4519391
4517113
4521433
4524883
4518799
4517575
4518799
4524883
4529743
4522093
4516331
4523981
4537141
4532821
4538583
4540487
4537037
4532477
4530877
4530597
4528693
4528490
4528693
4532005
4528693
4551157
4549903
4542383
4538933
4533053
4536503
4514039
4508159
4509413
4516933
4522813
4528693
4532963
4534867
4538083
4543963
4551817
4556101
4556425
4555315
4552417
4552137
4550233
4552081
4553890
4556878
4557748
4562068
4575984
4574874
4573026
4570038
4571942
4576262
4579160
4586475
4592118
4593966
4597416
4603296
4610886
4617510
4618413
4618693
4621825
4620016
4617118
4621388
4625588
4629452
4632902
4634762
4636202
4628552
4625087
4620887
4617023
4613573
4612133
4612565
4612070
4607210
4615064
4620314
4619411
4619735
4624775
4627991
4645703
4650638
4650762
4654227
4659987
4661427
4662063
4663155
4657395
4654749
4653969
4680905
4683147
4690797
4693075
4697275
4698715
4701847
4694327
4692423
4689111
4682487
4678287
4676847
4673715
4675619
4680179
4682039
4682471
4684517
4686029
4679945
4686569
4684523
4671363
4653651
4647771
4655291
4660151
4654508
4646918
4641038
4637588
4638380
4639490
4645574
4631658
4638282
4632198
4614486
4612677
4611807
4604492
4596638
4591598
4587328
4582468
4580226
4572372
4575822
4581702
4589292
4603208
4608851
4608059
4614143
4614935
4614396
4614935
4617833
4603917
4617833
4618289
4620567
4615317
4611117
4604909
4603929
4608129
4612689
4613013
4614123
4620747
4638459
4634175
4636821
4642905
4642625
4640347
4621107
4618255
4617705
4616613
4618422
4619202
4620312
4622590
4641830
4644682
4645232
4646324
4645892
4640012
4645892
4644820
4642916
4640638
4622926
4622602
4627462
4633670
4633346
4630130
4623506
4623786
4619466
4623666
4626978
4595730
4596280
4597072
4594220
4596848
4598448
4600296
4603148
4601300
4600508
4604972
4605842
4608272
4606672
4604044
4603494
4602624
4600194
4603644
4623402
4603644
4602804
4597994
4598834
4603644
4600194
4595154
4592876
4606036
4611076
4597916
4594466
4592562
4592282
4587722
4586122
4586402
4589852
4595102
4596326
4600070
4602410
4604688
4606592
4609490
4614050
4615650
4613372
4611563
4604248
4601808
4598358
4596758
4582842
4584651
4591966
4593566
4596006
4595136
4577424
4581694
4599406
4601006
4602098
4605548
4607452
4607732
4607452
4609052
4609892
4610762
4613978
4618538
4605378
4605658
4618818
4631978
4645894
4641624
4643902
4642726
4639510
4639307
4638215
4636615
4637154
4636874
4642754
4640850
4636290
4642914
4637874
4624714
4623114
4622575
4615951
4616154
4626954
4616154
4616357
4616852
4616357
4614017
4612541
4614881
4614678
4614222
4615698
4615838
4613934
4586998
4586678
4585838
4586294
4591937
4587737
4586957
4582673
4575083
4578299
4583339
4583663
4590103
4584341
4579301
4588709
4586900
4593108
4588248
4584798
4580478
4574394
4566744
4559429
4558205
4557335
4556495
4551635
4557515
4563599
4566551
4578863
4585071
4585395
4587255
4591095
4591935
4592571
4593441
4600756
4605040
4607282
4614872
4602560
4601924
4598708
4602908
4600666
4596466
4596898
4598758
4603318
4607588
4603388
4598828
4598504
4602704
4600364
4604924
4600364
4601944
4601394
4598542
4594342
4600222
4599442
4593799
4596139
4603729
4602619
4611313
4609035
4589795
4590115
4603275
4607475
4607151
4607931
4598523
4599303
4603503
4601923
4596043
4597852
4590262
4595122
4592134
4591814
4585730
4579522
4599280
4612440
4617375
4614243
4608035
4610465
4610745
4593033
4578023
4576931
4576791
4574555
4572115
4571991
4571559
4569129
4571407
4576217
4580417
4567257
4563057
4555203
4558191
4589439
4588347
4557099
4558209
4563249
4557369
4564959
4567811
4572851
4576691
4582451
4578181
4581313
4578505
4573705
4568062
4561854
4566174
4566724
4574374
4575466
4575142
4573282
4569442
4549684
4546786
4547110
4543246
4541398
4560638
4564088
4570674
4571514
4566704
4563254
4543496
4542656
4552064
4567028
4570868
4573868
4578068
4568660
4553696
4549856
4546856
4548704
4552568
4530104
4529824
4534384
4531954
4527754
4514594
4517492
4539956
4532306
4505370
4532306
4527266
4523066
4532474
4547438
4551278
4554278
4558478
4549070
4546070
4531106
4534946
4537946
4542146
4532738
4547702
4543862
4540022
4525058
4534466
4533716
4529516
4511804
4511524
4514740
4513870
4510654
4497494
4500446
4501316
4514476
4514756
4515076
4514756
4517654
4515314
4537778
4532528
4533752
4532528
4528784
4525886
4535294
4537634
4517876
4518079
4521391
4521188
4540946
4539137
4535825
4535949
4537461
4537337
4535825
4526417
4560017
4561826
4528226
4533476
4552716
4556166
4575924
4556166
4536926
4537766
4536926
4533476
4532636
4532433
4531977
4530129
4516213
4515674
4513865
4503065
4498505
4497635
4503515
4507715
4512275
4512599
4518479
4525103
4527149
4529009
4529465
4524905
4523429
4524941
4524446
4524985
4526833
4529685
4548925
4551203
4565119
4563215
4560227
4557329
4558421
4558141
4561039
4562848
4563958
4564238
4564788
4567776
4569585
4569865
4571769
4574901
4571769
4573617
4572017
4567747
4566767
4567607
4548367
4544917
4525159
4524319
4517879
4509185
4511463
4506528
4509978
4508378
4504514
4505294
4524534
4544292
4545892
4549756
4552888
4547128
4544850
4544070
4538310
4533270
4520110
4512256
4511932
4507732
4506622
4503976
4502072
4498622
4496344
4497124
4499770
4505530
4504750
4500430
4500150
4492835
4491932
4485308
4484876
4477022
4481342
4479002
4478722
4476444
4478044
4481494
4486534
4488812
4489092
4490996
4495556
4494716
4490156
4488556
4475396
4471946
4485106
4483202
4469286
4466846
4465246
4479162
4480971
4488286
4488083
4490523
4492123
4492326
4485011
4483202
4486652
4486932
4488372
4487280
4488880
4489516
4494451
4494327
4495419
4499979
4499343
4504383
4517543
4521391
4523295
4525573
4518949
4492013
4492137
4498761
4497321
4492386
4469922
4464672
4461774
4460550
4458210
4463460
4466358
4488822
4490046
4490249
4510007
4512347
4520201
4502489
4507049
4507599
4510731
4528443
4513433
4512179
4507619
4507416
4506866
4499012
4500266
4497134
4490548
4505558
4506998
4510310
4512214
4519734
4522866
4529490
4533690
4527066
4526571
4525479
4526571
4533195
4533690
4534240
4534790
4515550
4512698
4512148
4511056
4512865
4513975
4514255
4516533
4519385
4522237
4530091
4528495
4527715
4523155
4515565
4484317
4488877
4495085
4495925
4496561
4497431
4494443
4501758
4499480
4500260
4498680
4500198
4503200
4504796
4498916
4513926
4498916
4479158
4478878
4477069
4478669
4479761
4482893
4485521
4486361
4467121
4486879
4483429
4489309
4488469
4489723
4489926
4488816
4493626
4511338
4512430
4519054
4520634
4526514
4531074
4538664
4569912
4572900
4574748
4597212
4601532
4607740
4627498
4630948
4650188
4650683
4652195
4647995
4660307
4665950
4665170
4662038
4654723
4653853
4654633
4653193
4648993
4642369
4639057
4638421
4636517
4640801
4645001
4639121
4638281
4633997
4621685
4615477
4607887
4602244
4594724
4596960
4599400
4584390
4581960
4582392
4583484
4583052
4582928
4583768
4581328
4579092
4578252
4580682
4579590
4594600
4594724
4594229
4592789
4587929
4585121
4583867
4579597
4578727
4579222
4547974
4547424
4549854
4549062
4546632
4547424
4578672
4573029
4578672
4579222
4580092
4579222
4580092
4584362
4585616
4588424
4593284
4594724
4593124
4598164
4596260
4609420
4604860
4602582
4607142
4610040
4615290
4592826
4590486
4594230
4591332
4591052
4592276
4579116
4574076
4570626
4565376
4564152
4564432
4566772
4569050
4570650
4572554
4576004
4580324
4581924
4584202
4588762
4596352
4596632
4600082
4601986
4605826
4618986
4613946
4609626
4596466
4601506
4601226
4606266
4604362
4600912
4598634
4597034
4592474
4587434
4583594
4576004
4572692
4572489
4572692
4576004
4573358
4571510
4573788
4577100
4579146
4579986
4586610
4587246
4594561
4595341
4599625
4607215
4613423
4608863
4608660
4612980
4613850
4615896
4617756
4619268
4618044
4620322
4624882
4629082
4628758
4626949
4627229
4622909
4622069
4614754
4612314
4610714
4610511
4596595
4598404
4602724
4604572
4607704
4608160
4613200
4620790
4620510
4618070
4618862
4618986
4620795
4617943
4622503
4625401
4625681
4625884
4623256
4622386
4621606
4625446
4628446
4631434
4639084
4640932
4635172
4639492
4636594
4639726
4640182
4640058
4646682
4643466
4655778
4655498
4656752
4661312
4662908
4689844
4695094
4695874
4698520
4696711
4702471
4704331
4686619
4683403
4685251
4684795
4686307
4681747
4686787
4694437
4712149
4739085
4734045
4731615
4723965
4720117
4718605
4718149
4716301
4703141
4703344
4700212
4701082
4699222
4696324
4692484
4692160
4695058
4695553
4696625
4676867
4680083
4684367
4680167
4697879
4696019
4692887
4670423
4684339
4682293
4680015
4673391
4671345
4669485
4667973
4664841
4650925
4652525
4654965
4662280
4660432
4660635
4659855
4655535
4648911
4646633
4649485
4651915
4648051
4651267
4651591
4648693
4644829
4634029
4647189
4647469
4649329
4650929
4651249
4643659
4641799
4640199
4639919
4639599
4647189
4648701
4649493
4643613
4642101
4641309
4621113
4619601
4618809
4612929
4633125
4633917
4635429
4615233
4621113
4626993
4647189
4644849
4667313
4672563
4675461
4674237
4670493
4665243
4662345
4664685
4665909
4652749
4653619
4671331
4671051
4684211
4683341
4680389
4677173
4677453
4680669
4682181
4680669
4690077
4680669
4714269
4714145
4715954
4735712
4715954
4716078
4682478
4680669
4681539
4686003
4690203
4690995
4693425
4693145
4693695
4700095
4700875
4715839
4714259
4712450
4727414
4722479
4719581
4719149
4713269
4719149
4718829
4719324
4715124
4734871
4728663
4724103
4717479
4715879
4715340
4708716
4702836
4701744
4697474
4728722
4730322
4730861
4715897
4710017
4709522
4716146
4716022
4716342
4714902
4712998
4705144
4704532
4704208
4704005
4706993
4701113
4701608
4696358
4693142
4700732
4705292
4706872
4709724
4715604
4721247
4718969
4708169
4690457
4685897
4684037
4679477
4675207
4674571
4673479
4678414
4685038
4685162
4712098
4713538
4714174
4715266
4715698
4706290
4708150
4712710
4716980
4713132
4708572
4714656
4696944
4698753
4700353
4695313
4693409
4691809
4692445
4693348
4696480
4698722
4679482
4677204
4676924
4674072
4689082
4692214
4689362
4688812
4689362
4686146
4678556
4679666
4681475
4690883
4701683
4719395
4718303
4719395
4723715
4723995
4722186
4728394
4728933
4715773
4722397
4728277
4727167
4730019
4725699
4727211
4733091
4739299
4743499
4748359
4748639
4748842
4753402
4748542
4748047
4746535
4742671
4740025
4739245
4733602
4752842
4749854
4745654
4745778
4730814
4731906
4729566
4733836
4733712
4756176
4758454
4759546
4757268
4753818
4756158
4760718
4760438
4763654
4759094
4763364
4766262
4735014
4739334
4758574
4764782
4767770
4771220
4771544
4769944
4752232
4754672
4746818
4741056
4743292
4765756
4763520
4759320
4760920
4758480
4762680
4803014
4780550
4775510
4775386
4780426
4780550
4798262
4806116
4808394
4808597
4819397
4819853
4820693
4822169
4811369
4807919
4810259
4810056
4809561
4808721
4807245
4807740
4805462
4805006
4800446
4795406
4797310
4797590
4799190
4803750
4808790
4806450
4793290
4796740
4794836
4794556
4807716
4806116
4803218
4800878
4778414
4777190
4782440
4777190
4779530
4801994
4803218
4804730
4824926
4830806
4833704
4834496
4835035
4836635
4832365
4830765
4830226
4836850
4850766
4855036
4856128
4849504
4847695
4847898
4846298
4847898
4840583
4838143
4837051
4836848
4838657
4841097
4835217
4821301
4828616
4834496
4835336
4843190
4843740
4843190
4838990
4835126
4831676
4830236
4828388
4834472
4828388
4829828
4812116
4808252
4800602
4802042
4782284
4785734
4792134
4784484
4779444
4794454
4792858
4789642
4791082
4804242
4800777
4786861
4784421
4783197
4782357
4784985
4785765
4796565
4799463
4802109
4816025
4818465
4819689
4808889
4808109
4811007
4805247
4802601
4801821
4807581
4804683
4812333
4816197
4811337
4811013
4808115
4825827
4830867
4831647
4834779
4836379
4834519
4833079
4834675
4857139
4842129
4840533
4840209
4836345
4851355
4851679
4853275
4855135
4847281
4851121
4870879
4873777
4877641
4878421
4875793
4877641
4876041
4872909
4872129
4872453
4857443
4865093
4868558
4872758
4876622
4878864
4879184
4876286
4853822
4849982
4846118
4832958
4836822
4830422
4828180
4829692
4833556
4836202
4834690
4832044
4830604
4835464
4838680
4834816
4835368
4835571
4835368
4832056
4828744
4828541
4831853
4837937
4838140
4844540
4838456
4818709
4812309
4832056
4829068
4836718
4829068
4823818
4819970
4815410
4818410
4820006
4817006
4818260
4825910
4827758
4833008
4830020
4833868
4832020
4829020
4828792
4827538
4800602
4805852
4809700
4811296
4815856
4820416
4815166
4813318
4811722
4812976
4814824
4813570
4816558
4819546
4822546
4814896
4810336
4807484
4810112
4811712
4809864
4811712
4814564
4811936
4810336
4811560
4816810
4839274
4841614
4836364
4833466
4832242
4809778
4807438
4810336
4814656
4809616
4811092
4803502
4802026
4797706
4793866
4798906
4806496
4810336
4811936
4806896
4793736
4792136
4790232
4785672
4785392
4787296
4790746
4795306
4800346
4813506
4811228
4807778
4810056
4810336
4802746
4810336
4805296
4809136
4804816
4809856
4806016
4810336
4811590
4814578
4815370
4821013
4821793
4825993
4819593
4827243
4822383
4818918
4829718
4830213
4832022
4830118
4827310
4825834
4815034
4813522
4794282
4793787
4791978
4823226
4842466
4846736
4845156
4846026
4847466
4834306
4841956
4836076
4843391
4846243
4847113
4852363
4852039
4856599
4864189
4869049
4873249
4874761
4873321
4871881
4864027
4868587
4874467
4876047
4876542
4879350
4884993
4890873
4890323
4893788
4889228
4881638
4850390
4847402
4827206
4826426
4822226
4818776
4813133
4810891
4813321
4815563
4820603
4820927
4821251
4821683
4821359
4815275
4810235
4792523
4789307
4781657
4784873
4781009
4779569
4776104
4777580
4773380
4775284
4771084
4766524
4751514
4749918
4764928
4769968
4770196
4776280
4779088
4774888
4761728
4765928
4792864
4797064
4810224
4827936
4827144
4847340
4841460
4839030
4844910
4849470
4857060
4888308
4889088
4893288
4894868
4897856
4903499
4901690
4895810
4897619
4901069
4902669
4884957
4877642
4874426
4871986
4877866
4879120
4881560
4868400
4867530
4867250
4880410
4876960
4876757
4862841
4868721
4862841
4885305
4899221
4906741
4905141
4882677
4885893
4886763
4879243
4896955
4897235
4895981
4903296
4903499
4904339
4884143
4876828
4884682
4904878
4897024
4904339
4903499
4908434
4907342
4906706
4933642
4935082
4933642
4936954
4930554
4903618
4883871
4883747
4886879
4880255
4881695
4887779
4894403
4896307
4888787
4888911
4882827
4889227
4908974
4902350
4906550
4904646
4905738
4901538
4900098
4896966
4897602
4892667
4889355
4896875
4903499
4902275
4899935
4877471
4880369
4885619
4908083
4909307
4911647
4906397
4903499
4903779
4906677
4906880
4906600
4888888
4892104
4890244
4891336
4891460
4890680
4893532
4896520
4897059
4910975
4909071
4906173
4904325
4902516
4903055
4907339
4910191
4914511
4900595
4919835
4922113
4922393
4923503
4925312
4907600
4906730
4907280
4913040
4915686
4914432
4915212
4915762
4912774
4912450
4910208
4909368
4907520
4905711
4905172
4908637
4908961
4918369
4918689
4931849
4936049
4934240
4929680
4929477
4926579
4926299
4930583
4930459
4928650
4928370
4923570
4901106
4896906
4894466
4890618
4886778
4880338
4857874
4865728
4871608
4868143
4871359
4873168
4879608
4884408
4906872
4911072
4913512
4917360
4921200
4925760
4927569
4924717
4921501
4916251
4914347
4911131
4905251
4897397
4893113
4892789
4910501
4912779
4918029
4919933
4906017
4905737
4906017
4904793
4899983
4900823
4897925
4894973
4888889
4884329
4880009
4862297
4851497
4842089
4838639
4838959
4843279
4860991
4871791
4881199
4883008
4884856
4887754
4889658
4890638
4892218
4896778
4898290
4899070
4903270
4900624
4894864
4875106
4878058
4878850
4880104
4887694
4886584
4886304
4884026
4864786
4861934
4861384
4860292
4862101
4863211
4863491
4865769
4885009
4887861
4888411
4889503
4892401
4889185
4885321
4904561
4904241
4901963
4897153
4898263
4895411
4897689
4905543
4904993
4903901
4904741
4901843
4899565
4896349
4893721
4892941
4882141
4896057
4898955
4909755
4929513
4932141
4931301
4927437
4929877
4928767
4929547
4916387
4913947
4917397
4914499
4894741
4890901
4885861
4887709
4891573
4914037
4916935
4936693
4936369
4938229
4938553
4944196
4947184
4951648
4959238
4963798
4961989
4965301
4969165
4973005
4974229
4961069
4992317
4993187
4992317
4992867
4995297
4994505
4992075
4960827
4965867
4965317
4967595
4967875
4971325
4972117
4967557
4965957
4964053
4960603
4960323
4973483
4975083
4979643
4974603
4976507
4974229
4972420
4972544
4971032
4970480
4961072
4941314
4907714
4912514
4914026
4923434
4943192
4942989
4942865
4943975
4942865
4944674
4944471
4952121
4956321
4956524
4959376
4955176
4947861
4942611
4939759
4939327
4944577
4945009
4937359
4936489
4943804
4947116
4947986
4944674
4943834
4963592
4982832
4985964
4982832
4976246
4957006
4957846
4961296
4957846
4960186
4954936
4932472
4931248
4936498
4939396
4936498
4934158
4937902
4939126
4945210
4925463
4919379
4939126
4945526
4939126
4943986
4950194
4954394
4948514
4943654
4939454
4933246
4939126
4947820
4950160
4947820
4948828
4951106
4950014
4952912
4950014
4957604
4956004
4951734
4949456
4948448
4942568
4946838
4947333
4952373
4945749
4964989
4967941
4969453
4978861
4979653
4974843
4971945
4971153
4974519
4967204
4973084
4964390
4966436
4969748
4965478
4978638
4974438
4969878
4968278
4967958
4972242
4972792
4972297
4967257
4971577
4971121
4970341
4964461
4964258
4960946
4959506
4953626
4951580
4920332
4920008
4924208
4921220
4915577
4914797
4907207
4906415
4903975
4904299
4902719
4896839
4895327
4895647
4875451
4876963
4876424
4876744
4862828
4867028
4871298
4869702
4875582
4876121
4879433
4880873
4885433
4883624
4888184
4890044
4890476
4891268
4886708
4887164
4887944
4888736
4884536
4880336
4879556
4873913
4870925
4839677
4832087
4833667
4838227
4869475
4872463
4867903
4868683
4867103
4872746
4866866
4872746
4880336
4884536
4882688
4879836
4881684
4884536
4887164
4884536
4882936
4884536
4887986
4907226
4887986
4888826
4908584
4907744
4904294
4884536
4884041
4881701
4870901
4869425
4869285
4869488
4880288
4880744
4880541
4881036
4883376
4884852
4884396
4885236
4899152
4903472
4906922
4896122
4891802
4911560
4912400
4893160
4889695
4869937
4869097
4888337
4885337
4879253
4882253
4880673
4882253
4881714
4892514
4900104
4896792
4889202
4871490
4869978
4866666
4870986
4870194
4870744
4866424
4866963
4863513
4864305
4863755
4867067
4865555
4869839
4873304
4872765
4877085
4883169
4878885
4871295
4872807
4855095
4872807
4873599
4869315
4872627
4874139
4869819
4869269
4868477
4869016
4873300
4873850
4881440
4899152
4885236
4883332
4878772
4882612
4882332
4877292
4872042
4868592
4855432
4857710
4859614
4859894
4861494
4859216
4860440
4882904
4886354
4883456
4881856
4876816
4881856
4886416
4891456
4883866
4881526
4883866
4888186
4884346
4880602
4879378
4884628
4887526
4883206
4890796
4903956
4908996
4903956
4896366
4892526
4888206
4892526
4896366
4903956
4913364
4916364
4906956
4911156
4914996
4929960
4926120
4923120
4918920
4903956
4911271
4912141
4916341
4916773
4924423
4923553
4916238
4921488
4916238
4912038
4911606
4903956
4906808
4903956
4907088
4908936
4911214
4915534
4934774
4937626
4938176
4942736
4945634
4976882
4978322
4977419
4976783
4977239
4977563
4979075
4982915
4984961
4981829
4983638
4984748
4985028
4979385
4978515
4975383
4979583
4984143
4983687
4980555
4978707
4974387
4976665
4983289
4985149
4971233
4967033
4964045
4967033
4968842
4974485
4982075
4977875
4977095
4977634
4976524
4967116
4952152
4948312
4945312
4944220
4945090
4943281
4942742
4956658
4959790
4957981
4956133
4952293
4946650
4943662
4939198
4941440
4938542
4936638
4934396
4931396
4932299
4932935
4928735
4928455
4927905
4928185
4925755
4919875
4925755
4929220
4927360
4925314
4923036
4896100
4889476
4885276
4885152
4878528
4877548
4872988
4868053
4861845
4856985
4855545
4854453
4874200
4854453
4856357
4862757
4866605
4866925
4866289
4860205
4866289
4859889
4861793
4866653
4870853
4869273
4861683
4862663
4868871
4873071
4870793
4869353
4865888
4871768
4865888
4869020
4869144
4896080
4896716
4897808
4897528
4899108
4899888
4905768
4907208
4913832
4898822
4903757
4897877
4900865
4898013
4899861
4902507
4908267
4907487
4904841
4899081
4898649
4898525
4896085
4893849
4893009
4891917
4893009
4893789
4899432
4903632
4899432
4897920
4882956
4873548
4854308
4857308
4852748
4867712
4877120
4862156
4860932
4860476
4875440
4876664
4876340
4876796
4896543
4896048
4902132
4895508
4901908
4908532
4907440
4907935
4909027
4912015
4931255
4933159
4940679
4944129
4942225
4938913
4932289
4928089
4926649
4929781
4930105
4931545
4935745
4939057
4931537
4938161
4944369
4944045
4940595
4937607
4931399
4928267
4909027
4907917
4909027
4907447
4921363
4907447
4903127
4907447
4904447
4898363
4887563
4884098
4880648
4860890
4863890
4865470
4868935
4868095
4878895
4859655
4860495
4880253
4899493
4902943
4909027
4903777
4901437
4898539
4897315
4874851
4892563
4895875
4899091
4898888
4897288
4893976
4893773
4876061
4876264
4873824
4875424
4875627
4875347
4872131
4871261
4873070
4875510
4861594
4868909
4855749
4856619
4849304
4863220
4876380
4876660
4874851
4875401
4876193
4907441
4908311
4895151
4910115
4906650
4906155
4908585
4905369
4890405
4888596
4888101
4873137
4867257
4873137
4877997
4885647
4881087
4880884
4877986
4877706
4877582
4878077
4885727
4878077
4882277
4855341
4855836
4870800
4876443
4877223
4882473
4876593
4870385
4866185
4861325
4867205
4873413
4877613
4882473
4881033
4877583
4873719
4869519
4861869
4857009
4858449
4861899
4865763
4869228
4868908
4864624
4865174
4865954
4870238
4877828
4865516
4859308
4858672
4870984
4870114
4862799
4862019
4854429
4859469
4886405
4881365
4878935
4885143
4886013
4888865
4892081
4896641
4899539
4899819
4899943
4907258
4909067
4909703
4910543
4913395
4913115
4908915
4904355
4904031
4908231
4912791
4913115
4911306
4910196
4907918
4909010
4928250
4925398
4924848
4923756
4925565
4926675
4926955
4929233
4919825
4915625
4912773
4911933
4907123
4907326
4909756
4922916
4921316
4923594
4927044
4928948
4923908
4924188
4928748
4933788
4931510
4928060
4926156
4927756
4927476
4922916
4909756
4906768
4913168
4893421
4887337
4907084
4911644
4917728
4916948
4911305
4912885
4918765
4926355
4930819
4933807
4939450
4935250
4939450
4933570
4929010
4921420
4919840
4888592
4882192
4882972
4882540
4883410
4891060
4891492
4895692
4888377
4884177
4883307
4880455
4883307
4888557
4880907
4888222
4882138
4862391
4855991
4862075
4881822
4888222
4882972
4883292
4878828
4877958
4878508
4878188
4878980
4883444
4884314
4883522
4882972
4885402
4882972
4892380
4890868
4886068
4886192
4884383
4864625
4855217
4874975
4876784
4881584
4883096
4882972
4885960
4887808
4860872
4868522
4866674
4859024
4860278
4858682
4860278
4855718
4860278
4859024
4862024
4867274
4864274
4861286
4888222
4882972
4878772
4874924
4878788
4880228
4885088
4892738
4896203
4900403
4900083
4907673
4938921
4943481
4944461
4957621
4964021
4983261
4986113
4985333
4988783
4983140
4983420
4952172
4960026
4958916
4958636
4956358
4955808
4952956
4951864
4953673
4954783
4957061
4937821
4939261
4940701
4943689
4949332
4950112
4954312
4952732
4946852
4942292
4934702
4931714
4932264
4934910
4936002
4938280
4933960
4941610
4941734
4968670
4970110
4970746
4971838
4969990
4966858
4966402
4958752
4953892
4952380
4950520
4948474
4941850
4939572
4935372
4931907
4932457
4939081
4941127
4947751
4948207
4950067
4948163
4948483
4951129
4945369
4942723
4941943
4968879
4969659
4970439
4972343
4978103
4983863
4986995
4988575
4992895
4997830
4999678
4996228
4992364
4993876
4992067
4990627
4989373
4988878
4989373
4985103
4990746
4987938
4983078
4982208
4986478
4987732
4990540
4991980
4992850
4987207
4985767
4990627
4985587
4981267
4977427
4985017
4988857
4993177
4998217
4990627
4990503
4963567
4962931
4961839
4960399
4966799
4960715
4967339
4987086
4980686
4960939
4947779
4953863
4949303
4949939
4944899
4971835
4965211
4960276
4961716
4962808
4960530
4965465
4962015
4960111
4959831
4959955
4958355
4966209
4970049
4974369
4970049
4965009
4972599
4968759
4961169
4966209
4959809
4962941
4955087
4935329
4935126
4934576
4933322
4930190
4912478
4906394
4921404
4927804
4947551
4953635
4971347
4956337
4956887
4957090
4976848
4981408
4982662
4962915
4958355
4978551
4977759
4976247
4970367
4976247
4977759
4957563
4964878
4965748
4968188
4963988
4966840
4972090
4976290
4983940
4984732
4985164
4984732
4979482
4976630
4969315
4961665
4959225
4958355
4961207
4958355
4955727
4958355
4959955
4961803
4960203
4958355
4955043
4954840
4958152
4958355
4959465
4960015
4961269
4927669
4927119
4929971
4956907
4958131
4956227
4962667
4966132
4966335
4999935
5022399
5020590
5024790
5027230
5042240
5044049
5046327
5066085
5064993
5066802
5060718
5043006
5039790
5034750
5031898
5032738
5032414
5030172
5025972
5003508
5001068
5001348
4998540
5001756
5007840
5015694
5017598
5021438
5002198
5000389
4998580
5016292
5017768
5020576
5023384
5008374
5009466
5007870
5027110
5029014
5026674
5024865
5026674
5027169
5046409
5057209
5068009
5071474
5068472
5065007
5065502
5063598
5057158
5061718
5060608
5060328
5058050
5053240
5056372
5061182
5062991
5063541
5063046
5052246
5053842
5049994
5046154
5042689
5041213
5038405
5041407
5040912
5042388
5043988
5051638
5033926
5034250
5038810
5039305
5038051
5037848
5042048
5041724
5038592
5034032
5033482
5025628
5021068
5025928
5029393
5032843
5073177
5068977
5067501
5080661
5084525
5081060
5061302
5065502
5068634
5067854
5064722
5053922
5050058
5050838
5046638
5050958
5046148
5048776
5049556
5047956
5050396
5051620
5038460
5042744
5045642
5063354
5067218
5070116
5084032
5094832
5090368
5094568
5088925
5087345
5081465
5076905
5078485
5070895
5071875
5074863
5080506
5084970
5092560
5097120
5092920
5093700
5092920
5089932
5094202
5088322
5081698
5085968
5087060
5087599
5081719
5088343
5084073
5082473
5088353
5087814
5089414
5088322
5089414
5095294
5101918
5102457
5104057
5099787
5093163
5092624
5091024
5089932
5088352
5082268
5077948
5074483
5063683
5049767
5053232
5059316
5063636
5066636
5077436
5091352
5092932
5092182
5086098
5092182
5111929
5118329
5098582
5104666
5098266
5078519
5084919
5078835
5098582
5092182
5097825
5097045
5097825
5092575
5086932
5092182
5091726
5090214
5088354
5086308
5079684
5085564
5092188
5093788
5088748
5086318
5078668
5051732
5045972
5043326
5043865
5040733
5036413
5038691
5037911
5051071
5053117
5053612
5053409
5057679
5055831
5056923
5061243
5061699
5063211
5065071
5067117
5073741
5071463
5079113
5084993
5086573
5085061
5079418
5078638
5085262
5090905
5092753
5097023
5099259
5096043
5095611
5087961
5086152
5084292
5076977
5074537
5066887
5066251
5064651
5068515
5050803
5049933
5046717
5046437
5033277
5037597
5040729
5026813
5028661
5025673
5023627
5022647
5020369
5013745
5009185
5001595
5001139
5005339
5005663
5002447
5009071
4977823
4975581
4974001
4973677
4975955
4971635
4966595
4972679
4966595
4964747
4947035
4964747
4961615
4966655
4965875
4961675
4963917
4981629
4983533
4989933
4991793
4994223
4998543
5000391
5003523
5003979
5005491
5007351
5009397
5011443
5013721
5012121
5015253
5014714
5008834
5007742
5003472
5008512
5016162
5016942
5043878
5046866
5051330
5058920
5063480
5069360
5062736
5068616
5069072
5071718
5098654
5100502
5102014
5102470
5103250
5104042
5107354
5108794
5108474
5108794
5097994
5097538
5098318
5098115
5096639
5123575
5123895
5125799
5098863
5098543
5096639
5094299
5088539
5085893
5085398
5091158
5090318
5093534
5091934
5094786
5095066
5094746
5092886
5085296
5085016
5085336
5086936
5088796
5096386
5097256
5089941
5084691
5080491
5080059
5072409
5079724
5084974
5089174
5089606
5097256
5094404
5093534
5088974
5090570
5085320
5084066
5087054
5094704
5099954
5103802
5107650
5110650
5115210
5119770
5116770
5113782
5106132
5104284
5099034
5095186
5098174
5099428
5107078
5102518
5100922
5102770
5098922
5097326
5100326
5101580
5103428
5100428
5099174
5097326
5098922
5091272
5088284
5093534
5066598
5068038
5094974
5095098
5101722
5106657
5100033
5099397
5097957
5098593
5098469
5099561
5094626
5093534
5088674
5096324
5097548
5094098
5092874
5086790
5082470
5074820
5115154
5074820
5078270
5083130
5089214
5093534
5094404
5095196
5094326
5096756
5065508
5066058
5065508
5064716
5062286
5093534
5093658
5095170
5093361
5088561
5090370
5090246
5080838
5061080
5065880
5064368
5084126
5086478
5089376
5086478
5087348
5088188
5103152
5115464
5121672
5123252
5115732
5121612
5114297
5121887
5124875
5129075
5130167
5135810
5129602
5125402
5120542
5126422
5130982
5133982
5134618
5127028
5132788
5141482
5139578
5148986
5142902
5139590
5132966
5139406
5144341
5151656
5155496
5186744
5191028
5198618
5186306
5180098
5179258
5178622
5177752
5183960
5183180
5178896
5179676
5183876
5161412
5160776
5164976
5165526
5168378
5187618
5189896
5190176
5191286
5190194
5188754
5188204
5185352
5166112
5166544
5164266
5163986
5164766
5169626
5166494
5146747
5166505
5161945
5160085
5159653
5159977
5161837
5165677
5164567
5144809
5141911
5141587
5144485
5140645
5163109
5166973
5165113
5166961
5165152
5166961
5162026
5160934
5158692
5163252
5157372
5161642
5157442
5153578
5151730
5138570
5134370
5127746
5127622
5100686
5099246
5094976
5102566
5105878
5107390
5125102
5126962
5123830
5128765
5135389
5135513
5162449
5163241
5163877
5165317
5164681
5163778
5157378
5161698
5162248
5166532
5167071
5168163
5148416
5154500
5160900
5180647
5174247
5168163
5167960
5171272
5167960
5168163
5167839
5148599
5142391
5139403
5134843
5129200
5128420
5124220
5128780
5131768
5163016
5159566
5160346
5152756
5151176
5146712
5143724
5144704
5146284
5151927
5150947
5155147
5156665
5158183
5154343
5146753
5144313
5139993
5134953
5138793
5141233
5139757
5141233
5146273
5150593
5154433
5158753
5163793
5171383
5167543
5162503
5154913
5150593
5131353
5127903
5125275
5122423
5125051
5126651
5128499
5131351
5130511
5149751
5148151
5148991
5147143
5150593
5130835
5150593
5151463
5159113
5159545
5163745
5168995
5171847
5179162
5178292
5175440
5168125
5162875
5158675
5158243
5150593
5149153
5143510
5144764
5149034
5149904
5150399
5156042
5157482
5156612
5156117
5151847
5154655
5149795
5154655
5153401
5150593
5181841
5181001
5177869
5182429
5183653
5186093
5200009
5202907
5201683
5199779
5210579
5183643
5183963
5210899
5214763
5225563
5226343
5226023
5229155
5246867
5249495
5247217
5245705
5245381
5244541
5245411
5242971
5248614
5250054
5253519
5253799
5253260
5250272
5258126
5264334
5269977
5303577
5306385
5309373
5313693
5315597
5315917
5314069
5311171
5310891
5313879
5319522
5317618
5318458
5338216
5341666
5360906
5361401
5376411
5376551
5383175
5397091
5398183
5399992
5400531
5404801
5406397
5421407
5430815
5429006
5413996
5409796
5405236
5406832
5401072
5398426
5400330
5399550
5403750
5408310
5414070
5414394
5395154
5391704
5371946
5370350
5373248
5374028
5360112
5358532
5358856
5359180
5362630
5363062
5366050
5385290
5389574
5395782
5381866
5379220
5382436
5390086
5385526
5381326
5378428
5386282
5392162
5392942
5397142
5399420
5417132
5416808
5412524
5408660
5397860
5397080
5402330
5409645
5412497
5417747
5421947
5419319
5421223
5424075
5427291
5429937
5430217
5437807
5437027
5431384
5428396
5423932
5416342
5408488
5402608
5399392
5397488
5398358
5393108
5375396
5375520
5369640
5374200
5375180
5371316
5373164
5371568
5374466
5374669
5379229
5380809
5377957
5374741
5376550
5376270
5373372
5373169
5368609
5366800
5366676
5351666
5352216
5349786
5350578
5349786
5352216
5383464
5384334
5383464
5379000
5378450
5375000
5371784
5372420
5371988
5372968
5395432
5396686
5398190
5392106
5351772
5344122
5339802
5338578
5343438
5346888
5387222
5394872
5399192
5405276
5406500
5412584
5407724
5407088
5410538
5407088
5412968
5405318
5398918
5379171
5373087
5392834
5385314
5391714
5390460
5367996
5375646
5376078
5379294
5373414
5367534
5366754
5361111
5361891
5367141
5361891
5367534
5364084
5363244
5364084
5383842
5387292
5406532
5387292
5367534
5369343
5375783
5409383
5431847
5434745
5437185
5464121
5461223
5465063
5467915
5472115
5475580
5478478
5483518
5483721
5486151
5493801
5494581
5497713
5501577
5499768
5495208
5495005
5494725
5497941
5497446
5497570
5496790
5492926
5485611
5482759
5477509
5473309
5472877
5465227
5464357
5459422
5444458
5444334
5417398
5415958
5415322
5414230
5420854
5420978
5447914
5449354
5449990
5451082
5436072
5435844
5429220
5434155
5432555
5432835
5429937
5429813
5426961
5426181
5425545
5424705
5418497
5406185
5407765
5413645
5418205
5425795
5457043
5462686
5463466
5467666
5466086
5460206
5456006
5451446
5451941
5444626
5459590
5459910
5464470
5468790
5453826
5453331
5452551
5448267
5465979
5465109
5475909
5485317
5465559
5462109
5442869
5441351
5433761
5428118
5396870
5393738
5394058
5395867
5400427
5373491
5365841
5363411
5367259
5364043
5365643
5368631
5367791
5364803
5359763
5366387
5367479
5367974
5361350
5360258
5359763
5354120
5352602
5351822
5350242
5349262
5344702
5313454
5309254
5306266
5299642
5299439
5300531
5307155
5307358
5307853
5306761
5310073
5309578
5306266
5298616
5295764
5288449
5287579
5294894
5297746
5301946
5307196
5314846
5315716
5316148
5315716
5311516
5303662
5323858
5323018
5302822
5295507
5303361
5304201
5298951
5306266
5306142
5301207
5274271
5301207
5307831
5308467
5309907
5310999
5315934
5316058
5315422
5313982
5307358
5306266
5300182
5280435
5286835
5306582
5312666
5306266
5306818
5314338
5320962
5317830
5322030
5317830
5319734
5316422
5314518
5306998
5310130
5311570
5304946
5303506
5321218
5320898
5318994
5329794
5342954
5343734
5349614
5352242
5361650
5388586
5394348
5396584
5400784
5408638
5408762
5409082
5410682
5411774
5415638
5413360
5418400
5419624
5427214
5414902
5408694
5407854
5407218
5406348
5399033
5398253
5400062
5401871
5406071
5404167
5410791
5413779
5414318
5416222
5389286
5390886
5413350
5417910
5408502
5407522
5394362
5383562
5397478
5399918
5401142
5398702
5384786
5385626
5386406
5389052
5394812
5394032
5391386
5377470
5376931
5374033
5370169
5369389
5365189
5371273
5371553
5371233
5368605
5367825
5363625
5364164
5368434
5368754
5367914
5370812
5373710
5375558
5373978
5366388
5335140
5332152
5326392
5324583
5322735
5319837
5319557
5316569
5310926
5309702
5313986
5312510
5320160
5309360
5308904
5308701
5307861
5305521
5305026
5306280
5305188
5304638
5318554
5319534
5322984
5317104
5314252
5295012
5291562
5251228
5255548
5251228
5249974
5250298
5245438
5243629
5239765
5236315
5234875
5230675
5229451
5225986
5227426
5222566
5227426
5230876
5236756
5230876
5235736
5243386
5246851
5251051
5254915
5247265
5241181
5243085
5243721
5236071
5238923
5239473
5243673
5241395
5243673
5243953
5245063
5244739
5240179
5243077
5240179
5235979
5248291
5254499
5255339
5236099
5236969
5244284
5245064
5250826
5253678
5250228
5251320
5250480
5246196
5238606
5236797
5235687
5235407
5215649
5196409
5193557
5193007
5193557
5195366
5194274
5196552
5196832
5197942
5217182
5216902
5217994
5237234
5236124
5231564
5226524
5230364
5226524
5222204
5227244
5234834
5239154
5237636
5236124
5243714
5236124
5231084
5226764
5230604
5226764
5231804
5265404
5267213
5271533
5251775
5261183
5261059
5280817
5276017
5277529
5277653
5275844
5273492
5288456
5292296
5291976
5287776
5278368
5274528
5271528
5271848
5276048
5285456
5288456
5273492
5268452
5250740
5254940
5253340
5230876
5223022
5230876
5253340
5254940
5250740
5268452
5273492
5271256
5271380
5273616
5273492
5233158
5238920
5229512
5225312
5222312
5207348
5211548
5214548
5218388
5233352
5242760
5238920
5245004
5225257
5218857
5212773
5219173
5238920
5245128
5249988
5254188
5255058
5255490
5251290
5256540
5249225
5243975
5243543
5251193
5248341
5251193
5246993
5240785
5235925
5236905
5231025
5235225
5227575
5226705
5234020
5234452
5232174
5235486
5236278
5237058
5239300
5242432
5264896
5268760
5274640
5275543
5277123
5277447
5273247
5260087
5259767
5267417
5258009
5258645
5259515
5256887
5237647
5241847
5235967
5234527
5231215
5230423
5229643
5229187
5235067
5232215
5230367
5228767
5248525
5251423
5250415
5251855
5243161
5238891
5236845
5231805
5231310
5230990
5271324
5273560
5278600
5286454
5289262
5322862
5330716
5299468
5301316
5308631
5302751
5306951
5311511
5307311
5303041
5312449
5309641
5315284
5281684
5281360
5281684
5277484
5276704
5271061
5268073
5270925
5266365
5270565
5276773
5281043
5279463
5283663
5275809
5275933
5282373
5291067
5296002
5301762
5324226
5325826
5343538
5356698
5357018
5360858
5361314
5363174
5368424
5372624
5373404
5379047
5382035
5375827
5407075
5401195
5393605
5401195
5405755
5401195
5395552
5395676
5390741
5389649
5396273
5395723
5396593
5395723
5364475
5365025
5364901
5396149
5395513
5368577
5369213
5366783
5367875
5367083
5360459
5362889
5389825
5391265
5396200
5394760
5395552
5399400
5400996
5402250
5397000
5402250
5396607
5397387
5403030
5406030
5402718
5401938
5407188
5410176
5417826
5419674
5419877
5415317
5407667
5404679
5401679
5374743
5373147
5371893
5375205
5373357
5373154
5367904
5372464
5378672
5379896
5376446
5370684
5363034
5358714
5352630
5357490
5360940
5367024
5374674
5373450
5350986
5355306
5350446
5351958
5374422
5414756
5410436
5408924
5413244
5407036
5407239
5405193
5398569
5396291
5399143
5404003
5408203
5414411
5417309
5421869
5423381
5420529
5417313
5417189
5416909
5414011
5417227
5412667
5410858
5409878
5408018
5409827
5408315
5411447
5408315
5402672
5396588
5395478
5396270
5402150
5400710
5396966
5397246
5399524
5399068
5403388
5397180
5397636
5399148
5401008
5403054
5409678
5405358
5402712
5400864
5402712
5398512
5406102
5407082
5409934
5411044
5409934
5412580
5413360
5409160
5404600
5404276
5408476
5408044
5412604
5414413
5418973
5419176
5422074
5422354
5422478
5425694
5425491
5421221
5421545
5419685
5415125
5418113
5412353
5411573
5410733
5415003
5413194
5413626
5417466
5421786
5426826
5412910
5414770
5419330
5424130
5429890
5431490
5434342
5440782
5441622
5464086
5469729
5471169
5466309
5458719
5457927
5454477
5451489
5451165
5449305
5445465
5425707
5422809
5400345
5396481
5394633
5402223
5401113
5401905
5402029
5406589
5408449
5408881
5414761
5418211
5417119
5416839
5413987
5394747
5392469
5386589
5386039
5399955
5404225
5390309
5384666
5385776
5391860
5397740
5417936
5423579
5420129
5412539
5406659
5406339
5404435
5377499
5376863
5371220
5365136
5364044
5363252
5362142
5355518
5355394
5328458
5327018
5322083
5302336
5296252
5289852
5285652
5278002
5275150
5274718
5273848
5268598
5271450
5276700
5280900
5281332
5274017
5281667
5288982
5289852
5293317
5296449
5297889
5303532
5304402
5300202
5294952
5299152
5300022
5307672
5308104
5300789
5306039
5308891
5306039
5305169
5297519
5297087
5304402
5300118
5298606
5298067
5293747
5290795
5290245
5289453
5307165
5307704
5300114
5300664
5304984
5309268
5310060
5306748
5308260
5315850
5319162
5322060
5326344
5329560
5330055
5312343
5309445
5308950
5307878
5303594
5321306
5320986
5314778
5318978
5313098
5317658
5313338
5295626
5284826
5275418
5275738
5280058
5297770
5303650
5299090
5294890
5301098
5305958
5302742
5285030
5278946
5281188
5281512
5286552
5289768
5307480
5313564
5322972
5328012
5335662
5346462
5348062
5347270
5342230
5341906
5339664
5339340
5345780
5348632
5353432
5349232
5346100
5345230
5339587
5359783
5358343
5361475
5362345
5367988
5362948
5366413
5370261
5372691
5369226
5342290
5338020
5332140
5332920
5333712
5332112
5330672
5325812
5321948
5320694
5316424
5315554
5315059
5317867
5322727
5324167
5318524
5315716
5318848
5320448
5324312
5325566
5305370
5309640
5310510
5311005
5316648
5313516
5317786
5316274
5320834
5320402
5315542
5317402
5317834
5323714
5325226
5320666
5319886
5312236
5310376
5306926
5305346
5306786
5293626
5289786
5284746
5277156
5279060
5279340
5278248
5280096
5281905
5284893
5285432
5283623
5282513
5282233
5279955
5279405
5282303
5279873
5275553
5277362
5278472
5272592
5272872
5292112
5294964
5295514
5296606
5293754
5274514
5276792
5272232
5286148
5254900
5260780
5280976
5280184
5272594
5266714
5246518
5248030
5249610
5254170
5261760
5293008
5286800
5267560
5264572
5270452
5271244
5269732
5273932
5268289
5265301
5278461
5274261
5293501
5296489
5302697
5303021
5302241
5303021
5308664
5311652
5315102
5319302
5314262
5306672
5319832
5324872
5332462
5336782
5340622
5346502
5346997
5343157
5338837
5338342
5356054
5342894
5325182
5319302
5321348
5319302
5319938
5320841
5323083
5326215
5321895
5315811
5308161
5306937
5311797
5308347
5303487
5306937
5266603
5272687
5277007
5284657
5324991
5326215
5330775
5332287
5328975
5342135
5349725
5350264
5349725
5353175
5352625
5348341
5344021
5341069
5340277
5341877
5344155
5346059
5349371
5350163
5367875
5372159
5372709
5377029
5375517
5367927
5372967
5373247
5339647
5337838
5318080
5316568
5316444
5307036
5305944
5301744
5302283
5298013
5294881
5279871
5273247
5276379
5291389
5289789
5289250
5293570
5287690
5286598
5282328
5283928
5284467
5286067
5292691
5296961
5291081
5284457
5285327
5285759
5292383
5298263
5299355
5303625
5281161
5278309
5270994
5269482
5265162
5272812
5266604
5268116
5274324
5269074
5268642
5260992
5268307
5271159
5276409
5280609
5303073
5302203
5300603
5300064
5301156
5307036
5308884
5311512
5308660
5308863
5311715
5313315
5311467
5309867
5307239
5303927
5303724
5307036
5309888
5314088
5314520
5322170
5323040
5318840
5326155
5323303
5315988
5315118
5314686
5307036
5312286
5307036
5314890
5313798
5317998
5320438
5347374
5351214
5368926
5369796
5373012
5373292
5372742
5385902
5384093
5377653
5411253
5413062
5390598
5394063
5392809
5388249
5385971
5382506
5379654
5360414
5358136
5364344
5369987
5403587
5406395
5410665
5402811
5396603
5390960
5384336
5381906
5348306
5345498
5342852
5340948
5347388
5341628
5338820
5347514
5345705
5344595
5344315
5366779
5364733
5361745
5360233
5352583
5348735
5329495
5325655
5321095
5320600
5333760
5339520
5342166
5342946
5345592
5349456
5350968
5355168
5355488
5364896
5362456
5360647
5359867
5355667
5351397
5351073
5349213
5356863
5355387
5354931
5351799
5349951
5345631
5347909
5354533
5352937
5349089
5343839
5341991
5334341
5336150
5333150
5335196
5337056
5338568
5339024
5342156
5344004
5333204
5329739
5325539
5329859
5332991
5334503
5330219
5329680
5311968
5311176
5307864
5300274
5298762
5303082
5303632
5307916
5307366
5307905
5308697
5309807
5310357
5313209
5311361
5306111
5302263
5307123
5313003
5314257
5331969
5327649
5324649
5321661
5321111
5316827
5316288
5298576
5297784
5305434
5301114
5298216
5275752
5273904
5272794
5273904
5278174
5280982
5314582
5320225
5326433
5334287
5330423
5330099
5326787
5319197
5311547
5334011
5341531
5342623
5346088
5347600
5347924
5355514
5358826
5359618
5377330
5377869
5382153
5388033
5392353
5390841
5392701
5407711
5408031
5408311
5408806
5413846
5415892
5420162
5421170
5423448
5426760
5434350
5430510
5428650
5429200
5431048
5434498
5438362
5441812
5443252
5441656
5440402
5435842
5430907
5424283
5424159
5397223
5401423
5400787
5399347
5403211
5425675
5428573
5448331
5443531
5423773
5428583
5430861
5450101
5453941
5452849
5453399
5452607
5421359
5422229
5424659
5424109
5421679
5420809
5421601
5426065
5431945
5430853
5426583
5428183
5434807
5439077
5438538
5436938
5431058
5424434
5424973
5426065
5420185
5399989
5401501
5399989
5399197
5419393
5425273
5426065
5420815
5426065
5426845
5432488
5431708
5426065
5408353
5405221
5408353
5426065
5427319
5427869
5447627
5455481
5440471
5439217
5443777
5439217
5454227
5434469
5434266
5433716
5433919
5426065
5419665
5418225
5424625
5416771
5416221
5414781
5401621
5403061
5404501
5412355
5412905
5426065
5421601
5422393
5421843
5422713
5421921
5422471
5420041
5424505
5423635
5426065
5412905
5411305
5411025
5406465
5419625
5419905
5421505
5426065
5431105
5423515
5418475
5416571
5414293
5409253
5405803
5408081
5412401
5416241
5419691
5415851
5423441
5428481
5430385
5426065
5430385
5431477
5435677
5428087
5423527
5417647
5416067
5416847
5415038
5446286
5453876
5447792
5453672
5455252
5461336
5466586
5469438
5472426
5468226
5467946
5468070
5465082
5459832
5428584
5422941
5427501
5426391
5424113
5404355
5404075
5403951
5400735
5397883
5399692
5404252
5404455
5407353
5407633
5410849
5405989
5408225
5367891
5363331
5377247
5379687
5376789
5372925
5362125
5361345
5358717
5360565
5371365
5368363
5370991
5372895
5379295
5383143
5381919
5379479
5379799
5376349
5379247
5383111
5375461
5371141
5365057
5363833
5360935
5360155
5369563
5370343
5368747
5383757
5385353
5384513
5370597
5381397
5385957
5386507
5404219
5408083
5410935
5412159
5414437
5406583
5408431
5412751
5414611
5415835
5435582
5437860
5444484
5446530
5448042
5443182
5435532
5432067
5427867
5424003
5426631
5423181
5442421
5460133
5466013
5462563
5443323
5444163
5447295
5467053
5470503
5489743
5490379
5495419
5500219
5511019
5509579
5510035
5514305
5513810
5514920
5516729
5515637
5515087
5512235
5507425
5507222
5507502
5492538
5498181
5497341
5498181
5502741
5510595
5530353
5545363
5545913
5545710
5525952
5526447
5526650
5522090
5537054
5533922
5532668
5530859
5515849
5533561
5515849
5518981
5520235
5519685
5527000
5526568
5521318
5522188
5514538
5513668
5516520
5512320
5517570
5514718
5515150
5522800
5515485
5519685
5520555
5528205
5528637
5520987
5520117
5515917
5510667
5507815
5500500
5505750
5513065
5515917
5515485
5519685
5538925
5519685
5520525
5540283
5536833
5517075
5520525
5526609
5525769
5530629
5534079
5535303
5542953
5547273
5553035
5553827
5555339
5561219
5560427
5558915
5553035
5532839
5553035
5549195
5546195
5536787
5521823
5526023
5540987
5536787
5540627
5550035
5553035
5554511
5553035
5556347
5557787
5563667
5563211
5562431
5561639
5564069
5560757
5561549
5563827
5549911
5549372
5546384
5519448
5511798
5505918
5506698
5514348
5512488
5514392
5514672
5517570
5519418
5521227
5523469
5526457
5526913
5527452
5525548
5525268
5522370
5520561
5525601
5521281
5519769
5533685
5531837
5534969
5529929
5531777
5527913
5531045
5526845
5523533
5521685
5526005
5525685
5521365
5503653
5492853
5483445
5483765
5488325
5483765
5488085
5481645
5476710
5472870
5469738
5467692
5463372
5459922
5469330
5460636
5462076
5465940
5470140
5473605
5481255
5483301
5481861
5485311
5484987
5502699
5497839
5494707
5492859
5490999
5493277
5491231
5493277
5492821
5497141
5499001
5505625
5499745
5492225
5486345
5463881
5462627
5473427
5471915
5465291
5462861
5462658
5459193
5459649
5464509
5461059
5459199
5460711
5463843
5465691
5467203
5473827
5471549
5473409
5473865
5469581
5461931
5456051
5458329
5464953
5466999
5468859
5470371
5473503
5475351
5479671
5473047
5470769
5471549
5474195
5479955
5479175
5476529
5470769
5463179
5460937
5458039
5458675
5457235
5484171
5476317
5471997
5470149
5470605
5470149
5474433
5477649
5478144
5481042
5498754
5495622
5493718
5488468
5486190
5468478
5468158
5467702
5464486
5462208
5465106
5460066
5460969
5456649
5450889
5449377
5448741
5447838
5445792
5439168
5436036
5437896
5445486
5445766
5438176
5438496
5436896
5436576
5438176
5436316
5436036
5428386
5436036
5436468
5437104
5436468
5436036
5439252
5442702
5461942
5461102
5441344
5438128
5418888
5419728
5439486
5436036
5434944
5430384
5425344
5425064
5411904
5414182
5417632
5419536
5419816
5420311
5424871
5422593
5420689
5420194
5421794
5422886
5416262
5412812
5411212
5424372
5429412
5436036
5440896
5446539
5447409
5451679
5454487
5451679
5452174
5446531
5447971
5446717
5442447
5443701
5442261
5441391
5436531
5436036
5433184
5427934
5423734
5428984
5433184
5425869
5433184
5432314
5433184
5432752
5425102
5432752
5435604
5436036
5428386
5427954
5423754
5418504
5415652
5423506
5425784
5424674
5432324
5436524
5429209
5429641
5430511
5435761
5438613
5437743
5435465
5427611
5434926
5436036
5428446
5427666
5427946
5429038
5429588
5398340
5395352
5389709
5382119
5383928
5390136
5385576
5405323
5403045
5399913
5433513
5432643
5427000
5431270
5427805
5428675
5434318
5435758
5438566
5444209
5438329
5434129
5441983
5449573
5450413
5462725
5468933
5469569
5470439
5477754
5478534
5482818
5481238
5485438
5480578
5486786
5492666
5480354
5495318
5496542
5496998
5499276
5518516
5521368
5526228
5525948
5524508
5522699
5516491
5510611
5516819
5522462
5521352
5524160
5528430
5527590
5526954
5526084
5521884
5514569
5510009
5508149
5507717
5506937
5499083
5492875
5487232
5453632
5450824
5446554
5442284
5436076
5469676
5473141
5476273
5468419
5462211
5456568
5457678
5456586
5456036
5453184
5461038
5456838
5437598
5443682
5443358
5438798
5445198
5411598
5408790
5404520
5400236
5401832
5402156
5406716
5410916
5413814
5410682
5409242
5405042
5398418
5399858
5397954
5405474
5408606
5410510
5413822
5420446
5424646
5417126
5416574
5456908
5464558
5461108
5455346
5450486
5456570
5460890
5462114
5465564
5470424
5469200
5463116
5458796
5451146
5456396
5456676
5451033
5433321
5434101
5439744
5438874
5425714
5443426
5444296
5447512
5442262
5441982
5441202
5437986
5451146
5454596
5454920
5461128
5480368
5483356
5481844
5478004
5483884
5479564
5474524
5466934
5468446
5476036
5496232
5490352
5495392
5499232
5495866
5495074
5495866
5500186
5505226
5507504
5502944
5500666
5497216
5495312
5493712
5488672
5501832
5488672
5493232
5496682
5498282
5498562
5500466
5500186
5503186
5502636
5510286
5516370
5519016
5524776
5525315
5526095
5528525
5534405
5538869
5539739
5540289
5542629
5528713
5527933
5522053
5521729
5518279
5519071
5516425
5520985
5523883
5523091
5491843
5491063
5490193
5493181
5495029
5500279
5504127
5493327
5494923
5509933
5512921
5514730
5515984
5512996
5514592
5516440
5518344
5518624
5512864
5493624
5487416
5486877
5485281
5470271
5462956
5460104
5454854
5450654
5454494
5454989
5452559
5454407
5458967
5460221
5462463
5462787
5467827
5469423
5472639
5477889
5481737
5489387
5492375
5495375
5504783
5519747
5537459
5552469
5544819
5543949
5545203
5542215
5540406
5538558
5535660
5533756
5547672
5547392
5545796
5547392
5533476
5536476
5540676
5538048
5523038
5527898
5530706
5531960
5536230
5537100
5542743
5539845
5535981
5533083
5530643
5529419
5529279
5530719
5529739
5529307
5533507
5532637
5525322
5522470
5523340
5530990
5531422
5526172
5531422
5527222
5530074
5537389
5536957
5537860
5540102
5543234
5535584
5534681
5534045
5530913
5528671
5529307
5535707
5555454
5561538
5555138
5535391
5529307
5533577
5526953
5533577
5534116
5535716
5531446
5530354
5531446
5525566
5523966
5529846
5529307
5528987
5529307
5536957
5532637
5529187
5530411
5534731
5540493
5543943
5550027
5548803
5542719
5535069
5530209
5489875
5494735
5492926
5515390
5519590
5522030
5508114
5502030
5503839
5506737
5540337
5544897
5545767
5553417
5553741
5557941
5557617
5553057
5555487
5552589
5567553
5572593
5573088
5565438
5573088
5569248
5542312
5538464
5536034
5533594
5528554
5534994
5538459
5565395
5563815
5560350
5526750
5523285
5519085
5516085
5543021
5556181
5560381
5547221
5543021
5545873
5551123
5528659
5532859
5532631
5521831
5525671
5528523
5524203
5525073
5532723
5540038
5540470
5544670
5549920
5545720
5553035
5553467
5547027
5544129
5548329
5535169
5530129
5525569
5523969
5533377
5548341
5552181
5555181
5558631
5556727
5553277
5555555
5555275
5551075
5551355
5541947
5538947
5536669
5541709
5537869
5539773
5524809
5529369
5530969
5544129
5547129
5542569
5545557
5543961
5542113
5543367
5547927
5551775
5553371
5561021
5566271
5561021
5558021
5554173
5556021
5553033
5545383
5544129
5536275
5535435
5515239
5507924
5507054
5506515
5504085
5504955
5504163
5504713
5509177
5489430
5497020
5501220
5504220
5499900
5503740
5518704
5528112
5522028
5528428
5497180
5495668
5488078
5487528
5490840
5491632
5482224
5488308
5481908
5482700
5483239
5484751
5481439
5483869
5501581
5486617
5506364
5505814
5501974
5506294
5506844
5489132
5488340
5485340
5481140
5476856
5481140
5488790
5481475
5480605
5481037
5486287
5489139
5496454
5497324
5489674
5486822
5481572
5477372
5476940
5481140
5483786
5484566
5490209
5496417
5495577
5492679
5491455
5489015
5475099
5476191
5472327
5461527
5455647
5489247
5491151
5495421
5487567
5495421
5498229
5499705
5502513
5536113
5541756
5535548
5529905
5496305
5493497
5489227
5492035
5491255
5471508
5477388
5478988
5481616
5478764
5476916
5478496
5481961
5480361
5477733
5478053
5487461
5500621
5496421
5483261
5475611
5483261
5482037
5479409
5461697
5455817
5445017
5455817
5422217
5416133
5411933
5410457
5406992
5396192
5376952
5376828
5376333
5373117
5372914
5374168
5374371
5371563
5370309
5365749
5363940
5366182
5369182
5367278
5365469
5365189
5366998
5371318
5368690
5374774
5378638
5377858
5374960
5392672
5395888
5396212
5400772
5404972
5401756
5403604
5402024
5396984
5396660
5392100
5378184
5372100
5367780
5367456
5367780
5364928
5370688
5368446
5363406
5359941
5373857
5375457
5379657
5370249
5369929
5374969
5374333
5378893
5361181
5364033
5353233
5356131
5356255
5359471
5362323
5365455
5366235
5362371
5360771
5357639
5363723
5364003
5361003
5360508
5361618
5364470
5365020
5360750
5359640
5361918
5359066
5357257
5358349
5359219
5362435
5362715
5375875
5383729
5389937
5407649
5408199
5407089
5404811
5405921
5406201
5405109
5406918
5406368
5405818
5405538
5404446
5406724
5398870
5418110
5415258
5415538
5396298
5398107
5417347
5420199
5417553
5398313
5396504
5385704
5382239
5380763
5377955
5377175
5378984
5379479
5398719
5409519
5407615
5401407
5395764
5400034
5397226
5377986
5375708
5375428
5341828
5340019
5334259
5337724
5338504
5333254
5338504
5337724
5343367
5337724
5343604
5356764
5357259
5356764
5354718
5341558
5323846
5317966
5320012
5337724
5337292
5329977
5327125
5322925
5317675
5310025
5309155
5316470
5319322
5324572
5328772
5325920
5326352
5331602
5324287
5331602
5334454
5342104
5346304
5346736
5347606
5347174
5346304
5347174
5339524
5347174
5341924
5337724
5378058
5384142
5385366
5389686
5397336
5400786
5394702
5393478
5385828
5380066
5376616
5371756
5376616
5372296
5374200
5374480
5369440
5371718
5367398
5359808
5354768
5350928
5358518
5371678
5375128
5372850
5371250
5370970
5374810
5371360
5375920
5380960
5382560
5387600
5374440
5372536
5367976
5372296
5380150
5379600
5366440
5360040
5366440
5379600
5381040
5382480
5385696
5377842
5360130
5359260
5356044
5355764
5342604
5360316
5361186
5374346
5374896
5373456
5373736
5372296
5378380
5358633
5365033
5384780
5378380
5372296
5371316
5376176
5371976
5367116
5372996
5366788
5372996
5377196
5374298
5366708
5363720
5361911
5360063
5359283
5354999
5362853
5361044
5362904
5367464
5371734
5384894
5370978
5371258
5358946
5352738
5357298
5359107
5356255
5353039
5352915
5352635
5356475
5383411
5385851
5390051
5412515
5446115
5445912
5446115
5441555
5447995
5448275
5451173
5453021
5455919
5442759
5445975
5448827
5449322
5451131
5454119
5454658
5468574
5466670
5462470
5462038
5461758
5461882
5461562
5463840
5468040
5467404
5463134
5460892
5457760
5457124
5456221
5451661
5450791
5443476
5441616
5438718
5437878
5441343
5442453
5438613
5416149
5415825
5408175
5407305
5403105
5417021
5418830
5414270
5413946
5413166
5414606
5418806
5415954
5415522
5410272
5410596
5404716
5403276
5399964
5404524
5410608
5403293
5414093
5412233
5413813
5414133
5417598
5417059
5417491
5413291
5410393
5412297
5408433
5406585
5407565
5407109
5397701
5398493
5401805
5404805
5409125
5394161
5393666
5396018
5395226
5395682
5375924
5390888
5391668
5390876
5394242
5374046
5374838
5376350
5382230
5380718
5374838
5375158
5374838
5371940
5372435
5375333
5393045
5388761
5385545
5385050
5367338
5371622
5374838
5370568
5376211
5377081
5381351
5386211
5389019
5390273
5388833
5383973
5385413
5384918
5379275
5379770
5378516
5375708
5374838
5370638
5365388
5362536
5357286
5349636
5350506
5343191
5344061
5343191
5342759
5335444
5334574
5326924
5334239
5337091
5342341
5342773
5339921
5344121
5351771
5351339
5358989
5359421
5363621
5368871
5371723
5379038
5374838
5379698
5378606
5379830
5394794
5396840
5390440
5390979
5410726
5417126
5418986
5424866
5431490
5425610
5427210
5433294
5426670
5446417
5452501
5448231
5443961
5437753
5433553
5431213
5426353
5428693
5428154
5434034
5438234
5438690
5437090
5443490
5443034
5441810
5426846
5433054
5431962
5437212
5417465
5419805
5422703
5415053
5407403
5402543
5401563
5405013
5402367
5403807
5398047
5401179
5406939
5411259
5413905
5414685
5419545
5427195
5430660
5424780
5428980
5432844
5432064
5429786
5452250
5453342
5449877
5443253
5444477
5437853
5435807
5433947
5432435
5431979
5428847
5426999
5422679
5423135
5421535
5423813
5430437
5429898
5423814
5428084
5429932
5426068
5424628
5426140
5421940
5418490
5416586
5421146
5422746
5423026
5418466
5420744
5420464
5415424
5420464
5407304
5405704
5409154
5406876
5408780
5421940
5418490
5423350
5427670
5421586
5417266
5409616
5369282
5375044
5370184
5373634
5372410
5380060
5381284
5377834
5379355
5372731
5372236
5373328
5372236
5372731
5379355
5385563
5385239
5404479
5407929
5408253
5404803
5401815
5382575
5376367
5379355
5382805
5363047
5382287
5383127
5363887
5360437
5359597
5379355
5381203
5385067
5389337
5395217
5396817
5392547
5391455
5385575
5358639
5358100
5362370
5364274
5357874
5351250
5378186
5375950
5371680
5378080
5374216
5372312
5370712
5371251
5373487
5374579
5372731
5379355
5410603
5408173
5407381
5406511
5407381
5409811
5409261
5410053
5410603
5379355
5360115
5361636
5364076
5391012
5394852
5391387
5389578
5393778
5382978
5409914
5390674
5368210
5367118
5369106
5375190
5378190
5376610
5380930
5377465
5379045
5382261
5393061
5395491
5400531
5403339
5436939
5459403
5465046
5498646
5502916
5499076
5518823
5514553
5511745
5506705
5479769
5477329
5473129
5472809
5473129
5450665
5417065
5410857
5417257
5420722
5422531
5428971
5432283
5428435
5420785
5420988
5387388
5381745
5373891
5367451
5365021
5371229
5379083
5380892
5385162
5377308
5371100
5365457
5331857
5329049
5324779
5305021
5300701
5297251
5298091
5284175
5303415
5306865
5326623
5321373
5318475
5316135
5310885
5310105
5317755
5315946
5314836
5314556
5312278
5315086
5348686
5354329
5360537
5365097
5365300
5368765
5371663
5371787
5374639
5379499
5383699
5389907
5390887
5386027
5381827
5378975
5372767
5373047
5370047
5364404
5358320
5357480
5356256
5355706
5358604
5360944
5383408
5384632
5392486
5386606
5391856
5390953
5390317
5387185
5384943
5404690
5410774
5404690
5398606
5405006
5385259
5378859
5384943
5404690
5411090
5404690
5384943
5385813
5382961
5387161
5385561
5392876
5395728
5403043
5408293
5403043
5398843
5381131
5380851
5379981
5372331
5376531
5376963
5384613
5385483
5367771
5368051
5371267
5368051
5381211
5382081
5359617
5359185
5358315
5363565
5363133
5355279
5357515
5397849
5402049
5409903
5410027
5432491
5437531
5437963
5439563
5457275
5451513
5449277
5445077
5431917
5431793
5426543
5423691
5416376
5409061
5404021
5421733
5417533
5425183
5424313
5416663
5419515
5419020
5412396
5419020
5420112
5415792
5416287
5420607
5415567
5420607
5413017
5411925
5415765
5417283
5413443
5413163
5408603
5405153
5400113
5397835
5396235
5394331
5381171
5380079
5380574
5387198
5388290
5387795
5381171
5380061
5381171
5388821
5393141
5399225
5391575
5390735
5387285
5382425
5378975
5373213
5378975
5380199
5375879
5379329
5359571
5340331
5341171
5346031
5349481
5368721
5367200
5365976
5385734
5385937
5377243
5372973
5370927
5374143
5374267
5374547
5377445
5382005
5378141
5375289
5372073
5372853
5375705
5374105
5360945
5360665
5363005
5360107
5361916
5359638
5361684
5362004
5364902
5370152
5368928
5372792
5374392
5351928
5349588
5352720
5349822
5349619
5349339
5353623
5352615
5354893
5355901
5364595
5368865
5373905
5374400
5393640
5397960
5385648
5408112
5397312
5395452
5393406
5386782
5372866
5375718
5378934
5379058
5369650
5366434
5348722
5344402
5343310
5345119
5346229
5346509
5340749
5338103
5337323
5339601
5358841
5358385
5355253
5354714
5351726
5350886
5360294
5360614
5371414
5371617
5389329
5393889
5398209
5402769
5400491
5415501
5413989
5414269
5414905
5415745
5421953
5434265
5436543
5432223
5430375
5428527
5426718
5429616
5431212
5432304
5432854
5432651
5430211
5425651
5423373
5422503
5415188
5416058
5412842
5413622
5409062
5406164
5404355
5405465
5411549
5417192
5431108
5438698
5444578
5448028
5442988
5444212
5441314
5442106
5443954
5443674
5441865
5441545
5428385
5431237
5427037
5424391
5420527
5419015
5421661
5421111
5418259
5418135
5398895
5394335
5394015
5393379
5402787
5403107
5416267
5420467
5411059
5412868
5420183
5417331
5409741
5409617
5422777
5418577
5410723
5410599
5388135
5383095
5381495
5383399
5383679
5379395
5374145
5375993
5377802
5380790
5380295
5380834
5394750
5392846
5392526
5387716
5385907
5387419
5385183
5379421
5382319
5381209
5380429
5380709
5383925
5384795
5402507
5402227
5399095
5398225
5401357
5401813
5405677
5407537
5409583
5416207
5398495
5397715
5399233
5393025
5375313
5376825
5376545
5382629
5389029
5408776
5402376
5382629
5381108
5381232
5385432
5393286
5395522
5355188
5377652
5355188
5337476
5339076
5344116
5339076
5331222
5331098
5328862
5346574
5352336
5350736
5346536
5345060
5346536
5340452
5320705
5330113
5333953
5324545
5344292
5350692
5335728
5342128
5348212
5352412
5355412
5361496
5357296
5350896
5365860
5362860
5359020
5352936
5333189
5326789
5346536
5341976
5324264
5323010
5322460
5322257
5314403
5294645
5279635
5276503
5272303
5265679
5264239
5264671
5272321
5276521
5273209
5270077
5268173
5267303
5268173
5271025
5276275
5268960
5276275
5275405
5268090
5265238
5259988
5255788
5248268
5255583
5258435
5263685
5263253
5260401
5260833
5268483
5269353
5264103
5259903
5259471
5251821
5256021
5248371
5247579
5251899
5251360
5257240
5258020
5265610
5296858
5299846
5305489
5310049
5311629
5312085
5318709
5321841
5323689
5325967
5310957
5309361
5324371
5320087
5319537
5315217
5310897
5315097
5325897
5343609
5345469
5350029
5350349
5351861
5353907
5363315
5367635
5365393
5354593
5356871
5357151
5358960
5356062
5355222
5357850
5358630
5369430
5373294
5376192
5390108
5392548
5393772
5394612
5389362
5391702
5394600
5379636
5402100
5421340
5424192
5424742
5425834
5422982
5403742
5401464
5401184
5400074
5398265
5375801
5375251
5380501
5380825
5379733
5381581
5379241
5380351
5379571
5376943
5374045
5360129
5357689
5356465
5355241
5345833
5349049
5355133
5353879
5331415
5329911
5328931
5325067
5321755
5321431
5316391
5313175
5295463
5313175
5302375
5302925
5285213
5286809
5286489
5281929
5277609
5259897
5254017
5250567
5251062
5266026
5264178
5260314
5237850
5234952
5215194
5211354
5211678
5213538
5217378
5235090
5254848
5277312
5281176
5279316
5284356
5286598
5287822
5281738
5281414
5280919
5283817
5288101
5273091
5290803
5282949
5263191
5260913
5254289
5257291
5258545
5253985
5251939
5251483
5259337
5279095
5279298
5279848
5278336
5276824
5269234
5267374
5270506
5275066
5275858
5279170
5286760
5288272
5285140
5267428
5267225
5267764
5267214
5265960
5262828
5265726
5262828
5260980
5265300
5264430
5260160
5265803
5266298
5267168
5271438
5272692
5275500
5275297
5276737
5273425
5270617
5273929
5274132
5268489
5267994
5263134
5267994
5266554
5265300
5265850
5264980
5264430
5266860
5267652
5268522
5266092
5272492
5292239
5298323
5292239
5272492
5303740
5297340
5292876
5292084
5290860
5286000
5282550
5276788
5269138
5264818
5258734
5259844
5258734
5264818
5267818
5269666
5277316
5283716
5303463
5300463
5295903
5294307
5290459
5285209
5282221
5309157
5303073
5283326
5276926
5269276
5267428
5270416
5290163
5291759
5290505
5296905
5290505
5270758
5264674
5261674
5260420
5252770
5247520
5243672
5242076
5237516
5240516
5246600
5249588
5257238
5259086
5264336
5268184
5269780
5274340
5275594
5280154
5281408
5286658
5283670
5281822
5281272
5283132
5284644
5285100
5288232
5290080
5294400
5297850
5296338
5296662
5293212
5289348
5285148
5281683
5283729
5276079
5277519
5280969
5284833
5289033
5292498
5300148
5305008
5304469
5303029
5301169
5299123
5292499
5294308
5289448
5291296
5297920
5293600
5298850
5297626
5275162
5272822
5269924
5269132
5266792
5271832
5272156
5274398
5274854
5275634
5276426
5278704
5282016
5287896
5287572
5283012
5278812
5272932
5271492
5273832
5274371
5277359
5281679
5281223
5278091
5276243
5279141
5282039
5284937
5289221
5288765
5285633
5283785
5279465
5285345
5293199
5298842
5303642
5337242
5338112
5342576
5343368
5349576
5348064
5350494
5348448
5352718
5344864
5338656
5333013
5299413
5296605
5293797
5289527
5255927
5261570
5267778
5265500
5259620
5260170
5258310
5259750
5260289
5278001
5278281
5300745
5302649
5299751
5297903
5298695
5302007
5309597
5311109
5312621
5310343
5318197
5315919
5313873
5312013
5310501
5308692
5308236
5306388
5302068
5304346
5310970
5313016
5314876
5311744
5312968
5306344
5306894
5310110
5316194
5316650
5317430
5318222
5321534
5322974
5323954
5320966
5338678
5334408
5333616
5331186
5332440
5336760
5338608
5341740
5342196
5343708
5337500
5339360
5341406
5333552
5337822
5333358
5335636
5342260
5341390
5344198
5347006
5341363
5346403
5352611
5345987
5348975
5347463
5339813
5332223
5328911
5329367
5331215
5335535
5330285
5329493
5325173
5307461
5306922
5302638
5302088
5306898
5306118
5302806
5305938
5308278
5310708
5296792
5300640
5295600
5295144
5292714
5265778
5267766
5275416
5275136
5273232
5271372
5272242
5271810
5267610
5262360
5270010
5269140
5269572
5272424
5276624
5277056
5281256
5282126
5287376
5279786
5279506
5279186
5284436
5282836
5290151
5287299
5286429
5293744
5301394
5294079
5288829
5284629
5284197
5281345
5274030
5276882
5269232
5261582
5263182
5264052
5266904
5265304
5268156
5273406
5275254
5272402
5275030
5272402
5270554
5274754
5275186
5282836
5290151
5285831
5293421
5288381
5292701
5296541
5295023
5300063
5296223
5288633
5285321
5284529
5283990
5288310
5284026
5283476
5284026
5284565
5266853
5249141
5252453
5250941
5255225
5251913
5251121
5258711
5276423
5272103
5273615
5273076
5268792
5267280
5268072
5268622
5268072
5263752
5281464
5282256
5286540
5288058
5289570
5293890
5294429
5286839
5290151
5289059
5289339
5292555
5293425
5280265
5279985
5276769
5272499
5266619
5265749
5265210
5258586
5260186
5260725
5266605
5267697
5249985
5256609
5274321
5287481
5285881
5290151
5289656
5288786
5289656
5290151
5288711
5279303
5273219
5276219
5280059
5295023
5304431
5310074
5314274
5308631
5311439
5316299
5317553
5321823
5315423
5321507
5341254
5347654
5346400
5343592
5338732
5334892
5319928
5315658
5311458
5312898
5293151
5290151
5309898
5305698
5310558
5311650
5305250
5299166
5303366
5304590
5319600
5322732
5319834
5300087
5300637
5303489
5322729
5320920
5319810
5319530
5317252
5298012
5284852
5282000
5286200
5286980
5282780
5276572
5270692
5276900
5271257
5270477
5267489
5236241
5239093
5231503
5216539
5216044
5211484
5209624
5203744
5198884
5203084
5205424
5211067
5224227
5223677
5230077
5228985
5209238
5202838
5199622
5194582
5190022
5187780
5188060
5190400
5190076
5192974
5194783
5199343
5196491
5193275
5193151
5192871
5189973
5188749
5188952
5182868
5188748
5194832
5197730
5199539
5200649
5200929
5207013
5209291
5206951
5184487
5179237
5179361
5185241
5180971
5163259
5157175
5159417
5159741
5164781
5167997
5190461
5208173
5213423
5216639
5215059
5210859
5210656
5210224
5210719
5208910
5210490
5213478
5219358
5250606
5265570
5261010
5265570
5273160
5276160
5273160
5271906
5267346
5262096
5260500
5268150
5265162
5257512
5255664
5258652
5259906
5265156
5261308
5262904
5267464
5271312
5273160
5274030
5287190
5283974
5287190
5287470
5287190
5269478
5287190
5274030
5273160
5269848
5283008
5288888
5306600
5308646
5309141
5302933
5297053
5296558
5278846
5265686
5265889
5265686
5263640
5260652
5257202
5256878
5237638
5240950
5235700
5238552
5245867
5244997
5242145
5239293
5231643
5231211
5228359
5236009
5241259
5233944
5238144
5237712
5245362
5252677
5255529
5259729
5260161
5267811
5260496
5261366
5266616
5261366
5257166
5258036
5250721
5245471
5241271
5241703
5242135
5234485
5235355
5231155
5223505
5222635
5222203
5226403
5231653
5238968
5238098
5240950
5263414
5263090
5264938
5268802
5272642
5275540
5295298
5299858
5297418
5319882
5325966
5306219
5286461
5280377
5281601
5287809
5290149
5294469
5316933
5315085
5311221
5326231
5327827
5331691
5333291
5334803
5337701
5357448
5363848
5359288
5361728
5357528
5354630
5368546
5368749
5370558
5377873
5377549
5377873
5382073
5383673
5361209
5364107
5357707
5356111
5341101
5336901
5338761
5335761
5320797
5305787
5304347
5300483
5297018
5295158
5287508
5282648
5281052
5282492
5286356
5290556
5294021
5301671
5307314
5303474
5276538
5279988
5281242
5286492
5287272
5277864
5272614
5269716
5267376
5244912
5243688
5248938
5248158
5245026
5243426
5239562
5240342
5243474
5240576
5236736
5241596
5237396
5233556
5233880
5230430
5236310
5232845
5231036
5224596
5190996
5168532
5164332
5163078
5157198
5163598
5183345
5189429
5183029
5163282
5159082
5144118
5138034
5152998
5156838
5161038
5151630
5154630
5150790
5147790
5157198
5179662
5183982
5185494
5191702
5187382
5164918
5163406
5157198
5163638
5166490
5160610
5159098
5152658
5149806
5150598
5152110
5157990
5178186
5157990
5153190
5151590
5156390
5157990
5157198
5174910
5185710
5185390
5191033
5193463
5187820
5192090
5184236
5178028
5182348
5177548
5182348
5178148
5173948
5171096
5163781
5159221
5156413
5129477
5127047
5122007
5148943
5171407
5172919
5179127
5186981
5193189
5187939
5183669
5188229
5187905
5197313
5208113
5225825
5230145
5234705
5235025
5235349
5238337
5238876
5252792
5250888
5250608
5248760
5246951
5242631
5247191
5246652
5243844
5210244
5204601
5198393
5206043
5198189
5202459
5199471
5202279
5235879
5241522
5247730
5255584
5257164
5263044
5249128
5280376
5287966
5282086
5284426
5306890
5308114
5310018
5312664
5313888
5316786
5317218
5321502
5324490
5313690
5295978
5305386
5302488
5308888
5314138
5312914
5290450
5290770
5290894
5296537
5297317
5301517
5299937
5295377
5299577
5291987
5260739
5257751
5252108
5251328
5255888
5246480
5249288
5244038
5236388
5228738
5228306
5227874
5223674
5216024
5215154
5212814
5208544
5203294
5198734
5203774
5200876
5203774
5204054
5205958
5201758
5194443
5196252
5198100
5202420
5210070
5207218
5206348
5210548
5210980
5218630
5219500
5211910
5208070
5215660
5220700
5224540
5220220
5227535
5231855
5226815
5229667
5228797
5228365
5224165
5221313
5213998
5208748
5213998
5206348
5203918
5197834
5196964
5199394
5194930
5194138
5194930
5201014
5201564
5207964
5227711
5221311
5201564
5232812
5233682
5233132
5236030
5239246
5243530
5240314
5237416
5219704
5237416
5233132
5233627
5233132
5236264
5237167
5237803
5240045
5246129
5265876
5259792
5266192
5259792
5240045
5238533
5244973
5248339
5246739
5266935
5267727
5269239
5275119
5276631
5273779
5279659
5278867
5275555
5275352
5278664
5272224
5266344
5267136
5246940
5241060
5241263
5274863
5276463
5279315
5278523
5258327
5256815
5252015
5254355
5257253
5262503
5264407
5267623
5267903
5285615
5298775
5299645
5297305
5284145
5283865
5284957
5285389
5267677
5265868
5262652
5265298
5265422
5261222
5248062
5247742
5238334
5237464
5236914
5217674
5215396
5215116
5214006
5206356
5206906
5204054
5206906
5209184
5211524
5210432
5209882
5208628
5186164
5185324
5182984
5178784
5175932
5156692
5154414
5154134
5155358
5151908
5146658
5169122
5171768
5172548
5167988
5187228
5186118
5184309
5184589
5183365
5189125
5193409
5194519
5196328
5202728
5203952
5211602
5208704
5188946
5188622
5189876
5170636
5169544
5166412
5170682
5155672
5158804
5173814
5172302
5170702
5170163
5174483
5175575
5181455
5181994
5183594
5185106
5180836
5179744
5173864
5196328
5190120
5183496
5190120
5185800
5163336
5169544
5168674
5168242
5164042
5157958
5152708
5159108
5178855
5172455
5173325
5179409
5176557
5169242
5169674
5173874
5179124
5181976
5189291
5181641
5189291
5169544
5170039
5168599
5172049
5191289
5172049
5191807
5192647
5189197
5169439
5168599
5169853
5170723
5176366
5179174
5174314
5171506
5170252
5174522
5173652
5169382
5163739
5165179
5170039
5169544
5187256
5193880
5187256
5186164
5186659
5187751
5200911
5215921
5215426
5197714
5194582
5197714
5196844
5204364
5210244
5216124
5217378
5220594
5217144
5211264
5210010
5202490
5196610
5181600
5181320
5168160
5169030
5169310
5191774
5195224
5192008
5169544
5200792
5201584
5197120
5199550
5200100
5206184
5205634
5185887
5179803
5186203
5179803
5179011
5176581
5177451
5197198
5196328
5201578
5195935
5195155
5189905
5195548
5196328
5191468
5196328
5194816
5199016
5205224
5199016
5193136
5192344
5195710
5196690
5192490
5198370
5199882
5179686
5180478
5174598
5185398
5185074
5181624
5178636
5196348
5200668
5195418
5199978
5190570
5179770
5162058
5162382
5162877
5166327
5162127
5162967
5155377
5164785
5161887
5161567
5157007
5159347
5181811
5183035
5184259
5206723
5209063
5211961
5217211
5223419
5238383
5257623
5260611
5256291
5243131
5242811
5243131
5242351
5240771
5234891
5232551
5234891
5234435
5229875
5222285
5191037
5196917
5198357
5201255
5202047
5205359
5205815
5202827
5197184
5204774
5209334
5215214
5215994
5211794
5213642
5217506
5223149
5222357
5222037
5224935
5247399
5267157
5270997
5272857
5273181
5268911
5267819
5263009
5257129
5256590
5254990
5256570
5261820
5260596
5259816
5264280
5241816
5244804
5242464
5235840
5236620
5230412
5231282
5218970
5212762
5211922
5211286
5215486
5213134
5212354
5208070
5207200
5214790
5207475
5208255
5204943
5203503
5202523
5187559
5187064
5199376
5203660
5209868
5210504
5217819
5215379
5217819
5219628
5226028
5225825
5226375
5234229
5235669
5237109
5223949
5221509
5223949
5222140
5235300
5228900
5236215
5234775
5236375
5236578
5250494
5236578
5235138
5227823
5226223
5225673
5224833
5216979
5197221
5193771
5174531
5178395
5182665
5178801
5172401
5168131
5166283
5193219
5191315
5193163
5195399
5191551
5197951
5195715
5197619
5203703
5210103
5229850
5210103
5204019
5197619
5194767
5197899
5202099
5204951
5212266
5204616
5204184
5207496
5203296
5198046
5197843
5190528
5189658
5194908
5195340
5197582
5205232
5205868
5206071
5202759
5203629
5204532
5204252
5202348
5194758
5193966
5189682
5189143
5186245
5189710
5171998
5176198
5171998
5172978
5168118
5165876
5159668
5153788
5150338
5144458
5136868
5122952
5117309
5123517
5120665
5124865
5119825
5126033
5127545
5118851
5112411
5110899
5115219
5115769
5120053
5120592
5138304
5138584
5141482
5143330
5145139
5148127
5148666
5143731
5157647
5151887
5148575
5151791
5156831
5157155
5159397
5153313
5135601
5132385
5132061
5133965
5167565
5161481
5154857
5152049
5147249
5145401
5142269
5141813
5140301
5138441
5136395
5138255
5142575
5143031
5146163
5148011
5152331
5150053
5142199
5146469
5147909
5149955
5150825
5153633
5155973
5178437
5179661
5175391
5178523
5184166
5192020
5186377
5182057
5180947
5180155
5185015
5175607
5164807
5147095
5145247
5143438
5140450
5139911
5125995
5119911
5100164
5117876
5111476
5114788
5122378
5123890
5129533
5129213
5124653
5120333
5121125
5127209
5133417
5135695
5142319
5136111
5136891
5136688
5142448
5142016
5140156
5135596
5131326
5130102
5134372
5138932
5140792
5136522
5131962
5130102
5131614
5109150
5109026
5111924
5117174
5115950
5115400
5111080
5107240
5102920
5097880
5094982
5092642
5070178
5072824
5065234
5062894
5063326
5058076
5057296
5054650
5048890
5045992
5043184
5009584
5003941
4997733
4989879
4994149
4996957
5030557
5036200
5031930
5039784
5035224
5032326
5030517
5030085
5029805
5042965
5039749
5062213
5056963
5063171
5042975
5048855
5069051
5067539
5061659
5060867
5061659
5063171
5066023
5063395
5061795
5059947
5061795
5063395
5060543
5063171
5065449
5067049
5080209
5085249
5089809
5090089
5091993
5095443
5098341
5097846
5094948
5112660
5108376
5105160
5087448
5090664
5091159
5095443
5095567
5097471
5100117
5098893
5103177
5100531
5100099
5093699
5094923
5095355
5093451
5089167
5089043
5095443
5097252
5074788
5070588
5097524
5117282
5113082
5104388
5070788
5074988
5097452
5131052
5146062
5150622
5154462
5162316
5158851
5157042
5153202
5146762
5146965
5147515
5148769
5151901
5169613
5176053
5171493
5170513
5168271
5166462
5168802
5162718
5162286
5161062
5138598
5136258
5133360
5128110
5129202
5135082
5137980
5139789
5120042
5113958
5119601
5120381
5124581
5123001
5129625
5123225
5118665
5114201
5114740
5116982
5117306
5122346
5117786
5117583
5114685
5114405
5114281
5113957
5110741
5104533
5109093
5109296
5112194
5112474
5112598
5116868
5114016
5108976
5105760
5088048
5083778
5089028
5095112
5112824
5116040
5118480
5113620
5111190
5108750
5110004
5104124
5108588
5111440
5096476
5095981
5110945
5111440
5114428
5108668
5110268
5105333
5098893
5097417
5070481
5075041
5076021
5077601
5080499
5072909
5065259
5066777
5062577
5066042
5039106
5043306
5048346
5050776
5058426
5062274
5057234
5063114
5069322
5063679
5061819
5066679
5089143
5090367
5086167
5090367
5103527
5090367
5087379
5090595
5089815
5104779
5114187
5117187
5121387
5117547
5102583
5098383
5102223
5099223
5089815
5076655
5089815
5093031
5110743
5110463
5111333
5110463
5102609
5100331
5099221
5098351
5090701
5093553
5094423
5099673
5092358
5089506
5089938
5097588
5104903
5105183
5087471
5084255
5088455
5090733
5091843
5086593
5086161
5094015
5089815
5086815
5083827
5076177
5074329
5069079
5070333
5074893
5071045
5074893
5080143
5081991
5076741
5076969
5050033
5051287
5053135
5057695
5065345
5060785
5066035
5064439
5063185
5061931
5064919
5067919
5068147
5095083
5098083
5101071
5108721
5107125
5104125
5101137
5093487
5091639
5087079
5081436
5087079
5081829
5081049
5086299
5087079
5085855
5085423
5083519
5083395
5084619
5084743
5085175
5080891
5082795
5085441
5091841
5096125
5089725
5087079
5072069
5072939
5070041
5063957
5046245
5043029
5037989
5035649
5013185
5011961
5017211
5020109
5037821
5040099
5045349
5051433
5051109
5054325
5050875
5054325
5056229
5056509
5058109
5058604
5063164
5068204
5081364
5079086
5077182
5071932
5071612
5077372
5074726
5078996
5080250
5083058
5087918
5089358
5083715
5083220
5082350
5078080
5076826
5074018
5081872
5085088
5100052
5117764
5135476
5136268
5176602
5178411
5184054
5183734
5183239
5178199
5176153
5171883
5163189
5157429
5156649
5151789
5152109
5151101
5154317
5155187
5172899
5172619
5173729
5170513
5169643
5151931
5158555
5160833
5156513
5151653
5149805
5150085
5146953
5139303
5141949
5122709
5128589
5131235
5133575
5156039
5157263
5155021
5159305
5159629
5164669
5165164
5165444
5167490
5169350
5170862
5168584
5187824
5187544
5184692
5165452
5161987
5157787
5153923
5150473
5148033
5145755
5144315
5143205
5140927
5139835
5139555
5132931
5130885
5129025
5127513
5127057
5125248
5124698
5137858
5139667
5126507
5128355
5131487
5131943
5130503
5128903
5130807
5117647
5117097
5111217
5110347
5109555
5112453
5110023
5111115
5111665
5107465
5110317
5129557
5131835
5134077
5134401
5132061
5132381
5129483
5131823
5133869
5133330
5131342
5140750
5136190
5131150
5117990
5122260
5130954
5131962
5134240
5136088
5136368
5136688
5141008
5141788
5143300
5147164
5149810
5148298
5144434
5141788
5144024
5145624
5149824
5148228
5150506
5150186
5151782
5152102
5156372
5158276
5173286
5177150
5179010
5186600
5155352
5168512
5165524
5156116
5154268
5151370
5151090
5149186
5154226
5181162
5187562
5185753
5189065
5189268
5189065
5185753
5187265
5167069
5161189
5159677
5158885
5164765
5184961
5185753
5186656
5183524
5182888
5181985
5185117
5185753
5187995
5185753
5203465
5201419
5188259
5170547
5164667
5165162
5178322
5180368
5179873
5185753
5187353
5189793
5187984
5180669
5178229
5176629
5176426
5162510
5164319
5171634
5171837
5185753
5185321
5177671
5173471
5166156
5163304
5158054
5165369
5173019
5175871
5181121
5185321
5185753
5186623
5185753
5192377
5193280
5200595
5208449
5208881
5213201
5217471
5216217
5220777
5217789
5210139
5204889
5205759
5204163
5199603
5195755
5198755
5201743
5209393
5214643
5241579
5243175
5240175
5238327
5239581
5241429
5275029
5277657
5276817
5283025
5281801
5279361
5265445
5262547
5258683
5247883
5247103
5244475
5241577
5244475
5247373
5248153
5262069
5279781
5282997
5300709
5306793
5304889
5302081
5302405
5300929
5302153
5310007
5317861
5324069
5329712
5334512
5336952
5342595
5353395
5358435
5361243
5353389
5357659
5349805
5343597
5337954
5304354
5301546
5305816
5299608
5304168
5298525
5304405
5298525
5302389
5298189
5292546
5289558
5285094
5283576
5279016
5278036
5276456
5277680
5273410
5270602
5237002
5232732
5234974
5235298
5234518
5237326
5243950
5245042
5243442
5242002
5239014
5238734
5237134
5230510
5224630
5223538
5221260
5202020
5203112
5209736
5210231
5214501
5217399
5222649
5221425
5227305
5224407
5197471
5193631
5192539
5191989
5214453
5211601
5206351
5209816
5212256
5216456
5214116
5191652
5189212
5191072
5195872
5197681
5175217
5174377
5178241
5179841
5182973
5183753
5184292
5161828
5160232
5175242
5176838
5173373
5139773
5137964
5136854
5133389
5137229
5136449
5133317
5129453
5123810
5125410
5126922
5133362
5129092
5122652
5118452
5116643
5116104
5101094
5104942
5107282
5096482
5093266
5092771
5094817
5101441
5096881
5099159
5097311
5094179
5093723
5098043
5096531
5097785
5100917
5096597
5095343
5077631
5078885
5098643
5099193
5102091
5103939
5104395
5085155
5065397
5065194
5063334
5062784
5065916
5059292
5062424
5054570
5057786
5057910
5058190
5056144
5053142
5070854
5071057
5073909
5074112
5071834
5073643
5078203
5075071
5082925
5083128
5083678
5084932
5088064
5103074
5120786
5140544
5148398
5170862
5185872
5186712
5184903
5189463
5204473
5206813
5206177
5206727
5206603
5206323
5203425
5203222
5200370
5195810
5193470
5191661
5191864
5211622
5219476
5224036
5216386
5215954
5233666
5230450
5234720
5240600
5241440
5239631
5221919
5181585
5184231
5181585
5196549
5202311
5205623
5204831
5206640
5191676
5192468
5210180
5216620
5217730
5216620
5220460
5219020
5219340
5218845
5219340
5224983
5223729
5214321
5215575
5215255
5218063
5222923
5224363
5218720
5231880
5231010
5226740
5223932
5219072
5215622
5213344
5198380
5202580
5207140
5208740
5209020
5210924
5214374
5216652
5231616
5241024
5246064
5245784
5246654
5242094
5237054
5223894
5221990
5224990
5221150
5218150
5213950
5212350
5216620
5215108
5213248
5211202
5211982
5211702
5211246
5214558
5211426
5218050
5213730
5216008
5212792
5214838
5216698
5218210
5218666
5215768
5218900
5217052
5218492
5215640
5220200
5247136
5254786
5257684
5258476
5260324
5260121
5264441
5258233
5238993
5238869
5238545
5236736
5232176
5229278
5232590
5232310
5232186
5228970
5230779
5236659
5230035
5228523
5228067
5222187
5220747
5217435
5216643
5215863
5215407
5216919
5213931
5217063
5220195
5220475
5220599
5223815
5226667
5227921
5226667
5219017
5226667
5228107
5228310
5229090
5229546
5225698
5218048
5215618
5210578
5212426
5209294
5209750
5209294
5207434
5203114
5199982
5198134
5197678
5195830
5191510
5193788
5200412
5202458
5205770
5207630
5208422
5209862
5210842
5207990
5209799
5214359
5214562
5217460
5217740
5217864
5221080
5223510
5226362
5224084
5217460
5215414
5215870
5220190
5216740
5214462
5213238
5218488
5216210
5214350
5212838
5207588
5204690
5202350
5179886
5173262
5176160
5178500
5200964
5202188
5208812
5213012
5211203
5206643
5206440
5211480
5213384
5211338
5215178
5217038
5222918
5228678
5227898
5227106
5223794
5222354
5221374
5215614
5212968
5207088
5214608
5217506
5239970
5243834
5245682
5265440
5265764
5268410
5267630
5268410
5286122
5280360
5279568
5276922
5259210
5244246
5246055
5246847
5252609
5251739
5249930
5249498
5245298
5247944
5242694
5235379
5250343
5242693
5239841
5240044
5239841
5240393
5237081
5236957
5235053
5232407
5232839
5234063
5232839
5235485
5237389
5237513
5231113
5230681
5234965
5241365
5237081
5238173
5244797
5239547
5238455
5231831
5231336
5236586
5237081
5237861
5243504
5237861
5237081
5237951
5241167
5228007
5222967
5222843
5236003
5236283
5276617
5278853
5270999
5266799
5284511
5266799
5264563
5264687
5287151
5286871
5283655
5282785
5290639
5308351
5306751
5284287
5289327
5290927
5250593
5254793
5237081
5234651
5235201
5236071
5267319
5268111
5267319
5236071
5235201
5234651
5237081
5236445
5237348
5244663
5245533
5253387
5245533
5245253
5249573
5248703
5245571
5249841
5256465
5256897
5252627
5246003
5245571
5244668
5231508
5226468
5221908
5220308
5224868
5222626
5227666
5228302
5231434
5230531
5232773
5230869
5226549
5219234
5221138
5221418
5222321
5235481
5233203
5234803
5237081
5233631
5237081
5238890
5236450
5233138
5229688
5226880
5228740
5228420
5222336
5221244
5222468
5244932
5252522
5250082
5245882
5223418
5189818
5183378
5181569
5178104
5181944
5208880
5213440
5210308
5207410
5210875
5215075
5216299
5217409
5190473
5184593
5178385
5174185
5169325
5175205
5176805
5181005
5185865
5184995
5185275
5179632
5180724
5181274
5184126
5203366
5205644
5202746
5202518
5199053
5195213
5193773
5194097
5184689
5186498
5188307
5184467
5187365
5187645
5189549
5189829
5186931
5171967
5173815
5171967
5170158
5169878
5167974
5181890
5182429
5185417
5182429
5181934
5181395
5167479
5163279
5163599
5164094
5179058
5181498
5203962
5208762
5215202
5212202
5197238
5194386
5200594
5200138
5215102
5217442
5220340
5220060
5214810
5211912
5189448
5188338
5186529
5186985
5186193
5184969
5190219
5187941
5186717
5182517
5177957
5177633
5162669
5162119
5161249
5142009
5139669
5143869
5142999
5143549
5142999
5143791
5141361
5143791
5139327
5138535
5169783
5170653
5169783
5166567
5166287
5181251
5182043
5168883
5153919
5153127
5150481
5151591
5133879
5116167
5117607
5111207
5117607
5123369
5121929
5123738
5110578
5128290
5129160
5132376
5132656
5145816
5144706
5142897
5156057
5156607
5164461
5163021
5155167
5154617
5156057
5150295
5168007
5170653
5166333
5160249
5146333
5146765
5153165
5157449
5153165
5153704
5157016
5154016
5164816
5158416
5162700
5163250
5164042
5162462
5151662
5165578
5171662
5174662
5182252
5183476
5186122
5190442
5208154
5210058
5206746
5205954
5188242
5188366
5186854
5184208
5182984
5182445
5181895
5181771
5183283
5182851
5178531
5170941
5169037
5170617
5174937
5178402
5174118
5170653
5169053
5173253
5181107
5173253
5174363
5176641
5184495
5189535
5195297
5189535
5207247
5207371
5213995
5214490
5213398
5206774
5206279
5207879
5210115
5207879
5206769
5189057
5184017
5161553
5161429
5153575
5149375
5171839
5172931
5170653
5170158
5163534
5170158
5170653
5169561
5170653
5167188
5179500
5185380
5183784
5180418
5186626
5185846
5178531
5177661
5174211
5173575
5171235
5165027
5166467
5154155
5154358
5168274
5169066
5167548
5163278
5160470
5126870
5121227
5115019
5107165
5111435
5114243
5147843
5153486
5147606
5148062
5143778
5124538
5124741
5123301
5124741
5126341
5128781
5136096
5137905
5142189
5137919
5135111
5130311
5124668
5118460
5110606
5118460
5119240
5125448
5125245
5126085
5127603
5112593
5113145
5113925
5112116
5104801
5102361
5100761
5108076
5094160
5094796
5095666
5094826
5093314
5090668
5095528
5103178
5102398
5108158
5110804
5091046
5086846
5082286
5076526
5079991
5083855
5087305
5086981
5091181
5089927
5091181
5108893
5111233
5133697
5137897
5140795
5141575
5142829
5142037
5145169
5140309
5136109
5132245
5128795
5148553
5153113
5156115
5163969
5163129
5167689
5168013
5168563
5171461
5172685
5167435
5159785
5157445
5134981
5133757
5130859
5136109
5141989
5136109
5139421
5145861
5142549
5136109
5135269
5130999
5135269
5136109
5136604
5139502
5157214
5156719
5153503
5150605
5132893
5136109
5131825
5131545
5126505
5131065
5136105
5149265
5136105
5132655
5134255
5138539
5133979
5136257
5136537
5138441
5136163
5139613
5138013
5136109
5121145
5121937
5162271
5160462
5142750
5140104
5139312
5133550
5151262
5166226
5168872
5170681
5174965
5176545
5194257
5195049
5195588
5197100
5192780
5193330
5192780
5191268
5183678
5180366
5179574
5161862
5161323
5157039
5161359
5162877
5159412
5162877
5166189
5152273
5146189
5141869
5138869
5137289
5151205
5155525
5158525
5164609
5175409
5164609
5164812
5168124
5167921
5167369
5171639
5171100
5170008
5165738
5166277
5172901
5178781
5177181
5178781
5179873
5173249
5167369
5165521
5162669
5165521
5167369
5168969
5171597
5168969
5167369
5160054
5160486
5160054
5167369
5168239
5163919
5156065
5155162
5150892
5144268
5150892
5151795
5156115
5160385
5159515
5167369
5167089
5167641
5173284
5175188
5148252
5140602
5144442
5146302
5166060
5168958
5191422
5191746
5188848
5193132
5196264
5197704
5201904
5200056
5196192
5173728
5176944
5177439
5180337
5198049
5201265
5207889
5211354
5211478
5216728
5212408
5207158
5205558
5201694
5201144
5196860
5196321
5178609
5179389
5179186
5174626
5172817
5175949
5177549
5181413
5184311
5188595
5186255
5163791
5162567
5160325
5160001
5154961
5151745
5134033
5127949
5130191
5127293
5129633
5133497
5134036
5151748
5154646
5153854
5155078
5150758
5150208
5145924
5145385
5144593
5141695
5147779
5165491
5168707
5173747
5174071
5196535
5193223
5185633
5182321
5180803
5179291
5180803
5188393
5188945
5189737
5188225
5192545
5193095
5175383
5177231
5176451
5174591
5177443
5175013
5169973
5173821
5171481
5171976
5174406
5173911
5158947
5166597
5169729
5169405
5171745
5176785
5178225
5178428
5182988
5184797
5181945
5178729
5178605
5193569
5194439
5191307
5191587
5199107
5179349
5175509
5175014
5175884
5171024
5171519
5170649
5176292
5180562
5176292
5175038
5173598
5167955
5169395
5174255
5177063
5178317
5175509
5171645
5173549
5146613
5148461
5152731
5146331
5152731
5156595
5183531
5181683
5179447
5175177
5173273
5175509
5174873
5173970
5168720
5167940
5162297
5167547
5168327
5173970
5170838
5168596
5167804
5127470
5125661
5140625
5158337
5159129
5156483
5138771
5141417
5143226
5128262
5168596
5164036
5164316
5160866
5158962
5162412
5160134
5162412
5160812
5155772
5142612
5147172
5160332
5160052
5161652
5163556
5168596
5177290
5171530
5191726
5192836
5194684
5180768
5175518
5184926
5195726
5213438
5217758
5222318
5222638
5213230
5202430
5184718
5180398
5175838
5175518
5174426
5173876
5171024
5151784
5146534
5128822
5129102
5111390
5124550
5118110
5109416
5113280
5111002
5112226
5115124
5120884
5123530
5124310
5119450
5122900
5122361
5127401
5124185
5119145
5118821
5116579
5118821
5119145
5122361
5117426
5121290
5127374
5132234
5139884
5143349
5147549
5145740
5144630
5144350
5138590
5135692
5133352
5110888
5109664
5114914
5132626
5129410
5129130
5115970
5118248
5125898
5126330
5129546
5130182
5136266
5141516
5140736
5138927
5140831
5163295
5166193
5168002
5170990
5171270
5185186
5183282
5183002
5180104
5180643
5182491
5201731
5202739
5196655
5200925
5218637
5227331
5226461
5229677
5223593
5225033
5223779
5222339
5218889
5215025
5215895
5212430
5208230
5210276
5215316
5215811
5216131
5213485
5215825
5212837
5214091
5206441
5204593
5207239
5207363
5209267
5209143
5207239
5204593
5205025
5206249
5210533
5206249
5205817
5199417
5198193
5204593
5201128
5196808
5193808
5192228
5196548
5207348
5207898
5208768
5208218
5214302
5216732
5215862
5184614
5183822
5215070
5215862
5213432
5216432
5218012
5207212
5221128
5219140
5213056
5216521
5216801
5218610
5203646
5201837
5161503
5160711
5201045
5201837
5219549
5216333
5229493
5232709
5233579
5220419
5220139
5222785
5205073
5187361
5202325
5199679
5198809
5216521
5213209
5213761
5213964
5213761
5212891
5205037
5211661
5205037
5204134
5196819
5201139
5200707
5201577
5208892
5209795
5205525
5205957
5213811
5218081
5213761
5218621
5212741
5218949
5214089
5219969
5213761
5209561
5213761
5196049
5196829
5195605
5173141
5170801
5204401
5199841
5205925
5223637
5226853
5229095
5228315
5224115
5223659
5210499
5210823
5216703
5218143
5221455
5222247
5224587
5255835
5238123
5238579
5241567
5241247
5235997
5231727
5227167
5225307
5224875
5214075
5204667
5204987
5209547
5213867
5231579
5242379
5251787
5243933
5248203
5251011
5258601
5264244
5270452
5278306
5277982
5278762
5277970
5275072
5270752
5270428
5252716
5253036
5262444
5267484
5273127
5266919
5262649
5229049
5233249
5231007
5235567
5229687
5228247
5234127
5235707
5236547
5256305
5259755
5278995
5275683
5270040
5283200
5280392
5284592
5279552
5276336
5270252
5264372
5261060
5256790
5257630
5261900
5267780
5271092
5270252
5263812
5270252
5268348
5264898
5278058
5283098
5280820
5280540
5267380
5262340
5263940
5267390
5266958
5262674
5269074
5273634
5274858
5276762
5277194
5272634
5272758
5266358
5265134
5262488
5260888
5260764
5263410
5267694
5267974
5270252
5268348
5270252
5274812
5272964
5275964
5274710
5247774
5243214
5242986
5249610
5252598
5258478
5262748
5262520
5259520
5260059
5257071
5255223
5255426
5256518
5248868
5245880
5242880
5244728
5243128
5240688
5233373
5231564
5233373
5234627
5239187
5225271
5252207
5257457
5264772
5267212
5267009
5274659
5269409
5267809
5269409
5271005
5265755
5267009
5263161
5258891
5261879
5269529
5271377
5272977
5267097
5266005
5265466
5292402
5291148
5284524
5286120
5289120
5303036
5298476
5290826
5296076
5298122
5315834
5315339
5328499
5328994
5326948
5332828
5319668
5313788
5296076
5278364
5275718
5277527
5275718
5316052
5316844
5316052
5301088
5303734
5318698
5278364
5296076
5293834
5290702
5290066
5289163
5284228
5284431
5284983
5278543
5247295
5245391
5239511
5245271
5242055
5241275
5240405
5239855
5242285
5233591
5232799
5236639
5251603
5236639
5232439
5237299
5234083
5240167
5235883
5228029
5228579
5230427
5234747
5217035
5214757
5209507
5210287
5212933
5210503
5219911
5220703
5251951
5252821
5247061
5245015
5238391
5236113
5239011
5235147
5233299
5230401
5234721
5236233
5233233
5233689
5229849
5214885
5205477
5209677
5212677
5206917
5205057
5203833
5202321
5199189
5202321
5198121
5204329
5205841
5228305
5230165
5232211
5231887
5238511
5236651
5232811
5213053
5210155
5187691
5189969
5185649
5183801
5183345
5182889
5165177
5164197
5181909
5187789
5189693
5184833
5187111
5184465
5184141
5187357
5192607
5187567
5191767
5191443
5192423
5194665
5188581
5188905
5196759
5202967
5207251
5201043
5204259
5209299
5207057
5207381
5225093
5230343
5235986
5230736
5231516
5230736
5225093
5220053
5215493
5213893
5213613
5211335
5198175
5194725
5192821
5190973
5185723
5187571
5214507
5215761
5211201
5184265
5176615
5173627
5178187
5175187
5176783
5184433
5187421
5190421
5189167
5187571
5192821
5197091
5196221
5196716
5202359
5200919
5203727
5198084
5197589
5202449
5203889
5201081
5199827
5200697
5196427
5197681
5192821
5188501
5203465
5221177
5223823
5224615
5264949
5266758
5226424
5208712
5212982
5198018
5195372
5196242
5197145
5203769
5197145
5196242
5196674
5189359
5197213
5196343
5194534
5186680
5182410
5181618
5188933
5188501
5192821
5185171
5180971
5181174
5200932
5203272
5207832
5201952
5201402
5200622
5195582
5201462
5193608
5173850
5200786
5206036
5208934
5211274
5218794
5218591
5203581
5221293
5228608
5228176
5243186
5246038
5251288
5248156
5245816
5251459
5246899
5248339
5251804
5250550
5251804
5248816
5243173
5246305
5248735
5245270
5251478
5251802
5247602
5241394
5245594
5253184
5251604
5256464
5260664
5261918
5268126
5260536
5262116
5267996
5299244
5305124
5302694
5298134
5266886
5259236
5259786
5260566
5279806
5282794
5286244
5287468
5283620
5291270
5313734
5308874
5308379
5302499
5308379
5316233
5320793
5314913
5317901
5323544
5308580
5307140
5310272
5309402
5308622
5313662
5314157
5312557
5320207
5317075
5311432
5312302
5309170
5307916
5304052
5286340
5301304
5305504
5302288
5324752
5325184
5331064
5332318
5335768
5332870
5332234
5331682
5331479
5332349
5335247
5332031
5314319
5314039
5300879
5314039
5314319
5317535
5335247
5328623
5329715
5335595
5337195
5337734
5344358
5338478
5342748
5341878
5340786
5341656
5337386
5335786
5335247
5331935
5332487
5328287
5330191
5328287
5320767
5319327
5316195
5319327
5320831
5314207
5315647
5322271
5326471
5341481
5344613
5329603
5326471
5326191
5329089
5331429
5337189
5334911
5315671
5312819
5320409
5326809
5328033
5334117
5333797
5327713
5322070
5327320
5326096
5303632
5307916
5304700
5303830
5303280
5285568
5281368
5279856
5275992
5273346
5260186
5259906
5257008
5259906
5262552
5263332
5262240
5261460
5261780
5259134
5258024
5256215
5258075
5277315
5271107
5263253
5270903
5265023
5270903
5271335
5274551
5275187
5269427
5269859
5275739
5270489
5268680
5268224
5266712
5264852
5262806
5256182
5253904
5256182
5262806
5258486
5258766
5253123
5254723
5221123
5216853
5220303
5222581
5220303
5219295
5210601
5210106
5205066
5200796
5198750
5195618
5196626
5194778
5195234
5202824
5204336
5206196
5208242
5206382
5198792
5199112
5185196
5207660
5208884
5206076
5198486
5196890
5193440
5208450
5193440
5184032
5188302
5192862
5194722
5195154
5199474
5193594
5192802
5195934
5197782
5195136
5177424
5137090
5136770
5121806
5121526
5119926
5119606
5128300
5132570
5134616
5135111
5140151
5141747
5138849
5119609
5119485
5117145
5116353
5115243
5102083
5115999
5118627
5119407
5130207
5131047
5133945
5147861
5150301
5154165
5156811
5154907
5156131
5154907
5154475
5148075
5143791
5141145
5143049
5143841
5144951
5150594
5150718
5154988
5158300
5157460
5153190
5147310
5140870
5147310
5153190
5154030
5150718
5149278
5148024
5151024
5148024
5144184
5129220
5144184
5134776
5138616
5134416
5133921
5138191
5138686
5138889
5133246
5138889
5140329
5143641
5148501
5151309
5152563
5152360
5151808
5146948
5144140
5145010
5144140
5139870
5149278
5153478
5152608
5144958
5137643
5132393
5128193
5135508
5132656
5135508
5136378
5144028
5144460
5148660
5153910
5153478
5157798
5140086
5132496
5129184
5128392
5132676
5132137
5132676
5134188
5129868
5129318
5130110
5147822
5149340
5149890
5145606
5144094
5147406
5148918
5155126
5132662
5131150
5126830
5112914
5106706
5106503
5108312
5100997
5099188
5113104
5120419
5118819
5120419
5117979
5122299
5122502
5144966
5147406
5151676
5147356
5140732
5148047
5147177
5148047
5154671
5155574
5163428
5167748
5168180
5167748
5159894
5155624
5148309
5147406
5139816
5135256
5129376
5127796
5128120
5129980
5133820
5153578
5171290
5168950
5137702
5147110
5144212
5138962
5153926
5154421
5151433
5145790
5149654
5151502
5151178
5149318
5144758
5147656
5170120
5155110
5172822
5169834
5171088
5170549
5171099
5170975
5170695
5167797
5167594
5163034
5161225
5146215
5144619
5144822
5164580
5172434
5176994
5192004
5190156
5207868
5213952
5215856
5218988
5217179
5214281
5214001
5212097
5226013
5226552
5228361
5220507
5228157
5226933
5232183
5235081
5237421
5259885
5261733
5264631
5264911
5257261
5237503
5232943
5229727
5229271
5227759
5225481
5218857
5216811
5218391
5224271
5228831
5236421
5267669
5270657
5276300
5277080
5274452
5272852
5271004
5269144
5279944
5282284
5274694
5270410
5269630
5262315
5259183
5258313
5273277
5258313
5254113
5255961
5245161
5227449
5226813
5226610
5229742
5225182
5222330
5221780
5220526
5217394
5220610
5202898
5207098
5206778
5203926
5202078
5198214
5175750
5153286
5133528
5129688
5125368
5124588
5124268
5121928
5126248
5126572
5127028
5125180
5120860
5122372
5124418
5131042
5133320
5129000
5131242
5136282
5138142
5153152
5170864
5178718
5183278
5182186
5175562
5195320
5195523
5196073
5197327
5200459
5218171
5220817
5220322
5220119
5219569
5218315
5219425
5196961
5195449
5196289
5197513
5199953
5189153
5203069
5205967
5195167
5185759
5185264
5172952
5166744
5165904
5166224
5167448
5167943
5161735
5146725
5149353
5148513
5147289
5158089
5153769
5157633
5155193
5141277
5138379
5134515
5135295
5127441
5122881
5122678
5120050
5129458
5140258
5157970
5162290
5144578
5149138
5147884
5144752
5124994
5125314
5120754
5105744
5110304
5113436
5112886
5117446
5120434
5117536
5109682
5100274
5082562
5068646
5065514
5047802
5045156
5043932
5043500
5037100
5032816
5032940
5034844
5034064
5032160
5033414
5037734
5057492
5065346
5080356
5084640
5091040
5091472
5092696
5093246
5073488
5073364
5073567
5067924
5073174
5078817
5078037
5072787
5073567
5067127
5100727
5095927
5101807
5103319
5100467
5098955
5097355
5098955
5119151
5118359
5112479
5118919
5098723
5101575
5102367
5098047
5091839
5090327
5091839
5096159
5102367
5079903
5102367
5098167
5090517
5090085
5082770
5077520
5076650
5083965
5089215
5090085
5090517
5094717
5091865
5099515
5102367
5105583
5108715
5114799
5120049
5118825
5096361
5093463
5088213
5088537
5088993
5092209
5105369
5106623
5105369
5101085
5097869
5097374
5089724
5086826
5087106
5069394
5065194
5060874
5059014
5061454
5062006
5059728
5057682
5061530
5059670
5059214
5057702
5054570
5057378
5057698
5056186
5055730
5052598
5050750
5046430
5041870
5045320
5045776
5046556
5047348
5049626
5049906
5051016
5052825
5047065
5048289
5070753
5073093
5092333
5090091
5089767
5084727
5081511
5063799
5057715
5059957
5064997
5069557
5072455
5075307
5075857
5076949
5080261
5081701
5087581
5087125
5086345
5085553
5082241
5099953
5098973
5099297
5105381
5106251
5108099
5112419
5113199
5115845
5121605
5120825
5118179
5116133
5109509
5107169
5100545
5100089
5098649
5100695
5107319
5109597
5115477
5116917
5120229
5121021
5121801
5123661
5124117
5097181
5089531
5087253
5086473
5084043
5101755
5098443
5100873
5105913
5101713
5109363
5107515
5106723
5107593
5107269
5102229
5106429
5107941
5121101
5125301
5112141
5106261
5104821
5106333
5107933
5141533
5121337
5115457
5113945
5113153
5119593
5122445
5123237
5116797
5122677
5119311
5113431
5111919
5111127
5131323
5129723
5149919
5147067
5147859
5114259
5115239
5116751
5116954
5116751
5113439
5116751
5129911
5131511
5134823
5141447
5145647
5147087
5139567
5139015
5132391
5128191
5132751
5131311
5131591
5131271
5128139
5135659
5140699
5141019
5142923
5145201
5148651
5150555
5153687
5151783
5152653
5155869
5138157
5138437
5151597
5138437
5138157
5155869
5152653
5151783
5156103
5155233
5147918
5147015
5140391
5148245
5148677
5149547
5145277
5140957
5140525
5147149
5148052
5155367
5147513
5151783
5154771
5186019
5187828
5193471
5194989
5172525
5173305
5173855
5174175
5169615
5163735
5162155
5162435
5163545
5165354
5164262
5163712
5160860
5141620
5139342
5135072
5133980
5128100
5121476
5120937
5119337
5118227
5116418
5118696
5137936
5140788
5144988
5144708
5150588
5150308
5153524
5158564
5181028
5182252
5182576
5184818
5187716
5183516
5189724
5193189
5197509
5197189
5192629
5193721
5198581
5202781
5208989
5209969
5205109
5200909
5194701
5196281
5190401
5208113
5206601
5212685
5215583
5212685
5212482
5207922
5205070
5205350
5208338
5207114
5207317
5211877
5216437
5217877
5216767
5216891
5220107
5222959
5226091
5226961
5221711
5218813
5216473
5194009
5199259
5218499
5220839
5216519
5212679
5222087
5219189
5215724
5193260
5192980
5185390
5183530
5181930
5181610
5175170
5175046
5160036
5156904
5143744
5141935
5135851
5118139
5114923
5109883
5103675
5101433
5107076
5109974
5105774
5105450
5099807
5099027
5109827
5127539
5119949
5110541
5108101
5097301
5079589
5075269
5075593
5079043
5075827
5071627
5067067
5066743
5039807
5044367
5040167
5038358
5004758
4973510
4971170
4968182
4969022
4972334
4978774
4974504
4973664
4967784
4972054
4965614
4971494
4968182
4974062
4970612
4969358
4946894
4939374
4940244
4947764
4955414
4949534
4971998
4973252
4976702
4970822
4976702
4976270
4973138
4980453
4983305
4979105
4984355
4979105
4979537
4972222
4971352
4963702
4948692
4963702
4966834
4971034
4968182
4966742
4972385
4968920
4972385
4973825
4974695
4977827
4972184
4969052
4968182
4969694
4968714
4965348
4966328
4967120
4966328
4964816
4968182
4969406
4972052
4971928
4969282
4968058
4972342
4971910
4965510
4971910
4972342
4974246
4972342
4972466
4968182
4963622
4950462
4948558
4950158
4946708
4959868
4964908
4966812
4961772
4964050
4967500
4967780
4966180
4970740
4970460
4968182
4965940
4966260
4961010
4961790
4964436
4970196
4969416
4966770
4979930
4984130
4983580
4980364
4976094
4976633
4976138
4979036
4979316
4979440
4982656
4985508
4989778
4992586
4991806
4986163
4972247
4972044
4976844
4976520
4971480
4953768
4956666
4950582
4928118
4925778
4922880
4917630
4916376
4919228
4919352
4911498
4910058
4908618
4895458
4894234
4892425
4885110
4882670
4881070
4884286
4889929
4884286
4892140
4891601
4877685
4879494
4881342
4881622
4883526
4888566
4890996
4917932
4917062
4914074
4912265
4912062
4909164
4908884
4908760
4905544
4907353
4906099
4913749
4896037
4892905
4888345
4894553
4892744
4889846
4904856
4909416
4917270
4937028
4937231
4937781
4939035
4942167
4959879
4956877
4955029
4950469
4930711
4930508
4924748
4924951
4924401
4928961
4926109
4940025
4938121
4937841
4929987
4923587
4926485
4929383
4928129
4896881
4896011
4895461
4900711
4910119
4908310
4905322
4905646
4909096
4911436
4911116
4914104
4918914
4925122
4926598
4944310
4944590
4967054
4965614
4978774
4981114
4984330
4983538
4980088
4981312
4978504
4973644
4967436
4968306
4949066
4948742
4946312
4946592
4945812
4942596
4939744
4936612
4935742
4930099
4928659
4928535
4925070
4919190
4917750
4917198
4948446
4948649
4947857
4949111
4948831
4949381
4949178
4950618
4953930
4953474
4950576
4951356
4951812
4952604
4954413
4956843
4961403
4962195
4963065
4958505
4961493
4962473
4989409
4995809
5000079
5001983
5004219
4977283
4975047
4971183
4973031
4971127
4966857
4965009
4958609
4962473
4964903
4964353
4964989
4984229
4987361
4990811
5010569
5011409
4991651
4988201
4988751
4987881
4988751
4990993
4971753
4972545
4970115
4969275
4968483
4969386
5000634
4969386
4967874
4967671
4964359
4963927
4961075
4967283
4968153
4975803
4968488
4946024
4946227
4947739
4941531
4933881
4933011
4936323
4931073
4935273
4935705
4931505
4936755
4932435
4935287
4939607
4962071
4969386
4965102
4963198
4960552
4959328
4958896
4952496
4952620
4954524
4957170
4957602
4961886
4968286
4969510
4969386
4987098
4986228
4990548
4997863
4998733
4990879
4990447
4994717
4994222
4987598
5000758
5007382
5003062
4995747
4997793
4998288
4997385
4998288
4994018
4976306
4974260
4982114
4987994
4974834
4968954
4969386
4973226
4973550
4975359
4981799
5015399
5020439
5042903
5045333
5072269
5068421
5072621
5074961
5068521
5063721
5058471
5056131
5063781
5064651
5061753
5064741
5063161
5058601
5055136
5058976
5057167
5060632
5064832
5062590
5065030
5091966
5106930
5106435
5091471
5093811
5098011
5098561
5099815
5101624
5132872
5155336
5152996
5184244
5180044
5176828
5170948
5204548
5198905
5195917
5190877
5190553
5213017
5219457
5218677
5223717
5201253
5218965
5220545
5214461
5215685
5218583
5200871
5206955
5210171
5210963
5211743
5215208
5195012
5189132
5187620
5186828
5192078
5197958
5196440
5198870
5204513
5200313
5204873
5173625
5151161
5153591
5145941
5143511
5144006
5151596
5147748
5146638
5149078
5147854
5142814
5140374
5167310
5169552
5165712
5168712
5171700
5179350
5181198
5178198
5183448
5180460
5175210
5176806
5169156
5167308
5140372
5144932
5146186
5138536
5165472
5162484
5160888
5156328
5160888
5159634
5160888
5187824
5189420
5184170
5182322
5179322
5174762
5173166
5178416
5180264
5187914
5190902
5193902
5192648
5165712
5162496
5162001
5159103
5154819
5137107
5150267
5150547
5154831
5158047
5157767
5156897
5139185
5145809
5146901
5147771
5150987
5137827
5140725
5137509
5136417
5136912
5154624
5172336
5172831
5172336
5165712
5170272
5183432
5170272
5165232
5160672
5159072
5164112
5167562
5169840
5167562
5165658
5165378
5165658
5162208
5164112
5165712
5172336
5168066
5173946
5178216
5172336
5165712
5164620
5165159
5166759
5166220
5164620
5165712
5166262
5164414
5163634
5160502
5158902
5155038
5177502
5183382
5191236
5191560
5191763
5192315
5174603
5171387
5171107
5157947
5140235
5141015
5137151
5114687
5111789
5111250
5116290
5121540
5124438
5126778
5149242
5150466
5153466
5149182
5147582
5151446
5155310
5157158
5151278
5154494
5154170
5152310
5148470
5128712
5128388
5105924
5105800
5097946
5101396
5101935
5103447
5107731
5103447
5101211
5060877
5062477
5063917
5067781
5050069
5047791
5044479
5036889
5035377
5039697
5057409
5056617
5048763
5047539
5039685
5042997
5038797
5041695
5061453
5065293
5067153
5062113
5065245
5082957
5090547
5085687
5084577
5076927
5073462
5069262
5065398
5062752
5056992
5057784
5057004
5054726
5053856
5051516
5050966
5046646
5046966
5043750
5041846
5052646
5056111
5058389
5063639
5064893
5063639
5058389
5062673
5066957
5074607
5079467
5085867
5086299
5087523
5090169
5092073
5074361
5051897
5055362
5055686
5059886
5056988
5065682
5060432
5079672
5080167
5081175
5083453
5085033
5089303
5088295
5102211
5093517
5089247
5093567
5088527
5085077
5083031
5089115
5087675
5085397
5087443
5089347
5070107
5069787
5069292
5069416
5061766
5061334
5060464
5056264
5063579
5066431
5070701
5075951
5071681
5065241
5069441
5064191
5071841
5072273
5069421
5063541
5062701
5068581
5075021
5078333
5079173
5075861
5076731
5069416
5072416
5076976
5075128
5076724
5078572
5086222
5080972
5077972
5070322
5074170
5079420
5080674
5053738
5050750
5053738
5049178
5047924
5046328
5048564
5052834
5054738
5058602
5065002
5038066
5036218
5063154
5065002
5061138
5054738
5050468
5048232
5046328
5033168
5036618
5036898
5038498
5043058
5048098
5045820
5042370
5042090
5040490
5035930
5030890
5032794
5045954
5044050
5029086
5044050
5047890
5057298
5053098
5043690
5039850
5036850
5039850
5042128
5046328
5038474
5031159
5030289
5023665
5019345
5018913
5019116
5026970
5027402
5024090
5023887
5027199
5034514
5035417
5042041
5048665
5047573
5043303
5042400
5043492
5044362
5048632
5052952
5046328
5046823
5046328
5041468
5037268
5031060
5025180
5025304
5024984
5015576
5013767
5007327
5002527
4980063
4975863
4973423
4946487
4950687
4952199
4949347
4946131
4946007
4931043
4934883
4929240
4927640
4925404
4921564
4930972
4950730
4946530
4953154
4957354
4957674
4967082
4946886
4946094
4939886
4936988
4936708
4938148
4937368
4935028
4938160
4940600
4967536
4975390
4971925
4969027
4963777
4965586
4943122
4935268
4912804
4913356
4907476
4908700
4908205
4914085
4908205
4906765
4903453
4902661
4884949
4887289
4886509
4892717
4897037
4904687
4906199
4928663
4928787
4930691
4933337
4934561
4934105
4933981
4936879
4977213
4983421
5001133
4995371
4996971
5019435
5019559
5027413
5031613
5033849
5039099
5039594
5044634
5048918
5055318
5077782
5111382
5105502
5111145
5106105
5091141
5106105
5108009
5111474
5124634
5132224
5130706
5127394
5109682
5109143
5104859
5104309
5099989
5101798
5101246
5104558
5106070
5098480
5096968
5130568
5153032
5186632
5193072
5191492
5189988
5188084
5183884
5178004
5173444
5142196
5139208
5137696
5145216
5149416
5142792
5142000
5142550
5145538
5149808
5141954
5136311
5136108
5131308
5128500
5124230
5120030
5121470
5125790
5148254
5149094
5151902
5149004
5154647
5152838
5157122
5160020
5158580
5155448
5155987
5173699
5169499
5156339
5155844
5156276
5155052
5150492
5151284
5156219
5138507
5137637
5134421
5121261
5124477
5124757
5142469
5148909
5149779
5155539
5168699
5177393
5177113
5176321
5176753
5177977
5180623
5182527
5182651
5182101
5177781
5174973
5176413
5172143
5173397
5176709
5177501
5195213
5194343
5200743
5205027
5204488
5186776
5188288
5187856
5182996
5181556
5185876
5184364
5190007
5190546
5191041
5190489
5188585
5185939
5184715
5178315
5177061
5172777
5165187
5165063
5160779
5161329
5160834
5155191
5162781
5167065
5169873
5170743
5175013
5179873
5172558
5176758
5184408
5187260
5194575
5193705
5186055
5185623
5186055
5183203
5184073
5189323
5185123
5179873
5181473
5180381
5174501
5167877
5167338
5165738
5172362
5172901
5168631
5169723
5175603
5179873
5179081
5176651
5180101
5148853
5147983
5152303
5158065
5165715
5168145
5173005
5173797
5205045
5205915
5206465
5205915
5207139
5213223
5219431
5224241
5227229
5230679
5231003
5230023
5229591
5227731
5223171
5218901
5221137
5222985
5225263
5229533
5234393
5237381
5238821
5238326
5236886
5234644
5234320
5229280
5226064
5208352
5202268
5204510
5204834
5206738
5211778
5212058
5213658
5218218
5223258
5236418
5233520
5237368
5243768
5243444
5247308
5249212
5245762
5239554
5242770
5238570
5242020
5247900
5248770
5247258
5245398
5243352
5242896
5244744
5242896
5238036
5241486
5242926
5250576
5254041
5258241
5250591
5254455
5258775
5263635
5264271
5259411
5260251
5272563
5278771
5282971
5279521
5275657
5268007
5264542
5264998
5266510
5284222
5286082
5288128
5294752
5297030
5292710
5288510
5291642
5288510
5294718
5300802
5308452
5314095
5309811
5308293
5310633
5307168
5305728
5300085
5299215
5296083
5293743
5316207
5318547
5321445
5326695
5304231
5301891
5298993
5325929
5333579
5336009
5336789
5331539
5332763
5326139
5325359
5318044
5316820
5316184
5313906
5320114
5339354
5342342
5345792
5346116
5339908
5320668
5319576
5316588
5310708
5304084
5304924
5309964
5317279
5321563
5323081
5310769
5304561
5303721
5326185
5325315
5331939
5331444
5332536
5325912
5326407
5325315
5324763
5328213
5328010
5328562
5330466
5330746
5330949
5335509
5335229
5337507
5335907
5337507
5324347
5322443
5317403
5315125
5320165
5333325
5329875
5325315
5325439
5321155
5318509
5322793
5325439
5325871
5332271
5325871
5325747
5323843
5325747
5326971
5326539
5325315
5307603
5294443
5312155
5313025
5312155
5308939
5308659
5321819
5322099
5325315
5324412
5332266
5332698
5337018
5343642
5344545
5340225
5341095
5340225
5332910
5325056
5320786
5314162
5321477
5321045
5325315
5329585
5329261
5332263
5336823
5344677
5349612
5348820
5349023
5345573
5346123
5349255
5366967
5351957
5347397
5339543
5319785
5319582
5320836
5320286
5317298
5311090
5303440
5312848
5311000
5307136
5284672
5281774
5272366
5267556
5247798
5253558
5251128
5246088
5273024
5280674
5283104
5288144
5296838
5300678
5299424
5297182
5298436
5297182
5294284
5297182
5291932
5289034
5286694
5264230
5270110
5269615
5270485
5272333
5276197
5298661
5301559
5321317
5316457
5298745
5297305
5294497
5301083
5297243
5312207
5311883
5318091
5322291
5327151
5322291
5323545
5328405
5329845
5324202
5322342
5321472
5317202
5315948
5318756
5319080
5313200
5304506
5302697
5299799
5299519
5297615
5311531
5312070
5315058
5313210
5310358
5303918
5303048
5300060
5301964
5304862
5305142
5300942
5293292
5292860
5296700
5290492
5286292
5291935
5292430
5265494
5260244
5259705
5261514
5259174
5254239
5248479
5251479
5255679
5240715
5247155
5233239
5229399
5226399
5222199
5228283
5245995
5249211
5251071
5251395
5256435
5256111
5252979
5251755
5253603
5248563
5250903
5247687
5229975
5223891
5226133
5218818
5224698
5224495
5218615
5214345
5213505
5214345
5218615
5221927
5218615
5221927
5222130
5218818
5212378
5218818
5187570
5186700
5186150
5187020
5218268
5219060
5221490
5219060
5219610
5218818
5216540
5218140
5223180
5227740
5222700
5209540
5204980
5206884
5206604
5204700
5201250
5214410
5216688
5220138
5218538
5218818
5223858
5223222
5225126
5225406
5227006
5231566
5225482
5229802
5242962
5245240
5247482
5250614
5251250
5252153
5249911
5246779
5245876
5241016
5237566
5231804
5224154
5219834
5218610
5222060
5226920
5230370
5236132
5242216
5243440
5251090
5249490
5251768
5251488
5249584
5244544
5241094
5254254
5259294
5263854
5265454
5265734
5267638
5265360
5252200
5247640
5251090
5251522
5251646
5247362
5240962
5247362
5246138
5245706
5243802
5243678
5245582
5248228
5249452
5246806
5251090
5251642
5252422
5255050
5256490
5258338
5261470
5259566
5259016
5255704
5249080
5244880
5243440
5240308
5239468
5250268
5283868
5286766
5300682
5304882
5307322
5308162
5293152
5295960
5299176
5304819
5305275
5304780
5299740
5297694
5293424
5284730
5291354
5294486
5295710
5297614
5297294
5296070
5293828
5288788
5291686
5278526
5272126
5261326
5261002
5260222
5260502
5258906
5260715
5260918
5253064
5257624
5254996
5253556
5250340
5232628
5230188
5233040
5225520
5229840
5221986
5225850
5224410
5228680
5214764
5208556
5202913
5169313
5166505
5162235
5156151
5163671
5159807
5161407
5157543
5162583
5162707
5180419
5186503
5189505
5191101
5188823
5182199
5180153
5178293
5176781
5176325
5174477
5170157
5172435
5179059
5181105
5184321
5181423
5181747
5183989
5180857
5182717
5181117
5181397
5188987
5190847
5191167
5190887
5183297
5181437
5189291
5188971
5185839
5185059
5184051
5181773
5187981
5168741
5170253
5168653
5168529
5166251
5132651
5130842
5130966
5150724
5141316
5142828
5152236
5151126
5152935
5186535
5166777
5158923
5157411
5165265
5167543
5168653
5168101
5167898
5168101
5168653
5167783
5150071
5146855
5160015
5146855
5147135
5164847
5165717
5165437
5168653
5168529
5168961
5162561
5161337
5165621
5172021
5170117
5169685
5172331
5169685
5171589
5171713
5167429
5168653
5181813
5177543
5176673
5169358
5168455
5166177
5164273
5159713
5164273
5169313
5182473
5175849
5173945
5172345
5172065
5168615
5166337
5165905
5169355
5170955
5175515
5180555
5177105
5179383
5171529
5173129
5173409
5175313
5178763
5181041
5176001
5162841
5162561
5160961
5156401
5151361
5138201
5133881
5134161
5136065
5131781
5128316
5126736
5123736
5124846
5127124
5125612
5122396
5117836
5113636
5113141
5116129
5121772
5107856
5103536
5106434
5102570
5106434
5095634
5094854
5092226
5097266
5099696
5107346
5113226
5140162
5140942
5143570
5147770
5148550
5147326
5148166
5141542
5142796
5160508
5163640
5164894
5165444
5154644
5165444
5145686
5147534
5139680
5141540
5138408
5137858
5137655
5139701
5125785
5126241
5123109
5126241
5130561
5137185
5135325
5133279
5135557
5131237
5129389
5128933
5130445
5129191
5114181
5122035
5107025
5099171
5079413
5079210
5078660
5077406
5059694
5079452
5076554
5084408
5088968
5103978
5104181
5104731
5107863
5125575
5121015
5103303
5085591
5085794
5082662
5090516
5088238
5091136
5105052
5107492
5092482
5087922
5102886
5105514
5110074
5117928
5137686
5141550
5142100
5141605
5159317
5162449
5163229
5165875
5179791
5182231
5201989
5203213
5188249
5182165
5183419
5194219
5194422
5198286
5199798
5231046
5238636
5243196
5244420
5239860
5244420
5259430
5263990
5268190
5269770
5269446
5267006
5267330
5264432
5246720
5243588
5242334
5241784
5241581
5242421
5234567
5249577
5250072
5249232
5229474
5224614
5230698
5234148
5239008
5239288
5234728
5229688
5228088
5227808
5232848
5234072
5220912
5213262
5215540
5209456
5208232
5221392
5217942
5212180
5215630
5213352
5211448
5213352
5217672
5225322
5231084
5232684
5228364
5232924
5229474
5231378
5235662
5235786
5233140
5226740
5225516
5231916
5231484
5232708
5233140
5233016
5228732
5226828
5229474
5232786
5232583
5232786
5229474
5233758
5230542
5233440
5236656
5254368
5250084
5249589
5231877
5228979
5229474
5232606
5234848
5235751
5236387
5236067
5235611
5234519
5207583
5206003
5205723
5215131
5232843
5233123
5230783
5233123
5225473
5223043
5220043
5221852
5218954
5220064
5230864
5224984
5238144
5238424
5241640
5242510
5242186
5239944
5220704
5221496
5221952
5226272
5237072
5238164
5238714
5232834
5235686
5254926
5259786
5257938
5257388
5257108
5252788
5235076
5224276
5214868
5219428
5216530
5219428
5223748
5242988
5225276
5228588
5226542
5232422
5250134
5263294
5265340
5265835
5268113
5271113
5266793
5264945
5261813
5261357
5259845
5257985
5255939
5249315
5247037
5251357
5247493
5243173
5257089
5255185
5253281
5254721
5243921
5240456
5239961
5238521
5235209
5234417
5233637
5229077
5228621
5230061
5233373
5234165
5221005
5221785
5222565
5223357
5216957
5218397
5224277
5230157
5228309
5226073
5221803
5227887
5228343
5231793
5232113
5236313
5222397
5208481
5210061
5206213
5208491
5203451
5202912
5204512
5203720
5200408
5198968
5205592
5199712
5198872
5198092
5178334
5175346
5177206
5181070
5184535
5187387
5190603
5185563
5182347
5176263
5158551
5160793
5162641
5165773
5166229
5166353
5167865
5161781
5158331
5159585
5177297
5159585
5158715
5155499
5155219
5142059
5159771
5157493
5155684
5136444
5137284
5157042
5160492
5166576
5164767
5163657
5160805
5161344
5168994
5169318
5171364
5170110
5173575
5180199
5184469
5187685
5188777
5194657
5194937
5197835
5198038
5202598
5204407
5209447
5215887
5220157
5213717
5210405
5216285
5212015
5212855
5206975
5206135
5209447
5207543
5203259
5196859
5199505
5198281
5197849
5197973
5197849
5199753
5204037
5204469
5201823
5208223
5209447
5212897
5215175
5213575
5226735
5231775
5228325
5230229
5229949
5224909
5229469
5231069
5217909
5218189
5215911
5214007
5209447
5207847
5203287
5201383
5201103
5197653
5195375
5208535
5213575
5218135
5220039
5221639
5216599
5216879
5203719
5205997
5209447
5204407
5202807
5199357
5197453
5184293
5184013
5179453
5177175
5178651
5177175
5177378
5180690
5181800
5181248
5181045
5179935
5186019
5190339
5197989
5203751
5207201
5205977
5199893
5195573
5187923
5182161
5178711
5183571
5178711
5179935
5173727
5170739
5197675
5199271
5203831
5205085
5202085
5194435
5192587
5187337
5190787
5193775
5199983
5198729
5203289
5204885
5207885
5213135
5214983
5222633
5217823
5214835
5211385
5211061
5230301
5225741
5252677
5245027
5218091
5191155
5189559
5184999
5183745
5182149
5185137
5185461
5180211
5185461
5183613
5191263
5194251
5197251
5199099
5200353
5197365
5194365
5193573
5202981
5210571
5212083
5197119
5196624
5196827
5197322
5200634
5201186
5197874
5180162
5177822
5192786
5210498
5214782
5215321
5217661
5213461
5210473
5210149
5207341
5203891
5214691
5219011
5219803
5218285
5216773
5221093
5221643
5199179
5203449
5202669
5194815
5191827
5188839
5169599
5164739
5160539
5154331
5148123
5148579
5142936
5141496
5141040
5126076
5141040
5140060
5138836
5144716
5146296
5112696
5081448
5082672
5085480
5077890
5073330
5067450
5061807
5060227
5061007
5066650
5069638
5074102
5075620
5080180
5084380
5079820
5073612
5079255
5078163
5097403
5098495
5099045
5099325
5100435
5102244
5101404
5103682
5101873
5100763
5103615
5103335
5101057
5081817
5086617
5086067
5081797
5078945
5074661
5069018
5075226
5083080
5088960
5095168
5100028
5099708
5095388
5099588
5081876
5071076
5061668
5061988
5066548
5084260
5079940
5079401
5078851
5080075
5084935
5088385
5092705
5100355
5106439
5112201
5112077
5112201
5110297
5112943
5111719
5111287
5104887
5109171
5115571
5116003
5117227
5119131
5114847
5112201
5111998
5115310
5111998
5112201
5115651
5115775
5120575
5140333
5149741
5151253
5131495
5129686
5120278
5118766
5118642
5120451
5107291
5109569
5109289
5107385
5103935
5101657
5114817
5119857
5124417
5124697
5120137
5115097
5113497
5115097
5081497
5083401
5085001
5083097
5087657
5092697
5105857
5103579
5100129
5099849
5094809
5090249
5090529
5088929
5091207
5093111
5096561
5083401
5086713
5091753
5094183
5101833
5105681
5100641
5098211
5090561
5063625
5057745
5056653
5050029
5051253
5055573
5056665
5057505
5058141
5059011
5066326
5067106
5071390
5078980
5079260
5086850
5088710
5087918
5088198
5101358
5099758
5104028
5110652
5111191
5108751
5113611
5117061
5157395
5158995
5154725
5162375
5168459
5167920
5170818
5171138
5170682
5169902
5179310
5179630
5192790
5196990
5183074
5176990
5172670
5169670
5168090
5157290
5160422
5161202
5157890
5153690
5154146
5160026
5161466
5158001
5159441
5165321
5152161
5154789
5155569
5166369
5170233
5171073
5184989
5186589
5189029
5193229
5199853
5203165
5202845
5204749
5212269
5202861
5203653
5204877
5208093
5207890
5206910
5211194
5219048
5238806
5239009
5239559
5240813
5243945
5261657
5246647
5242087
5222329
5230183
5229633
5226501
5208789
5211791
5212115
5219969
5224239
5227047
5232690
5214978
5221186
5219746
5218492
5216214
5208360
5206456
5205202
5199952
5182240
5181370
5178154
5177874
5164714
5182426
5183296
5189504
5201816
5235416
5235092
5236346
5242226
5239010
5231156
5235716
5231432
5249144
5243264
5248514
5250418
5253634
5255912
5252912
5248352
5249606
5254166
5255762
5261012
5287948
5286694
5284846
5281858
5284858
5279608
5287258
5289106
5281456
5277608
5276012
5279000
5319334
5318782
5323642
5327092
5323960
5317560
5315656
5311372
5305288
5302156
5297296
5292976
5285326
5279564
5285648
5293298
5291858
5285234
5292754
5294658
5297970
5304594
5308794
5310234
5313366
5305846
5310130
5316530
5316962
5319608
5321512
5317312
5317436
5318660
5318024
5315782
5320102
5318878
5316974
5314328
5313425
5313301
5312869
5311645
5312869
5309419
5331883
5336203
5334691
5340899
5342411
5319947
5315627
5309419
5310643
5309419
5303335
5299015
5294155
5290705
5295025
5302675
5308437
5311887
5306125
5298475
5304559
5309419
5309216
5309768
5306456
5306659
5308239
5314119
5318679
5326269
5357517
5355999
5361642
5362422
5366622
5360742
5338278
5333718
5336706
5332242
5326599
5325819
5321619
5321299
5315419
5316399
5312535
5309637
5310891
5311215
5317299
5322339
5322663
5324905
5321917
5325133
5328031
5328234
5328514
5328638
5329430
5334230
5353988
5356840
5354992
5359552
5361361
5363170
5360318
5360194
5359914
5357016
5356813
5352253
5353765
5347681
5348176
5368372
5365156
5363347
5369227
5370739
5370863
5372909
5390621
5391601
5401009
5399429
5381717
5394877
5389837
5386621
5389051
5396701
5400549
5398119
5390469
5363533
5363409
5361505
5358859
5357635
5351235
5346951
5351991
5351559
5346519
5345265
5362977
5360735
5360411
5340653
5344493
5364251
5367149
5369009
5372873
5374721
5374397
5372537
5368697
5372441
5375657
5377257
5381817
5394977
5392699
5392419
5390515
5388915
5391193
5386633
5391673
5391953
5392793
5389343
5376183
5379633
5373193
5369881
5374151
5380031
5386471
5389783
5384743
5386647
5385807
5381537
5375657
5375937
5375734
5375182
5372904
5386064
5391104
5395664
5397264
5399542
5402992
5404896
5402466
5403258
5434506
5435058
5435928
5432478
5431686
5418526
5413966
5413416
5412546
5381298
5379394
5381824
5381544
5379944
5374904
5375107
5375657
5362497
5362217
5359001
5358131
5340419
5358131
5371291
5372161
5372441
5375657
5371457
5368457
5377865
5374025
5364617
5367617
5371457
5375657
5360693
5375657
5372207
5364687
5370567
5374017
5368137
5369391
5346927
5342607
5348487
5347233
5354753
5314419
5308335
5311785
5352119
5359769
5352119
5356439
5360183
5354303
5349443
5345993
5352077
5350853
5352077
5356937
5388185
5387393
5356145
5357015
5356145
5356937
5357487
5355057
5351745
5354175
5354378
5357690
5357487
5356937
5359937
5364137
5367977
5368985
5367761
5365115
5369385
5384349
5382071
5380167
5385207
5385999
5417247
5418117
5418667
5428075
5427067
5418373
5414103
5412057
5411933
5406893
5406573
5387333
5386079
5387333
5389763
5409003
5409283
5411329
5411649
5411154
5408814
5415022
5414698
5406844
5400636
5394993
5390793
5377633
5381833
5386103
5399263
5398983
5393103
5386479
5386047
5385508
5383908
5379638
5377396
5379674
5387528
5382488
5379272
5379148
5361436
5364244
5358160
5363803
5366045
5366540
5373164
5374256
5377108
5380324
5382664
5382988
5376588
5385282
5388180
5392740
5389524
5407236
5404338
5404135
5399575
5397766
5402806
5406022
5405898
5409114
5407305
5402745
5402542
5399644
5399364
5396466
5396669
5396793
5402877
5400069
5395799
5391515
5392010
5390918
5424518
5421302
5424154
5425963
5426087
5423235
5425044
5429604
5429807
5432705
5435603
5435883
5433031
5428231
5423911
5425135
5419051
5459385
5462835
5467695
5427361
5422501
5419051
5426701
5419051
5425135
5423911
5428231
5422588
5453836
5422588
5421718
5421168
5423598
5424390
5425260
5425810
5423380
5422885
5422093
5421223
5421718
5420464
5417656
5423299
5418439
5423299
5426107
5427361
5431631
5432501
5433941
5432501
5428231
5425099
5440109
5443241
5428231
5424781
5419921
5412271
5406187
5411047
5451381
5459031
5463351
5469435
5470659
5464897
5463673
5467123
5462803
5457763
5457483
5444323
5439283
5434723
5433123
5437683
5435779
5433501
5446661
5448939
5452389
5454293
5454573
5451123
5453401
5456851
5458755
5459035
5460635
5465195
5470235
5483395
5481117
5479213
5478933
5477333
5472773
5459613
5456163
5461203
5462803
5465935
5466571
5464329
5466571
5465668
5465032
5461900
5462803
5464403
5468603
5460953
5450153
5440745
5441065
5445625
5446405
5452048
5455036
5486284
5487802
5492362
5498242
5499822
5500146
5503596
5506584
5506864
5513072
5514976
5515256
5518154
5514938
5497226
5491142
5500550
5508140
5510000
5529240
5529560
5537210
5546618
5560534
5558630
5558350
5552707
5549809
5547961
5546152
5543164
5542625
5528709
5529029
5526041
5539201
5537621
5541821
5541501
5528341
5526829
5522629
5520387
5520063
5515023
5515562
5518550
5520359
5522207
5514617
5510057
5504177
5494769
5477057
5476737
5481537
5487180
5520780
5523588
5503830
5502021
5503830
5472582
5487592
5483032
5478712
5461000
5450200
5440792
5436522
5433714
5400114
5394471
5388263
5380409
5384679
5384359
5390567
5398421
5393621
5411333
5407013
5402453
5406773
5391809
5391314
5406278
5406773
5426531
5428043
5430285
5430409
5430285
5435325
5435649
5446449
5455857
5453517
5449317
5452449
5443041
5449125
5466837
5466057
5469273
5469825
5469622
5469070
5469273
5469149
5467245
5464599
5464167
5457767
5453483
5453607
5455511
5458157
5462441
5463665
5462441
5462873
5469273
5470785
5476993
5470785
5466465
5464953
5442489
5455649
5455929
5459145
5460015
5477727
5464567
5464287
5461071
5460201
5461425
5467509
5471829
5479479
5519813
5514953
5497241
5502101
5500877
5494793
5490473
5482823
5442489
5464953
5469273
5472723
5469273
5469070
5472382
5471830
5472033
5471481
5475681
5482305
5482857
5484761
5478137
5475005
5473565
5475005
5473101
5480621
5473101
5468901
5472033
5469225
5465385
5466255
5470525
5461117
5456917
5453917
5452663
5455663
5459503
5455233
5464641
5465136
5464266
5463771
5458128
5459568
5474532
5478732
5471082
5467632
5427298
5432158
5434966
5436220
5441863
5440423
5435563
5429479
5428255
5423935
5419075
5404111
5401123
5394915
5394591
5391141
5371901
5365461
5368593
5369049
5367449
5363129
5383325
5380193
5376728
5371868
5373308
5376758
5380622
5384822
5388287
5395937
5400797
5404109
5403653
5409533
5413803
5414643
5401483
5396443
5391883
5393731
5392131
5389279
5386381
5389233
5387793
5383593
5417193
5396997
5363397
5357517
5357314
5354002
5349142
5350122
5351634
5352426
5350578
5349066
5342858
5344458
5341008
5343286
5349910
5351956
5353816
5355328
5359648
5359368
5358576
5355126
5353222
5351176
5344552
5342692
5345590
5350630
5353060
5349196
5356846
5383782
5381504
5379074
5374034
5366384
5364106
5359906
5366346
5364834
5358954
5332018
5324368
5330808
5326488
5320404
5319180
5324040
5322440
5325890
5331652
5326612
5330932
5327482
5327202
5340362
5343674
5339114
5346764
5339114
5332674
5338758
5340358
5338080
5334630
5332726
5328456
5322576
5282242
5278930
5283200
5289080
5295520
5300080
5305120
5300260
5301100
5304550
5291390
5293668
5294892
5296796
5297076
5296236
5296360
5295928
5300212
5306612
5307044
5309690
5307044
5305140
5300856
5300732
5299508
5300732
5294332
5296236
5318700
5317188
5318700
5328108
5347866
5349675
5383275
5381466
5387674
5382874
5382750
5387070
5385558
5363094
5343336
5339016
5332808
5323400
5324912
5325036
5342748
5338464
5337914
5333594
5332802
5315090
5307500
5304188
5307500
5315090
5315629
5319913
5320463
5318951
5320463
5324783
5324244
5325036
5311876
5312156
5329868
5330738
5327522
5340682
5343898
5343028
5325316
5325036
5321904
5322107
5323361
5322107
5322387
5329977
5331837
5333437
5333234
5332684
5331430
5335750
5338738
5327938
5318530
5318850
5323410
5323734
5327184
5346424
5352632
5352137
5353361
5353911
5359995
5364315
5379325
5386975
5360039
5373199
5375103
5375383
5376983
5381543
5386583
5399743
5403943
5423701
5417261
5413061
5410621
5383685
5379845
5380165
5346565
5386899
5390349
5395209
5377497
5386905
5397705
5415417
5392953
5394207
5400087
5417799
5449047
5444187
5452041
5437077
5437572
5452536
5450956
5456599
5452329
5449521
5443313
5439863
5433983
5428340
5432540
5426660
5433100
5437420
5439229
5442694
5447554
5448778
5452978
5459186
5425586
5385252
5377602
5373282
5370280
5365720
5357866
5351280
5349471
5350989
5353267
5356255
5354737
5323489
5322265
5319277
5313634
5312854
5308654
5313514
5316964
5322726
5318166
5325816
5331900
5327700
5322840
5323620
5317536
5320668
5325228
5358828
5358036
5357712
5352672
5349456
5331744
5325660
5327902
5328226
5325984
5331024
5334864
5333264
5326824
5330664
5357600
5361800
5384264
5350664
5350344
5383944
5379384
5378592
5385032
5402744
5405596
5407196
5440796
5446880
5450345
5452154
5458594
5450944
5454160
5481096
5483536
5487736
5510200
5505880
5513734
5510269
5512709
5546309
5543879
5550087
5523151
5520711
5516511
5494047
5460447
5457595
5454130
5458690
5440978
5439466
5438486
5418290
5398094
5392214
5390702
5385662
5389510
5385670
5388100
5390908
5395178
5387324
5394974
5396554
5402434
5408077
5407527
5401319
5394879
5398329
5395899
5395107
5363859
5362989
5368029
5366220
5353060
5335348
5329468
5331514
5349226
5362386
5360340
5366220
5365725
5366220
5365668
5365465
5368777
5368980
5365668
5361108
5380348
5367188
5386946
5404658
5403866
5384626
5364868
5364028
5368312
5368851
5366573
5368085
5364635
5359595
5360387
5356937
5357489
5339777
5343227
5342688
5342408
5343248
5341736
5339832
5338232
5338782
5331192
5326908
5322588
5322038
5326358
5327876
5321252
5320757
5321252
5327876
5326784
5327876
5327673
5330985
5331188
5327876
5333960
5337410
5341730
5342954
5383288
5388148
5386924
5380840
5376520
5368870
5363108
5359658
5367308
5362448
5361656
5355032
5352754
5359378
5361282
5374442
5376882
5378742
5376696
5373564
5377834
5385688
5382790
5400502
5378038
5388838
5409034
5401384
5397919
5404127
5399927
5396063
5392613
5391173
5398488
5399328
5400924
5400604
5399004
5397144
5389554
5389274
5386934
5389274
5384414
5384738
5387366
5383526
5384750
5404497
5402649
5398785
5398235
5402435
5403659
5402147
5402603
5404463
5406509
5413133
5415411
5411091
5409243
5412375
5409243
5417097
5412827
5397817
5398453
5390863
5389351
5389675
5394235
5395747
5391187
5396227
5395903
5398343
5418101
5423981
5422121
5421665
5455265
5470275
5468679
5465677
5469997
5471845
5467645
5447887
5442007
5440753
5418289
5410769
5404889
5401439
5402279
5400419
5414335
5414011
5410147
5443747
5446555
5450825
5442971
5440531
5434888
5420972
5425292
5428190
5434398
5431086
5420286
5421798
5421006
5420467
5416183
5382583
5379775
5375455
5367865
5361781
5347865
5342222
5346086
5347946
5370410
5369630
5351918
5345710
5343082
5344930
5348794
5371258
5374156
5393914
5407830
5415480
5414370
5410100
5414370
5418930
5429730
5433570
5436198
5435766
5436546
5434686
5431788
5427228
5432871
5433303
5435163
5431713
5425833
5424609
5423769
5428809
5388475
5406187
5403951
5405551
5403951
5426415
5403951
5411805
5394093
5398893
5393853
5398123
5390269
5390145
5390269
5430603
5429003
5430095
5428583
5427491
5429091
5424821
5418941
5412317
5411778
5418402
5418941
5421177
5427057
5422857
5432265
5452023
5453832
5458032
5448624
5446815
5442015
5441223
5437857
5436345
5456541
5462421
5461441
5462233
5462357
5463869
5463745
5465257
5445499
5450539
5450259
5448355
5444905
5442627
5455787
5458065
5458345
5445185
5440145
5443595
5439035
5440939
5442539
5440939
5445499
5446369
5445499
5446049
5450513
5451305
5453735
5453185
5421937
5419507
5418715
5411065
5406505
5401255
5403103
5376167
5379155
5374595
5377595
5380583
5388233
5392553
5397413
5405063
5406287
5410607
5418257
5424019
5427469
5432329
5431105
5423455
5422201
5419213
5436925
5423765
5424635
5425889
5430449
5436533
5436761
5435507
5432507
5433761
5437609
5437329
5450489
5451239
5452463
5450867
5456117
5454269
5446619
5444771
5439521
5412585
5412865
5411269
5408281
5404831
5399971
5382259
5379259
5374939
5370079
5329745
5322095
5316011
5314787
5318003
5321453
5361787
5357467
5362717
5389653
5391249
5388033
5392593
5391723
5397807
5392045
5388595
5382511
5390161
5392009
5390149
5388103
5381479
5379201
5377297
5371213
5390971
5391174
5398824
5397312
5402562
5402106
5405238
5403390
5411244
5406924
5409202
5415826
5417872
5419732
5421244
5421700
5420182
5422030
5418898
5418774
5421214
5422468
5423980
5423777
5392529
5392326
5387766
5390196
5387298
5390196
5390748
5395788
5398228
5402428
5400828
5401668
5402892
5407212
5380276
5386716
5420316
5428170
5447928
5450930
5455490
5455693
5456243
5459375
5465459
5479375
5487229
5488069
5492339
5495804
5510814
5510611
5507965
5507415
5511975
5517855
5513991
5512767
5493009
5492577
5486177
5481893
5482017
5483921
5486567
5487791
5488223
5494623
5498907
5516619
5513991
5517855
5540319
5539539
5536893
5529243
5518443
5514579
5511681
5497765
5495325
5494101
5493261
5495070
5497968
5501832
5500252
5502880
5503660
5514460
5518324
5521222
5515342
5500332
5495772
5509688
5512128
5513352
5514192
5510880
5517320
5519966
5512112
5508248
5502605
5487595
5486371
5483743
5466031
5455231
5421631
5420377
5417245
5399533
5393093
5387213
5382943
5382103
5382653
5393453
5388413
5387777
5414713
5411725
5409877
5413717
5414497
5412985
5412145
5410241
5409017
5406577
5404341
5400071
5403203
5389287
5382887
5355951
5353053
5349189
5338389
5337609
5340237
5341491
5359203
5355339
5335592
5332127
5326247
5319807
5315607
5293143
5259543
5279301
5279504
5280054
5281308
5284440
5302152
5287142
5282582
5274728
5272919
5269079
5268529
5267275
5264143
5246431
5243803
5241363
5236803
5217045
5213913
5208663
5200809
5200029
5195829
5194575
5167639
5182649
5187209
5184779
5179739
5179189
5183053
5184653
5187785
5188565
5185433
5165675
5147963
5174899
5174119
5172643
5166019
5159579
5160074
5156762
5152492
5146612
5148088
5147593
5146501
5147593
5154217
5153377
5130913
5137121
5141441
5142953
5165417
5159209
5154889
5153377
5161027
5162251
5168335
5164885
5163661
5168521
5172841
5166757
5126423
5166757
5170207
5165347
5157697
5153377
5160001
5158097
5161409
5163313
5167513
5175033
5171901
5170461
5166261
5162949
5156325
5148805
5151937
5153377
5150065
5149862
5153174
5153377
5186977
5206735
5206859
5216267
5182667
5184179
5184055
5182246
5162488
5153080
5151568
5153377
5151135
5148003
5147367
5146464
5144864
5144584
5142306
5147346
5151906
5153506
5153709
5155613
5159063
5154503
5152599
5147559
5147356
5150668
5150948
5137788
5140066
5136616
5133304
5146464
5146008
5142876
5142420
5148300
5150204
5158058
5162342
5160830
5158970
5159294
5158502
5156456
5149832
5147554
5150770
5156650
5155870
5156150
5159366
5160236
5142524
5141684
5141048
5144264
5149907
5148098
5161258
5163162
5164758
5163162
5136226
5130976
5129128
5121478
5118490
5115490
5115946
5114098
5131810
5134088
5139338
5136026
5134586
5134383
5134586
5137484
5137764
5137888
5140786
5143216
5143996
5148856
5153056
5159264
5165144
5159264
5164514
5164390
5161538
5158322
5157452
5139740
5144010
5139450
5139170
5140262
5155272
5155148
5152250
5153504
5152250
5150346
5152786
5150140
5148916
5148484
5142084
5137800
5140036
5173636
5173760
5174192
5180400
5186043
5185763
5182547
5169387
5169511
5171320
5175880
5171596
5168380
5169472
5170022
5172874
5192114
5191619
5199473
5197664
5196554
5196274
5193996
5187788
5168548
5167998
5166906
5168715
5169825
5170105
5172383
5169531
5157219
5160027
5177739
5176485
5171925
5172381
5170941
5174391
5171583
5165375
5166599
5169245
5163365
5161925
5158613
5166467
5165675
5172075
5171619
5173059
5172189
5169057
5161742
5160962
5156678
5155160
5154380
5157845
5164053
5156199
5157711
5163354
5164794
5165664
5170474
5173462
5176270
5180540
5186748
5192391
5195523
5191323
5184699
5181387
5179483
5171963
5175275
5176067
5176847
5177303
5210903
5216783
5217215
5216891
5217683
5220995
5222435
5204723
5202445
5204723
5199473
5196257
5190377
5191157
5183303
5182979
5178659
5176755
5183379
5183703
5185563
5189883
5191731
5194863
5190579
5187681
5189727
5192579
5193419
5190431
5171191
5165548
5131948
5127678
5133762
5151474
5154690
5151240
5156280
5150072
5143988
5144312
5146554
5144312
5143988
5148272
5143232
5140016
5122304
5121809
5119763
5137475
5124315
5126361
5126856
5125876
5108164
5121324
5122304
5121765
5120165
5160499
5164819
5158195
5163055
5170705
5176789
5170909
5211243
5206973
5205749
5210609
5207159
5202299
5198849
5158515
5154195
5148111
5146887
5150337
5151561
5155831
5156923
5162803
5169427
5169966
5171566
5170474
5164390
5159530
5151880
5146118
5147342
5153426
5157746
5165396
5168846
5161196
5156876
5163500
5164592
5157968
5156876
5156381
5156876
5157512
5149862
5157512
5160728
5160296
5160728
5160092
5156876
5162756
5163848
5163353
5164793
5160929
5159081
5159951
5164151
5169011
5174654
5178119
5193083
5200733
5193083
5197283
5199561
5218801
5217709
5211829
5208931
5189173
5185333
5183473
5183149
5189357
5192489
5189024
5187584
5188694
5185842
5180982
5161742
5146778
5152421
5155409
5186657
5194247
5198807
5192599
5198479
5200339
5204179
5223937
5226835
5249299
5253163
5255011
5249251
5251060
5245417
5240482
5239932
5240256
5241836
5242116
5240307
5239197
5238917
5236639
5232439
5231569
5234421
5227981
5228821
5231057
5233497
5233621
5234053
5231245
5234461
5239501
5241743
5235659
5234679
5216967
5213751
5208711
5208387
5206145
5203013
5209097
5210189
5210513
5218367
5233377
5233927
5234422
5235202
5212738
5230450
5236093
5202493
5198223
5192580
5186372
5178518
5182788
5185596
5219196
5225404
5227834
5219140
5214820
5207170
5166836
5161976
5158526
5157302
5151218
5153454
5155302
5159166
5154126
5156404
5156684
5158588
5162038
5166308
5168212
5174612
5172376
5168106
5165828
5163980
5177140
5204076
5202172
5198308
5191908
5196948
5201508
5203108
5201508
5196948
5195044
5181884
5178434
5151498
5151218
5146898
5143898
5148218
5142134
5145134
5159050
5155585
5157165
5146365
5157165
5155585
5159050
5165134
5151218
5151094
5152606
5158814
5158938
5168346
5166537
5168346
5148588
5150100
5127636
5126124
5145882
5139674
5135354
5125946
5124434
5158034
5153234
5175698
5180018
5180221
5183533
5183330
5180018
5182458
5200170
5206254
5203252
5206384
5198734
5195518
5195194
5199058
5197834
5196994
5199622
5200402
5211202
5218792
5220652
5222252
5222572
5222292
5214702
5222352
5214702
5215158
5215938
5217378
5217930
5216121
5215797
5217051
5234763
5237409
5238189
5232309
5230869
5227557
5222517
5223309
5220093
5219301
5213217
5215459
5214679
5214223
5214547
5219587
5222803
5223783
5224063
5206351
5209249
5212699
5214139
5231851
5218691
5218411
5231571
5234559
5238009
5257249
5256469
5255629
5247979
5248849
5245384
5241520
5240080
5236630
5234770
5233170
5232850
5226970
5233178
5228908
5211196
5206996
5202136
5205352
5203012
5203215
5207079
5209977
5223893
5209977
5213442
5221092
5225952
5227761
5232321
5232601
5232804
5229906
5227466
5216666
5214038
5214362
5208154
5188914
5185926
5182476
5178612
5182812
5185710
5185990
5186114
5176706
5176386
5163226
5159026
5151376
5111042
5110490
5114690
5108250
5106996
5107120
5110336
5113188
5112318
5107458
5104008
5105262
5118422
5118742
5128150
5128430
5132990
5128670
5122586
5121362
5127446
5128670
5129894
5130734
5131574
5135844
5142284
5142836
5138988
5137734
5134602
5116890
5076556
5068906
5074786
5070466
5065906
5065703
5066253
5073903
5076333
5081373
5096383
5093485
5098045
5105899
5105619
5105495
5102279
5099427
5119185
5122037
5125253
5152189
5147149
5147352
5153112
5150682
5144598
5149458
5152908
5145054
5125296
5131058
5138708
5143028
5138468
5135018
5134815
5134265
5133041
5134850
5132608
5127748
5124436
5127748
5127545
5127748
5124748
5139712
5143552
5147752
5150752
5146552
5137144
5122180
5118340
5127748
5128858
5127748
5129652
5133922
5129652
5131556
5129708
5126258
5124022
5124302
5130702
5134152
5133872
5130008
5131608
5125208
5127486
5125582
5121734
5125598
5123998
5122094
5126654
5122094
5124330
5151266
5156306
5158154
5144994
5158154
5155876
5150836
5150712
5146428
5142228
5138388
5138820
5153784
5156784
5160624
5164824
5162920
5167204
5176612
5173612
5180012
5170604
5155640
5155208
5148808
5151454
5151578
5153482
5154706
5152060
5150836
5145586
5150836
5151616
5150836
5145193
5150836
5150341
5150465
5147477
5141834
5141054
5138156
5136902
5138156
5141288
5146088
5152296
5155148
5156957
5161517
5161720
5164618
5164898
5168114
5136866
5139764
5147618
5151818
5145938
5140295
5132705
5128145
5121937
5120033
5122841
5156441
5162084
5160504
5156656
5170572
5168142
5172702
5180292
5211540
5214528
5215508
5195750
5180786
5178977
5179101
5180613
5190021
5192919
5212677
5214486
5180886
5173236
5173112
5176952
5177447
5192411
5187371
5191219
5198869
5201299
5199787
5204827
5210470
5211250
5215450
5206042
5207622
5210622
5206422
5206142
5201872
5197602
5195698
5188178
5187639
5193282
5197552
5197057
5196187
5191917
5190663
5190111
5187303
5185863
5183055
5149455
5143812
5137604
5129750
5131654
5165254
5168062
5163202
5156578
5164432
5162992
5163531
5149615
5152603
5154412
5156260
5159158
5159438
5155238
5152340
5158548
5124948
5129218
5127409
5124421
5123629
5117986
5115178
5112046
5110198
5119606
5134570
5126716
5132476
5138916
5147610
5152545
5149329
5152545
5139385
5152545
5134833
5134553
5134833
5133963
5151675
5152545
5156865
5139153
5139692
5138900
5135588
5127998
5129510
5130302
5130854
5126534
5125984
5121700
5121161
5125445
5125995
5143707
5142195
5149785
5146335
5138685
5133825
5128063
5129287
5135371
5139691
5135371
5141133
5144583
5149443
5143359
5142135
5149785
5150217
5147571
5148795
5151441
5153345
5153469
5147069
5146637
5142353
5148753
5146849
5145625
5149909
5149785
5147139
5147459
5152499
5154545
5158815
5167509
5168517
5177211
5182971
5190561
5192073
5192568
5191788
5194434
5191122
5189868
5187626
5192561
5186801
5182531
5182207
5184485
5202197
5206517
5207067
5211351
5211890
5218330
5219122
5222434
5222231
5223011
5229095
5229419
5232635
5237675
5243435
5245677
5239593
5221881
5218665
5213625
5232865
5230587
5224379
5215685
5214677
5222531
5227331
5230139
5227331
5193731
5188088
5180234
5184504
5180234
5185877
5183831
5185085
5202797
5183557
5183237
5182742
5177702
5183910
5188950
5188670
5193230
5191630
5187070
5190520
5192120
5194398
5196302
5194398
5194678
5189638
5187360
5174200
5187360
5183910
5170750
5167438
5170750
5170953
5170750
5171245
5170750
5153038
5170750
5183910
5185956
5180076
5185956
5183910
5198874
5194674
5185266
5184396
5188596
5191596
5190156
5189661
5185821
5170857
5165997
5165205
5170065
5172873
5169873
5171127
5175397
5176267
5176762
5182405
5176762
5178202
5175394
5174140
5169870
5179278
5179828
5180620
5181490
5212738
5216578
5216028
5215158
5183910
5181480
5183910
5182050
5195210
5202860
5209484
5217134
5217566
5220782
5221418
5213768
5213336
5210896
5212800
5205150
5207590
5193674
5180514
5160756
5156486
5154582
5156442
5153226
5152590
5172348
5176618
5169994
5183910
5183590
5177710
5171270
5170718
5169608
5160914
5174074
5169139
5172355
5169367
5165097
5167995
5167215
5161572
5160732
5158302
5157510
5126262
5125392
5124842
5125122
5119362
5120880
5122480
5122800
5122520
5114930
5113070
5110792
5102938
5103778
5103902
5105762
5101562
5104694
5084936
5086516
5094106
5098666
5104546
5099986
5093546
5096534
5114246
5113266
5105676
5105956
5074708
5079028
5080876
5081746
5087389
5088169
5092369
5088919
5069679
5070519
5090277
5093727
5112967
5115245
5121869
5123915
5125775
5127287
5127743
5158991
5161331
5159751
5158911
5192511
5189061
5208819
5209275
5210787
5212647
5214693
5221317
5215109
5218007
5218131
5222691
5219839
5216623
5216499
5214690
5214370
5204962
5200402
5200199
5197301
5199110
5198830
5200639
5203771
5205619
5192459
5187649
5197057
5198569
5164969
5169239
5167430
5147672
5138264
5136752
5136628
5137180
5143620
5140722
5139122
5134922
5135125
5135405
5137683
5140899
5143751
5143427
5140439
5146319
5150639
5181887
5179457
5148209
5148759
5147967
5150397
5151267
5152059
5151189
5150639
5153855
5150405
5145545
5145265
5151349
5155669
5163319
5176479
5168829
5169109
5164789
5163565
5168425
5171875
5177637
5159925
5159055
5153293
5140133
5157845
5151761
5152985
5149769
5150639
5119391
5123855
5124405
5125275
5126067
5125517
5124647
5127077
5126285
5123855
5121951
5126991
5140151
5126991
5125391
5120351
5116901
5114623
5116901
5120351
5120071
5124631
5120071
5120351
5122255
5123855
5129105
5123462
5131316
5126066
5118212
5115934
5114824
5120467
5121577
5122357
5124635
5123855
5119585
5123869
5133277
5131429
5125221
5119578
5085978
5083170
5116770
5112486
5105171
5104301
5103665
5102825
5110140
5103932
5103152
5110742
5113550
5105696
5103418
5096794
5094748
5092888
5091376
5090920
5095190
5092058
5087738
5075426
5093138
5086930
5091490
5094388
5060788
5061568
5058760
5055908
5056778
5057414
5058254
5064462
5056872
5069184
5071614
5076654
5074845
5079165
5074605
5071707
5071427
5071303
5068087
5063817
5070217
5062363
5062043
5057483
5053163
5035451
5024651
5015243
5015563
5015360
5023010
5049946
5057800
5059609
5064169
5064372
5064652
5064449
5067665
5101265
5104117
5101265
5093615
5088575
5091005
5096045
5103899
5110107
5115750
5123400
5150336
5147906
5144690
5117754
5117474
5123682
5123558
5129201
5140001
5134358
5138628
5138752
5134192
5137000
5135191
5135971
5130211
5127565
5126785
5132545
5135191
5132293
5138377
5158124
5158000
5156488
5147080
5156488
5154679
5188279
5183479
5163721
5165530
5168428
5169940
5189698
5186482
5168770
5165872
5166367
5165872
5183584
5179300
5183584
5183708
5186924
5192174
5187614
5179964
5181812
5208748
5210344
5214904
5216158
5213170
5210170
5208322
5211322
5208334
5213584
5221234
5248170
5251158
5252754
5255754
5254500
5256348
5256120
5255370
5247720
5242470
5250120
5248272
5252832
5251578
5247018
5245422
5218486
5213236
5216224
5217478
5213630
5213754
5215658
5218304
5219528
5215244
5221644
5225928
5224024
5223900
5222676
5222244
5219598
5220030
5213630
5213833
5213630
5216942
5213630
5212030
5211750
5208534
5209404
5208534
5210134
5210673
5217297
5218389
5222659
5204947
5200677
5203107
5203231
5203663
5188653
5187561
5186721
5184281
5184157
5183725
5181295
5179059
5180151
5180991
5183227
5185667
5191547
5190455
5183831
5198841
5216553
5203393
5206609
5206889
5220049
5219510
5213630
5217470
5237228
5240126
5239802
5243666
5245514
5254922
5257922
5280386
5295350
5290790
5308502
5308997
5301143
5298155
5278915
5275783
5269575
5265375
5260815
5265015
5268855
5267415
5267091
5260467
5259972
5274936
5275431
5269788
5263580
5263256
5259806
5263118
5269742
5273942
5269742
5271182
5269278
5277132
5283340
5288983
5293783
5296591
5304111
5308381
5305069
5303209
5295689
5275931
5276426
5270342
5268742
5268462
5266558
5263108
5260830
5259230
5257370
5249780
5249500
5245636
5243788
5239468
5258708
5261840
5263094
5263644
5263847
5283605
5291459
5296019
5311029
5313307
5312083
5313091
5317361
5302351
5294701
5288939
5285489
5280629
5277731
5273987
5270147
5274347
5276207
5276531
5277785
5276531
5276211
5263051
5258011
5253451
5253771
5238807
5243847
5245893
5254587
5250739
5242885
5240455
5258167
5268967
5278375
5278695
5260983
5265543
5260503
5266587
5246829
5246279
5245025
5241893
5224181
5219981
5219201
5213558
5213355
5231067
5234283
5234607
5226957
5209245
5204925
5200365
5200045
5200501
5200704
5189904
5191380
5192220
5203020
5193612
5198652
5203212
5207532
5201448
5203690
5200702
5169454
5171794
5168578
5164308
5169168
5173368
5179576
5180556
5175696
5169488
5166680
5160800
5161124
5166164
5169380
5187092
5193176
5188136
5180546
5182788
5177988
5173788
5176920
5175340
5177244
5181444
5187087
5190075
5221323
5228913
5229237
5230017
5225457
5226437
5228017
5232577
5230335
5230011
5224131
5230215
5223815
5204068
5223815
5217731
5224131
5237291
5243171
5242191
5224479
5211319
5209273
5208778
5210824
5211319
5229031
5232496
5233720
5244520
5246424
5252824
5248504
5248380
5245380
5241915
5240691
5238045
5224129
5224253
5222673
5216589
5216157
5211873
5214519
5216099
5219099
5223419
5229503
5243419
5232619
5236903
5230503
5228599
5229031
5226795
5241805
5240329
5241805
5244235
5245327
5245451
5247687
5246847
5247279
5246187
5248627
5246187
5246063
5245631
5243201
5228191
5229031
5232163
5235628
5237068
5219356
5219032
5215816
5213188
5198178
5195936
5192471
5191031
5185388
5181188
5180318
5177186
5176406
5165606
5160356
5156492
5142576
5140136
5146220
5163932
5167148
5167472
5169714
5163630
5157006
5154108
5152062
5149784
5148272
5149868
5146652
5140772
5132918
5128634
5128310
5131208
5128310
5130938
5130098
5128874
5126970
5132010
5130150
5125110
5121246
5117781
5110131
5105271
5101821
5101041
5116051
5114455
5115325
5111005
5109157
5106025
5105569
5104129
5099929
5104199
5108399
5119199
5123063
5125961
5139877
5140429
5146869
5152749
5158392
5159232
5161878
5162658
5163498
5164722
5167162
5161282
5154842
5141682
5142462
5124750
5124198
5116344
5129504
5123744
5127608
5129208
5132340
5138100
5135822
5134982
5135762
5128447
5136301
5137141
5132871
5132031
5152227
5159542
5156896
5136700
5146108
5145984
5179584
5170176
5168664
5170176
5170300
5170580
5170085
5163461
5162369
5180081
5180951
5184167
5171007
5137407
5139216
5137407
5119695
5118825
5115609
5135367
5135087
5141711
5142803
5143298
5156458
5136700
5156447
5136700
5130300
5124216
5130616
5136700
5137480
5143123
5148373
5142730
5141950
5136700
5135100
5128476
5129568
5123688
5105976
5105106
5101890
5101610
5114770
5101610
5102480
5120192
5126072
5132696
5131604
5133204
5128934
5129214
5128675
5132945
5136161
5136700
5136903
5136700
5137252
5133940
5133100
5140954
5136634
5136084
5140404
5142252
5162010
5165142
5166654
5168700
5174908
5181532
5177212
5192222
5196782
5197238
5179526
5175326
5172110
5172605
5169977
5184987
5182745
5188829
5188505
5190783
5196426
5196629
5191589
5187725
5176925
5179553
5159795
5179991
5213591
5212337
5215469
5213621
5210489
5210033
5217887
5216375
5216925
5214879
5212601
5218809
5224452
5258052
5275764
5260754
5256194
5249570
5256885
5255025
5269989
5277843
5276619
5274179
5274382
5277694
5269840
5272180
5294644
5293864
5299114
5300338
5295778
5280768
5266852
5284564
5302276
5304518
5307650
5322660
5323914
5321016
5321566
5321769
5341527
5349381
5353941
5334183
5338743
5335845
5339061
5358819
5359022
5359572
5360826
5363958
5381670
5378668
5383708
5377624
5362660
5362165
5365063
5347351
5346801
5329089
5327835
5327285
5327082
5307324
5299470
5294910
5291778
5292102
5291899
5281099
5267183
5263319
5262095
5263675
5245963
5242099
5246659
5239069
5243389
5243941
5251531
5253043
5252263
5246620
5243632
5245972
5243632
5212384
5204794
5200234
5199254
5197674
5200482
5204682
5208952
5202744
5200304
5197172
5194526
5191214
5190422
5221670
5229260
5211548
5211009
5206725
5203593
5202339
5201789
5201586
5207466
5203196
5200388
5166788
5161145
5153291
5154803
5157791
5158571
5152363
5144509
5148779
5151587
5159441
5125841
5126681
5124251
5123471
5124311
5125535
5127975
5141891
5145755
5156555
5153927
5154707
5153867
5157731
5152088
5159942
5162840
5155190
5160833
5158025
5156513
5157305
5157844
5162128
5162678
5161166
5163026
5180738
5172884
5168614
5173654
5174908
5177338
5184988
5187634
5214570
5187634
5182594
5178274
5179786
5202250
5200738
5178274
5182594
5188802
5182594
5173186
5174698
5172889
5173681
5140081
5120323
5100127
5120323
5121835
5131243
5131367
5125487
5159087
5157575
5159384
5159260
5179018
5178226
5176714
5182594
5183386
5180956
5212204
5211334
5210784
5206320
5200236
5180489
5174089
5180173
5199920
5206320
5205528
5207958
5208508
5209378
5203170
5200892
5204204
5204996
5205452
5202806
5204654
5198894
5198114
5201012
5204144
5208464
5205566
5204342
5210222
5209766
5208254
5206394
5204348
5197724
5200576
5201356
5199508
5204758
5209028
5210540
5211320
5213966
5219726
5218472
5219726
5214476
5212136
5189672
5190128
5182274
5184614
5189474
5186342
5208806
5202598
5204110
5211700
5212252
5213476
5213196
5230908
5235192
5235742
5240062
5238550
5236272
5237064
5217824
5218363
5222563
5216920
5223128
5205416
5204546
5201330
5201050
5196190
5183030
5182478
5176598
5175806
5175267
5170983
5170433
5166113
5165003
5163485
5159285
5141573
5137253
5145107
5147385
5147665
5149943
5154753
5162068
5162618
5163710
5164580
5168850
5173170
5172390
5172822
5170014
5168205
5169645
5175525
5175069
5169189
5163309
5162529
5161089
5157777
5154465
5153673
5156481
5155041
5150771
5153623
5152831
5159455
5161501
5163361
5171215
5177423
5183066
5184176
5217776
5219376
5220168
5221071
5220615
5254215
5255655
5257464
5263344
5269968
5268876
5275316
5274766
5275222
5276002
5279314
5274514
5271662
5270438
5270314
5267668
5270314
5272218
5267934
5266030
5266462
5270746
5277146
5276714
5277938
5271538
5271662
5294126
5288246
5284502
5292022
5293276
5299156
5302606
5296726
5289206
5285756
5286736
5285482
5282350
5285482
5286032
5283134
5285574
5283670
5284540
5288860
5266396
5262196
5259756
5260848
5233912
5234344
5241659
5245929
5236521
5233389
5241243
5241563
5246123
5242283
5227273
5226817
5240733
5237733
5233533
5236385
5225585
5232209
5236529
5254241
5265041
5274449
5272640
5274449
5308049
5330513
5334713
5301113
5294673
5292864
5289399
5293239
5298999
5305439
5304329
5303105
5300827
5297362
5301202
5299354
5302819
5309259
5317953
5322888
5349824
5335908
5338348
5336539
5333551
5313804
5317269
5319078
5325518
5330318
5352782
5356982
5355386
5352488
5358888
5359168
5361446
5355006
5321406
5298942
5306592
5306053
5298403
5294203
5291351
5291071
5310818
5309726
5311535
5312645
5310205
5283269
5279429
5264465
5245225
5243416
5242866
5236466
5237369
5264305
5264629
5266871
5260787
5243075
5239859
5234819
5239859
5239535
5240759
5263223
5257343
5259683
5262581
5267831
5265589
5264365
5267581
5273665
5279749
5266589
5258999
5257419
5256639
5250996
5268708
5265720
5269920
5238672
5233422
5230524
5230321
5229769
5242929
5220465
5216265
5212065
5209725
5205525
5199317
5193437
5195341
5195621
5198519
5200367
5203355
5203894
5197810
5197490
5192930
5186490
5182650
5184459
5175051
5170491
5155527
5155247
5149367
5168607
5171919
5178359
5184239
5179379
5180219
5179379
5175059
5174507
5156795
5152525
5156795
5157227
5150827
5155111
5155314
5158626
5158423
5158547
5158115
5153831
5155735
5154511
5151865
5149961
5152607
5149295
5149171
5155571
5156795
5163419
5155769
5157673
5159533
5173449
5193207
5197477
5205127
5198503
5196599
5183439
5181579
5167663
5147905
5143635
5146075
5143635
5156795
5150915
5137755
5132112
5114400
5119650
5125293
5127339
5126844
5121594
5122374
5140086
5153246
5154226
5154721
5153941
5151895
5147695
5162659
5166499
5169499
5173699
5164291
5160451
5157451
5166859
5151895
5169607
5171843
5177605
5195317
5196187
5199403
5199683
5212843
5232601
5234113
5229073
5228949
5221095
5216895
5216771
5215259
5205851
5203615
5163281
5172689
5174289
5179329
5177729
5177853
5200317
5198508
5195376
5161776
5144064
5124306
5128506
5136360
5135490
5122330
5122454
5127254
5112244
5115376
5092912
5094721
5077009
5073793
5073513
5088523
5097931
5112895
5108695
5105695
5101855
5086891
5077483
5081683
5085523
5088523
5089018
5095642
5094550
5087926
5087431
5088523
5089777
5093641
5104441
5108711
5115335
5115015
5115795
5129711
5132151
5129523
5126877
5128317
5133177
5137497
5128089
5132359
5132854
5133724
5141039
5141942
5144840
5145680
5141480
5128320
5129190
5131818
5133666
5132442
5125127
5124257
5119987
5115667
5115235
5107381
5113024
5113227
5113777
5115031
5118163
5135875
5120865
5121297
5129151
5126019
5130579
5145589
5144809
5134009
5130145
5132953
5130055
5116139
5113699
5112859
5095147
5098987
5093344
5113102
5116000
5138464
5137594
5143354
5142451
5141671
5138455
5138175
5125015
5127661
5131525
5113813
5086877
5089775
5123375
5125184
5144942
5154350
5152541
5147981
5147778
5144880
5144600
5122136
5125034
5126894
5123678
5131532
5158468
5153428
5150998
5150674
5148814
5144974
5125216
5122318
5129968
5126104
5126428
5127940
5120290
5117392
5114540
5116349
5120909
5121112
5119264
5121694
5126734
5127514
5127390
5127514
5122954
5142712
5143966
5136112
5137692
5142012
5148096
5162012
5195612
5189969
5192821
5196286
5199286
5206876
5208476
5202268
5197018
5194120
5191780
5169316
5168092
5134492
5145292
5149562
5183162
5182182
5176422
5170214
5165944
5163136
5129536
5123893
5117685
5115825
5115505
5113905
5106315
5106035
5106355
5098501
5097247
5098847
5105287
5110930
5106610
5111860
5114668
5137132
5137412
5145266
5146490
5126732
5126529
5125979
5124725
5125181
5125961
5126753
5130065
5131505
5137385
5136929
5136149
5135357
5134805
5133365
5135705
5134265
5139305
5131451
5132675
5135527
5138743
5138867
5141765
5138957
5141855
5149445
5151305
5151585
5157793
5161633
5158501
5157631
5154733
5148109
5144644
5140374
5117910
5116398
5120718
5127118
5120718
5140465
5120718
5126802
5120718
5100960
5097510
5116750
5097510
5117268
5118108
5117268
5120718
5122230
5123210
5103014
5102222
5101242
5099642
5093202
5090350
5093716
5092204
5092996
5094596
5093486
5073290
5078090
5080942
5047342
5043478
5034784
5032936
5039376
5039656
5041560
5026596
5027688
5023418
5030042
5030581
5032181
5009717
5008847
5004527
5010407
5006567
5008163
5010011
5003387
4995737
4987883
4987388
4996796
4963196
4956756
4974468
4972659
4975557
4977366
4980354
4980893
4994809
4990489
5001289
5000857
4999954
5002852
5007122
4984658
4982318
4978048
4972798
4971574
4976824
5003760
5006100
5028564
5029788
5002852
4993444
4990546
4991800
4984485
4982045
4980791
4985351
4982543
4983635
4985975
4983635
4988675
4991105
4998755
4993715
4991285
4991605
4988140
4992460
4988260
4984412
4985924
4976516
4974707
4941107
4941231
4949085
4955293
4960936
4956376
4956056
4949848
4983448
4985257
4951657
4946014
4946338
4964050
4957842
4949988
4969746
4979154
4977642
4955178
4935420
4943274
4958284
4991884
4992316
4989886
4990436
4994706
4995609
4998461
4996949
4999227
4999507
4999383
5018623
5025938
5026808
5033432
5022632
5004920
5009190
5013510
5016318
5017428
5013108
5014917
5015787
5016282
5012012
5007152
5008592
5002949
5005757
5007011
5006516
5003708
5008568
5007128
5016536
5020806
5016966
5012766
5009766
4994802
4985394
4989594
4992594
4996434
5011398
5017041
5015787
5014917
5015757
5013327
5011091
5011215
5026225
5028655
5028223
5029315
5026875
5029315
5029747
5028907
5027815
5012805
5012681
5014917
5021541
5022036
5015412
5014320
5013825
5010513
5010310
5013622
5013825
5014917
5021001
5027401
5047148
5040748
5021001
5014917
5017769
5024209
5021357
5019757
5013317
5046917
5013317
5014917
5019117
5019397
5041861
5036611
5030527
5029747
5025463
5019063
5022279
5021847
5019201
5017297
5017173
5019415
5013655
5018215
5020555
5019331
5019534
5015334
5007480
5010332
5016416
5020280
5017064
5014212
5016021
5018667
5014803
5015583
5015151
5018049
5018173
5016733
5018542
5016496
5013046
5017606
5023366
5023569
5020923
5024139
5024979
5028444
5031576
5038016
5043896
5048166
5044701
5038821
5035509
5038821
5034551
5016839
5015999
5012783
5012907
5006467
5006747
5004938
5004735
5007633
5007353
5002793
5007653
5002613
5002118
5001798
4998946
4995730
4995606
4976366
4974557
4969997
4969794
4966896
4966616
4963718
4959398
4961738
4961614
4962868
4959004
4957404
4954272
4953492
4951152
4948254
4965966
4958316
4961532
4960422
4959519
4963839
4962615
4940151
4935881
4935011
4927696
4928020
4921396
4929250
4929682
4933952
4934822
4942137
4943040
4949664
4950918
4956168
4960032
4961632
4962412
4962736
4962412
4961158
4958260
4956018
4950978
4950654
4956738
4974450
4972208
4973318
4976170
4971310
4972750
4976200
4979416
4982314
4980036
4985076
4980036
4962324
4956240
4958482
4963522
4960306
4963204
4970854
4972078
4967808
4959114
4962246
4961238
4988174
4989770
4986770
4979120
4973870
4970870
4972124
4970276
4974836
4976432
4973444
4974698
4977698
4982948
4984796
4992446
4990598
4993586
4992332
4987772
4986176
4959240
4956252
4960100
4952450
4957700
4962260
4969910
4964660
4963064
4936128
4931568
4933416
4936416
4939404
4938150
4932900
4917890
4917050
4919286
4920126
4921218
4936228
4933798
4931562
4937205
4939645
4938865
4936425
4936301
4935209
4935333
4935765
4935333
4929690
4932120
4932900
4938150
4920438
4919943
4917897
4904737
4906783
4900903
4914063
4931775
4937655
4938150
4945670
4941470
4939566
4938126
4934814
4936254
4942878
4935358
4938670
4932046
4933950
4937082
4933950
4938150
4938645
4937133
4943757
4939437
4945645
4939437
4961901
4963413
4967733
4967238
4960614
4959522
4937058
4938150
4931750
4912003
4918087
4912003
4931750
4938150
4930560
4926720
4934310
4939350
4943670
4947510
4942470
4938150
4938942
4959138
4938942
4937430
4936638
4930758
4932270
4938150
4924990
4924710
4906998
4904720
4902860
4901012
4897880
4897010
4894964
4889924
4896324
4894082
4893758
4893302
4890086
4907798
4908122
4911338
4904714
4912304
4911872
4917956
4913396
4909556
4907696
4907372
4903102
4896478
4909638
4903014
4885302
4880982
4880858
4878954
4876308
4875084
4874652
4873140
4866740
4862456
4864316
4865756
4872380
4867130
4869176
4871454
4867134
4880294
4880574
4883790
4884660
4891284
4890964
4889104
4887504
4889104
4884834
4883316
4883036
4883356
4883636
4880828
4861070
4862930
4864442
4864898
4862000
4859660
4837196
4845050
4843826
4849076
4851974
4854314
4856556
4879020
4880244
4880794
4885834
4903546
4900330
4894246
4898566
4900414
4903546
4904986
4902088
4897818
4893954
4895802
4896672
4930272
4935915
4943230
4944133
4950757
4951213
4957421
4957853
4962123
4947159
4939305
4931451
4930956
4935276
4938408
4941216
4945536
4911936
4916206
4918066
4920112
4926736
4929014
4924694
4922846
4921334
4918202
4917746
4915886
4913840
4928804
4926526
4927021
4921378
4922890
4930744
4924536
4924412
4924692
4924816
4928032
4927162
4926959
4925447
4916039
4918937
4899179
4894379
4892779
4892240
4886360
4885268
4883459
4881611
4879802
4880005
4872690
4874499
4873596
4875196
4879756
4873132
4880986
4858522
4864402
4864941
4869211
4870303
4867451
4864235
4867087
4866807
4863909
4863785
4883543
4892951
4892827
4891018
4857418
4857542
4859054
4857542
4848134
4849943
4830185
4834985
4835480
4835024
4837364
4835888
4833548
4833053
4832850
4834326
4835166
4845966
4846422
4846625
4835825
4834985
4835188
4834985
4835537
4832225
4829225
4828675
4831105
4831897
4863145
4859305
4859855
4860725
4856525
4855655
4854863
4852433
4837469
4828061
4796813
4800653
4815617
4825025
4829225
4832225
4838849
4843049
4843829
4849472
4871936
4898872
4900452
4902882
4903862
4908422
4916012
4947260
4950248
4957898
4955468
4953226
4926290
4932498
4938141
4932891
4933794
4967394
4964496
4962156
4939692
4938468
4943718
4946616
4948956
4951764
4944114
4951429
4947109
4943893
4947025
4940625
4920878
4914794
4906940
4900732
4895089
4899359
4902809
4903649
4881185
4889039
4887527
4881319
4882543
4902301
4897261
4898041
4900687
4906447
4905667
4903021
4897261
4896937
4891897
4909609
4912825
4917865
4918189
4920431
4939671
4945755
4944963
4942533
4943973
4947438
4947006
4929294
4928755
4929294
4928744
4922660
4918460
4918136
4913576
4905986
4904474
4900154
4904474
4905024
4909308
4914348
4932060
4931508
4932060
4932852
4934364
4941954
4937670
4943313
4944183
4926471
4923006
4926138
4933992
4936422
4932152
4924837
4923934
4917310
4917742
4909888
4914208
4918478
4919348
4918478
4923518
4919198
4914928
4913488
4907845
4904713
4871113
4870243
4843307
4835657
4830617
4834465
4842115
4839307
4839183
4840992
4841116
4850524
4855324
4821724
4812316
4792558
4790749
4789273
4790749
4789237
4790749
4810507
4809637
4803994
4800529
4797397
4795957
4796749
4797299
4794869
4795739
4801947
4794357
4791045
4822293
4823805
4823255
4840967
4841759
4849349
4848557
4851869
4850999
4853429
4822181
4804469
4803919
4807369
4807693
4810681
4811231
4809719
4814003
4818323
4814003
4833243
4833782
4833243
4828959
4828167
4827375
4827925
4827375
4826505
4822041
4819611
4822041
4822911
4823703
4828167
4823127
4821081
4816811
4808117
4807109
4804831
4813525
4812975
4813470
4813267
4818307
4820353
4824623
4824943
4829263
4833103
4827853
4830751
4836001
4834777
4812313
4809973
4807075
4812955
4832195
4836515
4840785
4848375
4870839
4878693
4877439
4874223
4856511
4859409
4865052
4863452
4862913
4856289
4848435
4845537
4841267
4835387
4838285
4839881
4838789
4843829
4858839
4858519
4858239
4859247
4861525
4861401
4867609
4864757
4857442
4866850
4884562
4888882
4893442
4893762
4892892
4888622
4885490
4889690
4900490
4902830
4903670
4900358
4893918
4888038
4886784
4888038
4887198
4885389
4881119
4898831
4896491
4893593
4886969
4886066
4889198
4890452
4891002
4890022
4890225
4909983
4903775
4899215
4894655
4902509
4882751
4867741
4872601
4876871
4879211
4879008
4883568
4884822
4889382
4896006
4896909
4904224
4905094
4900774
4900342
4901938
4904938
4931874
4924020
4925868
4931118
4934106
4937418
4938198
4943448
4938588
4934388
4942038
4949688
4942038
4922798
4924022
4924454
4923959
4930399
4936279
4937059
4942702
4941922
4936279
4941529
4936279
4940119
4935079
4930759
4926919
4928437
4933477
4937797
4930207
4929655
4932967
4933170
4932967
4935013
4927698
4929558
4928718
4934926
4942446
4940598
4942502
4939604
4934354
4935578
4948738
4966450
4969258
4970238
4978092
4981404
4987047
4984707
4985202
4991826
4977910
4979350
4981790
4986060
4983162
4979298
4968498
4948302
4940987
4948841
4949681
4953881
4953101
4973297
4980612
4978272
4980612
4976342
4979474
4979906
4984226
4988496
4985868
4978014
4997772
4993502
4995780
5018244
5020584
5023482
5021042
5007882
5007602
4974002
4996466
4999916
5002256
5007506
5021422
5025692
5019068
5016260
5008610
5009834
5007930
5000076
5002974
4996766
4996642
4999288
4979530
4965614
4963754
4997354
4974890
4973666
4978916
4982132
4982256
4983036
4983316
4983519
4988079
4989888
4987036
4983820
4978060
4975414
4974634
4980394
4983292
4982860
4977217
4972947
4974547
4979107
4984147
4997307
4995498
4988874
4996728
4998308
5004188
5008748
5007845
5003575
5002705
5005557
5036805
5039793
5034150
5031914
5028926
5031168
5034020
5033240
5034464
5035304
5030744
5031024
5029428
5032056
5033656
5027572
5019922
5004912
5006760
5009200
5023116
5026014
5025174
5024971
5020651
5024515
5035315
5036095
5031895
5000647
5008237
5007805
4980869
4986953
4988857
5006569
4998979
4999882
5006506
5009638
5006506
5002236
5005452
5000892
4999032
5004072
5004396
5019406
5021002
5003290
5016450
5010050
5006834
5014149
5013825
5015729
5007875
5003315
4998275
4996695
5000895
5001675
5007318
5009946
5008966
5006526
5005302
5012952
5019576
5020446
5016582
5013684
5011442
5012918
5011014
5014230
5011014
5009502
5005182
4998974
5021438
5025638
5029958
5036166
5042046
5042826
5074074
5081664
5083176
5087736
5089316
5066852
5067132
5066262
5083974
5084844
5098004
5100992
5106635
5106355
5093195
5075483
5074988
5061828
5067708
5068203
5085915
5068203
5066157
5068203
5067223
5080383
5060625
5070033
5068224
5069736
5064936
5069736
5089494
5080086
5078574
5078450
5080259
5080383
5086467
5106214
5112614
5132810
5105874
5113189
5113313
5113593
5116491
5127291
5127494
5132054
5133863
5133324
5130426
5131266
5131816
5136136
5139138
5142603
5146873
5143975
5130059
5124809
5128025
5114109
5121963
5127003
5123871
5106159
5104350
5110434
5107446
5104818
5109378
5105058
5104626
5096772
5098026
5101158
5118870
5119073
5138831
5146685
5139370
5119174
5127028
5146786
5149638
5145774
5146998
5142728
5144576
5147474
5147754
5149658
5150498
5151722
5154162
5168078
5170976
5174840
5179400
5190200
5190980
5193608
5192768
5191256
5191688
5194118
5191472
5187608
5186384
5188193
5203203
5206191
5207771
5206901
5199586
5197146
5194806
5193582
5198832
5197252
5196349
5195569
5192104
5195002
5197342
5190718
5198572
5221036
5198572
5187772
5192092
5184238
5185108
5188108
5188647
5196297
5195841
5194587
5187963
5181755
5176112
5183966
5191820
5196380
5211390
5210550
5216193
5233905
5267505
5270637
5266077
5258223
5260071
5264391
5244633
5245089
5227377
5219523
5222331
5219991
5197527
5163927
5167059
5168313
5165181
5162181
5160669
5158809
5154489
5153265
5150133
5132421
5127171
5124893
5131517
5132067
5117057
5117260
5103344
5123102
5129310
5127264
5128776
5129679
5129129
5129679
5122029
5119599
5114559
5141495
5142749
5145881
5135081
5148997
5166709
5165455
5160895
5153041
5133283
5133003
5131099
5145015
5144812
5144262
5144465
5141567
5126557
5133872
5132024
5133884
5127800
5127597
5129643
5136267
5128413
5123853
5123650
5123100
5125378
5121058
5119210
5116078
5111808
5110554
5095544
5075786
5072888
5070080
5074350
5047414
5043144
5047414
5051974
5053822
5058022
5056118
5058354
5064754
5062518
5056118
5052254
5056118
5054270
5081206
5081530
5083434
5070274
5065234
5078394
5080672
5076112
5074512
5072234
5068784
5072234
5074138
5075738
5080778
5078874
5083434
5083154
5083434
5081625
5081501
5086301
5076893
5057135
5055623
5057135
5052335
5072093
5073902
5074026
5083434
5084070
5084973
5088105
5090347
5086507
5092150
5095990
5101030
5106280
5107060
5102020
5097700
5105290
5097700
5092450
5091670
5086027
5090347
5109587
5111865
5112145
5113255
5120845
5125129
5126938
5125846
5145604
5142752
5143184
5138324
5139194
5142182
5173430
5181020
5185580
5185030
5204270
5201992
5202832
5205684
5199804
5199680
5205560
5199352
5194542
5195796
5203111
5206561
5209413
5197101
5195847
5195007
5187692
5167934
5164484
5163692
5144452
5149702
5157352
5158192
5164632
5160312
5158464
5155332
5154876
5149233
5143983
5138733
5136873
5132673
5131893
5126250
5123262
5092014
5084424
5079864
5073984
5072472
5073024
5077224
5076444
5074864
5080744
5085014
5085854
5091497
5088185
5082305
5081465
5073875
5069591
5067545
5065267
5070910
5083222
5089430
5085230
5078790
5079570
5081150
5074526
5080406
5079770
5083970
5082746
5083526
5088776
5088320
5081005
5082229
5083009
5082229
5083099
5081659
5075779
5074987
5074207
5079457
5081797
5081341
5078029
5082299
5086619
5087051
5093259
5088939
5088507
5080653
5077341
5073071
5050607
5048267
5045369
5067833
5068469
5067677
5066807
5060183
5059280
5060150
5068004
5073884
5075324
5069444
5068664
5069214
5070306
5069466
5082626
5082906
5086122
5086992
5104704
5098496
5096066
5095634
5089874
5087638
5086798
5085706
5070696
5074896
5079756
5079476
5077667
5075227
5076007
5074897
5072251
5073043
5073823
5081138
5080358
5086118
5089430
5096054
5103369
5106015
5106471
5105031
5107929
5103659
5102789
5103692
5100380
5103692
5103489
5103692
5099852
5109260
5105060
5090096
5105060
5108900
5111900
5108900
5115300
5109216
5115300
5108900
5099492
5103692
5083945
5103692
5108252
5107472
5104484
5112074
5143322
5144902
5150545
5119297
5125177
5117587
5113387
5107507
5105927
5110127
5110907
5113895
5108252
5103692
5113100
5108900
5105900
5102060
5092652
5095652
5110616
5114456
5099492
5103692
5108012
5104172
5111762
5116802
5120642
5119124
5114084
5109764
5114624
5108981
5110421
5113229
5112734
5109926
5110796
5106526
5101666
5100412
5100907
5100037
5104307
5105561
5104121
5109764
5109484
5111084
5111364
5109460
5111364
5114814
5127974
5125696
5122246
5120646
5125686
5127964
5114804
5119364
5114324
5109764
5078516
5077724
5075294
5081174
5078834
5098592
5101490
5105690
5105814
5128278
5133318
5134918
5152630
5150782
5173246
5172376
5176216
5193928
5190064
5188954
5185738
5168026
5161942
5166982
5165173
5167409
5169651
5171511
5171835
5184995
5185275
5188491
5189361
5191701
5169237
5166339
5146581
5144772
5141874
5140026
5139746
5142644
5145542
5142554
5144363
5144902
5145226
5148214
5162130
5164034
5181746
5182026
5181487
5167571
5170469
5168609
5168285
5170133
5173997
5179759
5182975
5179135
5185219
5170255
5169760
5184724
5185219
5187067
5184169
5182265
5179367
5184407
5183504
5201216
5198408
5164808
5159165
5152957
5145103
5149373
5152181
5185781
5181461
5181029
5173175
5170277
5167937
5145473
5141203
5139979
5139855
5124845
5127185
5132828
5139036
5136606
5136174
5133734
5131498
5130658
5129566
5134816
5142670
5145886
5147110
5142840
5150694
5143379
5144282
5151597
5152467
5156737
5161057
5161489
5156449
5156125
5162209
5159967
5166591
5164313
5145073
5142221
5141671
5141391
5139149
5142047
5164511
5157887
5156795
5164649
5164099
5166341
5161091
5143379
5140163
5135123
5134799
5135123
5129039
5128169
5129261
5122637
5116757
5115665
5115126
5113526
5119406
5115136
5116736
5117275
5123899
5128169
5122085
5117885
5117453
5109803
5108933
5116248
5119100
5099353
5092953
5085638
5089838
5086986
5092236
5099886
5100756
5107156
5126903
5132987
5127737
5128169
5127619
5127080
5109368
5103160
5100172
5080932
5079420
5076288
5071968
5067684
5067360
5070492
5067042
5066250
5058660
5059210
5058658
5062108
5062432
5065744
5073334
5091046
5092558
5093097
5097381
5101701
5107909
5127149
5130137
5130929
5131424
5125544
5107832
5094672
5095652
5095157
5112869
5114915
5112869
5126029
5129245
5126029
5139189
5140059
5139189
5139469
5157181
5156901
5139189
5126029
5119405
5116093
5114189
5106669
5091705
5096025
5086617
5084277
5089317
5093637
5106797
5107667
5114982
5115885
5093421
5088621
5108379
5105481
5107921
5109781
5123697
5127967
5132237
5128037
5123717
5130341
5125781
5124878
5120558
5126766
5128278
5127958
5123398
5125828
5133478
5135382
5149298
5152196
5156060
5166860
5168336
5162252
5144540
5141324
5136284
5135960
5138400
5139624
5140464
5162928
5170578
5165328
5161128
5165592
5173182
5168622
5173182
5174762
5189772
5194332
5202186
5201406
5198760
5204403
5198643
5167395
5159805
5149005
5143362
5142582
5140986
5136786
5134446
5136786
5127378
5133258
5134038
5138238
5136658
5123498
5127698
5128248
5129502
5142662
5140802
5133212
5132932
5127682
5124682
5121694
5114044
5112196
5085260
5083664
5080676
5076116
5074862
5074542
5072942
5092700
5095688
5089808
5096432
5092584
5110296
5108448
5093438
5092184
5093438
5096570
5094130
5091700
5091150
5090280
5089026
5087772
5084640
5066928
5086686
5090136
5109376
5095460
5092562
5088698
5077898
5077118
5074490
5069930
5062076
5042318
5043098
5037848
5020136
5014493
5010223
5007415
4973815
4968172
4961964
4954110
4959360
4959816
4962714
4985178
4986402
4985178
4984338
4983843
4976193
4971153
4998089
4998292
5000920
5003260
4998990
4999830
5003142
5001333
4981575
4972167
4970655
4970531
4962677
4959545
4964795
4965575
4965143
4965575
4964321
4961333
4953683
4952813
4945498
4941298
4938298
4936858
4933018
4926394
4934248
4931248
4931372
4964972
4974380
4975892
4976872
4976416
4975636
4974844
4971532
4970092
4964212
4962988
4962785
4964225
4959365
4957925
4959734
4965377
4966157
4963915
4983673
4956737
4957529
4954721
4950451
4948851
4946573
4938719
4939829
4939049
4944929
4943819
4946097
4932937
4934517
4934237
4947397
4945119
4940079
4936629
4934725
4939285
4940885
4941165
4936605
4933293
4938333
4938130
4940034
4940237
4947827
4979075
4982063
4987706
4988486
4986906
4981026
4949778
4945218
4942230
4945542
4949742
4944099
4946377
4942177
4950031
4953481
4958041
4950451
4951243
4954555
4954005
4953466
4935754
4931470
4930678
4948390
4949902
4950441
4958031
4962315
4960803
4960251
4952661
4953211
4957531
4953211
4959611
4979358
4973274
4966874
4965782
4966874
4973498
4979582
4980077
4979582
4972958
4953211
4958251
4965841
4970161
4974001
4973221
4969381
4965061
4960021
4954378
4949128
4954378
4955158
4960801
4953211
4960526
4961396
4958544
4963794
4969044
4969824
4975467
4969824
4964574
4963704
4958454
4950804
4951236
4950804
4946604
4939289
4943489
4951139
4950359
4953211
4957075
4956580
4953364
4949080
4944810
4945360
4946452
4948052
4955906
4962530
4964960
4967588
4970720
4990467
4987569
4988349
4984485
4982885
4979753
4978973
4978103
4960391
4957493
4956653
4950773
4955813
4957037
4954697
4953473
4956689
4951649
4959299
4962197
4959299
4952859
4947609
4948161
4954601
4954477
4952965
4954561
4969571
4947107
4945511
4936103
4938955
4965891
4970931
4968501
4969404
4973724
4977994
4978864
4986179
4985859
4981299
4966289
4946531
4919595
4901883
4900791
4900241
4900565
4905815
4904912
4897597
4894745
4875505
4873227
4872947
4871837
4873646
4879730
4897442
4893172
4915636
4918534
4917280
4918534
4910680
4910248
4905928
4907152
4909492
4909168
4910278
4908469
4908749
4904429
4893629
4884221
4879421
4880057
4885097
4918697
4929497
4935377
4953089
4958969
4963239
4964079
4962270
4961718
4963996
4983236
4977152
4959440
4956224
4958466
4956224
4949600
4941950
4942382
4937342
4924182
4928452
4928172
4928452
4946164
4947034
4950250
4947034
4945434
4946526
4945987
4952611
4953150
4954750
4950480
4932768
4931898
4926018
4924926
4938086
4943966
4937342
4941182
4936862
4933022
4927982
4929500
4921910
4926230
4931270
4912030
4908898
4912030
4908580
4927820
4926980
4927820
4947578
4951028
4931270
4936310
4940870
4942470
4942750
4944654
4948104
4950382
4963542
4961264
4957814
4953254
4951654
4951374
4949470
4936310
4931270
4937354
4930954
4911207
4905123
4911523
4931270
4933118
4928654
4921064
4923404
4917524
4919333
4922321
4922860
4915545
4881945
4883199
4886187
4917435
4925025
4929585
4924335
4925315
4926895
4925641
4932956
4928686
4925698
4926568
4920925
4920493
4916223
4919121
4921025
4921305
4927929
4923369
4923801
4928121
4935975
4935105
4939375
4931521
4945437
4939353
4947207
4940583
4939680
4935480
4934700
4935603
4934023
4936453
4937707
4940515
4944785
4967249
4959395
4960619
4963835
4957627
4958407
4957183
4960035
4957137
4934673
4940316
4937976
4944184
4948384
4947130
4949470
4952368
4947118
4980718
4985968
4986248
4989146
4989349
4989473
4991282
4988430
4985214
4985090
4989650
4986752
4986549
4981989
4980180
4977372
4973052
4967409
4967129
4972772
4972975
4973470
4972630
4972427
4983227
4982771
4981295
4980800
4981640
4979300
4979756
4982096
4971296
4972772
4971172
4968544
4966696
4963844
4966472
4968072
4970924
4972772
4972492
4972060
4967860
4962610
4959758
4956542
4949227
4952079
4959669
4972829
4980144
4983360
4984230
5001942
4988782
4994032
4998232
4996652
4993664
4987784
4988064
4993707
4992837
4997037
5002917
4995267
4995699
5003349
4997706
4996926
4979214
4975014
4975884
4975014
4970454
4972034
4972814
4965224
4996472
4999460
4968212
4972772
4968572
4972772
4957808
4948400
4945400
4941560
4950968
4965932
4969772
4972772
4973204
4979604
4976292
4980576
4980373
4981597
4984243
4986147
4986350
4986474
4989786
4975870
4971600
4969696
4971600
4984760
4987200
4989060
5008818
5013088
5006464
4986706
5000622
4987462
4994086
5001736
4999876
4997436
4989786
4987544
4984412
4986008
4985105
4984469
5011405
5009809
5011657
5014657
5017645
5025295
5026198
5031448
5036008
5031448
5004512
4999262
5001504
5002758
5000910
4993260
4990272
4993404
4990404
4991040
4989786
4988310
4993560
4994340
4999983
4994340
4995816
4995036
4989786
4990656
4988216
4961280
4957440
4960656
4968176
4985888
4987488
4992528
4992652
5000506
5002410
5042744
5046944
5046664
5064376
5086840
5073680
5070548
5068700
5070560
5068282
5061658
5059612
5054572
5052972
5051112
5052624
5051112
5054424
5052576
5048256
5030544
5032822
5039446
5038990
5032906
5029690
5036314
5022398
5035558
5034688
5001088
4978624
4972184
4969942
4969618
4964578
4962769
4956685
4953469
4951191
4949679
4945479
4943619
4941573
4934949
4917237
4913772
4917237
4919046
4921288
4921612
4926652
4929868
4947580
4953664
4954120
4957252
4959488
4960928
4965128
4947416
4949856
4954056
4976520
5010120
5016560
5016840
5016408
5011608
5015448
5013588
4991124
4993464
4971000
4997936
4999982
5001842
5002274
5008898
5009801
5007361
5008231
4997431
5001701
5002133
4994543
4994263
4991923
4990699
4989099
4983337
4980997
4980873
4973019
4968819
4973089
4980943
4978707
5001171
5004069
5009319
5013879
5008629
5005731
5005411
5006635
5000011
5007326
5000011
4995691
4991371
4983517
4970357
4969454
4982614
4985746
4987594
4983754
4979554
4952618
4948418
4925954
4919514
4923834
4925346
4923766
4927966
4932286
4931416
4928416
4924146
4922337
4918872
4918416
4915284
4910964
4915284
4921908
4923954
4920489
4922349
4922805
4925937
4927785
4930063
4912351
4911371
4911866
4913912
4913417
4915695
4915975
4917879
4931039
4932639
4950351
4954911
4941751
4945201
4943155
4941555
4946595
4947575
4945297
4940737
4935697
4933793
4933513
4930063
4916903
4930063
4923979
4917579
4923663
4943410
4949810
4930063
4939471
4939595
4941107
4945907
4947716
4967474
4958066
4957942
4956133
4922533
4921021
4901263
4908578
4915202
4916105
4923959
4924391
4928711
4929581
4933851
4937163
4943787
4947987
4949427
4946115
4949247
4946115
4949247
4947343
4949247
4942623
4941183
4936983
4929463
4926331
4933851
4928601
4924281
4929531
4923888
4923108
4927428
4933071
4938111
4945701
4949541
4950321
4945281
4960291
4963423
4955833
4951993
4952488
4946608
4933448
4931402
4930907
4931777
4930667
4931777
4914065
4914845
4914065
4908815
4914458
4919708
4921754
4925954
4920311
4933471
4939351
4957063
4949748
4946896
4942696
4942264
4934614
4929364
4936679
4939531
4944781
4952431
4952863
4951993
4932235
4924585
4920737
4920413
4918553
4914713
4911815
4911691
4907827
4911691
4914907
4910347
4912195
4912475
4890011
4892909
4919845
4916947
4921987
4926187
4926063
4927967
4920317
4918469
4920705
4923557
4928597
4931027
4938677
4935461
4930421
4907957
4905527
4878591
4875739
4869859
4874419
4871521
4879171
4875721
4874281
4874405
4874202
4869642
4866177
4864368
4865808
4868238
4863378
4855728
4851864
4847664
4852524
4854333
4853493
4866653
4860445
4863895
4863343
4856903
4859181
4858901
4862765
4862968
4865866
4869316
4871220
4871500
4873100
4877660
4882700
4878430
4886080
4908544
4906735
4914589
4915021
4919341
4923611
4924481
4931796
4932699
4939323
4935123
4938588
4937364
4941204
4941528
4942752
4965216
4967556
4970454
4997390
4999250
5003098
5005996
5007592
5022602
5015978
5010728
5008388
5006048
5008388
5006876
5026634
5031884
5028986
5028083
5005619
5012019
5007459
5007256
5004358
5004078
5000862
4998432
4995580
4997389
5001949
5002152
5005050
5005330
5005454
5008670
5011522
5006482
5008330
5007460
5003140
5002708
4994854
4990534
4988954
4993224
4985634
4984654
4981666
4976023
4975243
4970973
4974837
4943589
4936274
4929650
4930145
4931237
4937861
4936769
4936274
4932434
4936898
4938410
4933850
4926260
4920380
4918868
4918076
4938272
4944152
4949192
4944992
4924796
4924016
4918373
4915385
4919585
4927175
4927967
4923647
4892399
4896959
4902839
4904419
4908739
4909519
4917109
4911229
4915069
4920712
4919132
4917614
4912574
4915562
4921962
4941709
4935309
4915562
4909478
4915562
4915238
4909030
4889790
4886802
4883352
4881752
4868592
4870192
4870472
4872376
4867336
4862776
4861300
4863578
4863298
4859848
4857570
4862130
4867170
4870620
4883780
4881876
4883352
4886568
4920168
4921768
4924620
4942332
4948772
4948492
4942052
4955212
4955492
4921892
4922762
4919910
4906750
4889038
4887438
4884222
4883352
4886664
4883352
4883555
4883352
4887912
4892232
4909944
4918638
4929438
4938846
4942212
4959924
4956474
4950594
4950274
4951282
4941874
4910626
4910946
4893234
4898274
4890420
4890915
4891235
4910475
4908197
4893233
4892225
4883531
4879261
4877215
4872175
4871680
4871360
4870106
4869556
4868302
4865170
4864675
4865929
4866424
4862154
4847144
4845890
4838240
4845890
4843986
4839426
4839146
4837298
4835489
4835057
4830737
4830198
4827210
4824312
4816458
4796700
4796497
4785697
4778177
4777197
4759485
4755165
4750605
4752883
4752013
4732773
4710309
4709759
4708889
4701574
4700671
4703803
4718767
4717975
4711767
4713813
4719063
4713420
4713544
4716760
4719612
4723882
4716028
4709820
4676220
4673322
4677882
4678674
4680186
4695196
4692388
4688118
4688398
4685968
4680718
4683616
4685956
4708420
4709644
4687180
4691380
4699234
4705442
4711085
4744685
4747493
4750391
4755251
4748627
4756481
4753629
4750413
4754683
4740767
4742021
4743001
4740661
4739437
4737628
4743836
4749716
4745156
4744953
4740093
4747947
4743747
4740849
4760607
4762416
4766976
4767408
4771728
4765848
4766718
4766594
4770864
4778179
4779082
4785706
4785909
4786459
4786662
4786382
4783530
4783098
4778898
4781750
4787000
4791200
4785950
4778635
4785950
4778300
4777430
4785080
4785950
4786382
4786814
4779164
4778732
4775516
4774880
4775516
4778732
4786382
4793697
4794129
4794999
4787145
4786713
4782393
4778123
4777253
4769938
4763314
4771168
4772071
4767031
4773655
4777925
4782245
4781342
4781622
4779718
4776268
4789428
4791706
4795156
4797060
4798660
4796382
4801422
4788262
4783702
4782102
4781822
4786382
4782932
4763692
4764532
4784290
4787740
4767982
4787222
4786382
4766635
4760235
4766319
4786066
4779982
4786382
4785512
4782296
4782016
4764304
4751144
4768856
4782016
4782296
4776653
4781903
4782683
4788326
4783076
4786292
4785512
4786604
4793228
4792136
4785512
4785017
4785512
4786382
4783952
4752704
4752154
4752704
4753574
4784822
4784030
4786460
4785590
4786382
4784042
4779002
4785210
4789530
4794390
4796730
4789415
4769219
4768379
4760525
4758247
4755031
4753127
4752847
4751247
4746687
4733527
4719611
4725491
4731575
4749287
4752503
4749053
4746155
4748783
4737983
4738763
4749563
4748723
4753763
4757627
4760525
4761075
4761945
4759515
4758291
4754427
4758627
4751312
4750442
4746172
4741852
4741420
4733566
4733890
4731450
4728822
4728042
4730284
4729492
4727152
4726282
4721818
4715734
4717976
4718300
4715402
4719672
4720542
4727857
4728760
4735384
4729300
4711588
4706338
4712422
4730134
4728910
4732126
4737166
4738390
4740830
4718366
4700654
4700330
4699780
4702210
4703002
4734250
4727626
4726723
4725127
4722885
4717845
4712805
4720659
4718417
4732333
4729117
4730713
4731553
4734555
4734987
4719977
4719653
4720523
4714880
4728040
4726460
4720580
4723796
4741508
4740638
4740358
4727198
4719608
4716392
4698680
4697900
4698180
4693716
4678706
4674146
4674470
4678670
4681802
4677242
4692252
4691928
4688940
4693500
4690368
4686168
4681968
4680744
4674344
4676990
4678214
4678646
4678214
4675568
4679408
4677504
4681824
4681700
4682480
4684384
4680100
4680224
4685867
4691117
4698707
4697927
4692677
4688837
4684517
4690917
4695201
4687611
4681968
4676928
4681968
4684956
4704196
4703657
4707107
4713315
4713639
4709355
4710873
4712385
4711835
4707515
4710827
4693115
4692323
4691771
4684181
4682669
4686989
4687781
4705493
4706032
4710316
4710866
4705616
4702764
4695449
4696229
4701872
4696229
4695449
4691249
4690817
4696067
4688417
4683167
4690817
4691249
4695449
4700699
4699829
4700699
4708014
4710866
4697706
4695266
4693406
4679490
4672866
4674675
4672771
4692529
4701937
4682179
4677909
4679955
4680935
4687375
4720975
4721470
4720490
4702778
4704378
4707230
4720390
4718344
4719856
4713416
4713540
4700380
4698571
4693771
4660171
4677883
4679743
4678143
4682943
4685383
4698543
4718301
4720205
4734121
4714363
4720987
4725257
4722405
4730055
4722405
4720893
4720398
4710990
4710866
4711146
4712016
4729728
4732944
4746104
4749554
4749274
4747674
4734514
4734794
4736394
4738298
4733738
4730288
4725248
4722970
4727530
4725626
4727904
4741064
4734980
4728580
4708833
4713873
4694126
4692902
4690274
4672562
4658646
4652766
4652271
4651732
4648744
4646935
4636135
4629511
4632409
4630561
4627663
4625759
4639675
4640170
4642510
4633102
4633305
4634145
4635621
4624821
4623729
4634529
4637841
4639745
4637117
4636337
4625537
4621673
4618775
4601063
4620821
4626701
4630971
4631811
4614099
4610967
4611506
4610252
4610049
4590291
4582437
4568521
4566081
4564857
4564017
4566645
4567425
4578225
4582089
4583601
4583051
4578731
4580331
4580011
4584331
4583781
4588065
4570353
4573485
4574265
4570401
4568801
4569351
4566219
4565439
4579355
4581795
4554859
4555699
4555902
4556452
4551412
4551951
4569663
4571472
4572264
4572816
4574040
4575558
4574046
4571616
4568484
4567230
4567686
4567406
4571270
4569422
4572554
4564964
4561652
4560860
4543148
4542609
4538325
4530675
4526115
4521795
4531203
4546167
4550367
4568079
4571919
4574919
4571917
4567357
4559503
4539745
4539542
4538992
4540246
4543234
4538914
4535782
4530742
4530106
4531954
4535086
4531246
4528246
4524046
4539056
4531202
4548914
4544354
4539554
4534994
4537802
4541252
4544564
4547004
4529292
4521438
4521006
4516686
4512416
4511546
4512638
4517498
4518048
4503084
4505982
4509114
4501799
4509653
4489457
4497311
4517069
4517272
4517822
4518662
4519916
4519076
4509668
4510538
4510082
4508570
4506710
4504664
4498040
4495762
4496042
4522978
4530628
4533058
4538098
4542658
4549282
4549602
4550505
4565515
4557661
4537903
4537700
4537150
4536947
4533635
4537085
4538525
4545840
4566036
4568888
4576742
4580942
4587026
4602036
4606596
4613911
4634107
4630975
4629721
4630591
4627459
4635313
4641753
4646313
4654167
4655007
4655210
4674968
4679238
4683558
4691412
4684788
4683885
4691535
4684220
4690100
4684220
4685330
4685610
4686042
4688320
4688870
4690124
4693256
4678246
4685561
4703273
4706738
4691728
4693537
4698347
4702211
4698371
4693331
4697651
4690061
4685741
4693331
4697171
4702211
4706051
4701851
4698851
4713815
4723223
4726223
4730423
4715459
4711619
4702211
4703811
4699011
4705451
4708303
4709815
4706963
4712843
4746443
4744843
4738403
4736891
4736099
4736891
4733525
4736891
4735911
4736814
4741084
4747708
4755023
4755893
4763747
4768067
4768499
4767596
4760972
4760102
4759670
4751816
4747496
4743226
4735911
4734331
4738651
4758409
4759663
4756213
4750129
4745809
4742809
4753609
4756417
4745617
4749067
4752532
4754112
4755552
4758552
4744636
4758552
4764636
4761171
4755528
4754088
4753218
4752378
4747518
4753161
4753656
4753161
4754031
4758301
4755493
4735735
4716495
4712225
4713065
4717925
4737165
4735911
4737003
4732733
4731641
4725761
4719137
4720737
4725007
4725546
4731426
4729826
4729287
4735911
4733669
4732766
4732130
4728998
4728795
4730604
4729494
4726596
4726164
4725614
4722762
4703522
4701244
4700964
4697748
4695939
4694685
4695939
4699251
4696911
4699251
4698381
4690731
4686531
4686407
4681157
4678305
4670990
4668182
4660328
4660784
4662224
4661444
4660988
4658090
4660988
4660196
4656884
4656452
4655012
4649132
4651984
4655200
4655324
4655604
4658502
4664382
4663479
4668039
4661415
4659606
4662504
4662828
4659976
4661836
4665676
4685434
4688332
4710796
4714660
4714863
4710543
4711335
4707065
4713273
4710285
4714485
4714205
4710989
4697829
4715541
4716411
4719627
4719907
4733067
4738947
4743882
4744006
4770942
4772382
4773018
4765164
4766256
4760048
4754405
4750135
4749265
4744705
4751329
4746469
4728757
4722549
4718349
4717479
4716387
4713489
4713209
4713989
4680389
4682237
4687097
4685657
4680014
4657550
4656710
4649395
4643311
4637431
4637107
4632067
4628851
4629691
4627449
4633092
4634532
4637520
4619808
4642272
4644550
4642950
4646400
4648304
4648584
4650184
4645624
4640584
4627424
4632464
4634064
4631212
4634064
4640504
4606904
4605304
4609864
4603424
4599974
4597696
4610856
4610576
4644176
4642272
4639644
4641244
4643092
4641492
4644344
4646972
4645124
4642272
4643748
4649391
4647915
4648695
4643052
4648302
4643052
4642272
4639374
4661838
4661714
4658498
4655646
4655443
4650883
4649074
4652062
4653502
4659145
4651291
4652131
4647811
4643541
4642671
4644480
4644604
4647820
4652380
4651540
4629076
4611364
4605721
4604281
4607133
4606701
4603485
4603205
4606103
4606306
4606586
4603598
4596974
4600190
4617902
4631062
4630159
4610401
4613533
4610401
4597241
4616481
4616761
4615921
4615051
4615921
4608606
4608326
4589086
4589926
4609684
4613134
4609684
4589926
4592366
4606282
4604378
4603946
4608266
4613306
4617626
4623834
4609918
4610554
4608694
4616344
4603184
4595534
4588910
4593180
4588910
4608668
4610528
4623688
4625200
4627104
4633728
4631288
4653752
4648109
4643789
4637581
4645171
4639921
4643761
4642981
4648231
4649011
4654654
4651438
4650802
4649290
4641640
4634050
4629010
4624690
4620850
4624066
4624498
4632148
4609684
4610464
4604821
4600501
4606144
4605712
4604842
4600572
4605822
4597968
4592718
4591938
4584623
4592477
4585853
4584950
4585853
4592477
4592909
4600224
4601094
4605414
4609684
4603804
4583608
4582096
4581304
4577854
4560142
4558702
4571862
4565982
4564890
4564020
4559750
4561350
4558134
4544974
4551374
4551924
4559778
4561218
4574378
4573828
4565974
4564534
4551374
4544974
4544694
4546134
4552758
4547718
4547179
4540555
4540275
4542553
4547113
4550563
4552467
4547907
4552177
4553777
4558817
4559909
4560189
4557911
4563791
4562191
4562471
4563010
4566226
4567096
4565192
4582904
4569744
4582904
4581304
4582816
4582940
4578140
4576331
4574891
4579161
4585041
4591481
4590501
4576585
4596343
4605751
4607005
4607845
4612645
4611805
4607535
4601655
4595215
4591903
4593157
4596055
4595516
4592204
4592407
4594216
4593424
4584016
4583560
4565848
4565724
4564470
4562228
4561904
4556864
4553648
4553972
4547888
4550130
4555170
4558386
4557606
4575318
4573806
4546870
4527112
4527664
4530562
4527664
4528120
4528900
4529692
4533004
4534444
4540324
4546408
4554262
4574020
4589030
4587806
4584818
4584538
4586442
4582602
4578282
4580130
4581939
4579499
4582487
4583026
4596942
4591902
4589998
4582348
4580500
4578691
4581031
4578691
4576063
4575283
4564483
4560619
4557721
4543805
4544085
4541187
4526177
4530737
4522883
4518323
4519163
4520387
4522827
4536743
4539641
4543505
4554305
4556933
4549343
4549893
4553025
4552185
4552965
4550535
4568247
4568044
4567494
4566240
4563108
4545396
4525638
4528068
4535718
4562654
4557614
4562654
4562222
4564868
4562222
4560318
4560194
4542482
4541612
4540388
4537172
4530772
4530492
4526208
4526640
4528544
4529768
4536168
4536292
4540576
4541446
4544662
4544942
4558102
4575814
4562654
4564700
4565195
4566175
4565680
4563634
4562654
4544942
4558102
4575814
4562654
4562530
4563622
4536686
4538126
4565062
4563970
4568905
4569029
4568393
4566953
4562018
4568642
4567202
4567838
4572038
4578662
4586182
4583050
4576426
4572226
4565602
4567506
4565602
4566154
4558634
4561766
4563206
4559894
4552244
4550990
4546430
4544834
4517898
4520886
4515636
4513788
4510800
4516050
4519050
4520304
4524864
4526460
4528308
4555244
4562894
4559894
4559399
4558943
4558740
4557900
4547100
4547556
4548051
4545711
4548051
4549527
4550367
4561167
4561370
4559894
4560389
4561369
4574529
4576575
4594287
4588407
4575247
4573201
4572706
4554994
4556898
4560210
4566834
4571034
4580442
4591242
4588110
4605822
4610142
4614702
4622222
4622542
4617502
4615598
4607948
4581012
4582452
4581012
4579758
4573134
4569822
4562302
4558102
4543092
4546224
4543092
4533684
4531254
4513542
4532782
4528222
4531074
4531569
4546533
4547625
4548175
4543855
4541577
4541857
4540261
4555271
4556525
4564175
4556525
4558121
4560399
4549599
4549279
4534315
4533820
4534930
4536739
4535629
4535079
4532227
4512987
4512707
4510898
4509806
4513256
4510978
4506418
4502968
4497928
4484768
4483168
4496328
4496048
4500608
4502208
4502488
4504392
4506670
4504766
4509806
4505606
4502606
4498766
4483802
4474394
4477394
4481234
4496198
4505606
4509806
4509526
4508656
4490944
4487728
4500888
4487728
4490944
4508656
4509526
4509806
4510709
4511579
4504264
4508584
4515208
4507354
4506922
4502602
4504078
4508348
4501724
4509039
4503396
4502526
4498256
4503899
4504679
4509929
4517783
4516307
4515527
4510277
4509374
4509806
4509482
4506032
4499824
4502812
4522052
4522376
4519388
4522838
4503598
4509806
4508294
4509164
4505852
4505060
4487348
4491632
4491082
4486798
4482478
4483732
4482478
4474888
4487200
4486661
4492869
4492029
4492665
4490325
4486041
4485405
4484535
4477220
4476440
4468850
4476440
4477220
4478060
4471852
4473106
4471852
4479167
4466855
4472105
4476425
4481465
4482983
4479143
4473500
4468250
4463210
4467050
4466270
4458680
4464323
4465103
4460783
4478495
4472733
4470497
4466297
4466421
4458567
4481031
4463319
4463195
4461595
4455952
4455172
4449922
4444882
4446482
4424018
4429058
4425842
4426122
4433976
4438176
4455888
4456758
4462520
4465736
4471379
4458219
4457939
4457069
4439357
4440137
4442373
4455533
4460783
4458505
4460105
4465145
4468595
4470499
4470779
4483939
4488499
4488219
4483659
4478619
4480897
4477447
4475543
4462383
4460783
4487719
4485871
4481551
4475467
4477745
4479257
4472633
4474493
4471361
4471817
4474949
4473089
4466465
4471400
4470308
4472156
4449692
4442102
4438790
4437998
4420286
4418240
4416380
4415924
4414412
4412900
4407020
4409066
4408430
4412750
4408430
4408554
4414994
4419314
4421360
4422872
4423328
4426460
4428308
4432578
4438458
4438782
4421070
4426110
4429422
4447134
4446810
4441770
4438554
4441770
4443630
4450254
4448208
4445930
4444418
4443962
4440830
4443072
4444512
4442664
4444942
4451566
4451016
4447566
4428326
4428650
4401714
4402350
4403442
4385730
4386570
4389786
4389234
4382794
4389418
4392316
4389418
4385148
4383300
4382460
4381020
4380896
4376576
4371641
4389353
4387111
4393195
4399279
4393071
4391559
4384935
4380651
4376787
4379029
4375897
4380937
4377721
4381186
4380862
4382302
4387945
4388815
4391947
4387627
4386187
4380544
4375504
4372288
4371418
4348954
4335794
4332329
4331489
4330950
4328672
4328348
4326488
4322648
4302890
4302020
4295936
4293694
4273936
4271038
4253326
4253046
4251570
4253046
4259670
4279428
4281237
4314837
4308213
4312483
4332241
4330381
4322731
4320827
4334743
4337183
4350343
4352247
4361655
4356855
4342939
4344799
4352449
4352573
4348303
4345863
4326105
4327617
4325808
4306050
4292890
4291378
4291254
4281846
4286116
4285684
4279060
4271745
4278369
4279239
4286554
4282234
4283137
4287457
4286587
4278733
4274463
4274895
4282749
4281846
4264134
4260918
4274078
4274358
4277574
4276704
4294416
4294136
4280976
4281846
4286130
4286562
4289208
4291112
4291236
4286952
4280552
4280120
4286520
4286396
4284492
4281846
4280622
4281846
4281351
4268191
4266145
4272025
4289737
4302897
4304943
4305438
4304458
4286746
4285306
4281841
4278391
4276487
4276767
4276970
4271327
4275887
4277696
4277416
4274200
4277098
4276228
4276352
4276228
4279444
4282296
4282016
4279738
4284778
4281880
4268720
4265868
4273518
4268478
4268275
4263715
4260583
4263013
4261413
4288349
4284149
4276499
4274690
4277030
4250094
4247664
4234504
4228104
4223544
4221640
4219300
4204290
4202694
4217704
4190768
4195808
4197404
4170468
4166198
4163962
4162114
4157074
4153210
4150780
4145740
4172676
4180326
4182756
4175106
4175886
4181529
4186779
4181136
4175886
4175106
4170786
4172366
4178450
4192366
4203166
4200034
4203499
4207819
4204354
4207354
4210486
4204402
4201402
4187486
4185906
4175106
4175386
4193098
4192818
4189602
4188732
4175572
4157860
4171020
4171890
4175106
4176706
4179558
4182186
4184034
4181406
4179558
4176706
4175106
4181730
4182225
4183317
4182822
4176198
4175106
4194346
4196624
4187930
4186922
4182652
4180374
4180694
4189388
4194428
4196474
4200744
4205304
4199424
4200432
4195392
4195887
4195392
4197240
4178000
4178539
4181527
4183336
4179136
4194146
4197044
4193204
4192884
4193864
4187656
4181776
4183030
4181776
4176916
4178820
4179100
4186954
4183966
4181920
4162162
4161959
4148043
4140189
4135629
4120619
4138331
4141463
4142717
4141937
4124225
4118975
4119525
4139283
4139486
4133843
4133003
4132453
4129321
4148561
4128803
4126994
4125146
4122248
4120994
4119090
4133006
4129556
4129276
4124956
4125796
4120756
4119238
4138996
4142446
4141907
4122667
4127917
4122274
4121494
4122274
4127917
4122667
4126867
4126543
4121983
4126543
4122343
4121233
4121557
4122667
4115352
4107498
4106595
4113219
4114122
4121437
4117167
4118037
4117167
4121437
4125757
4126189
4134043
4127419
4126987
4122667
4127602
4126162
4127602
4126966
4127090
4125998
4127090
4133714
4134350
4134226
4127602
4122667
4149603
4122667
4120327
4120124
4109324
4107848
4107392
4106897
4106057
4106513
4108853
4109693
4109896
4120696
4122172
4122667
4140379
4127219
4126349
4139509
4136293
4137163
4137443
4140659
4122947
4122667
4113259
4098295
4095295
4091095
4095295
4099135
4114099
4123507
4119667
4122667
4123447
4120135
4113695
4110479
4113331
4116547
4119445
4119725
4122857
4127417
4129226
4126374
4126498
4122634
4122758
4126958
4126834
4129732
4130012
4134212
4137428
4140280
4138680
4138883
4140692
4137840
4134624
4133844
4130712
4136920
4141480
4144945
4140385
4145245
4144965
4144185
4150065
4147437
4144539
4140675
4129875
4144839
4148679
4145781
4131865
4129425
4133289
4144089
4147539
4148379
4154259
4160699
4161251
4159442
4159239
4166889
4166609
4166485
4165645
4166425
4169053
4168213
4166989
4164549
4168819
4165921
4164017
4167881
4163611
4165211
4165750
4172374
4178254
4182524
4184428
4186288
4200204
4219962
4224232
4217608
4209958
4208362
4221522
4235438
4243088
4229172
4226170
4221310
4219450
4217850
4219074
4221514
4220975
4221815
4202057
4197787
4193947
4192855
4186975
4193599
4194691
4197131
4192271
4184621
4181156
4176956
4173092
4169642
4168202
4171202
4175402
4165994
4151030
4150827
4155687
4158585
4167993
4164993
4158369
4145209
4145412
4140852
4142292
4143892
4147756
4145947
4141677
4137477
4131597
4125389
4121189
4115309
4113869
4116677
4115807
4116677
4120947
4122201
4127061
4127556
4127061
4121418
4117148
4115894
4113086
4118729
4113869
4115309
4092845
4098607
4097007
4099243
4103443
4111297
4106257
4106133
4111173
4111297
4109061
4131525
4127325
4086991
4104703
4086991
4079137
4080737
4080413
4076963
4073975
4054735
4057867
4054735
4048527
4047687
4027929
4031379
4051137
4051977
4032737
4051977
4048527
4044207
4042398
4008798
4042398
4042274
4032866
4013108
4013232
4011720
4017928
4016416
4036174
4013710
4015222
4024630
4028950
4030462
4052926
4046718
4048527
4048807
4052023
4052893
4052023
4034311
4021151
4034311
4031095
4030815
4048527
4043487
4046385
4060301
4067616
4052652
4072848
4080702
4073387
4072837
4071997
4072837
4075267
4067413
4066573
4079733
4083933
4087797
4067601
4078401
4078198
4077328
4078552
4079392
4079112
4078988
4075772
4072920
4074729
4066875
4067655
4067858
4048100
4014500
4017632
4013072
4010444
4028156
4027661
4012651
4015549
4018177
4045113
4034313
4026459
4057707
4044547
4045339
4018403
4011088
4010308
4014868
4034626
4014430
4014633
4012193
4012743
4013997
4009797
4012929
4008729
4011169
4019023
4017799
3995335
3992895
3989031
3991929
3989031
3992871
3989406
3987597
3981157
3986197
3993847
3993007
4019943
4024143
4046607
4051407
4057847
4059656
4056758
4042842
4045272
4040712
4055722
4035964
4034872
4034322
4031470
4026660
3995412
3995962
3988108
3985830
3988682
3988402
3987292
3985483
3986033
3987842
3988934
3990188
3994748
4012460
4010182
4007050
4026290
4026570
4018716
4018919
4016021
4020581
4018151
3998393
3998190
3997640
3999918
3998664
4013674
4016572
4024426
4006714
4026472
4025680
4026790
4025680
4022548
4004836
4007276
4003436
4006438
4009903
4006687
4006137
3988425
3988101
3973091
3968531
3973091
3965237
3963428
3958868
3955970
3938258
3935126
3933872
3933322
3933119
3930689
3938543
3938340
3938543
3938667
3941883
3944735
3937085
3934843
3934519
3929479
3902543
3901289
3895205
3880195
3880475
3881025
3881895
3899607
3902739
3903993
3904543
3886831
3906589
3911839
3917482
3918262
3916786
3916006
3910756
3912232
3906589
3904159
3903609
3872361
3871491
3870699
3871491
3902739
3903609
3904159
3906589
3913213
3914116
3916162
3916657
3915677
3922992
3920946
3907786
3915640
3916072
3911752
3894040
3893608
3893113
3893983
3899863
3893239
3892336
3885021
3884151
3888471
3884201
3901913
3915073
3919343
3911489
3913393
3913825
3918109
3924509
3925733
3923829
3926475
3925251
3924819
3918419
3914135
3914259
3914135
3911489
3905609
3904517
3900247
3880489
3866573
3866034
3863046
3861237
3858339
3858059
3857735
3855831
3850896
3864812
3865351
3868339
3870148
3863524
3865372
3864833
3859190
3857590
3857870
3857746
3852886
3858766
3864974
3869174
3874034
3872942
3872306
3871526
3866276
3864428
3862988
3856780
3852580
3825644
3819764
3817916
3795452
3792554
3794458
3797356
3795496
3795776
3794984
3789104
3787664
3783464
3776840
3776288
3774384
3776724
3769204
3768424
3767968
3765922
3752762
3735050
3734070
3747230
3751430
3748118
3745778
3745283
3748415
3749855
3743231
3739367
3736235
3735955
3736825
3719113
3717859
3735571
3731731
3730861
3732115
3718955
3717515
3720827
3727451
3730667
3738187
3734971
3736875
3741435
3768371
3769625
3771221
3774221
3779471
3752535
3749535
3751383
3743733
3740745
3748395
3751383
3749787
3745227
3743379
3742125
3736875
3730251
3729159
3728664
3729756
3730251
3736875
3732675
3730771
3727639
3726199
3729331
3721811
3723251
3729875
3731779
3739299
3735987
3740187
3733563
3736875
3740091
3744951
3752601
3756066
3760266
3764130
3781842
3782712
3781920
3780408
3778890
3765730
3778890
3775026
3770826
3767361
3759711
3754851
3737139
3736269
3732957
3732677
3736127
3732677
3729461
3726563
3722293
3716413
3709973
3710813
3714125
3720005
3726445
3729343
3728503
3732773
3732221
3730781
3726461
3725911
3726191
3708479
3707940
3709380
3705096
3704640
3705135
3704932
3704092
3703597
3701257
3699781
3701257
3712057
3714397
3714600
3715056
3704256
3705096
3712950
3713382
3709062
3704792
3704360
3696506
3689191
3695815
3696718
3700988
3705308
3698684
3705999
3706869
3705966
3705096
3700812
3700273
3699721
3682009
3681217
3676897
3677436
3675924
3675374
3675924
3680208
3697920
3698712
3702024
3709614
3711126
3709608
3713928
3715788
3718030
3711946
3694234
3691018
3690815
3695085
3693831
3674073
3693831
3707747
3708071
3690359
3695399
3690359
3708071
3714155
3719195
3721625
3729275
3756211
3751171
3748741
3741091
3714155
3716595
3715119
3697407
3698847
3702063
3715223
3719783
3734793
3732165
3751923
3744273
3742369
3729209
3726769
3724909
3710993
3691235
3686965
3687168
3695022
3696276
3699408
3701312
3719024
3714464
3706610
3699986
3699436
3700690
3707314
3702274
3701950
3699708
3698928
3697836
3691212
3690717
3698367
3683357
3682103
3682653
3683109
3678549
3684633
3684430
3681532
3681252
3683494
3683818
3688858
3692074
3709786
3706934
3703718
3703594
3697510
3693670
3692830
3682030
3679030
3673780
3669916
3667018
3653102
3650662
3649882
3648658
3649438
3660238
3656038
3652906
3651097
3617497
3611854
3610045
3595081
3595861
3596653
3597205
3598185
3597729
3596949
3596157
3592845
3590603
3590279
3588839
3585623
3588251
3578843
3572963
3577163
3557405
3566813
3581777
3585617
3584105
3583981
3574573
3575797
3578237
3592153
3595051
3598915
3601915
3602755
3603035
3599819
3617531
3630691
3633907
3634777
3621617
3620747
3603035
3602755
3617765
3620897
3605887
3602755
3600519
3602423
3600575
3596727
3590327
3586057
3612993
3614841
3618705
3616801
3621071
3623307
3619443
3625843
3628471
3631323
3633171
3634767
3649777
3636617
3634571
3631719
3633319
3636685
3634837
3633237
3630609
3631401
3630906
3631886
3633695
3634245
3633135
3635987
3655227
3657505
3657785
3637589
3635780
3616540
3616260
3613982
3615074
3612222
3613332
3612782
3611690
3611370
3605490
3602358
3601566
3601363
3598465
3596656
3595402
3589759
3588319
3591171
3573459
3574713
3571248
3566688
3562368
3547358
3545846
3544976
3548192
3546596
3538946
3540458
3534578
3534858
3534982
3534702
3534578
3531362
3526802
3528611
3533171
3533374
3536272
3518560
3507760
3498352
3495500
3495780
3482620
3516220
3533932
3532332
3533932
3534802
3538018
3551178
3547962
3547682
3546812
3553252
3519652
3501940
3499088
3492648
3495500
3498146
3498270
3493986
3487586
3488018
3489242
3488018
3494418
3491772
3493676
3497960
3497528
3495624
3503478
3503354
3502484
3502052
3494737
3501361
3502264
3509579
3513849
3514719
3519039
3519471
3512847
3508527
3504257
3503354
3495500
3494708
3491342
3490362
3510558
3509046
3510558
3509082
3510558
3511350
3517230
3520128
3542592
3546456
3542186
3541862
3540002
3536162
3516404
3518252
3514388
3491924
3494822
3491924
3490670
3488330
3489584
3490838
3494150
3513908
3511010
3514850
3508410
3507156
3507996
3504684
3508954
3509278
3507430
3513310
3519750
3518150
3514286
3516146
3519278
3520878
3524742
3521610
3522390
3521610
3515730
3512598
3511758
3514974
3514104
3510888
3510608
3492896
3510608
3511478
3511758
3524918
3511758
3512598
3493358
3492518
3489068
3508308
3511758
3531516
3511758
3505134
3519050
3538808
3525648
3523208
3521348
3507432
3511702
3491944
3484294
3486734
3482464
3495624
3497528
3505178
3511802
3509898
3511758
3513606
3516738
3517194
3518706
3520566
3527190
3525342
3527620
3523300
3527620
3524488
3524032
3522520
3520242
3522288
3526848
3524802
3529072
3533392
3535252
3530982
3530550
3528690
3529122
3525990
3526270
3532150
3531170
3516160
3509536
3511384
3506824
3503692
3499372
3502270
3500461
3498613
3501745
3501465
3499561
3499022
3485106
3499022
3502010
3503819
3505667
3502679
3503218
3505122
3502224
3495600
3496056
3494196
3496056
3498102
3499614
3501892
3508516
3506238
3505782
3504270
3502410
3500364
3498516
3492756
3486316
3479876
3474941
3466247
3499847
3502699
3509139
3475539
3473939
3471087
3472687
3471817
3467547
3459693
3459261
3454941
3454038
3446723
3440099
3443315
3425603
3425883
3426753
3426473
3413313
3426473
3425603
3443315
3440099
3438503
3423493
3428533
3401597
3399997
3380757
3383187
3375537
3402473
3417483
3412443
3410013
3402363
3375427
3380467
3388117
3390547
3392143
3388777
3387937
3354337
3351485
3349055
3345923
3340043
3338531
3333491
3360427
3359635
3378875
3382325
3402083
3395643
3396483
3393033
3373275
3380925
3379449
3378954
3376614
3377070
3377910
3377070
3379410
3378954
3368154
3378954
3379157
3379652
3381128
3380925
3386805
3393429
3395029
3390759
3390220
3383596
3377716
3381986
3383078
3381478
3382017
3377817
3373257
3372933
3377133
3381693
3382017
3380925
3383925
3374517
3389481
3393321
3397521
3394521
3379557
3375717
3371517
3380925
3381420
3380925
3367765
3350053
3344173
3357333
3375045
3380925
3378879
3380925
3398637
3395421
3395141
3408301
3407431
3389719
3390589
3393805
3380645
3380925
3384765
3394173
3409137
3413337
3409137
3394173
3390333
3393333
3383925
3380925
3375990
3377244
3380052
3384912
3386352
3380709
3380214
3379344
3383614
3382360
3348760
3340066
3340936
3339336
3336484
3330044
3325774
3330044
3323604
3327924
3321840
3320586
3326229
3332109
3338549
3341861
3352661
3355661
3341745
3337425
3334425
3328665
3325200
3314400
3328316
3334400
3332820
3333315
3328455
3327015
3327218
3346976
3346481
3345473
3348605
3366317
3351307
3350467
3345907
3343629
3325917
3317223
3312953
3310907
3305867
3303059
3306524
3302254
3283014
3282464
3276584
3275330
3276910
3278164
3270310
3285320
3293174
3290042
3294602
3291290
3284850
3265092
3264772
3264569
3265823
3266373
3267213
3266781
3262497
3262621
3264525
3258125
3256901
3254997
3254873
3255305
3257951
3259175
3265575
3269859
3267213
3273837
3278037
3274725
3275277
3276717
3269197
3276717
3278621
3281753
3275129
3270929
3269489
3266357
3264453
3282165
3274311
3275181
3279381
3292541
3292821
3287781
3286305
3287781
3286181
3268469
3270705
3257545
3235081
3234801
3230601
3227385
3267719
3270935
3278789
3278913
3283953
3285553
3308017
3302255
3300019
3299895
3282183
3281313
3299025
3298486
3296638
3285838
3284029
3281041
3278413
3264497
3266345
3266221
3268125
3268405
3268125
3267922
3269731
3272629
3271189
3268291
3267511
3264613
3261481
3257617
3254719
3252279
3238363
3237139
3236299
3239287
3239826
3253742
3251838
3248940
3247131
3243915
3241063
3240783
3239271
3242169
3237309
3214845
3208637
3207797
3207161
3203849
3196534
3195664
3191464
3187180
3193060
3199268
3203468
3196844
3192524
3185004
3184224
3182320
3177760
3182620
3178420
3170830
3164622
3158742
3152534
3160124
3164408
3165188
3152876
3153746
3154382
3155222
3161430
3173742
3170844
3173742
3181057
3179803
3185053
3177403
3185053
3186901
3189889
3192889
3188329
3186733
3183745
3188305
3215241
3216837
3213837
3211989
3213243
3207993
3181057
3173203
3160043
3161483
3160933
3167333
3180493
3181043
3179603
3178163
3186017
3179617
3181057
3188707
3186847
3188751
3175591
3155833
3141917
3148541
3161701
3157431
3159291
3173207
3192965
3197235
3190611
3188171
3186267
3178617
3181057
3181927
3178711
3191871
3209583
3209863
3192151
3191281
3191001
3177841
3181057
3183335
3181093
3178241
3177691
3176599
3178408
3170554
3156638
3156314
3163629
3143871
3143321
3138761
3135759
3135556
3130516
3124432
3106720
3108962
3109286
3114326
3117542
3135254
3141338
3144340
3125100
3122822
3122542
3121432
3122542
3122822
3119606
3137318
3155030
3140020
3138766
3121054
3117922
3138118
3133558
3125704
3124864
3104668
3097353
3105207
3106047
3104793
3101661
3093807
3093257
3093054
3096056
3099188
3100442
3100992
3101195
3120953
3128807
3131939
3114227
3115481
3113041
3113244
3133002
3140856
3145416
3160426
3164986
3168118
3160264
3171064
3170744
3166184
3161864
3144152
3133352
3123944
3124264
3128824
3146536
3150856
3153286
3145636
3150676
3153116
3167032
3169930
3150172
3148948
3146050
3143620
3138580
3165516
3174924
3182574
3185202
3186042
3193692
3194472
3205272
3209136
3208296
3200646
3201870
3198654
3178896
3178693
3178143
3176889
3173757
3158747
3176459
3177713
3182523
3183073
3176989
3196747
3204601
3209161
3191449
3191652
3192202
3187162
3186838
3184596
3185688
3184908
3174108
3170244
3167616
3140680
3122968
3121159
3121709
3117149
3120001
3118891
3120491
3122339
3119711
3118111
3120739
3117887
3120739
3118891
3119731
3121207
3132007
3132502
3121702
3124042
3124498
3124003
3123547
3123344
3122504
3121028
3118688
3118891
3118021
3114805
3119075
3116223
3122663
3122787
3105075
3105355
3108253
3108456
3113016
3112813
3111973
3117853
3111645
3107445
3102585
3108465
3114673
3117889
3113619
3107739
3104427
3105267
3109467
3111276
3105396
3092236
3085796
3082580
3080771
3080568
3077670
3077390
3077266
3074368
3069808
3066592
3066312
3071172
3069732
3066282
3062418
3059566
3055366
3055242
3054962
3052064
3054916
3058228
3053668
3054922
3053668
3048808
3041158
3037693
3035884
3036434
3034004
3033212
3034082
3033212
3001964
3004394
3005186
3009650
3009100
3008550
2977302
2976510
2977060
2979490
2977060
2981524
2982394
2981524
2982316
2982192
2979546
2977642
2977210
2981050
2996014
3005422
3008422
3009646
3003246
3005150
3003926
3004358
3007004
3011204
2996240
2992040
2989040
2979632
2975348
2971508
2975792
2982192
2982316
2980507
2977042
2975602
2969959
2969089
2973649
2970751
2967535
2966665
2966385
2961825
2958609
2940897
2940694
2940414
2940290
2937438
2939247
2936115
2936318
2939216
2939496
2939620
2942836
2945688
2932528
2939152
2932528
2931436
2930941
2932033
2932528
2952286
2958910
2951260
2953164
2966324
2968764
2970624
2984540
2988810
2975650
2969026
2955110
2953206
2950766
2948906
2929148
2924878
2932528
2924674
2923074
2922950
2905238
2900198
2940532
2938296
2915832
2910070
2912306
2913906
2918946
2919070
2926924
2931124
2953588
2949388
2967100
2963968
2946256
2973192
2968152
2965722
2964468
2972118
2970864
2972088
2975538
2974758
2967108
2966905
2951895
2944041
2943491
2958501
2963061
2958501
2978259
2978462
2986316
2986866
2988120
2991252
3008964
3006336
2986578
2985738
2958802
2957362
2962402
2963242
2965682
2979598
2982496
2986360
2983462
2984242
2986870
2986030
2984806
2982366
2984796
2970880
2967016
2966464
2965672
2965216
2954416
2965216
2964236
2983476
2984316
2965076
2961626
2941868
2941088
2960846
2961716
2961996
2958780
2961996
2979708
2992868
2975156
2974286
2974006
2960846
2962322
2960846
2974006
2976904
2974006
2960090
2965970
2969282
2963402
2967266
2966426
2959986
2954106
2950794
2951634
2955904
2961784
2981024
2983302
2987502
2983232
2970072
2983988
2985080
2985360
2985899
2985619
2987523
2990511
2987523
2985714
2983866
2985675
2987523
2990421
2988517
2988797
2985899
2987499
2983659
2956723
2959575
2960125
2955925
2957035
2955435
2956215
2960415
2956950
2964600
2969460
2968020
2966211
2959771
2954971
2932507
2928307
2925867
2927307
2922447
2914797
2917929
2913729
2909865
2906415
2910279
2913729
2917194
2913729
2920169
2916305
2915766
2912634
2911854
2913108
2911854
2913450
2928460
2913450
2911854
2910744
2910464
2908186
2888946
2886094
2885544
2884452
2886261
2884452
2881002
2861244
2842004
2841164
2860922
2864372
2883612
2884452
2890332
2892378
2891883
2892378
2905538
2892378
2890332
2872620
2890332
2884452
2882940
2881360
2878360
2874895
2876149
2880469
2872879
2872087
2871537
2869107
2864823
2864284
2860972
2850172
2845852
2841532
2835448
2836240
2840524
2841074
2823362
2822108
2823620
2831210
2834522
2835061
2852773
2854027
2853391
2850175
2849743
2842093
2828177
2826923
2825019
2824895
2822249
2821817
2815417
2811133
2809909
2804029
2808299
2809139
2809342
2807002
2805526
2804686
2804191
2793391
2793886
2796226
2797702
2797246
2797043
2803667
2804123
2803031
2803526
2804618
2810498
2817122
2817661
2819261
2814991
2816083
2814483
2807859
2807320
2818120
2817625
2816533
2809909
2812761
2809545
2809265
2802641
2798321
2791697
2789837
2789381
2786249
2784401
2787617
2785571
2784059
2788379
2788659
2791557
2791760
2791636
2796196
2793344
2795192
2798324
2798780
2800292
2802101
2799823
2802101
2802225
2799327
2792703
2797023
2792703
2799327
2797815
2797359
2794227
2792379
2790570
2787438
2789286
2795910
2795358
2797218
2795778
2793918
2792014
2794060
2795920
2791360
2791157
2793435
2791157
2793203
2796335
2796791
2789271
2790783
2788737
2784537
2781537
2777697
2762733
2753325
2756325
2771289
2780697
2776497
2780697
2784537
2778329
2782529
2778329
2774009
2772497
2750033
2745473
2758633
2758309
2758633
2766283
2772907
2795371
2775613
2780173
2782077
2788285
2792605
2779445
2777541
2769891
2774161
2767537
2787295
2784855
2786715
2789155
2787295
2773379
2774891
2770621
2784537
2766825
2765955
2762739
2762459
2771867
2768027
2766179
2769179
2767579
2771419
2773267
2763859
2778823
2781675
2799387
2796387
2781423
2768263
2765411
2762783
2775943
2776223
2780423
2776223
2778851
2780451
2783667
2784537
2789397
2788902
2788032
2785224
2786094
2788902
2783259
2784699
2780429
2781683
2782178
2780924
2785194
2783754
2778894
2784537
2783283
2786283
2789271
2790525
2795085
2790525
2763589
2771239
2769643
2774893
2801829
2799981
2792331
2789343
2786343
2787939
2782689
2784537
2757601
2749951
2747521
2742481
2743020
2758030
2759839
2759300
2766950
2765141
2768453
2765141
2771581
2770741
2775011
2775851
2778749
2772309
2766429
2762159
2764007
2777923
2776019
2774171
2771273
2770993
2768751
2774631
2774307
2775903
2770863
2765823
2763393
2755743
2752755
2751159
2754147
2781083
2754147
2756051
2756331
2761371
2746361
2754011
2756441
2761481
2755397
2757639
2757963
2763003
2766219
2783931
2790015
2786799
2789229
2775313
2802249
2784537
2786013
2784537
2781639
2782893
2779995
2764985
2745227
2745024
2744474
2739914
2742812
2741558
2738426
2720714
2712860
2711606
2715446
2717306
2715446
2715122
2734880
2736728
2759192
2759516
2759084
2745924
2738274
2733414
2729214
2723006
2719142
2715302
2713442
2710544
2713442
2706818
2699168
2697264
2701128
2681370
2667454
2665014
2660744
2657528
2656892
2651012
2649164
2626700
2606942
2607398
2605922
2607398
2608238
2608441
2619241
2616901
2606101
2606596
2606393
2605937
2605097
2604602
2606942
2603726
2602856
2585144
2571984
2571704
2556694
2553562
2568572
2571704
2571154
2566884
2563882
2563042
2562492
2558628
2559408
2562540
2582298
2597308
2596054
2592922
2589790
2572078
2571528
2576088
2558376
2577616
2585470
2588322
2586722
2587814
2614750
2613640
2612386
2609254
2608474
2608271
2588513
2570801
2564921
2562643
2557833
2554981
2547127
2542567
2539435
2538181
2545831
2545628
2525870
2526420
2526217
2525125
2527403
2524963
2517648
2516424
2508774
2506344
2501304
2502558
2501718
2487802
2477002
2476222
2473594
2465740
2461180
2458178
2443168
2416232
2433944
2435544
2432646
2435778
2415582
2411718
2411998
2413108
2414917
2395159
2387305
2383993
2377553
2381417
2376857
2376307
2374498
2366644
2367194
2367397
2369827
2374867
2374027
2373747
2378017
2379921
2376057
2374153
2376001
2378237
2373967
2371731
2344795
2351195
2349347
2376283
2369883
2373747
2383155
2386995
2372031
2362623
2366823
2369823
2350065
2365029
2384269
2383429
2403187
2406637
2403637
2404477
2385237
2381787
2377947
2373747
2375259
2376051
2381931
2402127
2400615
2399635
2396269
2395477
2393877
2400317
2399063
2396165
2362565
2357705
2391305
2387105
2388705
2385853
2384257
2378377
2371937
2374789
2371339
2368899
2368347
2365539
2364669
2358585
2358265
2352057
2352849
2346969
2348481
2354361
2334165
2333373
2331861
2352057
2357937
2356461
2355966
2357442
2355396
2342236
2324524
2318644
2331804
2333850
2334345
2352057
2365973
2343509
2338469
2339008
2341996
2343805
2342205
2345103
2345383
2327671
2329575
2329036
2348276
2346372
2348220
2347940
2347816
2345968
2342518
2341678
2335798
2316040
2316880
2336638
2334402
2315162
2318612
2304696
2300496
2292642
2289654
2286756
2284947
2244613
2245405
2245955
2246825
2278073
2280503
2279633
2275169
2272739
2272189
2271397
2268769
2266339
2268187
2269787
2272415
2273285
2271437
2269837
2266985
2262521
2261651
2261101
2263531
2264323
2295571
2296121
2298973
2298181
2293911
2274153
2260237
2258377
2255937
2242777
2247047
2239397
2232773
2229557
2225693
2239609
2239485
2239205
2237301
2234449
2237301
2236521
2238381
2235529
2233929
2200329
2206769
2203871
2200973
2197841
2180129
2179926
2175366
2173557
2193315
2198355
2199955
2197327
2199767
2185851
2187755
2186915
2180707
2153771
2152517
2151967
2151764
2151128
2131370
2116360
2113930
2101618
2109268
2136204
2149364
2144804
2143934
2136080
2135300
2127985
2134609
2131711
2129271
2128047
2127207
2160807
2168457
2162017
2151217
2153647
2148607
2140957
2133367
2129083
2144093
2142497
2127487
2124271
2121419
2123661
2121383
2121103
2138815
2143855
2147071
2148667
2154751
2153641
2151832
2132592
2132468
2132792
2129940
2129401
2124361
2121463
2121260
2116700
2114891
2109011
2108687
2109941
2108687
2107087
2105995
2105445
2104353
2102111
2097841
2091757
2085133
2067421
2064205
2063925
2057485
2048791
2043031
2038096
2048896
2049736
2051212
2053552
2054047
2054503
2054706
2043906
2043450
2043247
2042407
2040931
2040436
2038096
2011160
2008160
2000510
1998662
2000258
1995008
2002658
1999670
2000924
2002772
2008022
2034958
2037946
2040946
2039692
2035132
2033536
2038096
2037557
2033357
2030357
2030637
2015673
2006265
1999825
1994890
1986196
1987450
1986196
1982356
1976596
1973608
1976506
1962590
1964494
1964214
1961316
1959507
1957603
1955755
1956294
1959282
1958028
1959837
1961685
1975601
1971401
1974401
1983809
1998773
2002613
1993205
1997405
1982441
1978601
1975601
1971401
1966841
1966517
1970717
1975277
1975601
1977181
1982824
1978554
1981554
1987638
1973722
1970257
1965937
1962937
1961357
1959917
1964237
1958153
1953293
1947650
1946396
1945526
1945031
1958947
1960387
1963195
1964449
1968719
1969589
1970084
1974944
1985744
1989209
1986401
1975601
1974125
1975601
1971401
1978025
1960313
1949513
1940105
1941965
1943477
1943933
1940468
1936268
1935948
1931388
1913676
1912076
1907036
1884572
1884448
1876594
1874316
1877448
1869798
1864938
1866798
1864520
1868840
1870688
1871144
1874276
1875788
1875332
1877378
1878818
1880864
1887488
1895138
1898603
1902803
1906667
1910117
1914677
1912441
1910929
1915789
1913941
1913509
1905655
1916455
1876121
1872257
1868807
1867367
1865507
1864957
1863517
1862077
1848917
1842517
1834867
1830597
1826037
1821717
1818585
1827993
1830271
1834591
1827967
1828287
1823967
1828287
1830565
1826245
1824397
1821265
1823113
1816489
1814629
1812583
1810723
1808677
1807165
1806709
1824421
1823329
1822834
1816210
1816705
1823329
1824421
1821523
1829173
1834213
1836643
1809707
1836643
1831603
1829173
1821523
1794587
1786937
1784507
1789547
1791143
1806153
1804557
1806987
1809885
1817535
1844471
1839431
1824421
1816831
1816281
1820601
1819809
1802097
1798785
1803069
1801557
1797237
1796698
1792414
1810126
1810918
1814230
1814780
1822370
1823882
1824421
1827637
1816837
1797079
1796876
1816634
1812434
1811978
1815428
1814933
1801773
1821013
1821853
1802613
1801773
1802053
1804905
1803651
1799091
1801989
1798773
1798897
1795447
1794607
1793131
1791322
1791119
1788779
1788499
1788375
1785523
1787332
1791892
1792095
1789197
1787597
1791461
1790681
1788053
1785201
1782069
1780469
1781249
1777385
1778985
1777137
1771257
1753545
1740385
1739890
1737844
1740976
1743976
1748176
1738768
1735768
1731928
1746892
1756300
1741336
1737136
1740976
1760734
1741494
1760734
1761574
1741816
1740976
1744426
1740976
1742880
1756040
1758480
1745320
1747180
1744740
1742880
1750530
1770288
1768384
1760734
1746818
1727060
1722790
1716166
1720436
1727060
1740976
1746016
1743586
1743047
1745477
1742489
1739357
1739077
1736225
1734416
1733866
1733663
1713905
1721555
1719707
1722605
1714955
1716859
1718707
1720516
1723504
1718464
1745400
1745939
1759855
1757951
1758231
1731295
1731845
1728947
1729150
1715234
1723088
1722593
1704881
1698257
1697165
1698419
1697165
1700297
1718009
1702999
1698439
1697329
1697049
1694771
1675531
1673722
1673172
1677732
1692742
1684888
1685438
1688290
1707530
1708622
1708902
1710012
1711821
1731579
1730487
1732765
1734241
1732765
1750477
1750801
1755841
1750801
1748559
1750801
1756885
1760101
1742389
1738924
1732840
1729624
1729300
1727860
1722217
1721347
1718215
1712455
1706015
1701080
1692386
1687826
1685978
1688966
1681316
1676066
1649130
1676066
1674470
1671470
1673318
1672064
1679714
1684964
1689524
1690778
1692374
1689386
1692386
1693862
1704662
1705118
1704623
1704420
1704623
1703147
1702307
1704647
1705142
1694342
1693886
1691546
1692386
1712144
1715042
1737506
1734608
1736512
1736792
1739690
1743554
1716618
1719606
1717746
1721586
1721262
1721801
1735717
1737565
1737285
1735381
1737229
1733389
1735249
1737058
1729408
1726510
1724662
1722853
1700389
1699850
1685934
1663470
1659150
1654110
1661760
1660248
1687184
1692224
1694654
1688446
1684582
1682734
1679746
1659988
1657558
1657882
1626634
1627504
1658752
1657960
1657090
1659520
1660312
1657882
1658432
1657882
1656286
1625038
1624246
1621816
1606806
1621816
1623412
1622158
1621288
1622542
1618342
1615342
1611502
1596538
1587130
1586580
1586085
1584645
1583775
1582521
1579713
1574853
1580496
1576226
1577666
1578161
1579031
1583301
1584555
1587363
1592223
1586580
1582380
1582056
1586256
1586580
1582020
1586580
1585104
1586580
1587360
1588960
1587850
1586002
1582138
1585270
1576576
1574976
1571112
1574976
1576230
1574976
1571844
1551648
1550868
1550028
1569268
1565818
1569268
1550028
1530270
1531110
1550868
1544244
1542384
1540338
1538826
1532202
1534050
1532190
1529292
1524972
1526820
1533444
1535490
1537002
1539280
1539736
1542868
1547188
1544910
1544454
1542606
1539474
1541334
1518870
1518030
1515984
1515528
1512396
1510548
1506228
1512852
1514898
1516758
1519036
1519492
1521004
1519564
1516576
1520896
1515253
1513741
1511463
1514361
1517493
1515589
1501673
1508297
1512567
1492809
1490949
1488509
1475349
1468725
1461075
1480833
1494749
1496609
1499049
1512209
1514113
1521763
1517493
1514361
1499351
1494311
1492871
1489007
1486019
1463555
1462715
1460811
1456541
1436783
1434935
1434095
1430645
1435685
1416445
1410045
1383109
1380873
1407809
1415459
1423109
1417466
1419896
1418300
1413260
1410830
1403180
1376244
1403180
1418190
1419786
1392850
1385200
1382770
1387810
1390240
1375230
1355034
1349154
1347642
1346850
1348362
1354242
1355034
1375230
1372378
1378818
1345218
1338778
1341630
1375230
1376830
1375230
1371765
1367565
1364667
1364387
1362483
1376399
1376938
1379926
1381830
1382110
1386310
1388158
1380508
1383973
1370057
1369518
1368078
1364628
1360764
1358955
1363815
1371465
1369617
1372515
1367655
1364667
1368117
1369557
1370349
1350153
1345953
1342953
1344465
1338381
1320669
1317453
1317129
1314887
1311047
1310255
1308659
1328855
1319447
1304483
1302971
1306835
1301795
1295915
1301795
1303604
1300706
1280959
1247359
1242319
1240843
1239619
1221907
1219279
1208479
1207843
1201963
1235563
1238415
1236815
1243255
1244855
1238415
1235563
1201963
1199685
1199135
1199674
1217386
1213066
1212516
1207476
1206937
1189225
1188433
1161497
1153847
1151417
1147133
1174069
1175581
1180621
1183051
1175461
1176253
1179565
1176253
1183843
1184393
1188713
1187201
1191485
1188269
1195919
1193021
1173781
1173657
1188667
1193227
1201081
1200801
1201351
1200259
1198450
1193890
1193687
1194941
1192089
1211847
1194135
1194338
1191206
1194338
1212050
1197040
1189186
1188906
1186054
1181494
1179685
1159927
1159724
1159174
1157920
1156810
1153822
1126886
1119236
1113986
1110986
1109138
1107542
1109390
1104830
1106426
1109426
1112414
1120064
1125314
1152250
1156810
1158064
1156810
1156315
1149691
1156315
1156810
1157902
1156810
1159708
1162696
1163235
1177151
1178999
1176011
1175472
1161556
1163365
1161461
1161741
1163645
1161836
1161044
1159196
1158916
1156018
1155562
1144762
1155562
1156402
1156858
1156363
1154023
1153183
1153386
1153183
1154659
1156999
1157494
1156018
1165426
1183138
1187458
1192018
1192338
1182930
1165218
1160898
1156338
1156018
1166818
1156018
1150978
1150108
1130868
1124784
1122344
1116701
1114841
1114001
1111193
1109939
1090181
1086731
1081871
1080395
1066479
1062209
1059779
1040021
1032371
1005435
1001115
987955
984955
983375
979910
969110
968615
961991
954341
952437
938521
934251
932811
928251
928575
928251
924051
928611
932811
917801
914669
929679
931275
932875
936007
934753
935533
917821
917497
916717
912853
911257
909657
913521
912651
912101
910847
912101
914999
883751
880853
878423
877631
873311
866687
864839
862793
859661
859205
857693
843777
841499
837179
834191
833652
831843
829995
827097
825237
824781
826685
824639
818015
816111
830027
830566
832375
834223
832375
835363
838261
837981
838261
836749
834889
832611
829479
827049
827373
812363
810767
783831
776181
771141
774981
773133
753375
754971
732507
729609
725745
740755
743653
748693
752557
775021
767371
764941
759901
786837
759901
767551
787309
789169
785329
783469
783145
784993
787423
785827
778177
773617
768367
767113
740177
737189
734189
732341
734189
733650
735459
738357
738896
740800
741080
727164
741080
738092
736188
735908
733010
731162
729353
732341
729209
727955
727405
719755
692819
687959
680309
680106
676974
675498
674718
670854
669414
687126
686631
684291
666579
646821
644391
636537
634937
629897
633029
634283
634486
654244
662098
666658
681668
678203
678753
674889
664089
663633
663430
662590
658030
643020
639570
635370
631170
635370
635046
630486
630810
635370
632058
636378
637890
633606
633067
615355
614563
606973
606423
606973
611257
611796
629508
630300
633612
641202
636882
635370
634578
632982
617972
616068
615788
612890
611042
590846
589037
586049
584537
570621
567723
567184
561304
567744
564892
563292
529692
532544
534144
567744
561304
559792
553912
533716
532924
533716
539596
541108
561304
560212
558958
552334
551839
553093
554693
557545
554693
548253
581853
548253
554693
553093
556081
556620
570536
572440
570536
568688
565700
567509
566970
572010
569112
569392
567583
569431
572329
574759
582409
609345
604305
601875
594225
567289
553373
553093
568103
566507
551497
553093
552773
548213
543893
526181
515381
505973
502109
500509
499729
496597
511607
516167
524021
543779
543982
526270
523138
524392
524942
509932
505372
497518
477760
477557
477007
475753
493465
496597
492733
490885
468421
468097
465199
461359
441601
439741
435541
440101
435541
439741
439417
439741
419994
419358
416730
399018
397794
386994
353394
348354
342474
340665
340385
339846
335526
321610
321071
320521
317533
314635
312787
311275
309371
308117
309371
301781
298469
297677
279965
275681
270641
255631
228695
221045
219449
217019
212459
209651
201797
200927
185917
185714
165956
159872
142160
138848
138298
135858
132408
131154
128022
127702
127378
123178
118618
112178
78578
76978
74126
74918
73406
74918
95114
89234
95114
74918
74126
40526
38926
32486
29634
28380
27588
21708
20196
0
