882
4758
8634
9729
13401
17769
13893
13011
16887
17769
14097
9729
5853
4758
9126
12798
16674
17769
17985
19641
20677
27973
24301
23419
22324
18448
14572
10204
11299
15175
19543
23419
24301
27973
31413
39045
40473
41403
52659
53754
79395
75723
71847
67479
66384
70056
74424
75519
79395
75519
74637
78513
79395
75723
71847
70752
66384
67479
71847
75519
79395
81705
81761
85121
101402
97526
93158
89486
88391
92267
93362
97034
101402
97526
96644
95549
91673
87305
83633
89313
90969
116610
117540
126164
127476
131226
134898
138930
177474
179644
185468
186287
189157
198957
199629
208953
225234
232302
232464
238784
241232
242114
241952
241070
234002
217721
215273
208953
216021
216903
217065
219513
225833
242114
239666
223385
216317
215435
215273
208953
225234
232302
232464
238784
239666
242114
236290
233420
224096
223277
213477
212805
205737
203289
203961
213761
212879
213698
213536
207216
213040
196759
199629
208953
215273
217721
218603
218765
235046
242114
235046
232598
216317
216155
215273
208953
209115
225396
232464
233346
235794
242114
241538
239368
197368
199538
241538
245570
247880
256504
264136
289777
273496
267176
260108
259946
259064
256616
257498
261374
260492
256616
260492
261374
252050
249180
248361
238561
237889
232065
241389
251189
254059
259883
260702
261374
257498
256616
260492
261374
262469
265049
265310
270990
267114
266232
267114
270990
270934
268624
252343
248983
252343
268624
268680
270990
267114
266232
240591
231967
224335
222025
229657
255298
257608
266232
266907
287775
285605
243605
239573
281573
285605
287775
288657
305982
306774
313094
320726
328022
343807
352431
352692
357972
358188
361248
362343
372801
414801
415641
419001
409201
408382
405512
396188
390364
389692
390511
393381
402309
412109
417933
418605
426205
432001
435877
436972
443292
446162
453794
455378
460180
473536
493556
493612
511322
512162
515594
516630
522086
529116
530428
531116
534548
547337
547547
551915
552755
554925
564725
606725
612549
623589
630657
632373
653241
661029
665397
669069
681858
683286
684870
687040
700000
713461
714301
714989
719201
732161
732422
733542
746331
747123
754419
775287
780171
788911
796567
801369
813885
839526
840646
843060
843942
849766
855562
857011
858847
868171
903115
910747
911867
931887
949597
955053
956365
959235
967975
975607
979999
984211
991811
1002269
1007949
1020909
1023309
1030339
1032753
1036185
1036401
1036611
1038060
1041810
1042020
1044468
1055724
1057324
1058908
1060357
1068013
1080973
1087453
1090033
1122373
1124543
1135001
1142069
1142125
1177069
1184365
1186765
1194553
1208853
1218177
1229097
1234893
1239105
1242345
1242839
1263707
1264589
1275047
1275722
1283322
1290390
1303473
1304593
1308265
1309385
1322468
1338749
1339844
1345640
1347092
1355832
1360224
1365720
1376640
1378224
1379064
1389522
1390722
1396402
1409191
1415239
1419115
1419643
1420318
1421158
1425043
1424647
1425322
1441603
1444843
1445515
1456555
1459411
1467199
1470559
1479883
1492843
1482385
1483057
1483219
1484038
1490086
1497874
1499824
1503700
1504795
1505587
1509799
1510835
1519459
1519515
1526984
1533304
1535704
1537132
1540072
1543312
1549792
1550632
1570652
1572962
1587749
1592633
1592423
1595863
1608946
1609738
1620994
1628626
1637250
1637938
1639390
1650310
1657378
1661770
1672627
1674055
1674295
1661506
1662958
1664158
1665040
1667620
1669790
1669952
1687662
1698120
1684764
1686420
1687092
1686404
1687286
1698542
1691246
1685422
1676098
1666298
1665479
1662609
1661937
1664807
1674131
1683931
1684603
1685422
1691246
1694306
1686706
1679638
1673318
1671734
1666932
1667460
1670520
1672830
1673925
1674961
1681991
1682485
1684795
1717135
1720195
1724071
1740352
1748976
1749144
1749405
1755257
1766114
1766276
1764848
1784868
1773828
1774356
1757031
1758981
1793925
1805285
1816205
1821713
1824293
1831949
1833261
1833933
1831063
1870135
1869015
1861985
1855665
1863297
1869777
1856988
1857198
1861230
1865442
1865226
1871546
1876348
1880224
1883284
1882876
1886044
1892944
1894039
1892944
1900240
1901896
1912936
1899976
1900664
1904024
1899656
1903532
1909000
1908739
1912951
1918631
1920581
1955525
1942565
1943447
1943975
1944215
1946525
1949395
1950847
1955649
1966689
1967217
1967478
1973274
1980174
1985970
1991650
2003010
2009688
2010480
2028190
2016830
2019244
2032204
2034154
2034364
2038756
2044436
2045366
2028041
2032409
1997465
2018843
2019635
2009177
2008057
2028925
2029717
2004076
1995452
1994682
1990866
1999606
1997192
1999502
2008126
2005712
2031353
2038985
2056941
2049285
2038365
2029041
2026461
2015101
2014429
1979485
1978173
1980753
2015697
2023353
2034713
2041453
2042125
2043437
2054357
2052641
2052697
2048329
2047209
2047265
2039665
2043541
2043703
2044823
2047237
2044837
2041009
2042458
2029375
2040232
2042680
2022660
2064660
2060268
2068056
2064696
2072328
2075388
2066648
2058860
2054984
2056412
2057724
2071219
2072647
2065351
2063767
2081092
2075296
2075536
2076211
2087131
2112772
2107888
2107213
2110653
2112105
2118783
2117943
2104983
2097195
2103873
2124741
2131419
2139995
2143235
2150891
2185835
2182163
2203031
2198229
2202105
2207929
2205759
2201727
2159727
2201727
2203897
2207929
2209357
2216387
2203598
2206658
2185790
2188190
2190360
2208070
2217394
2208654
2217394
2217226
2225966
2234636
2238512
2241572
2242260
2233636
2220676
2221170
2219858
2221307
2221067
2219755
2222169
2214569
2219371
2215939
2215057
2223797
2235053
2244377
2243065
2235409
2224049
2214725
2179781
2177201
2166281
2165609
2176529
2185853
2188433
2189105
2196761
2223713
2225025
2232557
2238013
2245081
2247251
2248070
2255702
2297702
2302504
2315464
2289823
2272113
2252093
2241236
2242028
2251148
2262005
2282873
2283089
2294009
2294681
2304005
2292749
2303789
2304477
2301045
2299950
2303190
2304009
2304270
2303430
2342502
2353359
2357727
2349939
2376891
2380767
2373699
2378067
2376618
2411562
2408982
2401326
2394846
2393262
2380302
2378853
2381433
2382882
2389362
2393503
2401603
2403187
2401587
2402379
2411297
2411985
2402185
2401975
2401813
2406025
2412345
2414793
2415829
2414809
2416121
2412245
2412455
2370455
2361131
2364071
2367011
2371895
2378375
2380823
2415767
2404847
2443919
2449743
2442675
2433351
2430111
2430783
2431819
2396875
2395219
2397633
2397105
2396313
2397765
2410554
2449626
2459426
2461596
2465964
2463756
2458872
2459712
2460642
2477967
2482359
2517975
2517303
2511479
2508609
2499285
2498466
2488666
2498466
2501336
2502008
2507516
2513340
2514159
2496834
2495798
2521439
2521383
2522202
2525562
2526598
2527480
2517022
2517232
2531532
2530316
2529434
2528398
2520766
2520598
2525482
2564554
2570350
2564894
2564633
2563184
2560604
2559292
2557960
2547040
2535680
2531852
2496908
2496236
2507596
2518516
2510884
2511046
2545990
2548570
2556226
2557538
2560478
2569802
2570621
2571293
2567933
2571965
2564333
2558537
2556587
2560955
2567435
2561979
2558919
2556987
2549199
2550018
2550706
2546830
2553508
2547684
2546100
2529819
2555460
2513460
2515176
2514896
2519108
2522348
2523932
2531532
2532220
2535160
2540984
2544860
2548736
2547896
2534813
2534138
2530388
2510368
2516416
2514016
2512921
2516797
2517679
2506822
2504652
2483784
2493108
2488896
2490480
2496528
2505968
2499920
2497610
2503406
2497582
2494712
2503336
2503174
2506534
2513014
2512958
2525918
2537174
2539574
2539358
2536944
2527620
2530680
2525000
2516260
2537128
2538248
2539964
2540132
2536256
2539928
2544812
2544137
2544377
2540165
2538713
2552069
2569779
2577435
2578110
2577582
2574150
2589270
2584468
2583016
2588472
2598272
2598068
2592272
2595712
2601344
2569004
2569844
2584964
2550020
2547440
2546128
2534768
2523848
2523176
2515520
2506196
2541140
2548796
2558120
2559432
2570792
2573372
2584292
2584964
2584754
2588504
2580872
2587472
2586653
2587445
2594513
2595395
2621036
2610179
2610341
2611377
2653377
2632509
2623769
2631425
2631635
2631845
2631005
2647286
2653766
2648086
2657130
2655180
2657580
2657418
2675128
2689428
2685036
2702361
2686080
2685819
2678789
2681189
2670269
2670763
2670235
2670109
2665307
2666963
2673641
2678443
2674231
2677903
2691259
2702116
2700289
2713078
2715248
2711036
2704988
2701112
2700424
2696984
2676116
2680508
2689132
2699989
2699317
2700766
2698596
2709432
2712302
2730012
2726652
2737509
2741385
2740593
2737533
2729901
2729213
2719889
2717579
2708839
2705599
2709631
2708203
2707003
2711215
2703427
2709251
2720108
2714312
2735180
2720880
2719431
2719959
2727027
2716569
2712693
2719371
2734491
2738241
2735401
2732821
2697877
2688553
2677633
2676321
2668665
2667993
2669305
2673315
2708259
2719179
2719851
2729175
2736831
2739411
2738316
2744140
2745260
2761541
2760421
2747065
2740585
2751043
2763832
2764651
2743783
2718142
2715272
2704016
2708900
2712068
2719537
2684593
2680201
2686025
2685764
2668054
2675122
2678290
2678074
2688532
2686084
2653744
2659792
2652160
2669714
2672294
2672084
2689794
2678538
2675178
2669498
2671946
2679415
2700283
2706331
2711215
2709903
2707733
2706803
2705963
2698895
2712251
2712926
2712601
2720389
2722105
2722599
2719539
2730459
2726981
2727037
2706169
2705959
2700279
2661207
2652537
2631669
2640409
2637995
2627075
2621395
2617909
2617415
2616921
2617740
2620980
2621190
2628790
2630218
2626978
2625522
2629914
2628819
2624943
2628303
2630883
2632467
2632257
2631582
2627214
2633694
2632266
2633106
2635056
2634174
2639970
2633292
2635008
2642664
2651404
2630536
2626168
2611868
2603244
2577603
2569971
2567661
2593302
2600934
2609558
2611868
2612078
2610626
2603948
2609628
2602950
2603166
2599290
2624931
2625771
2614914
2620546
2614722
2605398
2604579
2601709
2591909
2591237
2590565
2555621
2546297
2534937
2527281
2525969
2523389
2512469
2525435
2533091
2544451
2553775
2555087
2557667
2568587
2569259
2566319
2565791
2566610
2569058
2570153
2570209
2583169
2584481
2593805
2594645
2581685
2580845
2585057
2578157
2580571
2581099
2580280
2575912
2577862
2575912
2582392
2569309
2568189
2533245
2532209
2531417
2531207
2538503
2518483
2514811
2514139
2513347
2507523
2524848
2539148
2539316
2539154
2539682
2543432
2540984
2540296
2536084
2537536
2550892
2533182
2558823
2566292
2570168
2577198
2578626
2579662
2583874
2591170
2580313
2571689
2572377
2574033
2572584
2570004
2568420
2560764
2559144
2546184
2547633
2555289
2568249
2570829
2577309
2578893
2576479
2563519
2559127
2566423
2573491
2570431
2569661
2568233
2542592
2534936
2548292
2537252
2531825
2520785
2519966
2522276
2519108
2517816
2516364
2515689
2518559
2515499
2516291
2512079
2511239
2514479
2520959
2521778
2510738
2496438
2496932
2498381
2508839
2512199
2519831
2521781
2554121
2550681
2546805
2544635
2543947
2553747
2555059
2522719
2511862
2496742
2495158
2498028
2493816
2493648
2487600
2505249
2504154
2501094
2505978
2507178
2528046
2525876
2525300
2483300
2486125
2488295
2526839
2491895
2490583
2479223
2478551
2475971
2465051
2457395
2456063
2456735
2466059
2477419
2488339
2490919
2517871
2519183
2526839
2520359
2520575
2509718
2496758
2461814
2455334
2455094
2454212
2434192
2434432
2436602
2457470
2496542
2494886
2496335
2495495
2497909
2494669
2500717
2490259
2484463
2485499
2470379
2463349
2465659
2462719
2462663
2458787
2459823
2457513
2474838
2474310
2484768
2483886
2476230
2475300
2471940
2463316
2452396
2443772
2436140
2424884
2423432
2422640
2421952
2421280
2420244
2420460
2424828
2421588
2425956
2419476
2414020
2402764
2396940
2394770
2393570
2383112
2382950
2382824
2379282
2376702
2387742
2381422
2380540
2374060
2386849
2384449
2389905
2383585
2380525
2383105
2380655
2381537
2375713
2379153
2377437
2376943
2379813
2393169
2383369
2387245
2374456
2387539
2382655
2381836
2377804
2373928
2373718
2374390
2388690
2395368
2406225
2411109
2410581
2395461
2384604
2342604
2342865
2339805
2341117
2342701
2368342
2381131
2385523
2398312
2391016
2392616
2394216
2415084
2414396
2398115
2393313
2396481
2400849
2402298
2399718
2398406
2390750
2355806
2354474
2353802
2342442
2331522
2333122
2320333
2322049
2326081
2287009
2291401
2312269
2307467
2308667
2312417
2294707
2281918
2283502
2283712
2283472
2294728
2288932
2298732
2297280
2290800
2285916
2280092
2286572
2286628
2287156
2287948
2286616
2268906
2229834
2236314
2229636
2227686
2222694
2235483
2241531
2238171
2238227
2237435
2255145
2259177
2298249
2289509
2289089
2286149
2284700
2286650
2286389
2284733
2282319
2281283
2289071
2295971
2296133
2303921
2298241
2298185
2304863
2295539
2291789
2294957
2290925
2251853
2249405
2223764
2234621
2228825
2226377
2187305
2188905
2196561
2202357
2198842
2210098
2210938
2201614
2202142
2205574
2209014
2216802
2217684
2252628
2254056
2212056
2219712
2235993
2235305
2228793
2238117
2251473
2257153
2239828
2243068
2254108
2254348
2261248
2253592
2211592
2212712
2215772
2215934
2220146
2216270
2209790
2208971
2205299
2212367
2221037
2228105
2243225
2239475
2226515
2230391
2228221
2221153
2230953
2215833
2216625
2212593
2213087
2178143
2179799
2187587
2193383
2197133
2200883
2242883
2244332
2251362
2261162
2267482
2274512
2272928
2283386
2288188
2293868
2296738
2303806
2305255
2326123
2333723
2327927
2327252
2327468
2329767
2318910
2311310
2315186
2310974
2311646
2312486
2304830
2297361
2317161
2316321
2315009
2307540
2268468
2263584
2257104
2250036
2241296
2241506
2252762
2235052
2229004
2225764
2222596
2218720
2204420
2203745
2200505
2200667
2198267
2199387
2204189
2194865
2194177
2195272
2181916
2194999
2196599
2202279
2185998
2186838
2186019
2220963
2224839
2222529
2209173
2206773
2219562
2222142
2219728
2221180
2221236
2206116
2248116
2248172
2249772
2253012
2255460
2261780
2278061
2278223
2285291
2286173
2303883
2303091
2293767
2335767
2335711
2331319
2292247
2282447
2293807
2299867
2296997
2297816
2308736
2298278
2297784
2308704
2310132
2335773
2339649
2338977
2333153
2341893
2343477
2342441
2335373
2330489
2324857
2326513
2329945
2329705
2332119
2333835
2320479
2318169
2301888
2301832
2298472
2314753
2317063
2317119
2320479
2320641
2323881
2340162
2337222
2331590
2332520
2339989
2339301
2339357
2340557
2339885
2348509
2351749
2369459
2411459
2412389
2413509
2396184
2397114
2396232
2399664
2420532
2415648
2418588
2416008
2418422
2422172
2423484
2420904
2416512
2427432
2421112
2420230
2420068
2403787
2401339
2394271
2401339
2403787
2404669
2420950
2421112
2427432
2431800
2439096
2444920
2445956
2485028
2492324
2491532
2490713
2492297
2492087
2490775
2494447
2501347
2498899
2497779
2504679
2515137
2535157
2530945
2530105
2531689
2530594
2544894
2579838
2562128
2557736
2559185
2559860
2549402
2575043
2573731
2548090
2559450
2555238
2553288
2552448
2555508
2566764
2556306
2555106
2541750
2545422
2532633
2531184
2524704
2511744
2510160
2502504
2499924
2496261
2488629
2486319
2477695
2480005
2505646
2513278
2521902
2529371
2531321
2520464
2522414
2515736
2533446
2530006
2509138
2511088
2490220
2497288
2496406
2496934
2499244
2500696
2499096
2494728
2494890
2500570
2500786
2506582
2510950
2502326
2505766
2501890
2499442
2499280
2498398
2491330
2485010
2468729
2471177
2472059
2488340
2494660
2501728
2501890
2501071
2539615
2542555
2545425
2545263
2540871
2545239
2551917
2544621
2544789
2543753
2557109
2589449
2602532
2606282
2607594
2600916
2601444
2597694
2630034
2669106
2667899
2667737
2674637
2676237
2683869
2672829
2666781
2677821
2686041
2680217
2677347
2683027
2662159
2667839
2677163
2677325
2709665
2709926
2713166
2726522
2726738
2726906
2723546
2697905
2701781
2704651
2700283
2682958
2673158
2684078
2680202
2666846
2665130
2662730
2654942
2662598
2651342
2644664
2640272
2632976
2622119
2612795
2613614
2611444
2643784
2644312
2645740
2642572
2640622
2639782
2645830
2634910
2628430
2637100
2640268
2640436
2638486
2639581
2640269
2633201
2632319
2629871
2623551
2607270
2607108
2609556
2609718
2610600
2616920
2633201
2640269
2633239
2627443
2626949
2652590
2660810
2659970
2659178
2656010
2673720
2667672
2667144
2666650
2665222
2668092
2682392
2675492
2675276
2680078
2682526
2683978
2685427
2688595
2687923
2692135
2666494
2666662
2668378
2665138
2630194
2634070
2635165
2640621
2639172
2640600
2632944
2632174
2631646
2647927
2649877
2652747
2670072
2668472
2672504
2651636
2668961
2667377
2665721
2665665
2682990
2682780
2675880
2678294
2680244
2680028
2678576
2696286
2697870
2692414
2695582
2695006
2697586
2695870
2699746
2698906
2701216
2700016
2693968
2690296
2693968
2690218
2694094
2701563
2693963
2693144
2687096
2685329
2672540
2674196
2682866
2682704
2675636
2674754
2668434
2665986
2649705
2652153
2653035
2660103
2676384
2676546
2682866
2681150
2697431
2684075
2683499
2681329
2639329
2660229
2649771
2647601
2631320
2636952
2623596
2627628
2669628
2671798
2675238
2673654
2659354
2651698
2654568
2655880
2663480
2653680
2654208
2644408
2636620
2637550
2637718
2630650
2632600
2636968
2649757
2649701
2649645
2660502
2660292
2671332
2674202
2673082
2705422
2709342
2710014
2697225
2676357
2677029
2659704
2656464
2663142
2680852
2682304
2675236
2667448
2665999
2666671
2666503
2668087
2647219
2660575
2652943
2652887
2648519
2646105
2635065
2636517
2653842
2653314
2637033
2630713
2630551
2623483
2621035
2620153
2608897
2611957
2601499
2615799
2614199
2588558
2581262
2580768
2574090
2572778
2537834
2540894
2534574
2492574
2491479
2489879
2496947
2502771
2503265
2510561
2536202
2543232
2547264
2521623
2532879
2531295
2534165
2544623
2546223
2544639
2549031
2541735
2541519
2540483
2538827
2558847
2560503
2559573
2561173
2560053
2599125
2605173
2612829
2609389
2603709
2616498
2615070
2606330
2595410
2584553
2575813
2572453
2579749
2576879
2586679
2586841
2598097
2596381
2592709
2592653
2579864
2580104
2579068
2581516
2583916
2585036
2586464
2597720
2603768
2608652
2627520
2636325
2638905
2613264
2613474
2614594
2612014
2624062
2622942
2629620
2630208
2615908
2626366
2613577
2616157
2617357
2634682
2638558
2645854
2646784
2672425
2704765
2719065
2732148
2742548
2737664
2744342
2743306
2743567
2749247
2751827
2753543
2757419
2744336
2726626
2720946
2723816
2733616
2694544
2692234
2698554
2698338
2696738
2703768
2696868
2700228
2711085
2699725
2720593
2703268
2701684
2700235
2708859
2707823
2700527
2693627
2692027
2724367
2735623
2734804
2739172
2722891
2723683
2722234
2711314
2711842
2679502
2692462
2727406
2726614
2739697
2747329
2742445
2744395
2729275
2764891
2753971
2758183
2740473
2737033
2735433
2732373
2728341
2741130
2736762
2733902
2729690
2731406
2770478
2771297
2771081
2768211
2776881
2783201
2786561
2787236
2797036
2793160
2789728
2785360
2794030
2798062
2796346
2802826
2806702
2811070
2814238
2813446
2820742
2823682
2820514
2829254
2842337
2835857
2844481
2840731
2833262
2822006
2821076
2821764
2817888
2817832
2818714
2826010
2820214
2819974
2820190
2827822
2820166
2818738
2821678
2824548
2819746
2794105
2761765
2748682
2706682
2706943
2674603
2674441
2668761
2659437
2659221
2645865
2645604
2642364
2648044
2661400
2661661
2694001
2694163
2694379
2697619
2706943
2693587
2704843
2690543
2690381
2688929
2681460
2689092
2682612
2700322
2705778
2706306
2706138
2711770
2713426
2719222
2717272
2714032
2727388
2734857
2727388
2731264
2727832
2733288
2733498
2733992
2733464
2735774
2718064
2685724
2699080
2696500
2696290
2689222
2685982
2697342
2717362
2696494
2694544
2691104
2691896
2690312
2703395
2700155
2704367
2704577
2701707
2714496
2711626
2704596
2695926
2697238
2694658
2691598
2690149
2686273
2684323
2683795
2701505
2702345
2701033
2697283
2708539
2702859
2714907
2712957
2708745
2708955
2701167
2702097
2713457
2709425
2716721
2715272
2716308
2723208
2736291
2736030
2753355
2754030
2754558
2758950
2770586
2771786
2771098
2767426
2766496
2770888
2809960
2851960
2860630
2875750
2882650
2883144
2872686
2864016
2860140
2857830
2850198
2841574
2815933
2824557
2828769
2818969
2821279
2828575
2867647
2866063
2873695
2880991
2881679
2907320
2905736
2904917
2906867
2901411
2900736
2901936
2904806
2901374
2907694
2906242
2904295
2904457
2904289
2909969
2898929
2885846
2888260
2878460
2878298
2878559
2874809
2863952
2876622
2875194
2874666
2912778
2911896
2911635
2912755
2870755
2863459
2883479
2884791
2877135
2874195
2872767
2870353
2887678
2913319
2916991
2918027
2918083
2925151
2925839
2943164
2949484
2952064
2984404
2997487
2977467
3016539
2990898
2990730
2994606
2983350
2990380
2993320
2998776
2977908
2973106
2972866
2972704
2965674
2964362
2961948
2954316
2953196
2936915
2936753
2935153
2933497
2927701
2927533
2924663
2923823
2916167
2901867
2893243
2888251
2855911
2854195
2849803
2849747
2850629
2854505
2845765
2803765
2768821
2761221
2750301
2744621
2742173
2736349
2735419
2731669
2730217
2725849
2721481
2689141
2688613
2683621
2683411
2677363
2675707
2672867
2672339
2661083
2635442
2635226
2596154
2594705
2555633
2542844
2538968
2536098
2535216
2533696
2531980
2525932
2517262
2516380
2512504
2513386
2517262
2491621
2459281
2456113
2439832
2439622
2426266
2425578
2422638
2380638
2380062
2377892
2374016
2373854
2372198
2374368
2416368
2420400
2407044
2404644
2397966
2385177
2384317
2381149
2378089
2366729
2359433
2342108
2324783
2285711
2282271
2273601
2272401
2252381
2235056
2227760
2214677
2210645
2192935
2192263
2179474
2170734
2159877
2156001
2138676
2125593
2129469
2130564
2134236
2138604
2099532
2097816
2097872
2117892
2110992
2109042
2101746
2098876
2085520
2085259
2085043
2075719
2043379
2043217
2039977
2034297
2066637
2079993
2080254
2085934
2086096
2089336
2089552
2098876
2095000
2077290
2069658
2056302
2052090
2040834
2029474
2027874
2026838
2025743
2021375
2015695
2011819
2010937
2014813
2015695
2012825
2007001
1965001
1923001
1908701
1908029
1905159
1903847
1901537
1901321
1897289
1886033
1882157
1881062
1876694
1873022
1876898
1881266
1884938
1886033
1868323
1855240
1848210
1845042
1833786
1828154
1825706
1824866
1819234
1808194
1804318
1798862
1792382
1784750
1778430
1775262
1771902
1761444
1757568
1752112
1751017
1750087
1748659
1741027
1737587
1726331
1700690
1701620
1705060
1706488
1714120
1739761
1751017
1752112
1748440
1744564
1740196
1739101
1729301
1730396
1734764
1717054
1720930
1724602
1717924
1709254
1683613
1682925
1672467
1668795
1664763
1660887
1658937
1657842
1653630
1635920
1635128
1631252
1630370
1634246
1626614
1627496
1620200
1617140
1616468
1615974
1615734
1614282
1613162
1600373
1598945
1596495
1595565
1594877
1562537
1558865
1556285
1555249
1537924
1537868
1530800
1524480
1527060
1530732
1537052
1537108
1538144
1570484
1587809
1594877
1595565
1591893
1587525
1583649
1582554
1586430
1587525
1591893
1595565
1581265
1578395
1574027
1569815
1563137
1561481
1548398
1516058
1504698
1500822
1486522
1460881
1459951
1452655
1453585
1485925
1499008
1506304
1510180
1521540
1535840
1561481
1548125
1509053
1502375
1460375
1453307
1453097
1452857
1452329
1450379
1444923
1440121
1427161
1424991
1417923
1417104
1375104
1371288
1365832
1340191
1337251
1335799
1328199
1327705
1323829
1319461
1315789
1314694
1318366
1322734
1323829
1327705
1327211
1294871
1277546
1277336
1270436
1269554
1265678
1264886
1264211
1261631
1254335
1237010
1235698
1222342
1222132
1214500
1205876
1203566
1177925
1186549
1194181
1219822
1222132
1221313
1216945
1215850
1211482
1207606
1203934
1208302
1212178
1215850
1216945
1216270
1216009
1198684
1191388
1190268
1181598
1160730
1159302
1156722
1151838
1151558
1145510
1128185
1107317
1096061
1098641
1100069
1120937
1122057
1133313
1150638
1155522
1161570
1141550
1138680
1140396
1150196
1158820
1161988
1163938
1167814
1182114
1194903
1191543
1185747
1179427
1166467
1165372
1161700
1157332
1153456
1153294
1150424
1111352
1110040
1100240
1091616
1091400
1088160
1087899
1074543
1068863
1036523
1036361
1027037
1027199
1059539
1062779
1076135
1081815
1082031
1082292
1090392
1088442
1075359
1033359
1026329
1006309
997685
995375
956303
954647
950255
949994
932284
939580
939340
940222
947691
940222
901150
898210
886954
879658
879130
840058
838858
834982
834454
814434
814378
834398
834454
814434
807534
801214
796822
794408
792238
788206
746206
788206
790376
794408
788088
788032
785452
768127
764455
763767
731427
730391
723323
708203
695120
689440
686500
686444
684134
680774
664493
666803
670163
686444
686500
686284
676960
663604
657924
657663
654423
654261
621921
622182
635538
667878
668094
671334
677014
686338
686500
685188
659547
655875
654945
649265
645515
636891
635235
636547
640297
641227
644899
670540
679164
680820
686500
678868
676558
667934
642293
667934
675566
684190
686500
685072
680860
673830
672794
665325
661449
668479
675948
679824
680860
685072
686500
682624
668324
667394
641753
628670
621374
610014
577674
589034
602117
609413
612499
613429
645769
671410
675286
676886
683366
685814
687126
693446
706235
708545
688525
688469
688525
708545
666545
662513
660343
662513
666545
708545
705965
699917
698797
698593
677725
666469
661585
644260
645688
656944
658064
664112
681437
686321
688901
709769
709508
709346
700022
694342
694126
661786
658546
645190
645352
648592
657916
658132
658393
664073
696413
709769
701145
701089
693620
692192
691792
685472
691792
700416
701844
709313
709369
711769
713353
719833
720715
724591
725791
726007
726682
731074
731242
732958
733452
735866
736748
735866
731990
732872
736748
728124
720492
718182
692541
700173
702483
711107
736748
735866
731990
735866
736748
716728
716672
736692
736748
731068
698728
695488
695227
695011
681655
681493
672169
704509
704770
714094
714256
714472
717712
731068
736748
725388
724458
710158
702862
670522
666646
664777
639136
652219
663579
689220
693096
694026
708326
715622
736522
732646
731764
732646
736522
775594
783226
797526
813807
816221
858221
871181
875983
882893
875597
874715
867246
874715
882011
882893
879017
878135
874103
871933
829933
829672
823992
822897
820317
820578
821673
824253
829933
830969
834329
873401
873611
865979
863669
838028
829404
829188
796848
783492
783231
783069
779829
770505
764825
797165
797381
806705
812385
812547
812808
816048
829404
828284
822236
820808
815924
798599
777731
775151
763895
765323
770207
781463
797468
798588
801168
803960
824828
824772
804752
793392
790532
783236
782306
756665
743582
739706
707366
714662
715592
728675
731344
742704
768345
778707
784487
785369
785531
791851
798919
801367
817648
817432
817270
807946
794590
788910
756570
753330
753069
766425
798765
802005
807685
807847
808108
815272
815488
816937
818521
825001
837961
845617
848197
845783
838151
823851
781851
764141
761981
757179
718107
701826
706628
722909
740619
779691
782105
795065
802697
816997
858997
852677
852515
836234
833786
826718
825836
828284
835352
836234
852515
852677
858997
842716
840406
837046
836990
853271
856631
856687
858997
851929
845609
844727
828446
828284
825836
832904
833066
835514
836396
842716
858997
847637
829927
829135
822457
829135
846845
847637
854545
850669
842045
827745
814956
813006
809838
800038
798322
811111
820911
835211
837161
845785
847501
850669
854545
848225
845777
829496
822428
821546
821384
822266
824714
831034
831196
847477
854545
848225
845777
844177
837697
836385
834075
821286
823596
836385
837697
844017
845617
848065
854545
851185
850975
811903
810867
794586
792138
791976
784908
784026
777706
778588
794869
801937
804385
810705
810867
803799
787518
781198
780316
780154
777706
777544
777283
776203
743863
738183
728859
715503
715287
715548
721228
734584
743908
776248
779488
779650
779866
778984
771688
764219
771515
778984
779866
781466
791266
792578
793106
805895
811527
825827
843152
846212
844628
838148
830492
829043
816083
813503
821159
834119
835568
842048
843632
846212
834956
832376
826328
824700
803832
802404
785079
783959
789755
801115
801955
787655
786725
779429
766346
762683
730343
726467
723627
736710
762351
794691
798567
799497
810857
825157
832453
831417
824387
822959
818747
814871
807402
814432
818644
819680
823556
824984
832453
793381
793120
787440
782638
768338
735998
735782
735620
717910
708586
700954
687994
671713
658357
616357
613117
610703
623663
665663
679963
682377
721449
737952
754233
759035
766667
773147
779825
791185
797863
803495
824395
830555
839179
836599
835015
827359
814399
807919
806470
819430
822010
828490
836146
837730
839179
836119
834519
821730
818870
815405
814877
813565
807933
798133
815458
828247
836823
838423
844055
844583
858883
860195
863255
860385
839517
833837
829035
827586
820518
818998
821868
842736
845884
851564
858632
860081
864883
850583
837500
830204
829274
817914
785574
781698
756057
781698
793058
806141
807071
814367
846707
852487
856363
865687
866999
877919
912863
924223
931879
934459
935131
933547
930967
924487
923038
910078
902422
891062
889750
887170
876250
866926
866254
858598
823654
826234
826906
834562
835874
846794
877194
888554
897878
908735
909617
913493
874421
856711
842411
837609
795609
794402
786770
773810
757529
775239
788867
791281
804241
809043
851043
890115
906396
914028
912716
902916
888616
882984
865659
864059
860999
860471
847682
865007
868067
869667
870979
876611
877139
889928
899728
914028
911448
876504
867180
859524
848164
847492
836572
835260
870204
872784
880440
881112
892472
901796
912716
914028
913146
909270
913146
914028
913146
905850
898381
905677
913146
914028
911718
908358
892077
892021
891349
879989
845045
837389
836077
826753
815833
813253
824613
825285
826597
829177
838501
846157
881101
892021
889573
883253
881941
875461
862672
860362
858762
871551
872863
879343
880943
883391
885701
892021
891139
887263
888145
892021
881101
880429
877849
870193
835249
823889
814565
813253
814565
823889
826469
861413
872773
883693
891349
892021
891139
887263
888145
892021
881101
880429
879117
869793
867213
855853
820909
813253
814565
822221
824801
835721
836393
847753
857077
884029
884821
885640
898996
900580
901268
901430
914513
918545
924225
945093
948033
951465
962721
958845
957963
967287
972967
973655
974855
975891
982921
983761
986821
987509
988197
991257
993671
994463
983103
976425
983103
994463
1007252
1010684
1014356
1028656
1040016
1042956
1045266
1066134
1069494
1082283
1093323
1094163
1099843
1099899
1102839
1107231
1109181
1148253
1149183
1149444
1156913
1164545
1165233
1166682
1192323
1192379
1194689
1180389
1177549
1170253
1144612
1140736
1127653
1126723
1094383
1108683
1120043
1152383
1165466
1191107
1194983
1195913
1203209
1207601
1213281
1219329
1230186
1234988
1200044
1199372
1191716
1180796
1169436
1168104
1166792
1164212
1164884
1176244
1187164
1194820
1197400
1202896
1204208
1231160
1231216
1238685
1242717
1255677
1256365
1257157
1271945
1275377
1296245
1304985
1336118
1345442
1354182
1362852
1369882
1372942
1379972
1386650
1392282
1393318
1394746
1398778
1405808
1420658
1424408
1425338
1426433
1430309
1440767
1446635
1447307
1448891
1453259
1464515
1465967
1467917
1468079
1468607
1484888
1485770
1489210
1496506
1496668
1497788
1497260
1482960
1481648
1464323
1458691
1457091
1454031
1444231
1431442
1444231
1449863
1467188
1468788
1469316
1470628
1473688
1483488
1497788
1486868
1483040
1482368
1447424
1436064
1433484
1432172
1430840
1457792
1467116
1478036
1485692
1487004
1489584
1490256
1501616
1509404
1511060
1511942
1553942
1557818
1562030
1562198
1573055
1583975
1588367
1596023
1596284
1596500
1614210
1614738
1615557
1633729
1648029
1650477
1655933
1656608
1655513
1652073
1651143
1639887
1632255
1606614
1605186
1606116
1613748
1615176
1626432
1627527
1653168
1656608
1661450
1678775
1678831
1681411
1687731
1688613
1693497
1701129
1701291
1726932
1741232
1742114
1747570
1782514
1784684
1792316
1793108
1804148
1804967
1801535
1809683
1819483
1823875
1825303
1834043
1839413
1852373
1854089
1861385
1872745
1859662
1866304
1869472
1870144
1881184
1883598
1884126
1888518
1890966
1891206
1893654
1894326
1900150
1901350
1898290
1901962
1922830
1922011
1926813
1930845
1931727
1943087
1947119
1948214
1939590
1937190
1929721
1929665
1923345
1921917
1935000
1940680
1948312
1950712
1958008
1964328
1964568
1966284
1967712
1973960
1981429
1981485
1980813
1945869
1943289
1935633
1934321
1924997
1913637
1902717
1910186
1912586
1913898
1920928
1931064
1938720
1958740
1960456
1960696
1961732
1974692
1980740
1984772
1985892
1998852
1999014
2011803
2016171
2015483
2014034
2018402
2022074
2022762
2022972
2032772
2033808
2042478
2046510
2035653
2046510
2040830
2043230
2043470
2043632
2050532
2058001
2064481
2074281
2073245
2072038
2057738
2040028
1998028
1993226
1985594
1972634
1956353
1917281
1930241
1969313
2011313
2016115
2033825
2041457
2055757
2058171
2074452
2078658
2081718
2113206
2109534
2120391
2126871
2130747
2135115
2136210
2143866
2145450
2158239
2152559
2159627
2157677
2153801
2152085
2143461
2130672
2127504
2113204
2103404
2112028
2115904
2117620
2127420
2140209
2154509
2157677
2159627
2162687
2164139
2165795
2166831
2169141
2176171
2143831
2150151
2148201
2141721
2139495
2145975
2151693
2159481
2156049
2163079
2164679
2170135
2170807
2176631
2168999
2169527
2170955
2188280
2194104
2202728
2210384
2203354
2204236
2205118
2191762
2189348
2224292
2228684
2241473
2241683
2249152
2255472
2256312
2257761
2258601
2271561
2310633
2311127
2343467
2344139
2351608
2344139
2348941
2351811
2347935
2327067
2332699
2340487
2337547
2316679
2317609
2326933
2328883
2336539
2347459
2348299
2348137
2352529
2349469
2360725
2359689
2368359
2375037
2385495
2387445
2386873
2390305
2397373
2395789
2396629
2399689
2401639
2402133
2405193
2406123
2412443
2412182
2415052
2411020
2413330
2420962
2425764
2432442
2448723
2455753
2450297
2417957
2429213
2429051
2432483
2425453
2424333
2429217
2439017
2456342
2455550
2459708
2470565
2459205
2467829
2456789
2448049
2449361
2453237
2453498
2454173
2453957
2453075
2446755
2447791
2453615
2449247
2454703
2461999
2451541
2451757
2447545
2449993
2457462
2447662
2450722
2453122
2457514
2456394
2464026
2465338
2444470
2446640
2446850
2435993
2441789
2450459
2449619
2452979
2452049
2461373
2462045
2457161
2458613
2457518
2462974
2459614
2463490
2467366
2460886
2453098
2455408
2458768
2460484
2466532
2475856
2473906
2473666
2466034
2469394
2470706
2470018
2471968
2473168
2467488
2466696
2473176
2458876
2457676
2475001
2474473
2487346
2515486
2508456
2510626
2523586
2532256
2533376
2540976
2538562
2538142
2540092
2547880
2548048
2547166
2560249
2557309
2547509
2545793
2536469
2525429
2519973
2518373
2515313
2522969
2524418
2526018
2525814
2524884
2512095
2511407
2485766
2472806
2472014
2471774
2472974
2472918
2473179
2467499
2468381
2467562
2476186
2489269
2491439
2493749
2498551
2487191
2483705
2483915
2470832
2498720
2515001
2512421
2526721
2527393
2527183
2540539
2542123
2533453
2536033
2521733
2510373
2509337
2517125
2520557
2532373
2511505
2498716
2489392
2493784
2494459
2487391
2494923
2484003
2487675
2480997
2448657
2452329
2458377
2455929
2457381
2468238
2469438
2473314
2471004
2453294
2455694
2444438
2442838
2433038
2431726
2431198
2428138
2422506
2409717
2392392
2378092
2395417
2398477
2399789
2409589
2411189
2425489
2431121
2443910
2444438
2431478
2444834
2448274
2447179
2448109
2430784
2430096
2431696
2424227
2435147
2435966
2439716
2445396
2451028
2443732
2430649
2419289
2386949
2361308
2357432
2343132
2342202
2343132
2356215
2360091
2367387
2378747
2411087
2425387
2451028
2446636
2462917
2463133
2460263
2471623
2466821
2477678
2476886
2494596
2500052
2490728
2495120
2500800
2461728
2489360
2485544
2486219
2489279
2489223
2484831
2483403
2493378
2507678
2501630
2500318
2511358
2511190
2498230
2497390
2503070
2503126
2509606
2509078
2509766
2516834
2522466
2518434
2524258
2521948
2509159
2508997
2508157
2488137
2489337
2486889
2485557
2489307
2490963
2484063
2487231
2491348
2491292
2483996
2469696
2472936
2462079
2461391
2458943
2464767
2471445
2462705
2458337
2451659
2453087
2449572
2451000
2443970
2438338
2440752
2438526
2431057
2430175
2429293
2427123
2434755
2432805
2458446
2456046
2454830
2453948
2446479
2453775
2454657
2462126
2452326
2445030
2440638
2447706
2408634
2409322
2409583
2416063
2419423
2430280
2431732
2428672
2428912
2443212
2450112
2450952
2465252
2472721
2471191
2470096
2472510
2468118
2471178
2467302
2460272
2459236
2455024
2454820
2447351
2446581
2450793
2451829
2451141
2450349
2449677
2454479
2461509
2469141
2463093
2464521
2466237
2473706
2477582
2468842
2471012
2486172
2486964
2474175
2467855
2464313
2503385
2503601
2496571
2497099
2497261
2497936
2515261
2517661
2514211
2506915
2498245
2500693
2494213
2491153
2480296
2487592
2480123
2485755
2482083
2481395
2470139
2469929
2476249
2475213
2475707
2474825
2473705
2469673
2474557
2477617
2494942
2511223
2516903
2518619
2517800
2510168
2510429
2507069
2506397
2500573
2500045
2506365
2495325
2510275
2504227
2507667
2533308
2526012
2527440
2530380
2521710
2521971
2509011
2507559
2518919
2518863
2518653
2526285
2527869
2520081
2529581
2530421
2529109
2525281
2524399
2527831
2560171
2557861
2563685
2562101
2559701
2563061
2565371
2544503
2544341
2548013
2537555
2533679
2533735
2529367
2536999
2569339
2565463
2557675
2563723
2563147
2558755
2566411
2581531
2573899
2574718
2582374
2581702
2581534
2564209
2562897
2573754
2565130
2574930
2577870
2572414
2571739
2570287
2568571
2571441
2570769
2573079
2578711
2578549
2573665
2572629
2565160
2566000
2562250
2566000
2568448
2568280
2562484
2551124
2562484
2568280
2569120
2568904
2577574
2577784
2590744
2587279
2595067
2591627
2590043
2597073
2599243
2602183
2605053
2615910
2599629
2596569
2596329
2593881
2595193
2595454
2598034
2602066
2601394
2598034
2594002
2594677
2593228
2604588
2593731
2604987
2605869
2608739
2607023
2599367
2600816
2589456
2582778
2581122
2581362
2584422
2595782
2596457
2603135
2602895
2607263
2617063
2620939
2578939
2568019
2569619
2573831
2580899
2567939
2568149
2579509
2590765
2601622
2600194
2601794
2594138
2593319
2593058
2608178
2603786
2597466
2588842
2600202
2599002
2597795
2596079
2595863
2594981
2590589
2590095
2589420
2589252
2590968
2591462
2592344
2596736
2599150
2599318
2599534
2600734
2601409
2599753
2598037
2594287
2592631
2566990
2561310
2560110
2560326
2559014
2550390
2547990
2563110
2559438
2558508
2584149
2589829
2591485
2592415
2596165
2604789
2608461
2609773
2605741
2605579
2605339
2604811
2565739
2558083
2558323
2559011
2557427
2565791
2530847
2529395
2525003
2499362
2507942
2496582
2509371
2510823
2475879
2472003
2479299
2470629
2468679
2462855
2478650
2479745
2479801
2476129
2472697
2471815
2469865
2454745
2454169
2455618
2490562
2490772
2486380
2475124
2481444
2513784
2510914
2503282
2490322
2474041
2432041
2417741
2378669
2360959
2358545
2353743
2348063
2343261
2335629
2335685
2336373
2335491
2337075
2340951
2380023
2381223
2380548
2383128
2375340
2384664
2377195
2370875
2375677
2377105
2377321
2379735
2366652
2387520
2371239
2374299
2368619
2357762
2358554
2353752
2355922
2355082
2351410
2365548
2367718
2360249
2359577
2360249
2393969
2433041
2420252
2415450
2422518
2416886
2409230
2410886
2416682
2411050
2412478
2415910
2428870
2436470
2404130
2417330
2422132
2421871
2422966
2414342
2421020
2407664
2410244
2415046
2380102
2383852
2379976
2405617
2401249
2402179
2395111
2398171
2400571
2406891
2407419
2405193
2408865
2409901
2414293
2439934
2430610
2426734
2413651
2414771
2419787
2432747
2437139
2435519
2446879
2407807
2410677
2409477
2398620
2392988
2392494
2386814
2386320
2390070
2383002
2386170
2388570
2384178
2385490
2390374
2384550
2385645
2392675
2394331
2393401
2394283
2378002
2379952
2387020
2407888
2414956
2407926
2418966
2419494
2430750
2450770
2456450
2455956
2454240
2455552
2457952
2466692
2470364
2471459
2470787
2473847
2484704
2473344
2473554
2458434
2450802
2476443
2482123
2483005
2480557
2472901
2470591
2471266
2479936
2487232
2476375
2468743
2463287
2461835
2456379
2459811
2469611
2469395
2467225
2468107
2457187
2456257
2464997
2472597
2471285
2465653
2448328
2446018
2438230
2421949
2421109
2418799
2406010
2399530
2397930
2391610
2389162
2387850
2390160
2391760
2393072
2399552
2402000
2414789
2421109
2430433
2436481
2436742
2431062
2429613
2429352
2430040
2437070
2440742
2435286
2430484
2450504
2437715
2436403
2434803
2431743
2429293
2411968
2411440
2408580
2402948
2420273
2421585
2427217
2428817
2429345
2432405
2446705
2459494
2469294
2466234
2466922
2473402
2465614
2468194
2460562
2457202
2455890
2457490
2451694
2454934
2462230
2463160
2464360
2467720
2469436
2468596
2466880
2467975
2506519
2501635
2490379
2498011
2493209
2493265
2482408
2479168
2479330
2478490
2478229
2480179
2481628
2467328
2465018
2474818
2475637
2495657
2494817
2488993
2496593
2488961
2487011
2485411
2487127
2475871
2466071
2473703
2472667
2476027
2468997
2462097
2468417
2469089
2460419
2461301
2495951
2498121
2499003
2481678
2474078
2477750
2471430
2482287
2486163
2485923
2479455
2494575
2493900
2468259
2468055
2464623
2447298
2448498
2447568
2446893
2451261
2458893
2455017
2445693
2434333
2434277
2444735
2433375
2435091
2431659
2428719
2443839
2446709
2454497
2467457
2454497
2453657
2453601
2460631
2460421
2477746
2478240
2486028
2497284
2503764
2545764
2532975
2500635
2497467
2495053
2484196
2483935
2482335
2485275
2484603
2487543
2505253
2491897
2488021
2488840
2490289
2491945
2488195
2485325
2482875
2480475
2479800
2476440
2478750
2481164
2479214
2477762
2487086
2486876
2487912
2489340
2488410
2487528
2474568
2483192
2482616
2489684
2487270
2480950
2480262
2474438
2460138
2451468
2444172
2431089
2419729
2415853
2414923
2389282
2356942
2354082
2346482
2343422
2301422
2297546
2296451
2297126
2301002
2298422
2292374
2302832
2302622
2307506
2307767
2314087
2313399
2306919
2308039
2302215
2298783
2281458
2290782
2298438
2298966
2282685
2288365
2291533
2288173
2284501
2290133
2283065
2278263
2281431
2288331
2295361
2295601
2301649
2333029
2332237
2334637
2335477
2333821
2322461
2315165
2316285
2314115
2320793
2325005
2328173
2344454
2350774
2383114
2386990
2385790
2384590
2386042
2388352
2373232
2374681
2372267
2371147
2378935
2365579
2370463
2361139
2363553
2363292
2364174
2362004
2360576
2365460
2364785
2376145
2379015
2382687
2389983
2390477
2401733
2400421
2403001
2396323
2395635
2375615
2377925
2375345
2378405
2381275
2378875
2382547
2378719
2361394
2371852
2370252
2352542
2355982
2355100
2357548
2357238
2356550
2350726
2355528
2362558
2351701
2346021
2342961
2343633
2349953
2342923
2375263
2392973
2391317
2385637
2398597
2397169
2411469
2404173
2402973
2444973
2435649
2461290
2460471
2458071
2455671
2466591
2469171
2461702
2461462
2462498
2456818
2460850
2457100
2461312
2461096
2467996
2465416
2462248
2463848
2481558
2478118
2452477
2441620
2430580
2417620
2421292
2430616
2427556
2433380
2426312
2421920
2422850
2423669
2412413
2406365
2400317
2393837
2384037
2381867
2381075
2360207
2357759
2360069
2373029
2373869
2377745
2412689
2415269
2415941
2383601
2382017
2392475
2407595
2410655
2378315
2377385
2375669
2380037
2373557
2334485
2336899
2341111
2333455
2294383
2303007
2302845
2303517
2302068
2287768
2281448
2288348
2288404
2286820
2247748
2249060
2249004
2256473
2252597
2256029
2256239
2267096
2264036
2268838
2259038
2268362
2272238
2272028
2260668
2266464
2281584
2281752
2281224
2288292
2313933
2313405
2320874
2359946
2334305
2331065
2324745
2330793
2334033
2326433
2284433
2280761
2281601
2289201
2292951
2306307
2307507
2307451
2303059
2303731
2302015
2294947
2295739
2292869
2325209
2323259
2323520
2334880
2343620
2334880
2338912
2343714
2342832
2340252
2341372
2340844
2342444
2343236
2342036
2330676
2341932
2299932
2298837
2290167
2296487
2297939
2290283
2294159
2297831
2290199
2292509
2257565
2259221
2244921
2239289
2245085
2242145
2241905
2238845
2233049
2225449
2222017
2221342
2217592
2223416
2226476
2233376
2229936
2228484
2225124
2250765
2239725
2239887
2236215
2216195
2206871
2219660
2202335
2191478
2187110
2189420
2193452
2211162
2210922
2211597
2210148
2221068
2232108
2234278
2234772
2234718
2243388
2251176
2243880
2244120
2242590
2243710
2247586
2255055
2265513
2230569
2232285
2236497
2234897
2234841
2235723
2233323
2231013
2227341
2223465
2222345
2207225
2189515
2182447
2178055
2176743
2182791
2171934
2170506
2161836
2162330
2170118
2183474
2183213
2194469
2196639
2199879
2200554
2200293
2207323
2200255
2206735
2164735
2160523
2166203
2163333
2163861
2156205
2176225
2183255
2193055
2192561
2201185
2175544
2164288
2159920
2170840
2170021
2171116
2169996
2178736
2178048
2176596
2177691
2170059
2170731
2164411
2153051
2133031
2107390
2105734
2106553
2095193
2091443
2099099
2091311
2088371
2091539
2080179
2079297
2074495
2082283
2079343
2114287
2120965
2127285
2128734
2126154
2124204
2122034
2120722
2115090
2100790
2099190
2098662
2088862
2085802
2068477
2055688
2056216
2057816
2060876
2075176
2080808
2098133
2107933
2120722
2122034
2134823
2145743
2135285
2134249
2121289
2118229
2116059
2116899
2129859
2133291
2133030
2130450
2129314
2128219
2125349
2124821
2123372
2127764
2130178
2138848
2156173
2155291
2156173
2153759
2157791
2160661
2166709
2168021
2171189
2160731
2169471
2168799
2168305
2186015
2186855
2201155
2200060
2198632
2183512
2183752
2185180
2187760
2188579
2189509
2189770
2186098
2185003
2188171
2189053
2182023
2178855
2172375
2182833
2184783
2189585
2199385
2192707
2198387
2195807
2189129
2195609
2202287
2201251
2209875
2204991
2212287
2213217
2213273
2214368
2207338
2200858
2201740
2198380
2198908
2192588
2196028
2193158
2232230
2233682
2222426
2201558
2203958
2171618
2172146
2172314
2165018
2165180
2190821
2191031
2171011
2182051
2202919
2206951
2203075
2219356
2220805
2221597
2212973
2212763
2213858
2210426
2210666
2228376
2241459
2275647
2261347
2260659
2260443
2256771
2255343
2266200
2268648
2264976
2269778
2266610
2265728
2265056
2270512
2265710
2268124
2271064
2273478
2273217
2263417
2264869
2255545
2268628
2260996
2264668
2225596
2229028
2217772
2214100
2213005
2218685
2211085
2208025
2199285
2205081
2202141
2207965
2207803
2206921
2206753
2210965
2178625
2171156
2163860
2162978
2170274
2177743
2178445
2182321
2188641
2192673
2179713
2171089
2167921
2166801
2170551
2177581
2175167
2172767
2187067
2219407
2227039
2227095
2223345
2216277
2221909
2225659
2229535
2235331
2252656
2210656
2208940
2206360
2208310
2182669
2202689
2215649
2204289
2197611
2204289
2215649
2208619
2214415
2227498
2217040
2212156
2225239
2205219
2190099
2188647
2187047
2184177
2180427
2187723
2180091
2183331
2183387
2183549
2180109
2215053
2220877
2218567
2226199
2233987
2220631
2238341
2232021
2249346
2245470
2251790
2249620
2252034
2251242
2250748
2249818
2257474
2257264
2258692
2258908
2263276
2262457
2257573
2248903
2251963
2245285
2246885
2246045
2246101
2254326
2267682
2259894
2252106
2259894
2261322
2261997
2255097
2262697
2267499
2266050
2265375
2266959
2267841
2267166
2252866
2291938
2295106
2295898
2290218
2276862
2278290
2279410
2273778
2285826
2281458
2284398
2284659
2277190
2276398
2284054
2287414
2285758
2282086
2281411
2279962
2291002
2284102
2276314
2263354
2274394
2300035
2313391
2310977
2314037
2315465
2319137
2304017
2302361
2309657
2310151
2309890
2309218
2312968
2312128
2312368
2301448
2302484
2276843
2277773
2298641
2296471
2295589
2306845
2320201
2322649
2305324
2306143
2317063
2317303
2318731
2311435
2312747
2309315
2298857
2319725
2315513
2323113
2322619
2315589
2313989
2298869
2298629
2282348
2276524
2272492
2265462
2265406
2259610
2258574
2256264
2250584
2246708
2238920
2230180
2209312
2205280
2204160
2202848
2196800
2193930
2181141
2173672
2166376
2153416
2151106
2144076
2134752
2132352
2132296
2132056
2126376
2120056
2113736
2104412
2103482
2068538
2064326
2059524
2057214
2053338
2053176
2035851
2031975
2019186
2015154
2014314
2013002
2004262
1993405
1992310
1986262
1968552
1961484
1958424
1951394
1931374
1929946
1918690
1886350
1873267
1872427
1864639
1861199
1860317
1856105
1855313
1848993
1844191
1842742
1839310
1837594
1821313
1818865
1817265
1815095
1806471
1799441
1794557
1793675
1793513
1790573
1764932
1764671
1761503
1747203
1729493
1719035
1716621
1715526
1708626
1707954
1703562
1668618
1663816
1659784
1657964
1655654
1646914
1640434
1639122
1638594
1621269
1618209
1605420
1599788
1598188
1583888
1574088
1574616
1591941
1601741
1614530
1628830
1631890
1633490
1639122
1640434
1637986
1630517
1628207
1621529
1616537
1615442
1609394
1608575
1606161
1600113
1599294
1595082
1577372
1575422
1562462
1556666
1552634
1551794
1549214
1543390
1542862
1537066
1536898
1532096
1528424
1517384
1514144
1513616
1506016
1500192
1498880
1494848
1483488
1474818
1453950
1421610
1420938
1417266
1415814
1415574
1398249
1395081
1385281
1383331
1379455
1370831
1369115
1354815
1342026
1350650
1363439
1373239
1374955
1376905
1380781
1383949
1398249
1398123
1380413
1379594
1370270
1355970
1345512
1344840
1343640
1332600
1325700
1308375
1302055
1284345
1281285
1278871
1274995
1257285
1255059
1243699
1242907
1254267
1271977
1272769
1279447
1275697
1274269
1273477
1260517
1249261
1238341
1238125
1227085
1224215
1221635
1217759
1214519
1205895
1196095
1195855
1195594
1169953
1149933
1139013
1135845
1122762
1114974
1107318
1102516
1067572
1066897
1063537
1056241
1055422
1054492
1052908
1047452
1046958
1042156
1003084
1000636
996268
986468
985019
980807
979355
973559
960476
960420
956748
950428
944632
902632
899572
896632
895596
884556
884394
878570
878042
875628
867972
862292
862052
858884
853252
851824
851794
844162
842734
803662
797342
796030
793720
791272
778483
776883
770403
771715
773315
779635
792424
798904
801214
803662
792805
779722
772122
771240
767490
765540
764445
761277
740409
737169
733737
729987
729931
728331
714975
707319
706389
705269
705213
687503
670178
656822
656147
623807
598166
590534
573209
572681
558381
557069
547269
544209
531420
529820
524188
524716
527776
529376
543676
561001
562313
575102
580734
590534
582746
581318
574022
570962
559706
546350
538750
531720
530428
522959
518747
518507
517471
506551
505123
506551
514020
517896
518932
525962
530174
528746
517386
510708
517386
528746
496406
487782
467762
462130
454661
447365
446483
453779
454661
462130
461866
455386
448906
442228
448906
455386
449590
448750
437390
438230
449590
455386
438061
436749
426949
421317
408528
405468
404940
403340
389040
386170
398959
402019
407651
421951
423263
440588
437110
431430
424362
422913
423441
425041
420239
412639
422439
425309
446177
451857
459457
464259
471327
472776
472720
465251
462851
454227
447907
446479
455103
461423
462851
462907
465307
472776
462976
461376
458316
440991
439679
439151
424851
412062
406430
395070
388392
399752
406430
403982
391193
389593
383113
380803
379491
373171
385960
388408
394728
396040
398350
404830
406430
405548
398079
390783
389853
386413
385318
374062
372634
346993
339361
340456
343896
345324
370965
378597
389853
390783
389067
387117
378493
374617
360317
347528
337728
334560
337728
347576
349076
350792
363581
373381
382005
383955
377277
370797
377475
383955
381541
381047
380372
378656
378416
378200
377318
372926
372758
361398
359172
370532
377210
369741
368313
361283
357407
353195
352159
353587
354623
358835
362711
369741
377210
376280
372608
371296
365616
339975
336225
327601
325945
319465
317017
310697
297908
296308
293998
292686
299166
311955
313267
315715
317315
323635
325945
325105
313745
307949
313745
314585
325945
314585
307907
319267
325945
319465
312787
315727
321975
334764
347847
380187
391227
394287
397455
408815
417485
427285
428215
431965
435841
437497
438949
441349
443797
447829
448759
451173
455049
463673
469721
473471
478355
495680
502580
510368
511298
516100
523168
530637
548347
549775
562735
568191
569391
569885
577485
585117
585792
589668
600708
602020
603115
604831
606487
609547
629567
632627
639305
652661
656537
659777
669101
669269
669325
673075
673957
674632
674794
713866
714658
718870
726502
729442
730282
762622
768078
773710
774830
774992
776444
785114
790794
791724
812616
823074
826514
833582
846542
853022
860678
864118
867550
869998
872446
883702
911182
915836
921884
924824
930648
937326
944226
944436
945556
958639
965935
970737
970998
971160
979830
996111
997311
1006051
1008465
1012857
1012065
1010349
1000549
996673
982373
969584
967634
959010
968810
970526
973694
987994
993866
994976
997994
1009158
1010742
1041042
1041258
1044618
1046046
1047702
1065412
1079712
1082880
1085050
1085738
1093034
1093874
1101506
1102958
1104158
1105610
1109978
1120835
1133918
1137590
1141982
1143638
1144326
1152996
1153815
1154745
1155945
1173270
1176710
1178159
1183983
1198283
1198451
1206083
1206771
1200093
1182383
1171023
1170231
1205175
1208045
1210625
1213985
1218869
1222541
1225481
1229693
1233905
1237995
1251078
1262334
1266084
1275408
1284732
1295652
1296747
1295817
1302885
1317185
1317129
1308505
1306105
1299785
1298357
1290888
1297208
1304677
1307077
1315701
1315757
1317185
1321061
1326741
1368741
1357701
1358541
1345752
1359912
1374212
1375332
1376781
1378497
1379592
1381020
1385412
1395212
1416080
1418480
1421060
1424420
1426020
1433620
1432192
1419232
1434352
1436522
1430474
1441331
1428248
1429448
1436126
1447046
1479386
1485210
1485372
1489404
1497060
1497588
1500648
1511904
1522824
1526184
1546204
1544752
1545424
1556728
1560604
1602604
1604554
1604794
1619914
1620154
1622568
1627452
1629762
1633194
1630254
1635056
1636256
1635464
1636500
1640172
1639380
1640055
1645851
1645176
1645848
1650060
1649898
1651210
1650190
1653358
1664215
1665799
1671479
1674059
1666271
1673339
1698980
1705028
1706744
1721044
1727944
1733400
1750725
1749009
1750129
1753369
1761001
1769741
1770581
1783937
1781489
1792849
1818328
1825984
1833052
1833580
1842250
1852708
1852870
1857238
1870594
1878138
1870506
1863037
1863247
1850287
1849357
1855465
1855705
1852645
1849585
1863885
1846175
1867043
1873943
1868487
1871847
1873275
1876707
1865667
1874337
1878729
1877609
1877777
1878017
1881257
1887305
1890473
1890212
1891640
1907921
1921277
1922726
1916048
1904688
1906638
1901754
1901964
1902126
1910966
1918566
1925244
1938033
1942065
1949853
1954065
1951651
1993651
2002975
2003815
2007691
2007907
2011657
2016459
2017389
2014989
2010957
2021997
2024937
2017869
2018544
2022576
2015676
2021724
2029324
2037934
2041810
2034514
2047303
2048233
2055889
2058949
2053317
2054629
2055301
2048623
2051493
2052312
2060982
2060294
2062874
2063368
2031028
2027152
1994812
2000860
1992120
1998798
2005654
2018443
2023245
2022045
2029341
2027685
2038542
2039334
2050590
2057886
2064786
2065626
2071082
2087363
2105073
2111973
2115849
2119209
2110539
2102907
2108731
2119189
2123065
2126125
2127781
2128042
2137842
2145442
2149114
2158914
2166546
2165118
2166318
2172114
2161656
2145375
2149407
2147751
2137951
2144271
2155631
2142548
2141618
2142548
2149616
2160074
2171114
2169514
2161914
2165790
2171422
2175298
2174804
2170928
2177248
2183072
2186012
2178412
2220412
2225489
2222049
2225109
2225055
2224236
2223396
2244264
2235594
2239101
2235351
2239101
2242541
2239101
2238006
2238216
2251176
2251008
2257488
2257728
2252272
2255712
2251896
2242572
2242332
2244912
2245173
2253797
2256017
2251625
2251886
2244417
2237387
2233511
2229299
2227871
2226835
2226147
2231031
2228617
2235647
2238517
2218497
2227167
2228367
2242607
2245547
2237759
2236310
2233862
2237294
2230226
2231045
2244005
2245125
2245386
2252286
2250974
2250204
2248604
2246156
2239836
2227047
2220567
2233356
2235666
2237266
2239714
2246034
2252514
2253826
2256240
2252568
2253387
2252187
2254137
2250969
2250039
2242383
2240727
2240055
2225755
2193415
2235415
2235253
2255273
2248373
2248535
2256004
2241704
2237954
2238448
2235088
2245945
2245783
2231483
2232011
2225111
2183111
2181455
2194415
2198807
2200259
2195457
2192025
2187141
2190573
2173248
2173008
2171556
2172228
2178708
2173906
2160823
2159371
2191093
2195977
2207017
2212473
2205573
2201901
2201213
2201423
2219133
2216193
2213253
2219077
2244718
2247028
2250196
2267840
2276464
2275624
2285424
2276754
2274354
2270478
2270316
2277972
2295682
2288082
2287842
2282018
2281343
2287167
2290839
2295231
2296267
2270626
2274066
2294934
2287638
2281958
2296258
2307514
2313994
2298874
2301322
2303272
2308074
2314752
2311392
2313792
2313117
2313999
2321295
2312671
2319349
2321763
2326565
2312265
2312055
2311815
2300895
2303343
2307353
2306678
2317718
2326458
2325030
2316360
2298650
2295410
2293826
2290766
2293214
2304134
2289014
2314655
2318867
2317151
2317367
2306007
2302257
2304837
2300469
2287113
2304823
2307883
2287863
2285913
2319393
2321343
2322031
2324971
2320759
2324509
2323579
2323051
2319175
2318473
2317543
2310643
2309331
2320188
2316828
2310780
2310500
2306624
2306792
2308448
2312324
2311229
2315105
2282765
2294021
2299817
2295941
2292191
2253119
2246441
2248097
2242049
2254838
2251598
2258666
2271455
2272904
2277788
2298656
2295786
2295954
2289906
2284082
2283242
2279426
2275550
2274710
2269826
2267412
2265792
2263344
2266704
2267740
2272542
2273214
2273708
2273948
2269916
2269097
2278897
2317969
2306929
2311321
2315071
2310269
2317337
2319287
2323679
2314355
2306699
2339039
2340351
2372691
2377923
2360598
2362026
2362956
2372396
2368184
2370598
2384898
2384404
2377108
2375659
2391940
2380684
2384116
2390794
2391613
2398681
2433625
2434555
2455423
2452063
2457695
2436827
2430507
2429058
2434514
2417189
2416928
2419868
2414188
2411248
2406856
2403424
2392567
2377447
2377615
2377825
2373613
2366583
2359287
2348829
2362185
2365125
2367995
2366087
2363507
2356477
2349799
2343751
2336683
2340043
2339371
2350411
2356091
2364715
2360965
2359653
2352053
2367173
2361125
2360195
2359985
2373341
2376281
2396301
2394131
2401763
2413123
2402266
2402210
2401328
2398438
2397766
2414047
2404723
2402773
2395705
2363365
2376325
2373265
2372737
2385697
2385436
2377804
2381476
2387156
2390516
2364875
2367935
2354852
2345052
2344890
2335566
2336241
2330417
2341673
2383673
2377849
2381017
2377957
2389213
2388373
2390773
2388953
2388713
2375924
2376418
2370098
2362442
2366318
2373950
2366350
2365662
2370030
2359173
2355141
2362610
2363285
2362757
2365697
2365535
2381816
2346872
2348321
2340665
2340385
2338215
2337954
2336754
2319044
2321914
2328982
2330102
2344568
2333208
2330628
2328678
2303037
2282169
2278497
2272673
2254963
2252023
2241166
2236774
2233834
2229032
2242388
2242220
2243532
2229232
2226064
2218464
2217012
2222468
2233325
2224585
2223133
2215501
2214073
2231783
2240523
2239403
2240831
2246879
2253947
2254622
2265982
2267434
2274334
2273542
2277418
2278454
2279574
2278374
2275014
2274774
2276430
2244090
2243829
2245281
2245956
2251780
2249200
2252872
2267992
2274670
2273575
2270135
2264339
2268371
2259747
2258091
2259747
2260867
2258557
2271346
2267314
2256058
2273383
2280852
2284602
2286030
2287066
2293546
2285758
2286019
2281135
2297416
2286160
2291956
2289376
2294260
2293588
2282668
2282878
2290174
2292484
2285416
2259775
2253295
2264551
2273221
2269189
2272357
2254647
2263971
2253114
2250700
2253760
2274628
2275303
2233303
2239783
2228863
2229899
2227451
2225735
2233367
2222111
2221895
2217093
2196225
2189325
2205606
2209974
2197014
2186157
2187277
2186157
2211798
2204730
2212362
2225322
2221446
2206326
2204376
2200164
2207764
2201968
2195290
2195050
2198482
2188682
2188514
2179890
2180730
2177370
2135370
2124114
2120682
2118282
2122158
2121228
2124468
2123796
2125452
2127900
2133724
2134654
2142254
2133584
2140484
2137594
2140654
2161522
2160486
2149446
2160303
2154479
2157839
2157599
2160469
2166283
2145415
2146207
2147407
2158447
2161317
2165685
2174309
2162949
2160079
2159197
2156257
2143297
2108353
2092072
2089012
2088193
2082737
2081918
2061050
2062650
2055582
2061038
2056646
2055197
2052327
2060951
2018951
2011351
2005671
2006359
2001557
1996755
2017623
2010723
2005043
1996373
2003842
1990486
1990542
1980084
1991004
2007285
2016025
2014441
2014231
2003374
2013174
2030884
2023816
2017138
2019538
2026606
2022238
2023333
2010373
2007313
2010745
2013805
2014925
2015613
2014938
2010136
1995836
1984476
1991154
1995366
1992916
1989166
1993534
1990366
2011234
2031254
1998914
1997602
1982482
1976686
1963897
1964933
1973603
1974291
1978323
1975453
1974661
1980293
1982707
1971667
1972762
1982086
1964376
1977732
1945392
1942152
1938720
1938504
1937437
1935886
1936380
1923591
1916523
1914109
1913615
1912685
1870685
1872134
1904474
1899590
1885290
1887240
1888360
1897100
1896890
1889258
1900298
1894842
1890966
1889930
1879472
1879304
1878616
1880216
1877376
1882178
1885118
1910759
1915127
1911251
1907891
1865891
1865947
1868347
1856987
1894852
1902640
1891600
1873890
1871440
1875316
1883104
1887988
1905313
1907713
1920502
1915075
1914907
1913479
1919111
1926407
1927502
1928321
1930491
1924011
1931307
1923675
1907394
1909842
1913082
1948026
1948242
1944366
1957449
1961325
1958745
1945389
1948449
1951509
1950309
1949273
1946873
1951241
1958710
1958542
1963998
1964880
1959056
1956606
1957918
1958590
1960174
1958725
1955053
1956505
1959937
1959676
1962616
1942596
1959144
1939124
1949582
1946150
1948320
1939580
1941029
1946709
1955379
1913379
1912015
1909145
1904753
1917542
1920982
1931902
1924246
1917734
1910438
1907378
1894589
1894095
1897455
1884495
1892151
1892361
1905321
1906009
1915809
1918749
1922625
1922131
1924081
1941406
1947454
1948490
1949942
1952112
1972980
1969230
1976699
1983729
1979853
1971113
1965657
1961985
1959045
1966701
1963261
1968941
1968779
1970435
1968779
1979237
1982107
2010217
2009287
2002219
2002894
2002684
1999012
1987756
1987996
1948924
1950874
1957904
1950836
1951511
1930643
1936467
1942291
1938859
1942735
1940425
1936057
1928989
1936645
1942469
1940813
1919945
1920785
1926241
1919563
1922803
1924459
1934259
1934520
1937688
1941048
1950848
1944368
1946538
1940906
1940962
1937522
1941890
1958171
1969211
1975889
1975679
1975511
1976330
1978046
1970446
1970614
1950594
1951524
1944846
1935522
1934703
1948059
1941579
1938639
1953759
1950889
1943821
1945771
1947220
1943344
1942669
1933999
1936939
1935819
1932387
1917267
1924297
1927357
1925908
1924480
1913224
1908832
1901363
1885082
1888832
1896620
1895192
1891442
1892537
1850537
1846661
1849721
1847307
1847067
1851279
1825638
1833238
1841908
1824198
1826778
1830654
1830444
1833024
1819668
1828992
1832664
1836540
1837215
1838055
1838223
1837548
1846218
1853850
1857600
1848860
1848172
1830462
1832910
1812890
1825973
1826213
1823765
1824005
1826419
1829359
1830943
1834375
1825705
1818105
1815045
1810161
1807221
1815845
1819285
1809485
1800745
1803805
1783785
1790853
1789817
1790937
1796569
1838569
1838310
1839510
1839678
1807338
1809648
1810440
1819064
1798196
1795256
1799624
1793576
1790636
1806917
1786049
1788219
1786269
1825341
1856829
1851945
1854393
1855845
1867101
1867362
1864782
1881063
1892103
1905459
1899827
1883546
1879334
1876094
1868798
1865438
1866126
1863066
1868698
1879738
1877290
1870390
1865998
1864791
1871271
1877591
1873715
1872595
1875175
1880999
1878551
1879239
1871770
1876162
1871360
1866992
1865392
1866992
1873670
1871360
1870265
1864585
1848304
1837264
1834096
1832512
1833442
1832866
1815156
1803796
1798000
1797160
1798000
1809360
1815156
1807368
1812170
1816046
1814096
1826885
1819253
1825573
1821181
1819732
1819972
1827002
1820324
1826120
1811000
1807568
1799912
1796552
1789874
1786202
1774842
1774002
1772802
1761546
1760451
1758999
1765677
1766496
1777416
1764456
1761516
1765548
1751248
1754608
1746952
1745524
1728199
1735855
1738025
1738817
1734449
1735121
1733809
1751519
1730651
1723182
1722507
1723347
1721895
1722777
1734033
1735689
1745013
1744957
1739161
1735285
1748074
1743706
1734382
1735582
1732522
1729462
1735782
1722993
1702125
1734465
1741533
1738293
1724937
1721187
1721349
1721511
1732368
1734948
1741428
1745304
1743992
1736360
1749149
1743517
1747729
1753409
1760309
1764701
1758221
1761893
1762823
1771563
1772235
1775175
1776057
1782735
1765410
1749129
1736169
1697097
1689801
1680001
1678906
1670282
1683242
1682206
1669123
1677863
1685651
1685595
1659954
1652485
1650829
1658298
1637430
1624074
1624130
1624624
1623024
1620576
1609719
1627044
1629984
1619127
1619815
1617645
1617151
1619565
1619775
1620895
1614217
1608585
1613469
1611519
1606063
1589782
1590664
1590832
1583363
1592687
1602011
1599431
1592401
1598033
1601273
1622141
1617339
1616664
1619112
1623324
1615668
1621300
1617550
1623230
1626170
1633238
1633294
1619938
1620778
1625146
1623694
1620754
1623994
1637350
1635694
1644318
1631529
1628469
1624593
1626021
1625346
1618278
1619706
1621290
1646931
1637607
1631783
1630331
1621661
1615837
1621885
1621066
1622378
1620722
1616354
1612322
1611286
1611974
1613069
1602149
1594853
1594613
1597673
1598492
1593036
1632108
1639176
1633496
1631546
1646666
1649114
1647665
1650535
1649605
1649437
1656115
1654995
1658163
1662965
1673885
1675541
1680425
1671101
1666889
1666201
1664251
1663131
1659691
1655815
1648027
1644859
1649071
1637815
1636885
1669225
1671805
1668445
1670029
1668202
1675102
1681780
1675956
1673508
1686601
1692649
1688281
1681381
1683795
1679919
1679751
1674867
1675797
1679547
1688871
1685931
1684275
1671486
1665006
1682716
1665391
1656721
1660597
1662547
1669577
1677365
1683161
1686833
1694489
1681529
1678169
1677074
1679474
1676042
1676730
1668106
1661076
1658206
1665862
1626790
1641910
1642404
1603332
1602644
1601524
1643524
1632268
1632940
1672012
1686312
1687194
1697652
1684296
1691196
1688136
1689564
1702524
1701488
1712345
1714295
1721591
1716135
1713965
1720013
1711389
1712064
1712008
1721332
1738657
1734781
1738453
1748253
1747413
1746206
1747922
1743890
1749714
1758338
1763970
1767138
1776462
1775774
1771898
1775930
1758605
1758365
1747325
1779665
1780159
1787947
1789897
1788777
1790226
1786786
1783036
1780636
1806277
1806061
1811517
1808577
1809265
1796476
1788876
1803996
1807872
1811748
1806068
1809500
1810188
1777848
1790931
1795299
1796139
1796301
1794645
1797705
1796913
1788243
1789843
1789171
1789387
1800244
1795442
1782653
1795442
1812996
1810826
1813226
1812538
1814952
1794084
1789872
1792742
1789872
1793748
1796058
1790010
1790685
1801542
1797870
1795000
1793880
1782840
1802860
1798468
1805937
1814561
1818687
1818447
1814079
1831404
1829234
1846559
1855229
1868189
1875977
1889060
1886750
1887422
1891172
1885716
1879038
1879206
1886862
1886601
1885809
1878177
1890966
1893276
1892076
1857132
1850102
1847932
1889932
1887352
1892984
1896416
1900166
1905050
1900838
1889798
1890728
1890040
1896940
1897180
1885924
1889356
1890808
1896264
1890584
1884760
1886360
1887812
1887124
1893172
1897048
1897104
1899274
1900394
1899194
1888736
1895056
1891180
1880140
1887040
1885384
1883956
1890436
1887496
1895128
1884208
1897168
1891536
1911556
1911718
1919350
1905050
1915970
1915088
1947428
1938688
1925332
1926004
1925948
1925780
1922720
1917836
1917892
1915444
1924768
1926217
1926161
1934831
1947791
1962911
1963172
1959932
1952902
1952408
1987352
1989827
1988515
1992547
2008828
2006428
2009596
2000972
2000297
1996421
1999481
1981771
1989403
1998727
2005627
2008207
2005147
2002567
1992767
1989335
1986935
1975895
1981943
1988263
2020603
2016571
2016739
2027596
2043877
2047309
2045860
2038792
2022511
2024095
2022495
2033855
2026199
2024599
2022289
2009500
2003020
1996700
1995388
1992940
1999260
2001570
2004018
2005330
2018119
2019719
2026199
2026727
2017987
2020927
2029667
2029457
2030276
2035956
2030132
2031252
2031308
2033618
2026718
2044428
2042258
2056558
2067598
2065942
2064822
2063940
2057460
2064528
2067398
2066726
2057402
2058332
2068916
2072156
2069096
2053976
2054470
2056126
2055307
2046683
2030402
2029727
2031443
2031281
2038937
2054057
2043599
2033799
2040867
2035235
2039447
2050367
2042579
2063447
2063503
2060335
2052547
2051665
2054113
2053951
2050279
2050069
2070937
2064259
2054459
2050583
2041959
2040510
2066151
2085819
2081943
2081478
2075158
2062198
2066566
2077486
2066629
2077087
2075503
2075713
2060593
2062177
2062849
2068305
2072697
2077065
2079015
2078847
2079687
2075295
2083919
2080247
2069327
2067875
2057018
2062698
2060284
2063716
2050927
2058583
2060575
2059480
2062840
2065710
2068020
2035680
2039712
2040400
2069828
2056745
2063225
2055569
2058629
2061369
2045088
2046688
2081296
2091754
2089804
2086864
2082652
2082892
2081464
2080534
2072902
2047261
2043821
2042726
2031470
2027992
2029444
2029654
2029160
2042516
2043308
2051978
2059447
2060239
2099311
2116636
2112268
2111596
2110777
2075833
2087193
2086353
2087805
2086221
2093877
2088245
2091305
2090447
2086571
2076771
2073603
2060814
2046514
2037890
2037565
2035849
2039725
2048349
2051517
2065817
2068877
2064509
2095997
2108786
2110502
2124802
2123962
2125912
2121700
2110780
2113194
2112264
2122064
2128112
2138087
2122967
2123759
2123969
2117921
2132221
2090221
2057881
2052201
2052257
2052095
2052935
2035610
2036646
2038230
2039325
2045373
2042503
2043191
2048647
2053449
2053977
2052027
2054197
2058565
2062237
2058805
2071888
2054178
2050746
2056426
2049358
2053234
2053396
2048512
2048773
2054229
2050989
2044311
2041371
2042163
2041923
2045955
2045280
2050960
2049010
2049271
2063571
2072241
2076609
2072733
2076945
2067621
2071061
2072261
2072317
2066521
2092162
2091026
2089514
2090942
2098730
2097014
2089946
2090876
2094236
2105093
2104599
2104338
2098706
2100158
2089301
2090885
2086517
2102798
2123666
2122826
2083754
2086334
2093803
2092354
2091562
2081104
2088760
2088922
2090017
2091217
2091745
2093194
2094643
2097223
2097463
2103783
2098151
2094791
2088471
2101260
2098680
2078660
2077820
2070164
2057375
2051551
2048681
2042361
2057481
2058156
2063952
2077035
2076363
2060082
2052450
2052978
2044354
2030998
2037318
2031686
2052554
2056586
2058242
2061674
2061935
2064805
2063923
2071555
2067679
2067463
2063713
2063025
2070657
2069001
2056041
2052009
2054409
2054619
2054859
2054451
2080875
2098585
2099425
2096365
2096581
2091125
2088545
2072264
2088545
2085965
2082089
2085965
2078897
2078729
2082579
2076783
2075853
2069533
2079333
2078213
2113157
2109989
2121245
2116443
2113203
2152275
2149035
2150691
2147751
2148012
2153836
2192908
2195848
2174980
2187940
2187778
2196518
2189488
2191798
2193382
2185913
2189945
2190737
2201993
2203193
2203687
2202805
2208437
2221226
2213438
2210990
2241842
2239532
2239700
2250557
2241233
2242052
2243504
2240336
2246132
2244680
2244736
2253476
2244806
2240930
2243510
2241560
2247240
2247184
2247445
2243569
2245983
2249187
2255507
2276375
2280767
2281261
2272521
2271846
2270534
2278322
2272498
2298139
2301009
2294331
2294121
2261781
2266149
2272469
2255144
2255816
2269172
2270772
2280096
2279277
2268357
2261679
2265039
2272671
2276547
2275728
2255708
2242748
2243436
2222568
2196927
2192043
2193492
2190552
2189622
2188038
2174955
2176383
2176143
2168355
2174179
2170429
2168015
2175045
2175213
2177523
2184553
2184497
2188247
2185833
2183433
2186373
2189313
2150241
2137452
2141820
2145180
2160300
2164332
2169216
2127216
2092272
2081232
2073936
2072352
2069904
2071024
2113024
2116384
2109706
2111876
2094551
2098427
2094995
2087363
2091755
2100495
2095039
2105959
2112007
2123367
2125781
2133413
2133941
2135525
2128457
2126507
2135177
2141045
2141720
2140928
2115287
2132997
2137209
2133777
2146737
2144337
2142737
2100737
2098427
2095587
2097187
2079862
2087462
2081782
2075302
2088385
2089177
2088489
2079165
2081475
2082150
2081462
2080774
2080374
2078204
2086828
2083363
2070403
2061079
2059651
2059411
2059573
2050249
2015305
2019181
2021131
2031988
2034928
2031178
2040502
2037442
2040502
2048412
2040624
2039832
2040360
2061228
2074584
2057259
2071199
2071693
2072729
2071365
2029365
2019565
2027034
2028129
2035761
2036449
2068789
2061320
2068388
2069063
2069735
2055435
2063223
2055567
2040447
2031123
2031651
2033821
2026921
2018251
2016823
2018272
2020672
2020411
2013511
2009143
2009983
2044927
2049729
2046561
2047353
2060436
2052780
2041923
2059633
2052164
2065520
2064071
2069867
2069075
2070659
2074409
2074169
2080217
2082617
2082785
2102805
2101353
2108985
2101353
2108985
2110569
2113439
2116499
2102199
2103039
2095407
2093955
2085331
2087731
2091607
2090677
2087737
2086945
2090113
2099437
2100367
2068027
2054944
2061974
2061302
2060462
2058878
2051090
2048920
2054600
2050928
2054804
2055644
2060036
2061488
2051030
2054702
2054030
2055479
2056599
2057481
2059065
2052745
2052535
2055775
2049727
2049559
2052727
2027086
2032542
2031086
2027646
2028318
2026866
2020818
2020557
2011887
2018367
2018529
2007609
2004549
1990249
1975949
1977899
1977843
1978059
1981119
1984479
1977579
1974129
1956419
1957847
1957159
1955707
1968496
1976128
1975960
1973380
2015380
2014344
2014083
2012499
1999143
1998048
1999648
1996216
1997668
1996012
1987342
1994811
1981455
1980027
1974347
1935275
1935769
1932899
1927443
1923411
1910328
1921368
1922796
1922634
1915566
1915398
1920282
1912813
1907133
1906605
1898949
1910205
1905993
1913462
1924319
1920959
1922411
1924811
1927751
1930811
1932011
1927619
1935219
1932805
1934755
1934545
1942333
1943989
1946159
1954783
1948987
1914043
1910983
1908113
1909769
1894649
1895489
1894913
1890545
1903334
1907084
1911886
1912102
1913551
1902631
1898755
1896175
1900051
1896991
1894681
1892511
1896723
1883763
1887123
1883247
1894167
1886535
1883103
1873779
1862922
1845212
1832129
1823459
1858403
1859222
1873522
1879570
1869112
1869787
1873819
1869427
1863107
1859231
1842950
1848774
1865055
1865874
1859826
1855614
1848014
1859270
1869728
1869467
1870562
1865760
1879116
1887740
1862099
1860979
1864147
1866727
1877647
1884715
1881775
1875727
1873417
1852549
1858373
1855793
1851401
1856203
1852843
1846795
1856595
1856539
1855609
1855819
1856939
1858595
1862035
1869331
1873363
1873531
1838587
1828787
1824419
1823925
1826095
1827695
1833151
1837519
1832063
1817763
1819933
1819989
1823865
1823703
1816803
1812927
1813599
1813809
1813121
1798001
1808921
1776581
1741637
1728677
1734473
1738349
1738187
1730555
1732211
1749921
1751637
1750437
1746561
1746033
1733244
1732668
1738492
1737804
1745592
1746904
1750336
1756160
1760372
1756340
1757222
1755990
1723650
1720590
1721265
1722301
1709341
1701872
1700156
1685036
1687206
1686006
1684056
1691352
1693008
1675298
1663938
1690890
1690946
1691162
1691330
1693046
1692518
1691990
1724330
1711541
1728866
1731736
1737368
1737200
1736939
1744235
1741835
1736011
1730215
1727345
1727289
1727049
1724635
1756975
1761343
1750486
1729618
1718761
1720931
1715251
1707595
1710465
1709673
1705923
1702755
1699395
1698723
1692927
1701551
1680683
1677443
1676768
1655900
1655956
1655900
1657212
1654902
1664226
1666640
1670312
1670096
1665884
1665390
1671022
1676702
1674288
1685328
1684536
1705404
1744476
1736820
1742616
1750272
1751928
1793928
1792328
1774618
1748977
1750429
1739173
1741343
1737311
1738347
1734987
1735806
1741438
1745110
1744900
1740016
1739522
1752311
1717367
1716247
1732528
1735588
1738756
1737172
1736332
1729302
1725270
1725326
1726778
1723908
1734366
1748666
1761455
1722383
1730171
1739495
1737185
1736149
1734697
1738369
1741609
1762477
1759417
1762477
1767937
1761617
1782485
1795445
1795277
1789597
1788397
1782765
1787567
1786879
1794479
1790447
1791875
1794455
1792505
1801129
1794649
1793221
1789345
1792513
1796881
1798481
1801921
1819066
1822506
1821978
1861050
1900122
1894074
1897134
1897822
1895872
1896366
1896310
1896804
1885548
1892028
1904817
1915857
1912917
1909749
1915545
1916073
1918943
1913119
1918943
1910203
1909709
1908109
1896853
1894543
1888223
1885163
1883714
1876684
1875844
1875628
1888711
1881079
1875031
1862242
1861147
1861357
1868425
1876057
1872385
1877841
1882233
1883682
1882230
1889862
1854918
1839798
1838703
1838028
1837500
1822380
1825548
1828988
1830108
1835904
1836834
1825914
1816590
1820262
1820950
1823530
1824625
1816001
1823297
1820897
1816095
1809027
1795944
1803012
1802340
1788984
1788490
1775701
1774045
1787005
1778335
1779127
1779343
1767983
1768802
1769897
1768777
1769596
1758236
1757975
1759403
1743122
1742303
1745363
1742493
1745661
1744005
1753805
1750055
1757524
1756852
1755268
1755436
1753036
1757920
1722976
1721527
1725559
1731383
1746503
1748103
1747221
1708149
1706721
1710471
1713411
1681071
1681332
1701352
1701514
1703464
1706632
1710844
1710004
1708555
1705615
1704940
1717900
1719349
1714981
1727770
1728458
1726858
1705990
1715790
1708321
1707649
1709959
1703639
1703609
1701439
1712799
1711980
1713180
1738821
1724521
1723591
1725191
1708910
1707578
1714874
1711202
1707842
1703810
1695070
1692200
1699988
1679120
1673440
1671991
1668115
1650405
1658005
1671088
1669568
1683868
1676080
1665223
1655899
1655224
1649768
1652708
1647028
1642660
1645720
1651176
1663965
1665549
1665759
1668999
1667415
1658675
1697747
1698566
1704390
1703862
1698038
1690250
1672540
1674850
1675066
1680522
1679094
1680694
1686490
1689730
1678474
1679674
1685498
1689710
1690746
1683450
1683506
1687382
1691414
1696216
1696000
1690176
1688520
1689312
1695792
1682709
1662689
1661033
1656665
1652453
1662911
1662071
1654439
1656839
1655183
1654967
1656062
1657778
1660088
1661516
1661354
1657478
1646621
1644221
1640549
1653632
1637351
1635181
1646038
1636714
1643782
1632862
1625230
1623781
1628149
1626837
1630277
1588277
1591949
1617590
1614650
1593782
1592990
1603910
1610588
1607228
1596188
1599860
1600790
1601582
1595758
1596019
1594419
1595847
1593447
1597659
1598331
1589707
1610575
1613815
1617691
1626361
1628809
1639729
1642669
1629709
1622679
1628503
1629433
1616644
1630000
1637068
1632700
1632028
1628278
1631718
1639374
1628454
1620822
1623270
1623531
1622079
1580079
1579239
1585035
1585091
1590547
1594759
1590547
1548547
1549235
1550435
1542803
1553723
1553667
1562337
1561662
1564602
1551246
1556878
1552486
1549426
1547842
1560802
1540782
1532994
1518694
1511398
1509814
1503334
1500166
1497106
1508026
1511086
1512535
1510365
1515821
1512951
1512132
1519788
1516348
1512316
1547260
1542458
1584458
1599578
1636130
1643730
1651386
1643598
1661308
1659856
1660066
1651442
1664525
1674325
1677385
1685041
1685569
1675111
1674691
1690972
1697650
1695994
1737994
1737938
1733054
1735994
1739870
1740545
1739726
1722401
1725341
1722761
1719593
1716533
1727390
1727552
1719952
1718368
1726992
1740348
1747980
1753612
1749940
1757236
1759546
1759756
1760876
1762188
1761500
1759900
1760572
1759753
1760545
1760755
1758585
1756171
1761851
1726907
1722695
1728491
1727803
1726683
1733751
1734439
1726783
1746803
1764128
1763966
1760090
1763030
1771654
1782574
1781122
1776320
1801961
1802801
1797345
1799515
1793719
1786250
1784822
1784766
1778446
1776046
1767422
1765973
1772293
1768543
1759919
1776200
1768904
1771304
1769855
1778595
1787219
1797039
1796220
1807580
1804220
1809852
1826133
1829193
1823145
1822109
1833029
1865369
1881650
1885082
1891722
1894302
1902926
1920251
1922421
1922589
1964589
1971885
1972146
1960786
1961002
1974085
1976955
1985579
1988027
1982571
1982331
1997451
1998126
1987206
1984038
1992662
1995722
1996842
2000592
1996560
1989091
1992151
1981693
1982813
1970024
1979348
1980800
1977740
1980980
1979860
1980535
1977095
1975379
1973779
1970719
1978375
1975795
1973485
1972991
1967195
1968231
1972623
1965555
1976475
1983944
1980068
1982378
1989056
1988562
1984890
1977102
1986422
1993322
1994162
1992446
1996838
1997099
1991467
1985643
1990527
1995983
2000351
1961279
1962731
1960421
1958471
1957159
1954989
1956301
1943512
1941064
1931740
1920700
1921540
1915908
1914308
1907988
1906368
1909808
1913684
1900328
1901003
1904435
1903340
1890551
1885749
1884549
1883454
1884654
1888094
1890542
1892956
1898780
1906249
1923959
1927019
1934619
1931679
1939467
1936407
1936935
1940103
1940985
1953945
1948121
1940333
1940495
1939043
1913402
1909526
1913738
1931448
1930773
1929345
1947055
1926187
1887115
1886947
1882555
1872755
1870585
1868005
1855216
1858086
1861962
1863678
1876638
1874706
1876290
1876452
1886252
1872896
1874612
1875140
1878812
1875572
1878152
1873940
1881409
1877977
1878238
1881670
1894459
1905379
1904179
1884159
1885471
1889221
1889011
1892887
1875562
1874680
1860380
1863250
1902322
1898882
1899044
1895984
1893044
1908164
1907069
1914365
1911495
1911989
1910273
1911989
1914437
1914269
1915697
1922375
1914906
1911846
1913796
1910556
1912956
1914268
1929388
1930837
1930576
1933936
1933880
1944737
1961018
1974101
1970069
1971164
1960307
1985836
1993436
1991852
1980995
1989665
1989503
1995327
1995588
1999338
2005134
2005374
2004062
2003243
2005643
1999163
1986203
1989635
1993307
1993835
1994765
1997705
1999305
2012094
2023350
2036139
2035103
2027447
2021815
1986871
1983199
1983143
1970183
1974059
1966427
1965755
1966427
1962987
1963227
1956159
1953219
1955529
1946859
1943691
1952361
1931493
1931283
1932102
1936494
1938894
1935954
1935426
1948215
1949055
1909983
1922943
1926183
1915143
1876071
1864711
1875751
1869955
1904899
1862899
1864849
1882174
1889242
1900602
1917927
1927727
1926691
1924243
1930563
1898223
1898439
1905735
1947573
1945403
1951883
1946087
1941719
1932979
1929539
1932779
1928567
1931627
1938107
1936987
1928363
1926707
1922831
1928463
1927935
1931811
1922487
1922271
1907151
1907391
1913215
1910155
1915039
1914109
1901320
1904488
1901548
1903962
1897482
1887682
1877882
1866962
1865362
1865152
1876072
1874644
1864186
1876975
1868351
1878809
1880759
1880084
1881179
1888247
1885847
1874927
1875809
1880611
1875727
1882405
1885573
1895373
1887773
1887557
1881761
1885001
1884161
1887911
1893543
1887719
1882835
1878033
1838961
1835901
1835109
1848465
1855533
1855749
1857405
1861281
1862730
1862991
1853667
1849299
1847129
1847657
1840057
1840267
1843507
1836439
1837127
1820846
1817606
1823238
1819362
1854306
1854250
1861850
1857458
1860398
1862708
1862020
1858852
1855684
1855012
1861690
1855866
1856076
1842993
1835361
1841185
1842634
1858915
1847995
1852027
1852189
1860929
1866977
1879937
1886257
1876457
1875257
1910201
1906325
1910075
1949147
1949363
1943539
1945139
1944878
1947818
1946218
1947802
1946707
1943035
1944155
1945871
1948271
1942447
1935151
1920031
1917583
1923215
1934072
1959713
1961165
1962881
1966321
1975645
1986901
1992725
1991297
2004380
1998556
1998817
1991749
1978666
2013610
2024970
2038053
2037843
2047167
2048097
2047422
2053102
2065891
2098231
2095921
2107281
2104411
2106581
2096781
2102605
2100025
2099863
2101175
2108831
2108621
2102825
2101985
2090625
2101985
2107781
2108621
2112497
2099537
2081827
2076371
2083439
2083700
2083862
2096651
2071010
2083799
2098099
2097838
2097782
2100842
2104274
2098642
2092322
2079533
2078081
2076653
2078253
2103894
2099526
2082201
2083237
2083912
2082196
2080480
2080219
2086897
2090929
2090137
2088937
2097607
2102409
2091489
2092164
2091394
2088994
2089834
2096864
2093624
2096204
2095988
2088692
2085252
2095052
2101532
2095852
2093542
2097574
2099884
2086801
2078131
2103772
2100100
2107569
2113889
2112769
2114081
2120759
2128359
2133639
2126039
2130431
2131467
2134707
2138067
2139379
2159399
2160074
2160956
2159356
2168026
2169475
2170315
2154034
2153346
2154018
2119074
2122314
2127770
2120114
2120802
2133591
2164629
2153589
2160489
2166121
2167573
2164333
2161933
2145652
2138356
2132900
2127104
2128416
2130864
2132814
2121558
2128588
2131648
2132960
2143313
2143052
2140604
2125484
2129360
2146685
2160041
2152385
2149445
2150873
2150185
2151785
2151110
2131090
2130298
2129262
2118342
2160342
2185983
2183673
2172753
2157633
2159233
2165713
2163543
2176626
2181018
2184768
2198124
2194692
2197752
2208792
2205120
2204910
2214710
2225966
2212883
2196602
2189702
2188910
2171585
2176387
2177227
2177395
2179111
2192194
2180834
2173365
2172837
2168961
2194602
2199404
2193948
2176623
2184279
2175655
2181703
2186095
2193727
2186071
2178471
2182347
2171427
2162803
2162971
2163646
2162974
2158582
2171371
2170441
2176237
2182033
2183233
2185681
2178613
2178557
2173101
2147460
2146530
2142318
2100318
2099436
2100255
2098655
2091023
2098091
2100539
2102953
2099281
2095921
2094991
2094730
2098170
2094738
2097608
2096296
2094984
2084127
2077449
2084127
2071044
2059684
2064486
2053126
2042206
2035528
2037942
2036358
2043654
2049286
2051686
2050166
2058836
2057384
2041103
2044535
2047703
2047865
2047604
2055392
2055131
2057545
2058039
2052243
2055683
2057633
2064701
2066651
2068601
2062121
2067753
2059129
2063005
2066437
2065762
2062892
2057260
2063938
2066108
2062868
2063108
2050319
2053379
2088323
2085743
2077119
2078835
2066046
2068446
2055363
2042403
2048883
2041283
2050607
2058076
2071036
2063567
2061617
2062929
2059689
2056629
2059869
2054413
2062013
2065889
2068303
2075203
2075419
2072359
2072197
2075557
2079949
2071325
2071085
2057729
2065329
2064234
2068266
2060478
2042768
2035472
2031596
2028536
2035566
2022210
2025960
2027055
2025606
2016282
2023312
2023522
2036482
2038652
2037812
2030156
2065772
2069012
2027012
2031224
2034284
2030534
2033774
2026118
2026280
2044675
2045347
2047761
2048022
2052234
2066174
2065334
2062394
2066786
2062910
2058518
2057398
2053648
2059280
2067950
2070890
2069063
2058605
2055165
2051733
2049333
2042265
2038833
2037233
2035784
2010143
2004511
1998031
1997869
1982749
1969960
1967560
1960264
1955872
1950048
1938688
1932010
1928260
1927852
1914892
1907824
1906942
1905226
1903914
1895244
1892796
1889046
1887734
1882102
1879792
1873968
1873752
1838808
1837359
1837191
1832307
1829859
1825827
1819149
1818309
1817781
1811103
1807353
1803141
1800201
1758201
1740876
1737000
1728376
1725926
1724210
1709910
1707960
1704792
1692003
1706303
1708253
1711421
1713137
1717013
1724229
1732853
1745642
1706570
1706408
1693448
1692920
1685451
1685211
1685001
1683573
1677749
1677533
1645193
1639561
1628521
1626921
1621125
1617957
1612325
1586684
1569359
1562681
1559249
1557797
1556348
1555036
1552636
1534926
1534398
1531984
1531816
1530976
1527736
1523860
1519984
1513664
1510224
1508274
1505404
1504092
1497024
1493584
1490714
1486838
1475478
1468410
1429338
1394394
1368753
1368585
1366869
1362993
1362499
1361569
1353969
1347921
1340452
1339003
1324703
1321271
1313975
1310807
1306931
1303691
1303003
1302841
1286560
1268850
1261218
1260543
1260282
1240262
1238312
1226952
1220632
1194991
1185191
1178513
1175573
1140629
1137569
1124486
1111697
1111203
1105571
1099939
1097525
1091045
1090469
1084645
1074845
1065045
1055245
1042162
1040212
1038496
1027240
1024840
1021480
1020028
1012732
1010782
1009963
1001293
1000618
995816
992066
990466
989791
987621
985965
984845
980813
978503
971435
968375
959705
959444
933803
930863
917903
916187
903227
896159
895340
889884
889830
889158
876075
869045
862015
854546
853706
842786
835186
822397
809608
808933
808693
808531
802707
791451
788019
784779
759138
757554
751874
747072
743322
730533
727473
726378
717708
709038
707322
704874
703562
701252
698312
687455
678131
677921
675971
675710
673296
662439
662199
659031
657719
656879
648139
647451
642649
633979
620896
614848
607780
598456
595876
594994
588316
581836
575516
566192
559514
555482
551090
543434
511094
509782
504150
503114
499754
486398
482958
482748
479308
476140
474540
467640
460740
459540
457370
455200
454105
450865
448417
448092
447056
443816
430856
427796
420196
420028
416968
414568
414406
411166
369166
367738
363346
360286
354654
341298
334268
329466
325074
283074
278272
272640
264852
259056
255180
248700
235911
234599
231359
228945
226531
219853
217439
217223
214809
175737
140793
136581
132189
128313
108293
106773
102897
95867
91655
71635
65839
64999
53639
51923
42123
29334
15034
11866
3242
1292
0
