17
97
183
231
309
398
436
452
485
509
519
582
596
647
718
736
745
763
816
842
862
944
969
1026
1086
1086
1159
1200
1211
1305
1392
1415
1440
1472
1511
1519
1595
1650
1740
1723
1643
1557
1509
1431
1342
1304
1288
1255
1231
1221
1158
1144
1093
1022
1004
995
1012
1092
1178
1226
1304
1393
1431
1431
1464
1464
1474
1537
1537
1588
1659
1659
1668
1678
1778
1778
1845
1845
1845
1858
1938
1938
1938
1959
1959
1959
1959
1959
1959
1959
1959
2016
2098
2127
2216
2253
2352
2448
2463
2561
2620
2714
2757
2812
2888
2932
3024
3077
3156
3239
3301
3311
3388
3448
3457
3458
3530
3564
3609
3641
3674
3740
3751
3771
3858
3872
3888
3894
3959
4044
4069
4120
4181
4215
4245
4285
4300
4358
4457
4502
4520
4520
4503
4423
4337
4289
4211
4122
4084
4084
4051
4051
4041
3978
3978
3927
3856
3856
3847
3847
3927
3927
3927
3927
4016
4054
4054
4054
4054
4064
4127
4127
4178
4249
4249
4249
4260
4312
4406
4454
4495
4514
4587
4644
4705
4769
4811
4865
4933
5009
5074
5132
5146
5224
5237
5272
5371
5391
5415
5470
5513
5577
5592
5676
5676
5706
5752
5695
5613
5584
5495
5458
5359
5263
5248
5150
5091
4997
4954
5011
5093
5122
5211
5248
5347
5443
5458
5556
5615
5709
5752
5826
5826
5906
5936
6032
6059
6059
6059
6059
6059
6072
6143
6143
6143
6143
6143
6143
6143
6143
6063
6063
6063
6063
5974
5936
5936
5936
5936
5926
5863
5863
5812
5741
5741
5741
5758
5838
5924
5972
6050
6139
6177
6193
6226
6250
6260
6323
6337
6388
6459
6477
6486
6426
6417
6416
6344
6310
6265
6233
6200
6134
6123
6183
6192
6193
6265
6299
6344
6376
6409
6475
6486
6412
6412
6332
6302
6206
6179
6179
6179
6179
6179
6166
6095
6095
6095
6095
6095
6095
6095
6169
6197
6277
6307
6403
6430
6508
6522
6559
6627
6640
6711
6750
6816
6869
6885
6955
7018
7001
6921
6835
6787
6709
6620
6582
6566
6533
6509
6499
6436
6422
6371
6300
6282
6273
6290
6370
6456
6504
6582
6671
6709
6725
6758
6782
6792
6855
6869
6920
6991
7009
7018
6961
6879
6850
6761
6724
6625
6529
6514
6416
6357
6263
6220
6277
6359
6388
6477
6514
6613
6709
6724
6822
6822
6822
6865
6805
6796
6795
6723
6689
6644
6612
6579
6513
6502
6562
6571
6572
6644
6678
6723
6755
6788
6854
6834
6845
6758
6744
6728
6722
6657
6572
6547
6496
6496
6435
6435
6401
6438
6408
6452
6412
6412
6397
6397
6339
6416
6317
6368
6323
6369
6351
6351
6351
6372
6372
6372
6392
6475
6562
6562
6576
6647
6663
6663
6669
6734
6819
6844
6895
6956
6990
7020
7060
7075
7075
7174
7219
7219
7219
7145
7117
7037
7007
6911
6884
6806
6792
6755
6687
6674
6603
6564
6498
6445
6429
6359
6296
6370
6398
6478
6508
6604
6631
6709
6723
6760
6828
6841
6912
6951
7017
7070
7070
7070
7070
7052
6999
6973
6953
6871
6846
6789
6729
6729
6656
6615
6598
6518
6432
6432
6384
6437
6359
6385
6296
6296
6258
6258
6242
6267
6234
6291
6267
6267
6257
6257
6194
6267
6253
6294
6243
6172
6154
6145
6162
6242
6328
6376
6454
6543
6581
6597
6630
6654
6664
6727
6741
6792
6863
6881
6890
6832
6818
6740
6727
6692
6593
6573
6549
6494
6451
6387
6372
6288
6288
6258
6212
6270
6284
6362
6375
6410
6509
6529
6529
6584
6627
6691
6706
6790
6790
6820
6820
6859
6920
6982
7064
7131
7188
7198
7275
7327
7339
7380
7445
7499
7584
7630
7661
7674
7709
7699
7599
7599
7532
7532
7532
7519
7439
7439
7439
7418
7418
7418
7418
7418
7418
7418
7418
7428
7528
7573
7640
7729
7743
7756
7836
7889
7945
7966
7969
7895
7993
7965
8044
7964
7994
7964
8060
7964
7988
7961
7998
7920
7906
7869
7801
7788
7717
7678
7612
7559
7559
7559
7559
7633
7633
7633
7633
7633
7633
7633
7633
7633
7633
7646
7717
7717
7717
7717
7717
7717
7717
7718
7755
7782
7848
7944
8035
8051
8083
8083
8103
8136
8212
8212
8212
8152
8143
8142
8070
8036
7991
7959
7926
7860
7849
7849
7858
7858
7930
7930
7975
7920
7920
7844
7844
7800
7800
7708
7708
7655
7576
7519
7436
7354
7292
7263
7253
7164
7087
7050
6951
6855
6910
6895
6895
6797
6841
6841
6841
6841
6894
6851
6851
6851
6851
6908
6908
6908
6908
6937
7026
7026
7026
7122
7122
7122
7122
7122
7165
7216
7216
7216
7216
7229
7298
7298
7333
7390
7390
7390
7390
7390
7390
7373
7293
7207
7159
7081
6992
6954
6938
6905
6881
6871
6808
6794
6743
6672
6654
6645
6662
6742
6828
6876
6954
7043
7081
7097
7130
7154
7164
7227
7241
7292
7363
7381
7390
7316
7316
7316
7316
7316
7316
7316
7316
7316
7316
7303
7232
7232
7232
7232
7232
7232
7232
7306
7334
7414
7444
7540
7567
7645
7659
7696
7764
7777
7848
7887
7953
8006
8022
8092
8155
8155
8155
8118
8074
8074
8074
7997
7946
7900
7900
7879
7879
7879
7796
7796
7725
7725
7784
7818
7855
7899
7937
7941
8018
8069
8115
8190
8211
8260
8346
8429
8454
8525
8527
8507
8420
8406
8390
8384
8319
8234
8234
8209
8200
8149
8149
8088
8016
7982
7982
7952
7907
7867
7867
7852
7852
7852
7852
7753
7753
7708
7708
7708
7708
7708
7708
7728
7728
7815
7815
7829
7829
7845
7845
7851
7851
7916
7916
8001
8001
8026
8077
8138
8172
8202
8242
8257
8315
8414
8459
8477
8477
8403
8386
8358
8278
8198
8112
8082
8034
7938
7860
7833
7744
7666
7628
7614
7598
7561
7528
7460
7436
7423
7413
7342
7279
7240
7226
7160
7109
7056
6985
6969
6951
6881
6872
6809
6826
6900
6980
6980
7066
7146
7194
7194
7272
7368
7457
7457
7495
7495
7495
7495
7528
7528
7552
7552
7562
7575
7638
7709
7723
7723
7774
7774
7845
7898
7898
7898
7907
7907
7970
7984
8016
8052
8119
8124
8222
8245
8252
8296
8391
8460
8466
8494
8532
8609
8659
8716
8659
8659
8630
8541
8541
8541
8445
8445
8445
8445
8445
8402
8459
8459
8459
8459
8459
8558
8654
8654
8654
8654
8654
8654
8735
8779
8820
8908
8999
9099
9120
9163
9163
9205
9227
9312
9337
9337
9426
9426
9510
9510
9510
9510
9522
9548
9644
9644
9644
9718
9718
9718
9797
9797
9797
9797
9797
9797
9797
9823
9823
9823
9823
9823
9823
9823
9823
9823
9823
9749
9749
9669
9669
9573
9573
9573
9573
9573
9573
9560
9489
9489
9489
9431
9378
9364
9364
9286
9286
9273
9210
9175
9076
9056
9130
9130
9158
9103
9183
9140
9170
9106
9202
9187
9214
9130
9208
9208
9222
9192
9229
9229
9297
9310
9381
9381
9420
9420
9486
9486
9539
9552
9568
9603
9673
9673
9736
9736
9736
9791
9834
9834
9834
9918
9918
9948
9948
9931
9851
9765
9717
9639
9550
9512
9512
9479
9455
9445
9382
9368
9317
9246
9246
9237
9237
9317
9317
9317
9317
9406
9444
9444
9444
9444
9444
9444
9444
9444
9515
9515
9515
9544
9610
9699
9779
9835
9931
10002
10052
10144
10183
10251
10335
10425
10440
10527
10604
10604
10604
10593
10593
10541
10541
10447
10447
10399
10399
10358
10415
10396
10396
10323
10323
10266
10266
10205
10205
10141
10099
10045
9977
9901
9836
9847
9899
9993
10041
10082
10101
10174
10231
10231
10295
10337
10391
10391
10391
10456
10456
10456
10456
10456
10456
10456
10456
10456
10456
10456
10456
10465
10465
10537
10537
10582
10582
10582
10582
10582
10582
10582
10639
10712
10712
10712
10712
10712
10712
10712
10712
10712
10712
10712
10653
10619
10582
10538
10500
10496
10419
10368
10311
10265
10265
10190
10190
10169
10169
10120
10120
10034
9935
9852
9756
9731
9731
9660
9660
9658
9658
9658
9658
9658
9658
9658
9715
9715
9797
9797
9826
9826
9915
9915
9952
9952
10051
10051
10147
10147
10162
10162
10260
10260
10260
10260
10260
10260
10303
10303
10374
10374
10300
10272
10192
10162
10066
10039
9961
9947
9910
9842
9829
9758
9719
9653
9600
9584
9514
9451
9525
9553
9633
9663
9759
9786
9864
9878
9878
9878
9891
9962
9973
9973
9975
9975
9992
10045
10122
10122
10204
10204
10282
10345
10430
10451
10465
10518
10583
10607
10673
10719
10779
10794
10813
10855
10935
10944
11001
11001
11001
11001
10989
10963
10867
10867
10867
10793
10793
10826
10892
10912
10924
10950
11046
11121
11183
11257
11285
11271
11239
11203
11136
11131
11033
11010
11003
10959
10864
10795
10789
10761
10723
10646
10596
10539
10539
10539
10539
10539
10539
10539
10539
10539
10539
10539
10539
10539
10539
10539
10539
10539
10596
10515
10471
10430
10342
10251
10151
10130
10087
10087
10045
10023
9938
9913
9913
9824
9824
9740
9821
9865
9906
9994
10085
10185
10206
10249
10343
10385
10407
10492
10517
10528
10617
10712
10796
10796
10716
10716
10716
10716
10627
10589
10589
10589
10589
10589
10589
10589
10589
10518
10518
10518
10518
10518
10461
10388
10388
10388
10388
10388
10388
10388
10388
10388
10388
10388
10421
10489
10546
10619
10689
10772
10833
10837
10899
10913
10961
10961
10961
10970
10950
10863
10849
10833
10827
10762
10677
10652
10601
10540
10506
10476
10436
10426
10411
10311
10253
10208
10109
10042
9997
9908
9890
9876
9876
9863
9783
9730
9750
9694
9781
9760
9774
9771
9787
9689
9695
9616
9681
9651
9736
9640
9665
9641
9692
9655
9716
9750
9780
9790
9830
9930
9945
9945
9990
10048
10039
10106
10205
10205
10294
10339
10267
10281
10299
10299
10312
10312
10267
10347
10347
10400
10400
10456
10456
10477
10477
10480
10578
10657
10687
10783
10807
10844
10844
10844
10844
10844
10844
10844
10787
10787
10787
10787
10808
10808
10808
10833
10833
10833
10898
10898
10898
10824
10824
10893
10893
10865
10887
10951
10965
10965
10977
10977
10897
10982
10982
11078
11048
11075
11075
10979
11044
11044
11044
11044
11074
11047
11120
11177
11177
11222
11144
11144
11216
11253
11253
11253
11239
11239
11239
11239
11239
11239
11323
11394
11424
11424
11469
11456
11545
11545
11474
11474
11474
11548
11548
11548
11599
11666
11721
11668
11689
11689
11689
11626
11561
11537
11471
11425
11365
11350
11331
11289
11209
11200
11143
11208
11232
11298
11344
11404
11419
11438
11480
11560
11569
11626
11626
11547
11547
11547
11547
11547
11547
11547
11521
11521
11521
11521
11521
11521
11521
11521
11521
11521
11571
11650
11683
11686
11686
11734
11780
11781
11807
11807
11807
11807
11807
11807
11884
11884
11973
11973
11973
11980
11980
12009
12088
12165
12249
12292
12292
12359
12359
12359
12359
12359
12359
12359
12459
12459
12459
12459
12406
12380
12380
12380
12355
12298
12298
12298
12225
12184
12129
12129
12085
12085
12032
12032
12032
12032
12032
12032
11999
11933
11913
11901
11875
11779
11704
11642
11568
11540
11573
11639
11659
11671
11697
11793
11868
11930
12004
12032
11993
11932
11870
11788
11721
11664
11654
11577
11544
11492
11424
11412
11355
11314
11241
11176
11106
11052
10969
10884
10823
10777
10773
10742
10680
10667
10653
10618
10570
10570
10570
10609
10600
10661
10723
10805
10805
10872
10872
10929
10986
10996
10996
11073
11073
11125
11125
11137
11137
11178
11178
11243
11243
11297
11297
11382
11382
11428
11428
11459
11459
11472
11472
11507
11450
11368
11339
11250
11213
11114
11018
11003
10905
10905
10905
10862
10811
10868
10868
10950
10950
10979
10979
11068
11055
11092
11023
11122
11122
11218
11183
11198
11141
11239
11239
11298
11298
11392
11392
11435
11435
11435
11486
11486
11582
11582
11595
11664
11664
11699
11756
11756
11756
11756
11756
11776
11776
11776
11776
11776
11776
11776
11765
11818
11904
11930
11945
11945
11945
11851
11880
11937
11952
11952
11865
11889
11889
11939
11939
11916
11999
12072
12047
12123
12091
12091
12142
12238
12326
12326
12409
12409
12409
12370
12370
12362
12414
12497
12519
12519
12519
12443
12443
12388
12471
12381
12316
12292
12226
12180
12120
12105
12086
12044
11964
11955
11898
11963
11987
12053
12099
12159
12174
12174
12216
12296
12305
12362
12362
12362
12362
12349
12314
12314
12314
12314
12259
12216
12216
12216
12132
12132
12102
12102
12102
12144
12144
12144
12144
12183
12219
12245
12299
12373
12458
12525
12554
12642
12642
12699
12799
12799
12799
12788
12786
12769
12692
12610
12532
12447
12426
12412
12359
12370
12372
12389
12466
12548
12626
12711
12732
12651
12665
12621
12674
12633
12545
12454
12354
12333
12333
12290
12290
12196
12196
12154
12154
12154
12132
12132
12132
12047
12047
12047
12022
12022
12022
12011
12011
12011
11922
11922
11922
11827
11827
11827
11743
11743
11743
11743
11743
11743
11743
11824
11824
11824
11868
11868
11868
11909
11909
11909
11997
11997
11940
12031
12031
12131
12060
12081
12081
12095
12138
12170
12170
12206
12248
12248
12315
12337
12337
12342
12427
12427
12525
12550
12594
12617
12617
12655
12662
12751
12751
12795
12890
12890
12985
13069
13120
13189
13235
13241
13241
13269
13290
13328
13328
13405
13405
13455
13455
13512
13512
13583
13583
13614
13614
13614
13614
13614
13614
13614
13614
13655
13655
13655
13655
13655
13655
13655
13655
13641
13556
13529
13464
13407
13407
13407
13407
13407
13362
13362
13305
13305
13305
13305
13305
13305
13319
13319
13404
13404
13404
13404
13469
13469
13526
13526
13526
13526
13526
13526
13526
13526
13571
13571
13571
13628
13701
13701
13701
13701
13701
13701
13701
13701
13701
13701
13701
13701
13694
13694
13665
13586
13509
13425
13382
13382
13315
13315
13315
13315
13315
13315
13315
13215
13215
13215
13215
13215
13215
13244
13323
13400
13484
13527
13536
13603
13648
13648
13733
13733
13733
13733
13833
13833
13833
13800
13734
13714
13702
13676
13580
13505
13443
13369
13341
13341
13341
13341
13353
13379
13475
13475
13475
13475
13475
13410
13386
13320
13274
13214
13199
13199
13157
13077
13068
13011
13011
13011
13011
13011
13011
13011
13011
13053
13053
13053
13110
13143
13161
13236
13325
13397
13431
13444
13512
13574
13619
13683
13626
13544
13515
13426
13389
13290
13194
13179
13081
13022
12928
12885
12835
12756
12723
12720
12720
12672
12626
12625
12599
12599
12599
12599
12599
12599
12522
12522
12433
12433
12483
12562
12595
12598
12676
12724
12770
12771
12797
12814
12819
12842
12842
12864
12941
12941
13030
13030
13030
13030
12973
12900
12900
12900
12900
12900
12900
12900
12900
12900
12900
12900
12933
13001
13058
13131
13201
13284
13284
13284
13346
13360
13360
13360
13360
13369
13369
13369
13369
13369
13369
13369
13464
13464
13479
13530
13530
13530
13568
13568
13568
13568
13568
13568
13568
13548
13461
13447
13431
13425
13360
13275
13250
13199
13138
13104
13074
13034
13019
12961
12862
12817
12799
12799
12799
12799
12799
12799
12799
12799
12799
12757
12757
12757
12700
12769
12834
12910
12934
12937
13003
13017
13063
13127
13187
13274
13289
13308
13327
13398
13440
13440
13520
13619
13628
13628
13685
13690
13743
13743
13810
13810
13810
13810
13779
13779
13779
13779
13779
13779
13779
13779
13738
13738
13738
13738
13738
13738
13738
13738
13738
13784
13784
13784
13784
13784
13825
13825
13825
13825
13825
13902
13902
13902
13888
13803
13803
13738
13681
13681
13681
13681
13636
13636
13636
13650
13735
13735
13800
13857
13857
13858
13858
13903
13903
13903
13903
13891
13865
13769
13769
13769
13769
13769
13802
13868
13888
13900
13926
14022
14022
14084
14158
14186
14186
14186
14186
14157
14078
14001
13917
13874
13865
13798
13753
13753
13668
13668
13668
13668
13568
13568
13568
13568
13568
13568
13487
13516
13472
13551
13510
13510
13422
13506
13415
13458
13358
13358
13337
13404
13361
13361
13361
13361
13319
13319
13297
13297
13212
13212
13187
13187
13187
13187
13098
13098
13003
13003
12919
13000
13044
13085
13173
13264
13364
13385
13428
13522
13564
13586
13671
13696
13707
13796
13891
13975
13990
14000
14070
14147
14198
14252
14330
14380
14438
14472
14567
14640
14640
14669
14669
14655
14655
14623
14623
14587
14520
14515
14417
14394
14387
14343
14248
14179
14173
14145
14107
14030
13980
13923
13937
13969
14005
14072
14077
14175
14175
14182
14226
14321
14390
14390
14418
14456
14533
14583
14640
14607
14539
14482
14409
14339
14256
14256
14256
14194
14180
14180
14180
14180
14171
14171
14171
14160
14217
14215
14288
14271
14271
14194
14194
14112
14112
14034
14034
13949
13949
13928
13928
13914
13914
13861
13861
13861
13870
13881
13883
13900
13977
14059
14137
14222
14243
14257
14310
14310
14268
14268
14268
14268
14229
14193
14167
14113
14039
13954
13887
13858
13770
13770
13713
13613
13613
13613
13613
13655
13655
13655
13655
13655
13655
13681
13681
13755
13755
13755
13755
13755
13755
13812
13812
13812
13812
13812
13812
13812
13768
13730
13730
13730
13679
13633
13633
13612
13612
13612
13612
13612
13541
13541
13540
13503
13476
13410
13345
13249
13225
13134
13068
13052
13006
12974
12914
12914
12899
12879
12860
12827
12785
12709
12629
12629
12620
12620
12563
12628
12652
12718
12764
12824
12839
12858
12900
12980
12989
13046
13046
13046
12989
12916
12916
12916
12916
12916
12916
12916
12916
12916
12916
12907
12940
12940
12997
13070
13070
13070
13070
13070
13070
13070
13070
13070
13020
13020
12941
12950
12917
12914
12836
12788
12742
12741
12715
12698
12688
12683
12583
12560
12515
12515
12448
12426
12337
12260
12246
12246
12233
12144
12064
12064
12011
11955
11922
11901
11835
11885
11882
11862
11941
11843
11831
11864
11785
11759
11762
11732
11636
11714
11618
11618
11666
11642
11580
11626
11589
11515
11516
11488
11514
11531
11536
11569
11592
11658
11665
11685
11707
11719
11796
11822
11892
11988
12077
12152
12245
12307
12381
12409
12409
12409
12409
12363
12363
12363
12363
12363
12322
12322
12322
12322
12322
12245
12276
12283
12319
12365
12403
12432
12524
12564
12605
12619
12666
12753
12753
12792
12792
12869
12855
12770
12770
12705
12648
12648
12647
12647
12602
12602
12602
12602
12602
12602
12602
12602
12602
12602
12602
12602
12602
12602
12602
12573
12494
12494
12410
12367
12367
12300
12300
12300
12300
12300
12300
12300
12300
12300
12300
12300
12307
12307
12336
12415
12492
12576
12619
12628
12695
12740
12786
12871
12966
12966
12966
13066
13066
13066
13086
13113
13159
13243
13335
13410
13416
13472
13504
13564
13651
13586
13562
13496
13450
13390
13375
13356
13314
13234
13225
13168
13233
13233
13233
13218
13264
13254
13254
13184
13199
13122
13122
13071
13113
13059
13139
13061
13070
13020
13077
13019
12985
12890
12817
12817
12788
12788
12788
12788
12803
12803
12803
12803
12803
12803
12803
12803
12803
12803
12803
12803
12803
12803
12803
12803
12803
12792
12740
12646
12598
12557
12538
12465
12408
12408
12344
12302
12248
12248
12248
12183
12102
12058
12017
11929
11838
11738
11717
11674
11580
11538
11516
11431
11406
11395
11306
11211
11127
11127
11171
11212
11300
11300
11300
11321
11364
11364
11406
11406
11406
11406
11406
11406
11406
11490
11439
11439
11343
11343
11330
11261
11261
11226
11169
11169
11169
11169
11169
11149
11116
11116
11059
10986
10986
10986
10986
10986
10986
10986
10986
10986
10986
10977
10977
10977
11034
11107
11107
11190
11190
11190
11190
11190
11176
11176
11144
11144
11108
11108
11041
11050
11045
10947
10947
10940
10896
10801
10732
10732
10704
10666
10589
10539
10482
10487
10557
10564
10657
10724
10737
10800
10840
10840
10897
10926
10952
11007
11058
11141
11205
11277
11277
11277
11266
11264
11247
11170
11088
11010
10925
10904
10890
10837
10837
10872
10872
10872
10872
10872
10872
10872
10939
10939
10939
10939
10939
10939
10939
10939
10939
10960
10960
10960
10960
10960
11056
11056
11056
11056
11056
11023
10957
10937
10925
10860
10834
10834
10738
10738
10663
10617
10555
10555
10481
10466
10438
10438
10396
10316
10316
10307
10307
10250
10250
10262
10288
10353
10449
10449
10449
10449
10449
10495
10569
10569
10569
10584
10584
10626
10706
10715
10772
10727
10727
10685
10685
10685
10685
10685
10685
10685
10685
10685
10659
10659
10585
10585
10585
10585
10585
10585
10528
10528
10528
10528
10598
10640
10718
10799
10891
10930
10966
10992
11046
11120
11205
11272
11301
11389
11436
11493
11593
11637
11664
11664
11664
11703
11741
11741
11741
11741
11702
11755
11694
11694
11632
11632
11550
11550
11483
11483
11426
11426
11483
11473
11473
11396
11396
11344
11344
11332
11332
11332
11291
11291
11226
11172
11087
11041
11010
10997
10962
10962
10937
10937
10990
10990
11053
11053
11053
11053
11053
11053
11002
10990
10990
10926
10971
11033
11060
11072
11092
11061
11061
11101
11124
11117
11117
11201
11300
11324
11350
11433
11397
11397
11418
11513
11600
11621
11575
11575
11599
11579
11677
11707
11669
11669
11680
11653
11653
11738
11709
11709
11791
11745
11745
11653
11653
11696
11612
11667
11627
11627
11649
11649
11557
11647
11674
11674
11684
11736
11695
11695
11620
11651
11637
11637
11637
11631
11657
11740
11740
11752
11836
11836
11789
11789
11782
11800
11744
11755
11805
11841
11754
11754
11722
11767
11767
11767
11819
11819
11780
11751
11691
11731
11654
11714
11635
11548
11576
11499
11470
11484
11400
11334
11365
11450
11407
11427
11338
11338
11365
11356
11383
11303
11339
11404
11337
11383
11327
11373
11430
11385
11469
11373
11373
11373
11327
11327
11256
11256
11257
11172
11172
11122
11122
11140
11045
11045
10953
10953
10953
10953
10953
10914
10955
10955
10955
10887
10887
10787
10787
10703
10703
10703
10703
10613
10613
10613
10598
10598
10511
10511
10434
10434
10434
10434
10463
10542
10619
10703
10746
10746
10813
10813
10813
10813
10813
10813
10813
10813
10813
10813
10748
10790
10790
10816
10816
10786
10714
10714
10714
10714
10714
10657
10584
10584
10501
10501
10501
10501
10501
10501
10501
10501
10492
10525
10593
10650
10723
10793
10876
10855
10916
10920
10982
10996
11044
11135
11213
11222
11167
11152
11152
11152
11152
11152
11152
11152
11152
11152
11152
11152
11152
11152
11152
11194
11194
11194
11194
11127
11127
11127
11142
11152
11222
11299
11350
11404
11482
11532
11532
11532
11532
11605
11605
11634
11634
11656
11656
11733
11662
11662
11657
11587
11580
11487
11420
11407
11344
11304
11304
11247
11218
11218
11192
11137
11086
11003
11003
10939
10867
10867
10867
10867
10867
10867
10875
10875
10955
11022
11041
11054
11126
11126
11182
11182
11268
11268
11284
11341
11392
11392
11476
11502
11545
11600
11638
11689
11725
11725
11789
11789
11789
11789
11789
11754
11754
11754
11754
11687
11687
11687
11687
11687
11687
11687
11591
11591
11541
11541
11462
11429
11426
11426
11348
11348
11300
11300
11254
11254
11253
11253
11227
11227
11210
11210
11210
11205
11205
11182
11182
11175
11175
11153
11153
11076
11076
11006
11006
10917
10917
10824
10824
10874
10953
10986
10986
10986
10986
11032
11032
11058
11058
11063
11063
11063
11063
11140
11140
11140
11140
11140
11140
11075
11075
11131
11131
11162
11116
11124
11124
11185
11170
11184
11184
11264
11222
11264
11184
11233
11224
11282
11225
11277
11296
11296
11305
11384
11384
11334
11245
11223
11150
11150
11175
11106
11033
11033
10950
10866
10770
10770
10674
10598
10583
10596
10513
10513
10513
10439
10418
10465
10480
10480
10480
10480
10480
10468
10442
10442
10346
10346
10346
10272
10272
10279
10312
10378
10349
10369
10381
10381
10407
10503
10578
10640
10714
10714
10742
10698
10657
10569
10569
10569
10569
10548
10505
10505
10463
10463
10463
10463
10547
10575
10575
10575
10545
10545
10576
10524
10440
10472
10535
10513
10476
10443
10375
10318
10245
10175
10092
10031
10027
9965
9951
9903
9812
9734
9725
9674
9674
9695
9732
9736
9765
9779
9779
9806
9806
9806
9806
9806
9904
9904
9969
9969
9969
9969
9969
9945
9945
9862
9862
9862
9862
9862
9862
9862
9862
9862
9862
9862
9862
9862
9862
9862
9862
9862
9862
9862
9862
9862
9929
9929
9929
9929
9929
9929
9929
9929
9929
9862
9862
9849
9849
9849
9849
9849
9849
9849
9849
9792
9792
9792
9766
9713
9658
9607
9607
9543
9543
9543
9543
9543
9548
9548
9555
9555
9622
9635
9698
9698
9698
9755
9784
9810
9865
9916
9916
9916
9988
9988
9988
9988
9988
9988
9988
9988
9988
9988
9968
9968
9968
10045
10045
10045
10018
10018
10018
9972
10055
10055
9971
9971
9971
9971
9971
9971
9971
9971
10038
10038
10038
10038
10038
10038
10038
10038
10038
10058
10085
10131
10215
10307
10382
10388
10444
10444
10476
10536
10623
10615
10535
10516
10444
10388
10331
10245
10229
10178
10094
10051
10013
9977
9977
10057
10057
10057
10057
10129
10129
10129
10100
10186
10107
10107
10030
10081
9997
10081
10038
10081
10081
10119
10052
10088
10088
10088
10088
10088
10088
10088
10088
10088
10088
10088
10000
10097
10104
10186
10215
10294
10371
10455
10498
10507
10574
10619
10665
10750
10845
10931
10955
11055
11069
11069
11144
11084
11056
11042
10957
10930
10865
10808
10808
10807
10789
10789
10884
10911
10986
11046
11137
11165
11197
11211
11224
11309
11408
11435
11465
11530
11571
11628
11638
11720
11764
11765
11801
11819
11831
11876
11879
11925
11925
11894
11894
11894
11858
11858
11812
11812
11812
11812
11812
11812
11812
11812
11812
11812
11771
11771
11771
11822
11822
11822
11822
11822
11822
11822
11822
11822
11822
11878
11878
11909
11909
11909
11916
11922
11922
11958
11958
11958
12004
12011
12011
12049
12148
12177
12177
12269
12341
12381
12403
12444
12497
12511
12584
12631
12631
12631
12631
12670
12747
12747
12747
12747
12661
12661
12661
12661
12661
12661
12661
12661
12661
12661
12640
12640
12640
12640
12640
12595
12533
12493
12409
12388
12364
12353
12271
12228
12206
12251
12313
12353
12437
12458
12458
12458
12458
12501
12523
12596
12596
12581
12571
12501
12424
12373
12319
12241
12191
12191
12191
12191
12191
12191
12118
12118
12118
12089
12089
12089
12089
12104
12114
12114
12114
12165
12165
12165
12165
12165
12165
12165
12238
12238
12238
12238
12238
12238
12155
12140
12114
12139
12163
12208
12242
12290
12318
12407
12427
12427
12427
12427
12357
12398
12441
12502
12544
12544
12544
12502
12559
12564
12486
12486
12512
12586
12505
12540
12587
12664
12690
12598
12620
12716
12677
12724
12688
12738
12712
12758
12794
12794
12794
12794
12844
12844
12790
12812
12837
12763
12763
12815
12815
12911
12826
12906
12906
12906
12839
12839
12839
12868
12940
12911
12911
12823
12833
12888
12841
12784
12784
12684
12699
12655
12628
12628
12670
12670
12670
12670
12670
12670
12696
12696
12770
12855
12922
12922
12922
12922
12979
12979
12979
12979
12979
12979
12979
12979
12979
12912
12912
12912
12912
12912
12912
12891
12891
12854
12854
12850
12850
12821
12821
12807
12807
12780
12780
12780
12794
12696
12731
12731
12797
12732
12743
12743
12835
12835
12902
12902
12946
12982
13009
13009
13108
13129
13224
13224
13273
13273
13369
13369
13452
13452
13461
13461
13461
13461
13559
13559
13559
13526
13526
13460
13516
13496
13531
13519
13493
13397
13322
13260
13186
13158
13158
13158
13158
13170
13196
13196
13196
13196
13196
13196
13196
13196
13157
13119
13114
13114
13114
13114
13107
13107
13107
13054
12987
12987
12974
12974
12911
12911
12911
12911
12911
12854
12797
12797
12768
12768
12742
12742
12687
12687
12636
12636
12636
12636
12564
12645
12645
12682
12682
12721
12759
12804
12804
12824
12824
12915
12915
12968
12968
13036
13036
13061
13061
13146
13146
13204
13204
13261
13261
13324
13381
13437
13437
13459
13485
13501
13501
13562
13562
13562
13562
13562
13562
13562
13512
13433
13400
13400
13400
13400
13354
13354
13328
13328
13323
13323
13323
13323
13246
13246
13246
13246
13296
13375
13375
13375
13375
13423
13469
13469
13495
13495
13495
13495
13495
13517
13517
13517
13517
13517
13437
13437
13437
13365
13365
13279
13279
13228
13144
13101
13063
13027
13027
13107
13107
13107
13107
13107
13107
13158
13242
13285
13285
13285
13285
13285
13285
13285
13285
13285
13285
13285
13234
13234
13234
13234
13234
13234
13234
13234
13234
13214
13214
13214
13214
13214
13214
13214
13187
13187
13187
13141
13210
13210
13252
13252
13168
13168
13220
13220
13294
13294
13323
13231
13231
13231
13231
13292
13390
13390
13390
13464
13389
13383
13403
13433
13377
13426
13516
13484
13486
13576
13516
13516
13429
13524
13611
13633
13653
13707
13734
13785
13831
13886
13970
13980
14072
14160
14235
14334
14340
14404
14460
14460
14460
14558
14558
14558
14558
14558
14558
14461
14454
14372
14343
14264
14187
14103
14060
14051
13984
13939
13893
13808
13713
13627
13603
13503
13489
13414
13476
13535
13567
13571
13651
13745
13833
13833
13833
13883
13823
13795
13781
13696
13669
13604
13547
13465
13464
13446
13401
13387
13352
13286
13275
13183
13116
13072
13036
13009
12910
12815
12766
12670
12587
12578
12592
12627
12693
12704
12796
12863
12907
12943
12970
13069
13164
13213
13309
13392
13401
13370
13363
13327
13281
13243
13214
13122
13082
13041
13119
13119
13105
13134
13205
13158
13158
13158
13200
13296
13296
13257
13224
13322
13322
13351
13372
13372
13372
13295
13277
13307
13406
13457
13457
13382
13382
13293
13293
13324
13324
13252
13287
13367
13367
13374
13340
13370
13454
13490
13514
13501
13501
13501
13553
13599
13531
13531
13569
13507
13536
13491
13583
13519
13559
13600
13614
13647
13694
13712
13799
13799
13838
13927
14004
14076
14076
14089
14089
14151
14196
14260
14260
14239
14239
14239
14239
14239
14239
14239
14239
14141
14141
14141
14141
14085
14050
14050
14071
14071
14071
14100
14100
14100
14199
14199
14297
14297
14362
14362
14347
14347
14382
14372
14372
14372
14321
14321
14321
14321
14321
14321
14321
14248
14248
14248
14248
14248
14248
14263
14273
14343
14420
14471
14525
14603
14603
14653
14653
14711
14711
14745
14745
14840
14840
14913
14913
14913
14913
14942
14942
15018
15018
15018
14961
14961
14961
14935
14935
14935
14935
14935
14935
14935
14935
14935
14935
14935
14935
15002
15015
15015
15015
15015
15072
15101
15127
15127
15127
15127
15127
15127
15127
15127
15082
15020
14980
14896
14875
14875
14875
14875
14832
14810
14855
14855
14855
14855
14939
14939
14960
14960
14960
14948
14948
14922
14922
14922
14965
14965
14965
14965
14965
14965
14870
14843
14768
14677
14645
14632
14533
14503
14462
14562
14552
14552
14508
14606
14570
14571
14559
14604
14601
14601
14555
14555
14555
14555
14555
14555
14650
14697
14697
14697
14697
14697
14697
14768
14768
14768
14768
14768
14768
14781
14781
14781
14686
14716
14716
14757
14742
14752
14701
14701
14701
14701
14701
14713
14675
14675
14675
14675
14675
14675
14675
14675
14675
14675
14709
14803
14873
14875
14899
14936
15031
15048
15063
15114
15170
15230
15268
15358
15362
15362
15380
15426
15426
15370
15370
15364
15364
15357
15258
15258
15186
15164
15111
15038
15038
15038
15038
15038
14958
14958
14958
14958
14958
14958
14958
14958
14958
14958
14958
14958
14907
14979
14895
14895
14852
14905
14905
14905
14905
14905
14905
14905
14985
14985
15057
15057
15057
15057
15108
15192
15235
15273
15273
15372
15463
15521
15549
15628
15726
15731
15783
15838
15914
15988
16020
15958
15899
15867
15863
15783
15689
15601
15601
15601
15551
15613
15613
15645
15645
15725
15725
15813
15824
15827
15877
15950
15965
15896
15896
15820
15875
15872
15872
15858
15858
15838
15774
15774
15684
15597
15597
15595
15576
15576
15576
15505
15562
15467
15467
15541
15454
15355
15355
15333
15333
15417
15363
15358
15358
15307
15254
15254
15199
15218
15218
15218
15208
15304
15237
15237
15149
15225
15225
15225
15126
15163
15163
15099
15190
15190
15190
15190
15092
15092
15078
15078
15078
15147
15112
15112
15112
15112
15046
15046
15098
15098
15087
15087
15101
15009
15082
15146
15079
15079
15130
15130
15086
15086
15086
15086
15050
15050
15121
15094
15094
15094
14995
14995
15094
14999
14999
14999
14950
14950
14950
14854
14854
14907
14824
14875
14875
14866
14921
14988
14998
14998
14998
14998
14998
14998
14998
15033
15033
15033
15033
15033
15033
15033
15033
15033
15033
15033
15033
15033
15033
15033
15033
15033
15033
15033
15033
15033
15033
15033
15104
15104
15104
15104
15104
15104
15104
15084
15123
15096
15096
15096
15101
15055
14971
14971
14971
14879
14879
14910
14910
14911
14836
14903
14897
14906
14963
14983
14927
14995
15090
15090
15090
15090
15110
15137
15183
15267
15359
15434
15440
15496
15528
15528
15615
15615
15683
15719
15817
15817
15817
15817
15817
15817
15889
15944
15944
15944
15902
15902
15902
15902
15902
15902
15876
15876
15802
15717
15650
15650
15650
15650
15593
15593
15593
15593
15593
15635
15635
15635
15635
15635
15635
15661
15661
15735
15735
15802
15802
15802
15802
15859
15859
15859
15859
15859
15838
15838
15838
15809
15809
15809
15710
15710
15612
15612
15612
15547
15547
15547
15547
15547
15547
15512
15445
15432
15432
15432
15432
15453
15453
15453
15396
15396
15367
15396
15370
15370
15370
15370
15370
15469
15469
15469
15469
15567
15567
15567
15567
15567
15567
15567
15567
15602
15602
15602
15602
15602
15669
15682
15682
15682
15682
15739
15739
15765
15820
15871
15871
15871
15943
15943
15943
16029
16073
16134
16165
16187
16286
16315
16325
16353
16358
16388
16480
16539
16612
16668
16734
16834
16834
16878
16958
16958
16958
17054
17054
17085
17086
17086
17086
17165
17232
17232
17232
17277
17277
17227
17262
17183
17183
17183
17183
17183
17183
17183
17212
17164
17164
17118
17118
17118
17148
17122
17193
17193
17193
17193
17193
17193
17193
17193
17281
17259
17259
17259
17332
17332
17332
17332
17332
17301
17294
17258
17212
17174
17145
17053
17013
16972
16958
16911
16824
16785
16708
16708
16708
16708
16743
16743
16801
16801
16892
16892
16910
16910
16931
16931
16980
17021
17096
17096
17144
17144
17244
17244
17249
17249
17333
17333
17350
17354
17423
17451
17493
17519
17563
17563
17501
17501
17469
17469
17389
17389
17301
17290
17287
17237
17237
17237
17237
17237
17237
17237
17237
17237
17237
17237
17237
17157
17157
17085
17085
17085
17085
17034
16950
16907
16869
16869
16869
16869
16869
16941
16926
16926
16916
16916
16846
16846
16769
16820
16769
16853
16799
16799
16721
16721
16671
16671
16613
16579
16484
16411
16411
16411
16376
16347
16347
16271
16271
16271
16271
16271
16271
16271
16271
16271
16271
16271
16271
16271
16271
16271
16271
16306
16306
16306
16306
16373
16417
16453
16453
16453
16453
16453
16549
16549
16549
16468
16431
16392
16354
16309
16289
16198
16145
16077
16052
15967
15909
15852
15789
15733
15711
15695
15634
15715
15752
15791
15829
15874
15894
15985
16038
16106
16131
16216
16216
16273
16336
16392
16414
16414
16414
16314
16314
16216
16215
16170
16170
16170
16170
16170
16170
16123
16123
16052
16052
16052
16052
16052
16052
16052
16052
16052
16052
16052
16052
16052
16123
16123
16123
16123
16123
16123
16123
16123
16123
16072
16017
16007
16007
16007
16007
16007
16007
16007
16007
16007
16027
16117
16119
16213
16308
16395
16417
16417
16468
16523
16533
16621
16720
16720
16720
16818
16847
16862
16862
16862
16862
16862
16862
16862
16862
16862
16862
16914
16914
16985
16985
17085
17085
17040
17040
17040
16956
16935
16935
16935
16935
16892
16892
16937
16999
17039
17123
17144
17144
17144
17144
17187
17209
17236
17236
17236
17336
17336
17416
17416
17431
17431
17431
17364
17441
17428
17428
17428
17428
17428
17428
17428
17472
17415
17415
17415
17415
17389
17389
17334
17418
17367
17367
17367
17367
17367
17367
17295
17295
17295
17300
17300
17300
17300
17367
17380
17380
17380
17380
17437
17437
17463
17518
17518
17518
17497
17497
17497
17497
17497
17497
17468
17468
17468
17468
17468
17369
17369
17271
17271
17271
17271
17271
17236
17236
17257
17257
17257
17257
17257
17257
17257
17257
17355
17355
17420
17420
17420
17420
17500
17500
17547
17547
17618
17618
17618
17618
17618
17675
17746
17746
17746
17746
17746
17746
17726
17811
17882
17855
17912
17912
17912
17866
17886
17907
17823
17823
17823
17858
17766
17766
17766
17766
17691
17773
17789
17805
17799
17827
17827
17894
17894
17979
17923
17932
17932
17900
17984
17984
17984
17989
17989
18046
18046
18056
17969
17989
17989
18035
18119
18119
18119
18119
18119
18119
18119
18119
18024
18024
18024
18024
18024
18011
18011
17981
17940
17930
17930
17930
17918
17918
17918
17918
17918
17918
17918
17918
17918
17931
18030
18030
18071
18071
18071
18071
18083
18083
18083
18083
18083
18083
18083
18083
18083
18083
18083
18083
18083
18083
18145
18204
18236
18240
18320
18414
18502
18502
18505
18555
18555
18510
18489
18489
18454
18454
18454
18454
18425
18425
18425
18395
18324
18324
18324
18324
18236
18236
18163
18163
18163
18128
18128
18128
18128
18128
18128
18128
18128
18061
18061
18017
18017
17981
17981
17929
17929
17929
17929
17929
17929
17929
17929
17929
17833
17904
17904
17904
17904
17904
17904
17992
17992
17992
17992
18065
18065
18065
18065
18065
18038
18038
18038
18038
18038
18038
18038
18038
18038
18038
18038
18038
18038
18038
18038
18038
18038
18038
17966
17966
17966
17913
17913
17913
17913
17969
18028
18028
18028
18035
18035
18035
18107
18107
18160
18233
18233
18233
18223
18292
18321
18309
18283
18290
18207
18184
18184
18129
18129
18129
18109
18109
18037
18037
18037
18037
17986
17902
17866
17866
17866
17866
17866
17866
17866
17866
17866
17866
17866
17866
17950
17950
17950
17950
17950
17898
17854
17774
17774
17774
17678
17678
17647
17646
17646
17646
17567
17567
17500
17500
17500
17544
17615
17714
17714
17803
17803
17821
17821
17868
17868
17868
17868
17868
17925
18004
18004
18004
18004
18083
18083
18150
18150
18150
18150
18150
18150
18150
18150
18150
18150
18150
18150
18150
18150
18150
18150
18150
18150
18150
18150
18171
18171
18171
18081
18095
18011
18099
18187
18142
18211
18161
18084
18084
18084
18053
18053
18053
18053
18053
18053
18053
18053
18053
18053
18120
18120
18120
18120
18163
18163
18139
18044
18044
18044
18044
18044
18044
18044
18044
18044
18003
18003
18003
18003
18003
18003
18003
17940
17920
17830
17828
17734
17639
17552
17530
17530
17479
17424
17414
17326
17227
17227
17227
17129
17100
17085
17085
17085
17175
17175
17175
17175
17170
17170
17170
17192
17192
17192
17192
17192
17243
17176
17231
17218
17228
17228
17228
17228
17228
17228
17228
17171
17171
17171
17171
17171
17145
17145
17090
17090
17090
17090
17090
17090
17090
17090
17090
17095
17095
17095
17095
17162
17175
17175
17175
17175
17232
17232
17258
17313
17364
17364
17364
17364
17364
17364
17311
17380
17428
17345
17345
17303
17303
17282
17282
17282
17255
17255
17255
17255
17255
17255
17255
17157
17157
17092
17092
17092
17092
17073
16977
17000
16924
16945
16908
16945
16854
16827
16831
16831
16831
16860
16860
16760
16774
16774
16694
16721
16721
16706
16805
16753
16753
16753
16753
16676
16774
16701
16701
16718
16667
16667
16732
16732
16732
16732
16688
16688
16626
16626
16661
16602
16602
16602
16570
16666
16666
16662
16662
16578
16498
16498
16498
16498
16404
16404
16404
16362
16274
16274
16274
16274
16274
16274
16274
16271
16271
16271
16221
16221
16221
16221
16273
16273
16273
16273
16373
16347
16347
16420
16500
16500
16500
16551
16566
16492
16492
16541
16541
16541
16541
16541
16474
16554
16554
16554
16554
16554
16554
16642
16642
16642
16642
16642
16585
16585
16585
16585
16585
16585
16585
16585
16585
16585
16669
16767
16767
16767
16767
16809
16809
16809
16809
16848
16884
16910
16964
17038
17123
17123
17190
17190
17219
17219
17307
17307
17354
17354
17411
17411
17389
17389
17389
17389
17389
17389
17389
17389
17389
17389
17318
17318
17318
17416
17417
17417
17417
17417
17417
17417
17417
17417
17417
17488
17488
17488
17488
17488
17488
17488
17488
17389
17389
17389
17389
17389
17389
17389
17389
17389
17389
17389
17389
17389
17389
17389
17456
17456
17456
17456
17456
17456
17456
17456
17456
17552
17552
17552
17552
17537
17511
17486
17486
17399
17368
17425
17414
17330
17330
17330
17330
17330
17330
17330
17330
17330
17330
17330
17330
17330
17363
17292
17292
17292
17292
17292
17204
17204
17131
17131
17177
17177
17187
17187
17187
17187
17222
17222
17222
17294
17294
17294
17294
17274
17262
17262
17262
17276
17276
17302
17302
17302
17302
17302
17302
17379
17333
17333
17249
17249
17254
17294
17294
17294
17294
17294
17294
17196
17196
17208
17293
17293
17293
17344
17344
17344
17344
17344
17344
17344
17344
17417
17488
17488
17488
17488
17488
17488
17488
17488
17488
17488
17488
17488
17448
17448
17441
17441
17399
17408
17482
17482
17482
17526
17610
17645
17632
17728
17728
17742
17742
17787
17787
17816
17901
17944
17859
17918
17952
17972
17972
18008
18108
18108
18108
18172
18127
18190
18128
18217
18177
18177
18093
18144
18123
18123
18123
18123
18080
18058
18104
18074
18074
18074
18074
18074
18158
18179
18179
18179
18179
18179
18179
18179
18132
18132
18175
18175
18175
18175
18175
18175
18091
18091
18091
18091
18073
18047
18047
18047
18047
18047
18047
18047
18047
18047
18098
18182
18182
18182
18182
18182
18182
18182
18182
18182
18182
18150
18150
18150
18238
18256
18256
18266
18266
18266
18266
18266
18266
18266
18261
18261
18261
18261
18194
18181
18181
18181
18181
18181
18181
18181
18124
18124
18124
18124
18124
18124
18098
18098
18043
18043
17992
17992
17992
17992
17992
17992
17992
17992
17992
17992
17992
17992
17992
17992
17948
17948
17877
17877
17877
17778
17778
17689
17689
17671
17671
17677
17630
17550
17594
17594
17594
17674
17595
17507
17507
17507
17507
17507
17440
17440
17536
17536
17536
17590
17590
17621
17621
17622
17622
17622
17622
17622
17622
17622
17701
17701
17701
17768
17768
17768
17848
17899
17970
17970
17970
18058
18058
18058
18058
18058
18058
18058
18058
18137
18137
18204
18204
18204
18204
18204
18204
18204
18204
18204
18204
18204
18204
18152
18152
18081
18081
17981
17981
17981
17981
17981
17981
17981
17981
17981
17981
18033
18033
18104
18104
18104
18027
18027
17946
17909
17870
17832
17787
17767
17676
17623
17555
17530
17445
17445
17388
17325
17269
17247
17247
17247
17247
17247
17247
17247
17247
17180
17180
17180
17180
17180
17180
17180
17084
17084
17084
17084
16994
16994
16994
16994
16994
16994
16972
16972
16921
16866
16856
16856
16856
16833
16833
16812
16812
16775
16775
16771
16771
16742
16742
16728
16728
16701
16602
16602
16622
16524
16524
16507
16507
16442
16442
16442
16442
16442
16442
16407
16429
16483
16534
16557
16612
16633
16633
16670
16670
16670
16674
16674
16674
16703
16703
16703
16717
16726
16643
16643
16670
16603
16603
16702
16702
16702
16702
16800
16800
16817
16882
16910
16910
16945
16945
16945
16945
16945
16945
16945
16932
16833
16833
16859
16818
16770
16770
16770
16770
16758
16758
16758
16758
16853
16853
16853
16853
16853
16866
16866
16840
16840
16881
16891
16891
16891
16903
16903
16903
16903
16953
16953
16998
16998
16998
16998
16898
16969
16889
16874
16874
16824
16824
16824
16824
16824
16824
16868
16868
16853
16853
16853
16769
16671
16671
16671
16629
16656
16656
16656
16756
16836
16836
16851
16804
16804
16902
16979
16979
16979
16979
16979
17023
17023
17023
17023
17107
17205
17205
17205
17205
17205
17142
17142
17142
17142
17142
17142
17191
17212
17139
17098
17064
17007
16951
16892
16892
16935
16935
16935
16928
16928
16881
16881
16809
16809
16756
16683
16683
16683
16739
16798
16804
16776
16862
16869
16968
16992
16957
17029
17051
17104
17177
17177
17177
17177
17177
17109
17073
16975
16975
16975
16975
16975
16975
16903
16848
16848
16848
16848
16848
16848
16848
16848
16884
16884
16982
16982
16982
16982
16982
16982
16982
16982
16982
16982
16982
16982
16982
16911
16966
16966
16966
16966
16966
16966
16894
16894
16894
16894
16983
17046
17091
17091
17126
17046
17071
17118
17118
17147
17147
17147
17147
17090
17120
17120
17191
17112
17112
17112
17112
17112
17112
17112
17200
17200
17200
17200
17200
17200
17200
17200
17200
17200
17179
17179
17179
17180
17237
17237
17316
17333
17333
17333
17333
17333
17413
17413
17413
17413
17413
17434
17481
17481
17481
17550
17454
17454
17454
17454
17356
17355
17355
17355
17355
17355
17355
17355
17355
17355
17355
17284
17284
17384
17334
17334
17432
17433
17478
17478
17478
17478
17478
17478
17525
17525
17596
17551
17551
17551
17551
17551
17551
17551
17551
17551
17551
17551
17551
17500
17416
17416
17416
17416
17339
17339
17283
17252
17244
17183
17169
17089
17047
16998
16940
16888
16869
16869
16860
16781
16781
16781
16781
16845
16940
16999
17023
17034
17080
17109
17149
17184
17184
17268
17320
17367
17367
17394
17394
17394
17298
17378
17419
17440
17517
17488
17488
17488
17488
17488
17408
17408
17320
17320
17320
17320
17420
17520
17520
17520
17520
17520
17520
17600
17600
17688
17688
17688
17688
17662
17709
17709
17681
17681
17687
17687
17644
17654
17654
17654
17726
17690
17763
17805
17805
17805
17858
17858
17858
17858
17858
17923
17923
17923
17923
17923
17923
17995
17995
18083
18083
18009
18000
17926
17926
17926
17882
17798
17763
17667
17667
17653
17653
17608
17608
17579
17494
17451
17451
17451
17451
17460
17460
17460
17460
17460
17460
17544
17544
17544
17544
17544
17544
17544
17544
17544
17544
17587
17535
17446
17458
17458
17458
17458
17458
17458
17458
17499
17499
17477
17477
17477
17416
17416
17416
17393
17372
17335
17331
17302
17288
17261
17162
17162
17194
17096
17079
17014
17014
16986
16986
16951
16951
16972
16972
16972
16972
16972
16972
16972
16972
16972
16972
16972
16972
16873
16873
16782
16782
16724
16696
16617
16519
16514
16462
16407
16331
16257
16225
16225
16225
16225
16225
16225
16225
16225
16225
16225
16225
16225
16225
16225
16225
16200
16180
16180
16180
16175
16175
16175
16175
16153
16099
16048
15993
15993
15993
15993
15993
15993
15993
15993
15993
15993
15993
15993
15993
16092
16092
16131
16211
16211
16211
16211
16211
16211
16262
16317
16317
16317
16317
16405
16405
16504
16420
16420
16399
16399
16399
16399
16399
16399
16399
16399
16356
16356
16356
16310
16355
16417
16457
16541
16562
16562
16562
16562
16562
16562
16562
16562
16562
16605
16605
16605
16679
16679
16679
16679
16679
16679
16637
16637
16637
16637
16637
16631
16631
16631
16587
16671
16671
16671
16671
16591
16591
16591
16591
16552
16474
16474
16438
16538
16538
16442
16416
16451
16397
16343
16422
16517
16486
16412
16427
16469
16468
16383
16473
16473
16473
16406
16450
16503
16503
16524
16495
16568
16568
16568
16489
16401
16458
16458
16468
16401
16354
16354
16303
16246
16246
16246
16246
16320
16320
16420
16426
16426
16470
16550
16642
16670
16755
16755
16851
16905
16936
16937
16995
16995
17073
17073
17152
17152
17219
17148
17199
17199
17199
17199
17199
17199
17120
17120
17093
17026
17026
17026
16926
16926
16846
16846
16831
16831
16754
16782
16782
16782
16845
16845
16889
16889
16960
16916
17015
17015
17104
17104
17104
17104
17104
17151
17067
17120
17022
17022
17012
17012
17012
17012
17079
17108
17108
17108
17108
17108
17208
17288
17303
17303
17380
17380
17380
17380
17380
17380
17380
17380
17464
17464
17464
17464
17464
17505
17476
17456
17427
17405
17380
17309
17285
17211
17156
17156
17156
17060
17060
17060
17060
17060
17060
17060
17060
17008
17008
16935
16884
16835
16772
16772
16727
16823
16823
16823
16788
16788
16763
16763
16716
16716
16716
16716
16687
16687
16687
16687
16687
16739
16709
16709
16638
16711
16711
16762
16762
16762
16762
16674
16674
16674
16674
16737
16782
16782
16850
16885
16910
16910
16957
17027
17056
17142
17153
17183
17254
17282
17289
17289
17377
17377
17450
17455
17455
17455
17455
17455
17375
17375
17287
17287
17287
17287
17287
17189
17251
17310
17342
17346
17426
17426
17514
17525
17528
17578
17611
17542
17542
17542
17481
17481
17481
17527
17475
17475
17445
17445
17445
17445
17445
17477
17477
17403
17403
17403
17403
17307
17307
17227
17227
17227
17227
17236
17336
17398
17478
17500
17500
17586
17607
17612
17612
17683
17683
17583
17583
17485
17484
17439
17439
17439
17439
17439
17439
17392
17392
17321
17321
17372
17472
17472
17472
17472
17472
17472
17472
17472
17472
17472
17472
17472
17472
17377
17377
17377
17424
17424
17424
17424
17495
17495
17482
17482
17482
17441
17431
17431
17431
17431
17419
17419
17419
17419
17419
17419
17419
17419
17419
17419
17419
17419
17419
17367
17367
17296
17296
17296
17296
17296
17275
17275
17275
17275
17275
17275
17275
17275
17275
17297
17297
17297
17297
17297
17297
17297
17297
17297
17297
17297
17297
17385
17385
17456
17456
17456
17456
17456
17358
17438
17501
17501
17411
17387
17336
17336
17409
17409
17352
17303
17303
17261
17241
17241
17157
17105
17084
17042
17042
17013
17013
16914
16914
16914
16914
16914
16914
16914
16914
16914
16914
16863
16863
16808
16882
16882
16882
16794
16794
16695
16695
16695
16793
16793
16793
16793
16793
16793
16819
16819
16819
16819
16819
16819
16810
16810
16810
16810
16810
16810
16810
16810
16810
16754
16754
16670
16611
16611
16611
16605
16605
16605
16519
16519
16519
16512
16512
16512
16413
16501
16501
16477
16477
16477
16405
16405
16405
16383
16383
16383
16330
16295
16295
16295
16222
16222
16179
16179
16179
16179
16179
16179
16188
16262
16318
16411
16411
16411
16411
16455
16455
16539
16539
16574
16673
16769
16769
16769
16841
16841
16841
16841
16894
16894
16967
16967
16967
16967
16967
16967
17010
16980
16980
16980
16880
16800
16785
16785
16708
16708
16708
16707
16707
16650
16650
16650
16650
16571
16587
16587
16570
16570
16570
16570
16579
16495
16495
16495
16495
16495
16495
16495
16495
16415
16415
16353
16353
16294
16294
16262
16289
16289
16285
16291
16270
16190
16290
16290
16290
16370
16370
16442
16477
16389
16402
16417
16406
16406
16465
16435
16432
16509
16510
16460
16543
16543
16600
16600
16637
16668
16668
16747
16747
16791
16791
16791
16791
16791
16791
16791
16791
16791
16791
16791
16843
16923
17007
17007
17007
17105
17185
17273
17273
17337
17337
17337
17337
17337
17337
17337
17358
17358
17358
17358
17358
17358
17358
17287
17287
17287
17287
17371
17371
17338
17338
17338
17338
17320
17320
17320
17231
17231
17159
17190
17202
17202
17202
17202
17139
17126
17126
17081
17145
17145
17145
17198
17198
17130
17068
17062
17062
17062
17027
16982
16938
16913
16849
16849
16769
16722
16630
16560
16532
16503
16503
16407
16321
16321
16267
16256
16256
16225
16195
16195
16194
16123
16195
16137
16109
16109
16031
16024
16037
15958
15958
15958
15891
15803
15803
15752
15752
15752
15679
15679
15679
15674
15674
15718
15798
15861
15861
15906
15906
15974
16070
16105
16105
16130
16161
16208
16208
16278
16278
16307
16307
16393
16472
16483
16550
16580
16631
16702
16730
16737
16737
16825
16825
16898
16903
16875
16875
16831
16760
16661
16572
16572
16572
16525
16525
16472
16463
16463
16363
16363
16301
16234
16154
16125
16103
16103
16103
16103
16017
15996
15991
15991
15920
15920
15964
16035
16035
16035
16035
16124
16124
16124
16124
16124
16124
16177
16177
16177
16177
16177
16177
16244
16244
16273
16294
16294
16294
16294
16365
16365
16365
16298
16298
16298
16298
16253
16191
16151
16067
16046
16046
16046
16046
16003
16003
15968
15910
15819
15801
15780
15731
15656
15608
15508
15503
15419
15402
15398
15329
15301
15259
15233
15189
15189
15189
15189
15189
15155
15155
15061
15082
15012
15012
15010
15010
14986
14986
14949
15049
14954
14954
14937
15021
15006
15006
14955
14955
14899
14968
14908
14908
14870
14912
14822
14822
14818
14818
14818
14818
14800
14754
14754
14754
14754
14754
14754
14754
14754
14754
14754
14769
14769
14820
14819
14819
14819
14857
14857
14857
14857
14857
14857
14857
14848
14848
14913
15011
14972
14972
14972
14972
14972
14972
14972
14972
14972
14972
14972
14972
14972
14972
14972
14972
14972
14972
14972
14976
15050
15076
15101
15155
15255
15255
15265
15265
15364
15453
15530
15525
15534
15601
15639
15639
15639
15639
15639
15639
15559
15559
15471
15471
15471
15471
15502
15502
15433
15433
15433
15433
15433
15433
15419
15419
15355
15355
15355
15355
15355
15355
15284
15284
15284
15284
15185
15164
15164
15164
15164
15093
15040
15040
14973
14973
14973
14973
14973
14973
14973
14973
14973
14973
15042
15042
15042
15042
15042
15042
15042
15042
15042
15042
15042
15113
15113
15184
15184
15184
15184
15184
15184
15184
15184
15184
15184
15184
15153
15085
14985
14985
14985
14985
14985
14985
14985
14985
14985
14985
14985
14985
14985
14985
14985
14985
14985
14985
14938
14938
14938
14938
14938
14867
14867
14779
14779
14865
14965
14965
15059
15059
15059
15156
15254
15254
15285
15286
15286
15361
15406
15406
15413
15413
15413
15474
15561
15593
15593
15616
15616
15636
15669
15745
15835
15881
15928
15928
15928
15990
15990
15990
16030
16101
16101
16146
16146
16172
16194
16194
16194
16247
16298
16353
16408
16432
16442
16530
16530
16530
16530
16459
16459
16459
16459
16459
16459
16459
16459
16364
16364
16337
16331
16231
16151
16136
16077
16090
16013
16013
15976
15976
15892
15848
15848
15848
15784
15784
15689
15605
15546
15448
15424
15424
15413
15413
15367
15338
15298
15325
15290
15296
15296
15396
15312
15392
15392
15340
15355
15355
15414
15387
15464
15407
15407
15483
15483
15520
15440
15458
15417
15461
15544
15561
15502
15566
15652
15618
15713
15797
15777
15836
15934
15934
15958
16007
15971
15971
15996
15896
15942
15942
15971
15971
16011
15947
15982
15919
15919
15830
15914
15914
15914
15863
15863
15863
15863
15922
15922
15956
16036
16056
16097
16120
16156
16256
16256
16256
16320
16383
16367
16367
16367
16367
16424
16475
16475
16475
16447
16447
16431
16368
16323
16255
16220
16195
16124
16077
16007
15978
15892
15881
15851
15780
15752
15745
15745
15657
15657
15584
15579
15642
15687
15755
15790
15815
15862
15932
15961
15961
15961
15991
16062
16090
16090
16090
16178
16178
16251
16251
16251
16313
16347
16383
16348
16392
16490
16584
16614
16690
16751
16814
16883
16826
16914
16936
16981
17048
17077
17128
17154
17145
17071
16978
16978
16978
16934
16850
16850
16815
16719
16719
16719
16719
16719
16719
16719
16719
16676
16685
16712
16750
16824
16824
16824
16862
16862
16862
16862
16862
16946
16946
16946
16946
16946
16946
16946
16946
16946
16946
16989
17017
17017
17043
16961
16961
16865
16865
16865
16821
16821
16741
16741
16741
16741
16741
16741
16645
16645
16645
16645
16614
16562
16555
16555
16555
16555
16482
16482
16431
16352
16352
16285
16234
16234
16330
16336
16336
16380
16380
16460
16460
16552
16552
16580
16580
16676
16676
16730
16730
16761
16761
16762
16762
16820
16893
16971
17022
17101
17101
17168
17219
17199
17199
17199
17163
17065
17065
17065
17065
17065
17065
17065
17065
17010
17010
17010
17010
16966
16895
16895
16806
16806
16806
16753
16724
16724
16724
16636
16569
16540
16540
16540
16540
16540
16540
16540
16540
16568
16568
16568
16568
16612
16612
16683
16683
16782
16782
16782
16782
16782
16782
16782
16711
16764
16843
16843
16843
16843
16910
16910
16910
16919
16941
17041
17041
17041
17121
17121
17121
17121
17142
17142
17213
17125
17221
17221
17221
17136
17065
17065
17065
17065
17043
17043
17043
17043
17043
17043
16955
16955
16884
16884
16884
16884
16884
16884
16884
16884
16884
16884
16884
16884
16884
16972
17043
17043
17143
17143
17143
17057
17013
16952
16921
16899
16800
16771
16761
16733
16728
16698
16606
16547
16474
16418
16352
16252
16252
16252
16242
16242
16169
16127
16071
16071
16071
16071
16071
16018
16018
16018
16018
16018
15919
15919
15919
15919
15847
15782
15782
15782
15729
15729
15656
15656
15656
15656
15656
15656
15655
15583
15526
15495
15416
15416
15416
15426
15426
15426
15426
15499
15447
15489
15489
15489
15409
15409
15345
15345
15345
15345
15345
15345
15324
15324
15324
15324
15324
15324
15324
15408
15408
15409
15409
15409
15466
15466
15497
15497
15576
15576
15593
15663
15663
15715
15810
15822
15902
15966
15956
15956
15956
15977
15977
15977
15908
15997
16079
16022
16022
15953
15933
15843
15843
15843
15843
15843
15821
15821
15770
15715
15705
15617
15617
15617
15617
15617
15617
15617
15617
15617
15617
15617
15617
15617
15617
15617
15617
15617
15537
15537
15537
15537
15537
15537
15537
15620
15670
15731
15808
15808
15816
15802
15843
15889
15976
15976
16011
16070
16150
16179
16211
16235
16208
16253
16206
16200
16294
16194
16114
16099
16040
15963
15887
15850
15832
15788
15705
15688
15602
15518
15420
15371
15346
15373
15373
15373
15473
15553
15568
15568
15645
15645
15682
15682
15726
15809
15809
15809
15893
15872
15970
15970
15970
15965
15898
15898
15898
15898
15898
15889
15789
15789
15709
15709
15709
15709
15646
15646
15601
15580
15512
15512
15477
15406
15381
15334
15264
15264
15235
15235
15235
15244
15244
15344
15314
15314
15243
15323
15295
15317
15317
15317
15317
15317
15229
15250
15250
15250
15177
15248
15248
15163
15226
15271
15339
15374
15399
15446
15446
15475
15475
15475
15505
15576
15604
15611
15611
15611
15699
15699
15772
15772
15763
15677
15663
15569
15472
15441
15366
15359
15298
15266
15243
15210
15164
15102
15062
15016
14971
14945
14945
14892
14837
14813
14899
14899
14996
15027
15102
15109
15109
15141
15141
15141
15187
15187
15187
15182
15227
15253
15253
15306
15361
15361
15261
15261
15163
15162
15117
15117
15030
15030
15030
14954
14907
14907
14836
14936
14936
15034
15035
15080
15080
15080
15080
15080
15080
15080
15080
15151
15108
15108
15039
15039
15102
15102
15102
15054
15028
15024
14950
14924
14899
14845
14745
14735
14636
14547
14470
14461
14394
14385
14347
14273
14273
14273
14273
14273
14347
14263
14289
14289
14289
14289
14289
14289
14389
14389
14399
14399
14399
14399
14399
14399
14399
14399
14408
14408
14475
14432
14432
14441
14515
14608
14631
14675
14759
14794
14890
14898
14864
14878
14842
14870
14826
14871
14773
14777
14683
14712
14682
14682
14767
14691
14734
14673
14610
14541
14453
14431
14386
14319
14290
14290
14239
14213
14213
14213
14178
14178
14178
14178
14178
14178
14178
14178
14178
14247
14247
14247
14247
14247
14247
14247
14247
14293
14293
14293
14319
14313
14269
14189
14097
14069
13973
13919
13888
13887
13829
13751
13672
13605
13554
13560
13604
13684
13776
13804
13900
13900
13954
13985
13986
13986
13986
14065
14132
14183
14183
14183
14155
14155
14111
14040
13941
13941
13941
13895
13895
13842
13763
13763
13696
13696
13674
13674
13674
13674
13674
13745
13745
13745
13745
13745
13745
13736
13736
13636
13636
13636
13636
13556
13556
13534
13608
13701
13701
13701
13701
13701
13701
13701
13680
13680
13680
13609
13668
13744
13753
13853
13915
13995
14017
14017
14111
14197
14218
14223
14294
14276
14276
14276
14276
14284
14233
14188
14115
14202
14208
14208
14208
14253
14334
14411
14411
14437
14437
14437
14437
14365
14415
14480
14510
14510
14551
14551
14551
14602
14602
14602
14569
14569
14495
14495
14495
14495
14397
14397
14320
14320
14294
14294
14294
14368
14398
14398
14398
14408
14506
14506
14506
14506
14506
14506
14506
14506
14506
14506
14506
14506
14506
14506
14506
14506
14506
14418
14391
14391
14291
14211
14196
14196
14119
14119
14079
14042
14042
13998
13915
13915
13915
13831
13760
13662
13662
13662
13662
13599
13554
13651
13583
13548
13523
13523
13476
13476
13447
13447
13447
13417
13346
13318
13311
13311
13223
13223
13211
13138
13138
13175
13175
13175
13175
13175
13175
13175
13175
13175
13175
13175
13175
13175
13175
13175
13246
13246
13246
13246
13246
13173
13173
13158
13158
13158
13158
13103
13103
13103
13103
13103
13103
13103
13046
12972
12972
12888
12888
12888
12888
12888
12888
12831
12810
12810
12849
12849
12849
12840
12793
12793
12793
12793
12793
12793
12793
12793
12793
12793
12793
12710
12710
12649
12733
12733
12656
12656
12656
12656
12656
12648
12648
12607
12607
12684
12684
12638
12693
12693
12693
12693
12758
12671
12723
12781
12808
12808
12808
12773
12842
12842
12842
12783
12810
12813
12881
12801
12801
12836
12836
12807
12807
12807
12775
12864
12869
12884
12884
12799
12864
12840
12795
12795
12701
12784
12845
12922
12930
12971
13017
13104
13139
13198
13278
13307
13339
13329
13353
13398
13339
13339
13263
13254
13154
13092
13012
13012
12990
12896
12810
12789
12784
12713
12713
12713
12713
12713
12713
12713
12713
12713
12713
12636
12657
12657
12728
12728
12642
12642
12545
12514
12439
12432
12432
12422
12390
12390
12390
12344
12344
12275
12275
12230
12204
12204
12151
12096
12096
12182
12276
12373
12404
12479
12486
12547
12579
12579
12612
12658
12720
12720
12765
12791
12791
12844
12899
12899
12801
12800
12743
12712
12686
12607
12590
12520
12520
12468
12468
12373
12373
12367
12287
12287
12223
12223
12223
12223
12223
12223
12202
12202
12202
12202
12202
12202
12114
12043
12044
12044
12101
12001
12032
12032
12111
12128
12198
12246
12146
12198
12198
12293
12195
12275
12274
12338
12293
12312
12312
12404
12404
12425
12425
12503
12503
12507
12507
12507
12507
12436
12536
12538
12636
12637
12682
12706
12793
12859
12934
12934
12981
12997
13068
13068
12972
12972
12972
12972
12972
12972
12972
12972
12972
12972
12972
12899
12848
12784
12784
12689
12630
12606
12606
12560
12531
12491
12441
12406
12406
12322
12322
12322
12322
12322
12322
12242
12201
12265
12265
12265
12265
12265
12311
12340
12340
12375
12375
12459
12372
12372
12366
12366
12366
12366
12366
12366
12366
12321
12321
12244
12324
12324
12365
12339
12339
12339
12289
12224
12194
12194
12194
12194
12143
12143
12230
12236
12298
12298
12343
12420
12420
12446
12446
12446
12446
12496
12561
12561
12568
12568
12568
12619
12619
12530
12530
12530
12530
12618
12618
12618
12569
12563
12554
12510
12436
12356
12263
12171
12148
12120
12076
11980
11896
11842
11807
11776
11680
11679
11671
11671
11671
11657
11657
11629
11550
11505
11438
11434
11383
11354
11266
11181
11138
11144
11188
11268
11268
11360
11434
11462
11462
11558
11558
11612
11612
11643
11727
11728
11728
11786
11786
11864
11864
11943
11943
11943
12010
12010
12061
12061
12061
12061
12061
12104
12104
12092
12071
12027
11964
11917
11917
11917
11917
11917
11846
11846
11846
11846
11846
11846
11846
11846
11846
11846
11846
11846
11846
11846
11846
11846
11846
11777
11777
11777
11777
11777
11777
11777
11777
11777
11805
11805
11816
11790
11834
11905
12004
12004
12093
12129
12147
12191
12238
12336
12389
12389
12468
12498
12558
12558
12625
12625
12625
12654
12654
12654
12676
12676
12745
12803
12803
12891
12891
12891
12891
12891
12891
12958
12958
12958
12958
12958
12937
12963
12963
12892
12951
13027
13036
13136
13198
13113
13193
13215
13309
13395
13416
13421
13492
13492
13492
13492
13492
13492
13492
13492
13492
13492
13492
13492
13492
13492
13492
13492
13492
13492
13421
13421
13421
13421
13421
13421
13379
13379
13379
13379
13442
13487
13555
13590
13615
13662
13732
13761
13847
13847
13877
13948
13948
13955
13955
14043
14043
14116
14121
14121
14100
14061
14119
14158
14206
14258
14280
14376
14382
14470
14471
14562
14640
14740
14791
14881
14913
14986
14986
14986
14986
14902
14902
14859
14759
14759
14816
14816
14816
14816
14816
14816
14816
14816
14816
14816
14816
14769
14769
14695
14669
14669
14669
14569
14559
14486
14486
14486
14486
14477
14410
14410
14414
14426
14500
14526
14551
14551
14551
14605
14705
14705
14715
14814
14903
14980
14989
15056
15094
15062
15103
15059
15059
15059
14969
14882
14876
14814
14814
14769
14692
14692
14666
14666
14666
14586
14536
14471
14471
14464
14464
14464
14413
14413
14398
14398
14485
14491
14553
14647
14612
14657
14734
14768
14794
14794
14794
14794
14859
14889
14896
14923
14923
14974
14974
14874
14953
14967
15024
14991
15008
15067
15167
15223
15262
15304
15311
15372
15472
15517
15517
15517
15563
15605
15684
15684
15761
15761
15845
15845
15845
15871
15892
15892
15892
15988
15988
15937
15952
15873
15814
15738
15729
15629
15567
15467
15387
15365
15271
15185
15164
15159
15088
15088
15088
15097
15197
15125
15125
15205
15106
15106
15106
15106
15127
15127
15198
15198
15115
15054
14977
14969
14928
14882
14795
14760
14760
14701
14621
14592
14560
14550
14526
14481
14481
14481
14481
14558
14558
14599
14599
14599
14634
14634
14714
14714
14714
14714
14759
14759
14759
14718
14718
14718
14632
14538
14441
14410
14432
14357
14350
14270
14209
14209
14177
14177
14144
14085
14039
14005
13943
13923
13923
13900
13855
13819
13793
13693
13693
13693
13640
13640
13585
13521
13521
13458
13458
13458
13544
13493
13587
13587
13587
13587
13587
13587
13587
13587
13587
13620
13666
13666
13666
13711
13737
13737
13790
13845
13845
13899
13987
13987
13987
14075
14075
14029
13955
13955
13855
13853
13755
13755
13754
13709
13685
13598
13598
13532
13457
13457
13410
13394
13323
13423
13425
13523
13560
13561
13487
13532
13556
13643
13709
13784
13784
13831
13847
13918
13918
13960
13960
13950
13893
13893
13820
13778
13778
13778
13778
13778
13778
13778
13778
13778
13778
13778
13778
13778
13778
13778
13778
13678
13669
13669
13702
13702
13702
13702
13702
13744
13744
13744
13744
13744
13744
13744
13744
13809
13809
13809
13809
13809
13809
13809
13809
13714
13714
13661
13661
13598
13553
13485
13450
13425
13378
13308
13279
13193
13152
13152
13122
13051
13051
13044
13044
12956
12956
12883
12878
12872
12828
12748
12656
12628
12532
12478
12447
12446
12388
12310
12231
12164
12113
12101
12107
12151
12231
12323
12351
12447
12501
12532
12533
12591
12669
12586
12665
12732
12783
12710
12710
12710
12710
12710
12752
12678
12678
12678
12678
12678
12678
12594
12594
12594
12594
12594
12594
12594
12594
12594
12594
12594
12551
12551
12560
12634
12727
12727
12750
12750
12794
12878
12878
12913
13009
13017
13031
13059
13104
13108
13137
13222
13265
13237
13226
13182
13111
13012
12923
12905
12858
12805
12726
12666
12599
12570
12548
12490
12490
12490
12490
12561
12561
12561
12561
12489
12489
12489
12568
12568
12568
12568
12568
12568
12481
12475
12413
12430
12336
12416
12371
12457
12457
12380
12428
12428
12394
12472
12463
12437
12526
12426
12426
12464
12464
12464
12480
12400
12400
12433
12433
12368
12392
12392
12362
12372
12372
12365
12428
12407
12380
12394
12394
12394
12445
12374
12323
12394
12394
12412
12421
12480
12556
12643
12652
12658
12758
12820
12882
12882
12962
13007
13029
13106
13200
13234
13320
13346
13367
13367
13372
13372
13443
13493
13558
13588
13595
13595
13595
13646
13646
13645
13588
13557
13478
13461
13391
13343
13343
13291
13291
13196
13196
13116
13084
13084
13020
13020
13001
13001
12909
12909
12888
12888
12810
12810
12806
12739
12739
12739
12739
12739
12739
12739
12739
12703
12659
12561
12561
12531
12531
12531
12531
12462
12374
12374
12374
12307
12307
12307
12281
12281
12317
12361
12459
12459
12489
12489
12489
12489
12558
12558
12646
12646
12646
12713
12742
12793
12819
12820
12756
12693
12752
12781
12818
12818
12818
12818
12818
12818
12760
12721
12673
12621
12599
12503
12497
12409
12408
12317
12239
12139
12088
11998
11966
11893
11893
11951
11990
12038
12090
12112
12208
12264
12270
12297
12385
12429
12430
12487
12578
12591
12669
12681
12781
12861
12912
12912
13002
13044
13076
13116
13189
13240
13267
13267
13267
13267
13267
13365
13365
13365
13300
13300
13300
13300
13300
13300
13300
13300
13279
13279
13279
13279
13179
13179
13095
13095
13095
13026
13026
12984
12984
12984
12984
12984
12984
13070
12972
12941
12862
12848
12791
12774
12715
12615
12559
12520
12478
12471
12410
12489
12503
12560
12577
12636
12736
12792
12831
12873
12880
12941
12925
12866
12790
12781
12681
12619
12539
12517
12423
12337
12337
12316
12311
12240
12240
12240
12240
12240
12260
12260
12176
12176
12176
12176
12215
12215
12215
12270
12270
12270
12196
12166
12166
12156
12058
12058
12058
12058
12058
12058
11981
11981
11981
11981
11940
11940
11998
11998
12072
12037
12067
12067
12157
12077
12087
12087
12185
12185
12255
12255
12307
12221
12176
12202
12108
12108
12186
12186
12186
12186
12269
12269
12269
12269
12346
12346
12354
12354
12395
12362
12362
12316
12316
12316
12351
12351
12351
12306
12386
12360
12360
12360
12392
12392
12339
12339
12284
12329
12329
12329
12403
12316
12316
12310
12310
12248
12248
12195
12195
12195
12150
12150
12073
12073
12039
12039
12013
12013
12013
12013
12013
12013
11963
11963
11898
11898
11868
11868
11861
11906
11906
11932
11932
11932
11881
11934
11934
11989
11989
11989
11989
11989
11989
12034
12111
12111
12137
12195
12195
12245
12210
12275
12305
12305
12332
12343
12343
12343
12394
12394
12381
12381
12377
12303
12277
12252
12198
12098
12088
11989
11900
11823
11814
11747
11709
11671
11654
11654
11574
11648
11562
11588
11540
11565
11487
11541
11452
11552
11514
11524
11508
11607
11574
11574
11550
11627
11617
11617
11554
11621
11607
11607
11556
11485
11467
11458
11358
11356
11258
11275
11275
11274
11354
11309
11395
11371
11419
11332
11410
11344
11433
11358
11396
11483
11483
11499
11452
11485
11469
11493
11422
11432
11432
11495
11495
11546
11617
11617
11626
11689
11689
11625
11625
11625
11625
11625
11625
11579
11550
11550
11515
11515
11431
11431
11431
11431
11431
11431
11351
11310
11310
11310
11310
11310
11310
11310
11310
11310
11310
11310
11394
11394
11394
11394
11394
11394
11394
11435
11435
11435
11476
11476
11476
11560
11560
11560
11560
11560
11560
11560
11560
11601
11601
11601
11601
11601
11601
11601
11601
11685
11613
11613
11613
11613
11613
11613
11600
11600
11600
11621
11705
11705
11705
11705
11738
11756
11831
11920
11992
12026
12039
12107
12169
12214
12278
12272
12228
12148
12056
12028
11932
11878
11847
11846
11788
11710
11631
11564
11513
11524
11576
11670
11718
11718
11759
11759
11832
11889
11889
11953
11995
12049
12049
12049
12114
12057
12057
12057
12057
11986
11986
11986
11986
11986
11986
11907
11898
11898
11824
11824
11731
11731
11708
11708
11664
11664
11580
11545
11449
11477
11469
11480
11466
11510
11482
11553
11508
11508
11607
11603
11692
11663
11681
11596
11643
11600
11653
11732
11792
11859
11888
11910
11910
12009
12072
12130
12166
12254
12303
12363
12390
12427
12427
12504
12509
12554
12528
12515
12487
12487
12487
12487
12487
12487
12487
12487
12487
12472
12421
12421
12421
12383
12383
12383
12383
12383
12383
12383
12417
12511
12581
12581
12605
12605
12605
12605
12620
12671
12671
12671
12709
12709
12709
12709
12709
12755
12755
12755
12719
12675
12577
12577
12547
12547
12547
12547
12478
12390
12390
12390
12323
12294
12243
12217
12251
12287
12331
12429
12523
12553
12629
12629
12692
12761
12849
12871
12916
12983
13012
13063
13089
13089
13043
13001
12922
12922
12845
12814
12814
12730
12730
12730
12730
12704
12683
12683
12683
12587
12587
12605
12651
12693
12772
12776
12853
12909
12993
13054
13068
13094
13115
13214
13266
13362
13460
13460
13460
13460
13460
13415
13338
13338
13312
13254
13254
13204
13139
13109
13109
13082
13082
13031
13031
13031
13031
13031
13031
13031
13108
13108
13134
13134
13134
13134
13199
13229
13229
13229
13229
13280
13280
13280
13218
13180
13111
13111
13015
13015
13015
13015
13015
13015
12944
12944
12944
12944
12944
12944
12944
12944
12944
12944
12944
13013
13089
13092
13106
13170
13170
13170
13241
13241
13340
13340
13340
13393
13393
13460
13460
13460
13460
13402
13363
13315
13263
13241
13241
13145
13139
13051
13050
12959
12881
12781
12730
12640
12608
12535
12508
12508
12508
12508
12560
12582
12678
12678
12697
12697
12787
12787
12801
12801
12865
12865
12901
12901
12962
13013
13035
13035
13130
13130
13229
13229
13231
13231
13304
13370
13466
13387
13455
13441
13498
13441
13424
13424
13365
13265
13209
13170
13128
13121
13060
13139
13153
13210
13210
13210
13310
13310
13310
13352
13352
13352
13352
13335
13255
13169
13121
13043
12954
12916
12900
12867
12843
12833
12770
12770
12719
12648
12648
12639
12639
12719
12719
12719
12719
12719
12757
12757
12757
12757
12767
12767
12767
12818
12889
12889
12889
12889
12889
12889
12889
12889
12889
12889
12889
12889
12889
12889
12889
12889
12844
12818
12818
12765
12710
12710
12710
12710
12710
12741
12741
12741
12741
12741
12741
12741
12787
12787
12787
12832
12858
12858
12911
12911
12828
12828
12828
12751
12743
12702
12702
12702
12667
12667
12587
12560
12560
12528
12528
12483
12483
12483
12483
12483
12483
12524
12524
12524
12524
12524
12524
12524
12524
12524
12524
12524
12524
12524
12524
12524
12524
12447
12447
12421
12421
12421
12421
12356
12326
12326
12326
12326
12275
12275
12275
12275
12275
12275
12275
12275
12275
12301
12301
12301
12301
12301
12301
12301
12301
12301
12301
12301
12217
12189
12178
12134
12063
11964
11875
11857
11810
11757
11678
11618
11551
11522
11500
11500
11511
11520
11562
11657
11718
11741
11741
11824
11871
11948
12041
12128
12146
12146
12057
12057
12155
12196
12196
12146
12047
11984
11926
11890
11802
11753
11693
11666
11629
11629
11552
11547
11502
11601
11664
11722
11758
11846
11895
11955
11982
12019
12047
12124
12129
12174
12162
12080
12080
12006
11980
11955
11901
11801
11791
11692
11692
11615
11615
11615
11548
11548
11548
11468
11468
11468
11468
11468
11430
11393
11393
11393
11300
11300
11290
11290
11290
11239
11168
11168
11168
11185
11265
11351
11399
11477
11566
11604
11604
11637
11637
11647
11647
11647
11698
11769
11769
11778
11744
11708
11664
11566
11472
11442
11366
11366
11303
11234
11146
11124
11079
11012
10983
10932
10906
10940
10976
11020
11118
11212
11242
11318
11318
11381
11450
11538
11538
11560
11605
11672
11701
11752
11778
11778
11778
11778
11778
11778
11736
11736
11736
11736
11736
11736
11736
11736
11671
11671
11671
11671
11671
11671
11671
11608
11688
11756
11761
11852
11912
11965
12024
12100
12134
12196
12247
12293
12314
12314
12314
12314
12314
12217
12274
12274
12287
12287
12287
12287
12287
12208
12194
12137
12137
12137
12037
12037
12037
11995
11995
11995
12074
12088
12145
12162
12221
12321
12377
12377
12416
12416
12458
12458
12465
12465
12526
12526
12526
12526
12526
12500
12500
12500
12500
12500
12500
12500
12500
12500
12500
12423
12423
12423
12510
12516
12578
12578
12623
12700
12734
12760
12818
12837
12887
12952
12982
12982
12982
12982
13033
13033
12977
12950
12906
12849
12836
12824
12744
12744
12702
12662
12611
12611
12611
12611
12611
12611
12611
12513
12461
12461
12439
12439
12343
12275
12275
12275
12331
12331
12358
12358
12402
12402
12459
12459
12472
12421
12433
12433
12513
12513
12536
12536
12536
12578
12578
12618
12669
12717
12717
12799
12799
12898
12898
12996
13048
13094
13094
13067
13130
13226
13226
13314
13314
13314
13314
13414
13465
13457
13457
13457
13530
13530
13530
13530
13530
13499
13499
13499
13499
13499
13499
13499
13499
13453
13453
13453
13408
13382
13382
13329
13329
13329
13329
13324
13250
13250
13250
13250
13161
13238
13238
13238
13180
13261
13321
13321
13419
13427
13427
13478
13478
13530
13530
13543
13643
13643
13679
13679
13679
13714
13714
13714
13714
13783
13783
13783
13783
13783
13742
13819
13870
13870
13902
13899
13899
13949
14037
14104
14104
14104
14104
14104
14104
14104
14104
14104
14104
14104
14104
14104
14104
14104
14104
14104
14104
14104
14104
14104
14104
14104
14104
14104
14104
14116
14116
14116
14116
14116
14116
14116
14116
14116
14199
14260
14214
14291
14299
14340
14386
14473
14508
14567
14647
14676
14676
14708
14732
14777
14777
14777
14736
14684
14684
14619
14619
14619
14619
14619
14535
14535
14535
14535
14535
14535
14535
14535
14535
14535
14451
14451
14451
14451
14451
14451
14451
14410
14410
14329
14302
14376
14376
14475
14475
14458
14378
14292
14244
14166
14077
14039
14039
14006
14006
13996
14063
14063
14063
14063
14012
14012
13941
13941
13941
13883
13957
13957
13957
13957
13966
13978
13969
13969
13969
13895
13907
13907
13877
13812
13722
13722
13722
13774
13764
13777
13857
13759
13759
13741
13741
13671
13625
13625
13573
13531
13596
13664
13664
13638
13559
13628
13628
13550
13546
13546
13469
13469
13413
13374
13374
13290
13290
13229
13229
13215
13215
13189
13189
13168
13219
13120
13191
13139
13139
13043
13043
12945
12945
12963
12963
13009
13051
13130
13130
13207
13207
13291
13291
13291
13291
13317
13338
13437
13437
13533
13631
13631
13631
13631
13562
13463
13400
13342
13306
13218
13203
13154
13094
13067
13030
13002
12925
12920
12875
12875
12875
12875
12875
12875
12875
12875
12875
12875
12875
12875
12875
12920
12920
12833
12827
12765
12765
12720
12643
12609
12583
12525
12506
12456
12391
12361
12361
12361
12361
12310
12310
12397
12403
12465
12465
12510
12587
12587
12613
12613
12613
12663
12728
12758
12758
12758
12758
12758
12758
12809
12809
12809
12809
12809
12809
12809
12809
12768
12713
12713
12713
12725
12690
12690
12690
12679
12670
12628
12533
12472
12449
12449
12366
12319
12242
12149
12062
12044
12044
12044
11946
11905
11905
11916
11925
11891
11933
11897
11992
11948
12009
11911
11911
11899
11805
11805
11775
11858
11782
11829
11829
11906
11843
11843
11774
11774
11686
11686
11664
11664
11619
11619
11552
11464
11464
11435
11476
11425
11425
11399
11433
11469
11513
11611
11705
11735
11811
11872
11935
12004
12092
12114
12159
12226
12255
12306
12332
12275
12260
12215
12196
12106
12092
12028
11992
11931
11909
11814
11715
11713
11640
11574
11478
11410
11353
11372
11462
11476
11540
11576
11576
11598
11693
11614
11713
11699
11699
11642
11715
11698
11698
11639
11735
11635
11703
11647
11704
11665
11623
11616
11555
11634
11648
11705
11705
11705
11705
11705
11705
11747
11747
11747
11747
11693
11671
11671
11671
11671
11671
11671
11619
11619
11523
11523
11435
11435
11435
11435
11435
11335
11255
11204
11204
11204
11204
11204
11204
11131
11131
11131
11131
11131
11131
11131
11131
11170
11170
11170
11170
11222
11222
11244
11193
11289
11218
11218
11218
11306
11219
11219
11220
11214
11305
11243
11243
11243
11243
11343
11298
11378
11429
11352
11352
11352
11352
11352
11352
11326
11326
11399
11399
11488
11515
11515
11515
11465
11465
11400
11400
11370
11370
11370
11380
11380
11443
11360
11360
11360
11299
11248
11299
11222
11222
11293
11285
11303
11262
11271
11225
11138
11103
11044
10964
10935
10903
10903
10879
10834
10834
10917
10978
11055
11063
11104
11150
11237
11272
11331
11411
11440
11472
11496
11541
11541
11441
11408
11328
11260
11255
11164
11104
11051
10992
10916
10882
10820
10769
10723
10702
10782
10782
10782
10782
10782
10782
10782
10782
10782
10782
10833
10833
10854
10854
10854
10812
10812
10812
10812
10812
10812
10812
10812
10812
10812
10812
10812
10812
10812
10767
10866
10894
10957
11039
11097
11127
11163
11121
11209
11267
11309
11358
11446
11506
11533
11612
11649
11695
11739
11767
11773
11850
11851
11856
11901
11864
11938
11966
12046
12076
12172
12199
12277
12291
12328
12396
12409
12323
12394
12433
12433
12486
12486
12486
12549
12461
12373
12339
12303
12259
12161
12067
12037
11961
11900
11837
11768
11680
11658
11658
11613
11533
11466
11466
11437
11437
11386
11386
11360
11271
11271
11271
11271
11271
11261
11198
11198
11147
11076
11058
11049
11066
11146
11232
11280
11358
11447
11485
11501
11534
11558
11568
11631
11645
11696
11767
11785
11794
11715
11701
11644
11644
11644
11644
11644
11644
11602
11602
11602
11681
11695
11752
11769
11769
11869
11869
11908
11950
11950
12011
12010
12010
12010
11973
11886
11875
11866
11866
11824
11729
11668
11668
11668
11585
11538
11461
11461
11461
11461
11461
11461
11461
11420
11420
11431
11440
11482
11577
11638
11661
11755
11838
11885
11962
12055
12055
12073
12073
12073
12171
12212
12311
12311
12311
12328
12328
12310
12264
12222
12143
12143
12066
12066
11982
11982
11982
11956
11935
11836
11836
11740
11642
11660
11706
11748
11827
11831
11908
11964
12048
12048
12062
11979
12005
11944
11965
11888
11987
11979
12031
11990
12086
12040
12138
12051
12016
11957
11877
11848
11816
11792
11747
11747
11691
11664
11620
11563
11550
11538
11458
11435
11393
11353
11302
11254
11234
11152
11053
10955
10909
10846
10902
10929
10973
11030
11043
11055
11135
11158
11200
11240
11240
11291
11252
11300
11300
11382
11330
11429
11407
11505
11409
11455
11455
11518
11430
11429
11338
11338
11238
11187
11187
11187
11114
11087
11087
11126
11174
11226
11248
11344
11344
11432
11432
11432
11432
11532
11583
11583
11583
11656
11656
11582
11554
11474
11444
11415
11319
11292
11214
11200
11163
11095
11082
11011
10972
10972
10919
10919
10919
10856
10930
10958
10958
11038
11068
11068
11164
11191
11269
11283
11320
11388
11401
11472
11511
11577
11630
11646
11646
11709
11650
11707
11623
11602
11518
11507
11408
11345
11287
11251
11163
11114
11054
11027
10990
11032
11004
10927
10922
10922
10877
10976
11039
11097
11133
11221
11270
11330
11357
11394
11422
11499
11504
11549
11594
11659
11618
11618
11663
11748
11748
11790
11790
11773
11840
11760
11781
11695
11695
11647
11647
11569
11569
11480
11480
11442
11442
11426
11426
11393
11393
11369
11369
11359
11359
11296
11282
11271
11220
11168
11097
11003
10985
10937
10928
10887
10887
10814
10831
10774
10854
10854
10940
10876
10924
10882
10960
10906
10995
10995
11033
11033
11049
10984
11017
11041
11051
11062
11125
11177
11191
11285
11336
11384
11455
11496
11514
11533
11542
11615
11672
11733
11797
11839
11893
11893
11893
11958
11958
11958
12006
12006
11926
11926
11926
11926
11926
11926
11926
11926
11926
11926
11875
11875
11854
11934
12002
12007
12098
12158
12211
12270
12346
12380
12442
12493
12539
12560
12560
12560
12486
12445
12445
12445
12361
12383
12383
12383
12383
12383
12364
12274
12260
12186
12122
12094
12058
11978
11978
11948
11926
11830
11735
11708
11645
11645
11546
11468
11468
11454
11381
11344
11344
11276
11180
11167
11099
11028
10971
10932
10866
10813
10813
10797
10887
10887
10901
10838
10902
10823
10859
10845
10845
10919
10862
10884
10912
10895
10990
11070
11070
11169
11199
11099
11099
11195
11195
11268
11268
11268
11295
11256
11256
11334
11292
11388
11402
11402
11402
11439
11378
11378
11435
11503
11516
11587
11666
11705
11719
11719
11776
11829
11846
11846
11905
11905
12005
12068
12124
12163
12205
12212
12273
12273
12273
12273
12273
12273
12273
12346
12346
12346
12313
12313
12313
12313
12295
12325
12325
12250
12314
12225
12314
12314
12323
12323
12323
12251
12325
12325
12325
12334
12375
12375
12375
12341
12365
12407
12495
12564
12590
12590
12577
12577
12590
12590
12522
12601
12680
12618
12618
12573
12509
12509
12509
12509
12598
12670
12670
12683
12683
12683
12683
12683
12706
12774
12813
12872
12947
13029
13128
13156
13204
13228
13274
13274
13274
13353
13384
13482
13482
13482
13482
13482
13545
13600
13689
13739
13785
13785
13836
13903
13886
13806
13720
13672
13594
13505
13467
13451
13418
13394
13384
13321
13307
13256
13185
13167
13158
13158
13158
13124
13124
13030
13078
13008
13086
13086
13175
13151
13189
13189
13189
13189
13222
13222
13246
13231
13241
13190
13253
13253
13253
13253
13304
13266
13337
13337
13355
13355
13364
13364
13364
13318
13318
13318
13318
13318
13318
13318
13318
13318
13318
13279
13279
13231
13231
13179
13179
13157
13157
13061
13061
13061
13061
12973
12973
12973
12973
12973
12973
12973
12973
12873
12873
12822
12822
12822
12822
12749
12749
12738
12729
12687
12592
12531
12508
12414
12331
12284
12207
12114
12114
12096
12096
12096
11998
11957
11858
11858
11867
11909
11909
11909
11909
11909
11909
11956
11956
11956
11956
11956
11956
11956
11956
11997
11997
11898
11835
11777
11741
11653
11604
11544
11517
11443
11406
11378
11350
11270
11193
11163
11158
11062
11017
10990
10912
10898
10997
10960
11023
10955
11013
11000
11036
10965
11053
11014
11063
11063
11123
11070
11097
11097
11134
11134
11162
11099
11176
11181
11226
11300
11328
11408
11438
11534
11561
11639
11653
11690
11758
11771
11842
11881
11947
12000
12016
12086
12149
12080
12004
12001
11987
11923
11923
11923
11852
11852
11753
11753
11753
11700
11700
11633
11633
11633
11633
11702
11702
11702
11702
11702
11760
11760
11774
11774
11852
11923
11936
11936
11971
11971
12070
12070
12090
12090
12114
12167
12222
12222
12265
12332
12396
12396
12411
12411
12495
12495
12586
12616
12662
12617
12532
12532
12490
12490
12423
12402
12402
12402
12402
12402
12402
12402
12402
12402
12402
12447
12532
12560
12602
12650
12717
12738
12814
12889
12922
12959
13020
13067
13096
13151
13200
13243
13247
13319
13414
13512
13579
13589
13673
13726
13818
13874
13885
13886
13886
13886
13886
13886
13947
13947
13957
14031
14031
14031
14096
14096
14096
14073
14005
13966
13907
13832
13750
13671
13572
13554
13540
13512
13466
13409
13361
13319
13302
13278
13199
13140
13094
13090
12990
12990
12913
13002
12946
12946
12890
12851
12772
12688
12688
12646
12615
12615
12608
12594
12533
12507
12507
12486
12554
12455
12534
12534
12482
12482
12482
12386
12443
12443
12345
12345
12345
12345
12444
12544
12544
12544
12544
12544
12590
12590
12590
12632
12674
12720
12799
12799
12799
12799
12799
12799
12876
12955
12955
12955
13039
13039
13039
13065
13086
13185
13237
13333
13431
13343
13343
13343
13343
13360
13325
13325
13325
13325
13244
13244
13244
13344
13376
13412
13314
13314
13314
13214
13214
13214
13166
13088
12999
12961
12961
12928
12904
12894
12831
12831
12780
12780
12709
12691
12682
12682
12682
12602
12534
12529
12438
12378
12325
12266
12190
12156
12094
12020
11969
11941
11895
11815
11794
11764
11668
11641
11721
11643
11711
11697
11702
11665
11756
11688
11748
11735
11788
11717
11776
11725
11686
11686
11620
11620
11567
11629
11613
11664
11594
11640
11577
11598
11672
11700
11780
11810
11906
11933
11933
11933
11947
11947
12015
12028
12099
12138
12138
12191
12191
12191
12191
12155
12081
12004
12077
12077
12077
12102
12102
12103
12145
12145
12145
12145
12160
12160
12160
12160
12160
12160
12229
12160
12160
12160
12160
12160
12086
12086
12074
12074
12074
12074
12066
12066
12066
12066
12066
12066
12014
11964
11964
11951
11951
11895
11868
11824
11767
11754
11742
11662
11639
11597
11557
11506
11458
11376
11277
11179
11133
11070
11058
11058
11058
11058
11058
11058
10959
10896
10838
10802
10714
10665
10605
10578
10541
10513
10436
10431
10386
10386
10386
10329
10269
10256
10342
10291
10376
10376
10376
10324
10324
10376
10417
10417
10417
10417
10404
10404
10372
10401
10401
10415
10348
10271
10259
10259
10259
10259
10191
10191
10191
10191
10191
10191
10092
10092
10092
10092
10046
10046
10046
9967
9967
9967
9967
10006
10006
10006
10006
10105
10105
10105
10105
10151
10151
10151
10230
10230
10185
10100
10072
10030
9982
9915
9894
9818
9743
9710
9673
9612
9565
9536
9481
9432
9432
9477
9562
9590
9632
9680
9747
9735
9756
9832
9764
9839
9872
9909
9970
10017
10046
10101
10150
10076
10048
9968
9938
9842
9815
9815
9801
9801
9733
9720
9738
9667
9598
9559
9559
9506
9506
9506
9567
9567
9567
9641
9669
9749
9779
9875
9902
9980
9994
10031
10099
10112
10183
10222
10288
10341
10357
10450
10520
10583
10583
10583
10583
10583
10679
10679
10774
10774
10774
10774
10765
10723
10723
10723
10723
10723
10723
10676
10676
10676
10676
10676
10676
10611
10611
10611
10570
10570
10581
10590
10590
10632
10727
10727
10727
10727
10727
10810
10857
10934
10934
10934
10952
10952
10952
10885
10983
11024
11123
11123
11123
11123
11123
11123
11123
11084
11084
11084
11029
11029
11029
10939
10925
10861
10825
10825
10803
10708
10609
10609
10536
10536
10440
10440
10383
10304
10304
10304
10247
10337
10337
10351
10351
10415
10315
10351
10351
10351
10351
10373
10331
10331
10331
10430
10430
10430
10503
10503
10582
10678
10692
10692
10749
10806
10823
10823
10923
10923
10962
11004
11004
11004
11067
10968
10968
10968
11021
11012
11012
10938
10910
10830
10800
10704
10677
10599
10585
10548
10480
10467
10396
10357
10291
10238
10222
10152
10089
10163
10191
10271
10301
10397
10424
10502
10516
10553
10621
10634
10705
10744
10744
10797
10813
10813
10876
10876
10876
10837
10837
10837
10837
10738
10738
10738
10738
10692
10692
10692
10613
10613
10613
10681
10720
10720
10720
10720
10819
10819
10819
10819
10865
10866
10866
10945
10976
10933
10929
10857
10762
10664
10597
10587
10503
10450
10358
10302
10291
10290
10290
10333
10337
10409
10504
10602
10669
10679
10763
10816
10908
10964
10975
10976
11073
11073
11146
11231
11275
11332
11397
11428
11483
11536
11577
11656
11576
11508
11503
11412
11352
11299
11240
11240
11240
11178
11127
11081
11060
11140
11140
11140
11140
11140
11193
11193
11193
11193
11193
11244
11244
11265
11167
11167
11167
11167
11167
11104
11049
10960
10910
10864
10864
10813
10755
10688
10674
10596
10583
10681
10646
10716
10617
10640
10620
10631
10607
10607
10552
10615
10572
10627
10563
10652
10637
10687
10603
10649
10558
10558
10528
10579
10533
10600
10658
10672
10750
10763
10798
10897
10917
10941
10996
11039
11103
11118
11202
11293
11323
11369
11369
11369
11369
11308
11308
11298
11224
11224
11224
11159
11159
11159
11215
11243
11333
11394
11457
11467
11541
11558
11634
11699
11703
11706
11706
11660
11618
11539
11539
11462
11462
11378
11378
11378
11352
11331
11232
11180
11084
10986
10941
10856
10828
10786
10738
10671
10650
10574
10499
10466
10429
10368
10321
10292
10237
10188
10233
10318
10346
10388
10436
10503
10524
10600
10675
10708
10745
10745
10792
10821
10876
10925
10897
10815
10785
10727
10685
10597
10518
10472
10428
10422
10421
10449
10531
10561
10619
10661
10749
10828
10874
10918
10924
10925
10846
10832
10775
10758
10758
10658
10658
10619
10577
10577
10577
10503
10475
10395
10365
10269
10242
10164
10150
10113
10045
10032
9961
9922
9922
9869
9853
9853
9790
9864
9892
9972
10002
10098
10125
10203
10217
10254
10322
10335
10406
10445
10445
10498
10514
10514
10577
10560
10560
10492
10453
10453
10453
10453
10354
10354
10354
10354
10308
10307
10307
10228
10197
10220
10288
10327
10386
10461
10543
10642
10670
10718
10742
10788
10789
10789
10868
10868
10857
10848
10806
10711
10711
10711
10711
10628
10581
10595
10518
10550
10550
10586
10586
10653
10635
10640
10640
10738
10738
10761
10663
10670
10629
10673
10574
10669
10738
10744
10744
10772
10781
10819
10861
10938
11033
11083
11083
11140
11140
11140
11223
11270
11270
11270
11270
11270
11270
11270
11368
11409
11409
11344
11345
11382
11409
11475
11571
11662
11678
11710
11804
11824
11857
11933
12020
12106
12032
12004
11924
11894
11798
11771
11693
11679
11642
11574
11561
11490
11559
11520
11542
11542
11554
11501
11538
11522
11598
11598
11621
11558
11613
11706
11797
11825
11907
11938
11978
12038
12110
12129
12179
12203
12252
12252
12179
12094
12050
11993
11928
11897
11842
11789
11748
11669
11669
11742
11827
11871
11928
11993
12024
12079
12132
12173
12252
12230
12230
12185
12100
12072
12030
11982
11915
11858
11837
11761
11686
11653
11616
11616
11569
11540
11492
11437
11388
11433
11518
11518
11560
11560
11627
11648
11648
11648
11681
11681
11681
11681
11681
11681
11681
11681
11658
11590
11551
11492
11417
11335
11236
11208
11160
11136
11090
11089
11089
11010
11010
11010
11078
11117
11176
11251
11251
11350
11378
11426
11426
11472
11472
11472
11551
11582
11571
11519
11425
11377
11336
11317
11244
11187
11126
11062
11020
10966
10966
10966
10966
10901
10901
10811
10797
10733
10697
10697
10675
10675
10576
10576
10503
10503
10407
10407
10350
10350
10369
10296
10296
10216
10216
10216
10216
10216
10216
10163
10163
10163
10163
10163
10139
10088
10088
10067
10147
10215
10220
10311
10371
10424
10483
10559
10559
10621
10672
10718
10739
10739
10675
10689
10724
10724
10724
10724
10791
10835
10835
10835
10835
10835
10835
10835
10931
10931
10940
10940
10972
10942
10900
10900
10831
10809
10797
10760
10684
10661
10606
10513
10422
10394
10394
10312
10281
10241
10181
10109
10090
10040
10016
9967
10036
10058
10070
10070
10070
10070
10070
10125
10125
10125
10125
10125
10156
10156
10156
10228
10228
10228
10228
10228
10183
10140
10136
10064
9969
9871
9804
9794
9794
9710
9631
9578
9486
9430
9419
9418
9321
9364
9368
9440
9440
9535
9633
9700
9710
9794
9847
9939
9995
10006
10007
10104
10104
10104
10104
10104
10104
10104
10104
10137
10236
10300
10368
10425
10425
10425
10498
10568
10651
10712
10716
10778
10792
10840
10931
10931
10940
10927
10927
10838
10838
10903
10903
10847
10819
10729
10668
10654
10591
10559
10549
10513
10439
10372
10355
10350
10274
10176
10111
10088
10084
10077
10074
10030
9935
9926
9857
9913
9907
9935
9907
9997
9959
9959
9882
9945
9895
9905
9848
9922
9939
9939
9953
9953
10018
10050
10041
10041
10077
10035
10038
10105
10010
10015
10015
10113
10113
10113
10113
10113
10030
10074
10027
10027
10027
10096
10096
10096
10096
10096
10096
10134
10134
10134
10134
10134
10036
10093
10052
10052
10063
10072
10114
10209
10270
10293
10387
10470
10517
10594
10687
10774
10792
10826
10888
10986
11027
11126
11068
11054
10976
10963
10928
10829
10809
10785
10785
10730
10662
10619
10580
10516
10457
10442
10433
10358
10274
10274
10205
10114
10015
9985
9957
9911
9863
9863
9817
9875
9875
9889
9889
9967
9888
9901
9870
9905
10004
10024
10024
10048
10116
10171
10210
10253
10253
10317
10392
10407
10489
10573
10672
10598
10689
10717
10747
10795
10841
10841
10859
10905
10905
10982
10982
10982
11061
11092
11100
11100
11100
11184
11096
11151
11151
11195
11195
11154
11207
11286
11286
11286
11286
11286
11272
11237
11237
11237
11237
11170
11126
11126
11126
11126
11126
11126
11030
11030
11105
11096
11070
11084
11095
11130
11130
11051
11051
11051
11118
11162
11162
11162
11162
11162
11162
11258
11258
11258
11216
11216
11296
11296
11296
11296
11296
11227
11205
11193
11193
11193
11193
11250
11250
11250
11195
11195
11195
11195
11195
11195
11268
11268
11268
11268
11268
11268
11268
11268
11311
11311
11311
11311
11222
11222
11222
11191
11191
11119
11119
11188
11188
11188
11188
11188
11188
11188
11188
11175
11175
11175
11103
11103
11103
11103
11103
11132
11132
11132
11132
11132
11132
11165
11234
11252
11252
11252
11264
11353
11353
11425
11425
11459
11459
11472
11527
11527
11527
11527
11527
11572
11572
11572
11572
11572
11572
11572
11572
11572
11572
11572
11572
11555
11510
11425
11425
11383
11383
11316
11316
11295
11222
11222
11137
11137
11093
11060
11003
11003
10938
10938
10907
10907
10852
10852
10799
10799
10758
10758
10679
10724
10782
10782
10855
10855
10940
10982
11026
11026
11083
11150
11215
11236
11267
11267
11322
11322
11375
11375
11416
11416
11495
11495
11495
11495
11550
11550
11518
11420
11350
11327
11316
11316
11253
11198
11109
11059
11013
11013
10962
10895
10993
10993
10993
10993
10993
11052
11115
11149
11204
11241
11330
11374
11374
11412
11412
11416
11416
11493
11544
11595
11662
11708
11783
11804
11853
11939
12022
12047
12118
12120
12087
12019
11962
11889
11819
11736
11675
11671
11609
11595
11547
11456
11456
11447
11480
11548
11605
11678
11678
11761
11761
11761
11761
11761
11761
11761
11761
11770
11770
11770
11770
11770
11770
11770
11770
11770
11770
11770
11770
11770
11770
11770
11770
11770
11770
11770
11770
11770
11770
11770
11770
11770
11770
11770
11770
11785
11836
11836
11836
11836
11836
11836
11836
11836
11882
11882
11857
11875
11944
11969
11989
12061
12107
12172
12201
12274
12359
12401
12497
12577
12635
12679
12665
12630
12630
12630
12630
12681
12681
12681
12614
12614
12570
12570
12570
12570
12570
12570
12570
12570
12570
12570
12570
12570
12474
12474
12474
12474
12474
12474
12474
12474
12474
12541
12541
12541
12541
12541
12541
12541
12541
12541
12541
12541
12473
12434
12434
12359
12277
12178
12150
12102
12102
12056
12056
12056
11987
11908
11908
11877
11877
11877
11877
11877
11877
11806
11806
11806
11806
11806
11753
11753
11686
11686
11686
11686
11755
11755
11755
11755
11755
11755
11755
11826
11826
11925
11925
11925
11978
11978
12045
12045
12045
12045
11976
11976
11964
11964
11964
11964
11909
11909
11909
11909
11909
11909
11909
11909
11909
11909
11909
11909
11909
11978
11978
11990
11990
11990
11990
12045
12045
12045
12045
12045
12045
12045
12045
12045
12045
12045
12045
12045
12045
12045
12045
12129
12129
12129
12129
12129
12049
12049
12049
11981
11981
11976
11976
11885
11825
11772
11713
11637
11637
11575
11524
11478
11457
11458
11464
11501
11527
11554
11587
11685
11703
11723
11820
11893
11979
11979
12008
12008
12065
12065
12065
12153
12067
12031
11942
11909
11841
11784
11711
11711
11628
11628
11628
11628
11628
11628
11628
11628
11619
11652
11652
11709
11782
11782
11865
11865
11865
11804
11866
11880
11880
11880
11880
11889
11889
11789
11881
11924
11985
12017
12082
12116
12166
12247
12292
12382
12424
12451
12530
12606
12699
12747
12733
12772
12772
12852
12767
12767
12767
12767
12738
12669
12669
12655
12623
12587
12520
12515
12417
12417
12417
12373
12373
12304
12304
12304
12266
12266
12266
12209
12209
12209
12209
12276
12276
12258
12258
12189
12189
12164
12164
12144
12188
12116
12116
12105
12059
12128
12119
12054
12054
12012
11983
11983
11888
11815
11815
11754
11669
11669
11646
11604
11604
11510
11414
11471
11388
11308
11261
11203
11126
11082
10989
10902
10902
10884
10902
10902
10868
10937
10937
10875
10900
10900
10802
10822
10822
10781
10853
10780
10713
10614
10660
10660
10725
10725
10754
10754
10827
10827
10912
10912
10954
10954
11050
11050
11130
11130
11188
11188
11232
11246
11281
11281
11281
11281
11348
11392
11428
11428
11527
11527
11527
11623
11623
11632
11587
11587
11524
11524
11482
11482
11415
11394
11394
11394
11394
11394
11394
11394
11394
11339
11339
11339
11339
11339
11381
11381
11448
11469
11469
11469
11469
11469
11469
11469
11469
11469
11469
11469
11417
11374
11370
11298
11203
11105
11038
11028
10944
10875
10822
10822
10730
10718
10662
10662
10651
10651
10650
10650
10553
10498
10403
10403
10403
10403
10403
10403
10403
10403
10403
10403
10403
10403
10403
10472
10494
10506
10543
10619
10642
10697
10790
10790
10881
10830
10858
10858
10940
10940
10971
10971
11011
11011
11011
11011
11083
11083
11083
11083
11133
11133
11157
11157
11206
11296
11347
11407
11468
11410
11510
11437
11534
11449
11452
11408
11502
11445
11515
11450
11545
11514
11514
11459
11406
11365
11286
11286
11359
11444
11488
11545
11610
11641
11696
11749
11790
11869
11851
11755
11722
11722
11665
11592
11592
11509
11509
11509
11447
11433
11433
11433
11433
11424
11457
11525
11582
11655
11655
11738
11738
11742
11804
11818
11866
11866
11944
11953
11912
11912
11912
11912
11828
11828
11828
11828
11828
11828
11828
11828
11848
11792
11819
11791
11837
11747
11831
11831
11831
11768
11768
11758
11758
11684
11684
11667
11667
11667
11667
11602
11602
11602
11599
11599
11599
11599
11599
11662
11672
11746
11746
11746
11811
11811
11811
11718
11704
11669
11669
11669
11669
11602
11558
11522
11522
11423
11523
11523
11566
11566
11619
11523
11600
11600
11631
11622
11641
11729
11741
11755
11771
11806
11828
11828
11918
11918
12003
12003
12041
12108
12118
12162
12201
12201
12263
12263
12204
12273
12372
12338
12409
12409
12372
12372
12328
12424
12386
12386
12382
12391
12314
12263
12217
12142
12121
12072
11986
11903
11878
11807
11805
11864
11898
11935
11979
12017
12017
12094
12145
12191
12191
12212
12194
12194
12125
12125
12100
12100
12080
12080
12008
12079
12033
12033
11968
11939
11866
11781
11739
11643
11563
11505
11461
11461
11530
11530
11530
11602
11602
11602
11602
11675
11675
11717
11813
11813
11813
11813
11755
11741
11663
11650
11615
11516
11496
11472
11417
11364
11321
11257
11242
11158
11067
11037
10991
10922
10900
10888
10851
10775
10752
10697
10604
10513
10485
10403
10372
10332
10332
10260
10260
10210
10186
10137
10206
10206
10218
10218
10218
10218
10273
10273
10273
10273
10273
10304
10304
10304
10304
10304
10304
10304
10304
10212
10169
10108
10076
10011
9977
9927
9846
9801
9711
9669
9642
9552
9473
9422
9346
9286
9193
9132
9084
8984
8945
8848
8768
8765
8671
8601
8693
8598
8641
8641
8702
8734
8799
8889
8923
8974
9024
9084
9165
9226
9271
9371
9461
9558
9600
9603
9630
9630
9709
9709
9785
9880
9973
9973
10021
10060
10140
10140
10190
10190
10241
10241
10241
10241
10268
10268
10268
10268
10268
10268
10340
10439
10406
10338
10281
10208
10208
10125
10125
10121
10059
10045
9997
9997
9919
9910
9910
9910
9967
10040
10040
10040
10040
10040
10040
10040
10040
10040
10040
10049
10049
10049
10049
10007
10007
9940
9919
9919
9919
9919
9919
9919
9919
9919
9919
9919
9964
10049
10077
10119
10167
10234
10255
10331
10406
10439
10476
10537
10584
10613
10668
10717
10703
10668
10668
10668
10668
10601
10557
10557
10557
10458
10458
10458
10362
10362
10353
10367
10402
10402
10413
10413
10480
10524
10560
10560
10659
10659
10659
10755
10755
10764
10764
10764
10764
10697
10697
10697
10715
10715
10768
10768
10768
10794
10725
10681
10701
10701
10701
10783
10783
10714
10739
10667
10667
10724
10724
10724
10724
10724
10724
10724
10724
10724
10797
10724
10724
10765
10765
10708
10666
10570
10570
10584
10584
10616
10616
10652
10719
10724
10742
10840
10909
10909
10934
10941
10961
11005
11077
11077
11123
11192
11257
11257
11286
11286
11359
11397
11397
11397
11439
11439
11535
11592
11672
11672
11672
11603
11603
11591
11591
11591
11591
11591
11536
11463
11463
11378
11378
11334
11334
11277
11277
11212
11181
11150
11150
11095
11095
11042
11042
11001
11001
10922
10922
10922
10922
10980
11053
11138
11207
11251
11273
11330
11342
11407
11407
11438
11438
11493
11493
11546
11601
11642
11642
11721
11693
11693
11611
11639
11609
11691
11633
11664
11622
11622
11534
11534
11455
11527
11481
11481
11437
11437
11431
11455
11435
11434
11483
11456
11410
11326
11326
11326
11326
11326
11326
11326
11326
11326
11326
11326
11410
11410
11485
11485
11485
11485
11485
11485
11387
11387
11387
11387
11387
11324
11269
11180
11180
11180
11180
11129
11062
11160
11160
11160
11160
11236
11299
11354
11443
11493
11539
11593
11644
11711
11710
11710
11704
11704
11667
11610
11584
11511
11484
11484
11451
11451
11353
11353
11335
11335
11315
11315
11218
11218
11145
11145
11059
11059
11059
11059
11030
11021
11021
10964
10964
10997
10997
11065
10977
11034
11107
11177
11177
11260
11260
11321
11231
11231
11235
11184
11210
11272
11212
11212
11226
11165
11165
11165
11065
11163
11163
11066
11066
11066
11063
11063
11072
11072
11072
11072
11145
11050
11050
11050
11050
11079
11079
11079
11136
11187
11187
11187
11187
11187
11275
11375
11375
11375
11375
11375
11375
11375
11361
11326
11326
11315
11315
11248
11204
11168
11168
11069
11069
11069
10973
10973
10964
10978
11013
11079
11090
11182
11249
11293
11329
11356
11455
11550
11599
11695
11778
11787
11732
11732
11688
11688
11635
11556
11556
11556
11556
11556
11611
11687
11731
11823
11876
11776
11855
11812
11895
11842
11904
11827
11837
11806
11883
11864
11776
11764
11748
11726
11636
11551
11513
11503
11464
11402
11333
11262
11362
11405
11405
11405
11405
11405
11405
11417
11417
11417
11417
11417
11417
11417
11417
11417
11486
11557
11557
11507
11507
11438
11387
11365
11365
11353
11353
11353
11353
11353
11326
11326
11326
11271
11271
11271
11271
11271
11271
11243
11243
11161
11089
11058
10959
10959
10959
10887
10919
10919
10901
10951
10951
10882
10882
10858
10833
10884
10835
10815
10815
10743
10760
10714
10714
10783
10718
10718
10740
10711
10712
10724
10651
10651
10559
10596
10596
10641
10598
10674
10632
10632
10571
10594
10498
10498
10466
10521
10441
10513
10448
10541
10541
10541
10507
10598
10598
10548
10576
10495
10577
10532
10563
10581
10491
10531
10600
10558
10618
10643
10616
10688
10708
10629
10648
10720
10644
10694
10740
10647
10671
10736
10688
10688
10688
10649
10722
10642
10642
10684
10780
10780
10780
10823
10823
10823
10823
10823
10888
10888
10888
10888
10888
10888
10930
10930
10930
10930
10930
10930
10930
11010
10965
10880
10852
10810
10762
10695
10674
10598
10523
10490
10453
10392
10345
10316
10261
10212
10153
10119
10082
10127
10083
10168
10130
10158
10158
10200
10123
10171
10120
10187
10141
10162
10162
10238
10217
10292
10292
10325
10325
10362
10362
10423
10423
10470
10399
10428
10428
10483
10532
10532
10532
10532
10532
10532
10532
10532
10583
10583
10583
10604
10604
10604
10604
10604
10675
10675
10656
10656
10623
10555
10498
10425
10355
10272
10211
10207
10145
10131
10131
10131
10131
10122
10155
10223
10280
10353
10423
10506
10567
10571
10633
10633
10633
10633
10633
10642
10642
10642
10642
10558
10558
10483
10483
10483
10483
10483
10483
10483
10483
10483
10567
10567
10567
10567
10567
10567
10567
10567
10594
10600
10700
10780
10795
10854
10931
11007
11007
11044
11044
11062
11062
11106
11106
11189
11126
11143
11133
11133
11059
11143
11143
11241
11241
11290
11225
11250
11250
11250
11306
11334
11424
11485
11548
11558
11632
11649
11725
11790
11794
11797
11783
11748
11682
11671
11579
11512
11468
11432
11405
11306
11211
11162
11066
10983
10974
10974
10974
10974
10974
10974
11041
11041
11041
11041
11041
11041
11041
11041
11041
11041
10977
10977
10926
10926
10926
10826
10826
10826
10826
10826
10826
10826
10826
10826
10826
10826
10826
10826
10826
10826
10826
10826
10826
10768
10695
10610
10566
10509
10444
10413
10358
10305
10264
10185
10243
10316
10401
10445
10502
10567
10598
10653
10706
10747
10826
10757
10735
10723
10686
10610
10587
10532
10439
10348
10320
10238
10207
10167
10107
10035
10016
9966
9942
9942
10011
10033
10045
10082
10158
10158
10213
10306
10306
10306
10306
10337
10337
10337
10409
10409
10459
10459
10508
10500
10482
10413
10388
10368
10296
10250
10185
10185
10112
10112
10070
10056
9960
9928
9928
9892
9892
9825
9825
9820
9722
9722
9722
9715
9784
9740
9740
9740
9740
9671
9671
9671
9671
9671
9671
9633
9633
9633
9633
9633
9633
9576
9618
9618
9618
9618
9618
9541
9461
9461
9461
9461
9461
9461
9461
9461
9461
9429
9411
9327
9327
9294
9226
9169
9096
9026
8943
8882
8878
8816
8816
8816
8816
8816
8807
8840
8908
8965
9038
9108
9191
9252
9256
9318
9332
9380
9471
9471
9480
9480
9480
9480
9480
9480
9381
9381
9314
9282
9282
9232
9232
9232
9232
9181
9181
9181
9181
9164
9164
9164
9164
9164
9164
9163
9163
9163
9118
9118
9132
9132
9167
9095
9161
9161
9172
9264
9331
9363
9407
9457
9493
9585
9612
9663
9762
9832
9927
9944
9993
10042
10138
10165
10248
10249
10258
10318
10363
10460
10547
10619
10718
10762
10762
10762
10762
10762
10761
10724
10697
10631
10535
10444
10428
10396
10302
10282
10249
10173
10173
10086
10043
9957
9957
9957
9892
9892
9892
9892
9892
9892
9850
9850
9850
9850
9850
9850
9850
9770
9770
9813
9813
9845
9910
9910
9960
9960
10005
10005
10047
10074
10153
10153
10153
10153
10192
10272
10245
10239
10139
10059
10044
9985
9908
9832
9795
9777
9733
9650
9633
9633
9549
9451
9402
9377
9308
9335
9335
9341
9441
9521
9536
9595
9672
9748
9785
9803
9847
9772
9855
9872
9958
10042
10140
10189
10214
10270
10329
10335
10421
10421
10520
10520
10592
10614
10667
10740
10740
10740
10740
10740
10740
10740
10740
10671
10671
10649
10649
10637
10637
10600
10600
10524
10524
10524
10524
10469
10376
10376
10466
10466
10517
10517
10577
10546
10607
10607
10707
10707
10804
10732
10687
10690
10690
10605
10699
10649
10621
10691
10691
10649
10744
10695
10647
10713
10646
10625
10560
10484
10384
10309
10266
10233
10233
10233
10233
10196
10196
10135
10135
10088
10088
10059
10059
10004
9992
9943
9943
9943
9943
9943
9943
9943
9943
9943
9943
9874
9803
9903
9903
9946
9946
9999
9999
10076
9992
10023
10023
10042
10042
10130
10130
10142
10142
10142
10142
10164
10164
10164
10164
10249
10287
10297
10317
10317
10344
10344
10390
10459
10543
10614
10706
10781
10787
10843
10875
10935
11022
11022
11113
11202
11202
11173
11173
11173
11173
11104
11104
11104
11104
11104
11104
11104
11104
11104
11104
11062
11062
11062
11062
11062
11139
11157
11187
11256
11183
11208
11228
11300
11346
11411
11440
11513
11598
11640
11736
11816
11816
11860
11941
11961
11961
11961
11966
12032
12032
11989
11989
12004
12014
12084
12161
12212
12266
12344
12394
12452
12452
12486
12581
12654
12654
12683
12759
12759
12759
12726
12658
12601
12528
12458
12375
12314
12310
12248
12234
12186
12095
12095
12086
12075
12075
12075
12132
12205
12205
12205
12205
12205
12205
12219
12219
12219
12219
12228
12214
12179
12122
12056
12045
11953
11886
11842
11806
11779
11680
11733
11638
11589
11493
11410
11410
11401
11400
11358
11358
11358
11358
11343
11343
11343
11343
11343
11343
11343
11416
11515
11515
11515
11515
11515
11515
11482
11482
11482
11482
11464
11496
11496
11496
11551
11551
11551
11635
11635
11635
11546
11546
11546
11546
11646
11646
11646
11574
11586
11552
11642
11681
11681
11723
11806
11806
11793
11805
11805
11805
11850
11850
11805
11805
11805
11838
11856
11931
12020
12092
12126
12139
12207
12269
12314
12378
12378
12378
12378
12378
12378
12378
12378
12327
12327
12327
12306
12306
12306
12306
12306
12306
12306
12235
12235
12235
12235
12302
12302
12302
12373
12373
12373
12373
12373
12373
12432
12432
12432
12432
12432
12432
12432
12432
12432
12432
12406
12406
12406
12406
12406
12406
12406
12406
12406
12406
12450
12450
12450
12517
12517
12555
12620
12620
12522
12522
12522
12522
12589
12669
12669
12669
12669
12746
12746
12746
12746
12797
12797
12797
12797
12797
12871
12871
12928
12928
12974
12901
12901
12901
12901
12901
12901
12922
12922
12963
13012
13012
12983
13072
13072
13072
13072
13072
13113
13113
13196
13196
13139
13139
13139
13139
13139
13139
13081
13152
13152
13079
13079
12991
12906
12862
12805
12806
12741
12741
12710
12747
12692
12718
12665
12692
12651
12684
12605
12703
12703
12703
12703
12703
12776
12849
12934
12934
12978
12978
13035
13064
13129
13129
13160
13217
13272
13272
13325
13325
13366
13454
13533
13620
13658
13743
13765
13863
13868
13893
13949
13973
14002
14003
14042
14104
14187
14213
14246
14287
14318
14353
14255
14255
14255
14255
14179
14116
14061
13972
13922
13876
13822
13771
13704
13760
13791
13799
13772
13833
13827
13841
13741
13821
13741
13783
13768
13817
13758
13816
13739
13791
13715
13734
13697
13713
13695
13704
13660
13739
13656
13639
13553
13469
13371
13322
13297
13324
13330
13430
13510
13525
13584
13661
13737
13774
13792
13836
13919
13936
14022
14106
14204
14253
14253
14163
14112
14052
13991
13891
13794
13791
13697
13627
13532
13466
13556
13607
13667
13728
13828
13925
13928
13928
13998
14093
14093
14075
14006
13981
13961
13889
13843
13778
13749
13676
13591
13549
13453
13373
13373
13329
13347
13416
13416
13416
13488
13488
13553
13553
13626
13711
13711
13753
13753
13849
13849
13929
13929
13929
13929
13929
13929
13929
13929
13914
13863
13863
13863
13863
13863
13863
13863
13863
13817
13817
13817
13817
13785
13785
13735
13735
13643
13643
13592
13592
13522
13522
13505
13505
13456
13471
13444
13444
13443
13443
13383
13383
13338
13338
13241
13241
13154
13154
13082
13082
12983
12983
12983
12983
13015
13065
13157
13208
13278
13295
13344
13371
13372
13432
13477
13477
13477
13549
13648
13674
13674
13674
13674
13674
13674
13674
13674
13674
13686
13686
13686
13686
13686
13686
13686
13686
13666
13639
13593
13509
13417
13342
13336
13280
13248
13248
13188
13145
13058
13058
13026
12961
12961
12961
12988
12938
12984
12984
13068
13023
13023
13023
13023
12981
12981
12954
12954
12875
12875
12875
12875
12875
12875
12875
12875
12875
12836
12779
12699
12626
12626
12626
12718
12718
12761
12761
12822
12822
12854
12840
12905
12905
12939
12939
12989
12989
13070
13061
13106
13196
13238
13265
13344
13420
13513
13561
13600
13680
13624
13596
13506
13445
13382
13372
13298
13281
13205
13140
13136
13133
13064
13064
13064
13064
13064
13064
13064
12993
12993
12894
12894
12894
12841
12841
12774
12774
12774
12774
12843
12843
12843
12857
12921
12921
12921
12992
12992
13091
13091
13091
13144
13144
13211
13211
13211
13211
13276
13300
13366
13412
13472
13487
13506
13548
13628
13637
13694
13751
13751
13780
13869
13906
14005
14101
14086
14101
14091
14189
14119
14119
14042
14042
13991
14034
13980
13902
13802
13752
13709
13651
13598
13564
13487
13392
13361
13288
13269
13269
13181
13152
13140
13064
13064
13064
13042
13042
13042
12957
12919
12934
12924
12934
12934
12934
12934
13011
12942
12993
12922
12922
12922
12922
13022
13022
13065
13065
13118
13118
13195
13268
13299
13299
13318
13318
13406
13406
13418
13418
13434
13434
13456
13546
13631
13669
13679
13718
13780
13849
13793
13864
13805
13799
13713
13713
13614
13614
13542
13520
13467
13394
13394
13394
13450
13450
13450
13450
13457
13556
13556
13628
13628
13681
13754
13754
13754
13736
13667
13667
13667
13595
13595
13530
13530
13457
13372
13330
13234
13154
13154
13154
13172
13241
13266
13286
13358
13404
13469
13498
13571
13656
13698
13794
13874
13932
13976
13949
13943
13843
13763
13748
13689
13612
13536
13499
13481
13437
13354
13337
13247
13161
13110
13026
12966
12868
12807
12758
12658
12658
12561
12558
12558
12585
12515
12521
12426
12526
12526
12606
12621
12621
12711
12711
12762
12762
12822
12822
12822
12822
12922
12966
13063
13063
13066
13066
13066
13066
13066
13150
13245
13343
13343
13343
13343
13325
13272
13246
13226
13144
13119
13062
13062
13062
12989
12948
12948
13001
13027
13027
13027
13027
13084
13084
13084
13084
13125
13125
13052
12967
12923
12866
12801
12770
12715
12662
12621
12542
12516
12516
12516
12516
12516
12516
12516
12516
12516
12504
12504
12504
12504
12504
12504
12554
12554
12633
12633
12666
12669
12747
12773
12821
12877
12923
12868
12888
12889
12813
12885
12911
12867
12874
12891
12799
12890
12895
12842
12842
12842
12763
12826
12833
12750
12663
12694
12716
12654
12616
12628
12705
12695
12610
12655
12655
12578
12556
12556
12645
12690
12592
12630
12723
12723
12718
12718
12718
12693
12693
12777
12721
12721
12742
12718
12718
12718
12689
12689
12688
12688
12649
12692
12630
12630
12547
12521
12488
12447
12416
12381
12381
12381
12381
12381
12381
12381
12381
12381
12381
12381
12381
12381
12381
12381
12407
12407
12407
12407
12407
12375
12325
12233
12182
12112
12095
12046
12019
12018
11958
11913
11913
11913
11841
11742
11774
11824
11916
11967
12037
12054
12103
12130
12131
12066
12126
12102
12147
12081
12081
12178
12132
12105
12192
12132
12086
12158
12143
12059
12158
12139
12139
12097
12097
12017
12017
12008
12008
11951
11951
11951
11951
12016
12040
12106
12152
12152
12167
12167
12209
12289
12298
12355
12296
12296
12296
12252
12214
12214
12137
12045
11994
11951
11905
11844
11844
11812
11791
11726
11677
11643
11643
11593
11510
11429
11429
11384
11313
11223
11223
11181
11154
11075
10999
10906
10858
10819
10739
10739
10782
10782
10814
10879
10879
10879
10879
10924
10924
10966
10966
11045
11045
11045
11045
11045
11125
11107
11038
11013
10993
10921
10875
10810
10781
10708
10623
10581
10485
10405
10347
10303
10213
10162
10102
10102
10002
9905
9902
9902
9902
9807
9807
9897
9948
10008
10069
10169
10266
10269
10363
10433
10528
10501
10567
10561
10461
10381
10366
10366
10366
10366
10366
10366
10322
10322
10322
10322
10238
10140
10140
10140
10167
10173
10273
10353
10368
10427
10504
10580
10617
10635
10679
10762
10762
10762
10846
10944
10944
10944
10929
10919
10919
10842
10791
10791
10791
10791
10791
10791
10791
10718
10718
10718
10718
10718
10718
10733
10743
10743
10820
10871
10925
11003
11053
11111
11111
11206
11279
11279
11308
11308
11308
11251
11251
11251
11222
11133
11096
10997
10901
10886
10788
10788
10788
10745
10802
10884
10913
11002
11039
11138
11234
11249
11347
11406
11406
11449
11384
11360
11294
11248
11248
11233
11233
11191
11111
11102
11045
11110
11134
11134
11180
11180
11195
11195
11237
11317
11326
11383
11382
11382
11345
11319
11292
11259
11161
11161
11161
11161
11088
11088
11088
11059
11059
11002
11002
11002
10914
10914
10914
10914
10940
10940
10940
11038
11038
11038
11038
11111
11111
11111
11111
11111
11168
11168
11168
11168
11142
11086
11066
10994
10987
10896
10896
10833
10802
10790
10690
10645
10602
10602
10549
10511
10434
10434
10403
10403
10384
10384
10296
10296
10284
10268
10246
10272
10182
10238
10153
10173
10135
10207
10197
10197
10158
10158
10096
10096
10027
10027
9956
9987
9999
10044
10144
10144
10187
10187
10240
10240
10317
10317
10348
10348
10367
10367
10455
10467
10467
10489
10489
10574
10612
10622
10661
10661
10730
10801
10745
10745
10745
10745
10738
10639
10639
10567
10567
10514
10441
10441
10441
10441
10441
10441
10441
10441
10441
10441
10513
10513
10566
10566
10566
10566
10534
10484
10392
10341
10271
10254
10205
10178
10177
10117
10072
9975
9888
9816
9717
9717
9717
9717
9768
9768
9768
9768
9768
9768
9768
9768
9768
9768
9768
9768
9723
9723
9723
9639
9618
9618
9618
9618
9575
9575
9575
9575
9575
9659
9680
9680
9680
9680
9723
9723
9723
9732
9753
9753
9753
9804
9804
9804
9884
9919
9976
9886
9925
9874
9929
9869
9938
10017
10024
9963
9973
9973
9973
10036
9936
9936
9946
9946
9849
9849
9846
9897
9803
9884
9884
9916
9916
9978
9908
9813
9747
9747
9747
9747
9747
9747
9747
9747
9747
9747
9747
9747
9747
9747
9747
9721
9721
9721
9721
9721
9808
9846
9931
9953
10051
10056
10081
10054
10054
10048
10048
9948
9977
9897
9898
9883
9922
9863
9863
9786
9869
9793
9819
9782
9782
9764
9805
9761
9761
9678
9713
9713
9713
9629
9531
9531
9531
9558
9564
9664
9744
9759
9818
9895
9971
10008
10026
10070
10153
10170
10256
10340
10438
10487
10512
10447
10423
10423
10377
10377
10377
10334
10319
10319
10319
10287
10245
10180
10100
10100
10091
10091
10034
10034
9989
9989
10054
10012
10012
10012
10012
9933
9933
9933
9933
9933
9933
9933
9933
9933
9975
9895
9975
9984
10041
10133
10176
10237
10269
10334
10368
10418
10499
10544
10634
10676
10703
10782
10858
10951
10999
11038
11118
11068
10989
10956
10953
10875
10827
10781
10780
10754
10737
10732
10732
10725
10703
10626
10626
10537
10444
10494
10573
10606
10609
10687
10735
10781
10782
10808
10825
10830
10853
10860
10882
10959
11029
11118
11211
11254
11331
11381
11434
11518
11579
11601
11605
11642
11724
11775
11873
11919
11966
11969
11984
12036
12109
12109
12109
12109
12109
12109
12109
12109
12109
12166
12240
12240
12324
12324
12324
12324
12324
12324
12309
12299
12299
12222
12171
12117
12039
11989
11931
11931
11836
11763
11763
11734
11734
11734
11734
11749
11759
11829
11906
11957
12011
12089
12139
12197
12197
12292
12365
12365
12394
12394
12394
12394
12337
12255
12341
12312
12356
12267
12328
12291
12322
12223
12245
12149
12248
12233
12262
12164
12174
12115
12143
12143
12148
12105
12135
12135
12135
12192
12265
12265
12265
12265
12265
12265
12365
12365
12365
12461
12476
12574
12574
12574
12617
12591
12535
12515
12443
12443
12443
12443
12443
12412
12400
12355
12355
12355
12355
12355
12355
12355
12381
12437
12457
12529
12536
12536
12536
12599
12630
12642
12687
12687
12687
12687
12687
12687
12687
12716
12716
12805
12885
12941
13037
13108
13158
13158
13158
13226
13310
13310
13325
13325
13402
13451
13522
13613
13613
13635
13651
13741
13773
13873
13937
13993
13928
13928
13928
13928
13928
13928
13928
13886
13806
13797
13740
13805
13829
13895
13941
14001
14016
14035
14077
14157
14166
14223
14196
14190
14090
14010
13995
13936
13859
13783
13746
13728
13684
13601
13584
13498
13414
13316
13267
13242
13242
13242
13342
13422
13422
13422
13422
13422
13422
13422
13422
13422
13422
13422
13506
13506
13506
13506
13506
13506
13506
13455
13455
13455
13455
13455
13455
13455
13455
13455
13455
13455
13455
13487
13537
13537
13588
13588
13588
13588
13615
13616
13616
13616
13616
13616
13688
13688
13644
13544
13501
13448
13371
13340
13321
13233
13221
13221
13199
13199
13114
13076
13066
13027
13027
12958
12887
12987
13030
13083
13083
13083
13083
13171
13183
13183
13183
13183
13183
13183
13193
13193
13193
13262
13333
13252
13163
13163
13163
13163
13163
13163
13163
13163
13163
13163
13163
13158
13158
13158
13158
13074
13053
13053
13053
13053
13010
13010
13055
13117
13157
13241
13262
13286
13297
13379
13422
13444
13444
13444
13444
13444
13444
13444
13444
13372
13372
13319
13319
13319
13319
13375
13434
13434
13434
13441
13540
13540
13612
13634
13687
13760
13760
13760
13668
13625
13564
13532
13467
13433
13383
13302
13257
13167
13125
13098
13019
12943
12850
12802
12763
12683
12683
12726
12726
12726
12726
12726
12726
12726
12726
12726
12768
12768
12768
12768
12768
12768
12768
12768
12768
12820
12820
12820
12887
12875
12788
12750
12665
12643
12545
12540
12515
12515
12515
12486
12485
12446
12446
12363
12337
12337
12296
12296
12261
12348
12386
12471
12493
12591
12596
12621
12677
12701
12644
12673
12574
12575
12614
12676
12759
12785
12705
12738
12779
12810
12845
12819
12763
12743
12671
12664
12664
12664
12601
12570
12558
12513
12513
12513
12513
12513
12513
12513
12612
12638
12694
12790
12790
12810
12810
12882
12889
12889
12980
12984
12984
13047
13078
13078
13078
13078
13078
13090
13135
13169
13207
13240
13276
13344
13430
13430
13415
13403
13393
13323
13323
13246
13181
13130
13106
13052
12986
12908
12862
12812
12752
12694
12679
12679
12660
12565
12523
12450
12370
12370
12361
12332
12275
12275
12275
12275
12340
12344
12391
12391
12391
12326
12341
12387
12397
12397
12467
12482
12559
12559
12610
12652
12706
12786
12864
12873
12923
12980
12980
13038
13038
13072
13072
13167
13167
13167
13240
13319
13327
13327
13356
13440
13516
13533
13576
13576
13576
13576
13576
13614
13614
13614
13614
13614
13541
13541
13541
13541
13541
13541
13541
13541
13541
13541
13541
13511
13578
13578
13578
13578
13578
13590
13590
13667
13667
13667
13667
13667
13667
13731
13731
13674
13674
13674
13674
13674
13674
13578
13563
13465
13465
13465
13422
13479
13561
13590
13679
13716
13815
13911
13926
14024
14083
14083
14126
14126
14126
14076
13997
13964
13961
13883
13835
13789
13788
13762
13745
13740
13717
13717
13710
13688
13611
13541
13452
13359
13318
13368
13447
13480
13483
13561
13609
13655
13656
13682
13699
13704
13704
13704
13704
13726
13726
13803
13803
13803
13803
13726
13726
13782
13865
13810
13810
13810
13810
13810
13771
13803
13803
13803
13803
13803
13803
13736
13704
13704
13735
13735
13790
13690
13774
13872
13872
13961
14003
13923
14007
14031
14081
14081
14081
14092
14182
14193
14193
14193
14167
14167
14167
14202
14202
14111
14178
14237
14237
14237
14300
14327
14401
14434
14469
14493
14498
14400
14400
14412
14511
14511
14596
14663
14663
14727
14735
14735
14735
14772
14807
14812
14824
14824
14824
14924
15009
15088
15114
15041
15041
15075
15106
15106
15106
15106
15022
15022
15022
15022
15022
15107
15107
15107
15137
15137
15137
15137
15137
15137
15217
15160
15160
15202
15202
15202
15202
15202
15202
15202
15202
15215
15215
15215
15215
15215
15278
15331
15331
15343
15343
15392
15392
15326
15341
15341
15341
15288
15288
15288
15288
15288
15329
15245
15225
15225
15295
15337
15415
15496
15496
15535
15571
15597
15597
15664
15738
15823
15890
15919
15919
16007
16007
16064
16164
16164
16164
16081
16081
16049
15999
15999
15948
15948
15948
15948
15949
15922
15921
15921
15921
15921
15921
15921
15849
15849
15881
15881
15881
15932
15932
15932
15932
15932
15932
15932
15977
15977
15977
15977
16076
16076
16076
16133
16133
16133
16133
16133
16133
16133
16133
16133
16133
16133
16133
16133
16133
16133
16133
16133
16133
16142
16142
16214
16140
16140
16140
16140
16075
16075
16075
16075
16075
16075
16029
16029
16014
16014
15972
15892
15913
15904
15847
15806
15806
15806
15806
15852
15852
15852
15907
15907
15907
15907
15907
15907
15907
15916
15973
15884
15884
15914
15914
15824
15779
15737
15817
15817
15817
15817
15863
15863
15863
15863
15863
15863
15863
15863
15863
15863
15863
15792
15792
15792
15692
15692
15742
15742
15742
15742
15742
15830
15830
15830
15763
15763
15763
15805
15805
15805
15878
15921
15854
15854
15854
15854
15828
15772
15752
15680
15673
15582
15628
15624
15561
15561
15530
15530
15518
15473
15439
15401
15368
15332
15264
15178
15204
15260
15280
15352
15352
15359
15359
15359
15359
15306
15306
15369
15343
15374
15374
15386
15386
15431
15431
15431
15431
15374
15374
15374
15412
15412
15412
15412
15412
15412
15481
15481
15448
15448
15484
15484
15547
15547
15547
15547
15604
15586
15586
15586
15545
15545
15470
15516
15516
15516
15427
15427
15463
15391
15391
15391
15357
15357
15442
15539
15539
15539
15526
15526
15526
15458
15458
15531
15600
15538
15538
15550
15505
15441
15441
15441
15441
15441
15441
15441
15441
15441
15441
15441
15441
15441
15341
15298
15245
15245
15245
15245
15157
15145
15145
15145
15145
15145
15145
15135
15135
15135
15066
14995
15095
15138
15191
15268
15268
15268
15268
15280
15280
15280
15280
15280
15280
15280
15280
15280
15349
15420
15420
15377
15377
15377
15377
15377
15377
15377
15377
15377
15335
15335
15335
15335
15335
15335
15335
15335
15290
15228
15188
15104
15083
15059
15048
14966
14923
14901
14946
14946
14946
15030
15051
15051
15051
15051
15094
15116
15116
15116
15116
15116
15037
15037
14953
14910
14910
14910
14910
14910
14910
14910
14910
14910
14910
14910
14910
15007
15014
15096
15125
15204
15281
15365
15408
15417
15484
15529
15575
15660
15755
15841
15865
15965
15979
16054
16039
16029
15959
15882
15831
15777
15699
15649
15591
15557
15462
15389
15381
15352
15276
15276
15276
15189
15151
15066
15044
14946
14941
14916
14860
14836
14807
14806
14767
14705
14622
14596
14563
14563
14522
14522
14491
14491
14456
14456
14456
14456
14543
14543
14581
14581
14666
14651
14673
14673
14771
14771
14776
14776
14801
14801
14857
14857
14881
14881
14910
14910
14911
14911
14950
14950
15012
15012
15095
15121
15154
15188
15229
15229
15260
15260
15295
15295
15295
15295
15295
15295
15310
15254
15305
15246
15246
15246
15246
15246
15189
15227
15220
15138
15138
15039
15010
15010
15010
14921
14921
14921
14849
14812
14848
14848
14826
14727
14771
14771
14718
14622
14720
14720
14647
14632
14632
14632
14534
14564
14564
14505
14505
14505
14505
14462
14525
14525
14594
14594
14682
14682
14739
14739
14739
14821
14821
14821
14850
14917
15016
15016
15016
15016
15053
15104
15176
15275
15301
15301
15397
15397
15412
15412
15510
15510
15510
15510
15510
15553
15553
15553
15553
15507
15507
15507
15507
15507
15507
15498
15441
15441
15441
15441
15441
15441
15441
15441
15441
15441
15441
15498
15498
15498
15498
15498
15498
15498
15498
15551
15551
15551
15551
15551
15608
15608
15608
15608
15608
15608
15539
15539
15483
15483
15452
15438
15430
15366
15305
15305
15291
15291
15211
15140
15098
15098
15049
14950
14892
14892
14840
14840
14821
14768
14752
14752
14743
14676
14597
14597
14597
14597
14666
14742
14745
14759
14823
14910
14929
15000
15011
15110
15112
15117
15170
15170
15237
15291
15291
15291
15291
15282
15282
15210
15210
15210
15210
15210
15210
15210
15210
15219
15219
15219
15219
15219
15219
15219
15219
15219
15187
15187
15187
15136
15136
15136
15136
15136
15136
15136
15136
15136
15136
15091
15091
15091
15091
15091
15091
15091
15091
14992
14992
15033
15033
15067
15074
15074
15112
15174
15261
15261
15287
15309
15407
15407
15502
15502
15514
15464
15464
15385
15428
15445
15445
15445
15412
15433
15478
15478
15475
15522
15604
15655
15705
15705
15705
15627
15579
15582
15536
15597
15693
15711
15710
15771
15833
15807
15807
15859
15955
15938
15950
15950
15945
15978
15978
16005
16005
16052
16093
16093
16071
16071
16071
16071
16071
16081
16004
16075
16110
16110
16110
16110
16110
16160
16239
16239
16239
16239
16239
16285
16285
16311
16311
16311
16311
16311
16311
16388
16388
16388
16388
16362
16306
16286
16214
16207
16207
16207
16144
16113
16101
16056
16056
16018
16018
15982
15982
15982
16008
16008
16008
16008
16008
16008
16008
16008
16008
16020
16020
16020
16020
16020
16020
16020
16020
16053
16119
16139
16151
16177
16273
16348
16410
16484
16512
16512
16512
16512
16512
16512
16512
16512
16512
16512
16512
16455
16358
16351
16269
16240
16161
16084
16000
15957
15948
15881
15836
15790
15705
15610
15524
15500
15400
15386
15311
15408
15415
15415
15444
15523
15600
15684
15727
15736
15803
15848
15848
15848
15848
15848
15859
15859
15958
16058
16061
16061
16112
16112
16188
16206
16231
16299
16392
16392
16322
16280
16202
16121
16121
16082
16046
16020
16020
15946
15861
15794
15765
15677
15677
15620
15520
15520
15520
15520
15562
15562
15562
15562
15562
15562
15588
15588
15662
15662
15729
15729
15817
15817
15874
15874
15874
15874
15829
15829
15829
15745
15724
15724
15724
15724
15681
15659
15704
15766
15806
15890
15911
15935
15946
16028
16071
16093
15993
15950
15897
15820
15820
15820
15820
15808
15808
15808
15808
15808
15808
15808
15808
15808
15739
15668
15668
15632
15588
15490
15490
15460
15460
15460
15397
15328
15240
15240
15240
15173
15173
15122
15065
15039
14957
14928
14928
14962
14925
14961
14862
14906
14810
14908
14893
14893
14795
14825
14825
14901
14901
14901
14858
14921
14990
15078
15135
15157
15239
15284
15313
15380
15469
15498
15535
15586
15685
15711
15807
15822
15920
15920
15920
15963
16037
16065
16145
16175
16271
16298
16376
16390
16390
16390
16403
16474
16513
16513
16566
16566
16566
16566
16479
16441
16356
16334
16236
16231
16206
16150
16126
16097
16096
16057
15995
15912
15886
15853
15812
15781
15746
15746
15746
15746
15746
15746
15746
15746
15746
15746
15746
15775
15775
15775
15775
15775
15775
15775
15816
15816
15816
15737
15737
15728
15728
15665
15665
15665
15665
15665
15665
15665
15665
15665
15674
15674
15674
15674
15674
15674
15674
15674
15674
15648
15648
15648
15648
15648
15648
15648
15648
15648
15636
15636
15636
15636
15636
15636
15636
15636
15662
15718
15718
15790
15790
15790
15790
15790
15790
15802
15802
15802
15802
15802
15802
15802
15802
15792
15759
15693
15673
15661
15635
15573
15477
15402
15340
15266
15238
15271
15337
15357
15369
15395
15491
15566
15628
15702
15730
15730
15730
15730
15730
15730
15730
15730
15730
15730
15730
15689
15689
15689
15689
15689
15689
15689
15590
15590
15590
15590
15518
15518
15518
15549
15549
15556
15556
15592
15592
15638
15676
15705
15797
15837
15878
15892
15939
16026
16065
16142
16142
16158
16119
16168
16117
16117
16062
16062
16019
15942
15892
15839
15755
15694
15672
15668
15631
15549
15498
15400
15354
15307
15304
15289
15237
15280
15357
15357
15276
15329
15413
15413
15413
15413
15413
15413
15362
15362
15362
15362
15362
15362
15362
15362
15313
15242
15151
15151
15151
15129
15113
15023
14991
14891
14827
14771
14791
14840
14927
14998
15012
15012
15028
15028
15034
15056
15121
15121
15206
15296
15321
15321
15372
15472
15472
15536
15536
15536
15566
15606
15621
15621
15621
15621
15621
15621
15612
15545
15545
15545
15545
15545
15533
15533
15456
15456
15456
15456
15456
15456
15523
15528
15552
15558
15643
15655
15700
15777
15777
15826
15826
15826
15914
15914
15882
15882
15785
15778
15778
15749
15670
15593
15509
15466
15457
15390
15345
15345
15345
15345
15345
15345
15395
15295
15295
15295
15295
15295
15295
15295
15324
15403
15403
15487
15530
15530
15597
15597
15597
15597
15682
15682
15682
15682
15682
15682
15682
15608
15580
15500
15470
15374
15374
15347
15269
15255
15255
15255
15242
15171
15132
15132
15079
15079
15079
15079
15153
15181
15261
15291
15387
15414
15414
15428
15465
15465
15478
15549
15588
15588
15588
15588
15588
15588
15538
15459
15459
15459
15459
15459
15413
15413
15387
15387
15387
15387
15387
15387
15310
15310
15310
15310
15310
15310
15310
15310
15310
15310
15310
15310
15336
15336
15336
15336
15336
15336
15336
15336
15336
15336
15315
15358
15447
15412
15355
15286
15286
15286
15286
15286
15286
15286
15286
15233
15233
15233
15233
15233
15176
15176
15176
15176
15176
15176
15176
15176
15176
15176
15221
15221
15221
15274
15274
15274
15274
15274
15331
15394
15394
15394
15394
15394
15384
15384
15446
15505
15537
15541
15621
15621
15709
15709
15709
15709
15629
15584
15522
15482
15398
15377
15353
15342
15260
15217
15195
15240
15302
15342
15426
15447
15471
15482
15564
15607
15629
15595
15559
15552
15508
15410
15410
15380
15304
15304
15241
15172
15084
15084
15062
15017
14950
14921
14864
14813
14731
14705
14676
14702
14613
14576
14576
14477
14477
14513
14417
14461
14446
14544
14446
14446
14446
14476
14476
14476
14433
14433
14433
14502
14559
14647
14647
14647
14676
14721
14810
14877
14877
14906
15005
15056
15152
15178
15178
15152
15250
15194
15194
15194
15194
15122
15165
15165
15165
15165
15165
15165
15165
15156
15144
15144
15144
15144
15144
15144
15144
15144
15144
15144
15144
15144
15144
15144
15144
15144
15170
15230
15230
15239
15259
15260
15332
15404
15411
15411
15411
15456
15456
15488
15488
15488
15488
15488
15500
15500
15500
15500
15500
15500
15500
15500
15500
15467
15401
15381
15369
15343
15247
15172
15110
15036
15008
15008
15008
15008
15020
15046
15046
15046
15046
15120
15120
15120
15078
15078
15078
15078
15078
15078
15052
15052
14978
14978
14911
14911
14823
14823
14766
14766
14766
14766
14836
14878
14956
15037
15129
15168
15204
15230
15156
15210
15182
15256
15176
15261
15231
15298
15202
15231
15204
15292
15292
15339
15325
15382
15345
15445
15445
15489
15476
15476
15405
15366
15366
15366
15366
15366
15366
15440
15468
15548
15578
15674
15701
15779
15793
15830
15898
15911
15982
16021
16021
16074
16074
16074
16137
16106
16099
16063
16017
15979
15950
15858
15818
15777
15763
15716
15629
15590
15590
15513
15513
15513
15513
15513
15513
15513
15513
15513
15513
15513
15513
15513
15513
15513
15484
15484
15484
15484
15484
15525
15525
15525
15525
15525
15525
15525
15525
15525
15484
15484
15484
15484
15484
15484
15484
15484
15484
15484
15484
15484
15484
15484
15484
15484
15484
15484
15484
15484
15484
15484
15484
15467
15467
15547
15547
15485
15557
15498
15554
15522
15522
15518
15534
15454
15505
15505
15589
15501
15544
15544
15544
15544
15580
15580
15580
15580
15580
15580
15580
15580
15580
15580
15580
15580
15580
15580
15580
15551
15472
15472
15388
15345
15345
15278
15278
15278
15193
15193
15193
15193
15193
15193
15193
15193
15193
15193
15222
15301
15301
15385
15428
15437
15504
15504
15504
15504
15504
15504
15504
15504
15504
15504
15452
15414
15414
15329
15250
15217
15118
15032
14988
14927
14896
14874
14775
14746
14736
14708
14703
14673
14673
14673
14600
14600
14600
14500
14489
14390
14387
14336
14260
14242
14217
14149
14056
14056
13982
13954
13955
13955
13875
13886
13856
13955
13955
13859
13862
13950
13923
13974
13896
13972
13972
13972
13958
13976
13939
13964
13933
13865
13933
13920
14013
13942
13950
13911
13911
13858
13858
13858
13795
13869
13869
13869
13869
13869
13869
13865
13865
13865
13865
13865
13865
13936
13936
13936
13936
13936
13936
13936
13936
13928
13844
13818
13818
13798
13699
13627
13620
13720
13720
13720
13720
13720
13720
13670
13670
13658
13658
13658
13658
13658
13658
13658
13658
13599
13543
13514
13514
13425
13345
13289
13193
13122
13072
13072
13072
13004
12920
12920
12905
12905
12905
12828
12816
12816
12756
12747
12712
12711
12639
12543
12543
12498
12466
12466
12466
12466
12466
12526
12535
12535
12536
12536
12608
12608
12642
12630
12675
12649
12681
12681
12714
12714
12714
12714
12714
12640
12640
12673
12739
12759
12771
12797
12893
12978
13053
13115
13080
13154
13182
13177
13177
13153
13153
13153
13153
13153
13153
13153
13153
13153
13127
13127
13127
13127
13127
13127
13127
13186
13186
13186
13186
13150
13150
13159
13115
13115
13215
13117
13076
13138
13138
13218
13188
13238
13260
13260
13339
13339
13339
13383
13416
13416
13416
13416
13437
13368
13368
13368
13280
13379
13295
13295
13366
13366
13366
13321
13322
13255
13281
13224
13195
13195
13195
13144
13144
13115
13089
13089
13000
13000
13000
13000
12901
12901
12901
12805
12805
12805
12805
12849
12849
12751
12751
12751
12751
12751
12751
12751
12751
12708
12708
12644
12644
12644
12644
12644
12644
12713
12713
12713
12713
12713
12713
12713
12758
12758
12825
12825
12825
12825
12825
12825
12825
12825
12825
12825
12825
12825
12825
12825
12825
12825
12798
12731
12686
12624
12584
12500
12479
12455
12444
12362
12319
12297
12212
12170
12133
12193
12238
12238
12233
12212
12182
12125
12125
12178
12088
12046
11979
11948
11898
11849
11848
11947
11880
11880
11800
11800
11800
11728
11672
11672
11656
11592
11541
11457
11486
11443
11443
11407
11407
11392
11392
11472
11472
11544
11544
11544
11544
11595
11679
11722
11760
11796
11776
11689
11675
11659
11653
11588
11503
11478
11427
11427
11427
11466
11466
11436
11406
11366
11340
11325
11240
11240
11240
11240
11240
11240
11260
11347
11361
11377
11377
11442
11527
11527
11578
11578
11578
11608
11608
11623
11623
11623
11668
11668
11668
11583
11583
11583
11583
11583
11551
11551
11551
11551
11551
11551
11551
11510
11510
11510
11467
11467
11467
11467
11443
11474
11481
11481
11527
11474
11474
11474
11503
11503
11503
11544
11544
11544
11544
11583
11583
11583
11583
11583
11583
11583
11510
11463
11451
11388
11388
11288
11214
11277
11322
11322
11390
11390
11425
11450
11497
11567
11493
11522
11522
11608
11608
11619
11619
11649
11649
11649
11720
11720
11748
11748
11755
11755
11833
11833
11921
11921
11921
11921
11994
11923
11928
11928
11928
11928
11928
11928
11928
12002
12030
12110
12140
12236
12263
12341
12355
12392
12460
12473
12544
12583
12649
12702
12718
12788
12851
12851
12851
12851
12851
12851
12851
12806
12806
12806
12753
12686
12686
12686
12686
12686
12686
12629
12629
12574
12511
12511
12456
12456
12456
12456
12456
12456
12456
12456
12456
12494
12494
12494
12494
12494
12494
12494
12494
12494
12494
12494
12494
12465
12465
12386
12443
12443
12443
12359
12359
12316
12316
12307
12307
12240
12240
12240
12240
12240
12313
12313
12313
12313
12313
12313
12313
12313
12313
12313
12364
12266
12363
12370
12452
12481
12560
12637
12721
12764
12773
12840
12885
12826
12872
12872
12860
12945
12936
13031
12931
12931
12869
12869
12789
12889
12867
12867
12867
12867
12867
12846
12846
12775
12834
12823
12899
12908
13008
13008
13088
13110
13110
13196
13217
13183
13188
13259
13259
13259
13259
13259
13259
13259
13259
13259
13259
13259
13259
13259
13259
13259
13259
13259
13259
13223
13223
13223
13223
13223
13135
13072
13037
12995
12912
12970
12977
12991
12991
12991
12991
13010
13010
13083
13083
13072
12999
12987
12898
12818
12818
12818
12805
12805
12805
12805
12805
12805
12805
12805
12805
12805
12805
12805
12805
12805
12805
12805
12885
12885
12973
12973
12976
13026
12956
12914
12836
12755
12663
12624
12555
12519
12493
12439
12365
12280
12213
12184
12096
12049
11992
11892
11848
11848
11918
11960
12038
12119
12211
12250
12286
12312
12366
12440
12525
12592
12592
12621
12709
12756
12813
12913
12957
12984
13004
13094
13094
13094
13189
13189
13211
13265
13316
13371
13381
13469
13568
13632
13632
13632
13661
13676
13676
13676
13630
13573
13573
13540
13474
13454
13442
13416
13320
13245
13183
13109
13081
13081
13081
13081
13093
13119
13215
13215
13215
13289
13289
13289
13229
13328
13319
13410
13409
13467
13395
13423
13389
13468
13423
13521
13489
13506
13511
13478
13530
13530
13585
13585
13661
13661
13735
13767
13767
13721
13721
13641
13561
13561
13489
13489
13489
13489
13438
13354
13311
13273
13237
13174
13182
13262
13262
13262
13334
13334
13420
13420
13420
13471
13555
13598
13636
13672
13672
13672
13613
13537
13528
13428
13428
13348
13326
13326
13240
13219
13214
13143
13143
13143
13152
13252
13314
13394
13394
13394
13394
13415
13415
13363
13434
13360
13332
13252
13222
13222
13126
13206
13179
13179
13101
13101
13087
13087
13050
13139
13071
13109
13096
13096
13025
13025
12986
12986
12920
12920
12920
12867
12867
12851
12851
12781
12832
12769
12840
12840
12840
12914
12914
12914
12914
12914
12914
12914
12914
12914
12914
12927
12998
12998
12998
12998
12998
12998
12998
12998
12998
12901
12901
12828
12828
12828
12828
12828
12828
12828
12828
12828
12828
12771
12697
12697
12697
12776
12764
12680
12680
12680
12680
12680
12680
12680
12680
12680
12680
12636
12636
12589
12589
12589
12589
12589
12589
12520
12520
12520
12475
12408
12473
12473
12473
12473
12473
12507
12543
12587
12500
12598
12692
12722
12798
12859
12922
12991
13079
13101
13101
13146
13213
13242
13319
13419
13470
13496
13496
13496
13433
13459
13459
13414
13414
13414
13346
13346
13346
13311
13311
13286
13217
13170
13100
13071
12985
12974
12944
12873
12851
12823
12816
12738
12650
12650
12577
12577
12572
12635
12680
12748
12783
12808
12855
12809
12879
12908
12994
13005
13035
13106
13134
13141
13141
13229
13229
13302
13307
13307
13212
13209
13297
13338
13406
13450
13498
13498
13544
13477
13522
13522
13522
13517
13546
13546
13617
13649
13720
13771
13747
13765
13848
13848
13848
13842
13852
13852
13852
13767
13767
13767
13767
13836
13836
13836
13824
13824
13824
13824
13779
13779
13779
13702
13781
13823
13823
13823
13823
13823
13823
13774
13774
13774
13774
13686
13719
13737
13812
13879
13968
13973
14045
14069
14069
14069
14082
14167
14235
14247
14309
14354
14399
14476
14540
14540
14540
14540
14540
14540
14628
14628
14628
14628
14628
14628
14548
14548
14460
14460
14457
14407
14346
14346
14346
14346
14346
14426
14426
14514
14514
14598
14598
14500
14500
14543
14481
14399
14354
14323
14316
14316
14316
14270
14270
14241
14241
14241
14200
14200
14200
14200
14161
14161
14192
14199
14235
14281
14319
14348
14348
14388
14429
14429
14429
14396
14396
14396
14396
14411
14453
14453
14553
14553
14579
14579
14663
14663
14663
14716
14716
14767
14767
14767
14717
14782
14817
14738
14738
14738
14705
14746
14767
14789
14789
14789
14789
14789
14789
14789
14789
14789
14789
14789
14789
14789
14789
14789
14789
14789
14799
14799
14799
14799
14798
14772
14786
14786
14786
14786
14786
14786
14786
14786
14786
14786
14858
14858
14858
14915
14915
14915
14915
14915
14915
14915
14853
14853
14853
14853
14853
14853
14853
14756
14749
14667
14638
14559
14547
14470
14386
14343
14334
14267
14222
14176
14091
13996
13996
13996
13896
13896
13896
13994
14016
14101
14101
14101
14101
14092
13992
13930
13850
13850
13850
13850
13829
13829
13758
13817
13893
13902
14002
14064
14144
14166
14166
14252
14273
14278
14349
14329
14239
14239
14239
14144
14144
14122
14068
14017
13962
13952
13864
13765
13701
13660
13660
13660
13631
13616
13616
13636
13726
13726
13726
13726
13726
13726
13726
13777
13832
13832
13920
13886
13985
13985
13985
13985
13985
13985
14083
14083
14083
14083
14083
14083
14083
14083
14068
14017
14017
14017
13979
13979
13979
13979
13979
13979
13979
13979
13979
13979
13979
13979
13979
13979
13979
13979
13979
13979
13979
13979
13979
13979
13979
13979
13908
13908
13908
13812
13852
13842
13842
13768
13768
13768
13768
13866
13866
13866
13832
13832
13832
13832
13832
13819
13748
13748
13748
13748
13748
13748
13748
13822
13850
13930
13834
13864
13960
13987
14065
14079
14062
14099
14167
14180
14251
14290
14229
14295
14348
14348
14364
14364
14434
14434
14497
14485
14459
14363
14363
14363
14289
14289
14385
14418
14418
14484
14504
14516
14542
14638
14713
14775
14849
14877
14869
14789
14789
14717
14717
14631
14631
14580
14496
14453
14415
14379
14387
14467
14486
14544
14616
14573
14573
14573
14573
14624
14624
14708
14751
14789
14825
14829
14829
14829
14829
14829
14749
14699
14699
14699
14699
14610
14572
14572
14572
14572
14572
14572
14572
14521
14450
14450
14450
14450
14530
14530
14512
14512
14512
14512
14512
14512
14512
14512
14512
14512
14512
14512
14583
14583
14583
14677
14650
14612
14543
14467
14464
14450
14386
14299
14280
14209
14198
14099
14097
14092
14039
14039
13972
13918
13918
13918
13987
14063
14066
14080
14144
14231
14250
14321
14321
14420
14420
14425
14478
14478
14545
14599
14599
14599
14599
14599
14599
14599
14599
14599
14519
14468
14468
14380
14380
14380
14380
14354
14416
14416
14448
14448
14528
14528
14616
14627
14627
14677
14670
14670
14691
14691
14691
14720
14720
14720
14802
14802
14802
14767
14767
14767
14767
14767
14767
14767
14828
14828
14828
14765
14720
14652
14617
14592
14545
14475
14446
14360
14349
14319
14248
14339
14311
14304
14257
14257
14169
14169
14096
14091
14091
14091
14091
14126
14126
14126
14126
14126
14077
14077
14056
13985
13985
13985
14015
14015
14086
14064
14064
14064
14064
13974
13974
13974
13974
13874
13874
13810
13810
13810
13810
13810
13751
13675
13666
13566
13504
13424
13402
13402
13316
13295
13290
13219
13219
13295
13304
13404
13466
13546
13546
13546
13546
13567
13567
13638
13627
13528
13525
13474
13398
13380
13355
13287
13194
13186
13186
13186
13186
13237
13237
13237
13237
13237
13237
13237
13217
13130
13116
13100
13100
13035
12950
12950
12899
12899
12899
12869
12869
12854
12854
12854
12809
12809
12809
12829
12916
12930
12946
12952
13017
13102
13127
13178
13178
13178
13259
13289
13333
13373
13414
13429
13517
13517
13608
13707
13807
13852
13873
13891
13934
13934
14028
14070
14092
14177
14202
14213
14302
14397
14481
14500
14596
14672
14709
14800
14861
14920
14931
14991
15043
15101
15174
15225
15274
15225
15191
15155
15111
15111
15013
15013
14919
14919
14889
14851
14775
14775
14714
14714
14651
14651
14582
14582
14494
14494
14472
14472
14427
14427
14360
14360
14331
14274
14223
14223
14197
14197
14197
14197
14197
14197
14233
14277
14375
14375
14405
14405
14405
14405
14474
14562
14562
14562
14629
14629
14629
14655
14585
14543
14465
14384
14292
14253
14217
14191
14137
14063
13978
13911
13882
13794
13747
13690
13590
13547
13503
13426
13399
13399
13346
13262
13262
13262
13304
13304
13304
13304
13304
13304
13304
13304
13304
13304
13340
13340
13266
13292
13292
13264
13264
13264
13184
13258
13258
13228
13313
13313
13217
13284
13284
13257
13286
13208
13208
13194
13194
13157
13214
13146
13246
13233
13233
13162
13162
13123
13057
13004
12988
12918
12855
12929
12929
12929
12929
13025
13025
13025
13025
13025
13025
13025
13096
13096
13096
13096
13096
13096
13096
13080
13060
12970
12970
12970
12970
12970
12970
12970
12919
12864
12864
12776
12677
12677
12677
12579
12579
12579
12579
12599
12689
12691
12785
12880
12967
12989
13043
13094
13149
13159
13247
13346
13410
13428
13526
13555
13570
13593
13562
13555
13519
13473
13435
13406
13406
13366
13325
13325
13325
13325
13325
13325
13356
13363
13399
13445
13483
13512
13604
13644
13685
13699
13699
13699
13699
13776
13714
13714
13682
13682
13602
13602
13514
13503
13503
13453
13515
13574
13606
13610
13690
13784
13872
13872
13864
13867
13787
13837
13818
13746
13746
13746
13746
13695
13611
13611
13568
13492
13454
13445
13409
13309
13247
13167
13167
13167
13247
13247
13266
13266
13338
13317
13373
13373
13373
13302
13302
13353
13437
13496
13539
13615
13653
13662
13662
13762
13824
13904
13904
13926
13846
13940
13940
13940
13940
13961
13961
13966
13966
14037
14037
14037
14037
14037
14037
14037
14037
14037
13966
13966
13966
13983
14063
14149
14197
14275
14364
14402
14418
14451
14475
14485
14548
14562
14613
14684
14702
14711
14678
14612
14592
14580
14554
14458
14383
14321
14247
14219
14252
14252
14272
14284
14310
14406
14406
14406
14480
14480
14480
14459
14459
14459
14430
14430
14430
14430
14430
14430
14430
14430
14430
14430
14430
14430
14451
14488
14488
14517
14531
14531
14630
14630
14728
14728
14793
14793
14793
14793
14793
14793
14793
14758
14758
14758
14758
14758
14758
14758
14728
14657
14657
14657
14657
14657
14657
14657
14657
14657
14702
14702
14737
14737
14737
14737
14737
14737
14737
14767
14838
14838
14838
14838
14926
14926
14926
14926
14926
14852
14852
14852
14852
14756
14756
14756
14756
14756
14756
14756
14685
14685
14685
14685
14685
14685
14685
14626
14550
14541
14441
14379
14299
14277
14183
14183
14162
14157
14086
14086
14086
14095
14195
14195
14275
14297
14297
14383
14404
14404
14475
14425
14363
14304
14272
14268
14188
14094
14006
14006
14003
13953
13953
13953
13953
13953
14033
14033
14121
14121
14121
14121
14101
14011
14009
13915
13820
13733
13711
13657
13606
13551
13541
13453
13354
13290
13272
13174
13145
13130
13107
13107
13107
13107
13107
13107
13107
13107
13107
13158
13213
13223
13311
13311
13311
13311
13311
13311
13311
13311
13311
13311
13311
13311
13311
13311
13311
13311
13311
13311
13311
13311
13231
13212
13140
13084
13084
13084
13033
12949
12906
12868
12851
12851
12771
12685
12637
12645
12567
12647
12558
12577
12539
12611
12595
12651
12618
12704
12680
12696
12686
12737
12674
12758
12744
12787
12736
12774
12703
12703
12685
12676
12633
12650
12730
12816
12864
12942
13031
13069
13085
13118
13142
13152
13215
13215
13266
13337
13337
13346
13346
13310
13266
13168
13168
13138
13138
13138
13138
13069
12981
12981
12981
12914
12914
12914
12888
12888
12888
12932
13030
13030
13030
13030
13030
13030
13099
13187
13187
13187
13187
13187
13166
13166
13129
13129
13129
13155
13126
13112
13112
13013
13013
12915
12915
12850
12850
12850
12850
12850
12871
12871
12871
12871
12871
12871
12871
12871
12871
12871
12871
12871
12871
12871
12790
12746
12705
12617
12526
12426
12405
12362
12268
12226
12204
12119
12094
12083
11994
11899
11815
11896
11940
11981
12069
12069
12169
12190
12233
12233
12275
12297
12382
12382
12382
12471
12471
12555
12529
12496
12496
12476
12464
12438
12342
12342
12342
12268
12268
12268
12268
12268
12280
12306
12402
12402
12313
12313
12313
12387
12342
12342
12342
12307
12307
12307
12307
12307
12307
12307
12277
12206
12206
12206
12206
12206
12206
12118
12109
12109
12009
12009
12009
12009
11929
11907
11907
11970
11884
11929
11908
11877
11877
11877
11870
11905
11834
11798
11823
11777
11824
11786
11786
11845
11816
11845
11921
11829
11829
11838
11798
11798
11898
11857
11857
11919
11905
11976
12056
12056
12056
12078
12078
12085
12179
12179
12179
12265
12188
12276
12297
12297
12302
12375
12446
12477
12477
12484
12520
12566
12604
12633
12725
12765
12806
12806
12853
12853
12892
12969
12969
12969
12969
12969
12889
12889
12801
12801
12801
12801
12863
12922
12954
12958
13038
13132
13220
13231
13234
13284
13284
13242
13242
13242
13242
13157
13157
13121
13095
13095
13021
12936
12869
12840
12840
12840
12783
12683
12683
12683
12683
12725
12803
12803
12803
12842
12878
12904
12958
13032
13117
13184
13213
13301
13348
13405
13505
13505
13505
13486
13390
13314
13277
13186
13125
13066
13055
12995
12943
12885
12812
12761
12712
12731
12827
12903
12940
13031
13031
13090
13090
13090
13142
13142
13215
13266
13266
13246
13159
13145
13129
13123
13058
12973
12948
12897
12897
12897
12867
12827
12812
12812
12713
12668
12650
12650
12670
12670
12684
12684
12684
12749
12834
12834
12885
12885
12885
12885
12885
12900
12900
12900
12945
12945
12945
12886
12810
12801
12701
12639
12559
12537
12443
12357
12336
12331
12260
12319
12395
12404
12504
12460
12522
12522
12602
12602
12624
12624
12624
12624
12710
12710
12731
12714
12714
12719
12639
12639
12710
12624
12624
12576
12525
12447
12392
12303
12293
12255
12167
12151
12151
12118
12110
12110
12086
12006
12006
12006
11996
11977
11977
11914
11842
11842
11842
11786
11786
11735
11649
11649
11578
11562
11562
11511
11511
11502
11418
11418
11375
11447
11537
11499
11499
11499
11499
11516
11516
11516
11516
11596
11596
11529
11529
11615
11610
11610
11610
11710
11758
11758
11758
11734
11756
11756
11756
11836
11836
11836
11836
11836
11925
11925
11932
11847
11898
11936
12008
11996
12051
12051
12051
12051
12051
12051
12006
12016
12049
12049
11972
12060
12113
12113
12113
12113
12113
12192
12291
12301
12352
12352
12352
12415
12499
12499
12499
12513
12556
12556
12556
12607
12607
12519
12548
12619
12619
12634
12634
12634
12643
12544
12544
12523
12523
12523
12523
12523
12523
12523
12523
12523
12523
12523
12523
12523
12523
12523
12523
12544
12544
12544
12544
12544
12544
12544
12544
12642
12642
12597
12597
12597
12597
12597
12498
12407
12349
12321
12242
12144
12139
12087
12032
11956
11882
11850
11949
11949
12007
12007
12086
12184
12189
12241
12296
12296
12370
12370
12370
12369
12306
12261
12261
12226
12201
12154
12154
12125
12125
12125
12125
12054
12054
12047
12047
11959
11959
11886
11886
11949
11994
11994
12062
12097
12122
12169
12169
12169
12169
12198
12198
12284
12233
12233
12233
12263
12263
12334
12334
12362
12362
12369
12369
12369
12307
12307
12395
12336
12336
12304
12377
12373
12373
12293
12199
12111
12100
12097
12047
11948
11948
11948
11948
11948
11936
11910
11814
11814
11775
11775
11775
11701
11701
11734
11800
11820
11832
11858
11954
12029
12091
12165
12193
12093
12093
12093
12093
12049
11951
11951
11951
11951
11951
11951
11882
11794
11794
11794
11794
11794
11794
11768
11708
11655
11626
11607
11548
11472
11463
11363
11301
11221
11199
11199
11113
11092
11087
11016
11075
11151
11160
11260
11322
11402
11424
11518
11604
11625
11630
11701
11613
11613
11582
11575
11539
11493
11455
11426
11334
11294
11253
11253
11206
11206
11167
11090
11090
11090
11009
10965
10924
10836
10836
10736
10715
10672
10672
10630
10608
10523
10523
10523
10434
10434
10350
10431
10475
10516
10604
10695
10795
10816
10859
10953
10995
11017
11102
11127
11138
11227
11322
11406
11406
11389
11309
11223
11223
11175
11175
11086
11048
11048
11015
11015
11005
10942
10928
10877
10806
10806
10797
10797
10877
10877
10877
10877
10877
10877
10877
10877
10877
10797
10797
10797
10807
10735
10735
10735
10735
10735
10786
10786
10857
10806
10806
10722
10731
10688
10688
10688
10688
10667
10667
10667
10667
10667
10667
10667
10667
10569
10569
10569
10569
10569
10569
10592
10613
10650
10676
10714
10718
10777
10806
10806
10841
10855
10913
10913
10940
10993
10994
10994
11039
11039
11039
11101
11200
11239
11239
11319
11229
11320
11320
11393
11393
11491
11538
11538
11555
11555
11620
11620
11620
11620
11620
11648
11648
11648
11705
11705
11683
11739
11754
11754
11754
11789
11885
11834
11779
11779
11779
11779
11769
11769
11769
11681
11758
11842
11842
11743
11743
11743
11787
11787
11813
11813
11813
11857
11857
11857
11828
11828
11828
11813
11813
11813
11833
11923
11925
11925
12020
12020
12042
12096
12147
12202
12212
12300
12300
12364
12364
12462
12462
12477
12477
12477
12463
12463
12404
12328
12319
12219
12157
12077
12055
11961
11875
11854
11849
11778
11778
11715
11670
11602
11567
11542
11495
11495
11466
11380
11380
11350
11279
11251
11244
11244
11244
11156
11156
11083
11083
11083
11128
11128
11163
11163
11163
11163
11105
11105
11105
11105
11135
11206
11206
11206
11206
11294
11294
11294
11294
11229
11265
11277
11277
11248
11197
11165
11148
11148
11075
11075
11075
11102
11122
11191
11112
11112
11079
11013
10993
10981
10955
10859
10784
10722
10722
10648
10620
10613
10613
10613
10540
10495
10469
10404
10482
10535
10435
10435
10435
10435
10435
10435
10440
10440
10440
10440
10398
10320
10320
10320
10320
10281
10281
10245
10219
10165
10091
10006
9939
9910
9822
9775
9718
9618
9618
9618
9666
9685
9643
9602
9662
9662
9662
9616
9539
9488
9488
9572
9618
9618
9655
9655
9620
9620
9540
9540
9540
9540
9540
9540
9540
9540
9540
9442
9442
9432
9432
9432
9381
9310
9310
9301
9318
9358
9403
9483
9465
9551
9599
9542
9620
9709
9747
9747
9747
9780
9780
9790
9853
9853
9904
9881
9952
9931
9931
9847
9810
9819
9815
9786
9772
9745
9646
9555
9457
9440
9375
9347
9291
9256
9256
9256
9277
9277
9277
9306
9306
9333
9432
9432
9530
9530
9595
9595
9595
9630
9640
9640
9669
9669
9573
9529
9542
9542
9500
9500
9481
9385
9309
9272
9181
9267
9356
9356
9297
9297
9297
9297
9228
9176
9176
9156
9083
8993
8942
8940
8940
8940
8845
8845
8864
8842
8938
8938
8938
8884
8960
8909
8946
8891
8891
8881
8881
8793
8793
8793
8804
8740
8740
8740
8792
8694
8694
8694
8767
8752
8803
8803
8803
8803
8890
8890
8890
8954
9039
9039
9039
9039
9039
9039
9039
9039
9039
9090
9145
9155
9229
9229
9229
9229
9229
9229
9327
9327
9327
9327
9243
9261
9333
9250
9207
9250
9277
9277
9304
9304
9304
9346
9354
9344
9244
9222
9274
9279
9279
9208
9188
9188
9188
9188
9174
9174
9174
9109
9024
9024
9088
9037
9037
8966
8966
8966
8966
8951
8951
8951
8883
8838
8838
8766
8766
8721
8721
8686
8686
8686
8686
8686
8686
8686
8781
8781
8781
8751
8680
8592
8592
8592
8592
8504
8504
8504
8504
8567
8612
8680
8715
8740
8787
8857
8886
8972
8983
9013
9013
9084
9112
9119
9197
9285
9379
9452
9457
9435
9435
9448
9515
9474
9423
9341
9262
9296
9340
9340
9340
9314
9400
9426
9373
9382
9382
9454
9406
9402
9321
9277
9236
9148
9057
8957
8936
8893
8799
8757
8735
8650
8625
8614
8525
8430
8346
8427
8471
8512
8600
8600
8700
8721
8764
8764
8806
8828
8913
8913
8913
8819
8819
8819
8903
8944
8944
8944
8929
8929
8955
9038
9042
9065
9094
9119
9192
9264
9324
9411
9457
9424
9406
9479
9544
9587
9512
9536
9601
9512
9594
9665
9593
9664
9734
9734
9734
9765
9765
9838
9909
9896
9828
9912
9850
9948
9975
9930
9930
9866
9866
9781
9781
9781
9850
9850
9840
9840
9866
9845
9845
9845
9845
9784
9883
9883
9883
9869
9869
9942
9942
9942
9844
9844
9918
9918
9918
9901
9821
9735
9687
9609
9520
9482
9482
9482
9449
9449
9439
9376
9376
9325
9254
9254
9245
9245
9224
9224
9241
9241
9321
9292
9378
9378
9426
9399
9477
9378
9467
9467
9505
9407
9423
9423
9456
9391
9415
9415
9425
9425
9488
9453
9467
9518
9589
9589
9607
9628
9637
9637
9637
9666
9666
9666
9765
9765
9765
9765
9830
9830
9830
9830
9739
9699
9641
9641
9641
9641
9641
9641
9641
9641
9641
9641
9641
9641
9641
9641
9641
9641
9641
9641
9641
9641
9641
9641
9641
9641
9641
9641
9641
9641
9590
9535
9525
9525
9525
9525
9525
9427
9427
9427
9427
9447
9537
9539
9633
9728
9815
9837
9891
9942
9997
10007
10095
10194
10258
10258
10356
10385
10400
10400
10400
10337
10292
10224
10189
10164
10117
10047
10018
9932
9921
9891
9820
9792
9785
9707
9619
9525
9452
9447
9510
9555
9623
9658
9683
9730
9800
9829
9915
9926
9956
10027
10055
10062
10140
10228
10322
10395
10400
10331
10255
10252
10238
10174
10087
10068
9997
9997
9898
9898
9893
9840
9840
9773
9719
9719
9719
9788
9864
9867
9881
9945
10032
10051
10122
10122
10221
10221
10226
10279
10279
10346
10400
10400
10400
10383
10303
10303
10217
10196
10148
10148
10070
10070
9981
9952
9914
9914
9898
9898
9865
9766
9742
9742
9732
9732
9669
9669
9655
9590
9539
9539
9468
9468
9450
9450
9441
9464
9481
9502
9582
9619
9619
9623
9671
9700
9700
9714
9803
9830
9868
9967
9967
9967
10000
10098
10098
10115
10125
10190
10253
10281
10295
10295
10346
10381
10452
10452
10461
10441
10351
10349
10255
10160
10073
10051
9997
9946
9891
9810
9800
9756
9668
9627
9528
9440
9376
9376
9376
9276
9178
9157
9128
9085
9070
9070
9070
9028
9006
8921
8941
8941
9031
9031
9033
9033
9127
9127
9222
9138
9225
9247
9301
9382
9433
9477
9532
9573
9583
9671
9759
9759
9858
9958
10022
10043
10061
10104
10202
10202
10231
10273
10288
10310
10333
10418
10443
10443
10532
10532
10616
10553
10508
10440
10405
10380
10333
10263
10234
10148
10137
10107
10036
10008
10001
9923
9835
9741
9668
9663
9663
9708
9708
9743
9743
9743
9743
9772
9772
9772
9802
9873
9873
9873
9873
9961
9961
10034
10034
10015
9919
9843
9806
9806
9806
9806
9795
9795
9743
9743
9670
9619
9619
9638
9734
9810
9847
9938
9999
10058
10069
10129
10181
10239
10312
10363
10412
10313
10313
10255
10255
10176
10078
10073
10021
9966
9966
9892
9892
9869
9848
9811
9807
9778
9764
9737
9638
9638
9540
9523
9458
9430
9430
9413
9378
9298
9298
9250
9250
9161
9123
9123
9090
9090
9080
9017
9003
8952
8881
8881
8872
8865
8865
8865
8865
8865
8845
8755
8753
8659
8564
8477
8455
8401
8350
8295
8295
8285
8240
8152
8152
8053
8018
7954
7954
7936
7936
7838
7838
7809
7780
7765
7765
7742
7742
7712
7641
7641
7641
7641
7553
7553
7480
7480
7408
7408
7408
7408
7408
7355
7355
7355
7276
7276
7195
7151
7151
7110
7022
7022
6922
6901
6858
6858
6816
6794
6709
6684
6684
6595
6595
6511
6438
6400
6400
6400
6338
6238
6238
6158
6158
6158
6132
6132
6132
6132
6132
6132
6132
6093
6093
6009
5965
5965
5965
5965
5946
5902
5806
5730
5693
5602
5541
5482
5471
5411
5359
5301
5228
5177
5128
5128
5128
5059
5001
4965
4888
4862
4862
4857
4857
4810
4810
4714
4657
4657
4622
4622
4595
4558
4513
4513
4449
4360
4340
4287
4287
4287
4272
4245
4186
4186
4133
4132
4132
4092
3997
3985
3939
3929
3881
3797
3745
3716
3652
3580
3561
3475
3433
3348
3305
3238
3212
3171
3142
3098
3038
3034
3034
2989
2890
2863
2858
2831
2733
2724
2646
2620
2538
2495
2424
2340
2267
2196
2196
2123
2105
2031
2031
1959
1925
1879
1879
1853
1766
1706
1634
1621
1613
1544
1544
1457
1457
1374
1361
1288
1265
1192
1127
1041
1041
976
952
881
856
825
825
755
681
612
536
533
519
455
368
349
278
278
179
179
174
121
121
54
0
0
0
69
145
148
162
226
313
332
403
414
513
515
520
573
573
640
694
772
838
769
693
690
676
612
525
506
435
424
325
323
318
265
265
198
144
66
0
69
145
148
162
226
313
332
403
414
513
515
520
573
573
640
694
772
838
769
693
690
676
612
525
506
435
424
325
323
318
265
265
198
144
66
0
