0.315
0.212
0.232
0.209
0.207
0.209
0.209
0.21
0.225
0.208
0.207
0.212
0.208
0.251
0.233
0.209
0.261
0.208
0.208
0.227
0.21
0.225
0.207
0.304
0.215
0.209
0.214
0.21
0.209
0.231
0.232
0.212
0.238
0.203
0.204
0.201
0.205
0.202
0.229
0.205
0.208
0.367
0.269
0.247
0.337
0.205
0.206
0.204
0.205
0.226
0.293
0.207
0.227
0.211
0.266
0.206
0.204
0.326
0.204
0.203
0.285
0.206
0.202
0.223
0.211
0.334
0.642
0.417
0.378
0.354
0.252
0.392
0.374
0.267
0.268
0.287
0.231
0.222
0.207
0.206
0.541
0.204
0.268
0.207
0.214
0.224
0.509
0.225
0.266
0.284
0.699
0.807
0.503
0.367
0.204
0.208
0.205
0.217
0.222
0.443
0.292
0.345
0.589
0.233
0.207
0.205
0.205
0.206
0.201
0.513
0.347
0.205
0.208
0.208
0.205
0.205
0.389
0.208
0.206
0.211
0.211
0.206
0.205
0.203
0.205
0.224
0.204
0.205
0.204
0.201
0.205
0.204
0.209
0.2
0.204
0.315
0.32
0.418
0.265
0.204
0.204
0.337
0.512
0.213
0.208
0.797
0.723
0.409
0.209
0.212
0.264
0.206
0.206
0.214
0.328
0.264
0.274
0.327
0.263
0.265
0.273
0.28
0.24
0.329
0.288
0.204
0.328
0.204
0.202
0.269
0.206
0.264
0.271
0.267
0.204
0.31
0.474
0.339
0.786
0.864
0.209
0.266
0.204
0.331
0.203
0.203
0.268
0.206
0.264
0.203
0.264
0.265
0.204
0.261
0.202
0.202
0.259
0.261
0.282
0.28
0.29
0.203
0.496
0.282
0.204
0.204
0.264
0.329
0.264
0.204
0.204
0.204
0.262
0.484
0.318
0.321
0.205
0.325
0.325
0.321
0.29
0.511
0.453
0.822
0.423
0.346
0.263
0.205
0.203
0.324
0.204
0.268
0.326
0.33
0.329
0.288
0.276
0.27
0.274
0.275
0.484
0.646
0.275
0.392
0.619
0.415
0.27
0.207
0.266
0.28
0.327
0.278
0.368
0.453
0.321
0.32
0.477
0.427
0.263
0.328
0.626
1.008
0.391
0.268
0.389
0.702
0.265
0.263
0.409
0.385
0.325
0.324
0.346
0.326
0.327
0.383
0.748
0.264
0.267
0.324
0.263
0.464
0.262
0.779
0.334
0.333
0.269
0.332
0.369
0.361
0.337
0.343
0.334
0.53
0.669
0.348
0.28
0.291
0.274
0.499
0.341
0.334
0.337
0.337
0.334
0.337
0.458
0.335
0.332
0.484
0.336
0.338
0.334
0.335
0.723
0.336
0.641
0.398
0.332
0.356
0.336
0.337
0.272
0.517
0.332
0.71
0.393
0.335
0.331
0.468
0.276
0.659
0.834
0.79
0.47
0.472
0.455
0.454
0.273
0.396
0.333
0.332
0.398
0.36
0.396
0.455
0.334
0.336
0.674
0.404
0.345
0.446
0.414
0.639
0.335
0.389
0.991
0.387
0.906
0.967
0.576
0.523
0.526
1.102
0.527
0.526
0.661
0.342
0.792
0.504
0.343
0.656
0.557
0.417
0.474
0.411
0.407
0.404
0.568
0.48
0.431
0.409
0.529
0.513
0.345
0.408
0.411
0.542
0.348
0.475
0.487
0.371
1.278
0.42
0.338
0.48
0.83
1.145
0.598
0.61
0.599
0.415
0.343
0.413
0.417
0.424
0.367
0.444
0.447
0.472
0.765
0.411
0.406
1.66
0.477
1.119
0.536
0.551
1.184
0.659
0.698
0.756
0.681
0.441
0.646
0.44
0.559
0.537
0.461
0.412
0.677
1.832
0.456
0.478
0.778
0.345
0.921
0.555
0.409
0.844
0.636
0.566
0.53
0.404
0.381
0.398
0.857
0.691
0.621
0.336
0.417
1.128
2.892
0.736
0.697
0.914
1.328
1.403
0.984
0.621
0.737
0.496
0.693
0.657
0.754
0.559
0.736
0.59
0.656
1.322
0.469
0.336
0.597
0.373
0.355
0.345
0.87
0.65
0.476
1.05
0.514
0.584
0.703
1.04
0.569
0.666
0.608
0.977
1.875
2.139
1.808
1.558
0.495
0.422
0.417
1.381
0.554
0.56
0.72
0.657
0.669
0.484
0.435
0.782
1.255
0.425
0.343
0.71
0.33
0.636
0.392
0.436
0.516
0.388
0.524
0.523
0.519
0.519
0.393
1.495
0.395
0.653
0.457
0.45
0.391
0.591
1.117
0.528
0.801
0.394
1.096
0.686
0.705
0.527
0.587
0.709
0.7
0.706
0.71
0.715
0.747
0.462
0.945
0.512
0.654
0.517
0.458
0.629
0.394
0.39
0.393
0.391
0.807
0.449
0.454
0.45
0.451
0.595
1.402
0.522
0.464
0.453
0.596
0.519
0.522
0.834
0.712
0.623
0.712
0.332
0.519
0.454
0.549
0.522
0.711
1.33
1.09
1.162
0.339
0.718
0.46
0.731
0.712
0.5
0.335
0.561
0.546
0.522
0.707
0.647
0.458
0.75
0.399
0.548
0.8
0.461
0.828
0.946
0.334
0.521
0.395
0.515
0.516
0.524
0.516
1.091
0.597
0.58
0.582
1.056
0.882
0.922
0.714
1.064
0.737
0.704
0.393
0.393
1.015
0.649
0.574
0.709
0.518
0.577
0.7
0.457
0.394
0.522
0.334
0.848
0.933
0.727
0.518
0.516
0.537
0.396
0.395
0.517
0.644
1.033
0.339
0.421
0.618
0.716
0.391
0.457
2.082
0.466
0.397
0.798
0.459
0.473
0.448
0.974
0.513
0.514
0.686
0.462
0.456
0.513
0.468
0.519
0.713
0.459
0.338
1.023
0.793
0.458
0.658
0.462
0.642
0.518
0.444
0.325
0.442
0.625
0.502
0.445
0.505
0.446
0.547
0.514
0.689
0.353
0.69
1.789
0.456
0.514
0.486
0.63
0.516
0.448
0.682
0.551
0.621
0.452
0.45
0.495
0.698
0.721
0.544
0.448
0.537
0.451
0.932
0.508
0.521
0.522
0.518
0.545
0.875
0.528
0.335
0.505
0.521
0.505
0.561
0.505
1.106
0.696
0.697
0.688
0.526
0.528
0.564
0.511
0.507
0.328
0.368
0.702
0.508
0.509
0.514
0.553
0.738
0.513
0.593
0.534
0.511
0.509
1.39
0.881
0.693
0.711
0.685
0.694
0.504
0.483
0.329
0.508
0.675
0.474
0.456
0.694
0.639
0.634
0.638
1.003
1.083
0.953
0.697
0.509
0.603
0.729
0.69
0.57
1.325
1.547
0.628
1.397
0.643
0.643
0.625
1.127
0.621
0.648
0.503
0.618
1.38
0.504
0.647
1.195
0.836
0.838
0.332
0.508
0.448
0.504
0.637
0.327
0.504
0.326
0.705
0.633
0.447
0.626
0.326
0.532
1.115
0.631
0.327
0.327
0.62
0.632
0.62
0.504
0.623
0.63
0.509
0.504
0.468
0.323
0.715
0.506
0.506
0.321
0.508
0.88
0.761
0.494
1.091
0.702
0.678
0.638
0.604
0.678
0.584
0.329
0.628
0.623
0.628
0.51
0.635
0.631
1.459
0.521
0.348
0.518
0.659
0.629
0.477
0.672
0.598
0.657
0.651
0.652
0.326
0.574
0.552
0.623
0.325
0.533
0.598
0.616
0.594
0.341
0.517
0.514
0.566
0.513
0.548
0.512
0.625
0.525
0.629
0.503
0.323
0.751
0.625
0.55
0.564
0.504
0.613
0.514
0.501
0.508
1.326
1.141
0.628
0.575
0.669
0.384
0.632
0.384
0.568
0.632
0.564
0.632
0.465
0.64
1.68
0.633
0.642
0.566
0.625
0.581
0.643
0.63
0.383
0.63
0.632
0.561
0.45
0.446
0.47
0.443
0.65
0.498
0.561
1.823
0.545
0.634
0.641
0.638
0.396
0.649
0.596
0.588
0.665
0.553
0.385
0.581
0.647
0.506
0.509
0.508
0.911
0.995
0.633
0.57
0.463
0.455
0.516
0.564
0.494
0.441
0.505
0.506
0.678
0.642
0.62
0.627
0.444
0.573
0.96
0.632
0.88
1.044
0.632
0.644
1.193
0.671
0.445
0.577
0.524
0.57
0.384
0.629
0.508
0.506
0.571
0.506
0.521
0.627
0.558
0.443
0.875
1.431
0.635
0.482
0.501
0.733
0.644
0.519
0.517
0.521
0.539
0.575
0.387
0.569
0.447
0.777
0.628
0.635
1.376
0.574
0.546
0.385
0.506
0.753
0.576
0.569
0.575
0.615
0.57
0.57
0.508
0.583
0.515
1.087
0.578
0.578
1.264
1.025
0.664
0.631
0.913
1.238
0.387
0.562
0.634
0.567
0.627
0.562
0.759
0.448
0.439
0.448
0.445
1.311
0.63
0.443
0.569
0.565
0.503
0.565
0.629
0.561
0.761
0.515
0.625
0.623
0.444
0.662
0.57
0.631
1.598
0.629
0.626
0.638
0.67
0.462
0.972
0.627
0.449
0.657
0.444
0.862
0.509
0.506
0.572
0.575
0.521
0.929
0.581
0.565
0.926
0.63
0.565
0.585
0.984
0.625
0.631
0.632
0.84
0.7
0.512
0.644
0.569
1.564
0.632
0.674
0.637
0.655
0.635
0.645
1.124
0.593
0.581
0.634
0.628
0.632
0.764
0.535
1.125
0.638
0.574
0.52
0.629
0.443
0.5
0.505
0.563
0.498
0.558
0.814
0.633
0.57
0.544
0.505
0.572
0.645
1.038
0.631
0.524
0.633
0.508
0.628
0.565
0.63
0.541
0.627
0.509
1.093
0.641
1.399
0.747
0.596
0.625
0.452
0.598
0.571
0.547
0.592
0.574
1.104
0.981
0.969
0.97
1.003
1.678
0.969
1.001
1.184
0.905
1.425
0.496
0.603
0.708
0.449
0.441
0.448
0.439
0.438
0.447
0.446
0.91
0.472
0.629
0.692
0.626
0.568
1.424
0.887
0.686
0.509
0.562
0.694
0.687
0.566
0.604
0.591
0.929
0.629
0.569
0.569
0.57
0.568
2.259
0.639
0.509
0.54
0.566
0.59
0.927
0.569
0.567
0.581
0.635
0.638
0.576
0.758
0.506
1.474
0.579
0.568
0.589
0.505
0.633
0.64
0.568
0.562
0.669
0.847
0.791
0.74
0.751
1.006
1.481
0.766
0.755
0.573
0.55
0.649
0.529
0.591
0.576
0.508
0.501
0.633
0.505
0.877
0.662
0.51
0.577
1.542
0.569
0.76
0.569
0.511
0.57
0.679
0.509
1.148
0.628
0.655
0.566
0.505
0.741
0.569
0.563
0.576
0.836
1.042
0.516
0.752
0.503
1.08
0.629
0.58
0.567
0.56
0.569
0.502
0.773
0.794
0.506
0.535
0.554
0.635
0.572
0.764
0.573
0.571
0.567
0.508
0.668
1.251
0.614
0.501
0.621
0.567
0.564
0.566
0.649
0.567
1.031
0.562
0.572
1.618
0.902
0.604
0.509
0.69
0.596
0.668
0.648
0.577
0.884
0.666
0.563
0.562
0.565
0.561
0.561
0.562
0.669
0.786
0.604
0.571
0.609
0.571
0.566
0.567
0.562
0.586
0.453
0.48
0.715
0.835
0.685
1.112
0.51
0.537
0.503
0.506
0.505
0.507
0.503
0.507
0.511
0.508
0.531
0.512
1.071
0.507
0.504
0.502
0.508
0.522
0.506
0.503
0.52
0.511
0.442
0.439
0.479
0.447
0.464
0.446
0.451
1.344
0.459
0.469
0.451
0.451
0.511
0.506
0.515
0.507
0.508
0.504
0.508
0.509
0.361
0.546
0.278
0.265
0.778
0.778
0.792
0.754
0.751
0.739
0.752
0.751
1.002
0.95
0.957
0.952
0.955
0.974
1.229
0.966
0.456
0.487
0.814
0.454
0.447
0.442
0.462
0.443
0.502
0.503
0.504
0.202
0.201
0.388
0.451
0.446
0.206
0.204
0.2
0.203
0.331
0.259
0.453
0.262
0.267
0.589
0.264
0.26
0.511
0.505
0.502
0.509
0.508
0.501
0.496
0.577
0.201
0.229
0.561
0.268
0.51
0.502
0.508
0.506
0.503
0.521
0.505
0.505
0.506
0.514
0.592
0.55
0.508
0.539
0.547
0.465
0.488
0.446
0.453
0.446
0.447
0.529
0.302
0.454
0.444
0.443
0.203
0.328
0.266
0.277
0.262
0.26
0.26
0.261
0.475
0.324
0.322
0.321
0.785
0.322
0.396
0.349
0.453
0.457
0.449
0.447
1.007
0.848
0.204
0.203
0.224
0.203
0.386
0.384
0.387
0.385
0.383
0.383
0.411
0.386
0.388
0.513
0.512
0.203
0.204
0.205
0.205
0.201
0.205
0.387
0.403
0.457
0.443
0.455
0.442
0.445
1.201
1.325
0.542
0.33
0.26
0.264
0.263
0.26
0.261
0.47
0.322
0.235
0.206
0.324
0.323
0.643
0.384
0.742
0.44
0.446
0.442
0.952
0.204
0.205
0.347
0.51
0.565
0.537
0.506
0.202
0.205
0.33
0.27
0.444
0.441
0.459
0.496
0.449
0.443
0.586
0.448
0.207
0.203
0.203
0.203
0.321
0.322
0.266
0.268
0.395
0.387
0.428
0.385
0.561
0.476
0.385
0.397
0.204
0.203
0.517
0.222
0.205
0.327
0.201
0.202
0.203
0.202
0.204
0.505
0.203
0.201
0.382
0.385
0.382
0.383
0.78
0.444
0.537
0.679
0.334
0.326
0.61
0.396
0.389
0.393
0.428
0.203
0.205
0.204
0.205
0.205
0.215
0.452
0.445
0.451
0.44
0.449
0.451
0.442
0.476
0.45
0.458
0.466
0.605
1.131
0.454
0.238
0.204
0.204
0.202
0.201
0.201
0.229
0.329
0.303
0.289
0.264
0.278
0.265
0.271
0.337
0.324
0.341
0.323
0.342
0.323
0.321
0.321
0.265
0.281
0.265
0.26
0.306
0.464
0.445
0.444
0.957
0.519
0.502
0.584
0.499
0.75
0.384
0.382
0.262
0.262
0.262
0.266
0.293
0.268
0.266
0.261
0.268
0.445
0.447
0.447
0.453
0.756
0.946
0.202
0.211
0.203
0.209
0.516
0.205
0.206
0.378
0.268
0.297
0.57
0.29
0.591
0.271
0.262
0.459
0.324
0.456
0.452
0.444
0.464
1.575
0.508
0.525
0.515
0.513
0.389
0.424
0.4
0.383
0.264
0.478
0.328
0.371
0.266
0.265
0.265
0.262
0.263
0.6
0.377
0.325
0.691
0.322
1.427
0.439
0.386
0.383
0.385
0.391
0.386
0.382
0.389
0.438
0.383
0.389
0.482
0.405
0.35
0.326
0.326
0.634
0.386
0.4
0.393
0.385
0.408
0.387
0.691
0.767
0.389
0.393
0.33
0.35
0.322
0.345
0.319
0.328
0.325
0.327
0.381
0.423
0.384
0.21
0.327
0.264
0.312
0.386
0.514
0.493
0.49
0.471
1.159
1.146
0.454
0.51
0.452
0.458
0.444
0.453
0.453
0.37
0.337
0.323
0.325
0.675
0.368
0.325
0.323
0.467
0.525
0.204
0.205
0.206
0.45
0.445
0.443
0.445
0.774
0.986
0.453
0.446
0.4
0.413
0.39
0.392
0.405
0.383
0.405
0.203
0.221
0.204
0.201
0.318
0.281
0.259
0.262
0.342
0.268
0.653
0.393
1.295
0.957
0.512
0.533
0.505
0.955
0.5
0.515
0.393
0.27
0.382
0.327
0.576
0.326
0.452
0.262
0.456
0.202
0.386
1.085
0.573
0.796
0.386
0.225
0.206
1.497
0.332
0.263
0.387
0.385
0.324
0.381
0.326
0.325
0.203
0.445
0.531
0.393
0.324
0.557
0.44
0.333
0.383
0.381
0.203
0.409
0.407
0.26
0.325
0.568
0.444
0.569
0.38
0.365
0.262
0.202
0.381
0.43
0.388
0.389
0.425
0.387
0.386
0.766
0.395
0.391
0.267
0.599
0.331
0.479
0.502
0.335
0.332
0.328
0.325
0.369
0.39
0.387
0.519
0.335
0.327
0.35
1.19
0.875
0.51
0.383
0.382
0.269
0.383
0.498
0.26
0.383
0.381
0.382
0.262
0.264
0.771
0.324
0.475
0.324
0.385
0.506
0.551
0.264
0.65
0.516
0.327
0.448
0.446
0.782
0.265
1.482
0.39
0.265
0.304
0.261
0.264
0.263
0.26
0.559
0.327
0.323
0.449
0.474
0.916
0.5
0.514
0.508
1.068
0.563
0.734
0.466
0.323
1.063
0.375
0.523
0.444
0.327
0.446
0.445
0.321
0.65
0.568
0.263
0.406
0.324
0.463
0.383
0.443
0.264
0.309
0.571
1.229
0.631
0.632
0.623
1.387
0.659
0.442
0.517
0.462
0.493
0.623
0.434
0.431
0.326
0.619
0.324
0.382
0.628
0.381
0.323
0.475
0.632
0.451
0.388
0.469
0.807
0.447
0.322
0.615
0.838
0.332
0.51
0.614
0.591
0.858
0.377
0.331
0.711
0.634
0.471
0.677
0.673
0.328
0.485
0.446
0.657
0.385
0.451
0.386
0.508
0.384
0.382
0.385
0.384
1.136
0.393
0.388
0.574
0.6
0.448
0.45
0.636
0.505
0.773
0.387
0.501
0.448
0.651
0.631
0.445
0.444
0.385
0.453
0.388
0.386
0.393
0.507
0.388
0.449
0.793
0.896
0.336
0.51
0.725
0.381
0.386
0.381
0.774
0.436
0.477
0.441
0.445
0.444
0.385
0.442
0.773
0.444
0.445
0.383
0.384
0.501
0.443
0.443
0.444
1.509
0.534
0.689
0.513
0.646
0.514
0.564
0.51
0.395
0.386
0.511
0.389
0.509
0.449
0.446
0.392
0.447
0.428
0.527
0.805
0.898
0.392
0.509
1.008
0.856
1.344
0.515
0.81
0.472
0.525
0.514
0.513
0.449
0.51
0.508
0.93
0.51
0.504
0.507
0.384
0.514
0.509
0.388
0.421
0.763
0.387
0.817
1.147
0.389
0.512
0.406
0.507
0.493
0.393
0.507
0.513
0.516
0.515
0.39
0.444
0.48
0.749
0.501
0.383
0.503
0.502
0.923
0.505
0.503
0.386
0.511
0.943
0.392
0.575
0.521
0.502
0.467
0.379
0.53
0.713
0.408
0.508
0.525
0.519
0.501
0.423
0.509
0.404
0.542
0.559
0.785
0.501
0.392
0.521
0.633
1.406
0.516
0.447
0.536
0.944
0.503
0.419
1.063
0.561
0.383
0.571
0.505
0.509
0.562
0.384
0.445
1.066
1.162
0.814
0.515
0.442
0.502
0.577
0.529
0.51
1.061
0.863
0.937
0.546
0.564
0.382
0.44
0.535
0.565
0.51
0.787
0.679
0.903
0.58
0.512
0.571
0.539
0.46
0.445
0.443
0.441
0.445
0.922
0.499
0.498
0.501
0.527
0.509
0.628
0.569
0.511
1.868
0.518
0.512
0.395
0.386
0.388
0.386
0.382
0.521
0.384
0.383
0.734
0.564
0.607
0.597
0.514
0.533
0.381
1.107
0.565
0.564
0.84
1.317
0.395
0.57
0.545
0.507
0.57
0.568
0.507
0.582
0.571
0.51
0.575
0.889
0.97
0.537
0.76
0.511
0.531
0.523
0.511
0.501
0.496
0.383
0.586
0.562
0.503
0.608
0.503
0.568
0.559
0.5
0.525
0.387
0.386
0.969
1.089
0.986
0.569
0.653
0.563
0.565
0.499
0.56
0.566
0.505
0.38
1.068
0.505
1.232
0.387
0.587
0.583
0.387
0.694
1.214
0.518
0.63
0.514
0.578
0.54
0.524
0.527
1.308
0.652
0.395
1.108
0.574
0.531
0.667
1.323
0.751
0.574
1.373
0.634
0.584
0.509
0.695
0.634
0.505
0.564
0.569
0.592
0.571
0.523
0.633
0.572
0.594
0.691
0.527
0.898
1.468
0.513
0.392
0.385
0.77
0.399
0.599
0.592
0.584
0.556
0.589
0.708
0.397
0.514
0.726
0.568
0.4
0.607
0.624
0.568
0.522
0.873
0.82
0.387
1.231
0.713
0.699
0.506
0.543
0.695
0.687
0.769
0.684
0.689
0.682
0.795
0.694
0.684
1.146
0.504
0.387
0.415
0.408
0.389
0.816
0.448
0.445
0.441
0.895
0.506
0.516
0.384
0.581
0.934
1.138
1.24
0.632
0.532
0.777
0.512
0.629
0.505
0.51
0.483
0.63
0.503
0.505
0.917
0.628
1.205
0.524
0.514
0.63
0.506
0.504
0.73
0.58
0.504
0.501
0.51
0.503
0.506
0.511
1.082
0.63
0.504
0.594
0.734
2.095
0.519
0.512
0.504
0.509
0.715
0.511
0.52
0.511
0.568
1.529
0.629
0.798
0.507
0.873
0.634
0.606
0.921
0.795
0.513
0.57
0.884
0.573
0.618
0.445
0.573
0.635
0.508
0.456
0.506
0.507
0.51
0.605
0.573
0.516
0.52
0.574
1.14
1.239
0.52
0.765
1.169
0.568
0.611
0.574
0.566
0.566
0.564
0.597
0.566
0.508
1.069
0.448
0.746
0.932
0.511
0.795
0.781
0.796
0.758
0.747
0.748
1.662
0.83
0.847
0.549
0.509
0.506
0.704
1.076
1.236
0.512
0.505
0.543
0.628
0.627
0.444
0.587
0.505
0.998
0.812
0.558
0.624
0.563
0.626
0.512
0.594
0.671
0.654
1.503
0.579
0.456
0.648
0.804
0.497
0.561
0.51
0.57
0.702
0.533
0.574
0.509
0.511
0.572
0.447
0.81
1.423
0.534
0.509
0.809
0.568
0.501
0.56
0.592
0.567
0.499
0.443
0.563
0.548
0.516
0.524
1.584
0.514
0.505
0.569
0.444
0.509
0.503
0.537
0.836
0.56
0.501
0.476
0.504
0.507
0.804
0.498
0.818
0.667
0.802
0.844
0.784
1.069
0.828
0.87
0.58
0.572
0.571
0.447
0.635
0.594
0.633
0.527
0.513
0.825
0.51
0.564
0.51
0.624
0.529
0.516
1.051
0.449
0.507
0.541
0.565
0.809
0.507
0.818
0.509
0.873
0.51
0.526
0.504
0.508
0.905
0.551
0.688
0.969
0.516
0.572
0.574
0.511
0.57
0.591
0.507
0.544
0.564
0.567
0.5
0.503
0.561
0.661
0.819
0.594
1.822
1.417
0.553
0.509
0.875
0.506
0.57
0.569
0.444
0.562
0.504
0.505
0.565
0.567
0.506
0.637
0.482
0.574
0.509
0.508
0.518
0.509
0.506
1.626
0.924
0.57
0.451
0.546
0.508
0.509
0.523
0.507
0.55
0.505
0.508
0.675
0.57
0.507
0.878
0.514
0.516
0.546
0.518
0.506
0.529
0.504
0.506
0.507
0.506
0.866
0.63
0.548
0.505
0.571
0.564
0.565
0.51
0.541
0.525
1.275
0.568
0.51
0.505
0.509
0.501
0.505
0.504
0.539
0.577
0.505
0.508
0.503
0.506
0.506
0.506
0.503
0.505
0.499
0.593
1.03
0.507
0.562
0.512
0.507
0.86
0.512
0.52
0.503
0.504
0.505
0.699
0.505
0.502
0.509
0.506
0.567
0.471
0.509
0.509
0.51
0.566
0.513
1.452
0.58
0.575
0.524
0.577
1.253
0.839
0.581
0.451
0.567
0.747
0.516
0.569
0.522
0.624
0.626
0.969
0.55
0.886
0.868
0.518
0.511
1.097
0.685
0.583
0.882
0.512
0.51
0.576
0.875
0.446
0.449
0.505
0.513
0.512
0.509
0.509
0.452
0.58
0.924
0.883
0.63
0.456
0.506
0.514
0.512
0.448
0.511
0.68
0.516
0.883
1.107
1.497
0.525
0.509
0.505
0.604
0.562
0.644
0.442
0.831
0.647
0.567
0.564
0.447
0.86
0.506
0.508
0.601
0.5
0.597
0.625
0.544
1.077
1.274
0.952
0.502
0.508
0.575
0.893
1.236
0.566
0.507
0.545
0.513
0.447
0.532
0.445
0.505
0.446
0.642
0.996
0.755
0.569
0.875
0.445
0.627
0.624
0.587
0.566
0.542
0.505
0.529
0.669
0.508
0.636
0.525
0.631
0.848
0.514
0.456
0.449
0.452
0.452
0.452
0.448
0.448
0.476
0.451
0.635
0.619
0.621
0.65
0.668
0.628
0.631
0.622
0.511
0.519
0.672
0.982
0.395
0.39
0.391
0.389
0.387
0.386
0.386
0.795
0.746
0.547
0.552
0.484
0.45
0.652
0.763
0.551
0.33
0.364
0.325
0.322
0.322
0.324
0.203
0.254
0.573
0.569
0.57
0.203
0.203
0.263
0.266
0.265
0.385
0.289
0.329
0.206
0.203
0.202
0.204
0.374
0.284
0.202
0.202
0.203
0.204
0.203
0.207
0.326
0.452
0.45
0.45
0.447
0.448
0.443
0.203
0.501
0.204
0.205
0.205
0.206
0.238
0.207
0.204
0.202
0.199
0.223
0.205
0.496
0.9
0.212
0.205
0.468
0.37
0.263
0.266
0.261
0.261
0.267
0.262
0.264
0.383
0.441
0.265
0.263
0.267
0.263
0.261
0.262
0.266
0.286
0.266
0.264
0.297
0.268
0.262
0.202
0.205
0.588
0.207
0.203
0.237
0.637
0.263
0.262
0.26
0.475
0.26
0.203
0.198
0.203
0.203
0.201
0.261
0.203
0.268
0.204
0.202
0.311
0.205
0.276
0.311
0.406
0.2
0.201
0.323
0.203
0.379
0.378
0.2
0.378
0.2
0.203
0.327
0.202
0.492
0.261
0.201
0.472
0.433
0.259
0.203
0.995
1.065
0.207
0.252
0.202
0.324
0.203
0.321
0.329
0.262
0.202
0.202
0.315
0.202
0.321
0.328
0.268
0.3
0.322
0.261
0.263
0.32
0.203
0.262
0.263
0.327
0.263
0.262
0.474
0.202
0.243
0.204
0.401
0.201
0.212
0.264
0.202
0.321
0.715
0.265
0.281
0.32
0.324
0.348
0.842
0.741
0.607
0.205
0.327
0.266
0.263
0.264
0.263
0.263
0.266
0.485
0.387
0.324
0.265
0.288
0.386
0.387
0.263
0.267
0.324
0.328
0.322
0.264
0.385
0.323
0.269
0.39
0.267
0.512
0.393
0.309
0.396
0.976
0.621
0.268
0.927
0.478
0.322
0.283
0.266
0.386
0.515
0.382
0.262
0.475
0.262
0.508
0.32
0.265
0.475
0.262
0.387
0.326
0.414
0.679
0.389
0.474
0.324
0.387
0.331
0.324
0.328
0.326
0.327
0.324
0.326
0.34
0.968
0.789
0.327
0.341
0.391
0.673
0.325
0.324
0.323
0.689
0.326
0.383
0.322
0.383
0.325
0.326
0.324
0.447
0.325
0.347
0.386
0.381
0.763
0.369
0.326
0.329
0.388
0.366
0.326
0.323
0.61
0.328
1.211
0.657
0.342
0.484
0.41
0.322
0.404
0.384
0.326
0.412
0.328
0.382
0.41
0.38
0.497
0.321
0.4
0.402
0.385
0.322
0.416
0.384
0.697
0.384
0.635
0.784
1.187
0.839
0.45
0.445
0.419
0.384
0.445
0.382
0.399
0.382
0.448
0.385
0.382
0.766
0.441
0.614
0.616
0.383
0.481
0.439
0.411
0.443
0.395
0.722
0.514
0.389
0.383
0.384
2.03
0.387
0.451
0.443
0.444
0.441
0.387
0.385
0.39
0.381
0.402
0.408
0.384
0.863
0.658
0.448
0.443
0.446
0.42
0.38
0.427
0.471
0.385
0.387
0.44
0.745
0.438
0.381
1.688
0.513
0.406
0.453
0.771
0.452
0.387
0.39
0.388
0.392
0.478
0.45
0.445
0.597
0.448
0.789
0.385
0.505
0.773
0.386
0.458
0.932
0.452
0.41
0.513
1.062
0.405
0.459
0.453
0.39
0.506
0.934
0.779
0.51
0.73
0.556
0.457
0.449
0.484
0.45
0.424
0.388
0.676
0.406
0.552
0.586
0.616
0.599
1.043
1.286
0.925
0.599
0.484
0.449
0.466
0.447
0.607
0.446
0.507
0.446
0.455
0.454
0.796
0.91
0.6
0.51
0.543
0.563
0.507
0.388
1.541
0.401
0.39
0.517
0.461
0.533
0.652
0.527
0.762
0.39
0.59
0.391
0.447
0.509
0.391
0.392
0.787
0.937
0.519
0.748
0.72
0.452
0.856
0.39
0.493
0.547
0.542
0.92
0.512
0.502
0.389
0.521
0.501
0.465
0.507
0.446
1.087
0.452
0.393
0.778
0.55
0.449
0.383
0.504
0.531
0.467
0.509
0.45
0.658
0.462
0.406
0.509
0.66
0.391
0.511
0.388
0.387
0.574
0.506
0.511
0.576
0.516
0.558
1.102
0.479
0.388
0.8
0.952
0.395
0.516
0.778
0.517
0.545
0.521
0.464
0.456
0.513
0.578
0.802
0.545
1.041
0.421
0.525
0.583
0.511
0.81
0.4
1.261
0.524
0.536
0.515
0.517
0.521
0.517
0.396
0.513
0.418
0.598
0.645
0.461
0.517
0.496
0.938
1.371
0.544
0.528
0.486
0.527
0.525
0.402
0.524
0.401
0.645
0.461
0.52
0.393
0.526
0.41
0.659
0.533
0.827
1.127
0.679
0.524
0.801
0.457
0.394
0.577
0.464
0.561
0.464
0.528
0.459
0.398
0.523
0.523
0.652
0.398
0.463
0.661
0.532
1.004
0.605
0.527
0.478
0.991
0.521
0.523
0.458
0.523
0.518
0.521
0.522
0.527
0.544
0.46
0.569
0.4
0.396
0.652
0.458
0.461
0.462
0.524
1.085
0.399
0.454
0.517
0.454
0.515
0.458
0.517
0.537
0.644
0.517
0.455
0.457
0.524
0.393
0.515
0.634
0.479
0.473
0.494
0.812
0.804
0.559
1.112
0.521
0.464
0.454
0.462
0.628
0.517
0.524
0.446
0.501
0.447
0.56
0.631
0.509
0.515
0.454
0.655
0.579
0.46
0.511
0.442
0.388
0.452
0.575
0.526
0.428
0.398
0.445
0.626
0.589
0.507
0.45
0.448
0.652
0.446
0.626
0.446
0.575
0.868
1.098
0.515
0.445
0.445
0.531
0.507
0.441
0.45
0.564
0.44
0.381
0.617
0.852
0.634
0.584
0.509
0.448
0.566
0.384
0.448
0.566
0.652
0.451
0.453
0.858
1.202
0.498
0.439
0.446
0.509
0.507
0.382
0.525
0.436
0.77
0.55
0.532
0.507
0.447
0.574
0.507
0.442
0.486
0.444
0.53
0.444
0.571
0.445
0.451
0.463
1.502
0.516
0.52
0.48
0.447
0.391
0.541
0.752
0.506
0.587
0.457
0.383
0.489
0.469
0.45
0.513
0.386
0.511
0.512
0.514
0.444
0.631
0.459
0.983
0.476
0.476
0.45
0.53
0.452
0.735
0.488
0.449
0.541
0.45
0.467
0.446
0.472
0.51
0.536
0.596
0.478
0.529
0.45
0.532
0.452
0.494
0.736
1.129
0.576
0.399
0.454
0.571
0.501
0.387
0.548
0.501
0.516
0.555
0.529
0.557
0.493
0.523
0.578
0.455
0.386
0.516
0.453
0.449
0.416
0.581
0.567
0.578
1.855
0.394
0.476
0.614
0.566
0.694
0.411
0.447
0.473
0.454
0.48
0.47
0.597
0.459
0.509
0.844
0.524
0.467
0.447
0.519
0.47
0.806
0.422
0.565
0.563
0.441
0.442
0.451
0.386
0.446
0.565
0.446
0.564
0.385
0.563
0.441
0.392
0.504
0.437
0.499
0.513
0.511
0.44
1.524
0.591
0.573
0.45
0.454
0.534
0.786
0.52
0.539
0.58
0.413
0.393
0.504
0.506
0.439
0.45
0.596
0.576
0.39
0.453
0.607
0.443
0.513
1.073
0.51
0.452
0.512
0.488
0.601
0.599
0.499
0.506
0.67
0.45
0.568
0.568
0.567
0.507
0.45
0.489
0.474
0.388
0.508
0.447
0.51
0.45
0.703
0.453
0.47
0.443
0.53
0.546
0.938
0.459
0.504
0.505
0.526
0.526
0.498
0.452
0.594
0.469
0.382
0.452
0.664
0.47
0.401
0.385
0.674
0.513
0.463
0.476
0.582
0.508
0.523
0.442
0.39
0.52
0.444
0.534
1.162
0.473
0.444
0.403
0.564
0.506
0.894
0.469
0.509
0.595
0.93
0.58
0.449
0.383
0.574
0.45
0.448
0.564
0.454
0.447
0.989
0.506
0.655
0.551
0.506
0.482
0.889
0.385
1.176
0.392
0.531
0.384
0.464
0.381
0.444
0.386
0.39
0.598
0.52
0.52
0.508
0.448
0.53
0.506
0.501
0.439
0.396
0.418
0.507
0.386
0.564
0.564
1.518
0.451
0.449
0.448
0.387
0.455
0.529
0.514
0.548
0.511
0.386
0.38
0.383
0.446
0.565
0.782
0.517
0.705
0.414
0.533
0.52
0.505
0.388
0.623
1.1
0.465
0.388
0.531
0.59
0.465
0.447
0.401
0.447
0.577
0.386
0.403
0.44
0.381
0.576
0.527
0.561
0.445
0.581
0.379
0.494
0.4
0.439
0.577
0.443
0.854
0.866
0.519
0.613
0.386
0.463
0.458
0.476
0.457
0.501
0.457
0.69
0.566
0.446
0.387
0.504
0.381
0.385
0.384
0.507
0.453
0.385
0.449
0.505
0.448
0.386
0.695
0.549
1.08
0.576
0.568
0.568
0.614
0.542
0.462
0.447
0.569
0.388
0.443
0.384
0.386
0.552
0.493
0.573
0.509
0.387
0.708
0.913
0.59
0.594
0.533
0.508
0.445
0.577
1.072
0.523
0.446
0.406
1.093
0.597
0.793
0.593
0.452
0.569
0.406
0.964
0.506
0.856
0.519
0.509
0.392
0.542
0.444
0.447
0.902
0.471
0.448
0.509
1.055
0.446
0.444
0.445
0.447
0.445
0.46
0.91
0.503
0.461
0.827
0.491
0.506
0.542
0.517
0.568
0.567
0.506
0.513
0.524
0.513
0.508
0.453
0.392
0.511
0.512
0.573
0.453
0.513
0.512
0.513
0.554
0.685
0.735
0.547
0.499
0.443
0.667
0.512
0.447
0.568
0.506
0.658
0.555
0.589
0.509
0.503
0.904
0.525
0.517
0.406
0.526
0.534
0.599
0.903
0.541
0.505
0.528
0.622
0.726
0.512
0.513
0.662
0.523
1.126
0.573
0.508
0.574
0.569
0.744
0.392
0.51
0.574
0.511
1.993
0.577
0.453
0.448
0.512
0.572
0.505
0.54
0.539
0.507
0.568
0.503
0.448
0.663
1.276
0.511
0.518
0.449
1.716
0.637
0.67
0.629
0.448
0.509
0.602
0.471
0.51
0.388
0.386
0.51
0.452
0.569
0.388
0.57
0.505
0.511
0.543
0.449
0.51
0.508
1.203
0.605
0.51
0.567
0.569
0.652
0.503
0.69
0.51
0.507
0.51
0.445
0.506
0.947
0.514
0.509
0.445
0.385
0.566
0.508
1.266
0.566
0.512
0.459
0.455
0.568
0.63
0.443
0.564
0.506
0.452
0.443
0.387
0.507
0.63
0.514
0.563
0.511
0.51
0.633
1.831
0.655
0.576
0.509
0.539
0.386
0.446
0.569
0.966
0.608
0.659
0.509
0.629
0.501
0.631
0.569
0.509
0.568
0.503
0.621
1.111
0.514
0.566
0.447
0.506
0.448
0.619
0.581
0.567
0.508
0.531
0.508
0.624
0.384
0.439
0.505
0.5
0.508
0.448
0.569
0.566
0.499
0.787
1.082
0.467
0.506
0.506
0.573
0.508
0.512
0.391
0.514
0.658
0.511
0.515
0.511
0.448
0.574
0.507
0.628
0.508
0.386
0.527
1.561
0.419
0.505
0.384
0.518
0.563
0.501
0.627
0.383
0.501
0.508
0.564
0.622
0.654
0.445
0.625
0.504
0.506
0.627
0.528
0.981
0.506
0.508
0.505
0.612
0.392
0.634
0.507
0.445
0.502
0.625
0.891
0.505
0.532
0.566
0.872
0.627
0.642
0.512
0.753
0.573
0.51
0.385
0.388
0.627
0.441
0.524
0.442
0.382
0.624
0.561
0.389
0.563
0.502
0.528
0.506
0.443
0.502
0.447
0.624
0.383
0.822
1.097
0.555
0.59
0.51
0.507
0.53
0.445
0.454
0.524
0.647
0.623
0.531
0.586
0.381
0.517
0.823
0.531
0.642
0.685
0.472
0.386
0.585
0.389
0.529
0.651
0.59
0.385
0.409
0.547
0.475
0.443
0.641
0.513
0.389
0.394
0.532
0.515
0.591
0.452
0.594
1.371
0.542
0.585
0.525
0.521
0.511
0.534
0.558
0.437
0.45
0.586
0.386
0.536
0.386
0.599
0.392
0.729
0.601
0.581
0.517
0.393
0.51
0.456
0.859
0.766
0.525
0.586
0.508
0.527
0.582
0.381
0.615
0.503
0.44
0.517
0.534
0.514
1.053
0.573
0.514
0.386
0.57
0.544
0.567
1.101
0.566
0.571
0.568
0.504
0.557
0.502
0.563
0.506
0.5
0.499
0.475
0.382
0.499
0.592
0.647
0.507
0.788
0.45
0.869
1.137
0.568
0.519
0.58
0.502
0.38
0.502
0.382
0.44
0.564
0.708
0.563
0.585
0.56
0.418
0.502
0.505
0.569
0.507
0.502
2
0.59
0.508
0.571
0.592
0.527
0.57
0.583
0.614
0.53
0.567
0.522
0.462
0.548
0.589
0.571
0.597
0.587
0.569
0.587
0.386
0.566
0.881
0.512
0.445
0.61
0.575
0.567
0.557
0.447
0.568
0.532
0.509
0.482
0.389
0.585
0.383
0.564
0.382
0.611
0.613
0.516
0.602
0.55
0.619
0.993
0.529
0.444
0.581
0.624
0.529
0.532
0.444
0.571
0.588
0.589
0.383
0.581
0.588
0.503
0.65
0.571
0.468
0.589
0.383
0.549
0.494
0.797
0.508
0.511
0.527
0.561
0.383
0.626
0.521
0.471
0.452
0.464
0.507
0.528
0.583
1.1
0.447
0.388
0.472
0.384
0.403
0.578
0.564
0.584
0.853
0.78
0.452
0.444
0.446
0.517
0.386
0.547
0.566
0.569
0.506
0.603
0.563
0.503
0.44
0.589
0.483
0.385
0.507
0.735
0.568
0.443
0.439
1.198
1.069
0.616
0.586
0.387
0.508
0.44
0.504
0.451
0.563
0.57
0.446
0.507
0.385
0.568
0.503
0.846
1.449
0.392
0.517
0.453
0.389
0.626
0.794
0.536
0.503
0.571
0.654
0.503
0.638
0.442
0.381
0.528
0.443
0.543
0.505
0.442
0.384
0.504
0.446
0.384
0.453
0.812
1.403
0.579
0.502
0.448
0.448
0.448
0.567
0.441
0.56
0.463
0.445
0.622
0.654
0.474
0.446
0.562
0.562
0.557
0.506
0.447
0.531
0.951
0.968
0.572
0.638
0.448
0.459
0.448
0.508
0.497
0.637
0.575
0.571
0.458
0.631
0.517
0.568
0.46
0.447
0.591
0.602
0.511
0.578
1.658
0.452
0.633
0.613
0.598
0.447
0.507
0.625
0.566
0.587
0.506
0.588
0.442
0.502
0.59
0.444
0.59
0.699
0.501
0.562
0.62
0.821
0.575
0.781
0.449
0.469
0.442
0.451
0.447
0.628
0.441
0.449
0.443
0.568
0.448
0.588
0.509
1.074
0.567
0.448
0.448
0.449
0.447
0.738
0.475
0.834
0.478
0.504
0.874
0.454
0.577
0.457
0.499
0.442
0.444
0.444
0.628
0.563
0.903
0.565
0.445
0.447
0.63
0.506
0.444
0.441
0.447
1.259
0.58
0.451
0.955
0.46
1.255
0.691
0.457
0.682
0.628
0.441
0.578
0.634
1.391
0.448
0.896
0.466
1.378
0.906
0.512
0.516
0.452
0.449
0.517
0.451
0.577
0.606
0.636
0.67
0.457
0.649
0.555
0.577
0.449
0.448
0.997
0.636
0.446
0.474
0.49
0.509
0.525
0.859
0.452
0.445
0.858
0.446
0.504
0.506
0.503
0.685
0.629
0.476
0.691
0.536
0.568
0.508
0.63
0.44
0.504
0.444
0.506
0.567
0.466
0.729
0.521
0.572
0.644
0.574
0.448
0.518
0.451
0.504
0.512
0.573
0.448
0.506
0.445
0.566
0.497
0.451
0.444
0.513
0.63
0.449
0.452
1.465
0.936
0.451
0.507
0.442
0.648
0.629
0.627
0.484
0.565
0.564
0.446
0.536
0.491
0.571
0.693
0.558
0.565
0.633
0.57
1.41
0.588
0.65
0.566
0.561
0.511
0.458
0.453
0.644
0.448
0.788
0.446
0.555
0.456
0.574
0.45
0.515
0.465
0.703
0.555
0.907
0.927
0.632
0.509
0.604
0.507
0.442
0.524
0.595
0.503
0.695
0.625
0.688
0.508
0.564
0.507
0.508
0.726
0.63
0.444
0.446
1.994
0.458
0.574
0.566
0.515
0.453
0.447
0.532
0.567
0.446
0.445
0.507
0.5
0.627
0.672
0.51
0.936
0.814
0.454
0.6
0.602
0.448
0.5
0.643
0.961
0.71
0.501
0.463
0.624
0.607
0.506
0.469
0.716
0.463
0.503
0.639
0.462
0.493
0.443
0.443
0.444
0.439
0.441
0.47
0.446
