0.055
0.036
0.035
0.036
0.045
0.036
0.118
0.035
0.036
0.035
0.035
0.035
0.035
0.036
0.11
0.035
0.034
0.035
0.038
0.035
0.035
0.035
0.036
0.034
0.035
0.035
0.036
0.034
0.037
0.035
0.106
0.035
0.035
0.034
0.037
0.034
0.102
0.035
0.034
0.034
0.036
0.034
0.034
0.035
0.038
0.102
0.048
0.036
0.036
0.035
0.036
0.034
0.034
0.038
0.034
0.034
0.034
0.035
0.034
0.034
0.033
0.035
0.038
0.035
0.034
0.034
0.036
0.035
0.087
0.033
0.034
0.034
0.034
0.096
0.034
0.034
0.094
0.042
0.041
0.043
0.045
0.041
0.035
0.034
0.035
0.035
0.034
0.034
0.035
0.035
0.034
0.034
0.037
0.183
0.053
0.046
0.152
0.059
0.048
0.622
0.322
0.094
0.04
0.034
0.035
0.034
0.082
0.077
0.092
0.087
0.097
0.043
0.041
0.044
0.041
0.037
0.034
0.04
0.034
0.035
0.042
0.043
0.042
0.044
0.042
0.041
0.034
0.036
0.035
0.035
0.034
0.038
0.035
0.035
0.035
0.035
0.034
0.08
0.081
0.087
0.041
0.044
0.036
0.037
0.035
0.038
0.034
0.11
0.079
0.036
0.037
0.045
0.043
0.042
0.042
0.11
0.111
0.034
0.042
0.045
0.042
0.034
0.04
0.036
0.04
0.041
0.042
0.041
0.034
0.034
0.033
0.081
0.077
0.034
0.037
0.099
0.04
0.042
0.041
0.042
0.043
0.034
0.034
0.033
0.037
0.034
0.034
0.035
0.112
0.16
0.042
0.072
0.044
0.096
0.091
0.13
0.061
0.035
0.034
0.034
0.033
0.035
0.036
0.035
0.036
0.034
0.033
0.035
0.036
0.034
0.034
0.033
0.036
0.055
0.034
0.036
0.033
0.035
0.034
0.035
0.042
0.042
0.04
0.041
0.042
0.043
0.041
0.032
0.033
0.035
0.034
0.035
0.037
0.034
0.035
0.033
0.035
0.085
0.034
0.038
0.095
0.044
0.041
0.043
0.042
0.112
0.041
0.041
0.046
0.041
0.041
0.042
0.041
0.041
0.041
0.114
0.046
0.043
0.044
0.04
0.054
0.045
0.041
0.042
0.043
0.04
0.041
0.042
0.041
0.104
0.041
0.043
0.04
0.045
0.041
0.044
0.041
0.04
0.046
0.069
0.042
0.046
0.06
0.035
0.033
0.035
0.038
0.034
0.034
0.033
0.034
0.041
0.043
0.034
0.114
0.186
0.037
0.106
0.043
0.043
0.042
0.034
0.041
0.12
0.034
0.048
0.036
0.038
0.034
0.086
0.037
0.083
0.085
0.035
0.034
0.034
0.034
0.1
0.085
0.035
0.077
0.034
0.045
0.041
0.043
0.045
0.041
0.042
0.045
0.035
0.037
0.033
0.034
0.033
0.035
0.033
0.036
0.039
0.035
0.105
0.043
0.042
0.127
0.048
0.084
0.085
0.045
0.041
0.041
0.045
0.041
0.08
0.107
0.042
0.041
0.041
0.043
0.04
0.04
0.044
0.041
0.042
0.041
0.042
0.124
0.042
0.041
0.035
0.035
0.034
0.038
0.034
0.038
0.036
0.034
0.048
0.048
0.048
0.144
0.051
0.035
0.037
0.049
0.045
0.035
0.051
0.033
0.033
0.033
0.089
0.049
0.034
0.039
0.037
0.034
0.077
0.034
0.034
0.033
0.033
0.033
0.033
0.034
0.084
0.034
0.037
0.033
0.034
0.035
0.035
0.036
0.035
0.084
0.036
0.034
0.034
0.078
0.082
0.042
0.041
0.039
0.04
0.035
0.034
0.044
0.034
0.034
0.087
0.034
0.091
0.087
0.034
0.034
0.038
0.034
0.085
0.094
0.041
0.043
0.049
0.041
0.041
0.037
0.036
0.034
0.037
0.041
0.035
0.037
0.04
0.095
0.034
0.079
0.04
0.04
0.084
0.034
0.035
0.033
0.033
0.083
0.038
0.033
0.035
0.034
0.085
0.086
0.045
0.041
0.034
0.033
0.039
0.099
0.038
0.038
0.035
0.034
0.033
0.047
0.058
0.042
0.034
0.035
0.045
0.034
0.035
0.044
0.033
0.035
0.038
0.113
0.09
0.088
0.034
0.036
0.042
0.108
0.048
0.04
0.046
0.044
0.046
0.044
0.044
0.114
0.035
0.035
0.034
0.042
0.038
0.045
0.036
0.037
0.037
0.034
0.035
0.037
0.096
0.048
0.041
0.036
0.038
0.034
0.036
0.098
0.041
0.047
0.17
0.044
0.047
0.042
0.049
0.127
0.045
0.037
0.034
0.038
0.498
0.046
0.041
0.05
0.083
0.045
0.1
0.116
0.081
0.081
0.037
0.036
0.035
0.059
0.039
0.354
0.127
0.044
0.374
0.048
0.044
0.129
0.041
0.04
0.035
0.091
0.044
0.131
0.041
0.046
0.042
0.045
0.118
0.044
0.042
0.041
0.033
0.129
0.042
0.041
0.112
0.05
0.047
0.048
0.051
0.148
0.057
0.035
0.037
0.034
0.036
0.036
0.041
0.042
0.042
0.041
0.036
0.091
0.087
0.035
0.033
0.034
0.033
0.087
0.033
0.038
0.038
0.036
0.034
0.038
0.042
0.041
0.039
0.041
0.042
0.11
0.155
0.052
0.046
0.034
0.043
0.04
0.043
0.095
0.044
0.044
0.043
0.04
0.044
0.041
0.04
0.042
0.041
0.042
0.041
0.04
0.039
0.041
0.122
0.041
0.043
0.042
0.043
0.036
0.033
0.033
0.088
0.041
0.041
0.041
0.036
0.034
0.037
0.103
0.128
0.048
0.04
0.036
0.033
0.035
0.034
0.034
0.034
0.034
0.034
0.034
0.036
0.082
0.04
0.035
0.044
0.147
0.042
0.045
0.041
0.13
0.047
0.049
0.047
0.086
0.037
0.034
0.096
0.043
0.041
0.04
0.122
0.047
0.048
0.047
0.067
0.05
0.138
0.047
0.05
0.047
0.048
0.047
0.084
0.034
0.04
0.041
0.041
0.045
0.041
0.041
0.04
0.041
0.04
0.039
0.116
0.047
0.041
0.043
0.051
0.047
0.046
0.123
0.035
0.036
0.033
0.078
0.083
0.033
0.08
0.051
0.035
0.034
0.07
0.041
0.098
0.055
0.042
0.044
0.041
0.044
0.041
0.041
0.128
0.041
0.043
0.041
0.041
0.034
0.034
0.034
0.033
0.034
0.033
0.033
0.033
0.034
0.035
0.033
0.034
0.033
0.079
0.079
0.083
0.039
0.044
0.04
0.041
0.043
0.041
0.041
0.043
0.041
0.048
0.047
0.044
0.048
0.046
0.049
0.042
0.047
0.042
0.047
0.05
0.041
0.04
0.043
0.04
0.041
0.118
0.125
0.048
0.05
0.049
0.047
0.047
0.048
0.049
0.154
0.053
0.047
0.054
0.047
0.047
0.04
0.039
0.038
0.043
0.113
0.112
0.04
0.112
0.047
0.034
0.032
0.034
0.036
0.092
0.046
0.125
0.049
0.048
0.049
0.04
0.039
0.043
0.042
0.04
0.043
0.053
0.043
0.035
0.041
0.041
0.043
0.041
0.106
0.04
0.043
0.048
0.112
0.051
0.048
0.034
0.107
0.034
0.079
0.079
0.034
0.033
0.033
0.083
0.041
0.041
0.044
0.05
0.041
0.122
0.047
0.051
0.034
0.035
0.037
0.034
0.036
0.034
0.048
0.047
0.047
0.047
0.049
0.047
0.049
0.047
0.044
0.04
0.044
0.047
0.053
0.052
0.055
0.052
0.053
0.047
0.069
0.042
0.041
0.043
0.041
0.041
0.108
0.122
0.048
0.048
0.047
0.048
0.051
0.049
0.046
0.046
0.051
0.047
0.049
0.049
0.057
0.058
0.051
0.047
0.054
0.058
0.056
0.046
0.055
0.051
0.047
0.048
0.06
0.054
0.046
0.055
0.062
0.044
0.033
0.033
0.034
0.033
0.088
0.032
0.034
0.084
0.054
0.055
0.09
0.05
0.048
0.05
0.047
0.05
0.038
0.048
0.032
0.048
0.05
0.054
0.033
0.033
0.104
0.04
0.081
0.097
0.04
0.046
0.044
0.041
0.044
0.042
0.048
0.187
0.288
0.067
0.047
0.047
0.068
0.043
0.051
0.046
0.041
0.111
0.056
0.034
0.05
0.049
0.148
0.088
0.04
0.149
0.054
0.055
0.055
0.042
0.04
0.051
0.043
0.041
0.04
0.122
0.041
0.05
0.047
0.05
0.046
0.053
0.08
0.047
0.052
0.053
0.053
0.041
0.039
0.046
0.054
0.048
0.051
0.048
0.052
0.052
0.046
0.089
0.034
0.034
0.08
0.083
0.088
0.044
0.04
0.049
0.141
0.042
0.039
0.034
0.04
0.044
0.034
0.042
0.043
0.039
0.034
0.097
0.04
0.039
0.04
0.044
0.039
0.042
0.041
0.04
0.051
0.047
0.046
0.047
0.048
0.047
0.047
0.047
0.046
0.054
0.058
0.054
0.054
0.055
0.054
0.054
0.055
0.055
0.054
0.05
0.047
0.048
0.047
0.047
0.042
0.041
0.04
0.042
0.04
0.042
0.041
0.042
0.041
0.043
0.045
0.046
0.042
0.041
0.119
0.035
0.034
0.043
0.112
0.044
0.12
0.046
0.04
0.048
0.047
0.051
0.048
0.051
0.056
0.05
0.047
0.058
0.137
0.131
0.047
0.047
0.047
0.054
0.059
0.063
0.053
0.049
0.049
0.049
0.047
0.156
0.051
0.063
0.05
0.046
0.046
0.051
0.047
0.049
0.048
0.049
0.033
0.034
0.088
0.035
0.034
0.085
0.092
0.041
0.034
0.034
0.077
0.033
0.095
0.041
0.04
0.04
0.041
0.056
0.047
0.04
0.041
0.04
0.041
0.044
0.111
0.041
0.127
0.051
0.048
0.144
0.157
0.058
0.053
0.057
0.056
0.054
0.097
0.054
0.042
0.041
0.04
0.042
0.115
0.043
0.128
0.048
0.146
0.048
0.047
0.05
0.048
0.048
0.049
0.048
0.05
0.047
0.052
0.047
0.048
0.046
0.048
0.048
0.051
0.143
0.055
0.055
0.152
0.055
0.153
0.059
0.049
0.047
0.051
0.045
0.048
0.048
0.047
0.043
0.048
0.05
0.048
0.143
0.131
0.049
0.128
0.051
0.148
0.048
0.047
0.126
0.127
0.155
0.053
0.054
0.057
0.054
0.054
0.05
0.047
0.06
0.046
0.046
0.047
0.04
0.041
0.043
0.04
0.109
0.04
0.181
0.068
0.05
0.036
0.035
0.037
0.039
0.034
0.034
0.042
0.054
0.098
0.044
0.121
0.051
0.05
0.141
0.048
0.051
0.049
0.049
0.049
0.049
0.084
0.062
0.056
0.053
0.057
0.056
0.056
0.054
0.055
0.041
0.042
0.04
0.044
0.042
0.041
0.039
0.035
0.035
0.036
0.047
0.048
0.055
0.048
0.047
0.05
0.048
0.048
0.048
0.048
0.05
0.048
0.048
0.052
0.051
0.047
0.059
0.049
0.061
0.054
0.055
0.054
0.057
0.056
0.053
0.176
0.17
0.056
0.057
0.056
0.056
0.06
0.056
0.057
0.056
0.053
0.056
0.058
0.033
0.055
0.056
0.054
0.054
0.056
0.057
0.055
0.054
0.058
0.054
0.056
0.054
0.042
0.034
0.04
0.048
0.034
0.034
0.051
0.035
0.055
0.046
0.033
0.098
0.04
0.04
0.045
0.04
0.06
0.053
0.048
0.054
0.057
0.053
0.055
0.054
0.047
0.048
0.051
0.047
0.168
0.08
0.057
0.054
0.053
0.059
0.059
0.054
0.058
0.058
0.203
0.049
0.044
0.045
0.035
0.096
0.042
0.043
0.046
0.056
0.06
0.055
0.057
0.049
0.056
0.047
0.059
0.048
0.051
0.048
0.05
0.05
0.05
0.057
0.05
0.057
0.058
0.05
0.049
0.057
0.049
0.054
0.055
0.052
0.049
0.051
0.051
0.048
0.05
0.048
0.05
0.048
0.048
0.049
0.049
0.048
0.053
0.057
0.057
0.059
0.055
0.056
0.056
0.048
0.049
0.141
0.108
0.104
0.052
0.043
0.042
0.041
0.041
0.042
0.042
0.056
0.058
0.054
0.061
0.062
0.055
0.054
0.048
0.048
0.042
0.048
0.048
0.048
0.047
0.048
0.059
0.061
0.048
0.056
0.059
0.049
0.18
0.048
0.058
0.05
0.048
0.165
0.052
0.056
0.049
0.055
0.052
0.049
0.042
0.052
0.049
0.041
0.049
0.044
0.042
0.048
0.042
0.049
0.046
0.041
0.041
0.042
0.113
0.055
0.056
0.058
0.049
0.057
0.056
0.057
0.055
0.06
0.05
0.057
0.055
0.053
0.048
0.05
0.051
0.144
0.055
0.052
0.048
0.05
0.052
0.047
0.052
0.041
0.041
0.043
0.042
0.042
0.042
0.046
0.041
0.048
0.207
0.051
0.05
0.052
0.065
0.049
0.049
0.049
0.052
0.062
0.057
0.066
0.066
0.045
0.043
0.046
0.041
0.042
0.042
0.046
0.041
0.053
0.049
0.051
0.052
0.045
0.042
0.045
0.041
0.123
0.053
0.049
0.051
0.057
0.05
0.049
0.048
0.049
0.05
0.05
0.053
0.052
0.049
0.05
0.051
0.148
0.053
0.068
0.048
0.051
0.051
0.049
0.05
0.052
0.053
0.049
0.049
0.049
0.051
0.064
0.05
0.052
0.051
0.049
0.048
0.049
0.138
0.049
0.049
0.166
0.044
0.042
0.046
0.043
0.045
0.053
0.048
0.049
0.052
0.053
0.05
0.049
0.052
0.053
0.05
0.047
0.052
0.057
0.098
0.056
0.061
0.057
0.061
0.056
0.058
0.054
0.05
0.049
0.053
0.052
0.049
0.059
0.056
0.058
0.055
0.056
0.056
0.055
0.055
0.057
0.058
0.057
0.057
0.055
0.056
0.058
0.133
0.057
0.056
0.055
0.056
0.058
0.053
0.05
0.049
0.049
0.05
0.051
0.042
0.152
0.064
0.066
0.063
0.07
0.063
0.065
0.063
0.054
0.061
0.051
0.049
0.048
0.049
0.049
0.049
0.042
0.064
0.042
0.045
0.043
0.05
0.151
0.064
0.043
0.053
0.045
0.042
0.053
0.132
0.048
0.052
0.05
0.134
0.049
0.156
0.059
0.057
0.055
0.055
0.056
0.056
0.059
0.188
0.066
0.063
0.057
0.055
0.059
0.059
0.041
0.041
0.06
0.045
0.043
0.048
0.042
0.045
0.042
0.052
0.049
0.05
0.051
0.041
0.042
0.042
0.042
0.044
0.056
0.06
0.056
0.058
0.06
0.056
0.052
0.059
0.055
0.059
0.055
0.059
0.055
0.056
0.056
0.057
0.057
0.056
0.058
0.055
0.063
0.06
0.056
0.055
0.056
0.059
0.07
0.055
0.05
0.055
0.056
0.063
0.058
0.057
0.056
0.049
0.056
0.055
0.055
0.049
0.049
0.054
0.051
0.049
0.05
0.058
0.06
0.088
0.056
0.056
0.063
0.061
0.056
0.049
0.057
0.05
0.048
0.174
0.052
0.149
0.047
0.145
0.141
0.057
0.05
0.052
0.06
0.173
0.043
0.042
0.041
0.046
0.064
0.058
0.06
0.058
0.085
0.282
0.435
0.052
0.05
0.053
0.051
0.055
0.058
0.056
0.055
0.058
0.056
0.057
0.06
0.056
0.058
0.056
0.057
0.059
0.05
0.05
0.049
0.057
0.059
0.056
0.06
0.056
0.057
0.057
0.059
0.055
0.054
0.059
0.056
0.058
0.049
0.056
0.051
0.049
0.049
0.052
0.057
0.059
0.056
0.055
0.055
0.175
0.176
0.063
0.066
0.064
0.066
0.064
0.057
0.055
0.057
0.055
0.106
0.057
0.072
0.057
0.06
0.055
0.057
0.055
0.059
0.055
0.058
0.054
0.066
0.059
0.056
0.059
0.056
0.055
0.049
0.049
0.053
0.05
0.042
0.042
0.042
0.042
0.056
0.043
0.043
0.046
0.041
0.04
0.043
0.044
0.063
0.065
0.063
0.042
0.043
0.042
0.043
0.056
0.058
0.055
0.056
0.056
0.056
0.058
0.185
0.064
0.056
0.068
0.065
0.063
0.067
0.066
0.062
0.063
0.062
0.066
0.066
0.18
0.066
0.225
0.045
0.042
0.043
0.044
0.042
0.067
0.044
0.046
0.056
0.06
0.056
0.059
0.059
0.055
0.055
0.056
0.05
0.055
0.049
0.074
0.05
0.049
0.05
0.052
0.057
0.058
0.056
0.058
0.056
0.059
0.061
0.055
0.057
0.049
0.042
0.052
0.051
0.052
0.056
0.064
0.068
0.064
0.068
0.059
0.056
0.058
0.054
0.057
0.056
0.056
0.055
0.051
0.052
0.056
0.049
0.056
0.059
0.057
0.056
0.058
0.059
0.05
0.057
0.059
0.043
0.058
0.045
0.041
0.044
0.041
0.041
0.043
0.042
0.042
0.12
0.041
0.052
0.048
0.046
0.05
0.05
0.041
0.048
0.051
0.04
0.048
0.048
0.04
0.041
0.055
0.122
0.047
0.041
0.04
0.065
0.119
0.048
0.051
0.049
0.063
0.059
0.072
0.054
0.056
0.055
0.054
0.056
0.075
0.054
0.139
0.114
0.126
0.045
0.042
0.107
0.044
0.042
0.139
0.044
0.041
0.116
0.052
0.048
0.043
0.04
0.046
0.048
0.041
0.046
0.043
0.121
0.057
0.056
0.054
0.054
0.058
0.064
0.061
0.065
0.066
0.059
0.061
0.072
0.06
0.041
0.041
0.042
0.041
0.041
0.042
0.044
0.041
0.055
0.057
0.054
0.057
0.054
0.047
0.084
0.063
0.066
0.065
0.061
0.064
0.06
0.066
0.062
0.065
0.06
0.057
0.055
0.054
0.053
0.057
0.057
0.057
0.06
0.057
0.057
0.055
0.057
0.055
0.062
0.041
0.04
0.046
0.04
0.059
0.055
0.057
0.048
0.048
0.047
0.05
0.047
0.049
0.052
0.041
0.054
0.055
0.056
0.093
0.055
0.054
0.117
0.042
0.04
0.042
0.044
0.041
0.04
0.041
0.041
0.051
0.042
0.041
0.042
0.04
0.044
0.04
0.044
0.055
0.057
0.055
0.054
0.054
0.057
0.054
0.06
0.081
0.064
0.063
0.057
0.055
0.051
0.056
0.055
0.053
0.045
0.04
0.041
0.062
0.064
0.041
0.064
0.062
0.042
0.061
0.063
0.06
0.041
0.043
0.041
0.042
0.055
0.055
0.053
0.054
0.057
0.058
0.055
0.057
0.048
0.054
0.042
0.048
0.046
0.051
0.048
0.048
0.051
0.047
0.048
0.05
0.054
0.055
0.057
0.053
0.057
0.054
0.053
0.057
0.053
0.062
0.062
0.079
0.063
0.061
0.048
0.051
0.049
0.048
0.043
0.058
0.04
0.042
0.057
0.057
0.057
0.053
0.055
0.053
0.057
0.063
0.061
0.065
0.065
0.081
0.07
0.094
0.065
0.064
0.059
0.051
0.052
0.051
0.047
0.22
0.065
0.066
0.051
0.056
0.329
0.053
0.043
0.042
0.041
0.041
0.043
0.042
0.041
0.041
0.041
0.041
0.108
0.107
0.046
0.042
0.054
0.059
0.04
0.055
0.043
0.04
0.042
0.04
0.114
0.118
0.046
0.04
0.041
0.041
0.04
0.12
0.051
0.048
0.047
0.05
0.045
0.049
0.049
0.05
0.143
0.055
0.054
0.057
0.064
0.08
0.065
0.061
0.04
0.124
0.043
0.054
0.041
0.042
0.041
0.055
0.055
0.056
0.047
0.048
0.047
0.047
0.051
0.051
0.048
0.047
0.05
0.05
0.048
0.056
0.054
0.053
0.057
0.053
0.056
0.053
0.053
0.056
0.054
0.054
0.064
0.053
0.057
0.052
0.054
0.057
0.053
0.053
0.054
0.053
0.047
0.047
0.046
0.049
0.047
0.044
0.041
0.041
0.041
0.04
0.061
0.062
0.063
0.062
0.064
0.064
0.061
0.06
0.065
0.047
0.049
0.049
0.053
0.048
0.047
0.047
0.052
0.072
0.048
0.048
0.047
0.048
0.046
0.051
0.05
0.138
0.062
0.063
0.064
0.061
0.061
0.061
0.061
0.061
0.061
0.049
0.052
0.047
0.042
0.041
0.044
0.043
0.04
0.04
0.044
0.041
0.05
0.049
0.05
0.072
0.052
0.048
0.05
0.144
0.142
0.137
0.048
0.049
0.056
0.056
0.055
0.054
0.054
0.053
0.054
0.058
0.041
0.043
0.04
0.041
0.051
0.055
0.054
0.049
0.041
0.048
0.047
0.047
0.044
0.042
0.112
0.042
0.041
0.044
0.04
0.041
0.05
0.053
0.048
0.051
0.047
0.046
0.056
0.047
0.127
0.055
0.058
0.056
0.054
0.055
0.058
0.053
0.048
0.048
0.144
0.049
0.047
0.046
0.047
0.058
0.053
0.056
0.055
0.058
0.053
0.056
0.054
0.044
0.04
0.048
0.047
0.047
0.046
0.049
0.143
0.05
0.05
0.048
0.04
0.052
0.048
0.046
0.041
0.045
0.042
0.045
0.042
0.041
0.133
0.039
0.116
0.044
0.045
0.124
0.051
0.065
0.068
0.064
0.059
0.054
0.048
0.048
0.051
0.145
0.051
0.048
0.051
0.139
0.057
0.054
0.055
0.055
0.053
0.057
0.053
0.054
0.056
0.057
0.052
0.057
0.053
0.053
0.054
0.048
0.056
0.182
0.057
0.055
0.053
0.056
0.053
0.056
0.055
0.056
0.055
0.057
0.054
0.054
0.059
0.052
0.055
0.055
0.056
0.054
0.056
0.053
0.053
0.054
0.049
0.048
0.048
0.047
0.052
0.047
0.05
0.062
0.06
0.065
0.062
0.063
0.06
0.063
0.062
0.05
0.048
0.047
0.05
0.049
0.056
0.055
0.051
0.048
0.047
0.05
0.048
0.048
0.048
0.056
0.052
0.057
0.057
0.058
0.058
0.054
0.055
0.055
0.047
0.05
0.047
0.138
0.054
0.054
0.051
0.047
0.065
0.049
0.156
0.048
0.058
0.057
0.055
0.056
0.056
0.055
0.175
0.043
0.041
0.047
0.044
0.04
0.046
0.049
0.042
0.041
0.045
0.041
0.043
0.052
0.052
0.049
0.052
0.049
0.051
0.048
0.063
0.057
0.058
0.054
0.058
0.054
0.06
0.054
0.047
0.047
0.048
0.05
0.053
0.047
0.047
0.055
0.054
0.053
0.045
0.043
0.045
0.04
0.048
0.04
0.052
0.053
0.06
0.053
0.06
0.087
0.074
0.078
0.062
0.056
0.059
0.054
0.054
0.067
0.054
0.053
0.056
0.126
0.129
0.049
0.049
0.049
0.047
0.057
0.053
0.067
0.063
0.06
0.059
0.059
0.064
0.064
0.055
0.054
0.056
0.055
0.055
0.054
0.054
0.054
0.052
0.044
0.044
0.112
0.108
0.113
0.055
0.056
0.053
0.047
0.053
0.05
0.139
0.048
0.051
0.049
0.054
0.06
0.053
0.04
0.112
0.12
0.046
0.049
0.046
0.047
0.047
0.051
0.048
0.044
0.041
0.057
0.054
0.048
0.047
0.048
0.05
0.15
0.056
0.054
0.054
0.054
0.041
0.052
0.056
0.054
0.055
0.054
0.061
0.061
0.053
0.053
0.059
0.054
0.055
0.053
0.055
0.066
0.054
0.057
0.062
0.054
0.056
0.056
0.054
0.059
0.054
0.054
0.056
0.057
0.054
0.055
0.055
0.056
0.055
0.072
0.051
0.042
0.063
0.061
0.061
0.063
0.06
0.064
0.061
0.052
0.047
0.044
0.047
0.057
0.049
0.05
0.04
0.04
0.054
0.054
0.053
0.055
0.058
0.053
0.053
0.055
0.053
0.055
0.057
0.154
0.057
0.079
0.053
0.054
0.04
0.041
0.047
0.048
0.049
0.047
0.05
0.048
0.047
0.051
0.04
0.05
0.054
0.054
0.057
0.054
0.054
0.057
0.053
0.059
0.054
0.056
0.054
0.056
0.054
0.056
0.055
0.054
0.053
0.054
0.056
0.055
0.048
0.05
0.047
0.052
0.047
0.048
0.049
0.135
0.061
0.054
0.068
0.057
0.061
0.064
0.059
0.064
0.063
0.056
0.057
0.054
0.053
0.055
0.055
0.043
0.04
0.041
0.042
0.044
0.04
0.041
0.04
0.112
0.041
0.056
0.054
0.053
0.054
0.053
0.055
0.053
0.053
0.045
0.041
0.042
0.041
0.04
0.041
0.04
0.12
0.058
0.042
0.054
0.041
0.04
0.041
0.059
0.059
0.153
0.042
0.059
0.056
0.055
0.057
0.056
0.06
0.048
0.048
0.042
0.059
0.057
0.056
0.057
0.059
0.113
0.06
0.058
0.055
0.056
0.066
0.062
0.061
0.063
0.063
0.062
0.098
0.068
0.066
0.049
0.057
0.056
0.056
0.057
0.068
0.056
0.06
0.055
0.06
0.05
0.07
0.058
0.063
0.055
0.043
0.042
0.042
0.05
0.053
0.047
0.052
0.049
0.052
0.048
0.05
0.048
0.062
0.066
0.064
0.062
0.065
0.042
0.045
0.043
0.056
0.048
0.059
0.055
0.058
0.056
0.057
0.055
0.055
0.057
0.057
0.05
0.051
0.043
0.068
0.05
0.043
0.058
0.053
0.054
0.051
0.056
0.059
0.057
0.058
0.057
0.077
0.045
0.047
0.042
0.052
0.041
0.06
0.061
0.058
0.064
0.061
0.066
0.063
0.046
0.043
0.061
0.057
0.057
0.06
0.057
0.06
0.056
0.06
0.069
0.056
0.057
0.042
0.046
0.061
0.044
0.049
0.05
0.051
0.043
0.043
0.066
0.043
0.052
0.044
0.044
0.064
0.045
0.043
0.05
0.123
0.058
0.06
0.055
0.054
0.053
0.05
0.056
0.052
0.053
0.05
0.05
0.076
0.07
0.05
0.052
0.05
0.057
0.053
0.05
0.054
0.05
0.053
0.054
0.054
0.043
0.043
0.048
0.051
0.043
0.042
0.127
0.049
0.046
0.064
0.051
0.054
0.052
0.054
0.05
0.051
0.049
0.068
0.151
0.055
0.051
0.06
0.057
0.051
0.05
0.052
0.05
0.054
0.066
0.095
0.064
0.072
0.068
0.064
0.064
0.07
0.064
0.046
0.049
0.047
0.132
0.043
0.047
0.065
0.054
0.054
0.05
0.052
0.058
0.059
0.056
0.066
0.075
0.064
0.071
0.181
0.066
0.07
0.07
0.066
0.061
0.066
0.058
0.066
0.057
0.06
0.059
0.178
0.058
0.264
0.177
0.073
0.08
0.067
0.096
0.061
0.06
0.073
0.1
0.054
0.062
0.05
0.063
0.047
0.064
0.063
0.059
0.063
0.047
0.047
0.049
0.046
0.048
0.048
0.05
0.041
0.056
0.053
0.053
0.057
0.054
0.123
0.058
0.062
0.055
0.05
0.048
0.048
0.06
0.055
0.055
0.054
0.054
0.058
0.056
0.096
0.057
0.068
0.058
0.055
0.057
0.056
0.056
0.062
0.049
0.049
0.051
0.053
0.05
0.05
0.051
0.052
0.056
0.053
0.043
0.048
0.042
0.047
0.043
0.046
0.043
0.061
0.058
0.06
0.058
0.062
0.054
0.056
0.06
0.061
0.043
0.065
0.068
0.067
0.067
0.066
0.232
0.076
0.076
0.073
0.077
0.068
0.05
0.054
0.056
0.083
0.071
0.069
0.073
0.071
0.079
0.076
0.053
0.058
0.093
0.059
0.074
0.062
0.058
0.055
0.06
0.057
0.054
0.049
0.051
0.05
0.055
0.054
0.049
0.045
0.043
0.061
0.061
0.066
0.062
0.046
0.056
0.058
0.043
0.042
0.046
0.057
0.057
0.044
0.057
0.043
0.042
0.043
0.068
0.063
0.058
0.057
0.065
0.065
0.057
0.061
0.057
0.06
0.05
0.052
0.051
0.05
0.052
0.049
0.049
0.057
0.056
0.061
0.061
0.057
0.138
0.067
0.08
0.077
0.046
0.043
0.065
0.045
0.046
0.085
0.057
0.06
0.06
0.058
0.216
0.06
0.058
0.061
0.056
0.046
0.044
0.043
0.044
0.141
0.045
0.063
0.064
0.06
0.188
0.059
0.072
0.057
0.056
0.043
0.043
0.045
0.06
0.043
0.044
0.045
0.044
0.044
0.061
0.072
0.066
0.071
0.053
0.049
0.048
0.052
0.05
0.05
0.046
0.045
0.045
0.046
0.043
0.045
0.043
0.044
0.058
0.061
0.043
0.06
0.078
0.059
0.075
0.057
0.064
0.058
0.059
0.06
0.059
0.061
0.073
0.061
0.059
0.059
0.061
0.057
0.06
0.057
0.046
0.045
0.044
0.043
0.042
0.044
0.126
0.044
0.058
0.057
0.06
0.063
0.059
0.06
0.059
0.062
0.063
0.059
0.056
0.059
0.06
0.059
0.06
0.051
0.056
0.051
0.051
0.052
0.055
0.051
0.06
0.06
0.059
0.058
0.052
0.051
0.05
0.052
0.053
0.05
0.05
0.055
0.051
0.052
0.055
0.053
0.051
0.125
0.054
0.072
0.067
0.071
0.068
0.066
0.066
0.069
0.066
0.049
0.045
0.045
0.046
0.043
0.044
0.045
0.06
0.061
0.099
0.058
0.057
0.064
0.059
0.063
0.067
0.062
0.059
0.062
0.059
0.058
0.046
0.047
0.044
0.047
0.044
0.062
0.045
0.05
0.052
0.052
0.055
0.052
0.054
0.052
0.056
0.053
0.052
0.053
0.052
0.048
0.043
0.048
0.044
0.052
0.044
0.044
0.05
0.055
0.052
0.064
0.052
0.059
0.064
0.059
0.062
0.061
0.064
0.061
0.059
0.061
0.06
0.048
0.048
0.046
0.046
0.048
0.044
0.045
0.132
0.045
0.175
0.062
0.053
0.056
0.051
0.064
0.051
0.061
0.052
0.11
0.054
0.068
0.051
0.056
0.05
0.052
0.055
0.051
0.052
0.067
0.082
0.065
0.067
0.069
0.066
0.07
0.072
0.067
0.059
0.059
0.062
0.058
0.054
0.05
0.055
0.061
0.062
0.06
0.062
0.058
0.058
0.062
0.065
0.06
0.056
0.051
0.058
0.055
0.058
0.058
0.054
0.058
0.093
0.051
0.061
0.059
0.049
0.044
0.045
0.044
0.048
0.053
0.052
0.044
0.044
0.044
0.044
0.045
0.13
0.043
0.059
0.058
0.061
0.062
0.058
0.065
0.059
0.062
0.065
0.116
0.042
0.043
0.063
0.062
0.064
0.058
0.047
0.07
0.07
0.052
0.062
0.044
0.049
0.044
0.051
0.196
0.088
0.067
0.071
0.087
0.068
0.077
0.07
0.074
0.052
0.042
0.042
0.041
0.042
0.039
0.127
0.121
0.041
0.061
0.063
0.06
0.067
0.048
0.055
0.053
0.057
0.053
0.058
0.052
0.053
0.053
0.055
0.055
0.053
0.053
0.053
0.053
0.054
0.057
0.04
0.053
0.102
0.042
0.047
0.04
0.071
0.055
0.058
0.058
0.056
0.041
0.114
0.043
0.117
0.05
0.054
0.049
0.052
0.053
0.051
0.154
0.056
0.057
0.056
0.059
0.045
0.042
0.057
0.043
0.041
0.044
0.041
0.042
0.058
0.053
0.052
0.05
0.055
0.056
0.052
0.057
0.055
0.06
0.044
0.054
0.058
0.056
0.059
0.081
0.045
0.053
0.049
0.051
0.05
0.05
0.052
0.049
0.048
0.047
0.056
0.055
0.053
0.053
0.056
0.053
0.04
0.046
0.047
0.046
0.055
0.055
0.052
0.054
0.052
0.055
0.052
0.052
0.054
0.056
0.053
0.151
0.175
0.177
0.055
0.055
0.053
0.048
0.168
0.053
0.054
0.056
0.051
0.056
0.052
0.052
0.052
0.052
0.055
0.039
0.049
0.053
0.061
0.059
0.06
0.061
0.059
0.062
0.059
0.061
0.058
0.04
0.04
0.042
0.039
0.04
0.039
0.046
0.045
0.046
0.052
0.04
0.059
0.04
0.039
0.043
0.123
0.047
0.048
0.045
0.046
0.156
0.053
0.055
0.052
0.122
0.054
0.054
0.055
0.046
0.049
0.047
0.06
0.056
0.063
0.059
0.06
0.062
0.059
0.062
0.06
0.059
0.06
0.055
0.046
0.045
0.049
0.046
0.046
0.048
0.047
0.047
0.055
0.062
0.059
0.059
0.058
0.062
0.06
0.061
0.059
0.061
0.04
0.05
0.045
0.04
0.041
0.041
0.04
0.04
0.039
0.042
0.106
0.056
0.051
0.053
0.105
0.069
0.052
0.051
0.052
0.174
0.055
0.052
0.071
0.161
0.148
0.054
0.052
0.054
0.049
0.053
0.051
0.053
0.052
0.053
0.054
0.056
0.045
0.051
0.048
0.047
0.049
0.047
0.054
0.136
0.055
0.055
0.052
0.046
0.056
0.053
0.052
0.055
0.054
0.055
0.052
0.055
0.075
0.04
0.04
0.128
0.055
0.051
0.053
0.052
0.053
0.054
0.054
0.053
0.06
0.062
0.041
0.107
0.107
0.04
0.04
0.102
0.114
0.046
0.046
0.045
0.046
0.046
0.046
0.047
0.046
0.047
0.05
0.052
0.047
0.049
0.046
0.063
0.06
0.062
0.061
0.058
0.078
0.06
0.06
0.053
0.053
0.054
0.052
0.055
0.053
0.049
0.06
0.058
0.06
0.059
0.061
0.058
0.053
0.053
0.056
0.052
0.054
0.052
0.055
0.053
0.052
0.049
0.047
0.048
0.053
0.15
0.063
0.053
0.055
0.042
0.041
0.043
0.06
0.06
0.063
0.062
0.059
0.056
0.053
0.052
0.046
0.053
0.048
0.053
0.061
0.05
0.046
0.056
0.046
0.059
0.04
0.061
0.062
0.062
0.064
0.063
0.058
0.054
0.053
0.048
0.061
0.047
0.053
0.063
0.051
0.063
0.05
0.049
0.047
0.05
0.055
0.045
0.046
0.053
0.068
0.06
0.046
0.045
0.046
0.049
0.053
0.052
0.052
0.046
0.053
0.055
0.059
0.051
0.053
0.052
0.074
0.054
0.059
0.057
0.054
0.06
0.049
0.047
0.048
0.048
0.084
0.083
0.075
0.07
0.075
0.082
0.073
0.262
0.057
0.055
0.056
0.048
0.05
0.157
0.054
0.042
0.044
0.042
0.042
0.104
0.04
0.04
0.042
0.124
0.046
0.049
0.042
0.056
0.048
0.054
0.053
0.053
0.053
0.053
0.056
0.065
0.138
0.05
0.046
0.053
0.05
0.046
0.058
0.181
0.064
0.054
0.053
0.056
0.054
0.057
0.053
0.07
0.056
0.054
0.052
0.047
0.05
0.049
0.051
0.059
0.048
0.061
0.065
0.06
0.064
0.06
0.06
0.063
0.061
0.048
0.046
0.05
0.047
0.048
0.05
0.047
0.05
0.046
0.047
0.047
0.064
0.061
0.05
0.049
0.046
0.052
0.047
0.047
0.05
0.065
0.048
0.052
0.048
0.047
0.046
0.048
0.047
0.048
0.047
0.051
0.046
0.047
0.048
0.048
0.05
0.048
0.047
0.047
0.047
0.047
0.047
0.05
0.138
0.048
0.049
0.047
0.05
0.047
0.047
0.048
0.048
0.049
0.064
0.047
0.061
0.092
0.047
0.051
0.048
0.05
0.049
0.048
0.051
0.048
0.055
0.054
0.057
0.054
0.053
0.058
0.053
0.05
0.043
0.04
0.04
0.043
0.043
0.039
0.04
0.047
0.047
0.048
0.046
0.048
0.048
0.049
0.047
0.05
0.047
0.051
0.047
0.143
0.048
0.134
0.061
0.065
0.061
0.064
0.059
0.063
0.059
0.061
0.061
0.06
0.098
0.063
0.061
0.061
0.063
0.061
0.061
0.063
0.061
0.05
0.045
0.046
0.05
0.047
0.047
0.048
0.049
0.046
0.048
0.051
0.048
0.051
0.048
0.051
0.048
0.049
0.051
0.051
0.048
0.052
0.051
0.042
0.047
0.042
0.044
0.042
0.043
0.042
0.049
0.05
0.05
0.041
0.049
0.048
0.051
0.049
0.048
0.05
0.048
0.052
0.049
0.049
0.051
0.049
0.049
0.053
0.051
0.05
0.049
0.051
0.053
0.051
0.049
0.048
0.052
0.052
0.049
0.057
0.084
0.056
0.057
0.057
0.057
0.062
0.059
0.043
0.067
0.051
0.05
0.052
0.051
0.05
0.05
0.05
0.051
0.042
0.042
0.044
0.045
0.042
0.045
0.119
0.133
0.059
0.062
0.051
0.05
0.137
0.051
0.052
0.054
0.052
0.056
0.052
0.141
0.056
0.067
0.079
0.062
0.151
0.05
0.167
0.055
0.134
0.066
0.052
0.158
0.055
0.051
0.053
0.055
0.052
0.051
0.054
0.051
0.059
0.063
0.058
0.051
0.051
0.049
0.051
0.049
0.052
0.05
0.05
0.052
0.067
0.052
0.07
0.069
0.087
0.078
0.098
0.066
0.067
0.07
0.051
0.049
0.046
0.059
0.062
0.062
0.065
0.059
0.062
0.074
0.058
0.055
0.051
0.055
0.052
0.064
0.051
0.056
0.054
0.05
0.051
0.051
0.057
0.051
0.055
0.051
0.065
0.074
0.067
0.066
0.069
0.068
0.065
0.06
0.056
0.052
0.052
0.053
0.059
0.058
0.064
0.06
0.065
0.063
0.053
0.052
0.056
0.058
0.051
0.051
0.055
0.065
0.067
0.056
0.051
0.051
0.044
0.045
0.05
0.128
0.047
0.044
0.045
0.128
0.043
0.052
0.054
0.051
0.055
0.053
0.06
0.051
0.053
0.054
0.054
0.063
0.05
0.05
0.051
0.057
0.051
0.049
0.053
0.049
0.168
0.098
0.066
0.057
0.051
0.044
0.052
0.058
0.067
0.063
0.069
0.067
0.068
0.05
0.051
0.057
0.062
0.054
0.06
0.053
0.051
0.05
0.057
0.052
0.054
0.051
0.052
0.05
0.055
0.052
0.069
0.068
0.074
0.053
0.154
0.073
0.089
0.067
0.069
0.066
0.067
0.06
0.051
0.069
0.056
0.052
0.059
0.156
0.052
0.063
0.16
0.057
0.052
0.056
0.05
0.051
0.056
0.075
0.051
0.05
0.051
0.056
0.079
0.051
0.06
0.05
0.061
0.072
0.073
0.527
0.094
0.096
0.277
0.061
0.057
0.05
0.054
0.05
0.057
0.059
0.059
0.187
0.053
0.054
0.043
0.038
0.04
0.046
0.047
0.048
0.047
0.048
0.051
0.046
0.05
0.047
0.046
0.046
0.047
0.049
0.05
0.046
0.169
0.046
0.047
0.048
0.046
0.045
0.135
0.136
0.064
0.049
0.047
0.046
0.048
0.047
0.046
0.046
0.04
0.041
0.04
0.149
0.046
0.05
0.05
0.05
0.049
0.045
0.048
0.042
0.047
0.04
0.047
0.158
0.056
0.053
0.053
0.052
0.057
0.047
0.133
0.047
0.046
0.048
0.127
0.048
0.046
0.049
0.046
0.054
0.056
0.053
0.057
0.063
0.061
0.062
0.059
0.062
0.058
0.046
0.046
0.049
0.046
0.047
0.047
0.045
0.047
0.176
0.052
0.049
0.046
0.055
0.052
0.049
0.049
0.052
0.049
0.056
0.051
0.047
0.044
0.056
0.047
0.047
0.047
0.045
0.04
0.046
0.049
0.046
0.047
0.048
0.065
0.047
0.049
0.049
0.052
0.046
0.049
0.13
0.051
0.046
0.046
0.048
0.054
0.053
0.055
0.055
0.053
0.057
0.056
0.052
0.057
0.056
0.053
0.051
0.055
0.054
0.055
0.158
0.053
0.048
0.049
0.046
0.047
0.045
0.044
0.048
0.049
0.048
0.039
0.043
0.04
0.04
0.04
0.04
0.04
0.039
0.053
0.049
0.046
0.153
0.053
0.052
0.056
0.051
0.157
0.099
0.054
0.053
0.136
0.072
0.053
0.054
0.054
0.046
0.047
0.075
0.049
0.048
0.046
0.05
0.047
0.049
0.046
0.046
0.046
0.047
0.046
0.055
0.055
0.053
0.054
0.054
0.052
0.07
0.061
0.059
0.06
0.06
0.061
0.061
0.059
0.06
0.064
0.06
0.048
0.049
0.046
0.046
0.047
0.047
0.052
0.054
0.046
0.047
0.049
0.052
0.054
0.056
0.053
0.056
0.057
0.054
0.052
0.055
0.142
0.053
0.055
0.055
0.053
0.055
0.053
0.082
0.052
0.054
0.055
0.055
0.079
0.054
0.052
0.061
0.049
0.045
0.049
0.047
0.047
0.049
0.045
0.047
0.063
0.046
0.046
0.052
0.045
0.046
0.046
0.057
0.056
0.046
0.046
0.05
0.049
0.045
0.047
0.046
0.046
0.045
0.049
0.046
0.048
0.046
0.048
0.045
0.062
0.062
0.062
0.045
0.049
0.045
0.165
0.062
0.061
0.059
0.062
0.059
0.055
0.052
0.055
0.053
0.056
0.053
0.054
0.053
0.046
0.051
0.047
0.046
0.046
0.049
0.048
0.05
0.046
0.064
0.059
0.061
0.16
0.059
0.053
0.056
0.053
0.169
0.061
0.062
0.094
0.064
0.163
0.056
0.052
0.055
0.061
0.047
0.049
0.046
0.046
0.046
0.044
0.042
0.04
0.04
0.041
0.04
0.055
0.047
0.039
0.071
0.054
0.052
0.055
0.052
0.053
0.057
0.053
0.054
0.055
0.047
0.054
0.062
0.054
0.052
0.052
0.052
0.054
0.053
0.06
0.047
0.062
0.048
0.046
0.05
0.046
0.071
0.062
0.063
0.061
0.059
0.063
0.061
0.047
0.05
0.047
0.046
0.048
0.047
0.047
0.145
0.056
0.048
0.052
0.053
0.052
0.055
0.053
0.056
0.053
0.057
0.068
0.053
0.047
0.046
0.404
0.073
0.06
0.064
0.08
0.069
0.061
0.068
0.066
0.143
0.05
0.046
0.14
0.053
0.053
0.053
0.052
0.107
0.108
0.043
0.039
0.059
0.052
0.054
0.056
0.052
0.137
0.061
0.061
0.062
0.046
0.049
0.046
0.051
0.05
0.046
0.055
0.053
0.053
0.053
0.053
0.05
0.045
0.049
0.046
0.049
0.045
0.046
0.039
0.04
0.042
0.04
0.049
0.045
0.064
0.049
0.048
0.053
0.053
0.053
0.181
0.06
0.061
0.063
0.148
0.197
0.066
0.066
0.212
0.048
0.059
0.059
0.083
0.064
0.059
0.062
0.059
0.058
0.063
0.059
0.05
0.041
0.039
0.039
0.039
0.042
0.055
0.052
0.052
0.053
0.059
0.06
0.062
0.061
0.062
0.058
0.053
0.059
0.047
0.046
0.045
0.045
0.046
0.045
0.048
0.047
0.047
0.047
0.046
0.081
0.054
0.066
0.099
0.066
0.233
0.071
0.072
0.071
0.075
0.073
0.07
0.078
0.198
0.076
0.072
0.048
0.052
0.072
0.073
0.056
0.053
0.052
0.052
0.15
0.076
0.053
0.072
0.053
0.055
0.053
0.075
0.056
0.052
0.052
0.055
0.052
0.168
0.059
0.06
0.058
0.046
0.046
0.048
0.046
0.055
0.046
0.046
0.04
0.039
0.04
0.042
0.04
0.04
0.039
0.039
0.047
0.047
0.046
0.048
0.041
0.04
0.039
0.039
0.04
0.125
0.06
0.06
0.062
0.059
0.062
0.053
0.052
0.054
0.051
0.051
0.12
0.052
0.183
0.059
0.063
0.058
0.063
0.059
0.062
0.058
0.039
0.053
0.081
0.058
0.053
0.046
0.049
0.048
0.059
0.062
0.053
0.053
0.052
0.056
0.052
0.057
0.053
0.056
0.04
0.04
0.04
0.049
0.045
0.046
0.05
0.154
0.051
0.053
0.053
0.046
0.053
0.056
0.053
0.054
0.056
0.053
0.173
0.059
0.064
0.06
0.06
0.062
0.06
0.062
0.06
0.063
0.059
0.084
0.065
0.059
0.057
0.052
0.054
0.052
0.061
0.051
0.054
0.053
0.057
0.041
0.04
0.039
0.042
0.04
0.103
0.117
0.049
0.046
0.053
0.053
0.054
0.057
0.046
0.061
0.053
0.056
0.053
0.046
0.045
0.07
0.046
0.045
0.05
0.06
0.06
0.058
0.061
0.055
0.056
0.067
0.055
0.053
0.053
0.153
0.054
0.052
0.056
0.055
0.046
0.048
0.048
0.046
0.046
0.05
0.046
0.048
0.046
0.048
0.145
0.047
0.046
0.138
0.046
0.045
0.046
0.047
0.049
0.052
0.052
0.055
0.052
0.054
0.052
0.052
0.061
0.053
0.053
0.055
0.053
0.053
0.051
0.082
0.055
0.051
0.046
0.048
0.137
0.142
0.052
0.053
0.162
0.159
0.047
0.047
0.048
0.046
0.046
0.049
0.047
0.06
0.049
0.052
0.047
0.046
0.055
0.046
0.047
0.05
0.046
0.056
0.052
0.053
0.056
0.051
0.055
0.057
0.055
0.06
0.053
0.052
0.057
0.052
0.063
0.069
0.063
0.063
0.067
0.062
0.094
0.06
0.069
0.075
0.116
0.094
0.082
0.093
0.076
0.053
0.059
0.053
0.055
0.054
0.052
0.056
0.056
0.056
0.053
0.062
0.052
0.059
0.052
0.054
0.052
0.055
0.051
0.051
0.046
0.051
0.047
0.054
0.046
0.053
0.141
0.061
0.059
0.084
0.065
0.059
0.059
0.086
0.059
0.049
0.049
0.048
0.051
0.047
0.049
0.048
0.047
0.159
0.055
0.053
0.056
0.052
0.06
0.053
0.057
0.06
0.052
0.052
0.057
0.048
0.045
0.05
0.05
0.047
0.046
0.048
0.046
0.056
0.173
0.118
0.089
0.074
0.078
0.243
0.062
0.069
0.096
0.067
0.169
0.051
0.144
0.05
0.055
0.06
0.054
0.053
0.053
0.057
0.055
0.054
0.055
0.053
0.055
0.175
0.166
0.172
0.195
0.061
0.064
0.054
0.058
0.053
0.054
0.055
0.055
0.056
0.053
0.056
0.048
0.05
0.048
0.049
0.047
0.047
0.049
0.048
0.047
0.048
0.046
0.046
0.05
0.047
0.047
0.049
0.063
0.061
0.066
0.06
0.064
0.063
0.061
0.155
0.062
0.058
0.055
0.052
0.055
0.056
0.056
0.055
0.054
0.06
0.061
0.061
0.064
0.063
0.064
0.048
0.048
0.047
0.048
0.05
0.046
0.084
0.053
0.046
0.05
0.047
0.047
0.047
0.057
0.047
0.047
0.051
0.048
0.047
0.048
0.046
0.128
0.048
0.05
0.047
0.13
0.059
0.053
0.054
0.055
0.054
0.056
0.054
0.053
0.055
0.054
0.059
0.053
0.056
0.14
0.054
0.056
0.054
0.055
0.169
0.047
0.047
0.052
0.047
0.048
0.051
0.047
0.048
0.056
0.057
0.053
0.05
0.053
0.054
0.055
0.056
0.053
0.072
0.059
0.053
0.072
0.059
0.06
0.054
0.064
0.061
0.06
0.064
0.061
0.061
0.048
0.066
0.048
0.048
0.047
0.048
0.049
0.054
0.053
0.054
0.054
0.089
0.056
0.052
0.05
0.048
0.047
0.047
0.074
0.046
0.055
0.056
0.054
0.057
0.053
0.057
0.054
0.073
0.057
0.048
0.05
0.047
0.048
0.049
0.052
0.047
0.047
0.047
0.055
0.049
0.045
0.048
0.05
0.048
0.051
0.049
0.061
0.066
0.06
0.063
0.067
0.069
0.047
0.053
0.051
0.053
0.048
0.05
0.054
0.047
0.053
0.054
0.056
0.05
0.047
0.059
0.062
0.054
0.053
0.054
0.047
0.058
0.048
0.049
0.047
0.052
0.056
0.053
0.056
0.134
0.053
0.058
0.061
0.054
0.053
0.056
0.054
0.056
0.054
0.057
0.052
0.047
0.047
0.051
0.049
0.047
0.052
0.05
0.047
0.05
0.048
0.054
0.056
0.055
0.057
0.081
0.056
0.06
0.054
0.056
0.054
0.061
0.051
0.054
0.057
0.053
0.078
0.075
0.048
0.047
0.05
0.046
0.048
0.052
0.047
0.055
0.061
0.054
0.055
0.052
0.046
0.051
0.049
0.046
0.047
0.047
0.048
0.057
0.054
0.056
0.054
0.065
0.054
0.057
0.061
0.136
0.055
0.053
0.146
0.053
0.057
0.054
0.057
0.161
0.053
0.053
0.071
0.065
0.061
0.06
0.05
0.048
0.046
0.048
0.047
0.048
0.046
0.054
0.059
0.053
0.055
0.061
0.057
0.048
0.049
0.052
0.046
0.05
0.053
0.063
0.055
0.054
0.054
0.056
0.054
0.054
0.056
0.054
0.06
0.053
0.053
0.062
0.054
0.048
0.047
0.049
0.047
0.05
0.054
0.057
0.054
0.058
0.047
0.049
0.06
0.06
0.048
0.052
0.047
0.063
0.06
0.049
0.049
0.056
0.056
0.076
0.055
0.054
0.054
0.05
0.049
0.05
0.047
0.048
0.049
0.047
0.05
0.047
0.05
0.048
0.047
0.05
0.048
0.131
0.062
0.054
0.056
0.056
0.056
0.053
0.052
0.063
0.054
0.057
0.056
0.057
0.067
0.053
0.054
0.052
0.052
0.051
0.048
0.045
0.047
0.049
0.062
0.053
0.054
0.053
0.052
0.054
0.056
0.052
0.056
0.053
0.055
0.052
0.052
0.055
0.05
0.073
0.064
0.092
0.058
0.06
0.059
0.059
0.059
0.06
0.058
0.059
0.059
0.046
0.069
0.046
0.045
0.049
0.136
0.049
0.047
0.047
0.046
0.05
0.046
0.046
0.049
0.046
0.045
0.047
0.05
0.047
0.046
0.047
0.046
0.046
0.045
0.045
0.046
0.049
0.046
0.045
0.054
0.056
0.056
0.054
0.051
0.047
0.053
0.046
0.046
0.08
0.061
0.074
0.06
0.059
0.066
0.064
0.063
0.091
0.081
0.082
0.162
0.076
0.067
0.062
0.062
0.064
0.048
0.056
0.048
0.051
0.048
0.051
0.05
0.048
0.047
0.061
0.064
0.062
0.058
0.055
0.054
0.058
0.054
0.054
0.069
0.054
0.049
0.051
0.049
0.047
0.055
0.055
0.049
0.05
0.048
0.064
0.05
0.057
0.054
0.057
0.053
0.047
0.054
0.055
0.06
0.054
0.041
0.042
0.04
0.109
0.123
0.062
0.052
0.044
0.059
0.054
0.055
0.056
0.054
0.055
0.054
0.055
0.051
0.05
0.046
0.053
0.056
0.052
0.048
0.047
0.051
0.053
0.057
0.057
0.053
0.048
0.049
0.047
0.047
0.046
0.148
0.141
0.136
0.055
0.057
0.054
0.063
0.053
0.05
0.048
0.05
0.159
0.055
0.057
0.054
0.055
0.055
0.055
0.051
0.047
0.047
0.05
0.072
0.047
0.052
0.144
0.049
0.049
0.047
0.048
0.047
0.049
0.049
0.047
0.056
0.062
0.063
0.062
0.063
0.059
0.063
0.064
0.061
0.061
0.062
0.059
0.064
0.061
0.064
0.059
0.062
0.061
0.062
0.055
0.055
0.061
0.056
0.056
0.053
0.054
0.075
0.048
0.047
0.047
0.044
0.057
0.054
0.053
0.055
0.053
0.055
0.041
0.054
0.059
0.054
0.055
0.053
0.053
0.055
0.057
0.053
0.057
0.054
0.057
0.055
0.16
0.051
0.048
0.051
0.048
0.064
0.06
0.061
0.061
0.061
0.059
0.049
0.05
0.047
0.048
0.051
0.048
0.041
0.042
0.041
0.054
0.049
0.053
0.05
0.047
0.046
0.104
0.055
0.054
0.054
0.053
0.057
0.056
0.058
0.053
0.042
0.061
0.061
0.093
0.061
0.065
0.064
0.053
0.065
0.049
0.048
0.056
0.054
0.053
0.056
0.053
0.055
0.061
0.07
0.062
0.064
0.061
0.063
0.065
0.06
0.061
0.057
0.055
0.057
0.054
0.056
0.054
0.054
0.058
0.047
0.05
0.05
0.051
0.048
0.047
0.062
0.052
0.053
0.058
0.053
0.053
0.055
0.055
0.059
0.054
0.055
0.05
0.047
0.048
0.048
0.048
0.05
0.047
0.047
0.047
0.048
0.046
0.047
0.054
0.056
0.055
0.052
0.053
0.051
0.057
0.053
0.056
0.056
0.057
0.054
0.057
0.048
0.056
0.092
0.073
0.055
0.048
0.041
0.054
0.047
0.066
0.06
0.081
0.062
0.07
0.047
0.057
0.055
0.058
0.055
0.055
0.056
0.057
0.054
0.053
0.091
0.054
0.058
0.05
0.047
0.047
0.05
0.048
0.05
0.047
0.048
0.053
0.048
0.062
0.055
0.058
0.055
0.055
0.043
0.042
0.043
0.042
0.043
0.041
0.045
0.047
0.055
0.13
0.042
0.04
0.041
0.049
0.054
0.055
0.047
0.048
0.05
0.054
0.059
0.054
0.054
0.057
0.054
0.057
0.054
0.054
0.054
0.056
0.054
0.054
0.054
0.057
0.048
0.051
0.047
0.052
0.047
0.051
0.049
0.047
0.051
0.046
0.047
0.05
0.048
0.047
0.138
0.049
0.056
0.058
0.055
0.056
0.054
0.055
0.051
0.052
0.049
0.056
0.047
0.055
0.056
0.055
0.057
0.054
0.057
0.062
0.063
0.047
0.049
0.063
0.047
0.053
0.058
0.048
0.112
0.041
0.049
0.118
0.059
0.054
0.057
0.06
0.059
0.058
0.055
0.058
0.048
0.046
0.054
0.047
0.052
0.051
0.041
0.04
0.114
0.045
0.041
0.043
0.11
0.059
0.056
0.055
0.07
0.066
0.06
0.06
0.062
0.047
0.052
0.051
0.047
0.048
0.052
0.05
0.056
0.055
0.056
0.053
0.062
0.058
0.057
0.054
0.059
0.059
0.056
0.06
0.059
0.054
0.102
0.085
0.201
0.224
0.196
0.054
0.048
0.049
0.05
0.047
0.047
0.047
0.047
0.041
0.041
0.04
0.126
0.042
0.045
0.104
0.056
0.055
0.055
0.048
0.048
0.05
0.084
0.052
0.047
0.047
0.066
0.048
0.08
0.048
0.047
0.048
0.05
0.047
0.051
0.047
0.048
0.05
0.047
0.047
0.065
0.06
0.049
0.047
0.049
0.061
0.05
0.061
0.051
0.049
0.05
0.046
0.061
0.064
0.06
0.064
0.054
0.054
0.056
0.053
0.054
0.057
0.055
0.054
0.058
0.054
0.055
0.055
0.055
0.053
0.055
0.057
0.054
0.054
0.053
0.055
0.17
0.053
0.054
0.057
0.049
0.05
0.059
0.062
0.06
0.061
0.063
0.051
0.048
0.049
0.067
0.051
0.047
0.051
0.047
0.04
0.041
0.046
0.049
0.042
0.041
0.049
0.05
0.047
0.047
0.047
0.047
0.047
0.051
0.051
0.048
0.048
0.046
0.047
0.056
0.04
0.055
0.057
0.054
0.047
0.052
0.053
0.046
0.05
0.046
0.048
0.05
0.047
0.047
0.043
0.041
0.04
0.04
0.039
0.041
0.056
0.054
0.054
0.147
0.056
0.053
0.053
0.048
0.074
0.052
0.041
0.042
0.113
0.039
0.113
0.05
0.047
0.052
0.048
0.046
0.05
0.047
0.046
0.063
0.047
0.047
0.047
0.047
0.049
0.065
0.049
0.047
0.051
0.047
0.052
0.048
0.048
0.054
0.047
0.047
0.05
0.065
0.06
0.063
0.063
0.054
0.063
0.06
0.061
0.052
0.048
0.049
0.051
0.047
0.05
0.047
0.051
0.049
0.05
0.047
0.048
0.051
0.048
0.047
0.051
0.047
0.049
0.047
0.046
0.05
0.047
0.047
0.06
0.051
0.047
0.081
0.052
0.047
0.048
0.05
0.138
0.054
0.053
0.055
0.054
0.057
0.055
0.047
0.05
0.047
0.048
0.047
0.048
0.048
0.049
0.048
0.06
0.054
0.053
0.054
0.057
0.055
0.056
0.054
0.041
0.044
0.04
0.04
0.041
0.045
0.041
0.041
0.043
0.041
0.041
0.042
0.04
0.04
0.04
0.041
0.042
0.113
0.051
0.048
0.046
0.05
0.132
0.05
0.047
0.05
0.048
0.05
0.047
0.046
0.048
0.051
0.04
0.047
0.048
0.047
0.056
0.053
0.058
0.054
0.072
0.063
0.063
0.061
0.063
0.06
0.06
0.048
0.051
0.049
0.051
0.178
0.053
0.047
0.048
0.152
0.051
0.156
0.058
0.048
0.082
0.05
0.051
0.056
0.049
0.047
0.047
0.054
0.054
0.054
0.054
0.058
0.055
0.054
0.049
0.062
0.047
0.05
0.047
0.047
0.049
0.047
0.063
0.048
0.061
0.05
0.047
0.047
0.046
0.047
0.051
0.05
0.146
0.072
0.051
0.047
0.046
0.051
0.046
0.051
0.139
0.138
0.058
0.047
0.051
0.053
0.141
0.053
0.053
0.056
0.054
0.053
0.049
0.063
0.062
0.063
0.059
0.062
0.062
0.06
0.047
0.05
0.046
0.047
0.049
0.047
0.053
0.051
0.046
0.049
0.047
0.047
0.046
0.047
0.041
0.044
0.041
0.04
0.042
0.042
0.044
0.121
0.056
0.063
0.054
0.047
0.056
0.047
0.046
0.049
0.051
0.083
0.049
0.049
0.049
0.048
0.047
0.048
0.048
0.063
0.06
0.064
0.066
0.061
0.062
0.063
0.061
0.061
0.055
0.054
0.057
0.053
0.056
0.054
0.053
0.058
0.047
0.048
0.057
0.048
0.05
0.047
0.048
0.048
0.048
0.047
0.139
0.05
0.055
0.053
0.048
0.047
0.048
0.048
0.048
0.049
0.047
0.046
0.05
0.048
0.046
0.047
0.046
0.056
0.053
0.084
0.075
0.066
0.049
0.051
0.05
0.16
0.056
0.053
0.051
0.054
0.047
0.05
0.046
0.057
0.046
0.047
0.047
0.052
0.062
0.063
0.066
0.06
0.063
0.065
0.065
0.06
0.048
0.065
0.052
0.048
0.057
0.049
0.046
0.061
0.055
0.053
0.084
0.065
0.061
0.055
0.054
0.057
0.054
0.223
0.096
0.11
0.231
0.048
0.05
0.048
0.048
0.048
0.048
0.049
0.047
0.047
0.051
0.048
0.067
0.05
0.051
0.049
0.047
0.048
0.064
0.061
0.063
0.06
0.054
0.056
0.054
0.054
0.053
0.057
0.047
0.05
0.047
0.056
0.054
0.051
0.047
0.048
0.048
0.047
0.047
0.05
0.047
0.063
0.076
0.051
0.06
0.058
0.054
0.058
0.048
0.049
0.047
0.054
0.049
0.047
0.052
0.051
0.048
0.058
0.047
0.046
0.05
0.065
0.045
0.046
0.053
0.052
0.056
0.052
0.054
0.057
0.053
0.081
0.053
0.056
0.046
0.045
0.053
0.051
0.069
0.117
0.089
0.109
0.073
0.071
0.057
0.072
0.07
0.069
0.055
0.067
0.056
0.053
0.052
0.083
0.114
0.086
0.048
0.048
0.045
0.046
0.072
0.045
0.049
0.045
0.1
0.049
0.045
0.05
0.076
0.046
0.062
0.047
0.045
0.052
0.055
0.053
0.049
0.045
0.044
0.046
0.049
0.044
0.048
0.101
0.087
0.064
0.059
0.06
0.062
0.058
0.06
0.065
0.047
0.046
0.104
0.121
0.134
0.048
0.046
0.045
0.044
0.044
0.046
0.049
0.046
0.051
0.051
0.052
0.051
0.047
0.046
0.046
0.049
0.046
0.048
0.045
0.059
0.06
0.063
0.049
0.049
0.051
0.048
0.048
0.047
0.051
0.047
0.047
0.049
0.048
0.047
0.05
0.047
0.062
0.048
0.048
0.058
0.084
0.095
0.113
0.058
0.059
0.055
0.058
0.056
0.058
0.06
0.056
0.055
0.06
0.058
0.057
0.053
0.051
0.051
0.051
0.05
0.051
0.052
0.05
0.049
0.053
0.069
0.069
0.049
0.075
0.07
0.05
0.051
0.049
0.068
0.052
0.052
0.049
0.05
0.052
0.05
0.049
0.048
0.052
0.051
0.048
0.193
0.056
0.061
0.057
0.055
0.062
0.057
0.059
0.07
0.058
0.09
0.058
0.061
0.058
0.061
0.128
0.07
0.071
0.056
0.055
0.059
0.06
0.056
0.056
0.055
0.067
0.055
0.048
0.047
0.046
0.048
0.045
0.047
0.047
0.137
0.046
0.051
0.047
0.046
0.048
0.047
0.047
0.048
0.047
0.048
0.058
0.054
0.052
0.055
0.053
0.052
0.052
0.056
0.056
0.053
0.053
0.053
0.053
0.048
0.045
0.05
0.047
0.048
0.047
0.046
0.046
0.045
0.048
0.047
0.127
0.046
0.048
0.047
0.046
0.143
0.046
0.062
0.06
0.059
0.059
0.058
0.06
0.062
0.058
0.047
0.053
0.076
0.054
0.056
0.178
0.06
0.06
0.061
0.065
0.062
0.062
0.06
0.053
0.057
0.054
0.055
0.089
0.066
0.084
0.069
0.122
0.091
0.057
0.049
0.053
0.083
0.057
0.07
0.058
0.048
0.057
0.053
0.057
0.048
0.34
0.063
0.059
0.051
0.05
0.046
0.051
0.061
0.101
0.047
0.077
0.065
0.063
0.051
0.072
0.082
0.1
0.05
0.066
0.055
0.048
0.051
0.1
0.06
0.082
0.061
0.065
0.049
0.052
0.048
0.05
0.051
0.048
0.052
0.046
0.047
0.059
0.086
0.048
0.061
0.059
0.051
0.048
0.049
0.061
0.05
0.045
0.045
0.055
0.053
0.055
0.046
0.049
0.047
0.048
0.05
0.167
0.09
0.113
0.136
0.077
0.203
0.077
0.049
0.052
0.051
0.046
0.048
0.049
0.046
0.047
0.047
0.059
0.046
0.047
0.046
0.051
0.047
0.047
0.049
0.062
0.06
0.083
0.067
0.066
0.056
0.051
0.053
0.053
0.051
0.06
0.055
0.063
0.065
0.061
0.06
0.064
0.061
0.061
0.065
0.049
0.069
0.049
0.052
0.048
0.062
0.079
0.063
0.108
0.104
0.096
0.062
0.07
0.068
0.065
0.065
0.103
0.066
0.065
0.067
0.118
0.075
0.111
0.076
0.32
0.081
0.052
0.055
0.126
0.071
0.056
0.054
0.09
0.05
0.067
0.053
0.053
0.063
0.064
0.082
0.06
0.084
0.074
0.063
0.064
0.197
0.08
0.063
0.067
0.052
0.05
0.052
0.051
0.2
0.136
0.103
0.115
0.115
0.12
0.487
0.059
0.058
0.055
0.056
0.058
0.048
0.067
0.051
0.048
0.073
0.048
0.05
0.16
0.047
0.048
0.2
0.055
0.043
0.042
0.043
0.061
0.059
0.056
0.082
0.058
0.063
0.056
0.082
0.057
0.061
0.056
0.077
0.062
0.056
0.07
0.081
0.049
0.052
0.05
0.049
0.052
0.048
0.048
0.054
0.057
0.05
0.052
0.143
0.051
0.053
0.047
0.052
0.049
0.049
0.048
0.05
0.044
0.059
0.057
0.076
0.067
0.056
0.078
0.093
0.102
0.122
0.065
0.051
0.044
0.044
0.064
0.042
0.164
0.044
0.044
0.155
0.103
0.094
0.084
0.073
0.068
0.065
0.067
0.068
0.053
0.103
0.062
0.059
0.064
0.064
0.056
0.055
0.043
0.044
0.062
0.048
0.062
0.066
0.059
0.054
0.077
0.051
0.064
0.067
0.061
0.066
0.062
0.066
0.063
0.053
0.053
0.049
0.045
0.057
0.051
0.054
0.087
0.05
0.049
0.05
0.048
0.048
0.056
0.042
0.073
0.06
0.055
0.058
0.057
0.063
0.055
0.058
0.057
0.056
0.055
0.059
0.051
0.068
0.067
0.062
0.069
0.063
0.066
0.064
0.066
0.065
0.058
0.056
0.058
0.056
0.052
0.05
0.052
0.05
0.048
0.048
0.059
0.056
0.081
0.058
0.061
0.058
0.042
0.041
0.042
0.049
0.051
0.056
0.055
0.059
0.056
0.06
0.054
0.056
0.053
0.049
0.048
0.051
0.048
0.05
0.051
0.05
0.07
0.046
0.049
0.049
0.05
0.059
0.057
0.058
0.059
0.055
0.055
0.055
0.06
0.066
0.063
0.064
0.057
0.054
0.058
0.056
0.056
0.074
0.093
0.062
0.05
0.073
0.072
0.046
0.044
0.056
0.044
0.152
0.044
0.055
0.07
0.054
0.062
0.062
0.051
0.055
0.09
0.083
0.063
0.05
0.085
0.05
0.051
0.051
0.05
0.063
0.207
0.068
0.055
0.065
0.057
0.058
0.058
0.059
0.062
0.058
0.069
0.2
0.194
0.063
0.053
0.069
0.059
0.054
0.052
0.051
0.055
0.05
0.051
0.055
0.067
0.063
0.057
0.057
0.082
0.057
0.054
0.049
0.049
0.06
0.057
0.051
0.051
0.076
0.054
0.052
0.055
0.05
0.051
0.055
0.051
0.052
0.13
0.06
0.051
0.05
0.054
0.063
0.066
0.063
0.065
0.081
0.066
0.068
0.068
0.069
0.063
0.072
0.068
0.065
0.17
0.071
0.063
0.053
0.05
0.05
0.05
0.056
0.058
0.061
0.059
0.062
0.057
0.063
0.059
0.052
0.053
0.052
0.053
0.05
0.049
0.052
0.062
0.052
0.049
0.054
0.058
0.061
0.059
0.057
0.06
0.057
0.183
0.128
0.072
0.069
0.064
0.081
0.068
0.064
0.125
0.092
0.075
0.089
0.097
0.087
0.086
0.084
0.088
0.08
0.053
0.068
0.053
0.051
0.052
0.053
0.054
0.05
0.059
0.061
0.184
0.058
0.055
0.191
0.058
0.062
0.07
0.061
0.218
0.069
0.065
0.067
0.063
0.066
0.065
0.07
0.217
0.074
0.052
0.053
0.052
0.053
0.075
0.104
0.052
0.055
0.053
0.074
0.045
0.059
0.06
0.058
0.044
0.044
0.116
0.124
0.05
0.052
0.051
0.052
0.055
0.143
0.051
0.052
0.052
0.056
0.069
0.052
0.053
0.055
0.066
0.068
0.053
0.066
0.061
0.089
0.053
0.055
0.051
0.051
0.053
0.051
0.054
0.057
0.051
0.052
0.059
0.067
0.059
0.057
0.061
0.051
0.051
0.051
0.052
0.054
0.053
0.052
0.051
0.154
0.061
0.056
0.052
0.147
0.065
0.058
0.063
0.113
0.07
0.064
0.066
0.067
0.064
0.06
0.065
0.059
0.059
0.063
0.061
0.064
0.059
0.058
0.052
0.06
0.063
0.113
0.102
0.096
0.1
0.101
0.11
0.112
0.099
0.11
0.105
0.091
0.114
0.12
0.148
0.196
0.125
0.115
0.114
0.105
0.125
0.094
0.097
0.1
0.091
0.094
0.094
0.11
0.083
0.074
0.281
0.415
0.099
0.129
0.301
0.145
0.226
0.106
0.096
0.099
0.119
0.1
0.098
0.099
0.118
0.094
0.084
0.081
0.084
0.085
0.11
0.109
0.104
0.103
0.104
0.146
0.106
0.11
0.083
0.097
0.097
0.096
0.092
0.093
0.09
0.095
0.115
0.099
0.104
0.109
0.101
0.108
0.128
0.111
0.109
0.103
0.1
0.099
0.12
0.093
0.115
0.082
0.103
0.091
0.098
0.093
0.094
0.1
0.124
0.094
0.094
0.087
0.086
0.093
0.089
0.105
0.083
0.102
0.084
0.155
0.088
0.079
0.081
0.088
0.251
0.089
0.083
0.086
0.082
0.082
0.083
0.108
0.08
0.08
0.074
0.074
0.088
0.076
0.079
0.219
0.091
0.099
0.087
0.266
0.095
0.097
0.096
0.295
0.099
0.103
0.117
0.376
0.114
0.111
0.105
0.111
0.108
0.303
0.155
0.114
0.109
0.109
0.099
0.103
0.095
0.093
0.095
0.097
0.096
0.106
0.134
0.096
0.095
0.122
0.102
0.091
0.081
0.099
0.097
0.086
0.085
0.087
0.251
0.096
0.098
0.098
0.1
0.096
0.1
0.112
0.107
0.095
0.097
0.095
0.097
0.164
0.099
0.094
0.098
0.127
0.095
0.1
0.117
0.077
0.086
0.117
0.106
0.109
0.138
0.108
0.117
0.11
0.133
0.115
0.107
0.111
0.108
0.111
0.135
0.107
0.116
0.089
0.242
0.083
0.084
0.084
0.086
0.111
0.089
0.094
0.093
0.096
0.096
0.093
0.102
0.097
0.096
0.094
0.131
0.071
0.115
0.072
0.109
0.074
0.073
0.079
0.135
0.085
0.085
0.103
0.11
0.107
0.085
0.105
0.114
0.084
0.084
0.106
0.129
0.084
0.075
0.073
0.196
0.096
0.075
0.072
0.075
0.068
0.13
0.112
0.115
0.103
0.105
0.107
0.106
0.107
0.113
0.085
0.109
0.107
0.101
0.099
0.092
0.091
0.088
0.118
0.093
0.284
0.085
0.1
0.082
0.088
0.085
0.142
0.085
0.086
0.087
0.103
0.126
0.095
0.095
0.1
0.094
0.128
0.092
0.094
0.094
0.081
0.273
0.083
0.084
0.079
0.302
0.093
0.089
0.079
0.082
0.093
0.075
0.092
0.071
0.068
0.077
0.071
0.074
0.083
0.107
0.107
0.126
0.106
0.109
0.085
0.082
0.082
0.107
0.081
0.105
0.08
0.082
0.13
0.102
0.108
0.098
0.102
0.103
0.11
0.091
0.098
0.327
0.095
0.094
0.092
0.093
0.096
0.093
0.083
0.083
0.083
0.083
0.081
0.085
0.105
0.083
0.108
0.107
0.103
0.106
0.114
0.106
0.107
0.1
0.075
0.077
0.068
0.104
0.102
0.118
0.099
0.091
0.091
0.1
0.091
0.107
0.098
0.091
0.085
0.099
0.065
0.065
0.067
0.071
0.065
0.069
0.065
0.069
0.065
0.069
0.068
0.087
0.067
0.068
0.063
0.069
0.064
0.066
0.067
0.067
0.066
0.064
0.063
0.058
0.061
0.059
0.057
0.06
0.076
0.059
0.059
0.151
0.059
0.051
0.06
0.052
0.057
0.052
0.05
0.052
0.05
0.066
0.068
0.067
0.064
0.064
0.069
0.043
0.044
0.059
0.06
0.062
0.057
0.059
0.057
0.06
0.058
0.076
0.056
0.051
0.055
0.05
0.051
0.088
0.069
0.065
0.061
0.058
0.069
0.057
0.057
0.065
0.057
0.063
0.063
0.058
0.061
0.057
0.192
0.057
0.055
0.051
0.055
0.051
0.053
0.056
0.065
0.057
0.043
0.045
0.048
0.069
0.088
0.065
0.074
0.064
0.066
0.065
0.057
0.071
0.101
0.049
0.071
0.069
0.069
0.043
0.042
0.043
0.047
0.072
0.058
0.057
0.05
0.067
0.091
0.076
0.065
0.067
0.069
0.067
0.068
0.065
0.067
0.066
0.069
0.075
0.056
0.06
0.166
0.064
0.056
0.057
0.055
0.052
0.068
0.049
0.061
0.062
0.056
0.064
0.073
0.055
0.058
0.051
0.049
0.059
0.061
0.056
0.06
0.065
0.071
0.097
0.217
0.055
0.055
0.051
0.05
0.054
0.058
0.06
0.058
0.072
0.062
0.06
0.056
0.056
0.051
0.05
0.071
0.063
0.044
0.051
0.042
0.129
0.062
0.057
0.051
0.054
0.057
0.05
0.054
0.056
0.044
0.043
0.05
0.061
0.057
0.057
0.06
0.055
0.057
0.056
0.056
0.056
0.057
0.06
0.056
0.058
0.063
0.058
0.058
0.058
0.058
0.058
0.059
0.057
0.064
0.135
0.058
0.062
0.07
0.058
0.058
0.063
0.059
0.042
0.045
0.043
0.046
0.041
0.046
0.119
0.05
0.058
0.051
0.054
0.051
0.052
0.05
0.049
0.057
0.059
0.056
0.058
0.056
0.058
0.124
0.114
0.042
0.119
0.043
0.115
0.043
0.045
0.05
0.05
0.049
0.052
0.067
0.055
0.05
0.059
0.058
0.059
0.056
0.059
0.056
0.06
0.06
0.058
0.051
0.053
0.05
0.049
0.05
0.051
0.062
0.061
0.056
0.056
0.06
0.058
0.057
0.057
0.063
0.07
0.064
0.063
0.068
0.062
0.064
0.058
0.061
0.058
0.057
0.057
0.086
0.058
0.061
0.074
0.057
0.059
0.057
0.057
0.056
0.06
0.06
0.061
0.055
0.06
0.056
0.059
0.058
0.065
0.057
0.06
0.059
0.059
0.057
0.061
0.057
0.05
0.07
0.05
0.053
0.052
0.05
0.052
0.05
0.054
0.054
0.051
0.051
0.054
0.051
0.057
0.058
0.058
0.056
0.066
0.057
0.077
0.063
0.066
0.066
0.069
0.064
0.064
0.07
0.057
0.059
0.055
0.055
0.064
0.057
0.061
0.059
0.056
0.06
0.058
0.057
0.086
0.062
0.043
0.044
0.042
0.042
0.042
0.044
0.043
0.047
0.05
0.05
0.05
0.049
0.051
0.05
0.052
0.05
0.069
0.043
0.043
0.043
0.047
0.041
0.044
0.052
0.051
0.054
0.111
0.061
0.049
0.054
0.05
0.049
0.05
0.05
0.049
0.049
0.053
0.049
0.05
0.053
0.058
0.05
0.054
0.057
0.067
0.058
0.058
0.061
0.049
0.054
0.048
0.06
0.06
0.056
0.061
0.056
0.064
0.075
0.06
0.05
0.049
0.05
0.05
0.051
0.063
0.063
0.055
0.059
0.055
0.057
0.061
0.05
0.057
0.062
0.056
0.06
0.057
0.061
0.057
0.056
0.06
0.056
0.057
0.056
0.056
0.059
0.074
0.063
0.064
0.062
0.068
0.064
0.066
0.057
0.057
0.059
0.058
0.061
0.058
0.057
0.057
0.065
0.062
0.064
0.084
0.067
0.048
0.05
0.051
0.052
0.049
0.051
0.048
0.048
0.055
0.057
0.061
0.055
0.055
0.055
0.061
0.058
0.059
0.046
0.042
0.041
0.043
0.041
0.043
0.076
0.046
0.048
0.064
0.06
0.054
0.058
0.058
0.058
0.115
0.058
0.056
0.058
0.055
0.058
0.055
0.067
0.042
0.042
0.044
0.049
0.053
0.049
0.051
0.049
0.14
0.061
0.056
0.057
0.055
0.058
0.055
0.058
0.05
0.052
0.048
0.054
0.049
0.049
0.052
0.049
0.064
0.068
0.064
0.064
0.067
0.065
0.063
0.063
0.049
0.043
0.049
0.049
0.053
0.047
0.073
0.051
0.049
0.06
0.061
0.056
0.055
0.059
0.056
0.059
0.056
0.058
0.055
0.048
0.055
0.05
0.049
0.057
0.056
0.058
0.056
0.057
0.058
0.063
0.068
0.059
0.066
0.062
0.065
0.062
0.086
0.064
0.068
0.065
0.063
0.054
0.049
0.048
0.061
0.055
0.048
0.054
0.064
0.056
0.045
0.045
0.046
0.044
0.043
0.055
0.059
0.06
0.059
0.064
0.062
0.066
0.446
0.13
0.13
0.307
0.168
0.064
0.055
0.062
0.079
0.055
0.066
0.062
0.062
0.063
0.062
0.05
0.048
0.052
0.05
0.052
0.048
0.052
0.055
0.055
0.051
0.133
0.091
0.05
0.052
0.05
0.135
0.05
0.059
0.055
0.044
0.042
0.042
0.069
0.042
0.042
0.042
0.043
0.042
0.048
0.049
0.055
0.058
0.093
0.055
0.06
0.056
0.057
0.059
0.056
0.048
0.057
0.075
0.048
0.048
0.048
0.052
0.095
0.049
0.052
0.048
0.077
0.061
0.059
0.056
0.055
0.059
0.055
0.057
0.076
0.049
0.049
0.05
0.048
0.049
0.049
0.052
0.053
0.048
0.06
0.056
0.055
0.058
0.054
0.056
0.055
0.055
0.056
0.042
0.042
0.07
0.042
0.046
0.056
0.045
0.067
0.05
0.049
0.048
0.048
0.048
0.055
0.058
0.055
0.075
0.055
0.06
0.056
0.055
0.058
0.057
0.048
0.056
0.073
0.056
0.057
0.055
0.055
0.057
0.073
0.057
0.055
0.056
0.061
0.058
0.054
0.063
0.055
0.062
0.058
0.055
0.057
0.056
0.058
0.056
0.057
0.058
0.055
0.056
0.059
0.062
0.057
0.056
0.058
0.055
0.049
0.054
0.051
0.049
0.068
0.111
0.06
0.067
0.058
0.056
0.059
0.056
0.053
0.051
0.049
0.048
0.05
0.05
0.049
0.049
0.053
0.048
0.17
0.056
0.058
0.055
0.059
0.057
0.059
0.056
0.061
0.059
0.06
0.075
0.064
0.085
0.062
0.058
0.059
0.058
0.063
0.057
0.059
0.063
0.06
0.056
0.05
0.05
0.05
0.058
0.06
0.056
0.056
0.059
0.057
0.057
0.058
0.056
0.055
0.05
0.057
0.165
0.055
0.051
0.063
0.058
0.063
0.064
0.057
0.061
0.061
0.058
0.062
0.059
0.081
0.067
0.069
0.066
0.079
0.065
0.066
0.191
0.058
0.062
0.071
0.056
0.065
0.056
0.056
0.057
0.065
0.065
0.064
0.068
0.067
0.065
0.065
0.065
0.065
0.043
0.043
0.043
0.045
0.047
0.043
0.045
0.043
0.062
0.058
0.057
0.073
0.064
0.062
0.061
0.06
0.061
0.061
0.061
0.078
0.063
0.059
0.058
0.058
0.057
0.052
0.05
0.053
0.05
0.058
0.061
0.058
0.058
0.062
0.058
0.063
0.059
0.061
0.051
0.054
0.05
0.056
0.051
0.053
0.057
0.053
0.051
0.05
0.053
0.051
0.049
0.053
0.059
0.061
0.056
0.06
0.057
0.065
0.064
0.065
0.066
0.064
0.067
0.063
0.065
0.055
0.059
0.071
0.059
0.079
0.058
0.059
0.08
0.063
0.058
0.062
0.072
0.057
0.058
0.064
0.055
0.077
0.059
0.06
0.055
0.051
0.051
0.054
0.051
0.07
0.052
0.063
0.064
0.064
0.063
0.078
0.056
0.062
0.057
0.203
0.064
0.061
0.084
0.065
0.044
0.043
0.043
0.043
0.06
0.059
0.061
0.058
0.082
0.057
0.057
0.059
0.058
0.06
0.061
0.059
0.062
0.058
0.058
0.071
0.065
0.054
0.051
0.068
0.044
0.044
0.045
0.114
0.044
0.043
0.066
0.063
0.066
0.082
0.068
0.065
0.069
0.065
0.054
0.075
0.05
0.058
0.053
0.056
0.043
0.044
0.056
0.053
0.052
0.059
0.045
0.129
0.053
0.054
0.051
0.071
0.052
0.051
0.051
0.056
0.05
0.052
0.052
0.059
0.053
0.053
0.231
0.096
0.068
0.071
0.065
0.07
0.066
0.07
0.052
0.049
0.051
0.213
0.067
0.069
0.066
0.065
0.066
0.065
0.1
0.069
0.069
0.066
0.059
0.058
0.055
0.052
0.065
0.049
0.051
0.05
0.049
0.048
0.051
0.072
0.047
0.066
0.063
0.071
0.066
0.072
0.056
0.06
0.058
0.059
0.054
0.054
0.062
0.066
0.085
0.065
0.063
0.064
0.064
0.064
0.052
0.068
0.084
0.055
0.049
0.057
0.054
0.064
0.071
0.048
0.252
0.049
0.072
0.049
0.054
0.048
0.061
0.049
0.055
0.083
0.064
0.055
0.061
0.057
0.057
0.055
0.059
0.057
0.055
0.061
0.055
0.052
0.048
0.054
0.072
0.052
0.058
0.049
0.049
0.058
0.056
0.062
0.057
0.073
0.055
0.053
0.061
0.054
0.053
0.057
0.057
0.072
0.053
0.054
0.062
0.061
0.058
0.059
0.062
0.055
0.057
0.251
0.136
0.069
0.056
0.06
0.063
0.049
0.052
0.051
0.055
0.056
0.056
0.054
0.057
0.053
0.047
0.046
0.047
0.05
0.047
0.048
0.051
0.047
0.058
0.053
0.058
0.057
0.055
0.054
0.054
0.057
0.053
0.057
0.054
0.057
0.055
0.053
0.155
0.056
0.053
0.056
0.054
0.181
0.062
0.063
0.059
0.054
0.054
0.053
0.079
0.06
0.054
0.056
0.053
0.057
0.051
0.048
0.047
0.048
0.048
0.05
0.047
0.052
0.054
0.053
0.054
0.054
0.053
0.068
0.072
0.133
0.149
0.072
0.058
0.057
0.067
0.072
0.067
0.072
0.071
0.071
0.069
0.069
0.067
0.069
0.069
0.068
0.072
0.042
0.043
0.04
0.042
0.05
0.049
0.048
0.051
0.048
0.055
0.054
0.056
0.054
0.056
0.054
0.055
0.062
0.052
0.056
0.054
0.041
0.044
0.04
0.056
0.057
0.053
0.055
0.057
0.053
0.054
0.055
0.056
0.055
0.056
0.054
0.054
0.058
0.054
0.053
0.056
0.047
0.05
0.046
0.05
0.048
0.053
0.046
0.05
0.137
0.144
0.059
0.057
0.056
0.055
0.141
0.057
0.053
0.163
0.162
0.173
0.068
0.061
0.053
0.053
0.054
0.055
0.049
0.049
0.049
0.05
0.047
0.048
0.048
0.051
0.05
0.054
0.053
0.054
0.063
0.061
0.081
0.062
0.061
0.068
0.06
0.062
0.064
0.047
0.047
0.047
0.056
0.055
0.053
0.055
0.054
0.055
0.054
0.053
0.054
0.054
0.056
0.054
0.056
0.053
0.06
0.053
0.057
0.057
0.054
0.047
0.048
0.05
0.047
0.047
0.047
0.046
0.14
0.05
0.053
0.054
0.053
0.057
0.053
0.042
0.041
0.044
0.042
0.039
0.048
0.05
0.047
0.047
0.059
0.053
0.052
0.053
0.054
0.055
0.054
0.056
0.054
0.057
0.047
0.047
0.049
0.047
0.047
0.049
0.051
0.048
0.046
0.054
0.053
0.055
0.053
0.053
0.055
0.053
0.054
0.054
0.055
0.054
0.055
0.056
0.056
0.042
0.059
0.042
0.041
0.041
0.041
0.043
0.054
0.043
0.041
0.042
0.051
0.049
0.068
0.048
0.048
0.047
0.047
0.041
0.044
0.054
0.058
0.054
0.055
0.092
0.079
0.075
0.055
0.05
0.062
0.059
0.064
0.062
0.063
0.062
0.061
0.059
0.047
0.056
0.054
0.054
0.055
0.056
0.058
0.053
0.052
0.056
0.058
0.058
0.053
0.054
0.058
0.054
0.056
0.052
0.047
0.057
0.047
0.056
0.047
0.056
0.061
0.054
0.05
0.046
0.048
0.051
0.047
0.047
0.049
0.047
0.047
0.058
0.04
0.041
0.06
0.059
0.062
0.06
0.056
0.053
0.053
0.054
0.057
0.058
0.055
0.054
0.06
0.057
0.053
0.049
0.053
0.058
0.057
0.053
0.057
0.055
0.057
0.056
0.047
0.058
0.054
0.055
0.048
0.048
0.049
0.048
0.055
0.053
0.052
0.055
0.054
0.051
0.047
0.056
0.054
0.054
0.054
0.057
0.054
0.054
0.054
0.056
0.063
0.057
0.053
0.054
0.054
0.054
0.052
0.058
0.055
0.054
0.053
0.057
0.057
0.061
0.067
0.06
0.07
0.094
0.062
0.051
0.046
0.047
0.047
0.047
0.049
0.048
0.047
0.059
0.047
0.054
0.04
0.04
0.042
0.044
0.04
0.04
0.125
0.04
0.055
0.057
0.054
0.053
0.057
0.053
0.056
0.054
0.054
0.054
0.227
0.059
0.056
0.05
0.048
0.054
0.057
0.052
0.059
0.061
0.063
0.236
0.058
0.058
0.065
0.058
0.054
0.053
0.053
0.052
0.051
0.05
0.06
0.047
0.06
0.062
0.052
0.046
0.047
0.048
0.066
0.08
0.059
0.064
0.067
0.064
0.063
0.053
0.057
0.061
0.046
0.056
0.064
0.062
0.067
0.064
0.065
0.061
0.064
0.067
0.055
0.06
0.061
0.065
0.063
0.063
0.061
0.057
0.053
0.096
0.054
0.054
0.054
0.057
0.058
0.052
0.059
0.066
0.052
0.056
0.06
0.054
0.062
0.058
0.054
0.059
0.056
0.053
0.057
0.054
0.057
0.057
0.047
0.047
0.046
0.058
0.046
0.05
0.047
0.047
0.047
0.051
0.047
0.146
0.05
0.048
0.052
0.054
0.05
0.05
0.046
0.082
0.074
0.066
0.053
0.08
0.055
0.093
0.078
0.062
0.079
0.058
0.054
0.056
0.059
0.06
0.055
0.057
0.054
0.056
0.053
0.063
0.054
0.055
0.054
0.056
0.058
0.055
0.06
0.057
0.056
0.054
0.048
0.041
0.041
0.045
0.041
0.04
0.056
0.062
0.055
0.057
0.055
0.056
0.057
0.053
0.054
0.054
0.047
0.048
0.054
0.055
0.057
0.054
0.054
0.056
0.055
0.055
0.057
0.054
0.058
0.054
0.063
0.062
0.063
0.063
0.062
0.062
0.064
0.064
0.063
0.054
0.054
0.058
0.055
0.044
0.041
0.044
0.054
0.049
0.047
0.047
0.047
0.048
0.047
0.048
0.05
0.057
0.055
0.047
0.047
0.047
0.047
0.057
0.055
0.04
0.056
0.053
0.058
0.054
0.054
0.062
0.063
0.061
0.063
0.055
0.063
0.067
0.057
0.055
0.053
0.056
0.058
0.061
0.054
0.054
0.058
0.054
0.057
0.04
0.048
0.062
0.056
0.058
0.054
0.058
0.055
0.053
0.058
0.054
0.053
0.047
0.048
0.049
0.047
0.048
0.049
0.051
0.049
0.047
0.047
0.047
0.054
0.056
0.058
0.054
0.057
0.053
0.054
0.055
0.053
0.056
0.055
0.04
0.053
0.057
0.056
0.057
0.054
0.054
0.058
0.054
0.045
0.043
0.04
0.041
0.044
0.042
0.04
0.058
0.056
0.057
0.076
0.056
0.061
0.059
0.056
0.056
0.061
0.048
0.052
0.049
0.05
0.056
0.048
0.049
0.05
0.051
0.048
0.048
0.05
0.049
0.065
0.082
0.051
0.164
0.064
0.06
0.057
0.06
0.057
0.05
0.076
0.067
0.067
0.093
0.07
0.065
0.066
0.045
0.058
0.121
0.043
0.044
0.043
0.043
0.046
0.05
0.056
0.057
0.058
0.06
0.057
0.056
0.058
0.058
0.057
0.056
0.059
0.056
0.058
0.059
0.055
0.059
0.057
0.061
0.057
0.059
0.058
0.058
0.06
0.051
0.049
0.051
0.051
0.049
0.049
0.054
0.05
0.054
0.06
0.057
0.06
0.058
0.059
0.058
0.06
0.057
0.059
0.057
0.058
0.06
0.056
0.063
0.066
0.064
0.067
0.065
0.066
0.067
0.064
0.05
0.057
0.056
0.061
0.076
0.06
0.061
0.06
0.058
0.063
0.06
0.061
0.057
0.187
0.058
0.062
0.063
0.058
0.06
0.065
0.078
0.067
0.064
0.066
0.056
0.057
0.057
0.059
0.057
0.059
0.056
0.06
0.057
0.06
0.06
0.065
0.061
0.066
0.058
0.056
0.058
0.044
0.043
0.042
0.043
0.05
0.126
0.049
0.174
0.059
0.062
0.057
0.055
0.059
0.044
0.044
0.044
0.045
0.047
0.142
0.056
0.059
0.064
0.061
0.062
0.06
0.062
0.058
0.061
0.062
0.058
0.054
0.076
0.083
0.057
0.061
0.057
0.062
0.057
0.053
0.053
0.051
0.071
0.068
0.069
0.07
0.068
0.066
0.058
0.06
0.057
0.058
0.06
0.058
0.052
0.055
0.054
0.051
0.051
0.065
0.05
0.066
0.057
0.058
0.056
0.059
0.057
0.059
0.059
0.061
0.058
0.061
0.055
0.051
0.053
0.051
0.05
0.053
0.055
0.05
0.057
0.061
0.056
0.056
0.06
0.065
0.052
0.051
0.053
0.061
0.051
0.05
0.05
0.051
0.052
0.062
0.05
0.051
0.059
0.058
0.057
0.059
0.06
0.06
0.06
0.052
0.055
0.051
0.056
0.051
0.055
0.05
0.044
0.066
0.065
0.044
0.065
0.048
0.058
0.054
0.051
0.051
0.055
0.052
0.06
0.058
0.061
0.192
0.066
0.064
0.069
0.055
0.052
0.055
0.051
0.051
0.061
0.075
0.06
0.063
0.059
0.059
0.062
0.057
0.058
0.069
0.058
0.062
0.063
0.059
0.059
0.047
0.069
0.067
0.069
0.065
0.07
0.065
0.069
0.061
0.061
0.06
0.059
0.058
0.062
0.058
0.045
0.058
0.064
0.209
0.06
0.062
0.059
0.045
0.045
0.048
0.046
0.048
0.054
0.061
0.052
0.055
0.06
0.058
0.054
0.062
0.066
0.066
0.07
0.064
0.065
0.067
0.066
0.058
0.057
0.058
0.06
0.057
0.062
0.058
0.059
0.061
0.059
0.07
0.077
0.059
0.062
0.06
0.115
0.059
0.06
0.068
0.062
0.057
0.058
0.063
0.071
0.065
0.072
0.073
0.071
0.058
0.056
0.066
0.055
0.09
0.05
0.059
0.051
0.066
0.062
0.066
0.063
0.057
0.077
0.062
0.057
0.05
0.044
0.047
0.129
0.046
0.048
0.045
0.063
0.083
0.067
0.06
0.076
0.062
0.056
0.058
0.057
0.047
0.046
0.043
0.042
0.05
0.05
0.052
0.048
0.049
0.05
0.053
0.056
0.057
0.059
0.059
0.056
0.166
0.067
0.062
0.056
0.057
0.075
0.059
0.06
0.064
0.06
0.06
0.059
0.06
0.076
0.057
0.058
0.065
0.065
0.065
0.067
0.069
0.066
0.066
0.068
0.07
0.057
0.051
0.052
0.05
0.052
0.054
0.051
0.054
0.051
0.053
0.057
0.06
0.067
0.065
0.07
0.065
0.065
0.065
0.069
0.064
0.068
0.056
0.06
0.056
0.061
0.057
0.061
0.059
0.057
0.058
0.058
0.057
0.059
0.06
0.061
0.058
0.067
0.065
0.07
0.065
0.065
0.064
0.064
0.069
0.066
0.059
0.063
0.058
0.057
0.06
0.056
0.059
0.058
0.063
0.058
0.06
0.059
0.057
0.06
0.058
0.06
0.05
0.05
0.05
0.051
0.054
0.05
0.058
0.044
0.044
0.043
0.045
0.058
0.059
0.058
0.08
0.058
0.062
0.061
0.058
0.186
0.06
0.058
0.058
0.053
0.054
0.059
0.059
0.061
0.072
0.059
0.062
0.063
0.059
0.058
0.058
0.063
0.061
0.078
0.058
0.062
0.047
0.043
0.044
0.08
0.051
0.064
0.061
0.062
0.062
0.067
0.06
0.057
0.062
0.059
0.084
0.062
0.058
0.063
0.057
0.082
0.063
0.058
0.062
0.193
0.056
0.056
0.056
0.054
0.055
0.053
0.056
0.054
0.055
0.056
0.054
0.076
0.052
0.061
0.062
0.062
0.062
0.058
0.058
0.181
0.058
0.178
0.184
0.168
0.193
0.073
0.065
0.065
0.063
0.063
0.06
0.061
0.066
0.059
0.059
0.059
0.103
0.062
0.061
0.063
0.059
0.064
0.059
0.058
0.077
0.058
0.058
0.062
0.06
0.046
0.059
0.058
0.061
0.059
0.06
0.057
0.052
0.052
0.132
0.053
0.051
0.061
0.05
0.059
0.062
0.059
0.062
0.061
0.087
0.066
0.06
0.089
0.186
0.062
0.065
0.06
0.063
0.06
0.073
0.064
0.053
0.054
0.069
0.053
0.054
0.05
0.166
0.052
0.158
0.058
0.176
0.059
0.058
0.059
0.059
0.058
0.059
0.061
0.059
0.061
0.059
0.057
0.058
0.06
0.058
0.062
0.059
0.061
0.059
0.048
0.06
0.046
0.044
0.043
0.047
0.066
0.046
0.044
0.044
0.046
0.068
0.045
0.047
0.074
0.045
0.069
0.108
0.073
0.064
0.069
0.064
0.073
0.067
0.069
0.069
0.067
0.062
0.058
0.06
0.062
0.06
0.06
0.062
0.06
0.064
0.053
0.053
0.053
0.054
0.053
0.054
0.055
0.052
0.17
0.055
0.061
0.063
0.06
0.061
0.072
0.06
0.06
0.064
0.193
0.061
0.063
0.061
0.06
0.062
0.06
0.06
0.075
0.056
0.043
0.046
0.042
0.043
0.044
0.041
0.059
0.061
0.074
0.045
0.044
0.141
0.068
0.058
0.066
0.071
0.07
0.069
0.056
0.051
0.053
0.054
0.078
0.061
0.071
0.061
0.062
0.062
0.063
0.06
0.062
0.061
0.052
0.058
0.164
0.057
0.052
0.055
0.051
0.052
0.056
0.073
0.068
0.071
0.096
0.054
0.054
0.054
0.053
0.068
0.06
0.061
0.064
0.065
0.08
0.059
0.06
0.063
0.068
0.072
0.068
0.069
0.067
0.069
0.064
0.062
0.062
0.059
0.059
0.062
0.06
0.06
0.068
0.068
0.071
0.068
0.071
0.068
0.07
0.067
0.069
0.069
0.069
0.067
0.07
0.058
0.07
0.067
0.072
0.063
0.063
0.06
0.058
0.051
0.053
0.05
0.051
0.05
0.141
0.185
0.051
0.045
0.047
0.129
0.046
0.044
0.044
0.044
0.043
0.051
0.125
0.121
0.053
0.054
0.173
0.058
0.063
0.056
0.062
0.058
0.058
0.056
0.071
0.074
0.059
0.063
0.059
0.058
0.062
0.063
0.062
0.057
0.058
0.063
0.058
0.059
0.061
0.059
0.061
0.057
0.06
0.059
0.059
0.061
0.057
0.059
0.058
0.061
0.058
0.06
0.058
0.059
0.058
0.061
0.058
0.059
0.057
0.173
0.064
0.058
0.063
0.06
0.076
0.068
0.051
0.052
0.057
0.059
0.062
0.062
0.058
0.058
0.075
0.059
0.069
0.071
0.069
0.071
0.07
0.066
0.069
0.067
0.341
0.086
0.073
0.065
0.071
0.065
0.062
0.064
0.065
0.065
0.066
0.064
0.066
0.167
0.058
0.056
0.061
0.056
0.06
0.055
0.06
0.056
0.059
0.058
0.06
0.057
0.057
0.061
0.056
0.055
0.055
0.073
0.06
0.061
0.066
0.068
0.066
0.065
0.067
0.062
0.062
0.058
0.062
0.065
0.065
0.068
0.064
0.064
0.066
0.066
0.058
0.057
0.055
0.06
0.056
0.056
0.066
0.09
0.052
0.05
0.059
0.06
0.051
0.059
0.059
0.05
0.053
0.051
0.051
0.055
0.052
0.051
0.059
0.065
0.06
0.063
0.058
0.1
0.059
0.06
0.061
0.058
0.057
0.061
0.061
0.084
0.061
0.064
0.063
0.156
0.06
0.059
0.064
0.063
0.061
0.06
0.062
0.059
0.065
0.058
0.059
0.062
0.062
0.058
0.058
0.053
0.056
0.051
0.052
0.063
0.067
0.066
0.068
0.052
0.051
0.053
0.051
0.051
0.052
0.052
0.052
0.053
0.052
0.052
0.052
0.053
0.054
0.058
0.052
0.052
0.051
0.052
0.058
0.062
0.059
0.061
0.059
0.06
0.062
0.057
0.069
0.068
0.07
0.066
0.069
0.065
0.067
0.073
0.066
0.068
0.068
0.066
0.071
0.069
0.066
0.06
0.051
0.051
0.062
0.058
0.062
0.053
0.05
0.059
0.058
0.059
0.061
0.061
0.059
0.061
0.059
0.057
0.061
0.058
0.053
0.055
0.052
0.055
0.051
0.051
0.051
0.054
0.06
0.063
0.071
0.059
0.058
0.057
0.05
0.05
0.055
0.052
0.052
0.052
0.051
0.052
0.059
0.071
0.056
0.06
0.058
0.057
0.084
0.056
0.078
0.059
0.059
0.064
0.058
0.058
0.061
0.059
0.066
0.069
0.066
0.067
0.062
0.061
0.058
0.07
0.059
0.065
0.09
0.058
0.068
0.067
0.059
0.061
0.058
0.07
0.055
0.053
0.055
0.051
0.051
0.05
0.074
0.065
0.065
0.068
0.066
0.069
0.067
0.071
0.073
0.059
0.056
0.061
0.056
0.059
0.057
0.056
0.057
0.058
0.06
0.057
0.061
0.057
0.057
0.058
0.057
0.06
0.058
0.057
0.073
0.063
0.057
0.057
0.06
0.057
0.06
0.056
0.057
0.06
0.056
0.05
0.052
0.051
0.05
0.053
0.05
0.049
0.053
0.05
0.059
0.058
0.057
0.057
0.056
0.057
0.057
0.057
0.057
0.06
0.06
0.057
0.051
0.053
0.05
0.05
0.054
0.051
0.059
0.057
0.055
0.059
0.06
0.05
0.053
0.05
0.05
0.055
0.054
0.06
0.06
0.057
0.058
0.06
0.058
0.057
0.06
0.056
0.056
0.058
0.067
0.057
0.068
0.064
0.067
0.067
0.063
0.064
0.064
0.05
0.145
0.055
0.051
0.051
0.051
0.052
0.065
0.065
0.055
0.069
0.071
0.053
0.068
0.056
0.074
0.076
0.06
0.059
0.066
0.06
0.059
0.062
0.052
0.051
0.051
0.052
0.051
0.054
0.051
0.059
0.061
0.06
0.064
0.059
0.06
0.059
0.059
0.061
0.058
0.061
0.059
0.062
0.058
0.066
0.066
0.072
0.071
0.066
0.067
0.064
0.061
0.06
0.101
0.059
0.06
0.084
0.055
0.052
0.056
0.052
0.107
0.053
0.055
0.053
0.053
0.052
0.056
0.085
0.053
0.052
0.049
0.053
0.049
0.312
0.048
0.047
0.05
0.102
0.048
0.274
0.049
0.046
0.162
0.079
0.075
0.06
0.054
0.052
0.056
0.06
0.055
0.056
0.107
0.053
0.052
0.053
0.056
0.075
0.066
0.056
0.055
0.053
0.052
0.055
0.053
0.053
0.055
0.054
0.061
0.053
0.055
0.052
0.057
0.053
0.055
0.052
0.055
0.086
0.052
0.053
0.053
0.054
0.057
0.053
0.056
0.053
0.056
0.055
0.056
0.052
0.055
0.052
