0.283
0.166
0.202
0.169
0.164
0.164
0.163
0.184
0.179
0.161
0.164
0.161
0.167
0.168
0.164
0.164
0.165
0.163
0.162
0.165
0.165
0.165
0.163
0.163
0.166
0.164
0.169
0.163
0.334
0.165
0.164
0.163
0.191
0.164
0.165
0.164
0.168
0.164
0.172
0.209
0.353
0.267
0.256
0.16
0.164
0.162
0.16
0.166
0.162
0.166
0.165
0.166
0.183
0.167
0.188
0.229
0.211
0.309
0.232
0.28
0.225
0.212
0.216
0.213
0.21
0.349
0.303
0.307
0.284
0.27
0.269
0.265
0.213
0.349
0.259
0.26
0.167
0.164
0.167
0.166
0.248
0.348
0.165
0.165
0.169
0.251
0.211
0.209
0.475
0.3
0.301
0.298
0.303
0.322
0.185
0.166
0.17
0.251
0.252
0.217
0.272
0.354
0.262
0.173
0.162
0.25
0.211
0.166
0.164
0.214
0.357
0.172
0.169
0.166
0.166
0.321
0.279
0.192
0.169
0.175
0.166
0.188
0.164
0.172
0.169
0.17
0.167
0.255
0.214
0.165
0.194
0.165
0.276
0.168
0.21
0.191
0.254
0.212
0.243
0.208
0.173
0.282
0.215
0.168
0.819
0.88
0.538
0.753
0.39
0.373
0.348
0.353
0.355
0.35
0.751
0.355
0.243
0.309
0.324
0.225
0.228
0.228
0.231
0.372
0.223
0.37
0.229
0.463
0.316
0.377
0.247
0.271
0.268
0.27
0.461
0.439
0.311
0.427
0.27
0.368
0.287
0.327
0.604
0.182
0.218
0.171
0.375
0.264
0.281
0.184
0.297
0.318
0.265
0.284
0.278
0.848
0.281
0.359
0.515
0.935
0.41
0.292
0.295
0.744
0.27
0.167
0.262
0.216
0.258
0.222
0.343
0.475
0.193
0.476
0.315
0.315
0.203
0.666
0.262
0.203
0.216
0.164
0.267
0.26
0.167
0.309
0.215
0.262
0.457
0.217
0.556
0.36
0.388
0.355
0.291
0.287
0.252
0.226
0.753
0.239
0.311
0.219
0.31
0.262
0.282
0.328
0.305
0.489
0.271
0.214
0.359
0.404
0.358
0.761
0.547
0.325
0.32
0.354
0.47
0.484
0.479
0.261
0.226
0.314
0.265
1.15
0.468
0.464
0.431
0.654
0.999
0.7
0.616
0.984
0.979
0.578
0.576
0.585
0.993
0.392
0.395
0.59
0.447
0.221
0.287
0.385
0.356
0.512
0.269
0.437
0.38
0.788
0.63
0.491
0.32
0.723
0.733
0.712
0.413
1.941
0.335
0.953
0.762
0.555
0.779
0.83
0.855
0.872
1.06
0.91
0.522
0.71
0.603
1.358
0.452
0.309
0.405
0.478
0.504
0.424
0.395
0.441
0.543
0.453
0.401
0.348
0.663
0.733
0.401
0.756
0.502
0.317
0.364
0.79
0.426
0.483
0.424
0.37
0.787
1.499
0.452
0.263
0.356
0.758
0.428
0.306
0.563
0.888
0.497
0.366
0.315
0.52
0.401
0.595
1.84
0.62
0.494
0.496
0.732
0.896
0.478
0.936
0.614
0.578
1.336
0.419
0.361
0.281
0.359
0.778
0.327
0.474
0.514
0.761
0.542
0.745
0.513
2.065
1.079
1
1.075
1.447
0.634
0.751
0.806
1.033
1.234
1.027
0.715
1.307
1.435
0.643
0.406
0.481
0.789
0.854
0.468
0.504
0.928
0.551
0.938
1.526
0.468
1.169
0.988
0.775
0.456
1.461
0.61
0.566
0.583
1.486
0.314
0.518
0.545
0.703
0.371
0.485
0.398
0.496
0.691
0.858
0.56
0.662
0.692
0.444
0.568
0.919
0.555
0.67
0.429
0.571
0.843
0.756
1.225
0.47
0.499
0.314
0.719
0.669
0.559
0.484
0.504
0.967
1.077
1.043
1.028
0.893
0.631
0.573
0.56
0.635
0.505
0.512
0.679
0.918
0.928
1.649
0.781
0.557
0.443
0.526
0.441
0.955
0.648
0.704
1.144
0.816
1.024
1.028
0.688
0.522
0.533
0.551
0.891
0.43
0.708
0.554
0.879
0.598
0.616
0.438
0.439
0.865
0.827
0.524
0.425
0.583
0.558
0.615
0.375
0.518
1.306
0.566
1.054
0.576
0.654
0.624
1.099
1.033
2.401
0.73
0.589
1.674
0.584
1.487
2.278
1.135
0.447
0.356
0.634
0.437
0.726
0.779
0.537
0.442
0.674
1.655
1.106
0.835
0.864
0.643
0.988
0.85
1.068
0.99
0.981
0.744
0.459
0.763
0.874
0.912
0.48
1.266
1.096
0.616
1.279
0.757
0.619
1.015
0.862
0.801
1.065
1.916
0.926
1.175
2.649
0.75
1.033
0.83
0.529
0.684
0.668
0.743
1.408
0.617
0.623
0.983
0.635
1.021
1.237
1.857
2.487
0.834
1.088
0.979
0.771
0.858
0.63
0.584
0.872
0.745
1.167
1.082
0.653
1.626
2.464
1.883
0.968
0.743
1.078
1.194
1.821
0.653
0.991
0.654
0.779
1.436
1.657
1.197
1.904
1.022
1.637
1.232
4.552
1.108
1.408
2.343
1.26
0.917
1.097
1.028
1.112
2.129
7.832
1.834
2.012
1.934
1.205
1.729
2.62
1.207
1.479
1.313
1.768
1.089
1.412
1.16
1.175
2.607
2.011
1.752
1.087
1.297
0.673
0.618
1.243
1.087
0.538
0.586
1.169
1.172
0.718
0.85
1.065
1.455
0.678
0.884
1.301
1.04
1.331
1.428
0.82
0.827
0.588
0.672
1.991
1.152
1.642
0.625
0.734
0.956
1.474
0.63
0.932
0.65
0.745
0.822
1.19
2.117
1.034
1.422
2.105
0.576
0.875
0.653
0.565
0.666
0.669
0.562
0.681
0.969
1.065
0.843
3.043
0.802
0.788
0.858
0.802
1.169
0.548
0.822
0.629
0.702
1.049
0.734
0.907
1.205
1.09
0.694
0.848
1.046
1.696
0.624
0.683
1.283
0.805
0.674
1.248
0.827
0.704
0.922
0.898
0.999
0.752
0.601
0.884
1.233
0.877
0.803
1.426
0.687
0.759
0.692
0.671
0.666
0.752
0.887
0.899
0.913
1.157
0.784
0.712
0.625
0.844
0.779
0.737
0.641
0.917
0.669
0.685
0.827
0.825
0.653
0.878
0.837
0.544
0.942
0.842
1.458
2.012
2.083
1.409
0.954
0.732
0.725
0.696
0.731
0.684
0.709
0.714
0.762
0.816
1.354
2.727
1.733
0.887
0.771
0.769
0.646
0.634
0.647
0.712
3.041
0.906
0.811
0.635
0.813
0.746
1.248
0.725
0.683
0.759
0.623
0.648
0.728
1.549
1.643
0.688
1.431
0.635
1.675
1.408
1.322
1.405
2.825
1.839
1.749
2.085
2.752
1.101
0.851
0.767
0.774
1.151
0.806
0.97
0.712
1.16
0.961
0.775
0.894
1.305
0.946
4.042
0.903
0.8
1.104
1.053
2.261
1.152
0.947
0.685
1.093
0.9
0.7
0.717
0.634
1.262
1.053
1.035
2.495
1.321
2.131
1.793
0.667
0.734
0.857
1.786
1.339
0.921
1.007
1.325
0.807
0.97
1.932
1.083
0.987
0.996
1.013
0.65
0.671
1.751
0.651
0.775
0.888
1.151
0.78
0.82
0.774
0.686
0.797
1.879
0.794
0.707
0.77
0.862
0.859
0.636
1.362
0.623
0.754
0.708
0.748
0.703
0.699
0.67
0.717
1.41
0.748
0.78
1.493
0.762
0.822
0.762
1.545
1.309
0.716
0.626
1.619
0.884
0.773
0.721
0.759
0.717
0.791
0.957
0.636
0.774
0.872
0.718
0.866
1.07
1.454
1.068
1.487
1.314
1.745
1.672
0.705
0.83
0.72
1.002
0.81
0.814
0.889
0.723
1.44
0.873
0.733
0.729
0.852
0.696
0.68
1.003
0.691
1.568
0.808
1.497
0.619
0.621
0.867
0.806
0.636
1.055
0.933
0.905
0.867
1.016
0.885
0.67
0.811
1.071
0.875
1.15
0.916
0.742
0.765
0.83
0.629
0.765
0.751
0.991
0.862
1.616
0.809
0.673
0.676
0.657
1.326
0.818
1.055
1.133
0.712
0.648
0.801
0.815
0.631
0.849
0.618
0.72
0.708
0.713
1.434
0.782
0.783
0.752
1.537
0.849
0.729
1.813
0.804
0.907
0.984
0.989
0.917
0.875
1.083
0.932
0.774
1.188
1.662
0.995
0.798
0.994
0.865
0.805
1.045
0.861
0.872
2.68
1.397
0.996
1.904
0.83
0.753
1.728
0.899
0.932
0.902
3.893
1.077
0.682
0.888
0.833
0.844
0.977
0.886
1.552
0.929
0.825
0.639
0.778
0.642
0.865
0.863
0.957
1.168
1.033
0.893
1.167
1.065
0.634
0.719
0.889
0.854
0.806
0.618
0.623
0.933
0.901
0.794
0.973
1.192
0.806
0.986
0.987
0.905
0.631
0.642
1.105
1.029
0.883
0.926
2.893
1.736
0.773
0.8
1.037
0.842
1.811
0.718
0.621
1.041
1.013
0.628
0.982
2.166
0.964
0.722
0.649
0.712
0.639
0.664
1.272
0.993
2.28
0.743
1.035
1.582
0.986
0.794
0.799
0.733
0.787
0.906
0.649
0.59
0.903
0.741
0.907
1.416
0.677
1.07
0.795
0.802
0.791
0.78
1.069
0.772
0.847
0.833
0.811
0.993
0.98
1.004
0.805
2.652
0.784
1.111
1.012
0.81
0.911
0.913
1.178
2.139
0.893
0.49
0.988
0.5
1.232
1.042
0.77
0.882
0.964
1.511
1.022
0.87
2.04
0.491
0.976
0.881
0.77
0.806
0.888
0.732
1.073
0.909
0.806
0.494
1.41
0.981
0.875
1.487
1.052
1.09
0.824
0.87
0.865
0.826
0.765
0.774
1.082
0.984
0.731
0.932
1.994
1.049
0.758
0.846
0.828
0.733
0.853
0.762
0.895
0.831
0.873
0.727
0.766
0.769
1.062
0.878
0.861
0.607
2.222
0.873
0.808
0.819
0.773
1.57
0.857
0.809
0.803
0.822
0.918
1.269
0.853
1.175
1.12
0.847
1.097
0.893
0.857
0.99
0.859
0.858
0.884
1.124
1.037
0.922
1.171
0.971
0.954
0.848
1.145
0.984
0.555
0.609
0.877
1.099
1.028
0.858
0.895
0.858
0.66
0.853
1.053
0.6
0.643
0.873
0.934
1.132
1.876
0.589
0.585
0.872
0.814
0.815
0.804
0.802
0.874
0.851
1.024
0.533
0.889
0.827
1.165
0.87
0.87
0.883
1.877
0.881
0.87
0.872
0.597
0.765
0.82
0.861
0.994
0.879
1.005
0.792
0.563
1.258
0.772
0.899
1.043
0.771
0.762
0.582
1.067
1.031
1.039
0.767
0.899
1.587
0.859
0.608
0.865
0.812
0.917
0.875
0.952
0.851
1.641
0.861
1.713
0.993
1.014
1.006
1.037
1.011
1.22
1.961
0.999
0.815
0.535
0.921
0.922
1.028
0.547
0.867
0.533
2.059
0.761
0.877
0.867
0.82
0.998
0.58
1.046
0.885
0.795
0.813
0.805
0.903
0.763
0.864
0.891
0.759
0.602
2.036
0.879
1.123
0.711
0.895
0.877
0.797
0.558
0.56
0.884
0.889
0.869
0.558
0.582
0.702
1.057
1.704
0.752
0.757
0.869
0.579
0.624
0.581
1.036
0.765
0.844
0.981
0.538
0.942
0.761
0.604
0.958
1.425
1.188
0.841
0.527
0.802
0.6
0.862
0.586
0.618
0.578
0.94
0.875
1.061
0.565
0.788
0.968
0.762
1.533
1.554
0.867
0.955
0.962
0.633
0.628
0.703
0.838
1.368
0.836
0.586
0.607
0.794
0.603
0.651
1.276
0.561
0.994
0.642
0.677
1.068
0.638
0.799
0.943
0.632
0.833
0.843
0.874
0.657
1.007
0.698
0.924
0.863
1.36
0.562
0.897
0.827
0.936
0.645
0.867
0.929
0.832
0.883
0.999
0.803
0.529
0.911
1.829
0.848
0.706
0.789
0.523
0.749
0.513
0.886
0.933
1.353
1.579
1.03
0.844
0.749
0.902
0.799
0.523
0.693
0.628
0.706
0.921
0.592
1.775
0.755
0.656
0.81
0.932
0.664
0.613
0.615
0.758
0.616
0.544
0.529
0.615
0.624
0.827
0.964
0.88
0.617
0.794
0.766
1.034
1.346
0.752
0.608
0.517
0.532
0.604
0.912
1.377
0.749
0.613
0.838
0.713
1.785
0.667
0.702
0.638
0.748
0.8
1.09
0.924
0.665
1.248
0.671
0.651
1.276
0.691
0.688
0.614
0.599
1.141
0.647
0.866
0.749
0.61
0.699
0.71
1.254
1.263
1.233
0.804
0.769
0.912
0.908
0.79
0.707
0.843
0.749
0.719
0.541
0.757
0.68
0.579
0.751
0.728
1.569
1.462
1.321
0.826
0.706
0.967
0.532
0.695
0.794
0.878
0.684
0.835
0.873
0.733
0.602
0.685
0.625
0.742
0.654
0.608
0.609
0.607
0.609
0.721
1.157
1.521
0.761
0.693
0.616
0.794
0.736
0.703
0.615
0.648
0.917
0.779
0.716
0.836
0.899
0.831
0.895
0.642
2
1.397
0.861
0.923
0.785
0.763
0.565
0.864
0.625
0.643
0.646
0.638
0.779
1.564
0.859
1.083
1.536
0.817
0.956
1.023
0.534
0.794
0.693
0.82
0.629
1.603
0.643
0.809
0.714
0.796
0.701
0.542
0.671
0.58
0.638
1.105
0.781
1.189
0.81
0.61
0.606
0.831
0.707
0.713
0.708
0.712
0.709
1.447
0.913
0.674
0.569
0.803
0.886
0.806
0.886
0.829
0.55
0.882
0.645
0.803
0.793
0.643
0.625
0.62
0.785
0.927
0.66
0.798
0.657
0.671
0.804
0.783
0.937
0.876
1.199
0.744
0.623
0.831
0.85
0.751
0.528
0.519
0.514
0.519
0.743
0.747
0.521
0.784
0.824
0.907
0.613
1.401
1.551
0.688
1.74
0.836
0.751
0.614
0.881
0.612
0.526
0.749
1.016
0.605
0.663
1.004
0.672
0.765
0.864
0.659
0.951
0.752
0.832
0.746
0.773
0.784
0.767
1.234
0.769
0.799
0.854
0.828
0.827
0.692
0.946
0.574
0.554
0.546
0.757
0.684
0.933
1.52
0.681
1.658
1.155
1.416
0.901
0.899
0.921
1.641
0.739
0.756
0.773
0.655
1.139
0.608
1.598
0.769
0.655
1.253
0.731
0.728
0.918
0.824
0.826
0.769
0.765
1.56
0.627
0.91
0.91
1.812
0.982
0.976
1.425
1.319
0.962
0.714
0.841
0.806
0.612
0.707
0.807
0.949
0.618
0.936
0.749
0.761
0.68
0.694
0.888
1.311
1.453
0.903
0.828
0.711
0.638
0.987
0.949
0.864
0.744
0.806
0.841
0.639
0.776
0.644
0.826
0.868
0.823
1.258
0.87
0.826
1.003
0.771
0.835
0.817
1.259
0.876
0.694
0.687
0.817
0.869
0.736
0.923
0.906
0.691
1.147
1.182
0.625
0.848
0.621
0.691
0.711
0.9
0.83
0.804
0.667
0.646
0.726
0.867
0.696
0.822
0.894
0.891
0.87
0.636
2.759
0.919
0.687
0.679
0.759
0.728
0.778
1.412
0.837
0.834
0.685
0.853
0.757
1.023
0.827
0.825
1.424
0.808
0.849
1.039
0.855
0.836
0.871
0.837
0.833
0.853
0.825
0.927
0.792
1.514
0.79
0.814
0.783
0.657
0.79
0.774
0.756
0.613
0.997
1.012
0.724
0.806
0.677
0.71
0.813
0.7
0.791
0.673
0.652
0.711
0.718
1.206
0.803
0.928
1.217
0.668
0.847
0.794
0.826
0.78
0.828
0.733
0.728
0.658
0.716
0.697
0.693
0.765
1.803
0.942
0.924
0.673
0.64
1.095
0.649
0.685
0.815
0.787
1.698
0.825
0.828
0.82
1.199
0.803
0.631
0.747
0.696
0.763
0.751
0.658
0.933
0.668
0.657
1.705
0.876
0.837
0.797
0.819
0.737
1.02
0.607
1.31
1.07
0.749
0.927
0.697
0.907
0.783
0.693
0.648
0.739
0.698
0.643
0.674
0.716
0.718
0.663
0.767
0.701
1.165
0.96
0.938
0.795
0.624
1.282
0.604
0.695
0.684
0.687
0.694
0.689
0.714
1.233
0.686
0.741
0.697
0.748
0.766
1.11
0.611
1.653
0.756
0.695
0.736
0.907
0.713
1.387
0.737
0.771
0.829
0.796
0.852
0.815
0.744
0.614
0.743
0.615
0.642
0.647
0.746
0.745
1.189
0.784
0.694
1.466
0.929
0.722
0.611
0.744
1.26
0.736
0.608
0.697
0.703
0.758
0.938
0.696
0.972
1.538
0.801
0.74
0.93
1.318
0.717
0.784
0.91
0.762
0.92
0.74
0.695
0.844
0.735
1.323
0.743
0.809
0.778
0.764
1.426
0.812
0.73
0.813
0.804
0.926
0.742
0.928
1.153
0.756
0.762
0.905
1.193
0.651
0.702
0.705
0.87
0.715
0.704
0.801
0.794
0.701
0.921
0.651
0.72
0.672
1.083
1.305
0.706
0.694
0.769
0.714
0.716
0.802
0.801
0.752
0.832
0.787
0.744
0.831
0.972
0.771
0.785
0.77
0.7
1.655
0.707
0.95
0.83
0.725
0.834
0.785
0.757
0.715
0.775
0.79
0.779
0.798
1.55
0.808
0.841
1.301
1.67
0.67
0.899
0.836
0.71
0.769
0.671
0.719
0.876
0.797
0.721
0.844
0.892
0.789
0.871
0.75
0.87
0.714
1.685
0.853
0.759
0.784
0.767
0.707
0.783
0.677
0.67
1.441
0.759
0.862
0.754
0.757
0.787
0.665
0.924
0.808
0.712
1.144
0.706
0.663
0.802
0.753
0.756
0.711
0.837
0.896
0.664
0.86
0.878
0.787
1.721
0.693
0.703
2.038
0.668
1.188
0.702
0.699
0.74
0.829
0.73
0.839
0.841
1.57
0.698
0.833
1.323
0.883
0.843
0.876
0.863
0.753
0.867
1.841
0.754
0.763
0.802
0.653
0.739
0.847
0.768
0.845
0.811
0.844
0.792
0.826
0.836
0.799
0.872
1.509
0.863
0.671
1.75
0.814
0.78
0.743
0.78
0.797
0.781
0.809
0.749
0.745
0.807
0.813
0.752
0.805
0.712
0.715
2.759
0.836
0.78
0.879
0.705
0.758
0.806
0.842
0.749
0.73
0.846
0.764
0.855
0.805
0.838
0.88
0.891
0.883
1.637
0.872
1.709
0.913
1.849
0.997
0.883
0.667
0.806
0.777
0.819
0.778
0.769
0.734
0.655
0.945
0.911
0.723
0.713
0.818
0.802
1.624
0.716
0.699
0.692
0.687
0.776
0.657
0.944
0.839
0.821
0.818
0.82
0.853
0.872
0.826
0.862
1.092
0.724
0.698
0.71
0.727
0.535
0.537
0.583
0.56
0.532
0.6
0.57
1.255
1.305
0.864
0.861
0.852
0.864
0.7
0.68
0.771
0.704
0.691
0.965
1.119
0.671
0.677
0.442
0.456
0.456
0.451
0.444
0.442
0.452
0.448
0.451
0.851
0.496
0.5
0.407
0.636
0.507
0.719
0.711
0.729
0.713
0.708
0.254
0.249
0.249
0.253
0.598
0.709
0.778
0.582
0.581
0.573
0.576
0.579
0.723
1.45
0.748
0.716
0.712
0.755
0.736
0.715
0.529
0.486
0.49
0.509
0.52
0.508
0.936
0.561
0.398
0.639
0.52
0.277
0.21
0.301
0.298
0.3
0.166
0.267
0.213
0.213
0.236
0.219
0.358
0.262
0.288
0.269
0.273
0.249
0.387
0.396
0.39
0.391
0.394
0.391
0.391
0.392
0.168
0.169
0.178
0.163
0.482
0.688
0.616
0.946
0.496
0.475
0.207
0.351
0.248
0.431
0.297
0.527
0.628
0.384
0.428
0.427
0.458
0.43
0.494
0.438
0.449
0.168
0.164
0.47
0.451
0.441
0.27
0.226
0.206
0.204
0.358
0.256
0.255
0.27
0.251
0.247
0.248
0.44
0.295
0.303
0.3
0.535
0.445
0.442
0.43
0.435
0.436
0.433
0.16
0.159
0.207
0.22
0.305
0.306
0.303
0.303
0.303
0.306
0.307
0.307
0.299
0.391
0.386
0.173
0.164
0.164
0.162
0.168
0.281
0.549
0.344
0.432
0.82
0.485
0.484
0.506
0.486
0.481
0.482
0.174
0.3
0.348
0.251
0.619
0.727
0.297
0.291
0.161
0.16
0.294
0.525
0.337
0.334
0.627
0.713
0.424
0.427
0.833
0.243
0.205
0.244
0.473
0.476
0.477
0.475
0.338
0.248
0.246
0.255
0.207
0.205
0.358
0.251
0.258
0.255
0.248
0.254
0.174
0.246
0.206
0.204
0.206
0.203
0.489
0.33
0.558
0.619
0.381
0.383
0.382
0.382
0.39
0.722
0.206
0.205
0.204
0.206
0.397
0.252
0.156
0.156
0.158
0.242
0.204
0.203
0.273
0.205
0.429
0.427
0.451
0.433
0.427
0.429
0.254
0.254
0.432
0.292
0.525
0.345
0.347
0.366
0.627
0.165
0.16
0.247
0.205
0.22
0.211
0.729
0.211
0.229
0.203
0.205
0.202
0.336
0.247
0.433
0.299
0.298
0.293
0.329
0.534
0.16
0.16
0.159
0.161
0.161
0.157
0.262
0.35
0.281
0.256
0.254
0.254
0.257
0.253
0.396
0.391
0.39
0.394
0.389
0.398
0.427
0.339
0.265
0.265
0.253
0.512
0.309
0.465
0.442
0.442
0.441
0.859
0.5
0.545
0.969
0.442
0.398
0.395
0.258
0.257
0.258
0.263
0.261
0.271
0.294
0.263
0.254
0.352
0.35
0.352
0.379
0.349
0.357
0.173
0.17
0.169
0.168
0.251
0.211
0.21
0.213
0.21
0.363
0.463
0.378
0.625
0.307
0.306
0.301
0.3
0.655
0.381
0.405
0.39
0.389
0.746
0.604
0.863
0.495
0.315
0.314
0.424
0.362
0.266
0.457
0.316
0.567
0.281
0.255
0.249
0.262
0.256
0.284
0.302
0.559
0.344
0.35
0.629
0.73
0.734
1.044
0.445
0.297
0.298
0.534
0.339
0.334
0.335
0.337
0.434
0.541
0.342
0.342
0.619
0.383
0.384
0.384
0.294
0.293
0.29
0.368
0.297
0.295
0.292
0.292
0.344
0.341
0.341
0.422
0.346
0.343
0.335
0.339
0.428
0.343
0.35
0.262
0.208
0.203
0.337
0.246
0.245
0.431
0.296
0.521
0.627
0.382
0.379
0.385
0.378
0.381
0.707
0.429
0.844
0.303
0.297
0.293
0.294
0.316
0.312
0.315
0.544
0.365
0.365
0.162
0.162
0.162
0.351
0.354
0.35
0.356
0.37
0.916
0.37
0.782
0.396
0.388
0.385
0.396
0.397
0.383
0.496
0.162
0.17
0.163
0.243
0.213
0.284
0.357
0.35
0.47
0.302
0.342
0.67
0.916
0.515
0.515
0.518
0.533
0.535
0.535
0.52
0.303
0.246
0.347
0.237
0.301
0.168
0.516
0.356
0.363
0.293
0.458
0.916
0.387
0.338
0.514
0.381
0.335
0.158
1.009
0.334
0.239
0.335
0.159
0.159
0.82
0.563
0.292
0.338
0.292
0.295
0.342
0.336
0.293
0.204
0.203
0.369
0.3
0.527
0.432
0.243
0.205
0.296
0.473
0.43
0.338
0.296
0.337
0.336
0.497
0.425
0.576
0.203
0.337
0.421
0.431
0.204
0.428
0.294
0.855
0.458
0.265
0.478
0.34
0.202
0.338
0.343
0.335
0.567
0.338
0.566
0.557
0.291
0.337
0.287
0.201
0.37
0.203
0.334
0.33
0.295
0.293
0.292
0.293
0.525
0.62
0.38
0.741
0.203
0.431
0.204
0.44
1.131
0.343
0.623
0.339
0.339
0.251
0.51
0.316
0.649
0.32
0.526
0.454
0.426
0.439
0.339
0.618
0.601
0.601
0.333
0.335
0.204
0.342
0.337
0.334
0.604
0.337
0.427
0.422
0.597
0.336
0.617
0.335
0.25
0.709
0.341
0.48
0.203
0.203
0.643
0.428
0.204
0.45
0.473
0.427
0.652
0.6
0.203
0.423
0.43
0.206
0.249
0.433
0.342
0.442
1.592
0.397
0.366
0.629
0.804
0.338
0.381
0.339
0.383
0.466
0.598
0.425
0.903
0.594
0.518
0.246
0.335
0.294
0.38
0.529
0.422
0.327
0.469
0.605
0.292
0.335
0.42
0.424
0.532
0.38
1.204
0.247
0.385
0.382
0.338
0.245
0.299
0.468
0.476
0.338
0.302
0.532
0.366
0.431
0.336
0.759
0.774
0.432
0.432
1.084
0.56
0.566
0.568
0.562
1.093
0.622
0.613
0.428
0.388
0.383
0.428
0.339
0.499
0.67
0.437
0.652
0.768
1.068
0.607
0.434
0.384
0.381
0.34
0.434
0.428
0.388
0.649
0.655
0.294
0.384
0.501
0.586
0.388
0.473
0.657
0.715
0.248
0.658
0.474
0.433
0.529
0.425
0.61
0.629
1.185
1.273
0.697
0.649
0.657
0.676
0.433
0.435
0.426
0.428
0.472
0.809
0.43
0.813
0.38
0.801
0.619
0.457
0.656
0.43
0.811
0.38
0.679
0.47
0.383
0.523
0.688
0.64
0.677
1.169
0.479
0.468
0.385
0.54
0.469
0.476
0.447
0.475
0.512
0.947
0.384
0.663
0.342
1.403
0.934
0.655
0.658
0.518
0.689
0.383
0.694
0.335
0.428
0.55
0.548
0.515
0.381
0.398
0.988
0.404
0.389
0.517
0.424
0.382
0.675
0.618
0.693
0.467
0.426
0.394
1.034
0.589
0.85
0.755
0.731
0.711
0.488
0.574
0.482
0.577
0.439
0.459
0.667
0.555
0.714
0.983
0.491
0.659
0.468
0.509
0.663
0.433
0.483
0.405
0.537
0.446
0.5
0.927
0.695
0.734
0.632
0.688
0.591
1.039
0.579
0.504
0.536
0.437
0.591
0.448
0.745
0.544
0.605
0.471
0.838
1.226
0.693
0.464
0.517
0.513
0.429
0.474
0.555
0.507
0.471
0.465
1.376
0.586
0.908
0.697
0.559
0.554
0.515
0.484
0.425
0.684
0.43
0.824
0.468
0.466
1.328
1.378
0.568
0.568
0.56
0.559
0.555
0.474
0.474
0.583
1.103
0.519
0.904
0.7
0.517
0.456
0.561
0.566
0.428
0.514
0.515
0.555
0.612
0.647
0.508
0.576
1.137
0.692
0.56
1.17
0.699
0.698
0.695
0.837
0.714
0.72
0.692
0.606
1.567
0.474
0.703
0.567
0.475
0.516
1.017
0.587
0.47
0.575
1.289
0.666
0.593
0.743
0.84
0.537
1.079
1.317
0.715
1.021
0.745
0.7
0.569
1.041
0.616
0.522
0.475
0.566
0.52
0.585
0.738
0.52
0.747
0.589
0.564
0.563
0.765
0.628
0.609
0.477
1.113
1.5
0.523
1.202
0.473
0.655
0.906
0.552
0.781
0.513
0.785
0.554
0.548
0.515
1.252
0.509
0.638
0.527
1.027
0.572
1.21
0.652
0.699
0.506
1.193
0.672
0.928
0.526
1.378
0.653
0.654
0.653
1.022
0.716
0.671
0.808
0.573
0.576
0.662
0.572
0.581
0.601
0.585
0.575
0.733
1.148
0.75
0.59
0.695
0.662
0.82
0.652
0.946
0.593
0.569
0.788
0.553
0.569
0.611
0.669
0.564
0.575
0.614
0.517
0.652
0.615
0.688
0.656
0.562
0.612
0.647
0.652
0.514
1.125
0.631
0.662
0.695
0.649
1.129
0.696
0.721
0.698
0.621
0.887
1.209
1.303
0.613
0.528
0.57
0.85
0.708
0.621
0.528
0.704
0.723
0.731
0.725
0.754
1.336
0.747
0.871
1.104
0.688
0.74
0.826
0.692
1.059
0.64
0.608
0.625
0.758
0.665
0.596
0.765
0.844
0.599
0.765
0.764
0.829
0.648
0.705
0.641
0.759
1.054
1.4
0.615
0.798
0.672
0.725
0.654
0.645
0.865
0.761
0.599
0.664
0.796
0.574
1.191
0.759
0.758
0.659
0.676
0.748
0.757
0.612
0.748
0.716
0.67
0.673
0.753
0.595
0.586
0.829
0.752
0.738
0.727
0.677
0.644
0.732
0.725
0.711
0.663
0.696
0.689
0.703
0.785
0.843
1.027
0.618
0.707
0.753
0.669
0.727
0.803
0.573
0.626
0.722
0.859
0.637
0.638
0.845
0.59
0.674
0.641
0.835
0.657
1.281
1.328
0.748
1.498
0.625
0.626
0.612
0.739
1.62
0.856
0.77
0.722
0.687
0.695
0.775
0.741
0.787
0.655
0.639
0.745
0.769
1.453
0.719
0.717
0.674
0.627
0.689
0.89
0.754
0.674
0.886
0.721
0.63
0.666
0.604
0.778
0.849
0.89
1.359
1.046
1.331
0.71
0.709
1.453
1.51
0.784
0.89
0.726
0.709
0.732
0.861
0.911
0.728
0.638
0.585
0.73
1.12
2.01
0.845
0.825
0.629
0.768
0.723
1.559
0.832
0.576
0.631
0.705
0.724
0.686
0.712
0.724
0.583
0.732
0.583
0.581
0.619
0.596
0.572
1.118
0.619
0.616
0.653
0.632
0.73
0.758
0.675
0.88
0.739
0.707
0.679
0.709
0.729
0.87
0.679
1.292
0.913
0.702
0.726
0.711
0.82
0.8
0.793
0.615
0.609
0.643
0.65
0.622
0.616
0.647
0.616
1.333
0.88
0.624
0.741
0.767
1.95
1.515
0.675
0.884
0.636
1.217
0.665
1.756
0.748
1.321
0.792
0.897
0.765
0.693
0.743
1.453
1.172
2.122
0.65
0.709
0.778
0.759
0.838
0.69
0.811
1.69
0.803
0.903
0.817
0.915
0.736
0.879
0.871
0.873
1.835
0.837
1.663
0.859
0.784
0.873
0.79
0.724
0.619
0.756
0.657
0.916
0.779
0.868
0.77
1.718
1.234
0.826
0.899
0.715
0.918
0.62
0.732
0.715
0.851
0.877
0.875
0.948
0.797
0.948
0.751
1.569
1.064
1.107
0.871
0.625
0.738
0.912
0.92
0.935
0.942
0.898
0.869
0.71
0.73
0.679
0.902
0.771
0.807
0.802
0.747
0.909
0.742
1.191
0.848
0.802
0.799
0.812
0.616
0.741
0.984
0.954
0.816
0.62
0.67
0.91
0.645
0.709
0.664
0.732
0.651
0.684
0.898
2.241
0.677
0.974
0.825
0.759
0.733
0.701
0.843
0.789
0.748
0.698
0.737
0.792
0.724
0.702
0.873
1.869
0.761
0.689
1.639
1.557
0.803
0.693
0.801
0.665
0.693
0.802
0.669
0.905
0.671
1.467
0.667
0.927
0.674
0.893
0.712
0.713
2.514
1.973
0.904
0.734
0.671
0.944
0.962
0.868
0.671
0.627
0.897
0.672
1.511
0.767
1.291
0.963
2.879
0.792
0.906
0.85
0.757
0.706
0.711
0.694
0.839
0.944
0.677
0.909
0.746
0.759
0.929
0.732
0.656
0.634
0.639
0.863
1.728
0.714
0.686
0.945
1.042
0.931
0.647
0.692
0.915
1.001
0.817
0.641
0.684
0.69
0.745
0.715
1.005
0.939
1.913
0.697
0.697
0.683
0.783
0.794
0.703
0.89
1.012
0.616
1.02
0.772
0.71
0.959
0.696
0.861
0.989
0.791
0.953
1.282
0.9
1.014
0.906
0.669
0.814
0.725
0.921
0.842
0.944
0.85
0.626
0.899
0.762
1.035
1.016
1.451
0.633
1.012
0.673
0.628
0.729
0.845
0.813
0.806
0.988
0.924
1.155
0.626
0.959
0.925
0.925
0.961
0.672
0.623
0.864
2.37
0.822
0.916
0.949
0.902
0.897
0.891
0.908
0.941
0.899
0.91
0.949
0.678
0.724
0.647
0.643
0.617
0.62
0.621
0.623
0.731
1.268
0.694
0.935
0.816
0.671
0.998
0.724
0.874
1.894
0.734
0.698
1.108
0.922
0.684
0.926
0.705
0.673
0.703
0.944
0.954
0.903
0.817
0.967
0.832
1.925
1.001
2.458
0.843
0.871
0.717
0.882
0.812
0.716
0.995
0.867
0.894
0.881
1
0.951
0.73
1.87
0.941
0.7
0.694
0.616
0.83
0.918
0.651
0.837
0.859
1.225
1.51
0.698
0.568
0.976
0.846
1.071
0.844
0.84
0.839
0.987
0.85
0.912
0.795
0.695
0.62
0.704
0.825
0.827
1.381
0.746
0.871
0.576
0.879
0.864
0.812
0.733
0.83
1.381
0.713
0.854
0.965
1.206
0.863
0.961
0.724
0.843
0.896
0.873
0.865
0.889
0.788
0.89
0.982
0.771
0.935
0.852
1.459
0.867
0.949
1.959
0.751
0.83
1.75
0.871
0.777
0.855
0.837
0.773
1.051
0.786
0.935
0.643
0.897
1.825
0.878
0.809
0.931
0.724
0.859
0.857
0.757
0.855
0.884
0.726
0.912
0.637
1.047
0.896
0.889
0.737
0.794
1.709
0.736
0.749
0.739
0.753
0.775
0.99
0.723
0.787
0.955
0.953
0.948
0.754
0.656
0.691
0.844
0.677
0.957
0.735
0.758
0.654
1.698
0.865
0.633
0.628
0.778
0.725
1.3
0.694
0.928
0.817
0.737
0.702
1.032
1.091
0.823
0.794
1.086
0.798
0.916
0.826
0.848
0.836
0.851
0.851
0.845
0.883
1.079
0.759
1.053
0.875
1.022
0.843
0.709
1.373
0.851
0.972
0.691
0.746
0.789
0.907
0.658
0.963
0.983
0.997
1.029
1.007
1.081
2.057
1.061
1.038
1.016
1.324
0.655
0.878
0.909
0.694
0.701
0.705
0.791
0.806
0.793
0.811
2.168
0.864
0.915
0.767
0.684
0.68
0.895
0.684
0.825
0.712
1.545
0.703
0.662
0.794
0.789
0.648
1.067
0.807
1.068
0.847
0.811
1.525
0.66
0.684
0.774
0.732
0.705
0.698
1.075
0.793
0.791
1.237
0.796
0.658
0.848
0.949
0.671
0.649
0.808
0.828
0.8
1.068
0.778
0.808
0.699
0.652
0.715
0.829
1.301
1.082
0.995
0.792
0.758
1.497
0.798
0.665
0.936
0.91
2.207
0.801
1.189
0.87
0.748
0.844
0.679
0.726
1.538
0.802
0.706
0.901
0.739
0.777
0.874
0.789
0.789
0.749
0.786
0.802
0.78
0.658
0.787
0.654
0.919
0.929
1.453
0.667
1.097
1.091
1.13
0.75
0.659
0.705
0.78
0.922
0.848
0.761
0.658
0.805
0.802
1.147
0.679
1.179
0.744
0.778
1.123
0.764
0.676
0.693
1.155
0.771
0.828
1.173
0.782
0.691
0.831
1.865
0.735
0.673
1.159
0.775
0.695
0.744
0.847
0.773
0.774
0.668
0.73
0.731
0.863
0.802
1.421
0.804
0.761
1.323
0.667
0.657
0.763
0.774
0.803
0.721
0.79
0.633
1.141
0.777
0.693
0.84
1.397
0.861
1.097
0.769
0.792
1.434
0.729
0.738
0.744
0.747
1.075
1.256
0.748
0.701
0.789
0.781
1.12
1.128
0.696
0.694
1.255
0.782
0.782
0.768
0.766
1.931
0.763
0.763
0.797
1.175
0.679
1.575
0.784
0.864
0.763
0.827
0.707
0.666
0.815
0.668
0.787
0.806
0.727
0.671
0.719
0.972
0.668
1.136
0.763
0.762
0.744
0.807
0.714
0.739
0.696
0.783
0.845
0.82
0.736
0.737
0.752
0.93
1.272
0.711
1.139
0.776
1.632
0.671
1.195
0.685
0.76
0.766
0.787
0.801
1.155
0.784
0.823
0.79
0.877
0.731
0.814
1.18
0.675
0.778
1.129
0.812
0.753
1.136
0.792
1.382
0.764
0.785
1.579
0.758
0.831
0.85
0.795
0.733
1.427
0.844
0.861
0.638
0.725
1.756
1.454
0.789
0.831
0.751
0.722
0.627
0.756
0.822
0.832
0.765
0.777
1.706
0.748
0.62
0.796
0.607
0.899
0.74
0.72
0.745
1.1
0.691
0.742
1.125
1.163
0.904
1.292
0.745
0.703
1.106
1.111
0.769
0.765
0.651
0.815
0.625
0.761
1.974
0.773
1.149
0.664
0.782
0.759
1.291
0.749
0.776
0.779
0.963
0.744
0.792
0.799
0.788
0.795
0.63
1.352
0.795
0.776
0.787
0.747
0.71
0.716
0.768
1.02
1.125
1.151
0.802
0.824
0.758
0.641
0.737
0.711
0.718
0.716
0.75
1.167
0.816
0.641
0.701
0.678
1.47
1.201
0.764
0.69
0.795
0.747
0.728
0.948
0.766
0.683
0.618
0.771
0.712
0.699
0.667
0.72
0.711
0.951
0.6
0.78
0.789
1.592
0.603
1.241
0.687
0.743
0.982
0.756
0.714
0.587
1.12
0.866
0.766
0.588
0.706
0.631
0.78
0.738
0.905
1.226
0.768
0.614
1.117
0.786
0.765
0.714
0.796
0.746
0.96
0.601
0.735
0.747
0.593
0.742
0.764
1.163
0.733
0.829
0.729
0.962
1.477
0.958
0.724
0.706
1.169
1.139
0.708
0.711
0.711
1.114
0.704
0.79
0.702
0.729
1.159
0.713
0.718
0.753
0.568
1.079
0.698
0.723
0.699
0.709
0.794
0.74
0.73
0.753
0.736
0.726
0.721
0.593
0.968
1.103
0.968
0.698
0.607
0.693
0.732
0.738
0.685
0.693
0.606
0.761
0.517
0.652
0.73
0.69
0.699
0.677
0.751
0.905
0.737
0.688
0.515
1.062
0.698
0.929
0.528
0.696
0.702
0.652
1.087
0.537
0.716
0.681
0.543
0.676
0.539
0.526
0.718
0.699
0.722
0.764
0.732
1.896
0.722
0.709
0.596
0.969
0.589
0.744
0.722
0.76
0.718
0.732
0.593
0.583
1.11
0.573
0.729
0.724
0.746
0.743
0.717
0.962
0.619
0.615
1.781
0.702
0.63
0.719
0.762
0.717
1.929
0.717
0.617
0.709
0.726
0.629
0.979
0.651
0.726
0.754
0.648
1.024
0.738
0.734
1.893
0.735
0.855
0.642
0.598
0.673
0.736
0.718
1.028
0.979
1.451
0.668
0.759
0.571
1.52
0.69
0.663
1.128
2.067
0.7
1.091
0.625
0.981
0.664
0.668
1.07
0.701
0.812
0.568
0.707
0.708
0.967
0.686
0.728
0.617
0.615
0.57
0.798
1.079
0.698
0.712
1.893
1.096
0.643
0.547
0.689
0.775
0.59
0.684
0.636
0.7
1.051
1.096
1.641
0.588
0.59
0.548
0.673
0.762
0.69
1.039
0.64
1.071
0.903
0.677
0.913
0.676
0.569
0.694
0.566
0.79
1.849
0.552
0.657
0.671
0.55
1.036
0.924
0.659
0.629
0.738
1.088
1.125
0.662
0.693
0.536
0.83
0.579
0.625
0.829
1.418
0.805
0.967
0.698
0.611
0.55
0.828
1.669
0.545
0.755
0.765
0.709
0.884
0.682
1.279
0.642
0.58
1.402
1.919
1.394
1.445
0.655
0.506
0.604
0.671
1.148
0.937
0.669
0.932
0.661
0.658
0.956
2.012
0.979
0.657
1.101
0.646
0.931
1.28
1.057
0.634
0.617
0.738
0.68
1.971
0.546
1.042
1.041
1.029
0.73
0.657
0.636
0.968
0.633
0.65
0.934
0.766
0.721
0.643
0.761
0.714
0.634
0.987
1.468
0.665
0.762
0.625
0.642
0.736
0.724
1.033
1.053
0.991
0.965
0.63
0.665
0.578
0.782
0.77
1.365
0.65
0.749
1.045
0.618
0.721
0.967
1.026
0.959
0.589
0.591
0.958
0.604
0.927
1.151
0.914
0.599
0.913
0.599
1.2
0.999
0.742
0.556
0.548
0.525
0.522
0.539
0.565
0.551
0.558
0.524
0.841
0.837
0.829
0.802
0.838
0.849
0.802
0.838
0.507
0.492
0.471
0.469
0.453
0.425
0.511
0.425
0.433
0.428
0.431
0.455
0.47
0.463
0.488
0.437
0.498
0.44
0.435
0.451
0.334
0.302
0.31
0.292
0.291
0.294
0.16
0.157
0.575
0.564
0.557
0.16
0.16
0.322
0.303
0.292
0.159
0.161
0.16
0.245
0.202
0.203
0.201
0.333
0.251
0.156
0.16
0.161
0.159
0.242
0.281
0.204
0.473
0.47
0.499
0.469
0.467
0.47
0.156
0.243
0.229
0.17
0.177
0.162
0.159
0.16
0.252
0.161
0.161
0.161
0.162
0.159
0.16
0.244
0.207
0.205
0.202
0.206
0.338
0.247
0.247
0.247
0.298
0.294
0.251
0.25
0.207
0.339
0.252
0.274
0.254
0.246
0.25
0.266
0.249
0.273
0.255
0.25
0.25
0.157
0.159
0.158
0.159
0.157
0.158
0.247
0.247
0.295
0.248
0.238
0.205
0.16
0.448
0.558
0.678
0.157
0.155
0.244
0.293
0.202
0.294
0.203
0.293
0.202
0.16
0.205
0.242
0.293
0.293
0.521
0.158
0.29
0.334
0.246
0.204
0.229
0.206
0.204
0.204
0.159
0.345
0.16
0.16
0.262
0.253
0.159
0.338
0.251
0.24
0.332
0.204
0.248
0.159
0.248
0.337
0.268
0.294
0.157
0.249
0.34
0.647
0.245
0.267
0.247
0.247
0.269
0.247
0.294
0.378
0.291
0.252
0.266
0.293
0.334
0.227
0.504
0.433
0.272
0.256
0.204
0.247
0.206
0.263
0.597
0.418
0.469
0.449
0.38
0.293
0.291
0.379
0.2
0.243
0.291
0.201
0.249
0.287
0.288
0.288
0.381
0.546
0.448
0.255
0.72
0.459
0.432
0.206
0.297
0.252
0.207
0.295
0.342
0.342
0.249
0.428
0.435
0.436
0.339
0.297
0.295
0.293
0.432
0.319
0.304
0.209
0.256
0.331
0.686
0.448
0.398
0.304
0.21
0.302
0.306
0.306
0.257
0.415
0.625
0.344
0.323
0.312
0.291
0.267
0.328
0.3
0.271
0.243
0.214
0.227
0.363
0.336
0.258
0.291
0.557
0.453
0.283
0.383
0.292
0.359
0.433
0.333
0.262
0.257
0.579
0.299
0.366
0.303
0.325
0.897
0.455
0.297
0.542
0.393
0.469
0.516
0.366
0.672
0.402
0.575
0.4
0.375
0.356
0.431
0.493
0.312
0.434
1.005
0.644
0.299
0.297
0.301
0.301
0.299
0.538
0.341
0.366
0.561
0.357
0.363
0.365
0.353
0.674
0.49
0.349
0.491
0.352
0.491
0.354
0.302
0.388
0.303
0.396
0.388
0.31
0.654
0.397
0.371
0.402
0.412
0.366
0.483
0.352
0.3
0.301
0.388
0.388
0.343
0.477
0.389
0.359
0.561
0.547
0.666
0.488
0.546
0.357
0.357
0.626
0.407
0.305
0.662
0.355
0.401
0.362
0.392
0.759
0.402
0.46
0.473
0.343
0.483
0.392
0.662
0.858
0.413
0.334
0.298
0.489
0.391
0.48
0.541
0.765
0.412
0.406
0.438
0.395
0.488
0.922
0.793
0.419
0.757
0.4
0.405
0.38
0.452
0.6
0.345
0.347
0.362
0.347
0.638
0.392
0.742
0.385
0.931
0.388
0.395
1.02
0.577
0.769
0.827
0.842
0.544
0.538
0.49
0.402
0.445
0.381
0.495
0.465
0.457
0.452
0.497
0.854
0.429
0.4
0.482
0.526
0.407
0.497
0.49
0.49
0.529
1.649
0.363
0.721
0.34
0.471
0.426
0.459
0.447
0.958
0.501
0.864
1.09
0.39
0.39
0.534
0.489
0.479
0.951
0.458
0.497
0.359
0.346
0.531
0.749
0.483
0.451
0.535
0.48
0.525
0.532
0.528
0.48
0.431
0.519
0.546
1.011
0.945
0.415
0.811
0.597
0.42
0.425
0.603
0.46
1.063
0.585
0.502
1.176
0.503
1.067
0.886
0.329
0.611
0.997
0.721
0.526
0.837
0.46
0.334
0.333
0.594
0.504
0.517
0.512
1.337
1.241
0.718
0.504
0.528
1.362
0.999
0.621
0.964
0.549
0.4
0.463
0.568
0.332
0.479
0.674
0.633
0.631
0.523
0.502
0.52
0.503
0.505
0.487
0.403
0.497
1.002
0.47
0.483
1.195
0.555
1.352
0.47
0.597
0.373
1.077
0.462
0.548
0.589
0.66
0.631
0.808
0.604
0.635
0.455
0.585
0.59
0.639
0.552
0.5
0.789
0.714
0.661
0.46
0.572
0.502
0.602
0.608
0.458
1.189
0.644
0.599
1.263
0.659
0.71
1.249
0.507
1.29
1.953
0.501
0.511
0.645
0.636
0.529
0.737
0.663
0.769
0.768
0.518
0.62
1.052
0.47
0.745
0.739
0.562
0.567
0.793
1.879
0.519
0.561
0.473
0.642
0.74
0.469
0.579
0.587
0.897
0.606
0.512
0.618
0.67
1.392
0.741
0.571
0.582
0.581
0.743
0.591
0.529
0.532
0.848
0.763
0.568
0.75
0.571
0.57
0.781
0.552
1.007
0.699
0.805
0.565
0.753
0.604
0.623
0.532
0.577
0.71
0.565
0.584
0.583
0.532
0.57
0.612
0.525
1.143
0.813
0.754
0.622
0.709
0.774
0.748
0.58
0.533
0.534
1.045
0.579
1.506
0.572
0.529
0.818
0.588
0.586
1.248
0.544
0.539
0.553
0.62
0.799
0.608
0.639
0.69
1.076
0.644
0.573
0.594
0.596
0.628
0.691
0.632
0.818
1.456
1.614
0.517
1.261
0.759
0.618
0.528
0.655
0.57
0.677
0.602
0.581
0.843
1.123
0.588
0.875
0.925
0.677
0.705
0.637
0.651
0.675
1.352
0.726
1.017
0.637
0.566
1.343
0.587
0.502
0.584
0.551
0.679
0.612
0.651
0.618
0.689
0.678
1.038
0.775
0.617
1.366
0.594
0.725
0.77
0.619
1.589
1.036
0.575
0.62
0.612
0.613
0.62
0.575
0.622
0.64
0.623
0.573
0.715
0.759
1.213
1.181
0.887
0.603
0.805
0.575
0.729
0.598
0.777
0.619
1.419
0.633
0.843
0.65
0.829
0.708
0.737
0.789
0.615
0.707
0.839
0.617
0.714
0.637
0.775
0.64
0.631
0.611
1.156
0.83
0.639
0.726
0.581
2.308
0.587
0.661
0.625
0.833
1.478
0.654
0.624
0.648
0.66
0.651
0.636
0.647
1.306
0.607
0.806
0.748
0.652
0.691
0.656
0.593
0.692
2.233
0.589
0.626
0.677
0.713
1.339
0.544
0.578
0.579
0.555
0.827
0.804
0.872
0.578
0.657
0.646
0.845
0.738
0.732
0.586
0.781
2.57
0.654
0.757
0.84
0.601
0.91
0.673
0.688
0.815
0.879
0.713
0.726
0.591
0.698
0.634
0.576
0.588
0.643
0.582
0.696
0.657
1.657
1.779
0.835
0.632
1.258
0.722
0.666
0.553
0.784
1.077
0.694
0.565
0.56
0.684
1.386
1.215
1.249
0.823
0.895
1.046
0.815
0.697
0.655
0.646
0.782
0.65
0.716
0.544
0.648
0.543
0.547
0.81
0.787
0.777
0.769
0.729
0.69
0.656
0.65
0.668
0.826
0.78
0.906
0.635
0.848
0.734
0.827
0.729
0.587
0.733
0.679
0.774
0.814
0.871
0.58
0.866
0.667
0.738
0.605
0.683
0.867
0.667
0.854
0.764
1.931
0.913
0.565
0.587
0.813
0.83
0.716
0.867
0.761
1.148
0.635
0.743
0.849
0.709
0.662
0.635
1.445
0.817
0.785
1.062
0.85
0.743
0.847
0.885
0.763
0.761
0.76
0.643
0.702
0.797
0.714
0.754
0.625
0.794
0.81
0.681
0.857
1.224
0.857
0.857
0.928
0.968
0.785
0.701
0.802
0.671
0.788
0.695
0.769
0.688
0.766
0.694
0.86
0.75
1.338
0.682
0.832
0.733
0.736
0.74
0.72
0.906
1.136
0.954
0.749
0.84
0.664
0.658
0.657
0.744
0.857
0.818
0.658
0.878
0.776
0.887
0.796
0.728
0.757
0.749
0.662
0.796
1.845
0.842
1.725
0.984
0.799
0.878
0.763
1.821
0.985
1.302
0.855
0.662
0.833
0.645
0.911
1.083
1.011
0.899
2.834
0.796
1.667
1.281
0.837
0.848
1.009
0.817
0.666
0.753
0.748
1.314
0.841
0.841
1.403
0.898
1.588
0.964
1.494
0.711
1.367
1.036
0.871
0.698
1.934
1.043
0.845
0.917
0.997
0.975
1.607
1.426
0.91
0.911
0.832
1.092
1.188
0.713
0.728
0.725
0.782
0.72
0.83
0.766
0.732
0.862
0.72
0.717
0.76
0.846
0.87
1.425
0.791
1.162
0.811
0.703
0.758
0.779
0.716
0.861
0.753
0.712
0.756
0.703
0.818
0.853
0.712
0.802
0.761
1.573
0.737
0.739
0.776
0.814
0.745
0.795
0.732
0.861
0.782
0.829
0.841
0.762
0.721
0.891
0.759
0.802
0.797
0.83
0.795
0.724
0.715
0.893
0.908
1.123
0.827
0.886
0.765
0.767
0.852
0.72
0.807
0.82
0.765
0.71
0.734
0.704
0.812
0.752
0.813
0.724
0.761
0.799
0.83
1.686
0.709
0.704
0.65
0.674
0.783
0.823
0.79
0.788
1.317
0.808
0.694
0.77
0.779
0.783
0.793
0.715
0.696
0.82
0.701
0.687
0.704
1.057
0.719
0.694
0.69
0.651
0.655
0.897
0.722
0.794
0.694
0.697
0.698
0.775
0.727
0.73
0.652
0.702
0.761
0.738
0.807
0.723
0.678
0.763
0.751
0.71
0.698
0.779
0.757
0.716
0.721
0.805
0.762
0.706
0.788
0.771
0.725
0.823
0.705
0.799
0.757
0.76
0.837
1.427
0.839
0.821
0.702
0.661
0.813
0.765
0.78
0.754
0.843
0.631
0.733
0.783
0.744
0.68
0.723
0.712
0.723
0.741
0.653
0.764
0.634
0.761
0.756
1.102
1.204
0.753
0.674
0.738
0.616
0.614
0.724
0.789
0.814
0.745
0.715
0.731
0.782
0.806
0.802
0.773
0.784
0.753
0.617
0.819
1.477
0.794
0.779
0.722
0.805
0.617
0.741
0.747
0.709
0.791
0.757
0.759
0.667
0.789
0.828
0.851
0.763
0.999
0.778
0.718
0.76
0.779
0.705
0.69
0.696
0.718
0.703
0.73
0.663
0.699
0.647
0.689
0.678
0.701
0.696
0.779
0.954
1.65
1.463
0.68
0.763
0.736
1.529
0.758
0.765
0.925
1.524
1.723
0.647
0.675
0.652
0.695
0.78
0.698
0.815
1.084
0.696
0.651
0.7
0.73
0.726
0.824
0.659
0.728
0.694
0.809
0.687
0.602
0.691
0.728
0.655
0.594
0.828
0.618
0.596
0.787
0.915
0.611
0.636
0.62
0.915
0.858
0.652
0.727
0.633
0.848
0.673
0.751
0.755
0.742
0.756
0.722
0.697
0.632
0.652
0.634
0.671
0.769
0.831
0.861
1.915
0.745
0.739
0.747
0.732
0.651
1.478
0.605
0.63
0.789
0.766
0.841
0.611
0.745
0.644
0.644
0.763
0.823
0.739
0.652
0.673
0.631
0.718
0.89
0.859
0.769
0.708
0.668
0.798
0.862
0.651
0.644
0.684
0.607
0.609
0.677
0.915
0.869
0.689
0.661
0.687
1.244
1.243
0.671
0.708
0.736
0.665
0.9
0.875
0.646
0.713
0.709
0.665
0.831
0.641
0.704
0.656
0.712
0.878
0.717
0.901
0.714
0.649
2.753
0.688
0.691
0.907
0.683
0.87
0.852
0.832
0.744
0.846
0.794
0.603
0.674
0.963
0.742
0.912
0.772
0.76
0.884
1.063
1.175
0.761
0.65
0.756
0.674
0.782
0.81
0.659
0.659
0.649
0.791
0.816
0.79
0.838
0.76
0.701
0.776
0.657
0.871
0.867
0.683
0.875
0.7
0.657
1.355
0.755
0.69
0.672
0.744
0.737
0.739
0.825
0.615
0.772
0.658
0.782
1.287
0.77
0.703
0.746
1.666
0.651
0.803
0.882
0.704
1.082
0.762
0.785
0.795
0.831
0.699
0.677
0.643
0.792
0.805
0.749
0.953
0.723
0.683
0.806
0.757
0.79
0.585
0.639
0.631
1.198
0.622
0.638
0.865
0.614
0.755
0.617
0.622
0.62
0.662
0.751
0.667
0.618
0.711
0.774
0.856
0.676
0.76
0.691
0.577
0.745
0.762
0.751
0.662
0.753
0.75
0.961
0.624
0.804
0.622
0.616
0.663
0.57
0.669
0.799
0.69
0.583
0.628
0.583
0.703
0.608
0.775
0.69
0.826
0.569
0.733
0.76
0.676
0.812
0.732
0.801
1.099
0.667
0.748
1.447
0.765
0.677
0.689
0.646
0.82
0.716
0.604
0.649
0.742
0.78
0.566
0.675
0.825
0.593
0.753
0.788
0.603
0.983
0.723
0.78
0.708
0.577
0.728
0.578
0.713
0.755
0.597
0.65
0.717
0.706
0.632
0.671
0.757
0.607
0.679
0.698
0.793
0.832
0.679
1.027
0.661
0.666
0.674
0.879
0.644
0.602
0.769
0.777
0.688
0.617
0.754
0.704
0.631
0.753
0.647
0.594
0.648
0.604
0.684
0.884
0.722
0.634
0.658
0.758
0.573
0.752
0.567
0.566
1.405
0.58
0.76
0.741
0.823
0.767
0.63
0.772
0.588
0.614
0.664
0.777
0.638
1.111
0.667
0.67
0.758
0.644
0.797
0.79
0.73
0.76
1.326
0.562
0.8
0.561
0.56
0.585
0.563
0.766
0.621
0.564
0.798
0.775
0.609
0.835
0.688
0.521
0.78
0.729
0.557
0.597
0.544
0.514
0.559
0.686
0.551
0.735
0.741
0.545
0.6
0.793
0.555
0.584
0.779
0.528
0.708
1.098
1.037
0.556
0.809
0.769
1.599
0.565
0.802
0.692
0.551
0.583
0.671
0.931
0.566
0.66
0.627
0.903
1.27
0.639
0.825
0.693
0.67
0.787
1.112
1.169
0.683
0.848
1.091
0.682
1.379
0.798
0.794
0.518
0.766
0.966
0.805
0.666
0.886
0.803
1.065
0.663
0.731
0.805
0.612
0.605
0.792
0.614
1.176
1.389
1.255
0.745
0.773
0.691
0.85
0.624
0.654
0.735
0.728
0.903
0.516
0.775
0.602
0.673
0.697
0.838
0.567
0.685
1.733
0.632
0.513
1.443
0.801
0.67
0.564
0.514
0.648
0.73
0.822
0.7
0.864
0.567
0.83
0.989
0.734
0.787
0.624
0.639
0.742
0.752
0.976
1.273
0.629
0.717
1.041
0.576
0.906
0.874
0.771
0.545
0.737
0.527
0.535
0.574
0.609
0.885
0.598
0.589
0.575
0.593
0.887
1.075
1.222
0.763
0.576
0.53
0.784
0.668
0.857
0.73
0.544
0.761
0.813
0.903
0.683
1.081
0.576
0.671
0.793
0.707
0.58
0.603
0.812
0.875
0.764
1.132
0.694
1.56
0.55
1.383
0.701
0.823
0.601
0.686
0.832
1.072
0.753
0.609
0.792
0.607
0.668
0.668
0.58
0.651
0.672
1.099
0.745
0.579
0.695
0.671
0.676
0.804
0.571
0.717
0.578
1.537
0.62
0.802
0.807
0.586
0.801
0.693
0.681
0.717
0.807
0.676
0.801
1.409
1.623
0.608
1.163
0.804
0.607
0.474
0.562
0.79
0.814
0.776
0.605
0.472
1.343
0.478
0.692
0.546
0.468
0.821
0.473
0.797
0.827
0.701
0.603
0.784
0.623
1.153
0.489
0.473
0.503
0.608
0.566
0.786
1.2
0.648
0.821
0.788
0.707
1.191
0.659
0.564
0.636
0.618
0.693
0.719
0.496
1.32
1.33
0.804
1.43
0.815
0.831
0.649
0.621
0.674
0.726
0.803
0.63
0.605
0.572
0.474
0.631
0.706
0.68
0.504
0.778
0.805
0.928
1.556
0.785
0.826
1.231
0.718
0.803
0.481
0.594
0.616
0.923
0.611
0.778
0.613
0.612
0.47
0.615
0.793
1.191
0.695
0.907
0.742
1.543
0.611
1.044
0.841
0.789
0.716
0.608
0.781
0.694
0.562
0.604
0.475
0.839
0.565
0.698
1.026
0.796
0.785
0.754
0.611
0.733
0.469
1.1
1.398
0.688
0.732
0.878
0.701
0.753
0.681
0.793
0.704
0.471
0.794
0.617
0.77
0.657
0.602
0.759
0.466
1.642
0.882
0.882
0.841
0.878
1.467
0.701
0.79
0.728
0.52
0.648
0.64
0.64
0.686
0.785
0.656
0.733
0.693
0.473
0.491
0.859
0.754
0.547
0.563
0.839
0.732
0.489
1.19
0.728
0.682
0.685
0.698
0.676
0.696
0.662
0.694
0.853
0.879
0.836
0.69
0.525
0.81
0.686
0.496
0.532
0.789
0.841
1.245
0.683
0.78
0.706
1.669
0.732
0.817
0.696
0.671
0.669
0.802
0.626
0.673
0.848
0.719
0.791
0.779
0.75
0.858
0.833
0.671
0.746
0.858
0.723
0.813
0.699
0.683
1.182
1.245
0.571
0.861
0.766
0.7
0.853
0.509
0.67
0.482
0.778
0.738
0.593
0.77
0.501
0.736
0.806
0.605
0.734
0.762
0.471
0.7
1.327
0.734
0.79
0.675
0.703
0.788
0.708
0.701
0.825
0.73
0.694
0.702
0.828
0.7
0.659
0.711
0.68
0.856
0.752
0.564
0.473
0.862
0.764
1.178
0.764
0.696
0.57
1.425
0.917
1.127
0.71
0.575
0.705
0.567
1.488
0.739
0.741
0.656
0.792
0.78
0.712
0.924
1.319
1.04
0.801
0.695
0.615
0.599
0.762
0.585
0.709
0.747
0.766
0.752
0.784
0.755
0.727
1.464
0.7
0.831
0.79
0.807
0.855
0.607
0.622
0.888
0.781
0.834
0.833
0.762
0.63
0.619
0.757
0.783
0.722
0.594
0.868
0.83
0.708
0.69
0.736
0.847
0.848
0.777
0.586
0.855
0.759
0.597
1.143
1.153
0.587
0.586
0.719
0.802
0.831
0.601
0.592
0.793
1.364
0.787
0.784
0.781
0.803
0.775
0.768
0.704
0.782
0.611
0.795
0.715
0.588
0.722
1.148
1.092
0.562
1.305
0.745
0.913
1.348
0.755
0.792
0.663
0.743
0.701
0.744
0.691
0.772
0.746
0.653
0.651
0.699
0.689
0.696
2.609
0.755
0.756
0.769
0.7
0.562
0.75
1.387
0.706
0.703
0.725
0.842
0.661
0.746
0.741
0.876
0.739
0.715
0.704
0.68
0.779
0.675
0.939
1.045
0.721
0.712
0.71
0.601
0.771
0.715
0.806
0.769
0.673
0.702
0.72
0.783
0.732
1.548
0.734
0.756
0.805
0.797
0.74
0.58
0.775
0.831
1.137
1.437
0.729
0.757
0.737
0.707
1.412
0.749
0.645
0.714
0.83
0.553
0.848
0.722
0.792
0.755
0.597
0.871
0.672
1.411
0.602
0.832
0.799
1
0.812
0.655
0.742
0.728
0.656
1.196
0.744
0.653
0.614
0.75
1.517
0.52
0.61
1.571
0.657
0.718
1.609
1.336
1.712
0.654
0.537
0.833
0.695
0.688
0.778
0.51
0.645
0.509
0.818
0.693
0.734
0.603
0.699
0.593
0.769
0.598
0.759
0.6
0.77
0.592
0.64
0.509
0.602
1.338
0.586
0.602
0.811
0.768
0.592
0.811
0.672
0.837
0.592
0.705
0.999
0.778
0.707
0.672
0.588
0.592
0.73
0.845
0.84
0.558
0.776
0.78
0.826
0.817
1.411
0.722
0.824
1.165
0.633
1.718
0.836
0.712
0.712
0.918
0.771
0.731
0.736
0.737
0.816
0.797
0.647
0.837
0.843
1.311
0.701
0.616
0.706
0.715
0.646
0.636
0.729
0.616
0.798
0.701
1.71
0.686
0.779
0.837
0.754
0.66
0.619
1.257
0.621
0.853
0.646
0.903
0.599
0.864
0.609
0.79
0.846
0.7
0.629
0.792
0.686
0.683
0.732
0.792
0.971
0.759
1.321
0.857
0.809
0.689
0.614
0.608
0.7
0.72
1.212
1.219
0.648
0.616
0.632
0.683
0.649
0.804
0.636
0.655
0.615
0.791
0.875
0.831
0.924
0.931
0.736
0.669
0.721
0.743
0.724
0.912
0.922
0.601
0.642
0.726
0.688
0.781
0.699
0.705
0.631
1.286
0.692
0.704
0.696
0.862
1.458
0.725
0.739
0.69
0.751
0.608
0.701
1.025
1.151
0.756
0.694
0.698
0.74
0.823
0.603
0.819
0.602
0.693
0.81
0.875
0.648
0.725
1.331
0.755
0.706
0.807
1.398
0.626
0.615
1.055
0.811
0.792
0.692
0.756
0.624
0.768
0.739
0.774
0.73
0.718
0.619
0.622
1.402
0.681
0.749
0.637
0.754
0.851
0.643
0.617
0.815
0.612
1.334
0.633
0.791
0.617
0.714
0.645
0.81
0.706
0.778
0.68
0.782
1.625
0.639
0.761
0.821
0.732
0.619
0.645
0.634
0.779
0.851
0.646
0.78
1.026
0.823
0.758
0.683
0.623
0.622
0.709
0.628
0.64
0.865
0.777
0.649
1.648
0.608
0.65
0.799
0.791
0.692
0.598
0.749
1.077
0.65
0.607
0.734
0.839
0.63
0.639
0.6
0.603
0.669
0.596
0.775
0.649
0.644
0.602
0.673
0.65
0.6
0.737
0.691
1.02
0.743
0.69
0.751
0.606
0.629
0.611
0.649
0.787
0.66
0.76
0.659
0.703
0.705
0.725
0.662
0.908
0.904
0.758
0.638
0.625
0.778
1.204
0.615
0.662
0.619
1.54
0.754
0.615
0.857
0.652
0.646
0.638
0.819
0.682
0.634
0.798
0.7
0.755
0.645
0.817
0.671
0.685
0.929
0.896
1.32
0.798
0.898
0.731
0.699
0.86
0.808
0.914
0.855
1.281
0.674
0.752
0.658
0.882
0.651
0.853
0.801
0.747
0.784
1.926
0.832
0.782
0.606
0.863
0.675
0.82
0.679
0.824
0.925
0.854
0.635
0.933
0.689
0.804
0.954
0.842
1.346
0.768
0.68
1.045
0.98
1.654
0.819
0.684
0.702
0.833
0.641
0.786
0.806
0.627
0.872
0.748
0.667
0.562
0.736
0.804
0.783
0.646
0.69
0.788
0.575
0.725
0.562
2.014
0.736
0.686
0.646
0.573
0.557
0.551
0.771
0.82
0.547
1.418
0.695
0.784
0.736
0.627
0.783
0.805
0.6
0.642
0.791
0.935
0.696
0.652
0.646
0.761
1.026
0.694
0.56
0.737
0.758
0.688
0.756
0.649
0.59
0.806
0.644
0.695
0.736
0.841
0.764
0.728
0.669
0.581
0.81
0.675
0.804
1.422
0.805
0.703
0.741
0.567
0.663
0.705
0.791
0.78
0.692
0.809
0.627
0.727
0.794
0.808
0.633
0.803
0.631
0.664
1.724
0.807
0.701
0.84
0.835
0.677
0.688
0.72
0.721
0.837
0.823
0.774
0.82
0.819
0.634
0.792
0.629
0.67
0.661
0.692
0.639
0.637
0.797
1.687
0.673
0.71
0.739
0.785
0.644
0.638
0.696
0.604
0.551
0.802
0.856
0.574
0.604
0.689
0.668
0.684
0.509
0.659
0.656
0.659
0.516
0.797
1.201
0.65
0.78
0.851
0.776
0.648
0.665
0.646
0.789
0.605
0.693
0.555
0.811
0.643
1.465
0.603
0.674
0.668
0.639
0.695
0.692
1.736
1.289
0.702
0.718
0.685
0.514
0.696
0.828
1.394
1.096
0.781
0.67
0.643
0.829
0.522
0.676
0.556
0.566
0.79
0.795
0.711
0.67
1.342
0.664
0.654
0.808
0.806
0.698
0.793
0.727
1.02
0.746
1.521
0.797
0.615
0.778
0.799
0.948
0.792
0.676
0.671
0.631
1.182
1.083
0.739
0.805
0.68
0.758
0.727
0.659
0.651
0.843
0.73
0.83
0.734
0.815
0.866
0.848
0.827
0.821
0.879
0.658
0.761
0.731
0.761
0.873
1.521
0.892
0.591
0.738
0.714
0.606
0.744
0.566
0.607
0.601
1.653
0.696
0.782
0.699
0.674
0.7
0.61
0.76
0.749
0.83
0.614
0.726
1.828
0.788
0.644
0.647
0.914
0.605
0.694
0.867
0.76
0.809
1.804
0.686
0.597
0.929
0.861
0.716
0.691
0.591
0.832
0.516
0.93
0.683
0.747
0.613
0.524
0.982
0.738
0.735
0.787
0.592
0.597
0.745
0.711
0.726
0.739
0.683
0.951
0.716
0.574
0.556
0.722
0.941
0.707
1.016
1.211
0.686
1.131
0.733
0.742
0.738
0.751
0.752
0.748
0.787
0.619
0.771
0.734
0.91
0.744
0.735
0.781
0.634
0.685
0.729
0.726
0.858
1.056
0.738
0.545
0.634
0.7
0.758
0.547
0.75
0.664
0.747
0.635
0.693
0.728
0.917
0.677
0.56
0.626
0.63
0.731
0.624
0.756
0.725
0.638
0.771
0.644
0.672
0.737
1.102
0.704
0.643
0.637
0.63
0.755
0.759
0.693
0.687
0.738
0.642
0.55
0.758
0.752
0.685
0.754
0.726
0.924
0.637
0.652
0.57
0.651
0.727
1.372
0.646
0.555
0.699
0.697
0.879
0.605
0.695
0.637
0.622
0.71
0.715
0.568
0.885
0.613
0.72
0.615
0.757
0.652
0.598
0.544
0.681
0.745
0.946
1.131
0.626
0.652
0.704
0.697
0.602
0.518
0.902
0.514
0.561
0.605
0.584
0.692
0.656
0.905
0.556
0.51
0.871
0.716
0.703
0.697
0.689
0.512
0.692
0.686
0.847
0.522
0.79
0.529
0.714
0.605
0.539
0.805
0.716
0.672
0.647
0.558
0.735
0.712
0.568
0.714
0.614
0.568
0.548
0.554
0.692
0.73
1.076
0.964
1.005
0.653
0.606
1.017
0.559
0.62
0.746
0.763
0.76
0.706
0.733
0.589
0.589
0.749
0.697
0.593
0.594
0.591
0.637
0.753
0.608
0.699
1.544
0.793
1.451
0.728
0.566
0.563
1.466
0.669
0.663
0.575
0.731
0.691
0.815
0.668
0.675
0.831
0.584
0.697
0.589
0.677
0.699
0.686
0.703
0.643
0.626
0.961
0.769
0.591
0.646
0.651
0.784
0.656
0.653
0.605
0.58
0.615
0.648
0.677
0.576
0.566
0.617
0.679
0.643
0.674
0.6
0.681
0.629
0.636
0.584
0.681
1.763
0.695
0.571
0.643
0.641
0.557
0.695
0.651
0.798
0.553
0.75
0.809
0.562
0.609
0.643
0.596
0.645
0.681
1.094
0.648
0.647
0.644
0.556
0.727
0.563
1.534
0.693
0.653
0.564
1.209
0.651
0.655
0.682
0.56
0.682
0.669
0.653
0.61
0.654
0.56
0.563
0.698
0.633
0.653
0.66
0.672
0.689
0.706
0.591
0.93
1.216
0.562
0.664
0.558
0.645
0.587
0.64
0.575
0.664
0.639
1.305
0.685
0.83
0.692
0.645
0.621
0.631
1.308
0.679
0.584
0.599
0.725
1.376
0.928
0.716
0.589
0.703
0.586
0.871
0.614
0.829
0.668
0.582
0.667
0.574
0.67
0.718
0.635
0.684
0.592
0.699
0.73
0.591
1.186
0.681
1.21
0.712
0.673
0.685
0.637
0.602
0.881
1.227
0.684
0.806
0.753
0.692
0.667
0.538
0.64
0.732
0.638
0.755
0.726
0.638
0.685
0.641
0.645
1.466
0.777
0.785
0.535
0.822
0.637
0.81
0.641
0.616
0.691
0.647
0.637
0.648
0.635
0.644
0.64
0.695
0.53
0.699
0.691
0.679
0.711
0.549
0.963
1.181
0.61
0.615
0.725
0.661
0.727
0.631
0.616
0.61
0.641
0.601
0.655
0.822
0.527
0.605
0.653
0.659
0.608
1.227
1.33
1.238
0.832
0.644
0.672
0.533
0.706
0.776
0.615
0.54
0.663
1.608
0.685
0.687
0.866
1.42
0.727
0.758
0.874
0.636
0.691
0.544
0.633
0.692
0.7
0.687
0.698
0.653
1.773
0.527
0.741
0.676
0.485
0.65
0.876
0.733
0.612
0.636
0.891
0.699
0.841
0.619
0.704
0.854
0.487
0.531
0.623
0.675
0.62
0.912
0.695
0.485
0.635
0.714
0.691
0.562
0.64
0.705
0.661
0.57
0.561
0.689
0.571
1.248
0.849
0.666
0.573
0.685
0.844
0.678
1.112
0.602
0.661
1.229
0.697
1.34
0.652
0.477
0.469
0.691
0.648
0.648
0.644
0.742
0.658
0.482
0.529
0.787
0.522
0.671
0.735
0.694
0.694
0.678
0.724
0.676
0.697
1.128
0.655
0.454
0.692
0.835
0.717
0.668
0.664
0.731
0.457
0.556
0.69
0.681
0.82
0.728
0.81
0.609
0.718
0.596
0.452
0.677
0.688
0.671
0.649
0.759
0.578
0.674
0.707
0.543
0.663
0.532
0.796
0.678
0.541
0.681
0.697
0.652
0.673
0.676
0.573
0.529
0.529
0.458
0.672
0.659
0.55
1.259
0.894
0.666
0.671
0.53
0.436
0.716
0.661
0.664
0.543
1.374
0.71
0.524
0.73
0.544
0.8
0.533
0.691
0.804
0.559
0.713
1.631
0.952
0.549
0.649
0.971
0.687
0.698
0.948
0.858
0.684
0.661
0.859
0.437
0.553
0.553
0.696
0.701
1.37
0.737
0.578
0.712
0.744
0.551
0.722
0.685
1.014
0.451
0.678
0.691
0.642
0.51
0.679
0.451
0.655
1.313
0.715
0.69
0.525
0.713
0.691
0.676
0.54
0.453
0.658
0.826
0.539
0.634
0.473
0.727
0.525
1.609
0.533
0.51
0.676
0.561
0.698
0.703
0.698
0.471
0.647
0.772
0.525
0.739
1.216
0.657
0.728
0.729
1.44
0.779
0.752
0.738
0.685
1.393
0.75
0.761
0.526
0.478
0.519
0.529
0.746
0.854
0.702
1.361
0.683
0.725
0.884
0.733
0.485
0.755
0.56
0.673
0.734
0.934
0.707
0.703
1.416
0.795
0.747
0.747
0.746
0.524
0.526
0.519
0.644
0.715
0.51
0.734
0.705
1.04
0.758
0.575
0.672
0.788
0.772
0.759
0.726
0.571
0.712
0.778
0.758
1.398
0.665
0.641
0.733
0.51
1.489
0.726
1.196
0.594
0.809
0.684
1.357
0.753
0.522
0.598
0.63
0.78
0.721
0.701
0.747
0.707
0.755
1.057
1.082
0.512
0.802
0.717
0.801
0.753
0.686
0.761
0.774
0.702
0.543
0.704
0.755
0.658
0.78
0.879
1.022
0.775
0.722
0.825
0.654
0.566
0.649
0.752
0.54
0.528
0.754
0.686
0.701
0.703
0.842
1.202
1.343
0.714
0.748
0.765
0.722
0.728
0.724
0.736
0.775
0.793
0.727
0.894
1.039
1.412
1.492
0.857
0.715
0.666
0.712
0.729
0.826
0.82
0.558
0.524
0.653
0.803
1.45
0.84
0.823
0.75
0.6
0.812
0.844
0.66
0.846
0.686
0.651
0.738
0.653
0.83
0.817
0.749
0.81
0.782
0.689
0.514
0.778
0.523
0.697
0.789
0.741
0.534
0.519
1.247
0.795
0.767
0.876
0.74
0.521
0.787
0.747
0.736
0.737
0.555
0.948
0.815
0.648
0.561
0.777
0.748
0.773
0.906
0.558
0.767
0.697
1.379
0.944
0.822
0.697
0.689
0.892
0.801
0.761
0.803
0.639
0.612
0.881
0.865
0.614
0.614
0.851
0.807
0.782
0.955
0.82
0.776
0.758
1.826
0.597
0.723
0.843
0.827
0.632
0.86
0.616
0.609
0.565
0.571
0.805
0.849
0.759
0.758
0.804
0.602
0.731
0.597
0.683
0.732
0.544
0.778
1.131
2.004
0.92
0.754
0.513
0.805
0.722
0.754
1.537
0.793
0.724
0.775
1.622
0.849
0.768
0.838
0.799
0.892
0.722
0.827
0.573
0.764
0.65
0.726
0.832
0.707
0.833
0.919
0.608
0.857
1.202
0.824
0.811
0.558
0.667
0.877
0.805
0.876
0.846
0.812
0.829
0.538
0.818
0.798
0.637
1.758
0.79
0.733
0.624
0.81
1.507
1.592
0.553
0.807
0.778
0.853
0.856
0.708
0.825
0.549
0.557
0.524
0.523
0.523
0.52
0.53
0.518
