8.481
45.75
83.019
93.548
128.856
170.856
133.587
125.106
162.375
170.856
160.327
123.058
81.058
45.75
81.058
123.058
160.327
170.856
172.933
188.856
198.817
268.971
231.702
194.433
152.433
143.952
108.644
98.115
135.385
177.385
187.913
223.221
260.49
268.971
279.5
387.731
634.279
648.01
669.866
678.17
708.884
674.277
635.277
625.5
592.714
627.321
660.107
669.884
708.884
674.277
666.402
701.009
708.884
669.884
637.098
627.321
592.714
627.321
666.321
699.107
708.884
738.884
860.25
860.75
881.375
846.768
807.768
774.982
765.205
797.991
836.991
846.768
881.375
873.5
838.893
799.893
767.107
757.33
722.723
755.509
788.991
800.705
877.705
886.009
936.723
1165.661
1180.446
1555.446
1574.821
1503.433
1509.033
1590.7
1607.15
1631.067
1679.6
1686.425
1687.775
1742.475
1760.766
1663.676
1710.147
1728.147
1681.676
1663.676
1640.461
1585.242
1583.977
1682.225
1704.281
1759.5
1760.766
1810.141
1710.147
1728.147
1676.176
1556.463
1555.272
1508.801
1596.211
1682.225
1817.9
1819.25
1878.15
1898.55
1786.781
1836.156
1817.016
1810.617
1809.305
1786.883
1741.383
1668.539
1541.344
1586.844
1537.469
1610.313
1609.047
1631.469
1637.867
1618.742
1563.523
1543.61
1548.551
1638.445
1753.609
1754.875
1788.594
1689.868
1736.338
1754.338
1634.625
1633.434
1581.463
1563.463
1654.289
1604.914
1606.18
1661.398
1788.594
1689.868
1707.868
1754.338
1832.484
1815.531
1487.406
1429.559
1445.515
1728.926
1745.912
1934.449
1879.979
1939.868
1922.868
2029.493
2028.301
1976.331
1929.86
1810.147
1816.632
1845.132
1838.647
1810.147
1816.632
1843.941
1822.838
1754.279
1748.257
1812.023
1735.461
1730.211
1736.609
1782.109
1787.359
1863.922
1822.838
1843.941
1837.456
1808.956
1837.456
1843.941
1862.912
1864.831
1906.596
1914.647
1908.162
1879.662
1886.147
1914.647
1794.934
1789.993
1789.581
1783.919
1784.331
1801.316
1921.029
1945.735
1917.235
1910.75
1893.765
1830.353
1641.816
1684.805
1702.852
1762.477
1962.797
2030.172
2035.445
1707.32
1690.367
1798.258
1831.858
2153.058
2171.142
2315.517
2376.317
2439.917
2441.717
2443.892
2453.017
2481.017
2457.1
2408.567
2402.967
2396.142
2479.795
2396.545
2403.857
2267.517
2345.217
2275.203
2320.703
2325.953
2245.015
2273.515
2319.985
2328.037
2384.154
2409.39
2280.313
2287.507
2302.576
2351.66
2471.972
2487.042
2577.042
2586.958
2675.771
2701.271
2730.521
2735.299
2785.965
2791.799
2797.299
2657.441
2794.73
2882.599
2888.401
2895.77
3064.461
3114.671
3177.338
3213.563
3220.563
3254.663
3278.725
3286.925
3303.55
3329.875
3216.548
3258.393
3280.714
3336.643
3351.214
3359.839
3369.363
3414.935
3423.56
3462.131
3471.56
3540.845
3556.202
3578.307
3637.727
3491.359
3522.859
3535.902
3609.054
3507.24
3509.813
3526.688
3530.203
3567.016
3675.703
3739.906
3770.094
3775.927
3789.781
3660.15
3667.41
3695.81
3559.433
3620.918
3671.197
3675.236
3693.87
3697.909
3726.986
3639.213
3642.324
3665.287
3708.384
3711.509
3726.509
3747.611
3763.167
3686.625
3722.786
3749.786
3758.491
3793.259
3793.982
3797.518
3816.321
3822.696
3856.04
3884.254
3884.504
3918.719
3929.433
3943.174
3946.924
3992.563
4014.366
4051.116
3914.388
3962.905
3966.319
3999.216
4005.474
4042.647
4073.112
4074.147
3956.642
3967.392
3971.067
3972.917
3981.958
3982.633
4052.425
4088.25
4095.15
4090.083
4087.217
4048.367
4175.595
4172.698
4147.595
4144.065
4101.823
4005.929
4008.729
4012.142
4036.408
4044.633
4056.592
4050.258
4020.808
4050.1
4054.663
4056.721
4061.038
4070.663
4071.363
4072.45
4021.806
4056.581
4008.016
4010.078
4009.281
4009.914
4019.992
4056.414
4061.539
4085.43
4108.586
4111.211
4029.659
4129.75
4128.689
4104.75
4104.545
4129.091
4080.648
4071.375
4067.227
4081.909
4109.545
3991.206
4031.794
4044.147
3942.443
3948.357
3947.425
3901.139
3914.108
3811.301
3825.53
3835.226
3851.449
3852.26
3854.044
3861.848
3887.713
3947.544
3881.03
3902.997
3905.602
3920.049
3827.272
3771.744
3789.949
3803.949
3806.929
3809.468
3876.353
3872.763
3861.59
3779.407
3754.946
3727.304
3719.901
3744.362
3826.545
3833.949
3857.667
3849.397
3840.295
3805.295
3803.141
3788.276
3783.961
3753.289
3728.105
3744.789
3678.654
3686.923
3689.077
3693.282
3779.667
3720.675
3754.8
3754.975
3750.225
3762.338
3673.988
3674.159
3674.652
3667.335
3793.335
3800.695
3824.439
3814.195
3837.463
3846.793
3820.146
3824.5
3737.69
3720.44
3722.449
3731.878
3793.985
3804.223
3824.098
3828.42
3826.411
3815.482
3841.006
3889.863
3900.983
3899.308
3777.215
3770.907
3777.215
3788.936
3822.142
3830.835
3837.653
3843.818
3841.909
3866.739
3806.711
3815.211
3814.544
3818.569
3814.925
3837.472
3868.739
3861.572
3857.928
3760.861
3758.994
3737.728
3707.394
3787.869
3755.597
3832.165
3835.892
3782.206
3784.072
3814.406
3756.821
3763.832
3779.962
3794.788
3908.918
3928.125
3934.022
3936.247
3956.986
3970.035
4005.253
4007.405
3937.728
3967.402
3938.489
3917.777
3937.906
3935.055
3935.734
3937.526
3965.799
3977.174
3985.612
3993.416
3975.385
3971.689
4040.444
4020.913
4020.24
3987.179
3980.597
3964.066
3960.37
3993.431
4012.962
4017.003
3940.285
3956.485
3962.935
3958.935
3935.625
3942.975
3945.565
3945.16
3946.88
3953
3959.12
3967.137
3968.784
3964.725
3956.784
3959.324
3957.382
3871.735
3820.837
3851.579
3839.839
3813.3
3823.858
3825.877
3823.909
3801.495
3794.596
3792.981
3787.091
3785.091
3735.665
3689.171
3702.653
3709.296
3711.192
3712.748
3772.102
3769.704
3761.683
3761.391
3744.502
3757.919
3740.252
3737.854
3737.465
3748.771
3833.234
3830.197
3749.308
3724.03
3722.039
3695.743
3743.483
3741.899
3795.454
3822.762
3841.166
3847.368
3850.522
3934.522
3960.772
3961.161
3942.815
3890.413
3891.998
3873.998
3886.434
3888.366
3869.998
3857.13
3852.531
3838.861
3849.163
3864.913
3868.96
3870.583
3867.535
3864.894
3872.535
3876.271
3890.007
3899.941
3898.349
3889.505
3898.646
3867.79
3842.184
3839.601
3843.932
3858.196
3788.789
3783.766
3803.729
3789.729
3885.201
3884.826
3914.826
3921.91
3900.326
3887.178
3884.384
3888.356
3884.995
3917.991
3918.38
3926.88
3917.907
3908.157
3925.88
3924.556
3926.118
3928.063
3941.1
3949.063
3948.59
3942.618
3916.322
3891.044
3873.322
3851.738
3770.85
3767.813
3766.257
3783.979
3785.535
3810.813
3820.943
3778.069
3783.828
3786.757
3805.882
3821.792
3756.678
3758.414
3758.875
3759.336
3780.037
3780.393
3734.629
3751.419
3732.252
3730.41
3744.621
3780.325
3779.969
3817.963
3808.331
3837.007
3875.45
3876.533
3881.796
3881.224
3880.066
3864.649
3868.281
3840.235
3869.524
3867.985
3872.743
3859.48
3850.243
3849.564
3842.02
3840.511
3839.094
3793.331
3801.831
3799.594
3798.086
3796.349
3794.875
3803.717
3796.612
3777.445
3760.366
3759.84
3769.077
3770.235
3767.057
3735.697
3754.934
3742.224
3750.447
3765.092
3763.618
3760.697
3735.785
3724.496
3707.406
3704.478
3698.719
3674.344
3680.103
3683.031
3638.864
3592.625
3616.159
3683.22
3690.478
3691.927
3663.142
3660.728
3646.763
3669.302
3663.116
3664.881
3640.623
3651.149
3667.246
3654.952
3645.32
3620.636
3636.136
3674.974
3681.921
3704.855
3699.487
3712.75
3673.912
3657.175
3673.555
3602.634
3587.134
3582.375
3580.533
3591.243
3608.322
3632.27
3586.507
3586.629
3540.866
3495.103
3498.866
3486.41
3462.463
3461.379
3478.046
3479.842
3480.303
3487.408
3486.325
3463.39
3456.285
3446.706
3437.127
3435.647
3421.002
3433.713
3437.989
3392.226
3373.314
3368.248
3351.511
3295.281
3351.511
3368.248
3378.792
3325.515
3337.756
3323.364
3325.175
3316.821
3312.024
3299.472
3293.287
3291.522
3270.401
3307.329
3305.855
3304.382
3280.434
3255.522
3178.89
3173.232
3170.311
3161.917
3159.039
3175.829
3199.776
3202.654
3208.311
3209.785
3222.535
3242.284
3263.448
3266.276
3271.552
3270.414
3220.097
3221.216
3222.996
3231.919
3204.462
3204.106
3176.388
3190.117
3116.083
3113.71
3071.294
3108
3109.119
3117.064
3116.72
3107.797
3070.275
3068.818
3063.631
3079.456
3088.379
3090.574
3105.468
3108.494
3116.706
3098.434
3099.892
3096.536
3091.07
3074.85
3071.78
3058.051
3082.845
3099.345
3102.759
3130.69
3136.25
3150.216
3153.338
3143.873
3157.657
3133.864
3149.588
3178.373
3161.873
3133.942
3098.853
3098.414
3093.435
3100.418
3114.384
3111.599
3105.004
3103.194
3101.739
3104.862
3096.509
3095.026
3164.724
3171.966
3188.414
3183.737
3187.94
3184.526
3178.009
3164.974
3141.575
3141.213
3139.7
3145.886
3139.291
3141.489
3050.972
3049.731
3045.054
3049.731
3006.583
3032.108
3008.04
2991.82
2981.244
2978.464
2972.998
2949.862
2948.439
2928.684
3002.718
3026.786
3049.922
3052.701
3058.167
3059.591
3074.006
3090.227
3129.541
3054.231
3011.084
3009.274
3012.397
3008.828
3028.483
3020.129
3004.978
3009.957
3009.052
3007.392
3007.272
3000.03
2983.53
2964.944
2962.94
2961.039
2944.591
2942.884
2919.349
2900.763
2899.28
2875.022
2871.892
2864.909
2874.323
2868.763
2830.595
2808.056
2807.784
2807.267
2806.918
2806.25
2792.284
2771.164
2770.892
2758.341
2787.125
2783.427
2810.768
2810.307
2782.261
2783.735
2792.235
2820.925
2819.768
2727.662
2731.136
2787.366
2790.243
2783.533
2784.105
2812.151
2796.151
2841.914
2845.423
2848.932
2855.879
2859.057
2823.353
2821.879
2797.932
2777.485
2766.537
2741.625
2724.836
2721.958
2716.3
2720.064
2681.422
2670.703
2679.703
2683.275
2693.078
2718.203
2717.667
2718.136
2678.605
2686.975
2683.734
2672.833
2672.958
2674.725
2675.904
2672.931
2668.578
2590.578
2619.125
2617.357
2704.571
2711.837
2711.962
2751.493
2750.911
2747.214
2744.52
2742.208
2746.56
2733.882
2748.319
2748.194
2763.1
2787.335
2774.397
2765.397
2759.933
2702.699
2688.163
2691.734
2716.859
2794.859
2796.734
2793.761
2830.103
2833.29
2831.754
2848.844
2805.186
2709.732
2710.1
2717.055
2758.69
2775.051
2766.551
2793.551
2802.523
2787.523
2785.627
2789.461
2807.488
2726.6
2710.238
2723.655
2739.356
2742.711
2751.391
2848.613
2871.299
2879.979
2928.285
2941.433
2952.549
2955.903
2972.264
2978.907
2942.018
2906.446
2946.118
2930.055
2918.955
2927.764
2925.855
2911.127
2894.152
2938.609
2921.209
2904.234
2863.984
2889.566
2890.043
2882.68
2875.48
2875.848
2868.484
2866.95
2861.495
2828.995
2879.792
2848.875
2929.764
2927.868
2931.572
2944.72
2944.85
2948.211
2955.711
2957.752
2974.113
2974.488
3010.426
3025.056
3030.722
3030.593
3020.426
3018.593
2983.396
2954.444
2979.722
2978.167
2980.063
2984.035
2981.637
2968.6
2972.433
2992.664
3037.611
2999.212
2999.08
2993.632
2985.708
2991.156
2943.542
2981.229
2981.359
2981.734
2981.863
2989.363
2991.516
3008.806
3028.769
3027.213
3029.991
3032.144
3034.736
3036.889
3077.127
3080.109
3104.927
3110.414
3118.936
3113.373
3097.309
3060.307
3059.939
3045.575
3045.289
2992.877
3029.219
3029.58
3043.688
3059.464
3064.929
3081.214
3168.429
3170.741
3183.741
3191.938
3189.009
3188.942
3220.862
3251.978
3275.321
3265.92
3265.545
3262.616
3319.85
3356.443
3346.87
3350.164
3315.696
3322.527
3320.652
3297.308
3305.504
3276.958
3273.723
3267.964
3250.875
3247.339
3218.411
3203.946
3184.696
3182.978
3174.46
3117.225
3174.46
3179.616
3193.025
3212.275
3213.453
3198.547
3214.324
3219.48
3223.833
3240.504
3232.826
3232.545
3185.964
3190.317
3186.746
3196.496
3186.746
3187.107
3199.786
3200.268
3191.616
3177.509
3172.045
3156.268
3119.926
3174.648
3174.28
3176.284
3213.286
3227.65
3228.018
3244.082
3249.645
3264.823
3274.75
3264.768
3265.15
3279.031
3287.402
3317.214
3308.844
3308.482
3303.094
3330.829
3343.099
3366.892
3384.608
3396.849
3390.664
3405.534
3408.983
3409.545
3409.894
3410.36
3417.343
3427.939
3390.231
3418.056
3429.89
3393.796
3384.696
3385.046
3361.596
3356.596
3348.521
3344.946
3346.046
3389.588
3385.067
3386.773
3404.835
3404.158
3400.096
3400.446
3398.696
3411.296
3388.546
3354.627
3341.46
3341.123
3326.398
3321.298
3319.46
3319.798
3334.523
3336.36
3341.46
3375.379
3388.546
3386.896
3386.381
3392.36
3419.602
3418.502
3422.077
3430.152
3430.502
3357.702
3360.677
3353.927
3390.021
3396
3395.883
3392.55
3426.469
3421.656
3478.532
3478.468
3482.6
3478.964
3466.15
3457.608
3462.502
3500.023
3497.481
3513.305
3511.57
3519.35
3516.129
3508.184
3493.21
3511.578
3477.085
3475.216
3460.242
3455.055
3454.712
3441.322
3441.665
3455.055
3460.242
3462.11
3477.085
3511.578
3546.072
3516.694
3487.909
3484.211
3479.534
3444.446
3456.584
3508.384
3600.489
3605.248
3614.09
3616.967
3624.511
3630.805
3631.963
3614.884
3616.923
3617.292
3563.614
3603.442
3603.321
3565.983
3538.42
3521.636
3518.513
3519.961
3503.513
3458.539
3487.323
3490.453
3527.791
3526.653
3552.82
3538.961
3523.461
3521.526
3521.171
3515.803
3499.803
3475.118
3460.474
3467.184
3444.25
3415.685
3412.237
3424.789
3421.341
3422.405
3372.941
3372.381
3375.771
3385.076
3407.233
3406.684
3403.176
3403.061
3387.604
3390.994
3394.502
3407.316
3405.345
3421.566
3449.532
3426.53
3453.625
3446.506
3438.727
3443.913
3443.557
3446.583
3448.956
3461.769
3467.235
3477.583
3521.794
3558.5
3582.347
3579.975
3594.123
3619.648
3626.795
3629.381
3634.942
3635.394
3672.733
3688.457
3694.458
3702.669
3730.006
3731.977
3784.267
3744.863
3756.904
3754.746
3768.658
3780.492
3788.567
3792.142
3798.121
3786.288
3799.454
3718.054
3713.242
3727.888
3754.713
3774.781
3751.115
3758.115
3755.096
3778.546
3764.171
3760.838
3738.088
3732.928
3752.148
3813.718
3811.953
3821.03
3837.478
3841.681
3918.44
3885.853
3882.405
3881.164
3908.726
3902.131
3905.83
3982.588
3984.353
3953.534
3945.181
3941.483
3950.172
3965.897
3972.233
3996.927
3995.22
3988.392
3997.806
4013.53
4015.013
4002.522
4021.108
4020.987
3996.728
3988.647
3986.642
3970.545
3970.106
3976.442
3959.942
3931.746
3876.485
3847.7
3844.83
3837.847
3823.907
3823.558
3811.317
3810.851
3810.289
3819.625
3820.188
3828.916
3841.157
3848.14
3783.375
3783.718
3852.235
3851.892
3868.061
3869.18
3840.883
3825.059
3836.619
3833.542
3837.051
3830.186
3814.362
3830.186
3838.398
3837.71
3837.354
3865.65
3828.129
3829.176
3760.659
3759.54
3771.1
3770.655
3794.722
3787.858
3783.727
3768.752
3762.672
3747.778
3744.708
3738.225
3730.013
3722.068
3719.288
3744.814
3740.682
3728.648
3730.843
3758.561
3773.18
3835.112
3863.897
3865.034
3802.068
3820.722
3820.169
3848.136
3846.165
3838.386
3839.432
3821.064
3842.386
3860.754
3875.373
3859.203
3854.309
3836.038
3781.714
3799.985
3816.155
3870.479
3871.936
3887.394
3892.288
3871.525
3886.983
3891.114
3889.379
3827.056
3810.831
3753.305
3730.682
3730.338
3730.67
3782.334
3774.65
3750.06
3745.031
3742.056
3778.15
3779.583
3781.742
3825.283
3830.658
3851.352
3864.519
3872.169
3886.894
3887.01
3895.085
3853.377
3864.744
3864.394
3849.748
3849.41
3846.077
3812.158
3811.821
3876.072
3872.564
3856.343
3850.284
3781.767
3772.462
3761.886
3761.767
3759.157
3755.521
3694.767
3702.842
3615.342
3597.133
3593.967
3588.867
3577.033
3554.283
3546.471
3544.533
3532.4
3531.3
3463.925
3454.825
3442.225
3431.825
3431.388
3427.938
3404.271
3460.852
3437.004
3354.225
3271.445
3244.35
3240.714
3227.9
3281.653
3273.3
3281.653
3283.554
3269.614
3214.353
3179.265
3179.2
3150.416
3148.933
3147.692
3143.015
3052.498
3009.303
3090.964
3090.621
3095.218
3081.07
3052.773
3047.307
3041.29
3034.807
3019.35
3012.008
2929.229
2926.686
2908.318
2901.03
2922.851
2921.61
2905.886
2867.718
2864.375
2856.022
2818.683
2827.037
2834.95
2844.364
2846.724
2762.517
2758.819
2801.966
2802.086
2795.901
2767.116
2754.875
2754.409
2734.315
2664.616
2664.267
2663.705
2656.722
2663.705
2681.162
2693.403
2716.756
2786.455
2787.017
2787.483
2787.832
2779.478
2750.694
2747.246
2730.797
2728.565
2716.323
2754.399
2752.465
2743.965
2752.465
2706.909
2705.461
2703.668
2613.151
2582.332
2577.353
2619.693
2613.399
2651.067
2650.585
2642.388
2639.944
2630.194
2621.542
2629.739
2638.391
2648.141
2650.585
2638.013
2625.835
2623.013
2615.513
2606.862
2594.683
2592.239
2575.203
2573.127
2572.672
2571.136
2546.011
2534.027
2559.609
2567.427
2584.773
2587.261
2589.375
2647.65
2650.895
2648.407
2638.48
2629.67
2621.325
2606.148
2586.443
2594.789
2603.598
2613.525
2616.014
2654.708
2653.116
2694.514
2669.849
2665.25
2706.813
2697.495
2748.225
2729.52
2739.02
2741.181
2739.971
2762.798
2759.168
2749.988
2734.188
2716.518
2716.378
2673.065
2671.345
2668.755
2662.305
2581.455
2587.905
2631.218
2633.808
2649.608
2651.328
2732.178
2732.318
2749.988
2759.168
2748.248
2745.51
2736.33
2726.64
2729.378
2738.558
2749.478
2759.168
2755.028
2774.773
2709.362
2706.99
2688.378
2681.133
2671.245
2710.052
2702.604
2668.534
2679.485
2681.857
2691.745
2710.357
2736.791
2754.656
2735.313
2709.522
2606.581
2590.213
2641.418
2627.778
2522.778
2503.698
2542.543
2528.625
2547.555
2599.58
2580.782
2630.989
2629.647
2628.505
2618.527
2606.658
2603.682
2593.149
2605.019
2607.995
2617.973
2628.505
2627.163
2580.084
2618.253
2615.803
2605.036
2567.936
2605.571
2556.352
2531.852
2568.547
2561.831
2546.515
2553.39
2629.702
2652.417
2678.083
2730.085
2727.588
2716.393
2704.576
2691.259
2687.921
2691.259
2704.576
2715.771
2727.588
2772.978
2762.15
2696.938
2661.763
2653.7
2638.438
2634.938
2634.3
2615.4
2561.259
2496.047
2514.947
2523.009
2526.509
2530.972
2592.359
2627.534
2678.675
2689.125
2680.156
2685.519
2716.144
2743.094
2783.059
2789.153
2833.841
2843.741
2855.853
2842.203
2830.091
2826.669
2815.194
2814.688
2814.013
2712.95
2702.825
2685.075
2643.338
2642.831
2613.694
2612.878
2577.576
2594.893
2669.125
2669.784
2670.579
2646.744
2656.387
2656.869
2617.932
2675.838
2649.546
2530.424
2525.375
2528.064
2527.332
2549.576
2572.348
2453.226
2430.454
2482.028
2522.285
2584.714
2456.188
2520.787
2507.693
2575.517
2577.604
2577.404
2577.604
2649.104
2624.461
2615.839
2608.089
2606.032
2456.032
2463.782
2478.182
2628.182
2624.482
2615.268
2553.393
2530.821
2505.579
2390.079
2376.964
2376.764
2374.307
2320.307
2312.057
2367.706
2377.784
2377.572
2377.784
2320.202
2380.059
2388.551
2269.654
2257.743
2256.949
2256.353
2251.456
2269.091
2317.813
2316.793
2317.637
2339.824
2391.996
2404.652
2405.285
2454.898
2416.974
2417.934
2323.665
2318.842
2312.754
2298.967
2278.085
2274.665
2261.165
2229.46
2234.283
2237.702
2269.408
2283.195
2377.463
2398.346
2404.434
2417.934
2389.875
2429.629
2426.712
2329.587
2338.337
2367.246
2464.371
2497.038
2482.356
2476.947
2460.992
2432.701
2428.777
2402.148
2418.102
2423.511
2438.193
2464.822
2468.746
2497.038
2447.481
2468.105
2341.777
2337.027
2366.609
2430.233
2426.358
2410.208
2454.392
2508.904
2512.779
2572.363
2588.513
2635.415
2664.835
2681.719
2706.406
2715.43
2720.555
2730.117
2755.43
2761.68
2811.637
2811.418
2733.215
2811.418
2811.637
2647.574
2639.098
2623.348
2631.824
2647.574
2798.137
2730.461
2726.086
2725.289
2643.773
2620.148
2610.07
2648.879
2629.185
2653.573
2673.266
2657.402
2738.918
2743.293
2702.799
2708.208
2717.981
2705.708
2684.193
2633.602
2589.574
2588.73
2588.098
2633.988
2632.935
2655.839
2688.5
2724.032
2765.234
2766.254
2767.098
2767.73
2780.387
2746.699
2746.48
2717.305
2716.508
2707.133
2682.445
2682.664
2692.039
2697.617
2726.793
2760.48
2785.168
2791.355
2816.668
2820.113
2835.254
2852.41
2854.34
2861.043
2864.488
2873.918
2876.555
2881.242
2881.898
2882.742
2879.297
2864.156
2867.602
2882.742
2849.055
2819.242
2810.219
2710.059
2743.746
2752.77
2782.582
2867.836
2852.695
2849.25
2864.391
2780.932
2705.098
2704.886
2705.098
2780.318
2779.33
2778.716
2743.398
2742.58
2691.989
2679.716
2675.413
2632.691
2675.413
2676.402
2677.015
2707.697
2719.97
2741.485
2742.303
2762.621
2748.793
2692.934
2677.793
2626.688
2500.359
2496.727
2547.847
2502.04
2468.227
2483.367
2550.246
2578.746
2582.379
2622.855
2673.961
2647.098
2726.375
2711.234
2726.375
2729.82
2759.633
2730.174
2791.845
2896.511
2905.655
2972.739
3039.717
3087.364
3105.018
3077.559
3077.096
3050.272
3077.096
2992.329
3019.004
3005.161
3002.011
2999.954
2992.204
2842.204
2838.293
2829.079
2808.793
2807.861
2808.793
2812.704
2821.918
2842.204
2854.204
2972.032
2890.205
2893.802
2880.552
2872.531
2842.587
2753.556
2733.833
2722.583
2722.021
2717.396
2671.021
2670.271
2631.064
2630.132
2631.064
2642.636
2690.336
2691.107
2691.686
2807.186
2761.583
2781.306
2760.306
2751.347
2678.889
2618.733
2579.649
2652.625
2712.688
2708.57
2749.952
2755.202
2738.357
2812.886
2830.329
2839.543
2764.556
2785.556
2716.042
2715.847
2705.917
2696.056
2670.722
2558.431
2555.201
2542.483
2601.282
2554.557
2670.057
2721.129
2810.004
2836.061
2849.904
2810.184
2855.611
2858.84
2880.785
2881.347
2884.41
2940.941
2965.483
2973.983
2861.691
2850.441
2830.719
2829.813
2877.364
2876.593
2876.014
2828.314
2943.814
2964.1
2928.139
2939.389
2940.139
2941.045
2941.608
2973.983
2982.941
3009.524
3014.556
3037.056
3038.306
3083.306
3056.806
2910.972
2861.319
2725.653
2669.122
2624.122
2607.448
2545.955
2610.075
2634.632
2685.704
2656.101
2801.934
2781.209
2876.541
2884.696
2900.919
2951.669
2930.318
2922.047
2898.169
2897.743
2842.74
2842.193
2842.74
2897.743
2824.388
2845.178
2853.23
2876.48
2876.296
2874.086
2866.487
2888.956
2900.307
2900.497
2908.301
2963.304
2955.034
2933.682
2909.804
2909.257
2933.538
2930.476
2955.017
2955.58
2964.08
2886.949
2908.301
2960.75
2958.074
2919.696
2859.865
2837.304
2875.682
2878.358
2900.919
2953.858
2905.547
2876.412
2870.615
2859.912
2826.804
2898.556
2885.097
2921.854
2933.168
2939.296
2974.296
2988.139
2995.104
2941.851
2991.503
3035.91
3034.493
3012.549
2956.017
2931.476
2931.038
2930.476
2931.038
2987.569
3009.514
3018.014
3021.076
3045.618
3041.063
3019.118
2974.712
2966.212
2958.191
2952.635
2930.135
2859.213
2881.105
2886.51
2907.861
2915.666
2920.098
2963.304
2951.953
2819.953
2897.556
2893.958
2837.427
2836.865
2828.365
2803.823
2800.76
2778.816
2800.76
2780.068
2803.946
2733.059
2741.112
2741.645
2741.112
2733.059
2712.27
2782.595
2758.716
2778.816
2759.094
2712.719
2701.469
2589.177
2588.427
2587.521
2628.15
2627.571
2586.958
2598.208
2644.583
2645.333
2645.896
2646.802
2666.524
2703.713
2775.753
2749.819
2745.597
2771.531
2699.605
2724.253
2767.459
2769.243
2788.27
2792.703
2798.108
2831.216
2889.747
2936.571
2946.909
2941.557
2932.841
2906.976
2902.081
2880.189
2836.405
2841.757
2867.622
2876.338
2898.23
2903.125
2946.909
3024.878
3019.92
2947.462
2908.378
2891.42
2831.264
2810.264
2881.343
2921.914
2942.614
2945.614
2931.771
2928.45
2877.379
2851.321
2804.596
2764.025
2648.525
2556.95
2583.007
2618.864
2639.507
2690.225
2704.068
2741.247
2744.476
2789.903
2786.306
2761.896
2756.938
2820.664
2889.375
2861.915
2876.165
2903.625
2825.764
2829.464
2854.571
2869.614
2719.614
2686.314
2635.243
2587.543
2568.161
2521.875
2494.618
2559.114
2624.39
2476.39
2475.402
2408.318
2407.705
2406.886
2355.773
2337.016
2389.5
2426.556
2414.324
2444.137
2462.895
2584.559
2515.383
2663.383
2637.621
2685.268
2709.82
2733.643
2758.195
2799.96
2873.563
2905.268
2937.761
2957.875
2952.218
2924.875
2915.661
2869.375
2846.232
2841.057
2767.639
2794.222
2799.253
2821.753
2830.712
2875.712
2831.306
2820.681
2760.524
2710.872
2705.316
2685.76
2681.205
2680.899
2646.872
2651.427
2696.83
2698.663
2718.219
2728.844
2734.399
2693.605
2736.811
2770.51
2700.01
2683.787
2664.598
2659.703
2654.568
2630.689
2620.993
2625.889
2649.767
2665.99
2691.666
2701.361
2771.861
2791.051
2766.402
2753.307
2743.645
2699.446
2696.304
2686.709
2600.084
2490.828
2509.625
2481.686
2523.619
2526.599
2549.984
2562.407
2638.753
2674.234
2710.644
2735.183
2737.337
2745.606
2775.49
2779.696
2891.696
2926.696
2918.426
2897.657
2893.013
2851.474
2826.936
2821.859
2786.859
2756.974
2644.974
2608.564
2600.295
2596.09
2593.936
2569.397
2681.397
2711.282
2746.282
2782.692
2790.962
2815.5
2817.654
2821.859
2856.657
2859.484
2871.907
2864.17
2807.407
2834.247
2816.395
2791.289
2775.493
2718.507
2576.615
2603.188
2619.861
2608.885
2657.196
2699.145
2742.929
2678.688
2816.845
2869.849
2894.311
2848.478
2830.426
2822.574
2781.583
2776.455
2774.763
2770.558
2786.477
2776.411
2788.648
2830.717
2832.454
2855.316
2859.632
2841.837
2846.965
2856.772
2874.824
2866.554
2754.554
2724.67
2700.131
2663.721
2628.721
2626.567
2622.362
2646.901
2758.901
2761.054
2769.324
2790.926
2825.926
2790.778
2794.878
2782.766
2780.009
2782.766
2794.878
2771.538
2748.738
2816.391
2840.33
2843.157
2866.542
2859.138
2858.958
2848.189
2796.006
2791.801
2756.801
2726.917
2718.647
2694.109
2582.109
2612.691
2610.48
2641.151
2643.362
2755.822
2760.138
2725.776
2734.045
2769.045
2793.583
2788.455
2781.051
2740.061
2790.852
2786.536
2765.747
2832.226
2837.632
2845.902
2867.794
2875.598
2896.949
2901.382
2944.588
2944.162
2931.068
2934.047
2947.142
2915.642
2797.588
2771.723
2809.271
2804.715
2802.382
2764.465
2755.507
2779.465
2781.799
2819.715
2781.885
2786.318
2875.588
2830.586
2839.072
2836.171
2823.421
2753.853
2766.276
2741.737
2629.737
2689.599
2730.791
2728.52
2719.804
2715.372
2678.48
2715.372
2741.236
2745.669
2788.362
2790.572
2799.059
2763.699
2723.744
2765.481
2768.041
2772.991
2775.141
2775.647
2816.531
2819.006
2762.543
2796.86
2807.323
2824.64
2888.262
2885.573
2945.6
2974.738
2996.706
2999.944
3002.569
2938.665
2941.079
2948.439
2950.537
2915.902
2895.543
2915.902
2950.537
2961.732
2996.366
3006.61
3045.601
3079.259
3081.82
3081.991
3095.381
3118.152
3120.988
3121.784
3240.905
3264.174
3268.591
3270.689
3348.863
3346.893
3268.72
3246.476
3243.64
3234.982
3195.095
3173.909
3129.222
3230.284
3271.169
3315.856
3395.984
3408.097
3443.597
3466.397
3469.303
3465.203
3429.703
3427.603
3419.541
3395.221
3370.683
3335.683
3392.793
3330.337
3365.337
3401.747
3431.631
3433.785
3437.99
3461.241
3469.303
3469.478
3492.819
3520.131
3530.856
3559.994
3615.831
3642.925
3664.894
3685.763
3689
3710.969
3722.688
3726.109
3758.791
3760.891
3697.588
3702.418
3702.912
3728.183
3730.872
3734.287
3681.466
3676.588
3758.941
3757.291
3717.325
3672.638
3668.538
3660.881
3643.281
3607.241
3616.57
3621.448
3623.058
3640.229
3644.229
3586.628
3624.69
3645.375
3617.625
3613.72
3606.042
3583.256
3581.256
3562.067
3527.433
3581.494
3585.594
3526.567
3559.86
3642.03
3644.079
3651.945
3686.579
3621.589
3722.804
3745.982
3750.911
3751.554
3677.076
3677.834
3679.369
3646.06
3653.014
3654.932
3670.432
3660.659
3657.548
3654.906
3622.929
3601.247
3528.403
3527.824
3530.466
3592.435
3596.491
3599.602
3621.284
3631.057
3663.034
3687.665
3694.994
3695.153
3709.028
3709.489
3731.17
3790.193
3796.358
3858.361
3860.611
3903.565
3893.815
3896.142
3821.761
3840.928
3876.928
3881.694
3901.961
3865.619
3810.003
3816.655
3823.215
3824.649
3822.424
3835.473
3764.59
3820.09
3823.003
3753.857
3734.406
3734.26
3733.729
3717.271
3694.813
3688.563
3705.021
3709.49
3710.115
3729.115
3735.365
3754.815
3777.273
3777.419
3703.972
3702.258
3673.278
3584.135
3556.278
3546.513
3539.931
3536.533
3533.186
3584.258
3613.237
3613.849
3633.38
3648.809
3681.87
3682.283
3715.344
3718.202
3714.505
3712.75
3723.893
3746.01
3756.296
3728.599
3756.296
3772.827
3789.01
3786.367
3744.834
3711.773
3692.304
3680.054
3643.574
3543.901
3498.722
3492.564
3455.951
3475.826
3512.033
3548.099
3581.161
3619.482
3625.64
3650.808
3662.813
3701.415
3711.93
3702.75
3781.47
3791.16
3802.08
3806.04
3838.013
3828.323
3823.448
3819.158
3797.598
3765.625
3757.705
3721.955
3697.455
3719.015
3726.935
3758.908
3794.658
3804.348
3828.848
3833.138
3838.013
3845.663
3849.803
3833.108
3816.908
3821.768
3763.199
3764.493
3777.865
3759.159
3773.434
3767.517
3798.863
3766.127
3851.775
3866.294
3795.425
3797.445
3862.291
3863.906
3870.805
3852.851
3802.688
3825.101
3778.684
3789.042
3781.825
3783.807
3783.425
3775.33
3801.877
3826.542
3824.099
3844.547
3857.184
3856.561
3857.726
3864.943
3870.392
3869.776
3885.526
3921.078
3908.21
3924.79
3908.21
3907.828
3915.922
3939.035
3950.554
3949.894
3975.5
3978.594
3957.981
3931.943
3931.816
3945.552
3946.061
3996.808
4002.692
4013.25
4019.019
4036.974
4044.329
4047.483
4065.829
4063.137
4077.07
4008.068
4005.875
4003.894
3992.375
3995.8
3993.217
4002.358
4000.774
4013.642
4022.783
4028.231
4012.948
3994.58
3997.41
3984.014
3982.146
3997.429
3996.184
4019.403
4003.13
4000.336
3977.65
3973.678
3952.095
3939.465
3943.169
3946.523
3964.245
3904.891
3903.058
3873.058
3872.502
3870.606
3890.569
3892.611
3866.315
3866.801
3872.148
3847.94
3827.87
3860.972
3855
3872.965
3824.66
3795.056
3791.972
3748.845
3733.668
3708.086
3711.386
3705.823
3711.277
3671.902
3659.102
3652.148
3650.948
3647.311
3641.743
3612.677
3580.177
3577.195
3584.15
3623.525
3624.725
3627.707
3649.98
3665.775
3694.841
3698.477
3711.277
3719.095
3749.45
3719.995
3718.432
3726.955
3728.816
3670.541
3640.807
3567.307
3541.489
3532.68
3516.098
3483.598
3481.484
3539.759
3572.259
3574.373
3583.182
3599.764
3673.264
3702.998
3662.23
3698.571
3677.759
3689.938
3729.469
3719.665
3719.54
3721.047
3633.833
3631.958
3630.779
3644.868
3659.333
3658.047
3670.618
3678.989
3696.025
3694.15
3697.846
3694.873
3701.944
3704.623
3659.935
3643.65
3650.882
3650.757
3649.221
3662.221
3656.757
3641.85
3637.007
3621.315
3624.502
3624.221
3667.884
3667.603
3664.888
3648.217
3664.888
3681.174
3618.526
3532.842
3516.842
3531.053
3531.625
3533.134
3526.423
3529.607
3531.45
3529.048
3544.18
3550.89
3541.259
3538.425
3537.978
3521.599
3506.182
3503.91
3494.673
3503.173
3519.553
3516.237
3525.474
3524
3536.732
3534.996
3477.125
3479.358
3489.707
3502.319
3474.756
3476.463
3462.843
3455.209
3537.787
3538.252
3572.953
3573.302
3554.616
3547.181
3540.586
3524.489
3536.627
3513.228
3528.953
3532.651
3567.739
3581.36
3587.955
3563.847
3547.678
3548.231
3602.166
3583.481
3589.817
3531.998
3539.269
3537.4
3537.282
3534.502
3546.841
3543.485
3499.273
3494.379
3510.6
3526.769
3517.464
3509.252
3487.095
3477.841
3451.377
3435.477
3437.183
3427.008
3425.602
3425.265
3417.452
3419.202
3424.302
3432.115
3430.365
3426.34
3402.673
3414.748
3416.498
3440.165
3439.715
3436.415
3452.64
3453.077
3465.296
3431.377
3425.002
3419.902
3422.635
3419.06
3420.467
3412.067
3409.048
3415.027
3438.694
3424.781
3418.865
3415.415
3435.831
3444.931
3402.141
3425.42
3395.01
3403.785
3376.785
3321.859
3291.183
3294.409
3293.883
3292.232
3322.716
3336.643
3334.224
3332.863
3331.867
3323.012
3322.758
3322.419
3318.96
3318.851
3313.984
3315.345
3315.683
3317.462
3318.357
3321.817
3322.813
3323.248
3332.103
3284.002
3284.431
3314.431
3297.319
3295.474
3288.188
3285.585
3280.823
3277.538
3266.268
3215.393
3212.107
3210.619
3227.73
3235.171
3237.774
3245.06
3248.345
3299.22
3310.49
3312.335
3304.335
3304.014
3303.538
3302.49
3287.3
3236.425
3213.885
3205.171
3202.29
3132.956
3135.837
3150.313
3184.688
3115.355
3161.99
3162.407
3140.073
3152.613
3146.613
3137.899
3136.756
3139.631
3133.937
3129.147
3096.843
3087.315
3080.288
3002.764
2997.089
2960.752
2945.365
2919.236
2919.349
2909.667
2914.869
2917.288
2918.675
2921.869
2931.55
2931.986
2934.865
2976.938
2944.113
2922.224
2907.165
2935.996
2937.593
3016.367
2990.583
3004.833
3038.404
3004.72
3011.639
3037.768
3042.97
3056.433
3066.115
3048.728
3056.288
3065.97
3057.163
3049.349
3054.188
2983.736
2985.825
2986.889
2995.744
3008.486
2995.022
3010.345
3036.474
3038.732
3044.518
3004.907
2927.383
2914.526
2903.351
2909.637
2908.657
2918.347
2906.792
2911.554
2914.157
2928.181
2929.931
2943.954
2911.651
2914.937
2915.984
2912.579
2934.484
2951.825
2956.587
2958.76
2957.427
2911.627
2882.096
2867.189
2856.533
2853.697
2843.041
2859.975
2866.678
2845.35
2847.072
2842.561
2808.723
2797.723
2796.082
2793.52
2761.721
2757.209
2754.646
2749.865
2737.521
2712.543
2699.887
2696.762
2709.418
2711.98
2715.105
2719.887
2744.865
2749.377
2761.721
2779.932
2821.183
2833.183
2832.665
2872.387
2862.859
2876.808
2884.093
2872.919
2847.544
2844.94
2841.766
2836.905
2847.732
2846.667
2840.498
2857.76
2869.301
2876.924
2883.195
2910.949
2913.637
2947.172
2948.254
2974.461
2977.74
2975.051
2959.092
2947.215
2952.502
2959.387
2962.904
2961.182
3047.248
3062.199
3064.105
3017.103
3032.49
3032.603
3026.071
3024.377
3024.704
3012.962
2984.131
2979.474
2999.232
3014.619
3000.708
2980.95
3015.412
3016.789
2969.909
2957.167
2939.688
2947.091
2968.98
2962.06
2959.181
2907.486
2909.905
2887.002
2886.889
2879.97
2883.429
2877.502
2895.254
2894.831
2917.524
2933.226
2946.29
2939.903
2936.677
2942.605
2934.79
2937.712
2939.363
2979.865
2974.947
2954.865
2928.307
2931.234
2933.357
2932.926
2929.951
2947.09
2935.156
2933.746
2920.795
2935.279
2869.008
2845.73
2843.824
2791.281
2776.33
2768.387
2739.084
2712.275
2706.004
2702.889
2616.824
2626.832
2621.545
2621.115
2634.066
2655.496
2642.217
2657.906
2656.201
2641.717
2648.209
2658.427
2670.16
2654.96
2661.56
2659.91
2656.46
2663.06
2684.129
2685.909
2700.528
2735.021
2724.847
2722.305
2721.797
2730.008
2697.975
2702.869
2707.983
2679.686
2696.186
2693.814
2692.383
2689.358
2713.044
2736.892
2742.972
2758.43
2766.21
2723.794
2718.328
2681.623
2689.403
2695.483
2725.457
2723.556
2685.388
2690.664
2687.216
2709.754
2720.103
2717.517
2755.685
2752.116
2750.351
2745.179
2740.006
2830.524
2845.394
2838.567
2838.101
2847.179
2839.097
2841.33
2817.931
2810.517
2818.431
2830.983
2815.75
2817.754
2845.685
2832.651
2818.685
2813.409
2821.763
2820.056
2842.595
2875.181
2873.177
2879.772
2881.22
2886.422
2886.073
2895.151
2810.944
2794.444
2780.823
2796.92
2797.041
2793.627
2801.024
2801.476
2824.875
2825.237
2845.332
2844.879
2820.397
2852.983
2869.08
2867.942
2869.752
2860.287
2865.241
2867.828
2875.909
2877.358
2877.237
2946.935
2940.75
2942.457
2961.293
2957.595
2981.853
2980.716
2982.422
2979.836
2889.319
2883.759
2894.108
2897.556
2899.97
2913.591
2917.159
2841.849
2846.828
2830.379
2878.555
2871.029
2864.581
2879.713
2886.423
2899.195
2890.971
2866.761
2894.807
2856.814
2849.445
2846.261
2870.208
2860.629
2879.643
2877.011
2915.849
2924.691
2976.435
2981.592
2998.263
2991.433
2975.147
2984.549
2974.746
2940.996
2925.219
2938.719
2967.475
2964.493
2982.193
2983.316
2963.611
2989.193
2979.62
2963.557
2978.284
2977.691
2971.168
2993.441
3013.041
3029.018
3074.518
3057.118
3081.936
3080.075
3081.602
3064.257
3066.745
3068.607
3042.789
3034.266
3008.448
2997.534
3015.234
3002.434
2998.798
2991.843
2969.57
2940.505
2937.523
2898.148
2896.948
2864.448
2865.648
2869.284
2872.266
2894.539
2901.493
2932.275
2961.532
2974.332
3003.398
3028.216
3004.448
3030.086
3027.688
3035.632
3035.028
3021.88
3015.907
3013.373
3053.477
3053.185
3049.831
3044.243
3064.313
3078.313
3084.956
3091.495
3111.727
3113.671
3110.366
3112.519
3114.414
3105.914
3098.581
3083.123
3067.664
3052.664
3008.075
3031.843
3036.275
3051.002
3066.18
3068.293
3084.875
3082.52
3102.12
3091.02
3098.839
3100.843
3094.32
3095.52
3098.009
3083.282
3067.305
3052.941
3058.395
3032.814
2985.386
2985.768
2969.186
2999.909
2954.409
2902.121
2902.482
2959.717
2962.951
2964.719
2993.922
2986.261
2954.342
2956.786
2956.317
3034.317
3032.781
3087.432
3079.086
3132.801
3124.301
3135.417
3128.083
3126.528
3115.412
3121
3128.944
3137.444
3114.759
3118.12
3096.537
3126.822
3109.155
3091.563
3071.331
3064.248
3061.713
3053.213
3027.157
3026.782
3026.491
3026.102
3025.81
3008.921
2991.632
3008.921
3010.963
3027.852
3033.991
3043.324
3057.954
3050.62
3045.065
3036.384
3036.514
3020.153
2922.931
2963.035
2976.451
2972.479
2981.451
3011.451
2985.155
2980.002
2995.461
3021.757
3035.174
3065.458
3041.25
3062.972
3093.828
3094.21
3111.417
3153.186
3144.045
3141.851
3156.757
3160.125
3158.257
3158.767
3158.696
3162.469
3174.802
3182.019
3161.571
3150.052
3133.778
3115.41
3117.278
3077.144
3080.81
3098.838
3080.81
3125.656
3189.3
3191.941
3198.875
3199.491
3181.875
3180.007
3176.59
3167.929
3193.967
3177.693
3203.731
3198.038
3201.406
3208.623
3217.283
3213.377
3222.222
3222.788
3221.203
3195.448
3196.014
3221.769
3180.908
3182.84
3200.764
3192.67
3191.505
3194.599
3177.392
3170.259
3156.524
3154.08
3144.571
3144.439
3135.297
3114.684
3096.316
3047.099
3044.458
3037.689
3020.481
3002.866
2997.417
2975.427
2958.847
2953.186
2938.281
2928.347
2917.021
2914.828
2884.665
2843.804
2841.823
2827.559
2801.953
2760.184
2752.071
2733.703
2707.156
2676.3
2725.647
2723.627
2713.502
2711.599
2696.406
2688.156
2700.961
2697.039
2675.902
2675.505
2589.858
2587.174
2561.542
2551.659
2545.998
2524.576
2508.694
2504.772
2497.272
2465.926
2464.632
2461.417
2418.953
2405.15
2399.145
2364.096
2399.145
2412.949
2444.294
2484.404
2491.904
2495.826
2499.042
2474.541
2475.81
2469.925
2451.971
2446.418
2444.45
2441.817
2427.279
2384.707
2421.142
2416.363
2384.598
2370.392
2368.333
2367.922
2358.922
2347.152
2328.525
2327.23
2312.956
2309.74
2299.858
2278.608
2243.33
2241.65
2238.02
2194.708
2162.735
2138.235
2133.945
2098.195
2076.635
2068.715
2059.025
2054.15
2078.65
2088.34
2096.26
2101.135
2105.425
2141.175
2162.735
2194.708
2171.398
2169.35
2168.75
2142.605
2140.925
2123.675
2117.64
2109.99
2100.3
2099.31
2092.21
2089.73
2127.469
2157.052
2180.984
2153.51
2155.531
2151.888
2149.867
2121.153
2088.092
2060.235
2059.684
2031.52
2066.37
2056.276
2033.818
2033.138
2004.701
1991.667
1965.848
1931.053
1910.34
1897.569
1895.391
1892.918
1888.705
1909.938
1896.889
1870.258
1866.321
1890.239
1853.897
1843.697
1727.031
1710.931
1702.431
1732.77
1701.406
1700.946
1700.264
1696.207
1695.611
1689.048
1682.094
1645.761
1641.216
1637.489
1619.08
1601.125
1608.08
1614.642
1619.188
1637.142
1673.474
1677.202
1695.611
1658.443
1674.919
1671.735
1661.759
1650.858
1646.206
1642.951
1642.788
1591.305
1540.942
1539.407
1524.497
1519.735
1515.83
1522.924
1513.595
1496.424
1489.147
1449.181
1503.322
1508.322
1538.947
1583.634
1601.234
1641.2
1645.3
1646.95
1656.513
1646.95
1664.821
1695.882
1692.474
1669.349
1644.78
1688.544
1674.314
1637.422
1636.611
1640.111
1665.345
1678.439
1692.669
1716.419
1721.243
1682.865
1660.304
1682.865
1721.243
1699.542
1632.6
1612.486
1581.686
1555.011
1551.861
1525.804
1528.954
1555.629
1581.686
1558.543
1557.6
1534.457
1510.607
1534.457
1557.6
1536.9
1526.757
1523.757
1544.457
1547.457
1588.029
1567.914
1562.2
1516.525
1481.525
1479.639
1474.954
1464.025
1412.954
1351.079
1345.904
1351.618
1334.468
1324.218
1369.893
1364.464
1289.936
1269.65
1263.339
1265.225
1300.225
1335.85
1340.536
1352.951
1372.507
1383.132
1455.59
1465.556
1485.278
1509.819
1494.689
1510.912
1515.807
1507.699
1519.635
1497.691
1513.807
1558.125
1557.375
1557.581
1566.404
1593.864
1599.114
1622.349
1654.055
1649.232
1647.29
1583.596
1531.022
1565.826
1544.492
1496.049
1489.989
1480.708
1437.678
1412.383
1437.678
1437.158
1428.158
1381.14
1376.316
1353.081
1347.199
1323.375
1314.882
1320.765
1329.257
1353.081
1400.099
1409.099
1432.335
1437.158
1433.915
1406.456
1379.632
1366.985
1366.235
1271.967
1296.057
1292.534
1328.648
1284.68
1290.258
1294.535
1298.168
1311.605
1355.574
1450.953
1435.894
1398.773
1384.091
1377.591
1323.424
1311.424
1318.719
1311.102
1301.827
1341.536
1348.456
1400.024
1439.54
1451.71
1464.484
1426.336
1460.023
1434.711
1408.625
1434.711
1460.023
1489.411
1488.444
1537.533
1589.621
1588.897
1640.254
1638.049
1630.388
1627.375
1576.661
1566.723
1617.438
1647.25
1642.625
1625.321
1666.019
1631.44
1660.389
1653.524
1689.433
1708.067
1713.048
1746.846
1688.759
1708.259
1668.333
1714.471
1696.817
1688.856
1749.85
1689.214
1757.603
1726.734
1718.038
1682.821
1648.473
1641.342
1628.038
1615.484
1545.978
1615.484
1650.701
1657.832
1692.179
1700.875
1714.179
1726.734
1695.234
1633.495
1628.929
1633.495
1695.234
1726.734
1690.44
1628.701
1664.995
1726.734
1690.44
1655.223
1724.728
1767.054
1828.793
1845.424
1895.033
1942.152
2002.152
2023.217
2032.217
2037.272
2057.652
2070.696
2091.761
2127.761
2160.63
2181.011
2207.554
2249.88
2288.293
2303.304
2343.897
2350.418
2353.103
2374.168
2434.168
2437.837
2444.967
2453.967
2463.293
2499.587
2500.5
2500.804
2504.473
2404.714
2405.557
2445.307
2362.195
2375.13
2379.09
2407.25
2411.9
2419.16
2580.86
2616.2
2633.4
2668.55
2724.83
2737.07
2767.31
2768.36
2792.96
2816.97
2828.14
2887.285
2797.351
2699.301
2739.764
2694.394
2690.421
2631.213
2613.269
2573.343
2569.676
2568.171
2501.968
2510.995
2438.621
2477.121
2520.871
2551.897
2608.991
2616.652
2626.964
2733.304
2748.304
2755.375
2819.214
2898.277
2907.964
2854.487
2764.338
2782.538
2785.404
2844.988
2759.056
2772.927
2796.411
2827.185
2827.863
2830.637
2759.226
2732.298
2720.847
2717.653
2858.556
2873.363
2884.935
2901.919
2840.922
2883.578
2898.227
2949.332
2965.785
3021.645
2992.469
2967.781
3063.29
3159.45
3149.45
3220.879
3258.052
3258.293
3264.448
3274.793
3306.987
3334.228
3358.711
3372.159
3434.754
3439.421
3393.421
3396.921
3343.633
3349.583
3325.677
3336.081
3345.758
3359.306
3334.919
3378.698
3277.801
3300.551
3326.637
3369.293
3491.871
3401.33
3415.966
3444.966
3399.232
3401.702
3415.952
3468.011
3518.925
3519.782
3537.225
3526.725
3432.927
3430.177
3432.51
3430.167
3439.125
3460.125
3433.083
3427.125
3382.811
3388.608
3303.118
3305.882
3316.539
3345.289
3337.237
3381.171
3319.013
3401.196
3428.984
3429.503
3463.022
3463.792
3460.811
3451.003
3451.676
3427.737
3432.314
3443.314
3407.929
3422.006
3432.391
3433.16
3435.179
3398.769
3391.635
3396.279
3380.625
3381.144
3422.135
3450.468
3451.141
3464.641
3477.064
3469.327
3472.308
3471.026
3448.372
3374.763
3315.622
3327.439
3307.079
3315.829
3298.659
3322
3331.329
3319.512
3327.378
3325.28
3298.634
3200.037
3218.476
3213.427
3230.86
3251.567
3247.909
3264.543
3267.104
3316.741
3338.985
3356.741
3368.558
3342.125
3318.857
3262.455
3271.563
3290.443
3241.988
3170.081
3165.93
3126.25
3098.409
3101.051
3098.409
3129.773
3092.605
3110.56
3121.571
3099.98
3098.577
3116.531
3105.52
3122.065
3181.349
3140.811
3186.663
3177.315
3203.492
3204.063
3213.41
3223.34
3222.883
3229.894
3238.209
3256.59
3244.655
3254.003
3243.47
3232.024
3212.921
3210.106
3206.226
3185.929
3205.033
3195.685
3203.674
3182.511
3191.348
3193.573
3228.791
3209.584
3212.628
3209.063
3191.889
3174.28
3169.932
3168.823
3134.071
3127.793
3131.359
3148.967
3154.372
3171.546
3175.894
3180.345
3119.189
3118.551
3108.785
3088.423
3050.391
3012.359
3011.912
3007.508
3007.077
3035.952
3027.016
3017.043
3018.356
2980.324
2984.186
2995.867
3030.335
2918.633
2914.771
2901.782
2903.569
2944.828
2932.323
2949.198
2977.948
2978.495
3045.268
3060.435
3054.185
3076.643
3074.456
3074.034
3082.284
3104.617
3094.523
3114.461
3113.836
3098.669
3096.911
3112.078
3121.641
3054.867
3066.305
3047.305
3032.513
3061.826
3099.065
3105.315
3122.706
3135.211
3132.003
3154.763
3154.685
3172.076
3171.451
3143.013
3149.388
3159.831
3159.143
3151.174
3143.779
3108.997
3097.622
3087.857
3094.576
3140.695
3225.836
3214.867
3222.523
3211.555
3213.346
3218.424
3208.331
3208.768
3205.352
3189.602
3193.914
3184.148
3174.055
3184.148
3099.93
3115.023
3148.328
3139.891
3152.609
3136.859
3129.385
3180.479
3180.926
3178.691
3187.628
3189.415
3192.17
3204.941
3194.218
3195.532
3207.213
3177.851
3183.101
3201.899
3205.388
3215.362
3202.59
3288.601
3293.787
3305.468
3307.941
3312.128
3292.723
3310.484
3306.63
3276.694
3267.758
3290.68
3345.023
3328.565
3324.792
3339
3284.656
3292.313
3273.313
3273.859
3255.552
3228.318
3217.349
3177.974
3171.255
3193.714
3191.964
3173.656
3223.42
3232.356
3231.798
3229.324
3213.239
3243.335
3242.511
3266.553
3296.766
3296.431
3316.729
3312.604
3312.455
3346.923
3381.391
3361.093
3370.859
3410.008
3418.258
3420.016
3449.328
3446.672
3431.505
3415.047
3395.109
3394.672
3395.958
3395.333
3362.029
3360.237
3340.445
3312.172
3289.707
3297.527
3277.165
3276.734
3320.035
3251.84
3251.096
3245.91
3239.048
3208.835
3179.96
3164.471
3156.652
3109.551
3101.125
3115.636
3092.391
3088.529
3088.082
3116.957
3112.915
3116.404
3078.372
3077.83
3074.851
3121.952
3145.197
3163.548
3166.303
3176.612
3179.59
3093.58
3109.069
3108.431
3126.191
3119.33
3122.309
3099.372
3090.223
3094.245
3114.109
3112.577
3122.551
3123.245
3140.479
3143.234
3162.638
3175.628
3191.043
3162
3160.213
3168.638
3224.138
3112.436
3129.67
3125.106
3095.17
3149.408
3152.223
3155.266
3151.052
3148.008
3112.791
3133.53
3092.443
3087.144
3075.698
3065.166
3064.709
3058.052
3034.617
3033.965
3043.291
3033.965
3044.497
3037.976
3042.476
3099.182
3105.834
3104.008
3119.834
3122.361
3130.16
3142.03
3165.465
3167.617
3110.91
3121.196
3105.37
3137.065
3166.568
3165.916
3130.698
3086.457
3078.658
3050.006
3036.667
3015.556
2957.589
2941.811
2943.722
2948.167
2940.194
2936.169
2923.969
2939.125
2886.605
2866.526
2887.744
2863.114
2922.398
2929.216
2910.244
2938.54
2956.563
2981.392
2980.795
2974.659
2984.409
2987.52
2978.827
2987.52
2946.895
2944.977
2946.932
2998.616
3025.012
3050.815
2991.587
2993.587
2984.169
2890.157
2893.34
2920.445
2888.884
2881.866
2880.43
2877.727
2879.163
2884.831
2888.087
2865.901
2865.291
2863.291
2830.267
2862.36
2851.093
2850.605
2855.256
2843.988
2856.686
2931.224
2939.77
2930.003
2952.642
2901.16
2912.427
2935.067
2950.267
2918.174
2932.372
2903.884
2906.265
2909.448
2930.657
2951.866
3014.47
3013.756
3010.673
3023.673
3025.887
3027.887
2960.035
2943.105
2935.983
2940.203
3009.432
3018.182
3005.11
2988.872
2978.658
2995.563
3026.688
2901.688
2875.676
2879.988
2878.518
2762.232
2806.262
2766.75
2780.244
2780.884
2791.128
2843.948
2852.912
2864.729
2863.976
2852.543
2856.97
2863.585
2886.357
2907.79
2897.302
2880.668
2854.021
2842.204
2850.954
2848.119
2848.027
2869.46
2858.265
2823.948
2802.399
2809.439
2814.463
2817.088
2835.288
2852.338
2847.163
2781.95
2792.45
2771.581
2778.363
2758.113
2792.613
2843.491
2857.141
2878.009
2880.916
2860.047
2860.572
2831.434
2872.609
2870.05
2860.863
2908.113
2887.863
2893.956
2881.844
2903.813
2893.088
2902.65
2973.487
2959.41
2969.218
2945.279
2948.788
2936.365
2801.75
2813.769
2838.731
2866.519
2865.846
2878.269
2880.433
2883.125
2855.112
2852.907
2880.696
2865.042
2874.465
2885.465
2857.676
2868.702
2859.279
2792.394
2810.446
2833.099
2967.715
2968.253
2972.099
2968.779
2965.458
2969.048
2959.625
2973.625
2950.163
2934.9
3044.1
3050.881
3170.619
3171.434
3206.609
3198.547
3240.325
3312.641
3289.256
3291.462
3283.615
3319
3304.923
3322.974
3313.167
3321.436
3313.59
3310
3312.205
3330.872
3344.949
3329.558
3347.885
3342.756
3328.756
3325.247
3328.228
3318.074
3261.311
3259.465
3254.388
3217.978
3199.401
3198.862
3217.439
3172.503
3175.128
3194.878
3171.028
3164.934
3140.597
3131.147
3149.259
3128.391
3104.466
3105.216
3091.491
3080.016
3044.516
3009.341
3005.919
3001.381
3000.069
3015.194
2961.053
2967.834
2978.334
3033.678
3020.028
3022.128
3018.028
3020.784
3060.75
3042.638
3047.813
3067.563
3071.313
3031.347
2966.134
2924.397
2912.678
2913.184
2913.691
2935.778
2931.678
2943.791
2983.756
2985.856
3013.169
2992.919
3004.394
3007.15
3010.056
3050.556
3023.606
3020.184
2989.559
2985.759
2945.259
2940.259
2860.131
2836.791
2835.247
2801.319
2767.391
2776.578
2777.234
2756.366
2771.628
2748.288
2748.813
2731.763
2680.884
2658.916
2669.041
2686.641
2746.775
2749.4
2737.681
2755.431
2755.606
2768.769
2777.956
2750.921
2760.799
2751.835
2747.409
2752.238
2830.412
2872.034
2853.834
2848.659
2852.081
2870.981
2858.381
2855.144
2857.294
2854.734
2841.084
2822.884
2870.134
2836.009
2813.209
2822.772
2819.866
2819.341
2828.309
2823.781
2844.65
2854.55
2851.05
2849.031
2846.881
2845.866
2835.966
2937.028
2950.191
2939.691
2915.353
2912.447
2934.009
2915.809
2903.697
2882.134
2955.497
2958.478
2942.824
2972.708
2984.728
2956.939
3003.349
3025.881
3044.458
3056.228
3045.228
3034.458
3030.949
3019.683
2894.452
2885.253
2909.792
2873.715
2870.125
2990.471
2988.266
3113.497
3103.689
3060.881
3053.926
3116.345
3140.345
3111.977
3131.872
3158.763
3156.868
3185.237
3195.658
3201.303
3198.539
3217.066
3247.737
3245.474
3244.684
3257.947
3200.957
3200.036
3163.72
3155.826
3240.171
3228.855
3233.622
3223.951
3181.882
3196.25
3199.013
3242.049
3213.53
3249.243
3246.638
3244.428
3249.691
3247.428
3240.289
3269.205
3310.196
3319.394
3321.558
3356.356
3347.157
3333.08
3388.609
3381.654
3423.192
3471.106
3466.439
3491.401
3493.554
3472.151
3472.689
3455.202
3538.99
3550.28
3568.806
3568.016
3584.082
3570.227
3573.286
3595.984
3514.779
3519.433
3536.92
3518.715
3500.048
3505.176
3509.83
3513.42
3533.676
3529.83
3496.311
3518.426
3483.042
3470.619
3465.311
3455.888
3480.349
3462.298
3483.067
3547.234
3571.696
3572.215
3622.286
3593.536
3593.352
3604.869
3604.465
3646.003
3602.103
3580.134
3607.228
3616.416
3626.316
3655.453
3677.016
3666.291
3674.353
3619.009
3638.759
3604.259
3705.322
3710.272
3659.394
3696.072
3706.797
3715.75
3716.275
3694.188
3686.538
3666.788
3659.569
3639.319
3634.319
3594.353
3590.253
3610.003
3617.653
3621.753
3628.972
3641.347
3666.125
3671.125
3672.775
3592.159
3618.805
3625.848
3626.018
3625.927
3623.878
3632.628
3634.134
3680.232
3670.902
3675.951
3629.854
3629.36
3634.591
3632.534
3582.896
3646.518
3629.348
3650.896
3663.738
3674.494
3674
3662.805
3639.061
3638.421
3635.732
3615.372
3646.067
3678.463
3676.494
3672.076
3645.784
3642.948
3676.241
3656.973
3617.46
3618.101
3572.003
3576.832
3578.881
3578.369
3591.759
3605.076
3622.393
3628.338
3595.238
3584.043
3610.335
3606.997
3533.116
3495.054
3505.268
3528.054
3452.721
3526.407
3535.302
3536
3527.453
3480.125
3484.776
3427.168
3405.486
3404.906
3332.063
3300.085
3297.443
3287.67
3284.56
3288.685
3290.935
3231.651
3219.241
3214.741
3198.741
3196.355
3097.082
3059.814
3081.081
3078.697
3071.892
3036.367
3035.464
3026.664
3023.242
3012.475
2972.753
3020.878
3037.678
3042.444
3082.167
3092.933
3116.889
3132.944
3138.361
3173.886
3131.519
3128.992
3135.552
3105.878
3114.486
3103.041
3100.758
3097.671
2983.541
2895.66
2908.709
2908.861
2910.296
2925.122
2931.019
2933.834
2938.139
2954.573
2949.274
2941.476
2943.345
2953.323
2943.997
2895.872
2906.405
2906.845
2922.28
2909.008
2909.717
2901.728
2892.924
2916.484
2928.353
2939.799
2955.234
2939.484
2939.636
2880.282
2882.755
2878.191
2862.106
2843.309
2828.33
2857.205
2856.511
2844.894
2888.194
2943.694
2947.907
2950.819
2951.25
2942.314
2927.335
2944.144
2937.282
2937.92
2921.112
2924.965
2917.332
2904.021
2901.787
2886.298
2884.511
2919.306
2876.005
2855.707
2871.122
2911.335
2928.144
2929.548
2879.016
2879.695
2888.633
2908.508
2968.045
2962.301
2982.598
2971.875
2961.902
2957.497
3004.598
3005.157
3011.54
3095.285
3138.585
3131.723
3116.309
3138.66
3138.213
3142.617
3143.311
3234.301
3225.684
3223.21
3214.785
3197.976
3224.04
3205.343
3211.487
3211.056
3234.301
3242.12
3185.076
3189.201
3190.487
3193.143
3195.206
3224.518
3224.956
3218.94
3222.721
3250.995
3266.089
3266.234
3262.453
3260.391
3283.151
3285.284
3285.964
3275.87
3292.328
3298.615
3308.708
3309.995
3305.443
3303.685
3323.966
3278.849
3273.052
3272.974
3188.755
3200.13
3216.589
3240.87
3260.745
3206.401
3193.682
3197.456
3196.362
3193.94
3127.167
3133.182
3151.49
3155.208
3154.583
3134.302
3032.552
3039.74
3047.396
3014.091
2968.974
2974.625
2955.625
2968.344
2964.219
2873.219
2864.281
2844.406
2855.844
2878.604
2888.698
2908.573
2937.01
2922.802
2886.939
2821.528
2819.508
2821.23
2843.347
2838.372
2871.434
2882.179
2775.036
2770.954
2762.199
2747.709
2751.791
2771.179
2767.046
2762.964
2784.964
2751.903
2728.117
2724.719
2680.523
2678.768
2673.232
2683.12
2675.314
2683.12
2736.355
2770.426
2756.508
2759.151
2734.151
2735.411
2737.166
2738.513
2757.982
2840.482
2822.88
2800.763
2804.459
2810.582
2809.916
2811.936
2808.24
2810.383
2806.426
2786.895
2832.074
2921.217
2913.135
2919.258
2923.298
2938.727
2938.115
2957.584
2958.013
2954.309
2973.778
2954.309
2958.349
2966.156
2973.477
2936.997
2929.497
2937.579
2939.952
2935.911
2902.536
2920.469
2918.755
2836.255
2839.959
2851.163
2853.306
2798.445
2782.645
2782.57
2782.15
2783.83
2800.03
2784.91
2784.258
2780.628
2788.278
2788.818
2788.678
2761.378
2769.778
2801.75
2784.5
2780.87
2736.595
2719.345
2718.693
2780.218
2777.628
2777.208
2773.068
2769.108
2760.528
2746.328
2749.898
2777.498
2800.806
2800.393
2799.046
2811.505
2797.015
2786.27
2768.24
2787.293
2767.763
2775.263
2783.069
2730.408
2734.038
2728.003
2717.023
2738.583
2744.008
2760.608
2749.688
2735.198
2733.758
2737.898
2738.438
2742.06
2751.435
2724.135
2718.71
2691.568
2702.098
2729.398
2719.708
2700.628
2677.318
2668.738
2677.138
2679.185
2714.935
2782.315
2784.003
2762.328
2743.328
2733.638
2778.681
2763.253
2804.786
2819.643
2778.11
2761.987
2789.844
2786.987
2821.059
2829.14
2835.722
2853.753
2841.503
2834.003
2887.029
2875.591
2821.247
2836.414
2839.331
2836.909
2837.456
2843.107
2841.82
2842.258
2846.57
2835.195
2809.674
2762.62
2673.477
2634.906
2617.304
2615.548
2563.763
2565.443
2555.753
2474.903
2479.193
2478.788
2482.928
2463.848
2478.408
2476.688
2496.158
2504.738
2501.738
2494.088
2522.987
2512.702
2514.952
2432.452
2431.839
2398.778
2394.401
2399.936
2361.365
2379.977
2378.63
2465.324
2469.548
2424.37
2417.125
2417.554
2421.931
2420.584
2494.268
2493.839
2508.207
2508.064
2526.676
2519.355
2491.658
2482.786
2455.089
2440.304
2432.222
2412.691
2410.977
2357.742
2356.02
2345.276
2344.724
2354.092
2360.25
2384.036
2382.776
2397.143
2400.49
2394.597
2394.454
2447.689
2445.668
2473.832
2467.673
2482.459
2478.378
2483.913
2468.888
2472.669
2495.343
2529.356
2528.043
2543.021
2530.032
2539.798
2548.223
2544.011
2571.824
2561.101
2599.133
2596.899
2594.144
2588
2597.766
2622.564
2678.064
2733.564
2742.181
2766.979
2750.17
2742.032
2745.83
2752.691
2775.628
2771.83
2755.745
2764.894
2810.492
2861.057
2860.905
2862.247
2877.997
2895.606
2887.617
2910.769
2926.595
2902.845
2901.503
2897.155
2898.59
2881.416
2873.101
2853.997
2819.245
2865.094
2843.894
2863.528
2875.728
2865.528
2886.728
2883.686
2841.686
2840.219
2836.186
2739.119
2760.319
2729.986
2737.153
2757.419
2760.461
2758.594
2751.928
2771.561
2795.828
2771.744
2763.772
2767.739
2767.014
2721.789
2624.722
2618.056
2631.622
2629.756
2625.356
2641.533
2699.063
2588.063
2621.767
2626.313
2534.438
2539.977
2594.834
2593.613
2602.823
2640
2642
2620.288
2623.494
2623.407
2605.035
2609.686
2553.784
2551.457
2548.815
2508.19
2540.463
2552.215
2548.343
2487.68
2483.468
2458.061
2406.578
2448.148
2426.055
2398.951
2436.983
2459.076
2467.622
2476.517
2492.378
2479.68
2516.858
2491.451
2533.438
2535.875
2553.208
2556.78
2557.423
2534.244
2529.994
2547.327
2556.97
2574.22
2578.982
2582.065
2584.423
2579.494
2574.565
2569.637
2567.137
2566.494
2555.565
2548.423
2561.423
2571.661
2567.348
2442.348
2518.661
2486.161
2482.256
2493.185
2470.47
2437.613
2427.613
2447.488
2385.381
2383.024
2387.274
2369.94
2371.94
2346.274
2408.381
2418.024
2429.56
2462.06
2470.81
2473.577
2452.655
2429.94
2397.44
2398.217
2387.057
2397.295
2400.866
2388.33
2390.378
2367.664
2327.914
2314.842
2353.414
2310.854
2289.14
2298.247
2291.789
2287.074
2333.527
2366.82
2357.162
2337.405
2394.041
2502.734
2558.078
2553.541
2514.601
2564.238
2555.274
2523.39
2563.277
2502.872
2498.027
2623.027
2618.098
2677.125
2704.006
2715.079
2707.213
2707.707
2684.537
2675.207
2682.25
2705.518
2722.689
2711.494
2733.738
2730.058
2727.96
2730.375
2732.424
2753.973
2713.622
2715.772
2769.913
2787.663
2821.788
2848.738
2857.925
2839.813
2919.941
2919.766
2896.425
2895.788
2876.038
2849.088
2841.588
2814.638
2812.078
2789.278
2798.841
2788.341
2839.219
2873.344
2885.875
2903.475
2855.829
2861.598
2869.463
2912.881
3011.479
2976.845
2906.61
2945.548
2936.119
2935.405
2870.395
2881.297
2844.119
2840.863
2850.282
2843.567
2838.578
2831.078
2810.532
2813.544
2826.311
2815.637
2835.695
2813.055
2846.078
2841.09
2839.654
2859.067
2865.782
2848.852
2832.48
2846.677
2847.436
2843.622
2837.953
2831.645
2841.645
2809.552
2811.994
2795.622
2768.517
2767.331
2771.145
2764.43
2727.253
2722.544
2704.172
2699.52
2724.045
2735.58
2742.866
2739.295
2756.628
2778.857
2789.095
2785.836
2806.205
2803.729
2842.301
2844.926
2868.104
2936
2936.494
2935.982
2872.36
2868.006
2922
2975.994
2971.567
2963.701
2950.311
2911.32
2904.704
2909.936
2911.546
2916.777
2906.314
2896.436
2904.302
2915.497
2919.497
2915.838
2915.198
2926.631
2883.034
2894.851
2894.466
2841.646
2842.14
2832.811
2860.372
2880.732
2885.085
2884.573
2874.695
2879.113
2855.563
2865.563
2897.875
2933.759
2933.277
2959.08
2926.768
2927.545
2881.555
2862.718
2863.416
2880.265
2877.884
2879.419
2890.093
2852.419
2862.395
2859.384
2757.802
2794.456
2790.363
2752.689
2742.015
2748.73
2738.73
2730.183
2732.137
2730.183
2707.997
2710.378
2747.555
2760.323
2699.66
2666.637
2704.311
2672.218
2681.637
2684.078
2785.66
2663.567
2713.93
2758.363
2764.032
2792.52
2825.544
2843.916
2844.544
2834.544
2843.962
2905.217
2964.807
2986.521
3005.807
2988.557
2962.89
2959.557
2957.985
2930.235
2938.128
2952.664
2943.557
2905.494
2914.923
2906.173
2913.357
2880.857
2946.244
2985.235
2999.875
2984.985
2987.674
2993.619
2960.326
2937.155
2919.485
2919.32
2960.04
2945.149
2989.641
3001.753
3003.403
2934.567
2935.226
2921.909
2943.457
2953.335
2931.787
2921.909
2872.271
2978.808
2969.149
2976.192
2927.949
2945.283
2993.738
2971.024
2953.69
2954.173
2886.081
2890.294
2909.706
2935.113
2933.16
2916.23
3025.334
3014.067
3010.578
3019.125
3014.474
3017.73
3022.334
3027.323
3058.884
3041.953
3058.326
3062.547
3041.337
3040.151
2996.198
2975.651
2971.5
3009.532
3026.462
3009.532
3042.555
3059.067
3097.099
3103.407
3095.907
3095.436
3099.25
3121.506
3121.419
3118.977
3085.953
3069.105
3085.953
3048.091
3050.477
3000.165
2984.665
2995.676
3032.009
3021.602
3020.861
3061.486
3071.236
3055.236
3091.568
3100.261
3103.205
3105.122
3101.065
3096.19
3109.832
3051.925
3049.786
3068.336
3067.611
3065.411
3084.939
3092.106
3094.439
3093.839
3105.039
3123.039
3120.9
3105.122
3064.25
3054.902
3044.924
3065.22
3082.394
3046.842
3050.21
3058.827
3076.588
3079.343
3059.13
3062.62
3071.556
3073.351
3069.096
3067.266
2974.33
2931.029
2933.263
2935.093
2950.072
2984.085
3037.335
3021.92
3013.303
3017.165
3025.303
3023.473
3081.212
3128.291
3065.529
3101.051
3169.245
3166.489
3157.362
3117.149
3121.404
3138.638
3120.287
3085.492
3102.364
3059.064
3057.66
3055.553
3009.476
3022.247
3026.811
3016.503
2996.29
2975.928
2929.851
2950.213
2927.277
2937.585
2908.543
2928.84
2905.904
2906.351
2904.564
2892.883
2894.678
2826.484
2806.186
2803.84
2801.367
2820.165
2811.229
2817.649
2825.282
2815.516
2822.027
2812.899
2838.497
2807.628
2820.677
2817.111
2787.438
2756.568
2727.065
2708.918
2724.223
2744.049
2739.918
2748.527
2755.087
2710.845
2710.136
2731.299
2744.636
2749.935
2755.234
2765.766
2781.071
2869.179
2923.939
2924.606
2889.081
2907.631
2916.131
2922.797
2915.631
2879.631
2939.537
2918.318
2915.42
2851.233
2868.992
2868.325
2817.905
2781.611
2733.486
2713.66
2692.497
2711.601
2721.791
2724.766
2821.549
2819.266
2830.712
2885.114
2770.984
2768.701
2747.897
2756.701
2746.511
2754.826
2744.293
2756.228
2744.293
2709.541
2717.53
2698.323
2688.997
2685.171
2644.084
2626.476
2595.606
2575.78
2557.633
2612.019
2607.253
2596.836
2593.192
2589.167
2572.989
2572.389
2558.822
2540.272
2537.939
2536.472
2488.347
2464.392
2453.625
2504.514
2495.514
2489.974
2449.349
2413.017
2406.057
2411.597
2420.597
2423.085
2408.961
2383.223
2406.658
2441.41
2451.943
2451.503
2450.068
2429.772
2341.891
2341.337
2392.783
2388.758
2438.923
2389.705
2370.733
2359.722
2348.71
2330.756
2320.983
2317.915
2308.142
2299.989
2279.909
2268.898
2157.898
2058.625
2053.75
2043.344
2002.719
1998.602
1989.602
1987.685
1966.003
1956.798
1906.486
1903.494
1885.122
1924.202
1922.952
1903.077
1865.015
1857.83
1841.068
1824.307
1822.592
1803.307
1774.14
1744.973
1715.807
1717.768
1711.823
1705.878
1683.634
1679.207
1676.71
1669.393
1642.96
1640.902
1638.845
1637.991
1629.027
1589.515
1549.125
1539.563
1517.475
1548.981
1548.288
1525.756
1540.908
1538.145
1536.51
1493.304
1492.757
1473.081
1467.73
1488.778
1520.386
1474.711
1504.298
1486.643
1477.643
1471.335
1462.842
1458.018
1461.076
1497.305
1496.367
1539.347
1536.573
1501.331
1481.968
1429.214
1400.714
1390.31
1408.829
1381.829
1354.004
1398.211
1373.935
1418.379
1435.468
1474.524
1466.832
1509.665
1498.815
1493.34
1488.16
1471.96
1532.417
1582.413
1564.804
1557.043
1328.783
1364.227
1346.841
1314.841
1238.955
1211.67
1240.786
1254.15
1294.658
1286.717
1285.296
1028.243
842.701
812.201
673.174
684.272
628.39
576.699
545.728
462.199
445.805
439.242
454.225
372.558
265.983
157.304
129.018
52.018
37.269
0
