6.125
33.042
59.958
67.563
93.063
123.396
96.479
90.354
117.271
123.396
97.896
67.563
40.646
33.042
40.646
67.563
97.896
123.396
124.896
136.396
143.59
194.257
168.757
162.632
155.028
128.111
101.194
70.861
96.361
123.278
129.403
156.319
186.653
194.257
218.146
271.146
281.063
287.521
365.688
373.292
551.354
525.854
498.938
468.604
461
468.604
495.521
521.021
551.354
524.438
518.313
545.229
551.354
543.75
513.417
487.917
461
468.604
498.938
524.438
551.354
613.308
628.115
628.474
650.013
626.474
619.455
594.609
566.609
591.455
598.474
622.013
650.013
625.167
619.513
612.494
587.647
559.647
536.109
559.647
568.058
623.34
647.378
811.744
822.359
858.769
864.731
890.577
1076.964
1089.881
1145.381
1149.381
1207.714
1212.589
1247.256
1264.339
1270.5
1309.767
1310.667
1345.778
1359.378
1364.278
1350.678
1315.567
1225.117
1224.217
1219.317
1264.339
1306.411
1224.217
1225.117
1238.717
1273.828
1364.278
1329.167
1328.267
1323.367
1309.767
1306.411
1264.339
1278.911
1284.161
1321.78
1363.851
1363.378
1364.278
1331.922
1315.978
1264.178
1259.628
1205.183
1201.45
1166.339
1218.139
1234.083
1143.633
1175.989
1259.024
1244.452
1239.202
1297.536
1301.536
1306.411
1264.339
1301.958
1316.53
1321.78
1322.744
1325.011
1364.278
1329.167
1328.267
1323.367
1309.767
1219.317
1264.339
1278.911
1284.161
1321.78
1418.69
1419.655
1461.726
1437.726
1534.41
1265.179
1279.09
1437.726
1364.278
1506.728
1549.128
1597.039
1609.872
1519.422
1484.311
1445.044
1444.144
1439.244
1425.644
1430.544
1452.078
1447.178
1425.644
1356.729
1361.323
1330.99
1327.49
1276.448
1261.5
1212.938
1208.672
1257.234
1308.276
1323.224
1353.557
1357.823
1361.323
1341.135
1425.644
1430.544
1452.078
1453.528
1485.083
1491.167
1505.5
1483.967
1479.067
1483.967
1505.5
1486.833
1396.383
1396.072
1482.042
1502.042
1598.952
1599.286
1613.036
1589.964
1584.714
1570.964
1525.536
1474.202
1321.577
1367.006
1519.631
1533.381
1584.714
1588.732
1712.946
1700.03
1561.571
1663.701
1955.368
1830.801
1844.712
1891.481
1940.404
1980.917
1986.571
1947.798
1952.512
1918.594
1966.506
1967.956
2031.067
1905.25
1921.188
1926.891
1981.359
2200.109
2204.484
2221.984
2218.484
2188.151
2139.589
2135.323
2084.281
2207.289
2211.839
2227.783
2279.583
2188.151
2218.484
2221.984
2261.568
2291.755
2311.943
2213.358
2227.426
2244.289
2249.657
2280.637
2288.402
2311.941
2377.412
2338.019
2338.278
2292.886
2293.132
2349.224
2364.276
2367.294
2371.838
2402.671
2426.601
2441.654
2445.338
2451.092
2635.303
2544.371
2545.246
2548.746
2566.946
2575.988
2476.433
2520.242
2548.29
2555.099
2637.909
2668.813
2613.129
2662.22
2670.439
2718.883
2724.292
2738.201
2744.201
2760.746
2763.746
2791.383
2839.826
2844.795
2845.784
2894.875
2910.83
2914.011
2791.373
2793.866
2796.736
2923.344
2998.953
3047.344
3079.011
3096.409
3114.105
3141.844
3145.04
3022.378
3026.267
3115.299
3135.521
3155.646
3034.25
3059.69
3072.61
3103.69
3096.317
3099.907
3164.074
3220.837
3238.324
3165.052
3173.91
3177.96
3087.08
3099.616
3125.628
3132.771
3155.485
3168.557
3199.682
3220.604
3259.176
3276.509
3293.414
3295.423
3302.565
3312.78
3205.483
3206.103
3210.701
3243.046
3250.08
3142.328
3152.744
3156.769
3055.503
3124.43
3125.011
3142.43
3149.366
3184.204
3204.785
3208.68
3212.938
3218.772
3202.404
3203.083
3228.604
3231.302
3249.708
3276.943
3228.197
3228.338
3316.581
3352.692
3371.116
3377.177
3396.843
3319.789
3346.554
3286.938
3300.738
3310.767
3318.481
3319.657
3369.343
3369.964
3372.064
3396.964
3428.114
3444.943
3446.55
3368.405
3383.863
3386.398
3416.683
3419.275
3427.775
3441.192
3384.856
3387.378
3408.378
3328.316
3347.482
3350.667
3379.088
3388.325
3390.167
3395.232
3407.943
3435.989
3448.445
3451.077
3474.011
3477.485
3488.195
3526.189
3559.346
3560.82
3569.32
3570.478
3571.958
3573.8
3587.064
3592.432
3607.077
3630.886
3629.149
3636.254
3643.623
3667.833
3669.307
3705.011
3706.491
3707.965
3711.439
3718.807
3643.376
3671.068
3648.722
3665.363
3683.889
3700.53
3700.876
3702.626
3715.549
3719.716
3727.998
3736.998
3739.212
3741.551
3743.244
3761.671
3761.791
3777.75
3791.254
3701.473
3704.448
3714.452
3716.202
3722.327
3729.077
3742.577
3691.986
3696.681
3748.797
3758.724
3758.297
3765.289
3791.88
3796.291
3797.9
3820.778
3836.291
3853.819
3763.427
3766.308
3787.974
3796.688
3711.161
3711.626
3686.841
3689.655
3703.353
3724.393
3726.719
3643.691
3648.578
3652.688
3652.994
3686.536
3706.343
3681.047
3684.184
3682.881
3684.551
3705.869
3692.051
3701.146
3702.419
3691.388
3673.729
3655.169
3653.617
3648.182
3646.909
3583.133
3593.919
3595.435
3613.583
3618.898
3620.143
3617.209
3622.876
3608.802
3595.713
3584.009
3575.117
3576.094
3581.761
3605.444
3609.722
3611.75
3613.669
3626.687
3627.602
3657.752
3664.93
3670.596
3649.388
3646.209
3650.305
3665.596
3665.894
3666.356
3624.731
3643.58
3643.861
3673.939
3676.689
3674.21
3633.274
3614.498
3615.396
3585.932
3589.248
3608.568
3594.637
3612.837
3628.377
3632.677
3645.437
3647.623
3648.743
3647.423
3658.923
3654.14
3719.26
3717.393
3705.677
3695.143
3696.613
3709.333
3693.699
3704.288
3683.391
3683.734
3619.354
3626.104
3625.758
3635.886
3646.944
3648.29
3655.986
3661.063
3665.966
3672.178
3683.87
3682.115
3683.87
3679.947
3632.998
3639.093
3632.225
3633.307
3612.929
3630.288
3632.892
3632.481
3632.142
3637.425
3644.047
3596.565
3605.33
3542.733
3595.679
3576.042
3577.379
3591.506
3591.902
3592.702
3609.429
3616.705
3618.905
3623.253
3626.753
3627.117
3627.917
3636.698
3648.298
3657.08
3665.686
3620.103
3581.946
3608.301
3609.479
3619.417
3636.321
3639.914
3659.199
3662.101
3662.414
3668.949
3652.045
3661.449
3677.606
3655.106
3680.887
3687.387
3735.512
3683.512
3684.896
3693.348
3694.527
3668.746
3667.079
3651.516
3617.963
3619.121
3581.635
3569.026
3565.649
3554.491
3567.099
3597.608
3608.766
3583.386
3579.918
3589.832
3593.151
3589.682
3602.24
3600.355
3584.665
3571.269
3554.947
3553.981
3503.774
3492.774
3489.068
3490.033
3480.236
3483.88
3494.694
3510.739
3523.908
3525.761
3541.185
3538.761
3538.84
3532.671
3533.857
3535.103
3538.561
3529.129
3530.71
3536.185
3525.451
3525.53
3523.948
3524.177
3527.586
3524.196
3513.383
3515.429
3496.951
3512.285
3515.743
3487.466
3546.788
3551.647
3540.647
3544.969
3540.223
3551.223
3545.02
3532.675
3543.455
3551.641
3551.273
3545.798
3547.815
3509.685
3511.507
3513.49
3505.44
3503.24
3504.178
3519.344
3509.211
3533.274
3533.607
3528.829
3522.046
3524.063
3528.84
3527.903
3505.097
3514.22
3513.072
3495.367
3523.876
3513.236
3522.359
3530.316
3527.16
3536.283
3549.671
3554.097
3564.556
3554.031
3549.095
3520.364
3514.012
3519.139
3463.583
3460.713
3455.38
3456.077
3458.902
3410.858
3410.523
3412.354
3421.367
3404.971
3408.894
3382.14
3385.217
3387.999
3348.438
3347.59
3336.554
3358.915
3369.951
3380.986
3391.933
3396.827
3410.615
3414.479
3415.347
3404.458
3388.095
3391.352
3394.4
3392.744
3392.441
3394.441
3392.784
3394.614
3385.018
3385.641
3391.705
3387.371
3386.258
3397.293
3411.505
3423.278
3409.49
3407.833
3398.167
3383.823
3372.051
3327.929
3327.081
3374.959
3388.959
3349.384
3352.641
3353.49
3363.157
3356.423
3358.055
3372.184
3388.303
3394.276
3403.769
3404.787
3406.188
3414.849
3421.536
3424.195
3421.757
3408.645
3384.466
3385.423
3354.455
3371.726
3350.337
3361.598
3374.71
3399.913
3400.174
3413.362
3414.174
3400.58
3413.913
3409.768
3408.446
3412.359
3413.348
3413.663
3412.649
3410.411
3423.336
3428.536
3419.264
3420.083
3412.927
3411.227
3416.353
3420.903
3461.917
3453.621
3443.084
3440.098
3431.237
3423.737
3421.904
3406.904
3405.227
3407.06
3410.046
3411.723
3419.223
3381.124
3395.919
3397.573
3395.747
3396.651
3397.833
3349.888
3353.244
3342.6
3342.84
3338.416
3339.913
3342.708
3349.922
3346.429
3346.244
3346.005
3334.817
3335.603
3347.541
3352.349
3339.884
3329.24
3321.171
3327.82
3372.422
3412.313
3417.888
3425.285
3428.642
3431.436
3429.546
3389.655
3392.411
3393.594
3392.991
3389.292
3388.388
3389.155
3400.342
3444.945
3459.545
3474.144
3475.801
3478.279
3483.265
3470.662
3465.087
3466.046
3467.107
3486.885
3491.898
3536.501
3538.131
3526.944
3526.009
3525.242
3521.966
3515.317
3553.35
3554.297
3561.038
3564.36
3565.138
3527.487
3538.131
3526.193
3506.416
3505.233
3534.503
3534.439
3535.374
3539.21
3540.393
3548.016
3547.245
3548.252
3539.924
3546.54
3540.312
3536.47
3541.97
3541.78
3533.186
3532.019
3531.725
3530.732
3530.968
3499.778
3498.168
3496.71
3486.35
3474.217
3461.594
3453.088
3452.341
3449.474
3410.648
3419.154
3422.021
3415.31
3415.488
3407.12
3419.093
3420.532
3423.755
3436.212
3437.11
3437.846
3403.29
3395.03
3399.394
3395.758
3396.488
3398.345
3407.728
3442.728
3440.618
3402.8
3394.371
3388.098
3384.787
3378.882
3385.895
3379.622
3384.35
3385.236
3387.028
3349.21
3376.96
3372.765
3374.622
3375.367
3357.747
3312.292
3319.519
3313.216
3311.502
3312.247
3311.519
3310.307
3314.866
3318.372
3320.087
3328.312
3334.615
3337.797
3341.991
3341.082
3326.923
3326.193
3322.134
3300.468
3304.662
3311.208
3312.329
3311.144
3308.547
3312.741
3271.213
3268.894
3257.295
3235
3244.962
3240.462
3242.154
3245.418
3239.038
3236.601
3242.715
3236.572
3233.544
3242.641
3249.021
3254.173
3249.108
3255.943
3277.061
3278.568
3290.441
3290.27
3293.814
3307.485
3307.426
3301.435
3304.662
3294.827
3292.281
3292.053
3294.584
3290.141
3296.255
3297.787
3311.277
3316.429
3315.717
3317.527
3317.781
3313.338
3311.806
3325.895
3329.768
3330.949
3352.962
3343.743
3339.654
3358.335
3358.513
3349.367
3339.03
3347.105
3347.818
3347.261
3343.64
3359.59
3354.524
3352.993
3358.748
3326.972
3327.847
3343.597
3309.909
3315.776
3309.739
3308.251
3311.834
3311.134
3274.734
3272.047
3270.68
3258.847
3288.579
3278.744
3270.668
3271.377
3266.884
3268.251
3280.084
3289.797
3301.172
3309.147
3311.834
3312.753
3311.9
3286.568
3287.383
3294.654
3298.512
3290.66
3290.444
3316.824
3315.96
3314.33
3313.264
3313.431
3314.338
3303.169
3303.385
3303.601
3311.477
3302.486
3281.016
3324.226
3325.292
3325.459
3324.595
3318.751
3316.745
3323.412
3333.494
3350.244
3333.494
3351.318
3346.799
3361.511
3361.454
3345.898
3345.731
3348.201
3366.421
3365.513
3364.97
3353.736
3356.205
3356.713
3356.444
3335.848
3292.638
3285.405
3296.575
3295.668
3290.727
3292.431
3297.371
3293.038
3296.816
3310.557
3305.532
3312.402
3299.245
3312.402
3314.635
3310.301
3304.079
3325.548
3324.199
3337.658
3335.14
3352.964
3350.731
3352.222
3361.095
3372.264
3376.783
3355.314
3351.775
3351.067
3347.079
3346.388
3345.68
3337.828
3341.816
3341.001
3354.742
3357.694
3375.915
3372.458
3383.628
3380.479
3373.609
3372.14
3363.148
3360.772
3351.179
3347.846
3311.116
3315.396
3307.482
3313.4
3312.181
3313.925
3303.297
3299.358
3310.391
3304.501
3325.708
3311.176
3309.703
3310.24
3317.423
3316.526
3331.892
3335.703
3342.715
3346.654
3359.651
3366.438
3358.658
3357.324
3346.227
3336.751
3301.239
3298.617
3327.653
3326.962
3327.653
3329.003
3299.95
3335.462
3346.56
3356.036
3363.816
3366.438
3364.828
3377.825
3388.453
3373.087
3359.514
3358.376
3374.922
3368.336
3374.255
3373.142
3374.28
3361.11
3358.193
3332.135
3310.928
3299.489
3300.961
3301.794
3309.574
3307.135
3312.099
3315.318
3322.909
3287.396
3282.933
3288.852
3288.586
3270.588
3277.771
3280.991
3278.503
3289.131
3290.027
3291.71
3290.259
3290.04
3297.63
3300.118
3296.703
3290.931
3308.929
3308.715
3311.337
3278.472
3284.618
3276.862
3272.466
3261.165
3268.984
3267.026
3267.704
3281.113
3280.27
3279.336
3278.019
3282.923
3288.995
3309.947
3302.85
3300.672
3307.599
3316.374
3321.278
3324.965
3304.013
3304.509
3306.232
3297.527
3258.298
3252.595
3252.385
3252.441
3231.489
3242.453
3239.381
3218.429
3221.682
3211.182
3210.686
3210.19
3211.012
3211.223
3218.853
3220.287
3209.323
3206.9
3201.197
3188.356
3182.509
3191.284
3192.874
3195.465
3198.838
3194.947
3193.847
3189.462
3186.209
3190.618
3183.691
3189.169
3176.328
3218.497
3219.34
3219.13
3218.452
3214.066
3220.572
3219.139
3212.434
3218.253
3260.422
3259.536
3260.227
3255.406
3258.859
3260.817
3264.191
3249.833
3251.556
3259.243
3238.291
3233.906
3242.681
3235.018
3209.274
3200.615
3198.296
3205.959
3231.703
3234.022
3242.681
3242.892
3237.072
3226.172
3251.916
3248.024
3253.679
3246.974
3252.677
3245.972
3244.514
3252.177
3252.394
3253.237
3247.39
3238.028
3237.206
3234.324
3224.485
3223.81
3212.846
3210.256
3202.569
3193.208
3192.533
3191.216
3179.81
3144.726
3156.132
3127.809
3129.11
3131.67
3142.503
3143.17
3140.45
3147.956
3134.862
3129.179
3130.603
3139.744
3140.818
3153.524
3153.578
3155.978
3155.461
3152.578
3153.865
3154.668
3157.034
3157.193
3158.017
3145.311
3144.487
3148.617
3141.852
3142.37
3143.281
3145.193
3144.987
3144.184
3139.902
3137.99
3144.343
3131.517
3130.419
3096.16
3095.144
3094.368
3111.353
3105.643
3104.867
3104.208
3100.608
3080.98
3088.133
3089.207
3092.883
3106.903
3107.421
3107.585
3090.6
3104.62
3104.461
3129.599
3112.236
3109.836
3111.26
3107.13
3106.456
3119.55
3126.873
3130.673
3137.565
3138.965
3139.98
3144.11
3141.982
3140.562
3129.918
3131.541
3132.216
3123.761
3130.914
3128.384
3126.831
3119.325
3112.973
3100.267
3098.846
3105.199
3107.728
3120.434
3127.94
3129.361
3130.914
3120.09
3109.267
3093.305
3106.399
3103.399
3078.261
3076.861
3074.596
3081.525
3088.678
3084.373
3071.667
3069.3
3061.794
3064.971
3071.324
3067.194
3066.371
3063.371
3060.265
3062.529
3061.726
3062.503
3058.703
3057.279
3056.618
3059.431
3059.916
3061.336
3062.139
3051.316
3037.296
3036.473
3046.08
3045.406
3043.278
3039.906
3071.612
3073.524
3081.006
3084.3
3094.553
3090.753
3083.988
3078.059
3073.929
3059.106
3060.392
3028.686
3018.042
3016.489
3019.303
3019.138
3002.153
3027.291
3047.75
3048.926
3053.715
3050.715
3049.641
3047.514
3043.561
3002.384
3004.512
3010.273
2979.534
2972.201
2961.32
2960.063
2949.603
2916.132
2915.489
2913.017
2904.086
2937.557
2940.029
2950.489
2961.37
2970.301
2970.944
2972.201
2979.534
2976.239
2967.308
2961.102
2961.331
2942.155
2941.31
2941.08
2907.609
2895.195
2884.796
2885.003
2878.796
2880.875
2900.863
2904.899
2899.41
2898.615
2900.901
2897.832
2887.929
2893.656
2894.637
2893.069
2894.441
2893.606
2891.419
2892.4
2888.729
2888.676
2885.892
2888.08
2881.422
2867.104
2863.922
2856.672
2855.837
2847.67
2846.79
2840.466
2834.481
2832.856
2833.009
2842.913
2842.413
2858.819
2858.168
2857.418
2856.043
2845.384
2838.156
2827.815
2819.649
2816.58
2811.065
2800.406
2794.27
2798.406
2802.543
2797.376
2796.395
2795.759
2796.819
2797.024
2794.58
2777.81
2776.974
2776.821
2766.918
2765.781
2763.726
2766.17
2756.889
2753.991
2748.007
2753.173
2750.901
2761.355
2755.219
2786.043
2779.989
2782.202
2771.742
2783.992
2796.785
2796.992
2787.605
2790.354
2784.776
2783.132
2786.427
2787.272
2786.799
2770.204
2773.135
2786.832
2787.476
2783.763
2783.562
2782.778
2778.1
2790.631
2778.381
2782.094
2778.232
2784.628
2744.398
2733.999
2719.516
2719.011
2723.689
2734.088
2734.338
2735.595
2732.664
2744.914
2746.431
2770.991
2775.198
2787.448
2780.46
2781.992
2783.525
2803.513
2802.854
2804.242
2799.643
2802.677
2808.229
2792.634
2796.818
2786.358
2785.715
2774.833
2741.362
2734.029
2731.557
2730.301
2721.37
2732.251
2733.4
2753.389
2748.789
2711.364
2715.226
2716.87
2704.62
2706.152
2710.359
2691.183
2690.536
2689.019
2687.628
2687.83
2682.278
2685.87
2668.906
2656.656
2656.426
2667.208
2676.595
2678.112
2684.319
2667.724
2661.517
2656.839
2651.261
2649.617
2644.939
2645.697
2645.751
2636.82
2637.326
2643.533
2606.107
2589.144
2601.394
2599.526
2593.129
2587.578
2598.152
2591.543
2558.072
2595.497
2592.681
2598.474
2595.256
2595.309
2594.551
2611.514
2615.376
2607.005
2598.7
2609.1
2606.284
2606.439
2596.039
2603.499
2602.507
2600.194
2606.804
2606.554
2608.421
2607.034
2605.447
2612.907
2607.466
2607.413
2613.809
2604.878
2601.286
2601.131
2600.472
2594.92
2557.495
2555.15
2558.185
2533.625
2531.28
2493.854
2489.992
2500.392
2501.924
2509.258
2514.809
2501.112
2498.641
2532.112
2532.957
2540.417
2543.704
2544.21
2535.279
2536.083
2546.865
2540.131
2543.426
2546.53
2553.84
2564.415
2547.82
2555.153
2567.946
2576.877
2539.452
2540.82
2529.667
2545.443
2544.776
2550.28
2547.908
2535.231
2531.475
2535.556
2538.521
2539.607
2498.909
2491.49
2498.176
2498.409
2498.566
2499.729
2487.171
2490.926
2499.328
2495.694
2510.345
2517.194
2524.043
2520.484
2519.691
2513.412
2508.679
2507.618
2515.165
2524.661
2530.277
2531.882
2525.033
2526.583
2528.822
2526.719
2492.859
2493.337
2489.43
2490.198
2475.547
2485.68
2484.145
2490.957
2497.081
2503.893
2505.297
2545.995
2549.629
2559.125
2562.759
2542.538
2528.681
2530.085
2537.45
2557.671
2564.519
2567.3
2571.953
2577.457
2555.111
2542.861
2535.581
2530.03
2529.383
2529.59
2528.745
2518.346
2511.192
2509.935
2509.13
2533.691
2529.012
2522.806
2516.035
2478.61
2471.456
2502.433
2503.238
2503.881
2499.847
2503.559
2505.203
2474.226
2475.87
2468.536
2479.318
2462.354
2456.561
2453.458
2445.086
2445.287
2444.641
2430.943
2427.231
2424.196
2421.898
2422.97
2423.614
2420.511
2420.666
2421.715
2412.784
2418.362
2430.894
2435.493
2434.834
2422.041
2423.574
2435.824
2433.525
2431.312
2418.519
2451.99
2451.206
2452.011
2436.416
2441.856
2445.569
2454.5
2423.523
2439.118
2442.221
2443.754
2483.984
2469.501
2471.972
2469.66
2469.714
2471.104
2471.158
2473.503
2479.557
2495.151
2495.307
2502.077
2502.921
2499.209
2510.581
2506.422
2506.369
2497.54
2496.79
2513.561
2524.318
2531.515
2494.515
2485.235
2484.767
2482.049
2482.825
2491.654
2501.995
2503.348
2527.629
2531.299
2530.663
2541.004
2531.1
2518.453
2520.078
2519.85
2523.1
2524.669
2526.955
2522.33
2515.636
2514.655
2516.155
2524.432
2518.917
2513.583
2511.396
2495.978
2495.925
2492.743
2495.925
2511.343
2513.53
2513.583
2513.737
2516.805
2532.223
2529.438
2524.105
2524.986
2524.334
2524.387
2531.46
2532.597
2531.96
2540.127
2543.195
2559.966
2562.75
2522.977
2524.492
2544.254
2543.419
2544.299
2584.072
2584.953
2586.013
2569.607
2572.857
2583.198
2579.039
2581.325
2582.567
2586.118
2583.675
2586.459
2581.834
2579.391
2578.556
2578.402
2562.985
2560.667
2553.973
2547.989
2554.682
2557
2557.835
2573.253
2573.406
2579.391
2578.641
2579.622
2616.622
2623.531
2627.668
2626.892
2633.801
2639.316
2642.794
2641.551
2641.352
2642.852
2640.534
2638.966
2632.432
2625.205
2631.739
2632.875
2665.966
2664.905
2671.439
2681.343
2700.301
2696.313
2695.517
2697.017
2695.98
2709.522
2692.751
2689.274
2713.555
2689.274
2685.285
2681.126
2682.498
2683.137
2673.234
2671.991
2682.749
2670.638
2674.116
2661.468
2660.331
2650.428
2653.326
2652.53
2650.684
2661.343
2672.002
2669.559
2662.309
2660.937
2654.8
2642.527
2671.384
2646.824
2639.513
2637.301
2629.04
2631.253
2655.813
2663.124
2671.384
2688.348
2685.053
2686.92
2666.932
2673.702
2672.857
2673.363
2675.576
2669.179
2671.047
2660.648
2640.659
2647.813
2649.681
2648.689
2654.24
2654.447
2659.888
2660.043
2655.859
2654.327
2655.717
2659.901
2659.746
2668.118
2666.75
2654.5
2655.891
2660.569
2652.308
2655.603
2651.891
2636.296
2630.242
2623.472
2622.627
2620.283
2620.127
2622.472
2623.317
2638.912
2644.966
2651.736
2651.891
2652.052
2647.845
2640.856
2647.253
2651.437
2651.282
2655.96
2658.776
2699.006
2698.221
2698.471
2701.22
2702.293
2698.701
2697.709
2710.502
2723.034
2726.625
2727.882
2721.486
2721.991
2752.968
2760.428
2758.116
2756.53
2755.457
2756.53
2787.507
2824.932
2824.777
2830.217
2827.468
2821.89
2811.315
2825.012
2832.323
2838.932
2818.943
2828.961
2839.535
2833.742
2832.352
2833.884
2842.815
2842.97
2841.289
2841.536
2844.604
2844.809
2850.188
2862.835
2876.377
2871.21
2871.369
2868.188
2843.906
2847.577
2850.295
2846.158
2829.752
2852.891
2863.351
2870.81
2878.144
2870.684
2859.902
2856.19
2843.397
2841.753
2839.454
2837.375
2838.16
2827.761
2820.772
2816.565
2810.169
2801.238
2802.022
2803.39
2803.896
2834.873
2833.005
2832.85
2833.509
2836.543
2844.848
2838.641
2828.181
2833.974
2833.17
2831.302
2828.267
2828.428
2829.477
2823.423
2821.079
2820.923
2814.153
2846.021
2830.245
2837.094
2852.87
2858.994
2859.849
2860.006
2862.378
2861.899
2855.087
2849.227
2866.388
2863.318
2862.55
2861.736
2875.593
2900.439
2894.823
2900.683
2907.532
2906.148
2905.637
2905.158
2907.939
2921.796
2915.109
2914.9
2919.553
2921.925
2923.332
2924.995
2926.399
2929.469
2928.818
2932.899
2925.481
2926.864
2925.46
2930.747
2931.808
2935.564
2901.703
2910.703
2910.868
2907.691
2900.64
2909.195
2909.686
2915.686
2913.394
2911.751
2928.938
2931.786
2933.72
2949.872
2949.348
2928.646
2945.833
2944.262
2944.206
2961.394
2959.807
2928.938
2928.732
2921.968
2923.879
2923.668
2922.244
2924.611
2922.346
2963.523
2957.593
2956.417
2958.681
2957.858
2961.658
2959.975
2962.505
2958.552
2961.658
2956.309
2957.862
2954.262
2971.625
2965.695
2964.892
2961.216
2988.929
2996.338
3000.184
3012.871
3005.276
3008.919
3001.907
3003.55
3000.216
3008.817
2996.13
2995.969
2988.957
2988.082
2985.654
2969.502
2963.232
2979.384
2981.813
2982.688
2989.699
2989.86
2996.13
2954.463
2952.311
2948.311
2935.061
2932.908
2931.205
2947.357
2931.205
2936.793
2925.523
2912.273
2944.356
2933.981
2937.981
2940.134
2981.801
2980.229
2966.043
2968.89
2970.191
2973.525
2965.93
2969.342
2971.277
2964.265
2964.432
2965.354
2957.628
2958.152
2948.43
2955.969
2959.184
2949.461
2948.35
2980.434
2984.434
2987.281
2998.233
2998.025
3008.796
3008.74
3021.428
3025.761
3025.969
3025.047
3024.991
3007.804
3004.589
3005.256
3022.825
3010.138
3010.805
3017.43
2996.727
2989.001
2990.441
2989.004
2981.992
2982.659
2982.492
2981.055
2976.721
2976.666
2969.094
2982.344
2961.642
2963.213
2957.463
2962.876
2980.063
2981.504
2970.552
2970.028
2967.633
2951.481
2945.211
2945.051
2938.039
2935.61
2934.735
2931.322
2930.021
2923.396
2922.906
2897.468
2895.881
2875.831
2865.578
2868.578
2857.543
2850.39
2857.543
2873.505
2880.397
2905.535
2906.02
2911.729
2918.659
2917.09
2916.017
2874.84
2874.398
2877.434
2871.164
2859.997
2860.205
2861.396
2852.725
2856.725
2831.288
2842.454
2840.883
2839.312
2842.159
2852.534
2856.891
2858.478
2851.24
2851.026
2849.998
2848.355
2842.72
2848.72
2856.315
2895.077
2893.966
2895.554
2894.631
2896.274
2892.861
2912.722
2909.389
2906.353
2917.306
2929.993
2928.576
2919.906
2909.072
2898.302
2889.631
2896.869
2894.022
2901.26
2910.982
2913.411
2912.383
2912.621
2899.934
2899.767
2896.124
2894.422
2905.588
2905.749
2908.13
2909.241
2910.658
2921.824
2927.824
2932.67
2953.372
2935.612
2938.141
2937.043
2929.408
2904.27
2904.475
2905.574
2903.044
2920.029
2921.206
2923.735
2911.197
2919.766
2905.746
2907.146
2913.693
2954.87
2965.123
2977.949
2981.749
2988.902
2989.814
2979.894
3011.232
3025.088
3036.096
3031.363
3037.834
3039.937
3038.933
3039.186
3044.69
3047.471
3041.967
3024.806
3012.129
3015.885
3018.385
3020.047
3018.497
3027.993
3025.311
3023.046
3029.242
3036.134
3035.923
3028.287
3045.273
3043.849
3037.084
3040.378
3060.837
3071.481
3060.344
3043.359
3041.806
3040.385
3048.84
3047.825
3041.06
3033.907
3032.338
3064.044
3075.079
3087.785
3085.741
3090.394
3059.057
3058.29
3058.801
3057.397
3057.188
3057.955
3062.188
3061.394
3050.813
3035.037
3031.703
3044.381
3039.648
3041.538
3026.887
3029.52
3019.06
3023.095
3006.131
3013.442
3015.309
3027.559
3030.594
3026.41
3022.548
3019.617
3018.084
3018.869
3056.294
3057.938
3053.903
3040.206
3039.999
3038.608
3024.911
3021.198
3030.585
3031.232
3034.45
3040.504
3042.816
3051.121
3048.372
3054.579
3062.883
3058.699
3055.412
3053.768
3057.63
3061.343
3055.136
3067.668
3076.039
3073.005
3075.821
3082.809
3082.051
3086.235
3089.269
3086.453
3087.112
3083.399
3082.509
3082.455
3083.3
3090.288
3084.737
3084.507
3084.714
3073.932
3066.778
3075.038
3071.446
3071.696
3067.097
3069.846
3072.662
3065.329
3072.639
3078.08
3076.712
3076.462
3075.312
3075.562
3035.332
3022.801
2998.24
2967.263
2961.47
2952.539
2952.289
2939.496
2930.565
2899.588
2899.433
2893.992
2890.889
2924.295
2924.452
2924.661
2955.998
2965.033
2965.286
2968.425
2973.929
2986.871
2980.592
2979.507
2973.863
2960.922
2971.828
2957.972
2957.815
2956.408
2949.171
2949.682
2954.969
2972.13
2979.525
2976.386
2981.843
2983.448
2989.064
2987.174
3000.116
2999.953
3007.191
2999.953
3003.709
3000.384
2997.884
3010.826
2979.488
2962.328
2964.566
2969.853
2970.331
2970.535
2969.741
2969.23
2949.009
2945.675
2943.786
2963.185
2963.953
2960.813
2953.964
2953.761
2954.415
2965.422
2967.795
2968.273
2961.461
2958.68
2971.073
2968.292
2968.495
2972.577
2969.437
2982.114
2980.579
2968.187
2977.222
2980.856
2979.305
2976.34
2974.451
2970.695
2969.291
2966.791
2968.062
2959.661
2976.822
2977.636
2976.364
2972.731
2972.219
2961.521
2953.975
2964.882
2959.378
2965.592
2963.724
2959.69
2959.891
2960.782
2956.92
2967.801
2998.778
2998.119
2999.268
2998.625
3002.831
3009.82
3008.432
3021.225
3027.834
3040.366
3040.116
3056.711
3057.357
3057.863
3058.855
3059.105
3055.588
3093.013
3097.22
3096.33
3102.536
3098.824
3090.519
3080.502
3080.975
3095.458
3102.067
3110.372
3150.602
3143.291
3118.731
3116.518
3108.258
3115.246
3117.459
3108.072
3112.106
3120.367
3121.908
3123.963
3148.244
3155.472
3167.861
3166.361
3167.241
3174.151
3174.802
3175.029
3173.404
3157.987
3156.612
3162.597
3152.315
3155.033
3151.783
3151.144
3145.977
3147.824
3147.048
3145.548
3146.685
3146.932
3146.778
3137.498
3139.784
3127.395
3116.94
3122.319
3122.16
3114.785
3114.938
3112.751
3111.916
3148.916
3148.416
3147.063
3166.022
3155.741
3152.189
3153.689
3150.621
3151.864
3151.616
3152.677
3112.904
3105.995
3124.954
3117.704
3124.361
3121.577
3120.224
3117.938
3134.345
3158.626
3162.103
3192.728
3209.134
3215.119
3215.771
3222.464
3222.517
3223.498
3225.941
3228.941
3241.33
3247.654
3228.696
3235.353
3211.072
3210.913
3214.583
3251.583
3240.924
3243.708
3248.875
3229.114
3228.96
3223.233
3218.686
3218.458
3211.801
3210.559
3208.273
3201.045
3199.985
3198.47
3198.316
3182.899
3169.357
3162.107
3160.482
3159.687
3156.969
3156.81
3151.321
3149.753
3142.526
3111.901
3111.848
3107.688
3106.063
3075.438
3042.348
3034.181
3037.851
3038.687
2998.914
2990.637
2986.012
2979.319
2977.804
2944.713
2937.516
2927.175
2924.857
2921.675
2916.296
2910.781
2909.406
2908.526
2904.974
2895.071
2879.653
2875.517
2871.381
2840.756
2840.256
2840.057
2831.89
2798.799
2793.072
2792.572
2791.004
2780.246
2775.08
2766.25
2755.591
2731.31
2731.105
2694.105
2692.733
2655.733
2685.414
2682.665
2677.987
2665.737
2662.024
2656.231
2648.951
2678.09
2669.689
2665.933
2665.078
2665.933
2669.689
2669.035
2644.189
2612.852
2609.782
2624.524
2621.641
2608.547
2608.341
2607.667
2566.49
2562.537
2590.891
2594.891
2636.558
2636.397
2634.754
2630.909
2633.062
2619.812
2617.431
2610.806
2598.118
2595.559
2578.371
2575.228
2572.192
2564.954
2547.767
2509.005
2497.735
2489.134
2488.023
2486.832
2483.42
2466.232
2478.165
2504.289
2483.943
2476.528
2463.233
2449.937
2432.33
2428.391
2419.509
2406.512
2405.829
2394.796
2395.909
2399.64
2404.079
2408.018
2436.512
2396.315
2394.549
2381.09
2401.686
2401.744
2394.238
2392.231
2385.133
2382.18
2381.958
2372.365
2339.094
2338.927
2335.594
2329.75
2316.009
2315.741
2325.333
2325.556
2325.824
2325.991
2331.834
2345.575
2348.908
2382.18
2363.96
2389.472
2385.084
2371.172
2370.031
2362.081
2360.415
2348.69
2347.61
2365.344
2360.736
2384.934
2375.596
2371.455
2370.513
2374.654
2375.596
2372.981
2368.974
2324.103
2308.825
2263.953
2257.731
2257.013
2253.947
2253.722
2251.404
2251.173
2239.147
2234.84
2232.372
2230.97
2227.904
2223.981
2219.84
2215.173
2242.756
2247.484
2251.679
2255.653
2256.838
2253.409
2234.242
2222.061
2207.902
2200.293
2198.579
2192.484
2191.575
2188.925
2182.83
2181.824
2169.876
2165.681
2159.776
2152.763
2144.503
2137.663
2126.345
2122.917
2119.28
2115.085
2109.181
2081.431
2069.249
2060.989
2059.444
2055.721
2054.536
2080.549
2088.918
2117.033
2129.375
2130.576
2132.141
2133.161
2136.933
2132.907
2128.657
2123.867
2122.667
2123.867
2114.361
2107.038
2096.293
2101.082
2081.663
2085.913
2089.94
2061.825
2057.575
2052.956
2075.849
2074.632
2072.466
2096.337
2095.562
2095.292
2083.515
2063.571
2062.679
2058.314
2057.321
2048.726
2049.72
2069.469
2073.894
2073.33
2069.837
2069.07
2068.506
2053.906
2052.845
2041.658
2040.027
2038.749
2037.091
1989.146
1988.872
1981.658
1980.475
1960.697
1960.634
1952.565
1915.647
1912.702
1908.51
1907.725
1914.939
1919.131
1922.076
1958.994
1978.772
1986.84
1987.626
1988.808
1988.872
1984.68
1979.694
1975.269
1974.019
1979.006
1983.197
1984.447
1988.872
1983.886
1975.557
1962.954
1961.064
1953.441
1948.632
1945.356
1929.032
1916.064
1879.146
1864.211
1834.941
1859.35
1850.905
1872.425
1882.15
1920.65
1936.225
1944.911
1949.525
1963.049
1980.073
2010.598
2011.705
1995.805
1993.221
1946.707
1924.196
1916.13
1913.775
1905.239
1902.884
1902.63
1929.14
1928.493
1921.806
1934.371
1925.58
1924.561
1872.322
1865.536
1856.044
1850.071
1875.362
1873.529
1902.083
1901.45
1891.706
1887.937
1884.049
1882.624
1877.842
1872.155
1867.108
1868.534
1873.581
1878.362
1884.049
1883.406
1841.297
1829.917
1820.932
1826.919
1856.103
1883.234
1882.029
1876.734
1873.209
1872.127
1871.205
1892.258
1868.196
1849.646
1849.354
1847.532
1845.865
1810.253
1799.653
1787.675
1814.712
1825.492
1861.708
1864.97
1877.151
1863.982
1863.284
1862.127
1855.958
1850.483
1848.936
1842.767
1837.581
1843.75
1849.225
1854.411
1855.958
1855.589
1854.636
1876.129
1883.715
1886.299
1873.397
1863.754
1863.366
1861.699
1859.574
1855.735
1848.467
1846.801
1837.801
1812.019
1780.966
1764.216
1768.055
1770.18
1779.18
1780.847
1797.597
1823.378
1830.646
1861.699
1865.215
1895.327
1915.063
1937.131
1943.113
1946.122
1961.245
1974.554
1977.202
1982.091
2011.939
2006.656
2017.481
2008.192
1998.064
1977.295
1975.54
1969.655
1962.655
1956.444
1956.184
1951.585
1984.675
1959.248
1957.062
1940.728
1935.448
1921.075
1905.535
1896.068
1879.764
1879.32
1873.81
1873.442
1850.728
1850.452
1850.82
1851.264
1867.121
1867.396
1922.396
1927.906
1937.566
1960.281
1956.964
1975.021
1902.104
1907.078
1894.613
1837.273
1821.982
1817.887
1817.424
1748.147
1740.36
1737.424
1706.023
1705.56
1718.803
1731.739
1729.612
1731.176
1763.484
1692.701
1679.17
1666.435
1653.217
1669.111
1658.593
1656.37
1693.015
1656.667
1649.155
1687.373
1687.837
1687.724
1728.415
1728.528
1719.602
1678.911
1664.886
1652.041
1647.134
1642.724
1596.292
1587.892
1596.292
1600.813
1688.313
1686.879
1693.113
1690.9
1675.797
1670.284
1670.165
1656.66
1648.814
1621.283
1588.125
1573.48
1544.789
1573.748
1610.657
1610.528
1605.181
1597.403
1604.279
1643.043
1648.543
1656.543
1656.676
1626.137
1625.74
1617.799
1617.159
1616.63
1631.891
1608.346
1594.003
1569.973
1570.37
1584.292
1592.233
1671.498
1704.233
1704.873
1705.402
1684.265
1681.049
1618.203
1609.203
1606.924
1593.002
1583.811
1579.752
1583.811
1604.949
1667.794
1671.01
1673.289
1682.48
1696.402
1705.402
1684.265
1621.419
1602.713
1597.051
1602.713
1623.85
1686.696
1705.402
1701.902
1691.578
1674.348
1671.809
1653.502
1693.821
1704.457
1708.063
1710.679
1729.54
1747.293
1757.081
1727.771
1717.677
1680.438
1678.016
1611.242
1628.048
1662.05
1686.718
1760.399
1781.365
1792.503
1885.434
1923.029
1964.121
1966.793
1999.437
2036.187
2054.348
2058.118
2064.756
2083.376
2087.974
2095.009
2037.48
2037.319
2037.48
2095.009
1974.319
1962.733
2026.372
2038.372
2044.83
2169.83
2136.33
2121.795
2135.972
2162.596
2159.006
2236.767
2232.007
2211.847
2216.607
2254.127
2171.019
2190.404
2245.933
2261.587
2269.856
2336.74
2336.048
2293.24
2282.856
2179.202
2178.365
2148.481
2147.962
2214.947
2233.88
2190.769
2191.606
2295.26
2325.144
2335.529
2336.048
2336.74
2316.484
2308.792
2304.215
2276.574
2276.394
2252.455
2272.712
2300.353
2304.929
2328.869
2329.048
2336.74
2341.817
2362.587
2375.01
2289.769
2293.472
2294.139
2296.222
2309.778
2310.296
2315.593
2317.117
2324.568
2327.29
2315.327
2401.551
2404.378
2416.801
2389.16
2364.699
2357.295
2275.112
2299.574
2306.978
2334.619
2416.801
2404.378
2401.551
2413.974
2416.801
2352.635
2352.455
2327.117
2327.29
2326.79
2285.568
2284.901
2256.123
2246.123
2146.309
2128.778
2209.817
2227.787
2228.593
2257.37
2257.87
2258.537
2268.537
2309.759
2327.29
2248.151
2207.772
2195.809
2095.994
2051.858
2048.988
2013.926
1991.407
2031.787
1993.033
2069.345
2080.881
2083.649
2052.891
2073.856
2166.787
2155.649
2153.115
2155.649
2166.787
2203.094
2224.294
2264.017
2309.242
2315.947
2354.142
2388.981
2401.89
2449.497
2429.419
2409.806
2487.683
2508.431
2528.697
2531.147
2520.381
2517.931
2401.264
2390.064
2384.036
2376.869
2373.828
2373.103
2357.325
2358.05
2361.092
2368.258
2384.036
2386.914
2396.247
2423.981
2424.546
2355.618
2332.435
2311.919
2305.71
2280.645
2280.065
2193.129
2157.226
2156.524
2156.089
2218.958
2203.181
2203.906
2212.906
2213.356
2250.456
2276.356
2276.956
2366.789
2382.567
2379.456
2362.656
2358.689
2345.122
2296.997
2239.031
2308.825
2276.48
2336.445
2353.825
2361.239
2364.457
2368.56
2320.875
2334.442
2382.567
2382.411
2407.034
2314.103
2302.966
2229.284
2191.69
2170.724
2129.632
2096.989
2094.316
2115.282
2117.954
2083.697
2094.464
2126.019
2197.244
2213.301
2251.742
2295.508
2302.089
2321.089
2338.078
2267.31
2267.732
2267.169
2266.747
2242.466
2207.685
2192.893
2108.674
2100.237
2099.557
2100.237
2100.799
2125.081
2125.503
2133.94
2148.732
2232.951
2199.013
2202.672
2206.672
2223.035
2255.763
2208.181
2214.505
2240.497
2141.831
2129.705
2096.977
2142.633
2033.258
1996.018
2053.917
2073.186
2094.386
2139.728
2178.169
2213.008
2318.04
2365.648
2334.12
2346.625
2352.911
2334.505
2318.047
2317.625
2275.227
2268.852
2266.555
2266.977
2309.375
2315.75
2334.156
2350.615
2352.911
2344.161
2344.016
2301.617
2369.653
2369.804
2376.013
2385.046
2428.812
2428.376
2384.61
2378.03
2361.04
2342.04
2339.669
2340.105
2346.685
2349.056
2366.046
2409.812
2428.812
2410.86
2363.253
2332.715
2330.586
2378.194
2380.323
2335.521
2352.911
2344.661
2334.568
2312.109
2348.253
2313.874
2308.632
2358.364
2434.756
2471.506
2482.644
2491.747
2532.839
2557.621
2563.224
2505.006
2509.772
2492.217
2485.417
2440.192
2437.742
2437.292
2417.658
2420.108
2426.908
2444.464
2444.914
2490.139
2509.772
2474.247
2469.803
2451.803
2448.158
2441.742
2424.186
2417.386
2424.186
2430.603
2466.128
2469.772
2487.328
2491.772
2509.772
2484.04
2474.385
2473.782
2470.805
2452.644
2432.333
2431.868
2429.333
2382.549
2375.514
2375.98
2394.141
2401.175
2421.486
2468.27
2388.444
2368.811
2323.586
2306.031
2383.014
2382.549
2375.514
2348.721
2392.854
2392.211
2295.961
2279.057
2278.28
2277.798
2268.155
2268.798
2365.048
2365.53
2310.753
2320.063
2336.385
2337.135
2375.514
2372.98
2352.014
2330.552
2351.517
2372.98
2296.331
2304.831
2352.956
2392.678
2408.322
2443.847
2445.314
2392.777
2397.078
2400.605
2396.347
2378.927
2358.347
2354.452
2319.613
2312.677
2316.935
2323.871
2327.766
2345.185
2365.766
2400.605
2396.766
2366.508
2359.573
2343.315
2330.185
2274.089
2301.767
2298.656
2314.756
2346.311
2348.644
2337.878
2306.322
2235.097
2274.575
2181.644
2178.971
2158.006
2192.518
2231.455
2307.768
2404.018
2415.554
2418.321
2367.575
2408.667
2429.632
2408.17
2482.64
2478.39
2557.182
2553.985
2532.287
2555.34
2577.037
2590.037
2593.235
2512.155
2516.405
2493.69
2455.119
2406.664
2378.914
2371.729
2246.729
2237.086
2197.336
2144.628
2143.851
2143.208
2046.958
2004.399
1990.107
2046.284
1999.756
2079.207
2104.647
2120.653
2174.923
2233.957
2273.266
2407.881
2453.715
2495.253
2410.287
2430.287
2363.366
2397.176
2417.051
2433.813
2530.063
2500.348
2525.129
2506.509
2469.267
2465.103
2460.552
2453.138
2431.138
2468.379
2475.793
2494.414
2432.533
2436.933
2440.958
2437.314
2410.092
2394.447
2392.981
2357.456
2317.733
2313.289
2304.789
2256.664
2304.789
2340.314
2367.536
2371.981
2387.625
2389.092
2350.465
2353.992
2362.218
2358.323
2337.892
2402.483
2382.85
2324.883
2316.911
2301.133
2309.106
2367.072
2388.183
2403.961
2423.594
2427.619
2440.958
2369.733
2358.967
2269.133
2237.578
2201.236
2180.969
2141.247
2138.664
2178.386
2189.153
2205.47
2225.083
2260.253
2290.79
2359.718
2362.218
2369.153
2370.96
2391.54
2422.078
2451.433
2454.96
2480.024
2573.96
2539.121
2534.863
2527.927
2510.508
2506.613
2486.032
2484.226
2390.29
2360.935
2340.355
2315.29
2311.763
2304.828
2274.29
2299.355
2329.892
2359.247
2453.183
2473.763
2475.57
2482.505
2486.032
2515.218
2517.589
2528.008
2605.569
2560.344
2539.144
2422.478
2386.478
2346.756
2297.561
2264.511
2250.713
2297.497
2329.447
2446.114
2459.453
2480.653
2407.121
2445.562
2493.169
2528.008
2493.629
2492.21
2483.984
2479.683
2433.11
2394.669
2368.325
2443.625
2427.981
2388.099
2414.444
2448.823
2450.242
2465.382
2469.683
2437.622
2441.039
2449.008
2442.289
2351.289
2327.008
2307.07
2277.487
2275.737
2247.299
2243.883
2247.299
2275.737
2300.018
2329.602
2336.32
2356.258
2447.258
2449.008
2446.711
2436.617
2438.914
2449.008
2429.557
2427.26
2408.26
2427.26
2446.711
2449.008
2442.992
2434.242
2391.844
2391.698
2362.115
2333.677
2309.396
2305.979
2304.229
2213.229
2206.51
2186.573
2206.51
2230.792
2321.792
2350.229
2356.948
2358.698
2388.281
2391.698
2385.323
2368.865
2365.448
2348.573
2315.268
2309.253
2379.444
2396.433
2402.642
2409.223
2426.642
2430.169
2464.548
2468.849
2466.478
2456.059
2458.43
2468.849
2438.312
2434.785
2409.72
2315.785
2286.43
2279.495
2277.688
2257.108
2258.914
2279.495
2237.844
2266.281
2273
2297.281
2300.698
2319.222
2316.995
2307.207
2241.51
2251.01
2249.363
2222.598
2219.382
2196.529
2190.206
2227.889
2206.51
2186.573
2215.01
2218.427
2238.365
2245.083
2246.833
2207.434
2230.98
2251.01
2283.076
2283.473
2285.159
2287.1
2319.836
2321.843
2325.725
2334.137
2277.048
2290.571
2340.257
2347.257
2374.057
2380.89
2371.662
2369.562
2391.762
2405.286
2406.924
2342.843
2345.241
2361.514
2363.347
2383.417
2389.005
2396.088
2397.681
2399.273
2406.356
2408.301
2450.062
2434.162
2450.062
2477.11
2507.56
2515.731
2524.474
2558.521
2585.569
2593.569
2624.019
2629.519
2679.205
2680.812
2687.812
2701.336
2727.621
2729.621
2729.755
2734.398
2744.855
2769.755
2776.755
2869.783
2871.998
2872.619
2890.402
2895.902
2896.036
2957.086
2958.724
2976.895
2980.345
2978.131
2944.083
2917.036
2899.664
2838.614
2829.386
2798.236
2801.272
2803.551
2821.434
2830.934
2893.779
2888.1
2915.148
2867.273
2897.558
2907.725
2920.873
2934.873
2960.005
2971.12
2890.231
2888.676
2870.954
2845.676
2824.093
2797.796
2791.824
2788.787
2739
2763.595
2780.838
2786.649
2733.763
2736.64
2741.137
2742.573
2746.111
2751.239
2767.199
2775.814
2775.934
2777.404
2779.096
2806.788
2811.917
2831.84
2839.173
2857.848
2902.438
2971.541
2940.727
2958.935
2976.998
2991.644
2998.019
3012.665
3026.577
3026.915
3033.915
3063.706
3071.356
3083.09
3085.248
3012.9
2949.165
2963.113
2965.946
2979.637
2944.665
2951.932
2953.734
2955.857
2957.159
2964.671
2984.938
2995.853
3013.922
3022.388
3025.457
3042.26
3043.217
3046.996
3068.81
3069.124
3071.938
3103.49
3104.514
3035.627
3049.445
3055.96
3056.267
3058.388
3039.828
3034.032
3031.002
3020.335
2987.523
2985.038
2957.955
2956.955
3000.936
3011.851
3039.564
3064.349
3013.265
3019.061
3021.545
3022.545
3025.576
3058.388
3043.888
3042.616
3021.1
3023.638
3002.475
3068.843
3066.24
3047.74
3062.931
3013.715
3015.017
3020.017
3022.56
3043.723
3061.793
3058.388
3137.934
3145.911
3149.047
3156.388
3087.88
3102.302
3102.702
3103.185
3049.594
3057.551
3077.333
3097.002
3097.306
3062.807
3066.654
3067.59
3069.043
3126.383
3151.738
3156.078
3165.752
3166.949
3165.007
3158.908
3156.376
3110.913
3097.381
3077.424
3075.775
3081.874
3062.184
3064.085
3083.627
3086.106
3099.356
3100.97
3111.943
3116.422
3116.519
3131.571
3161.649
3163.181
3172.653
3197.479
3241.995
3242.276
3255.526
3264.005
3256.821
3260.512
3273.491
3274.991
3269.155
3270.548
3271.895
3231.657
3247.99
3266.39
3269.25
3290.85
3302.35
3316.917
3319.297
3326.617
3345.017
3346.137
3351.417
3368.847
3347.042
3299.975
3311.897
3328.985
3330.083
3334.083
3334.475
3338.475
3345.652
3346.515
3350.459
3359.975
3381.152
3391.74
3390.402
3392.363
3387.363
3393.363
3427.461
3435.307
3375.705
3377.119
3395.324
3397.119
3339.362
3341.083
3340.995
3327.436
3323.662
3311.918
3301.981
3299.736
3320.307
3329.237
3329.325
3341.069
3354.629
3356.874
3359.572
3359.95
3369.887
3381.358
3393.358
3397.132
3393.075
3392.019
3337.075
3325.038
3322.975
3308.314
3290.453
3336.231
3347.497
3347.881
3350.631
3318.89
3330.928
3334.701
3336.764
3348.508
3304.029
3313.363
3314.961
3334.961
3341.184
3358.221
3359.949
3365.616
3366.677
3373.418
3372.356
3379.097
3376.861
3377.111
3397.111
3416.847
3423.069
3425.514
3425.838
3378.398
3379.968
3393.105
3376.655
3393.105
3384.498
3395.815
3391.467
3401.921
3402.285
3405.921
3415.739
3430.588
3429.018
3429.264
3404.595
3400.938
3379.271
3352.438
3288.802
3281.526
3269.962
3250.326
3191.126
3210.762
3211.57
3274.07
3281.216
3249.542
3260.7
3281.607
3305.409
3251.888
3256.284
3260.836
3271.836
3265.737
3260.551
3221.288
3230.288
3235.671
3237.493
3237.571
3238.671
3240.192
3246.258
3264.021
3256.132
3265.949
3276.582
3305.565
3257.13
3259.294
3256.949
3243.561
3224.026
3219.698
3202.227
3190.445
3187.781
3235.528
3253.29
3265.268
3270.651
3273.035
3286.646
3306.507
3310.907
3313.615
3315.915
3317.932
3322.015
3326.265
3336.029
3339.238
3340.676
3295.76
3299.746
3297.038
3305.815
3296.54
3287.54
3282.774
3291.774
3302.59
3311.865
3313.532
3324.088
3328.338
3338.101
3340.324
3347.901
3348.835
3356.924
3346.324
3347.057
3294.138
3317.806
3325.762
3336.221
3348.003
3350.347
3365.265
3355.661
3356.866
3358.071
3339.825
3336.527
3384.265
3335.583
3352.773
3370.724
3371.853
3373.801
3383.84
3392.335
3338.766
3339.877
3349.757
3339.526
3340.401
3339.103
3339.736
3356.351
3352.582
3362.567
3369.787
3343.033
3346.713
3352.869
3343.294
3338.324
3311.571
3312.763
3324.717
3327.217
3337.032
3351.032
3352.109
3351.901
3357.532
3353.609
3352.976
3350.945
3346.237
3360.668
3359.34
3370.455
3379.017
3392.424
3394.924
3390.524
3394.924
3403.986
3406.486
3410.409
3411.042
3412.119
3415.081
3416.763
3422.919
3426.842
3428.035
3436.137
3435.803
3439.482
3434.313
3444.097
3437.103
3393.457
3402.333
3371.802
3363.058
3367.327
3367.126
3381.126
3340.902
3349.976
3346.036
3344.643
3350.718
3313.452
3334.684
3342.868
3356.173
3342.251
3342.571
3347.321
3348.929
3335.4
3345.968
3335.257
3351.29
3353.232
3354.059
3353.794
3352.713
3344.257
3346.218
3335.593
3336.863
3329.118
3335.804
3330.451
3337.588
3350.404
3342.463
3331.838
3319.022
3319.287
3314.125
3317.125
3313.007
3321.949
3309.939
3319.092
3322.842
3325.783
3331.165
3329.793
3339.146
3340.754
3343.413
3317.839
3318.097
3304.792
3311.895
3312.865
3310.924
3311.244
3310.104
3308.354
3318.979
3323.097
3334.523
3333.494
3334.317
3328.332
3330.112
3334.862
3330.744
3335.494
3334.152
3340.838
3348.25
3363.923
3355.982
3346.438
3349.268
3353.386
3355.489
3366.915
3357.563
3357.268
3361.474
3368.612
3367.641
3371.759
3373.366
3372.523
3374.913
3376.384
3369.423
3367.033
3388.265
3387.618
3395.559
3394.088
3376.564
3367.949
3369.862
3390.786
3393.407
3353.977
3351.104
3361.425
3376.854
3373.354
3374.687
3383.056
3380.199
3404.032
3417.032
3419.354
3419.554
3417.649
3404.506
3393.406
3391.363
3379.696
3376.196
3391.771
3390.721
3384.226
3393.498
3378.273
3377.165
3373.523
3382.637
3384.362
3386.267
3384.567
3384.877
3384.811
3338.546
3338.264
3337.335
3322.123
3292.028
3291.221
3304.038
3307.066
3306.876
3319.15
3316.603
3309.937
3310.972
3310.011
3320.133
3320.379
3308.104
3294.771
3297.482
3300.029
3305.665
3306.595
3307.525
3322.88
3319.852
3309.676
3311.535
3327.211
3326.965
3327.754
3344.538
3335.516
3320.374
3320.309
3319.013
3337.856
3313.704
3298.902
3314.36
3318.332
3327.346
3325.957
3312.809
3296.258
3299.244
3286.605
3262.453
3261.253
3223.823
3216.094
3220.344
3207.705
3208.622
3200.441
3201.222
3206.306
3195.514
3164.708
3156.032
3143.183
3145.922
3125.705
3123.068
3127.493
3139.887
3141.545
3138.75
3145.654
3147.024
3151.216
3131.438
3115.114
3100.515
3097.022
3096.419
3094.921
3088.492
3077.305
3075.478
3076.081
3090.68
3097.11
3113.434
3115.26
3084.198
3085.676
3089.122
3108.632
3107.857
3088.347
3087.114
3090.988
3106.028
3091.434
3092.481
3094.283
3085.872
3098.169
3099.091
3103.314
3109.711
3116.053
3116.116
3116.672
3116.735
3115.688
3079.269
3074.904
3046.029
3033.236
3018.503
3010.287
2994.184
3023.059
3027.423
3063.842
3076.635
3084.851
3099.584
3100.632
3116.735
3111.789
3130.124
3130.367
3135.775
3175.126
3171.815
3187.919
3207.863
3177.713
3174.524
3169.189
3181.252
3187.563
3192.443
3182.083
3188.146
3187.266
3164.325
3121.482
3164.325
3164.263
3167.618
3168.359
3159.99
3155.174
3153.609
3155.747
3161.975
3161.054
3146.843
3146.659
3158.764
3157.326
3150.694
3166.374
3166.435
3165.856
3166.611
3174.361
3181.466
3185.229
3182.598
3188.773
3184.352
3190.738
3212.69
3215.374
3217.19
3214.657
3200.634
3200.456
3199.716
3192.15
3200.34
3196.985
3200.458
3199.537
3177.586
3178.901
3176.217
3165.993
3170.105
3178.474
3179.912
3168.445
3168.384
3160.384
3148.479
3132.799
3136.352
3131.563
3130.808
3128.124
3134.51
3141.832
3132.249
3124.927
3126.492
3111.848
3109.709
3102.387
3110.755
3138.871
3140.309
3137.678
3136.711
3139.357
3131.168
3128.788
3127.821
3136.19
3137.755
3130.047
3123.872
3116.163
3107.974
3107.007
3099.007
3107.007
3067.61
3075.694
3078.876
3066.927
3056.321
3048.425
3043.672
3051.321
3009.036
3009.78
3010.063
3017.076
3020.712
3032.462
3016.986
3023.826
3025.397
3022.085
3020.666
3020.925
3036.402
3039.014
3034.261
3041.728
3045.04
3045.949
3054.032
3052.847
3068.324
3065.012
3057.404
3056.282
3051.724
3050.179
3042.095
3037.9
3042.095
3050.179
3052.036
3053.581
3047.036
3055.295
3062.904
3062.047
3061.302
3062.423
3066.982
3064.482
3063.754
3068.951
3062.111
3048.271
3049.128
3070.794
3073.143
3063.684
3067.19
3068.759
3069.33
3061.722
3061.956
3064.443
3068.45
3049.529
3042.157
3030.984
3031.157
3031.878
3011.775
3014.307
3022.358
3014.661
3005.516
3005.294
2993.421
2992.695
2988.822
2994.763
2993.016
3000.712
2989.259
2986.032
2988.614
2980.918
2973.039
2966.204
2965.111
2948.901
2955.484
2954.566
2953.399
2949.199
2954.286
2957.474
2974.433
2980.35
2982.138
2977.75
2985.073
2987.479
2987.994
3006.041
3005.188
2997.238
2997.509
2997.238
2991.171
2990.471
2986.971
3020.658
3009.158
3015.742
3015.192
3015.464
3001.964
2988.642
2985.652
2997.485
2995.973
2989.673
2993.256
3019.966
3012.366
2976.645
2979.67
2970.75
2972.38
2964.503
2963.596
2967.127
3000.398
2992.386
2991.036
2998.888
3034.838
3038.697
3038.48
3038.423
3012.914
3013.767
3016.115
2994.908
2994.743
2998.475
2996.036
2994.426
3000.345
2997.997
3004.143
3007.558
3009.03
3001.116
2996.652
2992.555
2998.701
2994.762
3027.628
3035.384
3030.945
3031.002
3038.783
3034.843
3024.215
3031.996
3031.313
3031.142
3013.536
3012.202
3013.035
3024.068
3015.304
3025.263
3017.507
3023.653
3026.641
3031.521
3046.887
3045.412
3043.668
3046.584
3045.901
3051.625
3051.46
3046.497
3045.811
3048.159
3042.614
3045.102
3048.913
3045.102
3037.511
3036.458
3037.312
3036.458
3030.568
3019.023
3019.877
3025.767
3037.312
3050.483
3058.397
3054.901
3053.292
3060.436
3062.641
3062.855
3045.248
3054.059
3053.839
3050.73
3045.006
3042.518
3043.852
3044.117
3046.739
3049.727
3052.643
3063.677
3047.131
3046.887
3035.854
3047.398
3058.837
3051.057
3049.584
3047.84
3050.757
3051.653
3053.126
3053.812
3053.129
3049.714
3045.617
3049.714
3049.658
3048.853
3037.308
3030.521
3040.481
3044.92
3043.7
3050.487
3051.173
3062.717
3062.961
3061.278
3072.376
3072.433
3071.628
3074.738
3061.567
3072.601
3071.149
3072.775
3084.214
3091.397
3102.942
3104.568
3093.471
3050.788
3055.068
3061.491
3065.43
3065.643
3056.879
3052.416
3063.96
3063.695
3062.863
3055.082
3070.448
3064.025
3063.855
3062.635
3060.182
3058.438
3058.218
3057.322
3052.859
3052.357
3051.671
3053.415
3054.311
3058.774
3061.228
3061.398
3061.618
3062.837
3063.523
3064.025
3063.08
3059.349
3074.714
3072.275
3063.511
3062.178
3060.495
3059.275
3053.503
3049.692
3047.948
3046.265
3046.485
3020.427
3029.191
3030.524
3034.256
3038.067
3064.125
3069.897
3071.58
3072.525
3064.745
3065.444
3065.688
3025.981
3025.444
3025.2
3025.036
3020.938
3034.511
3022.966
3035.963
3019.486
2993.742
2989.332
2987.874
2952.79
2962.152
2960.561
2967.887
2932.802
2933.902
2951.296
2945.449
2943.491
2934.786
2930.895
2932.352
2917.172
2916.377
2912.328
2913.783
2948.867
2949.078
2944.669
2951.014
2983.484
2980.602
2978.645
2977.759
2966.458
2962.771
2962.827
2959.382
2954.56
2952.137
2934.355
2895.127
2880.769
2838.6
2825.588
2817.926
2835.745
2834.412
2835.524
2829.752
2824.872
2817.116
2817.173
2815.429
2820.737
2820.059
2812.24
2821.601
2814.102
2807.757
2808.962
2812.853
2815.444
2814.558
2815.249
2822.307
2823.898
2820.452
2809.488
2803.785
2806.857
2811.679
2813.112
2813.329
2815.753
2802.617
2823.569
2807.223
2796.322
2783.31
2780.358
2815.443
2816.117
2815.443
2829.432
2831.637
2824.047
2820.315
2819.461
2821.667
2816.787
2817.591
2832.124
2871.831
2879.014
2866.017
2861.137
2855.414
2856.865
2858.548
2864.438
2858.714
2862.202
2875.373
2883.097
2850.231
2842.45
2847.414
2853.999
2856.621
2843.048
2850.638
2841.874
2841.609
2846.489
2886.196
2892.983
2894.096
2890.157
2895.037
2891.226
2895.037
2897.476
2861.963
2854.78
2855.726
2851.287
2877.345
2880.454
2886.877
2887.414
2891.145
2892.198
2896.662
2903.247
2896.46
2897.599
2870.318
2857.183
2853.291
2879.035
2892.047
2882.686
2887.095
2880.589
2891.995
2852.766
2855.648
2854.443
2843.542
2851.361
2838.226
2841.991
2836.336
2835.84
2830.138
2829.642
2822.545
2825.726
2827.043
2819.985
2809.485
2805.075
2799.228
2801.638
2806.541
2815.246
2812.065
2811.132
2818.228
2819.891
2826.949
2828.048
2811.702
2813.66
2834.611
2827.553
2834.65
2835.535
2833.812
2833.316
2839.019
2859.119
2870.421
2870.951
2882.035
2889.854
2888.248
2889.07
2896.167
2897.484
2895.026
2898.098
2897.424
2898.523
2902.21
2910.985
2909.395
2911.804
2922.705
2948.449
2940.786
2925.605
2925.816
2914.411
2913.615
2911.296
2903.609
2901.152
2902.037
2907.74
2909.198
2917.903
2925.228
2914.327
2906.665
2901.187
2899.729
2894.251
2894.929
2898.374
2908.214
2906.035
2906.921
2905.987
2895.023
2894.806
2892.487
2887.666
2871.319
2863.5
2861.181
2843.786
2838.132
2836.814
2844.445
2853.22
2852.377
2838.019
2835.561
2834.244
2827.899
2826.292
2813.452
2811.133
2804.627
2817.467
2819.925
2826.431
2832.776
2834.093
2835.7
2838.019
2853.2
2851.745
2857.817
2852.114
2851.852
2852.114
2854.293
2858.522
2854.757
2864.118
2849.883
2853.526
2848.113
2843.349
2850.323
2851.006
2847.97
2830.783
2830.259
2850.001
2844.346
2834.507
2832.901
2820.06
2818.743
2828.582
2842.94
2846.012
2846.542
2848.149
2849.466
2862.306
2845.419
2851.006
2843.28
2835.708
2832.375
2831.073
2832.661
2835.22
2829.47
2835.899
2832.863
2836.077
2834.776
2835.458
2838.792
2840.494
2839.661
2837.958
2839.149
2840.235
2847.473
2848.396
2890.063
2878.896
2886.467
2881.703
2881.759
2876.914
2881.247
2885.58
2874.81
2871.595
2871.756
2870.923
2870.664
2872.598
2892.459
2899.999
2894.221
2893.388
2894.2
2880.014
2877.722
2879.16
2854.895
2848.003
2855.485
2848.721
2852.015
2850.999
2841.391
2842.407
2844.089
2842.521
2840.609
2833.126
2839.323
2828.287
2828.946
2822.75
2826.55
2830.15
2840.794
2823.809
2864.985
2867.113
2867.977
2859.477
2859.242
2860.107
2828.401
2820.95
2826.66
2841.483
2824.498
2821.133
2819.733
2794.595
2793.933
2788.224
2784.424
2773.718
2781.2
2780.538
2781.715
2780.803
2785.085
2787.485
2785.574
2793.025
2783.883
2794.136
2794.081
2782.944
2780.062
2784.85
2773.713
2770.348
2773.162
2774.844
2789.668
2788.844
2788.789
2795.681
2808.387
2825.373
2833.008
2831.587
2824.695
2811.989
2811.783
2804.301
2791.763
2792.247
2799.882
2810.918
2817.271
2858.447
2826.741
2823.635
2821.269
2821.013
2820.236
2809.592
2808.933
2811.816
2810.247
2811.05
2807.25
2794.156
2811.519
2814.401
2815.822
2817.445
2831.465
2821.857
2818.18
2815.367
2813.014
2812.352
2809.058
2811.323
2812.338
2810.426
2809.003
2810.403
2819.544
2836.529
2836.324
2838.69
2840.09
2839.178
2838.314
2825.608
2834.063
2830.11
2830.055
2836.984
2822.965
2820.598
2814.402
2813.727
2808.018
2799.518
2792.365
2778.345
2746.639
2721.501
2720.589
2716.789
2705.652
2692.825
2693.487
2692.414
2688.614
2647.437
2644.437
2648.237
2652.037
2644.586
2624.959
2635.212
2635.468
2632.938
2627.009
2626.803
2631.591
2637.787
2635.258
2638.258
2638.203
2638.721
2638.046
2631.693
2632.791
2627.081
2623.717
2606.731
2615.873
2612.508
2620.014
2604.052
2609.621
2612.726
2609.432
2605.832
2611.354
2604.425
2610.972
2606.264
2609.37
2616.134
2623.026
2623.262
2629.191
2660.897
2660.121
2662.474
2660.346
2661.17
2650.032
2654.162
2647.009
2650.115
2666.076
2672.273
2673.371
2671.747
2703.453
2702.276
2703.7
2705.965
2691.141
2692.562
2690.195
2681.695
2680.519
2684.319
2686.685
2680.756
2679.658
2687.293
2674.199
2678.987
2669.846
2669.59
2670.455
2673.561
2672.899
2677.687
2676.287
2674.16
2676.072
2687.209
2681.013
2684.613
2691.766
2692.25
2703.285
2701.999
2667.74
2670.74
2673.554
2663.301
2665.566
2663.036
2665.566
2659.019
2658.344
2638.717
2632.521
2643.344
2646.158
2649.158
2646.805
2650.405
2642.899
2625.914
2623.786
2634.039
2632.471
2615.108
2618.48
2617.616
2620.016
2609.372
2616.264
2620.972
2619.685
2619.011
2613.301
2626.007
2625.523
2591.264
2590.087
2582.934
2596.954
2589.472
2583.903
2582.503
2599.866
2631.572
2624.679
2630.875
2631.534
2628.534
2626.911
2621.342
2627.538
2634.861
2645.567
2643.214
2642.411
2667.549
2658.408
2699.584
2697.231
2694.702
2691.596
2698.361
2699.376
2703.506
2699.829
2703.782
2698.214
2697.978
2690.656
2693.185
2692.974
2690.846
2699.987
2689.164
2676.458
2680.058
2676.685
2694.048
2695.617
2670.478
2659.834
2656.834
2662.544
2655.615
2651.309
2649.888
2650.8
2651.603
2640.568
2644.368
2645.191
2657.897
2655.497
2654.721
2652.593
2642.985
2636.632
2630.703
2624.774
2627.038
2606.579
2600.65
2593.327
2608.151
2642.41
2644.939
2645.598
2613.892
2612.339
2622.592
2620.91
2625.192
2624.119
2627.119
2626.207
2594.501
2587.05
2601.874
2601.715
2610.17
2571.864
2564.358
2568.487
2570.854
2562.697
2556.269
2556.936
2563.91
2563.965
2571.375
2571.319
2572.621
2533.859
2532.288
2539.133
2532.863
2518.677
2517.239
2517.447
2513.602
2524.373
2532.974
2536.379
2532.046
2529.01
2517.74
2522.504
2512.782
2522.032
2525.877
2525.669
2531.419
2546.419
2546.585
2549.728
2560.347
2564.034
2561.576
2569.843
2576.855
2576.331
2550.894
2558.304
2555.089
2554.565
2580.003
2572.463
2575.678
2581.678
2575.408
2578.324
2578.991
2574.634
2574.578
2575.769
2589.019
2596.559
2597.392
2593.749
2582.83
2590.461
2594.226
2597.913
2596.19
2607.595
2607.857
2605.9
2638.369
2635.488
2636.283
2629.187
2630.227
2639.002
2643.412
2642.882
2646.93
2638.155
2642.976
2642.09
2639.5
2640.624
2642.231
2643.026
2641.821
2630.416
2641.717
2599.548
2585.191
2579.536
2585.882
2587.339
2579.653
2583.544
2587.231
2579.568
2581.888
2546.803
2548.466
2548.707
2540.002
2538.903
2544.605
2538.099
2541.864
2538.913
2541.985
2547.804
2547.563
2544.491
2538.672
2531.041
2527.595
2526.918
2523.153
2529
2535.928
2518.533
2523.437
2534.337
2530.884
2529.426
2526.052
2551.796
2540.712
2553.552
2553.715
2533.614
2524.253
2520.566
2519.361
2537.143
2537.82
2540.14
2535.754
2524.853
2521.6
2525.649
2524.194
2535.158
2546.242
2548.421
2548.917
2548.7
2557.405
2565.224
2530.14
2540.64
2533.314
2533.555
2530.483
2531.607
2535.499
2542.998
2542.942
2543.827
2542.787
2547.016
2548.739
2547.133
2542.723
2535.627
2517.845
2502.665
2501.54
2490.64
2486.953
2484.634
2482.224
2488.296
2486.979
2483.087
2481.654
2483.832
2475.128
2475.623
2483.443
2496.852
2496.59
2507.892
2511.145
2518.241
2517.979
2525.037
2517.941
2524.447
2512.55
2508.269
2508.955
2514.728
2515.264
2512.348
2504.567
2524.913
2533.677
2533.175
2540.319
2550.278
2551.391
2540.294
2533.149
2553.495
2527.437
2515.998
2511.559
2522.657
2521.824
2520.686
2520.899
2514.477
2494.131
2492.448
2493.28
2481.736
2482.419
2474.663
2475.775
2474.3
2473.601
2482.483
2456.425
2454.949
2443.73
2441.748
2437.937
2426.392
2434.173
2426.258
2423.27
2426.49
2425.593
2422.374
2419.386
2427.301
2422.421
2410.876
2431.222
2428.6
2434.424
2441.129
2447.474
2448.929
2446.971
2444.792
2444.262
2441.19
2431.35
2429.744
2415.387
2409.732
2408.415
2391.02
2378.18
2378.71
2380.027
2381.634
2384.706
2399.063
2404.718
2422.112
2431.952
2444.792
2439.971
2452.811
2463.775
2453.275
2452.235
2439.223
2437.044
2439.223
2434.319
2435.163
2438.608
2451.62
2448.548
2447.449
2444.858
2444.596
2438.894
2436.012
2435.482
2434.027
2438.437
2440.86
2449.565
2466.96
2453.55
2452.665
2453.55
2446.454
2444.03
2448.078
2450.96
2457.032
2458.349
2461.53
2451.03
2459.805
2459.131
2473.488
2458.307
2458.548
2459.982
2462.572
2462.076
2479.857
2478.424
2477.324
2478.168
2478.99
2479.252
2478.153
2481.333
2482.219
2483.153
2479.466
2485.169
2478.663
2489.163
2491.12
2495.942
2505.781
2499.076
2512.486
2509.896
2503.191
2500.01
2492.952
2499.458
2506.163
2505.122
2513.781
2508.878
2516.203
2517.137
2517.193
2512.289
2513.494
2506.988
2510.361
2511.247
2507.873
2508.404
2502.058
2505.512
2506.611
2503.73
2505.188
2544.417
2537.358
2526.057
2505.105
2507.515
2475.045
2477.364
2477.895
2488.795
2488.964
2481.639
2481.849
2507.593
2500.094
2511.179
2532.131
2532.293
2512.193
2486.286
2482.44
2498.592
2499.378
2500.815
2492.26
2493.346
2489.941
2490.18
2507.749
2493.563
2493.354
2506.333
2511.106
2521.75
2520.35
2516.75
2516.538
2508.903
2502.707
2508.056
2507.381
2524.367
2520.237
2517.131
2519.531
2515.931
2520.639
2561.816
2560.951
2566.3
2561.592
2563.959
2566.841
2569.208
2568.549
2572.502
2575.867
2537.561
2530.078
2542.905
2533.764
2535.187
2538.787
2538.531
2530.896
2533.296
2526.943
2523.943
2514.335
2511.453
2500.418
2496.818
2495.744
2501.313
2523.551
2520.515
2511.844
2517.594
2521.773
2521.612
2520.737
2520.57
2526.348
2494.265
2486.855
2479.617
2478.742
2479.617
2487.027
2494.265
2498.11
2504.38
2508.38
2495.523
2489.888
2474.888
2472.493
2479.467
2476.324
2475.213
2466.658
2470.378
2470.637
2468.256
2482.442
2514.526
2523.081
2530.653
2530.708
2526.988
2519.976
2525.563
2529.284
2533.129
2538.879
2556.066
2514.4
2512.697
2510.138
2512.072
2486.635
2506.496
2519.353
2508.083
2501.458
2508.083
2519.353
2525.131
2520.798
2510.423
2501.821
2507.571
2500.597
2513.576
2508.731
2521.71
2501.849
2486.849
2485.409
2483.821
2480.974
2477.254
2476.441
2473.029
2480.267
2472.695
2472.751
2475.965
2476.126
2510.793
2516.57
2526.945
2527.106
2527.365
2534.603
2535.714
2543.286
2539.44
2556.628
2550.358
2567.928
2554.678
2562.404
2560.112
2554.334
2554.126
2556.521
2556.031
2562.301
2560.148
2559.362
2558.439
2566.035
2565.826
2567.243
2567.457
2580.145
2579.332
2574.487
2587.737
2604.925
2604.98
2604.147
2605.734
2599.109
2602.145
2593.544
2597.877
2591.032
2594.175
2632.937
2618.75
2618.08
2618.955
2626.495
2625.825
2624.388
2629.152
2629.938
2630.607
2632.179
2639.905
2641.321
2633.595
2625.869
2620.234
2621.651
2622.762
2617.175
2628.008
2669.675
2656.425
2652.091
2655.008
2654.222
2654.481
2662.076
2654.667
2658
2656.357
2652.714
2652.045
2650.607
2661.56
2654.714
2657.929
2655.534
2647.808
2634.95
2645.903
2659.153
2684.59
2680.745
2684.388
2682.745
2679.709
2664.709
2667.745
2669.162
2649.301
2666.87
2664.717
2685.42
2686.342
2660.905
2661.933
2651.099
2650.266
2649.599
2649.34
2649.83
2657.068
2661.402
2661.64
2665.36
2664.485
2675.652
2688.902
2671.714
2678.726
2678.94
2703.586
2704.52
2705.342
2716.306
2716.547
2719.005
2728.844
2732.531
2725.473
2733.103
2728.874
2718.374
2714.929
2716.246
2708.921
2710.354
2731.306
2730.81
2729.204
2714.023
2713.782
2712.348
2694.954
2692.002
2686.155
2669.808
2669.567
2658.667
2652.847
2652.791
2645.733
2641.685
2640.645
2638.325
2632.622
2618.265
2614.217
2593.265
2584.49
2576.671
2572.779
2566.707
2565.39
2564.265
2551.425
2548.543
2535.531
2528.206
2520.707
2520.651
2518.241
2508.88
2501.821
2499.502
2486.092
2482.406
2476.06
2470.357
2464.012
2454.651
2447.592
2447.351
2446.418
2411.333
2406.512
2402.283
2398.596
2387.696
2383.804
2381.485
2377.437
2364.596
2360.705
2343.31
2343.148
2339.099
2338.256
2336.939
2328.164
2327.064
2323.884
2303.783
2292.883
2286.81
2279.714
2272.656
2254.874
2251.802
2249.623
2246.17
2226.069
2224.636
2213.334
2180.864
2167.729
2166.886
2159.066
2158.181
2151.835
2151.04
2172.992
2170.644
2165.764
2164.292
2160.804
2159.06
2142.514
2140.026
2137.821
2132.858
2124.093
2123.197
2121.571
2114.427
2113.207
2110.22
2110.055
2092.057
2077.524
2074.305
2074.04
2047.982
2032.616
2053.191
2076.342
2072.142
2067.14
2030.74
2019.846
2038.135
2036.98
2036.271
2024.752
2022.315
2038.905
2031.982
2026.153
2015.683
2000.405
1998.696
1995.426
1981.763
1963.253
1962.689
1961.287
1955.27
1961.287
1962.689
1965.958
1967.668
1981.331
1991.801
2010.311
2025.589
2026.153
2023.537
2015.558
2013.09
2005.955
1968.622
1964.615
1988.945
1982.399
1981.513
1978.9
1978.014
1971.469
1969.358
1964.8
1956.716
1956.541
1937.374
1923.348
1917.076
1912.712
1911.803
1909.011
1903.725
1897.422
1896.851
1889.201
1885.227
1880.03
1879.848
1873.576
1870.069
1858.121
1850.472
1849.9
1841.675
1835.372
1833.952
1829.589
1817.294
1807.911
1796.593
1795.472
1794.745
1782.899
1760.018
1755.991
1754.399
1754.136
1735.139
1721.116
1719.235
1709.779
1705.529
1694.783
1691.309
1675.629
1673.491
1682.947
1698.627
1702.101
1706.351
1708.489
1710.371
1721.116
1735.139
1719.459
1700.041
1699.073
1698.175
1687.952
1675.846
1674.531
1673.794
1684.491
1704.536
1701.09
1681.146
1696.961
1677.184
1669.307
1665.471
1661.047
1660.143
1647.175
1626.958
1641.825
1649.554
1650.471
1670.969
1684.117
1683.2
1681.547
1677.207
1664.179
1649.179
1648.929
1636.291
1632.969
1620.191
1615.108
1610.622
1607.635
1597.654
1593.904
1582.561
1604.569
1604.263
1574.168
1572.823
1559.823
1577.153
1596.464
1580.431
1570.887
1565.002
1555.62
1551.502
1508.679
1507.852
1505.911
1504.771
1503.767
1517.137
1506.41
1505.796
1499.01
1495.965
1469.298
1463.235
1462.905
1459.814
1443.667
1431.293
1425.778
1420.46
1413.141
1411.308
1409.479
1395.691
1342.66
1338.569
1342.39
1342.318
1337.61
1329.508
1322.077
1288.047
1283.266
1279.281
1275.453
1274.104
1279.725
1278.495
1298.898
1291.07
1298.847
1295.549
1294.828
1284.861
1305.975
1295.342
1292.826
1310.565
1310.22
1302.059
1293.967
1314.58
1312.943
1312.636
1301.478
1322.594
1287.441
1283.732
1273.914
1271.489
1275.299
1271.735
1269.71
1259.957
1263.522
1273.522
1277.299
1279.324
1281.793
1291.546
1311.282
1315.453
1298.382
1311.171
1335.44
1329.312
1326.126
1324.337
1319.16
1340.143
1305.363
1326.167
1319.789
1319.694
1319.25
1316.529
1293.815
1290.023
1303.895
1302.246
1328.527
1328.426
1325.15
1293.067
1268.333
1220.85
1160.961
1186.068
1175.038
1187.574
1184.473
1173.558
1148.773
1142.843
1150.609
1148.006
1119.633
1145.868
1138.421
1158.838
1170.571
1197.215
1199.948
1236.042
1265.833
1269.167
1275.542
1276.642
1260.417
1289.684
1307.623
1300.912
1271.623
1280.64
1263.523
1238.928
1223.095
1214.365
1230.808
1255.945
1255.374
1252.907
1249.507
1259.536
1262.936
1280.719
1289.948
1292.414
1309.152
1305.752
1327.789
1339.338
1356.202
1384.889
1303.222
1281.444
1269.354
1254.688
1235.237
1216.237
1253.099
1272.712
1275.083
1295.161
1290.903
1315.933
1297.933
1279.383
1297.933
1315.933
1284.378
1282.044
1309.598
1342.241
1344.655
1361.31
1359.793
1318.701
1314.103
1305.31
1289.126
1252.376
1248.606
1198.822
1212.47
1217.232
1246.399
1223.78
1209.488
1211.06
1190.024
1173.119
1111.012
1147.688
1151.738
1195.873
1213.256
1222.701
1262.173
1301.519
1306.787
1311.259
1333.074
1347.895
1371.352
1380.21
1444.617
1462.148
1442.642
1493.551
1485.859
1485.679
1461.74
1434.099
1458.038
1465.731
1470.308
1470.487
1498.128
1518.385
1472.551
1454.5
1413.51
1409.304
1407.927
1406.167
1400.833
1368.167
1357.967
1320.1
1297.84
1335.707
1357.967
1336.367
1315.3
1307.6
1303.227
1297.893
1289.733
1247.103
1252.437
1260.137
1264.51
1285.577
1307.177
1349.807
1357.967
1355.027
1330.13
1305.81
1268.29
1182.82
1157.38
1202.375
1190.431
1186.628
1233.047
1260.699
1264.069
1304.851
1397.754
1402.928
1415.391
1419.359
1413.141
1406.076
1374.83
1360.786
1308.975
1320.03
1344
1331.429
1339.167
1315.417
1363.86
1370.36
1403.027
1457.193
1469.193
1483.875
1458.58
1434.034
1459.33
1483.875
1483.239
1466.602
1463.261
1532.083
1527.321
1524.643
1598.817
1672.377
1664.851
1615.026
1585.737
1615.026
1664.851
1660.307
1641.833
1624.833
1594
1675.944
1641.366
1585.811
1602.811
1621.285
1654.044
1660.307
1664.851
1660.772
1644.667
1729.963
1703.667
1584.958
1659.809
1718.63
1710.005
1697.974
1691.141
1624.531
1616.198
1603.448
1569.698
1536.781
1570.531
1637.141
1643.974
1656.724
1665.057
1697.974
1710.005
1679.818
1675.443
1616.276
1620.651
1679.818
1710.005
1650.839
1616.057
1650.839
1710.005
1676.255
1641.474
1709.615
1776.224
1791.536
1724.328
1766.828
1802.593
1961.123
2015.24
2030.24
2085.926
2133.966
2149.495
2154.054
2172.436
2191.436
2199.554
2206.672
2218.436
2230.436
2250.201
2254.76
2140.671
2143.782
2047.952
2085.776
2102.224
2123.645
2150.171
2180.434
2256.421
2217.392
2248.513
2277.963
2284.563
2288.438
2320.888
2340.896
2346.846
2400.846
2405.846
2407.904
2323.401
2353.687
2394.701
2415.367
2430.049
2430.686
2452.64
2462.413
2464.97
2506.788
2511.758
2587.591
2593.864
2598.011
2604.511
2616.102
2666.693
2678.284
2692.966
2718.261
2730.534
2765.852
2766.489
2766.701
2767.314
2781.519
2784.076
2787.417
2807.79
2810.659
2825.92
2853.572
2744.882
2747.799
2745.687
2763.873
2766.973
2795.873
2800.713
2819.487
2823.22
2823.76
2842.693
2868.213
2861.551
2903.09
2925.744
2936.769
2970.288
2991.058
3002.083
3009.929
3025.321
3036.321
3047.321
3066.705
3074.551
3110.628
3214.282
3116.932
3126.71
3160.414
3207.08
3216.154
3234.13
3254.741
3264.519
3285.815
3286.463
3289.92
3330.299
3352.818
3240.259
3254.551
3255.327
3255.81
3281.613
3307.625
3356.08
3359.652
3256.422
3250.819
3214.069
3172.977
3161.839
3156.908
3147.805
3123.023
3094.862
3103.966
3132.126
3168.876
3074.014
3079.431
3103.386
3143.108
3147.875
3178.033
3182.433
3166.71
3175.742
3176.323
3214.763
3262.371
3266.823
3270.661
3290.274
3292.124
3297.957
3306.473
3227.427
3229.615
3151.02
3160.293
3193.331
3220.747
3231.778
3235.444
3238.475
3242.141
3244.49
3246.227
3250.409
3261.5
3263.568
3285.462
3296.098
3299.129
3321.023
3265.809
3274.24
3277.792
3292.066
3232.055
3159.868
3177.535
3177.924
3179.516
3177.683
3151.387
3110.391
3094.933
3100.905
3110.655
3117.461
3111.908
3122.908
3130.475
3136.939
3145.209
3166.209
3175.696
3108.792
3137.482
3162.167
3170.39
3109.021
3132.355
3134.694
3132.707
3147.81
3098.906
3085.74
3085.623
3067.656
3062.656
3059.681
3044.121
3059.681
3077.648
3077.765
3090.931
3093.906
3098.906
3106.981
3118.815
3142.265
3172.056
3203.556
3180.556
3268.056
3271.075
3300.867
3303.2
3276.556
3278.306
3281.881
3291.031
3293.313
3296.288
3298.446
3318.863
3362.338
3367.713
3374.713
3378.046
3311.102
3315.98
3319.943
3293.602
3290.699
3278.407
3300.474
3273.882
3198.313
3202.619
3157.442
3158.465
3172.605
3180.419
3193.36
3214.523
3214.837
3277.512
3288.798
3218.625
3224.42
3225.42
3231.216
3252.534
3267.034
3274.375
3271.625
3272.898
3228.167
3234.389
3271.463
3291.685
3369.463
3369.907
3373.519
3401.519
3396.074
3402.43
3402.874
3407.344
3416.389
3420.667
3429.559
3431.026
3358.612
3374.319
3368.58
3370.457
3377.109
3375.674
3376.897
3378.143
3388.643
3387.42
3388.638
3396.268
3395.975
3398.351
3392.808
3398.547
3418.216
3421.085
3431.375
3436.049
3438.679
3454.303
3440.194
3452.998
3424.993
3435.716
3438.759
3391.944
3334.456
3331.537
3340.816
3370.281
3319.208
3320.608
3335.175
3347.895
3353.295
3355.162
3343.002
3358.542
3305.198
3263.04
3259.117
3277.322
3318.413
3329.74
3330.587
3344.481
3361.24
3361.5
3368.5
3389.904
3343.805
3331.805
3346.465
3337.352
3325.608
3325.939
3337.052
3337.429
3332.618
3327.807
3288.248
3260.918
3293.122
3291.687
3271.687
3282.335
3273.915
3279.1
3281.304
3286.6
3238.359
3221.909
3248.742
3232.015
3245.152
3251.806
3252.17
3250.473
3250.727
3255.636
3264.8
3269.6
3269.205
3271.368
3264.092
3256.692
3259.647
3242.435
3232.317
3235.605
3240.059
3243.968
3264.205
3288.873
3291.068
3302.868
3303.186
3303.432
3259.025
3270.335
3280.272
3299.304
3247.316
3253.474
3257.724
3257.483
3270.879
3272.086
3277.655
3274.187
3234.027
3234.256
3230.866
3237.648
3242.945
3243.25
3244.564
3238.869
3254.462
3249.987
3254.14
3244.157
3245.11
3196.625
3187.042
3211.639
3169.372
3174.667
3164.699
3182.171
3182.247
3190.51
3169.854
3181.698
3182.969
3193.428
3197.608
3189.914
3191.706
3192.624
3183.501
3187.422
3188.541
3182.787
3185.131
3188.656
3189.331
3188.391
3144.21
3138.915
3147.178
3147.254
3103.074
3117.906
3115.643
3125.611
3131.578
3138.138
3147.261
3135.321
3133.682
3157.876
3175.347
3190.724
3200.691
3210.117
3211.265
3233.507
3205.157
3185.937
3201.206
3202.27
3209.603
3214.813
3206.562
3220.396
3210.3
3198.832
3203.959
3213.086
3220.79
3225.234
3229.282
3231.472
3231.817
3194.081
3154.685
3159.392
3171.956
3167.556
3171.967
3173.797
3175.336
3179.736
3189.521
3187.69
3188.572
3196.003
3182.595
3161.722
3166.891
3164.768
3152.204
3160.306
3174.871
3172.819
3156.046
3154.854
3156.046
3165.108
3179.262
3192.669
3199.89
3204.859
3195.115
3200.085
3199.451
3203.221
3210.687
3205.718
3195.974
3204.077
3203
3201.95
3206.466
3220.174
3215.831
3219.694
3219.422
3245.77
3234.823
3248.532
3243.797
3254.744
3260.807
3265.542
3269.885
3265.542
3265.33
3281.693
3281.958
3280.576
3284.909
3273.136
3263.5
3267.843
3260.955
3264.212
3264.515
3272.697
3271.182
3271.511
3265.966
3269.83
3280.718
3281.048
3279.74
3277.937
3272.619
3267.725
3258.848
3249.418
3246.37
3252.537
3248.193
3257.069
3259.236
3266.125
3240.847
3231.014
3234.726
3260.004
3261.519
3272.466
3276.09
3280.423
3278.593
3268.997
3265.907
3274.619
3274.948
3276.362
3292.726
3293.76
3284.836
3282.816
3274.634
3272.977
3256.83
3248.85
3245.933
3242.842
3244.499
3252.681
3260.66
3263.751
3265.771
3268.688
3284.836
3287.298
3285.783
3286.817
3282.181
3285.229
3275.562
3274.388
3270.388
3252.332
3211.499
3215.805
3215.603
3240.504
3239.668
3231.086
3240.376
3222.59
3222.791
3220.731
3216.552
3230.284
3234.851
3230.187
3230.801
3232.163
3234.223
3247.726
3247.525
3229.739
3230.396
3221.813
3220.007
3167.769
3165.709
3181.828
3140.419
3142.199
3136.314
3132.108
3126.123
3130.328
3109.097
3108.803
3122.332
3122.979
3124.907
3125.719
3133.545
3127.745
3111.944
3110.191
3116.089
3129.423
3136.012
3135.056
3123.795
3115.461
3111.027
3111.28
3132.669
3121.408
3120.577
3117.027
3113.476
3120.51
3151.477
3149.564
3154.57
3157.32
3161.092
3184.925
3195.192
3194.192
3205.858
3195.537
3192.68
3188.065
3187.873
3192.244
3201.358
3222.442
3213.394
3211.965
3205.032
3174.507
3175.74
3180.969
3187.902
3187.099
3185.37
3198.77
3215.794
3207.108
3231.951
3236.046
3229.285
3228.481
3226.16
3179.645
3135.897
3138.714
3134.77
3142.376
3148.012
3150.3
3153.174
3135.427
3143.265
3148.901
3157.465
3147.343
3155.181
3158.014
3171.347
3171.101
3169.692
3156.876
3159.749
3158.957
3171.914
3182.173
3180.496
3163.712
3153.536
3132.75
3128.947
3127.088
3123.496
3126.37
3139.187
3121.44
3151.535
3150.746
3155.479
3159.07
3164.014
3162
3162.254
3148.92
3144.519
3147.547
3142.42
3126.744
3147.531
3124.033
3144.819
3142.272
3148.883
3143.939
3135.84
3134.749
3138.2
3133.65
3090.924
3090.313
3092.569
3141.181
3138.924
3143.264
3142.188
3137.313
3141.063
3128.497
3121.497
3121.691
3120.172
3132.738
3128.85
3127.553
3123.067
3121.8
3126.286
3128.203
3120.473
3083.043
3037.821
3033.48
3028.994
3042.022
3046.508
3053.216
3066.244
3072.953
3087.755
3089.671
3082.671
3097.473
3121.626
3127.279
3128.956
3116.317
3124.498
3120.748
3118.762
3117.789
3117.984
3110.984
3104.243
3103.271
3099.949
3091.116
3086.63
3086.88
3092.438
3093.637
3097.525
3098.303
3090.803
3088.009
3082.356
3079.523
3084.606
3085.178
3085.456
3080.789
3079.841
3091.184
3093.442
3080.839
3088.908
3091.134
3105.928
3110.942
3100.298
3091.558
3128.476
3129.974
3124.096
3134.596
3129.188
3133.411
3130.506
3110.995
3112.043
3159.34
3154.597
3157.315
3173.419
3172.863
3174.471
3183.029
3201.364
3191.6
3196.546
3186.046
3187.093
3190.958
3198.479
3185.803
3204.137
3202.506
3194.289
3174.346
3175.268
3183.227
3182.934
3222.285
3230.055
3228.889
3225.578
3226.625
3250.125
3256.467
3232.967
3225.85
3224.218
3230.363
3210.852
3207.069
3200.672
3203.983
3219.024
3207.247
3199.03
3191.114
3191.303
3191.539
3179.313
3175.448
3170.502
3173.813
3169.07
3165.759
3148.732
3148.669
3151.574
3143.016
3142.259
3146.043
3138.083
3131.273
3123.752
3115.836
3112.93
3097.89
3101.122
3113.554
3123.266
3129.662
3138.432
3140.064
3137.62
3133.398
3131.92
3123.361
3140.389
3133.578
3132.53
3155.075
3154.839
3169.88
3173.19
3172.434
3162.67
3161.677
3161.614
3149.387
3162.18
3180.515
3189.109
3178.609
3142.19
3138.744
3151.42
3160.19
3163.422
3178.017
3177.422
3173.976
3188.571
3152.152
3144.193
3141.997
3154.789
3158.235
3129.36
3133.144
3139.541
3143.676
3135.081
3135.318
3135.024
3124.524
3124.341
3113.305
3098.572
3106.092
3106.852
3119.528
3115.961
3109.402
3112.97
3106.411
3153.708
3150.262
3162.938
3163.494
3149.092
3148.822
3136.525
3139.227
3138.282
3131.164
3137.975
3129.354
3132.921
3137.286
3145.881
3137.322
3136.547
3141.466
3129.24
3124.699
3116.078
3076.726
3095.061
3094.878
3098.189
3099.821
3100.581
3108.992
3096.316
3092.452
3091.857
3087.722
3064.222
3035.347
3033.151
3030.245
3017.453
3040.953
3042.214
3050.173
3030.23
3028.878
3028.584
3026.141
3024.88
3024.285
3027.517
3024.206
3017.648
2997.704
2985.477
2980.07
2976.759
2971.813
2963.218
2961.583
2951.741
2963.967
2962.332
2968.476
2964.909
2948.805
2950.283
2950.093
2965.134
2955.37
2946.812
2959.605
2962.307
2952.596
2941.56
2942.32
2941.059
2947.869
2949.477
2959.32
2979.264
2977.655
2985.615
2987.25
2995.02
2994.128
2998.493
2999.66
3000.921
3001.843
2993.627
2992.852
2992.559
2988.775
2987.423
2993.982
2994.742
3009.144
2972.725
2974.59
2974.32
2975.955
2973.05
2977.185
2994.212
3001.732
3000.499
3001.259
3002.52
3004.385
2994.673
2999.214
2992.687
2988.813
2986.948
2986.766
2987.999
2988.756
2986.823
2995.234
2982.559
2979.957
2994.359
2989.819
3009.329
3013.552
3015.16
3018.392
3019.149
3020.315
3026.712
3045.046
3039.546
3039.84
3031.07
3038.367
3085.664
3109.164
3106.259
3108.86
3096.185
3102.712
3108.212
3107.455
3095.158
3095.394
3088.097
3059.222
3051.262
3059.479
3069.979
3074.898
3084.661
3088.229
3083.688
3096.364
3119.864
3123.31
3120.591
3108.365
3118.865
3098.921
3094.002
3091.097
3071.153
3078.45
3079.211
3031.913
3019.616
3019.373
3020.539
3017.783
3015.85
3024.445
3011.769
3010.994
3005.587
3013.803
2999.208
3004.127
3005.389
2997.618
2974.118
2975.75
2994.084
2981.858
2981.264
2980.002
3008.877
3000.918
3009.512
3004.769
3019.364
3014.999
2997.972
2995.776
2994.168
2994.35
3004.85
3013.409
3006.882
2999.361
2999.091
3002.956
2991.92
2991.731
2982.019
2982.965
2982.722
2935.425
2934.377
2938.742
2936.039
2932.175
2928.391
2915.715
2918.472
2920.337
2919.58
2928.139
2918.375
2922.024
2929.794
2920.03
2923.476
2946.976
2975.851
2977.716
2984.275
2985.322
2984.155
2971.723
2986.764
2986.493
2979.935
2989.646
2994.565
2997.797
3010.23
3011.581
3012.473
2988.973
2965.92
2969.109
2981.172
2985.652
2986.532
2972.132
2959.51
2958.53
2955.263
2916.437
2898.347
2894.947
2894.037
2890.848
2884.786
2883.876
2860.689
2862.467
2854.613
2860.676
2855.796
2854.186
2863.768
2817.101
2808.657
2802.346
2803.11
2797.774
2792.439
2792.377
2789.694
2824.161
2814.398
2837.898
2832.49
2834.422
2828.026
2836.437
2828.667
2813.626
2813.689
2801.912
2814.209
2832.544
2842.386
2840.602
2840.366
2828.14
2839.176
2859.119
2851.16
2843.64
2846.342
2839.815
2847.775
2842.856
2844.089
2829.494
2826.048
2829.913
2833.359
2834.62
2823.584
2828.328
2835.848
2823.055
2822.295
2816.887
2812.664
2813.439
2797.336
2801.2
2797.633
2802.552
2826.052
2848.597
2812.178
2810.7
2793.673
2787.146
2772.744
2773.911
2783.675
2784.449
2788.99
2785.758
2792.1
2793.333
2796.052
2792.484
2780.052
2795.092
2775.149
2738.73
2735.081
2731.216
2732.824
2729.919
2740.419
2732.459
2697.007
2698.34
2683.94
2683.391
2682.358
2668.148
2668.697
2656.633
2648.334
2648.094
2645.412
2649.892
2646.079
2647.689
2601.022
2636.956
2628.476
2628.242
2637.953
2639.198
2641.364
2625.476
2620.049
2619.862
2621.64
2620.876
2643.5
2648.908
2642.764
2638.399
2650.831
2649.664
2637.887
2646.129
2633.507
2633.569
2586.902
2583.169
2578.862
2583.716
2612.206
2615.472
2618.139
2605.872
2610.179
2612.846
2632.096
2637.522
2646.176
2635.287
2615.609
2603.342
2613.702
2622.356
2618.756
2618.569
2618.859
2612.139
2613.356
2619.613
2620.523
2622.934
2615.734
2623.841
2638.051
2619.961
2628.068
2626.481
2665.308
2668.908
2654.068
2651.201
2655.508
2670.044
2665.738
2665.978
2668.698
2660.218
2650.584
2632.494
2635.894
2639.294
2642.561
2642.748
2647.628
2649.238
2652.638
2651.704
2650.371
2649.22
2646.553
2651.407
2659.706
2661.466
2659.856
2660.602
2662.06
2655.589
2656.569
2662.631
2687.577
2687.283
2674.49
2670.355
2671.99
2675.855
2680.801
2684.111
2661.566
2614.269
2609.323
2623.725
2617.581
2614.349
2615.981
2625.744
2628.188
2624.323
2636.1
2613.555
2633.065
2632.143
2622.301
2628.697
2620.481
2632.778
2624.157
2580.157
2576.711
2562.309
2561.752
2557.617
2565.387
2569.261
2569.498
2573.282
2581.903
2567.309
2581.903
2601.413
2602.188
2601.632
2612.668
2617.033
2620.343
2622.539
2624.472
2621.24
2627.798
2651.298
2647.075
2649.519
2651.154
2652.321
2659.132
2667.543
2668.536
2621.239
2611.396
2607.523
2616.144
2612.833
2608.698
2602.554
2594.784
2590.419
2598.336
2604.732
2606.597
2604.732
2604.55
2606.414
2618.191
2621.423
2665.423
2664.376
2664.646
2665.407
2665.17
2661.035
2657.161
2644.485
2636.526
2628.566
2636.483
2638.679
2594.679
2592.078
2581.578
2585.943
2582.078
2588.636
2595.195
2571.695
2572.455
2559.779
2562.381
2563.155
2539.655
2546.214
2538.255
2533.336
2541.957
2542.903
2541.038
2547.182
2547.476
2551.044
2562.08
2565.729
2558.208
2550.911
2553.355
2564.391
2568.175
2570.039
2575.447
2561.045
2557.171
2549.651
2543.309
2548.227
2566.562
2578.994
2579.057
2586.578
2588.51
2589.432
2589.196
2589.007
2580.791
2589.412
2583.268
2572.768
2587.809
2579.25
2579.439
2556.894
2557.941
2550.421
2549.499
2542.202
2559.229
2555.997
2562.141
2558.83
2549.066
2552.377
2548.012
2547.252
2548.884
2540.925
2543.12
2538.202
2536.94
2543.467
2551.384
2554.83
2553.198
2549.333
2532.306
2485.009
2489.232
2487.624
2474.948
2470.002
2461.591
2443.257
2452.027
2450.419
2446.054
2447.287
2399.99
2403.436
2399.213
2379.269
2382.175
2379.456
2379.186
2383.929
2388.294
2388.057
2390.963
2375.922
2386.422
2357.547
2366.106
2375.869
2374.636
2370.096
2369.339
2373.474
2377.839
2378.599
2379.545
2383.113
2386.896
2386.136
2395.9
2400.123
2390.28
2389.506
2369.562
2372.319
2349.774
2364.507
2364.777
2363.426
2372.02
2372.209
2370.345
2367.588
2367.858
2370.577
2373.887
2375.671
2379.536
2369.773
2361.214
2357.768
2352.268
2349.565
2353.349
2350.038
2359.75
2363.624
2352.588
2342.745
2346.191
2347.358
2334.926
2382.223
2359.678
2360.939
2359.773
2367.732
2366.565
2367.917
2368.106
2331.687
2334.288
2344
2320.5
2317.189
2310.847
2311.739
2318.081
2294.581
2299.5
2292.689
2289.378
2307.713
2302.767
2304.402
2307.159
2309.602
2307.407
2351.407
2390.758
2385.258
2390.666
2392.301
2390.669
2390.963
2388.057
2406.392
2418.824
2433.865
2427.523
2409.188
2421.864
2418.08
2418.855
2410.639
2406.99
2396.49
2391.747
2390.514
2390.703
2394.838
2391.392
2397.734
2410.167
2407.41
2399.64
2394.694
2390.329
2387.572
2394.131
2401.248
2402.023
2399.304
2402.209
2383.875
2391.172
2389.911
2388.109
2379.698
2384.644
2379.236
2374.318
2376.119
2383.64
2381.038
2379.805
2373.409
2373.703
2353.759
2351.975
2339.543
2340.59
2322.256
2318.688
2314.148
2313.202
2306.675
2293.882
2300.409
2313.202
2314.148
2310.702
2301.931
2307.339
2311.704
2309.508
2323.91
2315.315
2322.432
2313.662
2305.104
2300.158
2298.526
2298.796
2306.713
2299.193
2282.166
2293.202
2289.337
2280.715
2287.242
2286.195
2293.965
2301.485
2299.85
2298.617
2297.671
2296.32
2283.527
2279.392
2271.872
2259.196
2246.403
2242.619
2254.917
2240.322
2237.011
2238.005
2239.64
2240.562
2243.006
2247.546
2231.443
2235.226
2226.605
2224.997
2205.486
2206.378
2215
2215.946
2211.027
2209.395
2228.905
2229.662
2228.185
2248.128
2224.628
2222.993
2214.582
2213.822
2215.687
2228.363
2229.356
2239.856
2239.793
2233.266
2228.901
2243.303
2228.901
2236.018
2232.572
2229.126
2224.207
2213.707
2250.126
2251.991
2253.342
2229.842
2226.194
2211.153
2211.336
2207.113
2207.295
2214.592
2217.498
2225.457
2237.684
2246.305
2245.548
2216.673
2221.417
2225.782
2224.304
2215.709
2230.111
2223.769
2230.166
2237.936
2242.882
2243.774
2236.476
2240.611
2241.659
2251.501
2252.258
2255.569
2256.562
2233.062
2231.895
2246.49
2236.778
2235.545
2227.329
2183.329
2172.293
2153.958
2134.448
2141.968
2129.293
2129.482
2129.245
2114.651
2112.849
2113.405
2113.468
2098.428
2074.928
2046.053
2037.642
2037.579
2046.349
2056.191
2054.327
2062.738
2048.005
2067.364
2067.951
2067.402
2064.991
2065.756
2053.692
2072.942
2060.879
2058.159
2061.426
2064.108
2056.688
2057.932
2058.166
2086.656
2080.398
2085.824
2067.734
2065.568
2067.154
2066.404
2060.342
2061.322
2061.509
2053.21
2063.57
2080.37
2077.503
2069.692
2075.95
2078.617
2084.874
2088.474
2098.834
2122.021
2116.686
2119.952
2126.263
2122.097
2113.59
2119.848
2124.528
2123.778
2126.498
2126.56
2134.413
2136
2121.16
2122.093
2126.947
2120.636
2116.329
2112.929
2117.609
2127.191
2112.981
2127.821
2131.421
2128.154
2126.541
2124.701
2126.288
2125.538
2117.684
2119.271
2147.761
2137.401
2130.93
2132.69
2124.037
2122.45
2132.161
2130.548
2124.077
2114.443
2115.901
2117.661
2140.848
2139.008
2134.154
2129.674
2128.523
2129.288
2130.504
2137.224
2136.314
2124.181
2116.074
2115.808
2119.208
2120.118
2114.056
2129.081
2122.853
2120.715
2137.294
2145.044
2147.728
2146.139
2149.286
2149.102
2156.424
2155.196
2158.67
2170.644
2172.459
2177.815
2167.591
2172.856
2171.837
2169.955
2155.31
2153.429
2156.784
2155.556
2153.418
2152.663
2148.045
2144.273
2140.023
2136.549
2143.479
2139.795
2127.453
2132.071
2156.979
2158.739
2144.529
2147.396
2183.329
2182.296
2183.447
2174.793
2168.322
2168.909
2169.789
2177.456
2184.876
2182.156
2198.044
2199.078
2193.651
2193.464
2189.158
2191.84
2184.173
2190.893
2186.04
2190.207
2186.94
2185.1
2170.89
2169.91
2165.43
2175.79
2183.601
2187.908
2190.074
2180.441
2161.191
2157.924
2150.724
2159.023
2182.21
2201.888
2198.074
2200.741
2199.524
2195.791
2181.391
2181.204
2185.284
2191.724
2200.378
2197.189
2205.696
2206.46
2196.878
2197.427
2194.238
2202.744
2159.331
2176.131
2132.718
2124.907
2122.34
2129.54
2172.953
2173.7
2161.193
2207.86
2206.616
2205.851
2206.831
2219.453
2235.342
2220.502
2228.169
2224.769
2226.356
2225.204
2236.824
2249.331
2263.731
2258.851
2262.04
2262.804
2259.284
2249.702
2256.422
2254.011
2247.949
2256.056
2258.222
2266.329
2267.079
2279.142
2283.449
2283.387
2293.747
2312.997
2308.69
2307.757
2305.074
2306.981
2302.501
2308.972
2318.554
2324.812
2328.332
2339.221
2343.301
2342.537
2352.897
2348.59
2346.75
2345.599
2350.079
2330.829
2329.584
2317.318
2353.251
2353.8
2353.533
2355.7
2364.353
2360.531
2356.364
2353.698
2382.188
2381.948
2388.01
2389.62
2381.113
2408.345
2407.351
2392.949
2397.314
2414.341
2405.783
2406.557
2403.247
2407.611
2407.794
2405.929
2410.848
2404.452
2408.316
2409.091
2423.824
2387.405
2388.351
2386.486
2379.928
2381.73
2380.838
2384.284
2374.52
2369.113
2381.339
2381.582
2380.825
2376.082
2352.582
2352.4
2337.998
2352.4
2355.118
2354.343
2357.046
2354.602
2393.954
2388.546
2384.762
2387.994
2384.762
2389.127
2391.729
2384.918
2428.918
2441.144
2437.009
2437.769
2434.537
2433.276
2420.843
2415.898
2424.309
2446.854
2456.617
2466.329
2466.059
2480.653
2475.734
2495.244
2492.801
2512.311
2504.541
2514.304
2512.672
2511.898
2511.006
2509.37
2518.141
2532.874
2530.273
2531.029
2535.252
2529.108
2525.243
2514.743
2507.223
2507.412
2507.118
2506.226
2497.632
2512.034
2514.635
2523.257
2483.905
2482.554
2474.637
2521.935
2519.029
2525.372
2529.236
2533.459
2531.016
2536.516
2531.773
2519.34
2520.387
2520.57
2527.381
2521.236
2520.462
2520.732
2528.502
2515.827
2520.191
2545.975
2549.893
2551.55
2557.779
2551.295
2544.646
2546.473
2548.13
2547.345
2554.249
2554.313
2556.79
2558.068
2556.699
2544.76
2551.975
2547.55
2534.947
2542.824
2532.847
2530.957
2529.326
2538.039
2534.683
2542.08
2556.874
2550.445
2537.979
2533.171
2525.295
2523.404
2546.258
2529.934
2542.4
2542.584
2551.297
2557.913
2566.626
2566.328
2565.321
2565.385
2602.303
2592.325
2577.079
2577.846
2577.782
2577.59
2574.097
2568.522
2560.497
2556.798
2557.096
2566.993
2584.253
2584.189
2594.833
2592.039
2593.865
2603.763
2618.557
2620.211
2660.102
2659.538
2662.894
2631.449
2649.784
2648.306
2645.604
2649.171
2639.459
2635.095
2638.541
2637.78
2638.703
2618.759
2627.354
2637.854
2645.624
2648.529
2645.083
2642.178
2631.142
2638.662
2634.797
2636.599
2629.482
2628.887
2635.698
2632.995
2620.563
2627.68
2664.099
2659.559
2661.342
2659.541
2672.333
2663.712
2662.08
2674.306
2692.641
2684.681
2684.87
2691.988
2695.852
2677.518
2663.116
2661.314
2658.713
2651.416
2644.298
2642.821
2640.064
2647.181
2649.783
2652.539
2654.017
2668.419
2675.716
2677.518
2677.329
2677.392
2677.986
2687.829
2687.592
2688.515
2694.911
2688.352
2689.614
2692.215
2684.445
2704.389
2694.546
2697.857
2713.961
2726.393
2725.132
2724.139
2716.841
2724.801
2728.033
2727.276
2716.776
2714.332
2712.467
2695.44
2691.305
2687.859
2686.937
2688.802
2692.45
2693.007
2710.034
2711.081
2711.27
2710.976
2693.949
2695.116
2676.782
2667.07
2692.418
2680.479
2697.74
2706.479
2706.295
2708.253
2707.483
2701.054
2692.163
2715.985
2724.054
2726.531
2731.339
2743.805
2743.869
2740.252
2743.047
2734.156
2733.971
2729.78
2729.54
2753.362
2745.739
2744.732
2734.887
2754.664
2781.581
2777.095
2775.418
2805.095
2829.248
2824.762
2812.196
2811.119
2823.758
2828.814
2840.918
2825.918
2818.603
2818.846
2820.679
2821.457
2827.772
2826.751
2824.918
2807.418
2806.622
2810.594
2815.649
2822.223
2827.307
2829.564
2829.369
2830.341
2825.258
2835.24
2830.99
2818.351
2816.67
2804.104
2801.31
2805.199
2803.932
2797.223
2801.89
2787.088
2791.06
2799.921
2784.779
2786.432
2777.571
2785.071
2822.501
2798.348
2803.015
2765.584
2768.258
2771.58
2772.376
2768.973
2769.251
2764.376
2762.119
2761.203
2809.814
2813.355
2783.492
2795.43
2797.257
2784.289
2804.116
2795.282
2765.605
2761.624
2760.356
2747.329
2745.676
2744.6
2745.516
2754.161
2764.196
2779.654
2779.897
2781.578
2757.425
2758.341
2757.77
2764.595
2784.372
2779.386
2778.619
2777.684
2776.725
2789.693
2791.35
2789.542
2798.282
2791.853
2795.346
2755.455
2753.229
2743.385
2727.061
2712.461
2708.845
2735.125
2730.639
2728.653
2716.014
2711.139
2713.396
2712.424
2728.975
2730.961
2745.763
2744.686
2739.631
2756.182
2759.848
2769.83
2772.624
2809.661
2850.675
2855.224
2858.816
2865.914
2886.249
2897.751
2891.085
2853.127
2803.831
2797.221
2790.122
2790.369
2791.298
2773.552
2790.336
2789.716
2792.263
2789.974
2790.594
2796.23
2802.634
2803.441
2800.073
2801.358
2803.217
2782.883
2783.869
2783.678
2783.744
2790.843
2792.059
2790.383
2792.326
2807.682
2812.809
2808.781
2804.752
2809.062
2788.276
2794.942
2786.647
2791.196
2791.386
2787.442
2794.109
2806.852
2815.993
2820.725
2820.444
2816.993
2809.155
2805.352
2811.756
2812.062
2806.33
2807.259
2796.316
2801.259
2811.435
2816.562
2815.77
2822.437
2820.148
2815.599
2832.383
2832.689
2862.784
2856.117
2856.183
2867.685
2858.919
2860.327
2864.365
2857.562
2857.759
2864.595
2815.299
2824.44
2817.342
2819.018
2817.004
2808.708
2809.799
2802.194
2756.335
2760.278
2759.972
2772.715
2772.135
2765.525
2767.229
2797.324
2795.62
2804.386
2807.414
2761.555
2760.569
2785.062
2804.171
2799.045
2800.904
2788.161
2789.569
2790.854
2791.045
2836.904
2835.974
2834.273
2821.999
2830.985
2831.604
2833.305
2833.587
2841.005
2834.394
2830.451
2823.033
2838.043
2835.015
2836.716
2839.744
2816.246
2815.261
2806.275
2791.264
2798.87
2791.452
2792.438
2795.311
2787.473
2780.637
2777.269
2795.015
2801.818
2817.174
2816.385
2797.276
2788.318
2789.11
2783.474
2787.502
2789.446
2794.178
2818.671
2812.061
2819.479
2803.803
2793.681
2794.3
2794.607
2809.617
2809.924
2818.881
2817.846
2821.215
2816.665
2816.412
2804.91
2813.161
2819.964
2836.748
2837.793
2834.251
2835.223
2830.883
2830.087
2838.92
2837.003
2822.003
2817.337
2820.115
2820.358
2820.635
2817.802
2827.147
2847.364
2828.779
2822.55
2819.605
2838.191
2838.437
2809.167
2807.537
2800.92
2800.728
2792.66
2789.715
2785.29
2789.715
2809.932
2811.311
2810.05
2802.932
2801.131
2798.428
2797.381
2808.417
2808.711
2815.269
2817.134
2813.485
2819.386
2815.786
2810.45
2822.957
2819.437
2816.17
2796.92
2805.364
2796.884
2764.504
2767.037
2768.774
2761.066
2770.649
2784.86
2761.978
2765.202
2808.044
2799.854
2799.677
2812.019
2826.042
2832.217
2831.25
2831.792
2833.107
2833.976
2821.634
2825.318
2825.581
2822.226
2813.686
2811.002
2849.318
2846.785
2846.969
2837.463
2835.325
2838.154
2833.904
2843.487
2843.548
2841.956
2839.577
2836.103
2837.695
2838.593
2828.37
2840.274
2830.768
2837.123
2844.053
2846.7
2842.45
2846.7
2846.638
2852.866
2853.152
2862.659
2861.093
2883.975
2888.791
2889.332
2879.749
2879.009
2877.57
2886.11
2879.724
2907.839
2872.378
2875.525
2875.295
2880.084
2887.014
2868.018
2868.754
2883.399
2876.077
2877.831
2876.695
2864.721
2857.399
2861.083
2869.452
2873.702
2872.804
2850.852
2849.954
2860.178
2859.993
2837.112
2836.092
2832.868
2834.457
2829.102
2800.987
2778.105
2778.86
2764.649
2772.357
2774.89
2775.075
2782.783
2780.136
2776.024
2767.485
2767.221
2765.485
2751.139
2752.705
2759.091
2765.266
2746.27
2746.208
2743.561
2747.673
2750.897
2754.121
2711.279
2708.647
2694.624
2699.413
2703.098
2719.677
2688.72
2681.88
2681.023
2684.659
2665.909
2668.258
2713.712
2706.485
2707.697
2699.801
2698.087
2686.139
2684.424
2646.606
2601.152
2598.502
2603.788
2607.983
2599.723
2604.476
2613.935
2610.221
2610.045
2604.141
2610.686
2622.981
2625.593
2633.853
2634.424
2646.242
2647.957
2654.104
2664.195
2664.925
2664.068
2636.318
2655.485
2653.374
2645.725
2655.108
2652.511
2607.056
2605.325
2619.351
2615.636
2620.195
2621.909
2619.409
2607.115
2607.972
2609.703
2603.556
2584.806
2593.031
2586.884
2579.871
2594.03
2593.286
2589.091
2579
2581.5
2580.755
2580.011
2578.279
2575.931
2585.264
2566.514
2552.488
2542.397
2543.128
2547.323
2557.413
2557.589
2553.53
2556.712
2555.167
2557.277
2557.017
2519.199
2530.949
2520.858
2517.547
2520.858
2533.153
2524.724
2523.867
2524.438
2547.023
2501.568
2523.738
2517.755
2518.891
2519.433
2521.571
2502.575
2517.219
2506.474
2503.327
2525.279
2533.468
2534.669
2543.037
2543.792
2579.252
2571.063
2578.813
2579.549
2563.87
2572.409
2572.988
2575.62
2559.041
2548.817
2549.557
2541.162
2543.542
2535.976
2526.469
2524.904
2526.492
2529.124
2528.838
2521.272
2527.627
2526.038
2540.683
2532.493
2551.912
2543.518
2557.863
2558.731
2555.258
2560.523
2598.839
2599.76
2594.97
2637.813
2625.908
2625.039
2626.776
2630.888
2630.625
2633.257
2639.888
2631.349
2631.533
2653.485
2651.893
2660.261
2651.893
2660.261
2614.208
2606.208
2604.616
2596.248
2597.169
2597.748
2601.103
2604.25
2605.987
2608.618
2612.868
2611.849
2608.625
2607.757
2598.3
2582.621
2580.866
2581.886
2585.36
2595.583
2560.123
2545.777
2553.486
2552.749
2551.828
2550.091
2541.552
2539.172
2545.4
2541.374
2542.295
2547.111
2548.703
2537.236
2541.486
2540.749
2542.338
2543.566
2544.533
2546.27
2551.019
2554.994
2565.084
2561.448
2533.698
2537.127
2536.945
2530.399
2533.906
2533.679
2526.839
2520.293
2527.306
2517.923
2517.641
2511.095
2509.524
2510.251
2511.965
2508.242
2503.515
2509.42
2509.359
2506.048
2506.281
2494.463
2498.1
2498.275
2501.587
2519.207
2503.731
2488.254
2490.365
2493.676
2492.932
2491.36
2483.893
2476.425
2457.259
2458.804
2467.064
2480.905
2483.405
2487.128
2486.845
2485.724
2531.179
2530.997
2528.205
2518.821
2517.029
2513.315
2515.047
2513.861
2499.407
2497.693
2499.264
2492.991
2487.087
2483.981
2484.515
2442.229
2436.082
2434.537
2420.082
2428.166
2470.451
2466.088
2451.929
2452.463
2464.411
2465.957
2465.775
2471.061
2462.977
2456.83
2448.544
2460.726
2456.168
2464.251
2456.602
2456.03
2460.225
2460.05
2455.297
2464.63
2466.978
2468.771
2477.199
2476.972
2479.082
2476.47
2484.695
2485.994
2489.305
2492.487
2494.058
2490.422
2502.172
2501.286
2505.26
2507.857
2470.039
2466.933
2468.725
2452.361
2453.271
2448.543
2444.18
2437.907
2434.595
2434.829
2432.037
2427.842
2416.024
2417.592
2421.787
2426.984
2431.042
2444.883
2447.232
2448.141
2456.569
2437.403
2425.653
2415.562
2411.847
2403.588
2415.406
2411.211
2414.847
2419.406
2417.057
2414.557
2411.246
2397.22
2412.696
2419.241
2407.923
2408.654
2409.54
2409.358
2399.975
2385.816
2420.816
2458.634
2450.409
2445.851
2439.305
2440.192
2457.812
2464.115
2457.275
2453.08
2448.327
2452.69
2435.07
2431.889
2439.538
2451.356
2454.148
2457.577
2429.827
2439.16
2437.948
2432.751
2436.387
2436.105
2447.423
2459.605
2464.891
2479.345
2480.53
2473.985
2467.439
2464.939
2442.355
2448.658
2445.866
2441.113
2437.476
2442.673
2442.413
2450.022
2451.234
2451.461
2450.455
2450.394
2461
2423.182
2423.364
2412.758
2417.121
2425.017
2428.74
2430.532
2475.987
2478.335
2477.801
2482.359
2477.632
2462.156
2456.251
2460.978
2466.883
2468.615
2470.963
2433.145
2398.145
2409.963
2393.6
2392.855
2393.582
2351.297
2347.102
2339.634
2339.459
2343.654
2343.714
2343.942
2329.916
2336.188
2340.383
2340.208
2331.948
2351.115
2352.972
2354.764
2355.976
2351.781
2349.184
2357.444
2356.872
2360.587
2362.006
2361.262
2356.898
2365.327
2351.486
2357.789
2356.49
2347.157
2312.157
2308.845
2309.576
2305.212
2309.771
2311.563
2314.669
2320.972
2321.926
2314.913
2316.628
2321.913
2320.056
2322.405
2306.041
2297.958
2283.932
2282.633
2283.754
2281.644
2289.54
2291.332
2272.166
2259.871
2297.689
2297.75
2297.984
2298.166
2300.023
2299.451
2305.598
2324.348
2323.777
2358.777
2344.936
2348.042
2354.137
2353.956
2353.673
2364.991
2361.885
2355.613
2349.31
2357.206
2357.145
2356.885
2354.273
2358.641
2363.308
2360.744
2349.144
2326.849
2315.25
2318.519
2311.009
2314.278
2341.672
2335.604
2327.424
2330.49
2329.644
2327.875
2330.193
2326.809
2322.802
2322.084
2315.892
2312.302
2321.516
2299.221
2295.76
2295.038
2272.744
2272.803
2272.744
2270.276
2280.237
2282.816
2286.739
2286.509
2282.009
2281.481
2287.498
2288.9
2287.793
2299.588
2298.741
2298.177
2304.246
2301.667
2293.487
2335.231
2357.526
2365.705
2410.577
2408.868
2415.06
2416.829
2418.38
2422.303
2423.851
2421.236
2402.315
2374.921
2362.895
2364.002
2359.694
2356.105
2358.423
2358.199
2362.205
2324.872
2309.594
2308.697
2309.572
2315.589
2319.512
2314.294
2327.957
2327.429
2344.824
2348.093
2351.478
2349.785
2348.888
2341.377
2337.71
2363.707
2363.767
2365.339
2376.657
2392.133
2389.027
2387.815
2401.656
2403.448
2361.162
2369.591
2379.682
2377.182
2376.061
2374.489
2378.463
2381.775
2375.628
2379.134
2401.719
2398.407
2377.62
2370.868
2393.162
2407.009
2406.111
2406.171
2420.017
2414
2419.13
2418.395
2426.515
2422.207
2422.267
2420.985
2422.511
2426.1
2428.419
2421.496
2424.252
2422.169
2431.382
2429.857
2429.293
2432.968
2451.478
2455.153
2456.862
2461.529
2457.388
2467.497
2468.332
2456.88
2443.389
2446.731
2440.351
2481.566
2489.782
2496.448
2496.389
2496.91
2494.853
2495.579
2498.807
2513.891
2520.005
2516.664
2504.79
2511.626
2523.271
2536.762
2537.283
2534.181
2571.042
2563.025
2565.314
2553.441
2556.468
2555.947
2546.728
2552.871
2546.728
2547.285
2545.597
2545.825
2549.369
2542.703
2541.174
2533.758
2531.322
2528.094
2521.95
2530.026
2531.119
2517.629
2516.743
2516.515
2530.315
2522.265
2515.885
2521.64
2523.169
2527.802
2523.928
2531.979
2539.435
2538.28
2532.166
2529.729
2529.552
2529.773
2529.061
2513.112
2512.555
2511.4
2514.742
2477.881
2485.931
2484.4
2484.124
2499.818
2488.152
2487.254
2488.248
2478.286
2479.483
2483.158
2489.35
2493.274
2494.009
2496.765
2497.935
2488.721
2496.516
2497.686
2484.022
2483.495
2469.225
2461.674
2469.225
2455.248
2450.118
2447.553
2446.835
2442.912
2435.402
2423.265
2422.068
2422.915
2413.652
2427.498
2425.729
2426.604
2414.467
2415.342
2415.573
2416.743
2389.348
2390.874
2390.595
2404.022
2403.135
2406.447
2403.341
2406.769
2404.977
2402.38
2364.562
2369.847
2370.029
2368.315
2376.398
2372.34
2382.946
2382.219
2339.933
2374.933
2378.991
2377.446
2376.491
2380.855
2397.219
2403.522
2401.953
2403.685
2408.412
2410.523
2411.821
2411.997
2405.85
2406.132
2371.132
2374.314
2395.981
2410.006
2409.276
2413.834
2412.266
2411.357
2414.786
2411.604
2413.172
2408.445
2422.286
2423.03
2421.299
2398.714
2409.32
2406.009
2403.66
2406.16
2399.32
2406.929
2406.201
2398.118
2397.891
2398.845
2397.839
2410.133
2410.416
2394.939
2422.689
2423.988
2423.102
2420.991
2422.723
2430.619
2438.227
2428.136
2410.516
2406.542
2402.906
2398.542
2394.347
2392.779
2386.632
2364.048
2360.942
2351.483
2362.089
2370.517
2358.767
2358.037
2347.946
2339.517
2353.676
2376.313
2384.646
2365.227
2380.907
2386.889
2380.907
2384.13
2377.902
2378.133
2373.343
2369.093
2370.83
2384.853
2388.208
2388.439
2378.855
2382.002
2385.555
2379.169
2377.432
2383.818
2426.66
2427.558
2426.979
2427.209
2433.595
2434.911
2422.569
2426.122
2427.876
2433.859
2434.095
2436.628
2417.209
2408.67
2415.025
2413.459
2415.052
2405.545
2405.606
2405.37
2409.988
2411.124
2403.124
2407.374
2411.795
2417.06
2410.674
2405.885
2404.069
2413.879
2399.342
2406.542
2407.422
2405.582
2362.169
2363.782
2362.849
2358.169
2356.329
2351.649
2363.269
2365.936
2357.456
2357.216
2358.432
2352.174
2355.041
2356.948
2358.534
2361.101
2356.794
2344.731
2342.064
2337.984
2352.521
2334.431
2334.251
2335.838
2333.427
2330.16
2358.65
2362.73
2316.063
2319.886
2318.428
2316.818
2308.338
2296.204
2304.058
2293.698
2305.761
2303.35
2308.203
2309.083
2310.117
2314.197
2321.617
2317.883
2317.003
2293.817
2281.55
2286.977
2299.11
2292.639
2290.861
2292.448
2292.738
2302.371
2306.678
2310.278
2333.464
2323.882
2324.629
2329.309
2326.642
2324.882
2327.602
2325.842
2332.313
2333.347
2319.137
2333.977
2341.83
2336.977
2329.166
2314.766
2326.899
2330.166
2338.672
2338.962
2341.682
2333.202
2321.069
2324.891
2320.724
2319.978
2311.324
2305.898
2334.388
2332.774
2338.837
2338.899
2345.339
2350.019
2349.086
2348.537
2348.297
2342.87
2346.95
2300.283
2253.617
2254.381
2255.714
2247.234
2259.368
2259.306
2268.939
2268.189
2250.099
2245.419
2198.752
2196.992
2182.152
2177.272
2183.53
2186.797
2183.397
2175.29
2166.637
2173.37
2187.965
2171.861
2170.97
2169.186
2161.889
2158.321
2154.875
2167.172
2170.618
2172.25
2169.806
2175.95
2184.572
2183.65
2179.109
2175.877
2131.877
2128.003
2125.56
2142.587
2186.587
2233.884
2228.476
2267.828
2264.382
2273.003
2264.233
2284.177
2282.542
2291.1
2298.62
2295.31
2283.533
2301.867
2305.313
2313.935
2314.529
2314.766
2304.266
2318.999
2330.035
2320.323
2318.458
2334.212
2334.15
2328.723
2329.473
2333.78
2337.047
2332.967
2341.411
2302.584
2301.674
2282.424
2285.691
2282.824
2279.304
2306.66
2318.886
2319.069
2342.161
2340.353
2350.197
2352.834
2348.643
2356.971
2365.684
2380.93
2387.36
2384.604
2382.127
2382.366
2383.271
2382.336
2383.103
2386.938
2386.153
2387.651
2388.929
2389.169
2387.342
2393.826
2353.936
2360.553
2359.767
2358.489
2366.557
2367.342
2358.603
2353.795
2373.572
2396.426
2394.768
2407.234
2417.079
2420.435
2420.25
2415.825
2418.565
2417.195
2424.41
2426.887
2425.079
2419.597
2448.868
2449.826
2443.598
2436.982
2427.137
2419.922
2419.858
2417.119
2408.592
2440.392
2438.715
2451.863
2450.916
2460.897
2471.013
2473.791
2465.346
2455.365
2451.024
2458.339
2456.662
2475.506
2466.672
2479.311
2478.112
2481.654
2500.498
2493.498
2489.609
2502.757
2498.775
2511.924
2518.442
2527.303
2564.734
2568.706
2577.502
2580.488
2590.47
2610.522
2613.034
2613.228
2632.072
2630.155
2644.957
2693.568
2708.711
2708.961
2695.813
2696.115
2704.559
2707.881
2717.862
2716.566
2726.547
2722.881
2710.242
2711.023
2681.346
2679.957
2673.642
2676.476
2693.976
2697.517
2698.814
2694.147
2685.502
2689.044
2676.94
2678.236
2682.576
2695.604
2694.308
2695.988
2681.186
2684.936
2695.728
2692.186
2740.797
2738.811
2743.297
2744.079
2741.405
2737.424
2746.285
2742.743
2739.757
2737.905
2737.333
2730.625
2731.824
2736.907
2728.727
2724.838
2725.616
2738.764
2729.75
2725.5
2728.174
2735.903
2731.417
2744.056
2743.484
2752.128
2753.101
2751.115
2759.101
2768.115
2764.226
2763.924
2718.701
2723.757
2725.438
2731.09
2724.35
2717.831
2718.133
2723.216
2729.531
2723.013
2726.994
2719.494
2717.642
2718.615
2711.3
2700.508
2697.675
2682.873
2684.391
2681.88
2679.623
2678.104
2675.431
2662.653
2659.111
2664.669
2663.402
2648.6
2652.572
2653.353
2637.895
2642.381
2636.823
2643.564
2646.358
2644.969
2610.106
2608.856
2611.651
2620.177
2624.104
2621.159
2638.419
2658.636
2662.129
2654.914
2652.437
2625.152
2621.841
2617.706
2611.31
2582.435
2591.205
2587.759
2588.354
2591.921
2606.516
2607.509
2600.95
2620.894
2612.124
2612.306
2610.671
2581.796
2577.431
2582.175
2574.258
2537.839
2537.079
2535.471
2555.414
2531.914
2521.995
2521.804
2518.858
2513.845
2499.245
2496.768
2501.193
2503.152
2517.946
2506.759
2502.478
2500.824
2494.208
2496.016
2499.292
2495.374
2503.901
2499.092
2502.038
2498.339
2498.942
2483.695
2494.882
2495.067
2503.78
2507.971
2509.93
2510.228
2514.146
2528.745
2527.376
2504.522
2506.019
2510.3
2510.061
2522.526
2534.465
2533.458
2537.882
2536.876
2555.559
2558.881
2604.103
2584.051
2580.069
2580.257
2576.715
2573.313
2590.813
2599.257
2597.99
2596.003
2597.92
2594.598
2595.17
2598.003
2597.809
2599.462
2607.191
2598.546
2595.005
2597.262
2599.248
2599.183
2623.336
2626.113
2630.002
2629.7
2631.377
2648.877
2650.396
2646.646
2691.868
2694.38
2706.946
2706.881
2702.214
2703.481
2722.325
2737.468
2725.363
2721.475
2721.777
2728.517
2728.33
2725.008
2712.442
2721.303
2736.303
2723.737
2753.414
2762.211
2772.245
2771.046
2769.213
2773.553
2780.262
2780.539
2779.591
2782.369
2780.851
2779.198
2771.698
2775.101
2776.177
2776.788
2781.038
2782.89
2786.862
2771.862
2774.119
2769.064
2731.633
2731.39
2722.529
2727.015
2741.817
2726.817
2726.752
2722.502
2682.058
2675.539
2674.34
2687.368
2646.924
2676.601
2691.403
2690.625
2686.958
2676.924
2679.597
2676.194
2668.014
2668.292
2659.458
2660.236
2656.255
2666.289
2666.225
2681.027
2656.874
2659.652
2656.249
2655.638
2656.586
2661.669
2661.426
2616.204
2619.954
2613.245
2626.023
2612.875
2600.097
2615.097
2602.128
2603.087
2558.484
2598.374
2550.429
2552.655
2572.433
2580.501
2593.469
2613.247
2624.434
2630.009
2630.256
2593.338
2600.553
2597.758
2606.498
2605.315
2613.644
2661.589
2659.112
2666.509
2659.893
2654.906
2644.929
2641.002
2644.701
2639.893
2640.663
2647.092
2642.668
2640.777
2630.933
2634.426
2641.823
2636.248
2627.508
2626.229
2650.051
2654.476
2643.832
2643.586
2642.983
2641.921
2645.538
2630.938
2636.514
2643.162
2643.436
2626.176
2622.683
2619.326
2622.082
2614.685
2639.657
2628.315
2623.829
2611.725
2623.829
2613.847
2628.649
2630.566
2643.205
2642.962
2641.11
2628.471
2626.818
2629.075
2628.294
2629.561
2637.742
2634.964
2622.325
2627.883
2622.23
2629.959
2630.98
2635.321
2634.348
2632.432
2636.098
2627.302
2627.052
2638.395
2642.145
2625.594
2616.58
2622.138
2615.429
2609.872
2616.39
2609.649
2603.997
2558.774
2555.233
2570.691
2573.365
2572.448
2574.365
2578.851
2580.528
2580.83
2570.038
2564.983
2562.471
2563.082
2571.263
2571.513
2556.513
2556.756
2560.506
2561.302
2553.122
2553.365
2544.568
2548.11
2555.11
2551.221
2571.719
2583.061
2590.791
2597.499
2606.144
2646.588
2645.321
2639.763
2635.277
2642.017
2648.536
2644.786
2625.942
2628.616
2624.949
2624.153
2627.556
2623.889
2618.806
2622.787
2622.593
2614.456
2616.442
2625.238
2626.916
2627.103
2645.947
2633.308
2601.838
2611.815
2618.463
2618.703
2612.055
2619.678
2618.911
2622.187
2607.252
2598.54
2591.892
2606.686
2606.933
2651.535
2655.816
2651.392
2658.296
2656.926
2682.485
2689.8
2730.244
2731.541
2727.291
2729.124
2727.856
2731.259
2730.957
2732.809
2720.705
2718.853
2720.839
2740.891
2729.549
2742.576
2715.651
2719.578
2721.235
2712.906
2725.3
2731.729
2728.935
2711.675
2705.026
2707.766
2737.037
2738.995
2724.061
2725.691
2717.622
2710.974
2711.272
2712.454
2719.103
2717.473
2732.408
2733.469
2732.699
2739.183
2753.782
2753.542
2768.477
2781.445
2818.363
2815.726
2821.208
2822.435
2832.935
2834.412
2834.176
2842.797
2842.615
2845.059
2851.617
2840.581
2837.349
2850.142
2847.236
2840.709
2839.764
2865.696
2878.664
2885.281
2886.24
2884.349
2839.747
2847.815
2841.587
2826.792
2827.09
2806.873
2811.298
2811.483
2826.082
2796.812
2811.411
2827.735
2827.437
2827.373
2830.866
2824.437
2817.223
2821.14
2824.634
2822.976
2808.377
2806.747
2808.573
2837.844
2832.857
2813.08
2814.263
2815.033
2813.074
2813.314
2789.492
2791.451
2796.933
2794.974
2794.676
2802.299
2806.902
2805.532
2804.628
2814.525
2802.059
2799.32
2800.09
2797.453
2797.207
2793.93
2794.889
2802.914
2799.216
2802.161
2804.798
2809.401
2806.764
2800.28
2802.506
2813.693
2805.364
2812.761
2808.834
2793.9
2823.17
2818.978
2827.505
2834.719
2833.441
2834.938
2825.041
2822.564
2845.418
2849.253
2852.952
2854.135
2845.459
2858.427
2867.103
2874.726
2879.74
2881.237
2882.008
2884.803
2885.809
2885.024
2883.197
2893.095
2894.749
2895.708
2877.122
2877.889
2837.999
2846.945
2834.512
2842.283
2848.625
2854.769
2869.171
2860.55
2860.793
2864.441
2865.216
2817.919
2816.284
2801.882
2803.517
2799.868
2797.166
2778.831
2770.615
2764.471
2757.944
2759.421
2774.462
2786.688
2788.166
2791.611
2793.807
2801.724
2789.048
2788.812
2791.569
2793.501
2792.726
2794.528
2794.234
2791.477
2774.45
2778.815
2798.325
2813.366
2804.744
2801.434
2817.537
2819.145
2828.223
2831.957
2823.477
2822.727
2800.482
2799.602
2798.451
2786.318
2814.808
2812.241
2800.108
2801.886
2809.086
2805.272
2802.861
2817.398
2832.238
2836.404
2841.284
2824.484
2835.373
2838.773
2831.751
2824.084
2805.994
2791.458
2803.964
2799.884
2799.651
2797.811
2810.078
2808.464
2813.8
2809.493
2837.983
2829.684
2817.062
2831.599
2833.506
2834.439
2834.626
2815.376
2814.496
2813.909
2819.244
2825.964
2806.714
2800.652
2791.07
2795.95
2804.457
2795.95
2787.506
2791.812
2782.23
2783.688
2775.243
2783.723
2771.59
2768.923
2770.257
2770.443
2771.193
2770.447
2765.567
2779.777
2778.743
2785.183
2791.623
2763.133
2765.853
2758
2757.938
2761.76
2755.698
2732.511
2733.421
2732.388
2727.708
2681.041
2680.061
2678.283
2669.803
2677.657
2680.846
2687.157
2689.323
2695.794
2691.981
2695.803
2692.07
2691.037
2686.957
2689.639
2692.359
2692.069
2679.447
2682.847
2670.713
2676.049
2661.512
2668.932
2661.512
2649.449
2647.991
2646.533
2633.911
2640.169
2648.276
2642.94
2643.973
2636.553
2636.82
2635.06
2637.742
2623.342
2621.729
2613.284
2615.951
2625.584
2635.218
2644.8
2645.547
2627.457
2631.27
2634.79
2634.97
2634.68
2643.333
2643.043
2645.726
2653.579
2647.139
2627.461
2631.768
2632.317
2638.574
2631.374
2621.792
2623.959
2626.126
2629.948
2632.114
2634.526
2630.926
2631.192
2616.982
2620.382
2659.209
2656.02
2663.44
2657.182
2660.996
2660.246
2651.739
2637.529
2645.828
2656.188
2647.743
2654.943
2640.543
2626.007
2628.673
2630.58
2620.998
2618.131
2617.384
2618.842
2633.242
2624.943
2622.777
2637.617
2637.907
2630.487
2626.887
2635.331
2629.269
2632.869
2629.469
2637.136
2637.376
2633.976
2636.658
2636.478
2640.211
2644.518
2649.398
2639.816
2639.549
2624.709
2633.153
2631.937
2623.283
2603.606
2595.499
2591.192
2587.792
2595.603
2565.872
2551.227
2555.339
2556.539
2554.951
2562.659
2576.87
2577.1
2566.876
2554.42
2562.61
2576.955
2595.952
2601.934
2595.303
2598.526
2602.079
2610.571
2602.286
2601.377
2603.725
2604.452
2604.735
2604.91
2609.469
2597.403
2596.505
2593.364
2595.943
2587.764
2609.153
2605.146
2608.416
2612.916
2568.044
2571.313
2574.775
2561.111
2564.252
2573.515
2579.532
2575.526
2570.833
2569.637
2574.329
2566.15
2557.829
2553.688
2551.979
2540.806
2537.13
2533.464
2530.9
2523.348
2519.682
2512.759
2506.741
2479.347
2465.684
2465.511
2449.357
2447.809
2445.245
2440.552
2428.416
2420.621
2414.399
2407.264
2405.431
2404.488
2396.937
2383.091
2380.475
2376.469
2374.386
2370.71
2369.309
2365.302
2362.687
2353.424
2352.022
2350.474
2350.295
2312.962
2306.944
2304.476
2298.254
2298.024
2292.893
2287.675
2285.06
2280.752
2273.618
2272.72
2272.156
2268.15
2261.015
2259.182
2251.002
2247.733
2235.707
2248.379
2243.82
2240.639
2195.184
2176.434
2160.958
2158.847
2155.419
2153.562
2139.721
2129.115
2119.781
2115.587
2131.063
2133.173
2136.602
2138.459
2142.654
2153.26
2162.593
2176.434
2176.174
2168.091
2154.065
2153.89
2111.604
2111.032
2108.532
2108.299
2108.071
2106.526
2100.223
2065.223
2059.937
2032.187
2026.092
2022.663
2016.391
2010.295
1998.347
1996.616
2003.468
2001.879
2000.441
1997.809
1995.162
1993.57
1992.991
1985.669
1966.672
1962.909
1955.979
1951.729
1947.957
1944.185
1943.448
1942.527
1938.975
1934.725
1928.497
1926.359
1923.212
1920.065
1916.293
1908.543
1907.104
1864.262
1856.512
1844.056
1839.806
1833.42
1830.273
1791.957
1785.571
1783.433
1779.183
1777.302
1777.117
1749.002
1763.878
1762.844
1754.546
1747.826
1747.277
1725.032
1709.143
1707.533
1704.013
1700.2
1692.093
1688.493
1684.187
1661.942
1661.652
1660.902
1652.422
1632.744
1614.654
1614.474
1613.71
1611.543
1598.921
1591.899
1563.409
1552.52
1549.253
1530.838
1548.315
1540.692
1536.856
1521.921
1518.428
1517.864
1503.265
1500.509
1494.08
1487.651
1483.048
1467.801
1480.688
1473.947
1462.604
1451.262
1441.28
1429.938
1414.795
1432.433
1425.63
1412.419
1403.856
1402.151
1398.208
1395.391
1393.377
1392.415
1390.127
1360.032
1343.248
1341.572
1340.779
1330.603
1324.967
1323.653
1321.709
1319.162
1310.396
1308.518
1304.116
1303.324
1296.92
1296.674
1313.155
1297.726
1267.201
1263.701
1281.2
1277.505
1268.969
1284.799
1279.858
1279.538
1268.913
1253.031
1244.369
1243.365
1241.757
1241.493
1234.806
1213.575
1212.751
1196.718
1188.103
1179.488
1178.664
1186.803
1177.514
1163.932
1180.506
1179.654
1179.351
1163.203
1147.056
1164.495
1157.028
1160.451
1177.5
1169.987
1167.892
1163.352
1159.066
1143.297
1141.825
1137.712
1120.523
1115.483
1109.028
1105.738
1103.431
1109.676
1097.832
1112.046
1129.041
1125.778
1122.321
1106.986
1093.816
1093.52
1108.149
1105.348
1104.973
1101.504
1087.424
1106.151
1121.189
1105.033
1103.649
1101.696
1100.446
1089.332
1076.326
1075.302
1072.749
1084.977
1071.841
1057.714
1047.005
1057.06
1036.87
1032.889
1031.528
1031.125
1050.25
1029.25
1018.75
1016.052
1025.207
1034.982
1019.747
1029.012
1043.155
1020.44
1035.866
1034.068
1024.29
1016.665
980.956
988.411
986.034
979.803
979.422
973.19
949.489
943.75
940.851
928.351
936.204
933.981
951.098
946.989
944.915
960.61
955.866
952.087
926.971
942.613
963.498
957.278
965.377
989.771
1009.107
1030.975
1030.61
1051.738
1071.331
1099.341
1026.593
1026.048
1018.321
1004.098
970.371
952.619
940.492
929.402
823.341
834.404
848.411
871.275
849.642
833.542
851.147
832.526
824.196
815.089
824.667
852.179
841.795
867.42
895.181
886.799
924.572
957.455
809.455
709.333
640.583
671.613
635.488
617.938
599.638
586.888
600.776
512.969
506.282
517.064
482.603
461.956
363.819
356.37
375.461
312.35
301.517
279.983
200.539
129.489
80.405
75.59
59.889
0
