8.481
45.75
83.019
93.548
128.856
170.856
133.587
125.106
162.375
170.856
135.548
93.548
56.279
45.75
56.279
93.548
135.548
170.856
172.933
188.856
198.817
268.971
233.663
225.183
214.654
177.385
140.115
98.115
133.423
170.692
179.173
216.442
258.442
268.971
302.048
375.433
389.163
398.106
506.337
516.865
708.884
676.098
641.491
602.491
592.714
602.491
637.098
669.884
708.884
674.277
666.402
701.009
708.884
699.107
660.107
627.321
592.714
602.491
641.491
674.277
708.884
797.3
816.55
817.017
845.017
814.417
805.292
772.992
736.592
768.892
778.017
808.617
845.017
812.717
805.367
796.242
763.942
727.542
696.942
727.542
738.475
810.342
841.592
1055.267
1069.067
1116.4
1124.15
1157.75
1413.516
1430.469
1503.313
1508.563
1491.882
1497.904
1540.728
1561.831
1681.544
1733.515
1734.706
1781.176
1799.176
1705.347
1688.347
1644.458
1531.396
1530.271
1613.801
1561.831
1524.146
1530.271
1531.396
1548.396
1592.285
1615.592
1574.013
1572.947
1567.145
1551.039
1524.146
1561.831
1579.831
1586.316
1542.076
1591.16
1704.222
1705.347
1664.903
1644.972
1580.222
1574.535
1595.096
1590.154
1543.684
1612.243
1633.346
1513.632
1556.456
1555.265
1537.265
1530.779
1513.792
1518.458
1524.146
1561.831
1608.301
1626.301
1542.076
1543.201
1322.744
1364.815
1548.396
1547.271
1541.146
1524.146
1524.146
1561.831
1579.831
1586.316
1632.787
1655.139
1656.264
1705.347
1677.347
1760.059
1451.235
1467.191
1677.347
1615.592
1784.283
1742.769
1796.669
1811.106
1709.35
1669.85
1625.675
1710.171
1704.368
1688.263
1694.066
1719.566
1713.763
1688.263
1713.763
1633.588
1597.188
1592.988
1531.738
1513.8
1532.132
1526.743
1588.086
1569.931
1587.869
1624.269
1629.388
1633.588
1609.363
1688.263
1694.066
1719.566
1721.283
1758.651
1765.855
1782.829
1757.329
1751.526
1757.329
1782.829
1760.724
1653.612
1745.09
1729.049
1752.382
1865.444
1865.833
1881.875
1854.958
1848.833
1832.792
1779.792
1821.074
1632.537
1688.654
1877.191
1894.176
1957.588
1962.551
1998.438
1983.368
1791.213
1871.664
2199.789
2100.037
2115.993
2169.64
2225.757
2272.228
2278.713
2406.103
2411.926
2398.243
2458.132
2459.944
2405.211
2406.632
2426.763
2433.967
2502.77
2640.131
2645.381
2666.381
2662.181
2625.781
2567.506
2562.388
2632.776
2613.895
2619.283
2506.256
2564.531
2500.744
2535.411
2539.411
2467.165
2500.097
2522.119
2565.483
2581.79
2601.335
2607.557
2643.466
2652.466
2679.75
2755.636
2744.63
2744.935
2722.802
2723.094
2789.703
2807.578
2811.161
2816.557
2853.172
2881.589
2899.464
2903.839
2910.672
2587.264
2328.538
2254.27
2257.657
2275.27
2284.02
2307.504
2352.02
2306.129
2312.832
2394.348
2424.77
2416.917
2466.008
2474.227
2522.67
2528.08
2541.989
2547.989
2564.534
2567.534
2595.17
2643.614
2648.583
2649.572
2619.29
2559.496
2562.496
2566.496
2568.954
2571.782
2368.747
2437.391
2417.702
2445.715
2461.106
2476.76
2438.766
2441.522
2449.066
2452.566
2470.921
2429.423
2446.673
2450.985
2473.699
2485.235
2512.985
2556.125
2559.381
2392.465
2388.662
2403.173
2392.482
2399.956
2403.372
2373.712
2384.457
2406.753
2412.875
2432.344
2394.678
2420.823
2438.398
2470.798
2485.358
2499.558
2501.245
2507.245
2515.825
2373.42
2373.929
2377.703
2404.25
2410.024
2410.519
2419.363
2422.781
2423.276
2293.458
2293.94
2308.404
2314.163
2343.092
2360.181
2363.415
2366.951
2371.795
2251.195
2251.748
2142.792
2144.881
2159.131
2059.479
1968.619
1968.722
2003.495
1920.016
1932.682
1936.849
1859.375
1850.245
1868.206
1868.489
1877.898
1884.735
1889.995
1890.797
1899.998
1900.417
1830.031
1846.17
1866.36
1799.704
1800.708
1738.615
1748.21
1749.783
1768.58
1770.19
1775.466
1783.793
1807.185
1808.795
1822.191
1761.451
1773.59
1775.607
1793.607
1735.749
1736.878
1682.6
1690.147
1706.799
1714.195
1662.25
1613.36
1615.301
1621.287
1574.964
1531.215
1531.993
1536.479
1537.09
1537.872
1538.844
1545.844
1548.677
1506.821
1467.168
3979.955
3989.598
3723.625
3754.292
3756.158
3521.398
3523.156
3524.906
3529.031
3537.781
3329.676
3361.441
4050.625
3780.583
3544.297
3491.832
3492.245
3494.334
3509.763
3307.276
3316.594
3135.689
3138.043
3140.532
3142.332
2979.797
2979.918
2996.015
3009.636
2861.621
2727.482
2605.356
2606.924
2495.198
2500.984
2398.204
2303.538
2216.062
2134.986
2142.431
4084.956
4094.956
3827.894
3593.533
3595.554
3388.118
3203.311
3037.623
3039.106
3042.235
2892.617
2757.025
2633.576
2634.024
4067
4071.221
4091.767
3824.913
3590.735
3383.577
3389.779
3394.995
3395.385
3210.182
3044.138
4067.221
3801.967
4065.221
3800.098
3567.439
4044.012
4057.971
4059.924
4042.994
4015.89
3987.401
3985.02
3976.677
3974.724
3715.503
3488.023
3490.112
3288.76
3295.659
3297.274
3982.797
3991.692
3969.599
3949.052
3930.68
3916.721
3918.256
3927.151
3671.033
3677.31
3680.285
3683.101
3702.204
3703.546
3747.788
3758.321
3766.636
3536.026
3332.024
3337.577
3358.308
3358.712
3359.339
3176.102
3200.777
3201.145
3035.569
2886.279
4090.337
3823.576
4058.244
4059.779
4009.416
4015.084
4048.108
3784.101
3552.421
3347.474
3353.675
3170.748
3173.73
3175.257
4059.073
3794.351
4050.73
3786.552
4047.474
4027.038
4008.666
3747.231
3517.809
3314.858
3134.048
3971.488
3972.099
3713.049
3485.719
3971.471
3989.843
4009.901
4012.343
4026.302
4035.512
3772.326
3782.859
3802.685
4064.805
4067.988
4060.872
3796.033
3563.622
4048.174
3784.163
4010.5
4042.593
4047.407
4046.648
4046.02
3782.149
3550.589
3345.748
3359.401
3364.089
3180.593
4030.526
3767.666
3536.992
3537.658
3539.005
3334.832
3346.375
3349.865
3167.145
3172.395
3172.941
3174.141
3187.314
3022.453
2873.807
2885.447
2750.191
4093.308
3826.353
3828.505
3594.107
3386.755
3392.558
3423.712
3236.964
3069.534
2918.574
4107.279
4125.651
3856.587
4081.698
3815.5
3827.37
3593.041
3992.814
3995.517
4012.029
4014.331
3963.968
3960.712
3960.712
4021.375
4023.677
3949.14
3924.07
3917.355
3895.169
3920.238
3664.571
3685.31
3754.986
4009.945
4030.003
4036.718
4036.718
3773.454
4032.904
4032.904
4032.904
3999.881
3997.927
3997.927
3997.927
3990.427
3992.381
3732.008
3739.019
3510.099
3307.594
3127.18
2965.429
2819.588
3994.892
3995.055
3982.358
3984.799
3987.363
3994.48
3975.067
3715.823
3488.324
3952.974
3953.137
3949.881
3950.352
3692.72
3943.375
3921.119
3925.331
3887.299
3633.78
3640.432
3894.416
3640.432
3649.78
3904.416
3913.311
3903.544
3926.183
3913.416
3888.009
3910.195
3655.182
3909.436
3898.169
3643.94
3420.842
3424.189
3427.832
3889.285
3884.68
3886.642
3633.166
3865.433
3613.34
3613.992
3856.131
3841.933
3846.154
3856.154
3854.192
3602.832
3382.25
3851.75
3814.076
3874.738
3852.099
3600.875
3380.413
3852.099
3600.875
3380.413
3388.679
3193.178
3019.005
3850.843
3599.701
3836.884
3848.151
3726.058
3719.75
3708.029
3466.201
3472.098
3259.52
3713.578
3471.389
3490.492
3696.837
3455.739
3636.174
3643.151
3649.459
3411.451
3647.506
3622.099
3673.581
3698.988
3724.395
3749.599
3760.866
3515.592
3523.908
3308.158
3744.692
3707.017
3714.517
3721.535
3717.721
3717.023
3721.628
3717.814
3722.026
3722.026
3723.462
3737.422
3727.445
3724.881
3481.954
3512.541
3537.878
3784.706
3784.706
3784.706
3784.706
3784.706
3784.706
3782.753
3775.253
3806.997
3834.102
3841.602
3843.555
3592.889
3372.916
3376.263
3181.478
3212.632
3037.398
2880.291
2882.056
2740.316
2754.799
2625.668
2508.101
2400.611
3907.971
3907.971
3910.273
3835.735
3585.579
3784.253
3537.454
3320.875
3129.286
2958.598
2805.567
2807.015
3786.206
3818.299
3808.323
3805.14
3814.558
3816.939
3817.698
3815.256
3566.435
3595.938
3607.807
3859.515
3861.515
3609.677
3857.302
3870
3881.267
3628.141
3881.267
3628.141
3873.767
3851.512
3832.674
3828.07
3790.395
3786.183
3539.258
3322.569
3130.882
2960.107
2806.998
2668.949
2671.918
3785.744
3788.047
3791.058
3668.965
3429.685
3641.86
3404.348
3630.593
3634.407
3641.523
3659.895
3651
3650.529
3649.919
3649.919
3651.919
3413.75
3204.745
3620.174
3593.07
3572.523
3339.533
3135.071
2954.202
2965.942
2981.519
2988.587
2994.471
3621.221
3519.64
3290.098
3292.913
3521.116
3511.698
3509.395
3511.349
3282.348
3081.388
3114.013
3146.638
3150.342
3155.878
3167.02
3576.837
3562.64
3565.081
3567.785
3335.103
3347.038
3142.117
2960.841
3580.552
3578.172
3576.218
3567.875
3567.875
3567.875
3570.256
3337.413
3133.082
3134.796
2953.942
2792.818
3541.808
3491.445
3488.433
3260.927
3488.27
3490.651
3500.419
3503.43
3274.946
3501.468
3273.111
3480.259
3497.108
3481.247
3254.209
3267.481
3494.956
3472.77
3469.759
3469
3466.436
3240.364
3041.974
3462.224
3458.41
3431.305
3399.561
3399.561
3399.561
3397.608
3390.108
3390.108
3412.363
3419.863
3196.829
3197.269
3398.148
3429.892
3433.706
3442.253
3217.758
3219.984
3221.81
3024.556
3424.401
3201.071
3424.401
3426.363
3431.352
3456.555
3231.128
3456.555
3456.555
3433.916
3417.067
3408.172
3392.311
3411.148
3394.299
3406.997
3409.378
3414.192
3414.192
3191.527
3402.924
3407.913
3409.913
3362.584
3362.584
3381.997
3365.067
3360.462
3362.462
3360.509
3357.253
3138.302
3147.106
2954.426
2783.978
2797.978
2805.046
2814.363
3400.974
3400.974
3399.012
3388.11
3329.913
3341.18
3358.762
3361.773
3358.59
3351.613
3133.03
2941.212
3345.305
3345.305
3284.642
3311.747
3299.503
3304.108
3088.622
3286.526
3286.526
3303.375
3286.445
3278.102
3303.172
3320.753
3334.951
3320.991
3104.405
2914.339
2746.204
2596.411
3320.52
3330.288
3367.962
3367.799
3351.288
3360.183
3360.183
3360.183
3359.555
3366.532
3366.532
3383.381
3387.602
3424.779
3438.977
3437.015
3442.003
3442.701
3430.456
3426.235
3202.785
3212.764
3016.064
2842.06
3436.91
3436.91
3212.764
3213.22
3437.398
3437.398
3213.22
3215.054
3437.826
3427.849
3204.293
3413.89
3409.669
3425.529
3202.125
3204.408
3008.219
3427.971
3444.343
3427.494
3427.494
3437.494
3435.541
3435.541
3428.041
3424.227
3424.227
3392.483
3392.483
3370.227
3372.18
3152.255
3155.821
2962.607
2791.688
2639.414
2502.892
2508.453
2385.086
3381.113
3160.606
3162.758
3181.965
3192.155
3414.863
3414.253
3191.584
3411.811
3411.811
3408.799
3409.27
3186.927
3377.709
3378.32
3378.93
3401.186
3375.779
3315.116
3098.913
3101.728
3102.168
3316.157
3299.645
3293.977
3312.814
3096.761
2907.163
3265.485
3052.519
3265.485
3307.055
3306.892
3306.892
3306.422
3313.398
3364.881
3364.881
3363.346
3363.346
3370.323
3371.759
3371
3371
3371
3350.564
3382.125
3379.561
3365.602
3370.416
3384.375
3384.375
3395.049
3173.633
3380.852
3400.265
3363.087
3400.265
3406.573
3394.328
3376.747
3156.524
3372.933
3152.959
3365.817
3146.307
3359.509
3363.721
3388.791
3167.783
3179.717
3340.895
3330.895
3330.895
3319.628
3317.674
3315.674
3293.488
3304.756
3302.453
3087.076
3094.875
3143
3352.512
3133.87
3343.616
3343.616
3343.616
3318.209
3311.494
3284.39
3274.971
3061.386
3072.832
3264.576
3281.506
3281.506
3286.494
3256.093
3244.826
3276.387
3259.538
3046.959
3259.538
3255.326
3256.86
3277.407
3277.407
3063.663
3073.853
3092.603
3103.136
3137.889
3156.035
3376.224
3372.41
3372.41
3372.41
3372.41
3364.91
3364.91
3362.956
3364.91
3368.724
3149.024
2956.227
2785.675
2633.73
2497.502
2503.063
3371.619
3408.797
3186.484
3364.843
3326.017
3326.017
3373.346
3373.346
3390.276
3387.093
3390.349
3390.349
3390.349
3390.349
3390.349
3357.628
3361.84
3364.221
3386.477
3379.5
3393.698
3402.907
3424.619
3424.619
3424.619
3441.549
3440.791
3389.308
3409.855
3419.064
3411.948
3442.349
3217.848
3222.348
3447.163
3447.163
3468.875
3475.991
3466.224
3449.712
3501.195
3501.195
3508.695
3508.695
3526.276
3504.09
3275.563
3471.369
3494.009
3488.34
3490.302
3529.128
3526.686
3523.983
3520.169
3534.366
3551.948
3612.61
3592.064
3585.756
3605.814
3631.221
3645.419
3656.093
3656.093
3657.529
3662.517
3637.314
3637.314
3620.802
3620.802
3620.965
3560.302
3328.109
3560.302
3499.64
3509.058
3509.058
3507.622
3506.186
3508.567
3509.177
3280.318
3079.482
3509.177
3502.16
3485.648
3485.648
3468.718
3494.125
3498.73
3506.23
3277.563
3494.962
3491.779
3479.081
3469.663
3482.43
3462.372
3478.233
3441.055
3216.639
3218.921
3442.887
3440.924
3428.227
3447.064
3447.064
3427.651
3444.5
3219.859
3444.5
3446.5
3446.5
3456.5
3462.169
3236.375
3462.169
3467.157
3241.038
3467.157
3454.459
3479.866
3457.68
3383.142
3358.073
3351.358
3373.544
3153.53
3159.807
2966.349
2966.885
3364.02
3364.02
3438.558
3427.291
3443.663
3443.663
3460.174
3460.174
3455.953
3478.14
3478.767
3481.209
3481.209
3481.209
3478.828
3478.828
3478.828
3476.875
3476.875
3469.375
3469.375
3469.375
3467.422
3463.608
3463.608
3463.608
3237.72
3039.492
3042.839
3049.421
2873.493
2875.108
2718.284
2577.683
3476.875
3476.875
3481.096
3254.068
3257.043
3292.261
3292.413
3299.065
3527.698
3527.698
3531.512
3533.892
3303.421
3303.861
3306.144
3499.131
3496.689
3508.933
3488.875
3490.41
3493.113
3498.782
3498.782
3496.401
3483.703
3483.703
3502.541
3464.509
3461.253
3461.253
3458.241
3455.939
3230.552
3455.939
3453.637
3451.683
3441.009
3441.009
3462.218
3465.401
3476.302
3249.587
3251.022
3251.478
3478.326
3251.478
3477.855
3251.038
3477.855
3470.738
3474.959
3474.959
3472.959
3246.462
3266.758
3277.291
3296.394
3094.574
3097.217
2918.531
3529.387
3525.174
3525.174
3529.988
3531.988
3506.919
3528.128
3528.128
3528.128
3528.128
3528.128
3528.128
3528.128
3546.965
3554.465
3592.14
3614.395
3618.608
3382.611
3586.515
3586.515
3586.515
3625.34
3616.445
3616.445
3612.294
3605.578
3370.432
3390.258
3626.788
3589.113
3589.113
3589.113
3598.532
3363.845
3598.532
3596.09
3596.09
3586.881
3593.596
3591.215
3593.517
3582.25
3578.029
3576.067
3584.41
3585.846
3590.058
3592.439
3560.346
3560.346
3557.904
3325.867
3555.904
3549.596
3539.596
3308.753
3314.052
3334.791
3343.921
3139.191
3577.218
3577.218
3559.637
3559.637
3559.637
3563.451
3563.451
3531.89
3531.89
3540.233
3539.744
3539.744
3614.282
3378.568
3171.717
3184.176
3619.584
3616.401
3610.093
3610.093
3610.093
3616.401
3380.549
3173.577
3616.401
3616.401
3612.587
3612.587
3612.587
3610.634
3603.134
3603.134
3368.147
3375.158
3404.832
3196.372
3011.966
3013.582
3016.736
3035.139
3660.401
3660.401
3660.401
3661.099
3661.099
3661.099
3660.401
3660.401
3622.727
3622.727
3623.355
3604.517
3610.826
3375.337
3168.684
3593.977
3591.535
3598.552
3589.134
3589.134
3606.715
3609.727
3604.913
3609.125
3609.125
3602.41
3605.422
3605.422
3605.259
3605.259
3611.974
3591.538
3591.538
3591.538
3569.282
3569.282
3544.212
3541.509
3541.509
3523.137
3518.148
3518.619
3289.144
3517.084
3287.709
3515.084
3512.782
3508.561
3508.561
3508.561
3508.561
3508.561
3499.142
3482.212
3482.212
3463.375
3476.073
3249.372
3460.212
3457.201
3455.247
3458.503
3459.131
3451.631
3451.631
3451.631
3451.16
3451.16
3451.16
3444.852
3452.352
3452.352
3443.456
3425.084
3440.945
3433.968
3466.061
3447.224
3447.224
3428.852
3435.567
3435.567
3472.744
3246.261
3246.848
3473.372
3481.715
3464.785
3459.797
3469.797
3243.505
3468.36
3468.36
3477.256
3250.478
3252.304
3467.942
3467.331
3464.951
3450.753
3488.785
3451.608
3462.875
3462.875
3482.288
3482.288
3450.727
3450.727
3449.192
3463.39
3237.516
3238.226
3241.791
3459.067
3233.476
3035.508
2860.382
2870.94
2901.683
3487.802
3492.453
3497.105
3269.033
3497.105
3501.317
3487.358
3496.567
3513.416
3513.416
3526.113
3494.369
3492.416
3492.416
3492.416
3470.16
3462.66
3458.846
3458.846
3233.269
3035.314
2860.2
3444.887
3444.887
3220.22
3224.883
3412.698
3417.349
3430.116
3430.116
3428.154
3423.549
3419.328
3419.939
3419.939
3430.84
3379.358
3342.18
3341.483
3123.56
2932.321
2936.362
2766.957
3346.087
3346.087
3331.89
3331.89
3326.901
3312.703
3315.006
3315.169
3315.169
3316.703
3100.397
3316.703
3265.221
3302.398
3296.73
3296.73
3279.881
3311.974
3291.916
3291.916
3077.226
3283.369
3300.951
3291.183
3291.346
3289.044
3340.526
3122.666
3340.526
3315.323
3099.106
3306.776
3307.247
3307.247
3091.557
3304.235
3297.218
3317.276
3316.517
3322.186
3317.974
3313.16
3335.799
3319.288
3319.125
3102.66
3292.02
3281.119
3280.648
3278.648
3261.799
3261.799
3254.683
3263.892
3263.892
3256.776
3256.776
3256.776
3044.378
3048.726
3069.53
3085.28
3300.532
3293.032
3078.269
3080.666
2892.054
2900.809
2902.156
3280.003
3282.445
3068.372
3262.009
3272.009
3281.427
3303.613
3335.706
3335.706
3118.16
3154.454
2961.324
3374.532
3378.683
3378.683
3158.334
3376.683
3393.195
3386.078
3386.078
3374.811
3387.055
3395.951
3399.206
3399.206
3399.206
3419.265
3419.962
3420.433
3197.361
3382.759
3394.026
3419.23
3408.328
3186.046
2990.982
3009.013
3418.201
3415.82
3396.983
3382.785
3379.602
3402.241
3180.356
3196.106
3200.606
3423.904
3428.555
3435.27
3428.962
3428.962
3430.398
3430.398
3432.701
3432.701
3463.102
3458.497
3232.943
3250.117
3269.22
3069.064
2892.002
2901.017
2924.575
2933.589
3547.596
3547.596
3551.808
3320.168
3376.875
3396.082
3403.88
3416.929
3432.364
3222.219
3634.654
3634.654
3617.805
3615.843
3616.471
3616.471
3616.471
3594.759
3590.945
3588.503
3354.47
3574.305
3574.305
3553.759
3553.759
3532.047
3301.696
3303.978
3305.804
3536.442
3547.709
3552.698
3552.698
3557.686
3557.686
3590.407
3538.924
3521.343
3511.924
3486.517
3259.136
3484.555
3442.985
3431.718
3422.509
3415.532
3192.78
3194.606
3408.067
3408.538
3411.721
3411.721
3428.651
3466.683
3480.642
3478.642
3478.642
3483.294
3256.122
3476.317
3469.602
3469.602
3243.323
3467.221
3469.663
3422.334
3199.139
3209.671
3013.161
3433.602
3209.671
3218.476
3222.823
3025.508
3447.672
3455.172
3448.154
3448.317
3452.538
3452.701
3459.817
3478.189
3251.351
3251.791
3270.997
3070.732
3487.939
3260.465
3475.172
3475.009
3475.009
3472.706
3246.226
3277.095
3076.457
3505.73
3505.73
3504.294
3495.951
3498.331
3525.436
3295.516
3093.75
2915.264
2924.582
3534.75
3304.223
3534.75
3534.75
3539.738
3539.041
3308.234
3312.734
3109.913
3529.657
3509.11
3506.099
3510.703
3536.11
3519.18
3502.808
3496.093
3448.765
3448.602
3438.834
3448.602
3223.693
3229.97
3230.122
3230.563
3239.367
3283.609
3504.151
3487.779
3490.483
3488.483
3488.645
3510.358
3281.421
3508.404
3533.474
3542.892
3311.834
3319.823
3551.439
3556.09
3324.171
3556.09
3558.794
3326.698
3329.226
3332.269
3564.753
3332.269
3361.943
3583.73
3350.008
3353.573
3363.764
3590.945
3356.753
3576.747
3569.247
3569.247
3568.776
3568.776
3561.66
3541.113
3522.741
3292.997
3091.385
2913.036
2754.143
2754.511
2768.875
3539.282
3542.294
3311.274
3331.101
3342.97
3573.82
3595.029
3360.571
3370.549
3601.89
3601.279
3366.413
3594.163
3589.349
3569.291
3547.105
3567.163
3570.651
3337.783
3570.651
3590.709
3356.533
3151.031
3578.465
3576.023
3580.628
3577.445
3344.133
3525.962
3515.288
3589.826
3589.826
3577.581
3564.814
3569.026
3570.988
3570.988
3567.174
3334.533
3529.997
3540.672
3501.846
3501.846
3471.445
3480.34
3477.898
3472.23
3504.951
3276.367
3497.451
3475.195
3470.983
3452.145
3414.471
3414.471
3414.471
3392.285
3385.57
3385.57
3392.285
3171.049
3191.788
3215.223
3018.372
3429.541
3435.209
3435.209
3455.756
3455.756
3457.291
3464.006
3444.593
3450.262
3418.701
3418.701
3440.413
3446.081
3443.07
3459.919
3460.547
3477.058
3477.529
3464.831
3460.18
3464.401
3477.099
3476.628
3502.035
3502.035
3464.858
3469.078
3483.276
3458.206
3468.206
3456.939
3456.939
3438.567
3438.567
3438.567
3438.567
3438.096
3445.212
3220.524
3023.349
3039.472
2864.118
2864.507
2864.911
3451.776
3430.567
3449.98
3462.677
3462.206
3476.404
3249.682
3050.722
3474.023
3474.782
3483.125
3486.381
3475.48
3472.468
3511.294
3282.296
3292.486
3296.052
3506.596
3508.131
3279.34
3078.564
3508.131
3503.317
3500.061
3503.317
3274.84
3074.339
3502.846
3519.358
3511.015
3494.084
3461.991
3236.209
3256.948
3275.698
3504.235
3534.637
3566.73
3549.148
3544.927
3549.578
3576.683
3577.154
3343.861
3344.571
3353.375
3148.066
3162.556
2980.101
2817.55
3587.983
3588.471
3588.471
3513.933
3525.201
3533.544
3520.846
3520.846
3520.846
3291.226
3312.389
3333.193
3565.741
3565.741
3554.474
3554.474
3549.485
3542.509
3536.201
3538.581
3538.581
3517.372
3504.605
3485.192
3485.192
3487.573
3260.122
3261.557
3061.87
3483.439
3482.968
3484.968
3494.177
3519.381
3500.544
3500.544
3518.125
3515.683
3510.015
3500.805
3501.294
3504.477
3486.105
3478.988
3478.517
3478.517
3478.517
3478.517
3499.064
3270.864
3288.038
3086.73
3087.143
2909.038
3516.471
3516.471
3498.89
3270.701
3489.68
3487.378
3484.936
3257.658
3058.209
3468.087
3485.669
3258.342
3485.669
3484.134
3482.698
3491.041
3263.364
3470.983
3470.355
3484.314
3491.43
3495.651
3500.64
3504.852
3514.061
3512.108
3283.057
3512.108
3283.057
3507.895
3523.756
3526.939
3296.921
3526.939
3526.939
3527.427
3518.009
3518.009
3543.078
3544.515
3562.096
3555.381
3550.567
3600.93
3609.273
3373.886
3418.128
3655.067
3655.067
3416.693
3650.462
3650.299
3700.663
3696.012
3454.967
3695.401
3675.343
3681.012
3680.384
3676.163
3436.413
3669.448
3430.136
3651.866
3651.866
3413.701
3649.424
3660.692
3655.703
3663.203
3663.203
3672.413
3656.552
3418.082
3645.878
3408.103
3628.297
3625.916
3615.015
3615.015
3636.727
3647.994
3685.172
3662.916
3673.59
3653.044
3657.858
3657.858
3683.061
3683.061
3682.59
3662.044
3662.044
3662.044
3662.044
3643.672
3406.041
3412.693
3203.753
3221.783
3222.196
3238.319
3690.177
3683.869
3683.869
3645.044
3638.735
3633.747
3396.764
3633.747
3650.119
3650.119
3611.294
3375.774
3611.294
3375.774
3381.671
3174.63
3612.997
3612.997
3621.34
3625.154
3634.922
3612.666
3622.666
3386.405
3602.119
3602.608
3605.311
3582.672
3584.206
3584.206
3350.454
3359.258
3593.625
3590.369
3356.215
3150.732
3158.054
3186.217
3630.195
3393.443
3630.032
3667.209
3679.907
3680.517
3677.814
3677.651
3677.651
3668.233
3670.186
3430.826
3633.009
3634.962
3397.899
3574.299
3551.66
3555.881
3551.669
3551.669
3553.622
3553.134
3548.922
3548.922
3548.759
3526.573
3296.579
3526.573
3531.177
3514.328
3530.189
3580.552
3584.773
3552.68
3551.145
3551.145
3551.145
3532.773
3532.302
3511.756
3504.64
3504.64
3494.64
3490.826
3490.826
3489.39
3414.852
3410.201
3187.796
3410.201
3419.096
3386.375
3365.166
3386.375
3433.703
3454.14
3528.677
3530.113
3547.044
3567.59
3562.939
3559.756
3559.756
3559.756
3568.651
3550.279
3550.279
3318.739
3322
3528.36
3298.25
3528.36
3298.25
3523.756
3523.756
3532.099
3562.5
3330.163
3334.511
3545.942
3545.314
3542.302
3537.488
3520.977
3538.558
3307.783
3105.265
3538.558
3543.209
3540.506
3545.32
3535.32
3304.755
3525.552
3516.657
3548.75
3585.927
3585.927
3560.52
3560.52
3560.52
3535.113
3556.323
3547.98
3569.189
3336.416
3343.068
3573.294
3573.991
3536.814
3536.326
3525.651
3520.663
3553.384
3553.855
3560.831
3564.087
3331.647
3127.668
3143.097
3155.556
2973.505
2811.314
2817.177
3600.11
3600.11
3600.11
3365.321
3368.364
3595.866
3361.353
3155.556
3162.138
3603.366
3628.773
3628.773
3392.114
3410.261
3201.469
3016.769
3048.219
3057.536
3075.075
3077.31
2909.457
2758.968
2623.281
2500.314
3707.201
3726.613
3732.922
3729.91
3730.669
3747.18
3755.523
3739.012
3739.012
3739.012
3750.279
3757.779
3762.767
3758.116
3513.022
3758.116
3751.401
3769.773
3790.209
3789.581
3766.942
3521.272
3762.721
3742.663
3752.43
3507.707
3292.949
3752.43
3752.43
3752.43
3748.218
3773.288
3770.276
3750.218
3729.009
3724.358
3481.465
3268.314
3079.757
2911.77
2922.684
3738.317
3736.015
3737.549
3733.337
3732.709
3735.012
3747.709
3745.328
3745.328
3698
3688
3447.478
3673.802
3679.471
3679.471
3439.505
3679.471
3439.505
3679.471
3701.657
3460.245
3494.997
3503.606
3735.346
3735.346
3726.451
3721.799
3724.18
3481.299
3485.962
3729.169
3729.169
3728.541
3724.32
3724.32
3713.052
3470.897
3472.731
3260.115
3276.237
3087.224
3108.065
3750.247
3769.084
3794.288
3781.59
3781.59
3776.602
3530.302
3540.834
3787.869
3540.834
3564.584
3804.067
3555.976
3575.802
3822.974
3835.672
3844.881
3836.334
3586.139
3825.067
3822.363
3822.201
3572.927
3592.753
3826.561
3825.863
3576.351
3825.863
3804.151
3829.221
3818.32
3819.078
3805.119
3813.462
3564.758
3813.462
3835.648
3852.16
3848.009
3847.25
3847.25
3848.009
3848.009
3809.977
3809.977
3809.977
3792.395
3792.395
3791.637
3791.637
3764.532
3764.532
3764.061
3747.549
3738.131
3738.131
3738.602
3739.23
3495.367
3281.365
3282.031
3290.296
3304.786
3114.125
3765.919
3762.663
3745.733
3745.733
3778.453
3778.453
3777.983
3773.762
3752.049
3753.584
3769.445
3523.611
3544.351
3782.212
3798.584
3803.398
3820.247
3814.578
3853.404
3852.916
3874.628
3852.916
3864.183
3864.183
3856.683
3605.16
3856.683
3805.201
3557.035
3571.861
3573.204
3354.436
3820.116
3818.581
3818.581
3808.581
3802.913
3554.897
3557.049
3795.797
3775.25
3774.64
3776.602
3530.302
3536.954
3538.296
3764.718
3756.375
3511.394
3748.032
3748.642
3760.887
3751.468
3789.5
3784.895
3747.718
3503.302
3513.492
3753.968
3745.073
3739.404
3728.137
3723.924
3716.424
3720.238
3695.035
3746.517
3748.959
3745.145
3734.244
3732.709
3700.616
3700.616
3459.272
3700.616
3459.272
3694.948
3682.703
3683.314
3686.017
3686.017
3445.625
3234.668
3684.017
3443.755
3682.064
3694.831
3716.041
3716.041
3473.69
3492.44
3278.617
3735.34
3785.703
3787.666
3789.201
3792.212
3792.971
3782.297
3535.625
3547.56
3792.36
3545.033
3781.093
3755.89
3725.488
3726.924
3483.864
3502.614
3526.174
3310.286
3750
3750
3743.285
3718.215
3739.424
3746.14
3717.651
3475.196
3498.63
3284.429
3289.964
3100.159
3118.505
2948.405
3771.215
3773.919
3527.793
3529.663
3530.315
3771.628
3771.628
3767.407
3785.779
3785.779
3794.122
3784.145
3782.183
3766.323
3520.693
3763.942
3759.337
3514.163
3514.872
3759.625
3759.625
3514.432
3721.593
3689.5
3706.012
3705.523
3682.884
3683.355
3676.64
3674.076
3434.462
3672.541
3672.541
3433.027
3672.541
3661.64
3422.837
3652.221
3656.035
3655.276
3658.532
3658.532
3637.323
3695.52
3673.265
3693.701
3693.701
3693.701
3693.701
3452.807
3241.411
3250.778
3063.233
3104.88
3120.072
3121.726
3138.716
3138.851
3141.341
3147.543
3155.159
3186.608
3012.793
3853.573
3874.009
3874.009
3873.52
3884.788
3631.432
3852.067
3860.613
3876.474
3876.474
3876.003
3858.422
3844.462
3843.765
3823.328
3819.515
3819.515
3797.328
3794.073
3789.422
3788.951
3788.951
3788.951
3788.951
3783.962
3781.52
3773.177
3772.689
3755.84
3751.026
3728.84
3728.84
3728.677
3728.677
3723.689
3723.689
3723.689
3698.619
3709.887
3467.938
3709.887
3684.48
3670.282
3670.282
3665.631
3665.631
3665.631
3633.887
3626.77
3617.003
3600.491
3600.491
3596.27
3593.567
3582.666
3552.265
3504.936
3492.238
3479.541
3479.541
3478.006
3478.006
3452.936
3452.936
3435.355
3433.82
3429.006
3395.983
3380.122
3353.017
3353.017
3353.017
3353.017
3353.017
3348.805
3348.805
3348.805
3340.462
3326.265
3289.087
3277.82
3260.238
3260.238
3255.25
3230.047
3218.779
3218.779
3221.343
3232.61
3230.648
3156.11
3156.11
3146.901
3099.573
3099.573
3060.747
3060.747
3060.747
3060.747
3060.747
3054.439
2855.236
2680.426
3053.968
3049.154
3037.887
3044.195
3044.195
3037.218
3017.805
3017.805
3010.305
2959.942
2950.733
2941.837
2920.628
2870.265
2870.265
2870.265
2845.061
2841.805
2841.805
2831.805
2831.805
2831.805
2831.805
2831.805
2810.596
2810.596
2772.564
2772.564
2772.564
2747.157
2709.98
2708.026
2708.026
2711.209
2721.884
2734.581
2745.849
2742.36
2742.36
2737.372
2737.372
2795.57
2795.733
2774.523
2774.523
2754.465
2746.122
2745.494
2745.494
2745.494
2745.023
2735.605
2719.093
2719.093
2718.334
2745.439
2746.067
2746.826
2747.297
2763.808
2802.634
2812.052
2628.658
2812.052
2800.785
2800.785
2800.785
2797.602
2775.416
2770.765
2738.044
2735.032
2735.032
2722.334
2705.823
2680.416
2669.148
2666.584
2677.852
2680.416
2673.299
2662.398
2662.398
2662.398
2662.398
2645.468
2643.515
2635.172
2635.172
2628.863
2628.235
2595.515
2595.515
2595.515
2591.701
2583.358
2572.683
2561.416
2548.718
2545.535
2558.233
2569.5
2580.174
2583.358
2574.148
2574.148
2574.148
2574.148
2553.712
2553.712
2537.34
2534.898
2587.967
2571.205
2568.438
2535.58
2524.045
2507.807
2488.521
2465.807
2446.997
2446.997
2437.568
2427.568
2416.033
2399.795
2323.482
2289.982
2267.268
2263.018
2252.78
2249.521
2246.753
2269.467
2345.78
2379.28
2382.539
2386.789
2389.557
2399.795
2388.866
2377.33
2364.33
2361.071
2364.33
2338.527
2318.652
2318.652
2331.652
2331.652
2343.188
2354.116
2277.804
2266.268
2266.268
2266.268
2263.009
2263.009
2252.08
2250.033
2249.318
2218.193
2218.193
2215.836
2204.301
2201.676
2178.961
2181.586
2159.872
2171.408
2169.938
2160.83
2158.83
2157.36
2119.298
2116.53
2116.53
2116.53
2113.196
2108.875
2108.875
2108.161
2089.351
2086.268
2034.705
2034.539
2013.503
2013.503
2005.824
1994.896
1992.848
2011.658
2022.586
2030.265
2126.515
2178.077
2199.113
2201.161
2204.244
2204.411
2193.482
2180.482
2168.946
2165.688
2178.688
2189.616
2192.875
2204.411
2191.411
2169.696
2136.839
2131.911
2131.911
2119.375
2110.833
2110.833
2110.833
2110.833
2122.43
2122.43
2119.595
2149.784
2192.484
2192.484
2296.138
2338.071
2361.455
2373.878
2204.315
2057.361
2128.586
2131.169
2416.234
2472.681
2472.681
2472.681
2450.714
2450.714
2427.464
2427.464
2427.464
2427.464
2425.727
2407.78
2429.071
2405.193
2469.16
2469.16
2469.16
2469.16
2469.16
2469.16
2464.118
2463.389
2461.674
2461.674
2461.674
2461.674
2457.872
2445.122
2429.955
2416.497
2420.299
2433.757
2446.507
2461.674
2459.958
2459.958
2429.611
2405.653
2345.497
2344.767
2344.767
2341.705
2328.247
2319.288
2316.538
2314.194
2314.194
2314.194
2314.194
2313.465
2308.91
2304.743
2304.743
2343.336
2312.536
2304.286
2331.543
2423.118
2431.368
2462.168
2462.168
2460.404
2457.479
2441.879
2428.036
2424.125
2408.525
2395.411
2411.011
2424.854
2437.968
2441.879
2440.946
2438.536
2412.479
2350.604
2350.604
2319.639
2319.639
2318.707
2314.707
2314.707
2305.493
2288.05
2284.05
2262.45
2262.45
2262.45
2262.45
2271.664
2276.764
2298.364
2302.364
2342.564
2404.439
2421.882
2496.411
2496.411
2486.161
2531.836
2582.907
2596.75
2603.714
2398.158
2426.526
2432.171
2442.592
2634.807
2634.807
2634.807
2614.107
2591.536
2591.536
2587.625
2574.511
2558.911
2545.068
2544.489
2534.239
2597.129
2597.129
2592.305
2592.305
2580.658
2548.952
2514.673
2493.79
2493.79
2492.831
2480.919
2480.125
2431.022
2430.426
2431.221
2432.18
2466.46
2467.055
2267.024
2277.97
2297.159
2124.872
2492.68
2492.68
2492.68
2419.077
2393.232
2393.232
2361.526
2361.526
2360.566
2360.566
2344.419
2338.331
2273.221
2272.261
2299.721
2326.544
2326.544
2329.787
2329.787
2329.787
2302.327
2276.482
2249.658
2249.658
2228.776
2228.776
2294.314
2294.314
2279.633
2277.633
2270.605
2343.625
2424.351
2424.577
2406.867
2406.867
2379.044
2353.56
2353.56
2344.81
2344.81
2344.81
2361.069
2369.819
2539.173
2536.399
2466.54
2462.363
2433.863
2423.46
2423.234
2397.75
2382.944
2252.54
2252.54
2252.54
2199.786
2249.446
2237.196
2236.963
2227.338
2213.338
2213.338
2281.175
2216.903
2230.452
2230.677
2230.677
2230.024
2216.96
2215.907
2215.036
2215.036
2177.44
2154.536
2192.133
2192.786
2215.69
2228.754
2285.434
2266.769
2267.758
2268.576
2235.909
2230.939
2133.814
2119.905
2116.383
2094.867
2080.663
2074.39
2080.663
2113.33
2210.455
2215.424
2218.947
2233.152
2254.667
2268.576
2235.909
2138.784
2109.875
2101.125
2109.875
2142.542
2239.667
2201.853
2201.853
2201.853
2176.007
2172.199
2144.739
2130.489
2145.974
2151.224
2155.033
2182.493
2208.338
2222.588
2167.439
2220.031
2220.031
2216.398
2116.238
2065.133
2102.331
2102.331
2205.722
2235.141
2250.77
2306.762
2357.867
2155.764
2159.086
1988.632
2030.701
2051.49
2055.806
2063.405
2084.72
2089.984
2098.036
2413.215
2412.996
2413.215
2491.418
2327.355
2311.605
2303.129
2318.879
2327.355
2127.868
2283.387
2264.309
2182.793
2115.117
2178.831
2240.708
2311.819
2285.75
2291.905
2340.422
2345.25
2371.319
2364.463
2384.813
2395.563
2482.513
2481.613
2509.616
2495.651
2356.254
2439.241
2397.616
2396.893
2371.536
2396.893
2371.81
2372.935
2150.473
2186.895
2199.551
2200.184
2201.027
2401.478
2401.478
2401.478
2401.478
2401.237
2369.043
2396.284
2433.457
2439.612
2471.806
2472.047
2482.392
2489.22
2517.151
2533.858
2537.659
2542.832
2543.763
2546.672
2565.603
2566.328
2573.724
2575.853
2586.259
2590.06
2573.353
2569.552
2328.656
2343.797
2549.086
2516.19
2506.233
2395.711
2428.608
2438.565
2475.737
2586.259
2569.552
2569.552
2586.259
2503.725
2420.308
2420.075
2200.068
2200.28
2419.633
2363.983
2363.083
2324.233
2310.733
2310.733
2287.067
2364.806
2143.105
2144.125
1960.343
1960.921
1961.693
1973.264
1817.48
1836.164
2295.487
2239.095
2222.388
2082.991
2082.991
2153.232
2153.232
2120.661
2103.927
2152.892
2187.967
2204.117
2207.992
2194.427
2223.847
2027.625
2208.218
2278.15
2281.825
2297.975
2089.068
2117.977
1941.479
1998.01
1844.317
1712.58
1751.152
1765.443
1647.747
2440.5
2410.1
2406.425
2437.546
2467.946
2391.891
2376.262
2372.706
2372.706
2356.448
2347.698
2337.294
2332.879
2331.827
2308.923
2309.976
2314.391
2324.794
2347.698
2351.875
2365.423
2444.129
2444.949
2344.789
2311.102
2281.289
2345.565
2345.565
2344.694
2344.694
2344.694
2343.641
2342.988
2329.923
2307.02
2308.073
2321.137
2321.79
2375.645
2413.242
2414.113
2465
2487.188
2562.903
2538.516
2532.758
2513.065
2443.206
2359.06
2426.946
2380.046
2466.996
2492.196
2502.946
2426.722
2432.48
2477.867
2497.56
2487.188
2486.969
2486.969
2486.969
2471.828
2371.668
2320.563
2292.063
2236.203
2191.828
2188.195
2216.695
2220.328
2271.434
2286.574
2090.582
2182.157
2009.882
1862.817
1912.454
1919.918
1941.466
1960.735
1963.424
1963.918
2515.426
2514.793
2478.371
2426.199
2404.012
2351.157
2338.093
2337.04
2338.093
2338.964
2376.56
2377.214
2390.278
2413.181
2464.098
2440.019
2236.684
2242.184
2264.684
2090.478
1941.158
1948.836
2418.667
2418.667
2400.477
2351.386
2322.477
2322.477
2322.477
2322.477
2322.477
2282.228
2436.64
2418.093
2464.379
2269.822
2328.079
2157.732
2172.372
2024.256
2519.536
2496.964
2496.386
2438.239
2429.496
2426.346
2426.925
2485.071
2493.814
2519.057
2541.629
2474.09
2462.424
2462.229
2474.432
2538.717
2538.923
2547.415
2559.768
2619.625
2619.029
2559.173
2550.173
2526.938
2576.739
2573.398
2574.011
2583.284
2586.625
2610.564
2593.64
2619.625
2619.625
2619.625
2619.625
2616.713
2681.824
2684.735
2467.054
2282.025
2673.088
2658.838
2627.132
2652.576
2604.133
2596.746
2596.746
2590.246
2638.689
2653.371
2665.371
2719.538
2671.257
2678.426
2636.9
2643.029
2620.457
2611.714
2553.568
2550.418
2549.839
2524.596
2527.746
2536.489
2559.061
2559.639
2617.786
2643.029
2597.354
2591.639
2568.496
2563.811
2555.561
2532.989
2524.246
2532.989
2470.649
2515.056
2519.611
2541.556
2547.111
2569.611
2503.486
2491.486
2490.736
2487.036
2464.464
2439.221
2438.643
2435.493
2377.346
2368.604
2369.182
2391.754
2400.496
2425.739
2483.886
2417.951
2393.41
2336.878
2314.934
2377.925
2377.346
2368.604
2335.304
2354.886
2354.092
2302.928
2281.413
2280.424
2279.811
2267.538
2078.576
1918.686
1919.205
1782.119
1791.762
1808.667
1809.443
1688.814
2371.449
2342.949
2313.773
2342.273
2371.449
2302.928
2314.519
2380.144
2434.311
2455.644
2504.087
2506.087
2543.208
2549.269
2554.239
2548.239
2523.693
2523.693
2523.693
2523.693
2513.92
2519.92
2529.693
2535.182
2559.727
2588.727
2637.818
2632.409
2589.773
2580
2557.091
2538.591
2459.545
2468.73
2543.851
2567.222
2613.028
2616.415
2600.786
2600.786
2497.395
2444.641
2444.641
2440.891
2411.472
2411.472
2464.226
2567.617
2613.707
2628.848
2632.48
2595.739
2571.967
2598.79
2571.331
2557.081
2629.159
2613.205
2690.82
2663.359
2692.535
2719.996
2736.449
2740.496
2755.637
2519.439
2725.824
2675.199
2675.199
2675.199
2675.199
2511.137
2498.48
2498.48
2429.301
2428.281
2428.281
2428.281
2372.422
2353.664
2331.477
2331.477
2330.844
2360.656
2379.414
2175.464
2003.717
1857.104
1730.483
1620.027
1654.495
1555.225
1571.425
1588.12
1616.52
1633.215
1647.295
1694.26
1600.134
1620.097
2626.523
2577.432
2571.943
2565.943
2556.17
2527.17
2576.261
2586.034
2610.58
2561.945
2567.768
2573.096
2568.272
2532.243
2511.537
2509.596
2462.577
2410.004
2404.121
2392.871
2329.176
2140.324
1979.8
2010.425
2015.425
2033.025
2034.675
1892.721
1896.535
1772.848
2393.232
2393.232
2375.577
2349.592
2272.871
2262.32
2241.438
2251.989
2069.395
1914.191
1931.941
1954.028
1817.701
1831.66
2222.243
2207.993
2089.096
2047.331
1999.232
1972.408
1919.835
1916.415
1968.989
1983.239
1822.436
1847.084
1891.284
1749.438
1627.384
1630.087
1637.587
1639.541
1661.797
1694.82
1726.564
1730.378
1757.483
1859.064
2303.522
2297.699
2288.213
2264.39
2259.063
2230.915
2228.445
2099.974
2059.827
2031.68
1997.401
1992.577
1983.092
1941.327
1975.607
2017.371
2057.518
1890.693
1916.557
1918.828
1927.544
1931.976
1968.655
1971.635
1984.73
2159.853
2159.853
2131.794
2131.794
2084.147
2084.147
2084.147
2084.147
2066.493
2065.596
2143.885
2227.834
2244.057
2269.841
2277.997
2107.147
1960.137
1997.811
2321.78
2319.997
2319.997
2314.591
2314.591
2314.591
2281.483
2277.051
2258.024
2088.672
1942.951
1816.236
1817.671
1832.976
1837.323
1724.834
1728.181
1628.478
2279.956
2279.956
2248.456
2222.591
2184.213
2181.943
2145.051
2140.618
2145.051
2181.943
2213.443
2251.821
2260.537
2286.402
2114.922
2117.022
2285.693
2272.598
2275.578
2288.672
2263.439
2260.459
2235.811
2260.459
2285.693
2288.672
2280.868
2269.517
2214.514
2214.324
2175.946
2139.054
2107.554
2103.122
2100.851
2100.851
2092.135
2066.27
2092.135
2123.635
1964.363
1998.488
2006.55
2008.65
1868.512
1872.326
2227.889
2205.944
2201.389
2178.889
2134.483
2126.462
2181.504
2204.075
2212.325
2221.068
2244.211
2248.896
2294.571
2300.286
2297.136
2283.293
2286.443
2300.286
2300.286
2295.6
2262.3
2262.3
2223.3
2214.086
2211.686
2184.343
2186.743
2152.583
2192.028
2229.944
2238.903
2209.892
2214.324
2271
2268.099
2255.349
2090.323
2102.14
2265.888
2229.967
2225.651
2254.304
2245.588
2207.209
2147.188
2181.193
2008.993
2013.309
1865.994
1873.86
1875.909
1748.006
1636.431
1538.245
1570.953
1571.358
1482.413
1484.281
1515.781
1517.712
1521.448
1529.542
1447.603
1460.281
1506.862
1430.242
1454.089
1460.169
2447.586
2447.586
2480.886
2501.171
2503.629
2305.974
2309.382
2332.507
2335.112
2363.632
2371.572
2381.638
2383.901
2386.164
2396.23
2398.993
2564.05
2540.2
2564.05
2604.621
2650.296
2662.554
2675.668
2650.997
2690.441
2702.108
2494.253
2316.092
2378.199
2380.208
2388.958
2405.863
2438.72
2441.22
2441.387
2447.19
2460.262
2296.244
2152.729
2254.479
2256.901
2257.581
2124.782
2130.444
2130.581
2151.245
2152.899
2171.245
2174.728
3053.233
3004.922
3004.922
2980.274
2980.274
2967.179
2922.98
2922.98
2926.122
2950.77
2963.865
3050.49
2821.703
2624.84
2453.655
2489.207
2501.141
2516.576
2533.011
2377.929
2390.179
3165.372
3163.101
3163.101
3163.101
3163.101
3163.101
3154.385
3149.953
3104.428
3140.349
3165.533
3174.02
3122.519
3126.724
2903.387
2905.387
2910.315
2917.458
2939.688
2743.708
2743.864
2745.775
2747.975
2783.975
2790.642
2616.227
2462.331
2325.535
2203.138
2092.981
2136.456
2154.665
2052.062
2066.01
2072.081
2086.03
2099.28
2099.601
2106.268
2010.528
2017.483
2028.15
2030.112
2002.476
1916.655
1929.209
1849.926
1861.741
1788.252
1794.419
1795.949
1797.75
1798.855
1805.23
1822.431
1831.694
1762.136
1697.668
1700.082
1713.299
1714.052
1717.024
1656.424
1656.662
1658.797
1602.247
1602.997
1550.151
1560.173
1564.898
1565.121
1566.659
3564.15
3564.15
3559.15
3541.55
3541.55
3537.45
3537.45
3535.8
3535.8
3553.4
3510.329
3549.32
3493.979
3503.086
3506.991
3508.563
3513.324
3279.103
3490.539
3488.539
3454.729
3454.729
3505.698
3497.832
3493.832
3465.405
3488.747
3250.878
3252.787
3260.116
3263.844
3055.513
2872.183
2709.606
2756.65
2766.4
2770.234
2779.206
2632.932
2650.011
2650.485
2651.057
2518.504
2527.654
2550.404
2428.956
2429.29
2464.429
2352.409
2353.409
2354.96
2252.571
2278.476
2282.911
2292.795
2294.018
3765.485
3755.247
3750.997
3674.685
3651.97
3618.47
3615.702
3625.94
3384.211
3387.253
3175.549
2988.752
2822.711
2824.863
2839.493
2845.465
2845.595
2695.827
2561.035
2439.081
2449.907
2478.28
2365.631
2365.938
2380.392
2389.642
2285.745
2289.676
2194.273
2106.502
3751.396
3753.833
3756.19
3801.19
3547.778
3326.042
3330.51
3134.598
2960.454
2980.685
2823.807
2682.617
2705.617
2707.017
2713.617
2584.397
3837.658
3581.814
3602.081
3631.131
3632.997
3639.797
3640.464
3412.935
3354.487
3355.834
3361.992
3168.031
2995.23
3009.957
3847.564
3851.052
3842.157
3852.831
3601.56
3614.609
3625.565
3403.592
3207.231
3209.923
3034.836
3037.325
3884.788
3859.718
3852.741
3831.029
3812.657
3808.506
3846.538
3863.049
3863.212
3884.924
3631.56
3409.219
3413.597
3414.209
3217.236
3234.774
3058.332
2900.142
3904.32
3902.366
3902.366
3880.11
3876.297
3876.297
3876.297
3876.297
3896.733
3897.43
3902.419
3647.913
3424.571
3430.694
3434.041
3453.094
3253.877
3268.416
3270.906
3302.06
3121.948
3147.039
3149.584
3157.93
2994.588
2847.314
4037.212
4049.91
4045.698
4046.169
3782.288
3550.719
3345.87
3163.368
2999.746
2852.217
2854.34
2872.107
4042.823
3779.16
4026.311
3763.726
4017.968
3755.927
3756.579
3763.101
3780.709
3549.237
4041.468
4041.939
3994.61
3987.593
3987.593
3987.593
3865.5
3851.541
3829.355
3791.68
3678.099
3438.223
3227.719
3041.505
2875.605
2726.866
2592.758
2471.223
2360.571
2259.404
2264.868
2270.525
2177.216
2091.273
3685.529
3445.168
3234.24
3047.649
3050.803
3050.938
3052.841
3055.474
2888.811
2739.39
3678.48
3699.026
3721.282
3478.59
3265.615
3269.656
3720.898
3692.41
3650.84
3641.631
3604.453
3579.384
3573.715
3562.448
3599.625
3624.695
3635.962
3640.951
3669.439
3711.009
3720.218
3725.887
3730.701
3734.922
3491.34
3499.655
3518.758
3303.324
3305.967
3767.265
3775.608
3769.939
3788.311
3768.898
3750.061
3740.084
3758.922
3781.561
3534.938
3318.513
3127.06
3134.416
3151.315
3155.161
3168.276
3169.892
3183.892
3828.102
3829.637
3833.788
3583.758
3364.344
3170.248
2997.325
3001.225
2845.989
3818.34
3820.904
3571.715
3782.078
3775.061
3528.861
3312.809
3345.434
3152.428
3154.447
2982.386
2999.361
2844.222
2704.342
2706.064
2721.369
2787.639
2789.016
2658.281
2659.246
2540.175
3957.948
3699.821
3715.125
3913.657
3922
3935.959
3914.247
3902.98
3842.317
3845.02
3872.125
3619.595
3397.987
3201.95
3203.969
3874.096
3621.438
3865.201
3863.765
3859.16
3848.485
3881.206
3878.195
3625.269
3403.314
3206.969
3211.656
3883.863
3893.84
3639.894
3645.193
3653.508
3654.851
3657.133
3663.41
3666.976
3442.467
3450.273
3452.645
3253.454
3933.651
3677.109
3933.651
3677.109
3917.791
3662.283
3681.386
3455.995
3917.791
3662.283
3917.32
3661.842
3917.32
3938.529
3929.32
3926.064
3940.262
3683.288
3457.781
3258.293
3080.568
3940.262
3941.02
3683.997
3687.563
3912.741
3937.811
3937.811
3680.997
3455.63
3457.352
3939.145
3939.145
3919.087
3923.738
3898.535
3901.547
3883.174
3899.035
3899.035
3644.75
3421.602
3880.198
3854.994
3854.994
3855.622
3843.378
3850.494
3840.727
3861.936
3861.936
3883.648
3630.367
3408.099
3419.304
3893.16
3915.346
3919.16
3925.468
3864.805
3612.753
3864.805
3881.654
3883.956
3883.956
3884.715
3882.012
3882.012
3907.215
3916.983
3661.527
3914.541
3916.494
3902.297
3906.517
3651.745
3896.75
3908.017
3904.834
3650.171
3426.691
3228.998
3885.997
3863.358
3870.073
3617.677
3622.34
3400.564
3875.061
3874.363
3621.688
3399.952
3872.061
3619.535
3623.101
3873.875
3879.544
3626.53
3863.032
3857.363
3605.796
3855.828
3604.361
3855.828
3814.259
3793.823
3546.399
3329.273
3137.2
2966.08
3786.805
3812.009
3849.683
3849.683
3852.939
3873.375
3866.398
3614.242
3643.916
3420.819
3421.247
3893.98
3893.98
3893.98
3888.991
3888.991
3880.445
3918.477
3918.477
3902.616
3925.256
3925.256
3922.552
3913.657
3658.418
3662.356
3666.704
3922.52
3923.279
3923.116
3667.261
3922.419
3920.116
3920.116
3845.578
3843.578
3592.91
3599.921
3850.608
3881.009
3881.009
3864.497
3612.465
3862.116
3610.239
3389.204
3831.715
3798.692
3805.407
3557.228
3339.439
3341.459
3343.48
3150.587
3802.512
3802.512
3807.116
3558.826
3807.116
3809.07
3560.652
3342.653
3771.038
3770.875
3767.619
3521.905
3767.619
3730.442
3487.152
3496.478
3282.408
3740.419
3740.419
3698.849
3706.349
3706.349
3706.349
3703.337
3609.326
3589.913
3600.587
3568.843
3571.145
3550.599
3552.561
3565.328
3538.224
3571.247
3571.247
3538.526
3307.753
3538.526
3538.526
3307.753
3105.237
3108.941
3535.631
3553.212
3556.701
3567.375
3567.375
3525.805
3488.628
3479.733
3478.198
3474.384
3458.012
3429.523
3424.872
3426.407
3202.946
3218.25
3021.214
3025.296
2850.76
2853.913
2861.269
2705.2
3458.14
3458.14
3454.956
3464.956
3503.782
3503.782
3506.485
3511.137
3489.424
3521.169
3523.549
3534.451
3550.962
3319.378
3319.53
3320.872
3321.024
3550.02
3550.02
3538.753
3464.215
3464.215
3426.183
3404.974
3404.974
3479.512
3490.779
3584.791
3351
3370.826
3406.378
3408.905
3200.196
3633.968
3396.97
3397.557
3410.606
3201.793
3648.555
3410.606
3458.731
3246.972
3700.038
3686.078
3445.682
3234.722
3245.926
3671.741
3432.28
3669.439
3430.128
3555.858
3323.954
3555.695
3323.802
3325.636
3557.657
3544.89
3540.738
3309.821
3107.179
3538.297
3538.297
3537.808
3569.901
3566.087
3548.506
3317.082
3317.234
3547.134
3549.134
3317.668
3335.277
3131.077
3560.994
3577.366
3577.366
3594.297
3359.886
3366.538
3371.038
3599.512
3562.334
3561.863
3559.901
3559.901
3327.734
3551.006
3560.215
3557.773
3557.773
3325.745
3557.773
3557.773
3568.674
3335.935
3339.5
3542.087
3541.924
3520.715
3520.715
3479.145
3488.564
3488.564
3488.564
3481.448
3254.397
3055.148
3456.041
3456.041
3460.192
3460.192
3454.523
3454.523
3229.228
3031.52
3034.867
3451.36
3451.36
3226.272
3451.36
3445.052
3445.052
3467.238
3471.39
3450.953
3434.581
3414.145
3392.433
3389.869
3368.66
3389.869
3168.791
2974.783
2803.161
3357.776
3357.776
3336.567
3323.799
3344.346
3344.346
3346.346
3347.105
3365.942
3375.709
3155.554
3375.709
3394.081
3398.302
3389.407
3385.593
3386.291
3165.446
2971.643
3373.523
3393.581
3402.477
3404.919
3426.631
3423.448
3200.179
3414.552
3394.116
3391.105
3378.86
3378.86
3357.148
3345.881
3357.148
3378.86
3383.849
3163.163
3366.267
3388.453
3167.467
3386.151
3384.151
3387.163
3166.261
3387.163
3385.209
3164.435
3385.209
3385.209
3387.512
3166.587
3172.484
3368.413
3377.831
3382.044
3383.578
3363.142
3363.77
3144.394
3154.584
3323.189
3323.189
3323.189
3323.66
3325.622
3108.734
2918.403
2937.872
3326.599
3326.599
3326.599
3326.599
3326.599
3315.924
3332.297
3327.483
3348.692
3348.692
3339.797
3346.913
3325.703
3325.703
3325.703
3322.692
3105.995
3123.168
3341.064
3337.808
3337.808
3120.125
3128.44
2936.903
2951.393
2955.77
3368.203
3388.64
3395.355
3396.791
3175.261
3394.41
3372.224
3372.983
3372.224
3372.224
3370.27
3360.503
3141.34
3328.41
3346.782
3345.247
3346.006
3308.331
3308.331
3299.988
3084.772
3295.767
3295.767
3305.767
3090.174
3284.558
3070.348
3078.337
3267.901
3272.506
3272.506
3272.506
3282.483
3068.408
3259.843
3256.029
3278.215
3064.418
3074.609
3289.116
3288.953
3321.977
3324.419
3331.134
3331.134
3330.663
3341.337
3334.36
3329.756
3346.686
3339.971
3357.552
3367.32
3371.532
3348.892
3348.892
3348.892
3366.474
3355.206
3136.389
3157.128
3364.695
3364.858
3145.41
3364.858
3364.858
3387.113
3385.16
3384.672
3384.672
3380.858
3383.238
3162.592
3358.169
3139.158
3335.983
3353.564
3362.11
3376.07
3155.891
3371.849
3366.86
3375.203
3373.25
3389.622
3389.151
3374.953
3372.991
3379.706
3363.846
3370.962
3381.863
3370.962
3349.25
3346.238
3348.68
3346.238
3329.39
3296.366
3298.808
3315.657
3099.418
3134.636
2942.719
3343.331
3338.727
3359.163
3365.471
3145.984
3365.471
3390.674
3390.047
3390.047
3373.674
3366.558
3370.372
3371.131
3378.631
3387.177
3395.52
3174.073
3395.52
3394.823
3394.823
3427.846
3460.567
3460.567
3456.355
3451.366
3459.709
3234.076
3036.071
3037.793
3459.718
3459.718
3447.997
3223.128
3447.834
3445.532
3412.509
3393.096
3171.807
3183.677
3402.305
3421.718
3423.68
3200.397
3201.049
3419.564
3451.308
3451.471
3449.169
3458.064
3420.39
3197.321
3416.238
3420.89
3197.788
3216.995
3020.036
3024.117
3414.343
3292.25
3304.494
3322.866
3334.134
3116.69
3334.134
3334.134
3116.69
3333.375
3330.994
3308.738
3092.951
3290.366
3289.878
3286.39
3279.372
3274.384
3273.756
3271.192
3258.424
3256.988
3255.026
3260.015
3047.405
3059.34
2872.033
2872.462
2873.013
2707.262
2708.885
2710.072
3274.593
3263.919
3307.872
3307.872
3282.802
3278.988
3274.174
3274.174
3257.663
3246.762
3241.773
3236.959
3237.587
3163.049
3188.119
3191.933
3202.608
3213.509
3003.932
3019.367
3023.867
3026.394
3237.538
3239.538
3240.235
3240.235
3238.701
3238.003
3237.532
3237.532
3026.389
3237.532
3274.709
3061.141
3274.709
3274.709
3270.488
3270.488
3057.196
3265.884
3287.093
3287.093
3290.276
3075.693
3290.276
3284.608
3259.404
3259.404
3263.625
3219.672
3217.369
3217.369
3221.581
3011.478
3012.049
3209.424
3227.797
3321.808
3313.465
3313.465
3313.465
3280.744
3270.07
3270.233
3260.256
3260.256
3260.256
3260.256
3260.256
3260.256
3260.256
3260.256
3260.256
3260.256
3256.442
3259.625
3259.625
3245.666
3245.666
3245.828
3240.84
3029.481
3238.878
3238.878
3027.647
3217.166
3217.166
3220.654
3231.922
3239.422
3236.858
3238.858
3259.294
3263.898
3263.898
3263.898
3247.387
3256.282
3043.916
3047.796
3048.383
2861.747
3261.061
3321.724
3321.724
3321.724
3321.724
3321.724
3105.09
3106.916
3321.724
3321.724
3328.032
3306.32
3295.645
3293.203
3299.512
3299.512
3301.814
3086.478
2897.51
2730.346
3301.814
3301.814
3285.442
3289.593
3294.407
3311.256
3311.256
3321.233
3104.63
2914.551
3321.233
3321.233
3335.43
3354.267
3361.767
3361.767
3383.48
3383.48
3382.721
3396.68
3175.158
3193.304
3196.28
3419.276
3196.28
3408.375
3419.276
3426.253
3426.253
3426.253
3428.956
3428.956
3503.494
3512.39
3283.321
3284.755
3294.734
3297.549
3309.484
3327.092
3559.215
3562.471
3330.136
3524.439
3524.439
3598.977
3364.261
3598.977
3364.261
3580.14
3346.652
3580.14
3588.483
3584.994
3584.994
3607.634
3607.634
3618.535
3602.163
3600.727
3600.727
3599.291
3578.744
3587.953
3591.767
3571.331
3571.331
3558.564
3541.634
3548.61
3562.808
3330.451
3553.599
3550.895
3319.315
3323.815
3342.918
3345.894
3579.328
3584.997
3645.66
3625.224
3645.77
3648.334
3643.346
3641.91
3658.422
3419.829
3210.452
3211.798
3239.962
3259.829
3710.038
3712.419
3470.304
3473.87
3709.116
3718.012
3716.058
3719.241
3729.916
3755.323
3755.323
3510.41
3539.913
3323.184
3786.884
3786.884
3539.913
3786.884
3784.581
3777.866
3777.866
3770.75
3524.832
3540.266
3544.212
3567.772
3587.598
3837.895
3815.709
3815.709
3811.488
3811.488
3813.451
3823.427
3574.073
3817.119
3568.177
3814.416
3814.416
3813.788
3807.073
3793.113
3793.113
3793.113
3786.398
3786.398
3770.026
3766.212
3520.59
3544.34
3789.177
3789.177
3782.061
3778.247
3759.875
3755.224
3718.047
3711.331
3692.494
3729.672
3736.788
3755.625
3773.997
3777.811
3782.462
3789.177
3542.057
3789.177
3806.759
3790.247
3789.488
3790.247
3796.555
3548.954
3785.654
3538.764
3322.105
3331.472
3780.468
3780.468
3533.916
3535.785
3773.573
3773.573
3772.038
3772.038
3755.666
3755.666
3751.015
3751.015
3747.201
3502.818
3288.36
3296.166
3297.513
3301.594
3111.118
2941.42
2789.278
2652.1
3762.282
3740.096
3730.328
3726.515
3731.166
3738.666
3721.817
3740.654
3731.759
3741.177
3737.363
3739.363
3495.492
3500.155
3741.91
3736.922
3493.209
3496.185
3516.011
3518.538
3303.117
3764.017
3518.538
3750.058
3750.221
3750.221
3762.919
3775.616
3775.616
3766.198
3766.669
3764.227
3763.468
3769.137
3523.323
3307.61
3769.137
3766.695
3769.076
3769.076
3762.36
3766.573
3520.927
3746.137
3768.323
3748.265
3758.032
3755.02
3755.02
3758.032
3763.02
3758.369
3752.701
3730.515
3748.887
3748.887
3750.84
3732.468
3743.735
3754.41
3509.557
3754.41
3509.557
3515.454
3300.222
3760.718
3760.02
3514.802
3760.02
3760.02
3776.951
3530.628
3776.951
3766.974
3762.823
3762.823
3760.86
3760.86
3749.593
3717.849
3475.38
3715.887
3719.375
3716.672
3729.369
3736.485
3736.485
3492.802
3736.485
3492.802
3736.323
3703.299
3694.753
3708.951
3675.927
3675.927
3684.27
3689.259
3448.655
3686.817
3686.654
3707.09
3465.323
3253.161
3065.478
3702.878
3682.442
3644.767
3644.767
3622.581
3585.404
3586.84
3609.48
3374.079
3391.688
3184.033
3534.305
3525.096
3525.096
3524.337
3522.035
3522.035
3520.081
3528.628
3523.977
3526.358
3515.09
3515.09
3566.573
3333.97
3129.849
3134.074
3170.554
3612.956
3602.055
3593.712
3586.735
3584.773
3584.773
3591.488
3594.5
3594.5
3590.279
3356.13
3150.653
2968.885
3589.669
3355.56
3359.44
3591.116
3591.116
3591.116
3616.186
3616.186
3616.023
3636.57
3636.57
3636.57
3636.57
3634.57
3634.57
3609.366
3588.157
3588.157
3494.145
3419.608
3416.904
3405.637
3405.637
3367.605
3369.567
3366.384
3355.116
3355.116
3346.221
3127.989
3138.522
3357.488
3357.488
3387.89
3388.648
3381.148
3363.567
3363.567
3377.765
3396.137
3388.637
3397.532
3397.369
3398.904
3396.904
3396.904
3400.16
3383.23
3373.253
3373.253
3153.258
3373.253
3395.509
3395.509
3412.02
3421.23
3411.462
3400.788
3417.16
3417.16
3194.302
3417.16
3426.369
3202.91
3222.014
3222.666
3239.101
3040.788
3462.782
3469.759
3463.451
3465.892
3432.869
3208.986
3411.66
3420.869
3197.769
3214.943
3018.11
3434.427
3210.443
3434.427
3438.648
3214.389
3394.695
3398.907
3398.907
3398.907
3398.907
3410.174
3187.772
3392.593
3389.337
3168.293
3350.512
3364.709
3364.709
3363.951
3144.563
3153.171
3371.198
3151.337
3371.198
3371.198
3376.866
3156.636
3358.494
3369.169
3390.378
3391.814
3170.609
3388
3388
3396.895
3405.238
3374.837
3154.739
3367.337
3374.837
3374.837
3372.837
3372.837
3354.465
3386.558
3394.901
3403.797
3403.797
3414.471
3414.471
3414.471
3414.471
3444.872
3440.221
3388.738
3398.738
3396.174
3403.291
3371.73
3392.166
3170.938
3388.352
3386.352
3369.422
3407.096
3405.66
3405.66
3405.66
3384.451
3426.02
3426.02
3409.509
3405.358
3183.269
2988.375
3384.922
3403.294
3405.247
3396.352
3391.538
3375.026
3393.398
3172.09
3201.764
3425.142
3422.762
3497.299
3497.299
3269.215
3497.299
3489.799
3480.59
3500.648
3503.66
3515.904
3505.003
3276.416
3488.491
3487.794
3466.081
3473.581
3472.953
3466.645
3240.56
3434.552
3396.878
3407.552
3397.552
3449.035
3453.686
3379.148
3379.148
3379.148
3396.078
3396.078
3383.311
3379.099
3381.802
3384.183
3351.462
3362.73
3365.172
3402.846
3395.73
3393.427
3387.119
3387.119
3368.282
3350.701
3333.119
3115.742
3272.456
3254.875
3254.875
3298.828
3083.688
3090.698
3092.524
3308.282
3303.677
3088.22
3298.689
3311.387
3308.203
3317.099
3314.395
3314.395
3314.395
3098.239
3313.924
3338.994
3338.994
3338.994
3351.238
3358.256
3358.256
3339.419
3341.372
3123.457
3123.609
3143.905
3363.084
3366.898
3366.898
3362.294
3382.352
3363.98
3363.98
3363.98
3364.59
3353.323
3384.884
3164.13
3173.457
3382.163
3373.267
3373.267
3387.227
3387.227
3414.331
3191.658
3414.331
3431.18
3207.408
3207.864
3216.473
3440.878
3451.552
3444.436
3219.799
3239.005
3463.448
3463.448
3485.16
3475.741
3474.206
3247.628
3474.206
3483.625
3256.432
3465.253
3473.799
3475.753
3475.753
3475.59
3248.921
3285.215
3084.079
3086.222
3506.183
3506.183
3277.519
3287.709
3297.688
3522.77
3293.024
3293.734
3517.86
3288.435
3509.517
3511.82
3491.273
3494.285
3519.692
3290.147
3518.157
3288.712
3492.75
3506.709
3506.709
3499.209
3271
3275.348
3277.5
3502.674
3502.674
3535.395
3535.395
3535.395
3519.023
3537.395
3541.616
3519.36
3530.628
3541.302
3519.116
3525.831
3525.831
3530.645
3531.343
3506.14
3502.956
3519.468
3500.631
3272.329
3492.084
3500.98
3517.828
3517.131
3508.235
3491.387
3491.387
3481.41
3479.448
3468.547
3485.477
3258.163
3485.477
3499.674
3271.435
3489.674
3485.453
3485.453
3258.141
3453.36
3490.538
3491.009
3491.009
3491.009
3480.334
3476.846
3250.095
3251.929
3258.207
3472.826
3472.826
3463.407
3237.533
3459.195
3490.939
3523.032
3529.34
3530.776
3530.148
3555.352
3323.481
3555.352
3585.753
3564.544
3565.241
3556.346
3324.41
3334.943
3355.239
3589.163
3355.087
3586.151
3352.272
3356.935
3586.488
3573.721
3553.174
3501.692
3501.692
3498.436
3498.436
3487.762
3481.047
3474.07
3491.651
3487.837
3476.57
3472.419
3478.727
3453.523
3454.959
3477.599
3250.799
3476.84
3509.561
3518.98
3539.526
3538.767
3559.203
3559.203
3578.041
3578.041
3565.797
3567.759
3584.27
3585.805
3577.462
3555.206
3323.345
3346.78
3578.84
3599.276
3364.541
3367.516
3570.715
3550.279
3318.739
3475.741
3475.741
3463.044
3237.193
3460.663
3460.663
3461.273
3442.901
3442.901
3438.087
3440.468
3440.468
3442.422
3420.235
3423.419
3419.198
3417.198
3442.605
3442.605
3438.384
3406.291
3400.622
3389.721
3389.721
3411.977
3411.977
3403.43
3412.64
3412.64
3403.43
3394.884
3173.478
3380.924
3380.924
3160.429
3373.424
3153.418
3171.565
3188.739
3192.677
3409.753
3403.445
3401.91
3393.015
3393.015
3388.363
3388.363
3388.363
3388.363
3388.363
3388.363
3389.898
3393.712
3398.363
3407.259
3185.046
3200.351
3004.411
2831.079
2861.822
3446.849
3484.026
3515.77
3485.369
3482.358
3482.358
3476.049
3482.358
3468.16
3470.602
3480.578
3518.253
3509.358
3506.174
3498.674
3497.916
3481.404
3473.061
3471.526
3467.314
3480.081
3253.12
3053.949
2877.76
3480.081
3480.081
3253.12
3480.081
3480.081
3253.12
3260.918
3277.353
3280.918
3289.527
3519.029
3544.436
3542.483
3311.451
3542.483
3543.18
3547.331
3554.831
3553.395
3321.652
3549.244
3546.061
3548.503
3550.884
3551.642
3548.459
3557.669
3325.647
3328.174
3549.698
3566.209
3547.372
3577.773
3583.442
3597.401
3625.89
3606.477
3645.302
3637.802
3637.802
3628.593
3608.157
3626.994
3390.451
3623.983
3649.052
3634.855
3656.064
3658.767
3658.93
3644.733
3407.033
3625.895
3635.663
3398.554
3625.895
3627.43
3609.058
3619.058
3622.241
3613.898
3618.119
3382.155
3618.119
3618.119
3557.456
3564.433
3564.433
3571.148
3572.683
3339.682
3340.139
3551.962
3320.313
3117.028
3530.25
3562.343
3623.006
3623.477
3623.477
3387.163
3623.477
3387.163
3389.315
3393.253
3604.922
3608.105
3598.128
3598.826
3364.12
3598.826
3598.215
3636.247
3399.101
3190.992
3632.096
3621.422
3620.794
3598.154
3579.782
3595.642
3593.642
3359.274
3593.642
3584.433
3591.549
3580.875
3594.834
3360.389
3594.834
3610.695
3610.695
3617.712
3381.774
3388.334
3622.776
3386.508
3395.834
3632.753
3632.753
3670.785
3670.785
3675.006
3685.68
3684.922
3662.282
3423.438
3643.445
3634.549
3634.549
3634.549
3634.549
3623.875
3620.692
3637.203
3637.203
3628.308
3602.901
3619.75
3383.679
3619.279
3619.279
3618.791
3635.721
3635.721
3635.721
3614.512
3614.512
3378.783
3399.079
3190.972
3200.86
3216.982
3031.387
3628.189
3611.677
3611.677
3611.677
3632.113
3622.904
3622.904
3597.834
3608.735
3609.494
3602.517
3367.571
3161.393
3183.393
3202.862
3203.005
3639.035
3618.488
3634.86
3645.762
3657.029
3673.878
3434.277
3673.878
3668.89
3661.39
3667.058
3667.058
3427.902
3218.031
3667.058
3647.645
3409.755
3200.995
3215.852
3651.878
3621.477
3621.477
3638.326
3617.89
3655.922
3641.724
3404.22
3641.724
3641.724
3637.503
3632.852
3624.509
3613.608
3611.227
3601.227
3622.436
3622.436
3622.599
3632.017
3632.488
3395.587
3411.413
3439.832
3440.272
3440.981
3460.807
3463.851
3484.59
3716.433
3474.057
3698.061
3456.883
3698.061
3720.701
3720.701
3703.77
3703.16
3710.177
3708.741
3727.113
3720.805
3718.503
3715.799
3473.465
3715.799
3473.465
3474.052
3508.804
3751.224
3737.026
3493.307
3279.431
3279.574
3734.747
3739.398
3739.398
3748.294
3723.09
3735.788
3715.73
3724.939
3482.008
3683.369
3681.407
3683.971
3443.712
3682.009
3677.797
3691.756
3694.058
3696.02
3700.625
3723.265
3480.443
3723.265
3700.625
3684.113
3443.845
3232.997
3667.741
3699.485
3458.215
3660.66
3647.962
3410.052
3645.66
3646.419
3668.674
3646.962
3409.117
3642.148
3631.474
3629.512
3629.512
3392.804
3629.512
3638.93
3631.913
3631.913
3631.913
3664.006
3425.049
3494.726
3738.544
3749.218
3744.404
3735.509
3735.509
3744.404
3500.204
3744.404
3500.204
3738.096
3798.759
3801.462
3726.924
3729.936
3698.192
3695.75
3693.797
3693.038
3694.474
3715.683
3473.356
3474.008
3484.198
3727.282
3760.003
3798.828
3798.828
3819.375
3820.003
3820.003
3822.706
3825.087
3575.625
3576.277
3357.321
3163.63
3172.457
3816.023
3567.152
3816.023
3785.622
3775.645
3779.459
3758.25
3513.147
3298.056
3756.814
3752.163
3708.209
3707.512
3707.512
3707.512
3698.965
3682.035
3682.035
3681.337
3681.337
3664.488
3664.326
3643.89
3643.89
3640.878
3640.878
3624.366
3582.797
3582.797
3522.134
3496.727
3496.727
3485.459
3467.878
3464.064
3464.064
3426.887
3418.544
3380.869
3359.66
3337.948
3337.785
3330.808
3330.808
3310.372
3310.372
3271.547
3260.872
3242.5
3225.988
3207.616
3207.616
3207.616
3206.919
3204.215
3204.215
3204.215
3191.971
3181.297
3181.297
3170.029
3163.314
3163.314
3126.137
3114.869
3114.869
3114.398
3114.398
3111.956
3108.142
3082.735
3079.552
3070.343
3070.343
3038.782
3021.201
3000.654
2980.218
2980.218
2971.323
2965.015
2955.015
2955.015
2950.863
2918.142
2918.142
2880.11
2877.669
2855.029
2855.029
2836.657
2834.355
2822.11
2815.395
2801.436
2797.224
2787.247
2782.259
2782.259
2775.142
2768.834
2768.834
2743.765
2743.765
2739.113
2718.677
2718.677
2718.677
2718.206
2666.724
2666.724
2657.515
2656.756
2656.756
2656.756
2643.988
2636.971
2636.971
2623.012
2623.012
2623.012
2664.929
2661.67
2659.67
2627.17
2620.295
2594.283
2574.997
2558.759
2558.759
2558.759
2553.997
2544.89
2506.827
2506.827
2505.256
2501.351
2484.589
2501.351
2505.256
2514.363
2519.125
2557.188
2586.354
2637.917
2680.476
2682.048
2674.762
2652.533
2645.658
2625.783
2625.783
2625.783
2622.524
2604.524
2602.086
2602.086
2599.649
2599.649
2593.845
2593.845
2593.845
2593.363
2593.363
2554.792
2537.542
2537.542
2535.042
2527.363
2512.827
2495.494
2493.923
2472.887
2461.958
2447.667
2447.167
2429.917
2420.274
2387.417
2366.381
2364.81
2364.81
2347.476
2343.571
2343.571
2343.571
2343.571
2312.446
2309.363
2307.363
2307.363
2245.256
2234.327
2230.006
2229.292
2229.292
2191.229
2186.122
2160.455
2148.92
2119.753
2110.324
2067.765
2061.961
2087.628
1948.453
1957.253
1968.019
1973.436
1978.203
1854.565
1887.87
2157.565
2157.565
2157.565
2155.128
2127.378
2094.521
2094.521
2092.521
2061.396
2054.211
2045.104
2045.104
2026.295
2026.295
2026.295
2016.295
2004.759
2002.402
2002.402
1997.247
1997.247
2017.607
2020.021
2074.015
1932.605
2071.601
2071.601
2060.168
2025.851
2025.851
2025.192
2041.697
2032.728
1998.228
1998.228
1986.116
1978.053
1951.103
1940.978
1910.353
1909.603
1908.788
1908.788
1908.788
1908.788
1908.788
1898.888
1858.003
1833.666
1818.659
1840.753
1840.753
1840.753
1838.59
1833.513
1830.532
1827.907
1804.522
1776.881
1775.298
1757.811
1757.811
1757.811
1742.42
1741.583
1741.583
1700.593
1700.593
1686.593
1686.593
1711.911
1707.135
1702.368
1711.486
1711.486
1700.541
1700.541
1700.351
1687.946
1666.595
1647.014
1647.014
1634.608
1624.27
1624.27
1620.77
1620.77
1662.563
1662
1641.778
1641.778
1680.064
1678.179
1652.121
1699.919
1722.432
1722.432
1710.432
1709.523
1688.008
1666.674
1666.674
1662.432
1662.432
1633.523
1633.523
1633.523
1624.25
1599.705
1593.644
1545.201
1536.451
1531.481
1554.652
1563.676
1588.988
1598.551
1603.676
1609.926
1634.613
1684.57
1633.465
1633.465
1633.465
1630.02
1615.371
1607.754
1603.477
1642.427
1629.363
1629.363
1615.524
1600.403
1600.177
1599.125
1592.673
1592.673
1592.673
1592.673
1588.923
1588.923
1588.698
1588.698
1588.698
1534.843
1479.167
1479.167
1476.354
1502.159
1521.737
1514.594
1489.451
1432.357
1471.241
1425.87
1419.796
1405.654
1459.24
1372.615
1421.615
1449.775
1513.72
1520.28
1545.101
1554.079
1561.486
1575.653
1578.097
1542.042
1542.042
1508.264
1494.097
1494.097
1441.986
1441.986
1441.986
1441.986
1478.813
1442.904
1442.904
1441.75
1436.769
1436.769
1457.019
1463.885
1499.793
1462.19
1466.986
1499.532
1499.532
1499.532
1499.532
1530.449
1583.042
1433.319
1446.986
1446.986
1419.909
1384
1384
1384
1419.077
1423.317
1459.226
1451.611
1420.457
1389.303
1389.303
1421.409
1452.563
1452.563
1448.524
1420.659
1475.274
1479.313
1507.178
1504.639
1435.889
1485.325
1470.025
1441.865
1377.92
1371.36
1338.266
1343.19
1351.886
1405.147
1405.147
1379.049
1381.918
1343.505
1312.636
1312.636
1312.636
1319.766
1339.255
1368.589
1384.526
1451.135
1436.188
1465.365
1472.61
1507.95
1531.96
1509.577
1523.375
1623.702
1651.01
1651.01
1651.01
1651.01
1650.74
1614.832
1614.832
1650.74
1662.279
1669.144
1669.413
1710.875
1741.26
1672.51
1645.433
1647.305
1640.745
1618.875
1616.125
1607.792
1556.75
1540.813
1481.646
1446.865
1506.031
1479.18
1446.78
1415.18
1462.115
1455.281
1446.948
1434.198
1367.589
1375.922
1387.953
1394.786
1427.703
1461.453
1528.063
1540.813
1536.219
1497.318
1459.318
1459.318
1459.318
1459.318
1454.474
1436.557
1430.854
1430.854
1470.604
1475.448
1534.073
1667.62
1608.055
1625.255
1630.73
1622.15
1612.4
1569.28
1549.9
1549.9
1485.955
1485.955
1470.115
1479.865
1528.865
1531.548
1539.798
1581.26
1650.01
1665.24
1683.875
1651.769
1620.615
1652.721
1683.875
1750.39
1728.43
1728.43
1799.323
1799.323
1795.807
1793.234
1793.234
1784.297
1800.136
1763.842
1800.136
1861.875
1856.245
1833.353
1812.288
1854.722
1846.608
1804.17
1844.114
1866.136
1807.891
1848.484
1856.245
1861.875
1856.821
1836.864
1829.734
1798.864
1798.864
1859.324
1896.53
1886.673
1872.923
1865.113
1788.988
1779.464
1764.893
1726.321
1688.702
1727.274
1721.426
1728.881
1742.79
1751.881
1787.79
1800.915
1767.983
1763.21
1698.665
1703.438
1767.983
1800.915
1736.369
1698.426
1736.369
1800.915
1764.097
1726.153
1800.489
1873.153
1889.858
1850.016
1897.136
1936.788
2112.549
2172.549
2189.179
2250.918
2208.172
2224.672
2229.516
2249.047
2269.234
2277.859
2285.422
2297.922
2310.672
2053.931
2058.236
1995.504
1998.504
2015.808
1983.47
1999.634
2020.685
2046.754
2076.496
2151.172
2227.509
2259.703
2290.168
2296.996
2301.004
2334.573
2355.272
2361.427
2417.289
2422.461
2424.591
2197.285
2227.098
2307.61
2328.277
2342.958
2343.595
2365.549
2375.322
2377.879
2419.697
2424.667
2426.956
2433.044
2437.07
2443.379
2454.629
2503.732
2443.125
2456.968
2411.906
2423.156
2389.166
2389.733
2389.922
2390.47
2403.139
2405.419
2345.02
2410.122
2412.66
2240.327
2263.042
2271.792
2274.292
2122.672
2137.828
2140.411
2164.494
2168.528
2184.172
2187.283
2187.733
2203.511
2224.778
2264.293
2299.511
2318.717
2328.065
2356.484
2374.092
2383.44
2339.239
2352.011
2311.948
2320.885
2336.635
2343.01
2372.323
2456.542
2474.849
2483.099
2511.536
2498.852
2506.352
2521.209
2375.755
2383.37
2399.957
2355.17
2357.811
2231.5
2247.786
2133.492
2143.665
2144.218
2144.561
2162.93
2181.447
2179.008
2181.508
2190.658
3363.994
3323.003
3277.17
3264.747
3259.247
3249.093
3306.227
3273.99
3200.196
3231.606
3272.596
3285.019
3208.988
3235.938
3280.625
3285.988
3056.733
3061.337
3083.636
3093.182
2895.745
2933.777
2980.878
2985.282
2989.08
3008.484
3010.314
3016.085
2835.12
2802.382
2804.441
2823.147
2832.147
2864.213
2705.09
2715.201
2718.563
2671.861
2675.161
2677.275
2678.839
2682.602
2692.584
2694.445
2714.15
2723.723
2582.841
2601.526
2638.864
2646.278
2649.401
2519.102
2401.02
2293.511
2307.75
2308.063
2309.347
3595.983
3595.983
3544.5
3525.087
3532.587
3302.201
3100.026
2921.178
2932.918
2940.995
2947.894
2956.721
2795.445
2805.018
2659.931
2688.127
2555.924
2563.609
2443.439
2464.768
2466.906
3668.971
3429.69
3219.709
3650.599
3650.436
3625.366
3618.39
3614.238
3592.526
3614.238
3639.308
3639.471
3657.843
3419.288
3425.81
3216.066
3230.556
3259.27
3071.236
2903.714
3681.959
3441.832
3231.107
3044.697
2878.623
3644.782
3647.224
3652.212
3664.98
3668.163
3428.935
3431.75
3221.643
3035.779
3041.981
3050.058
3053.904
2887.327
2892.782
2897.214
3668.064
3663.913
3646.331
3408.527
3608.299
3372.976
3378.872
3172.003
3173.349
3191.962
3007.81
2843.748
2868.566
2868.934
2720.541
2586.744
2465.49
2471.467
2472.498
2478.475
2367.498
2266.034
2272.955
3695.939
3697.892
3456.726
3245.089
3057.873
2891.08
2741.541
2742.058
2746.261
2611.199
3695.712
3454.688
3455.34
3461.899
3475.171
3481.448
3494.497
3496.649
3282.569
3304.686
3756.596
3759.608
3770.282
3767.98
3769.942
3771.942
3788.791
3786.828
3788.782
3541.688
3788.311
3792.125
3783.23
3792.439
3824
3828.605
3845.116
3852.616
3856.837
3881.907
3859.267
3879.814
3954.352
3971.933
3976.922
3717.557
3736.307
3991.991
4007.852
3746.47
3517.094
3519.237
3541.533
3561.003
3569.268
3363.349
4046.096
3782.22
3550.656
3345.81
4038.98
3775.568
3544.411
3339.925
3341.195
3158.948
2995.554
2995.903
2848.564
2715.037
2593.468
4018.799
3756.704
4001.951
3980.238
3720.658
3492.862
3493.474
3972.041
3963.145
3704.679
3911.663
3972.326
3969.622
3931.948
3952.006
3936.145
3679.44
3454.168
3462.923
3263.139
3946.122
3688.766
3914.029
3939.233
3682.326
3682.978
3936.674
3937.163
3946.581
3964.163
3705.63
3963.404
3704.921
3949.445
3935.247
3678.601
3902.224
3882.811
3889.119
3897.666
3905.166
3650.481
3426.982
3229.272
3053.13
2895.209
2895.558
2753.154
2624.1
2637.143
2519.062
2411.102
2312.015
2220.752
3924.561
3668.611
3670.894
3446.145
3927.003
3670.894
3671.334
3920.497
3934.456
3945.358
3945.985
3948.689
3948.689
3691.166
3939.48
3948.026
3927.48
3929.442
3673.174
3909.384
3654.424
3430.684
3232.76
3888.174
3634.598
3634.75
3651.185
3861.965
3610.098
3612.625
3391.444
3399.25
3857.192
3861.006
3862.959
3843.547
3851.89
3854.27
3842.026
3847.015
3854.515
3855.951
3853.951
3759.939
3748.672
3766.253
3766.416
3672.404
3432.899
3667.59
3428.399
3440.269
3453.318
3241.89
3668.84
3665.352
3716.834
3754.012
3509.185
3529.011
3312.949
3315.092
3123.837
2953.445
3777.663
3531.293
3533.446
3548.272
3558.804
3340.918
3148.173
3784.907
3759.703
3514.505
3533.255
3549.082
3331.791
3139.572
3143.553
3144.18
2972.68
2818.92
2680.285
2554.646
3792.288
3802.288
3554.313
3336.702
3144.2
3162.546
3824.474
3826.474
3843.323
3812.922
3765.593
3520.011
3760.779
3732.291
3750.663
3506.054
3746.012
3707.98
3705.276
3707.98
3466.155
3496.155
3524.573
3539.878
3550.41
3798.113
3550.41
3796.677
3549.068
3331.778
3785.41
3785.41
3803.782
3801.34
3798.959
3551.201
3333.781
3788.959
3797.855
3797.855
3550.168
3772.651
3526.609
3761.75
3786.953
3800.913
3811.814
3821.814
3811.814
3811.326
3562.761
3344.633
3808.142
3818.119
3818.119
3795.933
3805.933
3790.073
3797.573
3798.27
3817.108
3817.108
3817.866
3805.099
3813.994
3565.255
3565.965
3811.741
3807.59
3795.346
3784.078
3763.642
3741.93
3734.913
3749.11
3739.11
3495.255
3499.918
3514.745
3759.959
3737.32
3493.582
3279.689
3090.476
2921.905
2770.772
2634.504
3737.32
3737.32
3730.203
3486.929
3487.639
3274.11
3085.219
3087.188
3712.797
3708.145
3689.308
3685.494
3648.317
3629.945
3623.23
3616.113
3619.927
3638.765
3657.137
3418.628
3422.976
3429.253
3219.298
3033.57
3668.503
3670.884
3660.209
3421.5
3660.209
3657.506
3657.506
3657.506
3563.494
3331.092
3563.023
3621.221
3619.267
3599.209
3620.922
3620.922
3621.392
3616.578
3606.811
3638.904
3649.578
3638.677
3640.113
3643.297
3648.11
3410.19
3647.64
3606.07
3607.605
3587.547
3583.326
3583.326
3578.512
3345.13
3357.065
3361.011
3581.541
3581.541
3567.343
3334.69
3516.98
3516.282
3548.375
3549.91
3318.394
3320.22
3116.941
3537.904
3537.904
3533.683
3547.881
3316.497
3331.323
3561.439
3561.439
3541.381
3530.706
3300.443
3348.568
3582.189
3580.189
3580.189
3571.642
3338.709
3408.386
3641.576
3404.082
3410.359
3418.967
3209.643
3231.643
3680.128
3440.12
3654.924
3647.948
3636.68
3636.209
3646.884
3669.14
3429.848
3669.14
3669.14
3669.14
3669.14
3672.151
3684.919
3701.849
3699.887
3695.666
3728.387
3485.231
3707.177
3767.84
3777.84
3761.328
3759.366
3753.698
3640.116
3402.717
3409.239
3637.326
3656.163
3670.122
3430.766
3437.418
3677.238
3437.418
3450.467
3470.293
3687.337
3446.859
3235.827
3049.144
3686.727
3683.238
3651.494
3658.61
3656.648
3418.171
3441.921
3677.904
3677.904
3652.701
3652.701
3643.282
3638.677
3629.782
3636.898
3668.642
3668.642
3743.18
3741.227
3497.234
3505.549
3290.923
3745.134
3745.762
3712.738
3701.837
3709.337
3696.64
3696.64
3748.122
3689.924
3449.277
3683.616
3699.988
3687.744
3687.744
3685.041
3444.712
3673.773
3675.773
3674.238
3434.614
3224.332
3668.57
3679.471
3676.767
3676.767
3686.186
3686.186
3668.605
3669.093
3665.279
3696.84
3696.84
3693.584
3682.317
3679.134
3690.401
3695.215
3695.215
3601.203
3487.622
3476.721
3476.721
3509.442
3520.709
3537.558
3306.848
3322.598
3119.173
3123.398
3541.64
3310.663
3107.969
3120.429
3124.125
3528.305
3548.852
3539.433
3534.445
3532.003
3532.491
3514.91
3514.91
3512.468
3504.125
3481.939
3470.672
3471.299
3485.259
3488.27
3260.774
3262.601
3471.387
3464.369
3450.172
3443.055
3218.508
3219.851
3220.503
3445.189
3442.808
3218.277
3021.24
3410.715
3431.262
3436.93
3474.605
3487.372
3460.267
3438.012
3213.793
3217.359
3020.378
3044.163
3454.971
3465.872
3458.372
3408.009
3410.712
3188.274
3410.712
3188.274
2993.074
3409.276
3413.427
3190.813
3235.054
3435.552
3211.495
3408.448
3411.151
3421.128
3440.541
3407.82
3185.571
3403.608
3382.398
3382.398
3384.779
3405.326
3404.567
3182.53
2987.681
3401.555
3393.009
3395.712
3456.375
3472.747
3472.747
3454.375
3454.375
3470.235
3470.235
3460.468
3443.956
3219.351
3255.644
3482.782
3482.782
3462.346
3462.834
3463.445
3463.445
3453.468
3440.701
3449.247
3449.247
3440.701
3440.701
3440.538
3448.038
3448.038
3446.084
3455.852
3435.305
3417.724
3417.724
3417.724
3410.224
3371.398
3379.741
3411.834
3436.904
3453.416
3476.055
3480.267
3473.959
3463.058
3459.244
3459.244
3233.641
3441.663
3438.959
3214.679
3438.959
3214.679
3017.862
3437.006
3437.006
3434.442
3434.279
3434.279
3210.304
3254.546
3275.285
3503.794
3503.794
3494.898
3527.619
3297.557
3305.356
3340.573
3572.102
3563.206
3600.881
3600.881
3600.881
3600.881
3366.041
3374.356
3535.238
3545.006
3561.517
3572.192
3550.006
3318.484
3549.247
3549.247
3548.776
3548.776
3510.744
3530.157
3532.119
3564.84
3555.631
3538.701
3547.91
3547.91
3316.524
3547.91
3580.631
3582.067
3582.067
3581.369
3581.369
3588.346
3585.904
3567.532
3585.113
3585.113
3594.323
3359.91
3380.649
3616.509
3614.509
3627.206
3627.206
3627.206
3627.206
3627.206
3390.649
3626.735
3635.282
3639.494
3641.456
3663.169
3630.448
3630.448
3628.913
3618.238
3557.576
3483.038
3483.038
3475.538
3475.538
3536.201
3539.456
3560.003
3560.003
3560.003
3559.244
3552.936
3552.936
3551.401
3559.744
3559.744
3542.814
3491.331
3491.331
3477.372
3468.826
3456.058
3433.872
3429.651
3404.244
3435.805
3431.584
3447.445
3438.235
3438.235
3442.049
3441.561
3480.387
3455.183
3455.183
3488.206
3495.183
3470.113
3470.113
3472.076
3472.076
3489.657
3262.071
3285.821
3333.946
3566.547
3587.093
3591.314
3611.372
3609.07
3620.337
3623.349
3626.605
3628.985
3607.776
3605.776
3605.017
3605.017
3601.529
3366.647
3368.481
3162.247
3603.491
3608.305
3607.608
3611.828
3604.328
3615.003
3379.242
3172.349
3611.82
3613.782
3617.038
3621.852
3596.782
3362.209
3579.933
3569.933
3565.119
3564.648
3567.831
3569.785
3564.797
3586.509
3586.509
3579.794
3346.329
3579.794
3346.329
3356.519
3360.399
3368.198
3370.024
3372.84
3388.274
3180.829
3610.468
3611.227
3611.227
3630.064
3393.321
3185.566
3622.564
3629.279
3629.279
3646.128
3660.326
3658.372
3626.628
3390.109
3607.791
3533.253
3533.253
3302.823
3328.16
3124.395
3146.513
3154.594
3594.77
3627.491
3390.916
3399.231
3636.387
3604.826
3369.728
3604.826
3592.128
3584.628
3584.628
3603.465
3605.427
3605.427
3573.683
3573.055
3576.067
3568.951
3563.962
3331.53
3563.962
3561.962
3548.003
3569.212
3569.212
3581.91
3348.307
3561.852
3501.189
3505.401
3552.73
3552.73
3551.195
3551.195
3319.595
3530.648
3552.834
3552.834
3321.128
3552.834
3552.834
3547.166
3547.166
3547.637
3316.269
3113.232
3530.788
3511.375
3510.677
3520.654
3520.654
3520.166
3520.166
3522.608
3521.98
3521.98
3519.276
3530.544
3523.567
3513.59
3513.59
3480.869
3487.985
3492.799
3490.846
3263.182
3465.642
3475.061
3495.119
3495.119
3504.015
3275.492
3074.952
3079.176
3094.033
3096.406
3525.451
3493.358
3265.53
3492.66
3475.73
3500.799
3513.497
3521.84
3553.933
3322.155
3324.307
3495.573
3267.601
3275.399
3074.865
2897.469
2899.373
3506.218
3506.218
3506.218
3506.218
3506.218
3506.218
3497.323
3494.942
3486.599
3470.738
3468.358
3407.695
3412.346
3391.799
3407.66
3407.66
3403.448
3428.517
3428.517
3406.424
3389.913
3391.913
3377.953
3363.994
3363.831
3363.831
3355.488
3355.488
3136.652
3341.529
3346.517
3330.006
3351.718
3351.718
3351.718
3351.881
3351.881
3133.28
2941.446
2963.742
3372.683
3372.683
3341.122
3123.223
2932.005
3341.122
3341.122
3348.099
3331.25
3113.995
3331.25
3334.433
3334.433
3325.538
3335.515
3344.41
3126.296
3344.41
3356.654
3137.742
3356.654
3354.692
3340.733
3329.831
3331.831
3331.831
3341.808
3332.599
3345.297
3405.959
3183.832
3405.959
3402.145
3402.145
3385.297
3385.297
3388.308
3413.512
3415.512
3192.761
3415.512
3431.884
3435.067
3211.041
3435.067
3435.067
3211.041
3383.584
3383.584
3374.166
3364.189
3368.34
3360.84
3387.945
3387.945
3166.992
2973.094
3350.27
3348.834
3346.131
3346.131
3347.567
3347.567
3325.855
3325.227
3325.227
3108.364
3315.25
3319.462
3319.462
3413.474
3391.288
3391.288
3416.695
3419.951
3425.619
3425.619
3411.422
3410.933
3415.584
3413.584
3413.584
3427.544
3411.683
3400.416
3432.509
3429.497
3399.096
3177.416
3366.073
3366.235
3366.235
3356.468
3356.468
3369.166
3443.703
3219.114
3225.636
3418.587
3429.855
3436.831
3212.69
3225.962
3247.125
3473.669
3422.186
3422.186
3449.291
3471.93
3462.512
3462.023
3462.782
3445.201
3448.384
3464.756
3467.137
3473.445
3454.608
3475.817
3512.994
3512.994
3534.203
3534.203
3303.712
3312.516
3543.622
3536.122
3547.39
3585.422
3585.422
3586.049
3593.166
3570.98
3545.776
3545.776
3554.672
3322.845
3119.406
3119.834
3131.038
2950.401
2789.47
3565.485
3565.485
3562.474
3555.497
3568.195
3589.907
3594.512
3590.299
3592.253
3596.067
3596.067
3361.541
3376.367
3611.927
3611.169
3611.169
3600.494
3604.715
3614.692
3627.459
3390.886
3627.459
3627.459
3614.692
3651.869
3636.009
3627.666
3391.079
3414.639
3420.535
3659.177
3689.578
3689.578
3448.954
3687.198
3661.791
3678.302
3657.093
3688.837
3666.581
3666.581
3657.686
3620.509
3619.073
3608.398
3373.068
3382.416
3175.329
3183.901
3000.214
3590.491
3628.166
3678.529
3680.529
3679.093
3439.152
3449.685
3457.674
3462.973
3467.636
3701.221
3459.837
3248.01
3690.32
3696.628
3700.849
3703.86
3721.442
3743.154
3499.035
3743.154
3717.747
3707.747
3730.003
3730.003
3730.003
3714.142
3714.142
3714.142
3734.578
3751.09
3755.904
3751.09
3750.619
3755.433
3510.514
3518.313
3302.906
3761.073
3761.77
3763.733
3763.733
3753.058
3743.058
3710.337
3689.791
3669.244
3429.946
3435.245
3674.913
3668.198
3668.198
3679.465
3679.465
3696.395
3455.326
3696.395
3698.358
3698.358
3705.073
3707.073
3707.073
3724.003
3703.456
3690.759
3713.015
3715.456
3710.642
3726.503
3727.262
3736.471
3492.788
3501.592
3745.89
3727.052
3733.36
3489.88
3499.011
3503.511
3516.56
3761.901
3751.901
3732.488
3716.116
3728.814
3485.63
3272.224
3272.367
3083.577
3087.702
3089.671
3736.346
3735.858
3714.648
3736.904
3721.044
3693.939
3453.03
3693.939
3694.427
3694.427
3697.131
3697.131
3694.75
3694.75
3453.788
3686.407
3702.267
3693.721
3668.517
3429.266
3657.25
3655.288
3659.5
3659.5
3665.169
3665.169
3661.913
3678.762
3699.198
3708.093
3703.881
3693.904
3693.904
3693.904
3704.805
3700.654
3667.933
3667.933
3646.221
3598.892
3621.532
3621.532
3610.265
3613.448
3613.448
3622.343
3611.442
3559.959
3567.459
3567.459
3566.762
3579.006
3590.273
3589.663
3597.163
3558.337
3585.442
3585.442
3351.609
3375.168
3607.462
3607.462
3605.509
3616.183
3627.451
3629.413
3631.855
3641.064
3650.831
3648.869
3674.073
3684.974
3659.567
3657.567
3657.567
3664.683
3606.485
3371.28
3371.932
3607.183
3371.932
3372.389
3602.858
3595.741
3596.439
3603.456
3612.003
3616.608
3626.584
3601.381
3601.381
3592.485
3578.288
3571.311
3581.078
3572.532
3597.602
3607.602
3607.602
3582.195
3591.09
3594.102
3562.009
3329.704
3562.009
3329.704
3558.997
3326.889
3555.985
3324.073
3324.53
3462.462
3469.177
3242.927
3469.177
3469.177
3452.805
3455.108
3471.48
3471.48
3484.177
3466.596
3466.596
3240.514
3466.596
3470.817
3477.933
3484.241
3484.241
3257.008
3057.599
3470.044
3243.736
3247.682
3470.052
3470.811
3463.311
3510.64
3542.733
3311.685
3526.36
3526.36
3296.38
3526.36
3528.36
3507.151
3497.733
3470.628
3470.628
3467.445
3467.933
3478.608
3469.712
3486.084
3518.177
3511.061
3491.003
3478.235
3466.968
3459.852
3234.209
3251.383
3253.253
3480.224
3487.724
3440.395
3216.022
3437.14
3432.488
3410.776
3188.334
3396.817
3384.119
3388.77
3408.183
3401.468
3398.285
3381.773
3382.532
3331.049
3326.445
3326.445
3329.148
3329.148
3319.939
3319.939
3317.497
3300.648
3267.625
3284.474
3070.269
3072.552
3286.916
3264.276
3278.235
3289.503
3289.503
3074.97
3267.317
3285.689
3263.049
3263.049
3250.282
3246.07
3246.767
3267.203
3267.203
3267.203
3054.125
3257.227
3257.227
3274.076
3271.372
3291.43
3076.772
3287.209
3284.026
3281.584
3281.584
3281.584
3270.91
3270.91
3238.189
3238.189
3228.422
3260.166
3222.491
3222.491
3012.329
3016.274
3018.5
3024.397
2839.23
3235.401
3024.397
3213.145
3208.994
3158.631
3160.933
3183.189
3185.631
3172.933
3168.721
3219.084
3221.038
3217.224
3007.405
3156.561
3152.34
3130.628
3128.666
3133.48
3166.201
2959.709
2778.503
3166.038
3149.189
3137.922
3175.099
3175.099
3193.471
3184.576
3175.68
3162.983
3162.983
2956.701
2961.201
2779.903
3167.797
3158.378
3158.378
3158.849
3147.948
3148.419
3167.256
3174.756
3195.302
2986.913
3007.717
3215.605
3215.605
3227.849
3239.116
3235.302
3235.302
3024.304
3218.93
3235.442
3255.5
3268.267
3270.57
3251.733
3262.407
3265.11
3290.517
3292.471
3301.017
3085.734
3301.017
3298.006
3335.68
3310.61
3307.427
3307.427
3307.427
3307.427
3260.099
3260.099
3279.512
3246.791
3247.279
3247.279
3209.605
3204.953
3206.39
3206.552
3167.727
3107.064
3032.526
3010.814
3010.651
2814.304
2838.054
3031.244
3052.956
3014.924
2818.299
2819.734
3015.023
3008.715
3010.715
2979.154
3029.517
3029.517
3022.401
3030.948
3037.965
3018.552
3021.808
3022.419
2825.304
3006.047
3020.244
3020.244
3014.576
3018.727
3016.765
3000.904
3003.468
3003.956
2982.244
2787.75
2617.071
2974.744
2954.308
2970.68
2977.657
2994.029
3003.448
2807.571
2864.277
3050.151
2851.228
2866.663
3055.762
3033.506
3049.878
3062.122
3060.16
3067.276
3067.439
3087.985
2886.595
3087.985
3090.427
3103.125
3086.613
3086.613
3077.718
2876.997
2900.432
3102.788
2900.432
2909.236
3103.66
3099.439
3094.625
2892.802
3092.663
3072.116
2871.761
2941.438
3119.549
3102.619
3107.224
3107.224
3103.073
3128.48
3124.259
3124.259
3099.055
2896.943
2901.247
2957.954
3159.509
3146.811
3146.811
3143.799
3145.799
3148.983
3166.564
3164.183
3164.183
3142.974
3142.276
3151.172
3153.552
3137.692
2933.06
3121.18
3115.512
2912.326
2931.533
2938.185
3143.174
3151.517
3151.029
2945.527
3151.029
3160.238
2954.136
2958.636
2971.908
3152.145
3166.105
3163.401
3158.413
3158.413
3153.424
3162.32
3159.064
3153.395
3151.395
3139.151
3129.151
3117.884
3108.674
3127.047
3117.279
3084.558
3096.802
3087.593
3092.198
3055.02
3062.52
3156.532
3153.828
3156.84
3134.201
3134.201
3135.735
3138.038
3158.096
3177.509
3170.392
2963.628
2966.155
3158.898
3158.41
3147.142
2941.894
3127.084
3144.666
3131.968
3142.869
3142.869
3138.055
3100.878
3100.878
3100.878
3127.983
3148.419
3159.686
3165.355
3140.151
3140.151
3140.151
3140.151
3161.863
3222.526
3012.361
3212.549
3219.526
3216.343
3206.576
3206.576
3206.087
3216.762
3233.61
3022.723
3225.267
3247.523
3249.523
3224.453
3225.89
3217.547
3007.707
3217.547
3007.707
3217.547
3197.11
3190.395
3209.233
2999.935
3001.761
3211.186
3001.761
3207.93
3205.93
3208.494
2999.245
3038.103
3250.064
3270.122
3261.227
3265.378
3262.366
3292.767
3078.022
3113.239
3317.674
3326.017
3328.017
3318.808
3293.738
3311.32
3305.012
3289.151
3310.36
3316.029
3099.766
3101.601
3131.103
3141.636
3360.657
3141.484
2949.148
3349.39
3346.948
3339.93
3344.919
3344.919
3126.772
3150.207
3165.511
3174.12
2979.786
2989.153
3404.244
3431.349
3420.081
3415.267
3412.256
3189.717
3412.256
3412.256
3380.163
3159.717
3161.06
3380.901
3160.408
2966.913
3370.901
3360
3353.023
3134.348
3352.395
3368.256
3372.468
3350.212
3337.445
3337.445
3300.267
3311.535
3095.565
3311.535
3313.535
3304.988
3316.256
3316.727
3311.913
3324.61
3308.099
3318.076
3320.076
3103.549
3320.076
3322.517
3317.703
3317.703
3322.355
3320.052
3328.948
3303.744
3289.785
3321.346
3321.974
3320.02
3307.776
3307.776
3307.305
3307.305
3344.483
3126.364
3342.483
3349.459
3343.151
3125.12
3329.192
3319.424
3327.767
3319.424
3330.692
3337.407
3319.826
3103.315
2913.316
3309.151
3311.113
3302.77
3302.77
3270.677
3270.677
3292.39
3077.668
2889.24
2911.24
3316.762
3354.436
3341.738
3392.102
3385.794
3164.981
3385.794
3410.997
3410.997
3408.997
3406.695
3402.474
3425.113
3463.145
3456.43
3458.384
3469.285
3453.424
3443.448
3416.343
3416.343
3416.831
3416.073
3413.77
3413.77
3450.948
3457.663
3232.163
3457.663
3457.663
3437.227
3213.06
3429.727
3446.099
3221.353
3231.543
3450.692
3464.89
3452.645
3420.552
3423.256
3423.727
3441.308
3425.448
3423.448
3424.145
3444.203
3411.483
3422.75
3400.494
3178.723
3182.668
3197.495
3404.064
3387.134
3391.785
3396.006
3394.006
3411.587
3411.75
3418.058
3421.314
3421.314
3390.913
3409.285
3398.017
3398.017
3418.076
3392.669
3387.855
3387.855
3410.041
3410.041
3187.647
3222.864
3431.343
3399.599
3399.599
3379.541
3374.727
3154.636
3374.727
3406.471
3406.942
3429.128
3445.977
3221.239
3445.218
3445.218
3445.381
3220.682
3419.974
3419.974
3421.927
3421.765
3421.276
3412.381
3398.183
3398.183
3388.765
3389.523
3414.727
3192.027
3414.564
3191.875
3407.448
3412.099
3437.302
3474.977
3479.189
3252.285
3477.753
3486.299
3258.932
3059.406
3482.485
3475.509
3484.718
3459.648
3448.381
3457.276
3455.314
3457.695
3457.695
3232.193
3034.304
2859.248
2865.45
3465.195
3457.695
3457.695
3232.193
3447.718
3452.369
3433.997
3432.462
3450.044
3443.067
3410.974
3429.346
3205.693
3429.346
3433.951
3429.299
3462.323
3440.067
3435.855
3211.777
3256.019
3462.637
3463.125
3481.497
3491.474
3491.474
3491.474
3486.823
3480.108
3461.27
3442.898
3439.084
3439.084
3457.456
3231.97
3238.622
3242.188
3043.686
2868.089
2871.935
3472.549
3472.712
3474.247
3247.666
3474.247
3476.628
3249.891
3459.698
3462.953
3469.669
3449.61
3224.636
3424.203
3200.886
3239.745
3269.745
3494.61
3492.047
3473.209
3493.756
3502.099
3500.145
3500.145
3493.837
3489.023
3489.023
3478.349
3469.453
3467.073
3471.887
3481.305
3482.741
3255.606
3258.133
3258.59
3485.174
3485.174
3488.186
3440.858
3440.858
3440.858
3440.858
3216.454
3019.528
3440.387
3445.375
3443.413
3427.041
3427.041
3487.703
3508.25
3514.558
3285.348
3084.204
3084.347
3505.512
3512.628
3489.988
3489.517
3478.843
3478.233
3538.895
3519.483
3519.483
3494.413
3266.516
3494.413
3483.145
3478.933
3553.471
3321.723
3542.203
3510.642
3507.939
3539.683
3552.381
3582.782
3545.108
3526.735
3527.346
3531.951
3533.904
3549.765
3549.765
3545.16
3545.16
3543.16
3553.137
3565.834
3582.346
3595.113
3600.782
3600.294
3602.735
3589.968
3355.84
3579.294
3579.294
3575.073
3543.512
3543.512
3553.279
3550.096
3533.247
3302.818
3533.247
3302.818
3100.605
3533.247
3537.398
3515.142
3533.98
3303.503
3473.317
3246.796
3473.317
3480.032
3488.375
3490.375
3490.375
3491.073
3478.828
3473.16
3470.858
3244.497
3045.855
2870.132
2895.272
2899.118
3505.91
3505.91
3483.724
3409.186
3399.186
3396.003
3363.282
3359.131
3356.427
3358.73
3380.442
3405.645
3183.538
2988.628
2992.332
3349.203
3351.506
3350.07
3131.587
2939.857
3337.372
3335.419
3333.038
3330.596
3113.383
3117.329
3330.212
3352.468
3336.096
3344.991
3344.991
3339.323
3314.253
3272.683
3235.506
3226.297
3197.808
3186.541
3181.552
3149.808
3137.564
3143.233
3140.791
2935.957
2940.62
2975.372
3180.253
3167.555
2960.976
2969.584
2993.019
2999.579
3280.146
3061.469
2870.128
2878.096
2893.846
2723.62
2572.308
3290.348
3194.098
3194.098
3177.336
3159.336
3159.961
3162.318
3162.318
2951.497
3160.747
3167.205
3161.402
3162.973
3177.265
3193.503
3195.551
3187.009
3190.268
2977.583
3138.705
3141.205
3140.723
3140.89
3158.89
3161.973
3157.723
3162.652
3201.589
3214.589
3214.589
3204.375
3215.304
3215.304
3232.208
3211.173
3222.708
3223.19
3213.19
3230.095
3262.408
3285.586
3066.547
3284.872
3276.122
3276.122
3266.479
3282.717
3283.494
3268.958
3271.315
3271.315
3283.851
3309.655
3322.655
3320.646
3337.551
3331.747
3320.211
3098.864
3099.589
3170.814
3380.396
3380.563
3155.192
3358.333
3361.905
3372.143
3354.893
3355.393
3372.726
3372.726
3395.905
3377.905
3152.711
3372.798
3372.798
3375.565
3356.28
3356.28
3366.28
3365.503
3397.815
3396.345
3379.583
3383.905
3460.217
3455.896
3478.125
3485.804
3485.804
3483.304
3545.411
3309.05
3532.411
3537.125
3537.125
3301.317
3304.358
3304.808
3098.258
3538.509
3534.196
3503.071
3525.857
3527.429
3531.741
3532.455
3551.265
3534.503
3534.503
3515.693
3281.314
3508.015
3274.147
3281.314
3515.693
3513.193
3513.193
3475.131
3494.417
3475.607
3478.107
3485.393
3485.393
3485.393
3476.851
3245.061
3261.161
3057.339
3492.101
3443.646
3420.932
3422.94
3422.94
3433.155
3438.083
3208.878
3008.323
3421.321
3440.131
3440.131
3414.464
3416.036
3416.813
3189.025
3189.75
3210.95
3440.304
3448.845
3437.31
3436.667
3436.667
3457.589
3474.839
3243.183
3040.484
3465.732
3468.232
3457.071
3455.024
3477.738
3472.81
3434.238
3434.238
3441.381
3211.956
3212.622
3434.81
3205.822
3005.458
3434.81
3418.571
3410.893
3378.898
3379.526
3379.526
3379.526
3362.677
3362.189
3341.642
3334.142
3322.875
3106.166
3154.291
2961.171
3371.102
3352.73
3348.078
3341.102
3338.398
3366.887
3367.645
3384.576
3389.39
3379.971
3159.538
3370.552
3356.593
3389.314
3380.105
3371.558
3321.195
3104.595
3321.195
3104.595
3110.872
3115.177
3312.078
3337.485
3375.16
3375.16
3155.041
2961.875
3353.448
3352.977
3134.304
3169.057
3184.361
3403.962
3405.398
3408.887
3411.189
3411.189
3420.956
3421.654
3412.759
3412.759
3405.642
3183.535
3398.927
3399.416
3374.212
3374.212
3381.712
3370.445
3395.852
3396.015
3391.794
3385.485
3376.276
3380.497
3382.878
3382.878
3414.439
3389.235
3406.084
3424.456
3431.474
3420.206
3431.474
3431.311
3447.823
3448.581
3473.785
3469.634
3530.297
3543.064
3544.5
3544.5
3542.538
3542.538
3565.177
3565.177
3639.715
3639.715
3648.058
3647.448
3660.145
3678.517
3678.517
3680.471
3440.44
3680.471
3685.122
3682.11
3650.366
3630.953
3640.721
3403.283
3413.815
3649.608
3649.608
3647.227
3409.364
3646.738
3586.076
3583.372
3574.826
3579.038
3564.84
3490.302
3429.64
3431.64
3393.965
3172.62
3178.897
3179.353
3198.457
3414.587
3403.686
3381.047
3380.349
3375.744
3337.712
3120.035
3135.861
3151.166
3371.015
3370.852
3370.852
3381.753
3390.299
3169.193
3390.299
3383.323
3346.145
3358.843
3368.61
3148.918
2956.128
3350.238
3347.936
3129.592
3297.573
3303.881
3088.41
3284.468
3287.724
3287.724
3283.119
3251.026
3246.422
3246.422
3246.422
3239.305
3253.503
3264.77
3242.584
3255.352
3280.759
3270.782
3270.311
3254.451
3272.032
3058.639
2871.375
2890.844
2892.191
2920.048
2924.089
2938.579
2769.046
2770.668
3348.273
3348.273
3399.756
3394.087
3373.541
3398.744
3391.767
3391.767
3387.116
3424.791
3424.791
3201.435
3205.739
3422.68
3389.657
3391.959
3396.61
3380.099
3380.099
3159.658
3363.587
3363.587
3401.619
3399.619
3388.352
3361.247
3367.962
3365.962
3363.962
3359.311
3353.003
3378.073
3378.073
3340.398
3313.294
3315.256
3326.523
3353.628
3354.099
3343.198
3351.744
3351.744
3357.413
3356.715
3356.715
3388.276
3388.276
3379.381
3388.276
3421.299
3398.66
3396.358
3397.892
3458.555
3458.555
3458.555
3442.695
3445.706
3447.142
3452.811
3452.811
3491.637
3491.637
3483.294
3256.122
3276.418
3279.394
3300.133
3302.003
3099.839
3510.663
3531.209
3533.163
3491.593
3514.233
3515.767
3522.744
3522.744
3522.744
3524.706
3524.706
3531.015
3510.956
3485.753
3481.602
3485.814
3492.791
3492.032
3471.974
3488.823
3488.823
3261.291
3467.11
3518.593
3518.593
3289.12
3291.272
3511.686
3525.645
3295.712
3297.995
3515.39
3286.125
3515.39
3513.087
3283.973
3294.163
3523.291
3530.267
3547.849
3525.209
3525.698
3295.761
3521.477
3543.663
3521.477
3543.663
3543.663
3522.453
3518.233
3518.233
3520.674
3522.209
3531.105
3539.448
3544.052
3551.029
3562.297
3559.593
3559.593
3557.291
3532.221
3532.221
3527.57
3530.273
3539.483
3308.647
3539.483
3539.483
3559.919
3557.965
3555.523
3550.919
3550.919
3544.61
3561.122
3550.448
3552.89
3321.179
3325.125
3526.709
3537.977
3536.023
3305.413
3308.457
3105.898
3109.939
2930.519
2939.346
2779.018
3544.791
3470.253
3479.462
3478.974
3461.392
3470.811
3470.811
3452.439
3434.858
3453.695
3428.491
3427.733
3410.151
3405.93
3407.884
3185.63
3397.884
3385.186
3401.047
3400.884
3391.988
3392.616
3392.616
3171.359
3171.799
3180.114
3224.356
3407.741
3407.741
3413.41
3422.305
3420.305
3416.084
3396.026
3375.968
3375.968
3155.796
3176.535
3211.288
3217.565
3226.913
3451.288
3448.276
3223.389
3447.788
3440.288
3440.288
3435.474
3435.474
3440.125
3436.942
3436.942
3436.942
3441.163
3424.314
3408.453
3400.11
3401.547
3401.547
3385.035
3385.035
3385.035
3406.747
3184.568
3406.747
3406.747
3408.183
3185.91
2990.855
3407.695
3421.892
3400.18
3383.669
3383.669
3416.39
3404.145
3425.858
3405.311
3403.776
3415.044
3414.573
3401.805
3179.948
3185.845
3190.345
3211.508
3435.567
3211.508
3428.549
3204.948
3208.209
3216.524
3019.594
3023.298
3435.387
3211.34
3433.006
3443.68
3450.657
3450.657
3442.314
3447.128
3447.128
3449.57
3436.872
3436.872
3420.023
3411.128
3411.756
3404.256
3404.256
3372.512
3376.724
3387.991
3401.951
3412.852
3450.029
3456.337
3458.779
3233.207
3458.779
3427.218
3427.218
3417.241
3395.055
3426.799
3415.532
3425.299
3437.544
3431.235
3424.52
3415.625
3377.951
3419.52
3437.102
3406.701
3408.663
3411.044
3410.555
3385.352
3347.32
3129.016
2937.444
3347.32
3347.32
3329.738
3332.119
3114.807
3130.633
3330.677
3319.41
3306.642
3090.992
3306.642
3306.642
3327.189
3110.198
3117.209
3125.818
3269.36
3056.141
3266.105
3252.145
3261.913
3261.154
3291.555
3324.276
3338.474
3377.299
3380.483
3362.901
3345.32
3338.605
3277.942
3294.872
3287.372
3274.605
3264.837
3278.797
3278.099
3298.535
3301.791
3086.457
3299.087
3298.924
3083.777
3298.924
3299.413
3270.924
3057.603
3077.429
3086.777
3091.277
2902.015
2907.551
3311.82
3324.064
3311.366
3311.366
3295.506
3308.203
3324.064
3328.715
3335.023
3335.023
3335.023
3366.767
3366.767
3364.767
3366.721
3366.721
3355.453
3355.453
3354.983
3366.25
3366.413
3146.864
3328.738
3345.587
3356.855
3356.384
3334.198
3385.68
3390.669
3395.483
3398.738
3387.471
3380.494
3402.68
3401.145
3411.122
3414.936
3412.936
3412.936
3435.576
3398.398
3415.328
3411.84
3411.84
3411.84
3411.84
3413.802
3413.802
3191.163
3195.663
3203.462
3007.332
2833.832
3408.122
3185.853
3199.125
3417.331
3423.64
3423.64
3401.927
3364.253
3360.765
3363.776
3358.108
3379.317
3384.131
3332.648
3332.648
3115.302
3115.454
3116.041
3116.497
3121.16
3337.381
3353.892
3135.16
3352.358
3133.726
3352.358
3360.701
3377.073
3376.584
3375.826
3406.227
3397.884
3381.035
3364.105
3385.314
3385.151
3384.453
3384.453
3163.728
2970.031
3377.477
3345.916
3285.253
3285.253
3070.997
3264.817
3273.712
3060.209
3273.712
3251.456
3259.799
3257.497
3252.683
3258.991
3249.782
3238.881
3236.927
3220.078
3210.311
3000.943
3149.648
3140.23
3138.267
3138.267
3138.43
3138.267
3131.552
3158.657
2952.658
2962.636
3168.703
3168.703
3167.267
3183.64
3187.453
3184.442
3216.535
3214.233
3212.698
3229.209
3222.192
3199.936
2991.245
3047.951
3068.755
2880.872
3278.203
3295.052
3299.866
3304.087
3314.762
3318.974
3311.858
3260.375
3185.837
3185.837
3188.849
3188.849
3179.081
3185.39
3184.779
3195.68
3195.68
3195.68
3193.238
3195.619
3211.991
3222.666
3208.468
3245.645
3244.209
3032.63
3040.946
3049.554
3257.709
3255.267
3234.831
3224.855
3224.855
3225.017
3229.238
3259.64
3047.054
3251.297
3248.041
3285.218
3290.032
3290.032
3075.465
2887.171
3283.317
3280.305
3276.084
3286.759
3295.654
3279.142
3288.561
3349.224
3340.328
3122.481
3321.956
3382.619
3420.294
3417.852
3418.015
3455.689
3439.317
3453.276
3451.276
3226.193
3451.276
3451.439
3451.439
3226.345
3235.476
3241.372
3448.677
3456.177
3456.177
3230.774
3456.177
3454.642
3464.642
3238.688
3248.035
3252.383
3264.253
3480.724
3253.72
3255.872
3451.465
3451.465
3460.674
3443.093
3556.674
3579.314
3597.686
3597.523
3598.959
3593.291
3595.291
3604.186
3369.13
3162.857
3594.977
3562.256
3329.935
3126.061
3158.686
3159.946
3600.869
3366.03
3600.869
3607.177
3574.456
3582.799
3581.363
3555.956
3572.887
3555.956
3557.491
3552.84
3553.468
3563.235
3544.863
3544.863
3544.863
3538.148
3529.253
3512.323
3534.578
3537.59
3500.413
3497.971
3497.343
3269.255
3497.343
3479.762
3495.622
3499.834
3512.602
3501.927
3524.113
3544.66
3541.477
3524.628
3517.913
3517.424
3288.027
3515.462
3515.462
3513.927
3510.744
3519.953
3519.953
3542.14
3537.919
3537.16
3537.16
3505.416
3502.974
3505.677
3505.677
3508.933
3518.933
3535.782
3546.456
3548.456
3555.956
3559.14
3559.14
3580.349
3583.532
3546.355
3544.919
3544.919
3524.372
3544.919
3506.887
3492.927
3485.951
3483.997
3473.323
3452.887
3452.887
3449.631
3451.933
3426.73
3464.404
3459.59
3461.971
3428.948
3431.328
3431.956
3435.14
3360.602
3141.432
3359.843
3312.515
3310.134
3319.029
3310.686
3319.895
3315.081
3308.105
3308.105
3322.302
3322.791
3318.186
3339.898
3328.997
3111.889
3327.044
3327.044
3110.063
3120.253
3337.945
3337.945
3120.253
2929.217
2944.074
3350.663
3355.314
3368.012
3373.68
3153.658
3154.098
3357.64
3358.398
3358.398
3139.372
3193.774
3228.992
3452.308
3464.552
3460.34
3457.898
3467.108
3458.561
3462.773
3450.076
3487.253
3489.253
3484.602
3423.939
3200.639
3415.044
3408.735
3186.427
3390.363
3410.799
3408.846
3387.134
3387.134
3166.234
3384.43
3417.453
3418.212
3376.642
3156.427
2963.176
3374.262
3368.593
3373.244
3394.453
3414.89
3414.89
3414.89
3404.215
3404.215
3404.215
3392.948
3388.735
3372.224
3311.561
3303.218
3277.811
3064.041
3085.204
3268.89
3266.927
3266.927
3244.288
3282.32
3282.32
3068.255
3230.837
3020.13
3034.957
3230.837
3239.384
3222.872
3223.483
3210.785
3199.517
3204.122
2995.158
3003.473
3004.043
3188.221
3196.564
3205.983
3189.052
3184.448
3201.378
2992.592
2994.818
3202.224
2993.383
3009.209
3012.47
3189.922
3199.34
3203.991
3219.852
3220.48
3227.195
3175.712
3153.073
3169.922
3169.922
3174.142
3148.939
3149.102
3148.474
3160.718
3163.73
3142.52
3153.788
2948.106
2961.155
3167.747
3155.049
3150.235
3150.235
3150.235
3169.073
3171.375
3166.561
3166.561
3170.782
3168.34
3156.096
3151.282
3151.282
3181.683
3188.66
3166.474
3165.846
3169.029
3152.657
3160.157
3165.145
2958.723
2965
3160.593
3160.593
3153.616
3142.942
3180.974
3180.974
3180.503
3184.654
3178.346
3169.799
2963.073
2973.052
3180.474
3190.474
3186.66
3182.448
3160.262
3128.517
3149.064
3121.959
2918.353
3115.651
3128.349
3130.651
3133.355
3144.029
3163.442
3163.442
3161.14
3100.477
3100.477
3114.674
3146.419
3129.488
3124.837
3128.988
3129.747
3154.951
3166.218
3175.637
2968.53
3150.567
3152.52
3164.765
3157.788
3157.788
3164.904
3160.299
3177.23
3179.933
3142.756
2937.793
2957
3163.302
3142.866
3105.192
3136.936
3145.483
3167.738
3168.497
3175.613
3153.427
3153.427
3163.427
3152.526
3150.573
3150.573
3136.375
2931.829
3132.154
3148.015
3148.177
3165.026
3177.27
3174.828
3173.392
3172.765
3158.567
3169.241
3169.241
3169.241
3171.241
2964.421
3149.055
3180.799
3180.637
3205.84
3203.878
3156.549
3144.305
3144.305
3139.701
3100.875
3100.875
3117.247
3125.794
3116.898
3095.689
3073.049
3073.049
3110.724
3110.724
3108.422
3108.422
3089.584
3080.375
3071.48
2871.166
2879.481
2883.418
3078.279
3094.14
3116.395
3114.015
3114.015
3105.672
3105.672
3095.672
3089.363
2887.883
2711.074
2554.666
3075.404
2874.834
3066.509
3088.765
3088.765
3140.247
3136.026
2931.503
2949.649
3155.439
3125.038
3172.366
3181.262
3203.517
3205.052
2996.027
3205.052
3243.084
3031.579
3243.084
3238.27
3027.079
3238.108
3223.91
3225.872
3237.14
3026.022
3226.465
3016.043
3226.465
3224.084
3224.084
3232.631
3225.131
3215.922
3207.026
3238.587
3239.058
3239.058
3234.453
3259.523
3046.946
3248.849
3270.058
3056.793
2869.643
2884.01
3286.43
3280.122
3066.201
3068.353
3280.044
3281.997
3067.954
3279.997
3283.811
3287.067
3072.693
3282.416
3298.927
3298.927
3315.776
3313.776
3310.52
3331.067
3333.067
3310.811
3298.567
3348.93
3130.522
3344.709
3376.453
3401.523
3179.685
3401.052
3389.785
3396.762
3396.762
3415.134
3421.442
3421.442
3407.483
3482.02
3484.462
3468.602
3468.602
3443.532
3425.16
3424.997
3418.02
3396.308
3396.308
3392.096
3170.872
3389.715
3414.785
3440.192
3215.832
3418.983
3418.983
3408.081
3426.453
3422.241
3469.57
3447.384
3222.554
3444.372
3453.267
3228.054
3435.686
3425.919
3202.489
3415.919
3193.141
3208.446
3012.01
2838.24
2683.427
2544.629
2550.19
2424.77
2311.109
2315.348
2315.676
2211.989
3441.773
3217.31
3020.332
3053.707
2877.531
3446.782
3447.541
3468.75
3477.093
3502.163
3498.907
3270.717
3489.698
3457.953
3459.916
3459.916
3456.427
3440.567
3447.683
3222.834
3231.149
3234.193
3459.834
3438.122
3447.017
3416.616
3419.872
3430.773
3463.494
3460.238
3464.459
3464.459
3473.878
3247.321
3464.983
3239.005
3459.994
3471.262
3473.224
3473.224
3463.224
3237.361
3454.328
3446.828
3442.177
3440.741
3423.892
3426.904
3439.672
3419.125
3409.358
3411.311
3188.834
3388.672
3377.997
3384.712
3163.97
3373.445
3405.189
3403.753
3425.465
3427.907
3422.919
3442.977
3465.616
3455.849
3455.09
3455.09
3467.788
3472.009
3486.206
3469.276
3452.904
3453.663
3466.43
3482.291
3465.919
3475.919
3475.919
3471.267
3473.709
3455.337
3455.337
3448.221
3448.221
3452.035
3445.727
3440.058
3436.244
3436.244
3436.244
3436.244
3450.203
3447.02
3409.843
3419.82
3421.782
3382.956
3394.224
3380.265
3397.195
3404.212
3404.212
3182.198
3401.029
3179.223
3199.519
3208.867
3425.241
3201.856
3249.981
3258.296
3467.247
3460.939
3235.226
3460.939
3450.265
3433.753
3433.753
3209.813
3424.858
3426.392
3435.602
3211.541
3014.916
3418.672
3195.715
3396.032
3396.503
3392.282
3392.282
3381.015
3393.259
3372.823
3372.823
3370.86
3370.86
3151.022
3310.198
3310.198
3309.709
3302.209
3289.442
3252.265
3245.956
3257.224
3262.212
3049.459
3262.212
3251.311
3247.099
3230.25
3019.582
3027.38
3228.616
3250.328
3238.084
3245.584
3236.166
3237.701
3237.701
3026.546
3026.986
3047.726
3057.704
3062.367
3063.076
3072.402
3107.155
3320.445
3262.247
3266.061
3276.962
3276.962
3308.706
3339.108
3339.108
3350.375
3350.375
3350.375
3358.718
3139.671
3358.718
3348.718
3349.189
3340.294
3331.747
3114.459
3134.285
3349.773
3344.785
3349.599
3341.256
3342.692
3349.808
3349.32
3130.886
3149.033
3347.02
3338.125
3343.794
3348.782
3348.619
3130.231
3136.753
2944.707
3354.837
3359.049
3139.981
3143.546
3353.445
3134.742
3140.639
3170.141
3391.151
3391.151
3394.334
3172.965
2978.702
3363.933
3354.166
3354.924
3136.125
3354.453
3346.11
3314.549
3098.383
2908.686
3314.549
3098.383
2908.686
2930.804
3336.741
3332.137
3343.038
3359.887
3360.584
3358.203
3365.18
3361.366
3357.215
3357.215
3365.762
3368.465
3370
3380.674
3385.326
3164.543
3347.651
3129.326
3334.953
3334.953
3334.953
3312.698
3323.965
3361.142
3323.468
3323.305
3312.631
3312.631
3296.259
3293.247
3325.968
3325.968
3109.057
2918.707
3324.015
3314.805
3289.602
3296.317
3287.77
3267.224
3267.922
3245.735
3247.689
3237.689
3262.892
3262.73
3049.943
3262.73
3269.706
3269.706
3268.172
3270.552
3057.255
3270.552
3156.971
3166.39
3149.541
3181.634
3181.634
3149.541
3187.215
3245.413
3247.855
3247.855
3036.038
3247.855
3253.523
3041.337
2855.133
2690.413
2543.664
2412.095
2422.621
2423.086
3268.349
3286.721
3279.605
3301.86
3298.849
3320.058
3103.533
3313.75
3097.636
3296.901
3284.203
3258.797
3248.797
3258.215
3245.971
3247.933
3264.305
3253.038
3248.224
3248.224
3257.119
3275.956
3261.759
3239.503
3236.247
3025.188
3035.72
3220.41
3219.782
3218.247
3215.544
3224.753
3187.576
3201.773
3218.703
3219.401
3219.401
3210.506
3201.959
2993.136
3183.122
3183.122
3183.122
3171.855
3141.453
3171.855
3171.855
2964.995
2969.495
2999.168
3208.413
3203.762
3172.017
3172.017
3177.686
3175.724
3178.907
2971.587
3171.93
3140.186
3154.145
3139.948
2935.168
2937.565
2947.755
3150.971
3146.157
3155.366
3155.366
3154.738
2948.995
2957.799
3164.157
3141.517
3155.477
3138.628
3124.669
3141.041
3124.11
3109.913
3109.913
3101.017
2898.777
2905.054
3105.43
3110.244
3121.512
3125.724
3126.483
3126.483
3113.785
3107.477
3109.012
3129.558
3130.186
3092.512
2890.826
2899.63
2901.5
3083.384
2882.293
3083.384
3092.279
3109.86
3109.86
2907.043
2729.061
2746.097
2760.883
2779.936
2619.555
3164.651
3150.692
3139.424
3156.355
3172.727
3163.308
3115.98
3122.695
3113.485
3111.485
2908.563
3102.276
3089.509
3099.509
3099.02
3078.584
3083.573
2882.47
2886.408
2886.848
2710.102
3056.512
2857.174
2880.924
2896.75
2897.321
3082.529
2881.495
3080.576
3088.919
3050.887
3028.701
3011.77
3049.445
3050.073
2851.155
2861.345
3049.706
3067.288
3067.288
3067.288
3085.66
2884.421
2887.465
3078.241
3082.846
3079.663
2878.815
3078.904
3083.555
3053.154
3048.503
3053.491
3103.855
3103.855
3136.576
2932.016
2941.364
2945.31
3129.587
3161.148
3177.52
3177.52
3177.52
3160.59
3167.567
3242.105
3247.093
3247.093
3035.326
3226.547
3209.616
3210.375
3213.387
3003.818
3209.235
3247.267
3249.971
3248.009
3264.52
3301.698
3301.087
3339.119
3121.351
2930.247
3332.404
3346.363
3128.122
2936.605
2939.952
3350.177
3372.433
3371.962
3378.27
3157.948
3378.27
3369.927
3150.149
3362.427
3345.578
3343.137
3343.137
3376.16
3393.009
3395.451
3390.637
3390.637
3411.183
3395.323
3357.648
3358.407
3306.924
3318.192
3318.663
3355.84
3281.302
3318.48
3360.049
3359.291
3359.128
3368.023
3351.651
3333.279
3343.256
3352.151
3347.93
3310.753
3310.753
3315.404
3099.182
3302.706
3302.706
3305.718
3307.68
3302.692
3303.302
3303.302
3308.291
3322.25
3317.262
3316.503
3335.916
3118.356
3335.916
3333.613
3358.817
3327.073
3320.096
3322.058
3322.058
3322.058
3313.715
3316.157
3336.593
3327.174
3334.674
3341.39
3123.473
3334.674
3318.163
3323.831
3107.06
3302.622
3321.459
3311.459
3273.427
3059.943
3262.753
3284.465
3302.837
3299.581
3303.395
3278.192
3271.884
3058.5
3067.63
3076.435
3079.25
3294.081
3079.25
2890.724
2723.952
2734.51
2737.663
2739.286
2745.171
2595.434
3317.741
3313.09
3338.294
3120.579
3122.861
3340.735
3342.689
3342.689
3124.688
3310.596
3330.654
3347.026
3362.887
3400.064
3377.808
3378.436
3387.855
3389.855
3389.855
3385.634
3385.634
3389.855
3380.436
3373.459
3326.131
3304.922
3289.061
3272.212
3276.026
3314.852
3098.666
3102.231
3110.546
2920.105
2751.637
3294.84
3294.23
3301.346
3306.334
3304.334
3308.985
3308.227
3301.11
3301.11
3312.378
3096.353
2906.781
3290.122
3290.122
3075.549
3079.429
2890.893
2899.464
3281.855
3279.892
3279.892
3277.59
3274.578
3242.834
3317.372
3310.657
3278.913
3283.564
3069.418
3283.564
3277.256
3315.288
3099.073
3109.264
3121.198
3338.956
3121.198
3129.514
3329.48
3309.422
3309.422
3271.39
3058.038
3260.715
3260.715
3255.901
3287.994
3283.773
3297.733
3286.465
3072.13
3264.753
3264.753
3051.834
3056.497
3058.78
3059.236
3222.308
3220.006
3218.471
3232.43
3250.012
3250.012
3234.151
3209.081
2999.793
2816.133
3186.826
3186.826
3198.093
3173.023
3176.837
3176.837
3199.023
3199.023
3192.047
3195.535
3196.023
3197.985
3196.032
3196.032
3233.209
3230.506
3247.355
3264.203
3264.203
3271.32
3250.773
3250.61
3260.61
3244.75
3244.75
3247.131
3244.427
3232.183
3232.183
3229.619
3224.968
3224.968
3245.515
3253.858
3270.369
3057.084
2869.916
3270.369
3280.369
3280.369
3277.666
3266.991
3053.927
3060.579
3273.349
3273.349
3282.244
3282.244
3296.203
3258.172
3277.584
3258.172
3226.61
3222.797
3218.983
3218.983
3235.355
3256.564
3242.605
3245.308
3225.895
3226.593
3226.593
3233.61
3233.61
3229.39
3229.39
3236.366
3261.57
3286.773
3311.843
3313.797
3313.797
3323.773
3332.983
3333.453
3332.695
3355.334
3354.576
3135.799
3155.005
3358.273
3358.273
3139.255
3140.598
3155.902
3357.244
3332.174
3337.843
3343.512
3353.512
3359.18
3365.488
3356.07
3356.767
3356.767
3365.663
3146.163
3357.32
3138.364
3340.948
3123.06
3338.985
3316.73
3279.552
3301.265
3085.965
3301.265
3320.102
3320.102
3320.102
3327.078
3332.067
3332.067
3324.567
3322.613
3326.427
3109.486
3304.715
3299.047
3337.872
3338.631
3319.218
3309.799
3093.943
3293.939
3303.358
3294.462
3314.52
3315.148
3306.253
3090.628
3305.782
3090.188
3100.72
2910.88
3291.98
3291.282
3291.282
3076.633
3288.099
3288.099
3288.099
3266.89
3255.622
3246.727
3267.163
3054.087
3267.163
3278.064
3281.247
3277.035
3297.471
3335.145
3117.636
3335.145
3335.145
3356.858
3394.89
3173.484
3188.31
3393.169
3171.875
3180.679
2985.944
3402.587
3400.145
3406.453
3408.407
3409.166
3409.637
3187.269
2992.13
3407.195
3398.648
3405.666
3383.41
3162.753
3372.509
3381.404
3160.878
3381.404
3390.299
3399.718
3362.541
3143.245
3166.804
3182.109
3393.215
3380.448
3377.192
3389.959
3389.959
3367.32
3356.052
3351.401
3321
3311
3301.023
3301.023
3280.477
3270.5
3251.663
3235.291
3235.291
3198.113
3197.642
3197.642
3197.642
3190.666
3177.898
3177.898
3156.689
3156.689
3156.689
3151.701
3151.701
3131.154
3093.48
3086.363
3075.462
3069.794
3059.794
3055.98
3045.078
3037.962
3012.759
3008.945
3004.733
3004.244
3004.244
2987.872
2981.157
2981.157
2980.529
2966.57
2952.372
2945.256
2945.256
2945.256
2942.814
2941.279
2930.378
2910.965
2905.977
2905.977
2897.081
2864.36
2864.36
2852.116
2843.57
2843.57
2843.57
2843.57
2837.901
2828.692
2823.703
2786.526
2786.526
2761.456
2761.456
2803.026
2808.695
2817.904
2822.892
2834.16
2649.323
2672.758
2509.12
2858.532
2836.82
2836.82
2836.349
2836.349
2834.814
2828.099
2827.471
2826.86
2826.86
2826.86
2826.86
2812.663
2812.663
2796.291
2787.081
2770.233
2753.86
2721.767
2717.116
2665.634
2661.422
2657.608
2650.631
2643.613
2639.392
2637.858
2637.858
2637.858
2627.881
2609.509
2598.241
2588.241
2578.241
2576.288
2573.846
2564.427
2553.16
2536.648
2530.98
2522.637
2514.294
2504.294
2504.294
2500.48
2500.48
2479.933
2479.933
2468.666
2468.666
2460.323
2460.323
2443.392
2443.392
2432.125
2427.137
2426.648
2426.648
2426.648
2423.945
2402.233
2384.651
2383.215
2325.017
2283.448
2279.235
2270.026
2260.049
2238.84
2229.422
2218.154
2218.154
2217.395
2215.433
2193.247
2193.247
2193.247
2192.776
2190.776
2185.108
2185.108
2166.735
2166.735
2166.735
2166.735
2166.735
2157.84
2157.84
2148.073
2110.041
2101.145
2099.709
2099.709
2099.709
2083.337
2066.965
2066.965
2028.14
2028.14
2011.209
2011.209
2011.209
1986.14
1986.14
1948.108
1942.439
1925.59
1925.59
1904.381
1900.16
1900.16
1893.183
1888.195
1885.814
1880.145
1880.145
1880.145
1880.145
1878.183
1852.98
1839.02
1835.765
1830.951
1824.642
1802.93
1798.279
1787.378
1785.416
1769.555
1769.555
1764.567
1726.892
1691.696
1691.696
1689.688
1680.58
1659.545
1652.67
1652.67
1651.893
1626.089
1626.238
1626.238
1623.741
1619.741
1619.082
1602.448
1549.628
1547.579
1547.579
1526.146
1504.713
1502.665
1502.665
1479.893
1446.601
1444.04
1441.982
1441.25
1441.25
1402.259
1401.765
1384.009
1349.692
1346.534
1362.447
1357.497
1357.497
1347.372
1267.244
1296.228
1286.42
1245.429
1233.41
1218.019
1210.173
1204.673
1176.885
1149.096
1149.096
1144.891
1137.487
1129.641
1094.843
1094.843
1094.843
1094.843
1088.593
1087.756
1087.756
1087.756
1086.987
1105.171
1105.171
1102.112
1097.796
1095.033
1099.395
1069.868
1067.544
1061.747
1074.566
1044.462
1044.462
1019.92
998.92
953.493
944.535
944.535
943.628
942.899
922.139
922.139
916.011
916.011
919.717
919.717
922.292
922.292
922.292
909.564
905.64
884.307
867.67
867.67
867.67
862.701
849.67
849.67
836.64
811.68
799.305
793.055
766.102
762.992
758.153
774.383
791.733
815.121
800.656
818.977
818.977
818.977
834.899
829.918
815.207
815.207
846.975
831.675
819.675
818.865
836.109
836.109
828.672
828.672
827.547
811.609
782.276
782.276
782.276
757.266
757.266
757.266
759.582
766.824
766.824
722.574
722.482
734.381
693.881
646.263
626.132
582.197
573.566
552.25
536.368
536.368
520.487
519.066
519.066
519.066
519.066
519.066
546.236
486.028
486.028
455.528
434.278
434.278
434.278
434.278
431.324
379.632
379.632
379.632
337.015
351.516
262.766
247.531
231.733
120.607
120.607
120.607
105.286
82.923
0
